0.9200 	 0.3968 	 0.0002 	 6.2877 	 -0.8240 	 0.0000 	 4.7269 	 783.0415 	 1.4807 	 0.3006 	 4.9724 	 7.3238 	 0.4510 	 0.0000 	 1.4264 	 0.0000 
0.5440 	 2.1223 	 2.6160 	 4.4464 	 7.6788 	 0.0000 	 3.0693 	 811.9748 	 1.0362 	 4.6358 	 5.5978 	 8.2612 	 -0.7760 	 0.0000 	 0.6803 	 0.0005 
0.4659 	 0.3534 	 0.0000 	 6.5391 	 -1.4859 	 0.0000 	 4.3585 	 778.8686 	 0.2651 	 2.8313 	 3.1112 	 9.8759 	 3.5680 	 0.0000 	 2.5516 	 0.0000 
1.1473 	 0.9579 	 6.2310 	 7.6181 	 0.4232 	 0.0000 	 0.0117 	 787.5613 	 0.5577 	 4.0382 	 4.0789 	 -4.4069 	 1.9416 	 0.0000 	 0.4714 	 0.0002 
0.2715 	 2.4049 	 2.3779 	 4.8145 	 2.8467 	 0.0000 	 3.0440 	 817.1308 	 1.0535 	 2.0406 	 2.9213 	 5.2753 	 1.3164 	 0.0000 	 0.6077 	 0.1735 
0.8781 	 1.1821 	 13.0702 	 8.6504 	 1.6066 	 0.0000 	 0.0000 	 811.9948 	 0.8641 	 3.3679 	 3.9859 	 0.1393 	 4.7131 	 0.0000 	 0.1140 	 0.0007 
1.1542 	 1.2122 	 5.2436 	 4.6333 	 4.0692 	 0.0000 	 2.8193 	 794.8949 	 1.5935 	 0.8283 	 6.6381 	 6.5023 	 1.9507 	 0.0000 	 2.2652 	 0.0086 
0.9078 	 0.9536 	 6.8806 	 9.3902 	 0.5799 	 0.0000 	 0.0001 	 790.0751 	 0.7538 	 2.8512 	 4.0954 	 -6.8889 	 3.4062 	 0.0000 	 0.0379 	 0.0000 
1.7000 	 1.2872 	 0.7136 	 4.1713 	 3.6851 	 0.0000 	 2.8430 	 775.9959 	 1.5949 	 3.2293 	 1.5903 	 7.0534 	 -4.0820 	 0.0000 	 0.1667 	 0.0180 
1.4723 	 0.9174 	 5.2955 	 5.1995 	 0.7018 	 0.0000 	 0.3021 	 804.4185 	 0.5205 	 4.7318 	 5.8191 	 0.2630 	 -1.8062 	 0.0000 	 0.5254 	 0.0245 
0.6065 	 0.4189 	 0.0000 	 6.2958 	 8.6113 	 0.0000 	 4.6033 	 785.3604 	 1.8506 	 1.8762 	 3.1100 	 -1.6654 	 4.0829 	 0.0000 	 2.5921 	 1.0463 
0.7632 	 0.4864 	 0.0031 	 6.3219 	 -1.6174 	 0.0000 	 4.9814 	 788.5954 	 0.7970 	 0.7159 	 0.7764 	 3.0940 	 0.2666 	 0.0000 	 2.5665 	 0.0000 
0.5722 	 0.5071 	 0.0051 	 6.7451 	 -2.9836 	 0.0000 	 4.5975 	 769.3269 	 0.3270 	 4.0629 	 8.1018 	 -7.8464 	 -2.4173 	 0.0000 	 0.7544 	 0.0001 
0.5073 	 2.2921 	 6.0335 	 5.2945 	 4.7494 	 0.0000 	 3.3286 	 819.9914 	 1.5483 	 1.2385 	 0.4118 	 -7.7368 	 -3.3079 	 0.0000 	 2.1888 	 0.0088 
1.5741 	 1.2621 	 0.3450 	 4.2325 	 4.9112 	 0.0000 	 2.9877 	 783.3520 	 0.5931 	 1.7809 	 7.2892 	 -8.7009 	 1.4965 	 0.0000 	 0.1314 	 0.0163 
1.5546 	 1.0082 	 4.7144 	 3.5215 	 1.3967 	 0.0000 	 0.0000 	 803.1198 	 1.6585 	 2.2471 	 5.1569 	 8.9455 	 3.2513 	 0.0000 	 0.3651 	 0.0020 
0.0017 	 -0.5282 	 4.7049 	 7.0624 	 -7.2275 	 1.0629 	 1.3052 	 748.5355 	 1.9366 	 0.7941 	 2.8039 	 -9.6709 	 -3.0685 	 2.6846 	 -13.3090 	 0.1732 
0.0004 	 -0.3329 	 3.9878 	 3.3424 	 0.3475 	 1.7685 	 1.3118 	 745.9482 	 0.1022 	 -6.7322 	 6.2087 	 -1.7916 	 2.5495 	 -0.6709 	 -9.9415 	 0.0001 
0.0074 	 -0.4417 	 8.0008 	 2.7565 	 -1.0419 	 1.8592 	 1.3284 	 753.5684 	 0.5156 	 -4.2481 	 9.1845 	 4.5609 	 2.7653 	 -2.0450 	 1.0972 	 0.0002 
0.0000 	 -0.0288 	 7.0158 	 5.3495 	 0.8081 	 0.5331 	 -0.8774 	 739.4692 	 1.6972 	 -1.9204 	 0.6595 	 4.9263 	 0.4905 	 0.7012 	 -11.5160 	 0.0015 
0.6931 	 0.0778 	 4.1617 	 2.1764 	 0.3964 	 1.0080 	 -6.0765 	 725.5201 	 1.9790 	 0.2950 	 9.5118 	 2.5826 	 -2.1049 	 1.6442 	 -10.2914 	 0.0003 
0.6931 	 -0.1185 	 5.0039 	 0.4521 	 0.2070 	 1.8843 	 1.0073 	 751.6625 	 1.8125 	 0.8968 	 5.9350 	 8.7701 	 1.7914 	 -1.4765 	 -4.3944 	 0.0003 
1.0988 	 0.2605 	 2.9255 	 1.6893 	 0.6033 	 1.1569 	 -0.2368 	 764.9380 	 1.9661 	 -4.6587 	 4.3071 	 8.5118 	 1.9664 	 -2.7385 	 -12.4484 	 0.0126 
0.0007 	 -0.0925 	 4.4311 	 3.8380 	 1.8165 	 0.8743 	 0.9137 	 746.6745 	 1.7140 	 -5.1245 	 8.7688 	 1.6557 	 -4.8984 	 0.3487 	 -12.9628 	 0.0001 
0.7133 	 0.1333 	 4.4262 	 2.1883 	 0.4868 	 0.8726 	 -1.7594 	 733.0951 	 1.7932 	 -2.4339 	 3.1829 	 -9.1613 	 -2.6092 	 -1.1015 	 -4.0518 	 0.0247 
0.0000 	 -0.2254 	 0.7857 	 2.3406 	 3.7909 	 1.6033 	 1.0452 	 737.7082 	 1.9481 	 -0.3880 	 5.0315 	 5.4090 	 -4.5378 	 2.6579 	 -11.6408 	 0.0001 
