2.1972 	 0.0189 	 0.9999 	 0.3541 	 1.4642 	 4.2891 	 1.0443 	 10.0000 	 2.5282 	 1.9373 	 1.0859 	 705.9317 	 0.4497 	 0.4910 	 0.6941 	 0.0177 	 14.7937 	 3.2412 	 6.0132 	 2.8498 	 -1.0462 	 1.3722 	 0.5550 	 0.0007 
0.2890 	 0.0010 	 0.0069 	 0.1815 	 1.0013 	 10.0000 	 10.0000 	 8.5503 	 8.1709 	 0.9521 	 1.4263 	 1114.7524 	 3.0282 	 0.3523 	 0.8144 	 0.8846 	 12.0359 	 1.6528 	 9.2544 	 1.6267 	 0.6380 	 1.8896 	 -1.5167 	 0.2182 
3.3007 	 0.0013 	 0.0219 	 0.8528 	 5.1888 	 3.7936 	 7.2338 	 0.9763 	 7.6170 	 2.2956 	 1.4619 	 810.0683 	 2.8081 	 0.9289 	 0.6175 	 0.4188 	 2.4056 	 4.5158 	 4.3160 	 2.6240 	 -2.4051 	 2.2937 	 -3.4715 	 0.0788 
1.9501 	 0.0011 	 0.8014 	 0.4135 	 45.9014 	 7.3097 	 8.7832 	 5.8558 	 3.7900 	 3.0107 	 1.2701 	 729.9449 	 2.0431 	 0.0720 	 0.3786 	 0.4663 	 1.5650 	 6.4992 	 8.4269 	 1.5556 	 -2.0194 	 0.2957 	 -3.2172 	 0.0008 
1.6096 	 0.0054 	 0.0755 	 0.0903 	 10.4992 	 2.0111 	 0.8035 	 9.9952 	 2.8318 	 0.0881 	 1.0971 	 708.6703 	 0.9405 	 0.8551 	 0.0058 	 0.3110 	 7.5332 	 6.5661 	 9.9881 	 1.0535 	 -1.1199 	 -2.5014 	 -4.1823 	 0.0025 
3.4012 	 0.0019 	 0.0430 	 0.4718 	 30.9883 	 5.0433 	 7.0623 	 5.7545 	 3.8253 	 10.7544 	 1.2493 	 729.9753 	 2.1903 	 0.8700 	 0.6199 	 0.6743 	 13.8002 	 7.2999 	 6.0715 	 2.8751 	 -0.3833 	 -2.6557 	 -0.5039 	 0.0018 
2.3981 	 0.0015 	 0.2020 	 0.0182 	 11.1575 	 1.9156 	 0.7170 	 10.0000 	 2.8025 	 0.0645 	 1.0968 	 707.9721 	 2.8709 	 0.1128 	 0.0465 	 0.5835 	 9.0977 	 4.4025 	 9.9412 	 0.1700 	 1.7868 	 0.8845 	 -2.0567 	 0.0014 
2.2022 	 0.0038 	 0.2393 	 0.4339 	 1.0007 	 4.1192 	 1.1401 	 9.8089 	 3.2094 	 0.8877 	 1.0712 	 704.3199 	 2.6913 	 0.6889 	 0.8158 	 0.6558 	 7.9593 	 3.5330 	 4.6686 	 2.5615 	 1.2636 	 -2.8794 	 -4.6029 	 0.0024 
2.0807 	 0.0265 	 0.0238 	 0.9923 	 12.8802 	 5.2662 	 1.3057 	 9.9889 	 2.9988 	 2.1085 	 1.0848 	 705.4104 	 3.3911 	 0.4013 	 0.8210 	 0.7728 	 10.0121 	 4.5569 	 5.1587 	 1.4361 	 1.8588 	 -2.0119 	 -11.9951 	 0.0097 
1.6106 	 0.0046 	 0.1348 	 0.6118 	 3.1015 	 3.6136 	 1.1866 	 9.3097 	 2.9899 	 1.1150 	 1.1021 	 704.5063 	 0.8392 	 0.5296 	 0.1896 	 0.9712 	 1.7848 	 1.0556 	 5.6957 	 0.9557 	 1.1443 	 0.4944 	 -3.7240 	 0.0024 
0.9478 	 0.0041 	 0.0029 	 0.0829 	 1.2992 	 4.0021 	 0.0000 	 1.7115 	 7.0457 	 8.2714 	 1.4570 	 1115.0530 	 1.4962 	 0.0890 	 0.1753 	 0.9703 	 3.9828 	 1.0812 	 4.8542 	 0.9989 	 1.6850 	 -2.2603 	 -11.8612 	 0.0000 
3.2686 	 0.0041 	 0.0017 	 0.5329 	 46.7627 	 4.7098 	 0.9832 	 9.9957 	 3.0529 	 1.0002 	 1.0920 	 704.3003 	 0.0387 	 0.8697 	 0.7748 	 0.4101 	 9.5377 	 6.7517 	 4.3429 	 1.4940 	 -2.8708 	 0.3581 	 -11.4071 	 0.0025 
1.0987 	 0.0865 	 0.8121 	 0.9374 	 1.0284 	 3.8082 	 2.9399 	 9.1526 	 3.5988 	 1.6355 	 1.0598 	 711.1076 	 2.6819 	 0.0631 	 0.7200 	 0.8218 	 11.4098 	 3.9673 	 3.9949 	 2.1367 	 1.6380 	 0.6583 	 -8.6095 	 0.0050 
2.3027 	 0.1361 	 0.2863 	 0.4504 	 17.7625 	 9.9960 	 6.5773 	 5.7272 	 3.8908 	 1.3224 	 1.2592 	 729.8478 	 3.1813 	 0.8766 	 0.6351 	 0.8607 	 3.4065 	 6.8049 	 6.3679 	 0.4969 	 -2.4929 	 0.3481 	 -6.3527 	 0.0002 
1.6100 	 0.0251 	 0.2096 	 1.0000 	 1.9848 	 4.4316 	 1.4464 	 10.0000 	 3.0178 	 2.0395 	 1.0750 	 705.2362 	 1.8730 	 0.1548 	 0.8659 	 0.7223 	 1.5835 	 8.1099 	 9.8753 	 0.4101 	 -2.7880 	 -1.7748 	 -3.3345 	 0.0086 
3.2581 	 0.0050 	 0.7096 	 0.0505 	 2.6184 	 3.2707 	 0.9172 	 10.0000 	 2.8274 	 0.4117 	 1.0918 	 707.6852 	 1.2156 	 0.4572 	 0.1909 	 0.5286 	 12.3784 	 9.8975 	 0.9511 	 2.2981 	 1.9208 	 -1.1970 	 -10.4183 	 0.0005 
2.3922 	 0.0092 	 0.0746 	 0.1940 	 4.1862 	 4.0897 	 1.3401 	 8.8308 	 3.7770 	 0.1794 	 1.1175 	 710.0187 	 2.8371 	 0.7480 	 0.6179 	 0.4224 	 10.7450 	 4.6314 	 1.6307 	 2.4817 	 1.5564 	 -0.2619 	 -5.2439 	 0.0016 
2.1969 	 0.0017 	 0.8843 	 0.0119 	 26.7390 	 0.4692 	 0.6243 	 9.9965 	 1.5442 	 0.0371 	 1.0874 	 707.9185 	 1.2017 	 0.1044 	 0.2885 	 0.1814 	 9.5081 	 1.8503 	 5.8632 	 0.7618 	 -1.4224 	 -2.9180 	 -5.3064 	 0.0016 
0.6941 	 0.0134 	 0.9183 	 0.0914 	 25.3187 	 0.7025 	 2.9238 	 8.6024 	 3.8289 	 0.0000 	 1.1027 	 711.1728 	 1.4351 	 0.4015 	 0.3737 	 0.6665 	 11.7340 	 1.6383 	 5.2208 	 0.4435 	 -0.5269 	 0.0000 	 -5.7617 	 0.0048 
1.6095 	 0.0359 	 1.0000 	 0.5671 	 1.0141 	 4.2808 	 1.2318 	 10.0000 	 2.7729 	 1.9335 	 1.0785 	 705.6533 	 3.2819 	 0.5678 	 0.4821 	 0.0929 	 1.7592 	 3.0084 	 4.0523 	 2.9799 	 -2.1343 	 2.4662 	 0.8461 	 0.0010 
2.1978 	 0.4405 	 0.5217 	 0.8387 	 28.9826 	 10.0000 	 5.3613 	 10.0000 	 3.9585 	 2.5853 	 1.1021 	 725.2427 	 1.4916 	 0.1658 	 0.3566 	 0.9381 	 2.8056 	 3.2927 	 8.9666 	 2.5798 	 -0.8272 	 2.0975 	 0.3359 	 0.0041 
2.5648 	 0.0092 	 0.3032 	 0.0579 	 1.0144 	 1.6889 	 0.7895 	 10.0000 	 2.8989 	 0.0475 	 1.0989 	 708.5706 	 1.8132 	 0.4123 	 0.1738 	 0.9479 	 8.5014 	 6.6901 	 0.5871 	 2.8694 	 -2.3281 	 2.0028 	 -5.0551 	 0.0009 
2.8328 	 0.0217 	 0.3875 	 0.0174 	 1.2966 	 0.4296 	 0.9471 	 9.9968 	 3.0050 	 0.0000 	 1.0846 	 710.1225 	 0.7439 	 0.9519 	 0.0317 	 0.0196 	 14.6497 	 0.2412 	 1.8016 	 1.2967 	 1.1117 	 0.0000 	 -5.6660 	 0.0012 
3.3339 	 0.0024 	 0.0179 	 0.0122 	 5.9381 	 1.2431 	 0.8755 	 10.0000 	 3.5973 	 0.0000 	 1.1102 	 712.4244 	 0.6405 	 0.8398 	 0.1992 	 0.0650 	 4.3857 	 8.2913 	 3.3705 	 2.5632 	 -1.4425 	 0.0000 	 -11.1251 	 0.0024 
3.2945 	 0.9464 	 0.9956 	 1.0000 	 3.3554 	 5.8917 	 8.2851 	 0.0000 	 6.5977 	 0.0000 	 1.5431 	 792.3074 	 2.7167 	 0.3270 	 0.9666 	 0.6551 	 2.3988 	 6.3372 	 9.7953 	 0.4895 	 -0.3460 	 0.0000 	 0.3506 	 0.0517 
2.7082 	 0.0766 	 0.2698 	 0.0421 	 50.0000 	 6.9936 	 4.5621 	 9.5757 	 4.0353 	 0.0000 	 1.0877 	 726.5169 	 0.0759 	 0.0191 	 0.7198 	 0.5605 	 13.9171 	 0.7785 	 7.2254 	 0.2646 	 -2.6929 	 0.0000 	 -2.2168 	 0.0023 
2.9469 	 0.0024 	 0.0098 	 0.0155 	 16.5427 	 1.6126 	 0.8487 	 9.9998 	 3.5203 	 0.0000 	 1.1083 	 712.6130 	 0.5750 	 0.2814 	 0.7407 	 0.2081 	 5.6174 	 2.2040 	 5.5031 	 2.0241 	 -2.9979 	 0.0000 	 -12.6383 	 0.0026 
2.3025 	 0.0015 	 0.3931 	 0.0244 	 1.0852 	 3.4731 	 1.1638 	 9.9984 	 3.8562 	 0.0000 	 1.1115 	 713.2316 	 1.3713 	 0.6245 	 0.5310 	 0.7115 	 9.1303 	 3.3346 	 6.4859 	 2.9064 	 2.6697 	 0.0000 	 -12.3846 	 0.0025 
1.9457 	 0.0299 	 0.1052 	 0.0478 	 15.3551 	 0.5172 	 1.8738 	 8.1163 	 3.6255 	 0.0000 	 1.1097 	 711.5916 	 3.0415 	 0.8275 	 0.1959 	 0.8708 	 4.0768 	 9.6316 	 7.2815 	 1.8662 	 0.1436 	 0.0000 	 -0.8160 	 0.0014 
