2.9947 	 0.0231 	 0.0249 	 0.9742 	 1.5183 	 0.2514 	 9.6408 	 3.6387 	 2.1314 	 -0.1526 	 0.3700 	 786.0036 	 1.8551 	 0.2296 	 0.9364 	 0.8034 	 1.4115 	 2.5761 	 7.9733 	 0.1512 	 -1.2655 	 2.5071 	 -0.9420 	 0.0040 
1.0989 	 0.0078 	 0.9940 	 0.2956 	 1.8891 	 6.9476 	 8.9754 	 2.0712 	 4.9744 	 -0.0527 	 0.6827 	 799.2863 	 1.4437 	 0.2743 	 0.0228 	 0.2322 	 1.5565 	 3.5026 	 5.2908 	 1.7961 	 -1.5545 	 -0.7895 	 -12.6273 	 0.0005 
2.3006 	 0.0079 	 0.0589 	 0.2349 	 1.0006 	 0.2165 	 5.4101 	 3.7054 	 2.5747 	 -0.1083 	 0.3283 	 783.1474 	 0.1683 	 0.8429 	 0.9376 	 0.6593 	 7.9939 	 6.4601 	 7.0163 	 2.0324 	 -2.5512 	 -1.9428 	 -1.0318 	 0.0056 
2.9423 	 0.0103 	 0.0013 	 0.8756 	 21.0426 	 8.6551 	 4.1694 	 2.1815 	 4.9803 	 -0.2261 	 0.6866 	 799.5008 	 0.2387 	 0.2080 	 0.8264 	 0.1154 	 10.4067 	 1.2363 	 6.2085 	 0.3482 	 -2.7036 	 -0.7037 	 -13.7999 	 0.0015 
1.6091 	 0.1560 	 0.0245 	 1.0000 	 12.2429 	 0.3519 	 7.8821 	 3.4816 	 2.4102 	 -0.1796 	 0.3312 	 786.2993 	 3.2236 	 0.5939 	 0.8695 	 0.1670 	 10.7265 	 2.5021 	 6.8671 	 0.9526 	 2.0324 	 1.6545 	 -9.6336 	 0.0051 
2.0751 	 0.0010 	 0.9898 	 0.0799 	 1.0143 	 6.2816 	 0.4714 	 0.5724 	 4.8477 	 -0.1512 	 0.6876 	 799.1924 	 0.7503 	 0.0370 	 0.4021 	 0.0837 	 11.5180 	 1.6185 	 8.5165 	 1.7209 	 1.7294 	 2.9001 	 -2.8464 	 0.0002 
2.2646 	 0.0126 	 0.0044 	 0.7313 	 13.8303 	 0.3901 	 7.6810 	 3.3599 	 2.6034 	 -0.1525 	 0.3122 	 784.5116 	 2.5990 	 0.8702 	 0.7464 	 0.7122 	 5.9157 	 1.2155 	 4.8141 	 2.9336 	 -2.8151 	 -1.8449 	 -0.6703 	 0.0020 
2.9347 	 0.0138 	 0.0146 	 0.9934 	 2.0510 	 0.6020 	 1.9372 	 4.5031 	 2.3296 	 -0.1675 	 0.3050 	 781.7171 	 0.8116 	 0.7522 	 0.0689 	 0.1688 	 4.4095 	 6.5667 	 5.1767 	 0.3077 	 2.8195 	 0.1205 	 -13.5119 	 0.0055 
0.6943 	 0.0114 	 0.0216 	 0.9903 	 13.7035 	 0.3828 	 6.7391 	 3.4701 	 2.3038 	 -0.2587 	 0.3663 	 785.2946 	 1.7898 	 0.0907 	 0.9133 	 0.9531 	 10.9491 	 0.1765 	 5.6170 	 2.7328 	 1.7875 	 2.2606 	 -9.0903 	 0.0030 
1.3909 	 0.0155 	 0.1137 	 0.8938 	 1.1679 	 0.4832 	 4.6042 	 3.4049 	 2.7322 	 -0.1288 	 0.3050 	 784.9593 	 2.9185 	 0.5443 	 0.5177 	 0.2354 	 9.8092 	 9.8201 	 5.3111 	 2.0832 	 -1.6749 	 0.5549 	 -7.4837 	 0.0066 
1.3899 	 0.0121 	 0.0050 	 0.2435 	 35.0910 	 4.5926 	 2.7749 	 1.3432 	 4.9943 	 -0.1029 	 0.6876 	 799.5292 	 0.6725 	 0.8516 	 0.2164 	 0.9997 	 6.6262 	 4.1087 	 7.6450 	 1.9089 	 -2.5624 	 -1.6917 	 -0.0365 	 0.0016 
1.9447 	 0.0062 	 0.0322 	 0.5544 	 2.1780 	 8.7089 	 5.0553 	 1.7004 	 5.0125 	 -0.0405 	 0.6874 	 799.5487 	 0.4547 	 0.4823 	 0.2451 	 0.8274 	 7.5447 	 0.0602 	 0.9504 	 2.6516 	 -0.9415 	 -2.4561 	 -0.8203 	 0.0011 
1.0980 	 0.0094 	 0.0964 	 0.6573 	 1.9198 	 3.1224 	 7.1923 	 1.4910 	 4.9426 	 -0.2043 	 0.6795 	 799.4316 	 1.1716 	 0.5837 	 0.2925 	 0.0069 	 2.7879 	 2.8117 	 9.6110 	 2.8193 	 -1.5358 	 0.1563 	 -3.1260 	 0.0012 
0.6948 	 0.0143 	 0.4374 	 0.1863 	 3.8793 	 9.0931 	 0.0973 	 4.2264 	 2.8832 	 -0.1414 	 0.6770 	 798.8789 	 3.1117 	 0.0677 	 0.4623 	 0.0176 	 4.3857 	 0.8489 	 6.6956 	 1.0855 	 1.4856 	 1.1889 	 -13.1465 	 0.0013 
2.0845 	 0.0111 	 0.0051 	 0.0851 	 16.4371 	 9.9151 	 6.7236 	 5.9507 	 4.9987 	 -0.0375 	 0.6895 	 799.6307 	 0.3476 	 0.5965 	 0.8168 	 0.2745 	 10.2095 	 8.9940 	 0.6937 	 1.0620 	 -0.5738 	 1.7566 	 -4.9685 	 0.0010 
1.0997 	 0.0016 	 1.0000 	 0.0677 	 3.0053 	 6.5827 	 7.0339 	 2.7884 	 4.9826 	 -0.1357 	 0.6839 	 799.3847 	 0.1763 	 0.6405 	 0.6757 	 0.6455 	 14.0385 	 1.8314 	 3.8609 	 2.5434 	 -2.6287 	 0.8081 	 -9.8831 	 0.0003 
1.0990 	 0.0021 	 0.5766 	 1.0000 	 1.0001 	 0.3229 	 5.0878 	 5.5061 	 -0.1418 	 -8.3763 	 0.5584 	 877.0639 	 1.5692 	 0.5160 	 0.1794 	 0.3216 	 11.1529 	 2.0312 	 2.2191 	 1.9135 	 -1.3261 	 -2.1523 	 -11.6635 	 0.0039 
0.0531 	 0.1187 	 0.2936 	 0.8544 	 2.2658 	 6.6170 	 3.9196 	 1.9574 	 5.0232 	 -0.0614 	 0.6900 	 802.3028 	 0.5748 	 0.0311 	 0.7899 	 0.3586 	 6.4961 	 4.9607 	 5.7169 	 0.9174 	 0.3151 	 1.8127 	 -5.2795 	 0.0092 
1.0992 	 0.0146 	 0.2788 	 0.4061 	 1.0321 	 4.3600 	 5.0722 	 0.0000 	 5.0120 	 -0.1544 	 0.6896 	 799.5757 	 2.4839 	 0.4838 	 0.3789 	 0.6935 	 14.8257 	 4.6720 	 6.9285 	 0.9949 	 -2.6111 	 -2.7732 	 -6.6412 	 0.0006 
3.2593 	 0.0117 	 0.0041 	 0.6654 	 5.3929 	 0.3383 	 7.0150 	 3.4287 	 2.4900 	 -0.1503 	 0.3236 	 784.3043 	 2.0708 	 0.8275 	 0.7396 	 0.4240 	 3.3713 	 5.5756 	 0.0724 	 2.5404 	 -1.1482 	 0.0573 	 -2.8476 	 0.0022 
0.7787 	 0.0157 	 0.0213 	 0.0031 	 9.9148 	 8.6908 	 6.3691 	 2.5937 	 4.7838 	 -6.5870 	 0.5864 	 1181.1676 	 0.4733 	 0.5892 	 0.0416 	 0.4789 	 6.7071 	 8.0079 	 5.4586 	 1.9822 	 0.2907 	 -0.7864 	 -8.3454 	 0.0055 
2.0800 	 0.0102 	 0.0489 	 0.3637 	 1.6610 	 7.7577 	 9.6478 	 2.6361 	 4.9879 	 -0.1241 	 0.6862 	 799.4313 	 0.8908 	 0.7261 	 0.1393 	 0.2128 	 12.7703 	 0.8917 	 6.8658 	 2.9894 	 0.4476 	 2.8141 	 -3.5758 	 0.0007 
1.4733 	 0.2292 	 0.0010 	 0.1891 	 1.5409 	 9.9316 	 5.4417 	 2.5800 	 5.0101 	 0.0000 	 0.6987 	 801.6082 	 0.0730 	 0.5563 	 0.5959 	 0.8099 	 8.8062 	 8.2882 	 4.1232 	 2.1528 	 0.4642 	 0.0000 	 -2.2216 	 0.0284 
2.6748 	 0.6213 	 0.0011 	 0.0013 	 3.7916 	 1.8231 	 5.9424 	 1.1014 	 4.9980 	 0.0000 	 0.6717 	 805.2982 	 1.3710 	 0.9978 	 0.4598 	 0.7761 	 10.0396 	 1.8665 	 5.4967 	 0.1099 	 -1.7929 	 0.0000 	 -3.3408 	 0.0354 
0.1087 	 0.7688 	 0.0050 	 0.0021 	 12.2811 	 4.7644 	 8.9676 	 0.7799 	 5.0097 	 0.0000 	 0.7033 	 800.8539 	 2.3240 	 0.9342 	 0.1546 	 0.5877 	 6.0574 	 2.7900 	 9.6285 	 2.6549 	 2.4112 	 0.0000 	 -9.0765 	 0.0176 
0.3135 	 0.7618 	 0.0145 	 0.0136 	 3.3711 	 3.3713 	 9.5873 	 0.2078 	 5.0239 	 0.0000 	 0.6961 	 800.8269 	 2.6623 	 0.8690 	 0.5763 	 0.6091 	 10.3326 	 3.6096 	 1.4463 	 0.3195 	 -0.2719 	 0.0000 	 -12.7340 	 0.0188 
3.4011 	 0.1019 	 0.0012 	 1.0000 	 30.1945 	 4.2608 	 4.1800 	 0.0003 	 5.0160 	 0.0000 	 0.6911 	 799.6754 	 3.3511 	 0.7888 	 0.9561 	 0.2131 	 14.3557 	 6.4878 	 9.9544 	 0.6954 	 1.2205 	 0.0000 	 -1.9315 	 0.0012 
3.3679 	 0.0056 	 0.0094 	 0.1125 	 1.8053 	 9.1432 	 4.4482 	 0.7977 	 5.0145 	 0.0000 	 0.6895 	 799.6890 	 1.4780 	 0.2898 	 0.9564 	 0.2596 	 14.4763 	 8.8408 	 6.0543 	 2.4393 	 -2.1141 	 0.0000 	 0.2812 	 0.0011 
3.4012 	 0.0122 	 0.3431 	 0.0241 	 4.7992 	 7.3837 	 1.9103 	 2.2238 	 4.5082 	 -4.8323 	 0.6533 	 882.8961 	 0.8543 	 0.2361 	 0.2197 	 0.3395 	 1.3200 	 7.3922 	 2.4419 	 1.3449 	 -1.9965 	 -0.9606 	 -11.1995 	 0.0016 
2.1925 	 0.0723 	 0.0024 	 0.9989 	 49.1515 	 7.5926 	 7.1288 	 2.6402 	 4.9786 	 0.0000 	 0.6819 	 799.5534 	 3.0583 	 0.2784 	 0.4222 	 0.3857 	 8.0857 	 9.5151 	 8.6560 	 2.8270 	 1.2638 	 0.0000 	 -5.1481 	 0.0010 
0.6931 	 0.0017 	 0.5039 	 0.0681 	 2.8787 	 4.2523 	 3.8690 	 2.3047 	 4.9752 	 0.0000 	 0.6816 	 799.3356 	 0.6695 	 0.3872 	 0.6160 	 0.8214 	 11.8487 	 3.9473 	 8.5241 	 0.7569 	 -2.0034 	 0.0000 	 -10.6023 	 0.0004 
2.3000 	 0.0058 	 0.0247 	 0.1488 	 1.9961 	 0.9853 	 0.0000 	 1.3860 	 4.1312 	 0.0000 	 0.6913 	 799.7062 	 0.1921 	 0.8180 	 0.6697 	 0.7086 	 9.3117 	 8.5748 	 2.6586 	 0.7526 	 -2.5889 	 0.0000 	 -10.5281 	 0.0011 
0.8563 	 0.8530 	 0.0040 	 0.2553 	 6.5404 	 5.5456 	 3.1614 	 0.2476 	 4.9399 	 0.0000 	 0.7127 	 802.0488 	 3.2755 	 0.5521 	 0.2370 	 0.0474 	 9.6568 	 3.4441 	 4.8741 	 1.3254 	 2.3677 	 0.0000 	 -5.8328 	 0.0565 
2.1075 	 0.3643 	 0.0010 	 0.0010 	 1.0467 	 0.0247 	 6.3313 	 0.8174 	 5.0348 	 0.0000 	 0.6936 	 801.9397 	 2.5997 	 0.7585 	 0.1306 	 0.9975 	 4.1156 	 1.8996 	 6.6372 	 1.0529 	 -2.3970 	 0.0000 	 0.1481 	 0.0121 
0.1231 	 0.5120 	 0.0127 	 0.3369 	 9.5043 	 7.2657 	 3.3348 	 1.7053 	 4.9950 	 0.0000 	 0.7011 	 802.0882 	 1.0398 	 0.2315 	 0.7859 	 0.3077 	 8.1874 	 6.5305 	 2.7638 	 2.9634 	 -0.6481 	 0.0000 	 -13.1644 	 0.0150 
