50 	 47 	 46 	 44 	 43 	 40 	 40 	 38 	 36 	 33 	 30 	 29 	 26 	 24 	 21 	 19 	 17 	 14 	 12 	 10 	 6 	 5 	 3
50 	 47 	 46 	 44 	 43 	 40 	 40 	 38 	 36 	 32 	 32 	 27 	 27 	 23 	 22 	 18 	 18 	 14 	 11 	 11 	 6 	 5 	 3
50 	 47 	 46 	 44 	 42 	 42 	 39 	 38 	 36 	 32 	 32 	 27 	 27 	 23 	 22 	 18 	 18 	 13 	 13 	 9 	 6 	 6 	 1 	 1
50 	 47 	 46 	 44 	 42 	 42 	 39 	 38 	 36 	 32 	 31 	 29 	 26 	 24 	 21 	 19 	 17 	 14 	 12 	 9 	 8 	 4 	 2
50 	 47 	 46 	 43 	 43 	 42 	 39 	 38 	 35 	 34 	 30 	 28 	 27 	 23 	 22 	 18 	 17 	 15 	 11 	 10 	 8 	 4 	 1 	 1
50 	 47 	 45 	 45 	 42 	 42 	 39 	 38 	 35 	 33 	 31 	 29 	 26 	 24 	 21 	 19 	 17 	 14 	 12 	 9 	 8 	 4 	 2
50 	 47 	 45 	 45 	 42 	 41 	 40 	 38 	 35 	 33 	 31 	 29 	 26 	 24 	 21 	 19 	 16 	 16 	 11 	 10 	 6 	 5 	 3
50 	 46 	 46 	 45 	 42 	 41 	 40 	 37 	 36 	 33 	 31 	 29 	 26 	 24 	 21 	 19 	 16 	 16 	 11 	 10 	 6 	 5 	 3
49 	 48 	 45 	 44 	 43 	 41 	 40 	 37 	 36 	 33 	 31 	 29 	 26 	 24 	 20 	 20 	 16 	 15 	 12 	 9 	 8 	 3 	 3
49 	 48 	 45 	 44 	 43 	 41 	 40 	 37 	 36 	 33 	 31 	 28 	 27 	 24 	 20 	 20 	 16 	 15 	 12 	 9 	 7 	 5 	 2
49 	 48 	 45 	 44 	 43 	 41 	 40 	 37 	 36 	 33 	 31 	 28 	 27 	 24 	 20 	 20 	 16 	 15 	 12 	 9 	 7 	 5 	 2
49 	 48 	 45 	 44 	 43 	 41 	 40 	 37 	 36 	 33 	 31 	 28 	 27 	 23 	 22 	 18 	 17 	 15 	 11 	 10 	 7 	 5 	 2
48 	 48 	 46 	 45 	 42 	 41 	 39 	 39 	 35 	 33 	 30 	 30 	 26 	 23 	 22 	 18 	 17 	 14 	 13 	 9 	 7 	 5 	 2
48 	 48 	 46 	 44 	 43 	 41 	 39 	 39 	 34 	 34 	 30 	 29 	 26 	 25 	 20 	 19 	 17 	 14 	 12 	 10 	 7 	 4 	 3
48 	 48 	 46 	 44 	 43 	 41 	 39 	 38 	 36 	 33 	 30 	 29 	 27 	 23 	 21 	 20 	 16 	 15 	 12 	 9 	 6 	 6 	 1 	 1
