50 	 47 	 46 	 43 	 42 	 40 	 38 	 37 	 34 	 33 	 31 	 30 	 27 	 26 	 24 	 21 	 21 	 18 	 17 	 13 	 13 	 10 	 10 	 6 	 5 	 2 	 1
50 	 47 	 46 	 43 	 42 	 40 	 38 	 37 	 34 	 33 	 31 	 29 	 28 	 26 	 24 	 21 	 21 	 18 	 16 	 15 	 12 	 12 	 8 	 7 	 4 	 2 	 1
50 	 47 	 45 	 44 	 42 	 40 	 38 	 36 	 35 	 33 	 31 	 29 	 28 	 26 	 24 	 21 	 20 	 19 	 16 	 15 	 12 	 12 	 8 	 6 	 5 	 2 	 1
50 	 47 	 45 	 44 	 42 	 40 	 38 	 36 	 35 	 33 	 31 	 29 	 28 	 26 	 24 	 21 	 20 	 19 	 16 	 15 	 12 	 11 	 9 	 6 	 5 	 1 	 1
50 	 47 	 45 	 44 	 42 	 40 	 38 	 36 	 35 	 33 	 31 	 29 	 28 	 26 	 23 	 23 	 20 	 18 	 16 	 15 	 12 	 11 	 8 	 7 	 5 	 1 	 1
50 	 47 	 45 	 44 	 42 	 39 	 39 	 36 	 35 	 33 	 31 	 29 	 28 	 25 	 25 	 21 	 20 	 19 	 16 	 15 	 12 	 11 	 8 	 7 	 4 	 3
49 	 48 	 45 	 44 	 41 	 41 	 37 	 37 	 35 	 33 	 31 	 29 	 28 	 25 	 24 	 23 	 20 	 17 	 17 	 14 	 13 	 10 	 10 	 6 	 4 	 3
49 	 48 	 45 	 44 	 41 	 41 	 37 	 37 	 35 	 32 	 32 	 29 	 28 	 25 	 24 	 23 	 19 	 18 	 17 	 14 	 13 	 10 	 9 	 7 	 4 	 3
49 	 48 	 45 	 44 	 41 	 41 	 37 	 37 	 35 	 32 	 32 	 29 	 28 	 25 	 24 	 23 	 19 	 18 	 17 	 14 	 13 	 10 	 9 	 7 	 4 	 3
49 	 48 	 45 	 44 	 41 	 40 	 39 	 36 	 35 	 32 	 32 	 29 	 28 	 25 	 24 	 23 	 19 	 18 	 17 	 14 	 13 	 10 	 9 	 7 	 4 	 2 	 1
49 	 48 	 45 	 44 	 41 	 40 	 39 	 36 	 35 	 32 	 31 	 30 	 27 	 27 	 23 	 23 	 19 	 18 	 17 	 14 	 13 	 10 	 9 	 7 	 4 	 2 	 1
49 	 47 	 46 	 43 	 43 	 39 	 39 	 36 	 34 	 34 	 31 	 29 	 27 	 27 	 23 	 22 	 20 	 19 	 16 	 15 	 12 	 11 	 8 	 7 	 4 	 3
49 	 47 	 46 	 43 	 43 	 39 	 39 	 36 	 34 	 34 	 30 	 30 	 27 	 27 	 23 	 22 	 20 	 18 	 17 	 14 	 13 	 11 	 8 	 7 	 4 	 3
49 	 47 	 46 	 43 	 42 	 40 	 39 	 36 	 34 	 34 	 30 	 30 	 27 	 26 	 24 	 22 	 20 	 18 	 17 	 14 	 13 	 11 	 8 	 7 	 4 	 3
49 	 47 	 46 	 43 	 42 	 40 	 38 	 37 	 34 	 34 	 30 	 30 	 27 	 26 	 24 	 22 	 20 	 18 	 17 	 14 	 13 	 10 	 10 	 6 	 5 	 2 	 1
