50 	 44 	 37 	 31
50 	 44 	 37 	 31
50 	 44 	 37 	 30
50 	 44 	 37 	 30
50 	 43 	 37 	 30
50 	 43 	 37 	 30
50 	 43 	 37 	 30
50 	 43 	 37 	 30
50 	 43 	 36 	 30
50 	 43 	 36 	 30
49 	 43 	 36 	 30
49 	 43 	 36 	 30
49 	 43 	 36 	 29
49 	 43 	 36 	 29
49 	 42 	 36 	 29
49 	 42 	 36 	 29
49 	 42 	 36 	 29
49 	 42 	 36 	 29
49 	 42 	 35 	 29
49 	 42 	 35 	 29
48 	 42 	 35 	 29
48 	 42 	 35 	 29
48 	 42 	 35 	 28
48 	 42 	 35 	 28
48 	 41 	 35 	 28
48 	 41 	 35 	 28
48 	 41 	 35 	 28
48 	 41 	 35 	 28
48 	 41 	 34 	 28
48 	 41 	 34 	 28
47 	 41 	 34 	 28
47 	 41 	 34 	 28
47 	 41 	 34 	 27
47 	 41 	 34 	 27
47 	 40 	 34 	 27
47 	 40 	 34 	 27
47 	 40 	 34 	 27
47 	 40 	 34 	 27
47 	 40 	 33 	 27
47 	 40 	 33 	 27
46 	 40 	 33 	 27
46 	 40 	 33 	 27
46 	 40 	 33 	 26
46 	 40 	 33 	 26
46 	 39 	 33 	 26
46 	 39 	 33 	 26
46 	 39 	 33 	 26
46 	 39 	 33 	 26
46 	 39 	 32 	 26
46 	 39 	 32 	 26
45 	 39 	 32 	 26
45 	 39 	 32 	 26
45 	 39 	 32 	 9 	 23 	 22 	 13 	 17
45 	 39 	 32 	 9 	 23 	 22 	 13 	 12
45 	 38 	 32 	 9 	 10 	 22 	 13 	 12
45 	 38 	 32 	 9 	 10 	 21 	 2 	 11
45 	 38 	 32 	 9 	 10 	 21 	 2 	 11
45 	 38 	 32 	 9 	 10 	 21 	 2 	 6
45 	 38 	 31 	 20 	 18 	 7 	 1 	 6
45 	 38 	 31 	 20 	 18 	 7 	 1 	 16
44 	 38 	 31 	 20 	 25 	 8 	 15 	 1
44 	 38 	 31 	 20 	 25 	 8 	 15 	 24
44 	 38 	 31 	 20 	 25 	 8 	 15 	 24
44 	 38 	 31 	 18 	 25 	 8 	 14 	 19
44 	 37 	 31 	 18 	 23 	 7 	 14 	 19
44 	 37 	 31 	 18 	 23 	 7 	 14 	 17
