65 	 64 	 63 	 62 	 60 	 59 	 59 	 57 	 56 	 55 	 54 	 53 	 52
65 	 64 	 63 	 61 	 61 	 60 	 58 	 57 	 56 	 55 	 54 	 53 	 52 	 51
65 	 64 	 63 	 61 	 61 	 59 	 59 	 57 	 56 	 55 	 54 	 53 	 52
65 	 64 	 63 	 61 	 61 	 59 	 59 	 57 	 56 	 55 	 54 	 53 	 52
65 	 64 	 63 	 61 	 61 	 59 	 59 	 57 	 56 	 55 	 54 	 53 	 52
65 	 64 	 62 	 62 	 61 	 59 	 58 	 58 	 56 	 55 	 54 	 53 	 51 	 51
65 	 64 	 62 	 62 	 61 	 59 	 58 	 58 	 56 	 55 	 54 	 53 	 51 	 51
65 	 64 	 62 	 62 	 60 	 60 	 58 	 58 	 56 	 55 	 54 	 53 	 51 	 51
65 	 63 	 63 	 62 	 60 	 60 	 58 	 57 	 57 	 55 	 54 	 52 	 52 	 51
65 	 63 	 63 	 62 	 60 	 60 	 58 	 57 	 57 	 55 	 54 	 52 	 52 	 51
64 	 64 	 63 	 62 	 60 	 60 	 58 	 57 	 56 	 56 	 53 	 53 	 52 	 51
