50 	 43 	 36 	 28
50 	 43 	 36 	 28
50 	 43 	 35 	 28
50 	 43 	 35 	 28
50 	 43 	 35 	 28
50 	 43 	 35 	 28
50 	 42 	 35 	 28
50 	 42 	 35 	 28
50 	 42 	 35 	 27
50 	 42 	 35 	 27
49 	 42 	 35 	 27
49 	 42 	 35 	 27
49 	 42 	 34 	 27
49 	 42 	 34 	 27
49 	 42 	 34 	 27
49 	 42 	 34 	 27
49 	 41 	 34 	 27
49 	 41 	 34 	 27
49 	 41 	 34 	 26
49 	 41 	 34 	 26
48 	 41 	 34 	 26
48 	 41 	 34 	 26
48 	 41 	 33 	 26
48 	 41 	 33 	 26
48 	 41 	 33 	 26
48 	 41 	 33 	 26
48 	 40 	 33 	 26
48 	 40 	 33 	 26
48 	 40 	 33 	 23
48 	 40 	 33 	 23
47 	 40 	 33 	 23
47 	 40 	 33 	 23
47 	 40 	 32 	 23
47 	 40 	 32 	 23
47 	 40 	 32 	 23
47 	 40 	 32 	 23
47 	 39 	 32 	 23
47 	 39 	 32 	 1
47 	 39 	 32 	 1
47 	 39 	 32 	 1
46 	 39 	 32 	 1
46 	 39 	 32 	 1
46 	 39 	 31 	 1
46 	 39 	 31 	 1
46 	 39 	 31 	 1
46 	 39 	 31 	 1
46 	 38 	 31 	 24 	 18 	 13
46 	 38 	 31 	 24 	 18 	 13
46 	 38 	 31 	 24 	 17 	 13
46 	 38 	 31 	 24 	 17 	 12
45 	 38 	 31 	 24 	 17 	 12
45 	 38 	 31 	 24 	 17 	 12
45 	 38 	 30 	 24 	 17 	 10
45 	 38 	 30 	 24 	 17 	 10
45 	 38 	 30 	 25 	 21 	 17
45 	 38 	 30 	 25 	 20 	 16
45 	 37 	 30 	 25 	 20 	 16
45 	 37 	 30 	 25 	 20 	 16
45 	 37 	 30 	 25 	 20 	 16
45 	 37 	 30 	 25 	 20 	 16
44 	 37 	 30 	 25 	 20 	 16
44 	 37 	 30 	 22 	 20 	 15
44 	 37 	 29 	 22 	 19 	 15
44 	 37 	 29 	 22 	 19 	 15
44 	 37 	 29 	 22 	 19 	 15
44 	 37 	 29 	 22 	 19 	 15
44 	 36 	 29 	 22 	 19 	 15
44 	 36 	 29 	 22 	 19 	 14 	 10
44 	 36 	 29 	 21 	 19 	 14 	 11
44 	 36 	 29 	 21 	 18 	 14 	 11
43 	 36 	 29 	 21 	 18 	 14 	 9
43 	 36 	 29 	 21 	 18 	 14 	 9
43 	 36 	 28 	 21 	 18 	 13
43 	 36 	 28 	 21 	 18 	 13
