50 	 47 	 46 	 40 	 39 	 32 	 27 	 27 	 21 	 20 	 19 	 14 	 14 	 11 	 9 	 6 	 3 	 2
50 	 47 	 45 	 44 	 34 	 33 	 30 	 24 	 22 	 20 	 18 	 16 	 13 	 11 	 8 	 6 	 5
50 	 47 	 45 	 43 	 36 	 32 	 31 	 24 	 22 	 20 	 17 	 16 	 14 	 10 	 8 	 8 	 2 	 2
50 	 47 	 45 	 43 	 35 	 34 	 29 	 25 	 21 	 21 	 18 	 15 	 14 	 10 	 8 	 7 	 3 	 2
50 	 47 	 45 	 42 	 36 	 34 	 28 	 26 	 21 	 21 	 17 	 17 	 12 	 11 	 9 	 6 	 4 	 1
50 	 46 	 46 	 41 	 37 	 34 	 28 	 25 	 23 	 19 	 19 	 15 	 13 	 11 	 8 	 7 	 3 	 1
49 	 48 	 44 	 44 	 35 	 33 	 29 	 25 	 22 	 20 	 18 	 16 	 13 	 10 	 10 	 6 	 3 	 1
49 	 48 	 44 	 44 	 35 	 33 	 29 	 25 	 22 	 20 	 18 	 16 	 13 	 10 	 9 	 6 	 5
48 	 48 	 46 	 41 	 37 	 34 	 28 	 25 	 23 	 19 	 19 	 15 	 13 	 11 	 8 	 7 	 3 	 1
48 	 48 	 46 	 40 	 39 	 32 	 31 	 24 	 21 	 21 	 17 	 17 	 12 	 11 	 9 	 6 	 4 	 1
48 	 48 	 46 	 40 	 39 	 32 	 30 	 24 	 22 	 21 	 17 	 17 	 11 	 11 	 10 	 6 	 4
