50 	 47 	 43 	 42 	 37 	 34 	 31 	 28 	 24 	 21 	 19 	 14 	 14 	 8 	 8 	 3 	 2
50 	 47 	 43 	 42 	 36 	 35 	 30 	 29 	 23 	 22 	 19 	 14 	 13 	 9 	 7 	 5
50 	 47 	 43 	 40 	 38 	 34 	 32 	 28 	 23 	 22 	 19 	 14 	 12 	 11 	 6 	 4 	 2
50 	 47 	 43 	 40 	 38 	 34 	 32 	 27 	 26 	 20 	 18 	 15 	 12 	 9 	 8 	 3 	 2
50 	 46 	 45 	 39 	 38 	 35 	 31 	 28 	 23 	 22 	 18 	 16 	 12 	 8 	 8 	 3 	 2
50 	 46 	 44 	 42 	 36 	 35 	 30 	 29 	 23 	 22 	 18 	 16 	 11 	 10 	 6 	 6
50 	 46 	 44 	 42 	 36 	 34 	 33 	 27 	 23 	 21 	 20 	 14 	 12 	 10 	 6 	 5
50 	 46 	 44 	 42 	 35 	 35 	 33 	 27 	 22 	 22 	 20 	 14 	 12 	 9 	 8 	 3 	 2
50 	 45 	 45 	 40 	 38 	 34 	 32 	 27 	 25 	 21 	 18 	 15 	 12 	 9 	 8 	 3 	 2
49 	 48 	 43 	 39 	 39 	 34 	 32 	 27 	 24 	 21 	 19 	 16 	 11 	 10 	 6 	 5
49 	 48 	 42 	 42 	 37 	 34 	 33 	 27 	 22 	 22 	 19 	 16 	 11 	 9 	 8 	 4
48 	 48 	 44 	 39 	 39 	 34 	 31 	 28 	 26 	 21 	 16 	 16 	 13 	 9 	 7 	 5
48 	 48 	 44 	 39 	 38 	 35 	 33 	 26 	 26 	 20 	 18 	 15 	 12 	 9 	 8 	 3 	 2
