50 	 45 	 43 	 40 	 38 	 33 	 31 	 29 	 24 	 23 	 18 	 18 	 14 	 14 	 11 	 10 	 7 	 7 	 5 	 4 	 2
50 	 45 	 43 	 40 	 37 	 35 	 30 	 29 	 24 	 23 	 18 	 18 	 14 	 14 	 11 	 10 	 7 	 7 	 5 	 4 	 2
49 	 47 	 42 	 39 	 38 	 33 	 32 	 27 	 26 	 22 	 20 	 16 	 16 	 12 	 12 	 9 	 9 	 6 	 5 	 4 	 2
49 	 47 	 42 	 39 	 38 	 33 	 32 	 27 	 26 	 22 	 20 	 16 	 15 	 14 	 11 	 9 	 9 	 6 	 5 	 4 	 2
49 	 46 	 43 	 40 	 37 	 34 	 31 	 27 	 26 	 22 	 20 	 16 	 15 	 14 	 11 	 9 	 9 	 6 	 5 	 4 	 1 	 1
49 	 46 	 43 	 40 	 36 	 36 	 30 	 27 	 26 	 22 	 19 	 18 	 14 	 13 	 12 	 9 	 9 	 6 	 5 	 4 	 1 	 1
49 	 46 	 43 	 40 	 36 	 36 	 30 	 27 	 26 	 21 	 20 	 18 	 14 	 13 	 12 	 9 	 8 	 7 	 5 	 3 	 3
49 	 46 	 42 	 42 	 36 	 34 	 31 	 27 	 26 	 21 	 20 	 17 	 15 	 13 	 12 	 9 	 8 	 7 	 5 	 3 	 2 	 1
49 	 45 	 45 	 39 	 36 	 36 	 29 	 29 	 26 	 20 	 20 	 17 	 15 	 13 	 11 	 10 	 8 	 7 	 5 	 3 	 2 	 1
49 	 45 	 45 	 39 	 36 	 35 	 30 	 29 	 26 	 20 	 20 	 17 	 15 	 13 	 11 	 10 	 8 	 7 	 5 	 3 	 2 	 1
49 	 45 	 43 	 42 	 36 	 33 	 33 	 27 	 24 	 24 	 18 	 17 	 15 	 13 	 11 	 10 	 8 	 6 	 6 	 3 	 2 	 1
49 	 45 	 43 	 42 	 36 	 33 	 33 	 27 	 24 	 23 	 19 	 17 	 15 	 12 	 12 	 10 	 8 	 6 	 6 	 3 	 2 	 1
48 	 47 	 42 	 40 	 38 	 33 	 31 	 29 	 24 	 23 	 19 	 17 	 15 	 12 	 12 	 10 	 8 	 6 	 6 	 3 	 2 	 1
48 	 47 	 42 	 40 	 38 	 33 	 31 	 29 	 24 	 23 	 19 	 16 	 16 	 13 	 11 	 10 	 8 	 7 	 4 	 4 	 3
47 	 47 	 43 	 40 	 38 	 33 	 31 	 29 	 24 	 23 	 19 	 16 	 16 	 13 	 11 	 10 	 8 	 7 	 4 	 4 	 3
