50 	 43 	 42 	 39 	 36 	 33 	 29 	 27 	 23 	 23 	 16 	 16 	 11 	 10 	 5 	 4 	 1
49 	 45 	 42 	 38 	 36 	 33 	 29 	 27 	 23 	 22 	 18 	 14 	 12 	 9 	 6 	 3 	 1
49 	 45 	 40 	 40 	 36 	 33 	 29 	 26 	 26 	 20 	 18 	 14 	 12 	 9 	 6 	 2 	 2
49 	 45 	 40 	 40 	 36 	 32 	 30 	 26 	 26 	 20 	 17 	 16 	 11 	 10 	 5 	 4
49 	 45 	 40 	 40 	 36 	 32 	 30 	 26 	 24 	 22 	 17 	 16 	 11 	 9 	 6 	 3 	 2
49 	 43 	 43 	 39 	 36 	 31 	 31 	 27 	 24 	 20 	 19 	 15 	 11 	 9 	 6 	 3 	 2
49 	 43 	 43 	 39 	 36 	 31 	 31 	 27 	 24 	 20 	 19 	 15 	 10 	 10 	 5 	 5
49 	 43 	 43 	 39 	 35 	 33 	 30 	 26 	 24 	 22 	 16 	 16 	 13 	 7 	 7 	 3 	 2
48 	 45 	 42 	 38 	 37 	 33 	 29 	 27 	 24 	 20 	 19 	 14 	 13 	 7 	 7 	 3 	 2
48 	 45 	 42 	 38 	 37 	 33 	 29 	 27 	 23 	 22 	 16 	 16 	 12 	 9 	 6 	 3 	 1
47 	 46 	 42 	 38 	 36 	 33 	 31 	 26 	 24 	 20 	 19 	 14 	 12 	 9 	 6 	 3 	 1
47 	 46 	 42 	 38 	 36 	 33 	 31 	 26 	 24 	 20 	 18 	 15 	 12 	 9 	 5 	 5
47 	 45 	 42 	 40 	 35 	 33 	 29 	 29 	 23 	 20 	 18 	 15 	 12 	 8 	 6 	 4 	 1
47 	 45 	 42 	 40 	 34 	 34 	 29 	 27 	 24 	 21 	 18 	 15 	 12 	 9 	 5 	 5
46 	 46 	 43 	 38 	 36 	 33 	 30 	 27 	 23 	 21 	 18 	 15 	 12 	 8 	 6 	 4 	 1
