50 	 39 	 34 	 31 	 28 	 26 	 20 	 19 	 14 	 13 	 6 	 3
50 	 38 	 35 	 30 	 30 	 23 	 22 	 18 	 15 	 13 	 4 	 4 	 1
49 	 39 	 35 	 30 	 29 	 25 	 22 	 17 	 15 	 12 	 7 	 3
49 	 39 	 35 	 30 	 29 	 25 	 21 	 18 	 15 	 12 	 7 	 3
48 	 40 	 34 	 33 	 27 	 23 	 22 	 19 	 14 	 13 	 6 	 4
47 	 40 	 35 	 32 	 28 	 25 	 21 	 18 	 15 	 12 	 6 	 4
47 	 40 	 35 	 32 	 28 	 25 	 21 	 18 	 15 	 12 	 6 	 3 	 1
45 	 41 	 36 	 32 	 27 	 27 	 20 	 18 	 15 	 11 	 10 	 2
45 	 41 	 36 	 32 	 27 	 26 	 21 	 18 	 15 	 11 	 10 	 1
45 	 40 	 37 	 32 	 27 	 26 	 21 	 18 	 15 	 11 	 9 	 2
43 	 42 	 37 	 31 	 29 	 24 	 22 	 18 	 14 	 13 	 7 	 3
43 	 42 	 36 	 34 	 27 	 24 	 22 	 17 	 17 	 10 	 9 	 2
43 	 41 	 38 	 33 	 27 	 23 	 23 	 17 	 16 	 11 	 8 	 2 	 1
42 	 42 	 38 	 31 	 28 	 26 	 20 	 19 	 16 	 10 	 10 	 2
