50 	 45 	 44 	 40 	 40 	 37 	 34 	 33 	 31 	 28 	 24 	 23 	 20 	 16 	 13 	 11 	 8 	 5 	 4
50 	 45 	 44 	 40 	 40 	 36 	 36 	 33 	 30 	 27 	 26 	 22 	 20 	 15 	 14 	 10 	 9 	 5 	 4
50 	 45 	 44 	 40 	 40 	 36 	 36 	 33 	 30 	 27 	 26 	 22 	 20 	 15 	 14 	 10 	 9 	 5 	 4
50 	 45 	 43 	 42 	 39 	 36 	 36 	 33 	 30 	 27 	 26 	 22 	 19 	 17 	 12 	 12 	 7 	 6 	 3 	 1
50 	 44 	 44 	 41 	 39 	 37 	 36 	 32 	 31 	 27 	 26 	 21 	 20 	 17 	 12 	 12 	 7 	 6 	 3 	 1
49 	 47 	 42 	 40 	 40 	 37 	 36 	 32 	 31 	 27 	 26 	 21 	 20 	 16 	 15 	 10 	 7 	 6 	 3 	 1
49 	 46 	 43 	 42 	 39 	 36 	 36 	 32 	 31 	 27 	 26 	 21 	 20 	 16 	 15 	 10 	 7 	 6 	 3 	 1
49 	 46 	 43 	 42 	 38 	 38 	 35 	 33 	 30 	 27 	 25 	 22 	 20 	 16 	 14 	 10 	 9 	 5 	 3 	 1
49 	 45 	 44 	 41 	 39 	 37 	 35 	 33 	 31 	 27 	 24 	 24 	 19 	 16 	 15 	 9 	 9 	 6 	 2 	 2
48 	 47 	 43 	 42 	 38 	 38 	 35 	 33 	 29 	 29 	 24 	 23 	 19 	 16 	 15 	 9 	 9 	 5 	 5
48 	 47 	 43 	 42 	 38 	 38 	 35 	 33 	 29 	 29 	 24 	 23 	 19 	 16 	 14 	 11 	 8 	 5 	 4
48 	 47 	 43 	 41 	 39 	 38 	 34 	 34 	 29 	 29 	 24 	 23 	 18 	 18 	 12 	 12 	 7 	 6 	 3
48 	 47 	 42 	 42 	 39 	 38 	 34 	 34 	 29 	 29 	 24 	 23 	 18 	 18 	 12 	 11 	 9 	 5 	 3 	 1
47 	 47 	 44 	 41 	 39 	 37 	 35 	 33 	 31 	 26 	 26 	 23 	 18 	 18 	 12 	 11 	 8 	 6 	 2 	 2
47 	 47 	 44 	 41 	 39 	 37 	 35 	 33 	 30 	 29 	 24 	 22 	 20 	 16 	 13 	 11 	 8 	 6 	 2 	 2
