50 	 48 	 44 	 44 	 41 	 37 	 37 	 34 	 32 	 30 	 26 	 25 	 22 	 21 	 18 	 15 	 14 	 11 	 10 	 8 	 4 	 4 	 1
50 	 48 	 44 	 44 	 40 	 39 	 36 	 34 	 32 	 29 	 28 	 24 	 23 	 20 	 18 	 14 	 14 	 13 	 9 	 7 	 6 	 3
50 	 48 	 44 	 44 	 40 	 39 	 35 	 35 	 32 	 29 	 28 	 24 	 23 	 20 	 17 	 17 	 13 	 11 	 10 	 7 	 6 	 3
50 	 48 	 44 	 44 	 40 	 38 	 37 	 34 	 32 	 29 	 28 	 24 	 23 	 19 	 19 	 16 	 14 	 11 	 9 	 8 	 5 	 4
50 	 47 	 47 	 42 	 40 	 38 	 37 	 34 	 32 	 29 	 28 	 24 	 23 	 19 	 19 	 16 	 13 	 13 	 8 	 7 	 6 	 2 	 2
50 	 47 	 47 	 41 	 41 	 39 	 35 	 35 	 32 	 28 	 28 	 26 	 21 	 21 	 18 	 16 	 14 	 11 	 10 	 6 	 6 	 3 	 1
50 	 47 	 46 	 43 	 41 	 38 	 35 	 35 	 31 	 31 	 26 	 25 	 23 	 19 	 19 	 16 	 13 	 12 	 9 	 8 	 5 	 3 	 1
50 	 47 	 46 	 43 	 41 	 37 	 37 	 34 	 32 	 30 	 26 	 25 	 23 	 19 	 19 	 15 	 14 	 12 	 9 	 8 	 5 	 3 	 1
50 	 47 	 46 	 43 	 41 	 37 	 37 	 34 	 32 	 30 	 26 	 25 	 22 	 21 	 18 	 15 	 14 	 12 	 9 	 8 	 5 	 3 	 1
50 	 47 	 46 	 42 	 41 	 39 	 35 	 35 	 31 	 30 	 27 	 25 	 22 	 21 	 17 	 17 	 13 	 11 	 10 	 7 	 6 	 2 	 2
49 	 48 	 46 	 42 	 41 	 38 	 37 	 34 	 31 	 30 	 27 	 25 	 22 	 21 	 17 	 17 	 13 	 11 	 10 	 7 	 6 	 2 	 1
49 	 48 	 46 	 42 	 41 	 38 	 37 	 33 	 33 	 28 	 28 	 25 	 22 	 21 	 18 	 15 	 14 	 12 	 9 	 8 	 5 	 3
49 	 48 	 45 	 44 	 40 	 38 	 36 	 35 	 31 	 30 	 27 	 25 	 22 	 21 	 17 	 17 	 13 	 11 	 10 	 7 	 6 	 2 	 1
49 	 48 	 45 	 44 	 39 	 39 	 36 	 34 	 33 	 28 	 28 	 25 	 22 	 21 	 18 	 15 	 14 	 12 	 9 	 8 	 4 	 4 	 1
49 	 48 	 45 	 43 	 41 	 38 	 36 	 34 	 32 	 30 	 27 	 25 	 22 	 20 	 18 	 16 	 14 	 11 	 10 	 7 	 5 	 4
