50 	 39 	 34 	 33 	 24 	 12
50 	 39 	 34 	 33 	 24 	 12
50 	 39 	 49 	 46 	 33 	 24 	 12
50 	 39 	 49 	 46 	 33 	 24 	 31 	 18
50 	 39 	 49 	 46 	 33 	 22 	 31 	 18
50 	 39 	 49 	 44 	 33 	 22 	 31 	 18
50 	 37 	 49 	 44 	 38 	 17 	 14 	 26
50 	 37 	 49 	 44 	 38 	 17 	 13 	 26
50 	 37 	 49 	 44 	 38 	 15 	 13 	 26
45 	 37 	 49 	 44 	 38 	 15 	 13 	 26
45 	 37 	 48 	 44 	 38 	 15 	 13 	 23
45 	 37 	 48 	 44 	 38 	 15 	 13 	 23
45 	 37 	 48 	 44 	 38 	 15 	 12 	 23
45 	 37 	 48 	 43 	 36 	 15 	 12 	 23
45 	 37 	 48 	 43 	 36 	 25 	 20 	 28
45 	 35 	 48 	 43 	 36 	 25 	 20 	 28
45 	 35 	 48 	 43 	 36 	 25 	 14 	 27
45 	 35 	 48 	 43 	 36 	 25 	 14 	 27
42 	 35 	 47 	 43 	 36 	 25 	 14 	 27
42 	 35 	 47 	 43 	 36 	 24 	 14 	 27
42 	 35 	 47 	 43 	 40 	 32 	 22 	 31 	 18
42 	 35 	 47 	 41 	 40 	 19 	 22 	 30 	 11
42 	 35 	 47 	 41 	 40 	 19 	 22 	 30 	 11
42 	 35 	 47 	 41 	 40 	 19 	 21 	 30 	 11
42 	 34 	 47 	 41 	 40 	 19 	 21 	 30 	 11
42 	 34 	 47 	 41 	 40 	 19 	 21 	 29 	 16
42 	 34 	 46 	 41 	 32 	 19 	 21 	 29 	 16
42 	 34 	 46 	 41 	 32 	 17 	 21 	 29 	 9
39 	 34 	 46 	 41 	 32 	 17 	 20 	 29 	 8
39 	 34 	 46 	 33 	 32 	 17 	 20 	 28 	 6
39 	 34 	 46 	 33 	 32 	 17 	 20 	 28
