50 	 47 	 43 	 40 	 39 	 34 	 32 	 29 	 28 	 25 	 23 	 18 	 14 	 12 	 8 	 5 	 3
50 	 47 	 42 	 42 	 38 	 33 	 33 	 29 	 28 	 25 	 23 	 17 	 16 	 11 	 9 	 5
50 	 46 	 45 	 39 	 39 	 33 	 33 	 29 	 28 	 24 	 24 	 18 	 15 	 11 	 9 	 3 	 3
50 	 46 	 45 	 39 	 39 	 33 	 33 	 29 	 28 	 24 	 23 	 20 	 14 	 11 	 8 	 5 	 3
50 	 46 	 44 	 41 	 38 	 33 	 32 	 30 	 27 	 26 	 22 	 20 	 14 	 10 	 9 	 5 	 3
50 	 46 	 44 	 41 	 37 	 36 	 31 	 30 	 27 	 24 	 23 	 20 	 13 	 12 	 7 	 6 	 2
50 	 45 	 45 	 40 	 38 	 35 	 32 	 29 	 27 	 26 	 22 	 19 	 15 	 10 	 9 	 5 	 3
49 	 47 	 44 	 40 	 38 	 34 	 32 	 30 	 27 	 26 	 21 	 20 	 14 	 12 	 7 	 6 	 2
48 	 48 	 43 	 42 	 37 	 36 	 31 	 30 	 27 	 24 	 23 	 19 	 15 	 9 	 9 	 7
48 	 48 	 43 	 42 	 37 	 36 	 31 	 30 	 27 	 24 	 23 	 18 	 15 	 12 	 7 	 6 	 2
48 	 48 	 43 	 42 	 37 	 36 	 31 	 29 	 28 	 26 	 21 	 20 	 14 	 12 	 7 	 5 	 3
