50 	 44 	 45 	 31 	 41 	 35 	 7 	 14
50 	 44 	 45 	 29 	 41 	 35 	 6 	 14
50 	 44 	 45 	 29 	 38 	 35 	 6 	 13
50 	 44 	 45 	 29 	 38 	 35 	 6 	 13
50 	 44 	 45 	 29 	 38 	 35 	 6 	 13
50 	 43 	 45 	 29 	 38 	 34 	 6 	 8
50 	 43 	 45 	 29 	 38 	 34 	 30 	 16
50 	 43 	 45 	 29 	 38 	 34 	 30 	 15
50 	 43 	 40 	 29 	 38 	 34 	 30 	 15
48 	 43 	 40 	 26 	 37 	 34 	 30 	 15
48 	 43 	 40 	 26 	 37 	 34 	 27 	 14
48 	 43 	 40 	 26 	 37 	 36 	 20 	 18
48 	 43 	 40 	 26 	 37 	 36 	 20 	 17
48 	 43 	 40 	 26 	 37 	 36 	 20 	 17
48 	 25 	 40 	 26 	 37 	 36 	 20 	 17
48 	 25 	 40 	 26 	 37 	 36 	 20 	 17
48 	 25 	 39 	 26 	 24 	 33 	 19 	 5
48 	 25 	 39 	 23 	 24 	 33 	 19 	 5
46 	 25 	 39 	 23 	 24 	 33 	 19 	 5
46 	 25 	 39 	 23 	 24 	 33 	 19 	 5
46 	 25 	 39 	 23 	 24 	 33 	 19 	 32 	 4
46 	 25 	 39 	 23 	 24 	 28 	 7 	 32 	 10
46 	 25 	 39 	 23 	 24 	 28 	 7 	 32 	 9
46 	 49 	 47 	 39 	 23 	 22 	 28 	 7 	 16
46 	 49 	 47 	 31 	 23 	 22 	 28 	 7 	 16
46 	 49 	 47 	 31 	 42 	 42 	 22 	 21 	 27 	 8
46 	 49 	 47 	 31 	 42 	 41 	 22 	 21 	 27 	 3
44 	 49 	 47 	 31 	 42 	 41 	 22 	 21 	 18 	 3
44 	 49 	 47 	 31 	 42 	 41 	 22 	 21 	 18 	 3
44 	 49 	 47 	 31 	 42 	 41 	 22 	 21 	 18 	 4
44 	 49 	 47 	 31 	 42 	 41 	 35 	 28 	 27 	 8
