50 	 46 	 44 	 39 	 38 	 33 	 31 	 28 	 25 	 20 	 19 	 16 	 13 	 11 	 8 	 7 	 3 	 2
50 	 46 	 44 	 39 	 37 	 35 	 30 	 28 	 25 	 21 	 18 	 16 	 14 	 10 	 9 	 5 	 5
50 	 46 	 44 	 39 	 37 	 35 	 30 	 28 	 25 	 20 	 20 	 15 	 13 	 11 	 8 	 7 	 3 	 1
50 	 46 	 44 	 39 	 37 	 34 	 32 	 28 	 23 	 22 	 18 	 16 	 14 	 10 	 9 	 5 	 4 	 2
50 	 46 	 44 	 38 	 38 	 34 	 32 	 27 	 25 	 20 	 19 	 15 	 14 	 11 	 8 	 7 	 3 	 1
50 	 46 	 43 	 41 	 36 	 34 	 32 	 27 	 24 	 22 	 18 	 15 	 14 	 11 	 8 	 7 	 3 	 1
50 	 45 	 45 	 38 	 38 	 34 	 32 	 27 	 24 	 22 	 18 	 15 	 14 	 11 	 8 	 7 	 3 	 1
49 	 48 	 42 	 41 	 36 	 34 	 31 	 28 	 24 	 21 	 20 	 15 	 13 	 11 	 8 	 7 	 2 	 2
49 	 48 	 42 	 41 	 35 	 35 	 31 	 28 	 24 	 21 	 20 	 15 	 13 	 10 	 10 	 5 	 4 	 1
49 	 47 	 43 	 41 	 35 	 35 	 30 	 30 	 23 	 21 	 19 	 15 	 14 	 10 	 9 	 6 	 4 	 1
49 	 47 	 43 	 40 	 37 	 34 	 30 	 29 	 24 	 21 	 20 	 15 	 13 	 10 	 9 	 6 	 4
49 	 47 	 43 	 40 	 37 	 33 	 33 	 26 	 26 	 20 	 18 	 17 	 12 	 12 	 8 	 6 	 3 	 2
49 	 47 	 43 	 40 	 37 	 33 	 33 	 26 	 25 	 21 	 19 	 16 	 13 	 12 	 7 	 7 	 3 	 2
49 	 46 	 45 	 38 	 38 	 34 	 32 	 27 	 23 	 23 	 17 	 17 	 12 	 12 	 8 	 5 	 5
49 	 46 	 44 	 41 	 36 	 34 	 32 	 27 	 23 	 22 	 18 	 17 	 12 	 12 	 7 	 7 	 4
48 	 48 	 42 	 41 	 37 	 33 	 33 	 26 	 25 	 21 	 19 	 16 	 13 	 11 	 9 	 5 	 4 	 2
48 	 48 	 42 	 41 	 36 	 35 	 30 	 29 	 23 	 22 	 18 	 16 	 14 	 10 	 9 	 6 	 4
48 	 48 	 42 	 41 	 36 	 35 	 30 	 29 	 23 	 22 	 18 	 16 	 14 	 10 	 9 	 6 	 4
