50 	 46 	 42 	 41 	 37 	 35 	 30 	 27 	 25 	 19 	 16 	 14 	 10 	 6 	 5
50 	 46 	 42 	 41 	 37 	 35 	 30 	 27 	 24 	 20 	 16 	 14 	 10 	 6 	 5
50 	 46 	 41 	 41 	 39 	 34 	 29 	 29 	 22 	 20 	 18 	 12 	 11 	 6 	 4
50 	 46 	 41 	 41 	 38 	 35 	 30 	 27 	 24 	 20 	 16 	 14 	 9 	 9 	 2 	 2
50 	 45 	 44 	 39 	 38 	 34 	 33 	 26 	 22 	 22 	 15 	 14 	 9 	 9 	 2 	 1
50 	 45 	 44 	 39 	 38 	 34 	 33 	 25 	 24 	 19 	 18 	 12 	 12 	 5 	 5
50 	 44 	 44 	 40 	 38 	 34 	 33 	 25 	 24 	 19 	 18 	 12 	 12 	 5 	 5
50 	 44 	 44 	 40 	 37 	 36 	 30 	 27 	 24 	 19 	 18 	 12 	 11 	 6 	 5
48 	 48 	 41 	 41 	 37 	 35 	 32 	 26 	 23 	 20 	 18 	 12 	 11 	 6 	 3 	 2
48 	 47 	 44 	 39 	 37 	 35 	 32 	 26 	 23 	 20 	 18 	 12 	 10 	 7 	 3 	 2
48 	 47 	 44 	 39 	 37 	 35 	 32 	 26 	 23 	 20 	 17 	 13 	 10 	 7 	 3 	 2
48 	 47 	 43 	 41 	 37 	 34 	 32 	 26 	 23 	 20 	 16 	 15 	 9 	 8 	 3
48 	 47 	 43 	 41 	 36 	 35 	 31 	 27 	 23 	 20 	 16 	 15 	 9 	 7 	 4
48 	 46 	 44 	 40 	 37 	 35 	 30 	 29 	 22 	 21 	 16 	 15 	 9 	 7 	 3
48 	 46 	 44 	 39 	 39 	 34 	 30 	 29 	 22 	 21 	 16 	 15 	 9 	 7 	 3
