50 	 37 	 33 	 30 	 27 	 26 	 20 	 17 	 16 	 11 	 11 	 6 	 5 	 1
49 	 38 	 33 	 30 	 27 	 26 	 19 	 18 	 16 	 11 	 11 	 6 	 5 	 1
49 	 38 	 33 	 30 	 27 	 24 	 23 	 16 	 15 	 12 	 10 	 7 	 4 	 2
47 	 39 	 33 	 33 	 26 	 23 	 22 	 17 	 15 	 12 	 10 	 6 	 5 	 2
47 	 38 	 35 	 30 	 27 	 24 	 22 	 16 	 16 	 12 	 10 	 6 	 5 	 2
46 	 39 	 36 	 29 	 29 	 23 	 20 	 18 	 15 	 13 	 9 	 8 	 3 	 3
45 	 40 	 34 	 32 	 26 	 24 	 22 	 16 	 16 	 12 	 9 	 9 	 3 	 2
45 	 40 	 34 	 31 	 29 	 23 	 20 	 18 	 15 	 13 	 9 	 8 	 3 	 3
45 	 39 	 36 	 31 	 26 	 26 	 20 	 18 	 14 	 14 	 9 	 6 	 5 	 2
43 	 42 	 33 	 33 	 26 	 24 	 21 	 18 	 15 	 12 	 9 	 8 	 4 	 2
43 	 40 	 36 	 31 	 27 	 24 	 21 	 18 	 14 	 14 	 9 	 7 	 5
43 	 40 	 36 	 31 	 27 	 24 	 20 	 19 	 15 	 13 	 9 	 7 	 5
43 	 40 	 36 	 31 	 27 	 24 	 20 	 19 	 15 	 12 	 11 	 6 	 5
42 	 42 	 36 	 29 	 29 	 23 	 20 	 19 	 15 	 12 	 10 	 7 	 4 	 3
42 	 42 	 36 	 29 	 29 	 23 	 20 	 18 	 16 	 12 	 10 	 7 	 4 	 2
