49 	 48 	 44 	 50 	 43 	 41 	 37 	 1 	 34 	 35 	 19
49 	 48 	 44 	 50 	 43 	 40 	 37 	 1 	 34 	 33 	 19
49 	 48 	 44 	 50 	 43 	 40 	 37 	 39 	 16 	 22 	 28
49 	 48 	 44 	 50 	 42 	 40 	 37 	 39 	 16 	 35 	 23
49 	 48 	 47 	 46 	 25 	 41 	 38 	 24 	 36 	 29 	 30 	 9
49 	 48 	 47 	 46 	 25 	 41 	 38 	 1 	 36 	 29 	 27 	 7
49 	 45 	 45 	 47 	 46 	 25 	 41 	 38 	 1 	 36 	 22 	 27
49 	 45 	 45 	 47 	 46 	 25 	 41 	 37 	 1 	 34 	 22 	 23
49 	 45 	 44 	 47 	 46 	 43 	 42 	 38 	 24 	 16 	 32 	 31 	 17
48 	 45 	 44 	 47 	 46 	 43 	 42 	 38 	 24 	 16 	 29 	 30 	 14
48 	 45 	 44 	 47 	 50 	 25 	 42 	 40 	 24 	 39 	 32 	 33 	 26
48 	 45 	 44 	 46 	 50 	 25 	 42 	 40 	 24 	 39 	 32 	 31 	 21
