50 	 47 	 44 	 41 	 40 	 35 	 35 	 30 	 30 	 26 	 23 	 23 	 18 	 18 	 16 	 12 	 10 	 8 	 5 	 3 	 2
50 	 47 	 44 	 41 	 39 	 37 	 34 	 31 	 30 	 25 	 23 	 23 	 18 	 18 	 15 	 14 	 9 	 8 	 5 	 3 	 2
50 	 46 	 45 	 41 	 39 	 37 	 34 	 31 	 29 	 26 	 25 	 21 	 20 	 17 	 15 	 12 	 12 	 6 	 5 	 4 	 1
50 	 46 	 45 	 41 	 39 	 37 	 34 	 31 	 29 	 26 	 25 	 21 	 20 	 17 	 15 	 12 	 11 	 7 	 6 	 3 	 1
50 	 46 	 45 	 41 	 39 	 37 	 33 	 33 	 27 	 27 	 25 	 21 	 20 	 17 	 15 	 12 	 11 	 7 	 6 	 2 	 2
50 	 46 	 45 	 41 	 39 	 37 	 33 	 32 	 29 	 26 	 24 	 22 	 20 	 16 	 16 	 14 	 9 	 8 	 5 	 3 	 2
50 	 46 	 45 	 41 	 39 	 37 	 33 	 32 	 29 	 26 	 24 	 22 	 20 	 16 	 16 	 14 	 9 	 8 	 5 	 3 	 2
50 	 46 	 44 	 43 	 38 	 36 	 35 	 31 	 29 	 26 	 24 	 22 	 19 	 18 	 15 	 12 	 11 	 7 	 6 	 2 	 2
50 	 46 	 44 	 43 	 38 	 36 	 35 	 31 	 28 	 27 	 24 	 22 	 19 	 18 	 14 	 14 	 10 	 7 	 5 	 4 	 1
49 	 47 	 44 	 42 	 38 	 37 	 34 	 32 	 28 	 27 	 24 	 22 	 19 	 18 	 14 	 14 	 10 	 6 	 6 	 4 	 1
49 	 47 	 44 	 42 	 38 	 37 	 34 	 32 	 28 	 27 	 24 	 22 	 19 	 17 	 16 	 13 	 10 	 6 	 6 	 4
48 	 48 	 44 	 42 	 38 	 37 	 34 	 32 	 28 	 27 	 24 	 21 	 21 	 17 	 15 	 13 	 9 	 9 	 5 	 3 	 1
48 	 48 	 44 	 41 	 40 	 36 	 34 	 32 	 28 	 27 	 24 	 21 	 20 	 17 	 16 	 13 	 9 	 9 	 5 	 3 	 1
48 	 48 	 44 	 41 	 40 	 35 	 35 	 31 	 30 	 26 	 23 	 22 	 20 	 17 	 16 	 12 	 11 	 6 	 6 	 3 	 2
48 	 48 	 44 	 41 	 40 	 35 	 35 	 31 	 30 	 26 	 23 	 22 	 20 	 17 	 16 	 12 	 10 	 9 	 4 	 4
