45 	 35 	 31 	 29 	 27 	 24 	 20 	 20 	 14 	 13 	 8 	 7 	 2
43 	 36 	 32 	 29 	 27 	 24 	 20 	 19 	 16 	 11 	 10 	 5 	 3
43 	 35 	 33 	 29 	 27 	 24 	 22 	 17 	 15 	 12 	 9 	 6 	 3
42 	 36 	 33 	 29 	 27 	 24 	 20 	 19 	 15 	 12 	 9 	 6 	 3
42 	 36 	 33 	 29 	 27 	 24 	 20 	 19 	 15 	 12 	 9 	 6 	 3
42 	 36 	 32 	 30 	 27 	 23 	 22 	 18 	 15 	 12 	 9 	 5 	 5
40 	 36 	 34 	 30 	 27 	 23 	 22 	 18 	 14 	 14 	 7 	 7 	 4
40 	 36 	 34 	 29 	 27 	 24 	 22 	 17 	 16 	 11 	 10 	 5 	 4
40 	 36 	 33 	 31 	 26 	 26 	 20 	 19 	 14 	 13 	 8 	 7 	 2
40 	 36 	 33 	 31 	 26 	 26 	 20 	 18 	 16 	 11 	 10 	 5 	 3
39 	 37 	 33 	 31 	 26 	 26 	 20 	 18 	 16 	 11 	 10 	 5 	 3
39 	 37 	 33 	 31 	 26 	 24 	 23 	 16 	 16 	 12 	 9 	 6 	 2 	 2
38 	 38 	 33 	 31 	 26 	 24 	 23 	 16 	 16 	 12 	 9 	 6 	 2 	 1
38 	 38 	 33 	 30 	 29 	 23 	 21 	 18 	 15 	 12 	 9 	 6 	 2 	 1
38 	 38 	 33 	 30 	 29 	 23 	 21 	 18 	 15 	 12 	 9 	 5 	 5
