50 	 44 	 42 	 40 	 38 	 35 	 32 	 31 	 26 	 24 	 19 	 19 	 12 	 10 	 5 	 5
50 	 44 	 42 	 40 	 38 	 35 	 32 	 31 	 26 	 24 	 19 	 19 	 12 	 9 	 8 	 2
49 	 45 	 41 	 41 	 38 	 35 	 32 	 31 	 26 	 23 	 21 	 16 	 14 	 9 	 7 	 3
49 	 45 	 41 	 41 	 37 	 36 	 32 	 31 	 26 	 23 	 21 	 16 	 13 	 11 	 5 	 5
49 	 45 	 41 	 41 	 37 	 36 	 32 	 30 	 28 	 22 	 21 	 16 	 13 	 11 	 5 	 5
49 	 44 	 43 	 40 	 37 	 35 	 34 	 30 	 25 	 24 	 20 	 17 	 12 	 11 	 7 	 3
49 	 44 	 43 	 39 	 39 	 34 	 34 	 30 	 25 	 24 	 20 	 16 	 14 	 10 	 7 	 2 	 2
48 	 45 	 43 	 39 	 39 	 34 	 34 	 30 	 24 	 24 	 22 	 15 	 14 	 10 	 7 	 2
47 	 46 	 43 	 39 	 39 	 34 	 34 	 29 	 28 	 22 	 21 	 16 	 13 	 11 	 5 	 3 	 2
47 	 46 	 43 	 39 	 38 	 37 	 32 	 30 	 26 	 23 	 20 	 19 	 12 	 9 	 7 	 3
47 	 46 	 42 	 41 	 37 	 35 	 34 	 29 	 27 	 22 	 22 	 15 	 14 	 10 	 6 	 3
47 	 46 	 42 	 41 	 37 	 35 	 34 	 28 	 28 	 23 	 20 	 19 	 12 	 8 	 8 	 2
47 	 45 	 43 	 41 	 37 	 35 	 32 	 31 	 27 	 22 	 22 	 14 	 14 	 11 	 7 	 3
47 	 45 	 43 	 41 	 37 	 35 	 32 	 31 	 27 	 22 	 21 	 17 	 13 	 10 	 6 	 3
