46 	 36 	 34 	 32 	 28 	 26 	 19 	 18 	 15 	 14 	 12 	 8 	 8 	 3 	 1
44 	 37 	 35 	 32 	 28 	 25 	 20 	 18 	 15 	 14 	 12 	 8 	 8 	 3
44 	 37 	 35 	 32 	 28 	 25 	 20 	 18 	 15 	 14 	 12 	 8 	 7 	 4
44 	 36 	 35 	 34 	 27 	 24 	 21 	 18 	 15 	 14 	 11 	 9 	 7 	 4
43 	 38 	 35 	 31 	 30 	 23 	 21 	 17 	 16 	 13 	 12 	 9 	 7 	 3 	 2
43 	 38 	 34 	 33 	 27 	 26 	 19 	 19 	 15 	 14 	 11 	 11 	 6 	 2 	 2
43 	 37 	 35 	 34 	 27 	 24 	 20 	 19 	 15 	 14 	 11 	 10 	 6 	 4
42 	 41 	 34 	 31 	 28 	 23 	 22 	 17 	 16 	 13 	 12 	 9 	 6 	 5
42 	 40 	 34 	 31 	 29 	 23 	 22 	 17 	 16 	 13 	 12 	 9 	 6 	 5
42 	 39 	 34 	 32 	 29 	 23 	 22 	 17 	 16 	 13 	 12 	 9 	 6 	 4 	 2
