47 	 41 	 32 	 44 	 48 	 14
47 	 41 	 32 	 44 	 22 	 5
47 	 41 	 32 	 40 	 22 	 5
47 	 38 	 32 	 40 	 22 	 5
47 	 38 	 32 	 40 	 22 	 4
47 	 38 	 32 	 40 	 22 	 4
47 	 38 	 30 	 40 	 22 	 4
47 	 38 	 30 	 40 	 22 	 13
47 	 38 	 30 	 40 	 17 	 13
46 	 38 	 30 	 40 	 17 	 3
46 	 38 	 30 	 39 	 17 	 3
46 	 38 	 30 	 39 	 17 	 12
46 	 37 	 30 	 39 	 17
46 	 37 	 30 	 39 	 17
46 	 37 	 30 	 39 	 17
46 	 37 	 29 	 39 	 26 	 18
46 	 37 	 29 	 39 	 26 	 18
46 	 37 	 29 	 39 	 26 	 15
45 	 37 	 29 	 35 	 26 	 15
45 	 37 	 29 	 35 	 26 	 15
45 	 37 	 29 	 35 	 26 	 15
45 	 37 	 29 	 35 	 24 	 15
45 	 36 	 29 	 35 	 24 	 11
45 	 36 	 29 	 35 	 24 	 11
45 	 36 	 28 	 35 	 24 	 11
45 	 36 	 28 	 35 	 24 	 11
45 	 36 	 28 	 31 	 24 	 11
43 	 36 	 28 	 31 	 19 	 16
43 	 36 	 28 	 31 	 19 	 16
43 	 36 	 28 	 31 	 19 	 16
43 	 36 	 28 	 31 	 19 	 16
43 	 34 	 28 	 31 	 19 	 8
43 	 34 	 28 	 31 	 19 	 8
43 	 34 	 27 	 31 	 10 	 8
43 	 34 	 27 	 25 	 10 	 8
43 	 34 	 27 	 25 	 10 	 7
43 	 34 	 27 	 25 	 10 	 7
42 	 34 	 27 	 25 	 10 	 7
42 	 34 	 27 	 25 	 10 	 7
42 	 34 	 27 	 25 	 9 	 6
42 	 34 	 27 	 25 	 9 	 6
42 	 33 	 27 	 25 	 9 	 6
42 	 33 	 50 	 49 	 21 	 9 	 6
42 	 33 	 50 	 49 	 21 	 9 	 14
42 	 33 	 50 	 49 	 21 	 9 	 14
42 	 33 	 50 	 49 	 21 	 23 	 20
42 	 33 	 50 	 49 	 21 	 23 	 20
41 	 33 	 50 	 44 	 21 	 23 	 18
41 	 33 	 50 	 44 	 21 	 23 	 18
41 	 33 	 50 	 44 	 21 	 23 	 18
41 	 32 	 49 	 44 	 48 	 48 	 20
41 	 32 	 49 	 44 	 48 	 48 	 20
41 	 32 	 49 	 44 	 48 	 48 	 20
