50 	 42 	 40 	 36 	 26 	 23 	 20 	 18 	 13 	 12 	 6 	 2
50 	 42 	 40 	 34 	 26 	 25 	 19 	 19 	 13 	 12 	 6 	 2
50 	 41 	 41 	 37 	 26 	 23 	 19 	 17 	 16 	 9 	 8
49 	 46 	 38 	 32 	 27 	 25 	 19 	 19 	 12 	 12 	 9
49 	 46 	 38 	 32 	 27 	 25 	 19 	 18 	 15 	 11 	 6 	 2
49 	 45 	 39 	 31 	 28 	 25 	 19 	 18 	 15 	 11 	 6 	 2
49 	 44 	 40 	 30 	 29 	 24 	 22 	 16 	 15 	 10 	 7 	 1
49 	 42 	 41 	 34 	 26 	 24 	 22 	 16 	 15 	 9 	 9
49 	 42 	 41 	 33 	 27 	 23 	 22 	 16 	 16 	 9 	 9
48 	 46 	 39 	 31 	 28 	 24 	 22 	 16 	 14 	 12 	 6 	 1
48 	 46 	 39 	 31 	 28 	 23 	 22 	 17 	 14 	 12 	 5 	 3
48 	 46 	 39 	 31 	 27 	 25 	 21 	 17 	 14 	 12 	 5 	 3
47 	 47 	 39 	 30 	 29 	 23 	 22 	 17 	 14 	 12 	 5 	 3
47 	 47 	 39 	 30 	 28 	 25 	 21 	 17 	 13 	 12 	 7 	 1
47 	 47 	 39 	 30 	 28 	 25 	 21 	 16 	 16 	 9 	 9
47 	 46 	 40 	 29 	 29 	 25 	 20 	 18 	 15 	 11 	 4 	 3
