50 	 44 	 37 	 30
50 	 44 	 37 	 30
50 	 44 	 37 	 30
50 	 43 	 37 	 30
50 	 43 	 37 	 30
50 	 43 	 37 	 30
50 	 43 	 36 	 30
50 	 43 	 36 	 30
50 	 43 	 36 	 30
50 	 43 	 36 	 29
49 	 43 	 36 	 29
49 	 43 	 36 	 29
49 	 43 	 36 	 29
49 	 42 	 36 	 29
49 	 42 	 36 	 29
49 	 42 	 36 	 29
49 	 42 	 35 	 29
49 	 42 	 35 	 29
49 	 42 	 35 	 29
49 	 42 	 35 	 28
48 	 42 	 35 	 28
48 	 42 	 35 	 28
48 	 42 	 35 	 28
48 	 41 	 35 	 28
48 	 41 	 35 	 28
48 	 41 	 35 	 28
48 	 41 	 34 	 28
48 	 41 	 34 	 28
48 	 41 	 34 	 28
48 	 41 	 34 	 27
47 	 41 	 34 	 27
47 	 41 	 34 	 27
47 	 41 	 34 	 27
47 	 40 	 34 	 27
47 	 40 	 34 	 27
47 	 40 	 34 	 27
47 	 40 	 33 	 27
47 	 40 	 33 	 27
47 	 40 	 33 	 27
47 	 40 	 33 	 26
46 	 40 	 33 	 26
46 	 40 	 33 	 26
46 	 40 	 33 	 26
46 	 39 	 33 	 26
46 	 39 	 33 	 26
46 	 39 	 33 	 26
46 	 39 	 32 	 26
46 	 39 	 32 	 26
46 	 39 	 32 	 26
46 	 39 	 32 	 6 	 5 	 22
45 	 39 	 32 	 6 	 5 	 22
45 	 39 	 32 	 6 	 3 	 21 	 9
45 	 39 	 32 	 6 	 3 	 21 	 8
45 	 38 	 32 	 6 	 3 	 21 	 7
45 	 38 	 32 	 6 	 3 	 19 	 1
45 	 38 	 32 	 6 	 3 	 19
45 	 38 	 31 	 6 	 3 	 19
45 	 38 	 31 	 4 	 25 	 24 	 18
45 	 38 	 31 	 4 	 25 	 24 	 18
45 	 38 	 31 	 4 	 25 	 24 	 18
44 	 38 	 31 	 4 	 25 	 24 	 16
44 	 38 	 31 	 4 	 25 	 23 	 16
44 	 38 	 31 	 4 	 2 	 23 	 16
44 	 37 	 31 	 4 	 2 	 23 	 20
44 	 37 	 31 	 4 	 2 	 23 	 20
44 	 37 	 31 	 5 	 5 	 2 	 22 	 17
44 	 37 	 30 	 5 	 5 	 2 	 22 	 17
