50 	 45 	 44 	 39 	 38 	 33 	 32 	 27 	 26 	 21 	 20 	 15 	 14 	 9 	 8 	 3 	 2
50 	 45 	 44 	 39 	 38 	 33 	 32 	 27 	 26 	 21 	 20 	 15 	 14 	 9 	 8 	 3 	 2
50 	 45 	 44 	 39 	 38 	 33 	 32 	 27 	 26 	 21 	 20 	 15 	 14 	 9 	 8 	 3 	 2
50 	 45 	 44 	 39 	 38 	 33 	 32 	 27 	 26 	 21 	 20 	 15 	 14 	 9 	 8 	 3 	 2
50 	 45 	 44 	 39 	 38 	 33 	 32 	 27 	 26 	 21 	 20 	 15 	 14 	 9 	 8 	 3 	 2
50 	 45 	 44 	 39 	 38 	 33 	 32 	 27 	 26 	 21 	 20 	 15 	 14 	 9 	 8 	 3 	 2
50 	 45 	 44 	 39 	 38 	 33 	 32 	 27 	 26 	 21 	 20 	 15 	 14 	 9 	 8 	 3 	 2
50 	 45 	 44 	 39 	 38 	 33 	 32 	 27 	 26 	 21 	 20 	 15 	 14 	 9 	 8 	 3 	 2
50 	 45 	 44 	 39 	 38 	 33 	 32 	 27 	 26 	 21 	 20 	 15 	 14 	 9 	 8 	 3 	 2
50 	 45 	 44 	 39 	 38 	 33 	 32 	 27 	 26 	 21 	 20 	 15 	 14 	 9 	 8 	 3 	 2
49 	 46 	 43 	 40 	 36 	 35 	 31 	 28 	 25 	 22 	 19 	 16 	 12 	 11 	 6 	 5
49 	 46 	 43 	 40 	 36 	 35 	 31 	 28 	 25 	 22 	 19 	 16 	 12 	 11 	 6 	 5
49 	 46 	 43 	 40 	 36 	 35 	 31 	 28 	 25 	 22 	 19 	 16 	 12 	 11 	 6 	 5
49 	 46 	 43 	 40 	 36 	 35 	 31 	 28 	 25 	 22 	 19 	 16 	 12 	 11 	 6 	 5
49 	 46 	 43 	 40 	 36 	 35 	 31 	 28 	 25 	 22 	 19 	 16 	 12 	 11 	 6 	 5
49 	 46 	 43 	 40 	 36 	 35 	 31 	 28 	 25 	 22 	 19 	 16 	 12 	 11 	 6 	 5
49 	 46 	 43 	 40 	 36 	 35 	 31 	 28 	 25 	 22 	 19 	 16 	 12 	 11 	 6 	 5
49 	 46 	 43 	 40 	 36 	 35 	 31 	 28 	 25 	 22 	 19 	 16 	 12 	 11 	 6 	 5
49 	 46 	 43 	 40 	 36 	 35 	 31 	 28 	 25 	 22 	 19 	 16 	 12 	 11 	 6 	 5
49 	 46 	 43 	 40 	 36 	 35 	 31 	 28 	 25 	 22 	 19 	 16 	 12 	 11 	 6 	 5
48 	 47 	 42 	 41 	 37 	 34 	 30 	 29 	 24 	 23 	 18 	 17 	 13 	 10 	 7 	 4 	 1
48 	 47 	 42 	 41 	 37 	 34 	 30 	 29 	 24 	 23 	 18 	 17 	 13 	 10 	 7 	 4 	 1
48 	 47 	 42 	 41 	 37 	 34 	 30 	 29 	 24 	 23 	 18 	 17 	 13 	 10 	 7 	 4 	 1
48 	 47 	 42 	 41 	 37 	 34 	 30 	 29 	 24 	 23 	 18 	 17 	 13 	 10 	 7 	 4 	 1
48 	 47 	 42 	 41 	 37 	 34 	 30 	 29 	 24 	 23 	 18 	 17 	 13 	 10 	 7 	 4 	 1
48 	 47 	 42 	 41 	 37 	 34 	 30 	 29 	 24 	 23 	 18 	 17 	 13 	 10 	 7 	 4 	 1
48 	 47 	 42 	 41 	 37 	 34 	 30 	 29 	 24 	 23 	 18 	 17 	 13 	 10 	 7 	 4 	 1
48 	 47 	 42 	 41 	 37 	 34 	 30 	 29 	 24 	 23 	 18 	 17 	 13 	 10 	 7 	 4 	 1
48 	 47 	 42 	 41 	 37 	 34 	 30 	 29 	 24 	 23 	 18 	 17 	 13 	 10 	 7 	 4 	 1
48 	 47 	 42 	 41 	 37 	 34 	 30 	 29 	 24 	 23 	 18 	 17 	 13 	 10 	 7 	 4 	 1
