50 	 45 	 42 	 39 	 37 	 32 	 32 	 27 	 26 	 22 	 21 	 16 	 16 	 12 	 10 	 8 	 6 	 5 	 2 	 1
50 	 43 	 43 	 40 	 36 	 35 	 29 	 28 	 25 	 23 	 21 	 16 	 15 	 13 	 9 	 9 	 6 	 5 	 2 	 1
49 	 46 	 42 	 39 	 36 	 34 	 30 	 27 	 27 	 22 	 20 	 18 	 15 	 11 	 11 	 7 	 7 	 5 	 2 	 1
49 	 45 	 43 	 39 	 36 	 34 	 29 	 29 	 25 	 23 	 20 	 18 	 15 	 11 	 11 	 7 	 7 	 4 	 3 	 1
49 	 45 	 43 	 38 	 38 	 33 	 30 	 29 	 24 	 24 	 20 	 16 	 15 	 13 	 9 	 9 	 6 	 4 	 3 	 1
49 	 45 	 43 	 38 	 38 	 33 	 30 	 29 	 24 	 24 	 19 	 19 	 14 	 12 	 10 	 8 	 6 	 4 	 3 	 1
49 	 45 	 43 	 38 	 38 	 33 	 30 	 29 	 24 	 24 	 19 	 19 	 14 	 12 	 10 	 8 	 6 	 4 	 3 	 1
49 	 45 	 42 	 40 	 36 	 33 	 31 	 27 	 26 	 23 	 20 	 18 	 15 	 11 	 11 	 7 	 7 	 4 	 3 	 1
49 	 45 	 42 	 40 	 36 	 33 	 31 	 27 	 26 	 23 	 20 	 18 	 14 	 12 	 10 	 9 	 5 	 5 	 3
49 	 45 	 42 	 40 	 36 	 33 	 31 	 27 	 26 	 23 	 20 	 18 	 14 	 12 	 10 	 8 	 7 	 4 	 3
48 	 46 	 42 	 40 	 36 	 33 	 31 	 27 	 26 	 23 	 20 	 18 	 14 	 12 	 10 	 8 	 7 	 4 	 2 	 2
47 	 47 	 42 	 40 	 36 	 33 	 31 	 27 	 26 	 22 	 21 	 17 	 15 	 12 	 10 	 8 	 6 	 5 	 2 	 2
47 	 47 	 42 	 40 	 36 	 33 	 31 	 27 	 26 	 22 	 21 	 17 	 15 	 12 	 10 	 8 	 6 	 5 	 2 	 2
47 	 46 	 43 	 40 	 36 	 33 	 30 	 29 	 24 	 24 	 20 	 16 	 16 	 13 	 9 	 9 	 6 	 4 	 3
47 	 46 	 43 	 39 	 37 	 35 	 29 	 28 	 26 	 22 	 20 	 16 	 16 	 13 	 9 	 9 	 5 	 5 	 3
