50 	 48 	 47 	 44 	 42 	 41 	 37 	 33 	 29 	 26 	 22 	 22 	 18 	 17 	 13 	 12 	 8 	 7 	 2
50 	 48 	 47 	 44 	 42 	 41 	 37 	 33 	 29 	 25 	 24 	 20 	 20 	 15 	 15 	 11 	 8 	 7 	 2
50 	 48 	 47 	 43 	 43 	 41 	 37 	 33 	 29 	 25 	 24 	 20 	 19 	 17 	 13 	 12 	 8 	 7 	 2
50 	 48 	 47 	 43 	 43 	 41 	 37 	 33 	 28 	 28 	 22 	 20 	 19 	 16 	 15 	 11 	 8 	 7 	 2
50 	 48 	 46 	 45 	 42 	 40 	 38 	 32 	 30 	 25 	 24 	 20 	 19 	 16 	 15 	 11 	 8 	 7 	 2
50 	 48 	 46 	 45 	 42 	 40 	 38 	 32 	 30 	 25 	 24 	 20 	 19 	 16 	 15 	 10 	 10 	 4 	 4
50 	 48 	 46 	 45 	 42 	 40 	 38 	 32 	 29 	 27 	 22 	 21 	 19 	 16 	 15 	 10 	 10 	 4 	 3 	 1
50 	 48 	 46 	 44 	 43 	 40 	 38 	 31 	 31 	 25 	 23 	 21 	 19 	 16 	 14 	 11 	 10 	 4 	 3 	 1
50 	 48 	 46 	 44 	 43 	 39 	 38 	 36 	 28 	 25 	 22 	 21 	 19 	 16 	 14 	 11 	 10 	 4 	 3 	 1
50 	 47 	 47 	 44 	 43 	 39 	 38 	 34 	 28 	 27 	 22 	 21 	 18 	 17 	 14 	 11 	 10 	 4 	 3 	 1
49 	 49 	 46 	 44 	 43 	 39 	 38 	 34 	 28 	 27 	 22 	 21 	 18 	 17 	 14 	 11 	 9 	 7 	 1
49 	 49 	 46 	 44 	 43 	 39 	 38 	 34 	 28 	 26 	 23 	 21 	 18 	 17 	 14 	 11 	 9 	 7 	 1
49 	 49 	 46 	 44 	 43 	 39 	 38 	 33 	 29 	 26 	 23 	 21 	 18 	 17 	 13 	 12 	 9 	 6 	 3
49 	 49 	 46 	 44 	 42 	 42 	 37 	 31 	 30 	 26 	 23 	 21 	 18 	 17 	 13 	 12 	 9 	 6 	 2
49 	 49 	 46 	 44 	 42 	 41 	 37 	 33 	 29 	 26 	 23 	 20 	 20 	 16 	 13 	 12 	 9 	 5 	 3
