50 	 47 	 44 	 43 	 38 	 37 	 34 	 30 	 30 	 24 	 22 	 20 	 17 	 16 	 13 	 13 	 10 	 9 	 7 	 6 	 3 	 3
50 	 47 	 44 	 42 	 39 	 37 	 34 	 30 	 30 	 24 	 22 	 20 	 17 	 16 	 13 	 13 	 10 	 9 	 7 	 6 	 3 	 3
50 	 47 	 44 	 42 	 39 	 37 	 33 	 32 	 28 	 25 	 22 	 19 	 18 	 16 	 13 	 13 	 10 	 9 	 7 	 6 	 3 	 3
50 	 47 	 44 	 42 	 39 	 37 	 32 	 32 	 29 	 25 	 22 	 19 	 18 	 15 	 15 	 12 	 10 	 9 	 7 	 6 	 3 	 3
50 	 46 	 46 	 41 	 38 	 38 	 34 	 30 	 29 	 25 	 21 	 21 	 17 	 17 	 13 	 12 	 11 	 8 	 8 	 5 	 4 	 2
50 	 46 	 45 	 41 	 41 	 35 	 34 	 32 	 28 	 25 	 21 	 21 	 17 	 17 	 13 	 12 	 10 	 10 	 6 	 6 	 3 	 2 	 1
50 	 46 	 45 	 41 	 40 	 37 	 32 	 32 	 28 	 27 	 21 	 20 	 17 	 16 	 14 	 12 	 11 	 9 	 6 	 6 	 5 	 1
50 	 46 	 45 	 41 	 40 	 36 	 34 	 32 	 28 	 25 	 21 	 21 	 17 	 16 	 14 	 12 	 11 	 8 	 8 	 5 	 5 	 1
50 	 46 	 45 	 41 	 40 	 35 	 35 	 32 	 28 	 25 	 21 	 20 	 18 	 15 	 15 	 11 	 11 	 9 	 8 	 5 	 4 	 2
49 	 48 	 44 	 41 	 39 	 37 	 34 	 31 	 28 	 25 	 23 	 19 	 18 	 15 	 15 	 11 	 11 	 9 	 8 	 5 	 4 	 2
49 	 48 	 44 	 41 	 39 	 37 	 34 	 31 	 28 	 25 	 23 	 19 	 18 	 15 	 14 	 13 	 10 	 9 	 7 	 6 	 3 	 2 	 1
49 	 48 	 44 	 41 	 39 	 37 	 34 	 31 	 28 	 25 	 23 	 19 	 18 	 15 	 14 	 13 	 10 	 9 	 7 	 5 	 5 	 2
48 	 48 	 45 	 41 	 40 	 35 	 35 	 32 	 27 	 25 	 23 	 19 	 18 	 15 	 14 	 12 	 11 	 9 	 7 	 6 	 4 	 2
48 	 48 	 44 	 44 	 38 	 35 	 35 	 31 	 28 	 26 	 22 	 20 	 17 	 16 	 14 	 12 	 11 	 8 	 8 	 5 	 4 	 2 	 1
48 	 48 	 44 	 43 	 38 	 37 	 35 	 30 	 28 	 26 	 22 	 20 	 17 	 16 	 14 	 12 	 11 	 8 	 8 	 5 	 4 	 2 	 1
