50 	 43 	 43 	 40 	 36 	 33 	 29 	 29 	 23 	 22 	 18 	 16 	 12 	 11 	 9 	 5 	 4 	 1
50 	 43 	 43 	 40 	 36 	 33 	 29 	 29 	 23 	 22 	 18 	 15 	 14 	 10 	 8 	 5 	 5
49 	 45 	 42 	 40 	 36 	 33 	 29 	 27 	 24 	 23 	 18 	 15 	 14 	 10 	 8 	 5 	 4 	 2
49 	 45 	 42 	 40 	 35 	 33 	 31 	 26 	 26 	 20 	 19 	 16 	 13 	 10 	 9 	 5 	 4 	 1
49 	 45 	 42 	 39 	 36 	 34 	 30 	 27 	 24 	 21 	 19 	 16 	 12 	 12 	 7 	 6 	 4
49 	 45 	 42 	 39 	 36 	 34 	 29 	 29 	 23 	 21 	 19 	 16 	 12 	 12 	 7 	 6 	 3 	 2
49 	 45 	 42 	 39 	 36 	 33 	 31 	 27 	 24 	 20 	 20 	 15 	 14 	 10 	 7 	 7 	 3 	 2
49 	 45 	 42 	 39 	 36 	 33 	 31 	 27 	 24 	 20 	 20 	 15 	 14 	 9 	 9 	 6 	 3 	 2
48 	 45 	 43 	 38 	 38 	 32 	 31 	 26 	 26 	 20 	 19 	 16 	 12 	 12 	 7 	 6 	 3 	 2
48 	 45 	 43 	 38 	 38 	 32 	 31 	 26 	 26 	 20 	 19 	 16 	 12 	 11 	 9 	 5 	 4 	 1
47 	 47 	 40 	 40 	 37 	 33 	 31 	 26 	 26 	 20 	 18 	 17 	 12 	 11 	 8 	 6 	 3 	 2
47 	 46 	 43 	 38 	 37 	 33 	 30 	 27 	 24 	 23 	 18 	 15 	 14 	 9 	 9 	 6 	 3 	 2
47 	 46 	 43 	 38 	 36 	 35 	 29 	 27 	 24 	 23 	 17 	 16 	 15 	 9 	 8 	 5 	 5
47 	 46 	 42 	 40 	 36 	 33 	 30 	 27 	 24 	 22 	 18 	 16 	 13 	 11 	 7 	 7 	 3 	 2
47 	 46 	 42 	 40 	 36 	 33 	 30 	 27 	 24 	 22 	 18 	 16 	 13 	 10 	 9 	 5 	 4 	 1
