50 	 41 	 37 	 36 	 30 	 29 	 24 	 19 	 15 	 9 	 6
50 	 41 	 37 	 36 	 30 	 29 	 23 	 21 	 13 	 10 	 6
50 	 41 	 37 	 36 	 30 	 29 	 23 	 20 	 15 	 9 	 5
50 	 40 	 40 	 33 	 32 	 27 	 26 	 17 	 16 	 9 	 5
50 	 40 	 40 	 33 	 32 	 27 	 25 	 19 	 15 	 8 	 7
50 	 40 	 39 	 34 	 33 	 27 	 23 	 20 	 14 	 12 	 3 	 2
49 	 41 	 38 	 36 	 30 	 29 	 23 	 20 	 14 	 11 	 4 	 1
49 	 41 	 38 	 36 	 30 	 29 	 23 	 20 	 14 	 11 	 4 	 1
48 	 43 	 37 	 35 	 32 	 27 	 25 	 19 	 14 	 11 	 4 	 1
48 	 42 	 38 	 35 	 32 	 27 	 25 	 19 	 14 	 10 	 6
48 	 42 	 38 	 35 	 32 	 27 	 25 	 18 	 16 	 8 	 7
48 	 41 	 40 	 34 	 31 	 29 	 22 	 21 	 13 	 12 	 3 	 2
48 	 41 	 40 	 34 	 31 	 29 	 22 	 21 	 13 	 12 	 3 	 2
47 	 44 	 37 	 35 	 31 	 29 	 22 	 21 	 13 	 12 	 3 	 2
47 	 44 	 37 	 35 	 31 	 28 	 25 	 18 	 16 	 8 	 6 	 1
47 	 43 	 39 	 34 	 33 	 26 	 26 	 17 	 16 	 10 	 4 	 1
47 	 43 	 39 	 34 	 33 	 26 	 26 	 17 	 16 	 10 	 3 	 2
47 	 43 	 39 	 34 	 32 	 27 	 25 	 18 	 16 	 8 	 6 	 1
47 	 43 	 39 	 34 	 32 	 27 	 25 	 17 	 16 	 10 	 5
46 	 46 	 36 	 36 	 30 	 28 	 24 	 20 	 13 	 13 	 3
46 	 45 	 37 	 35 	 30 	 29 	 24 	 19 	 16 	 8 	 6
46 	 45 	 37 	 34 	 33 	 27 	 24 	 19 	 15 	 10 	 5
46 	 44 	 38 	 36 	 30 	 28 	 24 	 19 	 16 	 7 	 7
