50 	 48 	 45 	 42 	 39 	 35 	 32 	 28 	 27 	 23 	 21 	 18 	 12 	 12 	 7 	 5
50 	 48 	 45 	 42 	 38 	 37 	 31 	 28 	 27 	 23 	 20 	 18 	 14 	 9 	 9 	 3 	 2
50 	 48 	 45 	 42 	 38 	 36 	 32 	 27 	 27 	 24 	 20 	 18 	 13 	 12 	 6 	 5
50 	 48 	 45 	 42 	 38 	 36 	 31 	 30 	 26 	 22 	 22 	 17 	 14 	 12 	 6 	 3 	 2
50 	 48 	 45 	 42 	 38 	 36 	 31 	 30 	 25 	 23 	 22 	 16 	 16 	 9 	 9 	 3 	 2
50 	 48 	 43 	 43 	 40 	 33 	 33 	 30 	 25 	 23 	 22 	 16 	 16 	 9 	 9 	 3 	 2
50 	 47 	 47 	 40 	 40 	 33 	 33 	 29 	 26 	 25 	 20 	 16 	 15 	 11 	 7 	 5
50 	 47 	 46 	 43 	 38 	 33 	 33 	 29 	 26 	 25 	 20 	 16 	 15 	 11 	 6 	 5
50 	 47 	 46 	 43 	 38 	 33 	 33 	 29 	 26 	 25 	 19 	 18 	 14 	 10 	 9 	 3
49 	 48 	 46 	 40 	 40 	 35 	 32 	 29 	 26 	 24 	 21 	 17 	 14 	 12 	 6 	 5
