50 	 45 	 43 	 42 	 38 	 36 	 33 	 31 	 26 	 24 	 23 	 19 	 17 	 16 	 13 	 13 	 9 	 9 	 7 	 5 	 4 	 1 	 1
50 	 45 	 43 	 42 	 38 	 36 	 33 	 30 	 27 	 24 	 23 	 19 	 17 	 16 	 13 	 12 	 11 	 8 	 7 	 5 	 4 	 1
49 	 47 	 42 	 40 	 39 	 37 	 33 	 29 	 29 	 23 	 22 	 19 	 18 	 15 	 14 	 11 	 11 	 9 	 6 	 6 	 3 	 2
49 	 47 	 42 	 40 	 39 	 37 	 33 	 29 	 29 	 23 	 21 	 20 	 18 	 15 	 14 	 11 	 11 	 9 	 6 	 6 	 3 	 2
49 	 46 	 43 	 41 	 39 	 36 	 33 	 30 	 27 	 24 	 23 	 19 	 17 	 16 	 13 	 12 	 11 	 8 	 7 	 5 	 3 	 3
49 	 46 	 43 	 41 	 39 	 36 	 33 	 30 	 27 	 24 	 23 	 19 	 17 	 16 	 13 	 12 	 10 	 9 	 7 	 5 	 3 	 2
49 	 46 	 43 	 41 	 39 	 36 	 33 	 30 	 27 	 24 	 23 	 18 	 18 	 16 	 13 	 12 	 10 	 9 	 6 	 6 	 3 	 2
49 	 46 	 43 	 40 	 40 	 36 	 32 	 31 	 27 	 24 	 22 	 20 	 17 	 15 	 14 	 12 	 10 	 8 	 8 	 5 	 3 	 1 	 1
49 	 45 	 45 	 40 	 38 	 37 	 32 	 31 	 27 	 24 	 22 	 20 	 17 	 15 	 14 	 12 	 10 	 8 	 8 	 5 	 3 	 1 	 1
49 	 45 	 45 	 40 	 38 	 36 	 35 	 29 	 27 	 24 	 22 	 20 	 16 	 16 	 14 	 12 	 10 	 9 	 6 	 6 	 3 	 2
49 	 45 	 44 	 40 	 40 	 35 	 34 	 29 	 29 	 23 	 21 	 20 	 18 	 15 	 14 	 11 	 11 	 8 	 7 	 5 	 4 	 2
49 	 45 	 43 	 42 	 38 	 36 	 34 	 29 	 27 	 26 	 21 	 20 	 16 	 16 	 14 	 12 	 10 	 9 	 6 	 6 	 3 	 2
48 	 47 	 43 	 40 	 40 	 35 	 33 	 31 	 26 	 26 	 21 	 19 	 18 	 15 	 14 	 12 	 10 	 8 	 7 	 5 	 4 	 2
48 	 47 	 42 	 42 	 38 	 36 	 33 	 31 	 26 	 26 	 21 	 19 	 18 	 15 	 14 	 12 	 10 	 8 	 7 	 5 	 4 	 2
47 	 47 	 43 	 42 	 38 	 36 	 33 	 31 	 26 	 26 	 20 	 20 	 18 	 15 	 13 	 13 	 9 	 9 	 7 	 5 	 4 	 1 	 1
