50 	 40 	 39 	 37 	 30 	 29 	 25 	 19 	 14 	 5 	 4 	 1
50 	 40 	 39 	 36 	 34 	 27 	 23 	 20 	 12 	 7 	 4
48 	 41 	 40 	 36 	 33 	 28 	 22 	 22 	 9 	 8 	 4 	 1
48 	 40 	 40 	 37 	 33 	 27 	 25 	 18 	 17 	 4 	 2 	 2
47 	 44 	 38 	 35 	 35 	 27 	 22 	 21 	 12 	 7 	 3 	 1
47 	 42 	 40 	 35 	 34 	 27 	 25 	 18 	 16 	 5 	 2 	 2
47 	 42 	 40 	 35 	 34 	 27 	 24 	 19 	 14 	 7 	 3
46 	 44 	 39 	 36 	 33 	 27 	 23 	 21 	 11 	 7 	 4 	 1
46 	 44 	 38 	 38 	 30 	 28 	 26 	 19 	 14 	 5 	 4
45 	 45 	 38 	 37 	 31 	 28 	 26 	 18 	 17 	 5 	 2
45 	 44 	 39 	 37 	 30 	 29 	 25 	 21 	 10 	 8 	 3 	 2
