49 	 46 	 40 	 37 	 31 	 24 	 21 	 18 	 11 	 7 	 3
48 	 46 	 45 	 33 	 28 	 26 	 22 	 18 	 10 	 8 	 3
48 	 46 	 45 	 32 	 31 	 25 	 21 	 18 	 11 	 6 	 4
48 	 46 	 44 	 34 	 30 	 25 	 20 	 19 	 14 	 5 	 2 	 1
48 	 46 	 44 	 34 	 30 	 24 	 24 	 16 	 11 	 6 	 4
48 	 46 	 43 	 37 	 28 	 24 	 23 	 16 	 16 	 5 	 1
48 	 46 	 43 	 35 	 29 	 25 	 23 	 16 	 15 	 5 	 2
47 	 47 	 41 	 37 	 28 	 27 	 20 	 19 	 10 	 9 	 2
47 	 47 	 40 	 40 	 27 	 25 	 22 	 17 	 14 	 6 	 1 	 1
47 	 47 	 40 	 38 	 28 	 26 	 21 	 19 	 10 	 7 	 4
