50 	 43 	 42 	 40 	 34 	 33 	 30 	 27 	 23 	 23 	 16 	 16 	 12 	 10 	 6 	 5 	 2
50 	 43 	 42 	 39 	 36 	 33 	 29 	 26 	 26 	 20 	 18 	 14 	 13 	 9 	 7 	 5 	 2
49 	 45 	 40 	 40 	 36 	 33 	 29 	 26 	 26 	 20 	 18 	 14 	 13 	 9 	 7 	 5 	 2
49 	 45 	 40 	 40 	 36 	 32 	 30 	 26 	 24 	 22 	 17 	 16 	 12 	 10 	 6 	 5 	 2
49 	 45 	 40 	 40 	 36 	 32 	 30 	 26 	 24 	 22 	 17 	 16 	 12 	 10 	 6 	 5 	 2
49 	 43 	 43 	 39 	 36 	 31 	 31 	 27 	 24 	 20 	 19 	 15 	 12 	 9 	 9 	 3 	 3
49 	 43 	 43 	 39 	 36 	 31 	 31 	 27 	 24 	 20 	 19 	 15 	 12 	 9 	 8 	 4 	 3
48 	 45 	 42 	 39 	 35 	 33 	 29 	 29 	 23 	 20 	 18 	 15 	 12 	 10 	 7 	 5 	 1 	 1
48 	 45 	 42 	 38 	 37 	 33 	 29 	 27 	 24 	 20 	 19 	 15 	 12 	 9 	 8 	 3 	 3
47 	 46 	 42 	 38 	 37 	 33 	 29 	 27 	 23 	 22 	 16 	 16 	 14 	 9 	 7 	 5 	 1 	 1
47 	 46 	 42 	 38 	 36 	 34 	 29 	 27 	 23 	 22 	 16 	 16 	 14 	 9 	 7 	 4 	 3
47 	 46 	 42 	 38 	 36 	 33 	 31 	 26 	 24 	 20 	 19 	 14 	 13 	 9 	 8 	 3 	 3
47 	 45 	 43 	 38 	 36 	 33 	 31 	 26 	 24 	 20 	 18 	 16 	 11 	 11 	 6 	 6 	 1
47 	 45 	 43 	 38 	 36 	 33 	 30 	 27 	 23 	 21 	 18 	 15 	 12 	 11 	 6 	 5 	 2
47 	 45 	 42 	 40 	 35 	 33 	 29 	 27 	 24 	 21 	 18 	 15 	 12 	 11 	 6 	 5 	 2
