50 	 48 	 47 	 44 	 40 	 38 	 37 	 32 	 31 	 28 	 24 	 22 	 19 	 17 	 16 	 11 	 9 	 6 	 5 	 1 	 1
50 	 48 	 47 	 43 	 42 	 38 	 37 	 32 	 30 	 28 	 24 	 22 	 19 	 17 	 16 	 10 	 10 	 6 	 4 	 2 	 1
50 	 48 	 47 	 43 	 42 	 38 	 37 	 32 	 30 	 28 	 23 	 23 	 19 	 17 	 15 	 11 	 9 	 8 	 3 	 2
50 	 48 	 46 	 44 	 42 	 37 	 37 	 34 	 28 	 28 	 25 	 22 	 19 	 18 	 14 	 11 	 10 	 6 	 4 	 3
50 	 48 	 46 	 44 	 41 	 40 	 35 	 32 	 31 	 28 	 23 	 23 	 18 	 18 	 14 	 12 	 9 	 7 	 4 	 2
50 	 48 	 46 	 44 	 41 	 40 	 35 	 32 	 31 	 27 	 25 	 21 	 21 	 17 	 13 	 13 	 8 	 7 	 4 	 2
50 	 48 	 46 	 44 	 41 	 39 	 35 	 34 	 30 	 27 	 24 	 22 	 21 	 16 	 15 	 11 	 10 	 6 	 4 	 2
50 	 48 	 46 	 44 	 41 	 39 	 35 	 34 	 30 	 27 	 24 	 22 	 21 	 16 	 15 	 11 	 10 	 5 	 5 	 2
50 	 47 	 47 	 45 	 41 	 37 	 37 	 34 	 28 	 28 	 25 	 22 	 19 	 18 	 14 	 11 	 10 	 6 	 4 	 3
50 	 47 	 47 	 45 	 40 	 39 	 35 	 34 	 30 	 26 	 25 	 22 	 20 	 17 	 15 	 11 	 9 	 8 	 3 	 1 	 1
49 	 49 	 46 	 44 	 41 	 39 	 35 	 34 	 30 	 26 	 25 	 22 	 20 	 17 	 14 	 13 	 8 	 7 	 4 	 1 	 1
49 	 49 	 46 	 44 	 41 	 39 	 35 	 34 	 29 	 28 	 25 	 21 	 21 	 17 	 13 	 13 	 8 	 8 	 3 	 1 	 1
49 	 49 	 45 	 45 	 41 	 38 	 37 	 32 	 31 	 26 	 25 	 22 	 19 	 18 	 14 	 13 	 8 	 7 	 3 	 3
49 	 48 	 47 	 44 	 41 	 39 	 35 	 34 	 29 	 28 	 25 	 21 	 21 	 17 	 13 	 13 	 8 	 7 	 4 	 2
49 	 48 	 47 	 44 	 41 	 38 	 37 	 32 	 32 	 25 	 25 	 22 	 19 	 18 	 14 	 12 	 9 	 7 	 4 	 2
