50 	 39 	 34 	 43 	 32 	 13
50 	 39 	 34 	 43 	 32 	 13
50 	 39 	 34 	 41 	 32 	 13
50 	 39 	 34 	 41 	 32 	 24
50 	 39 	 34 	 41 	 25 	 22
50 	 39 	 34 	 41 	 25 	 22
50 	 39 	 49 	 47 	 41 	 25 	 20
50 	 39 	 49 	 46 	 41 	 25 	 20
50 	 37 	 49 	 46 	 41 	 25 	 20
45 	 37 	 49 	 46 	 41 	 31 	 27 	 17
45 	 37 	 49 	 46 	 33 	 31 	 27 	 16
45 	 37 	 49 	 46 	 33 	 31 	 27 	 14
45 	 37 	 49 	 46 	 33 	 31 	 26 	 12
45 	 37 	 49 	 46 	 33 	 30 	 26
45 	 37 	 48 	 46 	 33 	 30 	 26
45 	 37 	 48 	 44 	 33 	 30 	 26
45 	 37 	 48 	 44 	 33 	 30 	 15
45 	 35 	 48 	 44 	 33 	 29 	 15
42 	 35 	 48 	 44 	 38 	 36 	 15
42 	 35 	 48 	 44 	 38 	 36 	 15
42 	 35 	 48 	 44 	 38 	 36 	 22 	 19
42 	 35 	 48 	 44 	 38 	 40 	 29 	 24
42 	 35 	 47 	 44 	 38 	 40 	 29 	 21
42 	 35 	 47 	 43 	 38 	 40 	 29 	 21
42 	 35 	 47 	 43 	 38 	 40 	 28 	 18
42 	 35 	 47 	 43 	 36 	 40 	 28 	 18
42 	 34 	 47 	 43 	 36 	 40 	 28 	 11
42 	 34 	 47 	 43 	 36 	 32 	 28 	 11
39 	 34 	 47 	 43 	 36 	 32 	 27 	 23
