50 	 44 	 44 	 39 	 39 	 33 	 33 	 29 	 29 	 22 	 20 	 16 	 14 	 13 	 8 	 5 	 2
49 	 46 	 42 	 41 	 36 	 35 	 33 	 29 	 28 	 23 	 20 	 16 	 14 	 13 	 8 	 5 	 2
49 	 46 	 42 	 41 	 36 	 35 	 32 	 31 	 25 	 25 	 20 	 16 	 14 	 12 	 11 	 4
49 	 45 	 44 	 39 	 38 	 34 	 31 	 31 	 28 	 23 	 20 	 16 	 14 	 12 	 11 	 3 	 3
49 	 45 	 44 	 39 	 38 	 33 	 33 	 29 	 29 	 23 	 20 	 15 	 15 	 12 	 9 	 5
49 	 45 	 44 	 39 	 37 	 35 	 32 	 30 	 28 	 23 	 19 	 17 	 14 	 12 	 11 	 3 	 2
49 	 45 	 43 	 41 	 36 	 35 	 32 	 30 	 27 	 24 	 18 	 18 	 13 	 13 	 8 	 7
49 	 45 	 43 	 41 	 36 	 35 	 32 	 30 	 27 	 23 	 22 	 15 	 14 	 12 	 10 	 4 	 2
48 	 46 	 43 	 40 	 37 	 35 	 31 	 31 	 26 	 25 	 18 	 17 	 15 	 12 	 9 	 5
48 	 46 	 43 	 40 	 37 	 34 	 33 	 30 	 26 	 24 	 21 	 16 	 14 	 13 	 8 	 6
47 	 47 	 42 	 42 	 36 	 34 	 33 	 30 	 26 	 24 	 20 	 16 	 15 	 12 	 9 	 5 	 2
