50 	 43 	 40 	 35 	 35 	 29 	 25 	 20 	 13 	 10 	 2 	 1
48 	 43 	 41 	 37 	 34 	 28 	 27 	 17 	 16 	 7 	 4
48 	 43 	 41 	 37 	 33 	 31 	 24 	 20 	 12 	 11 	 2 	 1
48 	 43 	 41 	 37 	 33 	 31 	 24 	 19 	 14 	 9 	 4
48 	 43 	 41 	 37 	 33 	 31 	 23 	 21 	 12 	 11 	 1 	 1
47 	 44 	 41 	 36 	 34 	 31 	 23 	 21 	 11 	 11 	 3
47 	 44 	 41 	 36 	 34 	 31 	 23 	 21 	 11 	 11 	 3
47 	 44 	 41 	 36 	 34 	 31 	 22 	 21 	 14 	 8 	 4
47 	 44 	 40 	 40 	 32 	 28 	 27 	 17 	 16 	 6 	 5
47 	 43 	 42 	 39 	 32 	 28 	 27 	 17 	 16 	 6 	 5
47 	 43 	 42 	 39 	 32 	 28 	 26 	 19 	 14 	 8 	 5
47 	 43 	 42 	 38 	 33 	 30 	 25 	 18 	 15 	 7 	 5
46 	 45 	 40 	 40 	 32 	 28 	 26 	 19 	 14 	 8 	 4 	 1
46 	 45 	 40 	 39 	 33 	 30 	 25 	 17 	 16 	 7 	 4 	 1
46 	 45 	 40 	 39 	 33 	 30 	 24 	 20 	 13 	 10 	 3
46 	 44 	 42 	 37 	 34 	 29 	 25 	 20 	 13 	 10 	 3
46 	 44 	 42 	 37 	 34 	 29 	 25 	 20 	 13 	 10 	 3
45 	 45 	 42 	 35 	 35 	 31 	 22 	 21 	 14 	 7 	 6
