50.0000 	 0.0036 	 2.2009 	 9.5447 	 1.0946 	 7.8523 	 0.0000 	 3.2919 	 675.8467 	 50.0000 	 1.9501 	 8.4994 	 5.6148 	 2.4732 	 0.4304 	 0.0000 	 1.4775 	 0.0000 
50.0000 	 1.3395 	 4.8523 	 2.3535 	 4.5465 	 6.2534 	 0.0000 	 3.2090 	 635.2617 	 50.0000 	 1.8320 	 2.5343 	 7.4631 	 1.6382 	 -2.8213 	 0.0000 	 1.2327 	 0.0063 
50.0000 	 0.1120 	 0.0000 	 3.1236 	 0.0221 	 8.8980 	 0.0000 	 3.2066 	 675.7679 	 50.0000 	 1.1667 	 6.3002 	 3.7752 	 1.7058 	 -2.9462 	 0.0000 	 0.7431 	 0.0000 
50.0000 	 0.0011 	 9.2362 	 7.9449 	 4.5835 	 4.3407 	 0.0000 	 3.2101 	 675.7677 	 50.0000 	 1.8455 	 8.9888 	 7.9524 	 2.7604 	 1.3376 	 0.0000 	 1.9095 	 0.0000 
50.0000 	 0.0029 	 0.2783 	 1.8652 	 7.1426 	 1.7197 	 0.0000 	 3.2979 	 673.9689 	 50.0000 	 0.1989 	 9.6983 	 1.1260 	 1.8490 	 2.8762 	 0.0000 	 0.5349 	 0.2369 
50.0000 	 0.0018 	 0.7617 	 0.0000 	 8.9641 	 3.0703 	 0.0000 	 3.1226 	 676.1680 	 50.0000 	 1.0913 	 7.1703 	 7.2288 	 2.1685 	 -2.0239 	 0.0000 	 1.9116 	 0.0424 
50.0000 	 1.3895 	 3.5227 	 1.8504 	 7.3298 	 3.5572 	 0.0000 	 1.6313 	 623.5379 	 50.0000 	 1.4227 	 6.8182 	 5.6998 	 2.9726 	 0.5091 	 0.0000 	 2.8353 	 0.0031 
48.0000 	 0.0016 	 3.9153 	 8.3464 	 2.1403 	 6.7829 	 0.0000 	 3.2101 	 675.7678 	 48.0000 	 2.8158 	 7.9453 	 7.5778 	 0.0707 	 -0.0991 	 0.0000 	 0.8187 	 0.0000 
48.0000 	 0.0011 	 2.2513 	 4.4730 	 3.3731 	 5.5506 	 0.0000 	 3.2098 	 675.7678 	 48.0000 	 2.6838 	 7.0476 	 6.3020 	 0.6357 	 -0.2338 	 0.0000 	 0.7526 	 0.0000 
47.0000 	 0.0047 	 6.3150 	 9.6163 	 0.1117 	 8.8128 	 0.0000 	 3.2105 	 675.7678 	 47.0000 	 0.5406 	 5.4573 	 9.1374 	 1.4509 	 -0.2864 	 0.0000 	 0.4540 	 0.0000 
50.0000 	 1.3875 	 3.5075 	 1.9117 	 7.4061 	 3.4367 	 0.0000 	 1.5086 	 623.4021 	 50.0000 	 2.3597 	 3.7283 	 2.0078 	 0.5649 	 1.4442 	 0.0000 	 2.8649 	 0.0026 
49.0000 	 1.3869 	 3.3584 	 1.8921 	 7.3148 	 3.4668 	 0.0000 	 1.5120 	 623.4111 	 49.0000 	 0.8402 	 9.7717 	 8.6804 	 2.5521 	 -1.1269 	 0.0000 	 1.6662 	 0.0032 
49.0000 	 1.3777 	 3.4514 	 2.0184 	 7.2255 	 3.5316 	 0.0000 	 1.5342 	 623.3849 	 49.0000 	 2.4619 	 1.1823 	 7.1459 	 0.0061 	 -0.3979 	 0.0000 	 1.7712 	 0.0028 
49.0000 	 1.3630 	 3.5977 	 2.2662 	 6.8812 	 3.8022 	 0.0000 	 1.6098 	 623.5061 	 49.0000 	 0.6671 	 1.9943 	 2.0431 	 2.6093 	 2.4207 	 0.0000 	 1.1537 	 0.0034 
49.0000 	 1.3858 	 4.0377 	 1.1976 	 9.8192 	 2.5255 	 0.0000 	 1.3908 	 624.2781 	 49.0000 	 0.6341 	 6.2666 	 9.7133 	 1.2236 	 -0.2109 	 0.0000 	 1.6322 	 0.0043 
50.0000 	 1.3884 	 3.4932 	 1.8048 	 7.5961 	 3.2969 	 0.0000 	 1.4888 	 623.4301 	 50.0000 	 1.3431 	 5.2114 	 5.0916 	 2.2026 	 -1.1089 	 0.0000 	 0.4787 	 0.0029 
48.0000 	 0.0010 	 6.2919 	 4.6594 	 1.8568 	 7.0578 	 0.0000 	 3.2033 	 675.7688 	 48.0000 	 2.6071 	 6.0919 	 4.7739 	 1.1377 	 1.6455 	 0.0000 	 0.5570 	 0.0015 
50.0000 	 1.3993 	 3.3411 	 1.8929 	 7.4506 	 3.3335 	 0.0000 	 1.5016 	 623.4388 	 50.0000 	 1.9458 	 2.6916 	 8.5967 	 0.6201 	 0.9172 	 0.0000 	 2.0859 	 0.0032 
47.0000 	 0.0190 	 0.0000 	 0.0716 	 0.0000 	 8.9214 	 0.0000 	 3.2160 	 675.7684 	 47.0000 	 2.9156 	 4.1302 	 8.1284 	 2.3020 	 -1.7025 	 0.0000 	 2.4444 	 0.0000 
47.0000 	 0.0022 	 8.3307 	 7.7920 	 0.0376 	 8.8862 	 0.0000 	 3.2102 	 675.7677 	 47.0000 	 1.1374 	 1.6028 	 1.6172 	 0.9906 	 -2.3467 	 0.0000 	 2.5468 	 0.0000 
48.0000 	 1.3522 	 4.2092 	 1.2664 	 9.5349 	 2.7069 	 0.0000 	 1.3915 	 624.0749 	 48.0000 	 0.8286 	 7.0555 	 8.6670 	 1.2976 	 -2.6279 	 0.0000 	 0.2664 	 0.0052 
48.0000 	 1.3631 	 4.3660 	 1.2068 	 9.9991 	 2.6633 	 0.0000 	 1.4379 	 624.2529 	 48.0000 	 1.4490 	 7.3065 	 5.3882 	 1.7525 	 0.2274 	 0.0000 	 2.0495 	 0.0036 
49.0000 	 0.0050 	 6.8726 	 2.7316 	 1.6663 	 7.2585 	 0.0000 	 3.2134 	 675.4351 	 49.0000 	 1.3364 	 3.4770 	 1.0389 	 2.3078 	 2.5983 	 0.0000 	 0.0205 	 0.0045 
49.0000 	 0.0245 	 9.1334 	 3.0713 	 9.5252 	 -0.6052 	 0.0000 	 3.2073 	 675.7679 	 49.0000 	 1.3492 	 1.5506 	 3.5338 	 1.2472 	 -0.9027 	 0.0000 	 1.3324 	 0.0000 
47.0000 	 1.3434 	 3.5235 	 1.8320 	 7.5289 	 3.4064 	 0.0000 	 1.5039 	 623.3183 	 47.0000 	 1.8157 	 3.5147 	 3.3262 	 1.4755 	 -0.1090 	 0.0000 	 0.1241 	 0.0041 
46.0000 	 0.0011 	 5.0870 	 0.9091 	 4.3790 	 4.5406 	 0.0000 	 3.2087 	 675.7680 	 46.0000 	 0.6783 	 7.2972 	 1.2963 	 2.5342 	 0.6873 	 0.0000 	 2.7290 	 0.0000 
45.0000 	 0.0373 	 10.0000 	 7.0074 	 3.0707 	 5.8374 	 0.0000 	 3.2109 	 675.7706 	 45.0000 	 2.8570 	 8.0161 	 6.3480 	 2.1559 	 0.3137 	 0.0000 	 2.7058 	 0.0000 
47.0000 	 0.0013 	 0.1545 	 1.6108 	 8.3537 	 0.5700 	 0.0000 	 3.2095 	 675.7677 	 47.0000 	 2.6947 	 2.3483 	 5.0164 	 1.4278 	 -0.0438 	 0.0000 	 1.8650 	 0.0000 
48.0000 	 1.3443 	 3.3193 	 2.5201 	 6.3632 	 3.9225 	 0.0000 	 1.6510 	 624.0899 	 48.0000 	 2.2769 	 4.9214 	 5.9750 	 0.0980 	 -2.9899 	 0.0000 	 2.6176 	 0.0045 
47.0000 	 0.0011 	 0.9635 	 7.9347 	 6.0458 	 2.8753 	 0.0000 	 3.2076 	 675.7678 	 47.0000 	 0.2496 	 8.1428 	 4.1519 	 1.1933 	 2.2487 	 0.0000 	 0.9268 	 0.0000 
48.0000 	 1.3629 	 3.3680 	 2.1312 	 7.0578 	 3.5684 	 0.0000 	 1.5139 	 623.4114 	 48.0000 	 2.6224 	 1.8350 	 4.9864 	 2.1752 	 1.7565 	 0.0000 	 0.0661 	 0.0026 
46.0000 	 1.3205 	 3.4989 	 2.0961 	 7.0883 	 3.6096 	 0.0000 	 1.5418 	 623.3446 	 46.0000 	 2.6395 	 3.6286 	 8.4034 	 1.2587 	 0.4697 	 0.0000 	 2.3455 	 0.0028 
48.0000 	 1.3639 	 3.4348 	 1.9204 	 7.3370 	 3.4789 	 0.0000 	 1.5275 	 623.3525 	 48.0000 	 2.5490 	 7.2421 	 6.5839 	 1.6832 	 -2.4464 	 0.0000 	 1.5757 	 0.0036 
44.0000 	 0.0290 	 2.1941 	 8.6022 	 1.7192 	 7.2055 	 0.0000 	 3.2098 	 675.7677 	 44.0000 	 2.7895 	 8.7864 	 1.5873 	 1.1297 	 -2.7024 	 0.0000 	 1.5713 	 0.0000 
43.0000 	 1.2649 	 3.6750 	 1.8607 	 7.5189 	 3.4312 	 0.0000 	 1.5025 	 623.2229 	 43.0000 	 1.5232 	 0.8059 	 2.5828 	 1.7482 	 1.9871 	 0.0000 	 2.3312 	 0.0034 
46.0000 	 0.0860 	 3.2927 	 3.1852 	 2.8522 	 6.0356 	 0.0000 	 3.2270 	 675.7910 	 46.0000 	 0.4523 	 2.0257 	 1.4692 	 1.6414 	 -2.1376 	 0.0000 	 2.7512 	 0.0000 
46.0000 	 0.0011 	 0.6394 	 7.6386 	 6.4916 	 2.4332 	 0.0000 	 3.2109 	 675.7677 	 46.0000 	 1.0305 	 8.1022 	 6.2226 	 1.2214 	 -1.9447 	 0.0000 	 1.7041 	 0.0000 
46.0000 	 1.3194 	 3.5802 	 1.8242 	 7.5992 	 3.3400 	 0.0000 	 1.4884 	 623.2930 	 46.0000 	 1.2145 	 6.6465 	 2.2425 	 1.4834 	 2.0801 	 0.0000 	 1.9614 	 0.0036 
46.0000 	 1.3224 	 3.4696 	 2.3551 	 6.7595 	 3.8469 	 0.0000 	 1.5986 	 623.5035 	 46.0000 	 1.7528 	 6.1771 	 7.1333 	 0.2982 	 -1.7184 	 0.0000 	 1.0891 	 0.0024 
44.0000 	 0.0040 	 9.4693 	 5.0061 	 4.3696 	 6.5969 	 0.0000 	 0.0003 	 1384.4811 	 44.0000 	 0.5938 	 7.9543 	 0.9872 	 1.8859 	 -2.0831 	 0.0000 	 1.4441 	 0.0000 
46.0000 	 0.0011 	 3.1758 	 8.0135 	 1.8805 	 7.0456 	 0.0000 	 3.2092 	 675.7678 	 46.0000 	 2.3206 	 0.3764 	 9.0073 	 1.2372 	 2.9179 	 0.0000 	 2.0562 	 0.0000 
45.0000 	 1.3091 	 4.1995 	 1.2410 	 9.6062 	 2.6996 	 0.0000 	 1.3975 	 623.8633 	 45.0000 	 0.9461 	 5.8127 	 8.4239 	 1.7055 	 2.8393 	 0.0000 	 0.8617 	 0.0035 
45.0000 	 1.3096 	 3.4602 	 1.9011 	 7.3215 	 3.4702 	 0.0000 	 1.5239 	 623.2813 	 45.0000 	 2.5043 	 1.3936 	 9.3866 	 2.0063 	 2.6459 	 0.0000 	 0.7232 	 0.0031 
47.0000 	 1.3410 	 3.4900 	 1.9696 	 7.2591 	 3.5239 	 0.0000 	 1.5235 	 623.3342 	 47.0000 	 2.3507 	 4.2103 	 6.5144 	 2.6355 	 1.6676 	 0.0000 	 2.7645 	 0.0032 
43.0000 	 0.0010 	 3.7305 	 6.9363 	 5.9100 	 3.0127 	 0.0000 	 3.2136 	 675.7680 	 43.0000 	 1.4835 	 3.5713 	 3.1122 	 1.8008 	 0.5418 	 0.0000 	 0.5729 	 0.0000 
43.0000 	 0.0010 	 2.3303 	 9.8535 	 4.7834 	 6.2849 	 0.0000 	 0.0000 	 1384.4811 	 43.0000 	 0.1933 	 2.5533 	 3.2234 	 1.7615 	 -0.3898 	 0.0000 	 0.5853 	 0.0000 
41.0000 	 0.0678 	 2.6382 	 7.3767 	 6.3074 	 2.6138 	 0.0000 	 3.2018 	 675.7685 	 41.0000 	 0.4694 	 4.7496 	 9.0936 	 2.4516 	 -0.1962 	 0.0000 	 2.8201 	 0.0000 
43.0000 	 1.2610 	 3.7578 	 1.7720 	 7.7004 	 3.3786 	 0.0000 	 1.4980 	 623.2459 	 43.0000 	 2.7755 	 4.5823 	 6.1447 	 0.1504 	 1.1866 	 0.0000 	 0.3045 	 0.0029 
45.0000 	 1.3095 	 4.6703 	 1.2233 	 9.9973 	 2.8819 	 0.0000 	 1.4638 	 624.0855 	 45.0000 	 0.0459 	 8.3798 	 8.2862 	 0.9026 	 -1.0447 	 0.0000 	 0.4800 	 0.0038 
42.0000 	 1.2455 	 3.5582 	 3.0300 	 6.2525 	 4.1689 	 0.0000 	 1.6730 	 623.9686 	 42.0000 	 2.9555 	 5.4896 	 5.9179 	 2.8404 	 -1.9926 	 0.0000 	 0.7035 	 0.0034 
41.0000 	 1.2298 	 4.6745 	 1.2351 	 10.0000 	 2.7514 	 0.0000 	 1.3746 	 623.7084 	 41.0000 	 2.5323 	 0.7210 	 6.0554 	 0.2427 	 0.9259 	 0.0000 	 1.7322 	 0.0040 
45.0000 	 1.3184 	 3.3991 	 2.0963 	 7.0854 	 3.6264 	 0.0000 	 1.5526 	 623.3450 	 45.0000 	 2.9923 	 9.1012 	 6.2490 	 0.2088 	 1.2082 	 0.0000 	 1.1148 	 0.0030 
44.0000 	 0.0030 	 9.9409 	 8.7382 	 3.7066 	 5.2170 	 0.0000 	 3.2097 	 675.7677 	 44.0000 	 0.2229 	 2.9355 	 9.2410 	 2.1019 	 -2.8993 	 0.0000 	 2.7027 	 0.0000 
42.0000 	 1.2547 	 3.5213 	 2.0108 	 7.2155 	 3.5392 	 0.0000 	 1.5141 	 623.2389 	 42.0000 	 1.1732 	 7.1369 	 7.9702 	 2.8469 	 0.5057 	 0.0000 	 0.7675 	 0.0026 
44.0000 	 1.2956 	 3.5001 	 1.8746 	 7.3808 	 3.4991 	 0.0000 	 1.5176 	 623.2633 	 44.0000 	 0.6289 	 7.6585 	 4.1541 	 2.4007 	 -1.8221 	 0.0000 	 1.3638 	 0.0028 
44.0000 	 1.3028 	 3.3517 	 1.9864 	 7.2266 	 3.4956 	 0.0000 	 1.4984 	 623.2986 	 44.0000 	 0.0271 	 8.7627 	 6.7224 	 0.9078 	 1.4008 	 0.0000 	 2.1204 	 0.0027 
43.0000 	 0.0044 	 0.9825 	 0.5834 	 0.0000 	 8.9251 	 0.0000 	 3.2101 	 675.7677 	 43.0000 	 1.4558 	 8.9335 	 3.4850 	 2.5967 	 -1.6139 	 0.0000 	 1.8575 	 0.0000 
41.0000 	 1.2390 	 3.5571 	 1.7539 	 7.7102 	 3.2736 	 0.0000 	 1.4427 	 623.1373 	 41.0000 	 2.3429 	 4.2859 	 5.0964 	 1.7470 	 1.8723 	 0.0000 	 0.0391 	 0.0028 
42.0000 	 1.2650 	 3.4203 	 1.8289 	 7.4841 	 3.3568 	 0.0000 	 1.4418 	 623.2059 	 42.0000 	 2.0691 	 4.7955 	 2.8139 	 1.0784 	 1.2365 	 0.0000 	 2.5356 	 0.0025 
42.0000 	 1.2522 	 3.6010 	 1.8054 	 7.5570 	 3.3645 	 0.0000 	 1.4868 	 623.1877 	 42.0000 	 2.0735 	 8.3746 	 7.7483 	 1.1407 	 -0.5729 	 0.0000 	 1.8242 	 0.0031 
44.0000 	 0.0158 	 0.0015 	 8.9695 	 4.7329 	 4.1906 	 0.0000 	 3.2099 	 675.7677 	 44.0000 	 1.9022 	 1.5091 	 2.6192 	 2.4860 	 -1.4674 	 0.0000 	 0.8653 	 0.0000 
40.0000 	 0.1809 	 8.4677 	 1.1647 	 2.0797 	 6.8452 	 0.0000 	 3.2124 	 675.7684 	 40.0000 	 1.5819 	 7.8059 	 5.8345 	 1.7454 	 0.3610 	 0.0000 	 2.3678 	 0.0000 
40.0000 	 1.2100 	 3.6987 	 1.7755 	 7.6821 	 3.3151 	 0.0000 	 1.4185 	 623.1528 	 40.0000 	 2.1326 	 7.7317 	 8.3445 	 1.2134 	 0.8200 	 0.0000 	 0.9577 	 0.0030 
41.0000 	 1.2394 	 3.5949 	 2.0119 	 7.2633 	 3.6003 	 0.0000 	 1.5030 	 623.2478 	 41.0000 	 0.1120 	 8.5333 	 8.7780 	 1.9866 	 -1.0412 	 0.0000 	 1.8053 	 0.0029 
41.0000 	 1.2375 	 3.5597 	 1.8970 	 7.3784 	 3.4771 	 0.0000 	 1.4828 	 623.1800 	 41.0000 	 1.0864 	 3.9100 	 9.4272 	 1.5530 	 2.0374 	 0.0000 	 1.8800 	 0.0027 
41.0000 	 0.0257 	 3.0771 	 5.3455 	 4.9648 	 3.8822 	 0.0000 	 3.1526 	 675.7058 	 41.0000 	 1.7270 	 4.4020 	 1.3561 	 2.6491 	 -0.7749 	 0.0000 	 2.2710 	 0.0058 
44.0000 	 1.2933 	 3.5327 	 1.7764 	 7.6473 	 3.3234 	 0.0000 	 1.4648 	 623.2289 	 44.0000 	 2.2036 	 4.2365 	 5.4242 	 0.1858 	 0.0995 	 0.0000 	 1.4492 	 0.0026 
41.0000 	 1.2002 	 5.4379 	 1.3056 	 9.9397 	 3.1003 	 0.0000 	 1.4910 	 624.1964 	 41.0000 	 2.3035 	 1.4913 	 3.9182 	 2.8070 	 -2.8250 	 0.0000 	 2.6081 	 0.0043 
39.0000 	 1.1992 	 3.3573 	 6.1203 	 5.5833 	 4.5986 	 0.0000 	 1.8419 	 625.6026 	 39.0000 	 1.5644 	 3.6452 	 0.5866 	 2.3103 	 -0.2745 	 0.0000 	 0.9218 	 0.0379 
38.0000 	 1.1854 	 3.5753 	 1.8855 	 7.3879 	 3.5051 	 0.0000 	 1.5189 	 623.1436 	 38.0000 	 2.4203 	 7.2314 	 9.0040 	 1.5604 	 2.8359 	 0.0000 	 1.4351 	 0.0020 
41.0000 	 1.2409 	 3.5948 	 1.7301 	 7.7419 	 3.2762 	 0.0000 	 1.4333 	 623.1482 	 41.0000 	 2.1282 	 6.4671 	 4.9303 	 2.9557 	 0.3787 	 0.0000 	 2.9617 	 0.0030 
36.0000 	 0.0036 	 1.9574 	 4.0734 	 2.2043 	 6.7194 	 0.0000 	 3.2110 	 675.7677 	 36.0000 	 0.5170 	 0.6019 	 6.3501 	 0.1575 	 2.0988 	 0.0000 	 2.6604 	 0.0000 
42.0000 	 0.1178 	 2.3058 	 5.3778 	 0.3312 	 8.5922 	 0.0000 	 3.2105 	 675.7677 	 42.0000 	 1.0892 	 0.1862 	 6.2643 	 1.8231 	 1.3922 	 0.0000 	 0.8812 	 0.0000 
39.0000 	 1.2090 	 3.4307 	 2.0650 	 7.0088 	 3.6756 	 0.0000 	 1.5232 	 623.3158 	 39.0000 	 0.0144 	 0.0695 	 4.3474 	 2.5924 	 2.3304 	 0.0000 	 0.3347 	 0.0025 
37.0000 	 0.0189 	 9.2944 	 0.6866 	 0.0022 	 8.9218 	 0.0000 	 3.2090 	 675.7676 	 37.0000 	 1.9967 	 4.7209 	 4.6608 	 2.2034 	 0.2152 	 0.0000 	 0.2890 	 0.0000 
40.0000 	 0.2975 	 9.2409 	 3.5915 	 6.3436 	 2.5779 	 0.0000 	 3.2086 	 675.7678 	 40.0000 	 1.1790 	 4.6825 	 4.0995 	 2.7460 	 0.5903 	 0.0000 	 0.9734 	 0.0000 
38.0000 	 1.1768 	 3.6492 	 1.8999 	 7.4972 	 3.4087 	 0.0000 	 1.4772 	 623.1488 	 38.0000 	 2.3808 	 0.6709 	 1.7647 	 1.2202 	 2.3039 	 0.0000 	 1.2327 	 0.0028 
36.0000 	 0.0093 	 10.0000 	 8.8782 	 2.7173 	 6.2021 	 0.0000 	 3.2443 	 675.7842 	 36.0000 	 0.3478 	 2.6615 	 8.6397 	 1.2673 	 -0.3611 	 0.0000 	 0.9579 	 0.0002 
41.0000 	 0.0026 	 3.3622 	 2.4160 	 2.7404 	 6.1783 	 0.0000 	 3.2116 	 675.7640 	 41.0000 	 0.4941 	 5.0058 	 5.3986 	 2.3497 	 0.7773 	 0.0000 	 0.5094 	 0.0000 
35.0000 	 0.0136 	 8.7939 	 0.0000 	 0.3211 	 8.7127 	 0.0000 	 3.1670 	 675.9306 	 35.0000 	 2.3240 	 3.9545 	 3.9971 	 2.0579 	 -1.5139 	 0.0000 	 2.8595 	 0.0085 
34.0000 	 0.0016 	 8.0653 	 5.7422 	 1.9892 	 6.9337 	 0.0000 	 3.2093 	 675.7677 	 34.0000 	 2.4630 	 1.0218 	 8.8025 	 1.5395 	 -2.4756 	 0.0000 	 0.1311 	 0.0000 
41.0000 	 1.2563 	 3.6144 	 1.3668 	 8.8084 	 2.7828 	 0.0000 	 1.3253 	 623.3807 	 41.0000 	 0.4306 	 2.2798 	 2.1500 	 0.5270 	 -2.2076 	 0.0000 	 1.8653 	 0.0029 
38.0000 	 0.0060 	 10.0000 	 0.0000 	 4.8527 	 5.8008 	 0.0000 	 3.4140 	 676.4194 	 38.0000 	 0.6735 	 5.9390 	 2.6890 	 2.3498 	 -2.6916 	 0.0000 	 2.3778 	 0.0807 
31.0000 	 0.0041 	 6.1232 	 5.7833 	 1.2201 	 7.7025 	 0.0000 	 3.2138 	 675.7681 	 31.0000 	 1.0276 	 1.2700 	 2.4429 	 2.1162 	 -1.2315 	 0.0000 	 1.9519 	 0.0000 
36.0000 	 1.1479 	 3.7569 	 1.5006 	 8.3747 	 3.0044 	 0.0000 	 1.3497 	 623.0244 	 36.0000 	 0.9071 	 5.4652 	 0.7253 	 1.4525 	 -1.3291 	 0.0000 	 1.8923 	 0.0026 
38.0000 	 1.1159 	 6.0454 	 1.3632 	 9.9039 	 3.2688 	 0.0000 	 1.5772 	 624.7361 	 38.0000 	 1.3438 	 8.7555 	 9.0326 	 1.5131 	 -2.3985 	 0.0000 	 1.4955 	 0.0049 
40.0000 	 0.0028 	 3.2068 	 4.9585 	 3.1102 	 5.8169 	 0.0000 	 3.1916 	 675.7730 	 40.0000 	 2.9896 	 9.5263 	 2.8175 	 1.7695 	 -2.0870 	 0.0000 	 2.7917 	 0.0000 
39.0000 	 1.2042 	 3.5146 	 1.8540 	 7.4640 	 3.4137 	 0.0000 	 1.4697 	 623.1305 	 39.0000 	 1.0750 	 1.0344 	 5.9925 	 1.8336 	 -1.1827 	 0.0000 	 0.9351 	 0.0028 
39.0000 	 1.1982 	 4.3262 	 1.2454 	 9.7272 	 2.6633 	 0.0000 	 1.3520 	 623.4502 	 39.0000 	 2.8739 	 3.7827 	 1.6178 	 1.0954 	 2.0541 	 0.0000 	 1.6630 	 0.0027 
31.0000 	 0.0011 	 1.5948 	 6.3709 	 1.4030 	 7.5202 	 0.0000 	 3.2100 	 675.7677 	 31.0000 	 2.3247 	 2.4012 	 7.8835 	 1.9395 	 2.5236 	 0.0000 	 1.0077 	 0.0000 
34.0000 	 1.1027 	 3.8328 	 1.5031 	 8.3364 	 3.0580 	 0.0000 	 1.3201 	 623.0036 	 34.0000 	 1.3903 	 8.8742 	 1.3452 	 0.0501 	 1.2566 	 0.0000 	 1.9961 	 0.0028 
37.0000 	 1.1746 	 3.4941 	 1.7819 	 7.6415 	 3.3473 	 0.0000 	 1.4690 	 623.0957 	 37.0000 	 2.0621 	 5.0035 	 7.7867 	 0.5755 	 -2.6758 	 0.0000 	 2.7442 	 0.0027 
32.0000 	 0.0041 	 9.9997 	 0.0000 	 3.8584 	 6.4888 	 0.0000 	 3.5805 	 677.8642 	 32.0000 	 1.2437 	 2.7903 	 3.4416 	 0.3883 	 -1.9647 	 0.0000 	 1.4582 	 0.2143 
37.0000 	 1.1666 	 4.3676 	 1.1962 	 10.0000 	 2.5526 	 0.0000 	 1.2825 	 623.3622 	 37.0000 	 1.7986 	 9.7443 	 1.5665 	 0.6509 	 -2.6986 	 0.0000 	 0.8567 	 0.0027 
35.0000 	 0.0041 	 10.0000 	 6.2695 	 2.7305 	 6.2783 	 0.0000 	 3.1569 	 675.8219 	 35.0000 	 1.3293 	 8.3140 	 7.6345 	 2.9667 	 -1.9125 	 0.0000 	 0.6816 	 0.0360 
31.0000 	 1.0515 	 3.5437 	 1.9168 	 7.4084 	 3.4481 	 0.0000 	 1.4406 	 623.2315 	 31.0000 	 2.1385 	 7.3538 	 4.7999 	 1.8030 	 1.2991 	 0.0000 	 0.4914 	 0.0029 
36.0000 	 1.1474 	 3.6268 	 1.7093 	 7.8337 	 3.2348 	 0.0000 	 1.3907 	 623.0345 	 36.0000 	 1.6575 	 9.0797 	 9.2107 	 1.6786 	 -1.0025 	 0.0000 	 1.8487 	 0.0027 
34.0000 	 1.1097 	 4.0143 	 1.4062 	 8.8280 	 2.9936 	 0.0000 	 1.3738 	 623.0378 	 34.0000 	 0.1493 	 0.2329 	 5.2184 	 0.6798 	 2.6125 	 0.0000 	 2.3117 	 0.0027 
32.0000 	 1.0414 	 3.8409 	 2.3395 	 6.7332 	 3.8653 	 0.0000 	 1.5819 	 623.7859 	 32.0000 	 1.7122 	 0.7610 	 1.1827 	 2.8397 	 -0.0800 	 0.0000 	 2.6202 	 0.0030 
26.0000 	 0.9386 	 3.7383 	 1.8007 	 7.6718 	 3.4473 	 0.0000 	 1.4288 	 623.5046 	 26.0000 	 1.5462 	 0.5138 	 7.0327 	 1.9580 	 -2.1309 	 0.0000 	 0.1469 	 0.0040 
34.0000 	 0.0045 	 4.2843 	 6.9860 	 6.7826 	 2.1408 	 0.0000 	 3.2090 	 675.7678 	 34.0000 	 0.8837 	 4.3150 	 0.4642 	 1.8811 	 2.6003 	 0.0000 	 0.2672 	 0.0000 
34.0000 	 1.1114 	 3.6930 	 1.4756 	 8.4377 	 2.9579 	 0.0000 	 1.3320 	 622.9709 	 34.0000 	 0.6449 	 3.0694 	 5.0161 	 1.8956 	 -2.2894 	 0.0000 	 1.4775 	 0.0025 
35.0000 	 1.1191 	 3.7797 	 1.5904 	 8.0990 	 3.1220 	 0.0000 	 1.3928 	 623.0035 	 35.0000 	 0.9004 	 1.3185 	 5.1796 	 0.6330 	 -2.3136 	 0.0000 	 2.3041 	 0.0054 
37.0000 	 1.1779 	 3.4493 	 1.6266 	 7.9569 	 3.1013 	 0.0000 	 1.3733 	 623.0643 	 37.0000 	 0.4364 	 6.9468 	 7.6803 	 2.7530 	 2.9673 	 0.0000 	 0.5394 	 0.0022 
32.0000 	 0.0321 	 2.6384 	 4.3914 	 1.0835 	 7.8407 	 0.0000 	 3.2103 	 675.7678 	 32.0000 	 2.3696 	 0.7839 	 4.5353 	 2.8216 	 -0.7139 	 0.0000 	 1.5059 	 0.0000 
31.0000 	 1.0554 	 3.6106 	 1.4787 	 8.3535 	 2.9692 	 0.0000 	 1.3002 	 622.9576 	 31.0000 	 2.1901 	 2.8611 	 1.3048 	 1.5694 	 0.6113 	 0.0000 	 1.8777 	 0.0028 
24.0000 	 0.8980 	 3.7142 	 1.5436 	 8.1716 	 3.2052 	 0.0000 	 1.3940 	 623.5270 	 24.0000 	 1.7688 	 1.3281 	 4.9906 	 0.4168 	 -1.1800 	 0.0000 	 0.8049 	 0.0036 
30.0000 	 1.0297 	 3.7866 	 1.4462 	 8.5330 	 2.9878 	 0.0000 	 1.3103 	 622.9648 	 30.0000 	 1.8875 	 7.4537 	 3.8096 	 0.4622 	 -1.8806 	 0.0000 	 0.8337 	 0.0034 
31.0000 	 0.0042 	 0.0000 	 3.8204 	 3.9505 	 4.9704 	 0.0000 	 3.2094 	 675.7678 	 31.0000 	 2.3666 	 3.8413 	 0.7867 	 0.4976 	 1.2613 	 0.0000 	 0.6795 	 0.0000 
32.0000 	 1.0748 	 3.3585 	 1.9808 	 7.2044 	 3.4666 	 0.0000 	 1.4280 	 623.3424 	 32.0000 	 2.6971 	 7.6349 	 4.1265 	 2.0945 	 1.3953 	 0.0000 	 0.9973 	 0.0028 
34.0000 	 0.0105 	 8.6565 	 5.2463 	 3.3736 	 5.5634 	 0.0000 	 3.2064 	 675.7404 	 34.0000 	 2.8060 	 0.4737 	 9.2989 	 1.1390 	 -2.6384 	 0.0000 	 1.8918 	 0.0000 
27.0000 	 0.0025 	 1.2916 	 5.5879 	 5.5144 	 3.4095 	 0.0000 	 3.2101 	 675.7677 	 27.0000 	 2.2143 	 6.2068 	 9.7871 	 1.2886 	 1.6151 	 0.0000 	 1.5358 	 0.0000 
30.0000 	 0.0715 	 3.0900 	 9.9021 	 2.5277 	 6.3956 	 0.0000 	 3.2088 	 675.7677 	 30.0000 	 1.0015 	 2.1175 	 0.2265 	 0.9115 	 -0.0882 	 0.0000 	 1.6471 	 0.0000 
35.0000 	 1.1271 	 3.6676 	 1.6271 	 7.9806 	 3.1714 	 0.0000 	 1.3886 	 622.9970 	 35.0000 	 2.1505 	 1.1959 	 7.2793 	 0.1828 	 -0.1098 	 0.0000 	 2.0040 	 0.0022 
32.0000 	 0.0040 	 0.8795 	 0.4745 	 0.1286 	 8.8046 	 0.0000 	 3.2120 	 675.7687 	 32.0000 	 2.2021 	 5.9022 	 2.5387 	 2.1672 	 0.2677 	 0.0000 	 1.5876 	 0.0000 
35.0000 	 1.1419 	 3.3688 	 1.9126 	 7.1996 	 3.5856 	 0.0000 	 1.5201 	 623.2919 	 35.0000 	 0.1191 	 7.5925 	 6.2656 	 0.5016 	 0.8803 	 0.0000 	 2.6008 	 0.0024 
31.0000 	 0.0016 	 1.7754 	 6.8175 	 6.4843 	 2.4391 	 0.0000 	 3.2089 	 675.7678 	 31.0000 	 2.1666 	 6.3390 	 4.4453 	 1.3972 	 2.7630 	 0.0000 	 1.6698 	 0.0000 
30.0000 	 0.8224 	 6.1135 	 3.8925 	 1.7931 	 7.9874 	 0.0000 	 0.0000 	 1016.8081 	 30.0000 	 1.1768 	 7.4503 	 1.4373 	 0.4753 	 -1.9793 	 0.0000 	 1.8683 	 0.0070 
28.0000 	 0.9665 	 3.4456 	 7.7655 	 5.1760 	 4.8891 	 0.0000 	 1.8465 	 626.3364 	 28.0000 	 2.7616 	 1.9882 	 2.1229 	 1.1252 	 1.5275 	 0.0000 	 2.2776 	 0.0031 
27.0000 	 0.0018 	 4.6593 	 10.0000 	 1.8106 	 7.1158 	 0.0000 	 3.2112 	 675.7678 	 27.0000 	 0.5602 	 9.2334 	 7.1153 	 0.1664 	 -0.7571 	 0.0000 	 0.6988 	 0.0000 
35.0000 	 1.1288 	 3.7873 	 1.4918 	 8.4220 	 3.0210 	 0.0000 	 1.3769 	 622.9916 	 35.0000 	 0.1848 	 0.5675 	 6.2388 	 0.8700 	 1.6372 	 0.0000 	 2.8166 	 0.0027 
31.0000 	 0.0041 	 5.1619 	 4.1521 	 3.1219 	 5.8017 	 0.0000 	 3.2096 	 675.7677 	 31.0000 	 1.7888 	 3.6252 	 1.2028 	 0.4114 	 -1.9184 	 0.0000 	 2.8298 	 0.0000 
31.0000 	 1.0492 	 4.3798 	 1.1935 	 9.9235 	 2.6028 	 0.0000 	 1.2532 	 623.0526 	 31.0000 	 1.4355 	 4.3239 	 6.5350 	 0.8192 	 -2.3272 	 0.0000 	 1.9813 	 0.0025 
33.0000 	 0.9037 	 5.8113 	 3.5976 	 2.6487 	 7.1546 	 0.0000 	 0.0000 	 898.8882 	 33.0000 	 1.7548 	 0.6248 	 4.0188 	 1.9486 	 -1.0075 	 0.0000 	 1.4222 	 0.0064 
34.0000 	 0.0064 	 6.1273 	 6.4281 	 2.5805 	 6.3798 	 0.0000 	 3.2175 	 675.7812 	 34.0000 	 0.3259 	 7.5745 	 8.6505 	 2.0852 	 1.4236 	 0.0000 	 2.4558 	 0.0000 
25.0000 	 0.0155 	 7.0129 	 0.0000 	 6.1937 	 4.9885 	 0.0000 	 3.2054 	 678.0451 	 25.0000 	 0.1737 	 0.6952 	 7.1532 	 0.2282 	 -1.1529 	 0.0000 	 1.0278 	 0.0006 
23.0000 	 0.8789 	 3.2454 	 2.4982 	 6.5010 	 3.9809 	 0.0000 	 1.6210 	 624.7679 	 23.0000 	 2.2431 	 9.7955 	 8.7283 	 1.7505 	 2.8512 	 0.0000 	 0.3060 	 0.0033 
33.0000 	 0.1413 	 6.2257 	 7.2012 	 5.9754 	 2.9422 	 0.0000 	 3.2057 	 675.7681 	 33.0000 	 0.3044 	 6.3222 	 6.0824 	 2.6572 	 0.7563 	 0.0000 	 1.6509 	 0.0000 
34.0000 	 0.0023 	 1.3274 	 1.1706 	 5.0155 	 3.9074 	 0.0000 	 3.2090 	 675.7678 	 34.0000 	 2.3446 	 0.1268 	 3.9245 	 0.4282 	 -0.3629 	 0.0000 	 1.4558 	 0.0000 
32.0000 	 1.0940 	 2.9477 	 2.2276 	 6.8440 	 3.4924 	 0.0000 	 1.4955 	 624.1959 	 32.0000 	 0.3388 	 5.2273 	 0.3507 	 1.5579 	 -1.0129 	 0.0000 	 0.2021 	 0.0042 
28.0000 	 0.0439 	 9.6875 	 7.0996 	 1.8838 	 6.9990 	 0.0000 	 3.1800 	 675.4077 	 28.0000 	 0.7062 	 4.1137 	 1.8987 	 2.1461 	 1.3576 	 0.0000 	 0.2086 	 0.0000 
30.0000 	 0.0014 	 0.0000 	 2.1248 	 1.1656 	 7.7581 	 0.0000 	 3.2116 	 675.7678 	 30.0000 	 0.3483 	 1.9234 	 7.9110 	 1.3795 	 1.9108 	 0.0000 	 0.3055 	 0.0000 
29.0000 	 0.2149 	 7.2264 	 6.5911 	 0.0033 	 8.9202 	 0.0000 	 3.2097 	 675.7677 	 29.0000 	 2.2996 	 0.1400 	 3.3805 	 1.7713 	 -0.9053 	 0.0000 	 1.8512 	 0.0000 
26.0000 	 0.9397 	 3.7884 	 1.6020 	 8.0612 	 3.2039 	 0.0000 	 1.3600 	 623.3051 	 26.0000 	 2.7251 	 4.0685 	 1.9539 	 0.2079 	 -1.3815 	 0.0000 	 0.9781 	 0.0039 
26.0000 	 0.9427 	 3.3778 	 2.6224 	 6.4376 	 4.0284 	 0.0000 	 1.6517 	 624.3729 	 26.0000 	 0.7119 	 7.1296 	 9.3004 	 1.7401 	 0.4812 	 0.0000 	 0.0455 	 0.0033 
45.0000 	 1.3246 	 3.2741 	 2.3496 	 6.7276 	 3.8289 	 0.0000 	 1.5960 	 623.5687 	 45.0000 	 2.6204 	 8.1369 	 3.1795 	 0.5180 	 -1.6027 	 0.0000 	 1.4838 	 0.0049 
28.0000 	 0.9810 	 4.5879 	 1.2124 	 9.9915 	 2.7042 	 0.0000 	 1.2674 	 623.0976 	 28.0000 	 1.6201 	 3.5073 	 9.2227 	 1.9701 	 0.8423 	 0.0000 	 0.0292 	 0.0030 
28.0000 	 0.9870 	 3.6622 	 1.5353 	 8.1637 	 3.0974 	 0.0000 	 1.3546 	 623.0701 	 28.0000 	 0.4172 	 0.1702 	 8.5848 	 0.6886 	 -1.1778 	 0.0000 	 1.3518 	 0.0028 
30.0000 	 0.0151 	 1.5891 	 4.2431 	 5.5136 	 3.4207 	 0.0000 	 3.1912 	 675.7693 	 30.0000 	 1.6414 	 5.6380 	 1.7340 	 1.8801 	 -1.7011 	 0.0000 	 2.5813 	 0.0028 
24.0000 	 0.8907 	 3.8505 	 1.6118 	 7.9549 	 3.3901 	 0.0000 	 1.4731 	 623.6933 	 24.0000 	 1.8931 	 0.4374 	 3.8338 	 2.0213 	 2.8863 	 0.0000 	 2.4150 	 0.0034 
28.0000 	 0.0030 	 8.9336 	 9.0604 	 2.1654 	 6.7583 	 0.0000 	 3.2099 	 675.7678 	 28.0000 	 0.8178 	 0.1619 	 6.5234 	 0.0573 	 -1.6785 	 0.0000 	 1.1240 	 0.0000 
21.0000 	 0.8086 	 3.5274 	 3.0489 	 6.1669 	 4.2073 	 0.0000 	 1.7090 	 625.5335 	 21.0000 	 2.6996 	 6.4767 	 3.3150 	 1.9623 	 -0.1708 	 0.0000 	 0.1496 	 0.0045 
32.0000 	 1.0644 	 3.5869 	 1.8912 	 7.3937 	 3.4567 	 0.0000 	 1.4606 	 623.1756 	 32.0000 	 1.9981 	 5.7440 	 2.8546 	 2.5831 	 2.7553 	 0.0000 	 2.5718 	 0.0027 
32.0000 	 1.0743 	 3.6470 	 1.4846 	 8.3752 	 2.9750 	 0.0000 	 1.3307 	 622.9439 	 32.0000 	 2.7879 	 6.8995 	 6.1062 	 2.5728 	 -2.9074 	 0.0000 	 1.7839 	 0.0030 
19.0000 	 0.6738 	 6.5771 	 3.3301 	 5.7261 	 6.0264 	 0.0000 	 3.0663 	 640.1898 	 19.0000 	 0.5502 	 7.5750 	 7.3125 	 0.9155 	 -1.6657 	 0.0000 	 1.9727 	 0.0089 
27.0000 	 0.9602 	 3.6214 	 1.6991 	 7.8194 	 3.2323 	 0.0000 	 1.3611 	 623.2718 	 27.0000 	 2.2503 	 2.3431 	 4.7794 	 1.6399 	 2.2331 	 0.0000 	 2.6806 	 0.0035 
28.0000 	 0.9861 	 3.4613 	 1.9635 	 7.2358 	 3.5566 	 0.0000 	 1.4594 	 623.5079 	 28.0000 	 1.6704 	 1.1639 	 1.6516 	 0.0052 	 1.2208 	 0.0000 	 0.6251 	 0.0034 
30.0000 	 1.0227 	 3.5338 	 2.2576 	 6.8119 	 3.8195 	 0.0000 	 1.5528 	 623.6362 	 30.0000 	 2.2956 	 3.7934 	 6.0415 	 2.4683 	 -2.4299 	 0.0000 	 1.0881 	 0.0029 
30.0000 	 0.0010 	 9.9987 	 0.0000 	 4.6968 	 6.0497 	 0.0000 	 3.3233 	 679.6779 	 30.0000 	 1.3962 	 8.6883 	 6.7303 	 1.2036 	 -0.8271 	 0.0000 	 0.9771 	 0.3843 
30.0000 	 1.0370 	 3.7198 	 1.4503 	 8.5993 	 2.9440 	 0.0000 	 1.2937 	 622.9767 	 30.0000 	 1.4278 	 4.8768 	 4.8879 	 1.2643 	 -0.5148 	 0.0000 	 2.3443 	 0.0026 
22.0000 	 0.8273 	 3.7589 	 2.9395 	 6.1245 	 4.3523 	 0.0000 	 1.6932 	 625.4915 	 22.0000 	 0.2814 	 1.4678 	 6.6925 	 1.6777 	 0.8391 	 0.0000 	 2.6163 	 0.0048 
25.0000 	 0.9259 	 3.8258 	 1.3155 	 9.0582 	 2.7610 	 0.0000 	 1.2207 	 623.1974 	 25.0000 	 0.9281 	 9.1177 	 6.8179 	 1.8284 	 1.1684 	 0.0000 	 2.7287 	 0.0033 
26.0000 	 0.9466 	 3.5693 	 1.5123 	 8.2075 	 3.0232 	 0.0000 	 1.2951 	 623.2170 	 26.0000 	 1.2903 	 0.9161 	 5.6819 	 0.8398 	 0.8951 	 0.0000 	 1.1934 	 0.0025 
17.0000 	 0.7332 	 2.9649 	 2.1230 	 6.7071 	 3.8627 	 0.0000 	 1.6054 	 626.5998 	 17.0000 	 0.4672 	 4.7303 	 6.3162 	 0.3658 	 0.8231 	 0.0000 	 2.4897 	 0.0052 
26.0000 	 0.9368 	 3.8012 	 1.8536 	 7.3901 	 3.7061 	 0.0000 	 1.5752 	 623.7363 	 26.0000 	 1.2942 	 2.0991 	 2.5047 	 2.7523 	 2.8585 	 0.0000 	 2.0178 	 0.0031 
29.0000 	 0.9982 	 0.3298 	 0.0122 	 1.4988 	 7.7000 	 0.0000 	 3.3235 	 648.3941 	 29.0000 	 2.0544 	 5.8989 	 8.8020 	 0.6397 	 1.2643 	 0.0000 	 2.3881 	 0.0017 
21.0000 	 0.0129 	 3.7011 	 4.5645 	 9.8889 	 -0.9650 	 0.0000 	 3.2099 	 675.7677 	 21.0000 	 0.2975 	 5.0392 	 6.2775 	 1.7431 	 -2.0682 	 0.0000 	 2.4581 	 0.0000 
25.0000 	 0.9219 	 3.4901 	 1.9852 	 7.2015 	 3.5745 	 0.0000 	 1.4659 	 623.8166 	 25.0000 	 0.5063 	 8.4418 	 0.1268 	 0.6612 	 2.4953 	 0.0000 	 1.2849 	 0.0044 
25.0000 	 0.0036 	 8.1201 	 7.0795 	 3.0455 	 5.9152 	 0.0000 	 3.2635 	 675.8049 	 25.0000 	 0.2003 	 9.7432 	 0.7785 	 2.8647 	 -1.9302 	 0.0000 	 1.1022 	 0.0000 
24.0000 	 0.0030 	 0.0488 	 9.9773 	 4.4472 	 4.4814 	 0.0000 	 3.2142 	 675.7683 	 24.0000 	 2.9798 	 1.6521 	 6.0841 	 1.9944 	 1.5375 	 0.0000 	 1.9069 	 0.0007 
25.0000 	 0.0027 	 0.3168 	 7.6119 	 2.4828 	 6.4380 	 0.0000 	 3.2105 	 675.7678 	 25.0000 	 2.3470 	 1.4044 	 7.1486 	 2.8711 	 -2.8132 	 0.0000 	 1.3560 	 0.0000 
28.0000 	 0.0035 	 1.9686 	 9.0749 	 3.5109 	 5.4129 	 0.0000 	 3.2109 	 675.7678 	 28.0000 	 1.5410 	 1.8254 	 5.9085 	 0.1714 	 2.4008 	 0.0000 	 0.7324 	 0.0000 
22.0000 	 0.0010 	 7.4973 	 8.5300 	 9.7674 	 -0.8763 	 0.0000 	 3.1959 	 675.7786 	 22.0000 	 0.5740 	 6.0770 	 0.2679 	 2.4947 	 2.8507 	 0.0000 	 0.2817 	 0.0000 
27.0000 	 0.9671 	 3.4829 	 1.6333 	 7.8409 	 3.1456 	 0.0000 	 1.3408 	 623.2698 	 27.0000 	 1.8587 	 3.2463 	 7.8263 	 1.1382 	 2.7122 	 0.0000 	 2.2440 	 0.0026 
16.0000 	 0.6854 	 3.0087 	 2.8197 	 6.1748 	 4.0696 	 0.0000 	 1.6404 	 627.1052 	 16.0000 	 1.2943 	 4.1422 	 8.1163 	 0.9134 	 0.5726 	 0.0000 	 2.7423 	 0.0057 
29.0000 	 1.0075 	 3.7619 	 1.4529 	 8.5323 	 2.9263 	 0.0000 	 1.2756 	 622.9714 	 29.0000 	 1.1449 	 7.5858 	 6.0209 	 2.4294 	 0.2104 	 0.0000 	 0.7714 	 0.0022 
20.0000 	 0.8003 	 3.5155 	 1.4120 	 8.5298 	 2.8212 	 0.0000 	 1.2087 	 624.3530 	 20.0000 	 1.7265 	 6.3069 	 6.0171 	 1.0977 	 2.3602 	 0.0000 	 1.9274 	 0.0058 
25.0000 	 0.0093 	 2.2724 	 6.9387 	 1.0212 	 7.9035 	 0.0000 	 3.2100 	 675.7678 	 25.0000 	 0.6357 	 5.8556 	 6.1989 	 0.2324 	 -1.0467 	 0.0000 	 2.8628 	 0.0000 
24.0000 	 0.9040 	 3.6011 	 1.5005 	 8.2417 	 3.1123 	 0.0000 	 1.3379 	 623.4750 	 24.0000 	 2.7275 	 2.5687 	 8.3095 	 2.9788 	 1.8891 	 0.0000 	 0.2799 	 0.0047 
23.0000 	 0.8688 	 3.8017 	 1.6821 	 7.6814 	 3.5326 	 0.0000 	 1.4940 	 624.0137 	 23.0000 	 0.3741 	 6.8238 	 8.6484 	 1.2738 	 2.7559 	 0.0000 	 0.4545 	 0.0042 
22.0000 	 0.8417 	 3.5386 	 2.3064 	 6.7962 	 3.8820 	 0.0000 	 1.6167 	 624.7163 	 22.0000 	 1.4785 	 7.1090 	 8.5742 	 1.7201 	 1.8232 	 0.0000 	 2.5424 	 0.0047 
28.0000 	 0.1641 	 4.4580 	 2.5455 	 4.1255 	 4.6917 	 0.0000 	 3.1212 	 675.8142 	 28.0000 	 2.3030 	 0.8978 	 5.9088 	 1.2366 	 -0.2228 	 0.0000 	 2.7981 	 0.0208 
21.0000 	 0.8140 	 3.7442 	 1.7836 	 7.4369 	 3.5931 	 0.0000 	 1.4755 	 624.5699 	 21.0000 	 0.1608 	 2.8872 	 9.2186 	 0.8412 	 0.0632 	 0.0000 	 0.7416 	 0.0049 
20.0000 	 0.8015 	 3.5655 	 1.6495 	 7.8549 	 3.3058 	 0.0000 	 1.4070 	 624.5832 	 20.0000 	 0.0130 	 9.1171 	 3.6953 	 2.1756 	 -1.5418 	 0.0000 	 0.1380 	 0.0098 
23.0000 	 0.8769 	 4.0150 	 1.1707 	 9.8165 	 2.4708 	 0.0000 	 1.1482 	 623.4413 	 23.0000 	 1.5401 	 0.7166 	 9.3134 	 2.1241 	 -1.0219 	 0.0000 	 1.6869 	 0.0035 
19.0000 	 0.7604 	 3.3545 	 2.6849 	 6.3406 	 4.0429 	 0.0000 	 1.6503 	 625.8176 	 19.0000 	 1.2958 	 2.5987 	 0.1740 	 1.1774 	 2.4062 	 0.0000 	 0.4385 	 0.0056 
18.0000 	 0.7435 	 3.2218 	 2.2516 	 6.7115 	 3.8041 	 0.0000 	 1.5616 	 625.8696 	 18.0000 	 2.1699 	 8.8670 	 4.1546 	 2.0273 	 0.0039 	 0.0000 	 1.9261 	 0.0065 
23.0000 	 0.8662 	 3.1019 	 6.0327 	 5.4126 	 4.6324 	 0.0000 	 1.8055 	 626.3617 	 23.0000 	 1.4333 	 6.8657 	 4.2753 	 2.5669 	 2.0613 	 0.0000 	 0.3522 	 0.0029 
18.0000 	 0.0017 	 7.3370 	 7.8864 	 0.0281 	 8.8961 	 0.0000 	 3.2101 	 675.7677 	 18.0000 	 2.4193 	 7.0962 	 5.0047 	 2.8203 	 2.0025 	 0.0000 	 1.8821 	 0.0000 
25.0000 	 0.9286 	 3.8776 	 1.2956 	 9.2092 	 2.7477 	 0.0000 	 1.2129 	 623.2065 	 25.0000 	 2.4673 	 1.9632 	 0.7674 	 0.8493 	 2.8291 	 0.0000 	 1.5678 	 0.0030 
17.0000 	 0.7104 	 3.2398 	 2.7578 	 6.2150 	 4.1381 	 0.0000 	 1.6999 	 626.6112 	 17.0000 	 0.5190 	 7.1488 	 7.2354 	 0.0983 	 2.7359 	 0.0000 	 0.6519 	 0.0053 
15.0000 	 0.0142 	 5.0131 	 4.9674 	 6.5054 	 2.4082 	 0.0000 	 3.2008 	 675.7655 	 15.0000 	 1.4674 	 8.5604 	 6.8575 	 0.0042 	 1.6985 	 0.0000 	 2.5550 	 0.0000 
10.0000 	 0.4531 	 2.7733 	 6.6703 	 5.3535 	 4.4907 	 0.0000 	 1.8527 	 631.0036 	 10.0000 	 2.4040 	 1.2575 	 4.6015 	 2.9909 	 1.4737 	 0.0000 	 1.1446 	 0.0086 
19.0000 	 0.7708 	 4.1009 	 1.1487 	 9.9838 	 2.4528 	 0.0000 	 1.1162 	 624.6245 	 19.0000 	 1.4468 	 5.1125 	 2.1098 	 1.5063 	 0.4445 	 0.0000 	 1.8383 	 0.0058 
19.0000 	 0.7769 	 3.2557 	 2.1759 	 6.8090 	 3.8259 	 0.0000 	 1.6064 	 625.5123 	 19.0000 	 1.6025 	 8.6536 	 5.0152 	 1.4316 	 2.4679 	 0.0000 	 1.2526 	 0.0048 
22.0000 	 0.8546 	 4.0022 	 1.1838 	 9.8432 	 2.4566 	 0.0000 	 1.1139 	 623.6302 	 22.0000 	 1.3231 	 3.6902 	 0.2371 	 0.1748 	 2.1581 	 0.0000 	 0.4192 	 0.0042 
22.0000 	 0.8579 	 3.9760 	 1.1382 	 10.0000 	 2.3998 	 0.0000 	 1.1133 	 623.6405 	 22.0000 	 2.2370 	 1.5562 	 5.6817 	 1.7787 	 1.6126 	 0.0000 	 0.6641 	 0.0042 
14.0000 	 0.6106 	 3.0248 	 3.7901 	 5.7652 	 4.3315 	 0.0000 	 1.7518 	 628.2606 	 14.0000 	 2.0615 	 0.1028 	 2.5626 	 0.8339 	 2.7492 	 0.0000 	 0.0704 	 0.0083 
15.0000 	 0.6503 	 3.0515 	 3.0313 	 6.0903 	 4.1433 	 0.0000 	 1.7077 	 627.5983 	 15.0000 	 2.4613 	 1.5738 	 0.8018 	 1.4552 	 -2.7488 	 0.0000 	 2.9176 	 0.0073 
8.0000 	 0.3654 	 2.5413 	 9.8078 	 5.2161 	 4.5552 	 0.0000 	 1.9096 	 632.8260 	 8.0000 	 1.6016 	 4.3950 	 5.6399 	 2.2205 	 -1.5686 	 0.0000 	 0.4081 	 0.0106 
17.0000 	 0.0012 	 10.0000 	 9.9734 	 0.0003 	 8.9218 	 0.0000 	 3.2090 	 675.7678 	 17.0000 	 2.8765 	 3.1047 	 3.5211 	 2.6079 	 0.0279 	 0.0000 	 2.4604 	 0.0000 
16.0000 	 0.6816 	 2.9952 	 4.2935 	 5.5861 	 4.4781 	 0.0000 	 1.7798 	 627.5380 	 16.0000 	 1.0968 	 7.6092 	 2.5618 	 2.4715 	 0.5737 	 0.0000 	 2.4635 	 0.0053 
21.0000 	 0.0010 	 0.0441 	 9.1429 	 9.9944 	 -1.1121 	 0.0000 	 3.2030 	 675.7511 	 21.0000 	 1.7080 	 1.0462 	 1.6750 	 2.0814 	 -1.0223 	 0.0000 	 2.5573 	 0.0000 
21.0000 	 0.0016 	 1.3970 	 9.3607 	 8.1450 	 0.7779 	 0.0000 	 3.2095 	 675.7677 	 21.0000 	 2.3353 	 2.1665 	 9.1747 	 1.8433 	 -0.3742 	 0.0000 	 2.3661 	 0.0000 
19.0000 	 0.0015 	 6.7173 	 7.5377 	 0.9085 	 8.0169 	 0.0000 	 3.2109 	 675.7678 	 19.0000 	 2.5659 	 2.6137 	 5.4921 	 1.8692 	 0.5058 	 0.0000 	 0.0567 	 0.0000 
13.0000 	 0.0021 	 2.8016 	 6.3187 	 2.5718 	 6.3497 	 0.0000 	 3.2077 	 675.7678 	 13.0000 	 0.7245 	 7.5075 	 7.9739 	 1.6874 	 0.2610 	 0.0000 	 0.0749 	 0.0000 
18.0000 	 0.7266 	 3.1681 	 6.0667 	 5.4286 	 4.5738 	 0.0000 	 1.7965 	 627.1784 	 18.0000 	 2.0044 	 3.6535 	 8.6677 	 2.5783 	 1.4173 	 0.0000 	 1.3752 	 0.0050 
16.0000 	 0.0012 	 4.9245 	 8.3481 	 4.1137 	 4.8149 	 0.0000 	 3.2110 	 675.7680 	 16.0000 	 2.6154 	 1.4281 	 9.1886 	 2.1043 	 1.1315 	 0.0000 	 0.5857 	 0.0000 
25.0000 	 0.9063 	 4.5987 	 1.6042 	 8.3343 	 3.7154 	 0.0000 	 1.6250 	 624.2774 	 25.0000 	 2.3556 	 0.8431 	 8.3089 	 0.7468 	 1.5887 	 0.0000 	 2.5246 	 0.0038 
20.0000 	 0.0010 	 3.5300 	 0.2997 	 0.0000 	 8.9260 	 0.0000 	 3.2076 	 675.7715 	 20.0000 	 1.3234 	 1.2850 	 9.8010 	 1.3308 	 -0.5027 	 0.0000 	 1.0035 	 0.0007 
11.0000 	 0.0010 	 8.5485 	 9.5289 	 0.5650 	 8.3586 	 0.0000 	 3.2088 	 675.7677 	 11.0000 	 2.1138 	 1.8094 	 3.6873 	 0.8148 	 2.2571 	 0.0000 	 0.9272 	 0.0000 
14.0000 	 0.6264 	 3.9537 	 1.3977 	 8.5292 	 3.4831 	 0.0000 	 1.5613 	 628.9512 	 14.0000 	 2.6561 	 8.5147 	 7.5416 	 2.7606 	 -1.3368 	 0.0000 	 0.9204 	 0.0147 
13.0000 	 0.6052 	 3.1299 	 1.2697 	 8.8040 	 2.6853 	 0.0000 	 1.2411 	 629.2243 	 13.0000 	 1.4850 	 5.1266 	 5.8051 	 0.0608 	 -2.5539 	 0.0000 	 0.1467 	 0.0136 
18.0000 	 0.7390 	 3.5050 	 1.8041 	 7.3983 	 3.4919 	 0.0000 	 1.4388 	 625.5737 	 18.0000 	 1.9166 	 5.4874 	 6.5457 	 2.6936 	 1.4418 	 0.0000 	 0.0871 	 0.0069 
15.0000 	 0.0030 	 8.2800 	 5.4535 	 3.3473 	 5.5768 	 0.0000 	 3.2094 	 675.7677 	 15.0000 	 1.1984 	 4.8904 	 9.6622 	 1.9788 	 -0.7081 	 0.0000 	 0.3909 	 0.0000 
22.0000 	 0.0065 	 9.4094 	 5.5045 	 3.0127 	 5.9057 	 0.0000 	 3.2032 	 675.7683 	 22.0000 	 0.1522 	 1.3493 	 3.4776 	 2.0612 	 0.3688 	 0.0000 	 1.5377 	 0.0000 
38.0000 	 1.1846 	 3.5612 	 1.8074 	 7.5536 	 3.3726 	 0.0000 	 1.4677 	 623.0961 	 38.0000 	 1.2069 	 0.4505 	 6.1342 	 2.1803 	 -1.6506 	 0.0000 	 1.5556 	 0.0029 
6.0000 	 0.2625 	 2.0526 	 9.9991 	 5.1313 	 4.4586 	 0.0000 	 2.1588 	 635.6918 	 6.0000 	 2.8671 	 9.0587 	 5.3268 	 1.2015 	 0.8313 	 0.0000 	 2.0031 	 0.0089 
18.0000 	 0.7497 	 3.1415 	 1.9742 	 7.0334 	 3.5888 	 0.0000 	 1.4722 	 625.7409 	 18.0000 	 2.5048 	 2.3939 	 2.9103 	 1.0378 	 -2.3080 	 0.0000 	 2.9180 	 0.0074 
13.0000 	 0.0013 	 7.2507 	 8.3407 	 0.1816 	 8.7417 	 0.0000 	 3.2098 	 675.7677 	 13.0000 	 1.9942 	 5.9233 	 8.4436 	 1.1739 	 2.2705 	 0.0000 	 1.3154 	 0.0000 
17.0000 	 0.0153 	 2.4978 	 9.2360 	 0.6934 	 8.2300 	 0.0000 	 3.2099 	 675.7677 	 17.0000 	 2.8493 	 2.7386 	 9.1499 	 1.6884 	 2.9711 	 0.0000 	 1.0897 	 0.0000 
11.0000 	 0.0035 	 9.6651 	 4.9617 	 3.0129 	 5.8920 	 0.0000 	 3.1709 	 675.7866 	 11.0000 	 0.2697 	 4.5963 	 0.6028 	 1.3330 	 -2.7703 	 0.0000 	 2.4684 	 0.0000 
5.0000 	 0.0057 	 5.5156 	 9.5480 	 4.6345 	 4.3072 	 0.0000 	 3.2208 	 675.7714 	 5.0000 	 1.0799 	 9.3856 	 1.4912 	 2.3267 	 -0.3589 	 0.0000 	 0.7015 	 0.0003 
16.0000 	 0.0116 	 9.9982 	 0.0000 	 2.0022 	 7.5858 	 0.0000 	 3.3542 	 676.2785 	 16.0000 	 1.5555 	 5.5944 	 3.6597 	 0.6150 	 2.1203 	 0.0000 	 2.5718 	 0.0853 
10.0000 	 0.4564 	 2.7079 	 10.0000 	 5.2119 	 4.6233 	 0.0000 	 1.8795 	 630.9910 	 10.0000 	 1.6661 	 3.5552 	 0.2266 	 0.8813 	 2.6158 	 0.0000 	 2.5399 	 0.0068 
23.0000 	 0.8777 	 3.4133 	 1.6333 	 7.8301 	 3.1773 	 0.0000 	 1.3670 	 623.7942 	 23.0000 	 0.6421 	 4.3382 	 0.6061 	 2.5056 	 0.9607 	 0.0000 	 2.4253 	 0.0050 
15.0000 	 0.6386 	 3.1315 	 4.8856 	 5.5098 	 4.5568 	 0.0000 	 1.8027 	 627.9690 	 15.0000 	 0.9542 	 6.1150 	 6.6857 	 1.2180 	 -2.0834 	 0.0000 	 0.6866 	 0.0060 
15.0000 	 0.6358 	 3.0154 	 9.9975 	 5.1481 	 4.7618 	 0.0000 	 1.8428 	 628.4112 	 15.0000 	 2.5710 	 7.0950 	 4.6325 	 1.2185 	 2.2221 	 0.0000 	 0.7003 	 0.0047 
18.0000 	 0.7333 	 3.0799 	 4.5275 	 5.4924 	 4.5296 	 0.0000 	 1.7714 	 627.0223 	 18.0000 	 0.0405 	 6.1857 	 1.0244 	 1.6318 	 1.3769 	 0.0000 	 2.5323 	 0.0036 
19.0000 	 0.7707 	 3.2879 	 2.0996 	 6.9115 	 3.6786 	 0.0000 	 1.5186 	 625.3708 	 19.0000 	 0.6261 	 9.3676 	 2.7257 	 1.5770 	 -1.0468 	 0.0000 	 2.9078 	 0.0058 
10.0000 	 0.4343 	 0.5706 	 0.0000 	 3.5783 	 6.4502 	 0.0000 	 3.3129 	 649.4032 	 10.0000 	 2.1191 	 7.1306 	 5.7895 	 0.2815 	 0.5404 	 0.0000 	 2.6373 	 0.0078 
4.0000 	 0.1342 	 1.8973 	 8.9937 	 5.0146 	 4.3252 	 0.0000 	 2.4230 	 639.2352 	 4.0000 	 2.3967 	 4.4587 	 7.4072 	 0.1216 	 2.6373 	 0.0000 	 1.2385 	 0.0243 
8.0000 	 0.3679 	 2.5267 	 8.6595 	 5.1434 	 4.6206 	 0.0000 	 1.9213 	 632.8723 	 8.0000 	 0.3433 	 8.3836 	 9.4518 	 1.5221 	 -1.2416 	 0.0000 	 1.3883 	 0.0078 
13.0000 	 0.5766 	 2.9271 	 4.7329 	 5.5938 	 4.4248 	 0.0000 	 1.7715 	 628.8814 	 13.0000 	 2.5890 	 2.0290 	 8.6337 	 0.1331 	 1.7649 	 0.0000 	 1.4909 	 0.0073 
1.0000 	 0.0010 	 1.2366 	 7.6834 	 4.6767 	 4.3576 	 0.0000 	 2.8847 	 651.8745 	 1.0000 	 2.2692 	 9.0397 	 0.2128 	 2.7334 	 1.9487 	 0.0000 	 1.5495 	 0.0181 
17.0000 	 0.7013 	 3.3142 	 2.7194 	 6.2099 	 4.1265 	 0.0000 	 1.6624 	 626.6377 	 17.0000 	 1.6351 	 0.1421 	 6.5423 	 0.2321 	 -1.1010 	 0.0000 	 1.7875 	 0.0065 
11.0000 	 0.0138 	 10.0000 	 8.6426 	 2.4419 	 6.3574 	 0.0000 	 3.1569 	 675.9264 	 11.0000 	 0.0435 	 1.0995 	 1.6027 	 2.5700 	 -0.6729 	 0.0000 	 0.6070 	 0.0000 
15.0000 	 0.6454 	 2.9615 	 5.3027 	 5.3169 	 4.6376 	 0.0000 	 1.7978 	 628.2104 	 15.0000 	 0.9755 	 1.9111 	 1.7218 	 2.7155 	 -0.5547 	 0.0000 	 1.3240 	 0.0054 
8.0000 	 0.3647 	 2.5345 	 8.0230 	 5.2275 	 4.5348 	 0.0000 	 1.9464 	 632.9022 	 8.0000 	 2.9437 	 4.1185 	 4.3574 	 1.0185 	 0.4130 	 0.0000 	 2.8625 	 0.0126 
7.0000 	 0.3212 	 2.3363 	 8.9789 	 5.2067 	 4.5247 	 0.0000 	 1.9315 	 634.0787 	 7.0000 	 1.0787 	 9.9282 	 5.9867 	 1.8197 	 -0.5347 	 0.0000 	 1.1746 	 0.0089 
21.0000 	 0.8302 	 3.5570 	 1.5936 	 7.9318 	 3.2736 	 0.0000 	 1.4058 	 624.2348 	 21.0000 	 2.0281 	 9.4745 	 8.6743 	 1.3245 	 1.7410 	 0.0000 	 1.5347 	 0.0069 
14.0000 	 0.0013 	 6.5410 	 5.7181 	 2.6173 	 6.3060 	 0.0000 	 3.2094 	 675.7677 	 14.0000 	 1.0701 	 4.5021 	 1.1403 	 1.7701 	 -2.7870 	 0.0000 	 1.2536 	 0.0000 
10.0000 	 0.0050 	 9.8920 	 0.0000 	 7.0236 	 4.4966 	 0.0000 	 3.2084 	 677.7246 	 10.0000 	 1.2973 	 4.6736 	 1.7406 	 1.7580 	 0.2455 	 0.0000 	 0.9184 	 0.0638 
14.0000 	 0.6145 	 2.9757 	 3.5851 	 5.8892 	 4.2257 	 0.0000 	 1.7490 	 628.2249 	 14.0000 	 2.3335 	 5.5205 	 6.3574 	 2.7639 	 0.6706 	 0.0000 	 2.3847 	 0.0103 
20.0000 	 0.7970 	 3.4457 	 1.4891 	 8.0775 	 3.0499 	 0.0000 	 1.2767 	 624.5197 	 20.0000 	 0.3037 	 8.8234 	 1.7581 	 1.1948 	 2.3014 	 0.0000 	 0.0558 	 0.0167 
9.0000 	 0.4146 	 2.5902 	 10.0000 	 5.1738 	 4.6178 	 0.0000 	 1.8943 	 631.7939 	 9.0000 	 0.7701 	 1.8031 	 9.7912 	 0.1032 	 1.8829 	 0.0000 	 0.4803 	 0.0072 
15.0000 	 0.6439 	 3.2884 	 3.0580 	 5.9992 	 4.3481 	 0.0000 	 1.7679 	 627.7685 	 15.0000 	 1.3629 	 3.0473 	 8.3827 	 2.9517 	 -1.1555 	 0.0000 	 1.9297 	 0.0128 
4.0000 	 0.1368 	 3.5125 	 0.1995 	 8.3101 	 3.3151 	 0.0000 	 3.2455 	 649.4575 	 4.0000 	 2.5471 	 4.4571 	 0.1705 	 2.1632 	 -0.4959 	 0.0000 	 2.9375 	 0.0077 
19.0000 	 0.0330 	 5.4443 	 2.8711 	 9.5317 	 -0.4241 	 0.0000 	 3.3830 	 676.2457 	 19.0000 	 1.5937 	 6.2949 	 3.1911 	 1.7457 	 -0.7366 	 0.0000 	 0.9964 	 0.0000 
17.0000 	 0.6947 	 3.2987 	 4.7591 	 5.5340 	 4.5443 	 0.0000 	 1.7927 	 627.2481 	 17.0000 	 1.4777 	 1.0337 	 2.9587 	 2.8179 	 -1.8770 	 0.0000 	 2.8919 	 0.0048 
7.0000 	 0.3146 	 2.4502 	 10.0000 	 5.1434 	 4.5404 	 0.0000 	 1.9748 	 634.0779 	 7.0000 	 1.0788 	 7.9824 	 1.3767 	 0.4153 	 -1.8188 	 0.0000 	 0.3100 	 0.0076 
13.0000 	 0.5768 	 2.9880 	 4.2366 	 5.5479 	 4.4745 	 0.0000 	 1.7920 	 628.9347 	 13.0000 	 2.4554 	 4.5701 	 3.7420 	 1.7786 	 2.8106 	 0.0000 	 0.0526 	 0.0070 
8.0000 	 0.3679 	 2.4438 	 9.9545 	 5.1599 	 4.5476 	 0.0000 	 1.9176 	 632.8120 	 8.0000 	 0.0457 	 4.9927 	 2.9739 	 0.9697 	 0.4467 	 0.0000 	 1.7382 	 0.0074 
13.0000 	 0.5681 	 2.8858 	 9.8243 	 5.1804 	 4.7066 	 0.0000 	 1.8553 	 629.1764 	 13.0000 	 1.9322 	 6.4926 	 2.2730 	 0.4036 	 -1.2492 	 0.0000 	 1.8816 	 0.0059 
4.0000 	 0.1353 	 1.8466 	 9.9991 	 4.9136 	 4.4189 	 0.0000 	 2.5340 	 639.1325 	 4.0000 	 0.5351 	 2.2302 	 3.2206 	 0.9831 	 1.9592 	 0.0000 	 1.0569 	 0.0074 
4.0000 	 0.1352 	 1.8213 	 9.4382 	 4.9659 	 4.3346 	 0.0000 	 2.5067 	 639.1622 	 4.0000 	 1.4918 	 4.7858 	 7.8808 	 1.4473 	 -0.4338 	 0.0000 	 1.8720 	 0.0071 
17.0000 	 0.6989 	 3.0812 	 5.2431 	 5.3668 	 4.6102 	 0.0000 	 1.7938 	 627.4593 	 17.0000 	 1.3038 	 0.9712 	 3.4292 	 1.4273 	 2.9760 	 0.0000 	 2.5262 	 0.0045 
11.0000 	 0.0035 	 2.5044 	 5.3317 	 3.4672 	 5.4577 	 0.0000 	 3.2118 	 675.7678 	 11.0000 	 2.0692 	 2.7176 	 4.0347 	 1.4074 	 0.0764 	 0.0000 	 1.2242 	 0.0000 
2.0000 	 0.0226 	 1.5148 	 6.9192 	 4.9328 	 4.1924 	 0.0000 	 2.7769 	 644.7141 	 2.0000 	 2.8956 	 2.4702 	 8.8253 	 2.9536 	 -0.7892 	 0.0000 	 0.9441 	 0.0159 
10.0000 	 0.4581 	 2.6677 	 8.0891 	 5.2053 	 4.6257 	 0.0000 	 1.8848 	 630.9705 	 10.0000 	 0.7631 	 6.9979 	 6.5492 	 2.0260 	 -1.0227 	 0.0000 	 2.3906 	 0.0071 
12.0000 	 0.0013 	 6.0800 	 9.5345 	 9.9882 	 -1.0775 	 0.0000 	 3.3702 	 675.5592 	 12.0000 	 2.6576 	 7.6599 	 4.7712 	 0.2206 	 -2.6156 	 0.0000 	 2.0980 	 0.0000 
11.0000 	 0.4992 	 2.6762 	 9.9139 	 5.1910 	 4.6612 	 0.0000 	 1.8748 	 630.3014 	 11.0000 	 0.4489 	 5.9390 	 3.5962 	 2.4582 	 2.1608 	 0.0000 	 1.7344 	 0.0063 
6.0000 	 0.2655 	 2.2247 	 9.9997 	 5.1158 	 4.5245 	 0.0000 	 2.0340 	 635.4788 	 6.0000 	 1.0721 	 1.1704 	 4.8291 	 1.5362 	 2.4068 	 0.0000 	 0.2598 	 0.0189 
10.0000 	 0.0099 	 5.2806 	 6.8742 	 5.8083 	 3.1150 	 0.0000 	 3.2112 	 675.7677 	 10.0000 	 2.3912 	 5.5088 	 6.0841 	 1.4709 	 2.5190 	 0.0000 	 0.9689 	 0.0000 
17.0000 	 0.7153 	 3.2986 	 1.9845 	 6.9066 	 3.7765 	 0.0000 	 1.5753 	 626.2513 	 17.0000 	 0.8355 	 2.1914 	 0.3871 	 0.7914 	 -0.0986 	 0.0000 	 2.7853 	 0.0049 
4.0000 	 0.1353 	 1.9203 	 9.8453 	 4.8360 	 4.5346 	 0.0000 	 2.5011 	 639.1576 	 4.0000 	 1.1284 	 6.7686 	 2.0606 	 2.7949 	 -2.2065 	 0.0000 	 1.9669 	 0.0087 
1.0000 	 0.0010 	 1.1719 	 10.0000 	 4.7779 	 4.2838 	 0.0000 	 2.9472 	 651.8887 	 1.0000 	 2.4930 	 0.0254 	 6.9742 	 2.1338 	 2.1218 	 0.0000 	 2.7068 	 0.0082 
10.0000 	 0.4584 	 2.6950 	 6.0186 	 5.4020 	 4.4529 	 0.0000 	 1.8464 	 630.9858 	 10.0000 	 1.1279 	 8.4029 	 0.7474 	 0.2618 	 -2.7882 	 0.0000 	 0.3121 	 0.0072 
5.0000 	 0.2035 	 2.0167 	 10.0000 	 5.1488 	 4.3616 	 0.0000 	 2.1751 	 637.2326 	 5.0000 	 2.4208 	 3.0492 	 0.4537 	 2.8801 	 1.5385 	 0.0000 	 1.6354 	 0.0082 
17.0000 	 0.7035 	 3.3659 	 3.4836 	 5.8241 	 4.4231 	 0.0000 	 1.7170 	 627.0113 	 17.0000 	 1.3570 	 0.3133 	 5.3582 	 1.7998 	 -0.7652 	 0.0000 	 0.0176 	 0.0075 
8.0000 	 0.3693 	 2.4351 	 9.9988 	 5.1252 	 4.6132 	 0.0000 	 1.9349 	 632.8259 	 8.0000 	 1.2817 	 6.3004 	 8.5144 	 2.0917 	 -1.0476 	 0.0000 	 1.6630 	 0.0078 
1.0000 	 0.0010 	 1.2367 	 6.7005 	 4.5196 	 4.5337 	 0.0000 	 2.9440 	 651.9747 	 1.0000 	 1.6696 	 3.4764 	 8.7449 	 0.6265 	 2.1548 	 0.0000 	 0.5892 	 0.0114 
7.0000 	 0.3168 	 2.3289 	 9.9989 	 5.1281 	 4.5282 	 0.0000 	 1.9964 	 634.0385 	 7.0000 	 2.9291 	 3.0497 	 8.8060 	 1.0300 	 -2.6738 	 0.0000 	 1.6337 	 0.0077 
36.0000 	 1.1485 	 3.7705 	 1.4764 	 8.4943 	 2.9643 	 0.0000 	 1.3716 	 623.0355 	 36.0000 	 2.2894 	 4.1241 	 4.0256 	 0.4202 	 -2.2628 	 0.0000 	 0.6922 	 0.0026 
3.0000 	 0.0718 	 1.1079 	 1.6870 	 6.9200 	 2.2279 	 0.0000 	 2.8825 	 643.4875 	 3.0000 	 0.9516 	 2.4475 	 4.3208 	 0.7301 	 -1.2946 	 0.0000 	 0.1127 	 0.0070 
14.0000 	 0.6037 	 3.0300 	 6.6986 	 5.3349 	 4.6198 	 0.0000 	 1.8208 	 628.5517 	 14.0000 	 2.0198 	 6.0611 	 2.5222 	 2.6866 	 0.3992 	 0.0000 	 2.6494 	 0.0059 
2.0000 	 0.0221 	 1.5710 	 9.7265 	 4.7828 	 4.3786 	 0.0000 	 2.7793 	 644.6142 	 2.0000 	 1.4412 	 7.6392 	 9.7101 	 0.1129 	 2.2724 	 0.0000 	 0.0686 	 0.0093 
4.0000 	 0.1363 	 1.7649 	 8.7888 	 4.8326 	 4.4665 	 0.0000 	 2.6131 	 639.2252 	 4.0000 	 2.6931 	 3.0998 	 9.1434 	 0.0196 	 -1.9361 	 0.0000 	 1.5125 	 0.0075 
8.0000 	 0.3683 	 2.4820 	 9.9999 	 5.1631 	 4.5927 	 0.0000 	 1.9303 	 632.8062 	 8.0000 	 2.0560 	 8.4249 	 0.5800 	 2.3295 	 0.7478 	 0.0000 	 1.5889 	 0.0077 
7.0000 	 0.2971 	 0.7772 	 0.7779 	 9.3633 	 -0.1135 	 0.0000 	 2.8692 	 640.2270 	 7.0000 	 2.1767 	 4.2515 	 8.2963 	 2.2988 	 2.2762 	 0.0000 	 0.8017 	 0.0084 
7.0000 	 0.0010 	 3.0987 	 9.3713 	 0.0000 	 8.9232 	 0.0000 	 3.2097 	 675.7676 	 7.0000 	 1.4876 	 8.0701 	 7.7475 	 1.2561 	 2.9085 	 0.0000 	 0.7844 	 0.0000 
1.0000 	 0.0010 	 1.2443 	 9.9429 	 4.6567 	 4.4589 	 0.0000 	 2.9111 	 651.8804 	 1.0000 	 1.7969 	 4.0595 	 9.2285 	 2.3264 	 -2.8901 	 0.0000 	 1.2769 	 0.0118 
14.0000 	 0.6111 	 3.0569 	 3.8708 	 5.7850 	 4.3328 	 0.0000 	 1.7689 	 628.2566 	 14.0000 	 2.5640 	 3.9703 	 3.1561 	 0.4642 	 -1.9072 	 0.0000 	 1.5080 	 0.0079 
13.0000 	 0.5690 	 2.9286 	 9.9980 	 5.1256 	 4.7551 	 0.0000 	 1.8585 	 629.1953 	 13.0000 	 0.3547 	 4.5907 	 3.9191 	 2.4208 	 -1.1386 	 0.0000 	 0.6238 	 0.0060 
4.0000 	 0.1350 	 1.8737 	 8.7500 	 4.9389 	 4.3954 	 0.0000 	 2.4891 	 639.1575 	 4.0000 	 0.6309 	 5.3417 	 8.2409 	 1.6545 	 1.4349 	 0.0000 	 0.6859 	 0.0102 
4.0000 	 0.1333 	 1.9699 	 9.9940 	 4.4773 	 4.9148 	 0.0000 	 2.6528 	 639.5366 	 4.0000 	 2.3803 	 2.6055 	 3.3350 	 2.5640 	 -1.8899 	 0.0000 	 0.1656 	 0.0076 
11.0000 	 0.0181 	 1.9643 	 7.0251 	 0.3753 	 8.5475 	 0.0000 	 3.2162 	 675.7403 	 11.0000 	 1.1418 	 4.8307 	 9.4347 	 1.9445 	 2.8480 	 0.0000 	 2.1330 	 0.0001 
13.0000 	 0.5738 	 2.7867 	 10.0000 	 5.2143 	 4.6426 	 0.0000 	 1.8384 	 629.2074 	 13.0000 	 1.7682 	 7.4807 	 7.1736 	 1.2046 	 -0.4782 	 0.0000 	 2.7116 	 0.0060 
4.0000 	 0.1322 	 7.8676 	 5.2175 	 0.0008 	 8.6444 	 0.0000 	 3.2927 	 651.6272 	 4.0000 	 1.3433 	 1.7206 	 5.7581 	 0.3626 	 1.3893 	 0.0000 	 0.8810 	 0.0058 
33.0000 	 1.1035 	 3.8639 	 1.2777 	 9.3307 	 2.6673 	 0.0000 	 1.2583 	 623.0621 	 33.0000 	 0.9435 	 3.9129 	 1.9381 	 0.1174 	 -1.6198 	 0.0000 	 1.1407 	 0.0033 
4.0000 	 0.1384 	 1.8197 	 10.0000 	 4.9257 	 4.4313 	 0.0000 	 2.4663 	 639.1182 	 4.0000 	 1.7056 	 2.0985 	 2.8687 	 0.5325 	 0.1435 	 0.0000 	 2.6560 	 0.0081 
10.0000 	 0.0015 	 6.1734 	 6.3784 	 2.0431 	 6.8805 	 0.0000 	 3.2097 	 675.7677 	 10.0000 	 1.3853 	 7.7460 	 5.8433 	 1.8231 	 0.8685 	 0.0000 	 0.4753 	 0.0000 
1.0000 	 0.0010 	 1.2790 	 6.8537 	 3.8259 	 5.1583 	 0.0000 	 2.9579 	 652.4242 	 1.0000 	 1.5940 	 0.9005 	 0.9632 	 2.4658 	 -1.5416 	 0.0000 	 0.2609 	 0.0132 
2.0000 	 0.0222 	 1.5202 	 7.1208 	 4.9595 	 4.1741 	 0.0000 	 2.7973 	 644.6819 	 2.0000 	 0.6782 	 3.2840 	 8.2608 	 2.7278 	 0.5240 	 0.0000 	 0.6321 	 0.0140 
8.0000 	 0.3689 	 2.5118 	 8.9656 	 5.2812 	 4.5078 	 0.0000 	 1.8925 	 632.8502 	 8.0000 	 1.7659 	 3.1452 	 1.5572 	 1.5756 	 0.5758 	 0.0000 	 2.5329 	 0.0089 
1.0000 	 0.0010 	 2.1738 	 0.0000 	 0.0000 	 8.6603 	 0.0000 	 3.2740 	 660.3760 	 1.0000 	 0.8128 	 7.7158 	 5.2550 	 1.6324 	 -0.1550 	 0.0000 	 1.8092 	 0.0259 
11.0000 	 0.4991 	 2.7478 	 7.1678 	 5.3821 	 4.5110 	 0.0000 	 1.8142 	 630.2377 	 11.0000 	 1.2097 	 8.9133 	 9.2794 	 0.9445 	 -1.3565 	 0.0000 	 2.3636 	 0.0091 
9.0000 	 0.4128 	 2.6171 	 7.5745 	 5.2399 	 4.5483 	 0.0000 	 1.9013 	 631.8494 	 9.0000 	 0.5829 	 3.4767 	 5.7799 	 1.7655 	 -2.3051 	 0.0000 	 1.1010 	 0.0091 
31.0000 	 0.0017 	 8.7836 	 1.5102 	 1.9716 	 6.9453 	 0.0000 	 3.2098 	 675.6213 	 31.0000 	 1.6193 	 5.8731 	 8.8534 	 0.8815 	 -0.1139 	 0.0000 	 1.3648 	 0.0643 
6.0000 	 0.2644 	 2.2585 	 9.9866 	 5.1313 	 4.5409 	 0.0000 	 2.0111 	 635.4874 	 6.0000 	 1.4924 	 1.3323 	 2.3585 	 0.8096 	 0.1849 	 0.0000 	 0.7931 	 0.0122 
9.0000 	 0.1820 	 0.3078 	 4.3992 	 8.8595 	 0.2899 	 0.0000 	 3.5471 	 674.0186 	 9.0000 	 1.4656 	 3.6370 	 5.6741 	 2.0228 	 0.7275 	 0.0000 	 1.4137 	 0.0098 
10.0000 	 0.4604 	 2.7895 	 3.7934 	 5.7906 	 4.2352 	 0.0000 	 1.8227 	 631.1962 	 10.0000 	 0.9633 	 0.6493 	 2.4785 	 2.0212 	 1.6498 	 0.0000 	 0.3210 	 0.0089 
6.0000 	 0.2495 	 8.8696 	 6.4795 	 0.0000 	 8.6448 	 0.0000 	 3.3150 	 650.3626 	 6.0000 	 2.7151 	 7.5548 	 1.6054 	 2.1222 	 1.3038 	 0.0000 	 1.7001 	 0.0047 
6.0000 	 0.2663 	 2.1527 	 9.9985 	 5.2189 	 4.4336 	 0.0000 	 2.0156 	 635.5069 	 6.0000 	 0.4218 	 3.6983 	 7.6006 	 1.6447 	 0.8105 	 0.0000 	 2.8265 	 0.0073 
3.0000 	 0.0729 	 1.7208 	 9.6738 	 4.7054 	 4.5100 	 0.0000 	 2.6652 	 641.3881 	 3.0000 	 2.7576 	 7.7466 	 3.7628 	 2.0807 	 -1.8384 	 0.0000 	 1.4656 	 0.0088 
8.0000 	 0.3686 	 2.4382 	 9.2035 	 5.2591 	 4.4947 	 0.0000 	 1.9100 	 632.8362 	 8.0000 	 0.1607 	 4.2179 	 1.8482 	 1.3585 	 1.0082 	 0.0000 	 0.6028 	 0.0077 
1.0000 	 0.0010 	 1.1906 	 7.2391 	 4.9660 	 4.0777 	 0.0000 	 2.8974 	 651.9435 	 1.0000 	 2.2410 	 1.9720 	 7.8820 	 2.6543 	 2.9833 	 0.0000 	 1.5469 	 0.0154 
29.0000 	 0.9996 	 3.7541 	 1.6676 	 7.8834 	 3.2622 	 0.0000 	 1.4029 	 623.1151 	 29.0000 	 1.2479 	 0.7182 	 4.5589 	 2.5953 	 0.4900 	 0.0000 	 2.1987 	 0.0024 
1.0000 	 0.0010 	 7.5766 	 2.2437 	 0.0000 	 8.6514 	 0.0000 	 3.3016 	 660.4311 	 1.0000 	 2.9909 	 8.1268 	 1.0473 	 0.4435 	 1.7522 	 0.0000 	 2.0006 	 0.0165 
5.0000 	 0.2041 	 2.0559 	 9.9978 	 5.0876 	 4.4534 	 0.0000 	 2.1910 	 637.2148 	 5.0000 	 0.3914 	 9.3722 	 3.2266 	 0.9738 	 0.4201 	 0.0000 	 2.4379 	 0.0093 
6.0000 	 0.2620 	 2.2499 	 10.0000 	 5.2642 	 4.3868 	 0.0000 	 2.0240 	 635.5320 	 6.0000 	 1.3189 	 3.2652 	 7.3009 	 2.7903 	 2.3139 	 0.0000 	 2.5093 	 0.0079 
27.0000 	 0.0025 	 1.0579 	 1.4961 	 0.0121 	 8.9118 	 0.0000 	 3.2110 	 675.7678 	 27.0000 	 2.2741 	 7.6934 	 3.6931 	 1.5893 	 -0.9456 	 0.0000 	 2.4496 	 0.0000 
3.0000 	 0.0735 	 1.6433 	 7.4500 	 4.8648 	 4.3284 	 0.0000 	 2.6722 	 641.4614 	 3.0000 	 0.8232 	 8.3399 	 3.8118 	 0.0366 	 -2.0386 	 0.0000 	 1.9168 	 0.0076 
6.0000 	 0.2634 	 2.1882 	 9.9983 	 5.1440 	 4.4684 	 0.0000 	 2.0437 	 635.4752 	 6.0000 	 1.3430 	 0.1652 	 3.8281 	 0.0728 	 -2.1418 	 0.0000 	 0.3291 	 0.0085 
26.0000 	 0.0015 	 8.9163 	 9.9952 	 1.5070 	 7.4123 	 0.0000 	 3.1986 	 675.7693 	 26.0000 	 2.3220 	 9.0369 	 6.4091 	 2.0173 	 -1.8535 	 0.0000 	 0.3411 	 0.0000 
2.0000 	 0.0225 	 1.4733 	 9.9974 	 4.6137 	 4.4689 	 0.0000 	 2.8143 	 644.6496 	 2.0000 	 2.0795 	 7.6280 	 2.1817 	 0.8352 	 -1.0007 	 0.0000 	 1.0390 	 0.0105 
3.0000 	 0.0720 	 1.6677 	 9.9944 	 4.7763 	 4.4515 	 0.0000 	 2.7018 	 641.3871 	 3.0000 	 2.4420 	 2.5993 	 0.3340 	 0.2636 	 -1.8370 	 0.0000 	 0.2069 	 0.0077 
1.0000 	 0.0010 	 9.4097 	 0.0572 	 0.2357 	 8.5060 	 0.0000 	 3.2873 	 660.4317 	 1.0000 	 0.8992 	 0.8271 	 0.8161 	 2.9709 	 2.2401 	 0.0000 	 2.6423 	 0.0117 
1.0000 	 0.0010 	 1.3329 	 10.0000 	 4.6081 	 4.4785 	 0.0000 	 2.8325 	 651.9088 	 1.0000 	 2.9690 	 0.9279 	 6.9343 	 0.4690 	 -1.8929 	 0.0000 	 2.3186 	 0.0136 
24.0000 	 0.9103 	 3.3557 	 1.5506 	 8.0623 	 3.0582 	 0.0000 	 1.3161 	 623.5733 	 24.0000 	 2.9629 	 3.2069 	 9.8521 	 2.7215 	 1.7851 	 0.0000 	 0.4191 	 0.0038 
22.0000 	 0.8511 	 3.7351 	 1.3273 	 8.9343 	 2.7470 	 0.0000 	 1.1946 	 623.6939 	 22.0000 	 2.7638 	 9.0879 	 6.2258 	 2.3421 	 2.8372 	 0.0000 	 0.6594 	 0.0047 
22.0000 	 0.0067 	 5.3107 	 4.4447 	 3.5265 	 5.3964 	 0.0000 	 3.2090 	 675.7678 	 22.0000 	 0.8288 	 0.3253 	 1.6986 	 0.0261 	 -0.7151 	 0.0000 	 0.8510 	 0.0000 
19.0000 	 0.7668 	 4.1315 	 1.2115 	 9.6726 	 2.6118 	 0.0000 	 1.1501 	 624.7067 	 19.0000 	 2.9058 	 7.3497 	 0.1084 	 0.6113 	 -1.4339 	 0.0000 	 2.4909 	 0.0054 
18.0000 	 0.7508 	 3.6538 	 1.2787 	 9.1052 	 2.7113 	 0.0000 	 1.2181 	 625.0959 	 18.0000 	 0.4973 	 5.6783 	 8.5547 	 0.2822 	 -1.0086 	 0.0000 	 0.0816 	 0.0070 
16.0000 	 0.6966 	 3.7680 	 1.1913 	 9.6008 	 2.6125 	 0.0000 	 1.2073 	 626.3463 	 16.0000 	 1.1668 	 5.3799 	 0.1230 	 0.0766 	 0.1340 	 0.0000 	 1.1784 	 0.0084 
14.0000 	 0.0033 	 6.1656 	 5.6044 	 2.6944 	 6.2292 	 0.0000 	 3.2099 	 675.7677 	 14.0000 	 2.6561 	 4.4028 	 7.1293 	 0.4957 	 -1.4981 	 0.0000 	 1.8008 	 0.0000 
14.0000 	 0.0014 	 7.8162 	 10.0000 	 2.6891 	 6.1956 	 0.0000 	 3.1800 	 675.7875 	 14.0000 	 2.7948 	 6.6329 	 2.8881 	 1.6273 	 -2.9524 	 0.0000 	 0.9898 	 0.0006 
11.0000 	 0.4960 	 2.8228 	 7.1365 	 5.3061 	 4.5719 	 0.0000 	 1.8259 	 630.2274 	 11.0000 	 2.2301 	 1.1338 	 6.0394 	 1.8802 	 -0.1389 	 0.0000 	 2.1079 	 0.0060 
9.0000 	 0.4175 	 2.6084 	 6.3990 	 5.3637 	 4.5174 	 0.0000 	 1.8752 	 631.8934 	 9.0000 	 1.9423 	 8.6397 	 8.7898 	 1.1235 	 2.8147 	 0.0000 	 0.4072 	 0.0070 
9.0000 	 0.0013 	 7.0655 	 8.6092 	 0.1999 	 8.7226 	 0.0000 	 3.2077 	 675.7678 	 9.0000 	 0.6018 	 0.6502 	 4.3865 	 2.1676 	 -1.5934 	 0.0000 	 0.3981 	 0.0000 
6.0000 	 0.2637 	 2.2145 	 9.9925 	 5.1721 	 4.4723 	 0.0000 	 2.0539 	 635.4715 	 6.0000 	 1.3883 	 8.4382 	 3.3920 	 0.7224 	 2.6142 	 0.0000 	 1.1511 	 0.0092 
5.0000 	 0.1997 	 2.0147 	 10.0000 	 5.0195 	 4.4211 	 0.0000 	 2.2935 	 637.2706 	 5.0000 	 1.5777 	 9.5909 	 3.1422 	 0.0146 	 -1.0677 	 0.0000 	 1.2176 	 0.0113 
3.0000 	 0.0738 	 1.6849 	 9.3382 	 4.8221 	 4.3910 	 0.0000 	 2.6417 	 641.3759 	 3.0000 	 0.4236 	 9.0527 	 9.8535 	 0.7875 	 -0.7500 	 0.0000 	 0.2749 	 0.0133 
2.0000 	 0.0227 	 1.5584 	 9.9990 	 4.5974 	 4.5224 	 0.0000 	 2.7772 	 644.6023 	 2.0000 	 2.2921 	 2.6234 	 9.4845 	 0.7829 	 2.8171 	 0.0000 	 2.6861 	 0.0119 
49.0000 	 1.3252 	 2.9834 	 6.2036 	 2.1954 	 7.3997 	 0.0000 	 3.2561 	 641.2359 	 49.0000 	 1.3533 	 9.4565 	 0.9823 	 2.6855 	 -1.7449 	 0.0000 	 1.0372 	 0.0067 
49.0000 	 0.0025 	 2.2129 	 4.0167 	 3.2079 	 5.7149 	 0.0000 	 3.2078 	 675.7677 	 49.0000 	 2.3198 	 5.2982 	 9.8803 	 0.2432 	 -2.2263 	 0.0000 	 2.5487 	 0.0000 
49.0000 	 0.0330 	 5.7690 	 2.9517 	 2.3112 	 6.6218 	 0.0000 	 3.1916 	 675.6053 	 49.0000 	 0.4247 	 9.2709 	 8.5393 	 0.2990 	 -1.2304 	 0.0000 	 2.3243 	 0.0662 
48.0000 	 0.0043 	 1.1897 	 6.0797 	 4.6316 	 4.2911 	 0.0000 	 3.2095 	 675.7678 	 48.0000 	 2.7345 	 6.0743 	 9.9650 	 1.9133 	 0.2882 	 0.0000 	 0.9147 	 0.0000 
48.0000 	 0.0410 	 9.9129 	 5.2510 	 2.6664 	 6.2617 	 0.0000 	 3.2189 	 675.7686 	 48.0000 	 1.9495 	 6.9355 	 1.1162 	 2.1458 	 0.9639 	 0.0000 	 2.1665 	 0.0000 
49.0000 	 0.0395 	 0.5622 	 4.2762 	 3.9386 	 4.9851 	 0.0000 	 3.2095 	 675.7677 	 49.0000 	 1.1967 	 1.7433 	 0.9697 	 1.3348 	 0.9520 	 0.0000 	 1.2016 	 0.0000 
46.0000 	 0.0035 	 4.2974 	 7.4298 	 2.9073 	 6.0157 	 0.0000 	 3.2094 	 675.7678 	 46.0000 	 1.1643 	 1.1084 	 4.9315 	 2.8637 	 -2.0083 	 0.0000 	 2.3785 	 0.0000 
44.0000 	 0.0019 	 7.8897 	 0.9368 	 3.8215 	 5.1086 	 0.0000 	 3.2093 	 675.7679 	 44.0000 	 1.6402 	 8.6144 	 6.9129 	 2.2488 	 1.8231 	 0.0000 	 0.9655 	 0.0000 
44.0000 	 0.0034 	 7.8668 	 2.8944 	 5.0840 	 3.8369 	 0.0000 	 3.2122 	 675.7680 	 44.0000 	 0.4803 	 9.1966 	 7.4616 	 2.3567 	 2.1082 	 0.0000 	 0.3536 	 0.0000 
42.0000 	 0.0059 	 7.0602 	 9.1101 	 1.3725 	 7.5840 	 0.0000 	 3.2369 	 675.7822 	 42.0000 	 0.2160 	 4.8914 	 5.3421 	 0.8007 	 -2.4022 	 0.0000 	 0.9987 	 0.0000 
47.0000 	 1.3481 	 3.3344 	 2.2630 	 6.8151 	 3.7182 	 0.0000 	 1.5667 	 623.4974 	 47.0000 	 1.2766 	 5.4941 	 2.4318 	 0.7119 	 0.9344 	 0.0000 	 2.9364 	 0.0024 
44.0000 	 1.2757 	 4.6342 	 1.2267 	 10.0000 	 2.6985 	 0.0000 	 1.4041 	 623.9512 	 44.0000 	 1.4622 	 9.0459 	 2.8578 	 2.6020 	 2.0702 	 0.0000 	 1.5984 	 0.0035 
43.0000 	 1.2814 	 3.5077 	 1.6555 	 7.9020 	 3.1973 	 0.0000 	 1.4523 	 623.2293 	 43.0000 	 2.7865 	 2.0270 	 7.8570 	 1.1677 	 -0.5626 	 0.0000 	 1.8488 	 0.0032 
45.0000 	 1.3014 	 3.6106 	 1.8819 	 7.4938 	 3.4206 	 0.0000 	 1.4872 	 623.2710 	 45.0000 	 1.1680 	 7.2981 	 7.7295 	 1.2286 	 -1.3305 	 0.0000 	 1.4614 	 0.0030 
47.0000 	 1.3416 	 3.4493 	 2.5120 	 6.5188 	 3.9979 	 0.0000 	 1.6504 	 623.6837 	 47.0000 	 1.3636 	 7.4080 	 0.2752 	 1.0096 	 -0.3593 	 0.0000 	 0.1897 	 0.0028 
45.0000 	 1.3071 	 3.5527 	 1.7784 	 7.6776 	 3.2901 	 0.0000 	 1.4507 	 623.2620 	 45.0000 	 1.0913 	 2.2518 	 3.0406 	 1.1474 	 0.8430 	 0.0000 	 0.6712 	 0.0043 
46.0000 	 1.3270 	 3.5137 	 1.9320 	 7.2819 	 3.5741 	 0.0000 	 1.5379 	 623.3359 	 46.0000 	 2.5453 	 9.5886 	 8.5413 	 0.9683 	 -0.3808 	 0.0000 	 2.3770 	 0.0039 
42.0000 	 0.0010 	 7.8357 	 0.0000 	 3.7310 	 6.7099 	 0.0000 	 3.1988 	 676.0617 	 42.0000 	 0.9265 	 6.8424 	 0.1634 	 0.1275 	 -2.9380 	 0.0000 	 2.2114 	 0.0021 
42.0000 	 1.2566 	 3.5135 	 1.7607 	 7.6215 	 3.3069 	 0.0000 	 1.4448 	 623.1736 	 42.0000 	 1.0267 	 8.7174 	 5.2750 	 0.4906 	 2.6181 	 0.0000 	 2.5034 	 0.0034 
42.0000 	 0.1762 	 1.8350 	 8.1147 	 0.7228 	 8.1952 	 0.0000 	 3.1826 	 675.7781 	 42.0000 	 2.3027 	 2.3895 	 9.9475 	 2.0713 	 2.4019 	 0.0000 	 1.0418 	 0.0000 
40.0000 	 1.2202 	 3.6161 	 1.7375 	 7.7166 	 3.3171 	 0.0000 	 1.4748 	 623.1162 	 40.0000 	 2.1435 	 8.2710 	 5.5714 	 2.3567 	 2.8883 	 0.0000 	 2.1041 	 0.0027 
45.0000 	 0.0171 	 9.9184 	 7.3009 	 4.0264 	 4.8982 	 0.0000 	 3.2036 	 675.7624 	 45.0000 	 1.3738 	 1.7168 	 0.7064 	 2.1533 	 0.3213 	 0.0000 	 0.4918 	 0.0000 
47.0000 	 1.3389 	 3.4882 	 2.3188 	 6.8970 	 3.7714 	 0.0000 	 1.5922 	 623.4775 	 47.0000 	 0.0715 	 3.8411 	 8.9773 	 2.0204 	 -1.0554 	 0.0000 	 2.1830 	 0.0021 
40.0000 	 0.0072 	 2.7783 	 10.0000 	 1.2788 	 7.6318 	 0.0000 	 3.1340 	 675.7755 	 40.0000 	 2.4673 	 1.5566 	 4.4454 	 0.3828 	 -0.6710 	 0.0000 	 1.2279 	 0.0169 
45.0000 	 1.3004 	 3.6015 	 1.9579 	 7.2869 	 3.5204 	 0.0000 	 1.5299 	 623.3106 	 45.0000 	 2.4295 	 2.9346 	 9.0600 	 2.6136 	 2.9376 	 0.0000 	 0.8153 	 0.0071 
42.0000 	 1.2592 	 3.4768 	 1.9742 	 7.2342 	 3.5374 	 0.0000 	 1.5081 	 623.2345 	 42.0000 	 1.5988 	 0.8520 	 2.2170 	 2.7931 	 -0.5507 	 0.0000 	 2.0716 	 0.0025 
43.0000 	 0.0013 	 9.9578 	 5.3017 	 3.2752 	 5.6532 	 0.0000 	 3.2197 	 675.7689 	 43.0000 	 0.5663 	 1.8338 	 7.1046 	 0.1467 	 1.5319 	 0.0000 	 0.1878 	 0.0000 
43.0000 	 0.0694 	 8.4757 	 9.6993 	 5.1103 	 9.8046 	 0.0000 	 0.0000 	 1384.4811 	 43.0000 	 0.0326 	 7.0218 	 2.0955 	 1.9942 	 -0.7986 	 0.0000 	 1.0333 	 0.0003 
43.0000 	 1.2720 	 3.5871 	 1.7938 	 7.6717 	 3.3199 	 0.0000 	 1.4593 	 623.2058 	 43.0000 	 2.4886 	 4.2667 	 4.5631 	 0.2548 	 0.8220 	 0.0000 	 2.9436 	 0.0034 
43.0000 	 1.2609 	 3.9528 	 1.5004 	 8.4630 	 3.0580 	 0.0000 	 1.4125 	 623.3952 	 43.0000 	 1.2225 	 9.3866 	 7.2532 	 2.8487 	 -2.7699 	 0.0000 	 0.2086 	 0.0031 
37.0000 	 1.1690 	 3.5689 	 1.6729 	 7.8349 	 3.2250 	 0.0000 	 1.4298 	 623.0395 	 37.0000 	 2.3624 	 5.9436 	 0.1607 	 0.1940 	 -2.9126 	 0.0000 	 1.7597 	 0.0028 
39.0000 	 1.1851 	 3.9710 	 1.7838 	 7.7407 	 3.4757 	 0.0000 	 1.5008 	 623.2533 	 39.0000 	 0.5022 	 7.3468 	 1.7606 	 0.5927 	 -1.1724 	 0.0000 	 0.3484 	 0.0028 
39.0000 	 1.2035 	 3.6409 	 1.8243 	 7.4816 	 3.5213 	 0.0000 	 1.5082 	 623.1723 	 39.0000 	 1.0499 	 6.9700 	 2.9927 	 0.9983 	 -0.5340 	 0.0000 	 0.3440 	 0.0035 
46.0000 	 1.3255 	 3.3095 	 2.2835 	 6.3841 	 3.9680 	 0.0000 	 1.6484 	 624.2672 	 46.0000 	 2.7517 	 0.5179 	 7.5578 	 1.4815 	 -1.3868 	 0.0000 	 0.8960 	 0.0031 
37.0000 	 1.1725 	 3.5005 	 1.6637 	 7.8503 	 3.1835 	 0.0000 	 1.3973 	 623.0475 	 37.0000 	 2.8608 	 8.6705 	 5.3712 	 0.4246 	 2.0742 	 0.0000 	 2.9692 	 0.0028 
38.0000 	 0.0010 	 6.4995 	 7.3151 	 0.5680 	 8.3545 	 0.0000 	 3.2097 	 675.7677 	 38.0000 	 1.3357 	 8.2506 	 3.5445 	 2.6036 	 -2.1270 	 0.0000 	 1.6714 	 0.0000 
38.0000 	 0.0246 	 7.5349 	 0.7646 	 4.3680 	 4.5565 	 0.0000 	 3.2191 	 675.7717 	 38.0000 	 2.1768 	 5.3328 	 7.9131 	 2.6439 	 0.4732 	 0.0000 	 0.2276 	 0.0000 
39.0000 	 1.1968 	 3.5918 	 2.1235 	 7.0604 	 3.6831 	 0.0000 	 1.5566 	 623.2907 	 39.0000 	 2.7077 	 5.2086 	 8.3399 	 2.5675 	 -2.2962 	 0.0000 	 2.0252 	 0.0031 
37.0000 	 0.0064 	 4.3497 	 4.0881 	 7.9326 	 1.0004 	 0.0000 	 3.2021 	 675.7669 	 37.0000 	 0.0807 	 0.7650 	 5.9872 	 0.6160 	 -1.4146 	 0.0000 	 1.5940 	 0.0000 
39.0000 	 1.2036 	 4.1950 	 1.1991 	 9.8522 	 2.5268 	 0.0000 	 1.2982 	 623.4845 	 39.0000 	 2.0018 	 6.9139 	 2.5940 	 2.5295 	 -2.6492 	 0.0000 	 0.9738 	 0.0040 
40.0000 	 1.2318 	 3.4128 	 1.9897 	 7.1840 	 3.6094 	 0.0000 	 1.5325 	 623.2674 	 40.0000 	 1.7804 	 8.2012 	 6.6264 	 1.3819 	 -1.4929 	 0.0000 	 0.8326 	 0.0023 
39.0000 	 1.2068 	 3.5430 	 1.6953 	 7.8108 	 3.2343 	 0.0000 	 1.4244 	 623.0854 	 39.0000 	 0.1655 	 7.0410 	 8.2786 	 1.4275 	 1.2131 	 0.0000 	 2.2359 	 0.0025 
36.0000 	 0.0010 	 6.5424 	 3.4317 	 0.9137 	 8.0125 	 0.0000 	 3.2173 	 675.7637 	 36.0000 	 2.9189 	 7.2597 	 9.5523 	 1.5048 	 -0.7063 	 0.0000 	 2.2683 	 0.0000 
37.0000 	 1.1696 	 4.2943 	 1.1946 	 9.9806 	 2.5499 	 0.0000 	 1.2893 	 623.3622 	 37.0000 	 0.3716 	 7.5813 	 0.5935 	 1.2934 	 0.0235 	 0.0000 	 0.4712 	 0.0055 
36.0000 	 0.0107 	 8.6417 	 5.4790 	 2.4215 	 6.5019 	 0.0000 	 3.2098 	 675.7677 	 36.0000 	 0.7490 	 1.4826 	 3.4899 	 0.9238 	 0.5546 	 0.0000 	 0.9788 	 0.0000 
40.0000 	 1.2290 	 3.5209 	 1.6960 	 7.8015 	 3.2464 	 0.0000 	 1.4491 	 623.1201 	 40.0000 	 1.0302 	 9.9134 	 0.0447 	 1.3020 	 -2.0257 	 0.0000 	 0.9997 	 0.0023 
38.0000 	 0.0010 	 3.9021 	 9.2418 	 2.6198 	 6.3040 	 0.0000 	 3.2100 	 675.7677 	 38.0000 	 1.2465 	 2.5698 	 9.2412 	 2.4391 	 2.2374 	 0.0000 	 0.6765 	 0.0000 
37.0000 	 0.1367 	 0.0855 	 8.0970 	 3.8289 	 5.0941 	 0.0000 	 3.2100 	 675.7677 	 37.0000 	 0.9171 	 1.7190 	 8.3171 	 2.0478 	 -2.2580 	 0.0000 	 0.6401 	 0.0000 
33.0000 	 0.0315 	 8.4421 	 8.6513 	 5.8051 	 3.1185 	 0.0000 	 3.2095 	 675.7677 	 33.0000 	 0.6865 	 1.7859 	 4.7016 	 2.2694 	 -0.9805 	 0.0000 	 0.6607 	 0.0000 
40.0000 	 1.1786 	 4.4406 	 1.9636 	 6.5473 	 4.4562 	 0.0000 	 2.1409 	 626.0785 	 40.0000 	 2.9087 	 0.3374 	 3.1864 	 0.4292 	 -1.7755 	 0.0000 	 2.7202 	 0.0047 
36.0000 	 0.0016 	 3.0495 	 7.1334 	 7.2889 	 1.6344 	 0.0000 	 3.2094 	 675.7677 	 36.0000 	 1.8348 	 9.5864 	 4.8573 	 0.7048 	 -1.0858 	 0.0000 	 2.4567 	 0.0000 
33.0000 	 1.0881 	 4.3115 	 1.1927 	 10.0000 	 2.5118 	 0.0000 	 1.2659 	 623.1265 	 33.0000 	 0.0123 	 0.0822 	 5.1295 	 0.9614 	 0.1671 	 0.0000 	 0.6883 	 0.0033 
38.0000 	 1.1938 	 3.5219 	 1.6505 	 7.8589 	 3.2221 	 0.0000 	 1.4264 	 623.0688 	 38.0000 	 1.5807 	 0.3401 	 5.3710 	 0.0889 	 -0.4255 	 0.0000 	 2.7295 	 0.0026 
38.0000 	 1.1656 	 3.8833 	 1.9898 	 7.2447 	 3.7078 	 0.0000 	 1.5868 	 623.3441 	 38.0000 	 1.2244 	 0.5255 	 9.9348 	 1.9348 	 -2.5916 	 0.0000 	 1.3865 	 0.0026 
33.0000 	 1.0822 	 3.7264 	 2.1380 	 7.0334 	 3.7996 	 0.0000 	 1.6123 	 623.4483 	 33.0000 	 1.9973 	 0.4299 	 2.5322 	 0.7939 	 -0.8640 	 0.0000 	 2.1872 	 0.0023 
33.0000 	 1.0828 	 3.9117 	 1.4424 	 8.5982 	 2.9633 	 0.0000 	 1.3520 	 622.9709 	 33.0000 	 0.6635 	 0.6058 	 8.7928 	 2.2629 	 0.9553 	 0.0000 	 2.6355 	 0.0026 
37.0000 	 1.1679 	 3.5756 	 1.8686 	 7.4236 	 3.4943 	 0.0000 	 1.4923 	 623.1176 	 37.0000 	 2.3955 	 4.3066 	 6.1595 	 1.4596 	 0.3947 	 0.0000 	 2.8423 	 0.0035 
31.0000 	 1.0592 	 3.6387 	 1.4433 	 8.5866 	 2.8923 	 0.0000 	 1.2825 	 622.9694 	 31.0000 	 2.0794 	 9.7319 	 4.7610 	 1.9658 	 -2.1651 	 0.0000 	 1.4381 	 0.0030 
35.0000 	 1.1217 	 3.7449 	 1.7818 	 7.6597 	 3.4146 	 0.0000 	 1.4537 	 623.0778 	 35.0000 	 0.7505 	 9.5137 	 7.5855 	 1.7808 	 2.3030 	 0.0000 	 2.5224 	 0.0032 
35.0000 	 0.1570 	 1.8452 	 5.2071 	 2.7494 	 6.1738 	 0.0000 	 3.2101 	 675.7677 	 35.0000 	 1.7774 	 6.8237 	 5.2617 	 0.8345 	 -0.3395 	 0.0000 	 2.9881 	 0.0000 
29.0000 	 1.0120 	 3.7333 	 1.4548 	 8.4469 	 3.0016 	 0.0000 	 1.3032 	 622.9866 	 29.0000 	 0.9640 	 5.3823 	 9.6385 	 1.6934 	 1.8866 	 0.0000 	 1.1659 	 0.0031 
33.0000 	 1.0870 	 3.5898 	 2.0882 	 7.0624 	 3.6957 	 0.0000 	 1.5361 	 623.3325 	 33.0000 	 0.1386 	 2.5311 	 6.3600 	 0.9615 	 -0.8144 	 0.0000 	 0.2899 	 0.0028 
34.0000 	 0.0027 	 7.6554 	 9.9931 	 6.5655 	 2.3575 	 0.0000 	 3.2094 	 675.7677 	 34.0000 	 0.7004 	 8.8336 	 5.3706 	 1.6557 	 -2.4318 	 0.0000 	 1.3151 	 0.0000 
35.0000 	 0.0165 	 7.7348 	 2.0699 	 4.5048 	 4.4207 	 0.0000 	 3.2088 	 675.7678 	 35.0000 	 1.5576 	 8.1027 	 4.5107 	 2.8343 	 1.7849 	 0.0000 	 2.7458 	 0.0000 
29.0000 	 1.0066 	 3.9835 	 1.3157 	 9.1462 	 2.7340 	 0.0000 	 1.2497 	 622.9637 	 29.0000 	 0.1537 	 1.6921 	 6.1013 	 1.4517 	 0.1481 	 0.0000 	 0.6517 	 0.0027 
36.0000 	 1.1499 	 3.5250 	 1.8150 	 7.5256 	 3.3614 	 0.0000 	 1.4235 	 623.0904 	 36.0000 	 0.5723 	 3.8884 	 4.4353 	 0.8785 	 0.0755 	 0.0000 	 2.2265 	 0.0026 
40.0000 	 1.2225 	 3.5664 	 1.7961 	 7.5787 	 3.3954 	 0.0000 	 1.4876 	 623.1250 	 40.0000 	 1.2001 	 8.2837 	 9.0012 	 2.9258 	 -2.2408 	 0.0000 	 0.5606 	 0.0026 
39.0000 	 1.1979 	 3.6446 	 2.0061 	 7.1826 	 3.6433 	 0.0000 	 1.5341 	 623.2397 	 39.0000 	 1.4443 	 6.2939 	 0.2883 	 2.5088 	 -1.3631 	 0.0000 	 2.2306 	 0.0025 
36.0000 	 0.0019 	 10.0000 	 1.5381 	 3.1934 	 5.8857 	 0.0000 	 3.2266 	 675.7478 	 36.0000 	 2.2228 	 6.4672 	 7.3849 	 2.9359 	 1.4622 	 0.0000 	 0.3638 	 0.0680 
34.0000 	 1.1120 	 3.5634 	 1.7418 	 7.6791 	 3.3275 	 0.0000 	 1.4165 	 623.0455 	 34.0000 	 0.3499 	 8.2780 	 5.7238 	 2.6059 	 0.7315 	 0.0000 	 2.7640 	 0.0026 
35.0000 	 1.1352 	 3.3644 	 2.1300 	 6.9513 	 3.7058 	 0.0000 	 1.5688 	 623.4111 	 35.0000 	 2.5583 	 8.5522 	 9.0830 	 0.2598 	 -1.0836 	 0.0000 	 0.9438 	 0.0029 
33.0000 	 1.0930 	 3.7882 	 1.3926 	 8.7483 	 2.8575 	 0.0000 	 1.3036 	 622.9627 	 33.0000 	 1.5557 	 4.1008 	 2.2433 	 1.8283 	 -0.3437 	 0.0000 	 2.8658 	 0.0028 
33.0000 	 1.0781 	 3.7270 	 1.8891 	 7.3433 	 3.5628 	 0.0000 	 1.5104 	 623.2108 	 33.0000 	 2.4752 	 8.7733 	 4.9291 	 1.8362 	 -1.5702 	 0.0000 	 2.8385 	 0.0032 
32.0000 	 1.0702 	 3.8867 	 1.4027 	 8.7897 	 2.8939 	 0.0000 	 1.3405 	 622.9575 	 32.0000 	 2.5959 	 7.4539 	 5.2335 	 0.4783 	 2.1179 	 0.0000 	 0.9138 	 0.0026 
32.0000 	 1.0629 	 3.4928 	 3.3689 	 6.0101 	 4.3288 	 0.0000 	 1.7106 	 624.4750 	 32.0000 	 0.2780 	 6.2435 	 5.6521 	 0.2175 	 2.0122 	 0.0000 	 2.5314 	 0.0030 
29.0000 	 1.0054 	 4.5818 	 1.2276 	 10.0000 	 2.7384 	 0.0000 	 1.2816 	 623.0918 	 29.0000 	 1.0927 	 0.3581 	 1.9693 	 1.5432 	 -0.7021 	 0.0000 	 1.8652 	 0.0023 
30.0000 	 1.0220 	 4.0487 	 1.3798 	 8.9311 	 2.8938 	 0.0000 	 1.3128 	 622.9768 	 30.0000 	 2.0908 	 5.3627 	 1.2250 	 0.8454 	 0.9087 	 0.0000 	 2.5207 	 0.0025 
30.0000 	 1.0283 	 3.8376 	 1.5798 	 8.1946 	 3.2103 	 0.0000 	 1.3798 	 623.0420 	 30.0000 	 0.7476 	 9.7871 	 2.8053 	 2.7141 	 -1.2153 	 0.0000 	 0.9001 	 0.0031 
29.0000 	 0.0596 	 7.0398 	 9.5994 	 7.8804 	 1.0389 	 0.0000 	 3.2122 	 675.7681 	 29.0000 	 0.1808 	 4.6889 	 0.6654 	 2.7063 	 1.0335 	 0.0000 	 1.2648 	 0.0000 
28.0000 	 0.9809 	 3.9156 	 1.4526 	 8.5435 	 3.0126 	 0.0000 	 1.2876 	 623.0539 	 28.0000 	 0.9669 	 4.6103 	 0.5755 	 0.8328 	 2.0441 	 0.0000 	 0.4903 	 0.0024 
29.0000 	 1.0048 	 3.8169 	 1.4490 	 8.5206 	 2.9657 	 0.0000 	 1.3178 	 622.9803 	 29.0000 	 2.2303 	 4.9249 	 7.6857 	 0.3633 	 2.5707 	 0.0000 	 1.4957 	 0.0024 
28.0000 	 0.0128 	 6.4112 	 6.2326 	 0.5815 	 8.2988 	 0.0000 	 3.1771 	 675.7923 	 28.0000 	 1.9736 	 8.8785 	 5.3765 	 1.9903 	 1.3645 	 0.0000 	 1.0138 	 0.0003 
29.0000 	 1.0142 	 4.2205 	 1.1821 	 10.0000 	 2.5259 	 0.0000 	 1.1897 	 623.0185 	 29.0000 	 1.4556 	 0.5849 	 6.1504 	 1.2026 	 -0.2968 	 0.0000 	 2.0132 	 0.0037 
27.0000 	 0.0066 	 4.5830 	 0.0000 	 3.5921 	 6.6452 	 0.0000 	 3.1969 	 678.5866 	 27.0000 	 1.2051 	 0.7811 	 4.5079 	 1.9373 	 -1.4406 	 0.0000 	 0.1165 	 0.4932 
27.0000 	 0.9676 	 3.6489 	 1.5805 	 8.0421 	 3.1940 	 0.0000 	 1.4043 	 623.1892 	 27.0000 	 1.1927 	 7.2331 	 1.4072 	 1.5823 	 -2.7640 	 0.0000 	 0.5387 	 0.0032 
27.0000 	 0.9729 	 3.5933 	 1.4670 	 8.3769 	 2.9784 	 0.0000 	 1.3070 	 623.1063 	 27.0000 	 0.6625 	 8.0807 	 8.4992 	 1.3948 	 -0.3339 	 0.0000 	 1.7660 	 0.0027 
26.0000 	 0.9435 	 4.0494 	 1.2199 	 9.6039 	 2.5449 	 0.0000 	 1.1652 	 623.1007 	 26.0000 	 1.1301 	 9.6281 	 9.9460 	 2.2585 	 -2.0319 	 0.0000 	 2.1599 	 0.0038 
27.0000 	 0.9578 	 3.6442 	 2.0002 	 7.1506 	 3.6853 	 0.0000 	 1.5301 	 623.6189 	 27.0000 	 2.5969 	 6.7854 	 5.3808 	 2.6779 	 -0.5226 	 0.0000 	 0.1628 	 0.0030 
27.0000 	 0.9447 	 3.2604 	 8.5342 	 5.2397 	 4.7016 	 0.0000 	 1.8006 	 626.3805 	 27.0000 	 2.5481 	 0.3840 	 3.2295 	 0.2141 	 1.3911 	 0.0000 	 1.8886 	 0.0032 
26.0000 	 0.0392 	 6.5708 	 8.0421 	 2.4686 	 6.4548 	 0.0000 	 3.2099 	 675.7677 	 26.0000 	 0.2982 	 4.3649 	 1.0835 	 1.4705 	 -1.4425 	 0.0000 	 0.0720 	 0.0000 
26.0000 	 0.0050 	 6.5126 	 5.8727 	 7.1762 	 1.7478 	 0.0000 	 3.2097 	 675.7678 	 26.0000 	 2.5705 	 3.5388 	 9.9174 	 2.7253 	 -2.3478 	 0.0000 	 0.4195 	 0.0000 
26.0000 	 0.9523 	 3.5421 	 1.4461 	 8.4617 	 2.8922 	 0.0000 	 1.2763 	 623.1778 	 26.0000 	 1.9821 	 1.6741 	 8.2136 	 1.6458 	 -1.9080 	 0.0000 	 1.2674 	 0.0067 
25.0000 	 0.9253 	 3.5298 	 1.7066 	 7.6963 	 3.3213 	 0.0000 	 1.3692 	 623.5257 	 25.0000 	 2.8126 	 5.3631 	 7.8051 	 2.2059 	 2.7154 	 0.0000 	 0.1892 	 0.0039 
24.0000 	 0.8967 	 3.4876 	 2.5220 	 6.5106 	 4.0780 	 0.0000 	 1.6506 	 624.5898 	 24.0000 	 1.1029 	 7.7532 	 3.5780 	 2.9351 	 1.8289 	 0.0000 	 2.7080 	 0.0034 
25.0000 	 0.9192 	 3.5758 	 1.8322 	 7.4976 	 3.4334 	 0.0000 	 1.4251 	 623.6238 	 25.0000 	 2.3759 	 9.1239 	 9.4162 	 0.8167 	 -1.7317 	 0.0000 	 0.9944 	 0.0039 
24.0000 	 0.9033 	 3.6212 	 1.3139 	 8.9804 	 2.6330 	 0.0000 	 1.1770 	 623.3407 	 24.0000 	 1.4136 	 4.7756 	 6.8672 	 2.0792 	 -2.3889 	 0.0000 	 1.1460 	 0.0080 
24.0000 	 0.8960 	 3.7879 	 1.5135 	 8.2441 	 3.1943 	 0.0000 	 1.3611 	 623.5133 	 24.0000 	 2.6902 	 0.8254 	 7.3200 	 0.9579 	 0.2227 	 0.0000 	 2.8420 	 0.0029 
24.0000 	 0.8942 	 3.7825 	 1.4249 	 8.6080 	 2.8899 	 0.0000 	 1.2413 	 623.3993 	 24.0000 	 1.3166 	 5.0427 	 5.3558 	 0.6300 	 2.1961 	 0.0000 	 2.1202 	 0.0052 
24.0000 	 0.0011 	 4.8885 	 3.2161 	 4.9350 	 3.9895 	 0.0000 	 3.2095 	 675.7677 	 24.0000 	 2.2200 	 0.4184 	 6.5387 	 1.9312 	 -1.4141 	 0.0000 	 2.3081 	 0.0000 
23.0000 	 0.8792 	 4.1087 	 1.1578 	 10.0000 	 2.4634 	 0.0000 	 1.1491 	 623.4355 	 23.0000 	 0.2036 	 4.0219 	 4.9923 	 2.5562 	 0.7203 	 0.0000 	 0.3136 	 0.0052 
23.0000 	 0.8686 	 3.3021 	 3.3385 	 5.9949 	 4.2817 	 0.0000 	 1.6998 	 625.3109 	 23.0000 	 2.9191 	 2.3607 	 2.1059 	 0.7958 	 2.4268 	 0.0000 	 1.5373 	 0.0039 
23.0000 	 0.0052 	 2.3553 	 4.3539 	 3.0492 	 5.8865 	 0.0000 	 3.1901 	 675.7684 	 23.0000 	 1.2915 	 4.9257 	 3.1164 	 1.5489 	 2.6407 	 0.0000 	 0.5669 	 0.0103 
22.0000 	 0.0329 	 0.2397 	 7.8201 	 5.1756 	 3.7516 	 0.0000 	 3.2086 	 675.7676 	 22.0000 	 0.5672 	 7.7087 	 7.3613 	 0.8399 	 1.0019 	 0.0000 	 1.2492 	 0.0000 
23.0000 	 0.8693 	 3.5856 	 1.9701 	 7.1568 	 3.7028 	 0.0000 	 1.5697 	 624.2022 	 23.0000 	 0.3630 	 9.6886 	 5.8570 	 2.2026 	 0.8091 	 0.0000 	 1.1141 	 0.0041 
23.0000 	 0.8694 	 3.5372 	 2.1831 	 6.8738 	 3.8160 	 0.0000 	 1.5299 	 624.3756 	 23.0000 	 1.4352 	 1.6807 	 5.3600 	 1.0340 	 1.8626 	 0.0000 	 1.0954 	 0.0063 
21.0000 	 0.8179 	 3.5706 	 1.8897 	 7.2270 	 3.6401 	 0.0000 	 1.4795 	 624.6005 	 21.0000 	 0.7815 	 8.5187 	 3.0984 	 0.4528 	 0.3064 	 0.0000 	 0.7481 	 0.0047 
21.0000 	 0.0302 	 6.3071 	 5.8841 	 3.8091 	 5.1152 	 0.0000 	 3.2057 	 675.7680 	 21.0000 	 1.9082 	 7.6532 	 4.9691 	 2.8580 	 2.1466 	 0.0000 	 1.6639 	 0.0000 
21.0000 	 0.0037 	 8.4952 	 6.9909 	 2.4283 	 6.4954 	 0.0000 	 3.2093 	 675.7677 	 21.0000 	 1.4799 	 2.3511 	 0.0967 	 2.8066 	 -1.9437 	 0.0000 	 0.0962 	 0.0000 
22.0000 	 0.8425 	 3.4910 	 2.5915 	 6.3834 	 4.0958 	 0.0000 	 1.6363 	 625.0159 	 22.0000 	 0.2305 	 5.7055 	 2.1532 	 2.0067 	 0.3186 	 0.0000 	 0.2218 	 0.0034 
20.0000 	 0.8072 	 3.3195 	 1.6256 	 7.7225 	 3.2410 	 0.0000 	 1.3842 	 624.6274 	 20.0000 	 1.5392 	 6.3246 	 5.1414 	 1.7090 	 2.8713 	 0.0000 	 1.8655 	 0.0055 
21.0000 	 0.0027 	 6.4052 	 1.1633 	 0.8214 	 8.1053 	 0.0000 	 3.2116 	 675.7679 	 21.0000 	 1.7337 	 5.8416 	 3.0777 	 0.0219 	 1.0077 	 0.0000 	 1.6557 	 0.0000 
20.0000 	 0.8007 	 3.4488 	 1.6286 	 7.8541 	 3.1890 	 0.0000 	 1.3489 	 624.5499 	 20.0000 	 2.9798 	 9.2513 	 5.3923 	 2.5824 	 -0.8738 	 0.0000 	 1.4917 	 0.0064 
20.0000 	 0.0148 	 5.1451 	 8.0947 	 1.0508 	 7.8726 	 0.0000 	 3.2097 	 675.7677 	 20.0000 	 2.7762 	 8.2428 	 6.7445 	 1.6853 	 0.7153 	 0.0000 	 1.7214 	 0.0000 
20.0000 	 0.8039 	 3.2051 	 1.9523 	 6.9774 	 3.6284 	 0.0000 	 1.5176 	 625.0734 	 20.0000 	 2.3864 	 8.8362 	 5.3749 	 0.9729 	 -2.2633 	 0.0000 	 2.1114 	 0.0057 
20.0000 	 0.8044 	 3.2340 	 1.8446 	 7.3636 	 3.3947 	 0.0000 	 1.4763 	 624.8607 	 20.0000 	 2.2012 	 7.6573 	 3.2434 	 0.2971 	 -1.4946 	 0.0000 	 2.2657 	 0.0075 
19.0000 	 0.0010 	 0.0001 	 9.0950 	 2.9394 	 5.9839 	 0.0000 	 3.2100 	 675.7677 	 19.0000 	 0.0106 	 4.0380 	 4.7720 	 1.0917 	 0.5561 	 0.0000 	 1.0548 	 0.0000 
18.0000 	 0.7247 	 3.1446 	 8.2049 	 5.2617 	 4.6830 	 0.0000 	 1.8037 	 627.4423 	 18.0000 	 1.5271 	 0.5540 	 0.3057 	 0.1854 	 2.1691 	 0.0000 	 2.0455 	 0.0051 
20.0000 	 0.7765 	 3.2090 	 7.2311 	 5.3564 	 4.6135 	 0.0000 	 1.8161 	 626.9482 	 20.0000 	 1.1154 	 4.6585 	 6.8962 	 0.9302 	 0.0343 	 0.0000 	 1.8788 	 0.0039 
18.0000 	 0.7377 	 3.3796 	 2.6159 	 6.3871 	 4.1215 	 0.0000 	 1.6797 	 626.1644 	 18.0000 	 0.9740 	 3.1065 	 3.0611 	 1.5851 	 1.4254 	 0.0000 	 1.8143 	 0.0059 
18.0000 	 0.7511 	 3.0569 	 2.7494 	 6.2361 	 4.0904 	 0.0000 	 1.6387 	 626.3002 	 18.0000 	 0.8101 	 2.5956 	 9.2464 	 2.1281 	 -0.8740 	 0.0000 	 0.6255 	 0.0046 
19.0000 	 0.7566 	 3.4326 	 3.1968 	 6.0503 	 4.2840 	 0.0000 	 1.6886 	 626.1030 	 19.0000 	 1.5360 	 6.1453 	 0.9768 	 1.3596 	 -0.3666 	 0.0000 	 1.4318 	 0.0054 
16.0000 	 0.0010 	 1.6602 	 0.0000 	 3.6127 	 6.6129 	 0.0000 	 3.2164 	 676.7047 	 16.0000 	 1.5020 	 7.0788 	 3.6961 	 0.7195 	 -0.8386 	 0.0000 	 1.3915 	 0.0069 
15.0000 	 0.0430 	 9.2213 	 9.0626 	 3.2096 	 5.7133 	 0.0000 	 3.2129 	 675.7624 	 15.0000 	 0.0387 	 7.3996 	 7.0597 	 2.6252 	 1.9645 	 0.0000 	 1.6236 	 0.0000 
17.0000 	 0.7061 	 3.0956 	 4.1365 	 5.6696 	 4.4734 	 0.0000 	 1.7867 	 627.1403 	 17.0000 	 1.0800 	 0.1116 	 9.2213 	 2.4929 	 1.6189 	 0.0000 	 1.4681 	 0.0055 
16.0000 	 0.6725 	 3.2780 	 3.6433 	 5.8480 	 4.3838 	 0.0000 	 1.7496 	 627.3247 	 16.0000 	 1.5608 	 1.0282 	 3.3392 	 1.9177 	 -1.5125 	 0.0000 	 0.7780 	 0.0072 
16.0000 	 0.0011 	 4.8416 	 8.7414 	 0.1010 	 8.8229 	 0.0000 	 3.2109 	 675.7678 	 16.0000 	 0.6188 	 5.6484 	 8.3495 	 2.8116 	 -1.3804 	 0.0000 	 0.2618 	 0.0000 
15.0000 	 0.6390 	 3.0180 	 6.8311 	 5.2991 	 4.6748 	 0.0000 	 1.8356 	 628.1946 	 15.0000 	 0.0829 	 1.7032 	 1.9276 	 1.5395 	 -2.3670 	 0.0000 	 2.8577 	 0.0042 
16.0000 	 0.0210 	 2.0865 	 2.3206 	 2.2752 	 6.6480 	 0.0000 	 3.2100 	 675.7677 	 16.0000 	 2.6189 	 6.9610 	 1.8937 	 2.1080 	 -0.9655 	 0.0000 	 0.6668 	 0.0000 
14.0000 	 0.0286 	 9.5579 	 3.2652 	 7.0290 	 1.8941 	 0.0000 	 3.2104 	 675.7677 	 14.0000 	 0.7109 	 4.4326 	 2.8478 	 1.1964 	 -0.8850 	 0.0000 	 0.0970 	 0.0000 
14.0000 	 0.0062 	 3.4553 	 5.5132 	 2.3540 	 6.5693 	 0.0000 	 3.2094 	 675.7677 	 14.0000 	 2.3126 	 3.3209 	 2.1304 	 1.3502 	 1.7434 	 0.0000 	 2.3934 	 0.0000 
13.0000 	 0.5796 	 2.8587 	 4.9783 	 5.4947 	 4.4793 	 0.0000 	 1.7883 	 628.9471 	 13.0000 	 0.6439 	 4.2572 	 0.0985 	 0.5077 	 1.4597 	 0.0000 	 0.1310 	 0.0072 
16.0000 	 0.6647 	 3.1661 	 6.3550 	 5.2572 	 4.7240 	 0.0000 	 1.8364 	 627.8875 	 16.0000 	 2.3896 	 4.3587 	 9.6594 	 2.3440 	 -2.4159 	 0.0000 	 1.5715 	 0.0052 
12.0000 	 0.0024 	 6.2140 	 3.2475 	 4.2428 	 4.6813 	 0.0000 	 3.2075 	 675.7678 	 12.0000 	 1.2720 	 3.2719 	 9.9231 	 2.2495 	 2.3573 	 0.0000 	 0.9561 	 0.0000 
12.0000 	 0.0015 	 4.3833 	 9.9936 	 1.4047 	 7.5190 	 0.0000 	 3.2102 	 675.7677 	 12.0000 	 2.9002 	 1.1822 	 4.8469 	 1.0287 	 2.2105 	 0.0000 	 2.3162 	 0.0000 
12.0000 	 0.5399 	 2.8687 	 4.2889 	 5.6861 	 4.3367 	 0.0000 	 1.7804 	 629.4873 	 12.0000 	 1.4808 	 8.1385 	 6.0698 	 2.3887 	 1.7504 	 0.0000 	 0.3564 	 0.0074 
12.0000 	 0.0016 	 2.7061 	 6.1264 	 4.7949 	 4.1283 	 0.0000 	 3.2095 	 675.7677 	 12.0000 	 0.3775 	 1.0749 	 7.1649 	 0.0460 	 -1.2223 	 0.0000 	 0.9065 	 0.0000 
15.0000 	 0.6399 	 3.5995 	 1.8731 	 6.8564 	 3.9519 	 0.0000 	 1.7005 	 628.0719 	 15.0000 	 0.6846 	 2.1697 	 3.4778 	 1.8995 	 0.4997 	 0.0000 	 2.0560 	 0.0075 
12.0000 	 0.5386 	 2.7716 	 8.0120 	 5.2959 	 4.5544 	 0.0000 	 1.8180 	 629.6441 	 12.0000 	 0.7381 	 0.8562 	 1.1635 	 1.7672 	 -1.3467 	 0.0000 	 1.2119 	 0.0088 
12.0000 	 0.5376 	 2.8829 	 4.8673 	 5.5211 	 4.4411 	 0.0000 	 1.8138 	 629.5065 	 12.0000 	 2.2939 	 9.6126 	 3.4563 	 2.1990 	 1.2205 	 0.0000 	 2.5360 	 0.0061 
11.0000 	 0.0552 	 3.7839 	 2.7898 	 4.1670 	 4.7370 	 0.0000 	 3.1883 	 675.7740 	 11.0000 	 1.6047 	 6.3087 	 6.0952 	 1.8067 	 -2.6439 	 0.0000 	 1.6916 	 0.0036 
13.0000 	 0.5685 	 2.8629 	 9.8506 	 5.1641 	 4.6744 	 0.0000 	 1.8455 	 629.1659 	 13.0000 	 0.1201 	 5.3456 	 9.1755 	 2.0086 	 -1.2659 	 0.0000 	 2.0601 	 0.0061 
10.0000 	 0.0038 	 3.8027 	 4.1565 	 2.4017 	 6.5207 	 0.0000 	 3.2089 	 675.7678 	 10.0000 	 2.3465 	 2.8949 	 6.6030 	 2.3555 	 -2.0871 	 0.0000 	 0.9836 	 0.0000 
9.0000 	 0.0010 	 1.5907 	 8.1503 	 3.5800 	 5.3435 	 0.0000 	 3.2094 	 675.7677 	 9.0000 	 2.8366 	 2.0551 	 1.1510 	 1.2192 	 -2.3650 	 0.0000 	 1.4733 	 0.0000 
9.0000 	 0.0394 	 6.3428 	 3.7988 	 4.9790 	 4.9600 	 0.0000 	 3.1112 	 688.9298 	 9.0000 	 1.1529 	 6.0275 	 6.0118 	 2.4009 	 -1.1673 	 0.0000 	 1.6146 	 0.0001 
9.0000 	 0.4396 	 2.3887 	 2.2921 	 6.5340 	 3.6855 	 0.0000 	 1.6288 	 633.4964 	 9.0000 	 2.0378 	 7.0390 	 6.9245 	 1.7481 	 -2.5277 	 0.0000 	 2.0463 	 0.0118 
12.0000 	 0.5446 	 2.8682 	 3.7090 	 5.8018 	 4.2783 	 0.0000 	 1.7755 	 629.5070 	 12.0000 	 1.3396 	 5.9176 	 2.7210 	 2.5598 	 0.8207 	 0.0000 	 1.9536 	 0.0078 
7.0000 	 0.3189 	 2.3828 	 8.9996 	 5.2065 	 4.5034 	 0.0000 	 1.9657 	 634.0512 	 7.0000 	 2.1424 	 6.6470 	 8.3266 	 2.5605 	 -2.2966 	 0.0000 	 1.8664 	 0.0081 
9.0000 	 0.4139 	 2.5879 	 9.3394 	 5.2102 	 4.5639 	 0.0000 	 1.8955 	 631.8182 	 9.0000 	 0.3622 	 0.4434 	 0.5733 	 1.4266 	 2.2417 	 0.0000 	 0.9472 	 0.0091 
7.0000 	 0.0023 	 6.1814 	 5.5314 	 5.9811 	 2.9421 	 0.0000 	 3.2102 	 675.7677 	 7.0000 	 1.8103 	 1.7996 	 1.5791 	 2.3864 	 2.5732 	 0.0000 	 2.1210 	 0.0000 
12.0000 	 0.5376 	 2.8036 	 6.5747 	 5.3084 	 4.5928 	 0.0000 	 1.8363 	 629.5849 	 12.0000 	 0.4116 	 8.7601 	 1.1804 	 2.5725 	 -2.6950 	 0.0000 	 0.2946 	 0.0049 
7.0000 	 0.3166 	 2.3961 	 9.9998 	 5.1266 	 4.5643 	 0.0000 	 1.9830 	 634.0181 	 7.0000 	 2.6121 	 3.0554 	 6.6292 	 1.3413 	 0.3450 	 0.0000 	 1.4344 	 0.0089 
6.0000 	 0.0022 	 4.9059 	 8.0059 	 5.9302 	 2.9933 	 0.0000 	 3.2095 	 675.7677 	 6.0000 	 1.0117 	 4.1689 	 6.3726 	 1.2823 	 -0.7959 	 0.0000 	 2.5516 	 0.0000 
7.0000 	 0.3221 	 2.2984 	 9.9991 	 5.1618 	 4.5228 	 0.0000 	 1.9560 	 634.0286 	 7.0000 	 1.0427 	 2.3867 	 7.6147 	 1.2113 	 0.2441 	 0.0000 	 2.6827 	 0.0080 
12.0000 	 0.5432 	 2.8671 	 3.7940 	 5.8628 	 4.2257 	 0.0000 	 1.7631 	 629.4930 	 12.0000 	 0.4198 	 9.7988 	 4.4270 	 2.6951 	 2.8867 	 0.0000 	 1.9611 	 0.0116 
6.0000 	 0.0023 	 1.6985 	 8.0649 	 8.3302 	 0.5950 	 0.0000 	 3.2105 	 675.7677 	 6.0000 	 0.8965 	 5.4557 	 7.5695 	 2.0605 	 0.6386 	 0.0000 	 0.1603 	 0.0000 
5.0000 	 0.1991 	 1.9688 	 8.3530 	 5.1146 	 4.3175 	 0.0000 	 2.3446 	 637.3953 	 5.0000 	 1.2313 	 8.3537 	 6.6125 	 0.7763 	 -0.8339 	 0.0000 	 0.8895 	 0.0073 
11.0000 	 0.0048 	 5.9515 	 6.2753 	 8.3437 	 0.5789 	 0.0000 	 3.2065 	 675.7804 	 11.0000 	 0.4481 	 4.3289 	 7.5470 	 0.9988 	 -1.3325 	 0.0000 	 0.9554 	 0.0000 
5.0000 	 0.2017 	 2.1177 	 9.9972 	 5.1721 	 4.3715 	 0.0000 	 2.1642 	 637.2535 	 5.0000 	 0.2314 	 0.9409 	 4.6597 	 0.1692 	 -0.4499 	 0.0000 	 0.5005 	 0.0119 
9.0000 	 0.0010 	 3.4893 	 0.0000 	 1.9425 	 7.6987 	 0.0000 	 3.2178 	 675.7685 	 9.0000 	 2.7150 	 7.0976 	 4.4805 	 0.5863 	 1.6015 	 0.0000 	 2.9443 	 0.0001 
3.0000 	 0.0725 	 1.6501 	 9.8996 	 4.8412 	 4.3677 	 0.0000 	 2.6725 	 641.3818 	 3.0000 	 1.1152 	 5.2042 	 3.9116 	 2.7626 	 1.4893 	 0.0000 	 1.0316 	 0.0085 
5.0000 	 0.2019 	 2.0648 	 9.9978 	 5.1196 	 4.4239 	 0.0000 	 2.2044 	 637.2065 	 5.0000 	 2.1787 	 3.5737 	 5.9307 	 0.0197 	 -0.7997 	 0.0000 	 1.0801 	 0.0118 
8.0000 	 0.3691 	 2.4244 	 9.9999 	 5.1894 	 4.5160 	 0.0000 	 1.9161 	 632.7993 	 8.0000 	 2.5785 	 9.3754 	 7.4004 	 1.5143 	 2.2948 	 0.0000 	 2.5297 	 0.0072 
3.0000 	 0.0750 	 1.6643 	 7.6425 	 4.9547 	 4.3087 	 0.0000 	 2.6638 	 641.4367 	 3.0000 	 0.0399 	 7.8129 	 0.6024 	 1.6796 	 -2.5205 	 0.0000 	 1.3069 	 0.0081 
8.0000 	 0.0019 	 8.6034 	 7.7828 	 9.9322 	 -0.9792 	 0.0000 	 3.2654 	 675.8049 	 8.0000 	 2.9213 	 5.2257 	 7.4861 	 0.9399 	 1.9442 	 0.0000 	 0.7787 	 0.0000 
7.0000 	 0.0021 	 2.5808 	 8.7722 	 2.4479 	 6.4686 	 0.0000 	 3.2086 	 675.7683 	 7.0000 	 0.6621 	 0.6512 	 2.4092 	 0.1293 	 -0.9949 	 0.0000 	 1.0701 	 0.0000 
3.0000 	 0.0745 	 1.6830 	 8.7990 	 4.7143 	 4.5238 	 0.0000 	 2.6680 	 641.4099 	 3.0000 	 0.0728 	 1.9889 	 5.8915 	 0.8483 	 1.7308 	 0.0000 	 2.9261 	 0.0093 
3.0000 	 0.0747 	 1.6742 	 10.0000 	 4.8429 	 4.4000 	 0.0000 	 2.6362 	 641.3226 	 3.0000 	 0.9750 	 1.7584 	 0.0542 	 0.9143 	 1.9489 	 0.0000 	 1.4168 	 0.0170 
2.0000 	 0.0226 	 1.5104 	 10.0000 	 4.6041 	 4.4985 	 0.0000 	 2.8193 	 644.6248 	 2.0000 	 2.2340 	 2.5288 	 6.8602 	 2.2871 	 0.2140 	 0.0000 	 0.2492 	 0.0096 
2.0000 	 0.0226 	 1.5547 	 6.6110 	 4.9936 	 4.2266 	 0.0000 	 2.8220 	 644.7639 	 2.0000 	 1.8778 	 3.9261 	 3.3145 	 0.7192 	 -2.1442 	 0.0000 	 0.5100 	 0.0143 
5.0000 	 0.1994 	 2.1117 	 9.4877 	 5.0746 	 4.4620 	 0.0000 	 2.2722 	 637.2904 	 5.0000 	 1.1366 	 3.7017 	 4.9254 	 0.6438 	 0.4592 	 0.0000 	 2.1320 	 0.0075 
2.0000 	 0.0220 	 1.5106 	 9.5852 	 4.8352 	 4.2677 	 0.0000 	 2.8087 	 644.6432 	 2.0000 	 1.1919 	 3.8308 	 9.7806 	 2.4396 	 2.9678 	 0.0000 	 2.5337 	 0.0126 
5.0000 	 0.1922 	 6.8602 	 6.7842 	 0.0000 	 8.6272 	 0.0000 	 3.3069 	 650.8752 	 5.0000 	 1.2864 	 8.5162 	 1.1473 	 0.4303 	 -0.7669 	 0.0000 	 2.3613 	 0.0048 
5.0000 	 0.2043 	 2.0163 	 10.0000 	 5.1153 	 4.3933 	 0.0000 	 2.1949 	 637.2161 	 5.0000 	 2.6090 	 9.5896 	 3.1964 	 1.5487 	 0.2667 	 0.0000 	 1.8741 	 0.0100 
3.0000 	 0.0705 	 6.9764 	 0.0967 	 7.3465 	 4.0657 	 0.0000 	 3.2699 	 651.9754 	 3.0000 	 1.4387 	 6.7741 	 2.7313 	 0.5158 	 -0.7251 	 0.0000 	 2.9843 	 0.0066 
2.0000 	 0.0213 	 6.0889 	 0.3076 	 0.3193 	 8.5019 	 0.0000 	 3.2979 	 654.7916 	 2.0000 	 2.1653 	 0.2120 	 1.2669 	 2.2330 	 1.4456 	 0.0000 	 1.7553 	 0.0105 
2.0000 	 0.0224 	 1.5499 	 9.9821 	 4.7820 	 4.3486 	 0.0000 	 2.8095 	 644.6009 	 2.0000 	 0.3590 	 8.5826 	 4.7120 	 0.5764 	 2.5955 	 0.0000 	 2.2708 	 0.0148 
