50.0000 	 0.0212 	 5.1245 	 5.1013 	 0.6101 	 7.3887 	 0.0000 	 2.7792 	 900.5046 	 50.0000 	 2.7894 	 5.9425 	 3.1001 	 0.5273 	 -0.8296 	 0.0000 	 2.4814 	 0.0000 
50.0000 	 1.7019 	 7.1338 	 5.6250 	 2.7144 	 7.2510 	 0.0000 	 2.6700 	 757.2854 	 50.0000 	 1.7265 	 7.5048 	 1.9265 	 0.2256 	 0.8135 	 0.0000 	 2.7936 	 0.0027 
50.0000 	 0.0218 	 9.6582 	 9.3977 	 5.2792 	 2.7330 	 0.0000 	 2.7917 	 900.5031 	 50.0000 	 0.8674 	 7.6581 	 2.1824 	 0.2548 	 -1.5766 	 0.0000 	 1.1470 	 0.0000 
50.0000 	 0.0027 	 4.6064 	 9.9133 	 5.4958 	 2.5120 	 0.0000 	 2.7875 	 900.5026 	 50.0000 	 2.3258 	 6.6169 	 6.6833 	 2.2248 	 0.6862 	 0.0000 	 0.4510 	 0.0000 
49.0000 	 0.0011 	 6.1205 	 9.2987 	 1.9185 	 6.0889 	 0.0000 	 2.7874 	 900.5025 	 49.0000 	 2.4197 	 4.1576 	 8.1040 	 1.2499 	 -0.7904 	 0.0000 	 1.1547 	 0.0000 
50.0000 	 1.7491 	 6.0595 	 6.1963 	 3.0016 	 7.4413 	 0.0000 	 2.7092 	 755.5988 	 50.0000 	 0.6946 	 8.9711 	 8.0018 	 1.9852 	 -0.7801 	 0.0000 	 0.3254 	 0.0108 
50.0000 	 1.7750 	 1.4854 	 9.0002 	 4.1271 	 5.0659 	 0.0000 	 1.8672 	 745.9311 	 50.0000 	 1.6379 	 5.0561 	 0.3649 	 0.2088 	 -1.8580 	 0.0000 	 1.8749 	 0.0020 
50.0000 	 1.7747 	 1.4965 	 9.1624 	 4.0973 	 5.1055 	 0.0000 	 1.8833 	 745.9330 	 50.0000 	 0.6497 	 7.1862 	 6.2418 	 2.3568 	 1.8542 	 0.0000 	 2.6357 	 0.0019 
50.0000 	 1.7681 	 1.5079 	 8.0669 	 4.1345 	 5.0592 	 0.0000 	 1.8745 	 745.9408 	 50.0000 	 1.9796 	 1.4362 	 5.8670 	 1.7208 	 -1.5094 	 0.0000 	 2.4113 	 0.0018 
50.0000 	 1.7691 	 1.4921 	 9.9902 	 4.1487 	 5.0532 	 0.0000 	 1.8495 	 745.9340 	 50.0000 	 1.2364 	 0.6403 	 2.7988 	 0.1282 	 -1.4838 	 0.0000 	 2.0827 	 0.0021 
50.0000 	 1.7723 	 1.5089 	 9.9999 	 4.0943 	 5.1201 	 0.0000 	 1.8706 	 745.9323 	 50.0000 	 0.8258 	 2.2863 	 6.1184 	 2.3654 	 -2.7400 	 0.0000 	 2.3472 	 0.0015 
48.0000 	 0.0017 	 6.7435 	 6.5872 	 2.3061 	 5.6957 	 0.0000 	 2.7792 	 900.4545 	 48.0000 	 2.4327 	 9.9835 	 6.6535 	 0.8564 	 1.6242 	 0.0000 	 2.2005 	 0.0000 
49.0000 	 1.7559 	 1.4703 	 9.1124 	 4.1695 	 5.0300 	 0.0000 	 1.8633 	 745.9242 	 49.0000 	 1.0117 	 1.9721 	 3.3192 	 2.5770 	 -0.6352 	 0.0000 	 0.1987 	 0.0017 
49.0000 	 1.7588 	 1.4725 	 6.8186 	 4.2522 	 4.9566 	 0.0000 	 1.8474 	 745.9343 	 49.0000 	 2.7483 	 7.0679 	 1.5908 	 0.1096 	 2.4430 	 0.0000 	 2.6137 	 0.0022 
48.0000 	 1.7325 	 1.5157 	 7.1348 	 4.2014 	 5.0327 	 0.0000 	 1.8699 	 745.9103 	 48.0000 	 2.9693 	 9.9555 	 6.4185 	 1.8328 	 1.8322 	 0.0000 	 0.6912 	 0.0018 
48.0000 	 0.0771 	 5.8560 	 8.9691 	 4.4738 	 3.5804 	 0.0000 	 2.8110 	 900.5364 	 48.0000 	 1.8087 	 0.1250 	 0.7971 	 2.4165 	 0.6342 	 0.0000 	 1.0958 	 0.0000 
48.0000 	 1.7218 	 1.5313 	 9.4833 	 4.1426 	 5.0697 	 0.0000 	 1.8697 	 745.9113 	 48.0000 	 1.6761 	 7.7294 	 2.6068 	 2.5574 	 0.3080 	 0.0000 	 2.7942 	 0.0020 
47.0000 	 1.7123 	 1.5277 	 5.5183 	 4.3790 	 4.9092 	 0.0000 	 1.8474 	 745.9275 	 47.0000 	 0.0923 	 6.6690 	 0.4315 	 0.7043 	 -2.4555 	 0.0000 	 1.3519 	 0.0020 
48.0000 	 1.7388 	 1.5123 	 4.7129 	 4.4297 	 4.8674 	 0.0000 	 1.8540 	 745.9630 	 48.0000 	 0.9208 	 1.0466 	 5.0671 	 2.8453 	 2.1741 	 0.0000 	 1.8454 	 0.0023 
47.0000 	 0.0019 	 4.4527 	 9.9214 	 1.5848 	 6.4234 	 0.0000 	 2.7879 	 900.5026 	 47.0000 	 0.4060 	 1.2653 	 5.9704 	 0.3784 	 0.8287 	 0.0000 	 2.4253 	 0.0000 
46.0000 	 0.1032 	 9.8139 	 4.2363 	 5.5958 	 2.4177 	 0.0000 	 2.7870 	 900.5031 	 46.0000 	 1.5190 	 6.7117 	 2.0472 	 2.3576 	 0.8710 	 0.0000 	 0.6507 	 0.0000 
48.0000 	 1.7333 	 1.8191 	 1.0518 	 6.2959 	 3.9098 	 0.0000 	 2.1010 	 747.9386 	 48.0000 	 1.2847 	 7.2725 	 7.3503 	 0.5998 	 0.4327 	 0.0000 	 0.6557 	 0.0032 
47.0000 	 1.7024 	 1.4859 	 0.4586 	 9.7928 	 1.3737 	 0.0000 	 2.2698 	 749.0663 	 47.0000 	 1.9788 	 9.8177 	 1.1740 	 2.0770 	 -1.7828 	 0.0000 	 2.5920 	 0.0023 
49.0000 	 1.7623 	 1.4946 	 2.8499 	 4.9077 	 4.5137 	 0.0000 	 1.8109 	 746.2475 	 49.0000 	 1.7239 	 0.2703 	 2.2369 	 2.0568 	 -2.5852 	 0.0000 	 2.0160 	 0.0023 
46.0000 	 1.6911 	 1.5369 	 6.3778 	 4.2866 	 4.9991 	 0.0000 	 1.8616 	 745.8990 	 46.0000 	 2.1314 	 9.7228 	 0.4544 	 1.7107 	 0.3718 	 0.0000 	 2.0133 	 0.0016 
48.0000 	 1.7356 	 1.4858 	 9.9992 	 4.1023 	 5.0975 	 0.0000 	 1.8736 	 745.9056 	 48.0000 	 1.8783 	 2.2835 	 9.6971 	 2.9591 	 -1.3509 	 0.0000 	 0.7555 	 0.0024 
48.0000 	 1.7361 	 1.5077 	 4.9389 	 4.4241 	 4.8501 	 0.0000 	 1.8531 	 745.9613 	 48.0000 	 1.1590 	 8.0971 	 2.5993 	 0.8298 	 1.0824 	 0.0000 	 2.7195 	 0.0019 
46.0000 	 1.6923 	 1.4897 	 9.7306 	 4.1301 	 5.0769 	 0.0000 	 1.8588 	 745.8811 	 46.0000 	 0.1961 	 2.3084 	 5.3882 	 2.2120 	 0.6031 	 0.0000 	 2.4290 	 0.0023 
44.0000 	 0.0276 	 3.5610 	 6.2673 	 2.4164 	 5.5919 	 0.0000 	 2.7875 	 900.5026 	 44.0000 	 2.1039 	 5.5011 	 7.7504 	 2.9817 	 0.1615 	 0.0000 	 1.7840 	 0.0000 
47.0000 	 1.7168 	 1.5367 	 5.0038 	 4.3640 	 4.9412 	 0.0000 	 1.8759 	 745.9501 	 47.0000 	 0.9279 	 0.4058 	 1.6020 	 1.3912 	 -2.0456 	 0.0000 	 1.8674 	 0.0020 
49.0000 	 1.7585 	 1.5092 	 6.0273 	 4.2800 	 4.9785 	 0.0000 	 1.8603 	 745.9428 	 49.0000 	 0.2118 	 4.6908 	 3.7449 	 2.4378 	 0.8121 	 0.0000 	 1.2157 	 0.0019 
49.0000 	 1.7525 	 1.5359 	 5.3172 	 4.3829 	 4.9090 	 0.0000 	 1.8580 	 745.9601 	 49.0000 	 2.2365 	 2.3724 	 6.8392 	 1.9807 	 1.0129 	 0.0000 	 0.4261 	 0.0018 
46.0000 	 1.6894 	 1.5396 	 4.3386 	 4.4663 	 4.8329 	 0.0000 	 1.8527 	 745.9706 	 46.0000 	 1.0430 	 8.7919 	 9.2848 	 0.6402 	 2.7279 	 0.0000 	 2.8331 	 0.0020 
47.0000 	 0.0066 	 8.6766 	 6.8810 	 2.3395 	 5.6684 	 0.0000 	 2.7875 	 900.5026 	 47.0000 	 0.3982 	 2.2906 	 6.8743 	 0.7692 	 2.7746 	 0.0000 	 0.0871 	 0.0000 
45.0000 	 0.0057 	 4.5767 	 4.9502 	 1.2659 	 6.7418 	 0.0000 	 2.7877 	 900.5026 	 45.0000 	 2.7490 	 1.7736 	 5.2809 	 0.5895 	 -2.6546 	 0.0000 	 1.5770 	 0.0000 
45.0000 	 0.0077 	 5.9909 	 4.4062 	 2.8627 	 5.1470 	 0.0000 	 2.7725 	 900.4982 	 45.0000 	 1.2362 	 8.0926 	 1.4409 	 1.6684 	 0.8595 	 0.0000 	 0.9696 	 0.0000 
44.0000 	 0.0125 	 0.7061 	 8.9557 	 9.9632 	 -1.9547 	 0.0000 	 2.7880 	 900.5026 	 44.0000 	 2.7059 	 4.1320 	 5.5868 	 1.6755 	 2.6713 	 0.0000 	 0.8493 	 0.0000 
46.0000 	 1.6898 	 1.4965 	 9.1300 	 4.1274 	 5.0708 	 0.0000 	 1.8721 	 745.8806 	 46.0000 	 0.4346 	 1.4151 	 5.4674 	 2.2977 	 0.7286 	 0.0000 	 2.1388 	 0.0019 
46.0000 	 1.6893 	 1.5029 	 9.1764 	 4.1112 	 5.0863 	 0.0000 	 1.8778 	 745.8717 	 46.0000 	 2.1441 	 2.4781 	 2.9379 	 1.2548 	 2.3596 	 0.0000 	 0.1896 	 0.0044 
45.0000 	 1.6514 	 5.7188 	 0.5682 	 9.9042 	 3.6345 	 0.0000 	 2.3405 	 748.7791 	 45.0000 	 0.3181 	 4.4276 	 9.9502 	 2.1180 	 2.3713 	 0.0000 	 1.3758 	 0.0024 
46.0000 	 0.0404 	 7.5641 	 9.4620 	 9.8115 	 -1.8043 	 0.0000 	 2.7868 	 900.5025 	 46.0000 	 1.3612 	 4.7176 	 9.4287 	 0.1280 	 2.0682 	 0.0000 	 0.3361 	 0.0000 
47.0000 	 1.6990 	 5.0686 	 0.5687 	 9.9744 	 3.4302 	 0.0000 	 2.2987 	 748.7979 	 47.0000 	 2.1209 	 7.2887 	 7.3541 	 1.3898 	 1.4902 	 0.0000 	 2.3307 	 0.0036 
47.0000 	 1.7156 	 1.5188 	 5.3662 	 4.3537 	 4.9203 	 0.0000 	 1.8679 	 745.9282 	 47.0000 	 2.2363 	 6.3911 	 1.1867 	 1.7814 	 -2.6953 	 0.0000 	 2.6039 	 0.0025 
44.0000 	 0.0042 	 0.7367 	 9.4214 	 1.2902 	 6.7183 	 0.0000 	 2.7886 	 900.5026 	 44.0000 	 2.4307 	 1.3799 	 5.7412 	 1.2491 	 0.3830 	 0.0000 	 0.9865 	 0.0000 
48.0000 	 1.7058 	 7.5518 	 0.6254 	 9.9996 	 4.2344 	 0.0000 	 2.3767 	 749.0617 	 48.0000 	 1.0919 	 5.1356 	 9.3172 	 0.5924 	 -1.8074 	 0.0000 	 0.6206 	 0.0028 
47.0000 	 1.7137 	 1.5134 	 5.4333 	 4.3279 	 4.9227 	 0.0000 	 1.8707 	 745.9258 	 47.0000 	 1.2561 	 5.7614 	 9.0738 	 0.5243 	 -1.3790 	 0.0000 	 0.5125 	 0.0021 
43.0000 	 1.6292 	 1.5215 	 6.3507 	 4.2420 	 5.0115 	 0.0000 	 1.8792 	 745.8605 	 43.0000 	 1.2414 	 0.6584 	 5.8728 	 2.4539 	 -2.5032 	 0.0000 	 0.3860 	 0.0018 
48.0000 	 1.7327 	 1.5559 	 5.4072 	 4.3919 	 4.9301 	 0.0000 	 1.8439 	 745.9551 	 48.0000 	 1.1917 	 4.1914 	 6.7815 	 0.1094 	 1.7933 	 0.0000 	 0.1951 	 0.0023 
41.0000 	 1.5883 	 1.5242 	 5.2429 	 4.3642 	 4.9232 	 0.0000 	 1.8567 	 745.8528 	 41.0000 	 2.4349 	 9.3231 	 5.9432 	 1.8265 	 2.7662 	 0.0000 	 0.9095 	 0.0023 
44.0000 	 1.6473 	 1.5227 	 6.2856 	 4.2556 	 4.9862 	 0.0000 	 1.8693 	 745.8723 	 44.0000 	 2.0376 	 4.3455 	 4.4495 	 0.9371 	 -1.6902 	 0.0000 	 1.3862 	 0.0018 
43.0000 	 1.6366 	 1.5068 	 5.8529 	 4.2773 	 4.9869 	 0.0000 	 1.8700 	 745.8685 	 43.0000 	 0.6624 	 1.0455 	 9.2921 	 1.9263 	 -0.9737 	 0.0000 	 0.8645 	 0.0017 
42.0000 	 0.0027 	 8.4235 	 0.0000 	 6.6331 	 3.9257 	 0.0000 	 2.7841 	 900.6817 	 42.0000 	 1.9931 	 9.2596 	 9.1419 	 1.2570 	 -1.0729 	 0.0000 	 0.6070 	 0.0000 
46.0000 	 1.6628 	 9.0057 	 0.8778 	 8.5389 	 5.5693 	 0.0000 	 2.4992 	 749.9345 	 46.0000 	 1.0502 	 7.5198 	 8.6552 	 1.1966 	 0.7961 	 0.0000 	 0.0916 	 0.0021 
45.0000 	 1.6779 	 1.5152 	 4.5822 	 4.4359 	 4.8730 	 0.0000 	 1.8628 	 745.9332 	 45.0000 	 2.6126 	 7.4403 	 6.7791 	 1.7819 	 1.9580 	 0.0000 	 0.7402 	 0.0018 
47.0000 	 0.0029 	 5.7953 	 7.8791 	 1.5542 	 6.4537 	 0.0000 	 2.7874 	 900.5026 	 47.0000 	 1.7416 	 2.7943 	 1.4063 	 2.6587 	 -1.6944 	 0.0000 	 2.6337 	 0.0000 
45.0000 	 1.6707 	 1.5297 	 6.7092 	 4.1960 	 5.0351 	 0.0000 	 1.8776 	 745.8857 	 45.0000 	 2.9389 	 1.0305 	 3.7849 	 0.8736 	 2.5248 	 0.0000 	 0.1797 	 0.0018 
43.0000 	 1.6232 	 1.5263 	 9.3496 	 4.1258 	 5.0912 	 0.0000 	 1.8690 	 745.8482 	 43.0000 	 0.9906 	 9.6150 	 2.0770 	 0.5243 	 2.6939 	 0.0000 	 0.6484 	 0.0016 
44.0000 	 1.6641 	 1.4888 	 4.4543 	 4.5389 	 4.7945 	 0.0000 	 1.8361 	 745.9457 	 44.0000 	 1.5414 	 9.9553 	 6.3969 	 2.1712 	 1.6522 	 0.0000 	 0.8028 	 0.0025 
43.0000 	 1.6200 	 1.5510 	 6.1989 	 4.3095 	 4.9657 	 0.0000 	 1.8517 	 745.8749 	 43.0000 	 1.3340 	 0.4595 	 5.1073 	 0.3514 	 0.2076 	 0.0000 	 0.0087 	 0.0020 
47.0000 	 1.7094 	 1.5204 	 6.3907 	 4.2770 	 4.9695 	 0.0000 	 1.8569 	 745.9086 	 47.0000 	 2.9921 	 5.6795 	 1.2217 	 0.1589 	 -0.6434 	 0.0000 	 1.4457 	 0.0019 
44.0000 	 1.6505 	 1.4968 	 10.0000 	 4.1277 	 5.0801 	 0.0000 	 1.8627 	 745.8582 	 44.0000 	 0.3504 	 1.3080 	 6.7609 	 1.4608 	 -1.7311 	 0.0000 	 0.5563 	 0.0020 
44.0000 	 1.6530 	 1.5124 	 6.3639 	 4.2829 	 4.9836 	 0.0000 	 1.8713 	 745.8737 	 44.0000 	 2.2012 	 4.7362 	 0.8456 	 2.8757 	 2.8792 	 0.0000 	 0.1223 	 0.0019 
45.0000 	 0.0152 	 0.6812 	 5.5615 	 4.5824 	 3.4021 	 0.0000 	 2.9192 	 900.8380 	 45.0000 	 0.8422 	 0.3400 	 8.9064 	 1.1285 	 0.9308 	 0.0000 	 1.9439 	 0.0000 
40.0000 	 1.5662 	 1.4824 	 7.1290 	 4.2251 	 5.0042 	 0.0000 	 1.8558 	 745.8161 	 40.0000 	 0.7925 	 7.0248 	 2.0013 	 0.9639 	 -1.5160 	 0.0000 	 0.6443 	 0.0020 
42.0000 	 1.6131 	 1.5194 	 5.3466 	 4.3515 	 4.9379 	 0.0000 	 1.8611 	 745.8636 	 42.0000 	 0.8642 	 9.6079 	 6.5322 	 2.7014 	 0.5507 	 0.0000 	 1.3851 	 0.0022 
41.0000 	 1.5810 	 1.5013 	 9.9918 	 4.1132 	 5.0867 	 0.0000 	 1.8693 	 745.8208 	 41.0000 	 2.7868 	 6.9287 	 4.5469 	 2.7255 	 0.6857 	 0.0000 	 2.5804 	 0.0019 
44.0000 	 1.6495 	 8.8660 	 7.4023 	 2.5052 	 7.5476 	 0.0000 	 2.7995 	 757.7691 	 44.0000 	 2.7695 	 9.2657 	 8.4601 	 1.1213 	 2.2788 	 0.0000 	 2.6376 	 0.0016 
41.0000 	 1.5927 	 1.5015 	 4.1453 	 4.5720 	 4.7573 	 0.0000 	 1.8314 	 745.9141 	 41.0000 	 0.5570 	 8.4801 	 1.6940 	 1.7991 	 0.2118 	 0.0000 	 0.9543 	 0.0022 
41.0000 	 1.5851 	 1.4877 	 10.0000 	 4.1109 	 5.0847 	 0.0000 	 1.8668 	 745.8233 	 41.0000 	 0.3839 	 9.7756 	 6.8451 	 1.2958 	 2.6282 	 0.0000 	 2.3570 	 0.0021 
43.0000 	 0.0095 	 0.6942 	 6.6875 	 3.3066 	 4.6999 	 0.0000 	 2.7932 	 900.5033 	 43.0000 	 1.7817 	 1.5806 	 0.0877 	 1.8208 	 2.6653 	 0.0000 	 1.6273 	 0.0000 
43.0000 	 1.6322 	 1.5149 	 4.1430 	 4.5231 	 4.7866 	 0.0000 	 1.8535 	 745.9362 	 43.0000 	 1.8826 	 3.5037 	 5.0551 	 2.5125 	 1.8465 	 0.0000 	 2.2621 	 0.0019 
39.0000 	 0.0511 	 6.1865 	 3.8525 	 7.4813 	 0.5962 	 0.0000 	 2.8251 	 900.5802 	 39.0000 	 2.1821 	 7.2384 	 1.0186 	 2.9655 	 2.3366 	 0.0000 	 0.0469 	 0.0000 
38.0000 	 0.0039 	 3.2997 	 5.3205 	 4.3762 	 3.6315 	 0.0000 	 2.7874 	 900.5026 	 38.0000 	 0.6842 	 1.7375 	 2.3666 	 1.3732 	 0.7335 	 0.0000 	 0.0300 	 0.0000 
41.0000 	 1.5805 	 1.5112 	 9.8728 	 4.1335 	 5.0821 	 0.0000 	 1.8634 	 745.8228 	 41.0000 	 1.0600 	 2.1035 	 3.2687 	 1.9808 	 2.1695 	 0.0000 	 1.0190 	 0.0017 
45.0000 	 1.6577 	 4.4103 	 0.6704 	 8.7043 	 3.9823 	 0.0000 	 2.3027 	 748.7237 	 45.0000 	 1.6725 	 7.2416 	 2.5043 	 2.2325 	 -2.4567 	 0.0000 	 2.9912 	 0.0039 
42.0000 	 1.6127 	 1.4659 	 8.2717 	 4.1798 	 5.0245 	 0.0000 	 1.8424 	 745.8462 	 42.0000 	 0.8469 	 4.5656 	 3.4021 	 0.1299 	 -1.8884 	 0.0000 	 1.1590 	 0.0019 
40.0000 	 1.5617 	 1.4952 	 9.0898 	 4.1458 	 5.0729 	 0.0000 	 1.8562 	 745.8135 	 40.0000 	 2.6972 	 7.7118 	 2.4788 	 0.2229 	 -2.8069 	 0.0000 	 2.9569 	 0.0019 
45.0000 	 1.6677 	 1.5300 	 6.2206 	 4.2466 	 5.0043 	 0.0000 	 1.8813 	 745.8879 	 45.0000 	 2.5874 	 1.1950 	 1.4575 	 0.3564 	 0.2613 	 0.0000 	 2.5943 	 0.0018 
44.0000 	 1.6437 	 1.5147 	 10.0000 	 4.1245 	 5.0849 	 0.0000 	 1.8650 	 745.8634 	 44.0000 	 2.4560 	 6.1660 	 1.2797 	 1.7493 	 -1.7787 	 0.0000 	 1.2714 	 0.0021 
41.0000 	 1.5778 	 1.5217 	 9.8749 	 4.0963 	 5.1066 	 0.0000 	 1.8745 	 745.8209 	 41.0000 	 0.2931 	 1.8407 	 2.4079 	 1.1771 	 1.2951 	 0.0000 	 1.7224 	 0.0020 
42.0000 	 1.6088 	 1.4818 	 9.9415 	 4.1091 	 5.0867 	 0.0000 	 1.8689 	 745.8351 	 42.0000 	 2.1912 	 7.8234 	 0.2746 	 1.8854 	 -1.8833 	 0.0000 	 1.7578 	 0.0020 
44.0000 	 1.6478 	 1.5184 	 9.7061 	 4.1092 	 5.1074 	 0.0000 	 1.8736 	 745.8615 	 44.0000 	 2.7979 	 0.4291 	 0.6024 	 0.2278 	 -0.8582 	 0.0000 	 1.6333 	 0.0018 
37.0000 	 1.4949 	 1.5172 	 6.5070 	 4.2384 	 5.0168 	 0.0000 	 1.8709 	 745.7773 	 37.0000 	 0.1082 	 8.0656 	 9.0806 	 2.6391 	 -0.1995 	 0.0000 	 0.7541 	 0.0017 
36.0000 	 1.4710 	 1.5598 	 5.7370 	 4.2743 	 5.0337 	 0.0000 	 1.8799 	 745.7851 	 36.0000 	 1.5444 	 3.4903 	 4.4148 	 0.6137 	 0.4827 	 0.0000 	 2.6293 	 0.0015 
42.0000 	 1.6059 	 1.5273 	 4.8018 	 4.4375 	 4.8660 	 0.0000 	 1.8505 	 745.8837 	 42.0000 	 2.7085 	 6.3589 	 7.3685 	 0.8021 	 -2.4749 	 0.0000 	 1.7708 	 0.0016 
40.0000 	 1.5559 	 1.5185 	 9.4683 	 4.1242 	 5.0859 	 0.0000 	 1.8728 	 745.8083 	 40.0000 	 1.6076 	 4.3068 	 0.7887 	 0.7293 	 -0.6604 	 0.0000 	 2.1251 	 0.0017 
39.0000 	 1.5457 	 1.5322 	 5.2914 	 4.3202 	 4.9760 	 0.0000 	 1.8672 	 745.8269 	 39.0000 	 1.0289 	 1.5355 	 5.1439 	 2.9251 	 -0.6750 	 0.0000 	 0.4945 	 0.0023 
40.0000 	 0.0012 	 8.8173 	 5.5356 	 2.8469 	 5.1609 	 0.0000 	 2.7878 	 900.5026 	 40.0000 	 0.5384 	 6.8370 	 2.2082 	 0.2546 	 1.2999 	 0.0000 	 0.2486 	 0.0000 
41.0000 	 1.5780 	 3.0121 	 0.7447 	 8.0675 	 3.7205 	 0.0000 	 2.1900 	 748.3664 	 41.0000 	 1.6443 	 2.7571 	 2.9325 	 0.9197 	 -0.0194 	 0.0000 	 2.9705 	 0.0026 
43.0000 	 1.6312 	 1.4996 	 9.6458 	 4.1118 	 5.1019 	 0.0000 	 1.8725 	 745.8431 	 43.0000 	 2.8051 	 8.5267 	 6.8688 	 0.1168 	 1.7754 	 0.0000 	 0.5998 	 0.0018 
42.0000 	 1.5743 	 9.4333 	 2.6855 	 3.4311 	 7.3949 	 0.0000 	 2.9020 	 756.5761 	 42.0000 	 2.1585 	 9.2760 	 5.7258 	 0.5001 	 2.9375 	 0.0000 	 0.3258 	 0.0018 
41.0000 	 0.0011 	 3.9339 	 9.0101 	 3.6216 	 4.3864 	 0.0000 	 2.7880 	 900.5026 	 41.0000 	 2.5527 	 8.7701 	 9.7028 	 2.3562 	 -0.1452 	 0.0000 	 2.5388 	 0.0000 
41.0000 	 1.5952 	 1.5110 	 3.3487 	 4.7529 	 4.6500 	 0.0000 	 1.8243 	 745.9982 	 41.0000 	 1.9250 	 7.1055 	 6.1908 	 1.9240 	 2.3275 	 0.0000 	 1.8978 	 0.0020 
43.0000 	 1.6329 	 1.5019 	 6.4571 	 4.2214 	 5.0115 	 0.0000 	 1.8657 	 745.8639 	 43.0000 	 2.8183 	 6.0502 	 2.2731 	 0.4636 	 0.3951 	 0.0000 	 1.0540 	 0.0017 
39.0000 	 1.5415 	 1.5199 	 7.8688 	 4.1691 	 5.0735 	 0.0000 	 1.8664 	 745.7979 	 39.0000 	 2.7722 	 3.8071 	 6.3610 	 2.4576 	 -1.1180 	 0.0000 	 1.2856 	 0.0023 
40.0000 	 1.5525 	 1.5560 	 9.9913 	 4.1036 	 5.1442 	 0.0000 	 1.8773 	 745.8288 	 40.0000 	 1.7451 	 7.9189 	 4.3275 	 2.1659 	 2.9184 	 0.0000 	 1.1303 	 0.0014 
36.0000 	 1.4665 	 6.7988 	 0.6724 	 9.9998 	 4.2508 	 0.0000 	 2.2991 	 748.5485 	 36.0000 	 0.6719 	 2.2108 	 0.3636 	 1.9885 	 -0.6544 	 0.0000 	 1.9236 	 0.0027 
36.0000 	 1.4642 	 2.3890 	 0.9447 	 6.7851 	 4.0948 	 0.0000 	 2.1534 	 747.8414 	 36.0000 	 1.3452 	 6.4108 	 1.4731 	 2.6686 	 0.5074 	 0.0000 	 0.3737 	 0.0026 
42.0000 	 0.0012 	 7.6370 	 6.0347 	 0.7651 	 7.2408 	 0.0000 	 2.7880 	 900.5026 	 42.0000 	 0.1622 	 7.7864 	 1.5617 	 0.8984 	 2.5922 	 0.0000 	 2.0186 	 0.0000 
40.0000 	 1.5658 	 1.4912 	 9.6630 	 4.1037 	 5.0997 	 0.0000 	 1.8742 	 745.8115 	 40.0000 	 2.0207 	 5.1093 	 9.6880 	 2.5737 	 -2.1475 	 0.0000 	 2.8713 	 0.0018 
35.0000 	 1.4385 	 6.0495 	 0.6910 	 10.0000 	 4.1037 	 0.0000 	 2.2679 	 748.4198 	 35.0000 	 1.2665 	 1.5334 	 0.2734 	 1.9711 	 0.7060 	 0.0000 	 1.2224 	 0.0036 
38.0000 	 1.5186 	 1.5250 	 6.3876 	 4.2596 	 5.0079 	 0.0000 	 1.8643 	 745.7873 	 38.0000 	 1.3617 	 0.8981 	 0.4141 	 0.1489 	 2.2113 	 0.0000 	 0.0243 	 0.0017 
39.0000 	 1.5417 	 1.5367 	 4.5386 	 4.4157 	 4.8697 	 0.0000 	 1.8580 	 745.8561 	 39.0000 	 1.7424 	 7.2190 	 7.0024 	 0.6635 	 2.3767 	 0.0000 	 1.3379 	 0.0021 
41.0000 	 1.5832 	 1.5610 	 6.6079 	 4.2475 	 5.0481 	 0.0000 	 1.8666 	 745.8440 	 41.0000 	 0.1993 	 9.7713 	 9.9675 	 1.8020 	 -1.1612 	 0.0000 	 2.2700 	 0.0020 
38.0000 	 1.5161 	 1.5216 	 9.0156 	 4.1331 	 5.0961 	 0.0000 	 1.8649 	 745.7845 	 38.0000 	 0.5019 	 5.7102 	 9.9753 	 1.0259 	 -1.7273 	 0.0000 	 1.7616 	 0.0016 
42.0000 	 1.6078 	 1.4980 	 7.5718 	 4.1997 	 5.0194 	 0.0000 	 1.8637 	 745.8373 	 42.0000 	 1.8545 	 3.9104 	 0.5219 	 2.7193 	 -2.2053 	 0.0000 	 0.7471 	 0.0021 
39.0000 	 1.5427 	 1.5094 	 5.3439 	 4.3569 	 4.9183 	 0.0000 	 1.8531 	 745.8196 	 39.0000 	 1.1582 	 2.9863 	 1.0153 	 0.0708 	 -0.8476 	 0.0000 	 2.1100 	 0.0017 
39.0000 	 1.5414 	 1.5110 	 8.8479 	 4.1675 	 5.0733 	 0.0000 	 1.8559 	 745.7955 	 39.0000 	 1.8455 	 1.2447 	 0.4412 	 2.5573 	 -1.5094 	 0.0000 	 0.5334 	 0.0021 
34.0000 	 1.4252 	 1.5190 	 6.2940 	 4.2733 	 5.0089 	 0.0000 	 1.8618 	 745.7392 	 34.0000 	 0.3525 	 2.3414 	 5.3337 	 1.7430 	 -0.2582 	 0.0000 	 1.7001 	 0.0015 
39.0000 	 1.5347 	 1.5444 	 7.4432 	 4.1846 	 5.0620 	 0.0000 	 1.8722 	 745.8010 	 39.0000 	 2.3138 	 6.8664 	 8.8855 	 0.4733 	 -1.9509 	 0.0000 	 2.6949 	 0.0033 
36.0000 	 1.4652 	 1.5395 	 6.1145 	 4.2673 	 4.9922 	 0.0000 	 1.8624 	 745.7695 	 36.0000 	 2.4681 	 9.9563 	 2.9148 	 1.5542 	 2.4195 	 0.0000 	 2.2227 	 0.0020 
37.0000 	 1.4921 	 0.0000 	 6.6855 	 9.7874 	 -2.1268 	 0.0000 	 2.8103 	 758.5570 	 37.0000 	 0.8226 	 6.9883 	 6.6756 	 1.8617 	 -0.7651 	 0.0000 	 1.2008 	 0.0011 
38.0000 	 1.5110 	 1.5495 	 5.9368 	 4.2606 	 5.0008 	 0.0000 	 1.8767 	 745.8041 	 38.0000 	 2.1625 	 3.0813 	 8.0688 	 2.5424 	 -0.2913 	 0.0000 	 2.6876 	 0.0015 
34.0000 	 1.4266 	 1.4856 	 9.6921 	 4.1212 	 5.0913 	 0.0000 	 1.8577 	 745.7382 	 34.0000 	 0.9736 	 7.9646 	 6.2664 	 2.9798 	 -0.0753 	 0.0000 	 2.9481 	 0.0016 
40.0000 	 0.0043 	 8.1743 	 7.6592 	 9.7023 	 -1.6911 	 0.0000 	 2.7864 	 900.4867 	 40.0000 	 2.8000 	 8.5376 	 3.1301 	 1.6541 	 0.9581 	 0.0000 	 0.8245 	 0.0000 
36.0000 	 1.4722 	 1.5071 	 7.5390 	 4.2005 	 5.0404 	 0.0000 	 1.8604 	 745.7563 	 36.0000 	 0.8717 	 5.2442 	 0.8619 	 1.1047 	 2.3160 	 0.0000 	 2.8964 	 0.0017 
38.0000 	 1.5251 	 1.4831 	 6.8094 	 4.2284 	 5.0126 	 0.0000 	 1.8596 	 745.7976 	 38.0000 	 0.1197 	 1.9406 	 7.1380 	 0.9364 	 -1.7349 	 0.0000 	 2.5096 	 0.0016 
39.0000 	 1.5257 	 1.9867 	 1.2253 	 5.6548 	 4.4250 	 0.0000 	 2.1772 	 747.5234 	 39.0000 	 0.8141 	 7.0364 	 5.8428 	 1.5011 	 1.2500 	 0.0000 	 1.7566 	 0.0028 
40.0000 	 1.5462 	 3.8892 	 0.6438 	 9.0719 	 3.5297 	 0.0000 	 2.2367 	 748.4389 	 40.0000 	 1.3713 	 5.4873 	 6.1604 	 0.8072 	 -1.5984 	 0.0000 	 2.6122 	 0.0028 
33.0000 	 1.4021 	 1.5565 	 4.9569 	 4.4062 	 4.9412 	 0.0000 	 1.8561 	 745.7533 	 33.0000 	 0.3417 	 5.6540 	 3.8258 	 0.8541 	 0.9227 	 0.0000 	 2.4688 	 0.0018 
37.0000 	 1.4989 	 1.4998 	 7.0742 	 4.2273 	 5.0223 	 0.0000 	 1.8559 	 745.7749 	 37.0000 	 2.7749 	 3.9198 	 4.1534 	 2.6462 	 -2.5204 	 0.0000 	 1.7132 	 0.0016 
37.0000 	 1.4936 	 1.5297 	 9.8705 	 4.1303 	 5.1185 	 0.0000 	 1.8659 	 745.7813 	 37.0000 	 2.3389 	 0.5359 	 3.1225 	 1.2031 	 1.2638 	 0.0000 	 1.0891 	 0.0014 
31.0000 	 1.3516 	 1.5373 	 4.3033 	 4.4618 	 4.8668 	 0.0000 	 1.8528 	 745.7385 	 31.0000 	 2.4018 	 4.6082 	 8.1110 	 0.7382 	 -0.8521 	 0.0000 	 2.9533 	 0.0014 
37.0000 	 1.4897 	 1.5168 	 7.6430 	 4.2173 	 5.0222 	 0.0000 	 1.8607 	 745.7750 	 37.0000 	 0.0014 	 3.6961 	 4.1301 	 0.5964 	 -2.8139 	 0.0000 	 2.2005 	 0.0018 
35.0000 	 1.4161 	 5.2314 	 0.8005 	 8.5794 	 4.5125 	 0.0000 	 2.2807 	 748.4883 	 35.0000 	 0.5507 	 3.6218 	 1.7426 	 1.6260 	 2.3440 	 0.0000 	 1.1578 	 0.0036 
36.0000 	 1.4663 	 1.5303 	 7.2948 	 4.2202 	 5.0320 	 0.0000 	 1.8545 	 745.7612 	 36.0000 	 1.6631 	 3.3342 	 5.5438 	 2.3089 	 0.0026 	 0.0000 	 2.0653 	 0.0018 
38.0000 	 1.5213 	 1.5197 	 3.2910 	 4.7320 	 4.6480 	 0.0000 	 1.8320 	 745.9453 	 38.0000 	 1.9061 	 1.9546 	 1.3583 	 2.4035 	 0.0644 	 0.0000 	 2.8626 	 0.0024 
37.0000 	 1.4758 	 2.4442 	 0.7417 	 7.2662 	 3.7564 	 0.0000 	 2.2382 	 748.1153 	 37.0000 	 2.3397 	 6.1320 	 6.6338 	 0.4207 	 -1.2499 	 0.0000 	 2.0556 	 0.0026 
35.0000 	 0.0677 	 5.4126 	 3.4399 	 3.1741 	 4.8337 	 0.0000 	 2.7870 	 900.5026 	 35.0000 	 0.0225 	 6.1697 	 5.9481 	 2.4458 	 -0.8044 	 0.0000 	 2.4577 	 0.0006 
32.0000 	 1.3693 	 1.5425 	 4.6869 	 4.4170 	 4.8876 	 0.0000 	 1.8569 	 745.7434 	 32.0000 	 2.1377 	 8.4938 	 1.5877 	 1.6292 	 2.8591 	 0.0000 	 2.0739 	 0.0018 
38.0000 	 1.5163 	 1.5073 	 6.4872 	 4.2588 	 4.9753 	 0.0000 	 1.8620 	 745.7931 	 38.0000 	 2.2423 	 9.1050 	 9.2597 	 0.0276 	 2.4869 	 0.0000 	 2.2338 	 0.0016 
39.0000 	 1.5468 	 1.4992 	 5.7965 	 4.3421 	 4.9339 	 0.0000 	 1.8470 	 745.8185 	 39.0000 	 1.1226 	 4.5247 	 9.8994 	 2.4254 	 2.0964 	 0.0000 	 2.5570 	 0.0017 
34.0000 	 0.0112 	 1.5088 	 2.1534 	 5.7088 	 2.2991 	 0.0000 	 2.7869 	 900.5024 	 34.0000 	 0.8319 	 9.7418 	 8.0664 	 2.9079 	 -2.3837 	 0.0000 	 0.9134 	 0.0000 
31.0000 	 1.2747 	 3.1681 	 1.8994 	 3.0036 	 6.3555 	 0.0000 	 2.5665 	 750.5728 	 31.0000 	 2.2238 	 1.5777 	 9.6957 	 1.3652 	 1.9536 	 0.0000 	 1.5725 	 0.0040 
38.0000 	 1.5206 	 1.5054 	 5.7350 	 4.3117 	 4.9508 	 0.0000 	 1.8641 	 745.7988 	 38.0000 	 2.4471 	 0.7294 	 4.3296 	 2.6540 	 -1.6799 	 0.0000 	 2.5760 	 0.0018 
37.0000 	 1.4922 	 1.5123 	 9.4875 	 4.1215 	 5.0982 	 0.0000 	 1.8701 	 745.7716 	 37.0000 	 0.1439 	 5.2819 	 7.7986 	 0.8533 	 2.9697 	 0.0000 	 2.1659 	 0.0018 
35.0000 	 1.4463 	 1.5255 	 6.5635 	 4.2584 	 5.0034 	 0.0000 	 1.8651 	 745.7506 	 35.0000 	 0.6683 	 6.9085 	 1.3036 	 1.2771 	 -1.8040 	 0.0000 	 0.0794 	 0.0017 
34.0000 	 0.0101 	 5.2670 	 7.2350 	 7.8023 	 0.2057 	 0.0000 	 2.7875 	 900.5026 	 34.0000 	 2.8982 	 3.5476 	 9.5608 	 0.2278 	 -2.8305 	 0.0000 	 0.2489 	 0.0000 
35.0000 	 1.4372 	 1.3489 	 3.9758 	 3.9452 	 4.9431 	 0.0000 	 2.2297 	 747.5158 	 35.0000 	 1.2446 	 0.0897 	 2.2565 	 0.8263 	 -0.9674 	 0.0000 	 1.8216 	 0.1210 
35.0000 	 1.4472 	 1.5117 	 5.8200 	 4.2969 	 4.9609 	 0.0000 	 1.8738 	 745.7600 	 35.0000 	 0.1098 	 7.4405 	 6.4282 	 1.3197 	 -0.1428 	 0.0000 	 2.3167 	 0.0019 
33.0000 	 1.3981 	 1.5437 	 5.3067 	 4.3340 	 4.9668 	 0.0000 	 1.8659 	 745.7380 	 33.0000 	 1.1174 	 7.8478 	 5.3419 	 0.6965 	 2.3116 	 0.0000 	 0.1720 	 0.0017 
34.0000 	 1.4217 	 1.5795 	 4.2247 	 4.4816 	 4.8799 	 0.0000 	 1.8579 	 745.7892 	 34.0000 	 0.9039 	 5.0131 	 2.0781 	 2.3649 	 2.8083 	 0.0000 	 2.4652 	 0.0019 
35.0000 	 1.4462 	 1.5246 	 7.5198 	 4.1806 	 5.0610 	 0.0000 	 1.8655 	 745.7443 	 35.0000 	 2.8221 	 4.0536 	 6.1204 	 0.1839 	 1.7115 	 0.0000 	 1.9963 	 0.0021 
31.0000 	 1.3461 	 1.5560 	 4.6657 	 4.3990 	 4.9212 	 0.0000 	 1.8531 	 745.7264 	 31.0000 	 0.9756 	 8.9490 	 3.8922 	 2.9602 	 -0.4186 	 0.0000 	 0.4168 	 0.0021 
37.0000 	 1.4916 	 1.5193 	 7.2567 	 4.2350 	 5.0055 	 0.0000 	 1.8445 	 745.7748 	 37.0000 	 2.1946 	 2.5021 	 9.1508 	 1.4895 	 -1.8141 	 0.0000 	 1.1782 	 0.0016 
29.0000 	 1.2930 	 1.5550 	 6.3860 	 4.2378 	 5.0495 	 0.0000 	 1.8635 	 745.6854 	 29.0000 	 1.5645 	 0.0353 	 1.7362 	 2.6174 	 2.6155 	 0.0000 	 2.2265 	 0.0014 
32.0000 	 1.3700 	 1.5147 	 9.3080 	 4.1155 	 5.1046 	 0.0000 	 1.8708 	 745.7103 	 32.0000 	 2.7922 	 0.4812 	 4.1165 	 0.7839 	 -2.6684 	 0.0000 	 0.9507 	 0.0014 
31.0000 	 1.3430 	 1.5443 	 6.4946 	 4.2801 	 5.0035 	 0.0000 	 1.8629 	 745.7084 	 31.0000 	 1.4659 	 1.1313 	 3.7906 	 0.5938 	 -0.7358 	 0.0000 	 2.1499 	 0.0069 
28.0000 	 0.0024 	 7.4701 	 9.2513 	 2.6187 	 5.3903 	 0.0000 	 2.7810 	 900.5034 	 28.0000 	 1.7887 	 8.0511 	 4.3483 	 1.7164 	 2.2057 	 0.0000 	 0.3738 	 0.0000 
37.0000 	 1.4918 	 1.5386 	 5.2438 	 4.4373 	 4.8786 	 0.0000 	 1.8322 	 745.8154 	 37.0000 	 2.4420 	 8.0565 	 0.5692 	 1.6671 	 0.0820 	 0.0000 	 1.1399 	 0.0022 
37.0000 	 1.4909 	 1.5250 	 7.2702 	 4.2205 	 5.0318 	 0.0000 	 1.8613 	 745.7705 	 37.0000 	 0.8535 	 8.7218 	 5.6040 	 1.4130 	 -1.3280 	 0.0000 	 2.6635 	 0.0018 
33.0000 	 1.3979 	 1.5014 	 9.3454 	 4.0976 	 5.1123 	 0.0000 	 1.8726 	 745.7252 	 33.0000 	 2.9735 	 8.9256 	 4.8856 	 0.9544 	 -2.8336 	 0.0000 	 2.0223 	 0.0015 
32.0000 	 1.3773 	 1.5217 	 6.3027 	 4.2964 	 4.9967 	 0.0000 	 1.8418 	 745.7189 	 32.0000 	 1.8351 	 6.3377 	 1.7454 	 0.3784 	 -2.8377 	 0.0000 	 2.8012 	 0.0019 
30.0000 	 1.3052 	 3.1395 	 0.7894 	 7.9479 	 3.8505 	 0.0000 	 2.1717 	 747.7507 	 30.0000 	 0.1377 	 1.5160 	 2.1021 	 0.5277 	 -0.4181 	 0.0000 	 2.6837 	 0.0027 
34.0000 	 1.4173 	 1.5222 	 7.6177 	 4.2032 	 5.0363 	 0.0000 	 1.8657 	 745.7366 	 34.0000 	 1.7661 	 0.9204 	 9.7917 	 0.6125 	 2.0317 	 0.0000 	 0.1933 	 0.0014 
27.0000 	 1.2403 	 1.5029 	 6.8814 	 4.2457 	 5.0048 	 0.0000 	 1.8520 	 745.6679 	 27.0000 	 2.1555 	 8.8256 	 4.3898 	 2.0847 	 -0.0158 	 0.0000 	 0.7324 	 0.0012 
34.0000 	 1.3990 	 4.8149 	 0.6847 	 9.1972 	 3.9048 	 0.0000 	 2.2417 	 748.2201 	 34.0000 	 0.7641 	 1.1794 	 2.8961 	 1.0135 	 2.8618 	 0.0000 	 1.4355 	 0.0025 
28.0000 	 0.0010 	 6.9546 	 8.6751 	 1.6231 	 6.3852 	 0.0000 	 2.7877 	 900.5026 	 28.0000 	 0.0035 	 9.7595 	 4.5147 	 0.5738 	 2.8306 	 0.0000 	 2.7826 	 0.0000 
35.0000 	 1.4393 	 0.7975 	 0.4532 	 9.3154 	 0.8129 	 0.0000 	 2.3053 	 749.2322 	 35.0000 	 1.7410 	 4.6559 	 7.1259 	 2.3371 	 1.0850 	 0.0000 	 2.3684 	 0.0021 
30.0000 	 0.0017 	 7.6701 	 4.3782 	 0.9981 	 7.0094 	 0.0000 	 2.7884 	 900.5022 	 30.0000 	 2.4483 	 3.5412 	 3.8703 	 2.2613 	 2.3260 	 0.0000 	 0.1734 	 0.0000 
34.0000 	 1.4251 	 1.5318 	 5.8588 	 4.3040 	 4.9823 	 0.0000 	 1.8582 	 745.7449 	 34.0000 	 2.0112 	 8.0831 	 5.2163 	 2.5232 	 2.0007 	 0.0000 	 0.4545 	 0.0019 
36.0000 	 1.4694 	 1.5720 	 4.8690 	 4.4703 	 4.8990 	 0.0000 	 1.8433 	 745.8213 	 36.0000 	 2.1007 	 6.2916 	 7.7913 	 1.0915 	 -2.3704 	 0.0000 	 0.4707 	 0.0017 
31.0000 	 1.3442 	 1.5151 	 9.9693 	 4.0965 	 5.1127 	 0.0000 	 1.8794 	 745.7084 	 31.0000 	 2.9267 	 1.9159 	 2.3629 	 1.6151 	 -1.5600 	 0.0000 	 2.3732 	 0.0014 
30.0000 	 1.3229 	 1.5369 	 6.0615 	 4.2718 	 5.0073 	 0.0000 	 1.8688 	 745.6945 	 30.0000 	 1.9550 	 5.2559 	 2.3469 	 0.0960 	 2.7101 	 0.0000 	 2.0581 	 0.0016 
29.0000 	 1.2896 	 1.5517 	 6.4352 	 4.2466 	 5.0262 	 0.0000 	 1.8635 	 745.6836 	 29.0000 	 2.3759 	 2.4084 	 1.9809 	 1.5996 	 1.3655 	 0.0000 	 2.4443 	 0.0013 
26.0000 	 1.2156 	 1.4996 	 6.9428 	 4.2302 	 5.0241 	 0.0000 	 1.8505 	 745.6660 	 26.0000 	 0.1818 	 9.5482 	 3.4005 	 0.3045 	 1.1238 	 0.0000 	 0.8587 	 0.0013 
35.0000 	 1.4506 	 1.4965 	 7.6379 	 4.2079 	 5.0231 	 0.0000 	 1.8519 	 745.7465 	 35.0000 	 1.4847 	 9.9362 	 4.7679 	 0.0339 	 -2.4273 	 0.0000 	 0.1251 	 0.0018 
36.0000 	 1.4733 	 1.4866 	 7.8409 	 4.1837 	 5.0454 	 0.0000 	 1.8626 	 745.7620 	 36.0000 	 2.3963 	 4.9084 	 3.7999 	 1.0889 	 -2.5417 	 0.0000 	 1.4522 	 0.0016 
25.0000 	 1.1821 	 1.5782 	 5.4868 	 4.2617 	 5.0660 	 0.0000 	 1.8884 	 745.6814 	 25.0000 	 0.3948 	 3.3339 	 1.5927 	 0.1872 	 -1.1674 	 0.0000 	 0.7592 	 0.0017 
33.0000 	 1.3768 	 6.6024 	 2.6788 	 1.3638 	 7.6139 	 0.0000 	 2.7969 	 756.7734 	 33.0000 	 1.0315 	 9.4881 	 6.2634 	 0.4303 	 2.2957 	 0.0000 	 2.6760 	 0.0018 
33.0000 	 1.3919 	 1.5316 	 10.0000 	 4.1153 	 5.1138 	 0.0000 	 1.8624 	 745.7251 	 33.0000 	 0.4006 	 5.3656 	 6.5912 	 0.5494 	 -2.8267 	 0.0000 	 0.1135 	 0.0019 
34.0000 	 1.4216 	 1.5443 	 6.8152 	 4.2329 	 5.0492 	 0.0000 	 1.8595 	 745.7383 	 34.0000 	 2.9825 	 6.6087 	 4.1088 	 0.6894 	 -1.9995 	 0.0000 	 0.2622 	 0.0020 
27.0000 	 1.2370 	 1.5187 	 8.9949 	 4.1356 	 5.0912 	 0.0000 	 1.8634 	 745.6688 	 27.0000 	 0.8985 	 2.3022 	 1.6528 	 0.6387 	 -2.0479 	 0.0000 	 1.2873 	 0.0014 
32.0000 	 1.3695 	 1.5054 	 9.8787 	 4.0997 	 5.1016 	 0.0000 	 1.8639 	 745.7108 	 32.0000 	 0.1247 	 7.2160 	 3.9088 	 1.1513 	 1.7469 	 0.0000 	 1.1019 	 0.0017 
29.0000 	 1.2943 	 1.5148 	 6.5650 	 4.2671 	 4.9999 	 0.0000 	 1.8546 	 745.6806 	 29.0000 	 0.8667 	 5.1318 	 7.5959 	 0.1560 	 -2.5326 	 0.0000 	 0.3025 	 0.0014 
32.0000 	 1.3747 	 1.4840 	 6.8931 	 4.2531 	 4.9777 	 0.0000 	 1.8481 	 745.7175 	 32.0000 	 0.6810 	 1.6375 	 0.6330 	 1.7232 	 0.6922 	 0.0000 	 1.2625 	 0.0015 
30.0000 	 1.3236 	 1.5224 	 4.9651 	 4.3808 	 4.9188 	 0.0000 	 1.8505 	 745.7043 	 30.0000 	 1.8491 	 1.5265 	 5.9616 	 2.7852 	 0.4178 	 0.0000 	 0.4186 	 0.0016 
30.0000 	 1.3029 	 4.6178 	 0.7039 	 9.1824 	 3.8931 	 0.0000 	 2.2135 	 747.9501 	 30.0000 	 2.2083 	 9.4763 	 4.3791 	 2.1845 	 0.4462 	 0.0000 	 0.2720 	 0.0030 
25.0000 	 0.0010 	 1.4786 	 5.6183 	 9.9419 	 -1.9343 	 0.0000 	 2.7868 	 900.5025 	 25.0000 	 0.1277 	 5.7699 	 5.2924 	 1.0203 	 -1.1264 	 0.0000 	 1.3844 	 0.0000 
24.0000 	 1.1509 	 1.5579 	 3.9712 	 4.5469 	 4.8293 	 0.0000 	 1.8408 	 745.6957 	 24.0000 	 1.6286 	 8.2334 	 7.4401 	 2.3284 	 2.7000 	 0.0000 	 1.1905 	 0.0015 
31.0000 	 0.0010 	 9.3286 	 9.8373 	 1.6490 	 6.3575 	 0.0000 	 2.7872 	 900.5026 	 31.0000 	 0.1866 	 8.6503 	 1.0708 	 2.2203 	 0.1792 	 0.0000 	 1.3490 	 0.0000 
33.0000 	 1.3931 	 1.5390 	 9.8584 	 4.1135 	 5.1308 	 0.0000 	 1.8681 	 745.7296 	 33.0000 	 0.7845 	 7.0310 	 7.0444 	 1.6613 	 0.9277 	 0.0000 	 2.9697 	 0.0016 
27.0000 	 1.2370 	 1.5345 	 5.7404 	 4.2941 	 4.9749 	 0.0000 	 1.8591 	 745.6698 	 27.0000 	 2.0319 	 0.7334 	 1.1881 	 1.2395 	 2.2875 	 0.0000 	 1.8912 	 0.0012 
34.0000 	 1.4184 	 1.5412 	 5.1277 	 4.3702 	 4.9166 	 0.0000 	 1.8523 	 745.7566 	 34.0000 	 2.3663 	 9.5587 	 9.4114 	 2.5569 	 -0.9604 	 0.0000 	 0.3389 	 0.0026 
32.0000 	 1.3674 	 1.5302 	 8.3833 	 4.1724 	 5.0733 	 0.0000 	 1.8554 	 745.7135 	 32.0000 	 0.0206 	 0.6631 	 4.3750 	 0.2049 	 -0.8273 	 0.0000 	 0.5684 	 0.0018 
26.0000 	 1.2174 	 1.5182 	 3.2634 	 4.7144 	 4.6702 	 0.0000 	 1.8219 	 745.7524 	 26.0000 	 0.5702 	 4.6355 	 1.4099 	 0.5825 	 1.6171 	 0.0000 	 2.2876 	 0.0018 
32.0000 	 1.3768 	 1.5692 	 3.8978 	 4.5557 	 4.8433 	 0.0000 	 1.8519 	 745.7820 	 32.0000 	 1.5230 	 8.1822 	 5.3526 	 0.8493 	 0.6590 	 0.0000 	 2.1626 	 0.0018 
22.0000 	 1.0876 	 1.5378 	 7.4772 	 4.1853 	 5.0726 	 0.0000 	 1.8689 	 745.6729 	 22.0000 	 0.3105 	 4.0460 	 5.7806 	 2.0848 	 1.8967 	 0.0000 	 2.3427 	 0.0014 
27.0000 	 1.2374 	 6.7121 	 1.7295 	 5.7478 	 6.6953 	 0.0000 	 2.6390 	 751.5424 	 27.0000 	 2.0552 	 9.6712 	 5.8778 	 0.8740 	 0.7698 	 0.0000 	 0.9244 	 0.0062 
30.0000 	 1.3187 	 1.5240 	 10.0000 	 4.0560 	 5.1652 	 0.0000 	 1.8876 	 745.7020 	 30.0000 	 1.3113 	 1.6900 	 1.0281 	 2.3830 	 2.8117 	 0.0000 	 0.9365 	 0.0015 
30.0000 	 1.3213 	 1.5050 	 7.8804 	 4.1660 	 5.0690 	 0.0000 	 1.8576 	 745.6902 	 30.0000 	 2.5627 	 3.1983 	 9.3612 	 2.5168 	 -1.6593 	 0.0000 	 1.5026 	 0.0015 
23.0000 	 1.1316 	 1.5930 	 2.6005 	 4.9297 	 4.6249 	 0.0000 	 1.8332 	 745.8030 	 23.0000 	 0.8236 	 1.9656 	 1.0763 	 0.3121 	 0.7250 	 0.0000 	 2.8482 	 0.0016 
26.0000 	 1.2106 	 1.5586 	 5.4119 	 4.3122 	 4.9993 	 0.0000 	 1.8665 	 745.6664 	 26.0000 	 2.3883 	 2.8390 	 2.5643 	 2.7131 	 0.2498 	 0.0000 	 0.2283 	 0.0012 
32.0000 	 0.0089 	 7.9089 	 0.0000 	 3.9834 	 5.4862 	 0.0000 	 2.7830 	 901.1244 	 32.0000 	 1.1313 	 8.0418 	 7.6988 	 2.4545 	 0.8479 	 0.0000 	 0.8573 	 0.1523 
28.0000 	 1.2651 	 1.5569 	 5.6974 	 4.3187 	 4.9878 	 0.0000 	 1.8539 	 745.6801 	 28.0000 	 1.1183 	 1.2946 	 2.1506 	 1.0874 	 0.8104 	 0.0000 	 1.8183 	 0.0014 
32.0000 	 1.3728 	 1.5145 	 9.4710 	 4.1175 	 5.1204 	 0.0000 	 1.8691 	 745.7143 	 32.0000 	 2.8119 	 3.3859 	 8.2445 	 1.2796 	 2.5547 	 0.0000 	 2.2981 	 0.0014 
27.0000 	 1.2399 	 1.5656 	 3.4956 	 4.6380 	 4.7698 	 0.0000 	 1.8354 	 745.7343 	 27.0000 	 0.1623 	 7.5178 	 6.5117 	 1.7090 	 -1.7402 	 0.0000 	 2.0586 	 0.0018 
21.0000 	 1.0602 	 1.4920 	 8.5213 	 4.1199 	 5.0976 	 0.0000 	 1.8693 	 745.6892 	 21.0000 	 0.4825 	 0.3401 	 4.5416 	 2.8628 	 -0.4066 	 0.0000 	 1.9711 	 0.0018 
32.0000 	 1.3665 	 1.5644 	 9.3194 	 4.0539 	 5.1908 	 0.0000 	 1.9136 	 745.7446 	 32.0000 	 0.1987 	 9.5372 	 7.9494 	 1.9163 	 -2.2628 	 0.0000 	 0.1796 	 0.0013 
31.0000 	 0.0043 	 0.3436 	 5.6067 	 3.1298 	 4.8777 	 0.0000 	 2.7869 	 900.5026 	 31.0000 	 2.7144 	 5.5169 	 3.6915 	 0.5546 	 -1.1609 	 0.0000 	 0.4926 	 0.0000 
24.0000 	 1.1423 	 2.3923 	 1.1398 	 6.4298 	 4.2625 	 0.0000 	 2.0548 	 747.0199 	 24.0000 	 2.8565 	 5.0282 	 6.8068 	 2.0405 	 0.6482 	 0.0000 	 2.7251 	 0.0018 
25.0000 	 0.0019 	 2.7263 	 3.5203 	 5.1182 	 2.8896 	 0.0000 	 2.7864 	 900.5026 	 25.0000 	 1.1535 	 8.7506 	 3.9599 	 0.9779 	 1.8858 	 0.0000 	 0.4801 	 0.0000 
31.0000 	 1.3441 	 1.5309 	 4.8407 	 4.3806 	 4.9005 	 0.0000 	 1.8556 	 745.7293 	 31.0000 	 2.4583 	 4.1674 	 4.6669 	 0.8667 	 2.4900 	 0.0000 	 0.0363 	 0.0016 
24.0000 	 1.1547 	 1.5407 	 4.5229 	 4.4312 	 4.8974 	 0.0000 	 1.8485 	 745.6720 	 24.0000 	 2.5718 	 9.4745 	 1.5811 	 1.9058 	 0.0678 	 0.0000 	 1.3549 	 0.0012 
21.0000 	 1.0317 	 8.2775 	 0.9957 	 8.4498 	 5.6588 	 0.0000 	 2.4596 	 748.8817 	 21.0000 	 1.2683 	 7.2052 	 8.0310 	 1.1610 	 -0.5780 	 0.0000 	 2.8571 	 0.0025 
25.0000 	 1.1879 	 1.5357 	 3.6281 	 4.6240 	 4.7662 	 0.0000 	 1.8305 	 745.7096 	 25.0000 	 2.6522 	 4.8687 	 3.9206 	 0.5965 	 -2.1392 	 0.0000 	 1.7504 	 0.0015 
29.0000 	 1.2947 	 1.5063 	 7.3284 	 4.2150 	 5.0333 	 0.0000 	 1.8526 	 745.6768 	 29.0000 	 1.4526 	 4.5209 	 2.8986 	 1.6916 	 2.7147 	 0.0000 	 0.9933 	 0.0012 
29.0000 	 1.2976 	 1.5172 	 4.7894 	 4.4126 	 4.8963 	 0.0000 	 1.8462 	 745.6982 	 29.0000 	 2.5773 	 0.1341 	 6.5392 	 0.5322 	 1.8012 	 0.0000 	 1.3243 	 0.0016 
30.0000 	 1.3190 	 1.5193 	 7.6309 	 4.1915 	 5.0591 	 0.0000 	 1.8637 	 745.6902 	 30.0000 	 2.3875 	 0.8821 	 7.1522 	 0.4028 	 1.4777 	 0.0000 	 1.8741 	 0.0016 
28.0000 	 1.2640 	 1.5388 	 5.1467 	 4.3765 	 4.9165 	 0.0000 	 1.8414 	 745.6885 	 28.0000 	 0.7505 	 3.3344 	 3.3528 	 0.2566 	 -2.5823 	 0.0000 	 2.0057 	 0.0017 
19.0000 	 0.9927 	 1.5539 	 4.3116 	 4.4808 	 4.8890 	 0.0000 	 1.8397 	 745.7388 	 19.0000 	 1.3822 	 6.9162 	 4.8170 	 0.1743 	 0.0127 	 0.0000 	 0.8967 	 0.0018 
31.0000 	 1.3482 	 1.4983 	 8.9531 	 4.1147 	 5.1082 	 0.0000 	 1.8709 	 745.7069 	 31.0000 	 0.7352 	 3.6583 	 2.0548 	 2.6691 	 -0.9140 	 0.0000 	 2.0048 	 0.0020 
31.0000 	 0.0011 	 8.7110 	 0.0000 	 4.1867 	 5.3026 	 0.0000 	 2.8056 	 900.6903 	 31.0000 	 1.9964 	 8.7320 	 2.6996 	 1.1054 	 -1.3635 	 0.0000 	 1.3058 	 0.5287 
23.0000 	 1.1212 	 1.5540 	 4.9732 	 4.3465 	 4.9762 	 0.0000 	 1.8689 	 745.6665 	 23.0000 	 2.6311 	 5.4691 	 9.2388 	 1.6371 	 2.8038 	 0.0000 	 2.2795 	 0.0017 
23.0000 	 1.1262 	 1.5557 	 3.9596 	 4.5212 	 4.8591 	 0.0000 	 1.8479 	 745.6874 	 23.0000 	 1.2161 	 5.0817 	 9.3694 	 1.4815 	 0.5176 	 0.0000 	 1.6822 	 0.0024 
19.0000 	 0.9872 	 1.5175 	 10.0000 	 4.0994 	 5.1265 	 0.0000 	 1.8650 	 745.7454 	 19.0000 	 2.4578 	 8.0649 	 8.1234 	 0.2928 	 -2.6967 	 0.0000 	 1.1599 	 0.0019 
28.0000 	 1.2659 	 1.5259 	 7.2847 	 4.2071 	 5.0430 	 0.0000 	 1.8574 	 745.6689 	 28.0000 	 1.4120 	 5.5309 	 1.0444 	 2.3170 	 -0.1675 	 0.0000 	 2.5399 	 0.0013 
29.0000 	 1.2930 	 1.5149 	 7.2331 	 4.1942 	 5.0412 	 0.0000 	 1.8538 	 745.6806 	 29.0000 	 0.1203 	 7.6548 	 7.7020 	 0.9623 	 0.8804 	 0.0000 	 2.4891 	 0.0012 
26.0000 	 1.2097 	 1.5499 	 6.9313 	 4.1830 	 5.0889 	 0.0000 	 1.8826 	 745.6645 	 26.0000 	 1.7577 	 5.1946 	 8.6856 	 2.3169 	 -0.1281 	 0.0000 	 0.9897 	 0.0016 
17.0000 	 0.9243 	 1.5539 	 3.1104 	 4.7551 	 4.6942 	 0.0000 	 1.8180 	 745.8551 	 17.0000 	 1.6421 	 3.8122 	 3.3980 	 1.7750 	 2.4984 	 0.0000 	 0.1015 	 0.0020 
28.0000 	 1.2661 	 1.5102 	 8.4635 	 4.1487 	 5.0774 	 0.0000 	 1.8616 	 745.6701 	 28.0000 	 2.1924 	 6.9198 	 7.2190 	 1.4270 	 1.1783 	 0.0000 	 1.1200 	 0.0014 
27.0000 	 1.2341 	 1.5236 	 8.8023 	 4.1070 	 5.1104 	 0.0000 	 1.8686 	 745.6701 	 27.0000 	 2.0336 	 2.5440 	 1.3830 	 2.1719 	 1.6642 	 0.0000 	 2.8050 	 0.0014 
29.0000 	 1.2692 	 3.3875 	 0.9302 	 7.5923 	 4.2662 	 0.0000 	 2.1660 	 747.7921 	 29.0000 	 1.9602 	 9.1213 	 0.0813 	 2.4541 	 -2.4265 	 0.0000 	 2.9262 	 0.0032 
27.0000 	 1.2419 	 1.5630 	 4.0185 	 4.4888 	 4.8830 	 0.0000 	 1.8601 	 745.7057 	 27.0000 	 0.6484 	 4.4276 	 9.5484 	 1.1683 	 2.3695 	 0.0000 	 1.9619 	 0.0016 
22.0000 	 1.0904 	 1.5559 	 5.8024 	 4.2849 	 5.0152 	 0.0000 	 1.8526 	 745.6719 	 22.0000 	 1.5643 	 3.0096 	 9.1231 	 0.3972 	 -1.7456 	 0.0000 	 2.4466 	 0.0015 
15.0000 	 0.8451 	 1.5651 	 7.0486 	 4.1088 	 5.1798 	 0.0000 	 1.9031 	 746.0217 	 15.0000 	 0.2619 	 4.7303 	 4.4927 	 2.9384 	 -0.2603 	 0.0000 	 1.5597 	 0.0032 
21.0000 	 1.0582 	 1.5111 	 9.4896 	 4.1164 	 5.1214 	 0.0000 	 1.8620 	 745.6948 	 21.0000 	 0.3243 	 0.2027 	 5.9257 	 1.3449 	 1.8684 	 0.0000 	 0.9733 	 0.0015 
28.0000 	 1.2416 	 4.5242 	 0.8531 	 8.1588 	 4.4912 	 0.0000 	 2.2421 	 747.9371 	 28.0000 	 1.1606 	 6.5721 	 1.0882 	 1.8450 	 2.3694 	 0.0000 	 2.3027 	 0.0031 
26.0000 	 1.1956 	 6.2466 	 0.7113 	 9.9996 	 4.1694 	 0.0000 	 2.2398 	 747.8207 	 26.0000 	 0.8874 	 9.9809 	 9.0883 	 2.7866 	 2.4079 	 0.0000 	 2.3625 	 0.0030 
20.0000 	 1.0188 	 4.5397 	 0.7358 	 9.8619 	 3.6925 	 0.0000 	 2.0707 	 747.1562 	 20.0000 	 1.9904 	 1.7405 	 4.2495 	 2.2221 	 -1.9898 	 0.0000 	 2.5808 	 0.0031 
25.0000 	 1.1835 	 1.5471 	 4.3914 	 4.4289 	 4.8991 	 0.0000 	 1.8480 	 745.6784 	 25.0000 	 2.1066 	 0.5511 	 0.9026 	 1.1300 	 1.3906 	 0.0000 	 2.1892 	 0.0022 
28.0000 	 1.2642 	 1.4908 	 9.9884 	 4.0887 	 5.1137 	 0.0000 	 1.8718 	 745.6831 	 28.0000 	 0.0762 	 7.8022 	 0.4532 	 0.2957 	 2.8497 	 0.0000 	 0.7234 	 0.0014 
23.0000 	 1.1250 	 1.5122 	 5.7916 	 4.3164 	 4.9789 	 0.0000 	 1.8517 	 745.6650 	 23.0000 	 1.4382 	 2.0113 	 2.1376 	 0.7066 	 1.2786 	 0.0000 	 2.2912 	 0.0013 
17.0000 	 0.9335 	 1.8059 	 1.0588 	 7.3262 	 3.3596 	 0.0000 	 1.6730 	 746.5757 	 17.0000 	 1.0488 	 4.9647 	 8.4302 	 0.9159 	 -2.6905 	 0.0000 	 1.2543 	 0.0025 
26.0000 	 1.2097 	 1.5339 	 6.1670 	 4.2454 	 5.0218 	 0.0000 	 1.8660 	 745.6612 	 26.0000 	 0.2459 	 6.7347 	 6.3612 	 0.0675 	 -1.3510 	 0.0000 	 2.3212 	 0.0015 
13.0000 	 0.7664 	 1.4916 	 4.7976 	 4.3449 	 4.9658 	 0.0000 	 1.8530 	 746.2570 	 13.0000 	 0.6417 	 2.0342 	 4.1376 	 0.9158 	 -0.0144 	 0.0000 	 1.4168 	 0.0049 
15.0000 	 0.8370 	 1.5557 	 8.1027 	 4.1335 	 5.1237 	 0.0000 	 1.8664 	 746.0009 	 15.0000 	 0.5278 	 1.3434 	 0.5728 	 0.5417 	 -2.8750 	 0.0000 	 0.5680 	 0.0031 
18.0000 	 0.9560 	 1.5276 	 9.0857 	 4.1069 	 5.1473 	 0.0000 	 1.8741 	 745.7824 	 18.0000 	 0.8476 	 8.7890 	 6.1563 	 0.2080 	 2.8925 	 0.0000 	 2.8118 	 0.0021 
26.0000 	 1.2073 	 1.5138 	 9.0526 	 4.1446 	 5.0844 	 0.0000 	 1.8594 	 745.6654 	 26.0000 	 2.2301 	 5.8727 	 7.3028 	 0.9499 	 -2.0905 	 0.0000 	 2.8419 	 0.0013 
27.0000 	 1.2417 	 1.5521 	 4.4816 	 4.4582 	 4.8923 	 0.0000 	 1.8419 	 745.6885 	 27.0000 	 0.6081 	 5.4012 	 2.6597 	 0.4569 	 -2.4917 	 0.0000 	 1.6246 	 0.0012 
21.0000 	 1.0587 	 1.5524 	 7.9607 	 4.1401 	 5.1506 	 0.0000 	 1.8761 	 745.7001 	 21.0000 	 2.2931 	 6.3911 	 0.7718 	 0.7534 	 1.8010 	 0.0000 	 2.8848 	 0.0013 
22.0000 	 1.0954 	 1.5425 	 3.6321 	 4.6086 	 4.7802 	 0.0000 	 1.8317 	 745.7054 	 22.0000 	 0.9317 	 2.4123 	 2.2621 	 1.1507 	 -2.2172 	 0.0000 	 0.0973 	 0.0016 
20.0000 	 1.0220 	 1.5208 	 8.7708 	 4.1148 	 5.1290 	 0.0000 	 1.8815 	 745.7157 	 20.0000 	 2.2908 	 0.4672 	 8.5827 	 2.1963 	 -1.8324 	 0.0000 	 0.0038 	 0.0016 
11.0000 	 0.6739 	 1.4601 	 7.0474 	 4.1499 	 5.1104 	 0.0000 	 1.9014 	 746.7175 	 11.0000 	 2.1689 	 6.9923 	 1.4561 	 1.7123 	 0.3165 	 0.0000 	 1.4771 	 0.0052 
24.0000 	 1.1561 	 1.5533 	 3.9782 	 4.5192 	 4.8521 	 0.0000 	 1.8437 	 745.6868 	 24.0000 	 0.0786 	 9.5476 	 3.4291 	 2.9364 	 1.9082 	 0.0000 	 1.9462 	 0.0014 
25.0000 	 1.1870 	 1.5785 	 1.9050 	 5.4803 	 4.1726 	 0.0000 	 1.7852 	 746.0822 	 25.0000 	 1.2431 	 2.9223 	 4.0942 	 1.9467 	 0.6997 	 0.0000 	 1.7635 	 0.0019 
25.0000 	 1.1809 	 1.5446 	 9.5450 	 4.0942 	 5.1625 	 0.0000 	 1.8739 	 745.6728 	 25.0000 	 2.9818 	 6.3555 	 2.2642 	 2.9020 	 -1.7604 	 0.0000 	 0.5395 	 0.0016 
23.0000 	 1.1205 	 1.5215 	 10.0000 	 4.1138 	 5.1353 	 0.0000 	 1.8614 	 745.6733 	 23.0000 	 2.1857 	 0.4384 	 6.3124 	 0.7573 	 0.8761 	 0.0000 	 2.7912 	 0.0013 
15.0000 	 0.8343 	 4.6053 	 1.3862 	 7.0697 	 5.5600 	 0.0000 	 2.2653 	 748.0220 	 15.0000 	 1.7545 	 3.5160 	 4.3093 	 1.5899 	 2.1326 	 0.0000 	 1.1143 	 0.0024 
16.0000 	 0.8868 	 1.5579 	 4.1324 	 4.4733 	 4.9054 	 0.0000 	 1.8374 	 745.8990 	 16.0000 	 0.7649 	 0.1455 	 9.2889 	 0.3078 	 2.7810 	 0.0000 	 0.3958 	 0.0030 
16.0000 	 0.8838 	 4.9947 	 0.8006 	 9.9965 	 4.0460 	 0.0000 	 2.0487 	 747.0820 	 16.0000 	 1.1244 	 8.9033 	 1.4214 	 1.1961 	 2.0621 	 0.0000 	 2.2945 	 0.0029 
23.0000 	 1.1218 	 1.5479 	 6.0369 	 4.2817 	 5.0115 	 0.0000 	 1.8575 	 745.6627 	 23.0000 	 2.1024 	 5.0210 	 8.8361 	 2.1816 	 1.7491 	 0.0000 	 2.8147 	 0.0013 
10.0000 	 0.6299 	 1.8960 	 1.0139 	 7.4992 	 3.3733 	 0.0000 	 1.6880 	 747.6237 	 10.0000 	 1.8954 	 6.9094 	 7.8636 	 1.8830 	 0.3115 	 0.0000 	 2.6474 	 0.0069 
17.0000 	 0.9208 	 1.5980 	 4.0275 	 4.4986 	 4.9110 	 0.0000 	 1.8710 	 745.8380 	 17.0000 	 0.5741 	 9.8578 	 1.4091 	 1.2938 	 -2.7686 	 0.0000 	 0.9337 	 0.0023 
20.0000 	 1.0055 	 6.4820 	 0.7792 	 10.0000 	 4.3702 	 0.0000 	 2.2104 	 747.4523 	 20.0000 	 1.6678 	 4.1048 	 6.8736 	 2.8936 	 0.3061 	 0.0000 	 2.2510 	 0.0037 
26.0000 	 1.2073 	 1.5314 	 8.5101 	 4.1240 	 5.1135 	 0.0000 	 1.8713 	 745.6643 	 26.0000 	 0.5017 	 9.6911 	 0.8684 	 0.8723 	 -1.2940 	 0.0000 	 1.7848 	 0.0011 
25.0000 	 1.1914 	 1.4887 	 9.7061 	 4.1312 	 5.1263 	 0.0000 	 1.8577 	 745.6886 	 25.0000 	 0.7968 	 2.7572 	 7.9466 	 2.8874 	 -1.6791 	 0.0000 	 2.6216 	 0.0013 
24.0000 	 1.1546 	 1.5412 	 4.6221 	 4.4664 	 4.8793 	 0.0000 	 1.8340 	 745.6760 	 24.0000 	 1.2340 	 9.0278 	 3.1528 	 0.5665 	 2.4826 	 0.0000 	 2.3117 	 0.0012 
15.0000 	 0.8473 	 1.5529 	 3.7179 	 4.5283 	 4.8688 	 0.0000 	 1.8388 	 745.9873 	 15.0000 	 1.1803 	 5.9013 	 8.4993 	 0.3643 	 -1.2047 	 0.0000 	 1.7077 	 0.0039 
13.0000 	 0.7597 	 1.5493 	 8.8074 	 4.1281 	 5.1406 	 0.0000 	 1.8694 	 746.2890 	 13.0000 	 2.9203 	 8.4780 	 2.5039 	 2.5195 	 0.1436 	 0.0000 	 1.2334 	 0.0039 
21.0000 	 1.0620 	 1.5590 	 3.9961 	 4.5030 	 4.8760 	 0.0000 	 1.8465 	 745.6967 	 21.0000 	 1.8166 	 9.4671 	 5.7773 	 1.8892 	 -1.8410 	 0.0000 	 1.6764 	 0.0017 
15.0000 	 0.8465 	 1.6426 	 2.3488 	 5.0327 	 4.5806 	 0.0000 	 1.8139 	 746.0473 	 15.0000 	 0.0259 	 5.6115 	 9.6128 	 1.2632 	 -0.2975 	 0.0000 	 1.7371 	 0.0037 
21.0000 	 1.0622 	 1.5483 	 4.9923 	 4.4069 	 4.9512 	 0.0000 	 1.8384 	 745.6948 	 21.0000 	 1.8850 	 9.2356 	 0.4940 	 0.3926 	 1.8891 	 0.0000 	 1.0419 	 0.0019 
25.0000 	 1.1840 	 1.5580 	 4.5077 	 4.4222 	 4.9290 	 0.0000 	 1.8434 	 745.6781 	 25.0000 	 2.3002 	 6.6669 	 7.7584 	 1.9773 	 1.6260 	 0.0000 	 2.8066 	 0.0013 
8.0000 	 0.5109 	 1.4240 	 5.6269 	 4.2884 	 4.9750 	 0.0000 	 1.8759 	 748.0461 	 8.0000 	 0.1264 	 2.8785 	 7.4434 	 0.5165 	 1.9515 	 0.0000 	 1.3808 	 0.0084 
22.0000 	 0.0042 	 7.9633 	 1.1186 	 9.8472 	 -1.8402 	 0.0000 	 2.7863 	 900.5025 	 22.0000 	 1.4061 	 6.0583 	 1.1901 	 2.3328 	 -0.9640 	 0.0000 	 0.4179 	 0.0000 
23.0000 	 1.1268 	 1.5383 	 4.4229 	 4.4339 	 4.9128 	 0.0000 	 1.8521 	 745.6764 	 23.0000 	 2.8510 	 3.1934 	 5.0942 	 2.7916 	 0.6952 	 0.0000 	 2.4642 	 0.0012 
23.0000 	 1.1286 	 1.6215 	 1.5626 	 5.9802 	 3.9324 	 0.0000 	 1.7360 	 746.2619 	 23.0000 	 1.8998 	 2.8788 	 7.1310 	 0.0618 	 -0.5065 	 0.0000 	 2.0466 	 0.0021 
17.0000 	 0.9167 	 1.5117 	 10.0000 	 4.0915 	 5.1463 	 0.0000 	 1.8643 	 745.8379 	 17.0000 	 0.2621 	 3.4943 	 4.5354 	 1.1416 	 2.6668 	 0.0000 	 2.6769 	 0.0019 
17.0000 	 0.9200 	 1.5904 	 8.5521 	 4.0447 	 5.2753 	 0.0000 	 1.9142 	 745.9104 	 17.0000 	 0.3617 	 6.8043 	 8.3523 	 0.4028 	 0.4071 	 0.0000 	 2.3780 	 0.0028 
13.0000 	 0.7568 	 1.4744 	 8.5917 	 4.1123 	 5.0774 	 0.0000 	 1.8713 	 746.2770 	 13.0000 	 1.1493 	 2.9577 	 4.8434 	 2.4719 	 -2.1697 	 0.0000 	 0.0527 	 0.0042 
12.0000 	 0.7229 	 1.4698 	 8.1980 	 4.1670 	 5.1010 	 0.0000 	 1.8410 	 746.4701 	 12.0000 	 0.5897 	 4.4179 	 8.9400 	 0.6102 	 -1.2384 	 0.0000 	 0.2597 	 0.0085 
21.0000 	 0.0017 	 2.1537 	 3.3761 	 4.6607 	 3.3491 	 0.0000 	 2.7847 	 900.4797 	 21.0000 	 1.7296 	 6.0501 	 8.2199 	 2.4761 	 2.3661 	 0.0000 	 1.4095 	 0.0003 
6.0000 	 0.3830 	 3.9264 	 0.4787 	 9.5952 	 3.0485 	 0.0000 	 2.2984 	 752.9563 	 6.0000 	 1.7738 	 9.5199 	 1.5295 	 0.8466 	 2.6172 	 0.0000 	 1.1295 	 0.0135 
24.0000 	 1.1489 	 1.5292 	 8.5405 	 4.1479 	 5.0964 	 0.0000 	 1.8632 	 745.6621 	 24.0000 	 1.1857 	 9.0523 	 1.4501 	 0.1827 	 0.9427 	 0.0000 	 0.6237 	 0.0016 
11.0000 	 0.6710 	 1.5448 	 3.4789 	 4.6271 	 4.7974 	 0.0000 	 1.8328 	 746.7313 	 11.0000 	 2.7906 	 0.3688 	 8.5472 	 0.0690 	 -2.0516 	 0.0000 	 2.3705 	 0.0058 
20.0000 	 0.9846 	 9.9854 	 1.5869 	 6.9316 	 7.0957 	 0.0000 	 2.7290 	 753.6517 	 20.0000 	 2.5332 	 6.6549 	 5.6444 	 0.9411 	 1.4280 	 0.0000 	 1.3450 	 0.0031 
22.0000 	 1.0856 	 1.5288 	 9.1381 	 4.1034 	 5.1240 	 0.0000 	 1.8660 	 745.6762 	 22.0000 	 1.6489 	 2.7567 	 5.4004 	 1.8728 	 2.0091 	 0.0000 	 1.3248 	 0.0020 
19.0000 	 0.9971 	 1.5801 	 2.9062 	 4.7935 	 4.6931 	 0.0000 	 1.8396 	 745.7881 	 19.0000 	 0.7381 	 4.5519 	 8.9260 	 0.7973 	 1.1869 	 0.0000 	 0.5743 	 0.0018 
19.0000 	 0.9937 	 1.5713 	 3.3525 	 4.6727 	 4.7534 	 0.0000 	 1.8304 	 745.7633 	 19.0000 	 1.5916 	 4.5126 	 2.6586 	 1.4119 	 0.0805 	 0.0000 	 2.3236 	 0.0014 
12.0000 	 0.7111 	 1.5424 	 7.8793 	 4.2073 	 5.0899 	 0.0000 	 1.8474 	 746.4769 	 12.0000 	 0.7313 	 7.5622 	 3.5500 	 1.5238 	 1.3533 	 0.0000 	 2.2043 	 0.0056 
5.0000 	 0.3053 	 1.2429 	 9.9955 	 4.0455 	 4.9930 	 0.0000 	 1.9117 	 751.2841 	 5.0000 	 2.6839 	 8.6695 	 9.7437 	 2.6234 	 -2.9454 	 0.0000 	 2.4447 	 0.0151 
22.0000 	 0.0041 	 3.1078 	 4.8018 	 5.0149 	 2.9878 	 0.0000 	 2.7700 	 900.5082 	 22.0000 	 2.8794 	 6.4869 	 2.1508 	 1.2853 	 -1.4287 	 0.0000 	 1.4461 	 0.0003 
11.0000 	 0.6662 	 1.5256 	 5.9933 	 4.1932 	 5.0744 	 0.0000 	 1.8853 	 746.7130 	 11.0000 	 2.5919 	 9.4557 	 2.5815 	 0.7002 	 -1.0716 	 0.0000 	 2.5108 	 0.0052 
14.0000 	 0.8053 	 1.5455 	 3.9607 	 4.5318 	 4.8617 	 0.0000 	 1.8201 	 746.1007 	 14.0000 	 1.1112 	 3.0805 	 1.2157 	 0.2861 	 -2.9762 	 0.0000 	 1.9238 	 0.0036 
10.0000 	 0.6216 	 1.5206 	 2.7996 	 4.7490 	 4.6906 	 0.0000 	 1.8712 	 747.1037 	 10.0000 	 2.5130 	 6.8886 	 1.6381 	 1.6295 	 0.1638 	 0.0000 	 1.1401 	 0.0082 
17.0000 	 0.9275 	 1.5636 	 2.5889 	 4.9134 	 4.5907 	 0.0000 	 1.8084 	 745.8883 	 17.0000 	 1.7068 	 7.9091 	 8.5163 	 1.5497 	 0.0264 	 0.0000 	 2.2791 	 0.0024 
22.0000 	 1.0857 	 1.5702 	 6.9835 	 4.2067 	 5.0764 	 0.0000 	 1.8635 	 745.6779 	 22.0000 	 1.5541 	 5.7973 	 2.6837 	 0.1562 	 -2.1842 	 0.0000 	 0.4335 	 0.0014 
19.0000 	 0.9894 	 1.5804 	 3.6584 	 4.5827 	 4.8124 	 0.0000 	 1.8325 	 745.7560 	 19.0000 	 0.4004 	 3.1950 	 0.2010 	 2.8967 	 2.0802 	 0.0000 	 2.6826 	 0.0019 
21.0000 	 1.0551 	 1.6303 	 3.2830 	 4.6267 	 4.8160 	 0.0000 	 1.8520 	 745.7458 	 21.0000 	 0.1659 	 8.6449 	 1.5647 	 2.2796 	 1.0111 	 0.0000 	 2.3924 	 0.0016 
10.0000 	 0.6182 	 1.4813 	 7.8573 	 4.1713 	 5.0807 	 0.0000 	 1.8667 	 747.0418 	 10.0000 	 0.0486 	 5.3147 	 3.2833 	 0.9332 	 -2.6557 	 0.0000 	 1.4083 	 0.0071 
4.0000 	 0.2239 	 1.1869 	 8.3989 	 4.0925 	 4.8799 	 0.0000 	 1.9288 	 753.5082 	 4.0000 	 2.8261 	 8.3152 	 7.1023 	 1.7466 	 0.9601 	 0.0000 	 1.9870 	 0.0135 
22.0000 	 1.0909 	 1.5586 	 4.0333 	 4.4880 	 4.8628 	 0.0000 	 1.8489 	 745.6919 	 22.0000 	 2.6471 	 3.3482 	 9.4733 	 1.7340 	 2.3269 	 0.0000 	 1.8167 	 0.0015 
18.0000 	 0.9559 	 1.6192 	 3.6827 	 4.4802 	 4.9565 	 0.0000 	 1.8955 	 745.8290 	 18.0000 	 2.0678 	 9.0210 	 5.0925 	 0.9471 	 -0.8823 	 0.0000 	 1.9126 	 0.0023 
20.0000 	 1.0292 	 1.5559 	 5.9996 	 4.2341 	 5.0822 	 0.0000 	 1.8845 	 745.7165 	 20.0000 	 2.2709 	 4.7719 	 7.4271 	 1.4046 	 2.2827 	 0.0000 	 0.6779 	 0.0021 
17.0000 	 0.9161 	 1.5019 	 9.5721 	 4.1373 	 5.1007 	 0.0000 	 1.8444 	 745.8443 	 17.0000 	 0.8297 	 1.9594 	 8.4625 	 0.9610 	 -0.7494 	 0.0000 	 0.4428 	 0.0017 
1.0000 	 0.0052 	 5.7125 	 0.0000 	 4.3144 	 4.9535 	 0.0000 	 2.8156 	 781.3930 	 1.0000 	 2.5273 	 9.5994 	 5.9140 	 1.1962 	 -0.1754 	 0.0000 	 2.5556 	 0.0665 
10.0000 	 0.6163 	 1.5663 	 3.9942 	 4.4195 	 4.9633 	 0.0000 	 1.8860 	 747.0739 	 10.0000 	 2.7160 	 3.7987 	 4.8926 	 1.6431 	 0.0106 	 0.0000 	 2.9356 	 0.0074 
22.0000 	 1.0942 	 1.5702 	 3.3941 	 4.6548 	 4.7656 	 0.0000 	 1.8506 	 745.7194 	 22.0000 	 1.3032 	 6.8265 	 7.3554 	 0.5522 	 -1.3808 	 0.0000 	 0.6300 	 0.0020 
7.0000 	 0.4477 	 1.3931 	 7.7471 	 4.1445 	 5.0587 	 0.0000 	 1.8814 	 748.7931 	 7.0000 	 1.9804 	 4.0406 	 0.0465 	 1.0034 	 -0.3071 	 0.0000 	 0.7319 	 0.0130 
8.0000 	 0.5146 	 1.6065 	 1.6487 	 5.7015 	 4.1647 	 0.0000 	 1.7975 	 748.5146 	 8.0000 	 2.7759 	 2.8957 	 0.9502 	 1.1227 	 1.2178 	 0.0000 	 2.0565 	 0.0118 
13.0000 	 0.7586 	 1.4862 	 9.3644 	 4.0463 	 5.1620 	 0.0000 	 1.8854 	 746.2704 	 13.0000 	 0.7072 	 1.3316 	 9.9320 	 1.3867 	 -1.5500 	 0.0000 	 0.7717 	 0.0043 
14.0000 	 0.8065 	 1.5339 	 5.9747 	 4.2441 	 5.0793 	 0.0000 	 1.8647 	 746.1100 	 14.0000 	 0.4679 	 4.4539 	 0.2635 	 0.9513 	 -2.1538 	 0.0000 	 2.4770 	 0.0037 
21.0000 	 1.0542 	 1.5126 	 9.9328 	 4.0904 	 5.1311 	 0.0000 	 1.8655 	 745.6963 	 21.0000 	 2.8677 	 6.9877 	 4.6905 	 1.2867 	 2.8457 	 0.0000 	 1.0421 	 0.0016 
19.0000 	 0.9851 	 1.5251 	 9.3638 	 4.1112 	 5.1090 	 0.0000 	 1.8640 	 745.7507 	 19.0000 	 1.0701 	 5.2894 	 7.2675 	 0.4834 	 -2.0649 	 0.0000 	 1.5681 	 0.0022 
7.0000 	 0.0010 	 0.3904 	 5.8015 	 5.2612 	 2.7496 	 0.0000 	 2.7842 	 900.5015 	 7.0000 	 1.1117 	 3.9053 	 7.4104 	 2.3731 	 -1.2804 	 0.0000 	 2.7378 	 0.0018 
8.0000 	 0.5002 	 1.6166 	 8.2178 	 4.0100 	 5.2927 	 0.0000 	 1.9168 	 748.2811 	 8.0000 	 2.0161 	 0.3186 	 6.7662 	 1.5764 	 0.0569 	 0.0000 	 1.8356 	 0.0088 
11.0000 	 0.0025 	 3.0895 	 5.3314 	 3.0633 	 4.9452 	 0.0000 	 2.7874 	 900.5026 	 11.0000 	 0.0152 	 2.4868 	 2.5084 	 0.7078 	 0.1937 	 0.0000 	 2.6791 	 0.0000 
19.0000 	 0.9902 	 1.5447 	 7.6351 	 4.1677 	 5.1071 	 0.0000 	 1.8659 	 745.7384 	 19.0000 	 1.3641 	 6.8833 	 7.7318 	 0.1148 	 2.8355 	 0.0000 	 1.5986 	 0.0018 
16.0000 	 0.8827 	 1.5291 	 5.6453 	 4.3032 	 4.9868 	 0.0000 	 1.8541 	 745.8959 	 16.0000 	 1.4049 	 3.3921 	 2.0060 	 2.1330 	 -1.6188 	 0.0000 	 2.8232 	 0.0033 
13.0000 	 0.7585 	 1.6698 	 1.9840 	 5.3421 	 4.3691 	 0.0000 	 1.7927 	 746.3796 	 13.0000 	 0.4490 	 8.6440 	 1.2780 	 1.0770 	 -1.7669 	 0.0000 	 2.0914 	 0.0032 
14.0000 	 0.8040 	 1.5422 	 4.5128 	 4.4194 	 4.9173 	 0.0000 	 1.8467 	 746.0991 	 14.0000 	 0.1960 	 8.6222 	 9.1166 	 2.0060 	 1.9038 	 0.0000 	 2.8781 	 0.0038 
18.0000 	 0.0011 	 7.0145 	 9.7243 	 2.6601 	 5.3491 	 0.0000 	 2.7877 	 900.5026 	 18.0000 	 2.3036 	 3.8992 	 3.0882 	 1.1900 	 2.4136 	 0.0000 	 0.9344 	 0.0000 
16.0000 	 0.8769 	 0.0544 	 0.4644 	 9.9428 	 -2.0004 	 0.0000 	 2.6333 	 754.6874 	 16.0000 	 2.9563 	 1.8027 	 8.9279 	 1.3946 	 -1.4938 	 0.0000 	 1.0212 	 0.0050 
10.0000 	 0.6162 	 1.4968 	 9.9989 	 4.0765 	 5.1792 	 0.0000 	 1.8777 	 747.0574 	 10.0000 	 1.6437 	 7.8284 	 4.2252 	 2.3108 	 -0.1926 	 0.0000 	 0.2594 	 0.0095 
16.0000 	 0.8849 	 1.5021 	 9.1522 	 4.1361 	 5.1229 	 0.0000 	 1.8604 	 745.9078 	 16.0000 	 2.0986 	 2.8752 	 1.2458 	 2.0725 	 2.7172 	 0.0000 	 2.7344 	 0.0026 
18.0000 	 0.0062 	 2.0927 	 7.5149 	 0.6204 	 7.3884 	 0.0000 	 2.7870 	 900.5026 	 18.0000 	 0.4594 	 1.8171 	 6.3612 	 1.8340 	 -1.9439 	 0.0000 	 1.8183 	 0.0000 
18.0000 	 0.9536 	 1.5324 	 9.1731 	 4.0819 	 5.1607 	 0.0000 	 1.8738 	 745.7838 	 18.0000 	 2.8653 	 9.8547 	 9.2941 	 1.5402 	 -0.4142 	 0.0000 	 0.5164 	 0.0022 
5.0000 	 0.3017 	 1.3166 	 9.2817 	 3.9835 	 5.0615 	 0.0000 	 1.9370 	 751.3723 	 5.0000 	 2.3400 	 0.6398 	 6.8109 	 1.4800 	 1.6302 	 0.0000 	 2.5962 	 0.0128 
3.0000 	 0.1354 	 9.9997 	 8.0003 	 1.2253 	 7.5371 	 0.0000 	 2.8139 	 765.0437 	 3.0000 	 1.2935 	 0.8540 	 7.3358 	 1.9184 	 -2.7538 	 0.0000 	 1.7622 	 0.0157 
17.0000 	 0.9131 	 1.5375 	 8.6262 	 4.1212 	 5.1202 	 0.0000 	 1.8863 	 745.8495 	 17.0000 	 1.3750 	 7.3810 	 2.2331 	 0.6523 	 -0.3098 	 0.0000 	 1.9361 	 0.0028 
4.0000 	 0.2299 	 1.1576 	 3.9727 	 4.2683 	 4.7861 	 0.0000 	 2.0171 	 753.7428 	 4.0000 	 2.9029 	 5.7957 	 4.9884 	 1.9436 	 -2.1173 	 0.0000 	 2.1478 	 0.0149 
11.0000 	 0.6685 	 1.4722 	 7.0045 	 4.2325 	 5.0242 	 0.0000 	 1.8393 	 746.7076 	 11.0000 	 2.0932 	 8.2836 	 9.1094 	 2.6802 	 0.3018 	 0.0000 	 0.3103 	 0.0053 
13.0000 	 0.7666 	 1.5172 	 2.7741 	 4.6254 	 4.7942 	 0.0000 	 1.9401 	 746.4234 	 13.0000 	 1.6038 	 9.0661 	 0.3718 	 1.5119 	 -1.7323 	 0.0000 	 1.8268 	 0.0042 
4.0000 	 0.2201 	 1.1343 	 4.2641 	 3.4114 	 5.3159 	 0.0000 	 2.3570 	 754.4699 	 4.0000 	 0.3495 	 4.7178 	 2.8142 	 1.9431 	 -0.0510 	 0.0000 	 1.3420 	 0.0126 
13.0000 	 0.7481 	 3.3816 	 1.6591 	 5.4845 	 5.5727 	 0.0000 	 2.2296 	 748.0031 	 13.0000 	 0.1141 	 3.3615 	 8.6434 	 0.3001 	 0.6019 	 0.0000 	 0.3945 	 0.0035 
2.0000 	 0.0526 	 0.8415 	 8.3672 	 3.5018 	 4.9920 	 0.0000 	 2.3498 	 762.2699 	 2.0000 	 2.0091 	 6.1655 	 8.2525 	 1.9165 	 -0.2490 	 0.0000 	 1.5154 	 0.0188 
15.0000 	 0.8439 	 1.6458 	 2.0328 	 5.2503 	 4.4317 	 0.0000 	 1.8111 	 746.0969 	 15.0000 	 0.6436 	 3.5588 	 1.8019 	 0.1596 	 1.1986 	 0.0000 	 0.2665 	 0.0029 
16.0000 	 0.8840 	 1.5908 	 4.1883 	 4.4601 	 4.9367 	 0.0000 	 1.8525 	 745.9017 	 16.0000 	 0.8055 	 9.0377 	 9.4646 	 0.5864 	 -0.8836 	 0.0000 	 0.7668 	 0.0028 
16.0000 	 0.8808 	 4.3267 	 0.7690 	 9.9982 	 3.6384 	 0.0000 	 1.9575 	 746.9398 	 16.0000 	 0.0042 	 0.6051 	 1.4546 	 2.1590 	 1.1914 	 0.0000 	 0.2432 	 0.0022 
1.0000 	 0.0076 	 9.7699 	 9.0858 	 0.2950 	 7.5152 	 0.0000 	 2.8343 	 778.8631 	 1.0000 	 1.3011 	 6.6350 	 4.7715 	 2.6782 	 0.7006 	 0.0000 	 0.9206 	 0.0729 
2.0000 	 0.0531 	 0.8122 	 1.4515 	 2.9070 	 5.3875 	 0.0000 	 2.5768 	 764.0422 	 2.0000 	 2.6106 	 9.9774 	 0.3079 	 1.5421 	 1.3428 	 0.0000 	 1.5156 	 0.0178 
8.0000 	 0.4983 	 1.6530 	 5.6078 	 4.1449 	 5.1836 	 0.0000 	 1.9054 	 748.2883 	 8.0000 	 2.5328 	 9.9917 	 4.7938 	 1.5836 	 -1.7832 	 0.0000 	 2.5285 	 0.0105 
13.0000 	 0.0079 	 0.2183 	 4.0063 	 3.3801 	 4.6314 	 0.0000 	 2.8241 	 900.5272 	 13.0000 	 0.2278 	 6.1744 	 2.5644 	 1.8644 	 -1.4567 	 0.0000 	 1.8931 	 0.0000 
11.0000 	 0.6660 	 5.0000 	 7.1191 	 3.2856 	 7.3564 	 0.0000 	 2.5746 	 755.5876 	 11.0000 	 0.5811 	 4.7061 	 4.6542 	 1.3541 	 1.1992 	 0.0000 	 1.4999 	 0.0061 
14.0000 	 0.7819 	 2.7720 	 1.7406 	 5.2590 	 5.2774 	 0.0000 	 2.1874 	 747.3510 	 14.0000 	 0.7576 	 8.3926 	 7.2879 	 1.6683 	 1.3342 	 0.0000 	 1.1851 	 0.0026 
12.0000 	 0.0012 	 7.7816 	 8.6900 	 0.0001 	 8.0077 	 0.0000 	 2.7876 	 900.5026 	 12.0000 	 1.6420 	 9.5631 	 5.0236 	 2.6312 	 -2.2768 	 0.0000 	 1.8052 	 0.0000 
12.0000 	 0.7181 	 1.5170 	 3.9972 	 4.4949 	 4.8513 	 0.0000 	 1.8540 	 746.4555 	 12.0000 	 1.5299 	 5.2934 	 8.6044 	 1.9446 	 -0.5264 	 0.0000 	 1.0800 	 0.0053 
12.0000 	 0.7133 	 1.4858 	 6.1495 	 4.2442 	 5.0036 	 0.0000 	 1.8675 	 746.4521 	 12.0000 	 2.1819 	 8.1930 	 2.8315 	 0.8605 	 -2.8024 	 0.0000 	 2.5955 	 0.0053 
8.0000 	 0.5081 	 4.7268 	 1.4251 	 6.9919 	 5.7448 	 0.0000 	 2.3328 	 751.3570 	 8.0000 	 1.3122 	 8.1778 	 9.3371 	 0.7087 	 -0.2546 	 0.0000 	 2.2030 	 0.0105 
15.0000 	 0.8461 	 1.7296 	 1.6625 	 5.6370 	 4.2694 	 0.0000 	 1.7991 	 746.1821 	 15.0000 	 1.8234 	 0.3445 	 7.8262 	 0.6589 	 -0.1744 	 0.0000 	 2.5586 	 0.0030 
14.0000 	 0.8105 	 1.6030 	 2.1176 	 5.2316 	 4.4300 	 0.0000 	 1.7992 	 746.1845 	 14.0000 	 0.7673 	 5.7095 	 6.1645 	 0.3903 	 0.5728 	 0.0000 	 0.4718 	 0.0042 
7.0000 	 0.4437 	 1.4451 	 5.4361 	 4.2653 	 4.9610 	 0.0000 	 1.8780 	 748.8539 	 7.0000 	 2.8628 	 0.9095 	 1.9200 	 0.5025 	 2.3815 	 0.0000 	 1.6776 	 0.0097 
14.0000 	 0.8002 	 2.5274 	 1.0392 	 7.2876 	 3.9750 	 0.0000 	 1.8998 	 746.7507 	 14.0000 	 2.7422 	 6.2272 	 6.9595 	 1.6985 	 -0.6691 	 0.0000 	 1.0167 	 0.0027 
14.0000 	 0.0011 	 5.5081 	 4.2967 	 1.9327 	 6.0755 	 0.0000 	 2.7877 	 900.5026 	 14.0000 	 0.3842 	 2.5290 	 6.8169 	 1.7161 	 0.0784 	 0.0000 	 2.8994 	 0.0000 
12.0000 	 0.7185 	 1.5536 	 2.7286 	 4.8976 	 4.6028 	 0.0000 	 1.8070 	 746.4910 	 12.0000 	 1.3162 	 4.8738 	 8.1568 	 1.8047 	 -1.8959 	 0.0000 	 1.0822 	 0.0054 
11.0000 	 0.0047 	 4.5029 	 5.9415 	 4.1499 	 3.8494 	 0.0000 	 2.8014 	 900.5079 	 11.0000 	 2.5634 	 2.3671 	 7.9731 	 2.3005 	 1.2592 	 0.0000 	 0.0285 	 0.0008 
14.0000 	 0.8005 	 1.5098 	 5.6505 	 4.2870 	 4.9791 	 0.0000 	 1.8581 	 746.1065 	 14.0000 	 0.9066 	 4.7742 	 8.9237 	 2.0029 	 -0.6875 	 0.0000 	 0.5884 	 0.0036 
9.0000 	 0.5630 	 1.4865 	 4.9758 	 4.3002 	 4.9571 	 0.0000 	 1.8895 	 747.4930 	 9.0000 	 0.0401 	 1.8152 	 4.4526 	 2.3912 	 2.6059 	 0.0000 	 0.9028 	 0.0075 
9.0000 	 0.5669 	 1.5990 	 4.6191 	 4.2177 	 5.1753 	 0.0000 	 1.9273 	 747.6340 	 9.0000 	 2.8510 	 2.4615 	 3.1978 	 2.3650 	 2.1869 	 0.0000 	 1.5325 	 0.0076 
11.0000 	 0.6688 	 1.5013 	 5.6849 	 4.2503 	 5.0229 	 0.0000 	 1.8599 	 746.7110 	 11.0000 	 1.0572 	 6.5796 	 6.6759 	 1.1087 	 -1.3241 	 0.0000 	 1.4965 	 0.0053 
7.0000 	 0.4493 	 1.3345 	 3.7575 	 4.3628 	 4.8004 	 0.0000 	 1.9281 	 748.9867 	 7.0000 	 0.3534 	 9.2091 	 5.2360 	 0.6915 	 -2.4981 	 0.0000 	 1.5046 	 0.0098 
1.0000 	 0.1806 	 4.8736 	 8.1297 	 3.2702 	 7.6595 	 0.0000 	 3.0357 	 789.6850 	 1.0000 	 2.7044 	 3.0804 	 7.9497 	 0.4756 	 -2.2651 	 0.0000 	 0.7604 	 0.3467 
4.0000 	 0.2231 	 1.0303 	 2.3175 	 3.6526 	 5.0301 	 0.0000 	 2.3969 	 754.8242 	 4.0000 	 1.1528 	 4.7832 	 9.6570 	 0.7299 	 -1.8373 	 0.0000 	 0.6617 	 0.0125 
9.0000 	 0.5600 	 4.1159 	 1.8530 	 5.8387 	 6.0097 	 0.0000 	 2.3494 	 750.6562 	 9.0000 	 2.8648 	 4.0309 	 8.0168 	 2.6081 	 -1.7896 	 0.0000 	 2.8134 	 0.0085 
11.0000 	 0.6698 	 1.5592 	 3.6383 	 4.5482 	 4.8546 	 0.0000 	 1.8447 	 746.7242 	 11.0000 	 1.4043 	 3.5208 	 1.4955 	 0.9608 	 0.3789 	 0.0000 	 0.0818 	 0.0052 
10.0000 	 0.6152 	 1.5004 	 9.8064 	 4.0889 	 5.1471 	 0.0000 	 1.8842 	 747.0504 	 10.0000 	 1.4882 	 4.6754 	 0.9539 	 2.9579 	 -2.3073 	 0.0000 	 2.5367 	 0.0080 
7.0000 	 0.4453 	 1.4232 	 5.6355 	 4.2192 	 5.0140 	 0.0000 	 1.8878 	 748.8250 	 7.0000 	 1.8112 	 7.0135 	 2.0907 	 2.8509 	 1.4040 	 0.0000 	 1.5990 	 0.0110 
6.0000 	 0.3792 	 1.3311 	 8.8017 	 4.1030 	 5.0276 	 0.0000 	 1.8731 	 749.8428 	 6.0000 	 1.4748 	 5.7755 	 4.8172 	 1.7393 	 -0.0405 	 0.0000 	 2.4612 	 0.0105 
5.0000 	 0.2990 	 1.6651 	 8.1343 	 2.5089 	 6.3060 	 0.0000 	 2.4575 	 754.2898 	 5.0000 	 2.2731 	 5.7352 	 9.5265 	 1.5798 	 0.8013 	 0.0000 	 0.8702 	 0.0108 
1.0000 	 0.0031 	 9.8419 	 9.9983 	 0.0000 	 7.8195 	 0.0000 	 2.6603 	 781.0053 	 1.0000 	 0.0863 	 4.5546 	 3.2726 	 1.6962 	 -2.9620 	 0.0000 	 0.0405 	 0.0282 
9.0000 	 0.5625 	 1.4817 	 7.2941 	 4.2025 	 5.0793 	 0.0000 	 1.8758 	 747.4723 	 9.0000 	 0.2217 	 0.6818 	 9.7145 	 0.5967 	 1.4558 	 0.0000 	 2.1861 	 0.0065 
9.0000 	 0.5625 	 1.4300 	 9.1852 	 4.0604 	 5.1121 	 0.0000 	 1.8815 	 747.4625 	 9.0000 	 2.8179 	 0.4101 	 4.8174 	 1.1627 	 -1.9591 	 0.0000 	 2.7783 	 0.0063 
3.0000 	 0.1330 	 4.8772 	 0.9078 	 1.5417 	 7.0963 	 0.0000 	 2.7689 	 763.3466 	 3.0000 	 0.6746 	 3.6339 	 4.4144 	 2.8582 	 0.9178 	 0.0000 	 1.0684 	 0.0141 
6.0000 	 0.3803 	 1.3894 	 5.1370 	 4.2027 	 5.0080 	 0.0000 	 1.9132 	 749.9464 	 6.0000 	 1.3830 	 8.1589 	 9.2729 	 0.3870 	 0.7118 	 0.0000 	 2.8985 	 0.0122 
1.0000 	 0.0029 	 0.7890 	 9.7939 	 2.8503 	 5.3640 	 0.0000 	 2.5535 	 774.1091 	 1.0000 	 2.2968 	 3.9458 	 2.3153 	 2.4985 	 -2.5453 	 0.0000 	 0.8163 	 0.0225 
10.0000 	 0.6176 	 1.5435 	 4.6556 	 4.3906 	 4.9695 	 0.0000 	 1.8543 	 747.0440 	 10.0000 	 0.7715 	 0.8271 	 0.0400 	 2.2215 	 -1.4334 	 0.0000 	 2.0159 	 0.0061 
3.0000 	 0.1350 	 1.0808 	 7.3931 	 3.6642 	 5.0504 	 0.0000 	 2.2079 	 756.8886 	 3.0000 	 0.7351 	 3.9925 	 8.1794 	 0.6499 	 1.8584 	 0.0000 	 1.5555 	 0.0151 
8.0000 	 0.5162 	 1.5112 	 2.1806 	 5.2320 	 4.3773 	 0.0000 	 1.7605 	 748.3354 	 8.0000 	 0.3056 	 0.8730 	 8.1346 	 1.1651 	 -1.3510 	 0.0000 	 2.8817 	 0.0082 
5.0000 	 0.3143 	 1.2046 	 4.7732 	 4.3565 	 4.7723 	 0.0000 	 1.9017 	 751.4563 	 5.0000 	 2.0392 	 7.2521 	 9.4233 	 1.4530 	 2.8984 	 0.0000 	 1.9320 	 0.0133 
9.0000 	 0.5631 	 1.4416 	 9.0963 	 4.0874 	 5.1000 	 0.0000 	 1.8785 	 747.4766 	 9.0000 	 1.9968 	 4.3414 	 8.6214 	 1.1277 	 0.6715 	 0.0000 	 1.8697 	 0.0078 
6.0000 	 0.3798 	 1.3324 	 10.0000 	 4.0538 	 5.0692 	 0.0000 	 1.8879 	 749.8206 	 6.0000 	 2.8814 	 5.3770 	 7.9781 	 0.7477 	 1.0209 	 0.0000 	 1.4887 	 0.0120 
2.0000 	 0.0530 	 0.7316 	 1.8580 	 4.2937 	 4.2166 	 0.0000 	 2.4354 	 762.9363 	 2.0000 	 0.1875 	 3.3274 	 8.9742 	 1.0394 	 -1.1792 	 0.0000 	 0.0117 	 0.0312 
1.0000 	 0.0078 	 1.9207 	 0.0036 	 0.0489 	 7.6588 	 0.0000 	 2.8688 	 778.8634 	 1.0000 	 2.5504 	 4.3578 	 5.7858 	 0.3833 	 2.1495 	 0.0000 	 1.3165 	 0.0994 
5.0000 	 0.3124 	 1.2614 	 9.9827 	 3.9986 	 5.1492 	 0.0000 	 1.9160 	 751.3999 	 5.0000 	 0.2914 	 3.1619 	 4.8065 	 1.6837 	 2.9247 	 0.0000 	 0.0576 	 0.0138 
1.0000 	 0.0047 	 6.3712 	 0.0000 	 1.1851 	 6.9950 	 0.0000 	 2.8380 	 781.0633 	 1.0000 	 2.9142 	 8.9408 	 5.4589 	 1.6186 	 0.8370 	 0.0000 	 2.4420 	 0.0486 
8.0000 	 0.5101 	 1.4321 	 6.8625 	 4.1793 	 5.0636 	 0.0000 	 1.8891 	 748.0430 	 8.0000 	 2.2518 	 0.1817 	 1.6977 	 1.3172 	 -1.7237 	 0.0000 	 0.0700 	 0.0081 
3.0000 	 0.1336 	 1.0945 	 10.0000 	 3.6432 	 5.0867 	 0.0000 	 2.1812 	 756.8363 	 3.0000 	 1.4268 	 9.7569 	 2.9614 	 0.6885 	 1.6923 	 0.0000 	 1.8322 	 0.0119 
6.0000 	 0.3828 	 1.4302 	 2.4362 	 4.4672 	 4.8116 	 0.0000 	 2.0465 	 750.4809 	 6.0000 	 1.4648 	 3.3029 	 2.6827 	 1.5724 	 -2.3888 	 0.0000 	 2.5271 	 0.0116 
6.0000 	 0.3753 	 1.3794 	 10.0000 	 4.0116 	 5.1124 	 0.0000 	 1.9047 	 749.8739 	 6.0000 	 0.4044 	 0.1844 	 4.1055 	 0.5786 	 1.9442 	 0.0000 	 2.5478 	 0.0114 
5.0000 	 0.3108 	 1.2602 	 5.5685 	 4.3979 	 4.7978 	 0.0000 	 1.8334 	 751.4573 	 5.0000 	 0.2607 	 3.7084 	 8.9275 	 0.1456 	 -0.6640 	 0.0000 	 2.3386 	 0.0125 
3.0000 	 0.1354 	 1.1249 	 7.3071 	 3.7293 	 5.0285 	 0.0000 	 2.1649 	 756.9058 	 3.0000 	 2.8190 	 2.6991 	 6.4035 	 2.7746 	 1.0708 	 0.0000 	 0.9528 	 0.0201 
5.0000 	 0.3149 	 1.2353 	 3.5146 	 4.4668 	 4.7083 	 0.0000 	 1.8988 	 751.5990 	 5.0000 	 2.6946 	 0.9074 	 9.8997 	 1.3518 	 1.9775 	 0.0000 	 2.5411 	 0.0169 
2.0000 	 0.0526 	 4.6478 	 0.7644 	 0.9534 	 7.2667 	 0.0000 	 2.7674 	 768.3922 	 2.0000 	 2.6995 	 5.5944 	 5.2437 	 2.5374 	 -1.1650 	 0.0000 	 0.3795 	 0.0292 
3.0000 	 0.1382 	 1.0181 	 4.2849 	 4.1401 	 4.6525 	 0.0000 	 2.1036 	 757.0257 	 3.0000 	 2.7757 	 9.7628 	 1.1985 	 0.4759 	 0.4827 	 0.0000 	 0.1456 	 0.0159 
4.0000 	 0.2243 	 7.8014 	 4.7725 	 0.6925 	 7.5938 	 0.0000 	 2.7967 	 762.7438 	 4.0000 	 0.2408 	 9.0554 	 0.1943 	 0.7328 	 -2.5895 	 0.0000 	 2.4057 	 0.0105 
3.0000 	 0.1222 	 1.4023 	 2.7993 	 2.8766 	 5.6003 	 0.0000 	 2.4719 	 759.1118 	 3.0000 	 2.1951 	 4.6647 	 6.6107 	 0.8005 	 0.5725 	 0.0000 	 1.9644 	 0.0160 
3.0000 	 0.1363 	 5.0877 	 8.1888 	 0.8339 	 7.5411 	 0.0000 	 2.8164 	 764.7885 	 3.0000 	 2.3372 	 1.4992 	 8.0235 	 2.1807 	 2.9546 	 0.0000 	 2.1233 	 0.0172 
2.0000 	 0.0535 	 2.9886 	 0.9751 	 1.3297 	 7.0202 	 0.0000 	 2.7643 	 767.7960 	 2.0000 	 2.9592 	 5.0995 	 1.1326 	 2.3737 	 0.0354 	 0.0000 	 1.7443 	 0.0256 
4.0000 	 0.2233 	 1.1669 	 10.0000 	 3.9065 	 5.0133 	 0.0000 	 1.9980 	 753.4848 	 4.0000 	 0.3758 	 4.5851 	 6.8014 	 0.7159 	 0.4961 	 0.0000 	 0.3095 	 0.0133 
1.0000 	 0.0034 	 1.3807 	 8.4208 	 0.4158 	 7.4429 	 0.0000 	 2.8041 	 779.0145 	 1.0000 	 0.3610 	 8.5612 	 5.0378 	 2.2168 	 2.5482 	 0.0000 	 2.2168 	 0.0326 
1.0000 	 0.0090 	 9.9890 	 8.4650 	 2.5560 	 7.5289 	 0.0000 	 2.7700 	 778.8834 	 1.0000 	 0.3175 	 3.7988 	 2.4178 	 1.8786 	 -2.6028 	 0.0000 	 2.5112 	 0.1078 
2.0000 	 0.0564 	 1.6921 	 1.9168 	 0.7828 	 7.3644 	 0.0000 	 2.7995 	 768.2506 	 2.0000 	 2.7378 	 7.2461 	 7.5769 	 2.0278 	 2.6642 	 0.0000 	 2.1927 	 0.0211 
2.0000 	 0.0503 	 0.9778 	 4.5245 	 3.3441 	 5.1821 	 0.0000 	 2.3779 	 762.5687 	 2.0000 	 2.4435 	 6.5456 	 9.6448 	 1.6224 	 2.6781 	 0.0000 	 0.0016 	 0.0158 
