50.0000 	 4.3347 	 0.0000 	 -19.3958 	 -10.4216 	 0.0000 	 0.0015 	 268.6206 	 50.0000 	 0.3896 	 1.2320 	 4.3483 	 4.4394 	 0.0000 	 1.0172 	 0.0012 
49.0000 	 4.3170 	 0.2347 	 -49.5512 	 -21.9803 	 0.0000 	 0.0000 	 268.6148 	 49.0000 	 2.1525 	 3.0871 	 -4.7510 	 2.1919 	 0.0000 	 1.4100 	 0.0015 
49.0000 	 4.2278 	 0.0000 	 -50.5178 	 -18.1826 	 0.0000 	 0.0000 	 268.6198 	 49.0000 	 2.1525 	 3.0871 	 -4.7510 	 2.1919 	 0.0000 	 1.4100 	 0.0007 
50.0000 	 4.3106 	 9.9293 	 -39.2929 	 -7.9783 	 0.0000 	 0.0044 	 268.6177 	 50.0000 	 1.0607 	 5.8646 	 -1.0423 	 3.7273 	 0.0000 	 0.0439 	 0.0012 
49.0000 	 4.1683 	 0.0464 	 -7.3605 	 1.9745 	 0.0000 	 0.0000 	 268.6247 	 49.0000 	 0.8953 	 9.8453 	 0.8113 	 0.5700 	 0.0000 	 0.3962 	 0.0016 
50.0000 	 4.3259 	 2.5281 	 -4.2744 	 -4.9547 	 0.0000 	 0.0000 	 268.6215 	 50.0000 	 0.6635 	 3.0957 	 4.1762 	 0.7570 	 0.0000 	 1.2403 	 0.0005 
50.0000 	 3.3756 	 8.6759 	 -1.6212 	 -2.3412 	 0.0000 	 3.4621 	 257.9476 	 50.0000 	 1.0164 	 7.9371 	 -2.8566 	 -2.3109 	 0.0000 	 2.9278 	 0.0371 
50.0000 	 3.8292 	 5.7980 	 3.2232 	 -3.9381 	 0.0000 	 0.0000 	 254.3314 	 50.0000 	 0.6838 	 7.6049 	 0.3647 	 2.7698 	 0.0000 	 2.9134 	 0.0071 
50.0000 	 3.5780 	 9.2337 	 1.7194 	 -2.6720 	 0.0000 	 0.0000 	 255.1109 	 50.0000 	 2.6216 	 7.3618 	 2.0963 	 -0.2115 	 0.0000 	 2.9325 	 0.0079 
48.0000 	 4.2023 	 6.3315 	 -27.3077 	 -13.0348 	 0.0000 	 0.8906 	 268.6214 	 48.0000 	 2.5913 	 6.8336 	 8.8711 	 -0.7515 	 0.0000 	 0.8160 	 0.0006 
49.0000 	 3.6199 	 16.7579 	 1.7232 	 -6.3392 	 0.0000 	 0.0000 	 256.7071 	 49.0000 	 1.9334 	 6.5898 	 3.8179 	 2.1002 	 0.0000 	 0.5407 	 0.0101 
47.0000 	 4.1662 	 3.7646 	 4.3945 	 -5.6201 	 0.0000 	 0.0010 	 255.8294 	 47.0000 	 2.3441 	 4.9434 	 4.8019 	 -3.1474 	 0.0000 	 0.4635 	 0.2986 
47.0000 	 5.7406 	 2.4255 	 -5.4834 	 -1.6089 	 0.0000 	 8.5458 	 264.8391 	 47.0000 	 1.6296 	 6.6424 	 -4.6758 	 -0.8877 	 0.0000 	 1.3298 	 0.3255 
48.0000 	 4.3172 	 9.0345 	 5.2469 	 0.7609 	 0.0000 	 0.0045 	 257.2441 	 48.0000 	 0.1831 	 7.7884 	 6.1165 	 3.8786 	 0.0000 	 1.3214 	 0.0065 
50.0000 	 3.8550 	 4.7356 	 2.4389 	 -2.2295 	 0.0000 	 1.6812 	 255.9126 	 50.0000 	 2.6216 	 7.3618 	 2.0963 	 -0.2115 	 0.0000 	 2.9325 	 0.0026 
49.0000 	 3.3520 	 5.7823 	 -1.2028 	 1.8172 	 0.0000 	 0.0000 	 261.6672 	 49.0000 	 0.1786 	 0.6780 	 -2.1861 	 -3.7423 	 0.0000 	 2.5833 	 0.0199 
48.0000 	 3.6743 	 7.4307 	 3.0887 	 -5.4072 	 0.0000 	 0.3345 	 254.5045 	 48.0000 	 1.4089 	 8.7938 	 -1.5522 	 1.4098 	 0.0000 	 1.2852 	 0.0056 
46.0000 	 4.1550 	 0.0002 	 -8.1123 	 -6.7049 	 0.0000 	 0.0000 	 268.6247 	 46.0000 	 0.6388 	 0.7435 	 -5.2823 	 0.0020 	 0.0000 	 1.8865 	 0.0008 
46.0000 	 3.1318 	 4.4043 	 -1.7285 	 2.4170 	 0.0000 	 0.0000 	 262.6380 	 46.0000 	 0.8983 	 3.6170 	 -4.4580 	 4.6994 	 0.0000 	 2.1557 	 0.0113 
47.0000 	 3.6402 	 14.3051 	 2.6507 	 5.0290 	 0.0000 	 0.0000 	 259.3509 	 47.0000 	 0.5790 	 5.6576 	 -8.0918 	 0.1304 	 0.0000 	 1.8418 	 0.0220 
46.0000 	 3.5089 	 11.3144 	 2.2466 	 -4.5385 	 0.0000 	 0.1611 	 254.6998 	 46.0000 	 1.7344 	 7.0961 	 1.8686 	 -0.0605 	 0.0000 	 0.9511 	 0.0073 
46.0000 	 4.0536 	 0.4496 	 -12.7208 	 1.1530 	 0.0000 	 0.0003 	 268.6249 	 46.0000 	 0.9855 	 8.8519 	 0.3661 	 -1.0371 	 0.0000 	 2.1843 	 0.0010 
48.0000 	 3.4390 	 16.9839 	 0.4070 	 -3.6720 	 0.0000 	 0.3172 	 255.4801 	 48.0000 	 2.1047 	 1.6515 	 -5.0835 	 4.3541 	 0.0000 	 1.8413 	 0.0101 
45.0000 	 4.0057 	 0.1998 	 -76.8713 	 -30.0000 	 0.0000 	 4.5111 	 268.6241 	 45.0000 	 2.4388 	 2.4732 	 -4.3841 	 -4.4793 	 0.0000 	 2.1340 	 0.0009 
47.0000 	 3.6500 	 6.7465 	 2.9361 	 -3.4899 	 0.0000 	 0.0001 	 254.4466 	 47.0000 	 2.9321 	 1.1612 	 -5.0175 	 4.3885 	 0.0000 	 0.8248 	 0.0076 
45.0000 	 3.6267 	 5.7567 	 3.2765 	 -4.0706 	 0.0000 	 0.0520 	 254.2611 	 45.0000 	 0.5109 	 4.7692 	 -9.2714 	 2.8031 	 0.0000 	 1.1963 	 0.0060 
46.0000 	 3.0227 	 17.9888 	 -5.0568 	 -0.7671 	 0.0000 	 0.0000 	 261.0638 	 46.0000 	 0.3384 	 0.6084 	 2.4368 	 -3.7073 	 0.0000 	 0.9394 	 0.0131 
48.0000 	 3.6964 	 7.7004 	 3.1966 	 -5.1235 	 0.0000 	 0.0013 	 254.5633 	 48.0000 	 0.6839 	 8.3658 	 7.7566 	 -0.3220 	 0.0000 	 1.1622 	 0.0074 
46.0000 	 3.4742 	 7.9420 	 1.6502 	 -1.9719 	 0.0000 	 0.0002 	 255.4167 	 46.0000 	 1.4049 	 7.4995 	 -0.3119 	 -2.0786 	 0.0000 	 0.9808 	 0.0269 
44.0000 	 3.1659 	 10.2066 	 0.1493 	 -1.8616 	 0.0000 	 0.1919 	 256.1440 	 44.0000 	 0.8326 	 8.3024 	 -9.5139 	 2.9182 	 0.0000 	 2.9348 	 0.0093 
45.0000 	 3.7639 	 4.0881 	 3.6483 	 -3.6323 	 0.0000 	 0.0492 	 254.1874 	 45.0000 	 2.5933 	 4.2622 	 -7.9980 	 -0.0419 	 0.0000 	 2.6340 	 0.0053 
45.0000 	 3.9859 	 6.1978 	 -4.9233 	 3.1467 	 0.0000 	 4.2316 	 258.9532 	 45.0000 	 0.0108 	 1.7326 	 -8.5845 	 -3.6191 	 0.0000 	 2.9959 	 0.0027 
46.0000 	 4.6461 	 93.1886 	 -6.3223 	 24.1659 	 0.0000 	 0.0009 	 268.8094 	 46.0000 	 0.0560 	 3.9887 	 -8.1757 	 3.1690 	 0.0000 	 0.4074 	 0.0045 
43.0000 	 3.3037 	 15.5621 	 1.3397 	 -4.6708 	 0.0000 	 0.0075 	 254.8067 	 43.0000 	 2.6265 	 2.2657 	 -1.2733 	 1.3613 	 0.0000 	 2.0591 	 0.0093 
43.0000 	 3.9463 	 18.3340 	 -47.6511 	 -10.6454 	 0.0000 	 0.0000 	 268.6247 	 43.0000 	 2.5406 	 0.3383 	 5.9040 	 3.7108 	 0.0000 	 0.7812 	 0.0007 
43.0000 	 3.0834 	 37.3698 	 -4.4781 	 -3.9465 	 0.0000 	 0.0006 	 256.2821 	 43.0000 	 2.0961 	 9.3490 	 5.5444 	 4.4699 	 0.0000 	 2.4326 	 0.0175 
46.0000 	 3.5272 	 8.6145 	 2.2787 	 -3.3591 	 0.0000 	 0.0066 	 254.6545 	 46.0000 	 0.9366 	 4.4315 	 5.8081 	 4.8756 	 0.0000 	 0.2572 	 0.0073 
41.0000 	 3.5894 	 4.1909 	 3.8739 	 -6.1277 	 0.0000 	 0.0000 	 254.3603 	 41.0000 	 1.8807 	 2.6257 	 5.2336 	 1.0401 	 0.0000 	 0.1669 	 0.0048 
43.0000 	 3.3495 	 10.0147 	 2.0841 	 -3.8362 	 0.0000 	 0.0030 	 254.5881 	 43.0000 	 0.9323 	 3.2841 	 0.4434 	 -4.0282 	 0.0000 	 1.5349 	 0.0103 
43.0000 	 3.9024 	 12.2622 	 -20.4121 	 -10.6024 	 0.0000 	 2.1168 	 268.6276 	 43.0000 	 2.8154 	 6.1043 	 -8.3262 	 -4.2685 	 0.0000 	 2.0083 	 0.0008 
43.0000 	 4.1493 	 14.2269 	 -3.5268 	 3.9717 	 0.0000 	 4.3184 	 259.1075 	 43.0000 	 1.8002 	 7.2040 	 -5.5461 	 -3.5403 	 0.0000 	 0.9081 	 0.0015 
42.0000 	 3.7820 	 0.0000 	 -13.3350 	 1.1133 	 0.0000 	 0.0166 	 268.6354 	 42.0000 	 0.6799 	 7.5975 	 9.0268 	 -3.7314 	 0.0000 	 0.6410 	 0.0005 
41.0000 	 3.1759 	 29.0908 	 0.2427 	 -6.5486 	 0.0000 	 0.0001 	 255.5147 	 41.0000 	 1.6638 	 9.1696 	 -6.8707 	 4.0108 	 0.0000 	 1.6903 	 0.0100 
42.0000 	 3.8989 	 4.0027 	 -16.3512 	 -2.8957 	 0.0000 	 0.0206 	 268.6235 	 42.0000 	 1.2929 	 2.1201 	 9.2696 	 -3.5496 	 0.0000 	 0.6243 	 0.0026 
44.0000 	 3.6900 	 4.0566 	 3.8499 	 -5.3691 	 0.0000 	 0.0474 	 254.2409 	 44.0000 	 1.0609 	 4.3215 	 4.2043 	 0.8124 	 0.0000 	 2.2721 	 0.0083 
43.0000 	 3.5087 	 6.6746 	 2.9109 	 -3.1023 	 0.0000 	 0.2057 	 254.4962 	 43.0000 	 2.6933 	 5.4584 	 4.3187 	 -0.7690 	 0.0000 	 2.1845 	 0.0052 
42.0000 	 3.5874 	 5.0455 	 3.2630 	 -2.3327 	 0.0000 	 0.0099 	 254.5043 	 42.0000 	 0.7067 	 2.1465 	 5.1869 	 0.7992 	 0.0000 	 0.4474 	 0.0172 
41.0000 	 2.9592 	 14.5410 	 -3.5605 	 -0.9337 	 0.0000 	 0.2519 	 259.4283 	 41.0000 	 0.8333 	 1.6132 	 -9.1313 	 -2.0545 	 0.0000 	 0.1684 	 0.0095 
42.0000 	 4.0379 	 8.6755 	 7.9077 	 -1.1841 	 0.0000 	 0.0130 	 258.6832 	 42.0000 	 2.6713 	 9.1562 	 2.9079 	 -1.0504 	 0.0000 	 2.0818 	 0.0070 
41.0000 	 3.4760 	 5.8275 	 3.3105 	 -4.0163 	 0.0000 	 0.1193 	 254.2399 	 41.0000 	 2.2155 	 5.7256 	 0.8014 	 -2.4099 	 0.0000 	 2.2972 	 0.0081 
40.0000 	 3.2861 	 10.3791 	 2.6118 	 -5.3057 	 0.0000 	 0.0036 	 254.4746 	 40.0000 	 0.8072 	 4.4814 	 6.9827 	 2.8340 	 0.0000 	 1.6335 	 0.0054 
41.0000 	 3.8248 	 0.3263 	 -11.2501 	 -8.3154 	 0.0000 	 0.0020 	 268.6277 	 41.0000 	 0.0967 	 2.4547 	 -9.4949 	 -2.9037 	 0.0000 	 1.2639 	 0.0007 
40.0000 	 3.3631 	 7.5455 	 3.0006 	 -4.4789 	 0.0000 	 0.0028 	 254.2985 	 40.0000 	 0.6928 	 4.6764 	 7.9126 	 -1.1824 	 0.0000 	 2.3744 	 0.0061 
45.0000 	 4.0635 	 0.0000 	 -6.8332 	 8.6475 	 0.0000 	 4.2819 	 259.0964 	 45.0000 	 2.3222 	 0.7184 	 -2.3060 	 3.7317 	 0.0000 	 1.8671 	 0.0011 
40.0000 	 3.2204 	 19.0862 	 1.8406 	 -6.9695 	 0.0000 	 0.1737 	 254.9975 	 40.0000 	 2.6077 	 6.9484 	 -0.2043 	 -2.1058 	 0.0000 	 2.8831 	 0.0123 
41.0000 	 4.3402 	 6.9523 	 -22.5650 	 -6.8146 	 0.0000 	 0.0542 	 268.7341 	 41.0000 	 1.3402 	 4.1944 	 8.0343 	 -4.1808 	 0.0000 	 0.8465 	 0.0015 
40.0000 	 2.9124 	 38.0700 	 -4.8623 	 -3.9533 	 0.0000 	 0.0000 	 256.0385 	 40.0000 	 0.5784 	 5.8994 	 7.6544 	 3.4574 	 0.0000 	 0.0045 	 0.0077 
39.0000 	 2.9572 	 16.7048 	 -0.9100 	 -2.7410 	 0.0000 	 0.0142 	 255.6963 	 39.0000 	 2.7377 	 8.5176 	 -1.5740 	 -2.0055 	 0.0000 	 1.6212 	 0.0217 
38.0000 	 3.1961 	 10.1891 	 2.6953 	 -5.5229 	 0.0000 	 0.0000 	 254.5303 	 38.0000 	 2.0677 	 3.0735 	 5.5008 	 4.2852 	 0.0000 	 1.5914 	 0.0166 
38.0000 	 2.9305 	 12.5684 	 -1.1523 	 -0.9277 	 0.0000 	 0.0000 	 257.5765 	 38.0000 	 0.3334 	 0.5477 	 -0.6377 	 -0.9494 	 0.0000 	 1.1183 	 0.0822 
44.0000 	 3.7160 	 18.5327 	 2.7368 	 -23.0090 	 0.0000 	 0.0004 	 258.9632 	 44.0000 	 0.1358 	 3.7909 	 1.5871 	 0.2993 	 0.0000 	 0.2029 	 0.4584 
39.0000 	 3.6010 	 1.6443 	 3.8103 	 -7.6656 	 0.0000 	 0.7488 	 254.4530 	 39.0000 	 0.3936 	 1.2173 	 3.9692 	 -2.1125 	 0.0000 	 1.9057 	 0.0031 
39.0000 	 4.7455 	 16.8379 	 73.1245 	 -23.0258 	 0.0000 	 1.5112 	 269.1252 	 39.0000 	 1.3237 	 4.4423 	 0.7897 	 2.8829 	 0.0000 	 0.4378 	 0.0025 
37.0000 	 2.5915 	 7.6775 	 -8.1514 	 0.7686 	 0.0000 	 0.0000 	 264.1828 	 37.0000 	 1.9770 	 1.5610 	 8.6914 	 2.8228 	 0.0000 	 1.8849 	 0.0142 
37.0000 	 2.8402 	 11.4600 	 0.5566 	 -4.9414 	 0.0000 	 2.0543 	 256.9254 	 37.0000 	 2.1481 	 1.9613 	 -6.3821 	 -2.3278 	 0.0000 	 0.2807 	 0.0063 
37.0000 	 2.9204 	 12.2621 	 0.5508 	 -1.2790 	 0.0000 	 0.0891 	 257.8024 	 37.0000 	 2.4435 	 7.7306 	 -7.8611 	 2.1994 	 0.0000 	 1.4267 	 0.0079 
39.0000 	 3.1139 	 23.2387 	 0.7301 	 -6.5394 	 0.0000 	 0.4764 	 254.9644 	 39.0000 	 0.6858 	 2.7518 	 -5.6443 	 -4.2928 	 0.0000 	 2.9674 	 0.0056 
36.0000 	 3.2340 	 5.1036 	 3.7090 	 -5.7608 	 0.0000 	 0.0277 	 254.3433 	 36.0000 	 1.6496 	 1.5458 	 9.0258 	 2.5384 	 0.0000 	 1.4387 	 0.0064 
41.0000 	 3.6987 	 6.9682 	 3.1013 	 -5.7054 	 0.0000 	 0.0344 	 232.5037 	 41.0000 	 1.6443 	 4.3653 	 -9.3408 	 -3.2648 	 0.0000 	 1.6068 	 0.0465 
36.0000 	 3.5571 	 0.0000 	 -7.2027 	 24.2881 	 0.0000 	 4.4387 	 259.1036 	 36.0000 	 2.9732 	 8.6347 	 -9.2402 	 -3.6052 	 0.0000 	 2.2987 	 0.0021 
36.0000 	 3.2367 	 5.3399 	 1.6976 	 9.0678 	 0.0000 	 0.0001 	 250.6536 	 36.0000 	 1.0837 	 9.5565 	 -2.1889 	 -3.5121 	 0.0000 	 1.8510 	 0.0159 
35.0000 	 3.1367 	 7.5165 	 2.8545 	 -3.8767 	 0.0000 	 0.0006 	 254.2881 	 35.0000 	 1.8150 	 8.4336 	 -1.8863 	 -3.0591 	 0.0000 	 2.7600 	 0.0052 
35.0000 	 3.0762 	 8.1320 	 3.2779 	 -15.4887 	 0.0000 	 0.7512 	 254.9164 	 35.0000 	 2.2418 	 7.8479 	 5.4055 	 -2.7107 	 0.0000 	 0.9728 	 0.0047 
38.0000 	 3.3283 	 5.5072 	 3.4026 	 -4.6514 	 0.0000 	 0.2690 	 254.2284 	 38.0000 	 2.2257 	 2.5939 	 -1.5057 	 0.7062 	 0.0000 	 2.6874 	 0.0051 
37.0000 	 2.9980 	 19.4810 	 0.3561 	 -4.3315 	 0.0000 	 0.0177 	 255.0341 	 37.0000 	 2.3115 	 4.4765 	 8.9424 	 2.1886 	 0.0000 	 0.9308 	 0.0065 
40.0000 	 3.4399 	 5.2148 	 2.7441 	 -0.7568 	 0.0000 	 0.0002 	 252.1522 	 40.0000 	 2.4510 	 3.0560 	 2.5315 	 1.4946 	 0.0000 	 0.0359 	 0.1339 
36.0000 	 3.2978 	 4.5939 	 3.6459 	 -4.5712 	 0.0000 	 0.0039 	 254.1305 	 36.0000 	 2.1972 	 1.3489 	 -4.9792 	 3.5040 	 0.0000 	 1.2908 	 0.0048 
34.0000 	 3.4602 	 22.6543 	 -21.7908 	 -17.0924 	 0.0000 	 1.6222 	 268.6367 	 34.0000 	 0.9175 	 5.4925 	 8.9414 	 4.2298 	 0.0000 	 0.4448 	 0.0010 
36.0000 	 3.2419 	 5.9658 	 2.4050 	 -0.4919 	 0.0000 	 1.3768 	 256.2538 	 36.0000 	 2.3766 	 4.5329 	 -8.1500 	 -2.2072 	 0.0000 	 2.8454 	 0.0242 
35.0000 	 3.4188 	 2.8244 	 4.0480 	 -4.4252 	 0.0000 	 0.2040 	 254.1282 	 35.0000 	 0.8613 	 7.2178 	 -2.2987 	 -4.7733 	 0.0000 	 2.5987 	 0.0046 
36.0000 	 3.4200 	 3.7706 	 3.7323 	 -3.1289 	 0.0000 	 0.1157 	 254.2372 	 36.0000 	 2.7772 	 7.7311 	 9.4427 	 -0.4168 	 0.0000 	 1.3216 	 0.0050 
39.0000 	 2.9443 	 4.4764 	 -3.5683 	 -1.9607 	 0.0000 	 4.8046 	 258.6506 	 39.0000 	 0.2282 	 1.9718 	 6.1144 	 3.6170 	 0.0000 	 0.5360 	 0.0034 
34.0000 	 2.9797 	 9.5358 	 2.2207 	 -3.7117 	 0.0000 	 0.0775 	 254.3764 	 34.0000 	 2.6463 	 8.9840 	 7.5469 	 -0.5967 	 0.0000 	 0.7698 	 0.0050 
33.0000 	 3.1488 	 5.1778 	 3.5723 	 -4.3964 	 0.0000 	 0.0005 	 254.1833 	 33.0000 	 0.6818 	 6.4328 	 -3.8627 	 -3.4940 	 0.0000 	 2.0553 	 0.0059 
34.0000 	 2.9535 	 5.0586 	 3.5547 	 -6.9336 	 0.0000 	 0.1409 	 254.2959 	 34.0000 	 1.1492 	 7.3163 	 0.4374 	 2.7158 	 0.0000 	 0.1959 	 0.0892 
34.0000 	 3.2354 	 5.3077 	 3.3885 	 -3.5836 	 0.0000 	 0.0668 	 254.2579 	 34.0000 	 2.2544 	 4.7797 	 -8.6078 	 0.7507 	 0.0000 	 1.0705 	 0.0047 
39.0000 	 2.5408 	 3.7390 	 -1.9824 	 1.2256 	 0.0000 	 0.5786 	 262.4806 	 39.0000 	 0.2320 	 9.8899 	 -8.5162 	 -3.1089 	 0.0000 	 1.7250 	 0.0132 
35.0000 	 2.9067 	 5.4281 	 0.9365 	 0.5851 	 0.0000 	 1.3539 	 257.4540 	 35.0000 	 0.5836 	 6.0649 	 2.3715 	 0.6509 	 0.0000 	 0.3273 	 0.0116 
36.0000 	 3.0897 	 12.4937 	 2.2163 	 -5.2050 	 0.0000 	 0.0001 	 254.4861 	 36.0000 	 1.1574 	 0.5794 	 1.3235 	 -1.7036 	 0.0000 	 1.3967 	 0.0068 
32.0000 	 3.1777 	 4.1624 	 -5.9261 	 2.2950 	 0.0000 	 4.5200 	 258.8825 	 32.0000 	 1.9066 	 6.0536 	 -5.2031 	 1.1844 	 0.0000 	 1.8534 	 0.0018 
33.0000 	 3.3776 	 2.7302 	 4.1057 	 -3.6414 	 0.0000 	 0.0413 	 254.2067 	 33.0000 	 0.8155 	 7.6086 	 -1.3908 	 -0.4988 	 0.0000 	 2.1931 	 0.0047 
34.0000 	 3.2098 	 3.6489 	 4.1126 	 -7.7430 	 0.0000 	 0.0065 	 254.8079 	 34.0000 	 2.8707 	 5.0149 	 3.9984 	 -4.8683 	 0.0000 	 2.9041 	 0.0072 
34.0000 	 3.3298 	 0.1587 	 -5.9980 	 -1.0021 	 0.0000 	 4.3469 	 258.9589 	 34.0000 	 2.0045 	 4.0004 	 -9.2340 	 -3.5749 	 0.0000 	 2.8592 	 0.0011 
33.0000 	 2.9650 	 8.0176 	 3.9551 	 -9.6436 	 0.0000 	 1.6273 	 245.1712 	 33.0000 	 2.9637 	 8.0193 	 -6.0406 	 -4.6435 	 0.0000 	 1.6218 	 0.2997 
31.0000 	 2.6087 	 7.0557 	 0.0244 	 -0.9448 	 0.0000 	 0.0525 	 250.7328 	 31.0000 	 2.1599 	 4.0717 	 5.4561 	 4.6305 	 0.0000 	 2.7191 	 0.3335 
32.0000 	 2.9285 	 8.6544 	 2.4885 	 -3.8037 	 0.0000 	 0.0018 	 254.2654 	 32.0000 	 1.8678 	 3.2936 	 8.0000 	 -1.2804 	 0.0000 	 0.8326 	 0.0061 
32.0000 	 3.2162 	 4.3874 	 3.8125 	 -3.1759 	 0.0000 	 0.0000 	 254.3913 	 32.0000 	 1.0278 	 9.5213 	 -8.7218 	 3.7494 	 0.0000 	 0.7414 	 0.0098 
31.0000 	 2.9535 	 10.0586 	 3.5547 	 -1.9336 	 0.0000 	 0.1409 	 252.7218 	 31.0000 	 2.0273 	 3.4550 	 -3.7040 	 3.7269 	 0.0000 	 2.5142 	 0.1033 
37.0000 	 2.9647 	 15.1613 	 0.3774 	 -3.4785 	 0.0000 	 0.4167 	 255.0730 	 37.0000 	 2.8403 	 9.5318 	 2.6794 	 2.3681 	 0.0000 	 2.8069 	 0.0047 
30.0000 	 2.7803 	 9.7899 	 1.9993 	 -3.3836 	 0.0000 	 0.0000 	 254.3863 	 30.0000 	 0.5526 	 9.4898 	 0.5424 	 4.8208 	 0.0000 	 0.8013 	 0.0055 
31.0000 	 2.9405 	 14.5987 	 2.3920 	 -1.7752 	 0.0000 	 0.0000 	 258.6773 	 31.0000 	 0.1122 	 0.0634 	 -8.1063 	 -2.8875 	 0.0000 	 1.6706 	 0.0102 
30.0000 	 2.9527 	 5.4849 	 3.2160 	 -3.3757 	 0.0000 	 0.0417 	 254.1675 	 30.0000 	 1.9339 	 6.1254 	 2.3980 	 -2.3316 	 0.0000 	 2.1175 	 0.0040 
30.0000 	 3.2266 	 0.8245 	 -1.8484 	 -0.8289 	 0.0000 	 0.0208 	 268.6475 	 30.0000 	 0.0697 	 9.8967 	 6.7568 	 0.0751 	 0.0000 	 0.1839 	 0.0016 
31.0000 	 2.8906 	 7.1240 	 3.5181 	 -5.4297 	 0.0000 	 0.2126 	 255.0657 	 31.0000 	 1.0954 	 2.8390 	 -6.3342 	 3.9950 	 0.0000 	 1.6983 	 0.0067 
30.0000 	 2.6604 	 22.0502 	 -0.2021 	 -4.4940 	 0.0000 	 0.0221 	 254.7261 	 30.0000 	 2.6353 	 0.6287 	 5.4724 	 -4.7784 	 0.0000 	 0.6071 	 0.0067 
30.0000 	 2.8538 	 10.2332 	 2.8915 	 -5.1352 	 0.0000 	 0.0001 	 254.5842 	 30.0000 	 1.2874 	 8.1766 	 -7.7456 	 3.5616 	 0.0000 	 1.5556 	 0.3329 
35.0000 	 2.6266 	 5.5176 	 -1.4258 	 -3.7598 	 0.0000 	 0.0516 	 249.0339 	 35.0000 	 1.3462 	 7.5040 	 -0.8649 	 -1.2592 	 0.0000 	 1.7906 	 0.4171 
32.0000 	 2.9128 	 6.9580 	 1.9693 	 0.5845 	 0.0000 	 0.0000 	 257.4358 	 32.0000 	 0.9920 	 1.3817 	 -5.3360 	 2.6906 	 0.0000 	 1.4412 	 0.0070 
36.0000 	 3.0969 	 15.4805 	 2.2962 	 -6.8125 	 0.0000 	 0.0000 	 254.7885 	 36.0000 	 2.5959 	 8.9392 	 6.3022 	 4.6648 	 0.0000 	 0.5430 	 0.0211 
29.0000 	 2.7325 	 11.0471 	 2.2652 	 -4.6975 	 0.0000 	 0.0000 	 254.2923 	 29.0000 	 1.3472 	 3.7383 	 9.5928 	 2.8854 	 0.0000 	 1.5870 	 0.0063 
29.0000 	 2.8559 	 6.7118 	 2.5879 	 -2.5207 	 0.0000 	 0.0000 	 254.4664 	 29.0000 	 0.4392 	 4.0060 	 0.5764 	 -0.2579 	 0.0000 	 0.0242 	 0.0078 
29.0000 	 3.7931 	 1.5430 	 5.1855 	 -3.6328 	 0.0000 	 0.0020 	 254.7905 	 29.0000 	 0.9314 	 2.8718 	 -3.3402 	 1.3211 	 0.0000 	 2.1321 	 0.0638 
29.0000 	 2.6192 	 18.6845 	 0.1716 	 -4.2450 	 0.0000 	 0.3222 	 254.7000 	 29.0000 	 2.3052 	 2.7934 	 -5.0712 	 -0.2277 	 0.0000 	 1.7295 	 0.0087 
30.0000 	 3.0288 	 4.5876 	 3.5960 	 -4.0847 	 0.0000 	 0.0008 	 254.0892 	 30.0000 	 0.3667 	 2.4484 	 4.4815 	 0.7304 	 0.0000 	 2.9057 	 0.0055 
27.0000 	 1.8914 	 1.8652 	 -1.6211 	 1.1816 	 0.0000 	 0.0003 	 261.1182 	 27.0000 	 1.8490 	 6.9112 	 -5.8237 	 -4.1574 	 0.0000 	 2.1035 	 0.0826 
27.0000 	 2.8374 	 4.9054 	 3.3676 	 -3.6499 	 0.0000 	 0.3146 	 254.1806 	 27.0000 	 2.1783 	 4.8757 	 -4.9952 	 -3.5898 	 0.0000 	 2.7779 	 0.0041 
34.0000 	 3.1175 	 7.7197 	 3.0351 	 -4.7257 	 0.0000 	 0.2738 	 254.3173 	 34.0000 	 1.5632 	 1.8562 	 8.9401 	 -0.7720 	 0.0000 	 0.2877 	 0.0056 
27.0000 	 2.8741 	 8.0741 	 3.4628 	 -0.0001 	 0.0000 	 0.0001 	 256.9812 	 27.0000 	 0.5228 	 8.4055 	 -7.2011 	 1.2875 	 0.0000 	 2.2162 	 0.0073 
27.0000 	 2.5126 	 16.7476 	 0.3350 	 -3.8033 	 0.0000 	 0.0000 	 254.5406 	 27.0000 	 0.3280 	 7.6046 	 -0.6949 	 3.9747 	 0.0000 	 2.0596 	 0.0067 
28.0000 	 2.8126 	 7.8937 	 2.4969 	 -3.2660 	 0.0000 	 0.0000 	 254.4700 	 28.0000 	 2.8916 	 0.6817 	 -7.3032 	 3.8320 	 0.0000 	 0.2204 	 0.1001 
26.0000 	 2.5561 	 6.5625 	 1.7420 	 -0.2720 	 0.0000 	 0.0092 	 256.4557 	 26.0000 	 1.6643 	 7.5252 	 3.1105 	 -0.0086 	 0.0000 	 0.5129 	 0.0164 
27.0000 	 2.6407 	 10.5316 	 2.0728 	 -4.0253 	 0.0000 	 0.0717 	 254.2366 	 27.0000 	 1.9862 	 6.2460 	 -8.1084 	 1.7864 	 0.0000 	 2.9593 	 0.0055 
25.0000 	 2.8016 	 6.9470 	 2.8784 	 1.6455 	 0.0000 	 0.0002 	 250.7834 	 25.0000 	 0.2249 	 1.1181 	 7.8833 	 -4.5569 	 0.0000 	 1.1100 	 0.0742 
32.0000 	 2.8851 	 16.6304 	 2.3504 	 -7.2368 	 0.0000 	 0.0001 	 255.2635 	 32.0000 	 1.1638 	 2.5413 	 6.5509 	 4.0502 	 0.0000 	 2.7721 	 0.0597 
26.0000 	 2.6616 	 8.3729 	 2.5878 	 -3.2410 	 0.0000 	 0.0017 	 254.4587 	 26.0000 	 0.9715 	 5.1064 	 -7.4828 	 4.2694 	 0.0000 	 2.0012 	 0.0054 
25.0000 	 2.6863 	 5.7197 	 3.3729 	 -4.3503 	 0.0000 	 0.2190 	 254.1468 	 25.0000 	 2.9153 	 8.6069 	 -2.8301 	 1.8905 	 0.0000 	 1.4443 	 0.0053 
25.0000 	 2.5937 	 8.5542 	 2.7902 	 -4.5578 	 0.0000 	 0.0000 	 254.1600 	 25.0000 	 1.6799 	 4.6469 	 -3.7069 	 2.9405 	 0.0000 	 2.4144 	 0.0079 
24.0000 	 2.9306 	 0.9098 	 3.9546 	 -6.4038 	 0.0000 	 0.0385 	 253.3784 	 24.0000 	 1.5461 	 8.0589 	 -7.4428 	 3.8542 	 0.0000 	 2.7363 	 0.0143 
24.0000 	 2.3355 	 5.0274 	 1.0269 	 0.1867 	 0.0000 	 0.0005 	 256.9169 	 24.0000 	 2.2175 	 1.8660 	 -8.9056 	 -3.7852 	 0.0000 	 1.8430 	 0.0089 
30.0000 	 2.7297 	 14.6347 	 1.2967 	 -4.3786 	 0.0000 	 0.0000 	 254.4484 	 30.0000 	 2.3729 	 4.6114 	 -0.0297 	 1.2856 	 0.0000 	 0.0248 	 0.0074 
24.0000 	 2.1358 	 13.0791 	 -2.1469 	 -1.5198 	 0.0000 	 0.0000 	 256.3679 	 24.0000 	 1.6496 	 1.2819 	 -0.4111 	 1.0862 	 0.0000 	 1.6356 	 0.0119 
25.0000 	 2.4607 	 11.0698 	 1.1565 	 -2.8620 	 0.0000 	 0.1116 	 254.4983 	 25.0000 	 2.7434 	 4.7164 	 -4.2377 	 2.7885 	 0.0000 	 0.9317 	 0.0091 
22.0000 	 2.4529 	 7.3767 	 3.5791 	 -4.3176 	 0.0000 	 0.0035 	 255.4242 	 22.0000 	 2.4069 	 7.8939 	 4.7522 	 -1.9151 	 0.0000 	 0.7423 	 0.0250 
23.0000 	 2.9096 	 9.4997 	 5.1288 	 0.7460 	 0.0000 	 0.6626 	 257.4462 	 23.0000 	 1.1082 	 4.2220 	 -6.1492 	 -2.2636 	 0.0000 	 1.7814 	 0.0090 
26.0000 	 2.8466 	 3.0709 	 3.6722 	 -6.0250 	 0.0000 	 0.4813 	 254.3324 	 26.0000 	 2.6364 	 0.2202 	 -5.1192 	 2.9372 	 0.0000 	 2.5018 	 0.0035 
24.0000 	 2.5580 	 7.0371 	 2.6721 	 -3.1657 	 0.0000 	 0.0016 	 254.1979 	 24.0000 	 0.6232 	 6.8913 	 1.2082 	 4.7219 	 0.0000 	 2.1560 	 0.0066 
26.0000 	 2.9305 	 12.5684 	 8.8477 	 -0.9277 	 0.0000 	 0.0000 	 249.6039 	 26.0000 	 0.9580 	 4.1946 	 -0.4795 	 -3.2816 	 0.0000 	 2.0273 	 0.2859 
29.0000 	 2.3044 	 1.6705 	 0.2880 	 1.7115 	 0.0000 	 0.0001 	 260.0919 	 29.0000 	 0.7325 	 1.4784 	 7.6326 	 -4.7550 	 0.0000 	 0.3506 	 0.0277 
26.0000 	 2.6412 	 8.5659 	 2.6995 	 -4.2913 	 0.0000 	 0.1693 	 254.1873 	 26.0000 	 0.5020 	 3.2976 	 3.5746 	 4.7297 	 0.0000 	 1.5288 	 0.0048 
30.0000 	 3.3985 	 0.6479 	 4.2371 	 -6.2233 	 0.0000 	 0.3721 	 254.4827 	 30.0000 	 1.1184 	 4.4172 	 7.3235 	 -2.3621 	 0.0000 	 2.1516 	 0.0099 
24.0000 	 2.8147 	 11.0383 	 -21.6957 	 -4.7389 	 0.0000 	 0.7599 	 268.6749 	 24.0000 	 1.6328 	 9.7148 	 -5.5926 	 -1.8987 	 0.0000 	 2.0317 	 0.0016 
26.0000 	 2.4918 	 16.7075 	 0.6961 	 -4.1781 	 0.0000 	 0.0000 	 254.4303 	 26.0000 	 0.7388 	 3.6210 	 0.2882 	 -3.3451 	 0.0000 	 1.4534 	 0.0056 
24.0000 	 2.4074 	 26.3901 	 0.3867 	 -6.3353 	 0.0000 	 0.0087 	 254.6174 	 24.0000 	 1.0551 	 5.4419 	 8.5004 	 -1.2333 	 0.0000 	 0.8402 	 0.0135 
24.0000 	 2.6266 	 5.5176 	 -1.4258 	 -3.7598 	 0.0000 	 0.0516 	 265.1900 	 24.0000 	 2.0322 	 0.8456 	 -8.9411 	 0.3956 	 0.0000 	 2.3272 	 0.3249 
22.0000 	 2.4076 	 14.9633 	 2.7317 	 -7.7607 	 0.0000 	 0.0002 	 255.3554 	 22.0000 	 1.7615 	 2.2556 	 0.4526 	 3.1635 	 0.0000 	 0.6027 	 0.0115 
29.0000 	 3.2120 	 3.1458 	 4.0828 	 -2.6250 	 0.0000 	 0.0000 	 254.5035 	 29.0000 	 1.6482 	 1.9671 	 -0.6122 	 -4.3777 	 0.0000 	 2.5681 	 0.0056 
23.0000 	 2.8428 	 3.5223 	 -7.3135 	 -4.7333 	 0.0000 	 0.0002 	 268.6887 	 23.0000 	 0.6458 	 9.6881 	 -2.3161 	 -0.3873 	 0.0000 	 2.5696 	 0.0017 
20.0000 	 2.2153 	 11.3772 	 1.6874 	 -3.5744 	 0.0000 	 0.0024 	 254.2930 	 20.0000 	 1.4609 	 4.3191 	 1.5933 	 2.9518 	 0.0000 	 1.5622 	 0.0040 
28.0000 	 2.8984 	 4.8374 	 3.5760 	 -3.9210 	 0.0000 	 0.0000 	 254.1564 	 28.0000 	 1.5885 	 9.0772 	 -4.9120 	 0.0566 	 0.0000 	 0.0822 	 0.0043 
17.0000 	 3.1349 	 9.1174 	 -4.2529 	 -5.4224 	 0.0000 	 9.9943 	 268.5832 	 17.0000 	 2.5226 	 9.4932 	 -8.8253 	 -3.5495 	 0.0000 	 2.7619 	 0.0073 
21.0000 	 2.2716 	 13.5641 	 1.3268 	 -3.9233 	 0.0000 	 0.0000 	 254.3031 	 21.0000 	 2.0844 	 8.2973 	 3.8069 	 4.1411 	 0.0000 	 2.1074 	 0.0054 
27.0000 	 2.3163 	 20.6938 	 -3.0189 	 -2.4468 	 0.0000 	 0.0000 	 255.8218 	 27.0000 	 0.0600 	 2.3087 	 9.5106 	 1.8732 	 0.0000 	 0.3469 	 0.0087 
23.0000 	 2.7369 	 4.1666 	 3.7977 	 -3.2155 	 0.0000 	 0.0387 	 254.4184 	 23.0000 	 2.5312 	 2.5580 	 -2.3684 	 -2.0962 	 0.0000 	 0.7223 	 0.0053 
23.0000 	 2.2930 	 14.1044 	 0.1379 	 -2.7078 	 0.0000 	 0.0003 	 254.8013 	 23.0000 	 1.6780 	 2.4862 	 5.6908 	 -0.1045 	 0.0000 	 1.1423 	 0.0083 
22.0000 	 2.3477 	 17.2284 	 1.7097 	 -6.6432 	 0.0000 	 0.4469 	 254.4565 	 22.0000 	 2.4926 	 9.8970 	 -1.0927 	 -2.5892 	 0.0000 	 2.1072 	 0.0045 
27.0000 	 2.5718 	 13.0352 	 1.3447 	 -3.8709 	 0.0000 	 0.0000 	 254.3680 	 27.0000 	 0.8913 	 7.6265 	 5.6952 	 4.7848 	 0.0000 	 1.5250 	 0.0055 
20.0000 	 2.2720 	 11.9095 	 2.8722 	 -13.2021 	 0.0000 	 0.7093 	 254.7408 	 20.0000 	 0.7648 	 6.0733 	 4.1084 	 0.7608 	 0.0000 	 2.7700 	 0.0059 
26.0000 	 2.6209 	 7.5485 	 2.4713 	 -3.2795 	 0.0000 	 0.0000 	 254.2281 	 26.0000 	 1.7891 	 0.4442 	 3.5416 	 -0.4569 	 0.0000 	 0.4616 	 0.0041 
23.0000 	 2.0933 	 23.1606 	 -3.6971 	 -2.5733 	 0.0000 	 0.0057 	 255.6390 	 23.0000 	 1.5442 	 5.2877 	 -5.0561 	 4.8698 	 0.0000 	 1.6466 	 0.0078 
20.0000 	 2.3983 	 5.8269 	 3.2402 	 -3.9886 	 0.0000 	 0.0001 	 254.1743 	 20.0000 	 1.6731 	 0.4048 	 1.5862 	 -1.2908 	 0.0000 	 0.3992 	 0.0107 
19.0000 	 2.6055 	 1.6317 	 4.6773 	 -4.9389 	 0.0000 	 0.0014 	 254.9557 	 19.0000 	 2.0384 	 0.6959 	 6.7640 	 -0.2922 	 0.0000 	 1.3911 	 0.0189 
19.0000 	 2.3118 	 6.3613 	 3.3203 	 -4.8935 	 0.0000 	 0.0008 	 254.2450 	 19.0000 	 1.9798 	 3.8884 	 9.8955 	 0.5391 	 0.0000 	 2.8351 	 0.0060 
23.0000 	 2.3763 	 13.6088 	 1.2151 	 -3.6358 	 0.0000 	 0.0003 	 254.4662 	 23.0000 	 1.1489 	 1.3261 	 0.1694 	 -0.9803 	 0.0000 	 0.1606 	 0.0064 
17.0000 	 2.1911 	 7.3722 	 3.0157 	 -4.5043 	 0.0000 	 0.0054 	 254.3335 	 17.0000 	 2.3042 	 1.0878 	 -0.7163 	 -2.8026 	 0.0000 	 2.8357 	 0.0066 
17.0000 	 2.0963 	 8.5009 	 2.4271 	 -3.4333 	 0.0000 	 0.0000 	 254.3059 	 17.0000 	 2.2382 	 9.9033 	 6.1110 	 3.5254 	 0.0000 	 0.6529 	 0.0111 
18.0000 	 2.0896 	 9.8798 	 1.6194 	 -3.1052 	 0.0000 	 0.2227 	 254.3297 	 18.0000 	 1.3831 	 1.7971 	 -4.5103 	 4.0789 	 0.0000 	 2.6160 	 0.0052 
17.0000 	 2.1014 	 9.2568 	 2.5269 	 -4.8357 	 0.0000 	 0.3889 	 254.3396 	 17.0000 	 2.4377 	 2.5922 	 -4.5601 	 1.4304 	 0.0000 	 2.9759 	 0.0044 
17.0000 	 2.1643 	 6.2632 	 2.9657 	 -3.4555 	 0.0000 	 0.0289 	 254.2676 	 17.0000 	 0.7614 	 0.0550 	 4.9852 	 -2.1084 	 0.0000 	 0.8207 	 0.0083 
17.0000 	 2.5557 	 2.3975 	 3.4277 	 -2.0068 	 0.0000 	 1.2890 	 256.3452 	 17.0000 	 2.5597 	 2.3987 	 3.4274 	 -2.0050 	 0.0000 	 1.2910 	 0.0092 
13.0000 	 1.7961 	 8.8912 	 2.1688 	 -3.3945 	 0.0000 	 0.0003 	 254.5107 	 13.0000 	 2.8596 	 1.8201 	 -7.9584 	 3.6942 	 0.0000 	 0.6851 	 0.0090 
25.0000 	 2.5194 	 9.5879 	 2.0911 	 -3.1497 	 0.0000 	 0.0000 	 254.3609 	 25.0000 	 2.3836 	 8.5952 	 6.9228 	 2.0314 	 0.0000 	 0.9362 	 0.0393 
14.0000 	 1.8782 	 8.6412 	 2.1228 	 -3.1194 	 0.0000 	 0.0189 	 254.4411 	 14.0000 	 1.9132 	 8.2502 	 2.9645 	 2.0483 	 0.0000 	 1.2718 	 0.0082 
11.0000 	 1.8269 	 4.3005 	 4.7104 	 -3.2288 	 0.0000 	 0.0002 	 254.1271 	 11.0000 	 2.1659 	 4.4897 	 7.5316 	 3.7534 	 0.0000 	 0.4084 	 0.0510 
16.0000 	 2.6472 	 9.8730 	 4.5801 	 -1.6992 	 0.0000 	 0.0012 	 256.4122 	 16.0000 	 1.8782 	 0.9510 	 -0.4385 	 3.8396 	 0.0000 	 1.7505 	 0.0256 
16.0000 	 2.3760 	 3.4013 	 4.1441 	 -1.7454 	 0.0000 	 0.0002 	 255.4449 	 16.0000 	 2.3780 	 4.6338 	 1.5453 	 3.3077 	 0.0000 	 0.7344 	 0.0106 
18.0000 	 2.5960 	 0.0000 	 -8.4668 	 -7.6758 	 0.0000 	 0.0000 	 268.7757 	 18.0000 	 0.5187 	 5.5732 	 -3.5743 	 4.4280 	 0.0000 	 2.3781 	 0.0036 
18.0000 	 2.8044 	 8.0200 	 8.4521 	 -0.6934 	 0.0000 	 0.0019 	 258.6707 	 18.0000 	 0.7559 	 6.3418 	 -5.9439 	 -4.5683 	 0.0000 	 1.9535 	 0.0104 
14.0000 	 1.8644 	 15.0408 	 2.9242 	 -28.9591 	 0.0000 	 0.9211 	 255.1554 	 14.0000 	 2.4651 	 8.6592 	 -0.8673 	 4.2184 	 0.0000 	 0.3755 	 0.0095 
17.0000 	 2.1471 	 5.7283 	 2.6158 	 -2.0961 	 0.0000 	 0.0001 	 254.5930 	 17.0000 	 2.6020 	 3.2136 	 -8.2114 	 -1.2073 	 0.0000 	 2.7524 	 0.0063 
22.0000 	 2.1603 	 11.3867 	 -4.7266 	 -0.4492 	 0.0000 	 0.0001 	 261.0850 	 22.0000 	 1.9672 	 4.6321 	 4.5915 	 -3.5902 	 0.0000 	 1.1100 	 0.0287 
10.0000 	 1.5450 	 10.1664 	 2.0921 	 -4.3159 	 0.0000 	 0.4889 	 255.0969 	 10.0000 	 2.8731 	 4.0457 	 -1.7629 	 1.1094 	 0.0000 	 2.4225 	 0.0137 
13.0000 	 1.9963 	 3.6890 	 3.8329 	 -3.9846 	 0.0000 	 0.0290 	 254.7625 	 13.0000 	 1.6007 	 9.3873 	 -4.9732 	 -1.7251 	 0.0000 	 0.4562 	 0.0168 
16.0000 	 2.5682 	 7.3022 	 7.5757 	 -3.1738 	 0.0000 	 0.0010 	 197.7399 	 16.0000 	 0.5744 	 3.2214 	 -0.6256 	 3.9186 	 0.0000 	 0.7486 	 0.0381 
15.0000 	 2.0131 	 6.4809 	 2.9334 	 -3.4608 	 0.0000 	 0.0003 	 254.3860 	 15.0000 	 0.8361 	 9.6257 	 -7.3006 	 2.8339 	 0.0000 	 2.0737 	 0.0057 
15.0000 	 2.1894 	 3.4473 	 3.6961 	 -2.7971 	 0.0000 	 0.0003 	 254.7352 	 15.0000 	 2.7470 	 2.1136 	 9.5266 	 -2.0824 	 0.0000 	 1.1276 	 0.0099 
14.0000 	 2.1518 	 7.5000 	 6.3672 	 -1.9238 	 0.0000 	 0.0000 	 259.5249 	 14.0000 	 2.7339 	 2.9446 	 5.5366 	 4.4800 	 0.0000 	 1.8789 	 0.0116 
13.0000 	 1.7625 	 12.1041 	 1.6061 	 -3.9229 	 0.0000 	 0.0000 	 254.5006 	 13.0000 	 2.6107 	 4.0922 	 5.4046 	 0.8963 	 0.0000 	 0.7385 	 0.0091 
16.0000 	 2.0365 	 7.8772 	 2.3499 	 -2.9824 	 0.0000 	 0.0029 	 254.3610 	 16.0000 	 0.7360 	 8.5944 	 1.0244 	 -3.9081 	 0.0000 	 0.1036 	 0.0071 
8.0000 	 1.5284 	 5.0464 	 3.2739 	 -1.8372 	 0.0000 	 0.0939 	 256.4700 	 8.0000 	 0.9220 	 7.6126 	 -4.8012 	 1.3667 	 0.0000 	 0.7451 	 0.2972 
13.0000 	 2.0582 	 3.0383 	 3.1561 	 -4.0540 	 0.0000 	 0.0015 	 256.2846 	 13.0000 	 2.0171 	 4.2874 	 -0.8411 	 -1.7000 	 0.0000 	 2.4067 	 0.0289 
15.0000 	 1.9302 	 6.5188 	 1.9931 	 -1.7771 	 0.0000 	 0.0000 	 254.7816 	 15.0000 	 0.3654 	 1.1590 	 6.1382 	 2.7925 	 0.0000 	 0.3547 	 0.0061 
19.0000 	 2.0754 	 3.5083 	 1.4771 	 1.5527 	 0.0000 	 0.0003 	 258.2150 	 19.0000 	 2.9120 	 7.3349 	 -5.4784 	 -2.1446 	 0.0000 	 1.2517 	 0.0090 
14.0000 	 1.7460 	 36.4718 	 -1.7398 	 -6.0090 	 0.0000 	 0.4358 	 254.7404 	 14.0000 	 2.9333 	 6.4734 	 -5.0963 	 4.8055 	 0.0000 	 1.6164 	 0.0059 
11.0000 	 1.6460 	 7.5195 	 1.8814 	 -2.5366 	 0.0000 	 0.0418 	 255.0779 	 11.0000 	 0.0184 	 1.5077 	 3.6677 	 3.5018 	 0.0000 	 1.3397 	 0.0129 
23.0000 	 2.6843 	 0.7399 	 4.3651 	 -6.1224 	 0.0000 	 0.0124 	 253.8689 	 23.0000 	 0.2646 	 9.8950 	 0.5048 	 0.8005 	 0.0000 	 2.1013 	 0.0766 
18.0000 	 1.8830 	 5.1684 	 0.3043 	 -0.3147 	 0.0000 	 0.0014 	 256.6451 	 18.0000 	 0.2436 	 6.6877 	 3.2319 	 2.6154 	 0.0000 	 1.1527 	 0.0085 
13.0000 	 2.0889 	 0.2379 	 -5.9263 	 2.9652 	 0.0000 	 3.8482 	 259.2527 	 13.0000 	 0.9413 	 4.9016 	 -6.6884 	 4.9846 	 0.0000 	 0.2505 	 0.0040 
21.0000 	 2.2258 	 10.5284 	 1.0640 	 -2.6157 	 0.0000 	 0.0118 	 254.4612 	 21.0000 	 0.2933 	 8.8633 	 -6.2224 	 -3.7950 	 0.0000 	 0.1058 	 0.0092 
13.0000 	 1.7667 	 9.2633 	 2.0027 	 -3.2604 	 0.0000 	 0.0582 	 254.5331 	 13.0000 	 2.3275 	 1.6883 	 -4.8269 	 -0.6241 	 0.0000 	 1.1084 	 0.0071 
11.0000 	 2.2801 	 1.7850 	 4.2633 	 -3.6032 	 0.0000 	 0.2248 	 197.6801 	 11.0000 	 2.9945 	 4.9244 	 -2.2332 	 3.3086 	 0.0000 	 1.0988 	 0.8747 
6.0000 	 1.0679 	 12.8711 	 0.8594 	 -3.3262 	 0.0000 	 0.0025 	 256.5557 	 6.0000 	 1.1287 	 2.2981 	 -9.3326 	 -2.5845 	 0.0000 	 2.2748 	 0.0344 
12.0000 	 1.7179 	 12.4369 	 2.4704 	 -8.2839 	 0.0000 	 0.6811 	 254.9839 	 12.0000 	 1.7275 	 8.4563 	 -9.0561 	 2.5926 	 0.0000 	 2.7918 	 0.0108 
11.0000 	 1.5314 	 5.0488 	 1.5234 	 2.5781 	 0.0000 	 0.0002 	 252.5597 	 11.0000 	 2.1901 	 1.0275 	 3.6920 	 2.2860 	 0.0000 	 0.2782 	 0.0735 
19.0000 	 2.2624 	 8.8199 	 3.2874 	 -5.7727 	 0.0000 	 0.0010 	 255.1203 	 19.0000 	 2.6438 	 0.8850 	 5.6697 	 2.6725 	 0.0000 	 0.0637 	 0.0833 
5.0000 	 1.1037 	 4.7641 	 2.3878 	 1.7190 	 0.0000 	 0.0017 	 260.2558 	 5.0000 	 2.3216 	 5.2146 	 -3.4254 	 -1.6026 	 0.0000 	 2.8118 	 0.0605 
11.0000 	 1.6067 	 20.8874 	 1.5713 	 -8.9679 	 0.0000 	 0.6764 	 255.1743 	 11.0000 	 1.6309 	 9.0687 	 -4.8508 	 -2.0046 	 0.0000 	 1.6482 	 0.0134 
10.0000 	 1.6057 	 6.8179 	 2.7275 	 -3.2659 	 0.0000 	 0.0046 	 255.0498 	 10.0000 	 2.8155 	 7.2895 	 5.7085 	 -3.2191 	 0.0000 	 0.2340 	 0.0140 
10.0000 	 1.2075 	 13.7589 	 -5.1059 	 -1.0342 	 0.0000 	 1.3162 	 258.0050 	 10.0000 	 1.8820 	 1.6058 	 4.7260 	 4.2252 	 0.0000 	 2.7781 	 0.0089 
12.0000 	 1.9987 	 3.4381 	 3.5244 	 -1.8982 	 0.0000 	 0.0000 	 255.5252 	 12.0000 	 1.5862 	 0.8673 	 -0.0705 	 3.1248 	 0.0000 	 2.6178 	 0.0152 
13.0000 	 1.7698 	 10.8618 	 2.0900 	 -4.1897 	 0.0000 	 0.0000 	 254.5408 	 13.0000 	 0.3159 	 3.9502 	 7.1497 	 0.5371 	 0.0000 	 2.3706 	 0.0124 
10.0000 	 1.4652 	 9.4798 	 1.1385 	 -2.3738 	 0.0000 	 0.0002 	 255.1450 	 10.0000 	 2.8748 	 3.6573 	 6.3562 	 0.8751 	 0.0000 	 0.5995 	 0.0122 
16.0000 	 2.4006 	 0.5322 	 -0.1952 	 -4.8341 	 0.0000 	 2.3764 	 260.4154 	 16.0000 	 2.3969 	 5.5328 	 -0.1985 	 -4.8330 	 0.0000 	 2.3809 	 0.0107 
4.0000 	 0.9916 	 7.6227 	 2.7056 	 -2.8019 	 0.0000 	 0.0000 	 258.9818 	 4.0000 	 1.3310 	 2.0216 	 -5.9217 	 -4.5357 	 0.0000 	 2.6196 	 0.0665 
10.0000 	 2.5153 	 6.6735 	 10.3699 	 -0.5739 	 0.0000 	 0.0045 	 259.6650 	 10.0000 	 2.0528 	 1.5301 	 9.6035 	 3.2883 	 0.0000 	 1.0107 	 0.0233 
12.0000 	 1.8967 	 8.3401 	 3.6961 	 0.3848 	 0.0000 	 0.0000 	 257.8749 	 12.0000 	 2.3481 	 6.5787 	 -2.3821 	 -4.8388 	 0.0000 	 2.4331 	 0.0125 
14.0000 	 2.3543 	 3.4668 	 5.9570 	 -2.9199 	 0.0000 	 0.0000 	 246.5147 	 14.0000 	 0.5338 	 8.2067 	 -5.4544 	 -1.8289 	 0.0000 	 1.5376 	 0.2909 
11.0000 	 1.5730 	 13.0202 	 1.3500 	 -3.7490 	 0.0000 	 0.0078 	 254.8616 	 11.0000 	 0.5922 	 0.7508 	 -9.0493 	 0.1892 	 0.0000 	 0.0983 	 0.0264 
8.0000 	 1.2675 	 12.0672 	 0.2540 	 -2.4417 	 0.0000 	 0.0010 	 255.7257 	 8.0000 	 0.2935 	 1.2166 	 9.6308 	 -2.8307 	 0.0000 	 0.5567 	 0.0207 
14.0000 	 2.0279 	 4.5993 	 3.4755 	 -3.8348 	 0.0000 	 0.1664 	 254.5634 	 14.0000 	 0.8735 	 4.4087 	 6.9352 	 3.7388 	 0.0000 	 2.8358 	 0.0072 
13.0000 	 1.7589 	 14.7714 	 1.3896 	 -4.5231 	 0.0000 	 0.0028 	 254.5834 	 13.0000 	 0.1708 	 3.6485 	 9.0819 	 -1.4337 	 0.0000 	 1.5161 	 0.0101 
17.0000 	 2.1812 	 5.8247 	 3.0030 	 -3.0725 	 0.0000 	 0.1337 	 254.3308 	 17.0000 	 2.6008 	 1.3135 	 4.1857 	 0.5607 	 0.0000 	 2.1494 	 0.0052 
7.0000 	 1.6853 	 4.3754 	 4.5143 	 -1.1415 	 0.0000 	 0.0000 	 257.9362 	 7.0000 	 0.6175 	 8.5488 	 0.2316 	 3.6225 	 0.0000 	 0.3007 	 0.0481 
6.0000 	 0.9249 	 8.0429 	 -6.0704 	 0.4222 	 0.0000 	 0.0004 	 263.2070 	 6.0000 	 1.9841 	 5.6321 	 0.1808 	 1.4043 	 0.0000 	 0.0768 	 0.0418 
6.0000 	 1.1297 	 4.9785 	 1.4408 	 -0.5906 	 0.0000 	 1.5135 	 258.1722 	 6.0000 	 1.2292 	 0.7322 	 3.2285 	 2.5309 	 0.0000 	 2.4940 	 0.0325 
7.0000 	 2.5395 	 1.5747 	 6.4960 	 -4.8386 	 0.0000 	 0.0013 	 268.1204 	 7.0000 	 2.5528 	 0.0495 	 0.9423 	 -4.7594 	 0.0000 	 2.9006 	 0.0373 
4.0000 	 0.8373 	 12.5248 	 1.6323 	 -4.3229 	 0.0000 	 0.1158 	 258.2301 	 4.0000 	 1.1043 	 8.8926 	 1.3900 	 -2.9389 	 0.0000 	 1.9923 	 0.0613 
4.0000 	 0.8837 	 5.8862 	 2.9888 	 -2.7546 	 0.0000 	 0.0533 	 257.8637 	 4.0000 	 1.8802 	 8.8905 	 -3.7959 	 1.5242 	 0.0000 	 2.4401 	 0.0707 
3.0000 	 1.6551 	 0.8187 	 1.6993 	 -1.3276 	 0.0000 	 4.6558 	 261.1009 	 3.0000 	 1.7449 	 1.0881 	 1.4016 	 -1.2783 	 0.0000 	 2.8378 	 0.0589 
5.0000 	 0.7301 	 1.2219 	 0.1831 	 2.0117 	 0.0000 	 0.0002 	 262.1887 	 5.0000 	 2.1111 	 1.4966 	 -7.0847 	 3.3582 	 0.0000 	 0.0612 	 0.0444 
1.0000 	 0.2069 	 1.9205 	 3.5282 	 -2.9530 	 0.0000 	 2.4714 	 261.5478 	 1.0000 	 0.2868 	 2.8009 	 9.8554 	 1.3090 	 0.0000 	 2.3652 	 0.1177 
5.0000 	 1.0150 	 11.0894 	 1.5535 	 -3.1450 	 0.0000 	 0.1715 	 257.4207 	 5.0000 	 0.9547 	 0.8778 	 7.0789 	 -2.5817 	 0.0000 	 0.3901 	 0.0365 
4.0000 	 0.8424 	 10.4768 	 1.7905 	 -3.5327 	 0.0000 	 0.0001 	 257.8899 	 4.0000 	 0.7330 	 4.7901 	 4.2289 	 2.4931 	 0.0000 	 0.9526 	 0.0524 
14.0000 	 1.7700 	 15.8413 	 0.4203 	 -3.6861 	 0.0000 	 0.0011 	 254.4519 	 14.0000 	 2.6168 	 7.2149 	 -2.3894 	 -3.3606 	 0.0000 	 0.5025 	 0.0061 
1.0000 	 0.3521 	 5.5275 	 1.9959 	 -3.6462 	 0.0000 	 0.1116 	 265.1993 	 1.0000 	 1.1324 	 0.0488 	 -5.4467 	 -3.5248 	 0.0000 	 0.2474 	 0.1147 
1.0000 	 1.2500 	 10.7950 	 -6.5303 	 12.7591 	 0.0000 	 4.5488 	 260.7307 	 1.0000 	 1.8485 	 9.0801 	 -1.7989 	 4.9571 	 0.0000 	 2.3814 	 0.0286 
4.0000 	 0.8081 	 8.3078 	 1.1915 	 -2.0080 	 0.0000 	 0.0000 	 258.1551 	 4.0000 	 2.3890 	 4.1186 	 7.1869 	 -3.3335 	 0.0000 	 2.6178 	 0.0510 
3.0000 	 0.8004 	 12.6268 	 1.8544 	 -4.6201 	 0.0000 	 0.0001 	 259.9611 	 3.0000 	 0.9964 	 9.5141 	 8.9186 	 0.6755 	 0.0000 	 2.1738 	 0.1351 
4.0000 	 3.8567 	 21.4834 	 6.2530 	 1.1179 	 0.0000 	 6.8235 	 261.2509 	 4.0000 	 0.0022 	 9.9024 	 -0.7665 	 1.3391 	 0.0000 	 2.1681 	 0.0156 
7.0000 	 1.1992 	 5.4763 	 1.2151 	 -0.3299 	 0.0000 	 0.0155 	 257.5560 	 7.0000 	 0.2302 	 8.0329 	 6.3387 	 -2.8044 	 0.0000 	 2.2649 	 0.0329 
9.0000 	 1.5089 	 6.0339 	 2.6290 	 -2.6042 	 0.0000 	 0.0000 	 255.2919 	 9.0000 	 2.5887 	 2.8712 	 -4.4218 	 1.1613 	 0.0000 	 2.4992 	 0.0428 
12.0000 	 1.7672 	 7.4888 	 2.9264 	 -4.8520 	 0.0000 	 0.3290 	 254.7686 	 12.0000 	 0.7730 	 5.7772 	 5.6597 	 -3.5210 	 0.0000 	 0.6264 	 0.0098 
2.0000 	 0.5278 	 5.0232 	 2.5129 	 -1.0733 	 0.0000 	 0.0071 	 259.9903 	 2.0000 	 2.0778 	 0.6482 	 -7.1917 	 2.2783 	 0.0000 	 0.8963 	 0.2974 
8.0000 	 1.7108 	 1.7453 	 4.5675 	 -3.5510 	 0.0000 	 2.1727 	 258.4720 	 8.0000 	 1.7890 	 6.2916 	 0.9679 	 -4.6389 	 0.0000 	 1.6630 	 0.0339 
9.0000 	 1.4698 	 11.5463 	 1.6138 	 -6.7686 	 0.0000 	 0.8784 	 255.2307 	 9.0000 	 1.5329 	 4.0088 	 0.4694 	 -4.4118 	 0.0000 	 1.3101 	 0.1019 
13.0000 	 1.8479 	 6.5172 	 2.5140 	 -2.5038 	 0.0000 	 0.0004 	 254.6846 	 13.0000 	 0.8905 	 8.9169 	 -9.9292 	 0.3734 	 0.0000 	 0.1373 	 0.0081 
3.0000 	 1.2833 	 3.2028 	 5.4512 	 -0.2768 	 0.0000 	 0.1127 	 260.3355 	 3.0000 	 2.6834 	 0.9100 	 7.7473 	 -0.8730 	 0.0000 	 2.4343 	 0.1176 
4.0000 	 0.8159 	 10.0175 	 1.3308 	 -2.5356 	 0.0000 	 0.0000 	 258.2087 	 4.0000 	 2.2115 	 3.4795 	 -6.7690 	 4.5255 	 0.0000 	 2.6058 	 0.0457 
3.0000 	 0.8559 	 8.1501 	 4.1935 	 -0.9578 	 0.0000 	 0.0000 	 261.7831 	 3.0000 	 0.5484 	 5.3123 	 5.7743 	 -1.1310 	 0.0000 	 1.8590 	 0.0809 
11.0000 	 1.7819 	 5.9412 	 2.4365 	 -5.7666 	 0.0000 	 0.9845 	 251.2939 	 11.0000 	 0.9505 	 3.1771 	 -0.7897 	 -4.6016 	 0.0000 	 1.7002 	 0.2993 
2.0000 	 0.6126 	 0.8254 	 4.3867 	 -5.3651 	 0.0000 	 0.0127 	 259.4579 	 2.0000 	 0.0795 	 9.3135 	 8.8742 	 -2.7746 	 0.0000 	 2.9286 	 0.1267 
2.0000 	 0.8201 	 5.4224 	 5.5835 	 0.0598 	 0.0000 	 0.0166 	 261.0825 	 2.0000 	 0.8277 	 9.1019 	 -8.4994 	 1.0263 	 0.0000 	 2.3544 	 0.0573 
2.0000 	 0.3799 	 6.3126 	 2.6533 	 -2.3968 	 0.0000 	 0.0000 	 260.3574 	 2.0000 	 2.4266 	 7.3635 	 -9.3861 	 -2.7572 	 0.0000 	 1.1713 	 0.0735 
11.0000 	 1.8021 	 4.8270 	 3.3886 	 -2.9870 	 0.0000 	 0.0113 	 255.0772 	 11.0000 	 0.7439 	 3.9587 	 -5.7150 	 1.5021 	 0.0000 	 0.0503 	 0.0223 
12.0000 	 1.6600 	 11.2210 	 1.2214 	 -3.0468 	 0.0000 	 0.0096 	 254.6698 	 12.0000 	 0.4667 	 3.3040 	 9.3180 	 4.4199 	 0.0000 	 1.4179 	 0.0085 
7.0000 	 1.1365 	 23.2458 	 -1.8198 	 -3.4374 	 0.0000 	 0.0000 	 256.3490 	 7.0000 	 2.6350 	 6.7922 	 4.9700 	 0.2570 	 0.0000 	 0.4779 	 0.0264 
8.0000 	 1.2444 	 6.4516 	 0.9951 	 -0.8817 	 0.0000 	 0.0012 	 256.7243 	 8.0000 	 1.1250 	 1.2491 	 -9.9259 	 -0.2981 	 0.0000 	 2.3508 	 0.0184 
4.0000 	 1.0597 	 3.1688 	 3.7532 	 -2.0198 	 0.0000 	 0.0009 	 257.7182 	 4.0000 	 1.4943 	 3.5420 	 -4.4733 	 0.9232 	 0.0000 	 2.4088 	 0.0714 
2.0000 	 5.0495 	 2.4535 	 -7.4607 	 7.6313 	 0.0000 	 4.6790 	 260.5650 	 2.0000 	 2.4149 	 9.0870 	 -3.5954 	 2.3364 	 0.0000 	 2.9615 	 0.0177 
7.0000 	 1.3673 	 6.4502 	 3.5938 	 -2.7686 	 0.0000 	 0.0131 	 255.5915 	 7.0000 	 0.7764 	 6.4058 	 6.4784 	 -1.9560 	 0.0000 	 1.4965 	 0.0934 
5.0000 	 1.0101 	 10.7382 	 2.0121 	 -4.1084 	 0.0000 	 0.3694 	 257.2481 	 5.0000 	 2.4465 	 2.4462 	 0.8746 	 -2.5756 	 0.0000 	 2.6892 	 0.0304 
3.0000 	 0.6923 	 12.8935 	 1.5895 	 -3.7468 	 0.0000 	 0.0431 	 259.6148 	 3.0000 	 2.0620 	 1.8138 	 3.2051 	 4.2397 	 0.0000 	 0.9289 	 0.0772 
5.0000 	 1.3767 	 0.0000 	 -9.0887 	 5.6684 	 0.0000 	 5.2745 	 260.0786 	 5.0000 	 1.9638 	 9.7657 	 -3.2959 	 2.2266 	 0.0000 	 2.3777 	 0.0183 
6.0000 	 1.0883 	 11.0878 	 1.5584 	 -7.0362 	 0.0000 	 1.5031 	 257.4863 	 6.0000 	 1.8809 	 7.9424 	 1.1374 	 -4.5946 	 0.0000 	 2.5720 	 0.0390 
10.0000 	 1.6031 	 7.8592 	 2.8173 	 -4.3428 	 0.0000 	 0.0000 	 255.0598 	 10.0000 	 1.0998 	 4.5419 	 7.5077 	 0.9989 	 0.0000 	 1.2010 	 0.0130 
2.0000 	 0.3681 	 2.7696 	 0.7083 	 1.2292 	 0.0000 	 0.0000 	 263.5986 	 2.0000 	 1.8558 	 4.5211 	 -3.5453 	 -1.1492 	 0.0000 	 0.4569 	 0.2001 
3.0000 	 0.7978 	 6.9666 	 2.7844 	 -2.5955 	 0.0000 	 0.0075 	 259.4517 	 3.0000 	 0.1671 	 9.7392 	 -7.2879 	 2.4545 	 0.0000 	 2.1769 	 0.1001 
5.0000 	 1.0246 	 7.5131 	 2.1877 	 -2.3658 	 0.0000 	 0.0022 	 257.1778 	 5.0000 	 2.0188 	 5.2522 	 8.3003 	 -4.6318 	 0.0000 	 2.4157 	 0.0395 
2.0000 	 0.5993 	 10.1758 	 4.1016 	 0.6055 	 0.0000 	 0.0000 	 257.7939 	 2.0000 	 1.4244 	 5.7648 	 -8.9818 	 1.5107 	 0.0000 	 0.1476 	 0.0778 
7.0000 	 3.0157 	 6.3758 	 -0.0732 	 5.4211 	 0.0000 	 0.1026 	 268.7168 	 7.0000 	 2.7363 	 2.9252 	 -0.7202 	 4.3213 	 0.0000 	 1.8913 	 0.0178 
6.0000 	 0.9502 	 12.4059 	 -1.9326 	 -1.5330 	 0.0000 	 0.3354 	 257.6520 	 6.0000 	 2.1856 	 5.3432 	 -4.1415 	 -3.1958 	 0.0000 	 1.8631 	 0.0328 
3.0000 	 0.7103 	 7.1931 	 2.5723 	 -3.3394 	 0.0000 	 0.0426 	 258.7022 	 3.0000 	 0.8837 	 4.0978 	 -9.0454 	 -0.0314 	 0.0000 	 1.5532 	 0.0728 
3.0000 	 0.6272 	 7.4100 	 1.8235 	 -2.4305 	 0.0000 	 0.0000 	 259.0363 	 3.0000 	 2.6746 	 7.3834 	 -9.2623 	 -0.3505 	 0.0000 	 0.0217 	 0.0843 
7.0000 	 1.8125 	 13.1348 	 5.5022 	 2.3203 	 0.0000 	 0.0000 	 258.8127 	 7.0000 	 2.7787 	 4.4372 	 2.0036 	 1.1734 	 0.0000 	 2.7833 	 0.0338 
1.0000 	 0.0846 	 5.7629 	 -0.5786 	 -1.3782 	 0.0000 	 3.2443 	 263.3253 	 1.0000 	 1.3586 	 0.7556 	 5.6981 	 0.7420 	 0.0000 	 2.5166 	 0.0874 
2.0000 	 0.4418 	 3.2922 	 3.1738 	 -5.5078 	 0.0000 	 0.0000 	 260.4497 	 2.0000 	 0.8559 	 1.4351 	 -9.9337 	 -1.2539 	 0.0000 	 1.7033 	 0.0807 
1.0000 	 0.1090 	 7.7871 	 2.2977 	 -5.0919 	 0.0000 	 0.0000 	 262.5230 	 1.0000 	 1.2043 	 8.2354 	 -2.9357 	 2.7023 	 0.0000 	 1.2443 	 0.1518 
5.0000 	 0.8787 	 0.9986 	 0.8677 	 3.2802 	 0.0000 	 0.0053 	 260.9503 	 5.0000 	 1.7517 	 5.4242 	 9.5476 	 2.3899 	 0.0000 	 2.1278 	 0.0570 
3.0000 	 0.9141 	 5.7031 	 2.3438 	 -2.1094 	 0.0000 	 1.3271 	 261.1546 	 3.0000 	 0.1320 	 9.7398 	 6.7183 	 4.5094 	 0.0000 	 0.3747 	 0.1181 
2.0000 	 0.7286 	 3.5254 	 3.3398 	 -1.6895 	 0.0000 	 1.1306 	 256.4074 	 2.0000 	 2.7958 	 4.5118 	 -0.3065 	 -3.3609 	 0.0000 	 1.4415 	 0.2710 
48.0000 	 4.2464 	 0.9159 	 -71.0946 	 -15.4200 	 0.0000 	 0.0000 	 268.6228 	 48.0000 	 2.2797 	 8.6337 	 6.3108 	 -0.8084 	 0.0000 	 0.1385 	 0.0005 
48.0000 	 4.1983 	 0.7513 	 -9.7311 	 -1.8623 	 0.0000 	 0.0002 	 268.6214 	 48.0000 	 0.0935 	 4.6318 	 5.4718 	 -3.3386 	 0.0000 	 0.3424 	 0.0007 
50.0000 	 4.2184 	 0.7248 	 -30.7877 	 -20.2588 	 0.0000 	 0.0079 	 268.6133 	 50.0000 	 1.5869 	 6.2242 	 2.1666 	 -1.8740 	 0.0000 	 2.2805 	 0.0011 
50.0000 	 4.2449 	 1.1433 	 -44.8908 	 -10.8697 	 0.0000 	 0.0000 	 268.6219 	 50.0000 	 1.7316 	 5.4879 	 3.6625 	 0.9667 	 0.0000 	 2.7801 	 0.0008 
50.0000 	 4.3154 	 4.0540 	 -7.5952 	 4.4360 	 0.0000 	 0.0000 	 264.4152 	 50.0000 	 2.5135 	 9.2182 	 8.3423 	 -3.6604 	 0.0000 	 2.2822 	 0.1223 
49.0000 	 3.9295 	 2.9588 	 3.7203 	 -5.6708 	 0.0000 	 0.5445 	 254.3781 	 49.0000 	 2.3354 	 3.0781 	 -4.0770 	 -0.0236 	 0.0000 	 2.6263 	 0.0109 
45.0000 	 3.0704 	 1.6130 	 -0.2628 	 4.7042 	 0.0000 	 0.0002 	 262.1554 	 45.0000 	 0.2541 	 1.6411 	 9.5936 	 -2.5229 	 0.0000 	 1.2344 	 0.0219 
49.0000 	 3.6935 	 5.5571 	 -4.2503 	 1.3465 	 0.0000 	 4.3374 	 258.5053 	 49.0000 	 2.1517 	 5.1547 	 -8.5756 	 -0.0464 	 0.0000 	 1.0018 	 0.0024 
47.0000 	 4.3282 	 6.5152 	 -9.1181 	 4.1891 	 0.0000 	 6.0574 	 259.5942 	 47.0000 	 0.3619 	 6.8264 	 0.4445 	 0.6532 	 0.0000 	 1.9335 	 0.0038 
45.0000 	 3.7436 	 4.4604 	 3.6920 	 -4.0314 	 0.0000 	 0.0470 	 254.2253 	 45.0000 	 0.6503 	 7.2392 	 -3.4632 	 3.8840 	 0.0000 	 1.6346 	 0.0054 
47.0000 	 3.4131 	 7.7832 	 1.2891 	 0.9229 	 0.0000 	 0.0001 	 258.8533 	 47.0000 	 1.1141 	 5.0500 	 -6.1681 	 -0.6753 	 0.0000 	 2.5652 	 0.0093 
45.0000 	 3.3780 	 26.0049 	 1.0782 	 -7.0569 	 0.0000 	 0.0046 	 255.9804 	 45.0000 	 2.9386 	 3.1404 	 7.0545 	 0.4820 	 0.0000 	 2.6485 	 0.0097 
45.0000 	 3.4725 	 7.2670 	 2.2063 	 -2.2150 	 0.0000 	 0.0101 	 254.9477 	 45.0000 	 1.4051 	 2.0506 	 -0.1159 	 -2.8451 	 0.0000 	 1.4709 	 0.0066 
47.0000 	 3.7458 	 5.4487 	 3.4228 	 -3.8543 	 0.0000 	 0.0000 	 254.3200 	 47.0000 	 1.3006 	 6.2668 	 4.2744 	 -0.8524 	 0.0000 	 0.2470 	 0.0060 
44.0000 	 4.1072 	 0.7361 	 -12.7300 	 11.6172 	 0.0000 	 0.0000 	 268.5645 	 44.0000 	 0.1856 	 4.8657 	 -6.4659 	 0.0191 	 0.0000 	 1.3676 	 0.0045 
42.0000 	 3.8862 	 16.4899 	 -15.2050 	 -6.9587 	 0.0000 	 0.0000 	 268.6263 	 42.0000 	 2.6029 	 1.9618 	 9.2089 	 1.8417 	 0.0000 	 0.4812 	 0.0009 
46.0000 	 3.3205 	 24.8959 	 -0.4719 	 -4.9381 	 0.0000 	 0.3960 	 255.3284 	 46.0000 	 0.5229 	 2.0545 	 0.6313 	 0.9437 	 0.0000 	 2.5851 	 0.0079 
47.0000 	 3.9582 	 4.3833 	 4.1011 	 -3.5047 	 0.0000 	 0.3032 	 254.8146 	 47.0000 	 1.1061 	 8.3107 	 8.0488 	 -3.9462 	 0.0000 	 2.5873 	 0.0073 
47.0000 	 3.4210 	 18.6266 	 0.6678 	 -4.6976 	 0.0000 	 0.2153 	 255.0894 	 47.0000 	 0.5173 	 2.6028 	 -5.2843 	 4.7608 	 0.0000 	 0.2701 	 0.0074 
45.0000 	 3.4924 	 8.2628 	 2.0278 	 -2.5903 	 0.0000 	 0.0000 	 254.9535 	 45.0000 	 2.0652 	 6.0008 	 3.5831 	 3.7689 	 0.0000 	 1.9876 	 0.0081 
46.0000 	 3.9053 	 3.4225 	 3.8482 	 -3.7166 	 0.0000 	 0.0004 	 254.1813 	 46.0000 	 1.7850 	 0.9509 	 3.9000 	 -2.4629 	 0.0000 	 2.6561 	 0.0055 
44.0000 	 3.5551 	 4.2807 	 1.2620 	 -0.8544 	 0.0000 	 2.0914 	 256.4354 	 44.0000 	 2.3574 	 2.0567 	 -2.1020 	 1.3339 	 0.0000 	 1.1637 	 0.0207 
47.0000 	 3.8797 	 3.5319 	 3.9025 	 -5.0236 	 0.0000 	 0.0001 	 254.1747 	 47.0000 	 2.5808 	 2.5085 	 9.5768 	 -1.2480 	 0.0000 	 2.0436 	 0.0048 
40.0000 	 2.6266 	 5.5176 	 -1.4258 	 1.2402 	 0.0000 	 0.0516 	 237.5345 	 40.0000 	 0.5130 	 4.1431 	 -5.4271 	 -1.2263 	 0.0000 	 1.8866 	 0.2860 
43.0000 	 3.9295 	 4.5203 	 -10.1829 	 -3.0576 	 0.0000 	 0.0013 	 268.6259 	 43.0000 	 0.9901 	 8.4165 	 9.7135 	 -0.0800 	 0.0000 	 1.4249 	 0.0007 
44.0000 	 3.4728 	 11.9110 	 2.2247 	 -3.1482 	 0.0000 	 0.0008 	 256.2160 	 44.0000 	 0.7180 	 2.4448 	 3.4201 	 4.5618 	 0.0000 	 0.6350 	 0.0155 
42.0000 	 3.8891 	 2.0830 	 -31.2712 	 -7.4761 	 0.0000 	 2.1895 	 268.6247 	 42.0000 	 1.5046 	 8.4164 	 3.2697 	 -2.0743 	 0.0000 	 2.9903 	 0.0011 
44.0000 	 4.0221 	 17.6881 	 -37.4407 	 -25.0253 	 0.0000 	 3.1980 	 268.6266 	 44.0000 	 0.8141 	 3.3701 	 -1.0680 	 1.9995 	 0.0000 	 2.9996 	 0.0011 
43.0000 	 3.6990 	 4.0566 	 3.6627 	 -3.4156 	 0.0000 	 0.0002 	 254.2106 	 43.0000 	 1.4250 	 6.4130 	 -2.7448 	 -1.7214 	 0.0000 	 0.5404 	 0.0042 
42.0000 	 2.9647 	 14.3650 	 -1.3328 	 -2.0560 	 0.0000 	 0.0043 	 256.5226 	 42.0000 	 0.8063 	 7.3256 	 -5.4940 	 1.4343 	 0.0000 	 2.3192 	 0.0091 
44.0000 	 3.6051 	 10.1514 	 5.9863 	 -5.3418 	 0.0000 	 0.0023 	 259.3311 	 44.0000 	 0.9931 	 1.7891 	 6.5249 	 -1.3949 	 0.0000 	 0.7059 	 0.0909 
44.0000 	 3.2977 	 6.0713 	 1.5030 	 -0.4330 	 0.0000 	 0.0000 	 256.8361 	 44.0000 	 1.9156 	 7.6052 	 5.9140 	 -3.1725 	 0.0000 	 1.6652 	 0.0102 
38.0000 	 3.6307 	 0.0018 	 -9.7327 	 -10.8368 	 0.0000 	 0.0000 	 268.5640 	 38.0000 	 2.3683 	 5.7696 	 1.7670 	 -3.7809 	 0.0000 	 0.4074 	 0.0017 
42.0000 	 4.5656 	 32.2284 	 24.3948 	 -19.6399 	 0.0000 	 10.0000 	 268.8935 	 42.0000 	 1.1364 	 3.8941 	 -1.1346 	 1.1205 	 0.0000 	 0.2703 	 0.0044 
43.0000 	 3.8642 	 0.6970 	 -4.4000 	 0.7883 	 0.0000 	 0.0018 	 200.5834 	 43.0000 	 2.8433 	 1.2987 	 8.0604 	 -3.5512 	 0.0000 	 1.6529 	 0.0466 
41.0000 	 3.5611 	 4.7939 	 3.7113 	 -5.0494 	 0.0000 	 0.0000 	 254.2601 	 41.0000 	 0.6739 	 3.1515 	 -1.9149 	 1.5316 	 0.0000 	 1.9367 	 0.0063 
40.0000 	 3.2148 	 14.7448 	 1.8455 	 -5.3296 	 0.0000 	 0.0156 	 254.6446 	 40.0000 	 0.6574 	 2.4599 	 2.8001 	 0.7103 	 0.0000 	 2.9269 	 0.0138 
40.0000 	 3.2781 	 9.0142 	 2.5633 	 -4.0674 	 0.0000 	 0.0965 	 254.4452 	 40.0000 	 0.0556 	 7.3211 	 0.6727 	 -4.5807 	 0.0000 	 1.8398 	 0.0059 
41.0000 	 3.7543 	 3.5492 	 3.9130 	 -3.5599 	 0.0000 	 0.1558 	 254.1980 	 41.0000 	 2.1963 	 7.7790 	 -0.2648 	 2.1909 	 0.0000 	 2.3969 	 0.0381 
39.0000 	 3.3229 	 6.4956 	 2.7705 	 -2.9330 	 0.0000 	 0.0243 	 254.4264 	 39.0000 	 1.6304 	 4.3890 	 -5.9370 	 0.1903 	 0.0000 	 2.1357 	 0.0069 
37.0000 	 3.5353 	 3.8770 	 3.3887 	 -2.1680 	 0.0000 	 0.0000 	 254.9385 	 37.0000 	 0.2316 	 7.4939 	 1.8876 	 3.9960 	 0.0000 	 2.0170 	 0.6201 
39.0000 	 3.6970 	 22.1478 	 -60.1988 	 -9.2652 	 0.0000 	 0.2627 	 268.6291 	 39.0000 	 0.0775 	 2.5330 	 -5.7276 	 0.6031 	 0.0000 	 1.7867 	 0.0014 
40.0000 	 2.8721 	 2.1450 	 0.6714 	 1.7280 	 0.0000 	 0.0023 	 259.3823 	 40.0000 	 1.6727 	 3.1226 	 7.3470 	 4.3847 	 0.0000 	 0.5173 	 0.0113 
41.0000 	 2.7639 	 48.8820 	 -13.5943 	 -2.4950 	 0.0000 	 0.0007 	 259.1379 	 41.0000 	 0.8571 	 0.3854 	 -8.8188 	 3.2048 	 0.0000 	 0.0799 	 0.0098 
38.0000 	 3.7718 	 7.5253 	 -30.4613 	 -12.5507 	 0.0000 	 0.0001 	 268.6140 	 38.0000 	 1.8643 	 8.2613 	 1.8453 	 -3.6546 	 0.0000 	 1.5249 	 0.0014 
38.0000 	 3.7088 	 8.5620 	 5.2197 	 0.5920 	 0.0000 	 0.0169 	 257.1260 	 38.0000 	 2.4814 	 6.5541 	 1.6478 	 -1.8777 	 0.0000 	 0.0218 	 0.0549 
33.0000 	 3.4068 	 4.6503 	 -12.3511 	 -3.7825 	 0.0000 	 0.0002 	 268.6386 	 33.0000 	 2.2600 	 0.7898 	 4.2195 	 3.8435 	 0.0000 	 0.3201 	 0.0014 
33.0000 	 3.2509 	 3.2909 	 4.0139 	 -5.2776 	 0.0000 	 0.0005 	 254.1772 	 33.0000 	 0.3860 	 9.7009 	 8.8383 	 1.7458 	 0.0000 	 0.2329 	 0.0065 
33.0000 	 2.9090 	 11.5280 	 1.8394 	 -4.0661 	 0.0000 	 0.0296 	 254.4080 	 33.0000 	 1.6996 	 3.9353 	 -2.1530 	 -1.2011 	 0.0000 	 2.0715 	 0.0120 
35.0000 	 3.4249 	 2.0598 	 4.2302 	 -5.3959 	 0.0000 	 0.2383 	 254.1937 	 35.0000 	 1.6249 	 7.6228 	 -5.0199 	 -3.2554 	 0.0000 	 1.4438 	 0.0271 
34.0000 	 2.8437 	 14.0825 	 0.5839 	 -3.2386 	 0.0000 	 0.1426 	 254.8576 	 34.0000 	 2.6787 	 5.2088 	 -9.6966 	 -1.5786 	 0.0000 	 1.1317 	 0.0056 
25.0000 	 2.5340 	 13.4695 	 1.8919 	 -3.8267 	 0.0000 	 0.0000 	 255.2263 	 25.0000 	 0.8473 	 8.5044 	 4.9004 	 0.1427 	 0.0000 	 1.2151 	 0.0097 
32.0000 	 2.4625 	 5.9338 	 -13.7036 	 1.5588 	 0.0000 	 0.0000 	 261.4161 	 32.0000 	 1.2042 	 5.2047 	 -5.1559 	 -1.6324 	 0.0000 	 1.3605 	 0.0272 
34.0000 	 3.0891 	 6.8315 	 2.8401 	 -3.5576 	 0.0000 	 0.0078 	 254.2336 	 34.0000 	 1.6421 	 1.3590 	 -6.5369 	 -3.1462 	 0.0000 	 1.9086 	 0.0097 
35.0000 	 3.2604 	 11.1112 	 3.5529 	 0.1558 	 0.0000 	 0.0094 	 257.9880 	 35.0000 	 2.4668 	 1.7648 	 3.2344 	 -1.4449 	 0.0000 	 1.6527 	 0.0232 
31.0000 	 4.0319 	 3.3051 	 6.5981 	 -13.4901 	 0.0000 	 0.0000 	 267.3450 	 31.0000 	 0.5513 	 9.0412 	 1.9628 	 4.5284 	 0.0000 	 0.7921 	 0.0369 
29.0000 	 2.7216 	 13.7798 	 2.1101 	 -5.6367 	 0.0000 	 0.0002 	 254.4357 	 29.0000 	 0.3347 	 9.7571 	 8.9386 	 -0.4420 	 0.0000 	 0.2237 	 0.0079 
32.0000 	 3.4567 	 7.9956 	 3.5645 	 1.9519 	 0.0000 	 0.0498 	 255.8993 	 32.0000 	 1.2399 	 8.1536 	 -4.0620 	 -0.3182 	 0.0000 	 0.7310 	 0.9243 
36.0000 	 3.0624 	 10.4029 	 2.1613 	 -4.1341 	 0.0000 	 0.0013 	 254.4050 	 36.0000 	 2.5167 	 6.3675 	 -6.3777 	 -1.5599 	 0.0000 	 2.3408 	 0.0057 
34.0000 	 3.2793 	 4.1571 	 3.5153 	 -2.7219 	 0.0000 	 0.0000 	 254.3343 	 34.0000 	 0.5458 	 9.7729 	 0.5609 	 3.5428 	 0.0000 	 2.1428 	 0.0076 
37.0000 	 3.1847 	 7.8310 	 2.5905 	 -3.6290 	 0.0000 	 0.0384 	 254.3410 	 37.0000 	 0.9897 	 7.0440 	 -4.4429 	 0.9252 	 0.0000 	 1.3605 	 0.0067 
33.0000 	 3.0027 	 7.5548 	 2.7912 	 -3.8416 	 0.0000 	 0.1170 	 254.2477 	 33.0000 	 1.7786 	 3.8317 	 -4.9856 	 0.9076 	 0.0000 	 1.9052 	 0.0067 
33.0000 	 3.1409 	 3.0835 	 4.1213 	 -7.3377 	 0.0000 	 0.0000 	 254.6730 	 33.0000 	 2.3100 	 4.8476 	 7.3329 	 -4.5063 	 0.0000 	 1.5903 	 0.0061 
30.0000 	 2.8236 	 9.2111 	 2.5086 	 -4.2876 	 0.0000 	 0.0096 	 254.2195 	 30.0000 	 2.2783 	 3.9385 	 5.7374 	 1.9238 	 0.0000 	 2.5584 	 0.0046 
31.0000 	 2.9449 	 7.2848 	 2.6952 	 -3.2794 	 0.0000 	 0.0249 	 254.2894 	 31.0000 	 1.2574 	 8.4369 	 -8.5077 	 -2.5530 	 0.0000 	 2.3462 	 0.0062 
30.0000 	 2.9508 	 5.6510 	 3.4943 	 -6.5464 	 0.0000 	 0.4535 	 254.3331 	 30.0000 	 2.6957 	 9.2890 	 -5.4075 	 -2.9796 	 0.0000 	 0.6595 	 0.0053 
31.0000 	 2.6229 	 10.2199 	 0.0641 	 -0.6448 	 0.0000 	 0.0279 	 240.9761 	 31.0000 	 2.1304 	 0.3819 	 4.5888 	 1.3073 	 0.0000 	 1.1336 	 0.0162 
32.0000 	 3.0884 	 5.3239 	 3.4723 	 -4.1326 	 0.0000 	 0.0001 	 254.1534 	 32.0000 	 1.1924 	 7.2676 	 2.7455 	 -3.3243 	 0.0000 	 2.4977 	 0.0069 
33.0000 	 3.1074 	 5.5884 	 3.3426 	 -4.2068 	 0.0000 	 0.2290 	 254.1618 	 33.0000 	 2.8427 	 5.5721 	 -5.5186 	 0.6963 	 0.0000 	 2.5719 	 0.0057 
26.0000 	 2.6072 	 18.1555 	 1.2579 	 -5.3233 	 0.0000 	 0.0002 	 254.7015 	 26.0000 	 1.8621 	 9.4712 	 -1.6727 	 4.8852 	 0.0000 	 0.2141 	 0.0096 
33.0000 	 3.0420 	 6.3285 	 2.9697 	 -4.2679 	 0.0000 	 0.4652 	 254.3384 	 33.0000 	 2.5636 	 9.2728 	 2.2879 	 -4.7791 	 0.0000 	 1.5224 	 0.0079 
32.0000 	 3.7786 	 1.7802 	 4.6830 	 -2.3882 	 0.0000 	 0.0001 	 255.0835 	 32.0000 	 1.0787 	 5.4131 	 -1.3056 	 -2.3211 	 0.0000 	 1.1953 	 0.0065 
25.0000 	 2.3516 	 18.3725 	 -0.9351 	 -3.2034 	 0.0000 	 0.0000 	 254.8872 	 25.0000 	 0.2471 	 4.2570 	 1.1207 	 -4.9147 	 0.0000 	 0.2300 	 0.0053 
28.0000 	 3.0286 	 4.1770 	 2.9170 	 -1.6726 	 0.0000 	 0.0032 	 255.6513 	 28.0000 	 2.0402 	 0.9482 	 -2.2687 	 -2.7896 	 0.0000 	 1.4138 	 0.0073 
25.0000 	 2.3914 	 4.8730 	 1.9531 	 0.6885 	 0.0000 	 0.4020 	 240.6623 	 25.0000 	 2.3877 	 4.8742 	 -8.0505 	 0.6895 	 0.0000 	 0.4034 	 0.3267 
25.0000 	 2.5165 	 10.1104 	 2.0434 	 -3.8600 	 0.0000 	 0.0000 	 254.2252 	 25.0000 	 0.9816 	 5.3854 	 5.7053 	 1.8979 	 0.0000 	 1.9723 	 0.0098 
31.0000 	 2.8484 	 9.5996 	 2.0575 	 -3.5935 	 0.0000 	 0.0106 	 254.3492 	 31.0000 	 0.1475 	 2.1121 	 -1.7823 	 -0.6260 	 0.0000 	 2.4067 	 0.0103 
29.0000 	 2.7794 	 8.0087 	 2.5189 	 -3.5263 	 0.0000 	 0.1012 	 254.2296 	 29.0000 	 2.7102 	 6.7180 	 9.1762 	 4.9218 	 0.0000 	 1.0456 	 0.0064 
28.0000 	 3.1000 	 2.8209 	 3.9834 	 -3.2858 	 0.0000 	 0.0010 	 254.2435 	 28.0000 	 1.5050 	 2.7386 	 -2.1880 	 -4.6644 	 0.0000 	 1.5859 	 0.0106 
28.0000 	 2.7803 	 6.9551 	 2.7279 	 -3.0731 	 0.0000 	 0.0000 	 254.2368 	 28.0000 	 0.3993 	 0.7408 	 -6.4448 	 -1.6540 	 0.0000 	 0.1032 	 0.0089 
20.0000 	 2.8149 	 0.5666 	 4.0604 	 -5.6130 	 0.0000 	 0.7631 	 255.0892 	 20.0000 	 2.0308 	 8.8195 	 2.8370 	 3.2498 	 0.0000 	 2.9867 	 0.0101 
28.0000 	 3.1480 	 0.0545 	 -11.4333 	 -2.8563 	 0.0000 	 0.0636 	 268.6484 	 28.0000 	 1.6005 	 9.0291 	 -7.4870 	 -1.7481 	 0.0000 	 1.9029 	 0.0016 
24.0000 	 3.0626 	 0.0000 	 -9.6920 	 7.7110 	 0.0000 	 5.6495 	 259.4592 	 24.0000 	 1.1524 	 1.7303 	 8.5382 	 -2.4861 	 0.0000 	 2.4511 	 0.0032 
24.0000 	 2.3937 	 13.4964 	 1.0937 	 -3.8029 	 0.0000 	 0.1540 	 254.4124 	 24.0000 	 2.9999 	 3.7621 	 -9.7562 	 2.6734 	 0.0000 	 0.1576 	 0.0056 
18.0000 	 2.2738 	 5.4108 	 3.3855 	 -4.1423 	 0.0000 	 0.1878 	 254.2629 	 18.0000 	 2.3609 	 7.2206 	 0.0948 	 0.0752 	 0.0000 	 2.8309 	 0.0049 
28.0000 	 2.7500 	 7.7050 	 2.6480 	 -3.5076 	 0.0000 	 0.0000 	 254.2065 	 28.0000 	 2.9463 	 0.5462 	 2.8324 	 -3.0392 	 0.0000 	 0.1276 	 0.0066 
18.0000 	 1.9115 	 10.0829 	 -0.3652 	 -1.2968 	 0.0000 	 0.0009 	 255.7270 	 18.0000 	 1.4663 	 3.3326 	 7.0004 	 0.6994 	 0.0000 	 1.4981 	 0.0168 
21.0000 	 2.4312 	 5.0015 	 3.1481 	 -2.9100 	 0.0000 	 0.0027 	 254.3679 	 21.0000 	 2.4629 	 8.6767 	 -1.7971 	 -1.7692 	 0.0000 	 2.6863 	 0.0070 
28.0000 	 2.5437 	 13.6126 	 0.2614 	 -2.8482 	 0.0000 	 0.0865 	 254.8089 	 28.0000 	 0.6735 	 0.3749 	 4.6298 	 3.7108 	 0.0000 	 2.4036 	 0.0064 
22.0000 	 2.2651 	 26.0221 	 -0.2252 	 -5.6302 	 0.0000 	 0.4009 	 254.5421 	 22.0000 	 1.2233 	 2.5731 	 -6.0192 	 0.3060 	 0.0000 	 2.3749 	 0.0062 
26.0000 	 2.5433 	 4.5623 	 1.2256 	 -3.1995 	 0.0000 	 1.8636 	 256.2480 	 26.0000 	 1.4072 	 6.3077 	 1.0816 	 2.2789 	 0.0000 	 2.9436 	 0.0027 
22.0000 	 2.1803 	 15.7485 	 -0.6680 	 -2.7751 	 0.0000 	 0.0016 	 254.8063 	 22.0000 	 2.6833 	 1.0865 	 -4.9001 	 -0.5898 	 0.0000 	 2.0541 	 0.0065 
23.0000 	 2.4946 	 7.3673 	 2.6906 	 -3.5974 	 0.0000 	 0.0000 	 254.1431 	 23.0000 	 2.9605 	 4.6860 	 5.9171 	 -1.8312 	 0.0000 	 1.4451 	 0.0044 
22.0000 	 2.2940 	 2.6411 	 -9.0127 	 3.1689 	 0.0000 	 0.0002 	 262.6807 	 22.0000 	 1.2790 	 6.8340 	 -7.9645 	 -4.8660 	 0.0000 	 0.5387 	 0.0121 
22.0000 	 2.7293 	 6.5314 	 -19.6743 	 -2.1083 	 0.0000 	 0.0001 	 268.6920 	 22.0000 	 1.6937 	 3.2464 	 2.7917 	 -0.8822 	 0.0000 	 0.8918 	 0.0022 
20.0000 	 2.1526 	 10.3475 	 0.8785 	 -2.2719 	 0.0000 	 0.0264 	 254.6214 	 20.0000 	 1.8734 	 4.1248 	 2.2328 	 -0.7805 	 0.0000 	 1.7943 	 0.0067 
27.0000 	 2.7612 	 6.6121 	 3.3547 	 -5.0390 	 0.0000 	 0.0040 	 254.2365 	 27.0000 	 2.1546 	 7.6264 	 3.1021 	 4.8605 	 0.0000 	 1.4120 	 0.0063 
20.0000 	 2.2395 	 6.7848 	 1.8659 	 -1.5479 	 0.0000 	 0.4445 	 255.0536 	 20.0000 	 2.0048 	 1.1212 	 -9.6935 	 4.5538 	 0.0000 	 0.9317 	 0.0118 
21.0000 	 2.3588 	 7.2319 	 2.4765 	 -2.8642 	 0.0000 	 0.0117 	 254.2705 	 21.0000 	 2.8401 	 0.7210 	 -0.3568 	 1.5365 	 0.0000 	 2.5488 	 0.0069 
19.0000 	 2.1473 	 13.2535 	 1.1403 	 -3.6982 	 0.0000 	 0.0005 	 254.3155 	 19.0000 	 1.5072 	 8.8163 	 5.4045 	 2.0912 	 0.0000 	 1.9157 	 0.0047 
23.0000 	 2.2667 	 28.0506 	 -1.5190 	 -4.5618 	 0.0000 	 0.0050 	 254.6269 	 23.0000 	 0.5924 	 3.3156 	 -9.8751 	 -2.4383 	 0.0000 	 1.4175 	 0.0056 
20.0000 	 2.4825 	 6.7348 	 -7.4706 	 -4.0451 	 0.0000 	 0.0002 	 268.7144 	 20.0000 	 0.3774 	 6.7645 	 0.0190 	 3.5539 	 0.0000 	 0.9959 	 0.0033 
19.0000 	 2.2197 	 13.2461 	 1.3824 	 -4.1382 	 0.0000 	 0.0000 	 254.7101 	 19.0000 	 0.0302 	 9.4069 	 7.8787 	 1.7340 	 0.0000 	 1.7718 	 0.0136 
20.0000 	 2.4253 	 5.7260 	 3.6568 	 -1.4288 	 0.0000 	 0.0000 	 255.9288 	 20.0000 	 2.4396 	 9.0880 	 -4.7360 	 3.2369 	 0.0000 	 0.7739 	 0.0079 
16.0000 	 2.1352 	 5.5814 	 3.1313 	 -3.0354 	 0.0000 	 0.0000 	 254.4295 	 16.0000 	 1.1683 	 7.9618 	 -7.6288 	 -0.5320 	 0.0000 	 0.7190 	 0.0058 
8.0000 	 1.3847 	 7.4904 	 1.9659 	 -2.2021 	 0.0000 	 0.0000 	 255.7978 	 8.0000 	 0.0265 	 6.1759 	 8.1798 	 4.9143 	 0.0000 	 0.9681 	 0.1096 
15.0000 	 1.8453 	 5.2008 	 -4.4127 	 0.9442 	 0.0000 	 4.3910 	 258.5416 	 15.0000 	 1.7855 	 9.7571 	 8.6887 	 -1.0171 	 0.0000 	 2.0945 	 0.0087 
14.0000 	 1.6314 	 20.0600 	 -2.6341 	 -2.5587 	 0.0000 	 0.0004 	 255.0165 	 14.0000 	 0.7838 	 2.2953 	 8.7560 	 -2.7572 	 0.0000 	 0.6630 	 0.0058 
1.0000 	 0.3132 	 0.3613 	 3.8867 	 -7.0410 	 0.0000 	 0.0001 	 244.6327 	 1.0000 	 1.5906 	 5.2132 	 9.2801 	 2.0612 	 0.0000 	 0.0159 	 0.3046 
15.0000 	 2.2818 	 7.8809 	 1.9727 	 -1.8652 	 0.0000 	 0.0002 	 246.0319 	 15.0000 	 1.9106 	 6.9514 	 -5.3178 	 -3.8056 	 0.0000 	 0.3026 	 0.2955 
15.0000 	 2.0595 	 5.1541 	 3.0383 	 -1.9309 	 0.0000 	 0.0000 	 254.8620 	 15.0000 	 1.4413 	 8.7367 	 5.1621 	 0.5269 	 0.0000 	 2.2148 	 0.0123 
9.0000 	 1.9100 	 2.0471 	 4.0381 	 -7.4609 	 0.0000 	 0.0025 	 259.1576 	 9.0000 	 0.3429 	 5.2607 	 1.4236 	 -1.6526 	 0.0000 	 2.2381 	 0.0359 
9.0000 	 1.1205 	 9.9209 	 -4.3862 	 -0.4695 	 0.0000 	 0.5094 	 258.6450 	 9.0000 	 2.9336 	 5.5895 	 -8.4714 	 -4.9990 	 0.0000 	 1.1398 	 0.0249 
15.0000 	 1.8647 	 15.0600 	 1.0999 	 -4.2452 	 0.0000 	 0.2222 	 254.4174 	 15.0000 	 2.1912 	 5.2187 	 9.1604 	 3.7075 	 0.0000 	 0.2735 	 0.0048 
21.0000 	 2.1985 	 34.1864 	 -1.0125 	 -6.1301 	 0.0000 	 0.0148 	 254.6547 	 21.0000 	 2.9118 	 9.7285 	 -7.0244 	 -0.4096 	 0.0000 	 1.9504 	 0.0091 
13.0000 	 1.9649 	 4.4365 	 3.6052 	 -3.7029 	 0.0000 	 0.0001 	 254.7298 	 13.0000 	 2.1555 	 5.6531 	 6.3829 	 -2.8400 	 0.0000 	 2.5954 	 0.0091 
6.0000 	 1.0151 	 9.5815 	 0.1517 	 -1.8418 	 0.0000 	 0.3799 	 257.0052 	 6.0000 	 0.7365 	 7.3383 	 -3.9092 	 -0.7970 	 0.0000 	 1.3542 	 0.0399 
11.0000 	 1.6675 	 6.4754 	 1.6595 	 -1.6747 	 0.0000 	 0.0237 	 255.6309 	 11.0000 	 2.6145 	 5.1127 	 -8.3944 	 -2.3390 	 0.0000 	 1.3991 	 0.0116 
10.0000 	 1.4900 	 14.8891 	 1.0614 	 -4.1701 	 0.0000 	 0.1897 	 255.0495 	 10.0000 	 2.8198 	 0.2302 	 -5.0665 	 3.3907 	 0.0000 	 0.7783 	 0.0154 
8.0000 	 1.1651 	 5.1251 	 -2.6648 	 1.6064 	 0.0000 	 0.2375 	 261.4163 	 8.0000 	 0.9404 	 9.8443 	 -0.4849 	 3.4434 	 0.0000 	 1.2094 	 0.0460 
14.0000 	 1.8988 	 7.3203 	 2.4583 	 -3.2230 	 0.0000 	 0.0005 	 254.4603 	 14.0000 	 1.5536 	 7.8250 	 8.4172 	 0.5420 	 0.0000 	 1.9111 	 0.0087 
14.0000 	 1.9680 	 4.8918 	 2.6592 	 -0.6893 	 0.0000 	 0.0000 	 255.2776 	 14.0000 	 2.7825 	 3.3349 	 -8.1608 	 3.7707 	 0.0000 	 0.0652 	 0.0118 
9.0000 	 1.5201 	 8.0166 	 3.1413 	 -10.6781 	 0.0000 	 0.0006 	 257.0952 	 9.0000 	 1.3136 	 7.3061 	 2.8976 	 -2.5829 	 0.0000 	 2.8144 	 0.0794 
9.0000 	 1.5000 	 9.4679 	 2.6928 	 -7.4023 	 0.0000 	 0.0000 	 256.7597 	 9.0000 	 1.6377 	 5.9871 	 0.5451 	 -4.2089 	 0.0000 	 2.1503 	 0.0224 
19.0000 	 2.3564 	 4.7788 	 3.5259 	 -3.5662 	 0.0000 	 0.0005 	 254.3307 	 19.0000 	 0.9443 	 2.1800 	 -3.3860 	 3.4604 	 0.0000 	 2.2793 	 0.0119 
8.0000 	 1.3697 	 4.8987 	 1.3934 	 -0.4028 	 0.0000 	 0.0000 	 257.3092 	 8.0000 	 0.0710 	 3.8963 	 7.2490 	 4.5699 	 0.0000 	 2.7693 	 0.0203 
8.0000 	 1.3522 	 8.9522 	 1.4287 	 -2.2852 	 0.0000 	 0.0001 	 255.7849 	 8.0000 	 2.7146 	 5.2398 	 8.8528 	 0.5218 	 0.0000 	 1.0837 	 0.0387 
1.0000 	 0.1534 	 3.6987 	 3.2935 	 -2.6526 	 0.0000 	 0.0000 	 261.2061 	 1.0000 	 1.6824 	 4.2071 	 -2.8620 	 3.9966 	 0.0000 	 1.5664 	 0.1411 
6.0000 	 0.8922 	 7.7860 	 -2.1503 	 -0.3226 	 0.0000 	 0.0025 	 259.2337 	 6.0000 	 0.3817 	 4.0351 	 3.7673 	 -4.7816 	 0.0000 	 2.4445 	 0.0292 
1.0000 	 0.1356 	 4.3184 	 3.1555 	 -2.2211 	 0.0000 	 0.0419 	 259.6974 	 1.0000 	 2.8744 	 1.7719 	 9.0174 	 -4.8590 	 0.0000 	 1.8028 	 0.1352 
15.0000 	 1.6976 	 12.4609 	 -1.1222 	 -1.7356 	 0.0000 	 0.0000 	 255.2751 	 15.0000 	 1.1094 	 3.2214 	 -6.2083 	 4.7439 	 0.0000 	 1.7333 	 0.0068 
5.0000 	 0.9795 	 11.9447 	 0.9108 	 -2.9848 	 0.0000 	 0.2142 	 257.2964 	 5.0000 	 0.1641 	 9.9626 	 4.1562 	 4.0962 	 0.0000 	 2.6513 	 0.0384 
2.0000 	 0.6637 	 2.5987 	 3.7446 	 -2.6636 	 0.0000 	 0.0000 	 258.4137 	 2.0000 	 0.2086 	 3.6789 	 -4.2437 	 0.5278 	 0.0000 	 2.1942 	 0.2472 
15.0000 	 1.9320 	 9.6712 	 1.9383 	 -3.2003 	 0.0000 	 0.0005 	 254.4147 	 15.0000 	 2.3372 	 8.9484 	 -5.0878 	 3.7177 	 0.0000 	 0.0271 	 0.0082 
9.0000 	 1.4838 	 7.3460 	 2.4073 	 -3.0927 	 0.0000 	 0.2092 	 255.2934 	 9.0000 	 1.7555 	 6.5394 	 -9.0220 	 3.9567 	 0.0000 	 0.5285 	 0.0168 
6.0000 	 1.4610 	 5.5458 	 4.1507 	 -0.4806 	 0.0000 	 0.0006 	 258.3326 	 6.0000 	 0.9143 	 8.6666 	 -9.1073 	 1.0235 	 0.0000 	 2.2828 	 0.0696 
5.0000 	 0.8603 	 17.2002 	 -1.9746 	 -2.3919 	 0.0000 	 0.0123 	 257.8737 	 5.0000 	 0.4502 	 8.1377 	 -1.8275 	 -4.2217 	 0.0000 	 1.4670 	 0.0447 
49.0000 	 4.3160 	 0.8354 	 -46.1986 	 -20.6489 	 0.0000 	 0.0000 	 268.6240 	 49.0000 	 2.3852 	 3.5363 	 9.4236 	 -4.0253 	 0.0000 	 0.2617 	 0.0006 
49.0000 	 4.2383 	 6.9036 	 -9.9277 	 -18.2684 	 0.0000 	 0.0005 	 268.6214 	 49.0000 	 1.0592 	 2.3410 	 7.1611 	 4.6294 	 0.0000 	 2.7878 	 0.0006 
                                                                                                                                                        48.0000 	 3.8726 	 5.7542 	 3.8018 	 -6.4750 	 0.0000 	 0.0000 	 254.9836 	 48.0000 	 0.5875 	 3.9526 	 9.4537 	 3.1939 	 0.0000 	 1.2220 	 0.0120 
48.0000 	 3.5022 	 13.8204 	 1.5900 	 -4.3643 	 0.0000 	 0.2031 	 254.9140 	 48.0000 	 2.3933 	 2.9392 	 8.2924 	 3.3666 	 0.0000 	 1.4430 	 0.0073 
                                                                                                                                                      42.0000 	 3.8815 	 3.2351 	 -4.8281 	 -10.2676 	 0.0000 	 0.0000 	 268.6264 	 42.0000 	 0.7845 	 8.5123 	 9.1418 	 1.6714 	 0.0000 	 2.0421 	 0.0010 
42.0000 	 3.4039 	 7.8615 	 2.7149 	 -3.7566 	 0.0000 	 0.0000 	 254.4102 	 42.0000 	 1.1208 	 8.8062 	 6.2215 	 -0.9352 	 0.0000 	 0.7196 	 0.0085 
                                                                                                                                                     40.0000 	 3.5527 	 4.1998 	 3.6782 	 -3.4151 	 0.0000 	 0.1624 	 254.2225 	 40.0000 	 0.7283 	 0.3513 	 -6.6925 	 2.0554 	 0.0000 	 0.5563 	 0.0051 
39.0000 	 3.2317 	 10.5926 	 2.4125 	 -4.8713 	 0.0000 	 0.0069 	 254.4570 	 39.0000 	 2.7134 	 3.2594 	 -8.3459 	 -0.0745 	 0.0000 	 0.4758 	 0.0083 
                                                                                                                                                       38.0000 	 3.2567 	 8.2715 	 3.3008 	 -4.1650 	 0.0000 	 0.0035 	 254.3323 	 38.0000 	 0.1196 	 0.7432 	 -4.7508 	 -2.5021 	 0.0000 	 2.1226 	 0.2071 
                                                                                                                                                        38.0000 	 3.4288 	 4.0815 	 3.6437 	 -3.8391 	 0.0000 	 0.2714 	 254.1872 	 38.0000 	 1.5226 	 1.4878 	 -3.1965 	 -1.6436 	 0.0000 	 2.3651 	 0.0039 
37.0000 	 2.7793 	 7.2433 	 -0.4967 	 -0.6452 	 0.0000 	 1.2202 	 257.2833 	 37.0000 	 2.2956 	 6.4114 	 0.6822 	 4.9205 	 0.0000 	 0.9154 	 0.0151 
37.0000 	 2.9527 	 13.0197 	 -0.8569 	 -0.6378 	 0.0000 	 0.0003 	 258.9251 	 37.0000 	 2.0500 	 7.2362 	 -4.5060 	 0.5005 	 0.0000 	 0.3044 	 0.0100 
38.0000 	 3.1458 	 11.5696 	 1.8274 	 -3.8601 	 0.0000 	 0.0030 	 254.6034 	 38.0000 	 1.0078 	 2.4709 	 7.7291 	 -0.7946 	 0.0000 	 2.3633 	 0.0070 
36.0000 	 3.2454 	 5.9301 	 3.5175 	 -5.2502 	 0.0000 	 0.0000 	 254.2727 	 36.0000 	 2.8614 	 2.6144 	 -1.2075 	 3.5765 	 0.0000 	 0.3454 	 0.0069 
35.0000 	 3.1422 	 7.0603 	 2.7220 	 -3.2447 	 0.0000 	 0.0294 	 254.3265 	 35.0000 	 0.2805 	 6.5097 	 6.4263 	 2.0599 	 0.0000 	 0.4817 	 0.0097 
35.0000 	 3.5826 	 2.2009 	 -9.5888 	 -3.2113 	 0.0000 	 0.0000 	 268.6390 	 35.0000 	 0.7324 	 6.3290 	 -1.9420 	 3.2733 	 0.0000 	 2.6951 	 0.0010 
                                                                                                                                                     31.0000 	 3.0315 	 5.1536 	 3.2484 	 -2.9920 	 0.0000 	 0.0000 	 254.2361 	 31.0000 	 1.9566 	 4.1029 	 6.9854 	 -4.8483 	 0.0000 	 1.9875 	 0.0052 
37.0000 	 2.9963 	 18.2744 	 0.6823 	 -4.6010 	 0.0000 	 0.0014 	 254.7549 	 37.0000 	 0.9463 	 2.3333 	 5.6246 	 -2.8242 	 0.0000 	 2.5888 	 0.0065 
29.0000 	 2.7158 	 9.9669 	 1.5832 	 -2.7862 	 0.0000 	 0.0022 	 254.5862 	 29.0000 	 2.4036 	 6.5184 	 1.2378 	 4.1869 	 0.0000 	 2.4642 	 0.0089 
32.0000 	 3.0640 	 6.0596 	 3.2360 	 -4.1805 	 0.0000 	 0.0000 	 254.1506 	 32.0000 	 1.9480 	 7.2571 	 5.2218 	 0.1254 	 0.0000 	 1.0709 	 0.0060 
28.0000 	 2.6314 	 12.5401 	 1.5290 	 -4.0377 	 0.0000 	 0.0000 	 254.3927 	 28.0000 	 1.5973 	 4.8521 	 -3.6061 	 1.0474 	 0.0000 	 0.1159 	 0.0059 
28.0000 	 3.3185 	 11.4510 	 -4.3370 	 -26.0244 	 0.0000 	 0.0306 	 268.4986 	 28.0000 	 2.5876 	 6.0495 	 3.1439 	 1.4894 	 0.0000 	 1.7444 	 0.0018 
26.0000 	 2.8594 	 4.0929 	 3.7976 	 -4.7572 	 0.0000 	 0.0003 	 254.1508 	 26.0000 	 1.1341 	 8.8697 	 4.7068 	 -2.4730 	 0.0000 	 1.5448 	 0.0250 
31.0000 	 2.8651 	 19.1276 	 1.0843 	 -5.3633 	 0.0000 	 0.0492 	 254.8975 	 31.0000 	 2.9387 	 0.1263 	 -4.2344 	 4.8944 	 0.0000 	 0.5195 	 0.0079 
27.0000 	 2.5075 	 16.7930 	 0.4722 	 -3.8924 	 0.0000 	 0.1028 	 254.5545 	 27.0000 	 1.0413 	 4.6881 	 1.0332 	 -0.4263 	 0.0000 	 1.9853 	 0.0064 
24.0000 	 2.4572 	 10.6772 	 1.8304 	 -3.5560 	 0.0000 	 0.0000 	 254.2643 	 24.0000 	 2.8914 	 8.6102 	 0.0324 	 4.7359 	 0.0000 	 0.3409 	 0.0056 
29.0000 	 3.5631 	 2.1436 	 2.8223 	 -4.2725 	 0.0000 	 0.0002 	 241.7113 	 29.0000 	 1.5121 	 4.7994 	 -2.9018 	 2.6528 	 0.0000 	 1.6814 	 0.5168 
22.0000 	 2.7120 	 3.4428 	 -24.0622 	 -10.6069 	 0.0000 	 0.0001 	 268.6791 	 22.0000 	 0.2524 	 1.0316 	 0.7673 	 0.6134 	 0.0000 	 1.4688 	 0.0086 
27.0000 	 2.4590 	 6.2994 	 0.0153 	 0.0047 	 0.0000 	 0.9912 	 257.2119 	 27.0000 	 0.4332 	 1.5402 	 -1.1129 	 4.9245 	 0.0000 	 1.8574 	 0.0103 
25.0000 	 2.7386 	 4.5549 	 3.5010 	 -3.9705 	 0.0000 	 0.3191 	 254.1648 	 25.0000 	 2.5171 	 8.8054 	 -9.2538 	 -0.6361 	 0.0000 	 2.0567 	 0.0032 
21.0000 	 2.0529 	 33.3788 	 -7.0578 	 -2.3424 	 0.0000 	 0.0128 	 257.8847 	 21.0000 	 1.4107 	 3.3895 	 -9.7712 	 -1.2629 	 0.0000 	 0.2365 	 0.0108 
21.0000 	 2.4004 	 7.0509 	 2.8729 	 -3.7719 	 0.0000 	 0.1911 	 254.1638 	 21.0000 	 2.1934 	 6.0816 	 -7.4947 	 1.3447 	 0.0000 	 1.9231 	 0.0048 
23.0000 	 2.3717 	 10.8686 	 1.5057 	 -3.2230 	 0.0000 	 0.0000 	 254.3169 	 23.0000 	 2.0702 	 6.9795 	 -6.5351 	 3.6653 	 0.0000 	 1.5923 	 0.0045 
20.0000 	 2.2569 	 10.6454 	 2.0339 	 -4.0612 	 0.0000 	 0.0235 	 254.2010 	 20.0000 	 1.9892 	 6.8222 	 -1.6308 	 2.9756 	 0.0000 	 2.1972 	 0.0067 
22.0000 	 2.3228 	 11.7368 	 0.4437 	 -14.1888 	 0.0000 	 3.0192 	 257.8351 	 22.0000 	 1.9666 	 6.4754 	 -7.2840 	 -2.3058 	 0.0000 	 2.7199 	 0.0052 
21.0000 	 2.3479 	 8.3603 	 2.4377 	 -3.6873 	 0.0000 	 0.0845 	 254.1656 	 21.0000 	 0.2901 	 9.7128 	 -9.7379 	 -0.5490 	 0.0000 	 0.5148 	 0.0058 
19.0000 	 2.3890 	 4.1335 	 3.6693 	 -4.1935 	 0.0000 	 0.1378 	 254.2791 	 19.0000 	 1.3575 	 3.1427 	 -0.9581 	 1.5170 	 0.0000 	 1.1472 	 0.0059 
20.0000 	 2.5259 	 8.8281 	 6.1426 	 -2.3584 	 0.0000 	 2.5559 	 260.1271 	 20.0000 	 2.5285 	 6.3300 	 -3.8560 	 -2.3565 	 0.0000 	 2.5523 	 0.0071 
18.0000 	 2.6410 	 8.4085 	 3.6750 	 -2.6389 	 0.0000 	 0.0002 	 257.3429 	 18.0000 	 2.9102 	 7.6447 	 5.5082 	 3.0869 	 0.0000 	 1.4676 	 0.0936 
21.0000 	 2.5528 	 4.2657 	 3.5199 	 -3.1404 	 0.0000 	 0.0531 	 254.2739 	 21.0000 	 0.7542 	 8.2397 	 5.4165 	 -4.9917 	 0.0000 	 1.3146 	 0.0059 
17.0000 	 2.3268 	 15.5566 	 4.4531 	 -1.8115 	 0.0000 	 0.0000 	 248.4232 	 17.0000 	 0.2770 	 6.1562 	 -0.7700 	 4.7320 	 0.0000 	 1.0261 	 0.0372 
21.0000 	 2.4500 	 5.7831 	 3.3313 	 -4.3760 	 0.0000 	 0.0001 	 254.1454 	 21.0000 	 2.1793 	 2.6399 	 5.9537 	 3.7316 	 0.0000 	 2.6650 	 0.0046 
16.0000 	 1.8047 	 1.9238 	 -6.7383 	 3.8965 	 0.0000 	 4.3177 	 258.4166 	 16.0000 	 2.0850 	 4.9575 	 -9.3455 	 -1.1668 	 0.0000 	 0.4702 	 0.1869 
                                                                                                                                                        19.0000 	 1.7560 	 0.9082 	 0.2539 	 2.8174 	 0.0000 	 0.0055 	 260.4690 	 19.0000 	 0.7594 	 0.7798 	 -7.2295 	 -4.6629 	 0.0000 	 1.5471 	 0.0114 
16.0000 	 1.9961 	 9.6827 	 2.0199 	 -3.6002 	 0.0000 	 0.0136 	 254.2762 	 16.0000 	 1.3368 	 1.8535 	 1.8128 	 0.5086 	 0.0000 	 2.2834 	 0.0051 
                                                                                                                                                       12.0000 	 2.0293 	 7.6660 	 1.0742 	 -1.2988 	 0.0000 	 0.9845 	 257.4087 	 12.0000 	 2.0289 	 7.6672 	 1.0767 	 -1.3005 	 0.0000 	 0.9835 	 0.3515 
18.0000 	 2.2917 	 0.0000 	 -8.6481 	 -2.4443 	 0.0000 	 5.1779 	 259.2668 	 18.0000 	 1.9644 	 0.9109 	 -6.1231 	 -4.1345 	 0.0000 	 1.4514 	 0.0014 
10.0000 	 2.4422 	 4.4949 	 8.1635 	 -0.5276 	 0.0000 	 0.0006 	 237.1828 	 10.0000 	 0.8121 	 4.1796 	 1.1321 	 -1.3893 	 0.0000 	 2.6070 	 0.4197 
                                                                                                                                                      17.0000 	 1.5503 	 1.0176 	 -1.1182 	 1.9006 	 0.0000 	 1.0676 	 261.2612 	 17.0000 	 1.0767 	 3.2801 	 -0.9729 	 -0.9946 	 0.0000 	 1.7449 	 0.0102 
10.0000 	 1.5623 	 7.4842 	 2.2226 	 -2.7748 	 0.0000 	 0.2353 	 255.0643 	 10.0000 	 1.9445 	 9.6458 	 -3.8487 	 -2.0809 	 0.0000 	 0.5183 	 0.0172 
                                                                                                                                                       8.0000 	 1.4354 	 6.0239 	 2.9632 	 -3.0137 	 0.0000 	 0.0000 	 255.6819 	 8.0000 	 2.0857 	 0.7694 	 -0.8014 	 4.6834 	 0.0000 	 2.2673 	 0.0212 
16.0000 	 1.9899 	 9.0312 	 1.9253 	 -3.0220 	 0.0000 	 0.0000 	 254.3413 	 16.0000 	 2.2046 	 6.2459 	 -3.2596 	 3.1341 	 0.0000 	 1.2734 	 0.0049 
7.0000 	 1.4709 	 2.2165 	 4.3134 	 -7.7555 	 0.0000 	 0.0000 	 254.3635 	 7.0000 	 2.3314 	 9.1347 	 5.4768 	 3.8248 	 0.0000 	 1.5751 	 0.0572 
15.0000 	 1.7451 	 5.7544 	 -0.1997 	 0.2930 	 0.0000 	 0.0000 	 257.3415 	 15.0000 	 0.7598 	 3.0554 	 -1.9038 	 4.1283 	 0.0000 	 2.7623 	 0.0090 
12.0000 	 1.5085 	 6.2868 	 -1.5509 	 -0.4885 	 0.0000 	 2.6572 	 257.4760 	 12.0000 	 1.2575 	 6.1398 	 -5.7767 	 2.8120 	 0.0000 	 2.5156 	 0.0067 
12.0000 	 2.3978 	 5.8250 	 6.6748 	 -1.5345 	 0.0000 	 1.7554 	 256.2975 	 12.0000 	 2.4011 	 5.8587 	 -3.2913 	 -1.2306 	 0.0000 	 1.7423 	 0.0227 
7.0000 	 1.1738 	 14.3026 	 0.4017 	 -3.2473 	 0.0000 	 0.0002 	 256.0410 	 7.0000 	 0.5673 	 2.5539 	 -6.8322 	 -2.7811 	 0.0000 	 2.4013 	 0.0350 
12.0000 	 1.7836 	 6.5704 	 2.7967 	 -3.4073 	 0.0000 	 0.2567 	 254.7114 	 12.0000 	 1.4308 	 1.9530 	 -7.5637 	 4.1889 	 0.0000 	 2.7425 	 0.0083 
12.0000 	 2.1184 	 1.0986 	 4.8291 	 -7.6990 	 0.0000 	 0.0005 	 257.7344 	 12.0000 	 1.3162 	 5.9328 	 -5.2759 	 -3.2990 	 0.0000 	 1.1374 	 0.3080 
4.0000 	 1.0828 	 3.5713 	 3.9162 	 -2.6889 	 0.0000 	 0.0008 	 257.9452 	 4.0000 	 1.6740 	 4.2703 	 4.1602 	 -4.7415 	 0.0000 	 0.5270 	 0.0608 
1.0000 	 0.1262 	 2.8431 	 3.4969 	 -5.9241 	 0.0000 	 0.0029 	 262.0540 	 1.0000 	 0.6589 	 2.2815 	 0.7231 	 1.8498 	 0.0000 	 0.8050 	 0.1079 
11.0000 	 1.6705 	 7.8066 	 2.6219 	 -3.7642 	 0.0000 	 0.0156 	 254.7953 	 11.0000 	 1.2532 	 9.9243 	 6.0273 	 -2.9562 	 0.0000 	 1.5824 	 0.0104 
10.0000 	 1.4217 	 7.4603 	 0.4822 	 -1.1561 	 0.0000 	 0.0001 	 255.8668 	 10.0000 	 2.0678 	 9.2846 	 -7.5238 	 1.5417 	 0.0000 	 2.9321 	 0.0112 
9.0000 	 1.8864 	 17.1708 	 0.4417 	 2.5708 	 0.0000 	 3.7826 	 259.5571 	 9.0000 	 2.9720 	 9.8876 	 0.4960 	 3.9873 	 0.0000 	 2.0874 	 0.0078 
9.0000 	 1.3966 	 8.9871 	 1.2254 	 -2.3129 	 0.0000 	 0.0012 	 255.4139 	 9.0000 	 1.2497 	 8.0650 	 -3.3690 	 2.7222 	 0.0000 	 1.6071 	 0.0165 
8.0000 	 2.5960 	 1.6699 	 7.2852 	 -1.2988 	 0.0000 	 0.0015 	 253.7949 	 8.0000 	 2.5983 	 1.6686 	 7.2881 	 -1.2977 	 0.0000 	 2.5463 	 0.3101 
9.0000 	 1.3585 	 18.9968 	 -0.3807 	 -3.7455 	 0.0000 	 0.3114 	 255.3704 	 9.0000 	 1.1194 	 6.5985 	 4.3110 	 3.7130 	 0.0000 	 1.1097 	 0.0174 
6.0000 	 1.1446 	 10.7034 	 2.2594 	 -4.0576 	 0.0000 	 0.0001 	 256.8814 	 6.0000 	 1.9492 	 3.1139 	 -9.1097 	 0.5803 	 0.0000 	 1.2068 	 0.0595 
7.0000 	 1.2941 	 8.0315 	 2.9271 	 -6.1629 	 0.0000 	 0.5280 	 256.2083 	 7.0000 	 1.3904 	 8.6189 	 2.7663 	 1.3014 	 0.0000 	 0.3981 	 0.0345 
4.0000 	 1.5012 	 0.8503 	 -15.8536 	 -5.5364 	 0.0000 	 0.0358 	 269.6780 	 4.0000 	 2.9872 	 9.4445 	 -0.9988 	 -1.0737 	 0.0000 	 1.8150 	 0.0153 
3.0000 	 1.5925 	 2.3926 	 7.3242 	 -1.8848 	 0.0000 	 0.0000 	 235.4973 	 3.0000 	 1.8335 	 8.6753 	 7.5742 	 -0.8561 	 0.0000 	 1.5695 	 0.1989 
6.0000 	 1.0723 	 11.7117 	 0.6391 	 -2.6741 	 0.0000 	 0.2110 	 256.6484 	 6.0000 	 2.6460 	 2.7882 	 -4.9743 	 -2.0091 	 0.0000 	 2.5821 	 0.0305 
5.0000 	 1.0514 	 3.7904 	 2.9052 	 -6.7619 	 0.0000 	 1.3156 	 257.7501 	 5.0000 	 1.0681 	 2.2520 	 2.4699 	 -4.6436 	 0.0000 	 2.8729 	 0.0392 
1.0000 	 0.2441 	 1.7224 	 4.3506 	 -2.6221 	 0.0000 	 0.0108 	 261.1663 	 1.0000 	 1.2116 	 3.9853 	 -8.8823 	 0.8642 	 0.0000 	 1.5453 	 0.1109 
