50.0000 	 1.0116 	 4.0238 	 6.7292 	 4.9057 	 0.0000 	 0.0006 	 46.3908 	 50.0000 	 1.0404 	 6.6045 	 -5.1389 	 -4.9058 	 0.0000 	 1.9899 	 0.0055 
50.0000 	 0.0186 	 10.7043 	 2.5391 	 -0.1147 	 0.0000 	 0.0015 	 55.9840 	 50.0000 	 0.7254 	 1.0306 	 -7.1240 	 -1.8708 	 0.0000 	 1.5799 	 0.0000 
49.0000 	 0.0029 	 8.0539 	 9.9353 	 -6.3913 	 0.0000 	 0.0001 	 55.9840 	 49.0000 	 0.1128 	 2.2272 	 -3.3345 	 4.1777 	 0.0000 	 1.6071 	 0.0000 
50.0000 	 0.9527 	 9.3793 	 20.6668 	 -4.9551 	 0.0000 	 0.0171 	 53.7489 	 50.0000 	 1.6128 	 5.4569 	 8.3521 	 -3.1280 	 0.0000 	 2.5752 	 0.0089 
48.0000 	 0.0174 	 4.3505 	 7.8596 	 -0.1640 	 0.0000 	 0.0000 	 55.9840 	 48.0000 	 2.0105 	 7.7513 	 -6.9299 	 -1.5231 	 0.0000 	 1.0882 	 0.0000 
48.0000 	 1.0361 	 16.5361 	 9.4635 	 4.3647 	 0.0000 	 0.0317 	 46.1274 	 48.0000 	 1.4232 	 2.7198 	 -3.9876 	 1.6779 	 0.0000 	 2.2454 	 0.0054 
50.0000 	 1.0795 	 14.4858 	 15.7227 	 1.4306 	 0.0000 	 0.0000 	 48.7378 	 50.0000 	 2.4237 	 5.4135 	 -3.7501 	 3.9313 	 0.0000 	 1.8022 	 0.0095 
49.0000 	 0.9808 	 7.4400 	 28.7970 	 0.6127 	 0.0000 	 0.1672 	 52.6358 	 49.0000 	 1.8648 	 2.6077 	 -1.3487 	 0.7458 	 0.0000 	 0.7903 	 0.0005 
46.0000 	 0.0112 	 5.9916 	 7.5111 	 -0.5808 	 0.0000 	 0.0000 	 55.9849 	 46.0000 	 2.9539 	 1.8877 	 5.5764 	 3.2170 	 0.0000 	 1.7158 	 0.0025 
48.0000 	 1.0271 	 7.8666 	 6.9217 	 7.9125 	 0.0000 	 0.0135 	 45.8569 	 48.0000 	 2.4431 	 9.2667 	 6.6174 	 2.8225 	 0.0000 	 0.5999 	 0.0057 
48.0000 	 0.0024 	 8.1325 	 8.4324 	 -0.6518 	 0.0000 	 0.0001 	 55.9841 	 48.0000 	 2.4031 	 4.0105 	 -7.2883 	 -2.7117 	 0.0000 	 1.5801 	 0.0005 
47.0000 	 1.0349 	 9.3213 	 7.2681 	 9.5459 	 0.0000 	 0.0000 	 45.9177 	 47.0000 	 2.4056 	 7.4168 	 -7.3765 	 1.2648 	 0.0000 	 1.6050 	 0.0129 
45.0000 	 0.0021 	 6.2876 	 7.5841 	 -2.0327 	 0.0000 	 0.0000 	 55.9840 	 45.0000 	 2.4622 	 2.7538 	 -5.5716 	 2.1109 	 0.0000 	 0.1597 	 0.0000 
46.0000 	 1.0278 	 2.3400 	 6.5802 	 16.5823 	 0.0000 	 0.0000 	 46.6459 	 46.0000 	 2.7899 	 4.4749 	 -0.9896 	 -0.6177 	 0.0000 	 1.3908 	 1.3298 
46.0000 	 1.0076 	 10.8935 	 15.7370 	 4.6306 	 0.0000 	 0.0000 	 53.0478 	 46.0000 	 2.3983 	 9.6027 	 9.7750 	 2.8584 	 0.0000 	 0.9955 	 0.0018 
44.0000 	 0.0011 	 9.1504 	 7.0898 	 -2.3145 	 0.0000 	 0.0000 	 42.8668 	 44.0000 	 1.7183 	 7.8062 	 -0.0242 	 -1.7279 	 0.0000 	 2.6721 	 0.1862 
46.0000 	 0.4595 	 0.4190 	 -27.5848 	 1.6571 	 0.0000 	 0.0859 	 55.2982 	 46.0000 	 1.4095 	 2.6063 	 5.0363 	 0.5278 	 0.0000 	 0.6429 	 0.0162 
44.0000 	 0.9518 	 1.3997 	 5.9341 	 7.1286 	 0.0000 	 0.0048 	 46.1017 	 44.0000 	 0.6666 	 2.1445 	 8.8030 	 1.7370 	 0.0000 	 0.0715 	 0.0046 
46.0000 	 0.0230 	 4.2480 	 7.5195 	 -0.5762 	 0.0000 	 0.0049 	 55.9840 	 46.0000 	 0.5450 	 4.0764 	 0.1109 	 -2.2506 	 0.0000 	 0.7357 	 0.0000 
45.0000 	 0.9943 	 8.1996 	 7.5804 	 4.8527 	 0.0000 	 0.0000 	 46.1201 	 45.0000 	 1.9809 	 3.4254 	 9.5834 	 2.7247 	 0.0000 	 1.1428 	 0.0046 
41.0000 	 0.9565 	 7.3991 	 11.0026 	 1.3783 	 0.0000 	 0.0012 	 48.4123 	 41.0000 	 1.1593 	 7.2644 	 -8.0837 	 0.7957 	 0.0000 	 2.1012 	 0.0076 
46.0000 	 0.9586 	 3.2755 	 6.8592 	 2.6328 	 0.0000 	 0.0006 	 47.0542 	 46.0000 	 0.8389 	 5.7358 	 -0.7722 	 3.7562 	 0.0000 	 2.1300 	 0.0064 
43.0000 	 0.6858 	 2.4164 	 7.3669 	 1.4502 	 0.0000 	 0.0237 	 53.5530 	 43.0000 	 0.5145 	 9.9632 	 8.0264 	 -2.1900 	 0.0000 	 0.6814 	 0.1080 
44.0000 	 0.9798 	 10.0245 	 8.4022 	 3.7219 	 0.0000 	 0.0102 	 46.2747 	 44.0000 	 0.6308 	 3.1333 	 -4.9953 	 0.9584 	 0.0000 	 2.4294 	 0.0043 
43.0000 	 0.9247 	 11.0910 	 17.9083 	 5.3204 	 0.0000 	 0.0001 	 52.6843 	 43.0000 	 0.3239 	 9.0094 	 -9.5445 	 2.5548 	 0.0000 	 2.6993 	 0.0010 
43.0000 	 0.0011 	 6.2305 	 -1.4021 	 -0.3134 	 0.0000 	 0.0304 	 55.9840 	 43.0000 	 0.1217 	 1.4801 	 3.6176 	 -1.9579 	 0.0000 	 0.9942 	 0.0000 
41.0000 	 0.8662 	 2.8100 	 16.8335 	 -0.5371 	 0.0000 	 0.1920 	 52.5634 	 41.0000 	 0.2530 	 3.0543 	 -2.9526 	 -0.5683 	 0.0000 	 1.3805 	 0.0564 
40.0000 	 0.9256 	 8.1942 	 9.9898 	 1.8448 	 0.0000 	 0.0000 	 47.3295 	 40.0000 	 1.5917 	 8.0867 	 8.5062 	 -3.2581 	 0.0000 	 0.8876 	 0.0135 
42.0000 	 0.9387 	 6.4028 	 7.3281 	 4.4082 	 0.0000 	 0.0333 	 46.2180 	 42.0000 	 1.1783 	 4.9266 	 1.4705 	 -2.4835 	 0.0000 	 1.3295 	 0.0148 
41.0000 	 0.9283 	 8.4131 	 8.3202 	 3.3471 	 0.0000 	 0.0008 	 46.4604 	 41.0000 	 0.4185 	 4.9581 	 0.8984 	 -3.5291 	 0.0000 	 1.9778 	 0.0046 
41.0000 	 0.0149 	 4.1571 	 8.4737 	 -0.6581 	 0.0000 	 0.0029 	 55.9840 	 41.0000 	 1.0376 	 9.1328 	 7.6222 	 -2.2252 	 0.0000 	 1.9286 	 0.0000 
39.0000 	 0.0029 	 7.1923 	 -2.8857 	 -0.3711 	 0.0000 	 0.0000 	 55.9840 	 39.0000 	 1.9570 	 1.9821 	 2.9305 	 1.2240 	 0.0000 	 0.0308 	 0.0000 
42.0000 	 0.8722 	 6.4355 	 12.9468 	 -0.3638 	 0.0000 	 0.0010 	 52.5879 	 42.0000 	 0.0285 	 7.7630 	 -5.9963 	 2.3153 	 0.0000 	 1.9728 	 0.0369 
41.0000 	 0.0010 	 8.0652 	 15.9863 	 -4.6155 	 0.0000 	 0.0005 	 55.9840 	 41.0000 	 0.8441 	 0.6863 	 -5.0008 	 -1.3508 	 0.0000 	 1.2743 	 0.0000 
39.0000 	 0.8447 	 14.6826 	 32.7595 	 2.4313 	 0.0000 	 0.0000 	 52.6322 	 39.0000 	 1.2736 	 9.5386 	 9.5088 	 -4.2084 	 0.0000 	 0.2010 	 0.0016 
40.0000 	 0.0011 	 9.4446 	 -3.5327 	 -0.2356 	 0.0000 	 0.0001 	 51.6712 	 40.0000 	 1.6679 	 4.3689 	 8.2050 	 -3.3409 	 0.0000 	 1.1268 	 0.0654 
37.0000 	 0.8061 	 0.0000 	 9.6658 	 8.3151 	 0.0000 	 0.0000 	 52.6433 	 37.0000 	 0.4907 	 0.3239 	 1.6164 	 2.4931 	 0.0000 	 0.6799 	 0.0006 
38.0000 	 0.0022 	 13.3862 	 -17.0020 	 -0.0977 	 0.0000 	 3.8011 	 55.9844 	 38.0000 	 0.0179 	 6.1832 	 -9.0768 	 -3.7773 	 0.0000 	 1.0232 	 0.0030 
38.0000 	 0.8806 	 6.7719 	 7.2811 	 4.3068 	 0.0000 	 0.0009 	 46.1532 	 38.0000 	 1.5792 	 5.3542 	 4.4178 	 4.2921 	 0.0000 	 2.9959 	 0.0040 
39.0000 	 0.8414 	 4.7803 	 6.7548 	 6.1227 	 0.0000 	 0.0001 	 46.5435 	 39.0000 	 1.7769 	 6.1159 	 -6.9205 	 4.2212 	 0.0000 	 1.3111 	 0.3557 
39.0000 	 0.8466 	 2.8009 	 15.4733 	 9.4561 	 0.0000 	 0.0000 	 52.6329 	 39.0000 	 1.1172 	 6.9522 	 -5.7935 	 4.0419 	 0.0000 	 0.8822 	 0.0032 
37.0000 	 0.0011 	 2.2696 	 4.0337 	 -0.2289 	 0.0000 	 0.0000 	 55.9840 	 37.0000 	 1.0001 	 5.9697 	 8.6041 	 -1.2271 	 0.0000 	 0.7743 	 0.0000 
37.0000 	 0.8909 	 9.8674 	 10.6989 	 1.9594 	 0.0000 	 0.0098 	 47.3619 	 37.0000 	 2.4486 	 7.4963 	 -9.9196 	 -2.9461 	 0.0000 	 2.7945 	 0.0076 
35.0000 	 0.8643 	 5.8514 	 7.4741 	 4.0899 	 0.0000 	 0.0051 	 47.5625 	 35.0000 	 1.8839 	 6.6396 	 8.2880 	 -2.2682 	 0.0000 	 1.3592 	 0.6113 
36.0000 	 0.0010 	 9.5494 	 8.4719 	 -5.4210 	 0.0000 	 0.0000 	 55.9840 	 36.0000 	 1.8979 	 0.7641 	 -4.0097 	 -1.2670 	 0.0000 	 0.5174 	 0.0005 
37.0000 	 0.8941 	 17.3451 	 11.1411 	 3.2754 	 0.0000 	 0.1174 	 46.5566 	 37.0000 	 0.6463 	 3.3821 	 9.8421 	 4.0997 	 0.0000 	 0.4749 	 0.0063 
34.0000 	 0.0458 	 7.3889 	 -1.4941 	 -0.0598 	 0.0000 	 0.0001 	 49.1475 	 34.0000 	 2.0130 	 6.4848 	 6.9083 	 -1.3316 	 0.0000 	 0.2004 	 0.1164 
35.0000 	 0.6791 	 1.8945 	 1.9141 	 2.9492 	 0.0000 	 0.0183 	 52.3403 	 35.0000 	 0.3589 	 0.0876 	 7.7920 	 0.5659 	 0.0000 	 2.5995 	 0.1997 
35.0000 	 0.8356 	 6.7871 	 9.5370 	 1.6907 	 0.0000 	 0.0000 	 47.5258 	 35.0000 	 2.5232 	 3.0564 	 3.6935 	 0.5840 	 0.0000 	 0.2243 	 0.0080 
34.0000 	 0.0045 	 9.4123 	 3.9705 	 -0.9191 	 0.0000 	 0.0005 	 55.9839 	 34.0000 	 0.0282 	 3.6162 	 3.8782 	 -3.2723 	 0.0000 	 0.5622 	 0.0000 
32.0000 	 0.7304 	 8.4638 	 7.6207 	 5.2140 	 0.0000 	 0.0072 	 47.1072 	 32.0000 	 1.6595 	 5.6216 	 -0.7769 	 4.4952 	 0.0000 	 0.8384 	 0.0644 
36.0000 	 0.8842 	 12.2292 	 13.3155 	 1.5737 	 0.0000 	 0.0047 	 48.0128 	 36.0000 	 2.0670 	 2.0377 	 2.2589 	 -2.3259 	 0.0000 	 2.2790 	 0.0104 
35.0000 	 0.7679 	 2.0378 	 16.8126 	 2.6160 	 0.0000 	 0.9834 	 52.6726 	 35.0000 	 0.7154 	 7.4899 	 1.7715 	 0.8551 	 0.0000 	 2.6625 	 0.0043 
34.0000 	 0.0114 	 9.6844 	 6.8843 	 -2.0202 	 0.0000 	 0.0041 	 55.3545 	 34.0000 	 2.0406 	 2.4037 	 -1.7891 	 0.5527 	 0.0000 	 2.5052 	 0.0010 
33.0000 	 0.0011 	 0.1504 	 17.0943 	 -3.0432 	 0.0000 	 0.6631 	 55.9840 	 33.0000 	 1.1848 	 9.7443 	 0.3346 	 1.4738 	 0.0000 	 0.3074 	 0.0000 
32.0000 	 0.7348 	 4.8979 	 6.6139 	 14.4096 	 0.0000 	 0.0003 	 46.0341 	 32.0000 	 0.2075 	 7.7882 	 0.6370 	 -3.1985 	 0.0000 	 1.2039 	 0.0746 
30.0000 	 0.7585 	 7.8421 	 6.6735 	 8.2161 	 0.0000 	 0.0110 	 45.8029 	 30.0000 	 0.2910 	 4.0163 	 5.6511 	 -1.7217 	 0.0000 	 1.7687 	 0.0080 
33.0000 	 0.0013 	 4.0812 	 9.2134 	 -1.2723 	 0.0000 	 0.0000 	 55.9840 	 33.0000 	 2.3381 	 3.1540 	 -0.0074 	 -1.5645 	 0.0000 	 2.6757 	 0.0000 
32.0000 	 0.0268 	 7.8113 	 -6.0128 	 -0.3809 	 0.0000 	 0.0187 	 55.9829 	 32.0000 	 0.7136 	 4.3806 	 9.4386 	 -2.7488 	 0.0000 	 2.2633 	 0.0000 
34.0000 	 0.8110 	 3.1848 	 9.9575 	 0.5266 	 0.0000 	 0.7042 	 51.0540 	 34.0000 	 1.5055 	 3.3153 	 -6.3797 	 2.6570 	 0.0000 	 1.7721 	 0.0054 
29.0000 	 0.0539 	 8.2751 	 4.9219 	 -0.2063 	 0.0000 	 0.0000 	 55.9836 	 29.0000 	 2.8864 	 6.2626 	 7.8899 	 0.2018 	 0.0000 	 0.2337 	 0.0000 
30.0000 	 0.7007 	 17.1988 	 42.4594 	 5.3218 	 0.0000 	 0.0000 	 52.6423 	 30.0000 	 1.7371 	 1.0986 	 -4.2586 	 -4.4397 	 0.0000 	 2.4379 	 0.0040 
30.0000 	 0.6561 	 8.6844 	 16.5625 	 -5.6970 	 0.0000 	 0.0022 	 53.8853 	 30.0000 	 1.5833 	 1.9767 	 -2.5444 	 3.4224 	 0.0000 	 0.4052 	 0.0047 
28.0000 	 0.3386 	 3.2324 	 -9.1992 	 0.9082 	 0.0000 	 0.0007 	 40.6425 	 28.0000 	 2.3536 	 8.1664 	 -7.7704 	 1.1140 	 0.0000 	 1.8263 	 0.0257 
30.0000 	 0.7687 	 8.6392 	 8.3623 	 3.3133 	 0.0000 	 0.0000 	 46.4267 	 30.0000 	 2.8922 	 4.4802 	 9.3436 	 -2.6966 	 0.0000 	 1.1655 	 0.0049 
30.0000 	 0.7236 	 3.6650 	 7.3014 	 3.5943 	 0.0000 	 0.0035 	 47.2859 	 30.0000 	 2.1584 	 6.6555 	 6.2545 	 1.9478 	 0.0000 	 2.6891 	 0.0071 
30.0000 	 0.6778 	 11.5719 	 22.8712 	 -7.0193 	 0.0000 	 0.0019 	 53.9323 	 30.0000 	 0.4182 	 9.1366 	 -7.9399 	 1.1566 	 0.0000 	 2.0218 	 0.0046 
32.0000 	 0.8104 	 10.1728 	 6.8074 	 12.3278 	 0.0000 	 0.3534 	 46.0404 	 32.0000 	 2.4535 	 6.9696 	 -2.2649 	 3.4915 	 0.0000 	 1.6839 	 0.0046 
25.0000 	 0.2530 	 6.4021 	 4.4884 	 -0.9843 	 0.0000 	 0.0002 	 53.6839 	 25.0000 	 1.9761 	 2.5033 	 3.5237 	 3.3965 	 0.0000 	 0.5648 	 0.0004 
27.0000 	 0.6576 	 14.5521 	 36.5614 	 8.3455 	 0.0000 	 0.0130 	 52.6344 	 27.0000 	 1.6531 	 9.1395 	 7.4585 	 0.1925 	 0.0000 	 2.9716 	 0.0004 
29.0000 	 0.7522 	 9.2273 	 7.3341 	 5.8335 	 0.0000 	 0.0000 	 45.9366 	 29.0000 	 1.0795 	 0.3472 	 -7.2330 	 1.7161 	 0.0000 	 0.1902 	 0.0063 
27.0000 	 0.6546 	 1.8907 	 28.5081 	 3.7415 	 0.0000 	 1.1934 	 52.6371 	 27.0000 	 1.4724 	 1.4065 	 0.3931 	 3.0099 	 0.0000 	 0.2070 	 0.0004 
31.0000 	 0.7820 	 2.6007 	 6.1763 	 3.8134 	 0.0000 	 0.0000 	 46.8679 	 31.0000 	 1.4941 	 8.8600 	 9.9884 	 -2.7466 	 0.0000 	 2.2471 	 0.2575 
25.0000 	 0.5940 	 11.8616 	 8.0737 	 4.9597 	 0.0000 	 0.0000 	 47.6825 	 25.0000 	 1.4245 	 6.2419 	 5.3459 	 -1.9471 	 0.0000 	 1.2285 	 0.0760 
25.0000 	 0.6692 	 6.7700 	 6.8802 	 10.5468 	 0.0000 	 0.0599 	 45.7055 	 25.0000 	 1.8441 	 9.4137 	 5.0574 	 -2.8240 	 0.0000 	 1.4380 	 0.0035 
27.0000 	 0.7068 	 10.7556 	 7.4236 	 6.5681 	 0.0000 	 0.0024 	 45.8358 	 27.0000 	 2.6830 	 2.4750 	 2.7056 	 4.8031 	 0.0000 	 0.4025 	 0.0072 
22.0000 	 0.6267 	 6.2045 	 12.9114 	 0.8051 	 0.0000 	 0.0000 	 50.7825 	 22.0000 	 1.4643 	 4.5621 	 2.1036 	 -4.9718 	 0.0000 	 0.0078 	 0.0325 
28.0000 	 0.6875 	 4.9992 	 10.0836 	 1.1061 	 0.0000 	 0.0000 	 49.4238 	 28.0000 	 2.0318 	 0.6227 	 -5.9712 	 0.6718 	 0.0000 	 2.1579 	 0.1030 
24.0000 	 0.0580 	 6.7330 	 9.3946 	 -0.6955 	 0.0000 	 0.0000 	 55.9839 	 24.0000 	 2.4415 	 5.9635 	 -2.6186 	 1.3685 	 0.0000 	 2.0999 	 0.0000 
25.0000 	 0.6738 	 8.7413 	 7.3336 	 5.4988 	 0.0000 	 0.0001 	 45.9496 	 25.0000 	 0.4281 	 2.6113 	 1.3059 	 -0.7639 	 0.0000 	 0.6860 	 0.0033 
21.0000 	 0.5445 	 10.2579 	 51.6940 	 13.4279 	 0.0000 	 0.0000 	 52.6424 	 21.0000 	 2.4398 	 3.9956 	 -8.1243 	 2.7894 	 0.0000 	 2.2112 	 0.0011 
22.0000 	 0.5553 	 4.2605 	 6.5894 	 7.1396 	 0.0000 	 0.2229 	 46.7566 	 22.0000 	 0.2839 	 3.6460 	 5.5795 	 3.2222 	 0.0000 	 2.1851 	 0.0511 
26.0000 	 0.6793 	 5.5396 	 8.1770 	 2.2354 	 0.0000 	 0.0659 	 47.0810 	 26.0000 	 1.6665 	 7.0655 	 -6.3592 	 0.9659 	 0.0000 	 2.2869 	 0.0098 
28.0000 	 0.6772 	 5.8399 	 20.7022 	 5.5968 	 0.0000 	 0.0048 	 52.6353 	 28.0000 	 0.0073 	 5.6616 	 3.7815 	 -4.5133 	 0.0000 	 1.6549 	 0.0012 
24.0000 	 0.6114 	 2.7959 	 20.7519 	 1.8871 	 0.0000 	 0.0024 	 52.6493 	 24.0000 	 1.9738 	 1.5445 	 9.2412 	 -2.9423 	 0.0000 	 2.9574 	 0.0008 
24.0000 	 0.6250 	 1.0395 	 5.8780 	 12.9428 	 0.0000 	 0.0038 	 33.6214 	 24.0000 	 0.2711 	 2.6739 	 5.7551 	 0.8046 	 0.0000 	 0.4818 	 0.2759 
26.0000 	 0.6380 	 15.2381 	 40.1037 	 10.1091 	 0.0000 	 4.6599 	 52.6357 	 26.0000 	 0.2909 	 9.8407 	 -5.5944 	 4.2776 	 0.0000 	 1.8522 	 0.0009 
19.0000 	 0.5203 	 3.3297 	 7.4594 	 2.4514 	 0.0000 	 0.0124 	 47.7114 	 19.0000 	 2.9601 	 4.5241 	 -0.4320 	 -3.2710 	 0.0000 	 2.4290 	 0.0064 
21.0000 	 0.5873 	 14.9395 	 8.0726 	 6.9615 	 0.0000 	 0.0002 	 45.8255 	 21.0000 	 2.3023 	 3.7504 	 8.6505 	 -1.3698 	 0.0000 	 2.1655 	 0.0040 
17.0000 	 0.0097 	 3.5392 	 6.8875 	 -0.7062 	 0.0000 	 0.0002 	 55.9840 	 17.0000 	 0.7408 	 1.8005 	 4.0601 	 -1.6402 	 0.0000 	 0.9752 	 0.0000 
23.0000 	 0.0174 	 9.2871 	 2.9102 	 -1.0840 	 0.0000 	 0.0020 	 50.4567 	 23.0000 	 2.2780 	 3.0797 	 8.2646 	 2.5488 	 0.0000 	 2.9696 	 1.3272 
22.0000 	 0.6229 	 14.9804 	 8.7165 	 4.9524 	 0.0000 	 0.0057 	 46.0725 	 22.0000 	 2.2498 	 3.4601 	 4.6884 	 -0.3443 	 0.0000 	 0.1512 	 0.0431 
20.0000 	 0.5284 	 1.2830 	 14.1296 	 -1.3133 	 0.0000 	 0.0000 	 52.6427 	 20.0000 	 2.5302 	 3.3772 	 2.1072 	 -4.5973 	 0.0000 	 1.7820 	 0.0083 
23.0000 	 0.6472 	 8.4335 	 11.1760 	 1.4883 	 0.0000 	 0.0000 	 47.9009 	 23.0000 	 2.2048 	 7.0374 	 6.2468 	 -1.1776 	 0.0000 	 0.9011 	 0.0201 
20.0000 	 0.0095 	 7.8300 	 8.3158 	 -2.7238 	 0.0000 	 0.0000 	 55.9842 	 20.0000 	 2.3527 	 0.8937 	 4.6604 	 3.0726 	 0.0000 	 2.9859 	 0.0016 
21.0000 	 0.5693 	 7.3769 	 6.9951 	 7.9529 	 0.0000 	 0.6345 	 49.8110 	 21.0000 	 2.2291 	 2.0208 	 3.0905 	 -1.2731 	 0.0000 	 0.7844 	 0.1939 
17.0000 	 0.4377 	 0.6843 	 5.7617 	 5.3424 	 0.0000 	 0.0002 	 47.0656 	 17.0000 	 1.3523 	 5.8042 	 -7.6088 	 3.3160 	 0.0000 	 2.6022 	 0.0152 
23.0000 	 0.6353 	 10.6033 	 10.2127 	 2.2783 	 0.0000 	 0.0005 	 46.8461 	 23.0000 	 0.6524 	 3.7592 	 -2.9439 	 -2.8642 	 0.0000 	 1.1357 	 0.0092 
17.0000 	 0.5010 	 8.3152 	 8.9338 	 2.4485 	 0.0000 	 0.0000 	 46.6987 	 17.0000 	 2.7813 	 8.7464 	 -6.2380 	 3.9494 	 0.0000 	 2.8680 	 0.0045 
20.0000 	 0.5414 	 0.0000 	 25.8317 	 14.7103 	 0.0000 	 0.0003 	 52.7080 	 20.0000 	 1.4444 	 0.2715 	 -7.2243 	 1.8735 	 0.0000 	 1.0037 	 0.0012 
21.0000 	 0.0295 	 3.7515 	 7.5647 	 -0.5673 	 0.0000 	 0.0048 	 55.9190 	 21.0000 	 2.7938 	 7.1571 	 -6.2863 	 -3.6691 	 0.0000 	 0.8486 	 0.0048 
17.0000 	 0.4554 	 13.9355 	 53.6621 	 3.9343 	 0.0000 	 0.0808 	 52.6519 	 17.0000 	 0.1096 	 0.8725 	 7.4016 	 -1.9588 	 0.0000 	 1.8805 	 0.0008 
20.0000 	 0.5958 	 4.5007 	 9.9755 	 0.9060 	 0.0000 	 0.0620 	 50.1523 	 20.0000 	 1.7527 	 2.8427 	 -4.5510 	 3.8318 	 0.0000 	 2.0356 	 0.0462 
17.0000 	 0.4955 	 9.8281 	 7.8738 	 5.1166 	 0.0000 	 0.0001 	 46.0090 	 17.0000 	 2.5869 	 1.9324 	 5.4522 	 -4.1433 	 0.0000 	 1.3543 	 0.0213 
14.0000 	 0.4247 	 10.8708 	 9.7022 	 2.6583 	 0.0000 	 0.0000 	 46.6206 	 14.0000 	 2.0584 	 9.2927 	 -4.0934 	 4.5211 	 0.0000 	 2.7878 	 0.0236 
14.0000 	 0.4130 	 12.3716 	 19.8563 	 0.6551 	 0.0000 	 0.0000 	 51.8509 	 14.0000 	 0.2244 	 7.6674 	 -1.0758 	 -2.9502 	 0.0000 	 2.5164 	 0.0104 
17.0000 	 0.0010 	 11.2167 	 9.7834 	 -4.7225 	 0.0000 	 0.0001 	 55.9840 	 17.0000 	 1.1658 	 3.1538 	 -1.2556 	 2.1157 	 0.0000 	 0.4521 	 0.0013 
19.0000 	 0.5413 	 9.1073 	 8.7155 	 3.0031 	 0.0000 	 0.0000 	 46.4729 	 19.0000 	 0.9251 	 1.4947 	 -3.2208 	 -1.4074 	 0.0000 	 1.2945 	 0.0043 
18.0000 	 0.4782 	 10.2429 	 18.3516 	 4.9621 	 0.0000 	 0.0020 	 52.6488 	 18.0000 	 2.6064 	 7.5735 	 -4.3533 	 -1.2473 	 0.0000 	 0.2332 	 0.0005 
18.0000 	 0.0856 	 5.4818 	 14.8055 	 -4.9136 	 0.0000 	 0.0000 	 55.9840 	 18.0000 	 2.9785 	 5.1081 	 -8.5247 	 3.0175 	 0.0000 	 2.1600 	 0.0000 
13.0000 	 0.0269 	 8.9645 	 7.6561 	 -3.0754 	 0.0000 	 0.0000 	 55.9840 	 13.0000 	 1.6381 	 4.3007 	 -2.7780 	 -0.8841 	 0.0000 	 1.1038 	 0.0004 
13.0000 	 0.3557 	 4.0975 	 35.0471 	 -0.1896 	 0.0000 	 0.5037 	 52.6663 	 13.0000 	 0.0097 	 8.6074 	 -5.6949 	 -3.7064 	 0.0000 	 1.4752 	 0.0013 
16.0000 	 0.4790 	 3.4697 	 6.2879 	 6.8610 	 0.0000 	 0.0021 	 45.9838 	 16.0000 	 1.8710 	 4.2309 	 -4.7983 	 -1.3669 	 0.0000 	 0.6621 	 0.0371 
11.0000 	 0.3046 	 4.9967 	 9.4471 	 0.2435 	 0.0000 	 0.0007 	 51.8192 	 11.0000 	 2.0049 	 0.3031 	 8.3789 	 -1.3387 	 0.0000 	 1.1557 	 0.0098 
16.0000 	 0.4773 	 7.2333 	 8.3863 	 2.7484 	 0.0000 	 0.0019 	 46.7079 	 16.0000 	 1.9611 	 1.0186 	 -0.2217 	 -4.6118 	 0.0000 	 1.6806 	 0.0107 
11.0000 	 0.2803 	 4.6472 	 7.5020 	 3.8182 	 0.0000 	 0.0136 	 48.4597 	 11.0000 	 2.6666 	 6.7548 	 8.8772 	 -2.4690 	 0.0000 	 1.7101 	 0.0080 
15.0000 	 0.4435 	 11.1327 	 7.1362 	 7.2705 	 0.0000 	 0.0000 	 45.8046 	 15.0000 	 1.8747 	 9.0592 	 3.5112 	 2.4064 	 0.0000 	 1.5705 	 0.0163 
14.0000 	 0.4228 	 13.0307 	 9.6353 	 3.2490 	 0.0000 	 0.0010 	 46.3410 	 14.0000 	 1.6771 	 4.0380 	 7.9602 	 1.8398 	 0.0000 	 2.6864 	 0.0049 
10.0000 	 0.2674 	 0.2715 	 30.0758 	 13.4404 	 0.0000 	 0.0000 	 52.7012 	 10.0000 	 0.9387 	 1.6264 	 -3.3492 	 4.1854 	 0.0000 	 1.7224 	 0.0032 
10.0000 	 0.2972 	 9.4941 	 8.8872 	 2.9445 	 0.0000 	 0.0531 	 46.5600 	 10.0000 	 0.3230 	 2.7694 	 8.5134 	 -2.4950 	 0.0000 	 1.9172 	 0.0109 
12.0000 	 0.3303 	 0.2008 	 16.3753 	 1.0866 	 0.0000 	 0.1309 	 52.4966 	 12.0000 	 1.1040 	 4.5490 	 -1.8700 	 0.3510 	 0.0000 	 1.9646 	 0.0031 
8.0000 	 0.1965 	 0.2040 	 67.6681 	 2.5817 	 0.0000 	 0.0003 	 52.7498 	 8.0000 	 2.4798 	 4.0913 	 -4.8351 	 3.9608 	 0.0000 	 1.6665 	 0.0033 
14.0000 	 0.4263 	 9.6443 	 8.9320 	 3.2633 	 0.0000 	 0.0314 	 46.5349 	 14.0000 	 2.3945 	 0.7223 	 -4.8813 	 0.8593 	 0.0000 	 0.8187 	 0.0235 
8.0000 	 0.2058 	 1.1541 	 5.8274 	 6.8415 	 0.0000 	 0.0000 	 46.1682 	 8.0000 	 2.4688 	 9.2662 	 3.1317 	 1.3927 	 0.0000 	 0.7969 	 0.0219 
6.0000 	 0.1479 	 10.8167 	 10.8290 	 11.4732 	 0.0000 	 0.0017 	 53.1494 	 6.0000 	 1.8917 	 2.6569 	 -0.1793 	 0.5637 	 0.0000 	 0.9016 	 0.0042 
12.0000 	 0.3582 	 6.9485 	 6.5491 	 13.1537 	 0.0000 	 0.0046 	 45.6980 	 12.0000 	 2.8429 	 5.1446 	 -9.9481 	 -1.7090 	 0.0000 	 2.6837 	 0.3831 
13.0000 	 0.3810 	 2.4220 	 5.7812 	 15.2376 	 0.0000 	 0.0002 	 45.8536 	 13.0000 	 2.2572 	 4.8471 	 2.4965 	 4.7460 	 0.0000 	 1.7878 	 0.0058 
13.0000 	 0.3947 	 3.5086 	 6.3875 	 8.8685 	 0.0000 	 0.0000 	 45.8009 	 13.0000 	 1.7044 	 8.2913 	 -9.3347 	 1.2337 	 0.0000 	 0.7005 	 0.0047 
7.0000 	 0.1843 	 0.0000 	 22.0348 	 -0.1820 	 0.0000 	 0.0007 	 52.2514 	 7.0000 	 2.7596 	 9.8870 	 9.2939 	 -0.2474 	 0.0000 	 0.9195 	 0.0044 
10.0000 	 0.3137 	 8.7137 	 7.6948 	 5.0117 	 0.0000 	 0.0000 	 46.3656 	 10.0000 	 2.5866 	 3.8040 	 5.6499 	 -1.7376 	 0.0000 	 2.8647 	 0.0076 
4.0000 	 0.0500 	 2.4976 	 12.7490 	 -0.4834 	 0.0000 	 0.0197 	 52.9720 	 4.0000 	 1.6858 	 7.8283 	 -5.5894 	 0.9315 	 0.0000 	 0.7008 	 0.0064 
6.0000 	 0.1476 	 8.8813 	 11.4583 	 1.4956 	 0.0000 	 0.0000 	 48.4207 	 6.0000 	 2.8785 	 1.6082 	 -2.4479 	 -0.8853 	 0.0000 	 2.6074 	 0.0144 
12.0000 	 0.3612 	 8.8643 	 8.0533 	 3.8405 	 0.0000 	 0.0001 	 46.2363 	 12.0000 	 0.1534 	 1.3513 	 5.0537 	 -1.6446 	 0.0000 	 1.1299 	 0.0050 
4.0000 	 0.0519 	 29.0384 	 7.4419 	 -1.5910 	 0.0000 	 0.0001 	 44.8522 	 4.0000 	 1.3238 	 3.4335 	 5.7263 	 4.5721 	 0.0000 	 0.4384 	 0.0108 
11.0000 	 0.3137 	 1.8838 	 5.9797 	 6.4692 	 0.0000 	 0.0220 	 46.0669 	 11.0000 	 2.1545 	 2.2539 	 4.4953 	 -4.4865 	 0.0000 	 0.4955 	 0.0162 
3.0000 	 0.0227 	 4.7913 	 9.9048 	 -0.2429 	 0.0000 	 0.0426 	 52.9474 	 3.0000 	 2.3608 	 9.5145 	 -9.2841 	 -1.4340 	 0.0000 	 1.8016 	 0.0042 
1.0000 	 0.0010 	 0.0000 	 23.3531 	 -2.5750 	 0.0000 	 0.0000 	 75.0057 	 1.0000 	 1.0940 	 1.9004 	 3.0529 	 2.7216 	 0.0000 	 0.3273 	 0.0309 
1.0000 	 0.0010 	 2.4033 	 31.7709 	 -0.5748 	 0.0000 	 0.0245 	 74.8917 	 1.0000 	 2.7694 	 6.2841 	 5.0938 	 -1.5729 	 0.0000 	 2.2611 	 0.0275 
7.0000 	 0.1959 	 19.6654 	 10.0477 	 4.5334 	 0.0000 	 0.0002 	 46.2579 	 7.0000 	 2.7722 	 7.7118 	 -5.1425 	 -2.4866 	 0.0000 	 1.6525 	 0.0061 
1.0000 	 0.0010 	 3.1348 	 16.0138 	 -0.0247 	 0.0000 	 0.0047 	 73.2600 	 1.0000 	 1.4945 	 0.4304 	 -9.1813 	 -3.7920 	 0.0000 	 1.0756 	 0.0553 
9.0000 	 0.2311 	 10.3242 	 9.5549 	 2.5460 	 0.0000 	 0.0000 	 47.4022 	 9.0000 	 2.4251 	 8.7179 	 -0.8960 	 -4.0027 	 0.0000 	 1.8218 	 0.0149 
1.0000 	 0.0010 	 0.0000 	 36.4912 	 -7.7988 	 0.0000 	 0.0001 	 74.8908 	 1.0000 	 2.4052 	 3.6088 	 9.8412 	 -0.4880 	 0.0000 	 0.1070 	 0.1181 
10.0000 	 0.2969 	 9.3890 	 7.2866 	 8.2294 	 0.0000 	 0.0022 	 45.8449 	 10.0000 	 2.3311 	 7.1704 	 -4.4289 	 1.0913 	 0.0000 	 1.7290 	 0.0064 
8.0000 	 0.2357 	 16.4610 	 8.4449 	 6.4190 	 0.0000 	 0.0001 	 45.9634 	 8.0000 	 1.3373 	 5.7189 	 2.4557 	 3.1328 	 0.0000 	 0.7361 	 0.1462 
7.0000 	 0.1883 	 8.8440 	 7.5553 	 4.8934 	 0.0000 	 0.0765 	 46.1556 	 7.0000 	 0.2941 	 0.4696 	 3.9610 	 3.7633 	 0.0000 	 1.7887 	 0.0036 
7.0000 	 0.1688 	 12.6385 	 11.9053 	 6.9785 	 0.0000 	 0.0000 	 52.7764 	 7.0000 	 0.6088 	 1.4323 	 7.4809 	 -3.2976 	 0.0000 	 2.9952 	 0.0017 
8.0000 	 0.2287 	 8.7592 	 7.9138 	 4.3295 	 0.0000 	 0.1507 	 46.2887 	 8.0000 	 2.0465 	 1.5411 	 6.3538 	 3.7935 	 0.0000 	 2.4371 	 0.0049 
5.0000 	 0.1102 	 2.7900 	 6.6813 	 9.3457 	 0.0000 	 0.0011 	 46.0691 	 5.0000 	 2.5877 	 9.0354 	 -1.5804 	 2.5118 	 0.0000 	 1.4186 	 0.0096 
3.0000 	 0.0300 	 0.0000 	 10.3802 	 -1.9720 	 0.0000 	 0.0668 	 53.3007 	 3.0000 	 0.7041 	 3.9507 	 9.7924 	 -1.6939 	 0.0000 	 0.2366 	 0.0240 
5.0000 	 0.1128 	 7.2675 	 8.3807 	 2.6402 	 0.0000 	 0.0078 	 47.2408 	 5.0000 	 0.3779 	 0.1512 	 8.8839 	 -4.4504 	 0.0000 	 2.9448 	 0.0757 
7.0000 	 0.1730 	 3.8684 	 8.3386 	 3.1003 	 0.0000 	 6.3717 	 51.9860 	 7.0000 	 2.0406 	 3.1418 	 2.9976 	 -1.1891 	 0.0000 	 1.5801 	 0.0015 
2.0000 	 0.0047 	 10.3581 	 13.4576 	 -0.4740 	 0.0000 	 0.0001 	 53.5216 	 2.0000 	 0.9770 	 0.7446 	 5.3408 	 -1.0740 	 0.0000 	 1.2072 	 0.0054 
3.0000 	 0.0247 	 1.2447 	 11.2257 	 -0.9684 	 0.0000 	 0.0000 	 53.0250 	 3.0000 	 2.6486 	 2.3030 	 -9.7081 	 0.1795 	 0.0000 	 2.2685 	 0.0058 
4.0000 	 0.0010 	 1.4269 	 10.7020 	 -1.6087 	 0.0000 	 0.0002 	 55.9839 	 4.0000 	 0.5984 	 2.5537 	 -7.4435 	 -0.5382 	 0.0000 	 0.7359 	 0.0006 
2.0000 	 0.0050 	 6.4719 	 10.2013 	 -0.0278 	 0.0000 	 0.0284 	 53.0912 	 2.0000 	 1.4132 	 0.6472 	 -2.1376 	 -3.7081 	 0.0000 	 0.3740 	 0.0153 
4.0000 	 0.0033 	 4.0199 	 15.6969 	 -4.0036 	 0.0000 	 0.0000 	 55.9752 	 4.0000 	 1.3274 	 9.9242 	 -0.6057 	 -2.4779 	 0.0000 	 0.6522 	 0.0000 
1.0000 	 0.0808 	 16.5515 	 -14.1611 	 9.4880 	 0.0000 	 0.0000 	 1108.3931 	 1.0000 	 2.6894 	 9.9294 	 -7.7607 	 -0.9950 	 0.0000 	 0.1649 	 0.9923 
1.0000 	 0.0010 	 72.3045 	 6.7633 	 -6.9161 	 0.0000 	 0.0002 	 88.8482 	 1.0000 	 2.8566 	 3.5408 	 8.5362 	 -3.9014 	 0.0000 	 1.8090 	 0.0659 
48.0000 	 0.0010 	 6.8333 	 5.0076 	 -0.2385 	 0.0000 	 0.0897 	 55.9840 	 48.0000 	 1.6161 	 1.6759 	 -3.3387 	 4.5277 	 0.0000 	 2.9330 	 0.0000 
48.0000 	 0.0013 	 8.0535 	 13.7121 	 -2.7980 	 0.0000 	 0.0000 	 55.9838 	 48.0000 	 1.0088 	 3.2697 	 7.3386 	 -4.3714 	 0.0000 	 2.0396 	 0.0000 
48.0000 	 0.0019 	 5.4134 	 7.6744 	 -0.9350 	 0.0000 	 0.0000 	 55.9840 	 48.0000 	 0.2172 	 5.3311 	 -4.7786 	 -4.5674 	 0.0000 	 1.4108 	 0.0000 
49.0000 	 0.0018 	 3.6288 	 7.8912 	 -1.0019 	 0.0000 	 0.0000 	 55.9840 	 49.0000 	 0.2172 	 5.3311 	 -4.7786 	 -4.5674 	 0.0000 	 1.4108 	 0.0000 
48.0000 	 0.0015 	 5.6462 	 10.3355 	 -0.8681 	 0.0000 	 0.0002 	 55.9839 	 48.0000 	 0.2172 	 5.3311 	 -4.7786 	 -4.5674 	 0.0000 	 1.4108 	 0.0009 
48.0000 	 0.0010 	 3.2875 	 6.3826 	 -0.4491 	 0.0000 	 0.0000 	 55.9841 	 48.0000 	 0.2172 	 5.3311 	 -4.7786 	 -4.5674 	 0.0000 	 1.4108 	 0.0003 
50.0000 	 0.0861 	 3.3960 	 10.3442 	 -1.1340 	 0.0000 	 0.0377 	 54.3037 	 50.0000 	 0.1982 	 1.8622 	 -4.1536 	 -4.5569 	 0.0000 	 2.4387 	 0.2522 
49.0000 	 0.9848 	 8.6872 	 14.1695 	 0.9181 	 0.0000 	 0.0001 	 50.9308 	 49.0000 	 0.0725 	 2.4492 	 -9.6974 	 -3.1126 	 0.0000 	 2.5618 	 0.0235 
49.0000 	 1.1092 	 9.6363 	 9.4705 	 2.5749 	 0.0000 	 0.0003 	 47.4470 	 49.0000 	 0.9522 	 2.5047 	 7.7748 	 0.2359 	 0.0000 	 2.7484 	 0.0111 
49.0000 	 1.0129 	 3.4009 	 5.9955 	 8.7772 	 0.0000 	 0.0000 	 39.7446 	 49.0000 	 0.5574 	 1.5152 	 -3.8058 	 2.1746 	 0.0000 	 2.1554 	 0.4662 
50.0000 	 1.0278 	 6.2493 	 6.6040 	 4.1260 	 0.0000 	 0.0000 	 44.7243 	 50.0000 	 1.2331 	 3.5001 	 -6.4896 	 3.8959 	 0.0000 	 1.4841 	 0.2536 
50.0000 	 0.9884 	 0.5861 	 21.8762 	 -1.5138 	 0.0000 	 0.0000 	 52.7324 	 50.0000 	 1.0141 	 7.0061 	 2.2926 	 2.9391 	 0.0000 	 1.3140 	 0.0076 
49.0000 	 1.0334 	 5.6296 	 6.8246 	 4.7882 	 0.0000 	 0.0114 	 46.1118 	 49.0000 	 0.0725 	 2.4492 	 -9.6974 	 -3.1126 	 0.0000 	 2.5618 	 0.0051 
45.0000 	 0.0237 	 6.0080 	 2.9961 	 -0.8448 	 0.0000 	 0.0002 	 55.9840 	 45.0000 	 1.3794 	 0.0931 	 8.8576 	 2.4955 	 0.0000 	 1.2262 	 0.0000 
49.0000 	 1.0386 	 4.6912 	 7.8575 	 2.2401 	 0.0000 	 0.0001 	 47.2508 	 49.0000 	 1.7312 	 6.6883 	 7.3483 	 -2.4606 	 0.0000 	 1.7782 	 0.0529 
50.0000 	 1.0468 	 4.4081 	 6.6592 	 6.6267 	 0.0000 	 0.0003 	 45.9792 	 50.0000 	 0.8930 	 2.5310 	 -1.8426 	 2.5327 	 0.0000 	 1.0181 	 0.0048 
45.0000 	 0.0010 	 9.2680 	 14.6207 	 -7.7610 	 0.0000 	 0.0000 	 55.9828 	 45.0000 	 2.3792 	 6.4425 	 4.9103 	 -0.7594 	 0.0000 	 0.1573 	 0.0000 
50.0000 	 1.0722 	 9.2664 	 6.7874 	 13.5463 	 0.0000 	 0.2704 	 45.7600 	 50.0000 	 1.1470 	 2.5473 	 -8.7371 	 -4.0183 	 0.0000 	 0.7578 	 0.0116 
46.0000 	 0.0145 	 5.1367 	 2.7734 	 -0.4492 	 0.0000 	 0.0005 	 55.9840 	 46.0000 	 0.3651 	 7.6446 	 7.9260 	 -3.9149 	 0.0000 	 0.3353 	 0.0000 
45.0000 	 0.0336 	 10.5243 	 7.7620 	 -2.7169 	 0.0000 	 0.0000 	 55.9830 	 45.0000 	 0.1528 	 1.7832 	 -2.1445 	 -4.3788 	 0.0000 	 2.2536 	 0.0069 
47.0000 	 0.9767 	 12.5163 	 10.6700 	 2.7121 	 0.0000 	 0.0021 	 47.6305 	 47.0000 	 2.1628 	 8.7115 	 -4.0319 	 -1.1940 	 0.0000 	 0.7046 	 0.0108 
44.0000 	 0.0346 	 11.0804 	 6.0345 	 -0.1814 	 0.0000 	 0.0002 	 55.8395 	 44.0000 	 1.5259 	 0.5900 	 2.0672 	 -0.8969 	 0.0000 	 0.9349 	 0.0000 
45.0000 	 0.9899 	 10.5842 	 8.2223 	 4.6151 	 0.0000 	 0.0002 	 46.1281 	 45.0000 	 2.3731 	 1.2225 	 -0.4909 	 0.3662 	 0.0000 	 0.5384 	 0.0689 
45.0000 	 0.9939 	 4.4415 	 6.5181 	 8.3954 	 0.0000 	 0.0001 	 45.8252 	 45.0000 	 2.1717 	 5.3183 	 2.2061 	 -0.3198 	 0.0000 	 2.7633 	 0.0201 
47.0000 	 0.5585 	 6.3574 	 2.0508 	 4.0332 	 0.0000 	 2.9566 	 48.8196 	 47.0000 	 0.5896 	 2.8196 	 9.4177 	 -2.3079 	 0.0000 	 2.2491 	 0.2604 
47.0000 	 0.9477 	 1.8090 	 6.1438 	 5.9153 	 0.0000 	 0.0503 	 45.5635 	 47.0000 	 1.8588 	 2.6495 	 -8.2619 	 2.9388 	 0.0000 	 0.1881 	 0.0121 
45.0000 	 0.0010 	 9.5691 	 -2.0239 	 -0.2942 	 0.0000 	 0.0011 	 55.9840 	 45.0000 	 0.8082 	 1.8489 	 -3.0308 	 -0.1566 	 0.0000 	 1.3975 	 0.0000 
46.0000 	 0.9754 	 10.6700 	 15.3900 	 2.1776 	 0.0000 	 5.6541 	 51.7907 	 46.0000 	 0.6634 	 9.7469 	 1.7161 	 -4.7296 	 0.0000 	 0.8370 	 0.0031 
45.0000 	 0.9288 	 15.7953 	 33.6524 	 2.8648 	 0.0000 	 0.0018 	 45.4360 	 45.0000 	 0.9364 	 3.3398 	 0.5708 	 -1.5013 	 0.0000 	 2.1452 	 0.0002 
47.0000 	 0.8250 	 9.8468 	 -4.7034 	 4.7365 	 0.0000 	 0.0379 	 55.1036 	 47.0000 	 0.7130 	 5.2703 	 -7.7252 	 -2.2749 	 0.0000 	 0.4832 	 0.0061 
43.0000 	 0.8961 	 12.7410 	 41.1537 	 6.5783 	 0.0000 	 0.1362 	 52.6347 	 43.0000 	 1.7634 	 6.9840 	 -3.5112 	 -4.6121 	 0.0000 	 2.0813 	 0.0036 
42.0000 	 0.9699 	 9.8089 	 7.6111 	 7.1777 	 0.0000 	 0.0000 	 46.0501 	 42.0000 	 2.5517 	 8.7991 	 0.4400 	 -0.4489 	 0.0000 	 2.0743 	 0.0065 
43.0000 	 0.9397 	 1.8246 	 6.0382 	 7.4008 	 0.0000 	 0.3629 	 46.6658 	 43.0000 	 1.6514 	 6.9134 	 5.8459 	 3.2092 	 0.0000 	 2.4685 	 0.5320 
43.0000 	 0.8969 	 4.2267 	 19.1195 	 3.3556 	 0.0000 	 0.0000 	 52.6332 	 43.0000 	 0.6398 	 4.8786 	 -5.6382 	 -3.2055 	 0.0000 	 2.0924 	 0.0016 
43.0000 	 0.9466 	 2.8912 	 11.5380 	 -0.2494 	 0.0000 	 0.0000 	 52.0587 	 43.0000 	 1.9847 	 6.3207 	 -2.3065 	 0.5976 	 0.0000 	 1.9988 	 0.0121 
42.0000 	 0.9355 	 6.4362 	 7.5229 	 3.5737 	 0.0000 	 0.0000 	 46.3650 	 42.0000 	 0.3346 	 5.2386 	 2.9327 	 -4.2133 	 0.0000 	 1.5858 	 0.0034 
40.0000 	 0.3616 	 4.4193 	 -1.2399 	 -0.0696 	 0.0000 	 0.0005 	 55.9908 	 40.0000 	 1.2900 	 6.5581 	 -8.2120 	 -0.2992 	 0.0000 	 1.7755 	 0.0008 
43.0000 	 0.9632 	 12.9491 	 7.8264 	 6.9380 	 0.0000 	 0.0000 	 45.8788 	 43.0000 	 0.0331 	 2.8215 	 -1.6004 	 3.1262 	 0.0000 	 1.7772 	 0.0057 
42.0000 	 0.8948 	 1.4900 	 6.0586 	 3.1670 	 0.0000 	 0.0000 	 47.1993 	 42.0000 	 2.1203 	 4.6716 	 -5.8633 	 -2.8256 	 0.0000 	 2.0073 	 0.0083 
41.0000 	 0.9416 	 11.9462 	 7.7217 	 7.5783 	 0.0000 	 0.0121 	 45.8523 	 41.0000 	 0.2234 	 5.6683 	 0.9759 	 -2.4390 	 0.0000 	 0.5267 	 0.0128 
45.0000 	 0.9955 	 10.9891 	 9.0865 	 3.1824 	 0.0000 	 0.0000 	 46.4114 	 45.0000 	 2.4800 	 9.0987 	 -8.3733 	 1.4635 	 0.0000 	 1.0741 	 0.0049 
42.0000 	 0.9354 	 2.0290 	 6.2421 	 13.4014 	 0.0000 	 0.1934 	 45.7457 	 42.0000 	 0.5849 	 3.2516 	 -6.1468 	 2.9392 	 0.0000 	 1.8083 	 0.0060 
41.0000 	 0.8454 	 6.2422 	 6.2888 	 0.8553 	 0.0000 	 0.0017 	 52.5806 	 41.0000 	 2.4522 	 5.3817 	 -4.0949 	 -2.1143 	 0.0000 	 2.7730 	 0.0084 
38.0000 	 0.9285 	 5.6104 	 7.1191 	 7.8723 	 0.0000 	 0.2428 	 48.7281 	 38.0000 	 1.3150 	 0.0163 	 -8.1572 	 -3.8346 	 0.0000 	 2.8510 	 0.2209 
41.0000 	 0.9342 	 10.9456 	 7.5728 	 7.0563 	 0.0000 	 0.0470 	 45.8739 	 41.0000 	 2.4569 	 5.1086 	 -4.7032 	 4.6522 	 0.0000 	 0.2755 	 0.0043 
36.0000 	 0.8028 	 1.3395 	 14.3752 	 9.1409 	 0.0000 	 0.0000 	 52.6326 	 36.0000 	 1.6506 	 0.9261 	 2.4477 	 3.6850 	 0.0000 	 2.2401 	 0.0003 
36.0000 	 0.8631 	 19.5626 	 8.5237 	 7.6686 	 0.0000 	 0.0006 	 45.8252 	 36.0000 	 1.1060 	 7.6902 	 3.6793 	 -1.6118 	 0.0000 	 1.1996 	 0.0043 
39.0000 	 0.8746 	 3.1022 	 6.5455 	 5.7776 	 0.0000 	 0.3081 	 46.4098 	 39.0000 	 2.5763 	 0.5736 	 2.9217 	 -1.7238 	 0.0000 	 2.5593 	 0.0078 
37.0000 	 0.0010 	 7.6274 	 -2.9979 	 -0.2144 	 0.0000 	 0.0004 	 55.9840 	 37.0000 	 0.4016 	 0.3092 	 6.8461 	 -4.5889 	 0.0000 	 1.5642 	 0.0000 
37.0000 	 0.8850 	 12.5867 	 10.3255 	 2.6804 	 0.0000 	 0.0000 	 46.6575 	 37.0000 	 2.5812 	 5.2331 	 -1.7974 	 4.6129 	 0.0000 	 1.9148 	 0.0112 
41.0000 	 0.8977 	 13.0282 	 13.5954 	 1.6905 	 0.0000 	 0.2434 	 49.0453 	 41.0000 	 0.4989 	 6.6006 	 0.7651 	 -0.6905 	 0.0000 	 2.8875 	 0.0085 
42.0000 	 0.9558 	 11.5454 	 8.3511 	 4.1043 	 0.0000 	 0.0002 	 46.0515 	 42.0000 	 0.2500 	 3.0805 	 -1.5150 	 4.2887 	 0.0000 	 1.0088 	 0.0118 
34.0000 	 0.3247 	 8.9234 	 -9.6000 	 1.4622 	 0.0000 	 0.0035 	 55.3158 	 34.0000 	 2.4144 	 7.0549 	 4.7822 	 0.8187 	 0.0000 	 1.0620 	 0.0015 
36.0000 	 0.8515 	 6.5663 	 6.8119 	 9.9847 	 0.0000 	 0.0000 	 45.7697 	 36.0000 	 0.0886 	 9.9927 	 -3.2481 	 -1.4539 	 0.0000 	 1.4122 	 0.0038 
38.0000 	 0.8306 	 4.4934 	 18.1689 	 1.4539 	 0.0000 	 0.0107 	 52.6291 	 38.0000 	 1.3847 	 6.2193 	 4.9246 	 4.2650 	 0.0000 	 0.1546 	 0.0065 
33.0000 	 0.0088 	 8.5115 	 0.0558 	 -0.4672 	 0.0000 	 0.0000 	 55.9840 	 33.0000 	 1.5692 	 2.0931 	 -4.8233 	 2.4076 	 0.0000 	 1.9025 	 0.0000 
36.0000 	 0.8560 	 7.4678 	 8.1198 	 3.0500 	 0.0000 	 0.0000 	 46.4907 	 36.0000 	 0.5258 	 7.1618 	 5.8305 	 2.8006 	 0.0000 	 2.2516 	 0.0067 
35.0000 	 0.7844 	 11.1418 	 56.9084 	 2.0517 	 0.0000 	 9.5764 	 52.6328 	 35.0000 	 2.1653 	 8.4801 	 1.4215 	 4.9225 	 0.0000 	 0.7050 	 0.0003 
36.0000 	 0.8698 	 22.3717 	 9.0456 	 6.5982 	 0.0000 	 0.0160 	 45.8616 	 36.0000 	 0.6660 	 4.8141 	 -9.5684 	 0.5261 	 0.0000 	 0.3015 	 0.0117 
31.0000 	 0.0296 	 8.8928 	 -1.8604 	 -0.5603 	 0.0000 	 0.0166 	 52.9963 	 31.0000 	 0.5711 	 2.9118 	 -8.7597 	 1.0334 	 0.0000 	 2.6879 	 0.1034 
27.0000 	 0.0018 	 7.1176 	 -5.0964 	 -0.1085 	 0.0000 	 0.0000 	 55.9840 	 27.0000 	 1.8320 	 4.8129 	 3.2924 	 -2.4883 	 0.0000 	 2.1588 	 0.0000 
34.0000 	 0.7678 	 8.9842 	 12.2546 	 1.3734 	 0.0000 	 0.0003 	 49.6962 	 34.0000 	 1.7545 	 1.6731 	 -2.3397 	 -1.5788 	 0.0000 	 0.9785 	 0.0114 
37.0000 	 0.8838 	 12.4816 	 9.0665 	 3.6746 	 0.0000 	 0.0279 	 46.2408 	 37.0000 	 2.9514 	 5.7962 	 9.8708 	 3.3568 	 0.0000 	 0.0100 	 0.0081 
30.0000 	 0.7678 	 16.4463 	 7.6434 	 11.0532 	 0.0000 	 0.0000 	 45.6823 	 30.0000 	 2.6099 	 5.5259 	 -7.7117 	 3.2451 	 0.0000 	 2.7345 	 0.0317 
32.0000 	 0.9364 	 1.5399 	 5.7674 	 8.4996 	 0.0000 	 0.0002 	 0.0938 	 32.0000 	 1.8551 	 8.7597 	 1.1985 	 -3.1700 	 0.0000 	 2.8137 	 0.8282 
32.0000 	 0.7596 	 6.3830 	 8.6564 	 2.1137 	 0.0000 	 0.0001 	 47.4868 	 32.0000 	 2.7152 	 0.4998 	 6.9172 	 3.0978 	 0.0000 	 1.2681 	 0.0273 
33.0000 	 0.8016 	 1.9175 	 6.5629 	 10.8480 	 0.0000 	 0.0003 	 45.7980 	 33.0000 	 1.5843 	 0.6174 	 -0.8901 	 3.9361 	 0.0000 	 0.5027 	 0.0043 
34.0000 	 0.7802 	 3.1628 	 8.9648 	 0.7471 	 0.0000 	 0.0009 	 50.5954 	 34.0000 	 2.2885 	 6.9136 	 -2.9209 	 -4.7965 	 0.0000 	 0.3582 	 0.0229 
32.0000 	 0.7083 	 11.2733 	 24.6065 	 -2.9113 	 0.0000 	 0.0026 	 52.3178 	 32.0000 	 1.3264 	 1.5480 	 1.1060 	 2.2542 	 0.0000 	 1.3908 	 0.0074 
29.0000 	 0.0036 	 7.3108 	 6.1242 	 -0.5806 	 0.0000 	 0.0039 	 55.9840 	 29.0000 	 0.0982 	 0.3791 	 2.9072 	 1.3918 	 0.0000 	 1.7442 	 0.0000 
28.0000 	 0.0518 	 10.0093 	 9.3968 	 -0.1529 	 0.0000 	 0.0000 	 55.9840 	 28.0000 	 2.3382 	 4.0055 	 -7.5784 	 3.4849 	 0.0000 	 2.5453 	 0.0000 
35.0000 	 0.7503 	 0.0000 	 23.8811 	 6.6012 	 0.0000 	 5.7020 	 52.0550 	 35.0000 	 2.7934 	 8.1301 	 1.9784 	 -2.4936 	 0.0000 	 0.1688 	 0.0024 
34.0000 	 0.0026 	 6.1914 	 -4.8047 	 -0.0977 	 0.0000 	 0.0000 	 14.4963 	 34.0000 	 1.3360 	 2.4881 	 -5.8466 	 -0.9117 	 0.0000 	 0.0004 	 0.2023 
31.0000 	 0.7273 	 5.2220 	 31.8087 	 2.9079 	 0.0000 	 0.0000 	 52.6339 	 31.0000 	 0.4217 	 7.9919 	 8.0961 	 -0.4947 	 0.0000 	 0.4004 	 0.0005 
33.0000 	 0.0021 	 2.1246 	 2.4149 	 -0.0482 	 0.0000 	 0.0000 	 55.9840 	 33.0000 	 2.1619 	 1.0286 	 6.4272 	 -3.6549 	 0.0000 	 0.6683 	 0.0000 
29.0000 	 0.7341 	 6.0811 	 6.7605 	 11.9108 	 0.0000 	 0.0299 	 45.6870 	 29.0000 	 0.6037 	 4.3597 	 8.5437 	 -1.7105 	 0.0000 	 2.2075 	 0.0073 
30.0000 	 0.7511 	 7.9771 	 9.6819 	 2.0499 	 0.0000 	 0.0010 	 47.4136 	 30.0000 	 2.2461 	 5.8132 	 -2.3720 	 1.9194 	 0.0000 	 2.9467 	 0.0108 
36.0000 	 0.8652 	 8.4744 	 8.2129 	 3.5302 	 0.0000 	 0.0373 	 46.3882 	 36.0000 	 2.3208 	 3.8352 	 -0.4105 	 3.7264 	 0.0000 	 0.4320 	 0.0041 
32.0000 	 0.7452 	 9.9026 	 21.9172 	 5.8502 	 0.0000 	 0.1445 	 52.6353 	 32.0000 	 2.8143 	 9.7673 	 -4.6162 	 -0.2704 	 0.0000 	 2.4134 	 0.0005 
28.0000 	 0.7234 	 5.5885 	 6.6714 	 13.9164 	 0.0000 	 0.1168 	 45.6356 	 28.0000 	 0.3236 	 3.3648 	 8.7038 	 3.8095 	 0.0000 	 0.5255 	 0.0040 
27.0000 	 0.3757 	 8.3551 	 -14.1665 	 0.1208 	 0.0000 	 0.0025 	 55.1165 	 27.0000 	 2.1577 	 9.9797 	 -6.5882 	 1.7162 	 0.0000 	 1.2072 	 0.0077 
28.0000 	 0.7260 	 7.6293 	 6.7113 	 12.3591 	 0.0000 	 0.1327 	 45.6918 	 28.0000 	 2.1430 	 6.8882 	 6.8661 	 -4.7133 	 0.0000 	 0.4493 	 0.0041 
25.0000 	 0.6660 	 3.2048 	 6.6119 	 13.3995 	 0.0000 	 0.0175 	 45.6466 	 25.0000 	 1.2376 	 0.2549 	 5.7644 	 4.1397 	 0.0000 	 2.7831 	 0.0076 
27.0000 	 0.6565 	 6.8370 	 16.4578 	 6.7531 	 0.0000 	 0.0000 	 52.6233 	 27.0000 	 0.2734 	 2.3613 	 -6.3498 	 4.1423 	 0.0000 	 2.4972 	 0.0007 
32.0000 	 0.7764 	 4.7014 	 6.8085 	 3.9109 	 0.0000 	 0.0000 	 46.2246 	 32.0000 	 2.9000 	 0.5074 	 -2.0777 	 0.8430 	 0.0000 	 0.3169 	 0.0158 
25.0000 	 0.2785 	 1.0938 	 -7.1875 	 1.0938 	 0.0000 	 0.3684 	 33.8042 	 25.0000 	 1.9566 	 0.5296 	 7.6658 	 -2.7704 	 0.0000 	 1.8412 	 0.2738 
22.0000 	 0.0015 	 3.2605 	 7.0538 	 -0.7132 	 0.0000 	 0.0000 	 54.0334 	 22.0000 	 1.5170 	 6.8455 	 7.5463 	 1.0103 	 0.0000 	 2.5569 	 0.1983 
30.0000 	 0.7205 	 3.6282 	 6.0175 	 11.1664 	 0.0000 	 0.1666 	 37.0422 	 30.0000 	 0.3368 	 6.4743 	 -6.7341 	 2.5502 	 0.0000 	 0.7045 	 0.6959 
24.0000 	 0.0026 	 4.9669 	 8.6861 	 -2.5251 	 0.0000 	 0.0005 	 55.9840 	 24.0000 	 2.9181 	 9.5204 	 0.7864 	 2.8495 	 0.0000 	 1.1809 	 0.0000 
31.0000 	 0.7709 	 6.3149 	 6.9339 	 5.2482 	 0.0000 	 0.0635 	 46.0067 	 31.0000 	 1.3605 	 9.2918 	 -6.4633 	 -1.8056 	 0.0000 	 1.4800 	 0.0044 
27.0000 	 0.0010 	 6.7346 	 15.9399 	 -4.3774 	 0.0000 	 0.0003 	 55.9840 	 27.0000 	 2.8605 	 8.7357 	 -8.3320 	 -0.8370 	 0.0000 	 2.4786 	 0.0000 
26.0000 	 0.6689 	 3.5661 	 7.2666 	 2.1599 	 0.0000 	 0.0045 	 47.2602 	 26.0000 	 1.9815 	 4.7763 	 7.9644 	 -2.4558 	 0.0000 	 2.7419 	 0.0050 
27.0000 	 0.7013 	 2.2586 	 6.2583 	 3.1890 	 0.0000 	 0.0000 	 46.6038 	 27.0000 	 2.7752 	 4.7485 	 -4.6784 	 2.0804 	 0.0000 	 0.9432 	 0.0192 
28.0000 	 0.7227 	 7.5689 	 6.4132 	 14.6115 	 0.0000 	 0.0000 	 45.7149 	 28.0000 	 1.4172 	 8.3068 	 -4.7336 	 -3.0878 	 0.0000 	 1.2947 	 0.0039 
22.0000 	 0.5630 	 2.4443 	 13.9957 	 3.5588 	 0.0000 	 0.0001 	 52.6400 	 22.0000 	 1.7405 	 5.0315 	 -9.4254 	 -1.9712 	 0.0000 	 1.9204 	 0.0008 
22.0000 	 0.0212 	 9.1429 	 3.6420 	 -1.0932 	 0.0000 	 0.0014 	 55.9840 	 22.0000 	 0.1823 	 0.1557 	 -8.3757 	 1.9075 	 0.0000 	 2.0385 	 0.0002 
35.0000 	 0.8255 	 1.7966 	 6.5027 	 13.6884 	 0.0000 	 0.0012 	 -76.5646 	 35.0000 	 1.2870 	 1.3968 	 8.0833 	 3.8270 	 0.0000 	 1.3947 	 0.5103 
26.0000 	 0.6778 	 5.6733 	 8.0718 	 2.4807 	 0.0000 	 0.0231 	 46.9598 	 26.0000 	 0.6379 	 5.9412 	 9.4923 	 1.2351 	 0.0000 	 0.7557 	 0.0054 
28.0000 	 0.6732 	 13.1187 	 29.5646 	 4.9724 	 0.0000 	 2.4620 	 52.6343 	 28.0000 	 0.6116 	 9.6752 	 -8.9659 	 2.1910 	 0.0000 	 1.5568 	 0.0004 
19.0000 	 0.5337 	 6.7769 	 6.8536 	 8.1994 	 0.0000 	 0.1026 	 45.8000 	 19.0000 	 1.6844 	 1.4033 	 7.2013 	 -0.0200 	 0.0000 	 0.5511 	 0.0044 
22.0000 	 0.0215 	 8.7803 	 -7.3955 	 -0.2271 	 0.0000 	 0.4059 	 55.9840 	 22.0000 	 2.1565 	 3.7360 	 -8.8862 	 2.6990 	 0.0000 	 1.9713 	 0.0000 
25.0000 	 0.5246 	 2.0468 	 -1.3780 	 30.0000 	 0.0000 	 0.0001 	 45.3347 	 25.0000 	 1.9129 	 4.6447 	 0.8875 	 1.1664 	 0.0000 	 0.4694 	 0.0092 
21.0000 	 0.6027 	 7.7861 	 7.7919 	 3.8139 	 0.0000 	 0.0154 	 46.3397 	 21.0000 	 1.7770 	 2.3733 	 3.7073 	 -4.7379 	 0.0000 	 0.8230 	 0.0065 
30.0000 	 0.4505 	 2.6875 	 -11.9383 	 0.9239 	 0.0000 	 0.0001 	 55.0531 	 30.0000 	 0.3303 	 5.6934 	 2.9680 	 -0.1062 	 0.0000 	 1.6376 	 0.0050 
26.0000 	 0.6758 	 2.6963 	 6.4955 	 29.7396 	 0.0000 	 0.0365 	 45.5911 	 26.0000 	 1.5164 	 1.6869 	 5.6448 	 2.8946 	 0.0000 	 1.5518 	 0.0159 
21.0000 	 0.5074 	 4.1919 	 6.3739 	 6.6873 	 0.0000 	 0.0020 	 47.9293 	 21.0000 	 2.3239 	 8.3586 	 -3.6340 	 -4.7371 	 0.0000 	 0.7116 	 0.0148 
24.0000 	 0.5451 	 10.3269 	 11.6443 	 1.5446 	 0.0000 	 0.0001 	 51.8888 	 24.0000 	 0.8893 	 6.2883 	 -7.5440 	 2.4846 	 0.0000 	 1.2608 	 0.0196 
23.0000 	 0.5743 	 34.5009 	 99.4428 	 1.7967 	 0.0000 	 0.0002 	 52.6541 	 23.0000 	 2.1088 	 8.2350 	 2.6850 	 -0.8138 	 0.0000 	 1.5693 	 0.0026 
27.0000 	 0.6667 	 10.6505 	 8.1532 	 4.4975 	 0.0000 	 0.0353 	 45.2311 	 27.0000 	 0.4740 	 4.2923 	 0.4357 	 4.2954 	 0.0000 	 0.7062 	 0.4906 
21.0000 	 0.5392 	 5.1821 	 10.6903 	 -1.4222 	 0.0000 	 0.0002 	 52.9118 	 21.0000 	 0.7058 	 1.0510 	 2.3141 	 -3.7944 	 0.0000 	 2.1165 	 0.0147 
21.0000 	 0.3662 	 8.2910 	 -3.6914 	 0.1074 	 0.0000 	 0.0000 	 50.3417 	 21.0000 	 1.1911 	 1.5563 	 5.3105 	 -1.4977 	 0.0000 	 1.1113 	 0.1228 
31.0000 	 0.6537 	 2.1194 	 6.7102 	 3.7930 	 0.0000 	 0.0000 	 49.5491 	 31.0000 	 2.8189 	 6.0764 	 2.6580 	 2.3919 	 0.0000 	 2.9427 	 0.1087 
19.0000 	 0.0012 	 52.5208 	 100.0000 	 -22.7747 	 0.0000 	 1.5492 	 55.9841 	 19.0000 	 1.5662 	 1.0485 	 8.4985 	 1.7888 	 0.0000 	 0.2151 	 0.0007 
18.0000 	 0.5279 	 9.6478 	 8.2319 	 3.7428 	 0.0000 	 0.0000 	 46.2051 	 18.0000 	 2.2936 	 3.6775 	 0.0267 	 -4.8278 	 0.0000 	 0.9072 	 0.0043 
16.0000 	 0.4711 	 13.0702 	 8.1657 	 5.3083 	 0.0000 	 0.0270 	 45.9272 	 16.0000 	 0.9488 	 2.2787 	 -0.7586 	 0.9047 	 0.0000 	 0.7134 	 0.0035 
24.0000 	 0.6133 	 3.8348 	 6.2628 	 6.0425 	 0.0000 	 0.1406 	 46.0556 	 24.0000 	 0.4293 	 4.6364 	 8.4816 	 2.3937 	 0.0000 	 1.1733 	 0.0424 
22.0000 	 0.6079 	 5.5376 	 6.8912 	 5.0418 	 0.0000 	 0.0131 	 46.0559 	 22.0000 	 2.4578 	 1.9472 	 -3.9661 	 4.7472 	 0.0000 	 1.6827 	 0.0062 
17.0000 	 0.4790 	 4.4168 	 23.4336 	 6.2339 	 0.0000 	 0.0000 	 52.7504 	 17.0000 	 2.9996 	 7.1203 	 3.8541 	 -2.6511 	 0.0000 	 0.6103 	 0.0100 
22.0000 	 0.5070 	 3.0322 	 6.6138 	 7.9651 	 0.0000 	 0.0001 	 36.9293 	 22.0000 	 2.8185 	 9.0254 	 -8.2859 	 4.6447 	 0.0000 	 2.0764 	 0.1202 
20.0000 	 0.4814 	 9.5117 	 6.5234 	 6.4258 	 0.0000 	 0.3184 	 2.8678 	 20.0000 	 2.8949 	 5.7827 	 -7.4041 	 -0.8608 	 0.0000 	 2.1357 	 0.0551 
16.0000 	 0.4349 	 8.7775 	 33.1590 	 3.8010 	 0.0000 	 0.0014 	 52.6555 	 16.0000 	 1.1383 	 6.8952 	 9.1672 	 -0.3750 	 0.0000 	 0.0900 	 0.0014 
16.0000 	 0.4160 	 0.0000 	 22.1671 	 2.5357 	 0.0000 	 0.0021 	 52.5911 	 16.0000 	 1.2358 	 5.1543 	 9.5776 	 1.2343 	 0.0000 	 0.9803 	 0.0013 
24.0000 	 0.6567 	 12.1953 	 13.7544 	 1.4747 	 0.0000 	 0.0000 	 48.4162 	 24.0000 	 2.5286 	 8.7915 	 7.2295 	 2.9588 	 0.0000 	 0.7958 	 0.0067 
15.0000 	 0.4219 	 7.7517 	 11.7848 	 0.9386 	 0.0000 	 0.0000 	 50.1846 	 15.0000 	 2.5381 	 5.6525 	 4.2832 	 -3.5213 	 0.0000 	 1.9132 	 0.0153 
18.0000 	 0.4987 	 5.0571 	 10.2770 	 1.0776 	 0.0000 	 1.2421 	 50.5039 	 18.0000 	 2.7310 	 4.7524 	 8.6589 	 4.1976 	 0.0000 	 2.3479 	 0.0128 
16.0000 	 0.4363 	 1.2570 	 30.3048 	 6.5521 	 0.0000 	 0.0003 	 52.6590 	 16.0000 	 2.3447 	 7.7458 	 9.7364 	 3.9605 	 0.0000 	 2.3059 	 0.0030 
13.0000 	 0.3966 	 11.3205 	 12.3169 	 1.7222 	 0.0000 	 0.0441 	 47.9949 	 13.0000 	 0.5378 	 4.3597 	 -1.1317 	 -1.1718 	 0.0000 	 0.4111 	 0.0064 
29.0000 	 0.7097 	 1.7656 	 18.1147 	 7.9777 	 0.0000 	 8.4279 	 52.1349 	 29.0000 	 0.4012 	 6.2361 	 -3.1026 	 2.8900 	 0.0000 	 2.6198 	 0.0028 
14.0000 	 0.4162 	 5.8223 	 6.4959 	 13.5662 	 0.0000 	 0.0001 	 45.5898 	 14.0000 	 0.7784 	 8.5587 	 -8.0104 	 -2.9820 	 0.0000 	 1.4409 	 0.0196 
6.0000 	 0.1481 	 6.8334 	 6.7730 	 8.4278 	 0.0000 	 0.0008 	 45.9860 	 6.0000 	 2.9299 	 5.3948 	 -3.6783 	 0.0676 	 0.0000 	 2.5741 	 0.0054 
24.0000 	 0.0014 	 5.9375 	 13.9990 	 -1.5076 	 0.0000 	 0.3302 	 47.8335 	 24.0000 	 0.3856 	 2.7157 	 0.3526 	 -0.5826 	 0.0000 	 0.1460 	 0.0620 
15.0000 	 0.0149 	 10.4587 	 7.4084 	 -3.8065 	 0.0000 	 0.0000 	 55.9839 	 15.0000 	 2.1851 	 3.7456 	 -4.8526 	 -3.7450 	 0.0000 	 1.0904 	 0.0000 
9.0000 	 0.2720 	 5.2944 	 11.2842 	 0.9174 	 0.0000 	 0.0006 	 49.9675 	 9.0000 	 2.5851 	 5.3861 	 2.2627 	 3.5770 	 0.0000 	 1.6975 	 0.0083 
14.0000 	 0.3924 	 8.2332 	 9.1808 	 2.2216 	 0.0000 	 0.0025 	 47.9723 	 14.0000 	 2.3771 	 4.1703 	 0.5017 	 2.5918 	 0.0000 	 1.1060 	 0.0422 
2.0000 	 0.0038 	 8.8437 	 6.6974 	 -0.6424 	 0.0000 	 0.0105 	 53.5604 	 2.0000 	 1.0044 	 0.3709 	 4.5625 	 1.4266 	 0.0000 	 1.9089 	 0.0085 
14.0000 	 0.3416 	 2.6507 	 5.9103 	 6.8196 	 0.0000 	 0.0000 	 49.0423 	 14.0000 	 1.3753 	 5.4144 	 5.1357 	 2.2770 	 0.0000 	 0.1744 	 0.0151 
18.0000 	 0.5523 	 13.2645 	 17.4708 	 1.0766 	 0.0000 	 0.0000 	 50.4175 	 18.0000 	 0.7958 	 6.5924 	 -4.8142 	 4.4515 	 0.0000 	 0.6564 	 0.0128 
12.0000 	 0.0011 	 3.2423 	 8.7848 	 -1.4778 	 0.0000 	 0.0000 	 55.9840 	 12.0000 	 0.4816 	 6.4696 	 4.7767 	 1.3673 	 0.0000 	 2.3131 	 0.0001 
14.0000 	 0.0011 	 10.2998 	 5.3315 	 -0.3831 	 0.0000 	 0.0873 	 55.9840 	 14.0000 	 0.8571 	 0.4677 	 -6.8901 	 3.5761 	 0.0000 	 2.1363 	 0.0000 
18.0000 	 0.2862 	 9.7244 	 0.8963 	 0.5182 	 0.0000 	 0.0188 	 45.8777 	 18.0000 	 1.9284 	 2.4175 	 3.4897 	 -1.9761 	 0.0000 	 1.4177 	 0.3131 
6.0000 	 0.1469 	 5.5619 	 6.6069 	 7.6110 	 0.0000 	 0.0000 	 46.0397 	 6.0000 	 1.3563 	 4.2792 	 -9.1336 	 1.4611 	 0.0000 	 2.2611 	 0.0044 
19.0000 	 0.5397 	 3.5629 	 5.9750 	 8.1939 	 0.0000 	 0.0000 	 45.8703 	 19.0000 	 0.6306 	 7.8547 	 -1.2680 	 -0.9247 	 0.0000 	 1.9666 	 0.0046 
20.0000 	 0.5040 	 7.3459 	 17.4010 	 -9.1757 	 0.0000 	 0.0007 	 53.9917 	 20.0000 	 1.7095 	 5.7944 	 -1.5040 	 -1.6668 	 0.0000 	 2.8655 	 0.0082 
17.0000 	 0.4623 	 10.9050 	 15.9258 	 2.1463 	 0.0000 	 0.0026 	 52.6509 	 17.0000 	 0.0399 	 0.2074 	 -9.8538 	 -2.5953 	 0.0000 	 0.4372 	 0.0029 
26.0000 	 0.7061 	 9.3187 	 11.5432 	 1.5513 	 0.0000 	 0.0591 	 47.9884 	 26.0000 	 0.9003 	 8.2814 	 -2.5433 	 3.7646 	 0.0000 	 0.8891 	 0.0185 
13.0000 	 0.0010 	 7.1153 	 0.8980 	 -0.4278 	 0.0000 	 0.0003 	 55.9840 	 13.0000 	 2.5661 	 9.5550 	 3.0387 	 0.6168 	 0.0000 	 1.4794 	 0.0000 
8.0000 	 0.2374 	 8.3393 	 7.8922 	 3.8453 	 0.0000 	 0.0065 	 46.4467 	 8.0000 	 2.6892 	 3.0589 	 0.2137 	 -0.3780 	 0.0000 	 0.4847 	 0.0109 
9.0000 	 0.2408 	 6.1475 	 11.6553 	 4.1492 	 0.0000 	 0.0000 	 52.7390 	 9.0000 	 0.1206 	 0.9929 	 8.8020 	 4.9692 	 0.0000 	 0.5989 	 0.0011 
17.0000 	 0.4554 	 9.4424 	 58.5099 	 1.4766 	 0.0000 	 0.0063 	 52.6516 	 17.0000 	 2.6463 	 1.8900 	 -2.7513 	 2.7782 	 0.0000 	 1.8482 	 0.0008 
9.0000 	 0.2339 	 0.1922 	 21.5382 	 0.7875 	 0.0000 	 1.1828 	 52.7173 	 9.0000 	 1.0665 	 5.7777 	 -2.6351 	 -3.0413 	 0.0000 	 1.9878 	 0.0024 
10.0000 	 0.2956 	 5.3226 	 7.1365 	 3.3945 	 0.0000 	 0.0000 	 46.3785 	 10.0000 	 1.6074 	 2.1009 	 -1.6689 	 4.2122 	 0.0000 	 0.9532 	 0.0093 
12.0000 	 0.3564 	 8.3579 	 7.5899 	 4.0970 	 0.0000 	 0.0000 	 46.1152 	 12.0000 	 0.0129 	 8.7163 	 -4.7678 	 1.5526 	 0.0000 	 2.2932 	 0.0051 
7.0000 	 0.1777 	 5.3414 	 11.0191 	 0.8913 	 0.0000 	 0.0000 	 50.4206 	 7.0000 	 1.2265 	 4.9022 	 -2.3199 	 3.0984 	 0.0000 	 1.4960 	 0.0172 
5.0000 	 0.0896 	 11.4180 	 9.5789 	 -0.1860 	 0.0000 	 0.0000 	 53.1512 	 5.0000 	 0.1266 	 4.7498 	 -1.1563 	 1.0771 	 0.0000 	 1.9110 	 0.0109 
5.0000 	 0.0984 	 11.6030 	 58.6280 	 8.5431 	 0.0000 	 0.0000 	 53.2799 	 5.0000 	 1.8096 	 2.5654 	 8.5936 	 -4.0472 	 0.0000 	 0.4812 	 0.0956 
15.0000 	 0.0035 	 9.8768 	 6.4760 	 -0.8955 	 0.0000 	 0.0061 	 55.9840 	 15.0000 	 0.1671 	 0.9258 	 0.4792 	 -3.9373 	 0.0000 	 0.3718 	 0.0000 
11.0000 	 0.3317 	 9.6586 	 10.9243 	 1.8129 	 0.0000 	 0.0002 	 47.5436 	 11.0000 	 1.0353 	 5.4744 	 9.3893 	 -2.7784 	 0.0000 	 0.6577 	 0.0061 
12.0000 	 0.3357 	 3.3557 	 6.6699 	 8.2983 	 0.0000 	 0.0005 	 46.1749 	 12.0000 	 0.6211 	 4.4676 	 -3.7391 	 2.5659 	 0.0000 	 1.7676 	 0.0573 
5.0000 	 0.0975 	 6.7343 	 6.9648 	 -0.0209 	 0.0000 	 0.0000 	 52.8151 	 5.0000 	 2.2997 	 9.5527 	 -3.7846 	 4.6234 	 0.0000 	 1.5772 	 0.0232 
8.0000 	 0.2272 	 4.2065 	 6.4655 	 6.6876 	 0.0000 	 0.0000 	 46.0009 	 8.0000 	 1.3347 	 8.2169 	 -0.0650 	 -4.5111 	 0.0000 	 1.0151 	 0.0036 
16.0000 	 0.4680 	 6.0722 	 7.3615 	 3.8158 	 0.0000 	 0.0000 	 46.2669 	 16.0000 	 0.2172 	 5.8152 	 8.5190 	 -0.1880 	 0.0000 	 2.5978 	 0.0042 
14.0000 	 0.4168 	 5.6130 	 6.8203 	 5.2863 	 0.0000 	 0.0002 	 46.0049 	 14.0000 	 2.7442 	 0.1215 	 7.7254 	 1.5841 	 0.0000 	 0.7949 	 0.0042 
3.0000 	 0.0280 	 3.8213 	 11.9932 	 -0.1149 	 0.0000 	 0.0167 	 52.6216 	 3.0000 	 2.3228 	 7.5962 	 -3.2540 	 -0.8197 	 0.0000 	 0.3886 	 0.0893 
9.0000 	 0.2359 	 3.5434 	 12.3241 	 8.4647 	 0.0000 	 0.0022 	 52.7215 	 9.0000 	 0.0092 	 4.4586 	 -2.9872 	 1.0700 	 0.0000 	 0.2048 	 0.0015 
3.0000 	 0.0295 	 5.8228 	 11.4893 	 -0.5554 	 0.0000 	 0.0002 	 53.0304 	 3.0000 	 1.8377 	 6.8874 	 -1.7891 	 -4.8489 	 0.0000 	 0.7150 	 0.0165 
8.0000 	 0.1974 	 10.3972 	 77.7818 	 18.5101 	 0.0000 	 9.8046 	 52.7460 	 8.0000 	 2.6574 	 6.6869 	 -9.2436 	 4.5523 	 0.0000 	 2.3486 	 0.0017 
3.0000 	 0.0225 	 9.1184 	 9.1701 	 -1.1231 	 0.0000 	 0.0000 	 52.4471 	 3.0000 	 1.1779 	 1.4082 	 2.0523 	 -1.3737 	 0.0000 	 2.6704 	 0.0107 
10.0000 	 0.2740 	 3.2614 	 6.8933 	 4.6912 	 0.0000 	 0.0001 	 46.5499 	 10.0000 	 1.2211 	 2.5773 	 -0.9246 	 4.8721 	 0.0000 	 1.8186 	 0.5214 
9.0000 	 0.2169 	 3.9062 	 19.6875 	 2.0312 	 0.0000 	 9.6194 	 52.5090 	 9.0000 	 2.2842 	 9.4271 	 -2.0737 	 2.9648 	 0.0000 	 1.1091 	 0.0021 
6.0000 	 0.0026 	 7.5051 	 3.2713 	 -0.9376 	 0.0000 	 0.0801 	 55.9840 	 6.0000 	 2.0431 	 3.6561 	 -3.8009 	 -3.9001 	 0.0000 	 2.3269 	 0.0000 
6.0000 	 0.1544 	 7.6888 	 6.8492 	 14.3512 	 0.0000 	 0.0000 	 45.8538 	 6.0000 	 0.8344 	 3.4519 	 5.5039 	 -4.6044 	 0.0000 	 0.2049 	 0.0061 
23.0000 	 0.5846 	 2.4519 	 14.2779 	 11.7286 	 0.0000 	 0.0001 	 52.6385 	 23.0000 	 2.6642 	 2.8205 	 5.6745 	 3.5183 	 0.0000 	 1.5428 	 0.0073 
15.0000 	 0.3999 	 1.6979 	 15.3379 	 -0.2891 	 0.0000 	 0.0000 	 15.9404 	 15.0000 	 1.3043 	 4.6709 	 -1.4545 	 -1.8098 	 0.0000 	 0.7022 	 0.0233 
12.0000 	 0.3271 	 12.4448 	 23.4825 	 3.3840 	 0.0000 	 0.0000 	 52.6787 	 12.0000 	 2.7698 	 0.3420 	 7.1759 	 2.2231 	 0.0000 	 2.9467 	 0.0021 
8.0000 	 0.2302 	 3.2094 	 9.3586 	 0.7483 	 0.0000 	 0.0384 	 51.2669 	 8.0000 	 2.6178 	 6.8330 	 6.8651 	 -2.3759 	 0.0000 	 0.9165 	 0.0965 
2.0000 	 0.0048 	 9.7222 	 5.0003 	 -0.5335 	 0.0000 	 0.0000 	 53.4473 	 2.0000 	 1.4499 	 0.9709 	 3.0714 	 -0.0374 	 0.0000 	 1.9032 	 0.0127 
4.0000 	 0.0532 	 6.5125 	 8.8916 	 -0.4370 	 0.0000 	 0.0001 	 52.9667 	 4.0000 	 2.2957 	 1.8638 	 9.1272 	 -0.8564 	 0.0000 	 1.5291 	 0.0071 
5.0000 	 0.1102 	 4.3896 	 9.1493 	 1.2147 	 0.0000 	 0.0002 	 49.0073 	 5.0000 	 0.4378 	 5.0746 	 -4.4923 	 -0.6541 	 0.0000 	 0.0868 	 0.0205 
2.0000 	 0.0648 	 8.0307 	 26.5472 	 5.2524 	 0.0000 	 0.0001 	 397.2356 	 2.0000 	 2.8057 	 0.2597 	 -6.2894 	 -4.5289 	 0.0000 	 1.0122 	 0.3915 
20.0000 	 0.0111 	 6.1316 	 13.4546 	 -1.7908 	 0.0000 	 0.0007 	 54.8791 	 20.0000 	 1.5560 	 8.5428 	 9.0789 	 -1.2918 	 0.0000 	 1.2129 	 0.0268 
11.0000 	 0.0029 	 44.9243 	 12.0874 	 -22.6819 	 0.0000 	 0.0000 	 55.9843 	 11.0000 	 2.4563 	 9.3955 	 7.9540 	 -3.6903 	 0.0000 	 1.0154 	 0.0025 
3.0000 	 0.0232 	 0.0000 	 16.2930 	 -6.7963 	 0.0000 	 0.0000 	 53.0611 	 3.0000 	 2.7288 	 2.6523 	 9.7806 	 4.4916 	 0.0000 	 2.6728 	 0.0026 
9.0000 	 0.2588 	 8.3317 	 9.6675 	 2.1583 	 0.0000 	 0.0512 	 47.3489 	 9.0000 	 2.5073 	 8.8113 	 2.6248 	 3.2885 	 0.0000 	 2.3628 	 0.0325 
5.0000 	 0.1074 	 3.2448 	 9.6169 	 -0.1300 	 0.0000 	 0.1332 	 40.5146 	 5.0000 	 1.8806 	 6.5978 	 -3.0723 	 -1.3932 	 0.0000 	 0.5330 	 0.0291 
4.0000 	 0.0144 	 7.6465 	 9.9414 	 -1.7871 	 0.0000 	 0.0036 	 37.2110 	 4.0000 	 2.0598 	 2.7563 	 -6.1857 	 2.5368 	 0.0000 	 2.8268 	 0.2259 
9.0000 	 0.2651 	 10.5327 	 7.5018 	 8.8842 	 0.0000 	 0.0135 	 45.7894 	 9.0000 	 0.6299 	 3.1635 	 -5.0938 	 0.9418 	 0.0000 	 0.7560 	 0.0657 
5.0000 	 0.1206 	 7.8027 	 7.7539 	 0.2441 	 0.0000 	 1.9665 	 46.2209 	 5.0000 	 1.7281 	 7.0327 	 -4.1805 	 4.4812 	 0.0000 	 2.0883 	 0.3185 
3.0000 	 0.0280 	 5.1256 	 13.0066 	 -0.5490 	 0.0000 	 0.0006 	 52.9396 	 3.0000 	 0.7542 	 3.9986 	 -2.1333 	 0.6540 	 0.0000 	 2.7186 	 0.0085 
7.0000 	 0.1910 	 13.6707 	 8.7369 	 4.6597 	 0.0000 	 0.0220 	 46.2291 	 7.0000 	 2.6312 	 9.5137 	 -2.2677 	 1.8331 	 0.0000 	 2.5107 	 0.0064 
16.0000 	 0.4723 	 3.7006 	 6.5339 	 8.6762 	 0.0000 	 0.0000 	 45.8247 	 16.0000 	 1.2058 	 0.2691 	 -9.1346 	 -1.3181 	 0.0000 	 1.8447 	 0.0056 
3.0000 	 0.0831 	 5.3235 	 20.6323 	 6.4075 	 0.0000 	 0.0308 	 85.0785 	 3.0000 	 1.5492 	 2.6705 	 2.9671 	 0.2800 	 0.0000 	 1.8302 	 0.4876 
5.0000 	 0.0897 	 8.4176 	 10.3364 	 -0.2750 	 0.0000 	 0.0000 	 52.9297 	 5.0000 	 2.9892 	 3.0992 	 5.8502 	 3.0640 	 0.0000 	 1.9637 	 0.0086 
5.0000 	 0.0786 	 0.0000 	 10.5103 	 -1.6736 	 0.0000 	 0.0000 	 52.5165 	 5.0000 	 1.2548 	 8.2073 	 8.9029 	 0.9954 	 0.0000 	 2.6286 	 0.0515 
15.0000 	 0.0010 	 3.2996 	 16.2427 	 -3.3136 	 0.0000 	 0.0000 	 55.9840 	 15.0000 	 0.0280 	 5.0104 	 -1.6031 	 3.9398 	 0.0000 	 1.1699 	 0.0000 
2.0000 	 0.0049 	 8.0290 	 8.8469 	 -0.2944 	 0.0000 	 0.0105 	 52.7362 	 2.0000 	 2.2635 	 7.1131 	 9.1628 	 1.6574 	 0.0000 	 0.7658 	 0.0119 
6.0000 	 0.1516 	 11.0976 	 8.5227 	 3.8848 	 0.0000 	 0.0002 	 46.4098 	 6.0000 	 2.8256 	 3.1083 	 -0.9886 	 -0.0004 	 0.0000 	 0.3014 	 0.0051 
3.0000 	 0.0839 	 10.3031 	 17.6770 	 9.5850 	 0.0000 	 0.0143 	 73.4590 	 3.0000 	 1.9462 	 1.6113 	 -2.8159 	 -1.7731 	 0.0000 	 1.0509 	 0.0349 
2.0000 	 0.0049 	 12.3497 	 4.7885 	 -1.3208 	 0.0000 	 0.4540 	 52.9954 	 2.0000 	 2.6168 	 2.7157 	 2.5365 	 -3.9301 	 0.0000 	 0.7490 	 0.0169 
11.0000 	 0.3331 	 14.1182 	 10.2299 	 3.0446 	 0.0000 	 0.0011 	 46.4723 	 11.0000 	 1.2188 	 8.3298 	 9.0356 	 3.2925 	 0.0000 	 2.9127 	 0.0064 
9.0000 	 0.2311 	 23.0371 	 44.0137 	 1.8567 	 0.0000 	 0.0003 	 52.7238 	 9.0000 	 0.2762 	 6.2845 	 -7.4905 	 -4.6868 	 0.0000 	 2.3562 	 0.0021 
4.0000 	 0.0933 	 47.6731 	 22.9301 	 10.5968 	 0.0000 	 8.6249 	 58.9667 	 4.0000 	 2.8692 	 7.0939 	 4.0652 	 -3.7253 	 0.0000 	 0.9413 	 0.1457 
4.0000 	 0.1042 	 5.2675 	 7.0593 	 4.1514 	 0.0000 	 0.1745 	 55.3789 	 4.0000 	 1.4790 	 0.1745 	 -9.1197 	 2.9646 	 0.0000 	 2.6110 	 0.2630 
50.0000 	 1.0659 	 26.6557 	 7.5719 	 14.0284 	 0.0000 	 0.0000 	 45.7994 	 50.0000 	 0.1203 	 1.6918 	 -9.5414 	 -4.1625 	 0.0000 	 2.4277 	 0.0115 
49.0000 	 0.9804 	 5.8041 	 7.5540 	 3.6731 	 0.0000 	 0.0000 	 46.9594 	 49.0000 	 0.5057 	 9.4409 	 -3.6796 	 -3.4177 	 0.0000 	 1.1604 	 0.1241 
49.0000 	 1.0304 	 6.9161 	 8.0948 	 2.8051 	 0.0000 	 0.0000 	 46.6312 	 49.0000 	 1.4510 	 6.3371 	 8.9398 	 1.6513 	 0.0000 	 1.1135 	 0.0107 
48.0000 	 1.0321 	 14.4021 	 7.2840 	 10.2754 	 0.0000 	 0.0003 	 45.7638 	 48.0000 	 1.9529 	 5.9394 	 8.2279 	 1.9108 	 0.0000 	 1.4099 	 0.0052 
47.0000 	 1.0027 	 5.1551 	 6.8584 	 5.0362 	 0.0000 	 0.0155 	 46.1312 	 47.0000 	 1.6255 	 3.1602 	 -7.4736 	 1.1831 	 0.0000 	 0.3319 	 0.0048 
47.0000 	 0.0010 	 23.6889 	 5.6549 	 -0.2991 	 0.0000 	 0.0911 	 55.9840 	 47.0000 	 1.1565 	 8.5943 	 4.0350 	 -0.7100 	 0.0000 	 2.5491 	 0.0000 
44.0000 	 0.0021 	 4.0996 	 4.0276 	 -0.6304 	 0.0000 	 0.0000 	 55.9840 	 44.0000 	 0.0959 	 3.5849 	 -1.6972 	 -4.7779 	 0.0000 	 2.2894 	 0.0000 
47.0000 	 1.0143 	 6.2503 	 8.0893 	 2.6017 	 0.0000 	 0.0020 	 46.7461 	 47.0000 	 2.4006 	 9.3724 	 0.6267 	 -1.5005 	 0.0000 	 0.4302 	 0.0111 
47.0000 	 1.0220 	 11.7331 	 7.9595 	 5.3705 	 0.0000 	 0.0346 	 45.9917 	 47.0000 	 1.4895 	 2.0561 	 6.3804 	 3.7724 	 0.0000 	 2.2081 	 0.0048 
47.0000 	 0.8573 	 12.3896 	 -9.3104 	 6.6945 	 0.0000 	 0.0000 	 55.0078 	 47.0000 	 2.1598 	 2.8829 	 -0.3749 	 -4.1991 	 0.0000 	 0.9062 	 0.0068 
44.0000 	 0.4814 	 3.4814 	 -4.4922 	 4.8975 	 0.0000 	 1.3466 	 46.0566 	 44.0000 	 0.4806 	 3.4819 	 -4.4894 	 2.3967 	 0.0000 	 1.3502 	 0.0471 
44.0000 	 0.8910 	 6.5866 	 15.1603 	 -3.4709 	 0.0000 	 0.7715 	 53.5255 	 44.0000 	 0.2864 	 6.3869 	 -8.2748 	 -0.5326 	 0.0000 	 1.7082 	 0.0040 
43.0000 	 0.9208 	 7.9493 	 9.3674 	 2.9661 	 0.0000 	 1.3191 	 49.7596 	 43.0000 	 0.6757 	 5.6881 	 1.7754 	 3.6806 	 0.0000 	 0.4188 	 0.0517 
44.0000 	 0.9944 	 21.0235 	 8.1848 	 11.2471 	 0.0000 	 0.0008 	 45.7491 	 44.0000 	 0.2251 	 8.7484 	 9.7521 	 3.5062 	 0.0000 	 0.7821 	 0.0083 
44.0000 	 0.0147 	 7.6904 	 11.7114 	 -0.9607 	 0.0000 	 0.0000 	 39.8825 	 44.0000 	 2.8243 	 1.8500 	 -8.1951 	 2.5492 	 0.0000 	 0.2779 	 0.3079 
43.0000 	 0.8985 	 0.4774 	 32.7757 	 1.0486 	 0.0000 	 0.0018 	 52.6308 	 43.0000 	 2.2975 	 8.3469 	 8.1892 	 3.1140 	 0.0000 	 2.0127 	 0.0006 
46.0000 	 1.0035 	 9.0761 	 8.1384 	 3.8854 	 0.0000 	 0.0008 	 46.2769 	 46.0000 	 2.9279 	 8.8342 	 7.2775 	 -3.6729 	 0.0000 	 0.8241 	 0.0059 
40.0000 	 0.0010 	 7.9592 	 16.1519 	 -4.7211 	 0.0000 	 0.0005 	 55.9840 	 40.0000 	 2.8147 	 5.1104 	 -6.4268 	 -3.0378 	 0.0000 	 2.9671 	 0.0000 
44.0000 	 0.7372 	 5.4910 	 0.6864 	 0.0604 	 0.0000 	 0.0013 	 55.0013 	 44.0000 	 1.3144 	 1.5336 	 -4.7694 	 -2.4500 	 0.0000 	 0.8020 	 0.0311 
41.0000 	 0.1059 	 8.3652 	 2.0703 	 -0.0479 	 0.0000 	 0.0000 	 55.9840 	 41.0000 	 2.5630 	 8.8940 	 -8.9706 	 -3.0024 	 0.0000 	 1.9266 	 0.0000 
42.0000 	 0.9528 	 15.0080 	 8.5431 	 5.8769 	 0.0000 	 0.1794 	 45.9992 	 42.0000 	 0.7295 	 6.3239 	 -6.3403 	 1.3720 	 0.0000 	 1.3147 	 0.0041 
42.0000 	 0.8985 	 14.0431 	 28.5257 	 6.1799 	 0.0000 	 0.0161 	 52.6444 	 42.0000 	 2.7952 	 3.3933 	 8.4604 	 1.2544 	 0.0000 	 0.9656 	 0.0012 
40.0000 	 0.0020 	 10.3397 	 7.4146 	 -2.3352 	 0.0000 	 0.0000 	 55.9838 	 40.0000 	 1.2965 	 1.0987 	 0.9195 	 -0.4036 	 0.0000 	 2.5988 	 0.0000 
40.0000 	 0.9251 	 9.9777 	 10.7261 	 1.9921 	 0.0000 	 0.1398 	 47.4750 	 40.0000 	 2.4851 	 7.4951 	 8.7644 	 4.6433 	 0.0000 	 2.5376 	 0.0131 
40.0000 	 0.9328 	 10.3952 	 8.1268 	 4.8596 	 0.0000 	 0.0021 	 46.1659 	 40.0000 	 1.1873 	 8.1920 	 4.8476 	 -4.9901 	 0.0000 	 1.6655 	 0.0044 
40.0000 	 0.9128 	 6.5895 	 7.2142 	 5.4769 	 0.0000 	 0.0000 	 46.0724 	 40.0000 	 0.2429 	 5.8691 	 9.9896 	 3.2704 	 0.0000 	 1.7034 	 0.0061 
39.0000 	 0.8450 	 2.1683 	 22.1111 	 1.6610 	 0.0000 	 0.0000 	 52.6324 	 39.0000 	 2.9925 	 8.6548 	 -5.0078 	 -2.5266 	 0.0000 	 0.8783 	 0.0004 
42.0000 	 0.9534 	 10.1013 	 7.0725 	 9.6024 	 0.0000 	 0.1445 	 45.7609 	 42.0000 	 0.6918 	 5.7113 	 -2.8328 	 2.2198 	 0.0000 	 1.8407 	 0.0131 
39.0000 	 0.8420 	 4.4064 	 59.8435 	 3.4847 	 0.0000 	 0.0068 	 52.6336 	 39.0000 	 1.6304 	 7.5243 	 7.7257 	 -4.0115 	 0.0000 	 1.4265 	 0.0004 
40.0000 	 0.9276 	 8.7129 	 9.4969 	 2.3198 	 0.0000 	 0.0004 	 47.0212 	 40.0000 	 2.6713 	 3.0812 	 -3.3156 	 2.8977 	 0.0000 	 1.3257 	 0.0070 
40.0000 	 0.0130 	 8.2520 	 -1.6705 	 -0.5469 	 0.0000 	 0.0908 	 56.3718 	 40.0000 	 0.5309 	 9.1514 	 1.7087 	 -4.5066 	 0.0000 	 0.9208 	 0.0281 
38.0000 	 0.8832 	 8.7098 	 7.1178 	 8.9054 	 0.0000 	 0.0023 	 45.7970 	 38.0000 	 1.2420 	 9.1733 	 0.6074 	 -2.6341 	 0.0000 	 2.3074 	 0.0042 
39.0000 	 0.0059 	 10.2419 	 2.2533 	 -0.5206 	 0.0000 	 0.0001 	 55.9830 	 39.0000 	 1.8939 	 9.3037 	 -2.6254 	 -1.8660 	 0.0000 	 1.4546 	 0.0102 
36.0000 	 0.0346 	 3.1619 	 6.6107 	 -0.2332 	 0.0000 	 0.0041 	 55.9840 	 36.0000 	 1.1344 	 9.9224 	 2.6625 	 2.9661 	 0.0000 	 0.6780 	 0.0003 
38.0000 	 0.9028 	 14.6737 	 13.4392 	 1.8684 	 0.0000 	 0.0000 	 47.5721 	 38.0000 	 2.7927 	 9.4624 	 3.1673 	 -4.5938 	 0.0000 	 0.6219 	 0.0142 
39.0000 	 0.8752 	 24.6925 	 22.9194 	 2.1665 	 0.0000 	 7.7955 	 52.1614 	 39.0000 	 2.1963 	 0.1034 	 -4.8973 	 4.4923 	 0.0000 	 0.5984 	 0.0015 
35.0000 	 0.0062 	 4.2587 	 3.8514 	 -0.5156 	 0.0000 	 0.0001 	 55.9840 	 35.0000 	 1.4666 	 2.8058 	 9.7963 	 4.6146 	 0.0000 	 2.5805 	 0.0000 
38.0000 	 0.8015 	 1.6397 	 5.8929 	 8.3264 	 0.0000 	 0.0000 	 49.3440 	 38.0000 	 1.9598 	 4.2076 	 1.4859 	 -3.7062 	 0.0000 	 0.8922 	 0.7251 
33.0000 	 0.7182 	 2.0568 	 6.1140 	 6.4617 	 0.0000 	 0.0013 	 47.5359 	 33.0000 	 0.1478 	 5.7820 	 1.5056 	 4.5954 	 0.0000 	 0.0847 	 0.0106 
37.0000 	 0.8898 	 11.0565 	 10.2433 	 2.4855 	 0.0000 	 0.1794 	 47.0468 	 37.0000 	 0.0102 	 5.4056 	 -0.8406 	 -1.6807 	 0.0000 	 2.3058 	 0.0065 
38.0000 	 0.9017 	 12.0680 	 8.1684 	 5.8210 	 0.0000 	 0.0000 	 46.0368 	 38.0000 	 0.9811 	 1.6272 	 -3.3891 	 0.0958 	 0.0000 	 1.7447 	 0.0065 
36.0000 	 0.8452 	 1.5506 	 5.9142 	 7.6521 	 0.0000 	 0.1522 	 46.2273 	 36.0000 	 0.4626 	 6.4055 	 7.5681 	 1.3161 	 0.0000 	 0.7285 	 0.0057 
38.0000 	 0.8982 	 8.7152 	 9.5283 	 2.3459 	 0.0000 	 0.0001 	 47.0835 	 38.0000 	 2.7036 	 6.3656 	 4.5018 	 -3.2614 	 0.0000 	 2.3919 	 0.0059 
35.0000 	 0.0015 	 13.8165 	 -0.4146 	 -0.1771 	 0.0000 	 0.0001 	 55.9840 	 35.0000 	 1.9760 	 2.3963 	 -1.9512 	 -3.1294 	 0.0000 	 0.1291 	 0.0000 
35.0000 	 0.0029 	 2.5292 	 10.3099 	 -0.8360 	 0.0000 	 0.0000 	 52.6160 	 35.0000 	 2.7101 	 7.1659 	 -8.6987 	 -1.0927 	 0.0000 	 1.9146 	 0.0000 
33.0000 	 0.8062 	 5.5482 	 6.9922 	 6.0939 	 0.0000 	 0.0000 	 46.0085 	 33.0000 	 1.9941 	 4.7738 	 3.7268 	 -0.7327 	 0.0000 	 0.5663 	 0.0044 
33.0000 	 0.8248 	 7.8935 	 9.2388 	 2.3097 	 0.0000 	 0.2269 	 47.2922 	 33.0000 	 1.3481 	 8.7667 	 8.7008 	 -4.2603 	 0.0000 	 2.9179 	 0.0081 
37.0000 	 0.8172 	 5.5548 	 24.6517 	 5.8399 	 0.0000 	 0.0000 	 52.6329 	 37.0000 	 0.3243 	 4.4550 	 -2.0117 	 -1.3613 	 0.0000 	 0.4657 	 0.0004 
33.0000 	 0.8144 	 4.7806 	 8.7127 	 1.6240 	 0.0000 	 0.0273 	 48.0408 	 33.0000 	 2.3833 	 0.0525 	 -0.1408 	 4.2086 	 0.0000 	 2.3341 	 0.0090 
33.0000 	 0.4233 	 1.6280 	 -12.2466 	 3.4419 	 0.0000 	 0.0000 	 55.9830 	 33.0000 	 0.0790 	 3.6589 	 -9.8869 	 3.7189 	 0.0000 	 2.6076 	 0.0010 
31.0000 	 0.8017 	 9.3988 	 7.5463 	 6.0464 	 0.0000 	 0.0000 	 46.1110 	 31.0000 	 2.7090 	 1.5077 	 -2.5703 	 -3.7649 	 0.0000 	 1.4400 	 0.0044 
29.0000 	 0.7270 	 2.9911 	 5.8055 	 12.0446 	 0.0000 	 0.0001 	 45.8230 	 29.0000 	 1.8500 	 2.1648 	 2.1537 	 -3.1371 	 0.0000 	 0.0979 	 0.0376 
34.0000 	 0.8355 	 11.4189 	 8.9989 	 3.3713 	 0.0000 	 0.0000 	 46.2964 	 34.0000 	 2.4189 	 0.5799 	 -0.9616 	 3.6306 	 0.0000 	 1.4929 	 0.0127 
29.0000 	 0.7372 	 11.9246 	 9.5010 	 3.1964 	 0.0000 	 0.0481 	 46.4783 	 29.0000 	 1.1864 	 1.1469 	 0.4312 	 3.5838 	 0.0000 	 0.7628 	 0.0167 
31.0000 	 0.7733 	 5.6279 	 6.6632 	 8.0014 	 0.0000 	 0.0313 	 45.8294 	 31.0000 	 1.3781 	 5.1517 	 0.9947 	 3.6980 	 0.0000 	 1.2355 	 0.0048 
34.0000 	 0.8722 	 7.1484 	 6.8262 	 10.0781 	 0.0000 	 0.0060 	 47.7814 	 34.0000 	 1.1174 	 0.2686 	 5.3595 	 4.1112 	 0.0000 	 2.1404 	 0.0567 
28.0000 	 0.7430 	 6.6260 	 6.0645 	 10.0342 	 0.0000 	 0.1419 	 -33.5022 	 28.0000 	 1.8986 	 5.9730 	 -3.2851 	 -3.9642 	 0.0000 	 2.4438 	 0.0714 
32.0000 	 0.8064 	 5.1818 	 10.1705 	 1.1249 	 0.0000 	 0.0012 	 48.9402 	 32.0000 	 0.8587 	 7.9496 	 -8.2445 	 3.2489 	 0.0000 	 1.8088 	 0.0064 
26.0000 	 0.4422 	 6.8456 	 -6.2505 	 0.1520 	 0.0000 	 0.0001 	 55.0719 	 26.0000 	 1.5917 	 4.8235 	 9.9402 	 -1.7134 	 0.0000 	 0.5943 	 0.0208 
29.0000 	 0.0110 	 5.7068 	 -4.5837 	 -0.1199 	 0.0000 	 0.0000 	 25.8568 	 29.0000 	 1.2789 	 0.3803 	 4.5976 	 3.0387 	 0.0000 	 2.2134 	 0.0775 
31.0000 	 0.7815 	 11.8703 	 6.8211 	 15.4266 	 0.0000 	 0.0000 	 45.7070 	 31.0000 	 0.2318 	 0.4521 	 -9.5016 	 2.5149 	 0.0000 	 2.5766 	 0.0057 
29.0000 	 0.7450 	 3.7750 	 6.6342 	 11.2082 	 0.0000 	 0.0011 	 45.7071 	 29.0000 	 2.7547 	 3.8055 	 3.9416 	 1.8373 	 0.0000 	 0.2214 	 0.0134 
29.0000 	 0.0017 	 3.5744 	 7.7105 	 -0.0855 	 0.0000 	 0.0000 	 55.9840 	 29.0000 	 0.6520 	 9.8958 	 4.3523 	 -4.8005 	 0.0000 	 0.6233 	 0.0000 
31.0000 	 0.7932 	 9.7718 	 11.0117 	 1.7916 	 0.0000 	 0.0069 	 47.4623 	 31.0000 	 2.5127 	 5.0460 	 0.6462 	 1.7343 	 0.0000 	 1.2863 	 0.0066 
24.0000 	 0.6864 	 7.3757 	 8.4507 	 3.1014 	 0.0000 	 0.0005 	 47.3552 	 24.0000 	 1.5894 	 6.7156 	 -3.6966 	 -0.8958 	 0.0000 	 1.6403 	 0.0062 
26.0000 	 0.6380 	 23.5656 	 99.5132 	 1.1015 	 0.0000 	 2.0860 	 52.6363 	 26.0000 	 0.4910 	 9.6567 	 -4.8052 	 2.0027 	 0.0000 	 2.2900 	 0.0012 
25.0000 	 0.6205 	 1.0499 	 41.3937 	 0.3213 	 0.0000 	 0.0289 	 52.6367 	 25.0000 	 1.9070 	 8.0606 	 -3.6369 	 3.7091 	 0.0000 	 0.3384 	 0.0047 
31.0000 	 0.7638 	 7.0499 	 7.5862 	 4.9422 	 0.0000 	 0.0319 	 46.2675 	 31.0000 	 1.8189 	 4.3683 	 -5.9929 	 2.8166 	 0.0000 	 0.7411 	 0.0128 
28.0000 	 0.7328 	 8.8416 	 7.3554 	 6.2639 	 0.0000 	 0.0130 	 45.9216 	 28.0000 	 1.0091 	 3.1229 	 -3.8241 	 0.9263 	 0.0000 	 1.7234 	 0.0270 
23.0000 	 0.6303 	 11.8448 	 7.3974 	 8.8697 	 0.0000 	 0.0000 	 45.7476 	 23.0000 	 0.7695 	 8.8490 	 -2.7437 	 1.4181 	 0.0000 	 2.8991 	 0.0039 
23.0000 	 0.0011 	 11.4026 	 -0.7983 	 -0.9595 	 0.0000 	 0.0003 	 55.9840 	 23.0000 	 0.1384 	 2.7775 	 -2.3887 	 2.7191 	 0.0000 	 2.8767 	 0.0000 
27.0000 	 0.0010 	 4.7711 	 11.6901 	 -1.5427 	 0.0000 	 0.0875 	 55.9840 	 27.0000 	 1.2053 	 4.3123 	 4.6936 	 -4.6203 	 0.0000 	 2.1843 	 0.0000 
25.0000 	 0.6970 	 24.5049 	 12.5198 	 3.8066 	 0.0000 	 0.0000 	 46.6135 	 25.0000 	 2.2120 	 4.0715 	 5.6078 	 0.2091 	 0.0000 	 0.8161 	 0.0049 
20.0000 	 0.5237 	 2.0812 	 11.7985 	 3.7458 	 0.0000 	 0.0000 	 52.6328 	 20.0000 	 2.9999 	 2.4459 	 1.0743 	 3.1258 	 0.0000 	 0.8048 	 0.0080 
23.0000 	 0.5948 	 12.2121 	 21.1343 	 16.3319 	 0.0000 	 0.0566 	 52.6600 	 23.0000 	 0.3142 	 6.6725 	 -3.7087 	 -2.1069 	 0.0000 	 1.1889 	 0.0008 
26.0000 	 0.6758 	 6.7879 	 8.1806 	 2.7984 	 0.0000 	 0.0653 	 46.6980 	 26.0000 	 0.1890 	 5.3463 	 1.7190 	 1.5677 	 0.0000 	 0.8546 	 0.0075 
26.0000 	 0.7186 	 7.2784 	 8.5542 	 2.3382 	 0.0000 	 0.0066 	 48.2700 	 26.0000 	 2.2642 	 4.2760 	 -8.5193 	 0.0133 	 0.0000 	 0.4826 	 0.0068 
24.0000 	 0.0012 	 1.9290 	 10.2589 	 -0.7058 	 0.0000 	 0.0001 	 55.9840 	 24.0000 	 2.2917 	 2.1965 	 -1.5447 	 0.2602 	 0.0000 	 2.1476 	 0.0005 
23.0000 	 0.6345 	 4.4388 	 6.6364 	 7.7683 	 0.0000 	 0.0013 	 45.8824 	 23.0000 	 1.3373 	 3.3030 	 -1.5426 	 -3.1929 	 0.0000 	 0.2559 	 0.0056 
19.0000 	 0.5618 	 10.6446 	 7.1037 	 8.7894 	 0.0000 	 0.0022 	 45.9205 	 19.0000 	 0.4963 	 6.9471 	 5.6355 	 0.9550 	 0.0000 	 2.7699 	 0.0042 
18.0000 	 0.0010 	 2.2803 	 10.2417 	 -4.7351 	 0.0000 	 0.0003 	 55.8675 	 18.0000 	 1.6742 	 0.5029 	 0.5901 	 4.1376 	 0.0000 	 0.8393 	 0.0010 
25.0000 	 0.6667 	 7.5914 	 6.8672 	 11.8486 	 0.0000 	 0.0167 	 45.6609 	 25.0000 	 1.5972 	 0.3568 	 -5.4145 	 -2.0523 	 0.0000 	 2.8150 	 0.0077 
23.0000 	 0.5896 	 19.0796 	 13.2388 	 1.1447 	 0.0000 	 6.0717 	 52.6910 	 23.0000 	 0.5375 	 8.9261 	 8.0993 	 -0.6200 	 0.0000 	 2.8792 	 0.0020 
20.0000 	 0.5603 	 5.5566 	 7.9974 	 2.4274 	 0.0000 	 0.0000 	 46.9038 	 20.0000 	 0.6163 	 2.2151 	 -2.2913 	 -4.2042 	 0.0000 	 1.6332 	 0.0051 
16.0000 	 0.4706 	 12.8568 	 7.1207 	 11.1399 	 0.0000 	 0.0000 	 45.7024 	 16.0000 	 0.0567 	 9.4604 	 -0.2384 	 -0.7687 	 0.0000 	 0.0278 	 0.0044 
22.0000 	 0.6039 	 10.5201 	 6.8237 	 11.0577 	 0.0000 	 0.0000 	 45.7288 	 22.0000 	 0.1768 	 4.2279 	 -0.9051 	 -3.9450 	 0.0000 	 1.1406 	 0.0053 
20.0000 	 0.5713 	 12.4098 	 8.7847 	 4.1092 	 0.0000 	 0.0481 	 46.1502 	 20.0000 	 1.7592 	 8.6374 	 8.1497 	 -1.7840 	 0.0000 	 0.4656 	 0.0066 
18.0000 	 0.4849 	 2.6631 	 7.2327 	 1.6373 	 0.0000 	 0.0000 	 48.2867 	 18.0000 	 1.8554 	 6.0174 	 -5.4327 	 0.7130 	 0.0000 	 1.7193 	 0.0093 
13.0000 	 0.3898 	 3.0084 	 6.8122 	 3.4223 	 0.0000 	 0.0000 	 46.8454 	 13.0000 	 2.3461 	 7.8765 	 3.5476 	 -2.8946 	 0.0000 	 1.9978 	 0.0057 
19.0000 	 0.5623 	 15.8691 	 16.4467 	 1.4615 	 0.0000 	 0.0427 	 48.6802 	 19.0000 	 0.8656 	 4.1709 	 -6.6036 	 -1.4324 	 0.0000 	 2.2863 	 0.0185 
15.0000 	 0.2633 	 3.8690 	 7.5732 	 2.0761 	 0.0000 	 0.0001 	 35.0396 	 15.0000 	 0.8950 	 6.5448 	 -5.2852 	 -1.6046 	 0.0000 	 2.8963 	 0.0091 
12.0000 	 0.3227 	 2.0660 	 16.6562 	 2.0208 	 0.0000 	 0.0017 	 52.6923 	 12.0000 	 1.4310 	 5.7731 	 0.2256 	 -1.4847 	 0.0000 	 1.0006 	 0.0069 
18.0000 	 0.0020 	 7.9557 	 10.1814 	 -1.0591 	 0.0000 	 0.0000 	 55.9840 	 18.0000 	 1.6969 	 5.3515 	 1.7938 	 -3.1387 	 0.0000 	 1.1147 	 0.0016 
19.0000 	 0.5724 	 4.4297 	 8.1959 	 1.9001 	 0.0000 	 0.0001 	 48.4212 	 19.0000 	 0.7055 	 2.1844 	 6.1363 	 -4.0907 	 0.0000 	 0.4453 	 0.0073 
21.0000 	 0.5776 	 3.3545 	 6.5100 	 3.8659 	 0.0000 	 0.0000 	 46.3807 	 21.0000 	 2.0806 	 4.4171 	 6.9813 	 -3.6865 	 0.0000 	 2.1879 	 0.0105 
14.0000 	 0.4025 	 4.6770 	 8.9993 	 0.7786 	 0.0000 	 0.0000 	 50.8279 	 14.0000 	 1.7814 	 0.7331 	 -1.2414 	 -1.6781 	 0.0000 	 0.2298 	 0.0065 
11.0000 	 0.3344 	 10.4025 	 8.3692 	 4.3388 	 0.0000 	 0.0078 	 46.2323 	 11.0000 	 1.3634 	 0.0876 	 -4.6975 	 1.4427 	 0.0000 	 1.3220 	 0.0083 
15.0000 	 0.4108 	 18.6271 	 16.3337 	 8.7517 	 0.0000 	 0.0000 	 52.6606 	 15.0000 	 0.9555 	 9.0641 	 -8.5179 	 -0.9359 	 0.0000 	 2.1288 	 0.0064 
18.0000 	 0.4894 	 4.8596 	 20.1952 	 0.0951 	 0.0000 	 0.0010 	 52.4953 	 18.0000 	 2.1598 	 4.9234 	 -5.7055 	 2.5868 	 0.0000 	 0.1235 	 0.0130 
12.0000 	 0.0010 	 6.7651 	 15.6250 	 -4.9060 	 0.0000 	 0.0011 	 55.9672 	 12.0000 	 1.9796 	 6.8303 	 -0.8653 	 -0.7238 	 0.0000 	 0.3550 	 0.0012 
8.0000 	 0.1833 	 5.5955 	 14.1817 	 4.3673 	 0.0000 	 0.0002 	 52.2189 	 8.0000 	 1.0586 	 9.0135 	 9.4671 	 -3.0277 	 0.0000 	 1.6900 	 0.0026 
13.0000 	 0.3673 	 6.9605 	 8.1254 	 2.8540 	 0.0000 	 0.0019 	 46.8940 	 13.0000 	 1.2470 	 1.8920 	 -4.7943 	 2.3457 	 0.0000 	 1.3840 	 0.0141 
15.0000 	 0.4538 	 11.2739 	 8.2843 	 5.0037 	 0.0000 	 0.0823 	 46.1162 	 15.0000 	 0.3863 	 7.0046 	 8.2789 	 4.7501 	 0.0000 	 2.5151 	 0.0037 
19.0000 	 0.5436 	 8.2273 	 7.0779 	 6.1573 	 0.0000 	 0.0000 	 45.8808 	 19.0000 	 0.8336 	 2.6782 	 3.4233 	 -0.3083 	 0.0000 	 2.7869 	 0.0046 
17.0000 	 0.0383 	 3.0959 	 9.6429 	 -5.0300 	 0.0000 	 0.0000 	 55.9840 	 17.0000 	 1.7766 	 0.4070 	 1.3780 	 -1.1646 	 0.0000 	 1.5656 	 0.0000 
13.0000 	 0.3740 	 14.5138 	 15.1344 	 4.5518 	 0.0000 	 6.4464 	 51.8892 	 13.0000 	 1.0996 	 9.9090 	 7.6258 	 -3.9124 	 0.0000 	 1.9467 	 0.0027 
7.0000 	 0.1859 	 10.8377 	 13.1929 	 1.4143 	 0.0000 	 0.0000 	 48.7929 	 7.0000 	 0.3175 	 1.8390 	 3.0775 	 4.5822 	 0.0000 	 0.1386 	 0.0070 
10.0000 	 0.0010 	 7.4951 	 15.9375 	 -4.7729 	 0.0000 	 0.0004 	 55.9840 	 10.0000 	 2.4760 	 2.3754 	 -8.1595 	 1.6331 	 0.0000 	 1.5296 	 0.0000 
15.0000 	 0.4101 	 8.2971 	 38.2405 	 12.5277 	 0.0000 	 0.0860 	 52.6621 	 15.0000 	 0.8864 	 5.2635 	 1.8504 	 -3.5712 	 0.0000 	 2.0502 	 0.0006 
4.0000 	 0.0075 	 4.5542 	 5.6357 	 -0.4514 	 0.0000 	 0.0001 	 39.1561 	 4.0000 	 0.1252 	 5.5381 	 -0.3951 	 -3.7290 	 0.0000 	 1.8241 	 0.0011 
10.0000 	 0.0194 	 7.1423 	 12.5562 	 -4.5642 	 0.0000 	 0.0003 	 55.9840 	 10.0000 	 2.8628 	 5.0369 	 -0.4918 	 -2.3415 	 0.0000 	 1.1888 	 0.0000 
1.0000 	 0.0010 	 0.4172 	 10.8816 	 -1.1344 	 0.0000 	 0.0013 	 73.8158 	 1.0000 	 2.8156 	 4.4220 	 -7.2261 	 1.2473 	 0.0000 	 0.2179 	 0.0332 
11.0000 	 0.3265 	 8.3776 	 7.2709 	 7.4012 	 0.0000 	 0.0000 	 45.8367 	 11.0000 	 1.0408 	 7.8034 	 2.2604 	 0.1882 	 0.0000 	 0.8709 	 0.0048 
16.0000 	 0.4733 	 13.1681 	 7.8280 	 6.5432 	 0.0000 	 0.0002 	 45.8430 	 16.0000 	 1.4906 	 7.9322 	 -2.6446 	 0.6861 	 0.0000 	 0.0747 	 0.0040 
6.0000 	 0.1497 	 9.7899 	 7.4237 	 7.3419 	 0.0000 	 0.0000 	 46.0528 	 6.0000 	 1.2860 	 1.3988 	 4.4003 	 -0.9283 	 0.0000 	 0.9041 	 0.0061 
2.0000 	 0.0027 	 63.2660 	 31.8634 	 -22.5931 	 0.0000 	 9.9988 	 53.4581 	 2.0000 	 0.5494 	 1.3068 	 5.4201 	 -4.2609 	 0.0000 	 2.0547 	 0.0205 
2.0000 	 0.0055 	 4.0787 	 10.9827 	 -0.2863 	 0.0000 	 0.0025 	 53.0488 	 2.0000 	 1.3133 	 9.8997 	 -5.3984 	 0.0133 	 0.0000 	 0.4637 	 0.0116 
13.0000 	 0.3308 	 0.7520 	 6.0797 	 7.4429 	 0.0000 	 1.6155 	 43.9005 	 13.0000 	 2.7068 	 2.0891 	 -2.9669 	 -4.2250 	 0.0000 	 2.2365 	 0.3563 
11.0000 	 0.3377 	 6.0940 	 10.3755 	 1.2592 	 0.0000 	 0.0000 	 48.5319 	 11.0000 	 1.5587 	 9.8016 	 3.9769 	 0.2952 	 0.0000 	 1.3557 	 0.0079 
12.0000 	 0.3265 	 5.0684 	 33.9508 	 2.3132 	 0.0000 	 0.0005 	 52.6800 	 12.0000 	 2.1460 	 3.0915 	 0.8763 	 -2.4120 	 0.0000 	 0.4290 	 0.0009 
8.0000 	 0.1948 	 7.7551 	 70.2205 	 21.1431 	 0.0000 	 0.0000 	 52.7617 	 8.0000 	 1.5654 	 1.0814 	 6.2162 	 -0.3262 	 0.0000 	 0.1326 	 0.0030 
7.0000 	 0.0020 	 9.9229 	 9.7166 	 -4.7021 	 0.0000 	 0.0001 	 55.9840 	 7.0000 	 0.4373 	 1.0992 	 -5.6383 	 2.9189 	 0.0000 	 0.1851 	 0.0000 
11.0000 	 0.2967 	 6.5704 	 14.6854 	 4.3907 	 0.0000 	 0.0017 	 52.6768 	 11.0000 	 1.2957 	 7.6802 	 2.6114 	 -1.8461 	 0.0000 	 2.5512 	 0.0011 
6.0000 	 0.1473 	 4.8755 	 7.9029 	 2.0744 	 0.0000 	 0.0000 	 47.2933 	 6.0000 	 1.5997 	 6.4856 	 1.8158 	 -2.2901 	 0.0000 	 1.9582 	 0.0161 
9.0000 	 0.2284 	 5.3914 	 9.4268 	 -1.6031 	 0.0000 	 0.3208 	 53.1183 	 9.0000 	 2.3860 	 2.1825 	 -1.8502 	 3.0893 	 0.0000 	 1.3171 	 0.0097 
7.0000 	 0.2102 	 4.3410 	 6.0842 	 7.3661 	 0.0000 	 0.0005 	 42.4819 	 7.0000 	 0.3803 	 6.4679 	 4.2902 	 -0.5050 	 0.0000 	 0.6360 	 0.0876 
2.0000 	 0.0656 	 13.1705 	 0.7691 	 20.7908 	 0.0000 	 0.0000 	 269.1079 	 2.0000 	 0.6086 	 3.2001 	 -4.8438 	 3.5641 	 0.0000 	 0.3373 	 0.7041 
1.0000 	 0.0010 	 0.0000 	 93.8895 	 -3.8986 	 0.0000 	 8.6397 	 70.7449 	 1.0000 	 0.9526 	 6.5565 	 -0.6055 	 -0.1295 	 0.0000 	 2.8019 	 0.0050 
1.0000 	 0.0010 	 95.3271 	 99.1528 	 -28.1189 	 0.0000 	 5.0957 	 89.1551 	 1.0000 	 1.9123 	 0.8436 	 3.0713 	 -4.3893 	 0.0000 	 1.4795 	 0.0435 
46.0000 	 0.2972 	 1.6761 	 0.2401 	 3.0416 	 0.0000 	 0.0237 	 55.9840 	 46.0000 	 0.3867 	 2.4010 	 3.0022 	 0.3271 	 0.0000 	 1.8575 	 0.0000 
39.0000 	 0.8179 	 4.7256 	 20.6069 	 2.1126 	 0.0000 	 0.0000 	 52.7037 	 39.0000 	 2.3987 	 4.0087 	 2.3312 	 -2.8404 	 0.0000 	 2.2258 	 0.0021 
38.0000 	 0.8299 	 7.0469 	 8.7300 	 1.3765 	 0.0000 	 0.0004 	 51.1241 	 38.0000 	 1.9690 	 6.5227 	 -2.3549 	 2.3287 	 0.0000 	 1.2686 	 0.0124 
37.0000 	 0.0487 	 7.4512 	 4.8633 	 -0.1855 	 0.0000 	 0.0003 	 55.9840 	 37.0000 	 2.5461 	 5.3209 	 -9.0554 	 -4.7024 	 0.0000 	 2.8413 	 0.0000 
21.0000 	 0.5965 	 6.2404 	 7.2776 	 6.5165 	 0.0000 	 0.0009 	 43.4841 	 21.0000 	 0.4084 	 1.3510 	 -3.5366 	 -2.5779 	 0.0000 	 0.8984 	 0.2408 
19.0000 	 0.1363 	 6.1609 	 5.0049 	 -0.0610 	 0.0000 	 0.6055 	 51.5310 	 19.0000 	 2.0959 	 0.2519 	 1.8847 	 -4.4254 	 0.0000 	 1.6984 	 0.1071 
10.0000 	 0.2216 	 21.4405 	 4.8097 	 9.0434 	 0.0000 	 2.5203 	 53.7736 	 10.0000 	 0.5532 	 3.0632 	 -6.9366 	 -2.8686 	 0.0000 	 2.3564 	 0.0173 
10.0000 	 0.0112 	 7.1271 	 13.8142 	 -2.6982 	 0.0000 	 0.0001 	 55.9839 	 10.0000 	 1.2538 	 0.9649 	 7.3328 	 1.1332 	 0.0000 	 1.6744 	 0.0000 
6.0000 	 0.1502 	 6.4307 	 9.6973 	 1.2354 	 0.0000 	 0.0000 	 46.5533 	 6.0000 	 2.4780 	 9.7311 	 -3.1249 	 0.5276 	 0.0000 	 1.1727 	 0.1594 
4.0000 	 0.0895 	 4.1379 	 31.6616 	 4.5124 	 0.0000 	 0.0000 	 57.2328 	 4.0000 	 2.7713 	 4.7598 	 0.7401 	 3.0078 	 0.0000 	 1.1555 	 0.0876 
1.0000 	 0.7254 	 5.5858 	 38.6886 	 7.5884 	 0.0000 	 0.0004 	 164.7907 	 1.0000 	 2.2368 	 0.8947 	 6.8643 	 3.5364 	 0.0000 	 2.4458 	 1.0564 
