50.0000 	 1.5506 	 1.8069 	 3.3649 	 4.2645 	 0.0000 	 0.0050 	 314.1480 	 50.0000 	 2.7820 	 5.6433 	 -9.9230 	 2.9899 	 0.0000 	 0.2228 	 2.1272 
49.0000 	 1.5745 	 3.1949 	 4.4311 	 2.1031 	 0.0000 	 0.0015 	 497.0457 	 49.0000 	 1.0799 	 4.7160 	 -9.0609 	 0.3744 	 0.0000 	 2.3374 	 0.0090 
50.0000 	 1.6793 	 5.3475 	 5.1914 	 2.1555 	 0.0000 	 0.0019 	 496.8908 	 50.0000 	 0.1630 	 2.1174 	 3.2546 	 3.3912 	 0.0000 	 2.9684 	 0.0068 
49.0000 	 1.5791 	 2.9910 	 4.1404 	 2.5872 	 0.0000 	 0.0004 	 496.2353 	 49.0000 	 2.3733 	 9.9763 	 3.2049 	 -4.1863 	 0.0000 	 1.0705 	 0.0092 
50.0000 	 1.6097 	 3.3808 	 4.3051 	 2.4870 	 0.0000 	 0.0651 	 496.1576 	 50.0000 	 0.9637 	 9.8109 	 -2.2571 	 2.1247 	 0.0000 	 1.5906 	 0.0117 
49.0000 	 1.6111 	 3.5802 	 4.3563 	 2.6460 	 0.0000 	 0.0000 	 496.2346 	 49.0000 	 1.4741 	 1.8961 	 3.6498 	 3.8533 	 0.0000 	 2.4670 	 0.0093 
50.0000 	 1.7374 	 7.3390 	 5.8153 	 2.5986 	 0.0000 	 0.1856 	 498.6699 	 50.0000 	 2.7193 	 6.4729 	 6.1759 	 -2.6964 	 0.0000 	 1.5513 	 0.0076 
50.0000 	 1.6316 	 4.0099 	 4.5250 	 2.3100 	 0.0000 	 0.0000 	 496.2368 	 50.0000 	 0.1326 	 8.6428 	 -0.9589 	 -3.0351 	 0.0000 	 1.7303 	 0.0064 
50.0000 	 2.1392 	 13.8480 	 14.3639 	 1.1686 	 0.0000 	 0.0009 	 531.9320 	 50.0000 	 0.8378 	 0.7788 	 -1.5645 	 3.8318 	 0.0000 	 2.9831 	 0.0213 
49.0000 	 1.5852 	 3.1964 	 4.2140 	 2.4853 	 0.0000 	 0.0001 	 496.1716 	 49.0000 	 1.9815 	 0.5005 	 0.0263 	 4.8854 	 0.0000 	 0.3269 	 0.0061 
49.0000 	 0.0136 	 8.3610 	 10.2778 	 -4.0378 	 0.0000 	 5.9053 	 656.8119 	 49.0000 	 1.7406 	 8.4113 	 -8.2367 	 0.6757 	 0.0000 	 2.5998 	 0.0000 
49.0000 	 1.6317 	 3.5444 	 4.2971 	 2.5400 	 0.0000 	 0.0000 	 496.5483 	 49.0000 	 1.0986 	 1.6030 	 5.7305 	 4.7191 	 0.0000 	 1.3173 	 0.0491 
50.0000 	 1.5996 	 2.8484 	 4.0199 	 3.3536 	 0.0000 	 0.3844 	 500.2438 	 50.0000 	 2.4766 	 4.5653 	 5.0459 	 3.6885 	 0.0000 	 1.6044 	 0.0155 
50.0000 	 1.7927 	 8.8451 	 7.0491 	 2.0625 	 0.0000 	 0.0000 	 500.5298 	 50.0000 	 1.0986 	 1.6030 	 5.7305 	 4.7191 	 0.0000 	 1.3173 	 0.0091 
48.0000 	 1.5854 	 3.1672 	 4.0720 	 2.9778 	 0.0000 	 0.0843 	 496.9323 	 48.0000 	 1.6395 	 8.4771 	 2.8826 	 2.2493 	 0.0000 	 1.8447 	 0.0083 
48.0000 	 1.4959 	 2.0752 	 3.5840 	 3.1787 	 0.0000 	 0.0024 	 498.7881 	 48.0000 	 2.3951 	 6.3483 	 -4.1629 	 -3.4898 	 0.0000 	 2.6670 	 0.1036 
48.0000 	 1.5303 	 2.8252 	 4.0333 	 2.3208 	 0.0000 	 0.0004 	 496.5194 	 48.0000 	 0.3869 	 4.3828 	 -9.7953 	 3.8356 	 0.0000 	 1.4568 	 0.0063 
48.0000 	 1.5903 	 4.2395 	 5.0300 	 1.8935 	 0.0000 	 0.0050 	 497.4621 	 48.0000 	 2.4421 	 3.8618 	 5.9777 	 4.2600 	 0.0000 	 0.8844 	 0.0086 
48.0000 	 1.6351 	 3.9706 	 4.6240 	 2.7585 	 0.0000 	 0.0052 	 496.4073 	 48.0000 	 2.6936 	 5.6597 	 9.0567 	 2.9301 	 0.0000 	 1.8917 	 0.1602 
48.0000 	 1.5590 	 2.6483 	 3.9203 	 2.9755 	 0.0000 	 0.0001 	 495.8519 	 48.0000 	 1.9545 	 0.9500 	 -1.9080 	 -3.8251 	 0.0000 	 2.6924 	 0.2037 
49.0000 	 1.7549 	 9.3851 	 6.7216 	 2.5277 	 0.0000 	 0.0527 	 500.2756 	 49.0000 	 2.2939 	 9.5164 	 3.3822 	 -1.2467 	 0.0000 	 0.6452 	 0.0136 
48.0000 	 0.0022 	 6.9892 	 -4.1753 	 -0.2060 	 0.0000 	 0.0001 	 913.8360 	 48.0000 	 1.8676 	 9.0057 	 -4.5380 	 -3.5451 	 0.0000 	 2.1208 	 0.0000 
48.0000 	 1.8280 	 96.4217 	 7.8960 	 30.0000 	 0.0000 	 1.8216 	 540.9614 	 48.0000 	 1.5485 	 5.9330 	 -8.4942 	 -3.2517 	 0.0000 	 1.0249 	 0.0108 
49.0000 	 1.6367 	 4.7477 	 5.1464 	 1.8660 	 0.0000 	 0.0001 	 497.0421 	 49.0000 	 1.5434 	 3.1738 	 9.7532 	 0.8115 	 0.0000 	 2.7888 	 0.0084 
46.0000 	 1.4928 	 1.9623 	 3.6755 	 3.0803 	 0.0000 	 0.0000 	 496.4717 	 46.0000 	 0.0094 	 2.6611 	 -7.3292 	 4.4163 	 0.0000 	 0.3725 	 0.0589 
48.0000 	 1.5900 	 3.8365 	 4.4967 	 2.3813 	 0.0000 	 0.0002 	 496.1054 	 48.0000 	 0.9500 	 1.0806 	 -2.4489 	 3.9108 	 0.0000 	 1.8888 	 0.0066 
46.0000 	 1.6113 	 5.1416 	 5.9473 	 0.6055 	 0.0000 	 0.0781 	 555.6394 	 46.0000 	 2.9710 	 1.4827 	 4.3939 	 4.2240 	 0.0000 	 1.6064 	 0.0836 
48.0000 	 1.6554 	 5.5771 	 5.2663 	 2.3239 	 0.0000 	 0.0080 	 496.9940 	 48.0000 	 2.3341 	 2.2265 	 3.3814 	 -3.6343 	 0.0000 	 0.7688 	 0.0060 
47.0000 	 1.4190 	 0.6342 	 3.3667 	 3.8788 	 0.0000 	 0.0114 	 502.7782 	 47.0000 	 1.1964 	 1.0168 	 6.6326 	 3.5963 	 0.0000 	 2.3269 	 0.0846 
46.0000 	 1.5251 	 3.5022 	 4.3076 	 2.1834 	 0.0000 	 0.0000 	 496.1587 	 46.0000 	 0.5705 	 0.5185 	 -0.1595 	 -2.7288 	 0.0000 	 0.9653 	 0.0049 
46.0000 	 1.6988 	 17.3918 	 7.1655 	 4.3306 	 0.0000 	 0.1662 	 509.1245 	 46.0000 	 0.1023 	 7.3940 	 -7.0552 	 1.0560 	 0.0000 	 0.0654 	 0.0175 
47.0000 	 1.5276 	 2.3427 	 3.8395 	 3.0141 	 0.0000 	 0.1593 	 496.8968 	 47.0000 	 2.4342 	 9.9111 	 0.8641 	 4.0537 	 0.0000 	 2.5007 	 0.0085 
47.0000 	 1.7036 	 9.1684 	 6.3045 	 2.7741 	 0.0000 	 0.1661 	 500.1018 	 47.0000 	 1.0130 	 7.7374 	 4.1978 	 -3.6121 	 0.0000 	 1.0912 	 0.0079 
47.0000 	 1.6859 	 8.0516 	 5.8008 	 2.9233 	 0.0000 	 0.0003 	 499.5611 	 47.0000 	 0.6914 	 3.1557 	 -8.2270 	 -4.6501 	 0.0000 	 0.4466 	 0.0104 
47.0000 	 1.5282 	 2.8218 	 4.0798 	 2.5769 	 0.0000 	 0.0683 	 496.2532 	 47.0000 	 0.5824 	 0.0027 	 -5.6451 	 1.6111 	 0.0000 	 2.1343 	 0.0082 
44.0000 	 1.5378 	 4.1979 	 4.7481 	 2.4693 	 0.0000 	 0.0049 	 495.7400 	 44.0000 	 0.4282 	 0.5956 	 6.3626 	 1.3406 	 0.0000 	 0.5478 	 0.1737 
46.0000 	 1.5256 	 3.1873 	 4.2275 	 2.4765 	 0.0000 	 0.0005 	 496.0595 	 46.0000 	 1.2929 	 2.4124 	 -1.2707 	 -1.9758 	 0.0000 	 0.5128 	 0.0063 
47.0000 	 1.5849 	 4.2233 	 4.7179 	 2.2814 	 0.0000 	 0.0048 	 496.1845 	 47.0000 	 1.5670 	 5.3085 	 4.7877 	 -1.2633 	 0.0000 	 1.7012 	 0.0060 
45.0000 	 1.5107 	 3.3698 	 4.2818 	 2.3916 	 0.0000 	 0.0006 	 495.9944 	 45.0000 	 2.2235 	 2.3386 	 -2.4019 	 3.6393 	 0.0000 	 0.1992 	 0.0059 
45.0000 	 1.5406 	 4.2523 	 4.6875 	 2.1421 	 0.0000 	 0.0014 	 496.1276 	 45.0000 	 0.0387 	 3.1525 	 8.5731 	 -3.9686 	 0.0000 	 1.6498 	 0.0060 
45.0000 	 1.4799 	 0.0000 	 10.9961 	 -7.9553 	 0.0000 	 5.8732 	 584.5225 	 45.0000 	 0.7415 	 7.1064 	 7.8985 	 -1.1762 	 0.0000 	 2.8165 	 0.0831 
46.0000 	 1.5739 	 4.1676 	 4.5968 	 2.5323 	 0.0000 	 0.0001 	 496.2227 	 46.0000 	 1.4577 	 4.6339 	 2.5990 	 3.9091 	 0.0000 	 2.5467 	 0.0054 
44.0000 	 1.5585 	 5.4359 	 5.3100 	 2.2505 	 0.0000 	 0.0000 	 496.9345 	 44.0000 	 2.7116 	 6.2476 	 -2.4098 	 3.6654 	 0.0000 	 1.2476 	 0.0061 
46.0000 	 1.6299 	 6.1648 	 5.6697 	 2.0709 	 0.0000 	 0.0000 	 497.5239 	 46.0000 	 1.0845 	 3.8771 	 -0.2541 	 -0.1817 	 0.0000 	 1.9403 	 0.0071 
44.0000 	 1.5555 	 4.5832 	 5.0118 	 2.2014 	 0.0000 	 0.0367 	 496.6396 	 44.0000 	 1.4021 	 5.2292 	 5.8170 	 -2.7683 	 0.0000 	 2.9713 	 0.0067 
44.0000 	 1.4715 	 2.4293 	 3.9481 	 2.8043 	 0.0000 	 0.0065 	 496.4732 	 44.0000 	 0.2822 	 0.8794 	 3.1831 	 -3.7824 	 0.0000 	 2.6912 	 0.0066 
45.0000 	 1.5578 	 4.7712 	 5.0132 	 2.0727 	 0.0000 	 0.0446 	 496.4440 	 45.0000 	 2.0901 	 6.3690 	 5.4722 	 1.7449 	 0.0000 	 2.4091 	 0.0073 
45.0000 	 1.6012 	 5.9322 	 5.6286 	 2.0329 	 0.0000 	 0.0237 	 497.3594 	 45.0000 	 2.8592 	 7.6155 	 -0.3614 	 4.2475 	 0.0000 	 0.7043 	 0.0122 
44.0000 	 1.6328 	 7.7791 	 6.1780 	 2.3331 	 0.0000 	 0.0036 	 498.7120 	 44.0000 	 1.0780 	 5.1458 	 1.2682 	 -2.8327 	 0.0000 	 2.9424 	 0.0132 
44.0000 	 1.5494 	 4.9977 	 5.0508 	 2.1576 	 0.0000 	 0.0001 	 496.4534 	 44.0000 	 1.4427 	 7.9848 	 7.7637 	 -4.6034 	 0.0000 	 2.0322 	 0.0077 
45.0000 	 1.5141 	 3.2502 	 4.2798 	 2.5764 	 0.0000 	 0.0000 	 496.0661 	 45.0000 	 1.1730 	 3.4763 	 0.7192 	 4.1913 	 0.0000 	 1.4894 	 0.0058 
43.0000 	 1.4545 	 2.6424 	 3.8168 	 2.8898 	 0.0000 	 0.0344 	 497.1797 	 43.0000 	 1.2432 	 1.5688 	 -9.7689 	 -3.3418 	 0.0000 	 0.9897 	 0.0063 
46.0000 	 1.5395 	 3.5327 	 4.3700 	 2.4195 	 0.0000 	 0.0000 	 496.0087 	 46.0000 	 0.4041 	 4.3729 	 5.4728 	 -2.5329 	 0.0000 	 1.7289 	 0.0043 
44.0000 	 1.5197 	 3.9865 	 4.6173 	 2.2965 	 0.0000 	 0.0115 	 495.9867 	 44.0000 	 0.1546 	 0.3402 	 -9.2456 	 0.4324 	 0.0000 	 2.1725 	 0.0049 
44.0000 	 1.7374 	 70.1919 	 8.1299 	 19.6943 	 0.0000 	 1.6880 	 539.6688 	 44.0000 	 0.6417 	 6.5815 	 -8.2007 	 2.9808 	 0.0000 	 1.1732 	 0.0207 
44.0000 	 1.4727 	 3.4277 	 4.0039 	 4.6191 	 0.0000 	 0.0000 	 495.0444 	 44.0000 	 1.9826 	 7.6538 	 8.4741 	 1.5404 	 0.0000 	 2.2266 	 0.2845 
43.0000 	 1.4909 	 4.1157 	 4.8740 	 1.9246 	 0.0000 	 0.0041 	 496.6953 	 43.0000 	 0.3911 	 0.5425 	 2.1011 	 -4.4521 	 0.0000 	 1.6793 	 0.0064 
45.0000 	 1.6037 	 0.5602 	 4.2015 	 10.1774 	 0.0000 	 1.3676 	 527.4561 	 45.0000 	 0.2007 	 9.9328 	 3.7339 	 -0.6343 	 0.0000 	 0.1739 	 0.0524 
43.0000 	 1.4430 	 2.3931 	 3.9494 	 2.7311 	 0.0000 	 0.0000 	 496.4312 	 43.0000 	 0.2395 	 1.3753 	 -6.2948 	 1.8490 	 0.0000 	 0.3595 	 0.0168 
41.0000 	 1.4617 	 4.0626 	 4.6396 	 2.3514 	 0.0000 	 0.0056 	 495.9113 	 41.0000 	 1.2294 	 2.7974 	 -4.8128 	 -3.4826 	 0.0000 	 2.6563 	 0.0067 
41.0000 	 1.4729 	 4.3989 	 4.8320 	 2.0519 	 0.0000 	 0.0000 	 496.0493 	 41.0000 	 1.0395 	 9.9046 	 -5.7537 	 -0.8108 	 0.0000 	 0.1957 	 0.0100 
43.0000 	 1.4667 	 3.0943 	 4.1820 	 2.5309 	 0.0000 	 0.0013 	 495.9691 	 43.0000 	 0.3143 	 9.1618 	 0.8601 	 4.8751 	 0.0000 	 0.9762 	 0.0066 
43.0000 	 1.4742 	 3.2530 	 4.1902 	 2.9404 	 0.0000 	 0.0055 	 496.6127 	 43.0000 	 0.9747 	 9.8097 	 7.3145 	 1.0738 	 0.0000 	 0.6081 	 0.0084 
41.0000 	 1.4922 	 4.9489 	 5.0193 	 2.2840 	 0.0000 	 0.0000 	 496.3157 	 41.0000 	 1.4426 	 0.3143 	 -9.2505 	 4.9174 	 0.0000 	 0.3590 	 0.0085 
44.0000 	 1.5026 	 3.5529 	 4.3887 	 2.3594 	 0.0000 	 0.0000 	 495.9259 	 44.0000 	 0.4612 	 0.8583 	 -9.7993 	 -3.2785 	 0.0000 	 1.7958 	 0.0052 
41.0000 	 1.4811 	 4.6532 	 4.8784 	 2.2969 	 0.0000 	 0.0002 	 496.1466 	 41.0000 	 0.7625 	 9.0668 	 5.5504 	 2.6658 	 0.0000 	 1.1558 	 0.0056 
41.0000 	 1.4359 	 2.6992 	 4.0966 	 3.0396 	 0.0000 	 0.0011 	 496.4102 	 41.0000 	 0.8588 	 1.6215 	 -1.3442 	 -0.4908 	 0.0000 	 1.9788 	 0.0663 
46.0000 	 1.5351 	 3.5441 	 4.3373 	 2.3101 	 0.0000 	 0.0005 	 496.0492 	 46.0000 	 0.3168 	 1.9624 	 8.8477 	 -4.5819 	 0.0000 	 2.4890 	 0.0053 
42.0000 	 1.5218 	 5.3105 	 4.6991 	 2.8808 	 0.0000 	 0.0000 	 498.3069 	 42.0000 	 1.1113 	 2.3772 	 1.2982 	 -3.2770 	 0.0000 	 0.8926 	 0.0088 
42.0000 	 1.4614 	 3.6136 	 4.4241 	 2.3526 	 0.0000 	 0.0000 	 495.8293 	 42.0000 	 1.5983 	 2.9082 	 2.0761 	 -1.8106 	 0.0000 	 2.7862 	 0.0059 
43.0000 	 1.4694 	 2.9513 	 4.1399 	 2.6593 	 0.0000 	 0.0125 	 496.0792 	 43.0000 	 1.3751 	 2.4386 	 -2.0881 	 -4.3460 	 0.0000 	 1.4172 	 0.0062 
41.0000 	 1.5404 	 6.3892 	 5.5461 	 2.4869 	 0.0000 	 0.0003 	 497.5311 	 41.0000 	 0.8427 	 1.9648 	 8.6129 	 -0.3073 	 0.0000 	 1.4048 	 0.0070 
42.0000 	 1.4205 	 2.7769 	 4.0304 	 2.3295 	 0.0000 	 0.0054 	 496.2555 	 42.0000 	 1.7732 	 2.1367 	 6.4067 	 -3.4606 	 0.0000 	 0.3353 	 0.0092 
40.0000 	 1.4993 	 6.0732 	 5.6239 	 2.0708 	 0.0000 	 0.0000 	 497.2020 	 40.0000 	 0.7281 	 7.3777 	 7.5466 	 2.0675 	 0.0000 	 0.5224 	 0.0097 
42.0000 	 1.3392 	 0.4806 	 3.4121 	 4.3293 	 0.0000 	 0.0292 	 503.1907 	 42.0000 	 0.3106 	 6.2360 	 -0.0030 	 -1.3320 	 0.0000 	 0.1153 	 0.0185 
42.0000 	 1.5338 	 5.4462 	 5.3050 	 2.2056 	 0.0000 	 0.0050 	 496.6557 	 42.0000 	 2.5266 	 3.8986 	 -2.4788 	 0.1443 	 0.0000 	 2.3726 	 0.0727 
42.0000 	 1.5650 	 8.0157 	 5.5262 	 2.7896 	 0.0000 	 0.0024 	 501.2164 	 42.0000 	 1.8951 	 0.4350 	 -0.8144 	 0.3010 	 0.0000 	 1.6202 	 0.0122 
43.0000 	 0.2291 	 8.5645 	 18.7305 	 -2.4316 	 0.0000 	 2.4112 	 869.0958 	 43.0000 	 1.6619 	 2.4782 	 -1.0922 	 -4.3834 	 0.0000 	 2.7302 	 0.2964 
41.0000 	 1.6104 	 13.7542 	 6.6452 	 4.1326 	 0.0000 	 0.0001 	 505.4894 	 41.0000 	 2.4665 	 5.0708 	 -9.1958 	 4.2900 	 0.0000 	 0.5206 	 0.0175 
41.0000 	 1.4412 	 3.2320 	 4.1971 	 2.7947 	 0.0000 	 0.0173 	 496.1674 	 41.0000 	 1.1526 	 4.0524 	 -3.9484 	 1.9127 	 0.0000 	 2.9586 	 0.0067 
40.0000 	 1.4260 	 3.7957 	 4.4482 	 2.2708 	 0.0000 	 0.0000 	 495.8322 	 40.0000 	 1.8999 	 1.3269 	 -5.4291 	 0.7968 	 0.0000 	 0.0034 	 0.0056 
40.0000 	 0.2291 	 8.5645 	 18.7305 	 -2.4316 	 0.0000 	 2.4112 	 883.1573 	 40.0000 	 2.1928 	 1.1859 	 -9.4767 	 0.9302 	 0.0000 	 1.4099 	 0.3833 
39.0000 	 1.3990 	 3.4467 	 4.3474 	 2.4327 	 0.0000 	 0.0000 	 495.7531 	 39.0000 	 0.5185 	 7.0422 	 0.7243 	 3.6091 	 0.0000 	 1.8194 	 0.0057 
40.0000 	 1.5660 	 9.4702 	 6.9511 	 2.3035 	 0.0000 	 0.0000 	 500.1441 	 40.0000 	 2.9149 	 2.3513 	 0.3640 	 -1.6148 	 0.0000 	 2.2266 	 0.0107 
38.0000 	 1.4794 	 7.3874 	 5.8812 	 2.4561 	 0.0000 	 0.0000 	 498.2267 	 38.0000 	 2.4868 	 6.7651 	 9.2212 	 -1.9893 	 0.0000 	 2.3680 	 0.0080 
41.0000 	 1.5894 	 8.2068 	 6.8945 	 1.9617 	 0.0000 	 0.0000 	 499.5509 	 41.0000 	 1.3662 	 6.3852 	 -8.4290 	 3.1245 	 0.0000 	 2.6372 	 0.0436 
38.0000 	 1.5470 	 11.2007 	 8.3180 	 2.0645 	 0.0000 	 0.0526 	 503.2874 	 38.0000 	 2.7089 	 0.9885 	 -2.7581 	 -2.5743 	 0.0000 	 1.1114 	 0.0113 
41.0000 	 1.9668 	 2.2852 	 19.8828 	 -2.1289 	 0.0000 	 1.3663 	 744.2095 	 41.0000 	 0.6864 	 6.6421 	 7.5294 	 3.4049 	 0.0000 	 1.8776 	 0.0999 
37.0000 	 1.3114 	 2.2992 	 3.9160 	 2.9357 	 0.0000 	 0.0015 	 496.6143 	 37.0000 	 0.9957 	 0.4580 	 7.3359 	 2.9489 	 0.0000 	 0.9178 	 0.0085 
37.0000 	 1.4959 	 7.9978 	 7.0358 	 1.7807 	 0.0000 	 0.0046 	 500.1028 	 37.0000 	 0.6728 	 7.7296 	 3.9750 	 1.1452 	 0.0000 	 1.6289 	 0.0079 
37.0000 	 1.3517 	 3.3614 	 4.3183 	 2.4435 	 0.0000 	 0.0014 	 495.6838 	 37.0000 	 1.6702 	 9.8229 	 2.1875 	 0.6306 	 0.0000 	 2.7107 	 0.0053 
40.0000 	 1.5571 	 32.9016 	 9.9512 	 4.9182 	 0.0000 	 0.0184 	 516.5984 	 40.0000 	 1.7410 	 1.6430 	 9.4532 	 -3.9285 	 0.0000 	 1.1103 	 0.0264 
37.0000 	 1.5841 	 11.5019 	 7.9996 	 2.2208 	 0.0000 	 0.0000 	 503.0272 	 37.0000 	 1.1224 	 0.3723 	 2.3349 	 -3.1366 	 0.0000 	 0.3551 	 0.3389 
35.0000 	 1.3068 	 3.3820 	 4.4564 	 1.9314 	 0.0000 	 0.0000 	 496.4368 	 35.0000 	 1.7127 	 1.5613 	 -6.8616 	 -3.4276 	 0.0000 	 2.9640 	 0.0078 
36.0000 	 1.3776 	 5.0106 	 5.1632 	 1.9983 	 0.0000 	 0.0000 	 496.2786 	 36.0000 	 1.5567 	 1.1652 	 -7.7347 	 -1.2517 	 0.0000 	 0.6898 	 0.0067 
33.0000 	 1.3324 	 4.8840 	 5.2975 	 2.0769 	 0.0000 	 0.0203 	 497.0507 	 33.0000 	 0.2939 	 7.1372 	 2.8410 	 4.7398 	 0.0000 	 1.3698 	 0.0066 
38.0000 	 1.5581 	 10.1855 	 6.5330 	 3.0219 	 0.0000 	 0.0001 	 501.3618 	 38.0000 	 1.2730 	 3.5102 	 -0.6556 	 0.0901 	 0.0000 	 1.1327 	 0.0107 
36.0000 	 1.3543 	 4.1738 	 4.7558 	 2.0206 	 0.0000 	 0.0013 	 495.8582 	 36.0000 	 2.7383 	 6.2211 	 -4.2642 	 -2.2032 	 0.0000 	 0.4330 	 0.0049 
34.0000 	 0.0010 	 4.6129 	 7.1968 	 -1.5090 	 0.0000 	 0.0000 	 913.8361 	 34.0000 	 1.9704 	 3.5587 	 -1.9853 	 -1.4331 	 0.0000 	 2.1503 	 0.0008 
36.0000 	 1.3802 	 5.0653 	 5.1568 	 2.0408 	 0.0000 	 0.0327 	 496.2557 	 36.0000 	 2.0124 	 4.4164 	 -4.3804 	 4.6352 	 0.0000 	 0.4397 	 0.0069 
37.0000 	 1.3553 	 4.0592 	 4.7465 	 1.9939 	 0.0000 	 0.0003 	 496.0110 	 37.0000 	 1.7373 	 2.9345 	 3.7071 	 -4.4700 	 0.0000 	 0.1010 	 0.1538 
34.0000 	 0.0010 	 6.9232 	 -3.0423 	 -0.2935 	 0.0000 	 0.0000 	 913.8360 	 34.0000 	 0.4528 	 7.4912 	 -4.0732 	 -2.5191 	 0.0000 	 2.9256 	 0.0000 
34.0000 	 0.9804 	 0.0000 	 99.2867 	 -29.4522 	 0.0000 	 0.0000 	 890.4700 	 34.0000 	 1.7665 	 7.0839 	 -9.9685 	 2.3318 	 0.0000 	 2.4964 	 0.0005 
34.0000 	 1.2717 	 2.9288 	 4.1330 	 2.4850 	 0.0000 	 0.0000 	 495.6659 	 34.0000 	 1.0375 	 9.7205 	 9.9987 	 3.6229 	 0.0000 	 2.0349 	 0.0043 
33.0000 	 1.2207 	 0.5225 	 100.0000 	 -21.0156 	 0.0000 	 0.1955 	 894.5610 	 33.0000 	 0.1914 	 3.0776 	 3.3012 	 0.6227 	 0.0000 	 1.3755 	 0.4532 
38.0000 	 1.3226 	 1.2778 	 3.3569 	 3.3902 	 0.0000 	 0.0031 	 499.9357 	 38.0000 	 1.5320 	 7.2685 	 0.5734 	 -0.4451 	 0.0000 	 1.8657 	 0.0190 
32.0000 	 0.8790 	 0.0705 	 92.6099 	 -25.1193 	 0.0000 	 0.0000 	 893.6207 	 32.0000 	 1.6123 	 7.0227 	 -9.5067 	 -4.8286 	 0.0000 	 2.2546 	 0.0997 
33.0000 	 1.9668 	 2.2852 	 19.8828 	 -2.1289 	 0.0000 	 1.3663 	 733.1458 	 33.0000 	 0.4274 	 8.9102 	 5.1021 	 4.8185 	 0.0000 	 1.2124 	 0.2818 
33.0000 	 1.3151 	 5.1699 	 5.1414 	 2.1568 	 0.0000 	 0.0016 	 496.1240 	 33.0000 	 0.2613 	 2.8361 	 -3.2436 	 -2.6923 	 0.0000 	 0.1578 	 0.0141 
32.0000 	 1.4311 	 13.8130 	 7.1717 	 3.1657 	 0.0000 	 0.0000 	 505.9824 	 32.0000 	 0.1546 	 5.5967 	 8.3381 	 -3.0788 	 0.0000 	 2.7089 	 0.0142 
33.0000 	 1.2321 	 2.4124 	 4.0118 	 2.8181 	 0.0000 	 0.0005 	 496.2760 	 33.0000 	 1.0164 	 0.4391 	 -5.2895 	 -1.6273 	 0.0000 	 2.8211 	 0.0070 
35.0000 	 1.0250 	 3.9824 	 43.2425 	 -19.2103 	 0.0000 	 0.0000 	 888.8759 	 35.0000 	 0.5103 	 0.1509 	 -3.9031 	 -4.8885 	 0.0000 	 0.5589 	 0.2083 
33.0000 	 1.2594 	 3.3893 	 4.3386 	 2.2756 	 0.0000 	 0.0000 	 495.5100 	 33.0000 	 0.3730 	 9.1213 	 8.3534 	 3.5446 	 0.0000 	 2.2522 	 0.0053 
32.0000 	 1.2603 	 3.9883 	 4.5647 	 2.3843 	 0.0000 	 0.0000 	 495.5214 	 32.0000 	 2.1675 	 5.1609 	 -1.8775 	 -1.4470 	 0.0000 	 0.0004 	 0.0060 
30.0000 	 0.0026 	 7.4941 	 10.0563 	 -3.1158 	 0.0000 	 6.0153 	 656.8366 	 30.0000 	 0.4251 	 2.4986 	 -7.2778 	 0.4204 	 0.0000 	 1.4229 	 0.0000 
34.0000 	 1.2982 	 3.9727 	 4.5662 	 2.2052 	 0.0000 	 0.0000 	 495.5969 	 34.0000 	 1.4203 	 3.2949 	 5.3722 	 -3.5236 	 0.0000 	 1.5032 	 0.0052 
31.0000 	 1.2325 	 3.6054 	 4.3808 	 2.0272 	 0.0000 	 0.0283 	 496.3539 	 31.0000 	 2.2948 	 1.8057 	 3.0346 	 -1.1649 	 0.0000 	 2.0005 	 0.0186 
32.0000 	 1.4642 	 14.7355 	 9.3213 	 2.2268 	 0.0000 	 0.0068 	 504.6007 	 32.0000 	 0.0101 	 2.5643 	 -0.7044 	 -3.6005 	 0.0000 	 2.1707 	 0.0265 
29.0000 	 1.3232 	 12.6978 	 7.5925 	 2.8275 	 0.0000 	 0.0001 	 501.9105 	 29.0000 	 0.2572 	 4.2619 	 -1.3923 	 -2.8182 	 0.0000 	 2.4567 	 0.0098 
31.0000 	 1.2076 	 3.1588 	 4.1888 	 2.3961 	 0.0000 	 0.0347 	 495.4881 	 31.0000 	 1.1385 	 1.2866 	 2.7111 	 1.7451 	 0.0000 	 1.5156 	 0.0048 
29.0000 	 1.1715 	 3.6247 	 4.4605 	 2.2864 	 0.0000 	 0.1240 	 495.3084 	 29.0000 	 1.8821 	 8.0372 	 7.2885 	 -4.7677 	 0.0000 	 1.3573 	 0.0042 
34.0000 	 1.3147 	 4.1220 	 4.4990 	 2.5502 	 0.0000 	 0.0000 	 495.9758 	 34.0000 	 1.4486 	 2.5241 	 -7.1463 	 4.4492 	 0.0000 	 1.2699 	 0.0119 
31.0000 	 1.2841 	 5.7424 	 5.2431 	 2.5414 	 0.0000 	 0.0019 	 496.6767 	 31.0000 	 1.1403 	 6.7196 	 -2.0010 	 3.7246 	 0.0000 	 0.2048 	 0.0067 
30.0000 	 1.2384 	 5.9567 	 5.5569 	 2.2400 	 0.0000 	 0.0001 	 497.1760 	 30.0000 	 1.2803 	 8.4273 	 6.4945 	 -1.9506 	 0.0000 	 0.6584 	 0.0082 
32.0000 	 1.2129 	 1.9532 	 3.7885 	 3.1546 	 0.0000 	 0.0363 	 496.8108 	 32.0000 	 2.3741 	 0.1520 	 -6.2287 	 -1.0991 	 0.0000 	 2.9685 	 0.0527 
28.0000 	 1.2187 	 8.4799 	 6.2737 	 2.5391 	 0.0000 	 0.0001 	 498.2613 	 28.0000 	 0.0195 	 2.1993 	 -5.9758 	 -0.9792 	 0.0000 	 2.3326 	 0.1320 
31.0000 	 1.2488 	 4.5976 	 4.9102 	 2.0876 	 0.0000 	 0.0027 	 495.7225 	 31.0000 	 1.2600 	 4.4504 	 3.0798 	 2.2918 	 0.0000 	 2.5709 	 0.0066 
27.0000 	 1.1213 	 3.4044 	 4.3203 	 2.4291 	 0.0000 	 0.0000 	 495.2692 	 27.0000 	 1.0555 	 0.9441 	 1.1571 	 -4.1954 	 0.0000 	 0.1495 	 0.0071 
28.0000 	 1.1993 	 5.4842 	 5.4074 	 2.0817 	 0.0000 	 0.0000 	 496.2262 	 28.0000 	 0.2923 	 5.1711 	 8.1596 	 1.9082 	 0.0000 	 0.4609 	 0.0070 
33.0000 	 1.2733 	 3.6835 	 4.4828 	 2.3031 	 0.0000 	 0.0000 	 495.4919 	 33.0000 	 2.1470 	 6.0891 	 -1.9508 	 0.9031 	 0.0000 	 0.2917 	 0.0044 
31.0000 	 1.2388 	 4.0652 	 4.6401 	 2.2802 	 0.0000 	 0.0030 	 495.4723 	 31.0000 	 0.6558 	 7.8054 	 -5.3664 	 -0.5373 	 0.0000 	 0.7215 	 0.0045 
27.0000 	 1.1417 	 3.6645 	 4.5444 	 2.6500 	 0.0000 	 0.0000 	 495.9436 	 27.0000 	 0.3287 	 1.6857 	 4.9635 	 0.3335 	 0.0000 	 0.2966 	 0.0057 
28.0000 	 1.2643 	 11.1180 	 6.0406 	 4.0851 	 0.0000 	 0.0000 	 503.9158 	 28.0000 	 2.9408 	 5.1178 	 -3.0261 	 0.6164 	 0.0000 	 1.7873 	 0.0425 
30.0000 	 1.1958 	 3.3921 	 4.3400 	 2.3515 	 0.0000 	 0.0890 	 495.2380 	 30.0000 	 0.7545 	 0.5628 	 1.8257 	 4.0975 	 0.0000 	 1.4771 	 0.0550 
29.0000 	 1.1968 	 3.9490 	 4.4451 	 2.5470 	 0.0000 	 0.0006 	 495.7482 	 29.0000 	 2.3118 	 5.9825 	 -6.8814 	 3.1654 	 0.0000 	 1.6071 	 0.0054 
28.0000 	 0.9296 	 3.3145 	 1.8671 	 1.6104 	 0.0000 	 0.0000 	 594.9524 	 28.0000 	 1.8528 	 9.3709 	 9.9467 	 -3.6762 	 0.0000 	 0.3018 	 0.0329 
34.0000 	 1.2919 	 3.5421 	 4.3979 	 2.3477 	 0.0000 	 0.0000 	 495.5256 	 34.0000 	 2.3019 	 0.2186 	 8.4826 	 4.4702 	 0.0000 	 1.5811 	 0.0073 
26.0000 	 1.0973 	 3.7258 	 4.4946 	 2.2380 	 0.0000 	 0.0001 	 495.1812 	 26.0000 	 0.7830 	 5.0329 	 -4.1484 	 1.4489 	 0.0000 	 0.3029 	 0.0058 
29.0000 	 1.2225 	 5.2547 	 5.1765 	 2.2651 	 0.0000 	 0.0000 	 496.0040 	 29.0000 	 0.8479 	 6.8978 	 7.7107 	 4.3643 	 0.0000 	 1.1927 	 0.0073 
30.0000 	 1.2864 	 6.1316 	 5.2656 	 2.6995 	 0.0000 	 0.0000 	 497.4705 	 30.0000 	 2.3098 	 0.1867 	 0.7735 	 -3.1910 	 0.0000 	 1.0739 	 0.0319 
26.0000 	 1.1792 	 5.9740 	 5.3445 	 2.5242 	 0.0000 	 0.0407 	 496.6768 	 26.0000 	 1.4070 	 3.5902 	 6.2096 	 2.3995 	 0.0000 	 1.1658 	 0.0609 
27.0000 	 0.8737 	 1.1359 	 3.3167 	 1.9388 	 0.0000 	 0.0005 	 517.7992 	 27.0000 	 2.4249 	 7.8188 	 -3.3583 	 -1.0350 	 0.0000 	 1.2198 	 0.0413 
28.0000 	 1.1507 	 3.7290 	 4.5227 	 2.0922 	 0.0000 	 0.0000 	 495.3743 	 28.0000 	 0.3705 	 0.0756 	 -1.3519 	 -0.3379 	 0.0000 	 0.1341 	 0.0046 
26.0000 	 1.2169 	 9.6091 	 6.9916 	 2.3766 	 0.0000 	 0.0048 	 499.6204 	 26.0000 	 1.3964 	 7.1860 	 -3.4984 	 -1.9034 	 0.0000 	 2.9736 	 0.0084 
27.0000 	 1.1637 	 5.0943 	 5.2175 	 2.0350 	 0.0000 	 0.0340 	 495.8726 	 27.0000 	 1.0574 	 4.0162 	 -4.9465 	 -0.8993 	 0.0000 	 1.1161 	 0.0044 
25.0000 	 1.0632 	 3.6074 	 4.4004 	 2.2882 	 0.0000 	 0.0459 	 495.1659 	 25.0000 	 0.9638 	 6.6287 	 -3.1628 	 -1.3014 	 0.0000 	 0.1184 	 0.0162 
30.0000 	 0.0017 	 2.7458 	 9.6514 	 -1.0451 	 0.0000 	 5.9093 	 656.8367 	 30.0000 	 2.3261 	 1.6653 	 -1.2108 	 4.0847 	 0.0000 	 2.4761 	 0.0000 
23.0000 	 1.0794 	 6.3540 	 5.6585 	 2.2320 	 0.0000 	 0.0034 	 496.6430 	 23.0000 	 0.9388 	 9.1935 	 1.7977 	 -2.8271 	 0.0000 	 0.6180 	 0.0062 
24.0000 	 1.0361 	 3.5949 	 4.4742 	 2.0601 	 0.0000 	 0.0000 	 495.2312 	 24.0000 	 0.6072 	 3.4218 	 -7.3716 	 2.0995 	 0.0000 	 2.1737 	 0.0039 
25.0000 	 1.1629 	 8.2481 	 6.2241 	 2.5807 	 0.0000 	 0.0000 	 498.4896 	 25.0000 	 2.6102 	 4.2025 	 8.1552 	 2.3973 	 0.0000 	 1.0362 	 0.0099 
25.0000 	 1.0646 	 2.9932 	 4.1309 	 2.2510 	 0.0000 	 0.0005 	 494.9253 	 25.0000 	 0.4038 	 4.9229 	 7.0790 	 -0.5982 	 0.0000 	 0.1763 	 0.1810 
25.0000 	 0.0012 	 2.2725 	 12.2481 	 -24.3040 	 0.0000 	 5.8960 	 656.8117 	 25.0000 	 2.6777 	 9.2998 	 9.9538 	 0.9801 	 0.0000 	 0.1152 	 0.0000 
25.0000 	 1.0571 	 3.5200 	 4.2116 	 2.7701 	 0.0000 	 0.0700 	 495.6434 	 25.0000 	 1.2825 	 8.7998 	 -0.0386 	 2.0841 	 0.0000 	 0.5739 	 0.2031 
24.0000 	 1.0429 	 3.6911 	 4.4899 	 2.3443 	 0.0000 	 0.1498 	 495.1599 	 24.0000 	 1.4737 	 2.7435 	 -7.2978 	 2.4563 	 0.0000 	 1.0479 	 0.0180 
26.0000 	 1.1120 	 3.9419 	 4.5772 	 2.4922 	 0.0000 	 0.0031 	 495.3708 	 26.0000 	 1.8452 	 6.3054 	 -2.8509 	 -2.2475 	 0.0000 	 0.1513 	 0.0053 
27.0000 	 1.1114 	 2.0801 	 4.1211 	 4.8975 	 0.0000 	 2.1934 	 532.1963 	 27.0000 	 1.1125 	 9.5799 	 4.1256 	 4.8960 	 0.0000 	 2.1979 	 0.6492 
26.0000 	 1.1149 	 3.7704 	 4.4531 	 2.7025 	 0.0000 	 0.0000 	 495.6238 	 26.0000 	 2.7328 	 1.7615 	 -9.9486 	 -0.2221 	 0.0000 	 2.4672 	 0.0045 
27.0000 	 1.1791 	 6.1393 	 5.4212 	 2.4254 	 0.0000 	 0.0011 	 496.7559 	 27.0000 	 2.1303 	 8.0292 	 -1.3227 	 -3.1143 	 0.0000 	 2.9501 	 0.0069 
30.0000 	 1.2010 	 3.9568 	 4.6994 	 2.1560 	 0.0000 	 0.1216 	 495.5753 	 30.0000 	 2.7417 	 1.4922 	 -5.4333 	 1.6822 	 0.0000 	 0.6378 	 0.0050 
23.0000 	 0.8161 	 5.0146 	 1.6895 	 1.4893 	 0.0000 	 0.0001 	 614.2770 	 23.0000 	 0.4504 	 7.9283 	 -6.6588 	 -0.9210 	 0.0000 	 2.1212 	 0.0957 
25.0000 	 1.0937 	 4.4704 	 4.8520 	 2.2508 	 0.0000 	 0.1401 	 495.4094 	 25.0000 	 1.7188 	 1.6027 	 3.6529 	 -1.3923 	 0.0000 	 1.8489 	 0.0040 
23.0000 	 1.0730 	 6.0851 	 5.7512 	 1.9139 	 0.0000 	 0.0000 	 496.5422 	 23.0000 	 0.4478 	 7.3423 	 7.7280 	 -3.6272 	 0.0000 	 0.5821 	 0.0147 
22.0000 	 0.9470 	 2.5746 	 4.0890 	 2.2379 	 0.0000 	 0.0000 	 495.8131 	 22.0000 	 2.8526 	 5.3322 	 -4.1429 	 3.1427 	 0.0000 	 0.1328 	 0.0046 
23.0000 	 1.0433 	 4.8593 	 4.9575 	 2.1749 	 0.0000 	 0.0121 	 495.5357 	 23.0000 	 2.3767 	 6.8403 	 -7.1975 	 -4.5151 	 0.0000 	 0.4248 	 0.0053 
25.0000 	 1.2002 	 9.8151 	 7.3303 	 2.1456 	 0.0000 	 0.0705 	 500.0442 	 25.0000 	 2.9487 	 0.9783 	 6.6307 	 -2.0823 	 0.0000 	 0.2025 	 0.0076 
22.0000 	 0.9469 	 1.9328 	 3.6234 	 2.7903 	 0.0000 	 0.1143 	 497.0097 	 22.0000 	 1.3829 	 9.5776 	 9.4109 	 -2.9229 	 0.0000 	 2.8125 	 0.0070 
24.0000 	 1.0397 	 3.3272 	 4.4196 	 2.2434 	 0.0000 	 0.0000 	 495.3001 	 24.0000 	 1.2180 	 6.4442 	 -8.0240 	 0.6016 	 0.0000 	 0.9222 	 0.0044 
26.0000 	 1.2319 	 12.6393 	 7.8560 	 2.5274 	 0.0000 	 0.0277 	 501.4839 	 26.0000 	 2.8169 	 1.8035 	 -7.9473 	 2.3308 	 0.0000 	 2.9876 	 0.1499 
22.0000 	 0.0869 	 35.1514 	 75.8496 	 -30.0000 	 0.0000 	 0.0000 	 905.0940 	 22.0000 	 2.1219 	 1.2082 	 -6.6549 	 4.4065 	 0.0000 	 2.3780 	 0.2270 
24.0000 	 1.0176 	 2.6732 	 4.0494 	 2.5742 	 0.0000 	 0.0000 	 495.4537 	 24.0000 	 2.4888 	 1.6241 	 -7.7589 	 -1.0665 	 0.0000 	 2.7163 	 0.0058 
25.0000 	 1.1863 	 8.0240 	 7.0879 	 1.7842 	 0.0000 	 0.0000 	 499.5864 	 25.0000 	 2.9550 	 7.5023 	 7.3991 	 4.6334 	 0.0000 	 0.1913 	 0.0079 
20.0000 	 0.9202 	 3.5542 	 4.4718 	 2.1918 	 0.0000 	 0.0280 	 495.0355 	 20.0000 	 2.8718 	 7.2353 	 8.6391 	 1.8075 	 0.0000 	 1.8195 	 0.0041 
21.0000 	 0.9516 	 3.9262 	 4.5303 	 2.3523 	 0.0000 	 0.0000 	 493.9740 	 21.0000 	 1.3825 	 8.0383 	 -1.1435 	 4.6255 	 0.0000 	 0.1302 	 0.0549 
20.0000 	 1.0705 	 15.7946 	 9.0174 	 2.6408 	 0.0000 	 0.0001 	 503.4687 	 20.0000 	 1.1484 	 2.4790 	 6.8333 	 -1.8799 	 0.0000 	 0.1662 	 0.0117 
21.0000 	 0.9875 	 4.9840 	 5.0274 	 2.2491 	 0.0000 	 0.0107 	 495.5449 	 21.0000 	 0.9605 	 2.0553 	 9.9195 	 2.3521 	 0.0000 	 2.8547 	 0.0045 
24.0000 	 1.2160 	 16.7554 	 10.4177 	 2.2380 	 0.0000 	 0.0011 	 505.7524 	 24.0000 	 1.8978 	 8.9296 	 -5.6345 	 0.1776 	 0.0000 	 0.6858 	 0.0960 
25.0000 	 1.1301 	 6.0729 	 5.7383 	 1.9846 	 0.0000 	 0.0000 	 496.6416 	 25.0000 	 1.6809 	 8.7944 	 -4.6830 	 -2.1756 	 0.0000 	 1.3977 	 0.0055 
21.0000 	 1.0258 	 7.0110 	 5.9740 	 2.2333 	 0.0000 	 0.0034 	 497.0878 	 21.0000 	 2.1499 	 4.0638 	 1.0235 	 4.9928 	 0.0000 	 2.3341 	 0.0279 
30.0000 	 1.2046 	 4.0096 	 4.6301 	 2.1063 	 0.0000 	 0.0052 	 495.4482 	 30.0000 	 0.8461 	 8.9749 	 -0.8167 	 4.3859 	 0.0000 	 0.0244 	 0.0047 
22.0000 	 1.0082 	 4.3428 	 4.8116 	 2.3533 	 0.0000 	 0.0012 	 495.3231 	 22.0000 	 1.1179 	 1.9010 	 1.0340 	 -4.4259 	 0.0000 	 0.5293 	 0.0071 
27.0000 	 1.2691 	 10.9408 	 7.4121 	 2.4605 	 0.0000 	 0.0593 	 500.1599 	 27.0000 	 2.7442 	 8.9053 	 -9.0797 	 2.5556 	 0.0000 	 0.3209 	 0.1629 
16.0000 	 0.8148 	 4.7737 	 5.0472 	 2.1461 	 0.0000 	 0.0001 	 495.3732 	 16.0000 	 2.8565 	 3.6461 	 -7.5651 	 -4.4589 	 0.0000 	 2.1671 	 0.0181 
18.0000 	 0.9709 	 9.8770 	 7.3718 	 2.1725 	 0.0000 	 0.0000 	 499.6904 	 18.0000 	 0.0500 	 4.1802 	 -2.1631 	 2.8546 	 0.0000 	 1.7471 	 0.0193 
19.0000 	 0.9604 	 7.3760 	 5.9757 	 2.3901 	 0.0000 	 0.0001 	 497.4768 	 19.0000 	 2.8077 	 3.6003 	 -4.9642 	 -1.9857 	 0.0000 	 1.9243 	 0.0057 
18.0000 	 0.8608 	 2.2015 	 3.8330 	 2.6141 	 0.0000 	 0.0993 	 488.5977 	 18.0000 	 1.2446 	 3.0336 	 5.4601 	 -0.4858 	 0.0000 	 1.4349 	 0.4024 
15.0000 	 0.8295 	 7.5640 	 6.0208 	 2.4576 	 0.0000 	 0.0000 	 497.8461 	 15.0000 	 1.8449 	 8.5709 	 7.6393 	 -4.1166 	 0.0000 	 0.6856 	 0.0083 
20.0000 	 1.0347 	 13.6777 	 7.7660 	 2.9154 	 0.0000 	 0.0132 	 502.4014 	 20.0000 	 2.6782 	 0.1565 	 -2.7739 	 -1.2641 	 0.0000 	 2.2558 	 0.0267 
21.0000 	 0.9561 	 3.5418 	 4.4348 	 2.3445 	 0.0000 	 0.0001 	 495.0488 	 21.0000 	 0.1985 	 6.9561 	 -9.6359 	 -4.6620 	 0.0000 	 1.1569 	 0.0040 
21.0000 	 1.0960 	 11.6658 	 7.6210 	 2.5414 	 0.0000 	 0.0116 	 500.6622 	 21.0000 	 1.2324 	 3.7557 	 -8.9531 	 -3.7851 	 0.0000 	 0.2938 	 0.1059 
18.0000 	 0.8655 	 3.9135 	 4.6160 	 2.2596 	 0.0000 	 0.0000 	 495.0434 	 18.0000 	 0.2208 	 3.8221 	 -5.5965 	 3.9116 	 0.0000 	 0.3368 	 0.0130 
16.0000 	 0.8007 	 4.5990 	 5.4163 	 1.7117 	 0.0000 	 0.0011 	 496.5307 	 16.0000 	 0.4234 	 4.3512 	 7.1623 	 3.9663 	 0.0000 	 0.2478 	 0.1543 
19.0000 	 0.9818 	 8.8993 	 6.5436 	 2.4805 	 0.0000 	 0.0677 	 498.7278 	 19.0000 	 2.5434 	 1.0321 	 3.5603 	 -0.8510 	 0.0000 	 2.3716 	 0.0083 
19.0000 	 0.9447 	 5.6923 	 5.8630 	 1.7900 	 0.0000 	 0.0001 	 496.8854 	 19.0000 	 1.4266 	 9.1677 	 -3.3018 	 1.6448 	 0.0000 	 2.6595 	 0.0069 
18.0000 	 0.9414 	 8.1399 	 6.6489 	 2.1832 	 0.0000 	 0.0143 	 498.1994 	 18.0000 	 1.9176 	 9.6461 	 -7.3992 	 3.8270 	 0.0000 	 0.1151 	 0.0161 
21.0000 	 0.9312 	 2.5634 	 4.0026 	 2.6145 	 0.0000 	 0.0000 	 495.5154 	 21.0000 	 0.4763 	 8.3961 	 -7.6643 	 3.7610 	 0.0000 	 1.0352 	 0.0047 
17.0000 	 0.7995 	 3.1116 	 3.9966 	 2.6965 	 0.0000 	 0.1261 	 496.2083 	 17.0000 	 2.3841 	 5.6523 	 8.3531 	 2.8401 	 0.0000 	 2.4823 	 0.2994 
18.0000 	 0.0048 	 10.9024 	 11.3706 	 -11.2517 	 0.0000 	 5.9064 	 656.8121 	 18.0000 	 0.2488 	 7.6506 	 -7.8249 	 0.3469 	 0.0000 	 0.0800 	 0.0000 
15.0000 	 0.8287 	 8.4970 	 6.6256 	 2.2642 	 0.0000 	 0.0000 	 498.4516 	 15.0000 	 0.5978 	 0.7201 	 -1.4388 	 0.7883 	 0.0000 	 0.0390 	 0.0076 
25.0000 	 1.1387 	 6.4142 	 5.7511 	 2.0314 	 0.0000 	 0.0000 	 496.8767 	 25.0000 	 0.6548 	 1.5815 	 -7.4852 	 -1.3567 	 0.0000 	 1.7505 	 0.0094 
19.0000 	 0.8412 	 2.5188 	 3.8661 	 2.2832 	 0.0000 	 0.0000 	 496.2619 	 19.0000 	 1.3704 	 2.1887 	 2.6994 	 4.5181 	 0.0000 	 1.7074 	 0.0075 
20.0000 	 1.0221 	 11.7748 	 6.5209 	 3.5519 	 0.0000 	 0.0000 	 502.4947 	 20.0000 	 2.1234 	 0.9255 	 0.1479 	 1.4411 	 0.0000 	 2.8706 	 0.0839 
12.0000 	 0.6526 	 5.0609 	 5.2657 	 2.1094 	 0.0000 	 0.0224 	 496.3454 	 12.0000 	 0.6443 	 4.8787 	 -8.5359 	 -4.9356 	 0.0000 	 1.9612 	 0.0052 
14.0000 	 0.7114 	 3.6880 	 4.4910 	 2.0946 	 0.0000 	 0.0446 	 495.3871 	 14.0000 	 1.5972 	 0.0945 	 -7.5994 	 -3.5315 	 0.0000 	 2.6841 	 0.0044 
18.0000 	 0.8514 	 3.5691 	 4.4337 	 2.1201 	 0.0000 	 0.0000 	 495.0967 	 18.0000 	 1.1738 	 3.5592 	 -7.0791 	 -1.3916 	 0.0000 	 1.5261 	 0.0061 
15.0000 	 0.7455 	 3.7801 	 4.5906 	 2.7026 	 0.0000 	 0.0042 	 496.7784 	 15.0000 	 0.1514 	 0.7476 	 -3.5266 	 -0.0864 	 0.0000 	 2.7320 	 0.0098 
16.0000 	 0.7844 	 3.0547 	 4.2212 	 2.5759 	 0.0000 	 0.0000 	 495.4061 	 16.0000 	 1.3736 	 8.7992 	 3.4193 	 -3.0855 	 0.0000 	 0.0196 	 0.0051 
17.0000 	 0.7896 	 2.6454 	 4.0866 	 2.1215 	 0.0000 	 0.0000 	 495.9461 	 17.0000 	 1.6853 	 9.0919 	 5.5666 	 2.1602 	 0.0000 	 1.7568 	 0.0061 
15.0000 	 0.7342 	 3.1870 	 4.3681 	 2.0851 	 0.0000 	 0.0000 	 495.5919 	 15.0000 	 2.3592 	 7.6527 	 -4.3932 	 0.8210 	 0.0000 	 1.5653 	 0.0050 
20.0000 	 0.9347 	 4.1331 	 4.7231 	 2.1056 	 0.0000 	 0.0000 	 495.0949 	 20.0000 	 0.8320 	 2.4810 	 7.3901 	 3.9288 	 0.0000 	 1.8218 	 0.0035 
12.0000 	 0.6004 	 2.1216 	 3.6646 	 2.6379 	 0.0000 	 0.0003 	 497.3169 	 12.0000 	 2.9914 	 5.5868 	 3.1673 	 1.8878 	 0.0000 	 2.0421 	 0.5184 
18.0000 	 0.8486 	 2.7258 	 3.9331 	 2.8882 	 0.0000 	 0.0044 	 494.6508 	 18.0000 	 0.0045 	 7.3695 	 -2.2474 	 -2.8332 	 0.0000 	 0.4383 	 0.3428 
19.0000 	 0.9183 	 4.8957 	 5.1153 	 1.9636 	 0.0000 	 0.0315 	 495.4835 	 19.0000 	 1.7374 	 0.0101 	 -6.5695 	 -1.8954 	 0.0000 	 0.5989 	 0.0062 
24.0000 	 1.0954 	 5.9647 	 5.7790 	 1.8479 	 0.0000 	 0.0007 	 496.6961 	 24.0000 	 1.2104 	 7.9128 	 5.7760 	 1.6422 	 0.0000 	 1.0334 	 0.0088 
17.0000 	 0.8460 	 4.1922 	 4.7250 	 2.4463 	 0.0000 	 0.0030 	 495.3620 	 17.0000 	 2.9421 	 0.1000 	 2.5908 	 -0.9937 	 0.0000 	 1.8123 	 0.0041 
14.0000 	 0.7533 	 4.7993 	 6.5992 	 1.1851 	 0.0000 	 0.0427 	 506.8358 	 14.0000 	 1.6808 	 5.3564 	 7.9250 	 0.1304 	 0.0000 	 2.6855 	 0.0130 
22.0000 	 0.9812 	 3.6406 	 4.4484 	 2.0978 	 0.0000 	 0.0000 	 495.1292 	 22.0000 	 1.0581 	 0.1473 	 4.3654 	 -2.6198 	 0.0000 	 1.9076 	 0.0034 
17.0000 	 0.9052 	 4.3518 	 4.3506 	 4.2651 	 0.0000 	 0.0039 	 497.6638 	 17.0000 	 0.9986 	 0.2576 	 -1.2553 	 3.5622 	 0.0000 	 1.8604 	 0.3038 
9.0000 	 0.5322 	 6.3148 	 5.9429 	 1.8594 	 0.0000 	 0.0000 	 498.1590 	 9.0000 	 0.9724 	 9.6383 	 5.5600 	 0.1392 	 0.0000 	 1.0422 	 0.0161 
14.0000 	 0.7380 	 4.5042 	 4.9387 	 2.1556 	 0.0000 	 0.0000 	 495.5565 	 14.0000 	 1.3257 	 6.0646 	 -7.7311 	 -4.2816 	 0.0000 	 2.1538 	 0.0484 
15.0000 	 0.8346 	 10.4412 	 6.8361 	 2.7573 	 0.0000 	 0.0012 	 500.1193 	 15.0000 	 2.4023 	 3.6207 	 -5.9349 	 -1.4032 	 0.0000 	 2.8762 	 0.0145 
17.0000 	 0.9604 	 10.2933 	 9.0903 	 1.5685 	 0.0000 	 0.0000 	 504.6615 	 17.0000 	 2.0920 	 6.7599 	 -2.4458 	 -1.9934 	 0.0000 	 0.1178 	 0.0124 
6.0000 	 0.3330 	 4.5534 	 4.8641 	 2.3011 	 0.0000 	 0.0000 	 500.7458 	 6.0000 	 0.1516 	 5.3051 	 -4.2529 	 1.4102 	 0.0000 	 0.6877 	 0.0154 
16.0000 	 0.7896 	 3.5594 	 4.4431 	 2.2390 	 0.0000 	 0.0361 	 495.1188 	 16.0000 	 2.3716 	 3.2296 	 5.6793 	 1.5556 	 0.0000 	 0.4379 	 0.0046 
8.0000 	 0.4823 	 6.5636 	 6.0918 	 1.9334 	 0.0000 	 0.0003 	 497.9974 	 8.0000 	 1.6657 	 9.5334 	 9.9285 	 -1.0858 	 0.0000 	 2.4521 	 0.3131 
7.0000 	 0.4497 	 9.3474 	 7.3389 	 2.0904 	 0.0000 	 0.0000 	 502.0873 	 7.0000 	 1.9241 	 4.5475 	 4.0709 	 0.6651 	 0.0000 	 1.6233 	 0.0186 
14.0000 	 0.8418 	 15.7815 	 8.9305 	 2.6724 	 0.0000 	 0.1196 	 503.3684 	 14.0000 	 2.6715 	 5.0859 	 4.5939 	 1.0149 	 0.0000 	 1.3311 	 0.0123 
13.0000 	 0.7345 	 5.7882 	 5.5552 	 2.3466 	 0.0000 	 0.0015 	 497.4470 	 13.0000 	 0.4195 	 2.5541 	 3.7454 	 -3.1399 	 0.0000 	 1.3381 	 0.0099 
11.0000 	 0.5726 	 2.8902 	 4.0759 	 2.3745 	 0.0000 	 0.0355 	 496.6778 	 11.0000 	 1.4367 	 8.7773 	 5.7621 	 -0.5876 	 0.0000 	 2.7273 	 0.0083 
8.0000 	 0.0010 	 3.3072 	 8.9801 	 -1.3104 	 0.0000 	 0.0000 	 913.8360 	 8.0000 	 2.0860 	 8.8068 	 5.6679 	 1.7139 	 0.0000 	 2.4701 	 0.0000 
3.0000 	 0.1306 	 10.7340 	 6.8693 	 2.8220 	 0.0000 	 0.0000 	 512.9371 	 3.0000 	 0.2767 	 6.6287 	 -7.7325 	 1.0233 	 0.0000 	 2.3171 	 0.0381 
13.0000 	 0.0037 	 5.1300 	 8.0399 	 -0.8460 	 0.0000 	 0.0001 	 913.8360 	 13.0000 	 0.9709 	 5.4723 	 -8.5249 	 -0.9452 	 0.0000 	 1.6400 	 0.0000 
7.0000 	 0.3642 	 2.2850 	 3.8446 	 2.2519 	 0.0000 	 0.0001 	 502.5328 	 7.0000 	 2.7331 	 1.1824 	 -6.1771 	 -2.0766 	 0.0000 	 0.1372 	 0.0219 
9.0000 	 0.4904 	 3.6834 	 4.3182 	 2.5233 	 0.0000 	 0.0384 	 497.9000 	 9.0000 	 1.6793 	 5.5489 	 -2.9941 	 4.9116 	 0.0000 	 1.8588 	 0.0107 
5.0000 	 0.2434 	 3.9331 	 4.2969 	 3.0127 	 0.0000 	 0.0000 	 507.0938 	 5.0000 	 1.8585 	 1.5057 	 6.9730 	 1.0627 	 0.0000 	 0.8664 	 0.0358 
11.0000 	 0.5866 	 3.3286 	 4.2935 	 2.4328 	 0.0000 	 0.0005 	 496.2932 	 11.0000 	 2.8233 	 9.8356 	 3.5445 	 -4.4482 	 0.0000 	 2.2674 	 0.0093 
7.0000 	 0.3907 	 4.3519 	 4.7732 	 2.2410 	 0.0000 	 0.0001 	 499.1237 	 7.0000 	 2.4835 	 8.6064 	 -1.7868 	 -2.9506 	 0.0000 	 0.1611 	 0.0184 
11.0000 	 0.4222 	 0.0000 	 100.0000 	 -28.4638 	 0.0000 	 0.0000 	 890.8391 	 11.0000 	 1.3699 	 0.9409 	 -3.8523 	 -3.6024 	 0.0000 	 0.1387 	 0.0327 
13.0000 	 0.6324 	 2.6067 	 4.0801 	 2.2509 	 0.0000 	 0.0351 	 497.0561 	 13.0000 	 2.7949 	 4.6163 	 4.4632 	 -4.1239 	 0.0000 	 1.0019 	 0.0117 
12.0000 	 0.6662 	 5.3067 	 5.3385 	 2.0997 	 0.0000 	 0.0003 	 496.2418 	 12.0000 	 2.2012 	 9.4119 	 -4.3269 	 -4.8900 	 0.0000 	 2.6097 	 0.0153 
9.0000 	 0.5435 	 0.0000 	 11.9601 	 6.5579 	 0.0000 	 6.0766 	 587.6740 	 9.0000 	 1.7730 	 1.3270 	 -8.7428 	 2.3380 	 0.0000 	 1.4019 	 0.5835 
4.0000 	 0.1861 	 5.2089 	 4.5614 	 2.8921 	 0.0000 	 0.0000 	 509.8588 	 4.0000 	 2.1850 	 7.2418 	 -5.1641 	 0.8097 	 0.0000 	 0.0783 	 0.0374 
2.0000 	 0.0693 	 5.9092 	 4.5101 	 5.9374 	 0.0000 	 0.4700 	 586.2555 	 2.0000 	 2.5384 	 0.1100 	 -8.8765 	 4.4772 	 0.0000 	 1.0693 	 0.4141 
3.0000 	 0.1403 	 13.7785 	 8.7047 	 2.3347 	 0.0000 	 0.0000 	 513.3440 	 3.0000 	 1.8666 	 4.4409 	 3.9880 	 0.4984 	 0.0000 	 1.6151 	 0.0964 
7.0000 	 0.3666 	 1.8387 	 3.8232 	 3.1372 	 0.0000 	 0.0023 	 501.8627 	 7.0000 	 2.7887 	 5.0093 	 -3.8163 	 -2.5033 	 0.0000 	 0.0313 	 1.0504 
20.0000 	 0.9269 	 3.8171 	 4.5740 	 2.1382 	 0.0000 	 0.0001 	 495.0404 	 20.0000 	 0.9686 	 3.6237 	 -3.0151 	 3.8145 	 0.0000 	 0.2556 	 0.0036 
5.0000 	 0.2963 	 9.6041 	 6.8703 	 2.5069 	 0.0000 	 0.0004 	 504.6910 	 5.0000 	 2.7527 	 8.1453 	 8.5143 	 1.9671 	 0.0000 	 0.0120 	 0.0264 
12.0000 	 0.6925 	 4.2395 	 4.5502 	 3.3514 	 0.0000 	 0.0957 	 499.6494 	 12.0000 	 2.3240 	 3.3285 	 6.1754 	 -2.0068 	 0.0000 	 2.1186 	 0.7398 
9.0000 	 0.5090 	 4.4662 	 4.8867 	 2.1195 	 0.0000 	 0.0000 	 497.1023 	 9.0000 	 1.4414 	 5.8943 	 -6.1325 	 3.3089 	 0.0000 	 1.9580 	 0.0109 
10.0000 	 0.5588 	 4.5763 	 4.9316 	 1.9967 	 0.0000 	 0.0000 	 496.6352 	 10.0000 	 1.1757 	 0.0876 	 3.4286 	 0.0068 	 0.0000 	 0.3181 	 0.0089 
9.0000 	 0.5189 	 5.3201 	 5.2179 	 2.3761 	 0.0000 	 0.0000 	 497.5967 	 9.0000 	 0.3900 	 6.8986 	 9.5228 	 -0.4885 	 0.0000 	 2.3589 	 0.0104 
11.0000 	 0.5747 	 3.1911 	 4.3652 	 2.3773 	 0.0000 	 0.0163 	 496.5092 	 11.0000 	 1.4860 	 2.0824 	 9.4419 	 -1.1393 	 0.0000 	 2.0656 	 0.0091 
9.0000 	 0.4942 	 3.5427 	 4.4339 	 2.4016 	 0.0000 	 0.0001 	 497.2468 	 9.0000 	 1.3088 	 4.7134 	 1.1901 	 -1.3282 	 0.0000 	 0.2958 	 0.0130 
4.0000 	 0.1775 	 3.7335 	 4.4774 	 2.3248 	 0.0000 	 0.0000 	 508.5588 	 4.0000 	 0.1404 	 3.6016 	 -4.9481 	 2.3421 	 0.0000 	 2.5454 	 0.0209 
2.0000 	 0.0369 	 0.0000 	 11.2261 	 -1.8557 	 0.0000 	 5.6846 	 591.9410 	 2.0000 	 0.1682 	 3.8611 	 0.4440 	 2.9531 	 0.0000 	 0.9071 	 0.0142 
4.0000 	 0.1972 	 5.9950 	 5.4832 	 2.3984 	 0.0000 	 0.0001 	 506.4652 	 4.0000 	 0.8994 	 3.7020 	 6.3470 	 -3.0162 	 0.0000 	 1.0355 	 0.0288 
17.0000 	 0.7856 	 2.5305 	 3.8745 	 2.2986 	 0.0000 	 0.0001 	 496.0720 	 17.0000 	 0.4396 	 0.6387 	 4.3677 	 0.6753 	 0.0000 	 1.8641 	 0.0061 
10.0000 	 0.5515 	 3.9680 	 4.6629 	 2.2473 	 0.0000 	 0.0000 	 496.4936 	 10.0000 	 0.1209 	 7.3259 	 3.0272 	 1.7161 	 0.0000 	 0.4788 	 0.0114 
6.0000 	 0.3102 	 3.0624 	 4.1451 	 2.6044 	 0.0000 	 0.0444 	 502.1327 	 6.0000 	 1.1376 	 6.0955 	 -4.6061 	 3.4427 	 0.0000 	 2.5482 	 0.0958 
3.0000 	 0.1395 	 14.6329 	 8.4521 	 2.7139 	 0.0000 	 0.0254 	 513.7423 	 3.0000 	 2.8083 	 2.5064 	 -9.5933 	 3.4435 	 0.0000 	 0.1549 	 0.0469 
9.0000 	 0.5162 	 4.5175 	 4.9785 	 2.3369 	 0.0000 	 0.0000 	 497.5332 	 9.0000 	 1.8864 	 6.6043 	 1.2929 	 0.5621 	 0.0000 	 0.8421 	 0.0126 
2.0000 	 0.0358 	 1.3574 	 9.9440 	 -0.1703 	 0.0000 	 5.2373 	 586.3362 	 2.0000 	 1.0267 	 7.9076 	 -4.3324 	 -2.4975 	 0.0000 	 1.0542 	 0.0144 
10.0000 	 0.5485 	 3.8159 	 4.5691 	 2.2770 	 0.0000 	 0.0233 	 496.5170 	 10.0000 	 1.0013 	 5.3535 	 2.1383 	 -2.1801 	 0.0000 	 0.4446 	 0.0074 
6.0000 	 0.2755 	 0.6538 	 3.3828 	 3.6513 	 0.0000 	 0.0000 	 512.1422 	 6.0000 	 1.9073 	 8.5116 	 8.3549 	 -0.3346 	 0.0000 	 2.3158 	 0.0517 
4.0000 	 0.2030 	 7.0011 	 5.7258 	 2.4537 	 0.0000 	 0.0347 	 506.8163 	 4.0000 	 0.0657 	 1.6216 	 5.7761 	 -3.7514 	 0.0000 	 2.3372 	 0.0318 
9.0000 	 0.5516 	 8.3746 	 6.4249 	 2.3529 	 0.0000 	 0.0000 	 499.5263 	 9.0000 	 2.6951 	 6.6578 	 1.5665 	 -0.0617 	 0.0000 	 2.6520 	 0.0114 
5.0000 	 0.2570 	 3.1450 	 4.1761 	 3.0301 	 0.0000 	 0.0001 	 504.8568 	 5.0000 	 1.1026 	 2.8403 	 3.2937 	 1.2964 	 0.0000 	 2.0170 	 0.0447 
2.0000 	 0.0348 	 1.2990 	 10.3881 	 -0.2117 	 0.0000 	 5.5124 	 586.6837 	 2.0000 	 1.5101 	 8.9762 	 8.0517 	 -0.3682 	 0.0000 	 0.3807 	 0.0174 
8.0000 	 0.4210 	 2.5104 	 3.9644 	 2.7012 	 0.0000 	 0.1623 	 499.4407 	 8.0000 	 2.0772 	 6.8611 	 9.2395 	 4.4009 	 0.0000 	 0.6611 	 0.0121 
8.0000 	 0.4496 	 3.8088 	 4.3825 	 2.8069 	 0.0000 	 0.0112 	 498.8652 	 8.0000 	 1.5268 	 4.8002 	 -7.8600 	 -3.2274 	 0.0000 	 2.5244 	 0.0240 
17.0000 	 0.8172 	 3.2359 	 4.3199 	 2.3172 	 0.0000 	 0.1245 	 495.1378 	 17.0000 	 1.3377 	 8.7214 	 -9.3967 	 -1.6701 	 0.0000 	 2.2592 	 0.0043 
6.0000 	 0.3270 	 3.8868 	 4.5162 	 2.5066 	 0.0000 	 0.0000 	 501.0372 	 6.0000 	 2.6358 	 9.6217 	 -8.8027 	 0.8310 	 0.0000 	 2.7166 	 0.0270 
6.0000 	 0.3580 	 6.7646 	 6.2631 	 1.8758 	 0.0000 	 0.0001 	 501.5508 	 6.0000 	 0.5609 	 4.6483 	 8.1896 	 -2.3439 	 0.0000 	 2.6683 	 0.0200 
2.0000 	 0.1062 	 3.6456 	 8.6761 	 21.7365 	 0.0000 	 5.4533 	 606.3822 	 2.0000 	 0.6886 	 2.4092 	 5.9750 	 2.3825 	 0.0000 	 1.9344 	 0.6018 
14.0000 	 0.7282 	 3.9605 	 4.5471 	 2.6192 	 0.0000 	 0.0058 	 495.7678 	 14.0000 	 2.8546 	 5.3951 	 -6.2184 	 -0.5261 	 0.0000 	 2.4848 	 0.0066 
5.0000 	 0.2819 	 6.1599 	 5.5708 	 2.3328 	 0.0000 	 0.0000 	 503.2087 	 5.0000 	 2.8403 	 8.4758 	 -7.5775 	 1.9190 	 0.0000 	 0.4918 	 0.0188 
3.0000 	 0.1125 	 5.0513 	 4.9732 	 2.7842 	 0.0000 	 0.0000 	 513.8015 	 3.0000 	 2.8135 	 4.0628 	 4.2477 	 4.7186 	 0.0000 	 0.0658 	 0.0353 
6.0000 	 0.3169 	 3.1201 	 4.2435 	 2.5205 	 0.0000 	 0.0431 	 501.7519 	 6.0000 	 2.5617 	 9.9358 	 -5.3620 	 -2.7647 	 0.0000 	 1.3623 	 0.0197 
5.0000 	 0.3162 	 13.6684 	 8.9808 	 2.2134 	 0.0000 	 0.0001 	 507.0865 	 5.0000 	 0.0411 	 1.2853 	 -0.4078 	 -0.9029 	 0.0000 	 2.4275 	 0.0200 
3.0000 	 0.1148 	 5.7665 	 5.3852 	 2.3289 	 0.0000 	 0.1104 	 512.5628 	 3.0000 	 2.3170 	 0.3235 	 3.9589 	 2.8692 	 0.0000 	 0.0704 	 0.0581 
6.0000 	 0.3162 	 3.0169 	 4.3000 	 1.9843 	 0.0000 	 0.0136 	 503.5120 	 6.0000 	 1.1932 	 2.2776 	 9.1012 	 -4.8677 	 0.0000 	 2.3522 	 0.0340 
7.0000 	 0.6323 	 18.5867 	 19.3468 	 1.1035 	 0.0000 	 0.0000 	 541.7806 	 7.0000 	 2.7829 	 8.7992 	 -2.5600 	 2.5238 	 0.0000 	 2.6928 	 0.0363 
13.0000 	 0.6925 	 5.0439 	 4.6289 	 3.8574 	 0.0000 	 0.0001 	 499.2069 	 13.0000 	 0.1892 	 2.3156 	 2.1815 	 1.3031 	 0.0000 	 2.1047 	 0.3744 
3.0000 	 0.1627 	 10.7898 	 6.0638 	 3.9029 	 0.0000 	 0.0000 	 530.7537 	 3.0000 	 2.8031 	 0.8716 	 3.2990 	 -2.3846 	 0.0000 	 1.8957 	 0.2570 
1.0000 	 0.0808 	 0.0000 	 12.6564 	 12.0144 	 0.0000 	 7.0908 	 636.4686 	 1.0000 	 0.5801 	 9.2865 	 -2.3720 	 2.8478 	 0.0000 	 1.0330 	 0.3352 
3.0000 	 0.1396 	 9.1215 	 8.9210 	 1.4304 	 0.0000 	 0.0019 	 518.1917 	 3.0000 	 0.0834 	 1.2776 	 -7.3446 	 0.0791 	 0.0000 	 0.8733 	 0.0403 
11.0000 	 0.5891 	 3.8218 	 4.5817 	 2.0956 	 0.0000 	 0.0000 	 496.0612 	 11.0000 	 1.0700 	 5.6863 	 -6.8242 	 -4.8140 	 0.0000 	 2.2630 	 0.1167 
1.0000 	 0.0015 	 0.0000 	 11.2226 	 -1.9080 	 0.0000 	 5.6957 	 598.9975 	 1.0000 	 1.8003 	 5.8191 	 -5.2587 	 0.2044 	 0.0000 	 2.6943 	 0.0165 
10.0000 	 0.0010 	 3.5986 	 11.4719 	 -0.2457 	 0.0000 	 0.0217 	 913.8360 	 10.0000 	 1.2136 	 1.3178 	 3.2823 	 3.4498 	 0.0000 	 1.5214 	 0.0000 
1.0000 	 0.0014 	 0.0000 	 11.1615 	 -8.4545 	 0.0000 	 5.7061 	 599.2443 	 1.0000 	 0.8374 	 4.3037 	 9.9883 	 2.5915 	 0.0000 	 0.5597 	 0.0510 
2.0000 	 0.0703 	 9.7784 	 8.8727 	 1.6343 	 0.0000 	 0.0009 	 538.8431 	 2.0000 	 2.0284 	 0.8165 	 -1.2472 	 3.6751 	 0.0000 	 2.7949 	 0.5934 
4.0000 	 0.1904 	 4.8164 	 4.8746 	 2.4747 	 0.0000 	 0.0027 	 507.0318 	 4.0000 	 1.2143 	 5.4458 	 -1.5849 	 3.7304 	 0.0000 	 2.5230 	 0.0372 
1.0000 	 0.0052 	 3.5886 	 11.2543 	 -0.5869 	 0.0000 	 0.0036 	 634.8691 	 1.0000 	 2.5511 	 0.8484 	 7.1830 	 -1.4548 	 0.0000 	 1.9068 	 0.5226 
1.0000 	 0.0010 	 2.0000 	 91.6541 	 -12.7141 	 0.0000 	 0.0000 	 900.0985 	 1.0000 	 2.5290 	 5.1252 	 -9.0556 	 4.6293 	 0.0000 	 2.0760 	 0.0832 
1.0000 	 0.3352 	 10.8330 	 15.0480 	 3.0408 	 0.0000 	 6.3286 	 630.9312 	 1.0000 	 1.3322 	 3.0287 	 2.6428 	 -1.7834 	 0.0000 	 2.6824 	 0.5276 
8.0000 	 0.4544 	 4.4433 	 4.8803 	 2.1501 	 0.0000 	 0.0000 	 497.8518 	 8.0000 	 0.3136 	 9.1918 	 -7.4771 	 4.6793 	 0.0000 	 1.1499 	 0.0196 
7.0000 	 0.0048 	 5.4228 	 7.9623 	 -0.8609 	 0.0000 	 0.0017 	 913.8360 	 7.0000 	 1.6267 	 6.0311 	 1.1237 	 3.4094 	 0.0000 	 1.5904 	 0.0000 
4.0000 	 0.1998 	 6.4258 	 5.5762 	 2.3193 	 0.0000 	 0.0007 	 506.3794 	 4.0000 	 2.8750 	 1.9015 	 7.4023 	 -1.9019 	 0.0000 	 2.3608 	 0.1068 
4.0000 	 0.1969 	 5.3002 	 5.0715 	 2.4881 	 0.0000 	 0.0009 	 506.9675 	 4.0000 	 1.2055 	 4.8526 	 2.4985 	 0.9560 	 0.0000 	 1.2882 	 0.0310 
1.0000 	 0.0010 	 2.9839 	 90.8830 	 -10.0782 	 0.0000 	 0.1873 	 898.7304 	 1.0000 	 2.6531 	 5.2781 	 -5.0678 	 -0.6877 	 0.0000 	 2.6015 	 0.1638 
1.0000 	 0.0010 	 66.7609 	 98.3118 	 -29.9178 	 0.0000 	 0.0006 	 906.8237 	 1.0000 	 0.8779 	 7.2488 	 3.8843 	 3.1829 	 0.0000 	 2.2960 	 0.1165 
