50.0000 	 0.0106 	 0.7998 	 0.0033 	 3.3299 	 1.8332 	 1.2610 	 2.5016 	 2.5017 	 0.0000 	 0.8387 	 588.3536 	 50.0000 	 0.1113 	 0.9084 	 0.4463 	 8.5663 	 5.2421 	 5.1721 	 0.2701 	 -0.6609 	 0.0000 	 2.4834 	 0.0004 
50.0000 	 0.3903 	 0.0055 	 0.0828 	 2.6767 	 8.2128 	 6.3335 	 1.5368 	 2.5175 	 0.0000 	 0.8397 	 588.4805 	 50.0000 	 0.3302 	 0.4681 	 0.1507 	 4.1572 	 0.7588 	 6.9618 	 1.3180 	 0.8217 	 0.0000 	 2.6493 	 0.0022 
50.0000 	 0.6248 	 0.0073 	 0.0591 	 3.5234 	 9.8147 	 5.4041 	 0.0000 	 2.5254 	 0.0000 	 0.8497 	 588.5380 	 50.0000 	 0.5695 	 0.6276 	 0.0230 	 11.7302 	 9.4312 	 1.6364 	 0.5339 	 2.6143 	 0.0000 	 2.1065 	 0.0029 
50.0000 	 0.8113 	 0.0019 	 0.0063 	 5.1160 	 1.6016 	 0.0000 	 0.2062 	 2.4045 	 0.0000 	 0.8449 	 589.3527 	 50.0000 	 0.4583 	 0.8546 	 0.6849 	 3.7195 	 7.7680 	 2.9320 	 0.3629 	 1.0277 	 0.0000 	 1.3947 	 0.0655 
50.0000 	 0.4786 	 0.0023 	 0.0517 	 7.4178 	 4.3805 	 9.9961 	 0.7870 	 2.5194 	 0.0000 	 0.8400 	 588.4946 	 50.0000 	 0.5128 	 0.0472 	 0.8006 	 1.2451 	 8.1017 	 6.4051 	 2.0437 	 2.2176 	 0.0000 	 0.1199 	 0.0025 
50.0000 	 0.0248 	 0.5026 	 0.0013 	 6.3618 	 8.1555 	 1.9216 	 3.8748 	 2.5241 	 0.0000 	 0.8449 	 588.4681 	 50.0000 	 0.8858 	 0.5369 	 0.1368 	 2.8938 	 8.8755 	 2.7152 	 0.1969 	 -2.5448 	 0.0000 	 2.5787 	 0.0015 
50.0000 	 0.4105 	 0.0121 	 0.0373 	 1.2324 	 0.0914 	 7.4333 	 0.1057 	 2.5173 	 0.0000 	 0.8347 	 588.4902 	 50.0000 	 0.1553 	 0.0912 	 0.5383 	 6.9706 	 1.3923 	 0.4130 	 1.2034 	 -2.9716 	 0.0000 	 0.3082 	 0.0026 
50.0000 	 0.3102 	 0.0092 	 0.0119 	 1.4314 	 5.6571 	 5.2958 	 0.3893 	 2.5237 	 0.0000 	 0.8400 	 588.4777 	 50.0000 	 0.0281 	 0.7382 	 0.4993 	 3.3531 	 4.2562 	 8.9462 	 0.5848 	 -2.2125 	 0.0000 	 2.2335 	 0.0025 
49.0000 	 0.1680 	 0.0013 	 0.0014 	 8.3332 	 3.9431 	 7.0885 	 0.0011 	 2.5217 	 0.0000 	 0.8390 	 588.5221 	 49.0000 	 0.6171 	 0.2234 	 0.6414 	 6.5669 	 9.4278 	 3.3452 	 1.3601 	 -1.3236 	 0.0000 	 0.7383 	 0.0027 
49.0000 	 0.3221 	 0.0073 	 0.0815 	 1.7029 	 5.5796 	 7.2164 	 2.4514 	 2.5143 	 0.0000 	 0.8385 	 588.4907 	 49.0000 	 0.5396 	 0.7776 	 0.3279 	 9.1289 	 9.2151 	 2.1720 	 1.0223 	 2.1085 	 0.0000 	 0.4799 	 0.0080 
49.0000 	 0.2519 	 0.0043 	 0.0295 	 2.6649 	 9.9995 	 9.5534 	 0.0220 	 2.5233 	 0.0000 	 0.8436 	 588.4915 	 49.0000 	 0.1266 	 0.9906 	 0.3174 	 8.8247 	 6.1173 	 6.4703 	 1.6325 	 -1.5314 	 0.0000 	 2.3559 	 0.0033 
50.0000 	 0.8909 	 0.0024 	 0.3016 	 28.9784 	 6.3156 	 4.8288 	 1.2996 	 2.5345 	 0.0000 	 0.9271 	 588.3982 	 50.0000 	 0.0435 	 0.5979 	 0.0521 	 12.8998 	 9.4484 	 0.7231 	 0.9515 	 -0.3418 	 0.0000 	 2.4641 	 0.0642 
50.0000 	 0.2823 	 1.0000 	 0.0235 	 2.1531 	 6.4990 	 0.0000 	 2.2031 	 1.1367 	 0.0000 	 0.8029 	 588.9184 	 50.0000 	 0.9185 	 0.2130 	 0.5798 	 14.4687 	 2.0266 	 9.2362 	 2.4551 	 -2.4145 	 0.0000 	 2.1959 	 0.0018 
49.0000 	 0.3245 	 0.0081 	 0.0091 	 1.6930 	 5.5397 	 2.7743 	 0.8899 	 2.5201 	 0.0000 	 0.8394 	 588.4726 	 49.0000 	 0.4971 	 0.2588 	 0.9025 	 11.0323 	 0.4456 	 7.9146 	 2.5246 	 1.3547 	 0.0000 	 0.1035 	 0.0020 
48.0000 	 0.1322 	 0.0034 	 0.0025 	 1.7334 	 5.5615 	 9.8291 	 2.2324 	 2.5312 	 0.0000 	 0.8088 	 589.3666 	 48.0000 	 0.9327 	 0.4886 	 0.8960 	 6.4710 	 4.8394 	 1.6098 	 0.6644 	 -0.0594 	 0.0000 	 1.0652 	 0.0062 
49.0000 	 0.0084 	 0.4445 	 0.0010 	 12.1022 	 4.6455 	 4.9610 	 0.6304 	 2.5198 	 0.0000 	 0.8382 	 588.3649 	 49.0000 	 0.1147 	 0.5922 	 0.4344 	 3.1730 	 0.8786 	 5.9523 	 1.8434 	 -1.1180 	 0.0000 	 1.2187 	 0.0006 
48.0000 	 0.0167 	 0.4522 	 0.0010 	 17.2739 	 7.4379 	 8.8380 	 0.0459 	 2.5228 	 0.0000 	 0.8417 	 588.4167 	 48.0000 	 0.2215 	 0.8686 	 0.4207 	 7.6651 	 5.1035 	 9.7587 	 2.9144 	 2.9577 	 0.0000 	 0.1531 	 0.0009 
48.0000 	 0.3108 	 0.0120 	 0.0124 	 1.1892 	 0.6564 	 4.5212 	 0.2394 	 2.5172 	 0.0000 	 0.8379 	 588.4762 	 48.0000 	 0.3523 	 0.1982 	 0.2430 	 4.7617 	 7.6942 	 5.7015 	 0.1581 	 2.6221 	 0.0000 	 1.6936 	 0.0019 
48.0000 	 0.8753 	 0.0800 	 0.0238 	 1.7489 	 5.0281 	 8.0164 	 0.0553 	 2.5291 	 0.0000 	 0.8388 	 588.9155 	 48.0000 	 0.6001 	 0.6692 	 0.6414 	 13.9058 	 4.6402 	 7.6684 	 0.4447 	 -2.8673 	 0.0000 	 0.6192 	 0.2685 
48.0000 	 0.6650 	 0.0137 	 0.0452 	 1.9522 	 0.9935 	 6.7967 	 1.6260 	 2.5131 	 0.0000 	 0.8356 	 588.5180 	 48.0000 	 0.4070 	 0.0405 	 0.6525 	 10.5020 	 3.5069 	 9.5656 	 2.4668 	 0.6288 	 0.0000 	 0.0939 	 0.0029 
48.0000 	 0.0330 	 0.6420 	 0.0015 	 15.9844 	 5.3327 	 2.1761 	 0.0000 	 2.5220 	 0.0000 	 0.8397 	 588.4878 	 48.0000 	 0.2025 	 0.8861 	 0.7352 	 3.8558 	 3.9251 	 8.6482 	 2.8900 	 -0.0322 	 0.0000 	 2.0159 	 0.0014 
49.0000 	 0.2271 	 0.0038 	 0.0062 	 3.3412 	 5.6940 	 8.1065 	 1.7662 	 2.5184 	 0.0000 	 0.8382 	 588.4958 	 49.0000 	 0.7144 	 0.6796 	 0.9776 	 8.0198 	 8.3816 	 5.1019 	 1.3271 	 2.5602 	 0.0000 	 2.4078 	 0.0024 
48.0000 	 0.5884 	 0.0012 	 0.2039 	 20.2936 	 3.0031 	 1.2916 	 3.3240 	 2.5084 	 0.0000 	 0.8376 	 588.4893 	 48.0000 	 0.6835 	 0.4552 	 0.5813 	 2.1703 	 2.3149 	 2.6710 	 1.0354 	 0.2437 	 0.0000 	 1.6691 	 0.0027 
49.0000 	 0.4626 	 0.0023 	 0.0012 	 6.2927 	 0.3168 	 5.4314 	 2.3512 	 2.5123 	 0.0000 	 0.8323 	 588.5333 	 49.0000 	 0.5625 	 0.6283 	 0.8722 	 13.2548 	 7.1647 	 6.2775 	 2.1311 	 -1.1089 	 0.0000 	 1.8161 	 0.0246 
47.0000 	 0.3329 	 0.0028 	 0.0023 	 5.3836 	 1.9297 	 6.6851 	 0.2656 	 2.5177 	 0.0000 	 0.8398 	 588.4807 	 47.0000 	 0.8197 	 0.4690 	 0.6036 	 6.4278 	 5.2893 	 4.3777 	 2.8099 	 2.7007 	 0.0000 	 1.3966 	 0.0026 
48.0000 	 0.3448 	 0.0159 	 0.0010 	 1.0087 	 1.6768 	 0.0006 	 0.2375 	 2.3728 	 0.0000 	 0.8421 	 588.4820 	 48.0000 	 0.2969 	 0.8737 	 0.9084 	 12.7796 	 4.2215 	 9.6315 	 1.8272 	 1.8027 	 0.0000 	 2.3302 	 0.0028 
48.0000 	 0.3903 	 0.0010 	 0.1852 	 15.5243 	 9.6139 	 7.9138 	 0.6193 	 2.5199 	 0.0000 	 0.8352 	 588.4941 	 48.0000 	 0.7629 	 0.6405 	 0.7957 	 4.3280 	 1.4036 	 3.4040 	 0.1478 	 2.7321 	 0.0000 	 2.5491 	 0.0028 
47.0000 	 0.4549 	 0.0048 	 0.0050 	 3.6711 	 3.2561 	 8.7200 	 3.4227 	 2.5220 	 0.0000 	 0.8341 	 588.5001 	 47.0000 	 0.3786 	 0.4910 	 0.6005 	 4.3253 	 6.0780 	 7.2353 	 0.9795 	 -2.2778 	 0.0000 	 2.2944 	 0.0027 
48.0000 	 0.1778 	 0.0066 	 0.0118 	 1.6701 	 2.2554 	 8.0219 	 2.5536 	 2.5221 	 0.0000 	 0.8363 	 588.5196 	 48.0000 	 0.7458 	 0.3846 	 0.7717 	 6.0396 	 3.5405 	 5.5764 	 0.5357 	 1.6580 	 0.0000 	 2.1374 	 0.0024 
47.0000 	 0.4915 	 0.0190 	 0.0970 	 1.0001 	 6.0017 	 7.1434 	 2.8131 	 2.5272 	 0.0000 	 0.8387 	 588.4921 	 47.0000 	 0.8492 	 0.0991 	 0.6647 	 12.2452 	 8.1099 	 1.0770 	 0.3580 	 -0.8043 	 0.0000 	 0.0711 	 0.0022 
46.0000 	 0.2557 	 0.0015 	 0.0935 	 8.1445 	 5.0920 	 9.8435 	 0.6051 	 2.5194 	 0.0000 	 0.8388 	 588.5037 	 46.0000 	 0.1272 	 0.9533 	 0.4976 	 5.0987 	 8.0288 	 7.9234 	 0.6954 	 -0.8390 	 0.0000 	 0.1131 	 0.0033 
47.0000 	 0.2006 	 0.0047 	 0.0135 	 2.3863 	 6.5981 	 3.1571 	 4.5228 	 2.5172 	 0.0000 	 0.8377 	 588.5022 	 47.0000 	 0.0956 	 0.3545 	 0.4601 	 14.6533 	 8.6526 	 3.5227 	 1.2867 	 0.0161 	 0.0000 	 1.9268 	 0.0028 
46.0000 	 0.2086 	 0.0096 	 0.0013 	 1.2547 	 8.1140 	 7.1381 	 1.3305 	 2.5221 	 0.0000 	 0.8419 	 588.4954 	 46.0000 	 0.3698 	 0.9740 	 0.5148 	 12.4753 	 0.6294 	 7.5306 	 2.3428 	 -2.3728 	 0.0000 	 2.9802 	 0.0021 
47.0000 	 0.5998 	 0.0187 	 0.0027 	 2.0680 	 8.8350 	 1.1691 	 0.1814 	 2.5028 	 0.0000 	 0.8356 	 588.7392 	 47.0000 	 0.0871 	 0.1633 	 0.4433 	 12.9857 	 4.8266 	 7.5279 	 1.5705 	 -0.6606 	 0.0000 	 1.7358 	 0.0059 
46.0000 	 0.2235 	 0.0012 	 0.0011 	 9.7873 	 5.3505 	 2.7444 	 0.4065 	 2.5195 	 0.0000 	 0.8408 	 588.4908 	 46.0000 	 0.3853 	 0.6901 	 0.6658 	 5.2268 	 0.2498 	 6.2125 	 1.9013 	 0.9787 	 0.0000 	 2.3563 	 0.0024 
46.0000 	 0.4116 	 0.0032 	 0.1555 	 4.9304 	 8.6866 	 2.4976 	 0.9710 	 2.5242 	 0.0000 	 0.8422 	 588.4951 	 46.0000 	 0.9771 	 0.9175 	 0.2118 	 10.2392 	 4.9142 	 7.8333 	 1.2562 	 -1.8163 	 0.0000 	 1.7073 	 0.0032 
47.0000 	 0.4091 	 0.0057 	 0.1181 	 2.9487 	 1.6297 	 8.8707 	 1.7436 	 2.5166 	 0.0000 	 0.8383 	 588.4868 	 47.0000 	 0.7821 	 0.1632 	 0.2153 	 6.5784 	 5.0062 	 5.9420 	 2.7536 	 -0.9973 	 0.0000 	 2.8470 	 0.0022 
47.0000 	 0.2256 	 0.0016 	 0.0473 	 7.3941 	 2.9990 	 4.2910 	 0.6932 	 2.5212 	 0.0000 	 0.8415 	 588.4975 	 47.0000 	 0.9755 	 0.4441 	 0.4395 	 11.4374 	 7.6794 	 4.1115 	 0.7383 	 0.2990 	 0.0000 	 2.3818 	 0.0023 
46.0000 	 0.3363 	 0.0105 	 0.0421 	 1.4407 	 0.0000 	 6.9441 	 0.5831 	 1.9401 	 0.0000 	 0.8373 	 588.4815 	 46.0000 	 0.9370 	 0.1505 	 0.0195 	 6.5811 	 3.3978 	 7.5794 	 0.0668 	 0.5983 	 0.0000 	 2.4242 	 0.0025 
46.0000 	 0.2767 	 0.0014 	 0.0342 	 9.0773 	 3.8658 	 7.1462 	 0.3055 	 2.5154 	 0.0000 	 0.8395 	 588.4875 	 46.0000 	 0.2218 	 0.7407 	 0.0243 	 8.2841 	 1.0382 	 7.9025 	 0.1568 	 -1.7878 	 0.0000 	 0.2624 	 0.0024 
45.0000 	 0.1793 	 0.0077 	 0.2490 	 1.0009 	 8.1490 	 0.0000 	 1.6274 	 1.4854 	 0.0000 	 0.8635 	 589.1109 	 45.0000 	 0.2777 	 0.2804 	 0.0870 	 1.6063 	 2.7420 	 2.1166 	 1.0922 	 2.3267 	 0.0000 	 2.8172 	 0.0093 
44.0000 	 0.4129 	 0.0149 	 0.7150 	 1.0085 	 0.1064 	 1.4909 	 2.3358 	 1.3393 	 0.0000 	 0.0000 	 605.4500 	 44.0000 	 0.4811 	 0.6583 	 0.6644 	 10.8787 	 9.6860 	 6.9910 	 1.5607 	 1.7961 	 0.0000 	 0.1460 	 0.0882 
46.0000 	 0.4372 	 0.0087 	 0.0168 	 2.2570 	 4.1695 	 4.6095 	 5.2707 	 2.5245 	 0.0000 	 0.8347 	 588.4887 	 46.0000 	 0.1627 	 0.4692 	 0.1415 	 1.3022 	 6.6784 	 6.0058 	 2.7594 	 -1.3422 	 0.0000 	 1.6862 	 0.0046 
47.0000 	 0.9259 	 0.0013 	 0.1646 	 50.0000 	 0.7448 	 0.8704 	 3.7225 	 2.3416 	 0.0000 	 0.8289 	 588.9658 	 47.0000 	 0.7982 	 0.0989 	 0.9418 	 11.4126 	 2.6521 	 9.8265 	 1.8058 	 1.0832 	 0.0000 	 2.1301 	 0.0086 
44.0000 	 0.2797 	 0.0016 	 0.0013 	 9.4593 	 8.0926 	 6.4513 	 0.0692 	 2.5224 	 0.0000 	 0.8414 	 588.4707 	 44.0000 	 0.5146 	 0.3004 	 0.4293 	 3.1073 	 6.2995 	 2.6104 	 2.0918 	 -2.3104 	 0.0000 	 1.8184 	 0.0047 
47.0000 	 0.0218 	 0.7595 	 0.0015 	 13.2177 	 8.6575 	 4.9864 	 3.0815 	 2.5182 	 0.0000 	 0.8394 	 588.4342 	 47.0000 	 0.0305 	 0.1572 	 0.2370 	 10.7750 	 8.2797 	 4.2672 	 2.4307 	 2.4549 	 0.0000 	 0.5278 	 0.0010 
47.0000 	 0.0098 	 0.7584 	 0.0013 	 3.2583 	 2.0404 	 7.8000 	 3.3933 	 2.5233 	 0.0000 	 0.8395 	 588.3835 	 47.0000 	 0.9615 	 0.6156 	 0.6407 	 4.6258 	 0.1243 	 9.0139 	 2.8471 	 2.4779 	 0.0000 	 0.8122 	 0.0005 
45.0000 	 0.2894 	 0.0018 	 0.0665 	 7.0583 	 5.1196 	 9.6423 	 0.2581 	 2.5207 	 0.0000 	 0.8386 	 588.4874 	 45.0000 	 0.8205 	 0.4840 	 0.8137 	 8.3932 	 8.9958 	 9.0049 	 0.6227 	 1.6900 	 0.0000 	 1.5716 	 0.0027 
49.0000 	 0.8910 	 0.9511 	 0.1006 	 1.0409 	 4.6992 	 0.7165 	 4.4028 	 2.3140 	 0.0000 	 0.8232 	 588.5814 	 49.0000 	 0.9794 	 0.8174 	 0.4129 	 1.4930 	 2.8868 	 1.6356 	 2.1587 	 2.2490 	 0.0000 	 0.7699 	 0.0028 
45.0000 	 0.2961 	 0.0052 	 0.0342 	 2.7221 	 1.9487 	 4.6008 	 0.2827 	 2.5223 	 0.0000 	 0.8384 	 588.4783 	 45.0000 	 0.6959 	 0.6358 	 0.5010 	 7.2919 	 4.1051 	 7.1293 	 2.4935 	 -0.7731 	 0.0000 	 2.8870 	 0.0022 
46.0000 	 0.3604 	 0.0075 	 0.0010 	 2.1914 	 0.2168 	 0.0000 	 0.1363 	 2.4384 	 0.0000 	 0.8380 	 588.4772 	 46.0000 	 0.2030 	 0.1371 	 0.0642 	 13.0861 	 1.6280 	 5.2806 	 2.5961 	 -1.5190 	 0.0000 	 2.0107 	 0.0027 
44.0000 	 0.3186 	 0.6611 	 0.0065 	 7.5934 	 5.4352 	 3.0521 	 0.9553 	 2.5221 	 0.0000 	 0.8381 	 588.7715 	 44.0000 	 0.6793 	 0.8443 	 0.0912 	 9.5698 	 3.0782 	 3.6739 	 0.4525 	 -0.3692 	 0.0000 	 2.3339 	 0.0070 
43.0000 	 0.3268 	 0.0033 	 0.0169 	 5.4756 	 4.3022 	 6.4580 	 0.4971 	 2.5152 	 0.0000 	 0.8384 	 588.5021 	 43.0000 	 0.9258 	 0.3677 	 0.8600 	 5.5461 	 5.8304 	 9.4135 	 2.2470 	 -1.7691 	 0.0000 	 2.7698 	 0.0024 
45.0000 	 0.4615 	 0.0178 	 0.0408 	 1.0022 	 6.2953 	 4.7654 	 2.2904 	 2.5216 	 0.0000 	 0.8367 	 588.4899 	 45.0000 	 0.8326 	 0.5668 	 0.0237 	 1.1751 	 4.7063 	 4.9754 	 0.5876 	 -2.9856 	 0.0000 	 2.5316 	 0.0030 
45.0000 	 0.3804 	 0.0155 	 0.0377 	 1.3352 	 0.0000 	 3.0290 	 0.8048 	 1.7108 	 0.0000 	 0.8544 	 588.6051 	 45.0000 	 0.8160 	 0.0969 	 0.2481 	 1.2793 	 8.1551 	 1.8060 	 2.3987 	 -1.5765 	 0.0000 	 1.1227 	 0.0023 
44.0000 	 0.2401 	 0.0088 	 0.0126 	 1.4780 	 5.5384 	 0.0000 	 0.5329 	 2.1868 	 0.0000 	 0.8390 	 588.4837 	 44.0000 	 0.9962 	 0.0531 	 0.3216 	 10.1166 	 2.4773 	 5.7998 	 0.4574 	 -1.1305 	 0.0000 	 1.8100 	 0.0025 
44.0000 	 0.3548 	 0.0013 	 0.0275 	 11.9140 	 8.1036 	 5.3328 	 2.9390 	 2.5231 	 0.0000 	 0.8402 	 588.4838 	 44.0000 	 0.6802 	 0.7129 	 0.2675 	 10.5853 	 7.6504 	 5.4720 	 1.1292 	 -2.9969 	 0.0000 	 0.7432 	 0.0021 
45.0000 	 0.2860 	 0.0032 	 0.1131 	 4.0312 	 2.4571 	 5.6716 	 0.0050 	 2.5240 	 0.0000 	 0.8400 	 588.4940 	 45.0000 	 0.5103 	 0.1330 	 0.6732 	 7.2703 	 3.2530 	 8.9202 	 0.0771 	 1.9361 	 0.0000 	 0.6558 	 0.0028 
45.0000 	 0.1851 	 0.0027 	 0.0440 	 4.1232 	 5.7339 	 5.8001 	 5.0431 	 2.5146 	 0.0000 	 0.8415 	 588.5297 	 45.0000 	 0.2085 	 0.8976 	 0.8148 	 3.6484 	 4.1696 	 3.9805 	 2.3606 	 0.9423 	 0.0000 	 1.0930 	 0.0028 
44.0000 	 0.7032 	 0.0074 	 0.2890 	 4.8608 	 4.7655 	 4.1953 	 0.6062 	 2.5340 	 0.0000 	 0.8435 	 588.5377 	 44.0000 	 0.7908 	 0.7022 	 0.7144 	 12.4033 	 4.5356 	 5.6309 	 1.4210 	 -2.7541 	 0.0000 	 2.1691 	 0.0035 
45.0000 	 0.3131 	 0.0032 	 0.0062 	 4.4740 	 5.2295 	 0.0199 	 0.4420 	 2.2742 	 0.0000 	 0.8405 	 588.4809 	 45.0000 	 0.5298 	 0.4824 	 0.8083 	 4.0965 	 4.4423 	 2.7313 	 0.3005 	 1.5329 	 0.0000 	 1.6948 	 0.0027 
43.0000 	 0.6012 	 0.0255 	 0.0260 	 1.9026 	 5.9677 	 1.6995 	 1.2683 	 2.4890 	 0.0000 	 0.8515 	 589.0841 	 43.0000 	 0.7898 	 0.7306 	 0.3473 	 11.7128 	 5.4029 	 6.5345 	 1.6665 	 -1.8538 	 0.0000 	 0.4603 	 0.0101 
43.0000 	 0.3609 	 0.0032 	 0.2178 	 5.6981 	 2.9391 	 3.5448 	 2.2696 	 2.5281 	 0.0000 	 0.8428 	 588.5324 	 43.0000 	 0.7775 	 0.0620 	 0.6277 	 3.1484 	 2.6324 	 2.7491 	 1.3995 	 0.6603 	 0.0000 	 1.8682 	 0.0039 
43.0000 	 0.0116 	 0.9142 	 0.0020 	 8.5718 	 3.7655 	 9.4481 	 0.6322 	 2.5313 	 0.0000 	 0.8374 	 588.3894 	 43.0000 	 0.9814 	 0.5196 	 0.0409 	 2.4760 	 6.1387 	 9.0234 	 1.8216 	 -2.6559 	 0.0000 	 1.0800 	 0.0004 
43.0000 	 0.0255 	 0.0034 	 0.0063 	 1.8670 	 5.7115 	 1.1174 	 0.4387 	 2.5238 	 0.0000 	 0.8295 	 589.2531 	 43.0000 	 0.3807 	 0.2653 	 0.1375 	 11.2393 	 2.0289 	 4.6825 	 2.2907 	 0.5388 	 0.0000 	 2.3162 	 0.0113 
43.0000 	 0.2282 	 0.0125 	 0.1054 	 1.0000 	 6.1133 	 5.9033 	 4.2935 	 2.5547 	 0.0000 	 0.8827 	 589.2456 	 43.0000 	 0.9183 	 0.6667 	 0.3571 	 3.0671 	 3.0314 	 8.1685 	 1.4737 	 1.5794 	 0.0000 	 2.9857 	 0.1506 
41.0000 	 0.3011 	 0.0041 	 0.0148 	 3.6675 	 2.1517 	 0.2328 	 3.3632 	 1.9380 	 0.0000 	 0.8302 	 588.5193 	 41.0000 	 0.9791 	 0.7731 	 0.4445 	 5.3825 	 3.3552 	 4.6511 	 1.9827 	 0.3616 	 0.0000 	 0.1807 	 0.0032 
46.0000 	 0.6716 	 0.0032 	 0.0243 	 10.0510 	 6.8886 	 0.3420 	 2.9412 	 2.3194 	 0.0000 	 0.8394 	 588.5236 	 46.0000 	 0.9128 	 0.2724 	 0.0518 	 11.0980 	 7.8484 	 3.7461 	 2.1831 	 -0.8394 	 0.0000 	 2.9894 	 0.0029 
41.0000 	 0.2980 	 0.0010 	 0.0026 	 15.9484 	 2.6628 	 1.8796 	 2.4959 	 2.5246 	 0.0000 	 0.8391 	 588.4792 	 41.0000 	 0.8395 	 0.5637 	 0.2259 	 9.4291 	 1.8297 	 1.7845 	 0.7821 	 0.0162 	 0.0000 	 2.4781 	 0.0037 
41.0000 	 0.3908 	 0.0018 	 0.0033 	 10.7210 	 7.5663 	 6.7038 	 0.1568 	 2.5177 	 0.0000 	 0.8464 	 588.4968 	 41.0000 	 0.9255 	 0.9044 	 0.6467 	 4.5265 	 2.9874 	 3.6498 	 0.8342 	 0.6051 	 0.0000 	 1.4024 	 0.0029 
44.0000 	 0.0730 	 0.9569 	 0.0097 	 3.9083 	 0.0601 	 0.2521 	 1.9873 	 1.4254 	 0.0000 	 0.8186 	 588.4594 	 44.0000 	 0.6334 	 0.3219 	 0.7705 	 3.2940 	 3.5844 	 6.1248 	 1.4481 	 -1.8958 	 0.0000 	 0.6453 	 0.0010 
44.0000 	 0.2228 	 0.0054 	 0.0292 	 2.3453 	 6.9299 	 1.5879 	 1.9183 	 2.5173 	 0.0000 	 0.8342 	 588.5009 	 44.0000 	 0.8607 	 0.9467 	 0.8575 	 14.2071 	 8.4961 	 9.4936 	 1.8877 	 -0.3964 	 0.0000 	 1.4122 	 0.0026 
41.0000 	 0.3154 	 0.0100 	 0.0566 	 1.5748 	 5.3712 	 6.4226 	 2.0135 	 2.5241 	 0.0000 	 0.8405 	 588.4799 	 41.0000 	 0.2786 	 0.4866 	 0.1491 	 2.8034 	 8.2062 	 7.3370 	 0.1171 	 1.1121 	 0.0000 	 1.3765 	 0.0025 
44.0000 	 0.3054 	 0.0152 	 0.0105 	 1.0085 	 2.7888 	 8.5881 	 0.0000 	 2.5200 	 0.0000 	 0.8340 	 588.4841 	 44.0000 	 0.4564 	 0.8647 	 0.6782 	 2.9954 	 5.6363 	 8.3593 	 0.0665 	 -0.4658 	 0.0000 	 2.3190 	 0.0087 
44.0000 	 0.6717 	 0.7726 	 0.0187 	 4.7414 	 6.6211 	 7.3437 	 3.0780 	 2.5181 	 0.0000 	 0.8327 	 588.9049 	 44.0000 	 0.4033 	 0.7847 	 0.4094 	 8.1820 	 6.1278 	 3.9684 	 2.8379 	 -0.5141 	 0.0000 	 2.8886 	 0.0067 
42.0000 	 0.3212 	 0.0121 	 0.0073 	 1.2555 	 9.9991 	 9.5564 	 1.0819 	 2.5174 	 0.0000 	 0.8420 	 588.4813 	 42.0000 	 0.0218 	 0.9356 	 0.6230 	 12.8562 	 1.5233 	 1.5967 	 1.9514 	 1.1453 	 0.0000 	 2.6800 	 0.0026 
42.0000 	 0.4838 	 0.0135 	 0.2552 	 1.6595 	 3.9291 	 5.1665 	 0.9626 	 2.5164 	 0.0000 	 0.8429 	 588.4932 	 42.0000 	 0.9851 	 0.8631 	 0.6259 	 14.9564 	 8.1182 	 4.6130 	 1.4891 	 0.5036 	 0.0000 	 1.3925 	 0.0029 
42.0000 	 0.3767 	 0.0103 	 0.0741 	 1.6767 	 5.5882 	 9.9919 	 1.5643 	 2.5214 	 0.0000 	 0.8400 	 588.4838 	 42.0000 	 0.0848 	 0.2036 	 0.4681 	 1.4465 	 5.8492 	 8.4978 	 2.5765 	 0.2083 	 0.0000 	 2.3553 	 0.0023 
43.0000 	 0.7114 	 0.8447 	 0.1156 	 1.8541 	 6.3918 	 3.8314 	 0.8145 	 2.5165 	 0.0000 	 0.8552 	 588.4982 	 43.0000 	 0.1649 	 0.9607 	 0.9545 	 9.5376 	 1.0409 	 3.5340 	 2.3936 	 -2.1378 	 0.0000 	 1.1033 	 0.0079 
40.0000 	 0.2002 	 0.0120 	 0.0111 	 1.1633 	 8.1979 	 2.5385 	 3.5413 	 2.5213 	 0.0000 	 0.8404 	 588.4988 	 40.0000 	 0.3202 	 0.1238 	 0.0130 	 3.2793 	 2.2131 	 4.9302 	 1.2689 	 -0.7870 	 0.0000 	 0.0597 	 0.0054 
42.0000 	 0.1310 	 0.0051 	 0.0559 	 2.0048 	 7.4582 	 3.5830 	 1.6774 	 2.5204 	 0.0000 	 0.8395 	 588.6139 	 42.0000 	 0.7424 	 0.7176 	 0.0037 	 3.9156 	 5.2489 	 5.1586 	 0.6050 	 -1.7465 	 0.0000 	 2.3282 	 0.0036 
41.0000 	 0.0761 	 0.7297 	 0.0074 	 3.6983 	 8.4309 	 0.0000 	 2.2659 	 1.0755 	 0.0000 	 0.8214 	 588.6163 	 41.0000 	 0.7262 	 0.4836 	 0.7983 	 9.9657 	 5.9461 	 9.4176 	 0.7881 	 1.8966 	 0.0000 	 2.4389 	 0.0012 
41.0000 	 0.3731 	 0.0085 	 0.0438 	 2.1048 	 3.9078 	 8.0474 	 3.2375 	 2.5224 	 0.0000 	 0.8390 	 588.4791 	 41.0000 	 0.7075 	 0.4680 	 0.2555 	 2.9732 	 5.4420 	 8.7498 	 2.9452 	 0.8043 	 0.0000 	 2.1453 	 0.0024 
41.0000 	 0.7713 	 0.9379 	 0.0105 	 8.0307 	 5.0183 	 3.3606 	 6.0491 	 2.5327 	 0.0000 	 0.8297 	 586.8373 	 41.0000 	 0.9679 	 0.8790 	 0.5928 	 12.4566 	 3.2479 	 1.8518 	 1.4233 	 2.3826 	 0.0000 	 0.3426 	 0.0878 
45.0000 	 0.6265 	 0.0013 	 0.0511 	 23.9050 	 0.8799 	 3.6959 	 1.6157 	 2.5253 	 0.0000 	 0.8376 	 588.5283 	 45.0000 	 0.7508 	 0.4547 	 0.1351 	 7.7925 	 4.4272 	 5.4142 	 2.8103 	 2.3162 	 0.0000 	 0.6534 	 0.0028 
41.0000 	 0.2167 	 0.0060 	 0.0342 	 2.0065 	 7.7144 	 0.0000 	 0.3872 	 2.2783 	 0.0000 	 0.8426 	 588.5162 	 41.0000 	 0.9176 	 0.6156 	 0.3664 	 12.6082 	 8.7729 	 4.4442 	 0.2681 	 -0.5110 	 0.0000 	 1.0328 	 0.0035 
41.0000 	 0.0109 	 0.7763 	 0.0024 	 7.6118 	 8.7828 	 7.8369 	 0.0838 	 2.5200 	 0.0000 	 0.8382 	 588.3608 	 41.0000 	 0.2170 	 0.5626 	 0.2633 	 6.7609 	 7.7454 	 7.6923 	 1.4060 	 1.1586 	 0.0000 	 2.5551 	 0.0005 
42.0000 	 0.3832 	 0.0147 	 0.0034 	 1.2704 	 5.3096 	 8.6756 	 2.6045 	 2.5259 	 0.0000 	 0.8350 	 588.4943 	 42.0000 	 0.6813 	 0.3797 	 0.5592 	 1.9895 	 4.3376 	 2.3230 	 0.1093 	 1.3488 	 0.0000 	 0.2170 	 0.0029 
40.0000 	 0.2181 	 0.0010 	 0.0467 	 14.0964 	 5.2499 	 2.2790 	 4.1240 	 2.5178 	 0.0000 	 0.8407 	 588.5030 	 40.0000 	 0.3718 	 0.8424 	 0.7320 	 13.6195 	 7.6747 	 7.8064 	 0.4288 	 -1.4124 	 0.0000 	 1.8107 	 0.0021 
40.0000 	 0.2277 	 0.0029 	 0.0163 	 5.2522 	 9.9802 	 7.7966 	 0.3999 	 2.5295 	 0.0000 	 0.8523 	 588.5533 	 40.0000 	 0.8538 	 0.5531 	 0.0642 	 3.6066 	 4.5008 	 9.1967 	 2.4570 	 -1.3194 	 0.0000 	 0.6966 	 0.0094 
42.0000 	 0.5781 	 0.0024 	 0.0035 	 10.6154 	 5.2260 	 1.6592 	 1.3192 	 2.5217 	 0.0000 	 0.8383 	 588.5089 	 42.0000 	 0.1483 	 0.2782 	 0.1747 	 3.6894 	 3.0097 	 2.6686 	 0.4028 	 2.0173 	 0.0000 	 1.3917 	 0.0023 
43.0000 	 0.8892 	 0.0295 	 0.2642 	 2.5814 	 4.8722 	 0.1623 	 1.4374 	 2.0109 	 0.0000 	 0.8352 	 588.5656 	 43.0000 	 0.9161 	 0.3217 	 0.7862 	 7.4421 	 8.7083 	 4.4958 	 0.8113 	 -0.5291 	 0.0000 	 1.7538 	 0.0045 
42.0000 	 0.1786 	 0.0085 	 0.0077 	 1.4739 	 2.5860 	 3.9480 	 0.7964 	 2.5228 	 0.0000 	 0.8380 	 588.5089 	 42.0000 	 0.9375 	 0.7397 	 0.8405 	 10.4740 	 1.6019 	 5.0984 	 0.6148 	 0.9537 	 0.0000 	 0.4212 	 0.0030 
40.0000 	 0.2679 	 0.0068 	 0.0014 	 2.2152 	 0.4225 	 2.2520 	 2.0185 	 2.5307 	 0.0000 	 0.8372 	 588.4865 	 40.0000 	 0.8632 	 0.5085 	 0.9795 	 3.6501 	 7.0450 	 0.5181 	 0.5159 	 2.8945 	 0.0000 	 0.7691 	 0.0088 
38.0000 	 0.0070 	 0.8998 	 0.0013 	 11.2657 	 8.6831 	 0.0000 	 0.3566 	 2.2928 	 0.0000 	 0.8386 	 588.3598 	 38.0000 	 0.9435 	 0.2021 	 0.5266 	 8.5983 	 4.6183 	 7.4817 	 2.4488 	 -1.1361 	 0.0000 	 0.7766 	 0.0004 
39.0000 	 0.2497 	 0.0022 	 0.0046 	 6.9709 	 6.0424 	 3.2293 	 4.6635 	 2.5200 	 0.0000 	 0.8394 	 588.4786 	 39.0000 	 0.1308 	 0.1453 	 0.8749 	 4.1681 	 7.8688 	 7.1403 	 1.3755 	 -1.2323 	 0.0000 	 1.8019 	 0.0022 
39.0000 	 0.8281 	 0.0081 	 0.0098 	 7.7777 	 1.5386 	 1.1781 	 1.1005 	 2.5157 	 0.0000 	 0.8393 	 588.5815 	 39.0000 	 0.4517 	 0.1777 	 0.2371 	 7.4063 	 8.2893 	 0.6019 	 0.7210 	 -2.2464 	 0.0000 	 1.9881 	 0.0043 
38.0000 	 0.2754 	 0.0021 	 0.1056 	 7.5071 	 2.9851 	 0.4349 	 1.4435 	 2.3830 	 0.0000 	 0.8359 	 588.4902 	 38.0000 	 0.2979 	 0.8438 	 0.2149 	 10.2405 	 1.6274 	 8.4660 	 0.6425 	 2.8941 	 0.0000 	 0.4463 	 0.0044 
41.0000 	 0.2410 	 0.0035 	 0.0116 	 3.8077 	 3.9376 	 2.3451 	 0.0000 	 2.5201 	 0.0000 	 0.8392 	 588.4682 	 41.0000 	 0.1541 	 0.5748 	 0.1652 	 8.8801 	 7.1637 	 1.9344 	 1.6053 	 -1.4951 	 0.0000 	 1.8747 	 0.0070 
38.0000 	 0.3258 	 0.0178 	 0.0054 	 1.0000 	 2.3404 	 8.6026 	 1.3231 	 2.5207 	 0.0000 	 0.8378 	 588.4691 	 38.0000 	 0.7920 	 0.2681 	 0.8915 	 13.0500 	 8.9686 	 1.6942 	 2.8230 	 0.9150 	 0.0000 	 2.7198 	 0.0029 
38.0000 	 0.5985 	 0.0018 	 0.0870 	 18.3324 	 1.4608 	 0.0295 	 1.3056 	 1.7660 	 0.0000 	 0.8406 	 588.5317 	 38.0000 	 0.3139 	 0.1878 	 0.2888 	 9.2137 	 9.9910 	 6.1947 	 1.5037 	 1.7036 	 0.0000 	 0.1719 	 0.0039 
39.0000 	 0.7355 	 0.0067 	 0.0173 	 5.7462 	 3.1130 	 5.8696 	 3.5698 	 2.5224 	 0.0000 	 0.8574 	 588.6330 	 39.0000 	 0.7549 	 0.2779 	 0.1746 	 6.5790 	 3.3549 	 6.7815 	 2.3977 	 0.7474 	 0.0000 	 1.2517 	 0.0151 
43.0000 	 0.0802 	 0.0013 	 0.0032 	 7.4178 	 9.1654 	 0.1712 	 4.5285 	 1.7331 	 0.0000 	 0.8420 	 588.9359 	 43.0000 	 0.6736 	 0.1252 	 0.5918 	 10.6203 	 3.0125 	 9.3503 	 2.5085 	 -1.7735 	 0.0000 	 1.1867 	 0.0073 
39.0000 	 0.0278 	 0.9392 	 0.0047 	 5.0588 	 4.5466 	 2.7981 	 0.8612 	 2.5226 	 0.0000 	 0.8400 	 588.3981 	 39.0000 	 0.1984 	 0.9592 	 0.4080 	 5.5239 	 5.9220 	 3.6806 	 1.4216 	 2.8265 	 0.0000 	 2.2563 	 0.0011 
42.0000 	 0.0964 	 0.0016 	 0.2856 	 4.5279 	 0.3231 	 0.7547 	 1.3170 	 2.1861 	 0.0000 	 0.8813 	 591.2795 	 42.0000 	 0.9680 	 0.8861 	 0.3847 	 13.1625 	 3.3222 	 0.6278 	 2.2030 	 0.0144 	 0.0000 	 0.5448 	 0.0154 
40.0000 	 0.6490 	 0.0316 	 0.2467 	 1.1235 	 6.5536 	 3.4227 	 1.8746 	 2.5171 	 0.0000 	 0.8488 	 588.5319 	 40.0000 	 0.3642 	 0.0988 	 0.2352 	 1.1966 	 8.3251 	 5.1738 	 2.6933 	 -0.8341 	 0.0000 	 2.9165 	 0.0047 
39.0000 	 0.3081 	 0.0040 	 0.0010 	 4.2440 	 3.1407 	 8.9607 	 3.2560 	 2.5256 	 0.0000 	 0.8397 	 588.4764 	 39.0000 	 0.3735 	 0.7113 	 0.2582 	 6.7867 	 8.4195 	 6.9168 	 1.6178 	 2.6012 	 0.0000 	 0.8715 	 0.0032 
37.0000 	 0.0563 	 0.0032 	 0.1273 	 3.3443 	 7.8027 	 7.7539 	 0.8555 	 2.5107 	 0.0000 	 0.8388 	 589.2526 	 37.0000 	 0.0239 	 0.0315 	 0.5086 	 6.4815 	 7.7955 	 1.7325 	 1.0270 	 -1.8778 	 0.0000 	 0.4387 	 0.0051 
37.0000 	 0.5427 	 0.0023 	 0.0109 	 11.7528 	 1.3074 	 3.6957 	 1.8741 	 2.5225 	 0.0000 	 0.8389 	 588.5098 	 37.0000 	 0.8493 	 0.3733 	 0.4816 	 9.2398 	 2.3746 	 5.3738 	 0.4414 	 1.5083 	 0.0000 	 0.4983 	 0.0026 
40.0000 	 0.0233 	 0.0023 	 0.0201 	 2.9760 	 7.9175 	 7.4824 	 0.6414 	 2.5181 	 0.0000 	 0.8360 	 589.2853 	 40.0000 	 0.5650 	 0.7782 	 0.5460 	 2.0418 	 8.8576 	 8.0753 	 2.4975 	 -2.0265 	 0.0000 	 0.1475 	 0.0071 
40.0000 	 0.6260 	 0.0137 	 0.0119 	 2.0334 	 1.1713 	 0.6098 	 2.9565 	 2.4576 	 0.0000 	 0.8398 	 588.4955 	 40.0000 	 0.3344 	 0.2696 	 0.0954 	 1.3490 	 1.9710 	 0.1159 	 1.6618 	 -0.3193 	 0.0000 	 1.6539 	 0.0032 
37.0000 	 0.1866 	 0.0052 	 0.0013 	 2.8647 	 2.4359 	 5.9318 	 4.9825 	 2.5197 	 0.0000 	 0.8379 	 588.5046 	 37.0000 	 0.1007 	 0.7722 	 0.6280 	 11.5657 	 9.2634 	 4.9329 	 0.4413 	 -0.0294 	 0.0000 	 2.7284 	 0.0025 
37.0000 	 0.4261 	 0.0063 	 0.0123 	 3.7261 	 8.2975 	 6.8307 	 1.1225 	 2.5194 	 0.0000 	 0.8368 	 588.4936 	 37.0000 	 0.9430 	 0.4315 	 0.2906 	 4.4354 	 6.8212 	 6.0003 	 1.1631 	 2.3142 	 0.0000 	 2.8562 	 0.0029 
37.0000 	 0.3534 	 0.0139 	 0.0590 	 1.3192 	 4.4964 	 1.2119 	 1.0786 	 2.5142 	 0.0000 	 0.8347 	 588.4903 	 37.0000 	 0.4726 	 0.6262 	 0.2050 	 14.8178 	 5.8998 	 7.3485 	 0.0008 	 -0.5427 	 0.0000 	 1.2450 	 0.0022 
35.0000 	 0.3558 	 0.0218 	 0.0307 	 1.0001 	 3.3011 	 5.0632 	 2.8842 	 2.5202 	 0.0000 	 0.8399 	 588.4877 	 35.0000 	 0.3946 	 0.4660 	 0.1980 	 12.4259 	 7.4370 	 8.5926 	 1.8021 	 -2.8983 	 0.0000 	 2.9283 	 0.0027 
35.0000 	 0.8679 	 0.0076 	 0.0029 	 10.3448 	 5.9564 	 9.9869 	 3.3529 	 2.5054 	 0.0000 	 0.8125 	 588.8365 	 35.0000 	 0.4146 	 0.4182 	 0.3577 	 10.7787 	 9.1406 	 5.3547 	 2.3623 	 -2.3382 	 0.0000 	 1.4403 	 0.0630 
42.0000 	 0.3503 	 0.0041 	 0.0092 	 4.0181 	 5.2597 	 9.1457 	 2.0558 	 2.5184 	 0.0000 	 0.8404 	 588.4765 	 42.0000 	 0.8349 	 0.0441 	 0.3758 	 1.6141 	 4.9242 	 3.6367 	 1.9117 	 0.6520 	 0.0000 	 2.0539 	 0.0025 
40.0000 	 0.3272 	 0.0010 	 0.0718 	 16.8049 	 0.0000 	 5.2982 	 0.5581 	 1.9609 	 0.0000 	 0.8311 	 588.4908 	 40.0000 	 0.6694 	 0.8378 	 0.1469 	 7.4557 	 4.3626 	 4.8115 	 2.3226 	 1.4560 	 0.0000 	 0.2236 	 0.0171 
35.0000 	 0.3482 	 0.0126 	 0.0026 	 1.4363 	 0.7802 	 5.6296 	 1.4580 	 2.5212 	 0.0000 	 0.8472 	 588.4960 	 35.0000 	 0.2430 	 0.7515 	 0.5105 	 12.3940 	 9.5733 	 5.0128 	 0.6701 	 2.7593 	 0.0000 	 2.1949 	 0.0075 
36.0000 	 0.2385 	 0.0060 	 0.0087 	 2.6716 	 1.9911 	 5.0967 	 0.0000 	 2.5235 	 0.0000 	 0.8420 	 588.4821 	 36.0000 	 0.8439 	 0.4258 	 0.9039 	 14.5246 	 0.9752 	 4.0944 	 1.1563 	 1.9163 	 0.0000 	 0.7076 	 0.0022 
39.0000 	 0.6915 	 0.0106 	 0.0011 	 3.6582 	 7.7709 	 4.5516 	 2.1843 	 2.5248 	 0.0000 	 0.8435 	 588.5217 	 39.0000 	 0.8825 	 0.7248 	 0.8886 	 7.3105 	 1.3329 	 5.0084 	 2.4952 	 -2.5027 	 0.0000 	 0.5269 	 0.0069 
39.0000 	 0.2877 	 0.0148 	 0.0010 	 1.0870 	 0.8976 	 7.4900 	 1.7922 	 2.5212 	 0.0000 	 0.8417 	 588.4762 	 39.0000 	 0.4214 	 0.8659 	 0.6240 	 9.1425 	 6.1505 	 8.6453 	 2.9211 	 2.1483 	 0.0000 	 0.6335 	 0.0026 
38.0000 	 0.0067 	 0.9738 	 0.0019 	 1.1787 	 5.6239 	 7.9557 	 0.4563 	 2.5212 	 0.0000 	 0.8387 	 588.3596 	 38.0000 	 0.2760 	 0.6478 	 0.1522 	 5.9630 	 5.1690 	 6.6982 	 0.2681 	 1.5087 	 0.0000 	 1.3345 	 0.0005 
35.0000 	 0.2354 	 0.0101 	 0.0158 	 1.5162 	 8.9418 	 4.8771 	 2.1399 	 2.5164 	 0.0000 	 0.8471 	 588.5107 	 35.0000 	 0.3283 	 0.4010 	 0.8110 	 14.3167 	 1.6118 	 4.0004 	 1.8776 	 -2.3952 	 0.0000 	 2.8639 	 0.0026 
37.0000 	 0.0184 	 0.3890 	 0.0014 	 9.4730 	 8.4288 	 0.0003 	 1.1249 	 1.8095 	 0.0000 	 0.8365 	 588.4107 	 37.0000 	 0.8405 	 0.8114 	 0.1063 	 8.3016 	 6.8815 	 0.1369 	 1.3678 	 2.3386 	 0.0000 	 2.8172 	 0.0009 
34.0000 	 0.3726 	 0.0098 	 0.0313 	 2.2578 	 7.1511 	 5.7440 	 0.0772 	 2.5173 	 0.0000 	 0.8404 	 588.4861 	 34.0000 	 0.2778 	 0.8390 	 0.8464 	 6.3096 	 1.1287 	 2.2016 	 1.2851 	 0.9651 	 0.0000 	 0.9749 	 0.0027 
37.0000 	 0.4063 	 0.0016 	 0.0232 	 12.4237 	 7.1372 	 2.9329 	 2.4175 	 2.5220 	 0.0000 	 0.8395 	 588.4876 	 37.0000 	 0.3013 	 0.6463 	 0.6780 	 7.3351 	 5.9769 	 2.2453 	 0.4103 	 2.0619 	 0.0000 	 1.3159 	 0.0022 
36.0000 	 0.0533 	 1.0000 	 0.0108 	 3.6829 	 5.2885 	 1.9129 	 1.2996 	 2.5208 	 0.0000 	 0.8377 	 588.3883 	 36.0000 	 0.4055 	 0.7938 	 0.1986 	 2.0689 	 4.7351 	 1.1364 	 1.6493 	 2.9355 	 0.0000 	 2.1812 	 0.0010 
34.0000 	 0.3077 	 0.0109 	 0.0014 	 1.7254 	 0.0000 	 4.3159 	 0.9672 	 1.5538 	 0.0000 	 0.8384 	 588.4783 	 34.0000 	 0.3167 	 0.4988 	 0.5144 	 11.9352 	 7.9032 	 6.0402 	 0.0528 	 2.0669 	 0.0000 	 0.8339 	 0.0027 
37.0000 	 0.6269 	 0.0086 	 0.1044 	 3.2247 	 7.0827 	 0.9706 	 3.7425 	 2.5176 	 0.0000 	 0.8404 	 588.5276 	 37.0000 	 0.8297 	 0.4288 	 0.0943 	 2.8565 	 7.0412 	 3.1188 	 2.3969 	 2.7319 	 0.0000 	 0.5694 	 0.0025 
33.0000 	 0.6061 	 0.0144 	 0.1289 	 1.6478 	 2.8714 	 0.0000 	 1.3442 	 1.6699 	 0.0000 	 0.8318 	 588.6272 	 33.0000 	 0.8871 	 0.6004 	 0.8581 	 11.8432 	 4.6775 	 7.2282 	 0.3614 	 2.3285 	 0.0000 	 1.5909 	 0.0058 
34.0000 	 0.2680 	 0.0103 	 0.0050 	 1.7931 	 3.1790 	 2.6321 	 1.3610 	 2.5038 	 0.0000 	 0.8457 	 588.4764 	 34.0000 	 0.0114 	 0.9861 	 0.6508 	 1.4044 	 6.8850 	 7.5096 	 1.4338 	 0.3540 	 0.0000 	 0.3930 	 0.0069 
37.0000 	 0.2985 	 0.0146 	 0.0204 	 1.1722 	 7.8071 	 2.5192 	 3.9981 	 2.5220 	 0.0000 	 0.8396 	 588.4794 	 37.0000 	 0.0807 	 0.9883 	 0.8516 	 5.8931 	 1.2517 	 5.2072 	 0.1595 	 -2.5690 	 0.0000 	 2.9714 	 0.0049 
36.0000 	 0.6314 	 0.0025 	 0.8314 	 2.8156 	 0.0754 	 1.3330 	 3.1221 	 1.2869 	 0.0000 	 0.0000 	 608.4463 	 36.0000 	 0.1501 	 0.7314 	 0.7396 	 4.3927 	 8.9534 	 6.3633 	 1.7436 	 1.2665 	 0.0000 	 0.3352 	 0.0966 
39.0000 	 0.0221 	 0.9833 	 0.0010 	 4.9578 	 3.4253 	 5.5530 	 3.7350 	 2.5100 	 0.0000 	 0.8403 	 588.8777 	 39.0000 	 0.3962 	 0.3109 	 0.8973 	 11.3523 	 3.7729 	 3.5810 	 0.7551 	 -0.6687 	 0.0000 	 2.4938 	 0.0048 
40.0000 	 0.2627 	 0.0034 	 0.0165 	 4.5525 	 7.7851 	 3.4445 	 2.9832 	 2.5230 	 0.0000 	 0.8401 	 588.4790 	 40.0000 	 0.0626 	 0.1586 	 0.3418 	 14.7831 	 9.8183 	 6.9115 	 2.0010 	 -0.5731 	 0.0000 	 0.4274 	 0.0023 
34.0000 	 0.0592 	 0.9681 	 0.0111 	 1.4947 	 0.0440 	 1.2279 	 2.5921 	 1.2744 	 0.0000 	 0.0000 	 598.2048 	 34.0000 	 0.8488 	 0.9701 	 0.3884 	 2.0457 	 2.6662 	 5.1004 	 2.7790 	 -2.0088 	 0.0000 	 0.3038 	 0.0075 
33.0000 	 0.0309 	 0.9775 	 0.0079 	 3.3365 	 2.3901 	 6.0059 	 1.5938 	 2.5071 	 0.0000 	 0.8373 	 588.4246 	 33.0000 	 0.4342 	 0.6208 	 0.8797 	 5.5281 	 1.8335 	 6.4909 	 0.7173 	 -1.3793 	 0.0000 	 1.2747 	 0.0005 
32.0000 	 0.1785 	 0.0026 	 0.0046 	 6.0469 	 3.6650 	 5.2619 	 4.2016 	 2.5230 	 0.0000 	 0.8374 	 588.5082 	 32.0000 	 0.1923 	 0.1775 	 0.0106 	 1.9168 	 5.0712 	 6.0919 	 0.5732 	 2.8713 	 0.0000 	 1.2587 	 0.0023 
35.0000 	 0.5282 	 0.0053 	 0.0486 	 5.3530 	 5.4151 	 7.7671 	 1.9014 	 2.5194 	 0.0000 	 0.8416 	 588.5054 	 35.0000 	 0.7418 	 0.1502 	 0.7831 	 2.3539 	 1.4234 	 7.2384 	 0.3179 	 1.9425 	 0.0000 	 1.5231 	 0.0026 
34.0000 	 0.3097 	 0.0022 	 0.0052 	 8.2862 	 3.9329 	 4.2452 	 0.2484 	 2.5243 	 0.0000 	 0.8403 	 588.4762 	 34.0000 	 0.1135 	 0.6811 	 0.7053 	 13.6023 	 6.5405 	 0.7583 	 1.1282 	 2.9578 	 0.0000 	 2.5107 	 0.0036 
35.0000 	 0.1801 	 0.0101 	 0.0071 	 1.4468 	 9.8479 	 9.7226 	 0.2379 	 2.5146 	 0.0000 	 0.8395 	 588.5153 	 35.0000 	 0.6327 	 0.2402 	 0.0368 	 14.3390 	 8.6610 	 8.7003 	 1.2494 	 1.3116 	 0.0000 	 2.4174 	 0.0029 
32.0000 	 0.0132 	 0.6588 	 0.0036 	 5.3376 	 4.9340 	 9.6658 	 2.1688 	 2.5211 	 0.0000 	 0.8359 	 588.3618 	 32.0000 	 0.2880 	 0.7852 	 0.2448 	 13.5924 	 7.0417 	 8.8242 	 0.7425 	 1.9213 	 0.0000 	 1.9889 	 0.0004 
36.0000 	 0.2805 	 0.0027 	 0.0186 	 5.7912 	 3.1054 	 2.1978 	 1.6634 	 2.5219 	 0.0000 	 0.8386 	 588.4827 	 36.0000 	 0.5526 	 0.5246 	 0.6858 	 14.2088 	 7.8918 	 9.8879 	 1.4592 	 -2.4786 	 0.0000 	 0.7228 	 0.0027 
32.0000 	 0.3960 	 0.0047 	 0.0030 	 5.4795 	 8.8658 	 4.4726 	 7.8254 	 2.5146 	 0.0000 	 0.8428 	 588.5030 	 32.0000 	 0.8257 	 0.6704 	 0.5633 	 11.6186 	 6.0247 	 3.7883 	 1.8805 	 -1.6933 	 0.0000 	 2.5298 	 0.0049 
32.0000 	 0.7759 	 0.0286 	 0.3081 	 2.0735 	 0.0304 	 0.7365 	 0.2382 	 2.3751 	 0.0000 	 0.8395 	 588.5313 	 32.0000 	 0.0450 	 0.1946 	 0.2415 	 13.9768 	 0.0299 	 6.3773 	 0.7734 	 0.3392 	 0.0000 	 0.7644 	 0.0028 
36.0000 	 0.6305 	 0.0147 	 0.0615 	 1.7801 	 7.5033 	 0.2386 	 2.8707 	 2.0392 	 0.0000 	 0.8487 	 588.6599 	 36.0000 	 0.8293 	 0.1271 	 0.1584 	 3.2013 	 7.6045 	 0.4231 	 2.6747 	 2.1986 	 0.0000 	 0.4118 	 0.0033 
33.0000 	 0.0737 	 0.0024 	 0.0196 	 4.6853 	 5.1904 	 5.0049 	 3.0952 	 2.5254 	 0.0000 	 0.8388 	 588.8852 	 33.0000 	 0.4752 	 0.4095 	 0.1212 	 6.5418 	 5.2510 	 7.2407 	 2.8297 	 2.8329 	 0.0000 	 1.8447 	 0.0056 
32.0000 	 0.2051 	 0.0156 	 0.0623 	 1.1059 	 2.2569 	 3.7619 	 1.1757 	 2.5260 	 0.0000 	 0.8389 	 588.5116 	 32.0000 	 0.6151 	 0.0751 	 0.1497 	 7.7375 	 9.2874 	 4.0232 	 2.2698 	 0.4223 	 0.0000 	 1.8580 	 0.0046 
33.0000 	 0.1400 	 0.0017 	 0.0061 	 6.7490 	 9.8633 	 4.1504 	 4.7285 	 2.4844 	 0.0000 	 0.8449 	 588.8953 	 33.0000 	 0.6347 	 0.9786 	 0.8278 	 8.1652 	 1.9464 	 0.1960 	 0.5169 	 0.1336 	 0.0000 	 2.6202 	 0.0125 
35.0000 	 0.0926 	 0.3165 	 0.0022 	 18.3738 	 7.8638 	 9.4226 	 2.8994 	 2.5250 	 0.0000 	 0.8391 	 588.6420 	 35.0000 	 0.4488 	 0.9340 	 0.0014 	 13.6420 	 3.8891 	 0.6753 	 1.6607 	 -2.5636 	 0.0000 	 0.6692 	 0.0021 
36.0000 	 0.4223 	 0.0012 	 0.0010 	 23.9859 	 6.9001 	 4.1160 	 1.0186 	 2.5286 	 0.0000 	 0.8423 	 588.5509 	 36.0000 	 0.3688 	 0.9092 	 0.4903 	 11.6858 	 8.4322 	 1.5478 	 0.7174 	 2.3282 	 0.0000 	 2.5105 	 0.0036 
32.0000 	 0.2719 	 0.0078 	 0.0100 	 2.3950 	 4.5261 	 9.6428 	 1.1410 	 2.5197 	 0.0000 	 0.8407 	 588.4793 	 32.0000 	 0.3370 	 0.0169 	 0.9889 	 5.6213 	 5.7499 	 3.6752 	 2.6414 	 -2.3439 	 0.0000 	 0.9996 	 0.0022 
30.0000 	 0.0095 	 0.7451 	 0.0010 	 20.0674 	 8.6846 	 2.8173 	 2.8006 	 2.5209 	 0.0000 	 0.8403 	 588.3604 	 30.0000 	 0.3235 	 0.4233 	 0.7251 	 5.3586 	 8.6241 	 9.9787 	 1.2667 	 -2.0311 	 0.0000 	 0.8347 	 0.0003 
34.0000 	 0.2855 	 0.0070 	 0.0334 	 2.4309 	 0.4004 	 4.5271 	 0.0001 	 2.5146 	 0.0000 	 0.8415 	 588.4834 	 34.0000 	 0.8984 	 0.5720 	 0.6930 	 14.0582 	 4.2974 	 8.1083 	 2.2137 	 -1.3089 	 0.0000 	 1.6021 	 0.0034 
35.0000 	 0.3947 	 0.0017 	 0.0477 	 12.2843 	 5.7398 	 3.1870 	 2.9319 	 2.5157 	 0.0000 	 0.8408 	 588.4886 	 35.0000 	 0.8963 	 0.6593 	 0.1790 	 1.1354 	 0.5227 	 8.6129 	 1.5831 	 0.7541 	 0.0000 	 2.4377 	 0.0026 
31.0000 	 0.3809 	 0.0163 	 0.0012 	 1.6269 	 5.8747 	 6.1791 	 1.7122 	 2.5162 	 0.0000 	 0.8389 	 588.4911 	 31.0000 	 0.9396 	 0.6622 	 0.8044 	 6.8542 	 7.7861 	 7.3816 	 1.9262 	 2.9925 	 0.0000 	 2.6886 	 0.0031 
30.0000 	 0.3039 	 0.0021 	 0.0856 	 9.8596 	 0.0000 	 3.8030 	 0.4346 	 2.0867 	 0.0000 	 0.8359 	 588.4860 	 30.0000 	 0.3543 	 0.5759 	 0.3897 	 9.3493 	 0.4151 	 1.9567 	 2.5084 	 0.7167 	 0.0000 	 0.0439 	 0.0025 
34.0000 	 0.2598 	 0.0155 	 0.0158 	 1.0610 	 2.3349 	 1.4587 	 0.3801 	 2.5132 	 0.0000 	 0.8381 	 588.4958 	 34.0000 	 0.6487 	 0.6676 	 0.2481 	 5.4811 	 2.5983 	 7.8604 	 2.5190 	 -2.9490 	 0.0000 	 2.5076 	 0.0027 
34.0000 	 0.1861 	 0.0039 	 0.0698 	 4.0857 	 4.9960 	 2.8601 	 1.4665 	 2.5188 	 0.0000 	 0.8274 	 588.5747 	 34.0000 	 0.2361 	 0.7169 	 0.4684 	 6.9511 	 2.6028 	 5.9844 	 2.6341 	 -0.7880 	 0.0000 	 1.8920 	 0.0024 
31.0000 	 0.2451 	 0.0011 	 0.0013 	 17.9858 	 6.4834 	 7.7941 	 2.7345 	 2.5205 	 0.0000 	 0.8385 	 588.4757 	 31.0000 	 0.6187 	 0.3976 	 0.8973 	 12.2860 	 0.6953 	 2.7044 	 2.1541 	 2.8473 	 0.0000 	 1.9939 	 0.0040 
38.0000 	 0.3256 	 0.0027 	 0.0957 	 6.4266 	 2.2414 	 7.5407 	 0.8298 	 2.5199 	 0.0000 	 0.8395 	 588.4775 	 38.0000 	 0.7709 	 0.1935 	 0.0904 	 12.0305 	 9.1207 	 8.8698 	 0.4510 	 -2.5202 	 0.0000 	 0.7745 	 0.0024 
32.0000 	 0.1541 	 0.0038 	 0.0221 	 3.4981 	 9.1631 	 9.9649 	 1.0025 	 2.5196 	 0.0000 	 0.8348 	 588.5896 	 32.0000 	 0.0946 	 0.2322 	 0.6078 	 14.0308 	 1.1598 	 9.1935 	 0.3711 	 1.4819 	 0.0000 	 2.9400 	 0.0047 
33.0000 	 0.4765 	 0.0064 	 0.5064 	 6.3005 	 6.5161 	 7.1729 	 0.7855 	 2.5239 	 0.0000 	 0.8000 	 589.3582 	 33.0000 	 0.4039 	 0.9436 	 0.8374 	 6.0397 	 3.9879 	 9.5662 	 2.3745 	 -1.3616 	 0.0000 	 1.3451 	 0.0036 
29.0000 	 0.4924 	 0.0088 	 0.1027 	 2.9635 	 0.0000 	 1.6050 	 1.4157 	 1.1073 	 0.0000 	 0.8338 	 588.5344 	 29.0000 	 0.7378 	 0.9576 	 0.5220 	 6.1225 	 7.9086 	 2.2092 	 0.1578 	 2.0311 	 0.0000 	 0.0593 	 0.0086 
30.0000 	 0.4183 	 0.0061 	 0.0105 	 4.3496 	 6.3275 	 7.8787 	 1.9775 	 2.5187 	 0.0000 	 0.8391 	 588.4920 	 30.0000 	 0.2552 	 0.9304 	 0.3872 	 4.6305 	 2.7180 	 4.4245 	 0.0382 	 -1.2973 	 0.0000 	 1.1695 	 0.0023 
30.0000 	 0.2961 	 0.0010 	 0.0063 	 22.4615 	 0.3982 	 0.0000 	 2.4394 	 0.9839 	 0.0000 	 0.8332 	 588.4857 	 30.0000 	 0.3886 	 0.3425 	 0.5679 	 8.2950 	 1.9030 	 0.4867 	 2.5747 	 -0.0056 	 0.0000 	 0.9578 	 0.0110 
31.0000 	 0.1670 	 0.0061 	 0.0340 	 2.5238 	 4.4624 	 0.3907 	 2.9984 	 2.3155 	 0.0000 	 0.8334 	 588.5494 	 31.0000 	 0.6974 	 0.1804 	 0.5827 	 5.5510 	 3.2181 	 1.8340 	 2.0996 	 -0.3216 	 0.0000 	 2.7279 	 0.0068 
28.0000 	 0.2389 	 0.0076 	 0.0409 	 2.3934 	 2.6105 	 4.5727 	 0.0808 	 2.5214 	 0.0000 	 0.8436 	 588.5046 	 28.0000 	 0.8057 	 0.0503 	 0.0160 	 13.7927 	 6.6481 	 1.4738 	 2.7461 	 -0.2569 	 0.0000 	 1.3830 	 0.0033 
32.0000 	 0.3842 	 0.0086 	 0.0395 	 2.6281 	 2.8135 	 7.8285 	 4.0694 	 2.5227 	 0.0000 	 0.8384 	 588.4904 	 32.0000 	 0.9737 	 0.4408 	 0.1429 	 10.8260 	 4.1299 	 0.9905 	 1.6605 	 -1.9756 	 0.0000 	 0.7714 	 0.0026 
30.0000 	 0.2624 	 0.0079 	 0.0290 	 2.4830 	 5.4640 	 9.1052 	 2.6549 	 2.5209 	 0.0000 	 0.8397 	 588.4788 	 30.0000 	 0.6551 	 0.1176 	 0.1506 	 13.8721 	 1.9992 	 1.5376 	 2.6001 	 1.6924 	 0.0000 	 0.8581 	 0.0022 
34.0000 	 0.1975 	 0.0055 	 0.0273 	 2.8565 	 5.8968 	 6.5292 	 1.8694 	 2.5192 	 0.0000 	 0.8396 	 588.5049 	 34.0000 	 0.3414 	 0.2647 	 0.3726 	 14.0335 	 2.5482 	 5.3499 	 0.2073 	 -2.1123 	 0.0000 	 1.9717 	 0.0032 
31.0000 	 0.2646 	 0.0049 	 0.0069 	 3.7536 	 4.6115 	 7.5776 	 1.2550 	 2.5199 	 0.0000 	 0.8401 	 588.4835 	 31.0000 	 0.7025 	 0.6981 	 0.6720 	 13.1687 	 0.7330 	 1.8884 	 0.7657 	 0.6807 	 0.0000 	 0.8130 	 0.0021 
31.0000 	 0.0090 	 0.7278 	 0.0023 	 7.4062 	 8.9445 	 5.6527 	 4.0567 	 2.5328 	 0.0000 	 0.8315 	 588.4404 	 31.0000 	 0.1863 	 0.1478 	 0.6439 	 9.9167 	 0.4908 	 7.3096 	 0.8904 	 -1.1677 	 0.0000 	 0.8560 	 0.0006 
29.0000 	 0.5393 	 0.0068 	 0.1251 	 5.6979 	 2.6379 	 4.7755 	 0.2162 	 2.5294 	 0.0000 	 0.8392 	 588.5295 	 29.0000 	 0.7359 	 0.9938 	 0.5402 	 7.7449 	 3.1421 	 0.4221 	 0.7553 	 1.4752 	 0.0000 	 0.0698 	 0.0160 
32.0000 	 0.2881 	 0.0010 	 0.0038 	 18.4318 	 6.4292 	 2.7734 	 3.5954 	 2.5191 	 0.0000 	 0.8441 	 588.4863 	 32.0000 	 0.5060 	 0.2372 	 0.9632 	 11.4255 	 2.8777 	 8.1068 	 1.5902 	 0.6254 	 0.0000 	 1.6802 	 0.0028 
36.0000 	 0.4229 	 0.0039 	 0.0234 	 5.6357 	 4.6521 	 7.9954 	 3.0400 	 2.5214 	 0.0000 	 0.8385 	 588.4851 	 36.0000 	 0.3374 	 0.7725 	 0.0479 	 12.7396 	 1.2336 	 8.5539 	 2.1209 	 -0.8498 	 0.0000 	 2.5854 	 0.0022 
33.0000 	 0.4422 	 0.0129 	 0.0943 	 1.6693 	 4.3562 	 6.0763 	 1.8914 	 2.5185 	 0.0000 	 0.8384 	 588.5081 	 33.0000 	 0.4035 	 0.2090 	 0.9205 	 9.2196 	 2.9380 	 5.2765 	 2.2626 	 -2.4858 	 0.0000 	 2.2640 	 0.0033 
28.0000 	 0.2728 	 0.0079 	 0.0011 	 2.6239 	 8.7827 	 7.4646 	 3.2095 	 2.5215 	 0.0000 	 0.8396 	 588.4829 	 28.0000 	 0.6391 	 0.2062 	 0.7964 	 6.3835 	 8.9220 	 1.8110 	 0.4174 	 0.0014 	 0.0000 	 0.4671 	 0.0024 
28.0000 	 0.6411 	 0.0232 	 0.0089 	 1.9063 	 2.1539 	 9.5988 	 1.7349 	 2.5210 	 0.0000 	 0.8420 	 588.5511 	 28.0000 	 0.0201 	 0.4392 	 0.4867 	 7.7741 	 0.3799 	 9.6673 	 2.3807 	 -2.7462 	 0.0000 	 1.6524 	 0.0036 
27.0000 	 0.5609 	 0.0084 	 0.1357 	 4.5246 	 7.6656 	 3.9256 	 0.0000 	 2.5265 	 0.0000 	 0.8373 	 588.5194 	 27.0000 	 0.5492 	 0.3173 	 0.3505 	 10.3992 	 6.9883 	 9.7577 	 0.0454 	 2.4795 	 0.0000 	 2.5751 	 0.0025 
31.0000 	 0.2033 	 0.0013 	 0.0663 	 12.8702 	 8.1720 	 8.4317 	 0.5150 	 2.5205 	 0.0000 	 0.8385 	 588.5159 	 31.0000 	 0.9222 	 0.2230 	 0.2644 	 14.9425 	 5.3771 	 9.2937 	 0.4760 	 2.5333 	 0.0000 	 0.8274 	 0.0031 
31.0000 	 0.2716 	 0.0119 	 0.0302 	 1.5414 	 5.3790 	 6.5363 	 0.3211 	 2.5263 	 0.0000 	 0.8454 	 588.4991 	 31.0000 	 0.7721 	 0.3648 	 0.9247 	 4.3936 	 5.5729 	 3.6335 	 2.6278 	 2.5526 	 0.0000 	 1.8780 	 0.0030 
29.0000 	 0.4032 	 0.0011 	 0.0034 	 25.1370 	 2.3361 	 2.5492 	 1.6175 	 2.5280 	 0.0000 	 0.8380 	 588.4988 	 29.0000 	 0.0759 	 0.9215 	 0.9580 	 4.3025 	 0.4647 	 9.0926 	 0.6520 	 2.9684 	 0.0000 	 1.3024 	 0.0023 
27.0000 	 0.2118 	 0.0062 	 0.0017 	 3.4764 	 0.9536 	 1.4654 	 0.0619 	 2.5221 	 0.0000 	 0.8418 	 588.4937 	 27.0000 	 0.3949 	 0.8869 	 0.2394 	 4.0130 	 8.5815 	 8.4626 	 0.6172 	 -2.1293 	 0.0000 	 1.4333 	 0.0050 
38.0000 	 0.2852 	 0.0171 	 0.0010 	 1.0037 	 2.5807 	 3.9685 	 2.7613 	 2.5193 	 0.0000 	 0.8405 	 588.4775 	 38.0000 	 0.7234 	 0.4758 	 0.2522 	 9.3622 	 3.1256 	 3.2852 	 1.9502 	 -0.0512 	 0.0000 	 0.6076 	 0.0023 
30.0000 	 0.1419 	 0.9982 	 0.0082 	 6.5015 	 9.7289 	 8.3023 	 1.2917 	 2.5151 	 0.0000 	 0.8360 	 588.6354 	 30.0000 	 0.5090 	 0.3596 	 0.3213 	 11.6499 	 0.5553 	 9.9684 	 0.1036 	 1.8494 	 0.0000 	 1.9189 	 0.0026 
32.0000 	 0.1919 	 0.0048 	 0.0221 	 3.1043 	 9.3106 	 3.8446 	 4.0377 	 2.5213 	 0.0000 	 0.8410 	 588.5115 	 32.0000 	 0.4640 	 0.1751 	 0.6919 	 3.5884 	 9.0406 	 7.3147 	 1.9717 	 0.6160 	 0.0000 	 0.3000 	 0.0047 
25.0000 	 0.2330 	 0.0018 	 0.0136 	 12.7491 	 6.7574 	 3.9498 	 1.0887 	 2.5142 	 0.0000 	 0.8376 	 588.4972 	 25.0000 	 0.9127 	 0.2022 	 0.7856 	 5.6708 	 3.2740 	 1.8197 	 0.7461 	 -0.6302 	 0.0000 	 0.1309 	 0.0023 
28.0000 	 0.2959 	 0.6322 	 0.0044 	 3.3055 	 9.8920 	 3.7974 	 2.4504 	 2.5204 	 0.0000 	 0.8388 	 588.8081 	 28.0000 	 0.0746 	 0.3770 	 0.3958 	 2.3935 	 8.8212 	 2.1230 	 2.8555 	 2.5369 	 0.0000 	 1.8824 	 0.0054 
25.0000 	 0.9038 	 0.0443 	 0.1981 	 2.4706 	 10.0000 	 0.0000 	 0.0000 	 2.5518 	 0.0000 	 0.8763 	 589.4978 	 25.0000 	 0.6068 	 0.8930 	 0.1861 	 2.5491 	 8.9004 	 1.4636 	 0.0420 	 2.0026 	 0.0000 	 2.3339 	 0.0257 
29.0000 	 0.8807 	 0.0463 	 0.0212 	 2.4853 	 4.0786 	 3.0514 	 1.5061 	 2.5115 	 0.0000 	 0.8385 	 588.6845 	 29.0000 	 0.6966 	 0.6800 	 0.5311 	 1.4241 	 2.6732 	 3.7168 	 0.8390 	 -1.3319 	 0.0000 	 2.3356 	 0.0061 
30.0000 	 0.5869 	 0.0233 	 0.0014 	 1.5298 	 4.3884 	 4.9170 	 3.1655 	 2.5063 	 0.0000 	 0.8297 	 588.0553 	 30.0000 	 0.7492 	 0.8806 	 0.9381 	 2.4745 	 5.5388 	 8.6257 	 2.7873 	 -2.6839 	 0.0000 	 0.1110 	 0.1144 
25.0000 	 0.2966 	 0.0010 	 0.0010 	 24.8613 	 2.4187 	 7.0182 	 0.0001 	 2.5191 	 0.0000 	 0.8384 	 588.4759 	 25.0000 	 0.2440 	 0.3231 	 0.8435 	 8.9783 	 0.3565 	 8.1410 	 2.5461 	 0.6394 	 0.0000 	 0.1351 	 0.0031 
28.0000 	 0.2423 	 0.0016 	 0.0112 	 11.0308 	 2.3613 	 0.0030 	 1.2085 	 1.7486 	 0.0000 	 0.8565 	 588.6482 	 28.0000 	 0.2946 	 0.0936 	 0.0652 	 12.6583 	 1.2878 	 3.1225 	 0.7735 	 -0.9807 	 0.0000 	 0.9446 	 0.0106 
29.0000 	 0.3696 	 0.0071 	 0.0096 	 3.7037 	 0.2204 	 9.6773 	 0.0049 	 2.5211 	 0.0000 	 0.8453 	 588.4929 	 29.0000 	 0.4552 	 0.6120 	 0.6393 	 4.0335 	 2.1415 	 5.2841 	 2.7963 	 2.0452 	 0.0000 	 2.5397 	 0.0031 
31.0000 	 0.7742 	 0.0625 	 0.0055 	 1.0342 	 8.2450 	 9.1833 	 1.3770 	 2.5168 	 0.0000 	 0.8383 	 588.5948 	 31.0000 	 0.3366 	 0.3670 	 0.9582 	 4.2606 	 7.4730 	 4.8740 	 1.7299 	 -0.4412 	 0.0000 	 1.0523 	 0.0041 
34.0000 	 0.2189 	 0.0028 	 0.0028 	 5.6730 	 4.1914 	 8.2456 	 1.1156 	 2.5213 	 0.0000 	 0.8428 	 588.4920 	 34.0000 	 0.3747 	 0.4125 	 0.8807 	 4.6551 	 6.4368 	 4.9029 	 1.3875 	 2.0322 	 0.0000 	 1.7010 	 0.0037 
26.0000 	 0.3032 	 0.0061 	 0.1587 	 3.6609 	 9.0984 	 4.2298 	 1.8010 	 2.5242 	 0.0000 	 0.8418 	 588.5081 	 26.0000 	 0.5090 	 0.7641 	 0.2889 	 12.6463 	 3.7520 	 6.0194 	 2.5937 	 -2.8789 	 0.0000 	 0.1557 	 0.0037 
27.0000 	 0.1471 	 0.0149 	 0.0263 	 1.1407 	 1.1043 	 4.0223 	 1.0090 	 2.5249 	 0.0000 	 0.8404 	 588.5564 	 27.0000 	 0.5966 	 0.0384 	 0.0673 	 8.9124 	 1.6854 	 8.8385 	 2.0298 	 -1.6633 	 0.0000 	 0.5302 	 0.0036 
28.0000 	 0.2842 	 0.0071 	 0.0056 	 2.9418 	 3.1755 	 2.4180 	 0.7727 	 2.5232 	 0.0000 	 0.8413 	 588.4869 	 28.0000 	 0.1256 	 0.6177 	 0.8607 	 8.9363 	 0.7985 	 0.6254 	 1.0549 	 -2.5455 	 0.0000 	 2.4761 	 0.0032 
27.0000 	 0.7537 	 0.0095 	 0.0035 	 6.4341 	 6.2352 	 3.0456 	 0.3811 	 2.5165 	 0.0000 	 0.8371 	 588.5733 	 27.0000 	 0.6802 	 0.5183 	 0.2038 	 7.1591 	 6.9532 	 0.2711 	 1.5452 	 2.5779 	 0.0000 	 1.5025 	 0.0181 
24.0000 	 0.3837 	 0.0054 	 0.9701 	 2.1192 	 2.6807 	 0.0000 	 2.3936 	 1.0371 	 0.0000 	 0.8449 	 590.6182 	 24.0000 	 0.7496 	 0.3564 	 0.8381 	 5.4967 	 6.7175 	 8.2382 	 1.4840 	 -2.6245 	 0.0000 	 2.9535 	 0.0280 
22.0000 	 0.3307 	 0.0290 	 0.0246 	 1.1738 	 8.6133 	 9.7151 	 5.2007 	 2.5253 	 0.0000 	 0.8441 	 588.5148 	 22.0000 	 0.1348 	 0.0385 	 0.5061 	 4.5766 	 6.1701 	 1.6315 	 1.1954 	 0.5946 	 0.0000 	 0.6809 	 0.0028 
25.0000 	 0.3051 	 0.0088 	 0.0179 	 1.7681 	 4.6875 	 4.9170 	 3.7002 	 2.5342 	 0.0000 	 0.8147 	 584.6118 	 25.0000 	 0.5150 	 0.2329 	 0.2254 	 2.2358 	 3.0103 	 4.9823 	 1.4349 	 2.1916 	 0.0000 	 1.8016 	 0.1590 
26.0000 	 0.2353 	 0.0010 	 0.0022 	 21.4555 	 7.9014 	 8.3727 	 1.5429 	 2.5225 	 0.0000 	 0.8413 	 588.4838 	 26.0000 	 0.3912 	 0.9984 	 0.7144 	 6.0166 	 6.5295 	 4.7952 	 0.4434 	 -1.4803 	 0.0000 	 2.4266 	 0.0031 
28.0000 	 0.2471 	 0.0022 	 0.0164 	 7.9303 	 1.4050 	 4.2892 	 1.8995 	 2.5141 	 0.0000 	 0.8521 	 588.5791 	 28.0000 	 0.8381 	 0.7998 	 0.6422 	 1.2743 	 3.4772 	 5.6964 	 2.2184 	 -2.0184 	 0.0000 	 0.3397 	 0.0135 
24.0000 	 0.0545 	 0.7348 	 0.0045 	 8.3854 	 0.9232 	 0.0000 	 3.1479 	 0.5248 	 0.0000 	 0.8248 	 588.5536 	 24.0000 	 0.9278 	 0.6955 	 0.3643 	 7.0923 	 2.3459 	 1.7065 	 0.3318 	 -2.4037 	 0.0000 	 2.4677 	 0.0170 
26.0000 	 0.0101 	 0.9457 	 0.0011 	 20.8343 	 9.2242 	 7.5803 	 5.2928 	 2.5203 	 0.0000 	 0.8401 	 588.3593 	 26.0000 	 0.2476 	 0.7082 	 0.5240 	 13.9736 	 4.1240 	 1.8945 	 1.8003 	 -0.4500 	 0.0000 	 2.9079 	 0.0003 
27.0000 	 0.4746 	 0.0184 	 0.1033 	 1.6612 	 1.5444 	 7.3475 	 1.1278 	 2.5244 	 0.0000 	 0.8410 	 588.4993 	 27.0000 	 0.6958 	 0.7378 	 0.5137 	 1.6136 	 1.1314 	 7.2938 	 2.6860 	 2.5522 	 0.0000 	 0.8419 	 0.0029 
22.0000 	 0.2930 	 0.0302 	 0.0034 	 1.0122 	 3.8819 	 2.2149 	 1.2409 	 2.5240 	 0.0000 	 0.8345 	 588.4877 	 22.0000 	 0.9230 	 0.1132 	 0.5551 	 8.3840 	 6.2329 	 3.9700 	 0.1001 	 -0.1065 	 0.0000 	 0.0032 	 0.0089 
22.0000 	 0.5101 	 0.0313 	 0.0086 	 1.2016 	 0.2042 	 9.4992 	 1.8435 	 2.5269 	 0.0000 	 0.8274 	 588.3553 	 22.0000 	 0.9980 	 0.1123 	 0.3010 	 7.7598 	 7.5221 	 6.1284 	 2.7296 	 1.7332 	 0.0000 	 1.2002 	 0.0649 
26.0000 	 0.3094 	 0.0047 	 0.0392 	 5.1417 	 2.9261 	 5.2160 	 2.3533 	 2.5234 	 0.0000 	 0.8369 	 588.4839 	 26.0000 	 0.4770 	 0.1099 	 0.7392 	 13.8861 	 1.1388 	 1.2720 	 2.5225 	 0.1082 	 0.0000 	 1.5817 	 0.0028 
33.0000 	 0.0083 	 0.8469 	 0.0014 	 13.2782 	 3.2735 	 9.9719 	 1.8775 	 2.5199 	 0.0000 	 0.8393 	 588.3596 	 33.0000 	 0.2075 	 0.8640 	 0.4855 	 6.9638 	 1.8378 	 5.0230 	 1.8039 	 0.5898 	 0.0000 	 0.7025 	 0.0003 
24.0000 	 0.2184 	 0.0017 	 0.0010 	 12.8151 	 7.8205 	 8.7826 	 0.5537 	 2.5200 	 0.0000 	 0.8381 	 588.4917 	 24.0000 	 0.3760 	 0.5006 	 0.3934 	 1.8315 	 0.0045 	 4.1073 	 1.4739 	 -2.4115 	 0.0000 	 2.1684 	 0.0039 
29.0000 	 0.2614 	 0.0013 	 0.1039 	 16.6001 	 5.6131 	 3.5676 	 0.8867 	 2.5169 	 0.0000 	 0.8389 	 588.5069 	 29.0000 	 0.2568 	 0.0457 	 0.0427 	 9.4874 	 1.3792 	 3.5821 	 1.7390 	 2.3215 	 0.0000 	 1.6956 	 0.0021 
23.0000 	 0.2202 	 0.0058 	 0.0038 	 3.9746 	 3.7302 	 4.1476 	 2.5296 	 2.5198 	 0.0000 	 0.8389 	 588.4891 	 23.0000 	 0.9379 	 0.4844 	 0.2644 	 14.3215 	 7.5931 	 8.9049 	 0.1438 	 0.3417 	 0.0000 	 2.2676 	 0.0026 
27.0000 	 0.5782 	 0.4860 	 0.0037 	 9.1810 	 3.7974 	 2.5673 	 1.4883 	 2.4804 	 0.0000 	 0.9125 	 589.1376 	 27.0000 	 0.6836 	 0.4155 	 0.8689 	 3.2180 	 8.3111 	 6.0745 	 0.3307 	 1.2130 	 0.0000 	 2.8152 	 0.0287 
21.0000 	 0.6458 	 0.0088 	 0.2797 	 10.2172 	 0.0000 	 3.6401 	 0.4188 	 2.0887 	 0.0000 	 0.8067 	 589.2072 	 21.0000 	 0.8000 	 0.7451 	 0.3939 	 13.2874 	 9.0938 	 7.2889 	 0.2545 	 1.7886 	 0.0000 	 0.0909 	 0.0070 
22.0000 	 0.7802 	 0.0251 	 0.2757 	 3.5742 	 8.6650 	 7.1817 	 4.0904 	 2.5253 	 0.0000 	 0.8462 	 588.6235 	 22.0000 	 0.4822 	 0.2997 	 0.2943 	 2.4910 	 9.0477 	 6.7500 	 1.9106 	 -0.6026 	 0.0000 	 1.7137 	 0.0077 
24.0000 	 0.2486 	 0.0019 	 0.0036 	 13.4998 	 1.1913 	 4.3328 	 2.6686 	 2.5282 	 0.0000 	 0.7858 	 588.2318 	 24.0000 	 0.5455 	 0.4889 	 0.6585 	 3.1714 	 6.4289 	 2.6515 	 1.3213 	 0.2579 	 0.0000 	 2.1240 	 0.0107 
23.0000 	 0.3587 	 0.0160 	 0.0013 	 1.7021 	 2.1338 	 5.7508 	 1.5366 	 2.5232 	 0.0000 	 0.8389 	 588.4953 	 23.0000 	 0.7100 	 0.3492 	 0.3443 	 10.0848 	 5.9745 	 7.8737 	 1.7783 	 1.0230 	 0.0000 	 1.1222 	 0.0044 
26.0000 	 0.2673 	 0.0026 	 0.0236 	 9.1583 	 6.1487 	 1.7848 	 2.3464 	 2.5115 	 0.0000 	 0.8443 	 588.4996 	 26.0000 	 0.5038 	 0.0948 	 0.1381 	 3.5505 	 0.7842 	 7.8911 	 0.5737 	 -1.6163 	 0.0000 	 0.3838 	 0.0026 
21.0000 	 0.2593 	 0.0206 	 0.0010 	 1.2682 	 8.4754 	 3.2795 	 0.5317 	 2.5217 	 0.0000 	 0.8414 	 588.4879 	 21.0000 	 0.5757 	 0.3605 	 0.5866 	 13.3625 	 9.7127 	 0.0566 	 1.0869 	 1.6332 	 0.0000 	 0.6508 	 0.0026 
31.0000 	 0.1637 	 0.7813 	 0.0124 	 4.8831 	 0.0000 	 4.8601 	 3.0098 	 -0.4935 	 0.0000 	 0.8408 	 588.5920 	 31.0000 	 0.2350 	 0.5535 	 0.9835 	 9.8819 	 1.2518 	 2.8439 	 1.0881 	 2.4231 	 0.0000 	 1.5066 	 0.0035 
28.0000 	 0.3001 	 0.0033 	 0.0300 	 7.3232 	 2.5422 	 6.6072 	 0.1184 	 2.5163 	 0.0000 	 0.8421 	 588.4878 	 28.0000 	 0.3694 	 0.6751 	 0.5094 	 11.8296 	 1.6482 	 2.2454 	 0.3166 	 1.1980 	 0.0000 	 1.5745 	 0.0035 
21.0000 	 0.0611 	 0.9996 	 0.0164 	 3.4398 	 6.0860 	 1.1391 	 0.0000 	 2.5116 	 0.0000 	 0.8411 	 588.4046 	 21.0000 	 0.4359 	 0.9068 	 0.0543 	 2.4236 	 7.8010 	 3.4913 	 1.4136 	 -0.1374 	 0.0000 	 1.1239 	 0.0010 
22.0000 	 0.0133 	 0.9770 	 0.0046 	 6.0692 	 2.4080 	 3.4040 	 1.5015 	 2.5205 	 0.0000 	 0.8411 	 588.3577 	 22.0000 	 0.3352 	 0.0892 	 0.1055 	 2.0556 	 9.1238 	 1.3142 	 1.7080 	 -2.7764 	 0.0000 	 1.8922 	 0.0004 
24.0000 	 0.2522 	 0.0073 	 0.0076 	 3.5016 	 1.5840 	 5.7819 	 3.7370 	 2.5201 	 0.0000 	 0.8385 	 588.4866 	 24.0000 	 0.1325 	 0.4079 	 0.9107 	 6.0867 	 3.9984 	 9.9796 	 0.3336 	 0.0638 	 0.0000 	 1.5816 	 0.0038 
23.0000 	 0.2443 	 0.0228 	 0.0090 	 1.0543 	 2.5371 	 3.1251 	 2.4490 	 2.5184 	 0.0000 	 0.8404 	 588.4847 	 23.0000 	 0.6233 	 0.5599 	 0.0270 	 8.6696 	 0.1194 	 8.6792 	 2.0700 	 -2.9747 	 0.0000 	 0.2192 	 0.0024 
23.0000 	 0.5025 	 0.0012 	 0.1533 	 26.4165 	 0.5664 	 1.1914 	 1.8340 	 2.3086 	 0.0000 	 0.9088 	 594.5945 	 23.0000 	 0.8753 	 0.8710 	 0.2418 	 4.7248 	 9.9952 	 7.3245 	 0.5354 	 1.4693 	 0.0000 	 0.6953 	 0.3355 
20.0000 	 0.2144 	 0.0186 	 0.0015 	 1.5728 	 0.0000 	 7.6551 	 2.1567 	 0.3627 	 0.0000 	 0.8396 	 588.4894 	 20.0000 	 0.2301 	 0.5421 	 0.6349 	 5.8422 	 3.1207 	 2.3961 	 2.6257 	 2.9970 	 0.0000 	 2.5994 	 0.0028 
19.0000 	 0.3656 	 0.0025 	 0.0074 	 15.5955 	 7.1689 	 6.4176 	 0.3864 	 2.5243 	 0.0000 	 0.8271 	 588.5481 	 19.0000 	 0.9236 	 0.9466 	 0.4920 	 14.5604 	 4.4489 	 4.2303 	 0.4534 	 1.9929 	 0.0000 	 1.0460 	 0.0026 
22.0000 	 0.2006 	 0.0109 	 0.0026 	 2.1667 	 5.5563 	 6.7415 	 0.6929 	 2.5083 	 0.0000 	 0.8346 	 588.5120 	 22.0000 	 0.5168 	 0.8189 	 0.9396 	 13.1035 	 6.1935 	 4.7001 	 1.0966 	 1.9468 	 0.0000 	 0.0703 	 0.0121 
33.0000 	 0.2286 	 0.0107 	 0.0066 	 1.4089 	 6.5343 	 0.4668 	 1.6466 	 2.4902 	 0.0000 	 0.8373 	 588.5026 	 33.0000 	 0.5218 	 0.4959 	 0.9274 	 11.6250 	 8.3791 	 0.0426 	 1.9523 	 -1.3349 	 0.0000 	 1.8358 	 0.0096 
26.0000 	 0.4187 	 0.0019 	 0.0013 	 15.9237 	 2.8411 	 8.4028 	 2.3611 	 2.5232 	 0.0000 	 0.8404 	 588.4903 	 26.0000 	 0.1328 	 0.3943 	 0.3346 	 6.0687 	 6.0489 	 7.2204 	 0.2760 	 2.9945 	 0.0000 	 0.6163 	 0.0028 
22.0000 	 0.5677 	 0.0108 	 0.0498 	 4.7826 	 7.8816 	 5.5190 	 0.8705 	 2.5209 	 0.0000 	 0.8392 	 588.5335 	 22.0000 	 0.1166 	 0.4475 	 0.8535 	 12.4934 	 9.4639 	 4.8937 	 1.2019 	 -2.4156 	 0.0000 	 2.9985 	 0.0080 
21.0000 	 0.2097 	 0.0133 	 0.0069 	 1.9719 	 3.1277 	 5.1394 	 1.3543 	 2.5208 	 0.0000 	 0.8395 	 588.4921 	 21.0000 	 0.3213 	 0.5698 	 0.3241 	 1.7699 	 1.6412 	 1.2265 	 1.0219 	 2.9297 	 0.0000 	 1.5745 	 0.0025 
23.0000 	 0.2685 	 0.0118 	 0.1136 	 2.0976 	 6.4362 	 7.6359 	 4.1435 	 2.5203 	 0.0000 	 0.8401 	 588.4946 	 23.0000 	 0.3045 	 0.2345 	 0.2571 	 12.3986 	 8.4516 	 4.0409 	 2.6788 	 -1.9634 	 0.0000 	 1.8451 	 0.0025 
22.0000 	 0.4820 	 0.0117 	 0.0035 	 3.3757 	 0.0000 	 10.0000 	 0.9332 	 1.5857 	 0.0000 	 0.8373 	 588.5348 	 22.0000 	 0.4880 	 0.1845 	 0.0900 	 1.6613 	 0.1111 	 7.4471 	 0.5639 	 1.8239 	 0.0000 	 2.0219 	 0.0023 
28.0000 	 0.6673 	 0.0315 	 0.0447 	 1.5052 	 1.4766 	 1.5983 	 0.0889 	 2.5146 	 0.0000 	 0.8422 	 588.5643 	 28.0000 	 0.3255 	 0.6327 	 0.1316 	 6.0482 	 3.0823 	 4.6535 	 1.9928 	 -2.0157 	 0.0000 	 1.2043 	 0.0049 
17.0000 	 0.2314 	 0.0102 	 0.0032 	 3.1380 	 1.9309 	 6.0243 	 1.8023 	 2.5187 	 0.0000 	 0.8406 	 588.4877 	 17.0000 	 0.3199 	 0.6140 	 0.3033 	 10.9858 	 4.2688 	 2.3375 	 2.9234 	 -1.8701 	 0.0000 	 0.9313 	 0.0056 
19.0000 	 0.4711 	 0.0107 	 0.0039 	 4.1458 	 5.4880 	 0.1088 	 2.5907 	 1.7452 	 0.0000 	 0.8328 	 588.5399 	 19.0000 	 0.9480 	 0.3520 	 0.8328 	 11.7912 	 9.3059 	 2.3392 	 0.6062 	 1.1058 	 0.0000 	 1.6186 	 0.0030 
21.0000 	 0.2219 	 0.0220 	 0.0016 	 1.1909 	 6.0641 	 5.1281 	 0.8972 	 2.5215 	 0.0000 	 0.8389 	 588.4857 	 21.0000 	 0.4522 	 0.1252 	 0.9695 	 6.3497 	 4.4704 	 5.9793 	 1.9239 	 -2.5051 	 0.0000 	 2.7482 	 0.0026 
25.0000 	 0.0463 	 0.9996 	 0.0183 	 2.4678 	 3.3722 	 6.7036 	 1.2937 	 2.5116 	 0.0000 	 0.8364 	 588.4174 	 25.0000 	 0.3135 	 0.3217 	 0.5392 	 8.9787 	 8.1676 	 2.7573 	 0.8172 	 1.2936 	 0.0000 	 2.6300 	 0.0016 
21.0000 	 0.2088 	 0.0045 	 0.0049 	 5.7264 	 7.6923 	 5.5306 	 0.5296 	 2.5196 	 0.0000 	 0.8382 	 588.4904 	 21.0000 	 0.1829 	 0.9814 	 0.5517 	 4.2148 	 4.1664 	 5.0066 	 1.0963 	 1.4791 	 0.0000 	 2.7253 	 0.0025 
24.0000 	 0.0273 	 0.0025 	 0.5402 	 4.4937 	 0.0109 	 9.9842 	 0.6454 	 1.8890 	 0.0000 	 0.8351 	 590.1934 	 24.0000 	 0.4727 	 0.0424 	 0.4012 	 8.5903 	 6.2013 	 9.8490 	 2.8150 	 1.5677 	 0.0000 	 2.7512 	 0.0185 
19.0000 	 0.2123 	 0.0162 	 0.0051 	 1.7454 	 6.8850 	 0.0000 	 1.1973 	 1.7666 	 0.0000 	 0.8391 	 588.4876 	 19.0000 	 0.2462 	 0.1264 	 0.6242 	 2.6469 	 3.3881 	 0.2357 	 0.1819 	 -2.7330 	 0.0000 	 0.5946 	 0.0023 
17.0000 	 0.1125 	 0.0031 	 0.0322 	 8.2905 	 2.2489 	 9.3706 	 1.0974 	 2.5291 	 0.0000 	 0.8402 	 588.6484 	 17.0000 	 0.6437 	 0.2059 	 0.8640 	 11.8347 	 1.9633 	 6.5582 	 1.0540 	 -2.2806 	 0.0000 	 0.2215 	 0.0038 
31.0000 	 0.3997 	 0.0031 	 0.0037 	 6.4467 	 2.8236 	 3.0793 	 0.8403 	 2.5102 	 0.0000 	 0.8381 	 588.5288 	 31.0000 	 0.0094 	 0.5017 	 0.8329 	 10.7723 	 4.8200 	 7.1763 	 0.8035 	 0.8247 	 0.0000 	 2.0224 	 0.0289 
19.0000 	 0.1558 	 0.0010 	 0.0244 	 21.6695 	 8.2740 	 6.9618 	 2.7487 	 2.5131 	 0.0000 	 0.8335 	 588.6005 	 19.0000 	 0.4778 	 0.0513 	 0.5220 	 13.8310 	 8.0820 	 7.6306 	 0.4831 	 0.7363 	 0.0000 	 2.9301 	 0.0047 
21.0000 	 0.1787 	 0.0146 	 0.0262 	 1.5087 	 1.3598 	 6.4365 	 1.0240 	 2.5182 	 0.0000 	 0.8397 	 588.5201 	 21.0000 	 0.2887 	 0.3573 	 0.5914 	 10.4537 	 8.3721 	 3.1969 	 0.6463 	 1.3492 	 0.0000 	 2.9187 	 0.0037 
24.0000 	 0.1831 	 0.0012 	 0.0168 	 17.9959 	 9.4346 	 6.5990 	 0.5022 	 2.5197 	 0.0000 	 0.8325 	 588.5249 	 24.0000 	 0.0551 	 0.1381 	 0.3689 	 10.4792 	 7.0379 	 4.3373 	 2.8951 	 2.5646 	 0.0000 	 1.1357 	 0.0086 
18.0000 	 0.4511 	 0.0010 	 0.0509 	 38.7091 	 1.5784 	 6.7019 	 8.9164 	 2.5252 	 0.0000 	 0.8400 	 588.5524 	 18.0000 	 0.2973 	 0.8650 	 0.0983 	 3.8589 	 2.7509 	 2.5412 	 2.4607 	 1.5590 	 0.0000 	 0.9301 	 0.0035 
19.0000 	 0.2273 	 0.0025 	 0.0046 	 10.9765 	 6.7754 	 5.7478 	 0.2819 	 2.5153 	 0.0000 	 0.8371 	 588.5014 	 19.0000 	 0.3495 	 0.6366 	 0.1814 	 2.5069 	 6.3424 	 2.9816 	 2.8438 	 -0.1674 	 0.0000 	 0.5829 	 0.0029 
25.0000 	 0.2005 	 0.0065 	 0.0485 	 3.2619 	 4.2741 	 0.0000 	 1.0584 	 1.8521 	 0.0000 	 0.8410 	 588.5049 	 25.0000 	 0.2077 	 0.3831 	 0.9228 	 12.9046 	 3.8342 	 5.5977 	 2.3623 	 -2.9128 	 0.0000 	 1.4879 	 0.0026 
19.0000 	 0.6358 	 0.0394 	 0.0280 	 1.7703 	 7.6351 	 6.7739 	 0.4018 	 2.5246 	 0.0000 	 0.8426 	 588.6157 	 19.0000 	 0.8779 	 0.4128 	 0.6045 	 14.1064 	 8.1465 	 7.1537 	 2.5290 	 -1.1308 	 0.0000 	 2.0955 	 0.0037 
18.0000 	 0.2386 	 0.0092 	 0.0319 	 3.2266 	 4.1178 	 7.2810 	 0.0007 	 2.5227 	 0.0000 	 0.8420 	 588.4946 	 18.0000 	 0.3969 	 0.1314 	 0.7456 	 10.5997 	 5.2676 	 2.6591 	 1.2506 	 0.2247 	 0.0000 	 2.9607 	 0.0027 
17.0000 	 0.4565 	 0.0432 	 0.0116 	 1.1156 	 2.8992 	 5.9258 	 2.7390 	 2.5221 	 0.0000 	 0.8404 	 588.5308 	 17.0000 	 0.5446 	 0.7207 	 0.0550 	 4.4427 	 2.1948 	 0.7078 	 0.7210 	 2.9252 	 0.0000 	 2.8747 	 0.0029 
20.0000 	 0.5795 	 0.0082 	 0.5224 	 4.0942 	 9.1345 	 7.3767 	 2.2753 	 2.5342 	 0.0000 	 0.8327 	 552.2201 	 20.0000 	 0.6605 	 0.7680 	 0.7362 	 4.9734 	 9.5101 	 0.0670 	 2.4695 	 0.0615 	 0.0000 	 0.6990 	 0.3116 
17.0000 	 0.3268 	 0.0013 	 0.0598 	 26.0453 	 3.7167 	 0.0009 	 2.2854 	 1.0789 	 0.0000 	 0.8400 	 588.4991 	 17.0000 	 0.7035 	 0.1036 	 0.1755 	 2.8858 	 8.1889 	 5.6750 	 1.6521 	 -2.1407 	 0.0000 	 2.9848 	 0.0030 
30.0000 	 0.6217 	 0.0012 	 0.0902 	 38.9073 	 3.6332 	 1.0156 	 3.0859 	 2.5173 	 0.0000 	 0.8311 	 588.5893 	 30.0000 	 0.5613 	 0.1313 	 0.5475 	 11.2709 	 5.1137 	 9.0932 	 2.5774 	 1.6805 	 0.0000 	 0.3933 	 0.0049 
19.0000 	 0.2785 	 0.0094 	 0.1467 	 3.3110 	 0.0000 	 0.6737 	 1.6933 	 0.8134 	 0.0000 	 0.8226 	 588.6251 	 19.0000 	 0.5881 	 0.9879 	 0.6147 	 13.2991 	 2.9126 	 9.0017 	 1.1156 	 -2.5941 	 0.0000 	 2.0981 	 0.0029 
23.0000 	 0.3964 	 0.0010 	 0.0188 	 30.9284 	 3.7177 	 8.7543 	 0.5302 	 2.5256 	 0.0000 	 0.8472 	 588.5073 	 23.0000 	 0.1421 	 0.2518 	 0.8301 	 3.9124 	 4.2394 	 9.5134 	 2.0924 	 -0.8244 	 0.0000 	 2.6750 	 0.0511 
18.0000 	 0.0802 	 0.0026 	 0.0249 	 8.5739 	 5.7471 	 5.2539 	 0.0352 	 2.5137 	 0.0000 	 0.8388 	 588.7937 	 18.0000 	 0.6727 	 0.2283 	 0.1207 	 3.0075 	 4.9834 	 2.9558 	 2.2632 	 -1.9740 	 0.0000 	 1.2152 	 0.0048 
15.0000 	 0.2486 	 0.0178 	 0.0792 	 2.0315 	 0.0000 	 6.9072 	 1.2140 	 1.3129 	 0.0000 	 0.8203 	 588.6137 	 15.0000 	 0.5541 	 0.8321 	 0.8254 	 4.2683 	 2.9132 	 9.0394 	 2.2301 	 1.9465 	 0.0000 	 0.1997 	 0.0041 
16.0000 	 0.1337 	 0.0110 	 0.0045 	 2.5633 	 2.5700 	 6.3670 	 2.1786 	 2.5317 	 0.0000 	 0.8385 	 588.5776 	 16.0000 	 0.0931 	 0.2647 	 0.3139 	 10.7675 	 8.5102 	 2.8347 	 0.6935 	 0.4404 	 0.0000 	 1.7908 	 0.0031 
18.0000 	 0.0299 	 0.8750 	 0.0011 	 1.6017 	 2.4003 	 6.6094 	 1.0440 	 2.5215 	 0.0000 	 0.8389 	 588.4192 	 18.0000 	 0.8728 	 0.3466 	 0.1981 	 1.1291 	 8.4853 	 1.0709 	 0.3409 	 -0.6836 	 0.0000 	 0.0408 	 0.0011 
14.0000 	 0.2952 	 0.0152 	 0.0011 	 3.2027 	 2.6177 	 5.6922 	 4.9043 	 2.5205 	 0.0000 	 0.8462 	 588.5161 	 14.0000 	 0.8949 	 0.4455 	 0.3032 	 7.8358 	 8.5636 	 3.5463 	 2.7400 	 -0.4785 	 0.0000 	 2.4603 	 0.0031 
29.0000 	 0.2695 	 0.0160 	 0.0189 	 1.3257 	 5.7054 	 7.5943 	 0.0189 	 2.5196 	 0.0000 	 0.8395 	 588.4748 	 29.0000 	 0.7024 	 0.3273 	 0.2244 	 4.0972 	 6.8338 	 3.2753 	 1.9494 	 1.2498 	 0.0000 	 2.2623 	 0.0023 
18.0000 	 0.4263 	 0.0327 	 0.1829 	 1.2822 	 0.0000 	 0.0975 	 0.1183 	 2.4071 	 0.0000 	 0.8379 	 588.5040 	 18.0000 	 0.0555 	 0.3361 	 0.6818 	 9.4078 	 1.9199 	 3.7623 	 0.6032 	 2.5123 	 0.0000 	 2.9865 	 0.0049 
14.0000 	 0.1415 	 0.0055 	 0.0832 	 5.0490 	 2.4739 	 2.0533 	 3.4247 	 2.5137 	 0.0000 	 0.8393 	 588.6459 	 14.0000 	 0.1275 	 0.8728 	 0.5960 	 13.9142 	 3.4508 	 1.3920 	 1.4267 	 -2.3066 	 0.0000 	 0.7383 	 0.0059 
25.0000 	 0.8260 	 0.0290 	 0.0764 	 2.4809 	 9.0453 	 6.7467 	 1.1153 	 2.5325 	 0.0000 	 0.8474 	 588.6783 	 25.0000 	 0.8798 	 0.8024 	 0.9554 	 7.4931 	 5.5290 	 7.3659 	 1.0722 	 0.1863 	 0.0000 	 2.8894 	 0.0206 
17.0000 	 0.2577 	 0.0047 	 0.0034 	 6.2646 	 2.8295 	 1.6172 	 6.6405 	 2.5238 	 0.0000 	 0.8387 	 588.5191 	 17.0000 	 0.8011 	 0.4355 	 0.2018 	 11.7978 	 6.1809 	 3.4397 	 0.2885 	 -1.9099 	 0.0000 	 2.9025 	 0.0028 
23.0000 	 0.1023 	 0.0029 	 0.1230 	 7.0960 	 2.4068 	 5.8963 	 1.2848 	 2.5624 	 0.0000 	 0.8148 	 589.3075 	 23.0000 	 0.4266 	 0.8708 	 0.6646 	 9.6028 	 9.4437 	 5.1029 	 0.3358 	 1.0047 	 0.0000 	 1.2940 	 0.0038 
17.0000 	 0.3426 	 0.0043 	 0.1893 	 8.2632 	 2.8598 	 6.8444 	 0.6860 	 2.5274 	 0.0000 	 0.8342 	 588.5223 	 17.0000 	 0.3615 	 0.2033 	 0.3339 	 4.0277 	 3.8866 	 7.3614 	 1.0802 	 1.0368 	 0.0000 	 2.5617 	 0.0032 
14.0000 	 0.2434 	 0.0391 	 0.0124 	 1.0000 	 3.9491 	 3.3094 	 2.8932 	 2.5166 	 0.0000 	 0.8356 	 588.4950 	 14.0000 	 0.1178 	 0.2432 	 0.9040 	 11.6188 	 7.4483 	 3.3290 	 1.9368 	 -0.3172 	 0.0000 	 2.7889 	 0.0026 
16.0000 	 0.2115 	 0.0094 	 0.0096 	 3.7857 	 4.0883 	 7.5931 	 2.0760 	 2.5217 	 0.0000 	 0.8441 	 588.5010 	 16.0000 	 0.9361 	 0.1616 	 0.0227 	 8.4878 	 4.4959 	 4.4957 	 1.1279 	 1.1332 	 0.0000 	 1.0918 	 0.0023 
15.0000 	 0.2265 	 0.0080 	 0.0416 	 4.3417 	 4.2412 	 8.1201 	 1.4077 	 2.5200 	 0.0000 	 0.8430 	 588.4974 	 15.0000 	 0.3036 	 0.1412 	 0.9192 	 4.7859 	 5.8183 	 0.9296 	 1.6114 	 -2.4028 	 0.0000 	 2.7174 	 0.0028 
13.0000 	 0.3837 	 0.0016 	 0.0014 	 39.2101 	 6.3429 	 5.7174 	 2.0518 	 2.5138 	 0.0000 	 0.8369 	 588.5535 	 13.0000 	 0.9354 	 0.0394 	 0.0101 	 2.6985 	 2.3028 	 8.7491 	 1.7892 	 -0.5873 	 0.0000 	 0.7435 	 0.0040 
20.0000 	 0.3011 	 0.0013 	 0.0081 	 25.1740 	 7.2499 	 6.5941 	 3.5709 	 2.5216 	 0.0000 	 0.8382 	 588.4887 	 20.0000 	 0.7104 	 0.2592 	 0.5388 	 6.6174 	 8.1228 	 1.1637 	 2.3065 	 0.9599 	 0.0000 	 2.7257 	 0.0024 
25.0000 	 0.3800 	 0.0025 	 0.0482 	 10.3421 	 1.7797 	 0.0659 	 1.9801 	 1.5468 	 0.0000 	 0.8439 	 588.5079 	 25.0000 	 0.5555 	 0.1256 	 0.4679 	 14.8308 	 4.6676 	 0.1072 	 1.8775 	 -0.4961 	 0.0000 	 1.3697 	 0.0028 
16.0000 	 0.1377 	 0.0082 	 0.0136 	 3.1684 	 6.7600 	 5.0509 	 0.0432 	 2.5353 	 0.0000 	 0.8403 	 588.6261 	 16.0000 	 0.7829 	 0.1138 	 0.8397 	 6.5783 	 0.5347 	 7.6488 	 2.2140 	 -1.8078 	 0.0000 	 0.4025 	 0.0043 
16.0000 	 0.0227 	 0.9958 	 0.0060 	 4.8702 	 5.7556 	 8.9526 	 0.3776 	 2.5232 	 0.0000 	 0.8222 	 588.6887 	 16.0000 	 0.0131 	 0.7677 	 0.9513 	 4.5651 	 3.9183 	 5.1735 	 1.5251 	 2.8457 	 0.0000 	 1.9631 	 0.0015 
13.0000 	 0.2716 	 0.0275 	 0.0015 	 1.7475 	 4.4465 	 4.1666 	 0.6966 	 2.5181 	 0.0000 	 0.8407 	 588.4939 	 13.0000 	 0.7796 	 0.2244 	 0.5018 	 7.3824 	 3.9853 	 1.6549 	 1.0593 	 -1.1411 	 0.0000 	 2.5341 	 0.0029 
29.0000 	 0.2230 	 0.0045 	 0.0239 	 4.2643 	 4.1544 	 4.5961 	 5.2898 	 2.5207 	 0.0000 	 0.8405 	 588.4910 	 29.0000 	 0.0563 	 0.3195 	 0.6711 	 11.3389 	 9.8702 	 0.4307 	 0.8259 	 1.6988 	 0.0000 	 0.0472 	 0.0020 
14.0000 	 0.2461 	 0.0022 	 0.0072 	 16.9768 	 8.8924 	 3.8614 	 0.3191 	 2.5213 	 0.0000 	 0.8424 	 588.5032 	 14.0000 	 0.5851 	 0.1667 	 0.7754 	 6.7113 	 5.1598 	 4.0186 	 0.9861 	 0.4917 	 0.0000 	 0.2908 	 0.0026 
13.0000 	 0.2640 	 0.0011 	 0.0191 	 41.7854 	 5.0406 	 3.7278 	 2.4375 	 2.5247 	 0.0000 	 0.8373 	 588.5050 	 13.0000 	 0.7267 	 0.4534 	 0.2378 	 1.6393 	 2.5850 	 6.1679 	 1.9568 	 1.1337 	 0.0000 	 1.7343 	 0.0028 
11.0000 	 0.2057 	 0.0246 	 0.0022 	 2.1022 	 8.3702 	 4.4786 	 0.0039 	 2.5209 	 0.0000 	 0.8379 	 588.4975 	 11.0000 	 0.3166 	 0.9817 	 0.5344 	 4.1172 	 4.2798 	 3.3615 	 2.6824 	 1.0541 	 0.0000 	 2.4443 	 0.0021 
20.0000 	 0.3166 	 0.0015 	 0.0173 	 22.2397 	 5.1507 	 8.5239 	 1.4458 	 2.5195 	 0.0000 	 0.8379 	 588.4905 	 20.0000 	 0.1107 	 0.4073 	 0.9288 	 10.3000 	 0.7530 	 1.0208 	 1.7238 	 -2.7942 	 0.0000 	 1.4366 	 0.0025 
11.0000 	 0.1769 	 0.0162 	 0.0131 	 2.6449 	 4.3761 	 4.9960 	 1.3853 	 2.5207 	 0.0000 	 0.8416 	 588.5158 	 11.0000 	 0.9241 	 0.5379 	 0.1720 	 14.9954 	 5.0404 	 6.0496 	 2.0374 	 2.1218 	 0.0000 	 0.0598 	 0.0029 
22.0000 	 0.2497 	 0.0050 	 0.0486 	 5.1734 	 1.6711 	 2.4976 	 1.4405 	 2.5190 	 0.0000 	 0.8399 	 588.4837 	 22.0000 	 0.7636 	 0.1967 	 0.0893 	 12.8667 	 6.5354 	 1.7357 	 1.6569 	 -2.7770 	 0.0000 	 0.2951 	 0.0023 
17.0000 	 0.4371 	 0.0156 	 0.4008 	 2.5563 	 4.1718 	 0.7344 	 2.7309 	 2.4013 	 0.0000 	 0.8384 	 588.6357 	 17.0000 	 0.7434 	 0.8747 	 0.0823 	 14.4465 	 7.4587 	 1.9130 	 1.5302 	 0.2060 	 0.0000 	 0.2386 	 0.0056 
14.0000 	 0.3008 	 0.0010 	 0.0010 	 44.4744 	 8.2707 	 9.7879 	 3.6097 	 2.5179 	 0.0000 	 0.8389 	 588.4944 	 14.0000 	 0.7749 	 0.2068 	 0.5490 	 6.8002 	 6.4810 	 5.3773 	 1.2462 	 0.4726 	 0.0000 	 1.3464 	 0.0035 
20.0000 	 0.4709 	 0.0032 	 0.1313 	 11.4802 	 9.2887 	 4.5397 	 2.7736 	 2.5269 	 0.0000 	 0.8480 	 588.5432 	 20.0000 	 0.7562 	 0.2272 	 0.6694 	 12.8460 	 8.0716 	 4.0721 	 2.4528 	 2.9143 	 0.0000 	 1.0836 	 0.0032 
14.0000 	 0.2019 	 0.0083 	 0.0093 	 4.4352 	 5.9970 	 6.1579 	 1.7167 	 2.5208 	 0.0000 	 0.8372 	 588.4965 	 14.0000 	 0.2235 	 0.0177 	 0.6730 	 6.6732 	 2.6211 	 6.3410 	 2.5510 	 0.3499 	 0.0000 	 2.4286 	 0.0025 
14.0000 	 0.6358 	 0.0592 	 0.0017 	 2.5401 	 2.3987 	 5.0854 	 2.0588 	 2.5979 	 0.0000 	 0.9493 	 591.2396 	 14.0000 	 0.0171 	 0.4469 	 0.1753 	 6.9720 	 6.8108 	 7.5069 	 1.0750 	 1.2713 	 0.0000 	 0.9443 	 0.0735 
16.0000 	 0.2742 	 0.0031 	 0.0033 	 13.8535 	 2.2880 	 8.7223 	 1.7049 	 2.5182 	 0.0000 	 0.8423 	 588.4997 	 16.0000 	 0.7798 	 0.0788 	 0.7261 	 14.3165 	 5.0219 	 4.5404 	 1.9722 	 0.8895 	 0.0000 	 2.3124 	 0.0027 
10.0000 	 0.2522 	 0.0012 	 0.0137 	 49.8372 	 8.5644 	 7.0274 	 0.1930 	 2.5200 	 0.0000 	 0.8386 	 588.5038 	 10.0000 	 0.1113 	 0.7332 	 0.9091 	 9.6993 	 9.9337 	 2.4240 	 0.4361 	 0.2751 	 0.0000 	 2.5013 	 0.0023 
10.0000 	 0.4226 	 0.0313 	 0.0013 	 2.0651 	 0.0000 	 5.4953 	 1.2150 	 1.3061 	 0.0000 	 0.8398 	 588.5774 	 10.0000 	 0.1578 	 0.6283 	 0.4629 	 6.5727 	 5.2708 	 3.4080 	 2.1295 	 -0.6093 	 0.0000 	 1.0047 	 0.0097 
11.0000 	 0.1970 	 0.0149 	 0.0166 	 2.9083 	 4.5018 	 5.4840 	 1.9813 	 2.5208 	 0.0000 	 0.8380 	 588.5079 	 11.0000 	 0.2139 	 0.5460 	 0.5049 	 12.7669 	 4.0577 	 8.9194 	 0.8201 	 -2.1452 	 0.0000 	 1.2963 	 0.0030 
14.0000 	 0.2508 	 0.0168 	 0.0037 	 2.5143 	 1.9347 	 2.1935 	 0.8785 	 2.5214 	 0.0000 	 0.8373 	 588.4838 	 14.0000 	 0.8258 	 0.0393 	 0.3689 	 1.1222 	 8.8779 	 3.2590 	 1.0013 	 -2.7978 	 0.0000 	 2.3497 	 0.0038 
11.0000 	 0.0756 	 0.9124 	 0.0246 	 3.3875 	 2.0665 	 6.9387 	 3.0623 	 2.5195 	 0.0000 	 0.8374 	 588.4361 	 11.0000 	 0.8625 	 0.9653 	 0.2545 	 9.0807 	 1.6136 	 9.0863 	 2.2826 	 1.2784 	 0.0000 	 1.8940 	 0.0012 
27.0000 	 0.3303 	 0.0097 	 0.1216 	 2.8420 	 0.0113 	 4.0170 	 0.3628 	 2.2806 	 0.0000 	 0.8278 	 588.5504 	 27.0000 	 0.0011 	 0.6296 	 0.3649 	 7.5480 	 1.7358 	 5.7963 	 2.7085 	 1.9147 	 0.0000 	 2.1810 	 0.0034 
8.0000 	 0.5039 	 0.0074 	 0.0506 	 11.5322 	 2.0583 	 6.9246 	 3.4011 	 2.5222 	 0.0000 	 0.8295 	 588.7101 	 8.0000 	 0.1233 	 0.1296 	 0.1513 	 10.1028 	 2.0492 	 6.5155 	 0.6475 	 -2.8016 	 0.0000 	 1.3755 	 0.0052 
13.0000 	 0.2044 	 0.0389 	 0.0049 	 1.0003 	 3.3093 	 9.0524 	 1.6260 	 2.5230 	 0.0000 	 0.8392 	 588.4974 	 13.0000 	 0.3454 	 0.8745 	 0.0252 	 9.9131 	 5.4404 	 8.0672 	 1.0350 	 0.5754 	 0.0000 	 1.8583 	 0.0027 
13.0000 	 0.2789 	 0.0010 	 0.1942 	 41.0164 	 2.6174 	 1.3268 	 2.3068 	 2.5100 	 0.0000 	 0.8359 	 588.5034 	 13.0000 	 0.3472 	 0.5994 	 0.7318 	 5.4374 	 0.9508 	 2.0023 	 2.0273 	 2.7720 	 0.0000 	 2.8973 	 0.0075 
8.0000 	 0.3373 	 0.0126 	 0.1087 	 6.5646 	 8.4021 	 7.9496 	 2.0147 	 2.5247 	 0.0000 	 0.8360 	 588.5581 	 8.0000 	 0.7438 	 0.3104 	 0.4877 	 10.4180 	 3.8686 	 5.4944 	 0.0766 	 2.3648 	 0.0000 	 0.7493 	 0.0040 
15.0000 	 0.2008 	 0.0078 	 0.0037 	 4.2005 	 5.8214 	 4.1497 	 9.0959 	 2.5188 	 0.0000 	 0.8295 	 588.5360 	 15.0000 	 0.3578 	 0.6942 	 0.8482 	 9.1745 	 9.3694 	 6.6301 	 1.0907 	 -1.4362 	 0.0000 	 0.7685 	 0.0026 
14.0000 	 0.2366 	 0.0186 	 0.0023 	 2.2059 	 8.6196 	 6.6291 	 2.9590 	 2.5236 	 0.0000 	 0.8403 	 588.4944 	 14.0000 	 0.2738 	 0.2197 	 0.0990 	 11.0366 	 1.0472 	 9.8409 	 0.7849 	 -1.4545 	 0.0000 	 0.9968 	 0.0026 
18.0000 	 0.5510 	 0.0012 	 0.0013 	 48.6643 	 3.6076 	 2.2905 	 1.3890 	 2.5212 	 0.0000 	 0.8380 	 588.5628 	 18.0000 	 0.5525 	 0.0616 	 0.1182 	 13.9016 	 7.1480 	 3.6423 	 0.1999 	 -2.8971 	 0.0000 	 1.5135 	 0.0033 
27.0000 	 0.1887 	 0.0076 	 0.0016 	 2.6339 	 0.0000 	 2.1104 	 1.2450 	 1.2837 	 0.0000 	 0.8382 	 588.3701 	 27.0000 	 0.3508 	 0.2563 	 0.8558 	 13.2470 	 4.1941 	 6.2487 	 2.5249 	 1.8958 	 0.0000 	 1.4112 	 0.0047 
6.0000 	 0.0231 	 0.5003 	 0.0044 	 3.9461 	 6.4104 	 0.8171 	 0.9495 	 2.5161 	 0.0000 	 0.8391 	 588.3670 	 6.0000 	 0.4094 	 0.2128 	 0.7910 	 6.3979 	 8.6250 	 8.1875 	 1.3362 	 -0.8233 	 0.0000 	 2.2110 	 0.0006 
10.0000 	 0.3026 	 0.0170 	 0.0494 	 3.9299 	 2.5441 	 1.8732 	 1.6544 	 2.5159 	 0.0000 	 0.8364 	 588.5277 	 10.0000 	 0.2038 	 0.2493 	 0.8006 	 9.2534 	 8.0950 	 5.9132 	 2.2341 	 2.8108 	 0.0000 	 0.2370 	 0.0033 
13.0000 	 0.0134 	 0.4260 	 0.0027 	 14.4705 	 6.0577 	 6.0029 	 2.1166 	 2.5203 	 0.0000 	 0.8387 	 588.3603 	 13.0000 	 0.3693 	 0.3061 	 0.5445 	 5.3817 	 2.7652 	 2.5471 	 0.9407 	 -2.6525 	 0.0000 	 1.9956 	 0.0004 
20.0000 	 0.1676 	 0.0030 	 0.0039 	 7.6532 	 6.3170 	 3.7936 	 1.4626 	 2.5196 	 0.0000 	 0.8413 	 588.5265 	 20.0000 	 0.6460 	 0.7777 	 0.3856 	 5.7137 	 2.3180 	 0.8552 	 0.7207 	 -0.5004 	 0.0000 	 2.6314 	 0.0035 
9.0000 	 0.2285 	 0.0049 	 0.0687 	 11.0076 	 3.9900 	 5.2875 	 1.2100 	 2.5180 	 0.0000 	 0.8400 	 588.5084 	 9.0000 	 0.0272 	 0.9481 	 0.2377 	 5.2800 	 5.4256 	 3.9343 	 0.9434 	 -2.2374 	 0.0000 	 1.5931 	 0.0047 
7.0000 	 0.1616 	 0.0085 	 0.0049 	 8.2098 	 3.5300 	 0.0000 	 1.1417 	 1.7981 	 0.0000 	 0.8390 	 588.5070 	 7.0000 	 0.8906 	 0.2681 	 0.4512 	 10.1706 	 8.7988 	 6.2582 	 1.4867 	 0.2546 	 0.0000 	 0.3393 	 0.0052 
12.0000 	 0.3075 	 0.0404 	 0.0763 	 1.1614 	 8.6686 	 5.7995 	 0.4552 	 2.5150 	 0.0000 	 0.8456 	 588.5243 	 12.0000 	 0.0023 	 0.7524 	 0.9725 	 3.8075 	 3.2393 	 7.6112 	 2.2686 	 -2.4416 	 0.0000 	 0.5029 	 0.0189 
21.0000 	 0.4787 	 0.0170 	 0.0010 	 2.6896 	 1.0117 	 6.7817 	 0.5659 	 2.5210 	 0.0000 	 0.8415 	 588.5313 	 21.0000 	 0.9740 	 0.1241 	 0.4080 	 8.6241 	 1.6755 	 5.5040 	 1.4831 	 -1.4460 	 0.0000 	 0.2362 	 0.0040 
22.0000 	 0.5878 	 0.1779 	 0.0110 	 1.8581 	 0.3526 	 2.7091 	 4.5395 	 2.5350 	 0.0000 	 0.8395 	 591.9124 	 22.0000 	 0.5072 	 0.5604 	 0.6024 	 5.6347 	 3.0535 	 1.9243 	 1.8772 	 -1.9679 	 0.0000 	 1.7786 	 0.0702 
12.0000 	 0.2320 	 0.0342 	 0.0291 	 1.3472 	 5.4016 	 4.3482 	 2.5056 	 2.5230 	 0.0000 	 0.8389 	 588.4945 	 12.0000 	 0.6856 	 0.5029 	 0.1489 	 6.7519 	 8.3130 	 2.7047 	 1.5049 	 -1.0718 	 0.0000 	 0.3020 	 0.0030 
11.0000 	 0.0154 	 0.6861 	 0.0011 	 39.7182 	 3.5273 	 8.6122 	 0.0086 	 2.5198 	 0.0000 	 0.8382 	 588.3618 	 11.0000 	 0.9029 	 0.4833 	 0.3804 	 4.7293 	 7.3384 	 8.3703 	 1.2324 	 1.0629 	 0.0000 	 2.1905 	 0.0004 
13.0000 	 0.2824 	 0.0345 	 0.0736 	 1.4032 	 8.8226 	 1.9874 	 5.8288 	 2.5214 	 0.0000 	 0.8397 	 588.5028 	 13.0000 	 0.8529 	 0.5400 	 0.7029 	 14.0718 	 4.2015 	 1.7780 	 2.4806 	 -2.2480 	 0.0000 	 2.9402 	 0.0025 
6.0000 	 0.1966 	 0.0012 	 0.0182 	 49.9646 	 5.9808 	 0.3785 	 1.5431 	 2.4440 	 0.0000 	 0.8428 	 588.6075 	 6.0000 	 0.8206 	 0.3394 	 0.8484 	 11.4961 	 9.6861 	 2.9232 	 0.9767 	 1.2715 	 0.0000 	 1.8148 	 0.0058 
9.0000 	 0.1784 	 0.0294 	 0.0366 	 1.9479 	 2.5957 	 7.5593 	 1.7786 	 2.5355 	 0.0000 	 0.8341 	 588.5561 	 9.0000 	 0.3234 	 0.8336 	 0.4650 	 11.7803 	 8.8654 	 0.6085 	 2.8054 	 1.3291 	 0.0000 	 1.5940 	 0.0022 
4.0000 	 0.1523 	 0.0312 	 0.0024 	 3.4428 	 9.2221 	 6.0512 	 0.1562 	 2.5158 	 0.0000 	 0.8378 	 588.5394 	 4.0000 	 0.9762 	 0.7219 	 0.2593 	 9.9916 	 5.6568 	 4.8831 	 1.4058 	 -0.3676 	 0.0000 	 0.9239 	 0.0045 
8.0000 	 0.3211 	 0.0583 	 0.0044 	 1.0320 	 7.6807 	 4.7639 	 7.5599 	 2.5235 	 0.0000 	 0.8387 	 588.5750 	 8.0000 	 0.6640 	 0.4269 	 0.4403 	 4.2680 	 0.2262 	 7.4107 	 0.4265 	 -2.9145 	 0.0000 	 0.7451 	 0.0043 
16.0000 	 0.3821 	 0.0215 	 0.2664 	 2.9403 	 1.8141 	 1.9432 	 0.0481 	 2.5507 	 0.0000 	 0.8383 	 588.8429 	 16.0000 	 0.0631 	 0.9202 	 0.5107 	 14.7583 	 6.4766 	 9.0478 	 1.1869 	 -2.4456 	 0.0000 	 2.6143 	 0.0041 
11.0000 	 0.2863 	 0.0221 	 0.0576 	 2.5492 	 4.4189 	 6.5785 	 1.7146 	 2.5211 	 0.0000 	 0.8406 	 588.4984 	 11.0000 	 0.9136 	 0.1121 	 0.4202 	 12.5368 	 8.3940 	 7.1788 	 2.0672 	 -2.7096 	 0.0000 	 2.8682 	 0.0194 
3.0000 	 0.0280 	 0.7567 	 0.0061 	 1.4678 	 0.8826 	 5.5157 	 0.0000 	 2.5190 	 0.0000 	 0.8404 	 588.3906 	 3.0000 	 0.4093 	 0.1822 	 0.9050 	 13.3836 	 9.4187 	 1.9587 	 1.1610 	 0.7044 	 0.0000 	 0.1288 	 0.0009 
4.0000 	 0.1319 	 0.0066 	 0.0313 	 15.6475 	 5.1033 	 4.5737 	 0.2475 	 2.5239 	 0.0000 	 0.8373 	 588.5545 	 4.0000 	 0.0467 	 0.0659 	 0.3028 	 6.7939 	 5.1221 	 7.3698 	 0.5109 	 2.7641 	 0.0000 	 1.4100 	 0.0042 
9.0000 	 0.0171 	 0.4513 	 0.0025 	 21.9725 	 9.4814 	 9.3931 	 4.8243 	 2.5189 	 0.0000 	 0.8399 	 588.3648 	 9.0000 	 0.7314 	 0.9307 	 0.8585 	 11.6372 	 9.8883 	 4.4016 	 2.0098 	 -0.9234 	 0.0000 	 0.0670 	 0.0006 
9.0000 	 0.2131 	 0.0152 	 0.0207 	 4.1877 	 1.4158 	 9.0255 	 0.1815 	 2.5221 	 0.0000 	 0.8369 	 588.5059 	 9.0000 	 0.0129 	 0.7123 	 0.5723 	 9.6391 	 5.5350 	 6.8564 	 2.5520 	 -0.3359 	 0.0000 	 0.1021 	 0.0035 
7.0000 	 0.0182 	 0.8866 	 0.0038 	 17.0735 	 8.0549 	 5.3780 	 3.7570 	 2.5183 	 0.0000 	 0.8407 	 588.3672 	 7.0000 	 0.6893 	 0.4480 	 0.9614 	 7.9794 	 1.9907 	 6.7707 	 1.3723 	 2.7108 	 0.0000 	 1.7195 	 0.0005 
6.0000 	 0.1665 	 0.0290 	 0.0016 	 2.8202 	 6.8160 	 1.8056 	 4.7980 	 2.5010 	 0.0000 	 0.8400 	 588.5830 	 6.0000 	 0.1136 	 0.5548 	 0.0617 	 13.2561 	 4.9710 	 7.8979 	 0.7400 	 2.2057 	 0.0000 	 0.8600 	 0.0029 
1.0000 	 0.0187 	 0.4493 	 0.0322 	 5.8361 	 3.6222 	 7.8401 	 0.0000 	 2.5144 	 0.0000 	 0.8450 	 588.7143 	 1.0000 	 0.1756 	 0.5336 	 0.0217 	 7.1524 	 2.8286 	 5.4577 	 0.8447 	 -2.6956 	 0.0000 	 0.3933 	 0.0072 
11.0000 	 0.0282 	 0.0069 	 0.0044 	 3.3297 	 1.4373 	 2.4893 	 1.2626 	 2.5263 	 0.0000 	 0.8357 	 589.2950 	 11.0000 	 0.4575 	 0.8288 	 0.5329 	 2.8294 	 6.3041 	 9.8992 	 2.9661 	 -1.3666 	 0.0000 	 1.7249 	 0.0115 
1.0000 	 0.0300 	 0.2094 	 0.0579 	 2.5400 	 5.7608 	 0.0000 	 0.7961 	 2.0220 	 0.0000 	 0.8448 	 589.0201 	 1.0000 	 0.9902 	 0.4175 	 0.2188 	 6.8223 	 8.4566 	 4.5773 	 1.9998 	 -1.3551 	 0.0000 	 0.5963 	 0.0054 
1.0000 	 0.0241 	 0.9338 	 0.1593 	 1.1366 	 6.9775 	 9.5504 	 1.1856 	 2.5206 	 0.0000 	 0.8350 	 588.6520 	 1.0000 	 0.3722 	 0.8738 	 0.5569 	 5.8201 	 7.9972 	 8.8511 	 1.5557 	 0.3337 	 0.0000 	 1.6074 	 0.0056 
10.0000 	 0.2601 	 0.0094 	 0.0193 	 5.6533 	 3.8517 	 0.8515 	 0.3676 	 2.5153 	 0.0000 	 0.8392 	 588.5014 	 10.0000 	 0.5857 	 0.8498 	 0.7598 	 14.1835 	 8.5968 	 5.4338 	 1.6871 	 1.6981 	 0.0000 	 1.3376 	 0.0027 
4.0000 	 0.1754 	 0.0543 	 0.0390 	 1.9147 	 2.5255 	 3.8824 	 2.1055 	 2.5209 	 0.0000 	 0.8420 	 588.5501 	 4.0000 	 0.9900 	 0.8865 	 0.3623 	 8.1659 	 8.7577 	 6.6811 	 0.2188 	 -2.5082 	 0.0000 	 2.1848 	 0.0030 
8.0000 	 0.2276 	 0.0056 	 0.0746 	 12.3195 	 6.6359 	 8.2329 	 2.0684 	 2.4923 	 0.0000 	 0.8586 	 588.7612 	 8.0000 	 0.0506 	 0.1045 	 0.2434 	 14.5977 	 3.7212 	 1.3985 	 1.3174 	 2.5765 	 0.0000 	 2.5832 	 0.0394 
5.0000 	 0.0296 	 0.9058 	 0.0046 	 1.0461 	 9.4159 	 4.4192 	 1.4932 	 2.5217 	 0.0000 	 0.8417 	 588.3832 	 5.0000 	 0.7547 	 0.6605 	 0.7768 	 4.9466 	 8.0176 	 2.8864 	 2.1014 	 -0.6915 	 0.0000 	 2.7988 	 0.0014 
15.0000 	 0.2666 	 0.0093 	 0.0192 	 4.0486 	 3.9243 	 9.0325 	 0.0085 	 2.5201 	 0.0000 	 0.8405 	 588.4895 	 15.0000 	 0.4286 	 0.1338 	 0.6894 	 13.4420 	 7.0901 	 3.6124 	 0.0436 	 -1.4567 	 0.0000 	 2.4867 	 0.0028 
19.0000 	 0.2406 	 0.0023 	 0.0016 	 12.0002 	 2.2644 	 5.0731 	 3.4921 	 2.5247 	 0.0000 	 0.8409 	 588.4965 	 19.0000 	 0.4044 	 0.3339 	 0.1483 	 3.1027 	 8.2438 	 3.4429 	 2.6450 	 -2.0286 	 0.0000 	 0.3352 	 0.0041 
8.0000 	 0.5901 	 0.0362 	 0.7238 	 3.7329 	 6.9138 	 0.3409 	 1.3836 	 2.2492 	 0.0000 	 0.8396 	 588.6785 	 8.0000 	 0.5751 	 0.9810 	 0.0784 	 6.0128 	 8.2956 	 2.8304 	 0.0070 	 1.0504 	 0.0000 	 1.3339 	 0.0104 
26.0000 	 0.1642 	 0.0044 	 0.0025 	 4.3878 	 1.4664 	 6.5908 	 0.4473 	 2.5204 	 0.0000 	 0.8405 	 588.5143 	 26.0000 	 0.5461 	 0.0746 	 0.5626 	 5.0477 	 7.0616 	 5.2179 	 0.3695 	 -2.7925 	 0.0000 	 2.7657 	 0.0051 
4.0000 	 0.1621 	 0.0612 	 0.0310 	 1.7060 	 9.5805 	 3.6713 	 0.0000 	 2.5344 	 0.0000 	 0.8369 	 588.5720 	 4.0000 	 0.6249 	 0.9202 	 0.0652 	 10.5672 	 7.5152 	 1.8376 	 2.0379 	 -0.4924 	 0.0000 	 0.1674 	 0.0041 
10.0000 	 0.2378 	 0.0221 	 0.0018 	 2.6496 	 6.3510 	 0.6870 	 0.7311 	 2.5200 	 0.0000 	 0.8387 	 588.4957 	 10.0000 	 0.2381 	 0.9008 	 0.9288 	 12.0205 	 6.3756 	 0.7563 	 0.8036 	 -0.3047 	 0.0000 	 1.0547 	 0.0024 
8.0000 	 0.1679 	 0.0368 	 0.0867 	 1.5253 	 7.8499 	 9.9913 	 0.0000 	 2.5169 	 0.0000 	 0.8431 	 588.5364 	 8.0000 	 0.4016 	 0.2822 	 0.0705 	 11.6712 	 5.7475 	 4.5838 	 0.7651 	 -1.5323 	 0.0000 	 1.8337 	 0.0160 
18.0000 	 0.0309 	 0.8753 	 0.0121 	 1.7079 	 8.5153 	 7.1006 	 6.7420 	 2.5184 	 0.0000 	 0.8408 	 588.3630 	 18.0000 	 0.3696 	 0.1151 	 0.3395 	 3.2280 	 8.4973 	 5.0244 	 2.6238 	 -1.9650 	 0.0000 	 1.2383 	 0.0005 
9.0000 	 0.2638 	 0.0351 	 0.0091 	 2.0374 	 3.2141 	 7.7208 	 7.8844 	 2.5135 	 0.0000 	 0.8415 	 588.5141 	 9.0000 	 0.7766 	 0.6139 	 0.9651 	 3.8217 	 7.4604 	 4.8031 	 0.4837 	 0.4548 	 0.0000 	 0.2258 	 0.0033 
7.0000 	 0.0776 	 0.0011 	 0.0239 	 27.3044 	 5.1514 	 3.0713 	 2.0904 	 2.4082 	 0.0000 	 0.8763 	 592.2985 	 7.0000 	 0.7664 	 0.8085 	 0.7718 	 1.1867 	 1.2124 	 0.1366 	 1.2773 	 -2.1147 	 0.0000 	 2.5718 	 0.0462 
3.0000 	 0.3926 	 0.0157 	 0.4535 	 13.8950 	 0.8642 	 0.0425 	 1.7632 	 1.4949 	 0.0000 	 0.8398 	 589.0769 	 3.0000 	 0.5947 	 0.6902 	 0.6296 	 11.9247 	 6.0018 	 0.5276 	 0.2722 	 1.6264 	 0.0000 	 0.8090 	 0.0164 
2.0000 	 0.1088 	 0.0312 	 0.0577 	 5.7257 	 6.5941 	 6.6918 	 1.1026 	 2.5156 	 0.0000 	 0.8402 	 588.6606 	 2.0000 	 0.6298 	 0.7041 	 0.2452 	 3.9489 	 1.7071 	 2.9651 	 2.7025 	 -0.8157 	 0.0000 	 2.3489 	 0.0052 
7.0000 	 0.2345 	 0.0482 	 0.0409 	 2.4870 	 6.2598 	 7.1094 	 1.0942 	 2.5488 	 0.0000 	 0.8388 	 588.9455 	 7.0000 	 0.9744 	 0.1150 	 0.8627 	 5.1077 	 4.4254 	 4.4521 	 0.5581 	 0.3664 	 0.0000 	 1.8882 	 0.0053 
6.0000 	 0.0539 	 1.0000 	 0.0044 	 1.2066 	 3.5254 	 4.1309 	 2.4741 	 2.4668 	 0.0000 	 0.7304 	 594.1744 	 6.0000 	 0.3848 	 0.1613 	 0.2424 	 9.9730 	 2.1941 	 2.0536 	 0.5515 	 0.7769 	 0.0000 	 0.2098 	 0.0034 
7.0000 	 0.1817 	 0.0017 	 0.0039 	 41.6341 	 3.1833 	 9.3105 	 0.9636 	 2.5233 	 0.0000 	 0.8379 	 588.5065 	 7.0000 	 0.7102 	 0.2148 	 0.2913 	 4.7240 	 7.8763 	 4.5573 	 0.1866 	 0.4824 	 0.0000 	 1.9752 	 0.0030 
5.0000 	 0.1423 	 0.0150 	 0.1015 	 6.6603 	 5.5627 	 0.0000 	 2.2555 	 1.0789 	 0.0000 	 0.8327 	 588.6475 	 5.0000 	 0.6786 	 0.2121 	 0.5011 	 10.5258 	 6.0642 	 0.5490 	 0.6614 	 0.3868 	 0.0000 	 1.7692 	 0.0030 
2.0000 	 0.1002 	 0.1332 	 0.0818 	 1.4373 	 2.2739 	 6.4336 	 0.0030 	 2.5233 	 0.0000 	 0.8399 	 588.6305 	 2.0000 	 0.2201 	 0.1759 	 0.6134 	 2.8476 	 9.0160 	 6.7389 	 0.4059 	 2.2563 	 0.0000 	 1.1220 	 0.0052 
26.0000 	 0.7225 	 0.0343 	 0.0175 	 1.5222 	 1.7051 	 3.2310 	 7.6683 	 2.5201 	 0.0000 	 0.8339 	 588.5804 	 26.0000 	 0.4047 	 0.0424 	 0.0523 	 2.2550 	 2.5870 	 2.2043 	 2.3677 	 0.6809 	 0.0000 	 2.5862 	 0.0197 
21.0000 	 0.4732 	 0.0013 	 0.7223 	 29.6814 	 0.0224 	 2.9308 	 1.4499 	 1.2477 	 0.0000 	 0.7491 	 590.1230 	 21.0000 	 0.9687 	 0.3568 	 0.1393 	 3.4024 	 5.8084 	 9.3229 	 1.3333 	 0.8319 	 0.0000 	 0.5528 	 0.0149 
12.0000 	 0.1922 	 0.0102 	 0.0263 	 3.9815 	 5.2793 	 7.4750 	 1.3595 	 2.5186 	 0.0000 	 0.8428 	 588.5133 	 12.0000 	 0.9625 	 0.7468 	 0.6714 	 5.6789 	 7.4802 	 2.6906 	 2.7119 	 -0.0284 	 0.0000 	 2.7940 	 0.0033 
8.0000 	 0.3553 	 0.0321 	 0.1647 	 2.5079 	 8.9741 	 7.1235 	 0.0981 	 2.5223 	 0.0000 	 0.8428 	 588.5492 	 8.0000 	 0.7648 	 0.8557 	 0.9895 	 13.3659 	 7.4244 	 2.1558 	 0.4993 	 -2.7919 	 0.0000 	 1.0535 	 0.0080 
4.0000 	 0.2698 	 0.0317 	 0.0481 	 4.6702 	 4.3246 	 6.2671 	 0.0106 	 2.5267 	 0.0000 	 0.8411 	 588.6824 	 4.0000 	 0.1491 	 0.6270 	 0.2487 	 13.8643 	 7.2659 	 3.6203 	 1.2443 	 -1.2809 	 0.0000 	 2.3812 	 0.0221 
3.0000 	 0.4118 	 0.8284 	 0.0082 	 11.5602 	 2.7336 	 0.0157 	 0.9577 	 1.9479 	 0.0000 	 0.8380 	 589.3875 	 3.0000 	 0.9505 	 0.3142 	 0.7592 	 4.7493 	 6.7222 	 6.5951 	 1.7763 	 1.9738 	 0.0000 	 0.8754 	 0.0127 
5.0000 	 0.1055 	 0.8981 	 0.0458 	 2.5663 	 0.0922 	 1.9607 	 1.1906 	 2.2602 	 0.0000 	 0.7895 	 588.6250 	 5.0000 	 0.3622 	 0.5447 	 0.8392 	 8.2150 	 0.6798 	 3.0108 	 2.4372 	 1.4572 	 0.0000 	 1.1123 	 0.0029 
6.0000 	 0.5170 	 0.1049 	 0.0676 	 1.2041 	 0.0000 	 9.7091 	 0.8715 	 1.6059 	 0.0000 	 0.8584 	 589.2679 	 6.0000 	 0.4958 	 0.9185 	 0.5165 	 1.1822 	 5.2235 	 7.2866 	 0.6055 	 1.0665 	 0.0000 	 0.5347 	 0.0087 
4.0000 	 0.1715 	 0.0033 	 0.0313 	 32.4929 	 7.4683 	 3.0355 	 0.2609 	 2.5220 	 0.0000 	 0.8384 	 588.5399 	 4.0000 	 0.7092 	 0.0034 	 0.3530 	 9.9296 	 6.7986 	 1.7309 	 0.1595 	 1.5246 	 0.0000 	 1.7696 	 0.0030 
2.0000 	 0.2874 	 0.5292 	 0.0012 	 1.9107 	 0.4442 	 9.7935 	 2.4043 	 2.5196 	 0.0000 	 0.8411 	 589.3167 	 2.0000 	 0.4024 	 0.8385 	 0.9738 	 2.1415 	 2.3823 	 8.5601 	 1.8562 	 -1.6889 	 0.0000 	 2.3895 	 0.0411 
16.0000 	 0.3159 	 0.0040 	 0.2233 	 10.4646 	 0.5456 	 0.0282 	 0.1310 	 2.4402 	 0.0000 	 0.8403 	 588.5077 	 16.0000 	 0.3007 	 0.8657 	 0.7235 	 8.1105 	 5.0694 	 3.2880 	 2.4526 	 -2.8012 	 0.0000 	 1.0693 	 0.0032 
5.0000 	 0.6618 	 0.0392 	 0.0024 	 31.0269 	 3.2048 	 0.0000 	 2.1726 	 1.1469 	 0.0000 	 0.8531 	 589.6934 	 5.0000 	 0.6232 	 0.6175 	 0.7333 	 12.7898 	 8.0928 	 0.4295 	 2.0634 	 -2.0508 	 0.0000 	 2.2938 	 0.0269 
3.0000 	 0.3619 	 0.0902 	 0.0014 	 1.0630 	 9.7815 	 0.6928 	 0.0000 	 2.5132 	 0.0000 	 0.8417 	 589.0245 	 3.0000 	 0.6666 	 0.7356 	 0.2710 	 2.8400 	 9.9291 	 1.1039 	 2.8351 	 -1.4771 	 0.0000 	 1.9467 	 0.0092 
12.0000 	 0.0894 	 0.0012 	 0.1533 	 26.4165 	 0.5664 	 1.1914 	 3.3340 	 2.3086 	 0.0000 	 0.9088 	 585.9505 	 12.0000 	 0.0700 	 0.5084 	 0.0805 	 14.1220 	 9.9832 	 2.4606 	 2.8864 	 -2.7450 	 0.0000 	 2.7250 	 0.1000 
1.0000 	 0.0242 	 0.0715 	 0.0028 	 47.4236 	 9.6499 	 4.9962 	 8.5757 	 2.5139 	 0.0000 	 0.8423 	 588.8322 	 1.0000 	 0.6857 	 0.2387 	 0.0826 	 4.0677 	 8.9907 	 9.0032 	 2.1781 	 -2.2863 	 0.0000 	 2.9711 	 0.0360 
24.0000 	 0.4136 	 0.0127 	 0.0147 	 2.5317 	 8.6528 	 4.3977 	 0.0383 	 2.5239 	 0.0000 	 0.8410 	 588.4989 	 24.0000 	 0.1979 	 0.6300 	 0.9502 	 10.9686 	 1.1077 	 4.5476 	 0.9233 	 -2.1699 	 0.0000 	 2.4637 	 0.0025 
2.0000 	 0.0272 	 0.7802 	 0.0132 	 12.5315 	 2.4553 	 3.0638 	 0.0007 	 2.5170 	 0.0000 	 0.8366 	 588.4024 	 2.0000 	 0.5806 	 0.8562 	 0.3505 	 5.6975 	 5.6693 	 2.4770 	 1.9999 	 2.0311 	 0.0000 	 2.6796 	 0.0032 
5.0000 	 0.1494 	 0.0126 	 0.1085 	 6.3172 	 2.2601 	 7.3618 	 0.0504 	 2.5210 	 0.0000 	 0.8369 	 585.2819 	 5.0000 	 0.4994 	 0.0157 	 0.5333 	 7.6666 	 4.0652 	 3.6587 	 2.7315 	 2.1290 	 0.0000 	 1.4757 	 0.0213 
1.0000 	 0.0234 	 0.4209 	 0.0329 	 4.0027 	 5.5488 	 3.0987 	 1.2767 	 2.5208 	 0.0000 	 0.8430 	 588.6260 	 1.0000 	 0.6053 	 0.6172 	 0.0752 	 1.3631 	 8.6775 	 3.8991 	 0.3402 	 2.1851 	 0.0000 	 0.6556 	 0.0070 
3.0000 	 0.0347 	 0.7134 	 0.0093 	 1.6696 	 5.3077 	 3.9636 	 0.7125 	 2.5206 	 0.0000 	 0.8414 	 588.3973 	 3.0000 	 0.7204 	 0.6702 	 0.8286 	 2.9698 	 4.0465 	 0.2751 	 2.8735 	 -1.0215 	 0.0000 	 1.5261 	 0.0011 
2.0000 	 0.1167 	 0.0146 	 0.0048 	 12.2891 	 1.7065 	 1.7541 	 5.4335 	 2.5093 	 0.0000 	 0.8558 	 588.7533 	 2.0000 	 0.6145 	 0.0337 	 0.0891 	 10.8914 	 4.4358 	 4.0109 	 1.6766 	 -1.0473 	 0.0000 	 0.3613 	 0.0332 
19.0000 	 0.2632 	 0.0033 	 0.0010 	 9.3710 	 0.7045 	 8.9777 	 0.0000 	 2.5214 	 0.0000 	 0.8390 	 588.4736 	 19.0000 	 0.3480 	 0.1964 	 0.6266 	 1.3505 	 3.0578 	 1.2522 	 0.1602 	 -1.1180 	 0.0000 	 0.1296 	 0.0040 
4.0000 	 0.2146 	 0.0025 	 0.0376 	 42.4706 	 3.3972 	 8.6923 	 2.1530 	 2.5193 	 0.0000 	 0.8371 	 588.5499 	 4.0000 	 0.3346 	 0.4413 	 0.8905 	 8.3543 	 2.3984 	 8.5042 	 1.7710 	 -2.1119 	 0.0000 	 0.9043 	 0.0096 
9.0000 	 0.1787 	 0.0430 	 0.0171 	 1.2548 	 0.3990 	 7.0989 	 1.9271 	 2.5179 	 0.0000 	 0.8391 	 588.5044 	 9.0000 	 0.3650 	 0.8142 	 0.4072 	 7.4912 	 7.0160 	 2.5757 	 1.2627 	 1.2903 	 0.0000 	 1.4004 	 0.0028 
24.0000 	 0.3316 	 0.0044 	 0.0252 	 6.4602 	 7.6516 	 7.8174 	 4.0617 	 2.5211 	 0.0000 	 0.8403 	 588.4892 	 24.0000 	 0.3221 	 0.7055 	 0.5042 	 9.6094 	 5.7336 	 8.7656 	 1.9046 	 0.6642 	 0.0000 	 0.6054 	 0.0042 
1.0000 	 0.4101 	 0.0053 	 0.2842 	 22.9693 	 6.5320 	 9.4043 	 8.3665 	 2.5195 	 0.0000 	 0.8403 	 590.0943 	 1.0000 	 0.9704 	 0.5301 	 0.1461 	 6.6967 	 2.0188 	 4.6707 	 2.1766 	 -1.3222 	 0.0000 	 1.4023 	 0.1775 
15.0000 	 0.0177 	 0.4945 	 0.0020 	 19.3075 	 4.7967 	 1.0460 	 0.4695 	 2.5202 	 0.0000 	 0.8399 	 588.3672 	 15.0000 	 0.4302 	 0.7521 	 0.0139 	 4.5689 	 5.2745 	 0.9302 	 0.9785 	 0.2341 	 0.0000 	 2.2744 	 0.0007 
9.0000 	 0.3820 	 0.0043 	 0.2741 	 18.0377 	 5.3866 	 1.7116 	 3.4489 	 2.5101 	 0.0000 	 0.8417 	 588.5447 	 9.0000 	 0.4057 	 0.0502 	 0.6083 	 10.4238 	 5.5252 	 7.6616 	 2.4329 	 2.9359 	 0.0000 	 2.2204 	 0.0031 
6.0000 	 0.3265 	 0.0883 	 0.1246 	 1.0102 	 4.9602 	 1.8208 	 0.0687 	 2.5151 	 0.0000 	 0.8375 	 588.5760 	 6.0000 	 0.7103 	 0.0397 	 0.0384 	 11.8945 	 9.0595 	 5.7043 	 0.3799 	 2.6184 	 0.0000 	 0.5372 	 0.0035 
23.0000 	 0.1654 	 0.0011 	 0.0014 	 22.0906 	 6.8641 	 2.7136 	 3.8049 	 2.5225 	 0.0000 	 0.8388 	 588.5303 	 23.0000 	 0.7846 	 0.3142 	 0.8450 	 1.6139 	 0.5653 	 5.1607 	 2.5640 	 1.5132 	 0.0000 	 1.5054 	 0.0020 
18.0000 	 0.6835 	 0.3878 	 0.0234 	 5.8203 	 4.0120 	 3.7099 	 2.0095 	 2.5228 	 0.0000 	 0.8596 	 589.3640 	 18.0000 	 0.2384 	 0.4346 	 0.6819 	 12.9568 	 8.8412 	 5.4133 	 2.2280 	 -0.6110 	 0.0000 	 0.4715 	 0.0106 
5.0000 	 0.1665 	 0.0289 	 0.0037 	 3.5225 	 3.2307 	 2.9425 	 0.0006 	 2.5201 	 0.0000 	 0.8419 	 588.5212 	 5.0000 	 0.6749 	 0.6468 	 0.6901 	 1.4538 	 5.5677 	 0.5031 	 2.2244 	 0.2168 	 0.0000 	 0.6303 	 0.0028 
23.0000 	 0.0125 	 0.6213 	 0.0021 	 12.2722 	 4.6978 	 2.3441 	 2.0495 	 2.5190 	 0.0000 	 0.8388 	 588.3598 	 23.0000 	 0.4906 	 0.4356 	 0.1216 	 11.1708 	 2.6135 	 2.8888 	 2.9932 	 1.7613 	 0.0000 	 2.3189 	 0.0010 
12.0000 	 0.2858 	 0.0012 	 0.0429 	 25.2866 	 3.7603 	 0.0000 	 1.3479 	 1.6516 	 0.0000 	 0.8459 	 588.7457 	 12.0000 	 0.8235 	 0.3009 	 0.1476 	 11.9724 	 0.0450 	 0.2206 	 1.5305 	 1.3396 	 0.0000 	 2.4866 	 0.0129 
3.0000 	 0.1682 	 0.0220 	 0.0515 	 6.2606 	 3.5666 	 7.9113 	 1.8212 	 2.5226 	 0.0000 	 0.8399 	 588.5743 	 3.0000 	 0.1140 	 0.2327 	 0.9387 	 7.2191 	 1.4592 	 9.5270 	 0.4035 	 1.7747 	 0.0000 	 1.0625 	 0.0037 
17.0000 	 0.4769 	 0.0113 	 0.4519 	 4.3144 	 5.7413 	 0.3616 	 3.3833 	 1.9489 	 0.0000 	 0.8179 	 588.7269 	 17.0000 	 0.6394 	 0.0969 	 0.3462 	 11.6819 	 1.2842 	 6.5593 	 1.5764 	 -2.5726 	 0.0000 	 1.0882 	 0.0063 
2.0000 	 0.2801 	 0.1295 	 0.9988 	 2.0790 	 0.8140 	 1.9741 	 0.8837 	 2.4508 	 0.0000 	 0.8418 	 589.1090 	 2.0000 	 0.8298 	 0.1008 	 0.7944 	 10.9395 	 0.9442 	 6.4557 	 1.0213 	 1.5220 	 0.0000 	 1.8002 	 0.0109 
21.0000 	 0.2242 	 0.0112 	 0.0112 	 2.3388 	 6.0215 	 4.9833 	 1.6941 	 2.5217 	 0.0000 	 0.8384 	 588.4885 	 21.0000 	 0.4777 	 0.3924 	 0.8869 	 2.4846 	 3.2411 	 5.4168 	 2.5486 	 0.7591 	 0.0000 	 2.5709 	 0.0027 
20.0000 	 0.0090 	 0.5326 	 0.0025 	 10.4677 	 6.9042 	 0.6552 	 0.0005 	 2.5212 	 0.0000 	 0.8382 	 588.3647 	 20.0000 	 0.1841 	 0.9108 	 0.1703 	 11.9395 	 3.6639 	 0.7374 	 1.1816 	 2.8475 	 0.0000 	 0.4840 	 0.0014 
15.0000 	 0.7381 	 0.1373 	 0.0452 	 1.6887 	 7.7105 	 3.9350 	 0.8547 	 2.5443 	 0.0000 	 0.8333 	 589.5076 	 15.0000 	 0.3621 	 0.6543 	 0.4449 	 4.3588 	 5.7361 	 0.4313 	 2.1344 	 -2.7729 	 0.0000 	 2.0147 	 0.0230 
12.0000 	 0.5197 	 0.0086 	 0.0362 	 8.2216 	 6.0880 	 5.0084 	 2.6764 	 2.5220 	 0.0000 	 0.8391 	 588.5924 	 12.0000 	 0.6023 	 0.0660 	 0.1075 	 13.3300 	 1.1242 	 3.7807 	 2.3146 	 1.8440 	 0.0000 	 0.6364 	 0.0046 
17.0000 	 0.2013 	 0.0018 	 0.0502 	 17.0270 	 1.7391 	 1.7553 	 1.5127 	 2.5200 	 0.0000 	 0.8396 	 588.5041 	 17.0000 	 0.3577 	 0.5570 	 0.5483 	 12.5926 	 2.0866 	 1.5224 	 1.0468 	 -1.3487 	 0.0000 	 0.4825 	 0.0028 
10.0000 	 0.0373 	 0.3098 	 0.0015 	 31.7312 	 3.1888 	 5.1831 	 2.3901 	 2.5234 	 0.0000 	 0.8494 	 588.4988 	 10.0000 	 0.2104 	 0.9994 	 0.7500 	 9.9907 	 3.9279 	 7.6188 	 2.2734 	 -1.1224 	 0.0000 	 1.6312 	 0.0010 
20.0000 	 0.0226 	 1.0000 	 0.0058 	 6.1625 	 9.9983 	 0.0000 	 1.8995 	 1.3193 	 0.0000 	 0.8416 	 588.3715 	 20.0000 	 0.8861 	 0.5940 	 0.0765 	 12.8026 	 9.1870 	 2.7903 	 0.8969 	 -0.9715 	 0.0000 	 1.5486 	 0.0009 
15.0000 	 0.2437 	 0.0160 	 0.0188 	 2.3819 	 2.9538 	 2.7067 	 0.6821 	 2.5156 	 0.0000 	 0.8408 	 588.4907 	 15.0000 	 0.2354 	 0.6883 	 0.6742 	 2.1583 	 1.0455 	 9.2936 	 1.2276 	 2.7440 	 0.0000 	 2.4743 	 0.0022 
19.0000 	 0.6518 	 0.0189 	 0.0019 	 2.6683 	 9.7240 	 3.8442 	 0.0011 	 2.5112 	 0.0000 	 0.8400 	 588.6409 	 19.0000 	 0.7011 	 0.9759 	 0.1906 	 11.0835 	 7.3093 	 0.7718 	 2.8489 	 -0.8847 	 0.0000 	 1.8524 	 0.0103 
14.0000 	 0.1693 	 0.0176 	 0.0245 	 1.7748 	 0.2697 	 0.7641 	 1.1101 	 2.4631 	 0.0000 	 0.8406 	 588.5474 	 14.0000 	 0.0584 	 0.7558 	 0.4244 	 14.7972 	 1.1866 	 9.6689 	 1.5717 	 2.0690 	 0.0000 	 2.6669 	 0.0049 
7.0000 	 0.3433 	 0.0046 	 0.0099 	 20.4646 	 3.3098 	 3.6256 	 0.0904 	 2.5108 	 0.0000 	 0.8435 	 588.6154 	 7.0000 	 0.3346 	 0.4865 	 0.6040 	 4.7940 	 1.2823 	 6.3659 	 2.2719 	 1.6165 	 0.0000 	 1.6383 	 0.0042 
7.0000 	 0.0889 	 0.4931 	 0.0209 	 5.6802 	 7.5922 	 0.0006 	 0.3936 	 2.2897 	 0.0000 	 0.8448 	 588.7390 	 7.0000 	 0.8407 	 0.9139 	 0.5807 	 10.4505 	 6.7773 	 4.5648 	 0.4584 	 0.7595 	 0.0000 	 1.2414 	 0.0048 
18.0000 	 0.3668 	 0.0126 	 0.0102 	 2.9584 	 4.9670 	 7.8140 	 2.5015 	 2.5201 	 0.0000 	 0.8383 	 588.5025 	 18.0000 	 0.9117 	 0.6401 	 0.5273 	 10.7713 	 5.0909 	 7.5494 	 2.2297 	 2.6979 	 0.0000 	 1.3482 	 0.0029 
13.0000 	 0.1131 	 0.0025 	 0.0295 	 13.1138 	 0.5583 	 6.0892 	 1.2342 	 2.5151 	 0.0000 	 0.8377 	 588.6196 	 13.0000 	 0.9904 	 0.3096 	 0.0082 	 12.3963 	 6.1189 	 8.5748 	 0.0232 	 1.4179 	 0.0000 	 0.7070 	 0.0051 
17.0000 	 0.2944 	 0.0132 	 0.0026 	 2.6839 	 3.2822 	 6.6230 	 1.5386 	 2.5203 	 0.0000 	 0.8380 	 588.4936 	 17.0000 	 0.5446 	 0.4268 	 0.9674 	 12.3724 	 5.2382 	 4.2490 	 0.2781 	 1.4950 	 0.0000 	 2.9029 	 0.0034 
5.0000 	 0.1293 	 0.9694 	 0.1068 	 1.3642 	 2.9504 	 1.0661 	 1.1300 	 2.4848 	 0.0000 	 0.8457 	 588.6467 	 5.0000 	 0.8177 	 0.3450 	 0.9219 	 1.5920 	 8.9774 	 0.8059 	 0.7225 	 2.3927 	 0.0000 	 0.5380 	 0.0049 
13.0000 	 0.7597 	 0.9943 	 0.0038 	 47.0910 	 0.9364 	 0.1324 	 1.8474 	 1.9048 	 0.0000 	 0.8307 	 589.3753 	 13.0000 	 0.7998 	 0.4323 	 0.0121 	 1.6915 	 2.7342 	 0.6310 	 1.4792 	 0.4461 	 0.0000 	 1.1522 	 0.0193 
16.0000 	 0.2639 	 0.0198 	 0.0062 	 1.8343 	 5.5272 	 3.5386 	 2.7058 	 2.5217 	 0.0000 	 0.8388 	 588.4877 	 16.0000 	 0.9987 	 0.2049 	 0.6317 	 5.1959 	 7.6013 	 4.3308 	 0.7872 	 -0.7158 	 0.0000 	 1.4867 	 0.0023 
11.0000 	 0.2138 	 0.0365 	 0.0013 	 1.2979 	 1.9261 	 1.4215 	 2.9615 	 2.5203 	 0.0000 	 0.8410 	 588.4947 	 11.0000 	 0.7321 	 0.6653 	 0.6580 	 8.3697 	 1.3754 	 3.8588 	 1.3051 	 -1.3983 	 0.0000 	 2.2553 	 0.0025 
3.0000 	 0.1350 	 0.3677 	 0.0081 	 12.2543 	 9.3370 	 4.3670 	 0.1032 	 2.5221 	 0.0000 	 0.8316 	 588.9389 	 3.0000 	 0.8804 	 0.9110 	 0.0601 	 11.8009 	 9.1152 	 3.9133 	 2.0986 	 -0.4225 	 0.0000 	 1.1759 	 0.0062 
2.0000 	 0.1186 	 0.0966 	 0.0226 	 2.1982 	 3.1483 	 5.1945 	 0.0000 	 2.5169 	 0.0000 	 0.8470 	 588.6595 	 2.0000 	 0.9165 	 0.8165 	 0.1953 	 13.5522 	 6.1565 	 6.1825 	 1.5225 	 1.9694 	 0.0000 	 2.2800 	 0.0069 
11.0000 	 0.2165 	 0.0063 	 0.0010 	 7.6519 	 9.3700 	 7.9051 	 0.0919 	 2.5212 	 0.0000 	 0.8392 	 588.4854 	 11.0000 	 0.2607 	 0.7375 	 0.8159 	 14.6439 	 8.1896 	 5.6535 	 1.6551 	 -2.9150 	 0.0000 	 0.6852 	 0.0026 
16.0000 	 0.2939 	 0.0204 	 0.0067 	 1.8078 	 2.3419 	 5.9371 	 1.9050 	 2.5239 	 0.0000 	 0.8378 	 588.4949 	 16.0000 	 0.2617 	 0.2439 	 0.9917 	 5.6256 	 7.1939 	 1.2942 	 2.8520 	 -0.2570 	 0.0000 	 0.5859 	 0.0024 
10.0000 	 0.3607 	 0.0016 	 0.1359 	 37.3996 	 0.0000 	 7.0053 	 1.1674 	 1.3541 	 0.0000 	 0.8403 	 588.5185 	 10.0000 	 0.1957 	 0.7985 	 0.8595 	 2.9487 	 7.7926 	 4.1781 	 0.6043 	 0.1195 	 0.0000 	 0.2198 	 0.0090 
15.0000 	 0.2611 	 0.0027 	 0.0050 	 13.3433 	 3.1730 	 8.6028 	 2.5956 	 2.5244 	 0.0000 	 0.8393 	 588.4996 	 15.0000 	 0.1934 	 0.6206 	 0.8190 	 3.7574 	 1.8762 	 6.3370 	 2.0660 	 1.3566 	 0.0000 	 1.1249 	 0.0027 
8.0000 	 0.1895 	 0.0062 	 0.0026 	 10.6657 	 6.8411 	 7.8362 	 3.6623 	 2.5226 	 0.0000 	 0.8375 	 588.4971 	 8.0000 	 0.5531 	 0.1648 	 0.1176 	 3.1551 	 1.4645 	 7.4144 	 1.5555 	 -0.5110 	 0.0000 	 1.2566 	 0.0029 
15.0000 	 0.2299 	 0.0105 	 0.0181 	 3.3215 	 2.0405 	 5.6797 	 0.3124 	 2.5182 	 0.0000 	 0.8417 	 588.4956 	 15.0000 	 0.9395 	 0.1751 	 0.1954 	 7.4691 	 0.8517 	 7.1957 	 1.7782 	 -2.4895 	 0.0000 	 1.7974 	 0.0025 
10.0000 	 0.3369 	 0.0065 	 0.0255 	 9.4140 	 8.0167 	 0.8281 	 2.9575 	 2.5106 	 0.0000 	 0.8403 	 588.5275 	 10.0000 	 0.2883 	 0.8850 	 0.3760 	 10.1143 	 1.5859 	 1.0001 	 1.6159 	 -0.9464 	 0.0000 	 1.3712 	 0.0031 
12.0000 	 0.2003 	 0.0031 	 0.0494 	 14.6941 	 6.8269 	 6.5920 	 0.9182 	 2.5195 	 0.0000 	 0.8395 	 588.5173 	 12.0000 	 0.4756 	 0.2251 	 0.9252 	 8.7007 	 3.8481 	 1.5294 	 2.7156 	 -0.6677 	 0.0000 	 2.8022 	 0.0022 
6.0000 	 0.0260 	 0.0976 	 0.4317 	 1.0021 	 4.4506 	 1.4457 	 5.9300 	 2.4447 	 0.0000 	 0.0000 	 805.6338 	 6.0000 	 0.8916 	 0.4595 	 0.8546 	 14.5186 	 8.1509 	 3.1589 	 0.0343 	 0.9965 	 0.0000 	 0.3533 	 0.0549 
8.0000 	 0.0496 	 0.6570 	 0.0034 	 12.4658 	 6.4044 	 0.1350 	 1.5378 	 2.0532 	 0.0000 	 0.8345 	 588.6491 	 8.0000 	 0.4241 	 0.3492 	 0.8796 	 13.6773 	 3.6438 	 5.0133 	 0.8985 	 1.3168 	 0.0000 	 1.7269 	 0.0018 
13.0000 	 0.5225 	 0.0013 	 0.0384 	 37.7049 	 3.4539 	 6.1330 	 0.6724 	 2.5345 	 0.0000 	 0.8390 	 588.6678 	 13.0000 	 0.7126 	 0.9748 	 0.4261 	 4.5688 	 9.7073 	 5.6713 	 2.8968 	 -0.6347 	 0.0000 	 0.8013 	 0.0065 
12.0000 	 0.0570 	 0.9100 	 0.0126 	 5.1924 	 5.7822 	 5.2093 	 3.9625 	 2.5215 	 0.0000 	 0.8403 	 588.4347 	 12.0000 	 0.5509 	 0.6734 	 0.3410 	 5.4835 	 3.5629 	 9.5259 	 1.2341 	 -0.8319 	 0.0000 	 0.0620 	 0.0012 
6.0000 	 0.4250 	 0.0344 	 0.0014 	 2.7980 	 3.9842 	 6.6266 	 0.0372 	 2.5137 	 0.0000 	 0.8155 	 588.8713 	 6.0000 	 0.2357 	 0.7651 	 0.7913 	 5.2938 	 8.4256 	 3.8637 	 0.3033 	 0.0762 	 0.0000 	 2.0459 	 0.0042 
7.0000 	 0.1608 	 0.0471 	 0.0227 	 1.2485 	 3.3827 	 8.6445 	 2.0456 	 2.5305 	 0.0000 	 0.8524 	 588.6026 	 7.0000 	 0.6100 	 0.0593 	 0.0329 	 7.5894 	 2.6273 	 7.7708 	 1.2856 	 0.4147 	 0.0000 	 2.3991 	 0.0053 
3.0000 	 0.0897 	 0.8787 	 0.0379 	 2.7384 	 6.7177 	 0.0078 	 2.0630 	 1.2514 	 0.0000 	 0.8362 	 588.7476 	 3.0000 	 0.7685 	 0.8574 	 0.5009 	 7.7477 	 0.2058 	 4.0740 	 0.5254 	 0.8536 	 0.0000 	 2.5044 	 0.0041 
4.0000 	 0.1100 	 0.0272 	 0.0620 	 3.5942 	 3.5095 	 3.0389 	 2.5202 	 2.5192 	 0.0000 	 0.8320 	 588.5770 	 4.0000 	 0.6282 	 0.8797 	 0.2388 	 7.3863 	 0.0171 	 6.6016 	 1.4286 	 -1.7827 	 0.0000 	 1.9238 	 0.0741 
1.0000 	 0.0459 	 0.0917 	 0.0379 	 5.2305 	 6.8542 	 5.6482 	 3.0579 	 2.5071 	 0.0000 	 0.8342 	 589.0281 	 1.0000 	 0.7361 	 0.0584 	 0.4713 	 13.5667 	 4.0032 	 3.5135 	 0.0706 	 -0.1202 	 0.0000 	 0.5720 	 0.0270 
9.0000 	 0.2012 	 0.0121 	 0.0280 	 4.7071 	 2.6923 	 7.2798 	 0.0000 	 2.5202 	 0.0000 	 0.8392 	 588.5022 	 9.0000 	 0.7197 	 0.6735 	 0.0949 	 14.7202 	 0.6737 	 5.4670 	 2.8497 	 1.6756 	 0.0000 	 0.6281 	 0.0038 
11.0000 	 0.3211 	 0.0404 	 0.0063 	 2.2043 	 0.8752 	 5.5629 	 1.4399 	 2.5409 	 0.0000 	 0.8478 	 588.8069 	 11.0000 	 0.3239 	 0.3989 	 0.6629 	 13.7086 	 5.1063 	 5.3605 	 2.4618 	 2.5656 	 0.0000 	 2.4638 	 0.0108 
4.0000 	 0.1951 	 0.0482 	 0.0208 	 3.0706 	 4.8624 	 7.2562 	 3.6714 	 2.5336 	 0.0000 	 0.8469 	 588.6572 	 4.0000 	 0.9091 	 0.4132 	 0.0330 	 5.7115 	 8.3511 	 9.7548 	 0.1432 	 -2.2073 	 0.0000 	 2.0458 	 0.0046 
1.0000 	 0.0192 	 0.8427 	 0.0342 	 6.8464 	 6.2476 	 4.5330 	 0.7076 	 2.5119 	 0.0000 	 0.8398 	 588.6259 	 1.0000 	 0.1253 	 0.2797 	 0.0288 	 9.1333 	 2.8344 	 1.4155 	 2.0634 	 0.5408 	 0.0000 	 1.9918 	 0.0079 
2.0000 	 0.1058 	 0.0039 	 0.0397 	 47.3628 	 8.5606 	 3.6012 	 2.3088 	 2.5207 	 0.0000 	 0.8397 	 588.6737 	 2.0000 	 0.7387 	 0.6967 	 0.9094 	 8.0789 	 5.3857 	 3.5074 	 2.7856 	 -0.0706 	 0.0000 	 1.5556 	 0.0047 
9.0000 	 0.6143 	 0.0239 	 0.0010 	 5.6362 	 2.1358 	 7.1757 	 1.1953 	 2.5107 	 0.0000 	 0.8422 	 588.8313 	 9.0000 	 0.1385 	 0.3569 	 0.7886 	 9.0152 	 9.8170 	 7.0534 	 0.5179 	 2.9054 	 0.0000 	 0.0224 	 0.0082 
10.0000 	 0.4877 	 0.0221 	 0.0033 	 3.7813 	 2.4546 	 0.8375 	 2.4359 	 2.5143 	 0.0000 	 0.8509 	 588.6532 	 10.0000 	 0.6842 	 0.9762 	 0.2398 	 1.5028 	 3.9056 	 5.9878 	 0.8802 	 -0.7749 	 0.0000 	 1.4289 	 0.0053 
6.0000 	 0.1783 	 0.0371 	 0.0093 	 2.2379 	 1.1450 	 3.6033 	 3.5527 	 2.5173 	 0.0000 	 0.8413 	 588.5165 	 6.0000 	 0.3379 	 0.6168 	 0.6473 	 12.9902 	 7.5028 	 6.2890 	 0.1716 	 0.9664 	 0.0000 	 0.2171 	 0.0043 
5.0000 	 0.1704 	 0.0253 	 0.0531 	 3.6825 	 6.6754 	 6.2213 	 1.7056 	 2.5196 	 0.0000 	 0.8386 	 588.5186 	 5.0000 	 0.1918 	 0.7653 	 0.0319 	 12.8782 	 8.6165 	 6.8072 	 1.9284 	 -2.5355 	 0.0000 	 1.8716 	 0.0076 
8.0000 	 0.4396 	 0.0491 	 0.0101 	 1.6490 	 2.0832 	 7.7747 	 2.2381 	 2.5196 	 0.0000 	 0.8378 	 588.6226 	 8.0000 	 0.0362 	 0.4836 	 0.3154 	 12.2804 	 6.2358 	 7.0714 	 2.5514 	 2.8963 	 0.0000 	 0.9558 	 0.0063 
3.0000 	 0.1228 	 0.0480 	 0.0036 	 3.0998 	 7.9831 	 3.0250 	 0.1208 	 2.5122 	 0.0000 	 0.8439 	 588.5667 	 3.0000 	 0.1377 	 0.2400 	 0.6406 	 2.4619 	 6.6558 	 5.5284 	 0.4959 	 2.1108 	 0.0000 	 1.3079 	 0.0032 
2.0000 	 0.0537 	 0.3476 	 0.0110 	 4.1184 	 6.2304 	 5.1874 	 0.0084 	 2.5395 	 0.0000 	 0.8497 	 588.6808 	 2.0000 	 0.3230 	 0.9993 	 0.7141 	 6.3624 	 1.1432 	 0.8887 	 2.9704 	 -2.7973 	 0.0000 	 2.8903 	 0.0045 
6.0000 	 0.2231 	 0.0843 	 0.0339 	 1.0129 	 3.0992 	 8.8331 	 2.2454 	 2.5221 	 0.0000 	 0.8369 	 588.5178 	 6.0000 	 0.1366 	 0.9406 	 0.6443 	 2.9437 	 9.1091 	 5.4371 	 1.1040 	 -1.1090 	 0.0000 	 0.8834 	 0.0033 
5.0000 	 0.0262 	 0.0634 	 0.0010 	 49.0798 	 0.3644 	 9.4566 	 0.0000 	 2.5200 	 0.0000 	 0.8412 	 588.3786 	 5.0000 	 0.5766 	 0.1635 	 0.2148 	 9.4815 	 4.3518 	 5.5566 	 0.5724 	 2.2717 	 0.0000 	 2.9443 	 0.0007 
4.0000 	 0.0249 	 0.6089 	 0.0011 	 2.4486 	 8.7867 	 7.5793 	 2.6285 	 2.5222 	 0.0000 	 0.8405 	 588.3791 	 4.0000 	 0.5362 	 0.0772 	 0.7213 	 2.7656 	 9.7853 	 4.3042 	 0.5454 	 -0.5073 	 0.0000 	 0.7684 	 0.0008 
1.0000 	 0.0491 	 0.3645 	 0.0075 	 2.3292 	 6.9710 	 8.9233 	 0.4749 	 2.5391 	 0.0000 	 0.8386 	 588.9953 	 1.0000 	 0.0724 	 0.1381 	 0.8968 	 8.3803 	 0.1830 	 5.2739 	 1.3609 	 -2.5471 	 0.0000 	 0.8489 	 0.0079 
