50.0000 	 3.6214 	 5.3193 	 9.6718 	 7.0269 	 8.4440 	 0.0000 	 0.4667 	 773.2998 	 50.0000 	 1.5265 	 8.8643 	 9.0149 	 0.0259 	 2.3132 	 0.0000 	 1.9063 	 0.0030 
50.0000 	 3.5290 	 4.2045 	 0.0000 	 6.0092 	 4.6434 	 0.0000 	 0.4652 	 773.2745 	 50.0000 	 1.2735 	 3.4125 	 2.5473 	 1.5405 	 -0.9848 	 0.0000 	 2.5722 	 0.0026 
50.0000 	 3.5024 	 9.8024 	 3.3952 	 9.3608 	 8.4403 	 0.0000 	 0.4647 	 773.2823 	 50.0000 	 0.8370 	 8.7088 	 2.8652 	 2.1193 	 1.7622 	 0.0000 	 0.8216 	 0.0024 
50.0000 	 3.8560 	 8.7955 	 5.1066 	 0.2279 	 7.3028 	 0.0000 	 2.6393 	 875.7267 	 50.0000 	 0.4980 	 3.9713 	 2.3820 	 0.9741 	 2.4760 	 0.0000 	 0.7874 	 0.0037 
50.0000 	 3.8052 	 7.9820 	 1.3920 	 0.0000 	 7.3111 	 0.0000 	 2.6414 	 875.7213 	 50.0000 	 2.4198 	 4.9059 	 2.5688 	 0.8077 	 1.3871 	 0.0000 	 0.5493 	 0.0041 
49.0000 	 0.0172 	 8.9504 	 8.2207 	 6.0622 	 1.3932 	 0.0000 	 2.4755 	 1326.3715 	 49.0000 	 0.4462 	 5.5704 	 5.3945 	 2.8197 	 -1.8150 	 0.0000 	 2.5259 	 0.0000 
50.0000 	 3.5078 	 6.7140 	 1.5548 	 0.8821 	 8.4188 	 0.0000 	 0.4637 	 773.3301 	 50.0000 	 1.9744 	 9.7375 	 7.3233 	 0.3994 	 -2.6685 	 0.0000 	 2.9751 	 0.0027 
49.0000 	 3.5484 	 2.3070 	 0.0522 	 0.7290 	 8.0120 	 0.0000 	 0.4661 	 773.2667 	 49.0000 	 2.8196 	 6.6652 	 2.2875 	 1.7370 	 2.0959 	 0.0000 	 2.6831 	 0.0031 
49.0000 	 3.4815 	 8.2562 	 9.3812 	 2.0036 	 8.4423 	 0.0000 	 0.4663 	 773.2701 	 49.0000 	 1.9033 	 6.6171 	 3.9646 	 1.8467 	 -2.5766 	 0.0000 	 0.6984 	 0.0054 
49.0000 	 3.1719 	 0.1038 	 5.2100 	 7.8922 	 0.5713 	 0.0000 	 0.4230 	 608.6184 	 49.0000 	 1.6488 	 2.7649 	 3.3699 	 0.3665 	 -1.2739 	 0.0000 	 2.1286 	 0.0613 
49.0000 	 4.1608 	 6.0255 	 2.6682 	 6.8462 	 8.4146 	 0.0000 	 0.4570 	 773.8717 	 49.0000 	 2.2230 	 7.4453 	 5.4833 	 2.2685 	 1.0933 	 0.0000 	 2.4592 	 0.0032 
50.0000 	 4.6259 	 0.0477 	 6.2861 	 7.8132 	 0.6898 	 0.0000 	 0.2738 	 610.2358 	 50.0000 	 1.7053 	 2.6724 	 7.5501 	 0.7888 	 -1.2051 	 0.0000 	 2.3760 	 0.0073 
48.0000 	 5.9929 	 5.4932 	 8.2227 	 3.6299 	 7.2803 	 0.0000 	 2.7092 	 876.7323 	 48.0000 	 1.8407 	 2.2668 	 1.7560 	 0.8602 	 -1.1970 	 0.0000 	 1.2602 	 0.0313 
50.0000 	 3.8271 	 0.0673 	 4.6536 	 7.6250 	 0.8811 	 0.0000 	 0.1498 	 608.7482 	 50.0000 	 2.7393 	 5.5284 	 8.7681 	 1.9231 	 0.4774 	 0.0000 	 1.1956 	 0.0050 
50.0000 	 3.6469 	 0.0663 	 2.8599 	 9.8875 	 -1.3756 	 0.0000 	 0.1548 	 606.7135 	 50.0000 	 1.0547 	 8.1289 	 0.8638 	 0.9487 	 -0.8461 	 0.0000 	 0.5506 	 0.0047 
47.0000 	 3.7121 	 6.0131 	 0.0015 	 5.9995 	 3.5202 	 0.0000 	 2.6458 	 875.7066 	 47.0000 	 0.7511 	 3.0498 	 0.6928 	 1.2776 	 -1.3555 	 0.0000 	 2.8556 	 0.0028 
49.0000 	 3.7433 	 5.1050 	 4.1241 	 0.0000 	 7.3367 	 0.0000 	 2.6531 	 875.7384 	 49.0000 	 0.4053 	 9.2256 	 6.6696 	 0.7140 	 -0.0385 	 0.0000 	 0.3299 	 0.0102 
47.0000 	 5.4990 	 6.2695 	 8.4326 	 5.3394 	 8.4521 	 0.0000 	 0.4419 	 774.8440 	 47.0000 	 1.1159 	 4.5899 	 1.9839 	 2.3116 	 2.5298 	 0.0000 	 1.6084 	 0.0041 
50.0000 	 3.8499 	 0.0614 	 3.4713 	 8.7275 	 -0.2159 	 0.0000 	 0.2903 	 607.0869 	 50.0000 	 2.9423 	 0.9018 	 4.8423 	 1.1922 	 0.9178 	 0.0000 	 2.6948 	 0.0042 
49.0000 	 5.3505 	 8.4192 	 5.2356 	 5.2313 	 7.3433 	 0.0000 	 2.6798 	 876.3188 	 49.0000 	 1.3621 	 2.8612 	 0.6302 	 0.2051 	 0.8599 	 0.0000 	 1.2371 	 0.0033 
49.0000 	 3.7960 	 0.0620 	 3.3862 	 8.7115 	 -0.2008 	 0.0000 	 0.2244 	 607.0486 	 49.0000 	 1.5934 	 1.8262 	 8.1199 	 1.2068 	 0.3757 	 0.0000 	 0.5142 	 0.0059 
49.0000 	 3.7732 	 9.7475 	 9.2329 	 2.0644 	 7.3013 	 0.0000 	 2.6455 	 875.7195 	 49.0000 	 1.5564 	 8.2160 	 8.9581 	 2.5455 	 1.4768 	 0.0000 	 1.6212 	 0.0028 
48.0000 	 3.4353 	 8.3437 	 8.3851 	 0.2429 	 8.4417 	 0.0000 	 0.4662 	 773.2704 	 48.0000 	 2.9877 	 4.3857 	 3.3619 	 0.7997 	 -1.8856 	 0.0000 	 2.7950 	 0.0032 
48.0000 	 3.4292 	 6.7846 	 0.0001 	 9.8266 	 2.2319 	 0.0000 	 0.4738 	 773.3014 	 48.0000 	 2.8271 	 6.9460 	 8.6143 	 0.1580 	 -0.8809 	 0.0000 	 0.4899 	 0.0023 
48.0000 	 4.3602 	 3.9276 	 2.2784 	 6.4998 	 7.2933 	 0.0000 	 2.6599 	 875.8993 	 48.0000 	 2.6940 	 3.1618 	 1.7667 	 2.3692 	 1.7786 	 0.0000 	 1.8716 	 0.0029 
48.0000 	 4.3280 	 4.9402 	 4.6814 	 5.0475 	 7.2839 	 0.0000 	 2.7142 	 876.0558 	 48.0000 	 2.6907 	 3.3905 	 4.1723 	 1.0358 	 0.6926 	 0.0000 	 1.6946 	 0.0029 
48.0000 	 3.7807 	 0.0609 	 3.3487 	 8.8886 	 -0.3763 	 0.0000 	 0.2539 	 606.9411 	 48.0000 	 2.4850 	 8.3503 	 4.7166 	 0.4254 	 -1.1123 	 0.0000 	 1.9698 	 0.0044 
48.0000 	 3.5886 	 0.0686 	 3.4934 	 8.6796 	 -0.1669 	 0.0000 	 0.2760 	 607.1221 	 48.0000 	 0.8062 	 6.7236 	 2.2859 	 1.5589 	 1.1945 	 0.0000 	 0.9512 	 0.0130 
49.0000 	 3.4754 	 8.5214 	 6.6558 	 1.7932 	 8.4427 	 0.0000 	 0.4659 	 773.2729 	 49.0000 	 2.4333 	 8.2842 	 3.9047 	 0.2641 	 0.9999 	 0.0000 	 0.2706 	 0.0026 
47.0000 	 3.6642 	 9.6108 	 0.0088 	 1.6918 	 6.2522 	 0.0000 	 2.6509 	 875.7080 	 47.0000 	 1.3675 	 2.2452 	 8.0567 	 1.5959 	 2.0352 	 0.0000 	 0.5505 	 0.0028 
48.0000 	 3.4042 	 3.1722 	 5.6828 	 0.1547 	 8.4422 	 0.0000 	 0.4659 	 773.2663 	 48.0000 	 0.4026 	 3.5196 	 0.5350 	 0.9027 	 2.9905 	 0.0000 	 2.7472 	 0.0028 
46.0000 	 3.6883 	 9.9952 	 9.7464 	 7.5176 	 7.3023 	 0.0000 	 2.6593 	 875.7195 	 46.0000 	 2.5051 	 6.9862 	 5.8413 	 0.3366 	 0.4844 	 0.0000 	 2.7528 	 0.0049 
46.0000 	 3.6144 	 0.2914 	 9.2018 	 0.1865 	 7.2332 	 0.0000 	 2.6425 	 875.6546 	 46.0000 	 1.3065 	 9.0920 	 0.7212 	 1.9854 	 0.5239 	 0.0000 	 2.0303 	 0.0035 
46.0000 	 3.5320 	 5.5360 	 3.9527 	 1.4842 	 7.2971 	 0.0000 	 2.6376 	 875.7126 	 46.0000 	 1.6239 	 3.6542 	 8.1952 	 0.0808 	 2.1584 	 0.0000 	 0.4551 	 0.0036 
45.0000 	 3.6310 	 6.4552 	 0.0003 	 9.9997 	 0.9863 	 0.0000 	 2.6414 	 875.7002 	 45.0000 	 1.9806 	 3.6378 	 8.8403 	 0.8324 	 -0.2160 	 0.0000 	 0.6760 	 0.0029 
45.0000 	 4.2561 	 5.4489 	 6.4669 	 2.2519 	 7.3181 	 0.0000 	 2.6695 	 875.9661 	 45.0000 	 1.5590 	 5.9487 	 0.9697 	 0.1668 	 -2.1671 	 0.0000 	 2.4979 	 0.0030 
47.0000 	 3.6033 	 1.8718 	 0.0000 	 2.2298 	 5.8913 	 0.0000 	 2.6425 	 875.7150 	 47.0000 	 0.1360 	 4.2663 	 7.3612 	 0.2380 	 -1.2386 	 0.0000 	 2.4876 	 0.0037 
47.0000 	 3.7876 	 0.0590 	 3.2584 	 9.1533 	 -0.6384 	 0.0000 	 0.2751 	 606.8582 	 47.0000 	 0.6675 	 2.5561 	 7.5154 	 1.9364 	 1.1669 	 0.0000 	 0.3491 	 0.0102 
47.0000 	 3.6577 	 0.0617 	 3.0743 	 9.3821 	 -0.8707 	 0.0000 	 0.2060 	 606.7619 	 47.0000 	 1.3281 	 1.9748 	 4.3328 	 1.8408 	 0.7839 	 0.0000 	 0.8636 	 0.0040 
45.0000 	 0.0260 	 5.7130 	 6.6932 	 1.9657 	 5.4893 	 0.0000 	 2.4780 	 1326.3713 	 45.0000 	 0.3565 	 0.5357 	 8.8122 	 1.0216 	 -2.0905 	 0.0000 	 0.8843 	 0.0000 
47.0000 	 3.7894 	 3.4241 	 6.6797 	 3.0864 	 7.3462 	 0.0000 	 2.6267 	 875.7592 	 47.0000 	 0.7984 	 4.3915 	 6.3235 	 2.0582 	 2.9490 	 0.0000 	 2.0548 	 0.0026 
45.0000 	 3.5034 	 0.0305 	 0.0098 	 0.8745 	 6.7235 	 0.0000 	 2.6648 	 875.7302 	 45.0000 	 0.9684 	 8.0376 	 9.3934 	 1.3261 	 1.2879 	 0.0000 	 1.8609 	 0.0066 
45.0000 	 3.5741 	 5.9083 	 5.5842 	 0.0002 	 7.3050 	 0.0000 	 2.6417 	 875.6996 	 45.0000 	 1.9717 	 6.9046 	 0.0221 	 0.8343 	 -2.6599 	 0.0000 	 2.2375 	 0.0029 
45.0000 	 3.5811 	 0.0655 	 3.5092 	 8.5185 	 -0.0095 	 0.0000 	 0.1299 	 607.1779 	 45.0000 	 2.3265 	 7.6782 	 4.7331 	 0.9984 	 -1.6501 	 0.0000 	 0.4570 	 0.0047 
45.0000 	 3.5135 	 0.1390 	 8.6963 	 0.5139 	 6.9681 	 0.0000 	 2.6208 	 875.5473 	 45.0000 	 2.7894 	 9.8467 	 1.3468 	 0.9286 	 1.4444 	 0.0000 	 0.5101 	 0.0029 
46.0000 	 3.5233 	 1.0047 	 0.3481 	 4.8377 	 5.2220 	 0.0000 	 2.5754 	 875.0411 	 46.0000 	 2.8781 	 0.3242 	 1.5053 	 2.8974 	 -2.5049 	 0.0000 	 0.1464 	 0.0027 
43.0000 	 3.4900 	 6.8121 	 6.3020 	 3.5514 	 7.3088 	 0.0000 	 2.6446 	 875.6863 	 43.0000 	 0.1449 	 3.9606 	 7.0895 	 1.1076 	 1.1399 	 0.0000 	 0.9266 	 0.0026 
43.0000 	 3.6137 	 0.0611 	 3.9964 	 8.1590 	 0.3484 	 0.0000 	 0.2983 	 607.6135 	 43.0000 	 2.9019 	 9.6903 	 2.3072 	 2.7598 	 2.3732 	 0.0000 	 1.8938 	 0.0045 
43.0000 	 3.4898 	 4.3603 	 1.8412 	 5.2914 	 7.2364 	 0.0000 	 2.6515 	 875.6974 	 43.0000 	 0.1525 	 0.5250 	 0.1531 	 2.4868 	 2.5735 	 0.0000 	 1.1650 	 0.0029 
44.0000 	 3.3278 	 1.1705 	 0.0137 	 2.0922 	 7.1401 	 0.0000 	 0.4687 	 773.2448 	 44.0000 	 0.4848 	 0.3979 	 0.5380 	 1.0496 	 1.7027 	 0.0000 	 1.0808 	 0.0050 
44.0000 	 3.3502 	 7.6466 	 3.4338 	 0.0000 	 7.3008 	 0.0000 	 2.6440 	 875.7532 	 44.0000 	 0.5700 	 6.1611 	 3.4792 	 0.7735 	 1.2798 	 0.0000 	 2.0394 	 0.0049 
43.0000 	 3.3966 	 0.0747 	 4.5889 	 7.8409 	 0.6627 	 0.0000 	 0.0709 	 608.1877 	 43.0000 	 0.3388 	 5.2555 	 7.5597 	 0.4410 	 -0.9468 	 0.0000 	 1.0894 	 0.0124 
43.0000 	 3.1410 	 7.8306 	 4.9078 	 0.5431 	 8.4385 	 0.0000 	 0.4742 	 773.2831 	 43.0000 	 1.6937 	 6.2137 	 7.5169 	 0.6321 	 1.7419 	 0.0000 	 1.6864 	 0.0041 
46.0000 	 3.6944 	 6.2910 	 0.0000 	 8.4060 	 1.9887 	 0.0000 	 2.6460 	 875.7016 	 46.0000 	 0.5832 	 2.4849 	 6.7726 	 1.5084 	 -2.4384 	 0.0000 	 0.4457 	 0.0042 
43.0000 	 3.2280 	 1.5873 	 0.0002 	 6.8192 	 4.1328 	 0.0000 	 0.4638 	 773.2334 	 43.0000 	 2.8568 	 1.5169 	 6.5663 	 1.2789 	 0.8752 	 0.0000 	 2.1008 	 0.0027 
44.0000 	 0.0019 	 5.6184 	 1.0428 	 1.9055 	 6.5456 	 0.0000 	 0.4549 	 1271.7739 	 44.0000 	 0.8367 	 4.6133 	 2.6411 	 1.1437 	 2.2856 	 0.0000 	 0.3483 	 0.0000 
42.0000 	 3.4641 	 7.8663 	 8.4364 	 1.3720 	 7.3063 	 0.0000 	 2.6401 	 875.6807 	 42.0000 	 2.5888 	 9.9022 	 4.5774 	 0.1407 	 2.4058 	 0.0000 	 2.6276 	 0.0031 
45.0000 	 3.1599 	 0.0339 	 4.1459 	 3.9789 	 4.4984 	 0.0000 	 0.4271 	 744.8028 	 45.0000 	 0.7971 	 7.9850 	 1.0559 	 1.1345 	 -0.4796 	 0.0000 	 1.7443 	 0.0037 
42.0000 	 3.1745 	 4.3470 	 0.0000 	 8.0232 	 3.3699 	 0.0000 	 0.4649 	 773.2286 	 42.0000 	 2.9143 	 4.7146 	 0.8060 	 1.6040 	 -2.8722 	 0.0000 	 2.4410 	 0.0030 
43.0000 	 0.0011 	 9.3030 	 7.4706 	 6.6669 	 1.7840 	 0.0000 	 0.4552 	 1271.7739 	 43.0000 	 1.9623 	 0.4470 	 0.3687 	 1.3902 	 -0.3656 	 0.0000 	 2.8203 	 0.0000 
42.0000 	 0.0011 	 8.6495 	 4.8227 	 2.7850 	 5.6663 	 0.0000 	 0.4553 	 1271.7740 	 42.0000 	 0.1210 	 7.0973 	 6.5447 	 0.8875 	 -2.0933 	 0.0000 	 1.3287 	 0.0000 
44.0000 	 3.4748 	 4.9197 	 0.0031 	 1.3656 	 6.4517 	 0.0000 	 2.6375 	 875.6887 	 44.0000 	 2.0445 	 0.4232 	 1.9175 	 2.1770 	 0.7679 	 0.0000 	 1.2136 	 0.0030 
41.0000 	 3.3645 	 9.2927 	 5.9439 	 5.2293 	 7.3020 	 0.0000 	 2.6489 	 875.6783 	 41.0000 	 0.4548 	 1.8077 	 0.0439 	 0.0203 	 2.0380 	 0.0000 	 1.3056 	 0.0031 
44.0000 	 3.2711 	 4.4992 	 2.2646 	 0.1824 	 8.4416 	 0.0000 	 0.4656 	 773.2412 	 44.0000 	 0.5366 	 9.8139 	 4.9449 	 1.6088 	 0.9637 	 0.0000 	 0.9501 	 0.0034 
42.0000 	 3.5128 	 8.7398 	 7.5784 	 2.9434 	 7.3093 	 0.0000 	 2.6418 	 875.6823 	 42.0000 	 2.4894 	 1.0177 	 1.9107 	 1.2307 	 1.5606 	 0.0000 	 0.3128 	 0.0038 
40.0000 	 0.0020 	 2.3315 	 2.0984 	 3.5369 	 3.8467 	 0.0000 	 2.4825 	 1326.4355 	 40.0000 	 1.2218 	 8.0425 	 5.0902 	 0.5010 	 2.1488 	 0.0000 	 2.8880 	 0.0000 
42.0000 	 3.4247 	 3.8294 	 7.3913 	 5.0317 	 8.4402 	 0.0000 	 0.4603 	 773.3798 	 42.0000 	 1.4475 	 3.9991 	 8.0806 	 2.8944 	 0.9271 	 0.0000 	 2.6249 	 0.0063 
42.0000 	 3.1593 	 9.5084 	 5.8288 	 0.9193 	 8.4426 	 0.0000 	 0.4649 	 773.2277 	 42.0000 	 2.7800 	 5.9308 	 1.9738 	 0.1528 	 2.2211 	 0.0000 	 2.8359 	 0.0027 
41.0000 	 4.6435 	 2.4029 	 7.9117 	 1.2955 	 7.4088 	 0.0000 	 2.5489 	 876.7431 	 41.0000 	 2.0030 	 9.5474 	 8.2877 	 0.0973 	 -2.3351 	 0.0000 	 2.8843 	 0.0088 
43.0000 	 3.2145 	 5.3673 	 4.7689 	 0.7469 	 8.4427 	 0.0000 	 0.4647 	 773.2341 	 43.0000 	 1.4020 	 6.6713 	 4.0076 	 0.4582 	 2.0434 	 0.0000 	 2.0996 	 0.0031 
43.0000 	 3.5040 	 4.0587 	 3.0324 	 1.3010 	 7.2797 	 0.0000 	 2.6485 	 875.6897 	 43.0000 	 2.4336 	 3.5032 	 5.2222 	 2.8039 	 0.4624 	 0.0000 	 2.4913 	 0.0040 
42.0000 	 3.0140 	 0.0995 	 7.3946 	 7.3967 	 1.1035 	 0.0000 	 0.0054 	 611.7255 	 42.0000 	 1.4659 	 6.0566 	 6.2083 	 0.2508 	 -2.2885 	 0.0000 	 1.7236 	 0.0119 
41.0000 	 4.0064 	 3.1409 	 2.0715 	 0.0000 	 7.3235 	 0.0000 	 2.7091 	 876.0497 	 41.0000 	 2.8842 	 2.3748 	 5.7604 	 2.7334 	 -2.8614 	 0.0000 	 2.3439 	 0.0028 
41.0000 	 3.1469 	 2.8421 	 0.0277 	 0.1549 	 8.3436 	 0.0000 	 0.4642 	 773.2283 	 41.0000 	 0.5480 	 8.8457 	 3.1120 	 1.3922 	 -0.7997 	 0.0000 	 0.2599 	 0.0026 
40.0000 	 3.4323 	 5.7023 	 7.8109 	 6.1961 	 7.3042 	 0.0000 	 2.6371 	 875.6727 	 40.0000 	 2.1225 	 4.9204 	 8.3371 	 1.5961 	 -1.2986 	 0.0000 	 1.1145 	 0.0060 
40.0000 	 5.2662 	 10.0000 	 0.5139 	 0.0076 	 7.2984 	 0.0000 	 2.6338 	 876.7163 	 40.0000 	 2.4879 	 8.4289 	 0.5939 	 1.3151 	 1.0648 	 0.0000 	 2.9563 	 0.0037 
40.0000 	 3.0872 	 2.5114 	 0.0008 	 3.2693 	 6.3767 	 0.0000 	 0.4634 	 773.2143 	 40.0000 	 1.2201 	 4.8995 	 0.0190 	 2.4052 	 1.0463 	 0.0000 	 1.8298 	 0.0028 
41.0000 	 4.0746 	 1.1292 	 0.0000 	 2.4348 	 5.8088 	 0.0000 	 2.6290 	 875.9869 	 41.0000 	 0.0859 	 6.0018 	 2.6741 	 2.4786 	 0.1366 	 0.0000 	 1.8590 	 0.0027 
40.0000 	 3.3262 	 0.0626 	 2.9832 	 9.9195 	 -1.4033 	 0.0000 	 0.2653 	 606.6309 	 40.0000 	 0.5731 	 3.2387 	 9.4634 	 0.0958 	 -0.0414 	 0.0000 	 1.1045 	 0.0042 
41.0000 	 3.4514 	 9.7108 	 3.6933 	 7.6482 	 7.2952 	 0.0000 	 2.6509 	 875.6693 	 41.0000 	 1.1544 	 2.2486 	 9.3887 	 0.4356 	 -0.0970 	 0.0000 	 1.4849 	 0.0042 
42.0000 	 3.3349 	 8.1225 	 4.6174 	 2.3155 	 7.3020 	 0.0000 	 2.6312 	 875.6996 	 42.0000 	 2.7239 	 2.4377 	 7.2338 	 1.8416 	 2.3578 	 0.0000 	 2.2023 	 0.0030 
42.0000 	 3.4870 	 0.0641 	 3.8763 	 8.3971 	 0.1122 	 0.0000 	 0.2713 	 607.2938 	 42.0000 	 2.1451 	 0.7084 	 5.6262 	 2.3690 	 -1.8223 	 0.0000 	 1.0283 	 0.0056 
39.0000 	 3.2792 	 9.1900 	 7.9469 	 0.0437 	 7.3105 	 0.0000 	 2.6434 	 875.6600 	 39.0000 	 0.0633 	 9.9165 	 7.0898 	 1.5498 	 0.3729 	 0.0000 	 0.3884 	 0.0025 
40.0000 	 3.3894 	 8.1617 	 5.9257 	 1.7966 	 7.2974 	 0.0000 	 2.6310 	 875.6738 	 40.0000 	 1.7394 	 0.0566 	 6.4129 	 0.4992 	 0.2611 	 0.0000 	 1.7157 	 0.0028 
41.0000 	 3.4215 	 9.1007 	 1.6164 	 1.6740 	 7.2840 	 0.0000 	 2.6411 	 875.6728 	 41.0000 	 0.9326 	 1.2567 	 3.5886 	 1.1164 	 2.3482 	 0.0000 	 1.4885 	 0.0024 
38.0000 	 3.0452 	 9.9559 	 0.4897 	 2.1431 	 8.1155 	 0.0000 	 0.4443 	 773.3307 	 38.0000 	 1.1458 	 4.5086 	 2.8336 	 0.4542 	 2.9553 	 0.0000 	 1.0931 	 0.0035 
36.0000 	 3.1294 	 8.6832 	 5.2755 	 2.1938 	 7.3007 	 0.0000 	 2.6427 	 875.6359 	 36.0000 	 2.3827 	 4.7593 	 3.2578 	 2.2670 	 -2.8296 	 0.0000 	 1.5050 	 0.0026 
39.0000 	 3.0442 	 7.3209 	 8.2636 	 0.1259 	 8.4417 	 0.0000 	 0.4657 	 773.2101 	 39.0000 	 0.7497 	 5.4203 	 9.2248 	 2.0361 	 -0.7163 	 0.0000 	 0.2972 	 0.0022 
38.0000 	 0.0083 	 9.3141 	 4.2904 	 2.2123 	 6.2393 	 0.0000 	 0.4540 	 1271.7743 	 38.0000 	 1.5680 	 5.4639 	 1.7289 	 1.6164 	 0.0768 	 0.0000 	 0.7582 	 0.0000 
38.0000 	 3.2713 	 0.8356 	 9.1594 	 0.2199 	 7.2891 	 0.0000 	 2.6446 	 875.6425 	 38.0000 	 0.8898 	 6.7332 	 5.1817 	 0.2118 	 1.5528 	 0.0000 	 2.3759 	 0.0036 
36.0000 	 5.2778 	 0.0000 	 7.8833 	 0.0000 	 8.4309 	 0.0000 	 0.4719 	 774.9192 	 36.0000 	 1.3875 	 0.5188 	 4.0209 	 0.2460 	 2.6543 	 0.0000 	 1.5667 	 0.0036 
38.0000 	 3.2358 	 4.9494 	 5.9504 	 2.9763 	 7.3048 	 0.0000 	 2.6403 	 875.6543 	 38.0000 	 1.1062 	 5.9000 	 7.3453 	 2.8532 	 0.9316 	 0.0000 	 1.9131 	 0.0034 
38.0000 	 3.3444 	 3.7569 	 3.6046 	 5.2866 	 7.2631 	 0.0000 	 2.6537 	 875.7026 	 38.0000 	 0.1574 	 1.1541 	 5.3190 	 1.8471 	 2.5468 	 0.0000 	 2.8319 	 0.0034 
39.0000 	 3.2187 	 4.1138 	 3.5522 	 0.0787 	 7.3674 	 0.0000 	 2.6362 	 875.7419 	 39.0000 	 1.7592 	 0.8590 	 3.3592 	 0.2883 	 1.9218 	 0.0000 	 1.6636 	 0.0024 
36.0000 	 2.9798 	 4.4957 	 0.2748 	 4.9403 	 5.5600 	 0.0000 	 2.6097 	 875.2799 	 36.0000 	 1.9299 	 4.8622 	 8.9574 	 1.2226 	 -2.3007 	 0.0000 	 2.4698 	 0.0042 
37.0000 	 0.0222 	 6.8808 	 4.2325 	 4.1135 	 4.3384 	 0.0000 	 0.4566 	 1271.7747 	 37.0000 	 2.2027 	 9.3472 	 4.9904 	 2.6692 	 -0.6118 	 0.0000 	 0.8529 	 0.0000 
34.0000 	 0.0012 	 5.4062 	 9.6350 	 6.0790 	 1.3745 	 0.0000 	 2.4797 	 1326.3711 	 34.0000 	 0.1359 	 9.2186 	 5.7316 	 2.4789 	 2.1303 	 0.0000 	 0.9918 	 0.0000 
35.0000 	 3.1173 	 1.7727 	 0.6772 	 0.0408 	 7.2971 	 0.0000 	 2.6407 	 875.6268 	 35.0000 	 0.5355 	 0.3915 	 1.8761 	 2.3607 	 -0.3614 	 0.0000 	 1.6256 	 0.0030 
35.0000 	 0.0114 	 1.3354 	 5.0769 	 4.6069 	 2.8455 	 0.0000 	 2.4735 	 1326.3719 	 35.0000 	 2.9720 	 5.6107 	 4.2657 	 0.0432 	 0.9069 	 0.0000 	 1.9821 	 0.0000 
33.0000 	 2.9831 	 3.6315 	 6.9961 	 2.5283 	 7.2940 	 0.0000 	 2.6427 	 875.6142 	 33.0000 	 1.8570 	 2.2875 	 7.6828 	 0.3439 	 -0.8312 	 0.0000 	 2.0465 	 0.0024 
36.0000 	 0.0047 	 9.5880 	 5.0769 	 3.4378 	 5.0132 	 0.0000 	 0.4549 	 1271.7740 	 36.0000 	 2.5104 	 2.2996 	 8.4013 	 1.7777 	 -2.1501 	 0.0000 	 1.6364 	 0.0000 
35.0000 	 3.9295 	 0.4851 	 2.6414 	 2.0711 	 6.8885 	 0.0000 	 2.5769 	 877.3733 	 35.0000 	 1.1856 	 4.0429 	 4.9788 	 2.0479 	 2.2946 	 0.0000 	 1.7741 	 0.0067 
39.0000 	 0.0010 	 5.5565 	 2.8617 	 3.0989 	 5.3520 	 0.0000 	 0.4550 	 1271.7740 	 39.0000 	 1.9736 	 7.6722 	 2.9328 	 1.2946 	 -2.6056 	 0.0000 	 1.8531 	 0.0000 
36.0000 	 3.1632 	 4.7759 	 7.0920 	 1.5435 	 7.3017 	 0.0000 	 2.6437 	 875.6352 	 36.0000 	 2.0936 	 3.2802 	 5.0671 	 0.2299 	 1.0220 	 0.0000 	 2.8109 	 0.0026 
34.0000 	 3.1320 	 6.0446 	 0.1718 	 0.4534 	 7.1032 	 0.0000 	 2.6527 	 875.6184 	 34.0000 	 1.3065 	 4.5515 	 5.3005 	 0.1932 	 1.0753 	 0.0000 	 2.9154 	 0.0024 
38.0000 	 3.3766 	 1.4664 	 5.2234 	 1.5387 	 7.2690 	 0.0000 	 2.6405 	 875.7056 	 38.0000 	 1.7679 	 3.7941 	 0.3204 	 0.2122 	 1.4004 	 0.0000 	 2.9604 	 0.0062 
35.0000 	 3.2888 	 0.0608 	 4.5538 	 7.7858 	 0.7176 	 0.0000 	 0.1029 	 608.2402 	 35.0000 	 1.9440 	 6.0629 	 7.0958 	 0.5906 	 -1.2262 	 0.0000 	 0.0642 	 0.0065 
31.0000 	 2.8561 	 4.6182 	 0.0000 	 10.0000 	 0.9828 	 0.0000 	 2.6400 	 875.5894 	 31.0000 	 1.4045 	 9.0193 	 2.0758 	 1.3633 	 2.7311 	 0.0000 	 0.3712 	 0.0029 
33.0000 	 0.0085 	 2.4410 	 2.5837 	 5.7073 	 2.7437 	 0.0000 	 0.4552 	 1271.7740 	 33.0000 	 0.4424 	 5.3121 	 6.8925 	 1.1853 	 -2.5770 	 0.0000 	 0.8944 	 0.0000 
33.0000 	 3.0546 	 6.1356 	 7.1575 	 6.4409 	 7.3069 	 0.0000 	 2.6381 	 875.6175 	 33.0000 	 0.6370 	 9.2383 	 6.5615 	 1.2005 	 -1.5362 	 0.0000 	 0.0666 	 0.0027 
37.0000 	 3.4104 	 0.0582 	 3.5888 	 8.4075 	 0.1015 	 0.0000 	 0.2245 	 607.2654 	 37.0000 	 0.1383 	 2.0654 	 1.4294 	 0.7661 	 -0.1827 	 0.0000 	 2.9423 	 0.0056 
35.0000 	 2.8602 	 6.1845 	 2.3568 	 1.8562 	 8.4362 	 0.0000 	 0.4641 	 773.1723 	 35.0000 	 1.2420 	 8.8142 	 9.3923 	 1.3934 	 -2.8821 	 0.0000 	 2.4010 	 0.0028 
37.0000 	 0.0013 	 2.2363 	 4.1357 	 2.3335 	 6.1143 	 0.0000 	 0.4550 	 1271.7764 	 37.0000 	 2.1934 	 9.5866 	 8.9922 	 2.6673 	 -0.3937 	 0.0000 	 0.1414 	 0.0000 
33.0000 	 4.0231 	 3.0804 	 0.9042 	 0.6734 	 7.0922 	 0.0000 	 2.7502 	 876.9518 	 33.0000 	 1.7507 	 3.8375 	 3.6354 	 0.9059 	 2.1770 	 0.0000 	 0.8608 	 0.0033 
35.0000 	 3.1059 	 9.9912 	 6.0258 	 1.0937 	 7.2983 	 0.0000 	 2.6387 	 875.6219 	 35.0000 	 2.4277 	 6.8063 	 3.1909 	 0.0680 	 1.4949 	 0.0000 	 1.3259 	 0.0036 
37.0000 	 2.9745 	 0.0719 	 7.5975 	 0.9062 	 7.6357 	 0.0000 	 0.2281 	 769.1811 	 37.0000 	 2.4601 	 8.9016 	 3.0481 	 1.6756 	 1.9318 	 0.0000 	 0.2118 	 0.0025 
34.0000 	 0.0209 	 4.2208 	 8.5636 	 0.3445 	 8.1064 	 0.0000 	 0.4552 	 1271.7740 	 34.0000 	 2.8027 	 1.7234 	 1.5840 	 1.1396 	 2.6244 	 0.0000 	 1.0074 	 0.0000 
34.0000 	 2.8252 	 3.8886 	 0.0554 	 2.4589 	 7.0336 	 0.0000 	 0.4632 	 773.0848 	 34.0000 	 0.7212 	 9.3283 	 4.5667 	 0.9465 	 2.3582 	 0.0000 	 2.1115 	 0.0029 
35.0000 	 3.0949 	 8.7429 	 0.0000 	 9.9993 	 0.9800 	 0.0000 	 2.6487 	 875.6303 	 35.0000 	 0.2136 	 1.0945 	 9.1544 	 2.7635 	 0.0448 	 0.0000 	 1.3384 	 0.0032 
31.0000 	 2.8361 	 2.3551 	 1.7948 	 0.3984 	 7.2906 	 0.0000 	 2.6420 	 875.5794 	 31.0000 	 0.3648 	 0.1353 	 1.1649 	 1.2576 	 0.3911 	 0.0000 	 1.9059 	 0.0034 
37.0000 	 3.1379 	 4.9369 	 7.2389 	 1.6004 	 7.3081 	 0.0000 	 2.6463 	 875.6480 	 37.0000 	 2.2143 	 2.9222 	 4.8663 	 0.2853 	 1.7971 	 0.0000 	 2.8280 	 0.0028 
31.0000 	 2.8099 	 5.4391 	 0.2578 	 5.0958 	 5.5231 	 0.0000 	 2.6124 	 875.2162 	 31.0000 	 1.8560 	 7.3186 	 8.7835 	 0.7337 	 1.7936 	 0.0000 	 0.6754 	 0.0032 
30.0000 	 2.8157 	 8.5069 	 7.5613 	 2.5834 	 7.3011 	 0.0000 	 2.6512 	 875.5834 	 30.0000 	 0.8710 	 6.9341 	 4.0010 	 2.2837 	 2.1899 	 0.0000 	 1.5445 	 0.0036 
33.0000 	 2.9807 	 4.7322 	 6.5507 	 0.3335 	 7.3045 	 0.0000 	 2.6368 	 875.6165 	 33.0000 	 0.9489 	 1.5038 	 0.7598 	 1.4421 	 -0.3759 	 0.0000 	 0.7109 	 0.0031 
34.0000 	 2.9332 	 0.0711 	 3.5599 	 8.3322 	 0.1724 	 0.0000 	 0.0528 	 607.3192 	 34.0000 	 2.1575 	 3.5177 	 7.2371 	 2.5983 	 -2.9124 	 0.0000 	 1.6026 	 0.0057 
34.0000 	 2.9096 	 1.8336 	 6.1160 	 0.1126 	 7.2726 	 0.0000 	 2.6844 	 875.7071 	 34.0000 	 2.5520 	 6.1578 	 2.2105 	 0.7428 	 -2.2968 	 0.0000 	 0.1573 	 0.0033 
33.0000 	 0.0011 	 2.7875 	 9.3493 	 3.0781 	 4.3765 	 0.0000 	 2.4783 	 1326.3713 	 33.0000 	 2.1440 	 3.1440 	 2.4574 	 1.5083 	 -2.5601 	 0.0000 	 0.3922 	 0.0000 
34.0000 	 3.0139 	 1.5082 	 2.3929 	 0.3185 	 7.2961 	 0.0000 	 2.6526 	 875.6076 	 34.0000 	 2.8336 	 0.5259 	 5.4724 	 2.1242 	 -0.4232 	 0.0000 	 2.9662 	 0.0031 
33.0000 	 2.9550 	 0.0691 	 3.8032 	 8.3920 	 0.1174 	 0.0000 	 0.2634 	 607.2011 	 33.0000 	 2.5668 	 0.1920 	 4.3631 	 2.6673 	 -0.4839 	 0.0000 	 2.7511 	 0.0047 
32.0000 	 2.9277 	 9.9997 	 9.9871 	 6.1082 	 7.2996 	 0.0000 	 2.6442 	 875.6026 	 32.0000 	 1.7027 	 1.9906 	 1.4261 	 0.6128 	 0.6522 	 0.0000 	 0.5694 	 0.0027 
35.0000 	 3.1083 	 3.5472 	 3.0020 	 2.5476 	 7.2925 	 0.0000 	 2.6471 	 875.6227 	 35.0000 	 0.7308 	 7.6620 	 8.9259 	 1.7611 	 -2.7988 	 0.0000 	 1.8355 	 0.0031 
35.0000 	 3.0548 	 8.4626 	 4.0053 	 1.3715 	 7.3131 	 0.0000 	 2.6409 	 875.6389 	 35.0000 	 2.2549 	 5.9078 	 7.7751 	 1.0098 	 0.0309 	 0.0000 	 0.3942 	 0.0027 
36.0000 	 0.0014 	 6.5014 	 9.8045 	 3.7514 	 4.6979 	 0.0000 	 0.4540 	 1271.7750 	 36.0000 	 1.4200 	 3.2710 	 7.2480 	 0.6611 	 -0.6641 	 0.0000 	 0.1187 	 0.0000 
31.0000 	 2.6557 	 0.8035 	 6.3201 	 0.1302 	 8.4306 	 0.0000 	 0.4625 	 773.1202 	 31.0000 	 1.1003 	 6.0181 	 6.3028 	 0.5383 	 1.3982 	 0.0000 	 1.4851 	 0.0033 
29.0000 	 2.7493 	 9.4197 	 9.1093 	 5.8393 	 7.2986 	 0.0000 	 2.6499 	 875.5669 	 29.0000 	 1.4349 	 4.7305 	 3.3794 	 2.3337 	 0.2651 	 0.0000 	 0.6362 	 0.0030 
30.0000 	 0.0156 	 6.3474 	 5.3315 	 3.2170 	 4.2379 	 0.0000 	 2.4775 	 1326.3713 	 30.0000 	 0.4892 	 1.0905 	 9.7572 	 1.2951 	 2.2826 	 0.0000 	 0.3435 	 0.0000 
32.0000 	 2.9259 	 8.2505 	 9.4576 	 0.6220 	 7.3109 	 0.0000 	 2.6480 	 875.5984 	 32.0000 	 1.0435 	 3.9241 	 4.5206 	 2.1736 	 2.0642 	 0.0000 	 2.5736 	 0.0027 
27.0000 	 2.5751 	 0.7329 	 0.0000 	 6.8223 	 2.9865 	 0.0000 	 2.6452 	 875.5479 	 27.0000 	 1.8672 	 1.3649 	 5.7843 	 1.3281 	 -2.9677 	 0.0000 	 2.5385 	 0.0030 
29.0000 	 2.7608 	 0.0000 	 1.3614 	 0.1496 	 7.1817 	 0.0000 	 2.6601 	 875.5955 	 29.0000 	 1.6936 	 2.4391 	 2.3435 	 0.7553 	 0.4153 	 0.0000 	 1.0882 	 0.0042 
33.0000 	 4.7054 	 0.0300 	 3.8104 	 7.7213 	 0.7865 	 0.0000 	 0.1256 	 609.9347 	 33.0000 	 0.5660 	 4.9057 	 3.8421 	 2.7567 	 -1.0480 	 0.0000 	 2.0277 	 0.0088 
33.0000 	 2.7994 	 4.7239 	 10.0000 	 1.8241 	 8.4387 	 0.0000 	 0.4645 	 773.1717 	 33.0000 	 2.0518 	 4.5576 	 8.5234 	 1.0291 	 1.0612 	 0.0000 	 0.8015 	 0.0027 
27.0000 	 2.4450 	 8.5374 	 3.7180 	 3.9306 	 8.4418 	 0.0000 	 0.4647 	 773.0759 	 27.0000 	 1.6826 	 3.1966 	 3.9206 	 1.4393 	 1.2479 	 0.0000 	 0.0768 	 0.0047 
34.0000 	 2.9645 	 3.7960 	 5.0686 	 0.7713 	 7.3011 	 0.0000 	 2.6511 	 875.6347 	 34.0000 	 1.9095 	 9.5989 	 0.0989 	 0.6236 	 0.3602 	 0.0000 	 0.9320 	 0.0030 
34.0000 	 2.9639 	 3.8085 	 9.9248 	 1.6079 	 8.4413 	 0.0000 	 0.4634 	 773.2295 	 34.0000 	 0.0110 	 2.2972 	 8.7701 	 2.6253 	 -0.3447 	 0.0000 	 1.9368 	 0.0029 
29.0000 	 2.5413 	 8.3344 	 0.0000 	 2.3018 	 6.9872 	 0.0000 	 0.4651 	 773.1067 	 29.0000 	 0.6308 	 8.8025 	 7.3148 	 1.6996 	 -2.0875 	 0.0000 	 1.3887 	 0.0020 
30.0000 	 2.8191 	 5.2558 	 0.9349 	 0.0816 	 7.3089 	 0.0000 	 2.6456 	 875.5814 	 30.0000 	 1.8071 	 6.1213 	 7.5490 	 0.6399 	 0.6519 	 0.0000 	 2.3822 	 0.0030 
30.0000 	 2.8180 	 9.5461 	 7.9951 	 0.0003 	 7.2985 	 0.0000 	 2.6475 	 875.5839 	 30.0000 	 2.3342 	 5.0477 	 9.5204 	 2.8492 	 2.2706 	 0.0000 	 1.3496 	 0.0026 
30.0000 	 2.8553 	 8.1517 	 5.6143 	 5.6462 	 7.3082 	 0.0000 	 2.6360 	 875.5861 	 30.0000 	 2.6728 	 7.2777 	 0.4422 	 0.2929 	 -1.1669 	 0.0000 	 0.7093 	 0.0029 
32.0000 	 2.9610 	 8.3875 	 8.8299 	 2.4574 	 7.3044 	 0.0000 	 2.6473 	 875.6012 	 32.0000 	 1.3126 	 6.0355 	 8.6952 	 0.0553 	 -0.4645 	 0.0000 	 1.6766 	 0.0027 
30.0000 	 0.0018 	 6.4264 	 0.6258 	 0.6710 	 7.7800 	 0.0000 	 0.4551 	 1271.7741 	 30.0000 	 1.1871 	 6.9857 	 7.2664 	 1.4802 	 0.7375 	 0.0000 	 0.9416 	 0.0000 
30.0000 	 2.8919 	 8.3826 	 0.0000 	 2.8412 	 5.5109 	 0.0000 	 2.6446 	 875.5855 	 30.0000 	 0.1623 	 1.6449 	 5.1170 	 0.4595 	 -1.8607 	 0.0000 	 2.1906 	 0.0022 
32.0000 	 0.0259 	 2.1030 	 9.1925 	 2.3800 	 6.0710 	 0.0000 	 0.4550 	 1271.7740 	 32.0000 	 0.0687 	 5.6352 	 6.9415 	 1.3395 	 0.0003 	 0.0000 	 0.9241 	 0.0000 
31.0000 	 2.8718 	 8.4051 	 6.5863 	 2.5695 	 7.3038 	 0.0000 	 2.6376 	 875.5946 	 31.0000 	 2.0620 	 7.3006 	 9.0718 	 1.0026 	 -0.7365 	 0.0000 	 2.0086 	 0.0029 
26.0000 	 2.5038 	 3.8145 	 9.3158 	 2.7504 	 8.4407 	 0.0000 	 0.4650 	 773.1761 	 26.0000 	 2.3640 	 6.4183 	 3.0992 	 0.1065 	 -1.7436 	 0.0000 	 2.0745 	 0.0027 
29.0000 	 2.5505 	 9.8892 	 0.0093 	 8.5958 	 3.1198 	 0.0000 	 0.4626 	 773.0591 	 29.0000 	 0.6751 	 0.6398 	 5.5563 	 0.5829 	 0.3392 	 0.0000 	 0.0707 	 0.0045 
27.0000 	 2.4080 	 2.7143 	 3.3466 	 0.0057 	 8.4416 	 0.0000 	 0.4652 	 773.0788 	 27.0000 	 2.2589 	 9.5025 	 7.7449 	 0.4730 	 2.7301 	 0.0000 	 1.2854 	 0.0028 
31.0000 	 2.7573 	 0.0771 	 4.3209 	 7.9646 	 0.5429 	 0.0000 	 0.1733 	 607.8185 	 31.0000 	 1.6551 	 0.1695 	 1.4721 	 0.2706 	 2.4183 	 0.0000 	 2.4740 	 0.0079 
32.0000 	 2.6680 	 4.6658 	 6.8783 	 0.6405 	 8.4425 	 0.0000 	 0.4633 	 773.1455 	 32.0000 	 2.1788 	 2.4793 	 3.1330 	 1.7760 	 2.6844 	 0.0000 	 1.8871 	 0.0030 
30.0000 	 0.0011 	 1.9415 	 9.1713 	 4.6789 	 2.7771 	 0.0000 	 2.4777 	 1326.3713 	 30.0000 	 1.9540 	 0.6350 	 1.2964 	 2.6471 	 -0.9924 	 0.0000 	 0.5728 	 0.0000 
26.0000 	 2.5550 	 8.0531 	 6.1884 	 6.5626 	 7.2980 	 0.0000 	 2.6415 	 875.5239 	 26.0000 	 0.3637 	 2.1834 	 5.9498 	 0.3936 	 -0.3076 	 0.0000 	 0.9723 	 0.0050 
32.0000 	 2.7644 	 1.0325 	 0.3239 	 5.9592 	 4.6097 	 0.0000 	 2.5101 	 874.5353 	 32.0000 	 0.5337 	 4.4828 	 7.3516 	 0.1957 	 1.8164 	 0.0000 	 1.6699 	 0.0037 
29.0000 	 0.0010 	 9.0721 	 7.2769 	 3.4563 	 4.9947 	 0.0000 	 0.4552 	 1271.7740 	 29.0000 	 0.6944 	 4.3723 	 1.6742 	 0.3988 	 -1.6963 	 0.0000 	 0.4787 	 0.0000 
31.0000 	 2.6722 	 8.6007 	 8.9399 	 5.4539 	 8.4407 	 0.0000 	 0.4625 	 773.1268 	 31.0000 	 0.8870 	 6.6032 	 9.9687 	 1.4400 	 1.5111 	 0.0000 	 1.9866 	 0.0026 
27.0000 	 2.4186 	 4.7611 	 0.0029 	 5.9503 	 4.6996 	 0.0000 	 0.4643 	 773.0737 	 27.0000 	 0.7853 	 9.4558 	 5.8596 	 2.2974 	 0.0016 	 0.0000 	 2.7645 	 0.0025 
28.0000 	 2.7332 	 7.0135 	 7.5517 	 0.8163 	 7.3291 	 0.0000 	 2.6323 	 875.5747 	 28.0000 	 1.0318 	 7.0731 	 6.7539 	 1.1802 	 -0.3496 	 0.0000 	 2.1200 	 0.0028 
28.0000 	 5.9331 	 6.3074 	 4.6680 	 0.4763 	 -2.1641 	 0.0000 	 0.0048 	 2006.3285 	 28.0000 	 0.1760 	 4.5110 	 9.7708 	 1.5127 	 -1.6916 	 0.0000 	 0.3054 	 0.0002 
26.0000 	 2.5609 	 9.9847 	 9.8912 	 5.9980 	 7.3029 	 0.0000 	 2.6431 	 875.5316 	 26.0000 	 1.1505 	 8.0615 	 9.2906 	 2.4048 	 1.8864 	 0.0000 	 1.2949 	 0.0025 
24.0000 	 0.0024 	 2.5626 	 2.4472 	 4.8516 	 3.5990 	 0.0000 	 0.4558 	 1271.7741 	 24.0000 	 0.5493 	 5.3922 	 9.6703 	 0.4731 	 0.2832 	 0.0000 	 1.9433 	 0.0000 
29.0000 	 2.8417 	 9.9974 	 0.0005 	 1.3586 	 7.5828 	 0.0000 	 0.4772 	 773.3172 	 29.0000 	 2.6567 	 4.9605 	 7.3380 	 0.3258 	 0.8163 	 0.0000 	 2.0897 	 0.0026 
31.0000 	 0.0458 	 2.8247 	 5.0928 	 2.9447 	 5.4302 	 0.0000 	 0.5093 	 1271.5152 	 31.0000 	 1.6424 	 3.5751 	 5.9899 	 0.7990 	 -2.6416 	 0.0000 	 1.0816 	 0.0008 
29.0000 	 2.7544 	 5.6288 	 0.2051 	 2.2613 	 6.4142 	 0.0000 	 2.6361 	 875.4624 	 29.0000 	 2.8525 	 3.4905 	 0.8737 	 0.7671 	 -0.1374 	 0.0000 	 0.9786 	 0.0039 
29.0000 	 2.5488 	 7.5407 	 3.9615 	 9.9044 	 8.4394 	 0.0000 	 0.4666 	 773.1464 	 29.0000 	 0.2377 	 4.6795 	 5.6869 	 0.5130 	 -1.0546 	 0.0000 	 1.5901 	 0.0022 
27.0000 	 2.3887 	 7.2917 	 8.2260 	 2.0796 	 8.4411 	 0.0000 	 0.4635 	 773.0843 	 27.0000 	 1.4873 	 8.3718 	 5.9272 	 2.9263 	 -0.0967 	 0.0000 	 1.8238 	 0.0027 
24.0000 	 2.4276 	 5.6642 	 0.0000 	 3.7229 	 4.9548 	 0.0000 	 2.6429 	 875.5055 	 24.0000 	 0.5452 	 5.6127 	 2.6154 	 0.1909 	 -0.5606 	 0.0000 	 0.3835 	 0.0030 
27.0000 	 2.6177 	 9.9596 	 8.6871 	 2.8962 	 7.3075 	 0.0000 	 2.6416 	 875.5436 	 27.0000 	 1.5452 	 3.4030 	 6.4102 	 0.2803 	 2.3729 	 0.0000 	 2.7160 	 0.0036 
27.0000 	 2.6245 	 0.0659 	 3.1309 	 9.4964 	 -0.9822 	 0.0000 	 0.2571 	 606.5879 	 27.0000 	 0.9968 	 3.6699 	 1.8565 	 1.8130 	 -0.7479 	 0.0000 	 2.8276 	 0.0046 
31.0000 	 2.9199 	 0.0634 	 3.4270 	 8.7807 	 -0.2702 	 0.0000 	 0.2190 	 606.8823 	 31.0000 	 0.3442 	 2.6070 	 4.5481 	 2.9678 	 0.1295 	 0.0000 	 1.5188 	 0.0058 
24.0000 	 3.2187 	 2.3633 	 10.0000 	 1.2949 	 7.2715 	 0.0000 	 2.8097 	 876.7080 	 24.0000 	 0.0379 	 4.4335 	 9.0321 	 1.4510 	 1.5976 	 0.0000 	 2.8659 	 0.2470 
31.0000 	 2.8977 	 0.0000 	 0.3377 	 1.2582 	 6.0540 	 0.0000 	 2.6428 	 875.5931 	 31.0000 	 0.1101 	 1.3998 	 6.5776 	 1.9431 	 2.5823 	 0.0000 	 2.1135 	 0.0033 
28.0000 	 0.0160 	 8.4916 	 7.7357 	 4.5415 	 3.9095 	 0.0000 	 0.4552 	 1271.7739 	 28.0000 	 1.2984 	 0.8898 	 3.0214 	 1.9876 	 -2.5559 	 0.0000 	 0.7380 	 0.0000 
25.0000 	 2.5531 	 4.2460 	 8.0942 	 1.9555 	 7.3033 	 0.0000 	 2.6466 	 875.5254 	 25.0000 	 1.0490 	 4.2688 	 9.1647 	 1.3831 	 -1.5888 	 0.0000 	 0.7494 	 0.0027 
25.0000 	 0.0064 	 0.3018 	 8.9363 	 3.2718 	 4.1838 	 0.0000 	 2.4783 	 1326.3713 	 25.0000 	 1.1408 	 2.8176 	 2.6267 	 2.5746 	 0.8917 	 0.0000 	 0.4607 	 0.0000 
25.0000 	 2.2976 	 10.0000 	 1.1255 	 0.3869 	 8.4309 	 0.0000 	 0.4644 	 773.0354 	 25.0000 	 2.0023 	 2.1530 	 8.7726 	 0.8461 	 2.6514 	 0.0000 	 1.9785 	 0.0028 
28.0000 	 2.7225 	 8.9063 	 0.0000 	 1.3599 	 6.4493 	 0.0000 	 2.6500 	 875.5607 	 28.0000 	 1.7498 	 4.5155 	 2.5813 	 1.7466 	 0.7893 	 0.0000 	 0.9349 	 0.0029 
23.0000 	 2.2136 	 9.9336 	 6.7990 	 2.0705 	 8.4422 	 0.0000 	 0.4637 	 773.0225 	 23.0000 	 1.0826 	 9.3146 	 4.7987 	 0.1174 	 2.2669 	 0.0000 	 2.0141 	 0.0025 
27.0000 	 2.6430 	 4.6003 	 5.0018 	 7.0155 	 7.3027 	 0.0000 	 2.6494 	 875.5598 	 27.0000 	 1.5385 	 6.4540 	 2.5335 	 2.2007 	 1.4810 	 0.0000 	 0.7250 	 0.0027 
23.0000 	 2.3528 	 0.0646 	 2.9466 	 9.8410 	 -1.3302 	 0.0000 	 0.2231 	 606.4581 	 23.0000 	 2.4271 	 8.1679 	 8.6365 	 2.0710 	 2.8338 	 0.0000 	 0.8476 	 0.0080 
28.0000 	 2.6308 	 0.0672 	 3.0725 	 9.6147 	 -1.1019 	 0.0000 	 0.2059 	 606.5811 	 28.0000 	 2.1424 	 0.0504 	 1.8695 	 1.5218 	 -2.2864 	 0.0000 	 2.8104 	 0.0058 
26.0000 	 2.5590 	 1.0954 	 0.2133 	 0.0583 	 7.2838 	 0.0000 	 2.6355 	 875.5346 	 26.0000 	 2.1171 	 1.7778 	 6.5037 	 0.4636 	 1.4789 	 0.0000 	 1.0281 	 0.0034 
24.0000 	 3.3733 	 7.9150 	 3.3301 	 1.6494 	 7.4209 	 0.0000 	 2.8097 	 877.2807 	 24.0000 	 0.6771 	 8.2704 	 2.4704 	 1.9488 	 2.0058 	 0.0000 	 0.1341 	 0.0032 
27.0000 	 2.8617 	 2.4785 	 2.1652 	 6.5697 	 7.3804 	 0.0000 	 2.5864 	 876.4207 	 27.0000 	 1.3985 	 4.5114 	 4.6023 	 2.9727 	 -2.3559 	 0.0000 	 1.1276 	 0.0100 
23.0000 	 3.8266 	 0.0269 	 2.6624 	 9.9998 	 -1.4700 	 0.0000 	 0.4109 	 606.2492 	 23.0000 	 0.7645 	 5.6924 	 6.2464 	 2.6876 	 -0.1184 	 0.0000 	 1.3845 	 0.0404 
25.0000 	 2.5068 	 3.4754 	 0.0009 	 3.7236 	 4.9520 	 0.0000 	 2.6479 	 875.5139 	 25.0000 	 1.8933 	 7.4519 	 4.6943 	 0.3998 	 0.6075 	 0.0000 	 0.4099 	 0.0031 
26.0000 	 2.3717 	 0.0956 	 4.1453 	 0.8804 	 7.6915 	 0.0000 	 0.2724 	 769.1783 	 26.0000 	 0.7318 	 8.7450 	 9.5186 	 2.2735 	 -1.5018 	 0.0000 	 1.7032 	 0.0061 
21.0000 	 2.2029 	 8.0957 	 0.0000 	 0.4340 	 7.0122 	 0.0000 	 2.6798 	 875.4946 	 21.0000 	 1.2202 	 3.2578 	 0.4846 	 1.1969 	 -0.7984 	 0.0000 	 0.8348 	 0.0070 
24.0000 	 2.4149 	 6.2043 	 4.1781 	 5.3721 	 7.2879 	 0.0000 	 2.6393 	 875.5029 	 24.0000 	 2.0199 	 2.6532 	 3.9905 	 2.8927 	 -1.3021 	 0.0000 	 2.7367 	 0.0107 
25.0000 	 2.3037 	 8.6381 	 0.0000 	 3.9867 	 5.9213 	 0.0000 	 0.4645 	 773.0514 	 25.0000 	 1.1095 	 5.6377 	 0.3161 	 1.5843 	 1.4335 	 0.0000 	 1.6400 	 0.0020 
26.0000 	 2.5811 	 5.8972 	 8.3824 	 9.8986 	 7.3035 	 0.0000 	 2.6495 	 875.5348 	 26.0000 	 1.8586 	 8.9539 	 9.7655 	 0.1399 	 -0.0053 	 0.0000 	 1.3872 	 0.0031 
28.0000 	 2.7230 	 0.0659 	 3.5031 	 8.6489 	 -0.1375 	 0.0000 	 0.2541 	 606.9260 	 28.0000 	 1.5790 	 3.2857 	 5.1921 	 1.1223 	 -1.0733 	 0.0000 	 2.6315 	 0.0038 
28.0000 	 2.7075 	 6.4239 	 6.4955 	 2.8430 	 7.2994 	 0.0000 	 2.6458 	 875.5556 	 28.0000 	 2.5526 	 8.0536 	 2.7576 	 1.8514 	 -0.2345 	 0.0000 	 1.3476 	 0.0032 
22.0000 	 2.1490 	 8.8780 	 8.1844 	 1.4902 	 8.4396 	 0.0000 	 0.4649 	 772.9997 	 22.0000 	 1.2777 	 9.9966 	 7.1776 	 2.2690 	 2.6890 	 0.0000 	 1.5902 	 0.0024 
20.0000 	 2.1203 	 4.3878 	 8.0221 	 4.6475 	 8.4397 	 0.0000 	 0.4671 	 773.0825 	 20.0000 	 1.8582 	 9.0070 	 2.6157 	 1.5776 	 1.4136 	 0.0000 	 1.5048 	 0.0035 
24.0000 	 2.4587 	 8.1809 	 1.7272 	 0.0003 	 7.3005 	 0.0000 	 2.6400 	 875.5045 	 24.0000 	 2.3389 	 5.8464 	 4.5646 	 0.1986 	 0.5792 	 0.0000 	 2.2571 	 0.0027 
26.0000 	 2.5893 	 9.8237 	 8.9175 	 0.3914 	 7.2967 	 0.0000 	 2.6511 	 875.5311 	 26.0000 	 0.8213 	 8.7468 	 1.4525 	 1.0428 	 2.7277 	 0.0000 	 0.1450 	 0.0027 
28.0000 	 2.8417 	 2.8540 	 7.5661 	 7.3015 	 7.2902 	 0.0000 	 2.6480 	 875.6841 	 28.0000 	 1.9997 	 6.2004 	 2.9927 	 1.1882 	 -1.4619 	 0.0000 	 1.1774 	 0.0041 
28.0000 	 2.4626 	 0.0292 	 5.6751 	 3.8169 	 4.6421 	 0.0000 	 0.4508 	 746.0785 	 28.0000 	 2.9903 	 0.2013 	 0.1543 	 2.8255 	 -1.4968 	 0.0000 	 1.3695 	 0.0051 
19.0000 	 3.6763 	 0.0000 	 1.5186 	 0.0000 	 7.3748 	 0.0000 	 2.6652 	 876.9255 	 19.0000 	 0.6581 	 5.7882 	 3.5121 	 0.3657 	 0.2273 	 0.0000 	 0.5567 	 0.0040 
25.0000 	 2.3119 	 6.2307 	 0.0000 	 2.6106 	 6.7909 	 0.0000 	 0.4674 	 773.0555 	 25.0000 	 2.7714 	 4.0771 	 2.7897 	 0.7715 	 -1.2167 	 0.0000 	 0.0867 	 0.0024 
20.0000 	 2.0269 	 7.6844 	 8.8430 	 3.2942 	 8.4413 	 0.0000 	 0.4646 	 772.9654 	 20.0000 	 1.3245 	 7.6174 	 7.6025 	 1.8326 	 0.3041 	 0.0000 	 2.1021 	 0.0025 
24.0000 	 2.4111 	 5.0402 	 1.5977 	 2.6087 	 7.2696 	 0.0000 	 2.6414 	 875.4671 	 24.0000 	 0.4226 	 0.4303 	 4.0087 	 2.0092 	 -0.1314 	 0.0000 	 1.4874 	 0.0035 
29.0000 	 2.5722 	 0.0761 	 3.2388 	 8.7018 	 -0.1872 	 0.0000 	 0.2482 	 607.0615 	 29.0000 	 2.3225 	 0.2153 	 9.2080 	 2.8181 	 1.4416 	 0.0000 	 1.7468 	 0.0057 
24.0000 	 2.0896 	 1.8872 	 0.0000 	 9.9998 	 2.1196 	 0.0000 	 0.4814 	 773.2679 	 24.0000 	 1.0661 	 1.3650 	 0.1971 	 2.8158 	 -1.4831 	 0.0000 	 1.7800 	 0.0030 
22.0000 	 2.3011 	 0.8482 	 9.9963 	 0.0000 	 7.3020 	 0.0000 	 2.6409 	 875.4704 	 22.0000 	 2.8826 	 7.9042 	 7.3272 	 0.6633 	 -1.8457 	 0.0000 	 1.9307 	 0.0026 
21.0000 	 2.0692 	 8.9458 	 0.0010 	 2.6544 	 6.7640 	 0.0000 	 0.4688 	 772.9918 	 21.0000 	 1.8253 	 4.9466 	 4.0234 	 2.5613 	 0.3364 	 0.0000 	 2.5489 	 0.0033 
20.0000 	 2.1952 	 8.4497 	 4.8240 	 1.9936 	 7.3070 	 0.0000 	 2.6410 	 875.4327 	 20.0000 	 0.5018 	 7.4509 	 7.3172 	 2.0132 	 1.6713 	 0.0000 	 1.2107 	 0.0043 
25.0000 	 0.0019 	 8.2999 	 9.9190 	 1.8922 	 6.5587 	 0.0000 	 0.4551 	 1271.7740 	 25.0000 	 0.6297 	 1.6609 	 9.3148 	 2.1843 	 -1.1044 	 0.0000 	 1.0380 	 0.0000 
24.0000 	 2.2636 	 4.6846 	 3.7313 	 0.0380 	 8.4411 	 0.0000 	 0.4652 	 773.0368 	 24.0000 	 2.0686 	 2.3070 	 9.9571 	 2.3960 	 2.8396 	 0.0000 	 0.1594 	 0.0026 
22.0000 	 2.3404 	 8.6902 	 6.5564 	 0.3324 	 7.3059 	 0.0000 	 2.6512 	 875.4717 	 22.0000 	 0.8137 	 0.7941 	 1.7142 	 0.5866 	 0.0224 	 0.0000 	 1.5828 	 0.0022 
26.0000 	 2.6255 	 7.3421 	 6.0570 	 4.9598 	 7.3070 	 0.0000 	 2.6436 	 875.5396 	 26.0000 	 1.1470 	 3.8625 	 0.1227 	 1.9858 	 1.9151 	 0.0000 	 1.1794 	 0.0029 
22.0000 	 2.4007 	 0.0613 	 3.0977 	 9.2449 	 -0.7305 	 0.0000 	 0.2364 	 606.5673 	 22.0000 	 0.2105 	 5.7525 	 1.9433 	 1.3250 	 2.4856 	 0.0000 	 1.1851 	 0.0078 
20.0000 	 2.1638 	 0.0265 	 4.0558 	 0.0001 	 7.3051 	 0.0000 	 2.6466 	 875.4317 	 20.0000 	 2.7774 	 4.5931 	 5.3496 	 1.1321 	 -2.8723 	 0.0000 	 2.6117 	 0.0028 
18.0000 	 1.8559 	 6.3189 	 0.0000 	 0.9235 	 7.8586 	 0.0000 	 0.4655 	 772.9103 	 18.0000 	 1.0162 	 7.7049 	 7.8615 	 1.4899 	 -2.5951 	 0.0000 	 0.7518 	 0.0058 
18.0000 	 1.9969 	 8.6509 	 9.7023 	 6.4389 	 7.3083 	 0.0000 	 2.6447 	 875.4011 	 18.0000 	 0.2052 	 8.4386 	 9.7059 	 1.7649 	 -2.0004 	 0.0000 	 1.9816 	 0.0033 
21.0000 	 2.2631 	 1.6919 	 0.0000 	 6.8915 	 2.9598 	 0.0000 	 2.6411 	 875.4547 	 21.0000 	 0.2453 	 7.5091 	 7.5996 	 0.3957 	 -0.1147 	 0.0000 	 0.4954 	 0.0045 
21.0000 	 2.0962 	 7.9297 	 3.3671 	 0.5945 	 8.4410 	 0.0000 	 0.4641 	 772.9839 	 21.0000 	 1.2169 	 8.6066 	 8.4798 	 2.5004 	 -2.1894 	 0.0000 	 2.5449 	 0.0023 
26.0000 	 0.0063 	 0.3186 	 7.8479 	 2.4603 	 5.9907 	 0.0000 	 0.4550 	 1271.7739 	 26.0000 	 2.7069 	 6.5067 	 7.1832 	 2.7647 	 -0.3050 	 0.0000 	 1.7882 	 0.0000 
26.0000 	 5.9678 	 4.9638 	 1.8580 	 0.6428 	 -2.4022 	 0.0000 	 0.0000 	 2006.3258 	 26.0000 	 1.3995 	 9.1868 	 7.3342 	 1.3131 	 -2.6664 	 0.0000 	 0.7632 	 0.0002 
23.0000 	 2.4231 	 0.0604 	 2.8104 	 9.9689 	 -1.4594 	 0.0000 	 0.1096 	 606.4431 	 23.0000 	 2.5625 	 6.9056 	 0.7486 	 2.3831 	 2.9649 	 0.0000 	 0.6334 	 0.0040 
21.0000 	 2.8509 	 0.0064 	 0.3175 	 5.3937 	 3.4428 	 0.0000 	 0.0052 	 754.3569 	 21.0000 	 2.5654 	 0.4454 	 0.0869 	 1.0190 	 -0.4950 	 0.0000 	 0.6105 	 0.0562 
16.0000 	 2.0991 	 0.7750 	 0.2272 	 5.3261 	 5.7222 	 0.0000 	 0.1716 	 767.4361 	 16.0000 	 0.0102 	 9.9714 	 0.1873 	 2.7707 	 1.3683 	 0.0000 	 1.5029 	 0.0120 
19.0000 	 2.1263 	 0.0000 	 4.3707 	 0.0007 	 7.2920 	 0.0000 	 2.6385 	 875.4249 	 19.0000 	 1.6357 	 7.4867 	 1.4496 	 0.4913 	 -1.2288 	 0.0000 	 0.0372 	 0.0030 
20.0000 	 2.1793 	 6.6415 	 6.4822 	 6.0125 	 7.3032 	 0.0000 	 2.6428 	 875.4384 	 20.0000 	 0.5757 	 9.3599 	 9.3511 	 0.0302 	 0.9427 	 0.0000 	 2.1390 	 0.0023 
16.0000 	 4.9285 	 0.0598 	 0.3099 	 3.7031 	 6.2148 	 0.0000 	 0.0001 	 771.4031 	 16.0000 	 0.5695 	 7.2565 	 7.5205 	 0.4592 	 2.0597 	 0.0000 	 1.7581 	 0.0548 
16.0000 	 1.9153 	 7.6788 	 4.2563 	 0.9250 	 7.3090 	 0.0000 	 2.6458 	 875.3687 	 16.0000 	 0.9102 	 8.2024 	 0.2093 	 1.1959 	 2.6492 	 0.0000 	 2.7697 	 0.0022 
20.0000 	 2.1381 	 9.9663 	 0.0101 	 2.6255 	 5.6616 	 0.0000 	 2.6650 	 875.4538 	 20.0000 	 2.9466 	 8.1504 	 4.8839 	 2.2230 	 -2.1893 	 0.0000 	 1.5001 	 0.0026 
20.0000 	 2.1637 	 1.9171 	 0.0000 	 7.6498 	 2.4687 	 0.0000 	 2.6515 	 875.4344 	 20.0000 	 1.3883 	 7.8555 	 2.6612 	 2.4996 	 -1.1880 	 0.0000 	 2.8900 	 0.0045 
15.0000 	 1.6717 	 4.5415 	 5.0443 	 0.0047 	 8.4425 	 0.0000 	 0.4639 	 772.8814 	 15.0000 	 1.9888 	 4.0685 	 3.9980 	 0.8113 	 2.6397 	 0.0000 	 1.3604 	 0.0020 
25.0000 	 2.2992 	 5.2511 	 0.0157 	 2.3972 	 6.9717 	 0.0000 	 0.4624 	 773.0309 	 25.0000 	 2.4047 	 4.2238 	 6.8323 	 1.2194 	 0.9402 	 0.0000 	 2.2738 	 0.0032 
18.0000 	 2.0937 	 4.9707 	 1.9825 	 1.0444 	 7.2568 	 0.0000 	 2.6314 	 875.4401 	 18.0000 	 2.2151 	 2.7945 	 9.6360 	 1.1905 	 -0.7295 	 0.0000 	 0.5518 	 0.0049 
23.0000 	 2.4115 	 0.0644 	 3.1686 	 9.1486 	 -0.6355 	 0.0000 	 0.2689 	 606.6141 	 23.0000 	 1.1369 	 2.3519 	 7.8405 	 1.1855 	 1.6745 	 0.0000 	 2.7596 	 0.0039 
17.0000 	 2.3774 	 0.0000 	 1.7969 	 1.6395 	 5.7568 	 0.0000 	 2.6555 	 875.8894 	 17.0000 	 1.7560 	 0.9573 	 6.0572 	 0.3653 	 0.5251 	 0.0000 	 0.8713 	 0.0080 
19.0000 	 2.1049 	 6.6696 	 3.5326 	 0.2262 	 7.3151 	 0.0000 	 2.6373 	 875.4171 	 19.0000 	 2.2649 	 1.5926 	 6.0711 	 0.6098 	 -0.1895 	 0.0000 	 1.5642 	 0.0025 
15.0000 	 1.7830 	 1.7574 	 0.0005 	 3.0042 	 5.3866 	 0.0000 	 2.6375 	 875.3623 	 15.0000 	 1.8319 	 4.2123 	 5.9083 	 1.5475 	 -1.4408 	 0.0000 	 2.4417 	 0.0027 
20.0000 	 2.2680 	 4.4224 	 5.1995 	 4.8782 	 7.2949 	 0.0000 	 2.6442 	 875.4647 	 20.0000 	 1.8779 	 5.7718 	 4.3984 	 0.4706 	 -2.5290 	 0.0000 	 0.8771 	 0.0030 
20.0000 	 2.1874 	 10.0000 	 4.2345 	 10.0000 	 7.2999 	 0.0000 	 2.6515 	 875.4339 	 20.0000 	 2.6228 	 9.0653 	 6.3493 	 0.8954 	 -2.7159 	 0.0000 	 2.8398 	 0.0032 
17.0000 	 1.8078 	 8.5065 	 0.0002 	 1.3649 	 7.5792 	 0.0000 	 0.4650 	 772.9144 	 17.0000 	 0.6375 	 7.2542 	 2.6653 	 2.0181 	 -1.7965 	 0.0000 	 0.2305 	 0.0021 
17.0000 	 1.9569 	 0.0723 	 4.0696 	 7.9888 	 0.5186 	 0.0000 	 0.1359 	 607.5044 	 17.0000 	 2.2891 	 0.2245 	 2.4825 	 2.2034 	 2.7609 	 0.0000 	 1.7258 	 0.0057 
17.0000 	 1.8530 	 4.4132 	 4.1478 	 0.4906 	 8.4450 	 0.0000 	 0.4694 	 772.9332 	 17.0000 	 1.5022 	 4.4023 	 0.3106 	 1.1477 	 0.8186 	 0.0000 	 1.8829 	 0.0020 
12.0000 	 1.3667 	 3.5259 	 1.0477 	 0.1277 	 8.4234 	 0.0000 	 0.4688 	 772.9123 	 12.0000 	 0.5432 	 3.2037 	 0.4562 	 0.4234 	 0.8929 	 0.0000 	 2.1345 	 0.0018 
22.0000 	 2.1373 	 9.8397 	 0.9063 	 0.1480 	 8.4327 	 0.0000 	 0.4649 	 772.9940 	 22.0000 	 0.3720 	 2.5973 	 1.5336 	 1.6380 	 -2.2057 	 0.0000 	 2.4490 	 0.0025 
21.0000 	 2.2870 	 7.4278 	 0.0483 	 2.1563 	 6.0714 	 0.0000 	 2.6363 	 875.4288 	 21.0000 	 1.9515 	 9.0665 	 8.5967 	 1.2605 	 0.3872 	 0.0000 	 1.0799 	 0.0035 
15.0000 	 1.7903 	 0.0652 	 2.8576 	 9.9999 	 -1.4864 	 0.0000 	 0.2234 	 606.2996 	 15.0000 	 0.0257 	 4.4515 	 7.5588 	 1.8082 	 -1.6451 	 0.0000 	 0.7332 	 0.0036 
23.0000 	 2.3401 	 2.1446 	 0.0016 	 10.0000 	 0.9830 	 0.0000 	 2.6410 	 875.4868 	 23.0000 	 1.3300 	 4.7088 	 1.2465 	 0.5000 	 -1.3151 	 0.0000 	 1.3045 	 0.0031 
13.0000 	 1.6196 	 5.6961 	 8.2093 	 1.7298 	 7.3016 	 0.0000 	 2.6414 	 875.3250 	 13.0000 	 1.8019 	 4.3644 	 1.8551 	 2.7066 	 -2.2804 	 0.0000 	 0.6707 	 0.0020 
22.0000 	 2.1319 	 0.9683 	 0.0090 	 4.3760 	 5.6975 	 0.0000 	 0.4630 	 772.9820 	 22.0000 	 0.4598 	 7.7504 	 0.2403 	 1.9149 	 2.1837 	 0.0000 	 2.6448 	 0.0028 
11.0000 	 1.3766 	 8.1977 	 4.3222 	 2.4363 	 8.4400 	 0.0000 	 0.4654 	 772.8723 	 11.0000 	 1.0172 	 2.1023 	 7.3338 	 0.4759 	 -2.2879 	 0.0000 	 1.2469 	 0.0019 
21.0000 	 0.0010 	 7.1622 	 5.0655 	 4.4030 	 3.0525 	 0.0000 	 2.4773 	 1326.3713 	 21.0000 	 1.7047 	 2.6750 	 8.6447 	 0.8724 	 2.0723 	 0.0000 	 2.4256 	 0.0000 
14.0000 	 1.6266 	 8.2317 	 3.0507 	 6.2490 	 8.4358 	 0.0000 	 0.4644 	 772.9273 	 14.0000 	 0.7276 	 3.4373 	 5.0234 	 0.0924 	 0.5586 	 0.0000 	 0.8903 	 0.0025 
15.0000 	 1.8474 	 0.0648 	 3.3518 	 9.2657 	 -0.7561 	 0.0000 	 0.2711 	 606.5224 	 15.0000 	 2.2578 	 1.5209 	 6.1511 	 2.0116 	 -2.1292 	 0.0000 	 2.0487 	 0.0036 
15.0000 	 1.7937 	 6.8838 	 2.9670 	 0.0000 	 7.3050 	 0.0000 	 2.6490 	 875.3491 	 15.0000 	 2.2668 	 1.4650 	 5.4209 	 2.4180 	 1.4056 	 0.0000 	 1.0904 	 0.0019 
19.0000 	 2.0609 	 5.9170 	 1.2989 	 0.9294 	 7.2777 	 0.0000 	 2.6406 	 875.4013 	 19.0000 	 2.0907 	 9.6621 	 1.5713 	 0.0187 	 0.2595 	 0.0000 	 2.4794 	 0.0032 
14.0000 	 1.7470 	 5.6021 	 9.1053 	 2.4421 	 7.3056 	 0.0000 	 2.6441 	 875.3402 	 14.0000 	 1.7429 	 5.3903 	 3.2383 	 2.9486 	 1.3396 	 0.0000 	 0.0773 	 0.0020 
10.0000 	 1.2275 	 0.0837 	 3.3619 	 9.6989 	 -1.1943 	 0.0000 	 0.2877 	 606.9638 	 10.0000 	 0.3951 	 0.2564 	 7.9977 	 0.4772 	 2.7005 	 0.0000 	 2.5768 	 0.0072 
18.0000 	 1.7541 	 0.0889 	 3.2874 	 8.5160 	 -0.0092 	 0.0000 	 0.1276 	 607.6461 	 18.0000 	 0.0272 	 0.5328 	 0.8977 	 1.1032 	 0.2293 	 0.0000 	 2.6887 	 0.0095 
14.0000 	 1.7070 	 5.6577 	 4.4750 	 0.5029 	 7.3035 	 0.0000 	 2.6445 	 875.3334 	 14.0000 	 2.9428 	 6.7028 	 1.9859 	 0.1054 	 -2.4252 	 0.0000 	 0.1654 	 0.0040 
15.0000 	 1.7556 	 0.0483 	 7.8463 	 0.9512 	 6.4043 	 0.0000 	 2.6495 	 875.0179 	 15.0000 	 1.0160 	 0.4712 	 2.3171 	 2.0980 	 2.0781 	 0.0000 	 2.7512 	 0.0031 
12.0000 	 1.5403 	 0.0730 	 3.9929 	 7.9681 	 0.5398 	 0.0000 	 0.2639 	 607.5498 	 12.0000 	 0.7689 	 9.6837 	 0.8873 	 0.7049 	 -2.6994 	 0.0000 	 2.2321 	 0.0056 
13.0000 	 1.6377 	 5.9458 	 0.1211 	 0.7620 	 6.9362 	 0.0000 	 2.6473 	 875.2958 	 13.0000 	 0.2771 	 4.1702 	 6.0825 	 0.0040 	 -1.4202 	 0.0000 	 0.1116 	 0.0020 
21.0000 	 2.2175 	 9.9751 	 0.0335 	 1.4312 	 6.4821 	 0.0000 	 2.6436 	 875.4418 	 21.0000 	 2.7433 	 1.0373 	 1.4958 	 2.5674 	 -2.1374 	 0.0000 	 0.4190 	 0.0027 
19.0000 	 2.0892 	 4.9152 	 6.2100 	 0.2566 	 7.3096 	 0.0000 	 2.6482 	 875.4264 	 19.0000 	 2.4622 	 4.1493 	 5.5087 	 0.1375 	 -0.7091 	 0.0000 	 1.3872 	 0.0045 
7.0000 	 1.1150 	 6.1525 	 3.9821 	 0.7938 	 7.3072 	 0.0000 	 2.6490 	 875.5380 	 7.0000 	 0.6500 	 4.4220 	 6.1210 	 1.3234 	 0.6556 	 0.0000 	 2.4927 	 0.0064 
18.0000 	 1.9066 	 7.5507 	 0.8377 	 0.1658 	 8.4292 	 0.0000 	 0.4640 	 772.9183 	 18.0000 	 2.9282 	 2.7633 	 4.2980 	 1.5441 	 -0.4688 	 0.0000 	 0.7705 	 0.0026 
18.0000 	 0.0153 	 6.6191 	 1.5818 	 4.0320 	 4.4188 	 0.0000 	 0.4552 	 1271.7740 	 18.0000 	 2.4739 	 0.7962 	 0.6608 	 1.8170 	 0.0883 	 0.0000 	 2.4336 	 0.0000 
11.0000 	 1.5015 	 0.2674 	 0.3108 	 3.9964 	 5.1144 	 0.0000 	 2.5019 	 875.2696 	 11.0000 	 2.0812 	 7.6666 	 8.9501 	 1.6621 	 -1.2426 	 0.0000 	 2.8977 	 0.0029 
13.0000 	 1.6388 	 0.4964 	 0.0332 	 8.4815 	 2.0477 	 0.0000 	 2.6290 	 875.2188 	 13.0000 	 1.6103 	 0.8944 	 0.0642 	 1.0590 	 2.5456 	 0.0000 	 0.2188 	 0.0042 
14.0000 	 1.6322 	 0.0261 	 7.8344 	 2.0470 	 6.4525 	 0.0000 	 0.2653 	 755.3543 	 14.0000 	 0.8127 	 2.4234 	 4.4448 	 1.0476 	 2.0301 	 0.0000 	 2.7719 	 0.0019 
9.0000 	 1.2751 	 4.6064 	 7.3460 	 3.1078 	 7.3127 	 0.0000 	 2.6287 	 875.3798 	 9.0000 	 0.0726 	 2.2133 	 1.1616 	 0.7608 	 -1.5961 	 0.0000 	 0.7902 	 0.0102 
11.0000 	 1.4628 	 5.5558 	 9.9986 	 0.8782 	 7.3053 	 0.0000 	 2.6407 	 875.3244 	 11.0000 	 1.3632 	 4.8515 	 5.5998 	 1.1441 	 0.4932 	 0.0000 	 0.6656 	 0.0017 
15.0000 	 5.9929 	 2.5000 	 0.0000 	 2.6543 	 5.6426 	 0.0000 	 2.5007 	 878.4460 	 15.0000 	 1.2863 	 2.2391 	 6.3208 	 1.8758 	 -0.5860 	 0.0000 	 2.0180 	 0.0055 
16.0000 	 1.6192 	 7.6770 	 7.0410 	 0.9719 	 7.0122 	 0.0000 	 2.7092 	 877.4003 	 16.0000 	 1.2781 	 9.5694 	 5.5553 	 2.8868 	 -1.0218 	 0.0000 	 0.7226 	 0.0039 
16.0000 	 1.7468 	 1.0327 	 0.0408 	 0.3519 	 8.2297 	 0.0000 	 0.4642 	 772.8893 	 16.0000 	 1.6673 	 1.3813 	 0.3537 	 1.8957 	 0.1386 	 0.0000 	 0.8032 	 0.0028 
8.0000 	 1.1110 	 4.8425 	 4.9616 	 0.5534 	 8.4399 	 0.0000 	 0.4660 	 772.9975 	 8.0000 	 1.8693 	 0.5099 	 2.9101 	 0.9276 	 1.5580 	 0.0000 	 0.9898 	 0.0057 
10.0000 	 1.9895 	 9.7421 	 1.5421 	 3.9837 	 7.4804 	 0.0000 	 2.3883 	 878.5093 	 10.0000 	 2.0529 	 2.6193 	 7.4241 	 0.6999 	 -2.5785 	 0.0000 	 2.2603 	 0.0042 
7.0000 	 0.9679 	 0.0796 	 3.0003 	 9.6679 	 -1.1534 	 0.0000 	 0.2900 	 607.0455 	 7.0000 	 0.4916 	 7.5914 	 9.3621 	 1.8322 	 -2.7982 	 0.0000 	 1.2243 	 0.0095 
18.0000 	 1.9624 	 0.1196 	 7.1628 	 0.8552 	 6.6667 	 0.0000 	 2.6075 	 874.9805 	 18.0000 	 0.3524 	 9.9936 	 7.2356 	 2.5800 	 -2.5883 	 0.0000 	 2.5300 	 0.0026 
19.0000 	 2.0892 	 7.1671 	 5.5244 	 2.9480 	 7.3052 	 0.0000 	 2.6415 	 875.4126 	 19.0000 	 0.9057 	 3.9323 	 6.4244 	 2.9224 	 2.8156 	 0.0000 	 2.9346 	 0.0028 
13.0000 	 1.6276 	 0.0658 	 2.9108 	 9.8048 	 -1.2891 	 0.0000 	 0.2720 	 606.3242 	 13.0000 	 1.9836 	 3.4920 	 1.9688 	 2.3029 	 -2.1150 	 0.0000 	 0.4538 	 0.0039 
16.0000 	 1.8314 	 0.0310 	 2.1422 	 4.7055 	 3.7879 	 0.0000 	 0.3837 	 737.7316 	 16.0000 	 0.8613 	 0.3328 	 2.6123 	 1.9419 	 1.9636 	 0.0000 	 1.6318 	 0.0041 
14.0000 	 1.7326 	 5.7711 	 8.9643 	 6.5106 	 7.3097 	 0.0000 	 2.6523 	 875.3327 	 14.0000 	 1.0590 	 8.9763 	 9.2972 	 0.3446 	 1.1798 	 0.0000 	 1.3330 	 0.0062 
6.0000 	 0.9928 	 7.9970 	 9.9997 	 1.5505 	 7.3056 	 0.0000 	 2.6468 	 875.6909 	 6.0000 	 2.0545 	 9.3735 	 6.0764 	 0.8669 	 -0.8123 	 0.0000 	 0.5541 	 0.0092 
10.0000 	 1.3758 	 6.4540 	 0.0278 	 2.6488 	 5.7163 	 0.0000 	 2.6455 	 875.3159 	 10.0000 	 1.7670 	 1.0510 	 1.4240 	 0.9555 	 2.6098 	 0.0000 	 0.3369 	 0.0042 
9.0000 	 1.2066 	 6.4876 	 0.0023 	 7.4909 	 3.7286 	 0.0000 	 0.4635 	 772.9266 	 9.0000 	 1.1909 	 3.6578 	 6.8797 	 2.2285 	 0.5938 	 0.0000 	 0.7110 	 0.0037 
5.0000 	 0.9321 	 5.5908 	 9.2029 	 5.1892 	 7.2898 	 0.0000 	 2.6798 	 875.3534 	 5.0000 	 0.6003 	 4.3763 	 8.6412 	 2.6335 	 -0.3969 	 0.0000 	 2.9935 	 0.0515 
15.0000 	 1.7815 	 4.7619 	 9.7306 	 0.0126 	 7.3155 	 0.0000 	 2.6432 	 875.3568 	 15.0000 	 2.8928 	 6.3524 	 0.3492 	 0.8397 	 2.7662 	 0.0000 	 0.9569 	 0.0024 
14.0000 	 1.7003 	 1.8256 	 1.9825 	 0.7173 	 7.2619 	 0.0000 	 2.6395 	 875.2951 	 14.0000 	 1.0542 	 6.3254 	 2.9633 	 2.7043 	 2.3854 	 0.0000 	 2.5641 	 0.0030 
11.0000 	 1.4659 	 8.1750 	 8.5334 	 1.3342 	 7.3013 	 0.0000 	 2.6472 	 875.3234 	 11.0000 	 0.8190 	 9.9211 	 6.3389 	 2.9770 	 -2.3601 	 0.0000 	 2.8740 	 0.0024 
8.0000 	 1.1060 	 7.2184 	 10.0000 	 9.9192 	 8.4410 	 0.0000 	 0.4662 	 773.0287 	 8.0000 	 1.9525 	 5.9060 	 3.4233 	 0.3874 	 1.8692 	 0.0000 	 1.8218 	 0.0043 
13.0000 	 1.5385 	 0.0779 	 3.5279 	 8.9454 	 -0.4367 	 0.0000 	 0.2839 	 606.7519 	 13.0000 	 0.8689 	 2.4958 	 5.7350 	 1.8733 	 -1.2429 	 0.0000 	 1.0296 	 0.0047 
17.0000 	 2.0210 	 0.0611 	 2.8570 	 9.9856 	 -1.4687 	 0.0000 	 0.2474 	 606.3293 	 17.0000 	 0.1125 	 8.6336 	 1.8991 	 0.8505 	 0.3080 	 0.0000 	 0.2299 	 0.0035 
11.0000 	 1.5207 	 6.4335 	 5.9032 	 2.4673 	 7.2990 	 0.0000 	 2.6408 	 875.3445 	 11.0000 	 0.6247 	 4.4969 	 1.9035 	 2.7515 	 2.3008 	 0.0000 	 1.9124 	 0.0017 
18.0000 	 1.9325 	 9.7302 	 7.5439 	 6.7603 	 7.2751 	 0.0000 	 2.6652 	 875.4699 	 18.0000 	 2.1983 	 3.5790 	 9.3222 	 2.9549 	 -1.1810 	 0.0000 	 2.3379 	 0.0024 
5.0000 	 0.8795 	 5.0587 	 9.3501 	 2.6828 	 7.3106 	 0.0000 	 2.6319 	 875.8750 	 5.0000 	 0.8746 	 5.5123 	 8.7643 	 0.4136 	 0.2364 	 0.0000 	 0.1598 	 0.0120 
3.0000 	 0.7088 	 7.6794 	 4.5087 	 6.0385 	 7.2924 	 0.0000 	 2.6207 	 876.1409 	 3.0000 	 2.4865 	 6.9793 	 8.5423 	 0.2687 	 0.5498 	 0.0000 	 2.0227 	 0.0245 
11.0000 	 1.3700 	 4.5800 	 8.2626 	 0.7239 	 8.4424 	 0.0000 	 0.4643 	 772.8781 	 11.0000 	 1.1283 	 3.3901 	 5.0170 	 2.7615 	 -0.8409 	 0.0000 	 2.7641 	 0.0016 
8.0000 	 1.1457 	 0.0760 	 4.4030 	 7.9086 	 0.6027 	 0.0000 	 0.2565 	 607.9437 	 8.0000 	 2.6353 	 9.5838 	 3.8908 	 0.2691 	 1.2396 	 0.0000 	 0.5530 	 0.0085 
6.0000 	 1.1719 	 9.9918 	 1.3511 	 3.8200 	 8.4200 	 0.0000 	 0.4689 	 773.6797 	 6.0000 	 2.8753 	 4.7699 	 0.5839 	 2.9996 	 -1.2817 	 0.0000 	 2.5876 	 0.0072 
6.0000 	 4.5517 	 1.2257 	 9.9881 	 0.0009 	 7.3792 	 0.0000 	 2.6689 	 877.6167 	 6.0000 	 0.5819 	 4.0495 	 2.8739 	 1.1028 	 -2.6620 	 0.0000 	 1.2939 	 0.0096 
12.0000 	 1.4200 	 9.0966 	 0.0004 	 9.9980 	 2.1273 	 0.0000 	 0.4658 	 772.8621 	 12.0000 	 2.2059 	 2.4304 	 5.8825 	 2.5322 	 0.3097 	 0.0000 	 0.5320 	 0.0018 
13.0000 	 1.6340 	 7.6072 	 0.0000 	 6.8196 	 2.9970 	 0.0000 	 2.6527 	 875.3267 	 13.0000 	 0.5499 	 4.7061 	 5.9785 	 2.8663 	 0.2487 	 0.0000 	 1.8013 	 0.0023 
9.0000 	 1.2677 	 9.3011 	 8.6776 	 2.5140 	 7.3086 	 0.0000 	 2.6386 	 875.3831 	 9.0000 	 1.2044 	 1.6161 	 5.0157 	 0.2805 	 1.6248 	 0.0000 	 2.7868 	 0.0027 
17.0000 	 0.0013 	 8.4579 	 2.7707 	 1.6074 	 6.8438 	 0.0000 	 0.4550 	 1271.7739 	 17.0000 	 2.7687 	 3.1319 	 7.5844 	 1.9861 	 -2.9697 	 0.0000 	 1.1854 	 0.0000 
15.0000 	 1.5630 	 0.1050 	 6.1595 	 7.4504 	 1.0496 	 0.0000 	 0.3296 	 611.7606 	 15.0000 	 2.7229 	 2.1299 	 0.2256 	 0.2711 	 -2.9660 	 0.0000 	 1.5258 	 0.0093 
4.0000 	 0.7966 	 4.7747 	 10.0000 	 8.2587 	 7.2659 	 0.0000 	 2.6359 	 876.0830 	 4.0000 	 0.8856 	 9.4990 	 9.3741 	 2.7176 	 0.7328 	 0.0000 	 1.4082 	 0.0188 
2.0000 	 0.5053 	 3.6164 	 3.3440 	 1.6891 	 7.2854 	 0.0000 	 2.6459 	 876.3816 	 2.0000 	 1.9684 	 2.5384 	 8.6461 	 0.9717 	 1.0509 	 0.0000 	 2.9435 	 0.0583 
16.0000 	 1.8632 	 0.0687 	 3.1082 	 9.2944 	 -0.7793 	 0.0000 	 0.2647 	 606.4576 	 16.0000 	 0.6731 	 3.9763 	 3.5680 	 0.6226 	 -0.8307 	 0.0000 	 0.0577 	 0.0094 
10.0000 	 2.2289 	 2.8171 	 2.1609 	 6.1821 	 7.2396 	 0.0000 	 2.6410 	 876.1051 	 10.0000 	 1.1041 	 8.0333 	 2.8545 	 2.9814 	 -0.4909 	 0.0000 	 0.8426 	 0.0247 
5.0000 	 0.9267 	 0.0207 	 2.5597 	 4.1290 	 4.3524 	 0.0000 	 0.3902 	 742.9231 	 5.0000 	 0.1537 	 0.4414 	 3.9779 	 0.8626 	 2.5582 	 0.0000 	 1.1656 	 0.0462 
6.0000 	 0.9374 	 1.7495 	 0.1619 	 5.8647 	 4.3497 	 0.0000 	 2.6150 	 875.2267 	 6.0000 	 0.1973 	 3.3156 	 9.9143 	 0.4651 	 -2.7657 	 0.0000 	 2.8847 	 0.0115 
13.0000 	 0.0128 	 3.6913 	 4.8766 	 0.4671 	 7.0002 	 0.0000 	 2.4870 	 1326.3766 	 13.0000 	 2.6576 	 9.2992 	 3.5598 	 1.1574 	 -1.2904 	 0.0000 	 1.1595 	 0.0011 
16.0000 	 1.8143 	 0.7741 	 1.6087 	 0.6693 	 7.1440 	 0.0000 	 2.6464 	 875.2769 	 16.0000 	 2.3368 	 5.1719 	 5.3710 	 2.7031 	 -0.1327 	 0.0000 	 0.7302 	 0.0044 
15.0000 	 1.8273 	 0.0662 	 3.3336 	 8.8917 	 -0.3787 	 0.0000 	 0.2604 	 606.6060 	 15.0000 	 0.2880 	 1.7907 	 7.8134 	 1.5531 	 0.6690 	 0.0000 	 0.1422 	 0.0038 
1.0000 	 0.1627 	 6.1792 	 6.0242 	 0.5782 	 7.3285 	 0.0000 	 2.6388 	 876.5098 	 1.0000 	 1.0438 	 8.5516 	 1.0978 	 0.5538 	 -1.0198 	 0.0000 	 0.9062 	 0.0290 
14.0000 	 1.7192 	 5.9626 	 9.7930 	 5.5726 	 7.3090 	 0.0000 	 2.6414 	 875.3415 	 14.0000 	 0.7550 	 6.5142 	 7.8513 	 1.0993 	 2.7615 	 0.0000 	 1.0304 	 0.0023 
12.0000 	 1.5407 	 9.9999 	 1.5943 	 7.0819 	 7.2542 	 0.0000 	 2.6376 	 875.2838 	 12.0000 	 2.8709 	 1.2180 	 7.7629 	 2.0663 	 -0.5714 	 0.0000 	 1.2870 	 0.0015 
3.0000 	 0.6529 	 4.5642 	 9.9999 	 0.0000 	 7.3238 	 0.0000 	 2.6725 	 876.2566 	 3.0000 	 0.8755 	 9.3043 	 5.5610 	 1.9949 	 -1.6392 	 0.0000 	 0.8142 	 0.0182 
10.0000 	 1.3643 	 6.2709 	 6.0442 	 4.4967 	 7.3042 	 0.0000 	 2.6338 	 875.3454 	 10.0000 	 0.3423 	 0.1720 	 5.5876 	 2.6782 	 -1.3874 	 0.0000 	 2.7240 	 0.0035 
9.0000 	 1.2580 	 3.0323 	 0.0214 	 6.6612 	 3.2264 	 0.0000 	 2.6524 	 875.3415 	 9.0000 	 1.4353 	 3.1950 	 9.8165 	 0.4693 	 0.4421 	 0.0000 	 1.9558 	 0.0042 
14.0000 	 1.6918 	 6.3840 	 5.6874 	 0.2461 	 7.3060 	 0.0000 	 2.6384 	 875.3368 	 14.0000 	 0.9808 	 7.5109 	 9.6135 	 0.7230 	 0.6132 	 0.0000 	 0.0948 	 0.0022 
11.0000 	 1.4815 	 0.0666 	 3.4893 	 8.6925 	 -0.1868 	 0.0000 	 0.3090 	 606.8298 	 11.0000 	 1.2199 	 2.9058 	 1.9424 	 2.8234 	 -2.2559 	 0.0000 	 2.1380 	 0.0045 
6.0000 	 0.8441 	 0.0708 	 2.6343 	 10.0000 	 -1.4880 	 0.0000 	 0.1611 	 607.2739 	 6.0000 	 1.6602 	 1.1076 	 2.6787 	 1.0184 	 0.4260 	 0.0000 	 0.0875 	 0.0142 
8.0000 	 1.0928 	 6.5854 	 9.6914 	 1.1989 	 8.4401 	 0.0000 	 0.4634 	 773.0065 	 8.0000 	 1.7392 	 2.0188 	 3.2368 	 0.1601 	 -1.9462 	 0.0000 	 0.2686 	 0.0049 
5.0000 	 0.8756 	 0.0029 	 8.9396 	 0.0229 	 7.2807 	 0.0000 	 2.6504 	 875.8617 	 5.0000 	 2.2537 	 8.8539 	 6.8447 	 1.6036 	 -1.9451 	 0.0000 	 1.1437 	 0.0134 
12.0000 	 1.5541 	 0.0712 	 3.8669 	 8.0026 	 0.5067 	 0.0000 	 0.2706 	 607.5132 	 12.0000 	 0.3334 	 1.7273 	 1.1386 	 2.1418 	 0.7351 	 0.0000 	 1.3401 	 0.0044 
14.0000 	 1.6188 	 9.9899 	 1.7141 	 1.3970 	 8.4353 	 0.0000 	 0.4640 	 772.8540 	 14.0000 	 1.1815 	 6.1349 	 9.3895 	 1.3573 	 -2.3886 	 0.0000 	 1.2717 	 0.0020 
13.0000 	 2.2677 	 2.1734 	 7.8191 	 9.2751 	 7.2870 	 0.0000 	 2.6549 	 876.0958 	 13.0000 	 0.1156 	 0.2085 	 1.2650 	 2.1574 	 0.5358 	 0.0000 	 1.5908 	 0.0323 
9.0000 	 1.1616 	 0.0881 	 4.5180 	 7.8093 	 0.6927 	 0.0000 	 0.0429 	 608.2139 	 9.0000 	 2.9284 	 5.0234 	 2.8101 	 0.7646 	 2.5989 	 0.0000 	 1.7057 	 0.0065 
1.0000 	 0.2234 	 8.1022 	 4.6623 	 6.9201 	 7.3269 	 0.0000 	 2.6582 	 876.7175 	 1.0000 	 1.3428 	 7.5713 	 2.3905 	 2.5255 	 2.6188 	 0.0000 	 0.8900 	 0.0230 
4.0000 	 2.0657 	 7.0618 	 0.2469 	 4.6629 	 7.2801 	 0.0000 	 0.3738 	 774.6223 	 4.0000 	 2.3068 	 2.0914 	 7.4131 	 1.7690 	 0.0644 	 0.0000 	 1.5546 	 0.0351 
1.0000 	 0.1788 	 9.6506 	 4.3647 	 4.5423 	 7.3156 	 0.0000 	 2.7036 	 876.6814 	 1.0000 	 1.9001 	 8.6510 	 8.2218 	 0.1568 	 -0.4811 	 0.0000 	 0.5809 	 0.0235 
11.0000 	 1.3743 	 0.0260 	 0.3142 	 7.8947 	 1.5063 	 0.0000 	 0.0000 	 754.3076 	 11.0000 	 0.8908 	 8.2313 	 1.9091 	 0.5782 	 -1.2444 	 0.0000 	 2.2825 	 0.0285 
7.0000 	 1.0965 	 2.5277 	 0.0631 	 0.0000 	 7.3140 	 0.0000 	 2.6423 	 875.5406 	 7.0000 	 0.6626 	 8.6204 	 5.7464 	 2.7351 	 -0.6479 	 0.0000 	 2.0922 	 0.0066 
11.0000 	 1.5005 	 0.0675 	 3.8240 	 8.1636 	 0.3439 	 0.0000 	 0.1368 	 607.2233 	 11.0000 	 0.9925 	 0.1087 	 2.8106 	 2.7181 	 -1.7599 	 0.0000 	 2.3507 	 0.0048 
7.0000 	 3.8491 	 0.0000 	 4.8584 	 0.8441 	 6.3640 	 0.0000 	 2.6555 	 877.8012 	 7.0000 	 0.4330 	 8.2041 	 3.3472 	 2.0869 	 -2.7435 	 0.0000 	 2.8251 	 0.0076 
3.0000 	 0.5847 	 3.5830 	 0.0031 	 3.0110 	 5.3954 	 0.0000 	 2.6263 	 876.2901 	 3.0000 	 0.1492 	 1.7044 	 0.7189 	 2.7072 	 0.0331 	 0.0000 	 1.9206 	 0.0253 
8.0000 	 1.1223 	 3.4202 	 0.2498 	 9.9967 	 3.3271 	 0.0000 	 2.4470 	 873.6939 	 8.0000 	 0.2910 	 7.5477 	 4.3257 	 2.8198 	 2.6501 	 0.0000 	 2.9969 	 0.0052 
12.0000 	 0.0012 	 1.3244 	 4.5627 	 8.1872 	 -0.7323 	 0.0000 	 2.4784 	 1326.3713 	 12.0000 	 1.5583 	 7.1430 	 4.4485 	 2.1052 	 -2.2780 	 0.0000 	 0.9256 	 0.0000 
12.0000 	 1.4309 	 5.6817 	 0.0262 	 1.4532 	 7.5680 	 0.0000 	 0.4640 	 772.8404 	 12.0000 	 2.6616 	 3.3667 	 2.7285 	 2.7642 	 0.3480 	 0.0000 	 0.1579 	 0.0014 
4.0000 	 0.7541 	 3.3379 	 0.0000 	 0.0000 	 7.3319 	 0.0000 	 2.6163 	 876.0924 	 4.0000 	 1.8462 	 5.0158 	 7.9011 	 1.2948 	 1.8265 	 0.0000 	 1.0569 	 0.0234 
5.0000 	 0.8121 	 0.7230 	 0.0000 	 1.5633 	 6.2792 	 0.0000 	 2.6495 	 875.9627 	 5.0000 	 2.2498 	 9.0916 	 9.8464 	 0.4816 	 -1.1397 	 0.0000 	 2.4568 	 0.0191 
1.0000 	 1.6950 	 0.0023 	 3.3549 	 2.8332 	 5.6486 	 0.0000 	 0.4063 	 753.3643 	 1.0000 	 1.9916 	 7.3502 	 3.2366 	 2.6606 	 -2.3791 	 0.0000 	 1.9078 	 0.0493 
8.0000 	 1.1788 	 1.4210 	 7.5430 	 0.6239 	 7.2704 	 0.0000 	 2.6508 	 875.4231 	 8.0000 	 0.2628 	 1.5599 	 2.6213 	 1.4130 	 -2.4369 	 0.0000 	 2.5867 	 0.0043 
2.0000 	 0.4641 	 4.5899 	 4.5256 	 2.9080 	 7.3199 	 0.0000 	 2.6582 	 876.4014 	 2.0000 	 0.8664 	 7.1269 	 6.1496 	 2.8825 	 1.7651 	 0.0000 	 2.4335 	 0.0231 
7.0000 	 0.9855 	 6.0631 	 0.0793 	 2.3821 	 7.1633 	 0.0000 	 0.4552 	 773.0027 	 7.0000 	 1.9767 	 3.1654 	 4.1193 	 0.9269 	 -2.1510 	 0.0000 	 0.4310 	 0.0076 
4.0000 	 1.0203 	 10.0000 	 1.1265 	 1.3812 	 7.2655 	 0.0000 	 2.6251 	 876.1952 	 4.0000 	 2.1709 	 5.6245 	 7.2737 	 0.1630 	 -0.2247 	 0.0000 	 0.4125 	 0.0157 
9.0000 	 1.2605 	 0.8688 	 0.0000 	 3.0177 	 5.3571 	 0.0000 	 2.6700 	 875.4348 	 9.0000 	 0.4204 	 7.5710 	 2.1153 	 2.3256 	 0.1469 	 0.0000 	 1.6021 	 0.0037 
7.0000 	 1.0912 	 2.8848 	 0.0000 	 2.4206 	 5.7855 	 0.0000 	 2.6551 	 875.5480 	 7.0000 	 1.8453 	 2.4329 	 8.3148 	 2.3557 	 0.5733 	 0.0000 	 0.9370 	 0.0069 
3.0000 	 0.5399 	 0.7944 	 0.0002 	 4.0298 	 4.7675 	 0.0000 	 2.6509 	 876.4367 	 3.0000 	 0.7130 	 0.9190 	 6.2853 	 1.1617 	 -0.7688 	 0.0000 	 1.5113 	 0.0291 
2.0000 	 0.4690 	 6.5206 	 9.6149 	 0.5620 	 7.2907 	 0.0000 	 2.6699 	 876.3790 	 2.0000 	 1.2432 	 7.7674 	 7.6785 	 0.6298 	 -2.0236 	 0.0000 	 1.8143 	 0.0202 
9.0000 	 1.1895 	 7.3126 	 4.2415 	 1.1837 	 8.4401 	 0.0000 	 0.4649 	 772.9343 	 9.0000 	 0.5530 	 6.4584 	 5.7526 	 1.2285 	 -0.1015 	 0.0000 	 1.4975 	 0.0029 
10.0000 	 1.3421 	 0.0669 	 2.8787 	 9.9951 	 -1.4854 	 0.0000 	 0.1449 	 606.3585 	 10.0000 	 0.7367 	 0.3832 	 4.0775 	 1.6721 	 -0.8207 	 0.0000 	 2.5202 	 0.0049 
4.0000 	 0.7209 	 2.6805 	 3.2378 	 0.0000 	 7.3173 	 0.0000 	 2.6519 	 876.0801 	 4.0000 	 1.9866 	 0.6623 	 7.5809 	 1.7188 	 -1.0611 	 0.0000 	 2.3167 	 0.0172 
7.0000 	 1.1223 	 8.3272 	 7.6303 	 4.4870 	 7.3043 	 0.0000 	 2.6338 	 875.5380 	 7.0000 	 0.1871 	 3.4989 	 2.7446 	 1.1947 	 -0.3109 	 0.0000 	 1.0217 	 0.0067 
9.0000 	 1.1922 	 9.9977 	 0.3900 	 0.3401 	 8.3670 	 0.0000 	 0.4631 	 772.9041 	 9.0000 	 0.7789 	 5.2739 	 7.1021 	 0.1653 	 1.1192 	 0.0000 	 2.2684 	 0.0038 
9.0000 	 1.1915 	 9.7928 	 2.3511 	 4.0489 	 8.4352 	 0.0000 	 0.4636 	 772.9533 	 9.0000 	 0.2212 	 9.9051 	 7.8956 	 2.5310 	 -0.7457 	 0.0000 	 2.3355 	 0.0039 
4.0000 	 0.6757 	 3.2517 	 6.1456 	 0.1170 	 8.4473 	 0.0000 	 0.4569 	 773.6663 	 4.0000 	 1.9469 	 1.0693 	 6.6927 	 1.0234 	 -1.4995 	 0.0000 	 1.0013 	 0.0232 
2.0000 	 0.4529 	 6.9195 	 4.3844 	 3.6276 	 7.2935 	 0.0000 	 2.6573 	 876.3535 	 2.0000 	 1.5462 	 1.6325 	 0.1221 	 1.5807 	 -1.0175 	 0.0000 	 1.1151 	 0.0189 
1.0000 	 0.1639 	 3.1102 	 3.8588 	 1.2532 	 7.3055 	 0.0000 	 2.6363 	 876.5314 	 1.0000 	 1.8240 	 5.1739 	 2.8468 	 1.1177 	 -2.5645 	 0.0000 	 1.0237 	 0.0239 
4.0000 	 0.7255 	 3.3263 	 0.8835 	 0.0000 	 7.3073 	 0.0000 	 2.6395 	 876.0424 	 4.0000 	 0.4342 	 4.5034 	 9.5422 	 1.9252 	 -1.1120 	 0.0000 	 1.4477 	 0.0268 
8.0000 	 1.1907 	 9.8353 	 7.2974 	 1.2650 	 7.2998 	 0.0000 	 2.6519 	 875.4497 	 8.0000 	 1.9705 	 3.0027 	 1.2017 	 0.7650 	 -1.7724 	 0.0000 	 2.0311 	 0.0043 
8.0000 	 1.1972 	 9.9999 	 0.0000 	 9.2069 	 1.4808 	 0.0000 	 2.6479 	 875.4560 	 8.0000 	 2.8588 	 4.9632 	 6.8498 	 2.3538 	 -2.3713 	 0.0000 	 0.4554 	 0.0050 
5.0000 	 1.0762 	 6.2315 	 5.1961 	 0.6757 	 7.3088 	 0.0000 	 2.6530 	 876.0050 	 5.0000 	 2.7927 	 6.4748 	 2.6300 	 0.4073 	 -0.1480 	 0.0000 	 0.5632 	 0.0099 
3.0000 	 0.6784 	 1.9619 	 0.0000 	 0.0000 	 7.3020 	 0.0000 	 2.6369 	 876.2151 	 3.0000 	 0.2856 	 8.0666 	 3.0792 	 0.4226 	 -2.2821 	 0.0000 	 0.8805 	 0.0251 
7.0000 	 1.1907 	 0.0586 	 4.6185 	 7.9328 	 0.5678 	 0.0000 	 0.0077 	 608.1966 	 7.0000 	 0.2463 	 1.5431 	 6.1365 	 0.4465 	 1.9729 	 0.0000 	 1.7509 	 0.0113 
2.0000 	 0.3790 	 1.9374 	 0.0000 	 0.8608 	 7.8967 	 0.0000 	 0.4637 	 773.9736 	 2.0000 	 1.9975 	 7.0312 	 2.4636 	 1.3813 	 -0.4300 	 0.0000 	 0.8419 	 0.0219 
6.0000 	 0.7071 	 0.1055 	 5.2748 	 7.4152 	 0.9702 	 0.0000 	 0.4350 	 618.6517 	 6.0000 	 1.0063 	 3.8879 	 4.7178 	 1.9322 	 -0.7986 	 0.0000 	 1.3851 	 0.4443 
3.0000 	 0.6047 	 7.4913 	 6.8552 	 0.5134 	 8.4438 	 0.0000 	 0.4617 	 773.8413 	 3.0000 	 0.2549 	 2.7222 	 8.5621 	 1.7893 	 1.1462 	 0.0000 	 1.3639 	 0.0325 
1.0000 	 0.1571 	 5.9767 	 8.1347 	 0.0152 	 8.4404 	 0.0000 	 0.4724 	 774.1089 	 1.0000 	 2.9513 	 4.2755 	 4.2430 	 2.1303 	 1.3585 	 0.0000 	 1.6955 	 0.0210 
5.0000 	 0.8951 	 5.8209 	 3.2513 	 5.7026 	 7.3064 	 0.0000 	 2.6453 	 875.8606 	 5.0000 	 1.0402 	 2.5982 	 3.8110 	 2.2515 	 -1.0145 	 0.0000 	 2.1052 	 0.0131 
5.0000 	 0.8926 	 0.3992 	 7.7853 	 0.0007 	 7.2380 	 0.0000 	 2.6131 	 875.9933 	 5.0000 	 0.2875 	 4.2826 	 6.7133 	 1.4993 	 -1.1903 	 0.0000 	 1.2073 	 0.0116 
3.0000 	 0.8586 	 6.8968 	 3.6083 	 9.7724 	 8.4407 	 0.0000 	 0.4628 	 774.0889 	 3.0000 	 1.5657 	 7.8034 	 5.6304 	 1.3846 	 -1.8709 	 0.0000 	 0.3142 	 0.0205 
2.0000 	 0.4728 	 1.7344 	 5.1706 	 0.0420 	 8.4414 	 0.0000 	 0.4669 	 773.9832 	 2.0000 	 0.6865 	 3.3362 	 7.3279 	 1.5959 	 0.3388 	 0.0000 	 1.9690 	 0.0195 
3.0000 	 0.6582 	 3.7004 	 0.0049 	 2.6932 	 5.5980 	 0.0000 	 2.6420 	 876.1820 	 3.0000 	 0.0230 	 3.9184 	 2.3053 	 2.4823 	 1.8495 	 0.0000 	 2.7793 	 0.0351 
1.0000 	 0.1873 	 7.3552 	 4.9239 	 5.0773 	 7.3086 	 0.0000 	 2.6586 	 876.7050 	 1.0000 	 0.9286 	 4.8145 	 7.3887 	 0.0966 	 1.4741 	 0.0000 	 1.0413 	 0.0254 
1.0000 	 0.3146 	 9.7935 	 7.4137 	 0.2416 	 7.3335 	 0.0000 	 2.6297 	 876.7756 	 1.0000 	 1.6566 	 7.6107 	 5.5688 	 1.1111 	 2.1628 	 0.0000 	 2.8946 	 0.0256 
2.0000 	 0.4173 	 3.1927 	 0.0542 	 2.4670 	 5.9388 	 0.0000 	 2.6483 	 876.3999 	 2.0000 	 0.9159 	 5.7488 	 0.9173 	 1.5714 	 0.5483 	 0.0000 	 2.9277 	 0.0260 
3.0000 	 0.5546 	 0.0275 	 3.0110 	 4.8035 	 3.6873 	 0.0000 	 0.3981 	 739.0046 	 3.0000 	 1.6907 	 8.9774 	 2.3223 	 2.9864 	 2.5476 	 0.0000 	 0.2958 	 0.0307 
1.0000 	 0.3081 	 0.0000 	 0.0000 	 0.5179 	 6.9808 	 0.0000 	 2.6671 	 876.8160 	 1.0000 	 2.2501 	 8.7223 	 9.4644 	 0.8569 	 -0.0690 	 0.0000 	 2.4280 	 0.0267 
2.0000 	 0.9034 	 2.4414 	 3.9355 	 1.1177 	 7.2070 	 0.0000 	 2.5746 	 877.1200 	 2.0000 	 1.6319 	 8.5911 	 4.1989 	 2.3037 	 2.6387 	 0.0000 	 0.9423 	 0.0301 
47.0000 	 3.6848 	 7.6073 	 8.9876 	 7.4170 	 7.3128 	 0.0000 	 2.6427 	 875.7122 	 47.0000 	 2.8513 	 5.3906 	 5.2078 	 1.6008 	 -0.0870 	 0.0000 	 2.2442 	 0.0028 
47.0000 	 3.7076 	 9.5593 	 4.8483 	 8.6897 	 7.2912 	 0.0000 	 2.6375 	 875.7117 	 47.0000 	 2.6510 	 1.5223 	 4.5007 	 1.8389 	 1.4068 	 0.0000 	 0.2617 	 0.0037 
