49.0000 	 2.3246 	 4.6436 	 5.0427 	 6.4530 	 4.2971 	 0.0000 	 1.6155 	 773.0279 	 49.0000 	 0.6479 	 1.0562 	 2.6554 	 2.3326 	 0.3247 	 0.0000 	 1.7755 	 0.0050 
50.0000 	 2.5399 	 2.4982 	 1.5599 	 6.9227 	 3.4250 	 0.0000 	 1.2301 	 769.2722 	 50.0000 	 0.1674 	 3.5131 	 1.2320 	 0.6237 	 -1.6842 	 0.0000 	 1.7958 	 0.0109 
50.0000 	 2.4298 	 1.9154 	 5.6991 	 4.2581 	 4.0459 	 0.0000 	 1.3454 	 768.9963 	 50.0000 	 0.7623 	 6.3728 	 5.3097 	 0.1316 	 -2.4862 	 0.0000 	 1.7946 	 0.0105 
50.0000 	 2.4337 	 1.7530 	 10.0000 	 3.8279 	 4.0731 	 0.0000 	 1.3415 	 768.8137 	 50.0000 	 1.2473 	 8.5568 	 4.0900 	 2.2677 	 2.2582 	 0.0000 	 2.3920 	 0.0221 
50.0000 	 2.4842 	 1.6493 	 5.4615 	 3.9378 	 3.9756 	 0.0000 	 1.3173 	 768.8523 	 50.0000 	 1.9908 	 2.4652 	 2.7689 	 0.5429 	 1.9165 	 0.0000 	 2.6402 	 0.0155 
49.0000 	 0.0015 	 5.2331 	 9.2603 	 1.7210 	 2.9916 	 0.0000 	 1.8694 	 1133.8460 	 49.0000 	 2.6399 	 4.7062 	 4.0088 	 2.0460 	 -0.7251 	 0.0000 	 2.3501 	 0.0000 
49.0000 	 2.2684 	 4.8962 	 4.7266 	 7.4916 	 4.2407 	 0.0000 	 1.5492 	 772.5528 	 49.0000 	 0.0641 	 6.5649 	 2.5101 	 1.4680 	 -1.8843 	 0.0000 	 0.3993 	 0.0045 
50.0000 	 2.4395 	 1.7099 	 9.5367 	 3.7950 	 4.0556 	 0.0000 	 1.3337 	 768.8095 	 50.0000 	 1.9908 	 2.4652 	 2.7689 	 0.5429 	 1.9165 	 0.0000 	 2.6402 	 0.0096 
49.0000 	 2.4324 	 1.7431 	 3.6899 	 4.2946 	 3.8605 	 0.0000 	 1.3010 	 768.7489 	 49.0000 	 0.5159 	 0.1003 	 8.4415 	 0.4359 	 0.7636 	 0.0000 	 2.2031 	 0.0099 
49.0000 	 0.0022 	 1.4148 	 10.0000 	 2.9385 	 1.7952 	 0.0000 	 1.8619 	 1133.8617 	 49.0000 	 1.0478 	 3.1273 	 4.0958 	 2.7065 	 -2.7953 	 0.0000 	 1.6174 	 0.0005 
48.0000 	 0.0162 	 5.1171 	 3.6493 	 0.5920 	 4.1199 	 0.0000 	 1.8690 	 1133.8460 	 48.0000 	 2.3971 	 4.1254 	 0.4645 	 0.7028 	 -2.0370 	 0.0000 	 1.5566 	 0.0000 
48.0000 	 2.2830 	 0.0000 	 5.1446 	 2.1582 	 2.3286 	 0.0000 	 1.7015 	 782.8128 	 48.0000 	 1.5234 	 4.1471 	 8.4076 	 0.3981 	 2.1888 	 0.0000 	 0.4873 	 0.0040 
49.0000 	 0.0012 	 2.1814 	 4.5743 	 2.1313 	 2.5806 	 0.0000 	 1.8686 	 1133.8460 	 49.0000 	 0.9289 	 2.5333 	 9.5185 	 1.5993 	 -1.0542 	 0.0000 	 2.3604 	 0.0000 
48.0000 	 2.3382 	 3.0019 	 1.8042 	 6.3883 	 3.6803 	 0.0000 	 1.3159 	 768.9866 	 48.0000 	 2.6398 	 1.9726 	 6.7169 	 2.4332 	 0.6611 	 0.0000 	 1.9302 	 0.0073 
49.0000 	 2.4196 	 1.7148 	 7.6997 	 3.9137 	 4.0253 	 0.0000 	 1.3265 	 768.7291 	 49.0000 	 0.4644 	 5.5563 	 2.4386 	 1.4357 	 1.1043 	 0.0000 	 1.9867 	 0.0090 
47.0000 	 2.2245 	 6.4331 	 2.6892 	 6.8251 	 4.5344 	 0.0000 	 1.7759 	 781.2200 	 47.0000 	 0.4878 	 8.2565 	 5.6600 	 1.3804 	 0.7437 	 0.0000 	 0.7636 	 0.0685 
47.0000 	 2.1986 	 0.0000 	 9.2206 	 2.9311 	 1.5469 	 0.0000 	 1.7147 	 782.9007 	 47.0000 	 0.3335 	 0.0512 	 4.6119 	 1.5401 	 -0.6217 	 0.0000 	 1.7815 	 0.0049 
49.0000 	 2.2320 	 3.8199 	 6.6476 	 4.8591 	 4.2892 	 0.0000 	 1.4942 	 771.1246 	 49.0000 	 0.1684 	 2.9136 	 3.0498 	 2.4071 	 2.0636 	 0.0000 	 1.5606 	 0.0080 
48.0000 	 2.3949 	 2.4383 	 1.7819 	 6.1364 	 3.5567 	 0.0000 	 1.2679 	 768.8436 	 48.0000 	 2.8971 	 5.5770 	 7.1394 	 0.6207 	 1.3367 	 0.0000 	 2.4705 	 0.0109 
49.0000 	 2.4024 	 2.2752 	 2.0624 	 5.4695 	 3.6488 	 0.0000 	 1.2786 	 768.8496 	 49.0000 	 2.9001 	 6.2942 	 3.8248 	 1.5838 	 -0.8916 	 0.0000 	 1.6451 	 0.0085 
48.0000 	 2.2805 	 0.1324 	 0.3461 	 2.0574 	 2.8681 	 0.0000 	 1.6823 	 781.1900 	 48.0000 	 0.1786 	 5.9958 	 9.5383 	 2.0584 	 2.1045 	 0.0000 	 1.1558 	 0.0053 
44.0000 	 0.0093 	 7.1591 	 5.0535 	 2.6352 	 2.0775 	 0.0000 	 1.8694 	 1133.8460 	 44.0000 	 0.0396 	 1.5457 	 2.4462 	 1.6366 	 0.8163 	 0.0000 	 0.4480 	 0.0000 
46.0000 	 2.3066 	 1.7414 	 9.9057 	 3.7326 	 4.0510 	 0.0000 	 1.3308 	 768.4341 	 46.0000 	 0.2849 	 8.5516 	 8.5448 	 0.1212 	 0.7577 	 0.0000 	 0.1090 	 0.0104 
47.0000 	 2.3638 	 1.7183 	 4.6423 	 4.0283 	 3.9358 	 0.0000 	 1.3053 	 768.5549 	 47.0000 	 1.2632 	 6.0289 	 8.3030 	 0.1049 	 -2.9221 	 0.0000 	 2.9595 	 0.0101 
48.0000 	 2.3919 	 1.8764 	 3.9127 	 4.4545 	 3.9087 	 0.0000 	 1.3194 	 768.6538 	 48.0000 	 0.2955 	 0.3782 	 1.4562 	 1.9023 	 -2.3211 	 0.0000 	 1.8634 	 0.0100 
47.0000 	 2.3335 	 1.7826 	 8.1495 	 3.8138 	 4.0522 	 0.0000 	 1.3420 	 768.5489 	 47.0000 	 0.3156 	 7.5148 	 2.5760 	 0.8270 	 -2.2354 	 0.0000 	 0.0426 	 0.0105 
46.0000 	 2.3083 	 1.8670 	 6.1707 	 4.1359 	 4.0062 	 0.0000 	 1.3264 	 768.4959 	 46.0000 	 0.7238 	 3.1980 	 2.9929 	 2.3110 	 -0.6934 	 0.0000 	 0.6642 	 0.0103 
47.0000 	 2.2581 	 0.0000 	 7.0527 	 1.9510 	 2.5325 	 0.0000 	 1.7000 	 782.7923 	 47.0000 	 2.1975 	 0.4303 	 9.3295 	 2.9606 	 1.7849 	 0.0000 	 2.6774 	 0.0042 
49.0000 	 2.2421 	 8.0708 	 0.8692 	 4.0399 	 3.9046 	 0.0000 	 1.6218 	 777.9588 	 49.0000 	 2.7372 	 0.7708 	 5.5486 	 0.4032 	 1.3830 	 0.0000 	 1.0263 	 0.0044 
45.0000 	 2.2100 	 0.0000 	 8.7780 	 3.1467 	 1.3390 	 0.0000 	 1.6990 	 782.7383 	 45.0000 	 0.6929 	 1.1775 	 3.3531 	 0.4234 	 -1.1719 	 0.0000 	 0.6109 	 0.0063 
44.0000 	 2.1767 	 0.0000 	 3.4521 	 5.6869 	 -1.2005 	 0.0000 	 1.7074 	 782.7230 	 44.0000 	 2.6142 	 7.3741 	 5.5042 	 1.8643 	 -2.7051 	 0.0000 	 2.7326 	 0.0056 
44.0000 	 0.0183 	 6.7978 	 7.1729 	 2.6342 	 2.0777 	 0.0000 	 1.8696 	 1133.8460 	 44.0000 	 1.8762 	 0.9293 	 9.8463 	 1.8451 	 -2.3373 	 0.0000 	 1.5913 	 0.0000 
44.0000 	 2.2135 	 2.0937 	 3.2230 	 4.6702 	 3.8373 	 0.0000 	 1.2966 	 768.2829 	 44.0000 	 2.0733 	 5.6438 	 6.9163 	 0.6758 	 0.7690 	 0.0000 	 2.3031 	 0.0110 
46.0000 	 0.0010 	 4.0009 	 8.8547 	 1.5853 	 3.1270 	 0.0000 	 1.8695 	 1133.8460 	 46.0000 	 2.6176 	 0.7486 	 2.0348 	 0.0689 	 2.8614 	 0.0000 	 0.1234 	 0.0000 
47.0000 	 2.3428 	 1.9871 	 2.9317 	 4.6982 	 3.8131 	 0.0000 	 1.3017 	 768.5678 	 47.0000 	 1.9100 	 1.1633 	 4.5011 	 1.8573 	 -0.7956 	 0.0000 	 2.9699 	 0.0099 
46.0000 	 2.1882 	 2.5196 	 3.6374 	 4.8359 	 3.9890 	 0.0000 	 1.3434 	 769.1930 	 46.0000 	 2.2380 	 9.2716 	 8.5799 	 0.2107 	 -0.8297 	 0.0000 	 2.8372 	 0.0109 
45.0000 	 2.2950 	 2.1932 	 2.2896 	 5.2302 	 3.7227 	 0.0000 	 1.2799 	 768.3683 	 45.0000 	 0.8769 	 5.3405 	 6.1140 	 0.1191 	 -1.7306 	 0.0000 	 2.1087 	 0.0130 
45.0000 	 2.3627 	 1.6805 	 4.7412 	 4.2460 	 3.9448 	 0.0000 	 1.3042 	 768.3394 	 45.0000 	 0.2921 	 2.3921 	 4.2111 	 0.7820 	 0.0023 	 0.0000 	 1.7264 	 0.0110 
39.0000 	 0.0013 	 6.0870 	 3.2062 	 0.9565 	 3.7606 	 0.0000 	 1.8773 	 1133.8489 	 39.0000 	 2.1552 	 4.8988 	 6.6402 	 2.3667 	 -0.1654 	 0.0000 	 1.1765 	 0.0000 
45.0000 	 2.2594 	 1.8500 	 9.2103 	 3.8610 	 4.0534 	 0.0000 	 1.3372 	 768.3476 	 45.0000 	 1.2547 	 3.4779 	 5.1731 	 0.3429 	 -2.6131 	 0.0000 	 2.4018 	 0.0132 
45.0000 	 2.2575 	 4.4885 	 1.4930 	 9.1514 	 3.6131 	 0.0000 	 1.3273 	 768.9839 	 45.0000 	 2.3732 	 1.2066 	 4.0255 	 2.5493 	 -0.0504 	 0.0000 	 2.5595 	 0.0102 
42.0000 	 2.1488 	 9.9776 	 2.9016 	 0.7151 	 4.4988 	 0.0000 	 1.6992 	 782.5294 	 42.0000 	 1.4965 	 8.5248 	 6.7442 	 1.8673 	 2.6806 	 0.0000 	 0.7534 	 0.0038 
43.0000 	 2.1295 	 1.2348 	 0.2419 	 6.3373 	 0.8487 	 0.0000 	 1.6078 	 779.4091 	 43.0000 	 0.4255 	 6.0141 	 0.3707 	 2.0361 	 1.1877 	 0.0000 	 0.9053 	 0.0049 
44.0000 	 2.1917 	 0.0000 	 6.5194 	 2.4763 	 2.0040 	 0.0000 	 1.7013 	 782.7199 	 44.0000 	 0.0615 	 8.6394 	 9.3428 	 0.3335 	 1.9761 	 0.0000 	 0.6424 	 0.0039 
43.0000 	 2.2403 	 1.8134 	 9.1905 	 3.9704 	 4.0865 	 0.0000 	 1.3364 	 768.1844 	 43.0000 	 1.0932 	 9.1088 	 7.2291 	 0.7352 	 1.1706 	 0.0000 	 1.3500 	 0.0073 
41.0000 	 2.0621 	 0.9354 	 0.3398 	 5.1011 	 1.4942 	 0.0000 	 1.5908 	 779.2739 	 41.0000 	 2.4195 	 0.2800 	 9.5867 	 1.6881 	 1.1372 	 0.0000 	 0.7931 	 0.0053 
37.0000 	 1.9777 	 0.0000 	 3.7189 	 2.6758 	 1.8088 	 0.0000 	 1.7004 	 782.5261 	 37.0000 	 1.7110 	 2.5469 	 4.6209 	 1.9995 	 1.1094 	 0.0000 	 0.2006 	 0.0047 
42.0000 	 2.1643 	 1.8875 	 7.9320 	 3.9496 	 4.0348 	 0.0000 	 1.3329 	 768.0226 	 42.0000 	 1.2139 	 0.8533 	 9.4060 	 1.0468 	 2.6204 	 0.0000 	 0.3305 	 0.0094 
39.0000 	 0.0071 	 0.0837 	 6.0071 	 2.3846 	 2.3281 	 0.0000 	 1.8692 	 1133.8460 	 39.0000 	 2.3939 	 0.7112 	 5.8593 	 0.2567 	 -0.1365 	 0.0000 	 2.3251 	 0.0000 
42.0000 	 0.0011 	 7.1740 	 7.3187 	 1.3714 	 3.3413 	 0.0000 	 1.8685 	 1133.8385 	 42.0000 	 2.1797 	 2.3427 	 6.9662 	 2.3745 	 -0.6467 	 0.0000 	 2.3578 	 0.0000 
40.0000 	 2.0958 	 2.0467 	 3.9082 	 4.2902 	 3.9100 	 0.0000 	 1.3151 	 767.7731 	 40.0000 	 2.1113 	 6.6309 	 9.1639 	 0.2188 	 1.3206 	 0.0000 	 0.8514 	 0.0087 
43.0000 	 2.1172 	 3.7003 	 0.5261 	 3.7267 	 3.2534 	 0.0000 	 1.5964 	 778.4469 	 43.0000 	 2.3584 	 8.3373 	 5.5443 	 2.9947 	 0.7942 	 0.0000 	 1.4078 	 0.0049 
35.0000 	 1.9441 	 1.9972 	 9.5434 	 3.8364 	 4.0985 	 0.0000 	 1.3550 	 767.0927 	 35.0000 	 2.2206 	 3.5768 	 5.5926 	 1.5466 	 0.8643 	 0.0000 	 2.8485 	 0.0095 
41.0000 	 2.0795 	 4.7543 	 1.3937 	 9.0924 	 3.5411 	 0.0000 	 1.2884 	 768.7140 	 41.0000 	 1.2046 	 4.1461 	 8.8391 	 1.5742 	 -2.6506 	 0.0000 	 2.4638 	 0.0608 
39.0000 	 0.0082 	 1.9375 	 2.4402 	 3.4357 	 1.2792 	 0.0000 	 1.8748 	 1133.8477 	 39.0000 	 0.2495 	 8.6717 	 5.6220 	 0.7545 	 -2.5422 	 0.0000 	 0.2723 	 0.0000 
43.0000 	 2.1877 	 1.9419 	 8.5364 	 3.8723 	 4.0600 	 0.0000 	 1.3409 	 768.1667 	 43.0000 	 1.4139 	 2.0338 	 2.0767 	 2.5341 	 2.9831 	 0.0000 	 2.9052 	 0.0152 
42.0000 	 2.1872 	 1.8301 	 10.0000 	 3.8930 	 4.0519 	 0.0000 	 1.3392 	 768.0255 	 42.0000 	 0.1431 	 3.1363 	 9.7344 	 1.7130 	 -2.0621 	 0.0000 	 2.6604 	 0.0158 
41.0000 	 2.4577 	 1.9456 	 0.8984 	 9.7389 	 2.0470 	 0.0000 	 0.0000 	 788.7246 	 41.0000 	 0.9148 	 3.7676 	 6.6199 	 2.8734 	 0.3745 	 0.0000 	 0.4016 	 0.0272 
50.0000 	 2.4216 	 2.1761 	 2.3011 	 5.3738 	 3.7281 	 0.0000 	 1.2778 	 769.0018 	 50.0000 	 0.4483 	 3.8856 	 1.8487 	 1.0204 	 0.3136 	 0.0000 	 0.2690 	 0.0100 
39.0000 	 2.0902 	 1.8608 	 7.4806 	 3.8942 	 4.0311 	 0.0000 	 1.3281 	 767.5939 	 39.0000 	 2.2114 	 8.1143 	 8.4204 	 0.7609 	 1.9833 	 0.0000 	 0.7631 	 0.0190 
40.0000 	 2.0628 	 1.9897 	 9.9930 	 3.7690 	 4.0755 	 0.0000 	 1.3333 	 767.8706 	 40.0000 	 2.4718 	 8.8466 	 8.5007 	 0.5094 	 -1.1025 	 0.0000 	 0.9929 	 0.0113 
36.0000 	 0.0023 	 0.3000 	 7.7704 	 2.4054 	 2.3064 	 0.0000 	 1.8696 	 1133.8460 	 36.0000 	 1.2381 	 6.4850 	 0.2892 	 1.6465 	 -2.2745 	 0.0000 	 1.2995 	 0.0000 
43.0000 	 2.2334 	 1.9369 	 5.0738 	 4.3317 	 4.0163 	 0.0000 	 1.3404 	 768.1945 	 43.0000 	 1.4624 	 8.5505 	 2.0301 	 0.5086 	 -1.0701 	 0.0000 	 0.1391 	 0.0110 
40.0000 	 2.1249 	 1.8932 	 3.8080 	 4.2290 	 3.9080 	 0.0000 	 1.2991 	 767.7820 	 40.0000 	 2.1170 	 5.8266 	 0.2745 	 1.3572 	 0.6421 	 0.0000 	 2.6542 	 0.0099 
42.0000 	 2.2029 	 1.7491 	 9.9289 	 3.7522 	 4.0597 	 0.0000 	 1.3272 	 767.9995 	 42.0000 	 1.8507 	 4.1195 	 4.8811 	 1.6434 	 -0.6985 	 0.0000 	 1.5634 	 0.0121 
38.0000 	 2.0149 	 0.0000 	 9.8089 	 7.1707 	 -2.6897 	 0.0000 	 1.7009 	 782.5545 	 38.0000 	 0.0594 	 6.1283 	 8.4908 	 2.1278 	 -2.5433 	 0.0000 	 2.6739 	 0.0074 
34.0000 	 1.9065 	 2.0342 	 6.0040 	 4.1218 	 4.0171 	 0.0000 	 1.3230 	 766.8453 	 34.0000 	 0.4688 	 4.6620 	 8.1829 	 2.5720 	 -2.4016 	 0.0000 	 1.5730 	 0.0110 
42.0000 	 2.1879 	 1.9765 	 3.6964 	 4.5588 	 3.8905 	 0.0000 	 1.2977 	 767.9829 	 42.0000 	 1.1456 	 3.8068 	 0.5840 	 0.3910 	 -2.7241 	 0.0000 	 2.1174 	 0.0121 
36.0000 	 2.3635 	 1.4063 	 9.9219 	 4.5015 	 4.3975 	 0.0000 	 1.5921 	 775.8719 	 36.0000 	 2.0964 	 5.4405 	 3.6234 	 0.5005 	 -1.9564 	 0.0000 	 2.0884 	 0.0267 
38.0000 	 0.0046 	 2.2267 	 6.2752 	 3.9772 	 0.7362 	 0.0000 	 1.8687 	 1133.8459 	 38.0000 	 2.9841 	 5.2055 	 3.5250 	 1.6284 	 -1.3956 	 0.0000 	 2.2796 	 0.0000 
40.0000 	 2.1102 	 2.4676 	 1.8675 	 5.8161 	 3.5764 	 0.0000 	 1.2634 	 767.9545 	 40.0000 	 1.4271 	 2.6556 	 4.0766 	 2.0225 	 -0.0444 	 0.0000 	 2.6784 	 0.0124 
37.0000 	 2.0312 	 1.8434 	 7.5909 	 3.9113 	 4.0220 	 0.0000 	 1.3269 	 767.3351 	 37.0000 	 1.9075 	 1.0240 	 5.3617 	 2.3834 	 -1.8250 	 0.0000 	 2.8128 	 0.0113 
38.0000 	 1.9560 	 2.8178 	 4.1992 	 4.5200 	 4.0946 	 0.0000 	 1.3881 	 768.6151 	 38.0000 	 1.7732 	 7.8615 	 3.1097 	 1.3665 	 0.4207 	 0.0000 	 0.4521 	 0.0096 
33.0000 	 1.7928 	 0.0000 	 0.9409 	 2.5864 	 1.8860 	 0.0000 	 1.7288 	 782.5821 	 33.0000 	 0.1416 	 0.0990 	 6.1932 	 2.4711 	 0.9413 	 0.0000 	 2.1860 	 0.0044 
32.0000 	 1.8359 	 2.0863 	 4.8897 	 4.3520 	 3.9709 	 0.0000 	 1.3085 	 766.4785 	 32.0000 	 2.1836 	 4.4894 	 3.2051 	 2.5593 	 0.5059 	 0.0000 	 1.2919 	 0.0100 
40.0000 	 2.0861 	 4.0884 	 1.3934 	 8.5038 	 3.4528 	 0.0000 	 1.2852 	 768.3583 	 40.0000 	 1.9789 	 9.7918 	 6.6382 	 0.7488 	 0.0792 	 0.0000 	 2.2984 	 0.0100 
38.0000 	 2.1687 	 4.5020 	 4.5654 	 9.5171 	 4.5527 	 0.0000 	 1.6999 	 777.2035 	 38.0000 	 0.8372 	 7.6015 	 5.9913 	 2.2295 	 2.7700 	 0.0000 	 0.8728 	 0.0049 
37.0000 	 2.0398 	 1.8773 	 7.4457 	 4.0334 	 4.0456 	 0.0000 	 1.3238 	 767.3427 	 37.0000 	 2.5604 	 3.2381 	 3.2261 	 1.0066 	 -0.8441 	 0.0000 	 0.5726 	 0.0111 
40.0000 	 2.4331 	 2.0546 	 0.8748 	 10.0000 	 2.0418 	 0.0000 	 0.0000 	 788.4953 	 40.0000 	 2.9387 	 8.3427 	 4.9145 	 0.0994 	 -1.2387 	 0.0000 	 0.7922 	 0.0220 
35.0000 	 1.9137 	 4.3371 	 5.8496 	 5.1061 	 4.3557 	 0.0000 	 1.3839 	 773.4412 	 35.0000 	 2.4135 	 1.7152 	 3.6411 	 0.5388 	 2.6208 	 0.0000 	 1.6869 	 0.0071 
40.0000 	 2.1105 	 1.9588 	 6.5361 	 4.0648 	 4.0370 	 0.0000 	 1.3426 	 767.7712 	 40.0000 	 2.4772 	 7.4891 	 2.2121 	 0.8493 	 2.0595 	 0.0000 	 1.9784 	 0.0105 
37.0000 	 1.9824 	 0.8877 	 0.2258 	 5.1414 	 1.4138 	 0.0000 	 1.6156 	 779.5823 	 37.0000 	 2.3925 	 7.6752 	 8.6825 	 2.2667 	 -1.3038 	 0.0000 	 1.5961 	 0.0294 
42.0000 	 2.1184 	 2.4855 	 2.4048 	 4.9191 	 3.7964 	 0.0000 	 1.3098 	 768.3130 	 42.0000 	 2.9234 	 2.8391 	 3.7270 	 1.2418 	 -2.5571 	 0.0000 	 2.9056 	 0.0113 
38.0000 	 1.8987 	 6.2695 	 3.9303 	 8.8350 	 4.3622 	 0.0000 	 1.5352 	 772.8335 	 38.0000 	 1.1795 	 9.2785 	 6.3785 	 2.7266 	 -2.3096 	 0.0000 	 1.8074 	 0.0078 
31.0000 	 1.8068 	 1.9961 	 10.0000 	 3.9217 	 4.0674 	 0.0000 	 1.3372 	 766.3885 	 31.0000 	 0.8831 	 3.7107 	 6.4124 	 0.9234 	 -2.0634 	 0.0000 	 0.0712 	 0.0121 
38.0000 	 2.0577 	 1.9827 	 4.6660 	 4.2999 	 3.9558 	 0.0000 	 1.3144 	 767.4393 	 38.0000 	 0.0275 	 4.9114 	 3.3230 	 0.4635 	 2.5425 	 0.0000 	 0.8589 	 0.0099 
35.0000 	 1.9544 	 1.9484 	 10.0000 	 3.9315 	 4.0813 	 0.0000 	 1.3377 	 767.0456 	 35.0000 	 2.6132 	 5.3392 	 7.6246 	 1.6119 	 0.3592 	 0.0000 	 1.9301 	 0.0089 
40.0000 	 2.0796 	 2.7528 	 2.5267 	 1.0302 	 4.2847 	 0.0000 	 1.5691 	 781.2766 	 40.0000 	 2.9451 	 0.7672 	 0.6909 	 1.6432 	 1.6634 	 0.0000 	 1.8497 	 0.0180 
36.0000 	 1.9615 	 2.2052 	 3.4002 	 4.5796 	 3.8883 	 0.0000 	 1.3097 	 767.1766 	 36.0000 	 1.8248 	 0.5669 	 0.3544 	 0.8501 	 2.5948 	 0.0000 	 0.7951 	 0.0108 
35.0000 	 1.8076 	 0.0000 	 2.9269 	 3.7450 	 0.6794 	 0.0000 	 1.7365 	 782.8854 	 35.0000 	 0.6797 	 3.4578 	 8.4511 	 0.5321 	 -1.9089 	 0.0000 	 0.7005 	 0.0090 
39.0000 	 2.0846 	 1.8713 	 8.0567 	 3.9130 	 4.0423 	 0.0000 	 1.3271 	 767.6138 	 39.0000 	 0.5592 	 4.6897 	 3.6330 	 1.6081 	 -1.2741 	 0.0000 	 2.4831 	 0.0111 
38.0000 	 2.0642 	 1.8965 	 7.5941 	 3.9198 	 4.0476 	 0.0000 	 1.3416 	 767.4921 	 38.0000 	 2.1504 	 7.5925 	 4.5823 	 2.1946 	 1.5573 	 0.0000 	 2.8440 	 0.0107 
47.0000 	 2.3935 	 1.6717 	 9.6828 	 3.8056 	 4.0777 	 0.0000 	 1.3480 	 768.5693 	 47.0000 	 0.1226 	 1.0819 	 2.6943 	 0.4566 	 -1.9932 	 0.0000 	 2.6604 	 0.0129 
28.0000 	 1.6908 	 0.0000 	 8.3162 	 1.4446 	 3.0380 	 0.0000 	 1.7024 	 782.1834 	 28.0000 	 0.1911 	 5.1700 	 7.7974 	 1.5186 	 -1.3523 	 0.0000 	 0.6239 	 0.0042 
34.0000 	 1.9406 	 2.5554 	 1.8979 	 6.0485 	 3.5959 	 0.0000 	 1.2552 	 766.9830 	 34.0000 	 0.3224 	 6.9341 	 4.5893 	 1.5724 	 -1.6949 	 0.0000 	 2.5512 	 0.0154 
28.0000 	 1.7075 	 2.2770 	 3.1006 	 4.9050 	 3.8494 	 0.0000 	 1.2778 	 765.6054 	 28.0000 	 1.1366 	 1.9770 	 8.2471 	 1.6596 	 2.7783 	 0.0000 	 1.3614 	 0.0119 
26.0000 	 1.6424 	 2.4989 	 2.5209 	 5.4715 	 3.7871 	 0.0000 	 1.2698 	 765.1897 	 26.0000 	 2.9284 	 8.5348 	 6.6271 	 1.6578 	 1.3990 	 0.0000 	 1.9985 	 0.0141 
32.0000 	 1.8575 	 2.5011 	 2.0456 	 5.7737 	 3.6178 	 0.0000 	 1.2384 	 766.5904 	 32.0000 	 1.7045 	 5.7422 	 7.3716 	 2.7648 	 1.0689 	 0.0000 	 2.7271 	 0.0085 
33.0000 	 1.8792 	 2.0970 	 4.2890 	 4.4876 	 3.9216 	 0.0000 	 1.3000 	 766.6591 	 33.0000 	 2.3722 	 5.9287 	 5.7810 	 0.1307 	 -0.9372 	 0.0000 	 0.6067 	 0.0176 
33.0000 	 1.9166 	 1.9336 	 6.0411 	 4.1620 	 4.0100 	 0.0000 	 1.3230 	 766.6992 	 33.0000 	 2.6891 	 2.0762 	 5.1876 	 2.4794 	 -2.5908 	 0.0000 	 1.9321 	 0.0106 
29.0000 	 0.0054 	 4.5216 	 5.2666 	 2.4665 	 2.2463 	 0.0000 	 1.8693 	 1133.8460 	 29.0000 	 1.6073 	 4.3551 	 8.7162 	 1.3589 	 -0.5493 	 0.0000 	 1.5356 	 0.0000 
34.0000 	 0.0167 	 5.9621 	 7.5975 	 2.6471 	 2.0648 	 0.0000 	 1.8693 	 1133.8460 	 34.0000 	 1.5198 	 3.4255 	 1.8356 	 1.0181 	 -1.9030 	 0.0000 	 2.1972 	 0.0000 
34.0000 	 1.9167 	 2.0447 	 4.4526 	 4.3678 	 3.9509 	 0.0000 	 1.3085 	 766.8062 	 34.0000 	 0.9382 	 6.9865 	 4.4762 	 2.9216 	 1.5528 	 0.0000 	 2.9875 	 0.0095 
31.0000 	 1.7869 	 3.4318 	 1.9446 	 7.2311 	 3.7233 	 0.0000 	 1.2916 	 766.8655 	 31.0000 	 0.6095 	 9.1832 	 0.5161 	 2.4459 	 2.9226 	 0.0000 	 1.0344 	 0.0091 
32.0000 	 1.7987 	 2.4488 	 4.0851 	 4.6121 	 3.9918 	 0.0000 	 1.3338 	 766.6682 	 32.0000 	 1.8198 	 5.2842 	 9.1148 	 1.8981 	 -1.2392 	 0.0000 	 0.1173 	 0.0117 
23.0000 	 1.4842 	 2.3866 	 5.1724 	 4.3948 	 4.0302 	 0.0000 	 1.3256 	 764.5011 	 23.0000 	 1.0039 	 0.5449 	 0.2662 	 0.8440 	 -0.4511 	 0.0000 	 2.8733 	 0.0112 
32.0000 	 1.8645 	 1.9490 	 8.0299 	 4.0102 	 4.0490 	 0.0000 	 1.3247 	 766.5078 	 32.0000 	 2.1909 	 4.4086 	 1.9392 	 1.1368 	 2.8252 	 0.0000 	 1.6185 	 0.0156 
36.0000 	 2.0105 	 1.8940 	 6.5515 	 3.9901 	 4.0403 	 0.0000 	 1.3368 	 767.1737 	 36.0000 	 0.2378 	 9.7552 	 1.5967 	 0.7216 	 1.5972 	 0.0000 	 2.0020 	 0.0104 
28.0000 	 1.6550 	 3.3298 	 1.9235 	 6.4134 	 3.6901 	 0.0000 	 1.2848 	 766.0766 	 28.0000 	 2.5236 	 9.6902 	 0.2238 	 1.3232 	 0.2896 	 0.0000 	 0.4006 	 0.0106 
28.0000 	 1.7027 	 2.1097 	 5.6821 	 4.1773 	 4.0142 	 0.0000 	 1.3293 	 765.6600 	 28.0000 	 0.3087 	 2.0261 	 9.3340 	 1.3970 	 0.9200 	 0.0000 	 1.1047 	 0.0137 
30.0000 	 1.8107 	 1.9225 	 4.9560 	 4.2176 	 3.9805 	 0.0000 	 1.3016 	 766.1312 	 30.0000 	 1.0604 	 8.8689 	 3.6534 	 0.2469 	 -0.4024 	 0.0000 	 2.8936 	 0.0111 
26.0000 	 1.6512 	 2.8916 	 1.5444 	 6.9973 	 3.3790 	 0.0000 	 1.1731 	 765.6751 	 26.0000 	 1.4709 	 8.5017 	 3.4429 	 0.1039 	 -2.9185 	 0.0000 	 0.5572 	 0.0116 
30.0000 	 1.7351 	 2.5235 	 2.3871 	 5.1365 	 3.7107 	 0.0000 	 1.2655 	 766.2566 	 30.0000 	 0.5618 	 1.3910 	 5.1354 	 0.5794 	 1.1752 	 0.0000 	 1.8661 	 0.0115 
29.0000 	 1.7129 	 2.2158 	 5.4888 	 4.2057 	 4.0260 	 0.0000 	 1.3234 	 765.9253 	 29.0000 	 2.3511 	 6.6690 	 2.9223 	 2.9401 	 -1.0491 	 0.0000 	 0.1905 	 0.0092 
31.0000 	 1.8110 	 3.0966 	 1.5705 	 7.0818 	 3.4599 	 0.0000 	 1.2252 	 766.6875 	 31.0000 	 1.6306 	 9.1279 	 0.0067 	 1.6791 	 -1.3548 	 0.0000 	 2.8215 	 0.0121 
21.0000 	 1.4091 	 2.3148 	 4.2950 	 4.4557 	 3.9545 	 0.0000 	 1.2977 	 763.8599 	 21.0000 	 1.1730 	 6.1427 	 9.8837 	 0.1078 	 -0.5666 	 0.0000 	 0.2547 	 0.0107 
31.0000 	 1.8187 	 2.2178 	 3.0956 	 4.8482 	 3.8534 	 0.0000 	 1.2902 	 766.2064 	 31.0000 	 2.7846 	 8.6866 	 2.3004 	 0.6222 	 1.6640 	 0.0000 	 0.7202 	 0.0151 
33.0000 	 1.8367 	 2.5195 	 8.5193 	 4.2719 	 4.1228 	 0.0000 	 1.4430 	 767.8493 	 33.0000 	 1.4772 	 1.5474 	 6.2916 	 0.6214 	 0.8128 	 0.0000 	 1.5571 	 0.0096 
47.0000 	 2.3330 	 3.3901 	 1.4700 	 7.4457 	 3.4920 	 0.0000 	 1.2781 	 768.9689 	 47.0000 	 2.2053 	 8.8581 	 2.6971 	 1.2198 	 0.6463 	 0.0000 	 2.5348 	 0.0098 
31.0000 	 1.8149 	 2.2246 	 3.1950 	 4.7428 	 3.8792 	 0.0000 	 1.3024 	 766.2394 	 31.0000 	 0.9962 	 6.5904 	 3.0904 	 2.2357 	 2.5183 	 0.0000 	 2.9467 	 0.0091 
28.0000 	 1.6902 	 5.8842 	 0.2821 	 0.0000 	 4.4847 	 0.0000 	 1.7023 	 782.1841 	 28.0000 	 0.2726 	 1.7835 	 3.1840 	 1.1670 	 0.9948 	 0.0000 	 0.4120 	 0.0036 
29.0000 	 1.7239 	 6.5760 	 0.0001 	 0.1760 	 4.3856 	 0.0000 	 1.7028 	 782.2372 	 29.0000 	 2.0412 	 4.3118 	 0.3259 	 1.6116 	 2.2096 	 0.0000 	 2.5736 	 0.0034 
24.0000 	 1.4856 	 3.3950 	 1.9726 	 6.2662 	 3.7096 	 0.0000 	 1.2677 	 765.1273 	 24.0000 	 1.0834 	 9.4824 	 4.4232 	 1.6272 	 1.8182 	 0.0000 	 2.4026 	 0.0154 
26.0000 	 1.5753 	 3.1835 	 2.0804 	 5.9051 	 3.7463 	 0.0000 	 1.2882 	 765.5760 	 26.0000 	 2.1999 	 3.3496 	 6.0158 	 0.2871 	 -2.4302 	 0.0000 	 2.9327 	 0.0104 
29.0000 	 0.0013 	 4.0711 	 5.8089 	 4.5842 	 0.1286 	 0.0000 	 1.8688 	 1133.8460 	 29.0000 	 0.0769 	 5.4467 	 2.9844 	 2.5870 	 0.0122 	 0.0000 	 1.1914 	 0.0000 
19.0000 	 1.3641 	 2.6427 	 1.9220 	 6.2272 	 3.5703 	 0.0000 	 1.1986 	 763.5750 	 19.0000 	 2.7623 	 7.6683 	 3.1081 	 0.4760 	 2.4832 	 0.0000 	 1.7652 	 0.0114 
29.0000 	 1.7362 	 2.2570 	 3.2671 	 4.7134 	 3.8784 	 0.0000 	 1.2930 	 765.8053 	 29.0000 	 1.3524 	 1.3752 	 4.6318 	 0.2273 	 2.9403 	 0.0000 	 2.1085 	 0.0118 
29.0000 	 1.7286 	 2.1936 	 4.8595 	 4.4046 	 3.9960 	 0.0000 	 1.3150 	 765.8617 	 29.0000 	 1.0804 	 1.7438 	 2.0074 	 1.3840 	 0.9514 	 0.0000 	 2.5263 	 0.0177 
27.0000 	 1.6892 	 3.7398 	 1.4435 	 8.3792 	 3.4245 	 0.0000 	 1.2184 	 765.9819 	 27.0000 	 0.7720 	 9.5045 	 5.9042 	 2.5649 	 0.5747 	 0.0000 	 0.8481 	 0.0088 
25.0000 	 1.5877 	 2.1477 	 6.5852 	 4.1270 	 4.0464 	 0.0000 	 1.3264 	 765.0568 	 25.0000 	 2.6931 	 1.5199 	 8.9531 	 2.8794 	 2.5651 	 0.0000 	 2.2532 	 0.0111 
23.0000 	 0.0011 	 7.2900 	 1.1230 	 8.5547 	 -3.7354 	 0.0000 	 1.9240 	 1130.4829 	 23.0000 	 2.3065 	 5.4092 	 4.8519 	 2.4849 	 -2.1758 	 0.0000 	 0.3257 	 0.1214 
27.0000 	 1.6431 	 0.0000 	 3.9938 	 2.6384 	 1.8477 	 0.0000 	 1.7032 	 782.0450 	 27.0000 	 0.3931 	 5.0243 	 4.2408 	 2.9754 	 1.1779 	 0.0000 	 2.1213 	 0.0033 
18.0000 	 1.1924 	 2.8955 	 5.7568 	 4.6567 	 4.0312 	 0.0000 	 1.3663 	 763.7600 	 18.0000 	 0.6607 	 5.4495 	 9.0929 	 1.6735 	 1.4437 	 0.0000 	 2.1069 	 0.0095 
27.0000 	 1.6764 	 9.2034 	 0.0173 	 3.8771 	 2.0358 	 0.0000 	 1.7089 	 782.1471 	 27.0000 	 1.3210 	 5.0181 	 0.4496 	 2.3248 	 -1.6736 	 0.0000 	 2.4393 	 0.0032 
29.0000 	 1.7022 	 3.2426 	 1.8733 	 6.6286 	 3.6422 	 0.0000 	 1.2615 	 766.2257 	 29.0000 	 0.9520 	 5.1428 	 7.3314 	 2.4797 	 1.0718 	 0.0000 	 2.7932 	 0.0107 
28.0000 	 1.6526 	 2.4814 	 3.2752 	 4.9096 	 3.9038 	 0.0000 	 1.3070 	 765.7713 	 28.0000 	 1.5175 	 8.3357 	 3.1025 	 1.9901 	 -2.9541 	 0.0000 	 1.5245 	 0.0145 
33.0000 	 1.8593 	 0.0000 	 7.2013 	 2.0982 	 2.3857 	 0.0000 	 1.7063 	 782.3730 	 33.0000 	 0.5416 	 0.4530 	 5.9959 	 0.4487 	 -0.5822 	 0.0000 	 2.2658 	 0.0043 
26.0000 	 1.5956 	 3.5999 	 4.6179 	 6.0238 	 4.2312 	 0.0000 	 1.4536 	 768.6285 	 26.0000 	 1.6151 	 9.5544 	 9.7914 	 0.5176 	 -0.5446 	 0.0000 	 2.6588 	 0.0986 
23.0000 	 1.4827 	 2.8343 	 2.6158 	 5.6472 	 3.8256 	 0.0000 	 1.2844 	 764.5005 	 23.0000 	 0.6304 	 5.5395 	 6.1472 	 1.7839 	 -0.7377 	 0.0000 	 0.4831 	 0.0103 
27.0000 	 1.6431 	 8.0868 	 7.1114 	 0.2898 	 4.4872 	 0.0000 	 1.7077 	 782.1308 	 27.0000 	 0.2908 	 0.2795 	 9.8272 	 0.1719 	 1.4408 	 0.0000 	 0.2421 	 0.0036 
16.0000 	 1.1245 	 3.6353 	 1.4978 	 4.6608 	 3.7119 	 0.0000 	 1.4222 	 768.2872 	 16.0000 	 1.8855 	 5.2473 	 0.4458 	 1.3465 	 -2.7463 	 0.0000 	 1.6782 	 0.0056 
23.0000 	 1.3968 	 3.7673 	 3.4638 	 6.2751 	 4.0478 	 0.0000 	 1.3844 	 766.3546 	 23.0000 	 2.3952 	 2.4995 	 6.0182 	 2.6746 	 2.1076 	 0.0000 	 2.0337 	 0.0212 
25.0000 	 1.6244 	 2.4915 	 1.7523 	 5.9060 	 3.5049 	 0.0000 	 1.2216 	 765.3229 	 25.0000 	 2.4363 	 8.9491 	 1.6028 	 1.5572 	 -0.1509 	 0.0000 	 0.3424 	 0.0102 
20.0000 	 0.0015 	 9.3678 	 6.2539 	 2.9945 	 1.7183 	 0.0000 	 1.8695 	 1133.8460 	 20.0000 	 0.9359 	 9.4933 	 2.5350 	 0.7820 	 -0.8456 	 0.0000 	 2.0176 	 0.0000 
26.0000 	 1.5442 	 4.8798 	 1.8164 	 8.8491 	 3.7674 	 0.0000 	 1.3169 	 766.3031 	 26.0000 	 2.4376 	 9.0996 	 1.4324 	 2.3196 	 -2.4134 	 0.0000 	 2.8365 	 0.0108 
26.0000 	 0.0061 	 2.4939 	 7.5430 	 1.4288 	 3.2840 	 0.0000 	 1.8704 	 1133.8460 	 26.0000 	 2.4753 	 1.0201 	 8.0268 	 0.0593 	 -2.2295 	 0.0000 	 0.7865 	 0.0000 
24.0000 	 1.5089 	 2.4235 	 5.3329 	 4.5507 	 4.0059 	 0.0000 	 1.3165 	 764.8786 	 24.0000 	 0.8146 	 0.0813 	 2.9743 	 1.8333 	 -2.9880 	 0.0000 	 0.5253 	 0.0115 
26.0000 	 1.6000 	 2.2078 	 9.4920 	 3.9618 	 4.0740 	 0.0000 	 1.3346 	 765.3627 	 26.0000 	 2.6956 	 8.8162 	 9.9013 	 1.5286 	 -0.1415 	 0.0000 	 2.3619 	 0.0115 
27.0000 	 1.6571 	 2.1401 	 8.3053 	 3.9859 	 4.0801 	 0.0000 	 1.3366 	 765.5653 	 27.0000 	 2.7761 	 9.8956 	 4.7256 	 1.6291 	 0.7232 	 0.0000 	 2.0583 	 0.0116 
25.0000 	 1.5820 	 2.1533 	 5.8563 	 4.2484 	 4.0173 	 0.0000 	 1.3054 	 765.0158 	 25.0000 	 2.6455 	 2.2234 	 0.1546 	 0.6524 	 -1.1192 	 0.0000 	 2.6162 	 0.0101 
14.0000 	 1.0797 	 2.5885 	 3.7603 	 4.8285 	 3.9361 	 0.0000 	 1.2853 	 761.9237 	 14.0000 	 2.3339 	 2.6495 	 8.1840 	 2.5766 	 0.9609 	 0.0000 	 0.0347 	 0.0063 
23.0000 	 0.0036 	 6.6887 	 6.3752 	 2.4463 	 2.2655 	 0.0000 	 1.8693 	 1133.8460 	 23.0000 	 2.0702 	 7.1332 	 6.5919 	 1.5147 	 -1.0859 	 0.0000 	 0.9267 	 0.0000 
24.0000 	 1.5411 	 2.4216 	 2.7779 	 5.1340 	 3.7958 	 0.0000 	 1.2691 	 764.6562 	 24.0000 	 2.6964 	 3.7391 	 7.7010 	 2.2847 	 2.6875 	 0.0000 	 0.7385 	 0.0099 
20.0000 	 1.3626 	 2.3300 	 5.1712 	 4.2977 	 4.0071 	 0.0000 	 1.3133 	 763.6657 	 20.0000 	 2.6858 	 8.1811 	 2.5346 	 2.0854 	 -0.9029 	 0.0000 	 0.5668 	 0.0125 
22.0000 	 1.4320 	 2.3480 	 5.4045 	 4.2140 	 4.0166 	 0.0000 	 1.3170 	 764.2385 	 22.0000 	 0.6099 	 8.7029 	 2.3833 	 1.6914 	 0.4417 	 0.0000 	 0.8232 	 0.0093 
24.0000 	 0.0839 	 0.0735 	 8.9688 	 2.6131 	 2.0970 	 0.0000 	 1.8673 	 1133.8112 	 24.0000 	 1.3534 	 9.4082 	 5.4993 	 0.1827 	 -2.6642 	 0.0000 	 1.0978 	 0.0012 
21.0000 	 1.4319 	 2.6617 	 2.0149 	 5.9647 	 3.6162 	 0.0000 	 1.2125 	 763.9966 	 21.0000 	 1.8967 	 6.7896 	 9.3697 	 1.0363 	 1.8350 	 0.0000 	 1.3152 	 0.0161 
30.0000 	 1.8042 	 3.6958 	 1.4023 	 8.3309 	 3.4042 	 0.0000 	 1.2327 	 766.6579 	 30.0000 	 1.8569 	 5.5781 	 5.0357 	 1.9638 	 2.0348 	 0.0000 	 2.1536 	 0.0097 
45.0000 	 2.2051 	 3.4031 	 0.0000 	 7.3108 	 -0.1384 	 0.0000 	 1.7094 	 782.7329 	 45.0000 	 0.5056 	 6.3927 	 6.2480 	 0.5701 	 -2.5861 	 0.0000 	 0.1582 	 0.0196 
20.0000 	 0.0107 	 3.0063 	 6.2656 	 0.0000 	 4.7127 	 0.0000 	 1.8692 	 1133.8459 	 20.0000 	 1.5641 	 3.7245 	 3.2021 	 0.1008 	 -1.7765 	 0.0000 	 1.6190 	 0.0000 
24.0000 	 1.5426 	 2.2023 	 4.8418 	 4.3471 	 3.9776 	 0.0000 	 1.3057 	 764.7025 	 24.0000 	 1.8696 	 9.0255 	 8.7690 	 1.6785 	 -1.7581 	 0.0000 	 2.3930 	 0.0111 
21.0000 	 0.0075 	 6.5758 	 5.2837 	 3.4806 	 1.2318 	 0.0000 	 1.8690 	 1133.8460 	 21.0000 	 2.6978 	 7.0964 	 0.3764 	 0.8677 	 -1.0255 	 0.0000 	 1.9104 	 0.0000 
18.0000 	 1.2814 	 0.0000 	 6.4286 	 3.6819 	 0.8074 	 0.0000 	 1.7025 	 781.6743 	 18.0000 	 1.2925 	 9.5664 	 8.3179 	 0.2358 	 0.7518 	 0.0000 	 2.4192 	 0.0025 
13.0000 	 1.0138 	 2.5004 	 6.5354 	 4.2440 	 4.0496 	 0.0000 	 1.3085 	 762.0208 	 13.0000 	 0.3757 	 3.9094 	 5.7710 	 1.7121 	 -0.8575 	 0.0000 	 0.2964 	 0.0048 
23.0000 	 1.4890 	 2.5766 	 3.2635 	 5.0997 	 3.8946 	 0.0000 	 1.2947 	 764.4443 	 23.0000 	 2.6232 	 5.2456 	 0.4213 	 0.9460 	 -1.2410 	 0.0000 	 0.6359 	 0.0230 
26.0000 	 1.6292 	 1.9979 	 9.3311 	 3.8661 	 4.0754 	 0.0000 	 1.3403 	 765.4353 	 26.0000 	 1.5542 	 3.8856 	 1.7952 	 0.3718 	 -1.8357 	 0.0000 	 1.6960 	 0.0089 
25.0000 	 1.5470 	 2.4483 	 4.7888 	 4.4510 	 4.0003 	 0.0000 	 1.3242 	 765.0266 	 25.0000 	 0.3129 	 6.4414 	 4.8255 	 2.1727 	 2.3039 	 0.0000 	 1.4493 	 0.0101 
20.0000 	 1.3567 	 2.8501 	 2.4276 	 5.7089 	 3.7675 	 0.0000 	 1.2588 	 763.5825 	 20.0000 	 1.5886 	 8.2197 	 8.8950 	 1.6100 	 -0.6024 	 0.0000 	 2.2198 	 0.0106 
23.0000 	 1.4943 	 2.2072 	 5.3343 	 4.2410 	 4.0012 	 0.0000 	 1.3023 	 764.5127 	 23.0000 	 0.6655 	 1.1405 	 8.2545 	 0.3354 	 -2.5445 	 0.0000 	 1.2825 	 0.0116 
19.0000 	 1.2963 	 2.4767 	 8.1137 	 4.1363 	 4.0905 	 0.0000 	 1.3271 	 763.5736 	 19.0000 	 2.1081 	 4.0208 	 5.9479 	 0.3616 	 -1.4615 	 0.0000 	 1.3669 	 0.0083 
22.0000 	 1.4487 	 2.4115 	 4.5313 	 4.5780 	 3.9903 	 0.0000 	 1.3130 	 764.1851 	 22.0000 	 2.9302 	 5.8508 	 8.1237 	 0.9910 	 1.1663 	 0.0000 	 1.7128 	 0.0089 
19.0000 	 1.3222 	 2.7310 	 2.3437 	 5.5080 	 3.7400 	 0.0000 	 1.2545 	 763.2652 	 19.0000 	 2.4778 	 1.2597 	 4.9033 	 1.6556 	 2.3750 	 0.0000 	 0.7143 	 0.0094 
12.0000 	 0.9597 	 2.6302 	 4.2024 	 4.6147 	 3.9695 	 0.0000 	 1.3007 	 761.6563 	 12.0000 	 0.4235 	 8.2691 	 9.0269 	 2.7537 	 2.9916 	 0.0000 	 2.0987 	 0.0030 
16.0000 	 1.1784 	 2.3722 	 5.5722 	 4.2775 	 4.0132 	 0.0000 	 1.3065 	 762.5978 	 16.0000 	 2.9982 	 8.6270 	 8.1507 	 1.4919 	 -0.4468 	 0.0000 	 1.5395 	 0.0130 
20.0000 	 0.0010 	 6.4703 	 4.0524 	 4.2719 	 0.4557 	 0.0000 	 1.8670 	 1133.8528 	 20.0000 	 1.6401 	 5.6041 	 5.0447 	 2.5781 	 -2.1561 	 0.0000 	 0.4595 	 0.0000 
21.0000 	 1.3912 	 2.4185 	 7.6413 	 4.2844 	 4.0778 	 0.0000 	 1.3310 	 764.1361 	 21.0000 	 1.1625 	 9.5843 	 4.6125 	 1.2285 	 -0.3778 	 0.0000 	 2.4219 	 0.0098 
22.0000 	 1.4420 	 2.4232 	 6.6135 	 4.3385 	 4.0741 	 0.0000 	 1.3314 	 764.3688 	 22.0000 	 1.1915 	 5.1711 	 2.0096 	 2.6376 	 -2.5448 	 0.0000 	 1.8611 	 0.0099 
24.0000 	 1.5109 	 1.4950 	 0.2702 	 5.4675 	 1.4715 	 0.0000 	 1.6217 	 778.6354 	 24.0000 	 2.5272 	 8.6063 	 2.7633 	 1.7010 	 -1.3568 	 0.0000 	 1.7503 	 0.0040 
18.0000 	 1.3046 	 0.0000 	 6.1987 	 1.8018 	 2.6711 	 0.0000 	 1.7155 	 781.7059 	 18.0000 	 0.3824 	 1.6966 	 5.6377 	 2.1023 	 -2.0422 	 0.0000 	 1.1116 	 0.0026 
18.0000 	 1.2549 	 2.6741 	 3.8774 	 4.8381 	 3.9648 	 0.0000 	 1.3006 	 763.0229 	 18.0000 	 1.6760 	 4.9329 	 2.3312 	 2.3747 	 -0.5273 	 0.0000 	 2.7101 	 0.0093 
21.0000 	 0.0013 	 7.0067 	 5.2262 	 0.6995 	 4.0132 	 0.0000 	 1.8690 	 1133.8460 	 21.0000 	 0.2216 	 4.9811 	 6.6941 	 0.6348 	 -1.9164 	 0.0000 	 0.1108 	 0.0000 
22.0000 	 1.4235 	 2.3618 	 7.4685 	 4.0727 	 4.0556 	 0.0000 	 1.3235 	 764.3636 	 22.0000 	 0.6111 	 8.8790 	 7.2651 	 1.3301 	 2.4786 	 0.0000 	 2.3383 	 0.0097 
9.0000 	 0.7771 	 2.5064 	 8.6335 	 4.0450 	 4.0830 	 0.0000 	 1.3138 	 762.3913 	 9.0000 	 0.0316 	 0.9963 	 7.9874 	 2.2777 	 -0.5034 	 0.0000 	 1.4752 	 0.0062 
22.0000 	 0.0033 	 3.9089 	 2.2308 	 1.1335 	 3.5795 	 0.0000 	 1.8680 	 1133.8455 	 22.0000 	 2.4899 	 7.9233 	 8.0805 	 2.1698 	 -1.4709 	 0.0000 	 1.6343 	 0.0000 
18.0000 	 1.2768 	 2.4266 	 4.9636 	 4.4443 	 3.9967 	 0.0000 	 1.3061 	 763.0848 	 18.0000 	 1.7661 	 9.9669 	 3.2811 	 0.0513 	 2.2122 	 0.0000 	 2.3554 	 0.0103 
29.0000 	 1.8031 	 2.4524 	 1.8120 	 6.1186 	 3.5482 	 0.0000 	 1.2244 	 766.1023 	 29.0000 	 1.0693 	 0.6730 	 1.6456 	 1.1060 	 2.4326 	 0.0000 	 1.0240 	 0.0104 
20.0000 	 1.2525 	 8.3623 	 8.1366 	 7.4416 	 4.4746 	 0.0000 	 1.6612 	 779.6055 	 20.0000 	 1.0058 	 6.6044 	 8.3221 	 1.0216 	 -1.1360 	 0.0000 	 0.6060 	 0.0282 
16.0000 	 1.1569 	 2.5488 	 7.5000 	 4.2935 	 4.1191 	 0.0000 	 1.3271 	 762.9017 	 16.0000 	 1.6426 	 3.6316 	 4.5961 	 0.3215 	 -0.8396 	 0.0000 	 0.5333 	 0.0084 
15.0000 	 1.1321 	 4.6441 	 1.5806 	 9.3746 	 3.5785 	 0.0000 	 1.2304 	 762.5804 	 15.0000 	 2.6925 	 5.4896 	 3.9975 	 0.1081 	 -2.6734 	 0.0000 	 2.9375 	 0.0070 
16.0000 	 1.1910 	 0.0000 	 8.7302 	 1.6983 	 2.7843 	 0.0000 	 1.6930 	 781.5709 	 16.0000 	 0.3946 	 1.1641 	 8.7247 	 1.2124 	 -1.9786 	 0.0000 	 2.1902 	 0.0025 
8.0000 	 0.6992 	 1.1182 	 1.2485 	 1.2699 	 3.9134 	 0.0000 	 1.6505 	 778.6221 	 8.0000 	 2.2440 	 5.1120 	 8.9250 	 1.9566 	 -1.6126 	 0.0000 	 1.2402 	 0.0059 
22.0000 	 5.9929 	 0.2051 	 6.1328 	 6.8452 	 4.3740 	 0.0000 	 1.6511 	 795.4151 	 22.0000 	 0.2410 	 3.6848 	 7.7947 	 0.8736 	 -2.8623 	 0.0000 	 0.4305 	 0.3355 
15.0000 	 1.1219 	 2.8594 	 2.5035 	 5.4788 	 3.7997 	 0.0000 	 1.2582 	 762.0997 	 15.0000 	 1.8542 	 1.8779 	 9.6012 	 1.9817 	 -0.9896 	 0.0000 	 1.0372 	 0.0077 
19.0000 	 1.3344 	 2.2796 	 5.2914 	 4.2544 	 4.0274 	 0.0000 	 1.3069 	 763.4466 	 19.0000 	 1.8595 	 5.7319 	 3.9967 	 2.8916 	 -0.4593 	 0.0000 	 1.6433 	 0.0096 
19.0000 	 1.3213 	 3.5940 	 1.6897 	 7.4622 	 3.5604 	 0.0000 	 1.2198 	 763.5886 	 19.0000 	 2.0021 	 4.6429 	 1.9408 	 1.9856 	 -0.0307 	 0.0000 	 0.9467 	 0.0094 
18.0000 	 1.2427 	 3.3023 	 2.4563 	 6.2186 	 3.8129 	 0.0000 	 1.2839 	 763.2120 	 18.0000 	 1.7555 	 3.0592 	 4.4958 	 0.4616 	 0.8169 	 0.0000 	 2.2375 	 0.0103 
19.0000 	 1.2933 	 4.9300 	 1.6639 	 9.5800 	 3.6274 	 0.0000 	 1.2589 	 763.8738 	 19.0000 	 1.8886 	 0.9315 	 0.9961 	 1.8386 	 2.3404 	 0.0000 	 2.5111 	 0.0108 
7.0000 	 0.6626 	 2.2894 	 4.7782 	 4.1798 	 4.0177 	 0.0000 	 1.2941 	 763.5412 	 7.0000 	 1.4321 	 6.8360 	 4.0487 	 0.6431 	 0.9333 	 0.0000 	 1.4949 	 0.0204 
19.0000 	 1.3369 	 0.0000 	 5.3954 	 3.0787 	 1.4079 	 0.0000 	 1.6964 	 781.7383 	 19.0000 	 0.7843 	 0.6335 	 9.6738 	 0.8083 	 2.5014 	 0.0000 	 2.3996 	 0.0032 
12.0000 	 0.9491 	 2.5386 	 9.7785 	 4.0441 	 4.0852 	 0.0000 	 1.3180 	 762.0947 	 12.0000 	 2.0092 	 3.2594 	 3.6652 	 1.7863 	 -0.9399 	 0.0000 	 1.8184 	 0.0044 
14.0000 	 1.0662 	 2.5319 	 6.6463 	 4.2259 	 4.0456 	 0.0000 	 1.3168 	 762.2065 	 14.0000 	 2.5955 	 0.5383 	 1.4774 	 0.3167 	 0.1179 	 0.0000 	 0.7871 	 0.0053 
27.0000 	 1.6658 	 2.0582 	 8.0945 	 3.9916 	 4.0681 	 0.0000 	 1.3222 	 765.5627 	 27.0000 	 1.0911 	 6.5068 	 8.3581 	 0.4795 	 -0.2896 	 0.0000 	 2.7597 	 0.0098 
15.0000 	 1.1243 	 2.5033 	 4.2356 	 4.0260 	 4.0358 	 0.0000 	 1.4042 	 763.5933 	 15.0000 	 0.5050 	 6.6072 	 5.7362 	 2.0876 	 1.6221 	 0.0000 	 2.5461 	 0.0055 
18.0000 	 1.2047 	 3.2186 	 4.6573 	 5.1077 	 4.0421 	 0.0000 	 1.3705 	 763.9181 	 18.0000 	 2.4232 	 7.6772 	 6.2626 	 0.7170 	 -2.3768 	 0.0000 	 2.0159 	 0.0117 
15.0000 	 1.1464 	 3.0098 	 1.9512 	 6.4184 	 3.6199 	 0.0000 	 1.2151 	 762.2986 	 15.0000 	 0.5366 	 6.3475 	 6.4568 	 2.9314 	 2.2923 	 0.0000 	 0.3649 	 0.0071 
17.0000 	 1.3278 	 2.8918 	 5.6519 	 5.6817 	 4.2729 	 0.0000 	 1.4722 	 767.3060 	 17.0000 	 0.8284 	 7.9350 	 5.3558 	 2.9758 	 -0.1498 	 0.0000 	 1.8599 	 0.0127 
5.0000 	 0.5583 	 2.2836 	 1.1033 	 7.3463 	 2.9964 	 0.0000 	 1.0310 	 767.4921 	 5.0000 	 1.7973 	 1.8491 	 1.8274 	 2.2535 	 0.2457 	 0.0000 	 1.3620 	 0.0362 
16.0000 	 1.1633 	 2.5173 	 6.8584 	 4.2861 	 4.0608 	 0.0000 	 1.3217 	 762.6869 	 16.0000 	 0.4550 	 2.2743 	 9.7094 	 2.6167 	 -2.1685 	 0.0000 	 1.2091 	 0.0068 
18.0000 	 1.2858 	 9.9999 	 6.8729 	 0.0005 	 4.4889 	 0.0000 	 1.7036 	 781.6724 	 18.0000 	 2.6412 	 7.1173 	 4.7075 	 1.3641 	 -1.5888 	 0.0000 	 1.5600 	 0.0027 
13.0000 	 0.9964 	 2.8384 	 4.4886 	 4.6001 	 4.0094 	 0.0000 	 1.3116 	 761.8559 	 13.0000 	 1.6925 	 0.7494 	 6.1769 	 0.3594 	 -2.1075 	 0.0000 	 1.9384 	 0.0043 
17.0000 	 1.2188 	 4.3522 	 1.7114 	 9.0045 	 3.6093 	 0.0000 	 1.2377 	 763.1601 	 17.0000 	 0.9491 	 3.1938 	 0.0656 	 0.9809 	 -0.8601 	 0.0000 	 2.6297 	 0.0088 
13.0000 	 1.0088 	 2.5126 	 9.6052 	 4.1242 	 4.0930 	 0.0000 	 1.3206 	 762.2144 	 13.0000 	 1.8404 	 2.8199 	 0.1414 	 2.4657 	 -1.8288 	 0.0000 	 2.8415 	 0.0044 
12.0000 	 0.9634 	 3.5518 	 1.8269 	 6.9021 	 3.6380 	 0.0000 	 1.2219 	 761.7354 	 12.0000 	 0.1827 	 3.3400 	 9.2116 	 1.0213 	 2.1553 	 0.0000 	 2.7419 	 0.0034 
3.0000 	 0.2627 	 5.3752 	 0.0093 	 5.0402 	 1.3133 	 0.0000 	 1.7065 	 784.5250 	 3.0000 	 2.4508 	 3.0826 	 1.5208 	 0.3559 	 1.8500 	 0.0000 	 0.8446 	 0.0271 
16.0000 	 1.1722 	 5.8044 	 0.1922 	 10.0000 	 -0.3265 	 0.0000 	 1.5474 	 778.2091 	 16.0000 	 0.1115 	 2.0455 	 8.8333 	 1.3847 	 -2.7313 	 0.0000 	 2.0572 	 0.0031 
12.0000 	 0.9632 	 2.6617 	 3.7038 	 4.7611 	 3.9455 	 0.0000 	 1.2854 	 761.5942 	 12.0000 	 1.6408 	 4.2809 	 5.9368 	 1.2871 	 -1.1559 	 0.0000 	 0.8134 	 0.0036 
16.0000 	 1.1758 	 2.4120 	 6.1881 	 4.2934 	 4.0285 	 0.0000 	 1.3110 	 762.6543 	 16.0000 	 0.4632 	 9.5765 	 7.3021 	 0.4197 	 2.1456 	 0.0000 	 1.1359 	 0.0074 
2.0000 	 0.2113 	 1.2638 	 7.5562 	 3.9960 	 4.0469 	 0.0000 	 1.5750 	 777.8884 	 2.0000 	 2.8885 	 5.3152 	 1.3838 	 1.7411 	 1.9218 	 0.0000 	 2.2068 	 0.0482 
26.0000 	 1.6334 	 3.9018 	 1.4922 	 8.6690 	 3.4571 	 0.0000 	 1.2233 	 765.6984 	 26.0000 	 2.4005 	 3.5794 	 0.4014 	 1.9680 	 2.7910 	 0.0000 	 2.1036 	 0.0204 
16.0000 	 1.1613 	 4.8051 	 1.6235 	 9.2306 	 3.5973 	 0.0000 	 1.2439 	 762.8857 	 16.0000 	 0.3582 	 7.5135 	 7.9131 	 0.8151 	 1.7013 	 0.0000 	 0.5518 	 0.0095 
12.0000 	 0.9516 	 2.6678 	 4.9737 	 4.4376 	 4.0114 	 0.0000 	 1.3033 	 761.7416 	 12.0000 	 1.8175 	 0.7186 	 3.7895 	 1.7556 	 1.5539 	 0.0000 	 0.2416 	 0.0028 
17.0000 	 1.2123 	 2.5258 	 6.3386 	 4.3383 	 4.0526 	 0.0000 	 1.3146 	 762.9069 	 17.0000 	 0.5848 	 0.8814 	 4.1035 	 1.8442 	 -1.7384 	 0.0000 	 1.2340 	 0.0075 
10.0000 	 0.8506 	 2.4961 	 5.2179 	 4.2759 	 4.0286 	 0.0000 	 1.2962 	 761.8841 	 10.0000 	 0.4729 	 6.4662 	 8.8734 	 1.3661 	 1.7559 	 0.0000 	 2.7214 	 0.0044 
14.0000 	 0.0060 	 3.4812 	 7.1729 	 4.2565 	 0.4562 	 0.0000 	 1.8688 	 1133.8456 	 14.0000 	 2.1221 	 2.1808 	 6.0493 	 1.3995 	 0.4343 	 0.0000 	 1.3482 	 0.0000 
14.0000 	 1.0816 	 2.4309 	 4.5744 	 4.3574 	 3.9925 	 0.0000 	 1.2947 	 762.0797 	 14.0000 	 1.6684 	 4.9879 	 8.3870 	 0.4394 	 2.2619 	 0.0000 	 2.8539 	 0.0074 
12.0000 	 0.9574 	 2.7500 	 3.6970 	 4.7773 	 3.9444 	 0.0000 	 1.2898 	 761.5908 	 12.0000 	 1.1053 	 4.2321 	 6.4934 	 0.5218 	 -0.6215 	 0.0000 	 1.7577 	 0.0025 
11.0000 	 0.8946 	 2.6494 	 7.9411 	 4.1951 	 4.0861 	 0.0000 	 1.3254 	 761.9839 	 11.0000 	 2.8299 	 1.4349 	 7.9137 	 0.2117 	 -0.7736 	 0.0000 	 0.7004 	 0.0028 
24.0000 	 1.5461 	 0.0000 	 3.7213 	 1.9159 	 2.5693 	 0.0000 	 1.6868 	 782.0223 	 24.0000 	 1.7550 	 3.4784 	 3.1794 	 2.4161 	 -2.0635 	 0.0000 	 1.4928 	 0.0025 
15.0000 	 1.1034 	 4.5688 	 1.9060 	 8.8781 	 3.7358 	 0.0000 	 1.2745 	 762.6955 	 15.0000 	 2.1659 	 1.8141 	 5.3978 	 0.5245 	 1.2577 	 0.0000 	 0.3023 	 0.0076 
15.0000 	 1.1194 	 5.3052 	 1.4273 	 9.9993 	 3.4780 	 0.0000 	 1.2110 	 762.6963 	 15.0000 	 1.2770 	 4.1494 	 5.1122 	 1.6712 	 1.0298 	 0.0000 	 1.2326 	 0.0058 
7.0000 	 0.6480 	 2.0557 	 0.3467 	 2.9429 	 2.8740 	 0.0000 	 1.6999 	 781.3061 	 7.0000 	 1.8058 	 0.5786 	 0.0003 	 1.8618 	 1.7044 	 0.0000 	 1.3723 	 0.0157 
9.0000 	 0.7903 	 3.2477 	 2.0319 	 6.1273 	 3.7359 	 0.0000 	 1.2526 	 762.0068 	 9.0000 	 1.7327 	 4.4297 	 4.0229 	 2.6406 	 -0.0338 	 0.0000 	 2.5800 	 0.0074 
14.0000 	 1.0445 	 3.3225 	 2.3487 	 5.8245 	 3.7975 	 0.0000 	 1.2595 	 762.0163 	 14.0000 	 1.2848 	 5.6062 	 7.5248 	 0.5321 	 -1.0616 	 0.0000 	 1.2851 	 0.0064 
13.0000 	 1.0388 	 9.9370 	 9.2848 	 0.0000 	 4.4850 	 0.0000 	 1.7016 	 781.4271 	 13.0000 	 0.0098 	 9.1322 	 8.8299 	 0.4408 	 -0.5362 	 0.0000 	 2.9959 	 0.0017 
10.0000 	 0.8535 	 2.9010 	 2.5273 	 5.4755 	 3.8119 	 0.0000 	 1.2531 	 761.6015 	 10.0000 	 2.3186 	 3.7580 	 8.3264 	 0.8093 	 1.7549 	 0.0000 	 0.2357 	 0.0042 
14.0000 	 1.0894 	 2.3838 	 4.7700 	 4.3704 	 3.9983 	 0.0000 	 1.2892 	 762.1061 	 14.0000 	 0.8121 	 0.8664 	 9.2369 	 1.6411 	 -1.4900 	 0.0000 	 2.9627 	 0.0051 
14.0000 	 1.0754 	 2.5827 	 4.3856 	 4.5958 	 3.9729 	 0.0000 	 1.3050 	 762.0050 	 14.0000 	 2.4556 	 8.0781 	 4.8257 	 2.9741 	 0.9415 	 0.0000 	 1.5819 	 0.0063 
9.0000 	 0.7920 	 2.4969 	 4.8521 	 4.3729 	 4.0306 	 0.0000 	 1.3025 	 762.1194 	 9.0000 	 2.3555 	 6.1114 	 2.9905 	 1.3669 	 1.8155 	 0.0000 	 1.8330 	 0.0069 
12.0000 	 0.9705 	 2.6354 	 3.2987 	 4.8539 	 3.8942 	 0.0000 	 1.2724 	 761.5771 	 12.0000 	 0.0269 	 0.2671 	 8.6467 	 1.7580 	 -1.8078 	 0.0000 	 0.6429 	 0.0028 
7.0000 	 0.6509 	 2.8332 	 2.9081 	 5.3003 	 3.9163 	 0.0000 	 1.2784 	 763.3944 	 7.0000 	 2.6192 	 4.1482 	 7.5133 	 0.4144 	 0.0857 	 0.0000 	 2.2272 	 0.0185 
23.0000 	 1.4977 	 9.9707 	 0.0000 	 0.1635 	 4.3809 	 0.0000 	 1.7006 	 781.9473 	 23.0000 	 0.2152 	 3.8926 	 9.2051 	 1.6164 	 1.4297 	 0.0000 	 2.9245 	 0.0035 
8.0000 	 0.7195 	 2.7758 	 2.8898 	 5.0782 	 3.8811 	 0.0000 	 1.2745 	 762.4261 	 8.0000 	 1.7788 	 3.8224 	 4.8655 	 2.1898 	 2.4256 	 0.0000 	 1.1702 	 0.0116 
11.0000 	 0.9255 	 0.0000 	 3.4595 	 5.3972 	 -0.9101 	 0.0000 	 1.7033 	 781.3951 	 11.0000 	 1.4158 	 0.1832 	 0.5620 	 2.8303 	 0.7428 	 0.0000 	 0.6345 	 0.0013 
43.0000 	 2.2169 	 1.8291 	 9.6832 	 3.8334 	 4.0724 	 0.0000 	 1.3409 	 768.1087 	 43.0000 	 0.2016 	 3.3264 	 8.9312 	 1.5315 	 2.1052 	 0.0000 	 2.4921 	 0.0094 
8.0000 	 0.7949 	 5.4114 	 6.3599 	 3.3988 	 4.4158 	 0.0000 	 1.6362 	 779.8548 	 8.0000 	 1.8288 	 4.5171 	 1.2535 	 1.5420 	 -1.4197 	 0.0000 	 0.6414 	 0.1475 
9.0000 	 0.7351 	 6.1120 	 3.8232 	 9.6438 	 4.2934 	 0.0000 	 1.4642 	 769.3410 	 9.0000 	 1.5398 	 4.3513 	 3.4239 	 0.4618 	 1.5600 	 0.0000 	 2.7210 	 0.0274 
7.0000 	 0.7659 	 4.4043 	 0.0000 	 5.1105 	 1.2649 	 0.0000 	 1.7534 	 783.2723 	 7.0000 	 1.7249 	 3.2451 	 2.3374 	 2.4189 	 0.5336 	 0.0000 	 0.0040 	 0.0083 
5.0000 	 0.4848 	 2.1937 	 6.4038 	 4.0312 	 4.0629 	 0.0000 	 1.3070 	 766.4884 	 5.0000 	 2.0388 	 3.8975 	 7.7982 	 0.6750 	 2.0221 	 0.0000 	 1.1018 	 0.0315 
12.0000 	 0.9578 	 3.0727 	 2.5391 	 5.5702 	 3.8221 	 0.0000 	 1.2591 	 761.5539 	 12.0000 	 0.3076 	 2.7481 	 8.1959 	 2.6966 	 2.2400 	 0.0000 	 2.8230 	 0.0037 
11.0000 	 0.9085 	 3.2172 	 2.1348 	 6.1553 	 3.7341 	 0.0000 	 1.2422 	 761.5674 	 11.0000 	 0.0048 	 2.3542 	 7.4283 	 1.2757 	 0.8681 	 0.0000 	 0.7172 	 0.0027 
13.0000 	 1.0069 	 3.1609 	 2.4702 	 5.7759 	 3.8122 	 0.0000 	 1.2591 	 761.6998 	 13.0000 	 2.7340 	 6.9377 	 8.9352 	 1.8715 	 0.6610 	 0.0000 	 2.3587 	 0.0045 
6.0000 	 0.5673 	 9.7636 	 10.0000 	 0.0000 	 4.4795 	 0.0000 	 1.6963 	 782.1552 	 6.0000 	 1.1242 	 8.0318 	 1.7871 	 2.1731 	 -0.4689 	 0.0000 	 2.2645 	 0.0101 
11.0000 	 0.9098 	 2.6183 	 3.7877 	 4.6791 	 3.9306 	 0.0000 	 1.2817 	 761.5992 	 11.0000 	 2.3231 	 7.9624 	 4.1854 	 1.6641 	 -0.3565 	 0.0000 	 1.8502 	 0.0023 
3.0000 	 0.2725 	 7.5485 	 0.0226 	 2.8611 	 2.6880 	 0.0000 	 1.6988 	 784.6358 	 3.0000 	 1.1401 	 3.9723 	 3.0593 	 0.8584 	 -0.4748 	 0.0000 	 1.2837 	 0.0281 
5.0000 	 0.4575 	 3.2994 	 0.7989 	 0.1610 	 4.3948 	 0.0000 	 1.7096 	 782.6198 	 5.0000 	 2.9513 	 4.1996 	 8.5949 	 1.7691 	 1.3414 	 0.0000 	 1.1999 	 0.0164 
7.0000 	 0.6692 	 4.7290 	 1.7244 	 10.0000 	 3.7878 	 0.0000 	 1.2740 	 764.2281 	 7.0000 	 2.7499 	 9.5839 	 3.8877 	 2.5626 	 -2.7402 	 0.0000 	 2.8436 	 0.0337 
10.0000 	 0.8415 	 2.6757 	 5.0558 	 4.4247 	 4.0334 	 0.0000 	 1.3053 	 761.8360 	 10.0000 	 0.9433 	 7.9144 	 3.2538 	 1.0168 	 1.0213 	 0.0000 	 0.3441 	 0.0053 
9.0000 	 0.8322 	 2.5000 	 0.0000 	 4.5571 	 1.5205 	 0.0000 	 1.7375 	 781.8669 	 9.0000 	 0.1919 	 7.8613 	 5.0249 	 2.9015 	 2.7409 	 0.0000 	 1.8300 	 0.0067 
9.0000 	 0.7824 	 2.4832 	 7.6818 	 4.1154 	 4.0781 	 0.0000 	 1.3101 	 762.3364 	 9.0000 	 2.6785 	 9.3025 	 6.7809 	 1.9763 	 -2.0758 	 0.0000 	 0.3603 	 0.0067 
11.0000 	 0.8981 	 2.6889 	 5.3904 	 4.4572 	 4.0521 	 0.0000 	 1.3113 	 761.7800 	 11.0000 	 1.0198 	 1.4679 	 3.5778 	 2.1460 	 1.0812 	 0.0000 	 1.8900 	 0.0041 
20.0000 	 1.3712 	 2.4094 	 3.8266 	 4.6867 	 3.9434 	 0.0000 	 1.2909 	 763.5514 	 20.0000 	 1.3930 	 6.4828 	 6.4135 	 1.4758 	 2.4324 	 0.0000 	 0.9774 	 0.0080 
9.0000 	 0.7916 	 2.9057 	 2.4403 	 5.5618 	 3.8021 	 0.0000 	 1.2549 	 761.8979 	 9.0000 	 1.1814 	 1.6239 	 1.4988 	 1.2986 	 2.5739 	 0.0000 	 1.0567 	 0.0069 
3.0000 	 0.2735 	 0.6690 	 0.1298 	 2.7467 	 2.7708 	 0.0000 	 1.7428 	 783.9443 	 3.0000 	 1.2361 	 8.7914 	 0.3348 	 0.4052 	 0.6409 	 0.0000 	 1.2099 	 0.0286 
2.0000 	 0.1444 	 9.8910 	 6.7902 	 4.0362 	 4.4467 	 0.0000 	 1.6484 	 784.5741 	 2.0000 	 2.8670 	 7.4090 	 3.3520 	 0.4960 	 -2.3581 	 0.0000 	 1.8076 	 0.0329 
5.0000 	 0.5466 	 1.7508 	 2.7046 	 4.3851 	 3.8530 	 0.0000 	 1.2667 	 766.8552 	 5.0000 	 0.7766 	 4.6190 	 0.9700 	 2.6220 	 0.4618 	 0.0000 	 2.9944 	 0.0318 
9.0000 	 0.7716 	 3.4836 	 4.6903 	 5.3352 	 4.1664 	 0.0000 	 1.3604 	 763.8244 	 9.0000 	 0.8575 	 5.6383 	 2.9553 	 1.2162 	 2.5690 	 0.0000 	 1.9734 	 0.0142 
4.0000 	 0.4192 	 4.6964 	 1.6376 	 9.9330 	 3.9074 	 0.0000 	 1.3341 	 770.9209 	 4.0000 	 1.6877 	 2.8535 	 1.4861 	 0.1569 	 2.7673 	 0.0000 	 1.4932 	 0.0549 
9.0000 	 0.7735 	 2.5968 	 8.2250 	 4.1072 	 4.0923 	 0.0000 	 1.3213 	 762.3750 	 9.0000 	 2.6437 	 2.1352 	 7.7504 	 0.5894 	 1.4006 	 0.0000 	 1.9147 	 0.0069 
8.0000 	 0.7185 	 4.8714 	 1.7089 	 9.1140 	 3.7209 	 0.0000 	 1.2600 	 763.0463 	 8.0000 	 0.8944 	 8.3897 	 1.2421 	 2.8160 	 0.0402 	 0.0000 	 2.6902 	 0.0126 
2.0000 	 0.1587 	 3.5016 	 3.4851 	 6.6637 	 4.2903 	 0.0000 	 1.5125 	 781.3319 	 2.0000 	 1.6966 	 2.2340 	 4.1996 	 0.7008 	 2.1296 	 0.0000 	 1.2728 	 0.0768 
3.0000 	 0.2568 	 8.5974 	 1.2737 	 0.0151 	 4.4998 	 0.0000 	 1.7150 	 784.6807 	 3.0000 	 0.4585 	 4.2518 	 3.4084 	 2.2437 	 0.6849 	 0.0000 	 2.2465 	 0.0295 
9.0000 	 0.7731 	 2.5721 	 7.8904 	 4.1110 	 4.0661 	 0.0000 	 1.3150 	 762.3587 	 9.0000 	 1.3841 	 1.2271 	 5.9189 	 2.4705 	 2.6485 	 0.0000 	 2.4683 	 0.0074 
6.0000 	 0.5676 	 8.2260 	 0.0308 	 1.3023 	 3.6649 	 0.0000 	 1.7113 	 782.1025 	 6.0000 	 0.8892 	 6.8574 	 9.5821 	 0.0573 	 -0.6929 	 0.0000 	 2.6877 	 0.0091 
10.0000 	 0.8238 	 2.7032 	 6.8046 	 4.1871 	 4.0552 	 0.0000 	 1.3119 	 762.0329 	 10.0000 	 1.5059 	 2.1021 	 5.9267 	 1.4445 	 -1.9247 	 0.0000 	 1.0233 	 0.0051 
4.0000 	 0.4686 	 1.5714 	 7.3612 	 4.0942 	 4.1347 	 0.0000 	 1.3553 	 769.0095 	 4.0000 	 2.0048 	 6.8097 	 4.1886 	 2.5620 	 1.1620 	 0.0000 	 0.8871 	 0.0583 
2.0000 	 0.1571 	 7.6532 	 2.3098 	 1.5967 	 4.4320 	 0.0000 	 1.7082 	 785.4891 	 2.0000 	 0.0449 	 3.8615 	 1.0317 	 1.9268 	 1.9701 	 0.0000 	 2.2646 	 0.0380 
6.0000 	 0.5540 	 1.6907 	 3.1514 	 0.8126 	 4.2890 	 0.0000 	 1.7089 	 780.0396 	 6.0000 	 1.3339 	 9.0255 	 3.8052 	 1.4935 	 -0.6989 	 0.0000 	 1.5161 	 0.0113 
6.0000 	 0.5492 	 2.8654 	 3.9213 	 4.6320 	 4.0176 	 0.0000 	 1.2900 	 765.0991 	 6.0000 	 1.0916 	 5.3392 	 1.4432 	 0.2243 	 0.2076 	 0.0000 	 2.1607 	 0.0275 
20.0000 	 1.3255 	 2.3749 	 0.0292 	 7.7041 	 -0.2691 	 0.0000 	 1.7008 	 778.7474 	 20.0000 	 2.5174 	 2.8951 	 5.6873 	 0.5162 	 -1.5113 	 0.0000 	 1.4985 	 0.0058 
2.0000 	 0.1120 	 0.0000 	 6.7822 	 4.4546 	 0.1143 	 0.0000 	 1.7375 	 786.7550 	 2.0000 	 0.8454 	 8.4446 	 3.6258 	 0.8249 	 -1.0861 	 0.0000 	 0.8012 	 0.0772 
6.0000 	 0.5708 	 8.2622 	 0.0065 	 2.7716 	 2.7308 	 0.0000 	 1.6945 	 782.1242 	 6.0000 	 0.0598 	 1.0162 	 8.9750 	 1.7513 	 2.2718 	 0.0000 	 1.0797 	 0.0073 
5.0000 	 0.4674 	 3.1509 	 7.2894 	 4.1917 	 4.1708 	 0.0000 	 1.4313 	 769.1595 	 5.0000 	 2.3107 	 6.6113 	 0.8092 	 1.1653 	 -2.1866 	 0.0000 	 0.2754 	 0.0306 
8.0000 	 0.7164 	 2.4352 	 8.5427 	 4.0718 	 4.0676 	 0.0000 	 1.3101 	 762.8641 	 8.0000 	 1.1542 	 4.6764 	 7.3521 	 0.1348 	 -2.8934 	 0.0000 	 1.7962 	 0.0109 
5.0000 	 0.4316 	 4.5618 	 5.8257 	 5.0309 	 4.4285 	 0.0000 	 1.5598 	 775.5432 	 5.0000 	 2.4259 	 6.0585 	 0.1476 	 1.6447 	 2.8419 	 0.0000 	 0.4351 	 0.0328 
5.0000 	 0.5000 	 2.2577 	 4.5908 	 4.5022 	 4.0175 	 0.0000 	 1.2958 	 766.4453 	 5.0000 	 0.2775 	 5.3698 	 8.9228 	 1.9031 	 1.8967 	 0.0000 	 0.3341 	 0.0460 
3.0000 	 0.2701 	 0.0000 	 3.1551 	 1.8284 	 2.6563 	 0.0000 	 1.7058 	 784.6556 	 3.0000 	 0.0909 	 3.9749 	 7.0152 	 0.6302 	 -1.5066 	 0.0000 	 0.8070 	 0.0294 
4.0000 	 0.4332 	 1.7285 	 5.3302 	 4.2399 	 4.0160 	 0.0000 	 1.3155 	 768.5345 	 4.0000 	 0.6550 	 2.7183 	 5.6872 	 0.5693 	 -2.8242 	 0.0000 	 2.6115 	 0.0476 
5.0000 	 0.5525 	 2.2116 	 1.7290 	 5.7947 	 3.6347 	 0.0000 	 1.2295 	 766.6254 	 5.0000 	 2.6585 	 7.3326 	 8.8090 	 2.3095 	 1.0550 	 0.0000 	 0.2974 	 0.0285 
6.0000 	 0.5825 	 2.6655 	 2.2776 	 5.3034 	 3.7992 	 0.0000 	 1.2637 	 764.5125 	 6.0000 	 0.5297 	 1.7581 	 4.7944 	 2.4711 	 0.5637 	 0.0000 	 1.0372 	 0.0388 
3.0000 	 0.3189 	 1.3704 	 9.0795 	 3.6583 	 4.0929 	 0.0000 	 1.3014 	 770.8959 	 3.0000 	 1.0153 	 8.6325 	 6.9002 	 1.9788 	 1.7104 	 0.0000 	 2.4573 	 0.0516 
18.0000 	 1.2328 	 4.0391 	 1.9389 	 7.7818 	 3.6915 	 0.0000 	 1.2513 	 763.4518 	 18.0000 	 1.1635 	 4.2790 	 2.6314 	 2.4012 	 2.1241 	 0.0000 	 0.2733 	 0.0123 
2.0000 	 0.2249 	 1.0900 	 9.5788 	 4.2083 	 4.2041 	 0.0000 	 1.3569 	 773.4891 	 2.0000 	 0.9430 	 8.5725 	 9.9930 	 2.8703 	 -2.5104 	 0.0000 	 2.7186 	 0.0651 
3.0000 	 0.3581 	 1.7553 	 2.1662 	 5.3807 	 3.9809 	 0.0000 	 1.3479 	 772.1569 	 3.0000 	 2.9514 	 2.7020 	 5.6831 	 0.8569 	 1.2079 	 0.0000 	 0.7303 	 0.0669 
1.0000 	 0.0448 	 0.8357 	 3.7545 	 4.6219 	 3.9703 	 0.0000 	 1.3352 	 775.3575 	 1.0000 	 2.2559 	 7.2580 	 3.2983 	 2.5154 	 -2.4776 	 0.0000 	 2.5789 	 0.0923 
6.0000 	 0.5257 	 3.0539 	 4.5383 	 4.3236 	 4.0323 	 0.0000 	 1.2963 	 765.7989 	 6.0000 	 1.5646 	 2.8153 	 5.6817 	 2.5123 	 1.1800 	 0.0000 	 1.6107 	 0.0320 
2.0000 	 0.1589 	 1.4369 	 4.9669 	 4.1570 	 4.0495 	 0.0000 	 1.3107 	 773.3089 	 2.0000 	 1.1091 	 8.6025 	 9.4987 	 0.7881 	 0.2747 	 0.0000 	 0.7411 	 0.0847 
3.0000 	 0.2547 	 3.6133 	 10.0000 	 1.0472 	 4.3878 	 0.0000 	 1.6884 	 784.1097 	 3.0000 	 1.0384 	 0.4174 	 0.8975 	 1.2037 	 1.6589 	 0.0000 	 2.6858 	 0.0285 
2.0000 	 0.1751 	 4.0263 	 0.9034 	 0.8660 	 4.3996 	 0.0000 	 1.7027 	 785.5719 	 2.0000 	 0.7199 	 1.7237 	 6.1544 	 2.1659 	 -2.5688 	 0.0000 	 2.6482 	 0.0457 
16.0000 	 1.1657 	 4.6405 	 1.4866 	 0.9006 	 4.3943 	 0.0000 	 1.6890 	 780.3207 	 16.0000 	 1.5844 	 4.8169 	 2.9710 	 2.2140 	 2.3012 	 0.0000 	 1.0377 	 0.0027 
1.0000 	 0.0287 	 1.3302 	 4.8092 	 4.4309 	 4.3314 	 0.0000 	 1.4718 	 779.0648 	 1.0000 	 2.5480 	 7.5158 	 7.7394 	 0.4566 	 -0.6173 	 0.0000 	 0.9642 	 0.0995 
42.0000 	 2.1917 	 1.8204 	 9.4855 	 3.8628 	 4.0683 	 0.0000 	 1.3345 	 768.0034 	 42.0000 	 1.6165 	 6.6938 	 6.6723 	 0.3418 	 -0.7360 	 0.0000 	 1.0096 	 0.0128 
1.0000 	 0.0377 	 4.1742 	 3.8226 	 0.0000 	 4.4643 	 0.0000 	 1.7020 	 786.7120 	 1.0000 	 2.1137 	 4.4766 	 1.8635 	 1.7342 	 -2.0526 	 0.0000 	 0.5347 	 0.0807 
15.0000 	 0.0014 	 7.4549 	 3.3281 	 2.7116 	 2.0020 	 0.0000 	 1.8691 	 1133.8459 	 15.0000 	 2.4178 	 5.9143 	 3.6285 	 0.6609 	 -1.7508 	 0.0000 	 1.8245 	 0.0000 
12.0000 	 0.9576 	 2.7869 	 3.5056 	 4.8467 	 3.9535 	 0.0000 	 1.2851 	 761.5932 	 12.0000 	 2.2077 	 5.5873 	 4.2777 	 0.3931 	 -0.1477 	 0.0000 	 0.2498 	 0.0044 
12.0000 	 0.0018 	 5.1194 	 3.2683 	 2.6365 	 2.0764 	 0.0000 	 1.8669 	 1133.8462 	 12.0000 	 2.0924 	 2.9804 	 0.2417 	 1.8520 	 0.3165 	 0.0000 	 0.8068 	 0.0000 
40.0000 	 2.0288 	 2.4807 	 5.4073 	 4.3884 	 4.0781 	 0.0000 	 1.3678 	 768.4151 	 40.0000 	 2.8655 	 9.1371 	 6.5590 	 2.7126 	 -1.0167 	 0.0000 	 2.1034 	 0.0117 
10.0000 	 0.8587 	 2.7103 	 2.9528 	 5.1016 	 3.8765 	 0.0000 	 1.2664 	 761.6225 	 10.0000 	 2.8628 	 0.6315 	 8.7372 	 2.3851 	 -0.5388 	 0.0000 	 0.6740 	 0.0043 
7.0000 	 0.6562 	 3.3283 	 2.0020 	 6.5141 	 3.7722 	 0.0000 	 1.2831 	 763.6200 	 7.0000 	 0.2995 	 5.2025 	 4.0249 	 1.1639 	 0.3453 	 0.0000 	 2.8697 	 0.0184 
39.0000 	 2.0610 	 2.0038 	 10.0000 	 3.9592 	 4.0828 	 0.0000 	 1.3456 	 767.7075 	 39.0000 	 2.1223 	 8.7222 	 8.6450 	 0.8283 	 -0.2466 	 0.0000 	 2.1764 	 0.0092 
7.0000 	 0.6581 	 6.3458 	 4.6222 	 0.4753 	 4.5073 	 0.0000 	 1.7170 	 781.7804 	 7.0000 	 0.4903 	 5.8830 	 1.6693 	 1.0381 	 2.3426 	 0.0000 	 2.5904 	 0.0060 
5.0000 	 0.4942 	 2.1526 	 5.4858 	 4.2242 	 4.0307 	 0.0000 	 1.3261 	 766.4611 	 5.0000 	 1.1746 	 6.7637 	 0.9036 	 1.7868 	 0.7942 	 0.0000 	 0.3545 	 0.0363 
36.0000 	 1.9860 	 2.3412 	 2.8894 	 5.2954 	 3.8479 	 0.0000 	 1.2924 	 767.3159 	 36.0000 	 0.2776 	 9.2390 	 0.3127 	 1.4082 	 2.7681 	 0.0000 	 2.3797 	 0.0103 
3.0000 	 0.2770 	 9.6490 	 8.8351 	 0.0000 	 4.4934 	 0.0000 	 1.6939 	 784.6201 	 3.0000 	 2.1222 	 4.7870 	 6.3058 	 0.2351 	 2.0829 	 0.0000 	 2.5519 	 0.0244 
2.0000 	 0.2242 	 0.8834 	 4.8731 	 3.9192 	 4.0163 	 0.0000 	 1.3043 	 773.0358 	 2.0000 	 2.3593 	 1.6665 	 5.0423 	 2.6634 	 0.7053 	 0.0000 	 2.0286 	 0.0697 
36.0000 	 1.9735 	 2.1596 	 4.8391 	 4.4182 	 4.0104 	 0.0000 	 1.3183 	 767.2715 	 36.0000 	 2.0770 	 7.5107 	 1.3198 	 1.0013 	 -0.3695 	 0.0000 	 0.1551 	 0.0098 
34.0000 	 0.0010 	 4.4031 	 5.3430 	 4.5963 	 0.1245 	 0.0000 	 1.8687 	 1133.8480 	 34.0000 	 0.6801 	 0.8981 	 1.5818 	 1.2466 	 -0.1519 	 0.0000 	 1.2077 	 0.0000 
31.0000 	 1.8376 	 8.8156 	 7.6767 	 0.4713 	 4.4916 	 0.0000 	 1.6907 	 782.3857 	 31.0000 	 0.6305 	 2.6556 	 2.6245 	 0.3631 	 -1.3202 	 0.0000 	 1.6286 	 0.0034 
31.0000 	 0.0073 	 0.8301 	 9.0491 	 3.4757 	 1.2400 	 0.0000 	 1.8687 	 1133.8463 	 31.0000 	 2.8295 	 5.2061 	 7.9244 	 2.3882 	 -2.6350 	 0.0000 	 1.9980 	 0.0000 
29.0000 	 1.6753 	 2.7009 	 3.0643 	 5.0098 	 3.9090 	 0.0000 	 1.3057 	 766.0850 	 29.0000 	 1.4927 	 6.2284 	 2.3814 	 2.5870 	 0.4043 	 0.0000 	 0.2532 	 0.0138 
27.0000 	 1.6800 	 2.2691 	 2.6821 	 5.1554 	 3.7724 	 0.0000 	 1.2489 	 765.4289 	 27.0000 	 2.3423 	 1.4220 	 1.8609 	 1.4351 	 -2.4943 	 0.0000 	 1.2672 	 0.0173 
26.0000 	 1.6129 	 2.1625 	 8.4264 	 3.9835 	 4.0902 	 0.0000 	 1.3325 	 765.3596 	 26.0000 	 0.9888 	 1.6716 	 7.6317 	 1.9083 	 -0.3709 	 0.0000 	 2.7679 	 0.0251 
24.0000 	 1.5450 	 6.6626 	 9.6362 	 0.9606 	 4.4788 	 0.0000 	 1.7343 	 781.9452 	 24.0000 	 0.2240 	 4.0051 	 2.7839 	 0.0476 	 0.9364 	 0.0000 	 1.1086 	 0.0027 
23.0000 	 1.5112 	 2.3672 	 2.9317 	 5.0065 	 3.8360 	 0.0000 	 1.2835 	 764.3905 	 23.0000 	 1.0938 	 8.9033 	 0.9444 	 2.6003 	 2.8418 	 0.0000 	 1.1920 	 0.0104 
21.0000 	 1.4091 	 3.1836 	 1.9672 	 6.5981 	 3.6794 	 0.0000 	 1.2612 	 764.0796 	 21.0000 	 2.0184 	 3.4361 	 1.5518 	 1.4906 	 -2.8925 	 0.0000 	 1.9854 	 0.0113 
19.0000 	 1.3302 	 2.4089 	 4.2824 	 4.5871 	 3.9915 	 0.0000 	 1.3122 	 763.3319 	 19.0000 	 0.2011 	 4.1883 	 4.4611 	 1.4734 	 -1.0983 	 0.0000 	 1.9842 	 0.0090 
17.0000 	 1.2119 	 2.3970 	 7.5332 	 4.0933 	 4.0465 	 0.0000 	 1.3143 	 762.9893 	 17.0000 	 2.0025 	 9.0079 	 0.5315 	 0.7269 	 -1.1143 	 0.0000 	 0.1750 	 0.0078 
16.0000 	 1.1927 	 0.0000 	 6.5314 	 4.6842 	 -0.1966 	 0.0000 	 1.7023 	 781.5578 	 16.0000 	 1.4931 	 1.6079 	 3.9857 	 1.6910 	 0.5125 	 0.0000 	 0.7558 	 0.0025 
15.0000 	 1.1152 	 2.9505 	 2.6383 	 5.5191 	 3.8281 	 0.0000 	 1.2705 	 762.0945 	 15.0000 	 0.4036 	 1.0275 	 9.1555 	 0.9057 	 2.2175 	 0.0000 	 2.4596 	 0.0088 
13.0000 	 1.0396 	 0.0000 	 1.9677 	 6.3218 	 -1.8341 	 0.0000 	 1.7045 	 781.4267 	 13.0000 	 0.1456 	 6.1682 	 9.5675 	 1.9740 	 0.5037 	 0.0000 	 2.0432 	 0.0017 
11.0000 	 0.9082 	 2.7202 	 3.4416 	 4.8188 	 3.9251 	 0.0000 	 1.2831 	 761.5469 	 11.0000 	 1.1414 	 4.9060 	 2.8120 	 1.1812 	 -2.1446 	 0.0000 	 0.0473 	 0.0032 
10.0000 	 0.8447 	 4.6676 	 2.0575 	 9.7518 	 3.8210 	 0.0000 	 1.2665 	 762.5829 	 10.0000 	 2.6559 	 7.1686 	 7.5883 	 1.0569 	 -0.8779 	 0.0000 	 1.1662 	 0.0076 
8.0000 	 0.7148 	 0.0000 	 5.7943 	 1.6697 	 2.7921 	 0.0000 	 1.7184 	 781.6527 	 8.0000 	 0.1294 	 4.9346 	 0.7813 	 0.1906 	 -0.3999 	 0.0000 	 1.0100 	 0.0053 
6.0000 	 0.5430 	 9.9188 	 0.1349 	 0.9603 	 4.0237 	 0.0000 	 1.7123 	 781.8174 	 6.0000 	 2.1109 	 9.1201 	 6.5411 	 1.4595 	 -1.9813 	 0.0000 	 1.4421 	 0.0151 
5.0000 	 0.4624 	 0.6762 	 0.2167 	 5.6522 	 0.9957 	 0.0000 	 1.6323 	 780.4298 	 5.0000 	 0.4305 	 2.7510 	 0.0482 	 0.7259 	 -1.5553 	 0.0000 	 1.6165 	 0.0201 
48.0000 	 2.1775 	 0.0000 	 2.2698 	 0.8021 	 3.6787 	 0.0000 	 1.6777 	 783.1829 	 48.0000 	 1.5306 	 5.8131 	 7.8599 	 0.2529 	 0.1174 	 0.0000 	 0.8752 	 0.0061 
50.0000 	 2.3523 	 0.0000 	 7.3591 	 2.5373 	 1.9471 	 0.0000 	 1.6978 	 782.8517 	 50.0000 	 0.5576 	 1.4901 	 8.5152 	 2.2422 	 1.1382 	 0.0000 	 1.0411 	 0.0039 
48.0000 	 2.3642 	 1.7497 	 8.2389 	 3.8036 	 4.0416 	 0.0000 	 1.3219 	 768.6718 	 48.0000 	 0.0918 	 2.3642 	 4.9267 	 2.5073 	 -1.4571 	 0.0000 	 2.6272 	 0.0122 
48.0000 	 2.3884 	 2.1444 	 2.3254 	 5.2039 	 3.7262 	 0.0000 	 1.2921 	 768.6829 	 48.0000 	 0.7223 	 7.3883 	 8.4282 	 1.5891 	 -1.4561 	 0.0000 	 1.6203 	 0.0090 
48.0000 	 2.3815 	 2.1110 	 2.3770 	 5.1719 	 3.7121 	 0.0000 	 1.2559 	 768.6890 	 48.0000 	 2.4616 	 2.9198 	 5.6700 	 1.6069 	 2.9821 	 0.0000 	 0.5801 	 0.0114 
50.0000 	 2.3670 	 5.1901 	 1.5654 	 9.7201 	 3.7556 	 0.0000 	 1.3477 	 769.7268 	 50.0000 	 2.0193 	 0.8145 	 6.8150 	 1.8620 	 0.3781 	 0.0000 	 2.3208 	 0.0080 
45.0000 	 2.2101 	 0.0000 	 5.8821 	 2.7202 	 1.7647 	 0.0000 	 1.6970 	 782.7407 	 45.0000 	 1.0058 	 0.0538 	 4.9608 	 2.2719 	 1.6499 	 0.0000 	 1.9907 	 0.0052 
46.0000 	 2.2115 	 3.2324 	 3.0078 	 5.0559 	 4.1052 	 0.0000 	 1.3564 	 770.4645 	 46.0000 	 2.5157 	 5.8471 	 5.1805 	 0.7422 	 0.8838 	 0.0000 	 0.1006 	 0.0083 
50.0000 	 2.4797 	 1.9915 	 2.4256 	 5.1047 	 3.7230 	 0.0000 	 1.2764 	 768.8526 	 50.0000 	 1.2537 	 3.1344 	 0.1285 	 0.8531 	 -0.5416 	 0.0000 	 1.8828 	 0.0121 
46.0000 	 2.2672 	 0.7914 	 0.5241 	 3.2653 	 2.5725 	 0.0000 	 1.6262 	 779.3621 	 46.0000 	 1.9031 	 7.9500 	 0.0461 	 2.0062 	 2.1746 	 0.0000 	 0.4113 	 0.0039 
46.0000 	 2.6541 	 1.9276 	 0.8901 	 9.9996 	 2.0103 	 0.0000 	 0.0000 	 789.3875 	 46.0000 	 1.3675 	 8.4882 	 3.5567 	 1.4311 	 -0.1924 	 0.0000 	 0.4413 	 0.0216 
44.0000 	 2.1750 	 1.9718 	 10.0000 	 3.7523 	 4.0530 	 0.0000 	 1.3407 	 768.3822 	 44.0000 	 2.2683 	 3.2572 	 1.0848 	 2.3741 	 -1.5618 	 0.0000 	 1.4716 	 0.0096 
46.0000 	 2.3320 	 2.4960 	 3.5421 	 5.0287 	 4.0642 	 0.0000 	 1.4116 	 769.5773 	 46.0000 	 1.0524 	 5.4549 	 1.7375 	 1.9174 	 0.6082 	 0.0000 	 0.3070 	 0.0075 
45.0000 	 2.2781 	 1.8702 	 5.1127 	 4.1728 	 3.9823 	 0.0000 	 1.3133 	 768.3481 	 45.0000 	 0.0129 	 2.9502 	 7.3806 	 1.2954 	 1.6930 	 0.0000 	 0.6052 	 0.0121 
43.0000 	 2.2643 	 2.2222 	 2.1289 	 5.4642 	 3.6993 	 0.0000 	 1.2757 	 768.2081 	 43.0000 	 0.6092 	 7.4155 	 4.1955 	 2.7806 	 0.6739 	 0.0000 	 2.4208 	 0.0090 
43.0000 	 2.2035 	 2.3350 	 2.3898 	 5.2921 	 3.7742 	 0.0000 	 1.2912 	 768.2294 	 43.0000 	 1.5488 	 6.4056 	 4.4702 	 1.7932 	 0.4496 	 0.0000 	 2.2339 	 0.0108 
44.0000 	 2.1356 	 5.1163 	 1.7094 	 8.7601 	 3.8036 	 0.0000 	 1.3906 	 769.3933 	 44.0000 	 2.7650 	 9.0518 	 3.1276 	 1.7636 	 0.8026 	 0.0000 	 1.0275 	 0.0076 
45.0000 	 2.2102 	 5.7701 	 1.1516 	 10.0000 	 3.3157 	 0.0000 	 1.2882 	 769.2968 	 45.0000 	 2.7938 	 2.5461 	 3.2560 	 2.5552 	 -2.4611 	 0.0000 	 1.8080 	 0.0087 
40.0000 	 2.1371 	 2.9298 	 1.8103 	 6.6227 	 3.6598 	 0.0000 	 1.2945 	 768.0874 	 40.0000 	 2.0756 	 7.1306 	 7.6376 	 0.7216 	 -0.9132 	 0.0000 	 2.9052 	 0.0108 
44.0000 	 2.2376 	 1.8330 	 7.2036 	 3.8222 	 4.0282 	 0.0000 	 1.3386 	 768.2241 	 44.0000 	 1.8105 	 3.9138 	 3.4855 	 2.2352 	 0.1472 	 0.0000 	 2.2300 	 0.0192 
41.0000 	 0.0033 	 5.0867 	 5.4021 	 2.5918 	 2.1207 	 0.0000 	 1.8691 	 1133.8459 	 41.0000 	 1.9125 	 0.1652 	 9.7205 	 1.4773 	 0.7635 	 0.0000 	 0.4631 	 0.0000 
42.0000 	 2.1672 	 1.8394 	 9.1269 	 3.7998 	 4.0542 	 0.0000 	 1.3355 	 768.0052 	 42.0000 	 0.1831 	 2.9570 	 3.8784 	 2.8815 	 -2.7121 	 0.0000 	 0.2156 	 0.0084 
41.0000 	 2.1715 	 1.8233 	 8.6914 	 3.9607 	 4.0608 	 0.0000 	 1.3344 	 767.8916 	 41.0000 	 2.4663 	 5.2482 	 1.4255 	 0.9046 	 0.5883 	 0.0000 	 2.2862 	 0.0131 
39.0000 	 0.0053 	 4.6567 	 2.9085 	 3.9034 	 0.8082 	 0.0000 	 1.8698 	 1133.8461 	 39.0000 	 1.2443 	 0.1014 	 0.5254 	 2.2250 	 0.3533 	 0.0000 	 0.9793 	 0.0000 
41.0000 	 2.1028 	 9.9767 	 9.9998 	 1.6959 	 4.4818 	 0.0000 	 1.7008 	 782.6161 	 41.0000 	 2.2539 	 8.0601 	 8.6385 	 1.6812 	 -1.2767 	 0.0000 	 2.0715 	 0.0059 
37.0000 	 1.9287 	 2.5256 	 5.1941 	 5.0464 	 3.8606 	 0.0000 	 1.2681 	 769.9513 	 37.0000 	 0.2771 	 6.7654 	 6.8541 	 1.4548 	 -1.0453 	 0.0000 	 0.5327 	 0.0511 
42.0000 	 2.0673 	 2.8711 	 4.4666 	 4.7241 	 4.1426 	 0.0000 	 1.4016 	 769.4214 	 42.0000 	 1.7958 	 5.6959 	 1.2455 	 1.3452 	 1.9442 	 0.0000 	 1.8875 	 0.0101 
35.0000 	 1.9639 	 7.1725 	 6.4221 	 0.0000 	 4.4645 	 0.0000 	 1.6822 	 782.5608 	 35.0000 	 1.6094 	 7.8510 	 9.5971 	 2.0652 	 -1.5594 	 0.0000 	 2.1714 	 0.0043 
43.0000 	 2.2554 	 2.2072 	 2.1146 	 5.5386 	 3.6447 	 0.0000 	 1.2502 	 768.1715 	 43.0000 	 0.4469 	 5.6016 	 3.3771 	 1.0565 	 -1.9488 	 0.0000 	 2.0311 	 0.0109 
39.0000 	 2.0882 	 2.4527 	 2.1857 	 5.5717 	 3.7150 	 0.0000 	 1.2758 	 767.7154 	 39.0000 	 0.0562 	 5.7854 	 6.6428 	 2.2167 	 -2.8635 	 0.0000 	 2.0641 	 0.0127 
37.0000 	 2.0303 	 4.9897 	 1.4146 	 9.9525 	 3.6095 	 0.0000 	 1.3087 	 768.1840 	 37.0000 	 2.9511 	 7.2270 	 9.9251 	 1.9017 	 2.4216 	 0.0000 	 2.5042 	 0.0114 
39.0000 	 2.0477 	 2.0348 	 7.1771 	 3.9828 	 4.0501 	 0.0000 	 1.3344 	 767.6730 	 39.0000 	 2.8248 	 3.7587 	 7.9416 	 0.4037 	 -1.9819 	 0.0000 	 1.4695 	 0.0094 
39.0000 	 2.0870 	 2.2404 	 2.3879 	 5.1788 	 3.7143 	 0.0000 	 1.2574 	 767.6169 	 39.0000 	 1.6064 	 3.3719 	 5.6317 	 2.0953 	 0.0377 	 0.0000 	 1.8379 	 0.0117 
41.0000 	 2.0982 	 0.0000 	 2.4858 	 4.4856 	 -0.0000 	 0.0000 	 1.7001 	 782.6397 	 41.0000 	 1.0017 	 7.6333 	 9.0730 	 0.7934 	 -0.3024 	 0.0000 	 2.5467 	 0.0047 
35.0000 	 1.9359 	 2.5381 	 3.1358 	 5.1849 	 3.9371 	 0.0000 	 1.3415 	 767.3339 	 35.0000 	 1.5452 	 6.4824 	 9.8904 	 2.8344 	 -1.9861 	 0.0000 	 2.8198 	 0.0165 
47.0000 	 2.3914 	 3.0015 	 9.9922 	 3.3507 	 4.1250 	 0.0000 	 1.7375 	 778.6863 	 47.0000 	 1.9529 	 5.9394 	 9.1140 	 2.0732 	 -2.4920 	 0.0000 	 2.0016 	 0.0193 
47.0000 	 2.2762 	 9.9797 	 0.0099 	 2.9214 	 2.6547 	 0.0000 	 1.7092 	 782.6937 	 47.0000 	 0.3611 	 8.3659 	 4.0409 	 2.5970 	 -2.9093 	 0.0000 	 0.8870 	 0.0040 
50.0000 	 2.4021 	 1.7836 	 9.6006 	 3.7528 	 4.0682 	 0.0000 	 1.3459 	 768.8656 	 50.0000 	 0.0507 	 1.0134 	 4.9351 	 1.2549 	 2.7005 	 0.0000 	 2.3624 	 0.0107 
46.0000 	 2.3210 	 1.7649 	 7.8997 	 3.8662 	 4.0311 	 0.0000 	 1.3336 	 768.4297 	 46.0000 	 1.4510 	 6.3371 	 9.4699 	 1.9954 	 1.4291 	 0.0000 	 0.2929 	 0.0103 
44.0000 	 2.3820 	 2.1338 	 5.9326 	 4.4443 	 4.1807 	 0.0000 	 1.4911 	 770.4529 	 44.0000 	 1.3489 	 3.9829 	 4.1251 	 2.3413 	 -2.5964 	 0.0000 	 1.7396 	 0.0084 
46.0000 	 2.2997 	 6.5912 	 0.0000 	 1.7270 	 3.4078 	 0.0000 	 1.6784 	 782.8949 	 46.0000 	 1.8205 	 3.4488 	 8.9349 	 1.1470 	 -0.8984 	 0.0000 	 1.3661 	 0.0036 
45.0000 	 2.2181 	 2.3795 	 5.1734 	 4.2998 	 4.1015 	 0.0000 	 1.3967 	 769.1021 	 45.0000 	 1.3708 	 0.4272 	 6.2444 	 2.6715 	 -0.4058 	 0.0000 	 0.9741 	 0.0092 
41.0000 	 2.0613 	 3.8220 	 0.0000 	 2.2233 	 3.0938 	 0.0000 	 1.7343 	 782.7556 	 41.0000 	 0.0197 	 3.1115 	 7.4914 	 2.9220 	 2.8737 	 0.0000 	 1.2664 	 0.0039 
41.0000 	 2.1020 	 0.0000 	 1.8401 	 2.0227 	 2.4588 	 0.0000 	 1.7026 	 782.6341 	 41.0000 	 2.1258 	 9.5299 	 3.3180 	 0.9958 	 -1.5272 	 0.0000 	 0.4222 	 0.0039 
43.0000 	 2.2112 	 2.6594 	 2.0629 	 5.9571 	 3.7409 	 0.0000 	 1.3034 	 768.3899 	 43.0000 	 2.1762 	 6.7555 	 0.9479 	 1.7603 	 -2.1751 	 0.0000 	 1.9379 	 0.0094 
44.0000 	 2.3813 	 2.0000 	 2.1339 	 5.6261 	 3.6459 	 0.0000 	 1.2578 	 768.4783 	 44.0000 	 0.2817 	 3.1197 	 4.9458 	 2.5827 	 0.3292 	 0.0000 	 2.8207 	 0.0092 
38.0000 	 1.9287 	 5.0586 	 0.2100 	 2.5298 	 3.3018 	 0.0000 	 1.6632 	 781.0796 	 38.0000 	 0.0597 	 8.1811 	 2.9411 	 1.2713 	 -2.7817 	 0.0000 	 0.3915 	 0.0052 
38.0000 	 2.1034 	 1.7575 	 7.7633 	 3.8723 	 4.0397 	 0.0000 	 1.3239 	 767.4976 	 38.0000 	 0.4033 	 2.7804 	 7.9991 	 2.9095 	 -2.5550 	 0.0000 	 2.5873 	 0.0097 
41.0000 	 2.1444 	 3.7558 	 1.8090 	 7.8042 	 3.7670 	 0.0000 	 1.3499 	 768.6859 	 41.0000 	 2.3819 	 7.2720 	 2.8800 	 0.4951 	 2.9447 	 0.0000 	 1.5837 	 0.0091 
38.0000 	 2.0177 	 2.0327 	 5.7371 	 4.1346 	 3.9917 	 0.0000 	 1.3165 	 767.4941 	 38.0000 	 0.3774 	 6.2527 	 6.0982 	 1.7430 	 -2.9955 	 0.0000 	 0.4990 	 0.0109 
37.0000 	 1.9958 	 1.4139 	 5.8251 	 0.7637 	 4.2989 	 0.0000 	 1.6701 	 779.7450 	 37.0000 	 0.2441 	 6.8242 	 2.5436 	 2.1129 	 0.1036 	 0.0000 	 0.7290 	 0.0047 
37.0000 	 2.0158 	 2.6425 	 2.1208 	 5.7954 	 3.7289 	 0.0000 	 1.2922 	 767.4720 	 37.0000 	 2.4201 	 7.9495 	 5.0227 	 2.4024 	 1.8566 	 0.0000 	 1.7729 	 0.0153 
36.0000 	 1.9722 	 1.9477 	 9.5645 	 3.8100 	 4.0686 	 0.0000 	 1.3478 	 767.2199 	 36.0000 	 2.0120 	 5.3882 	 5.9615 	 0.4355 	 -1.8182 	 0.0000 	 0.9467 	 0.0125 
37.0000 	 2.0137 	 2.0005 	 8.2699 	 3.8403 	 4.0994 	 0.0000 	 1.3600 	 767.4631 	 37.0000 	 0.3896 	 7.6086 	 0.2487 	 1.7341 	 1.7686 	 0.0000 	 0.0610 	 0.0104 
36.0000 	 1.9523 	 9.4294 	 9.9997 	 0.2045 	 4.4842 	 0.0000 	 1.6978 	 782.4962 	 36.0000 	 0.8418 	 9.8082 	 4.4310 	 1.3629 	 1.8290 	 0.0000 	 1.6909 	 0.0043 
36.0000 	 0.0084 	 0.2368 	 7.7928 	 0.5325 	 4.1795 	 0.0000 	 1.8692 	 1133.8460 	 36.0000 	 2.1857 	 8.3560 	 3.0124 	 2.7698 	 -0.8365 	 0.0000 	 1.4745 	 0.0000 
36.0000 	 1.9125 	 0.0000 	 7.2809 	 1.2840 	 3.1922 	 0.0000 	 1.7191 	 782.5575 	 36.0000 	 0.2392 	 5.2034 	 5.3199 	 0.6475 	 -2.9699 	 0.0000 	 1.0029 	 0.0042 
35.0000 	 0.0268 	 5.0336 	 5.5760 	 3.9032 	 0.8092 	 0.0000 	 1.8693 	 1133.8459 	 35.0000 	 0.8468 	 7.5081 	 5.8049 	 1.2972 	 -2.5915 	 0.0000 	 1.1434 	 0.0000 
37.0000 	 2.0093 	 1.8884 	 9.1327 	 3.8069 	 4.0533 	 0.0000 	 1.3135 	 767.3846 	 37.0000 	 2.4947 	 8.2218 	 7.3180 	 2.5435 	 0.3163 	 0.0000 	 1.7204 	 0.0130 
34.0000 	 1.8856 	 0.0000 	 4.1409 	 3.6084 	 0.8782 	 0.0000 	 1.7029 	 782.4251 	 34.0000 	 2.7811 	 6.9760 	 8.7638 	 0.1894 	 0.2547 	 0.0000 	 0.2831 	 0.0036 
35.0000 	 1.9404 	 2.2457 	 3.0261 	 4.8390 	 3.8422 	 0.0000 	 1.2986 	 766.9825 	 35.0000 	 1.6462 	 4.7694 	 1.3403 	 1.1227 	 2.4031 	 0.0000 	 2.1701 	 0.0187 
34.0000 	 1.8874 	 7.4076 	 0.1879 	 3.2875 	 2.9611 	 0.0000 	 1.6610 	 780.5981 	 34.0000 	 0.0317 	 5.5315 	 1.7889 	 1.3254 	 0.4195 	 0.0000 	 1.4665 	 0.0039 
33.0000 	 1.8439 	 0.0000 	 2.0913 	 1.3635 	 3.1142 	 0.0000 	 1.7104 	 782.3911 	 33.0000 	 0.2186 	 7.7378 	 7.9933 	 0.4282 	 -0.0698 	 0.0000 	 1.8783 	 0.0037 
35.0000 	 2.1687 	 2.2119 	 5.0391 	 5.5693 	 4.0635 	 0.0000 	 1.3763 	 764.3014 	 35.0000 	 1.5299 	 1.8949 	 5.1153 	 0.9504 	 -2.4270 	 0.0000 	 0.2134 	 0.0863 
34.0000 	 0.0449 	 5.2613 	 5.8839 	 3.4017 	 1.2657 	 0.0000 	 1.9066 	 1133.7842 	 34.0000 	 0.1863 	 5.0471 	 4.8153 	 0.7918 	 0.3425 	 0.0000 	 0.8551 	 0.0000 
34.0000 	 1.9125 	 1.9724 	 6.2076 	 4.0095 	 4.0050 	 0.0000 	 1.3222 	 766.8688 	 34.0000 	 0.5523 	 3.5050 	 5.5681 	 1.7201 	 -2.8684 	 0.0000 	 2.0796 	 0.0109 
35.0000 	 2.0693 	 7.8857 	 10.0000 	 0.0249 	 4.5586 	 0.0000 	 1.7375 	 783.2958 	 35.0000 	 2.6079 	 6.2896 	 3.2379 	 2.9087 	 -2.5096 	 0.0000 	 1.4726 	 0.0111 
33.0000 	 2.0658 	 0.0000 	 4.9441 	 2.3143 	 2.1407 	 0.0000 	 1.6540 	 783.5386 	 33.0000 	 0.5104 	 2.0188 	 5.7429 	 1.0562 	 2.4576 	 0.0000 	 0.9587 	 0.0037 
32.0000 	 1.8554 	 1.9560 	 8.1719 	 3.9534 	 4.0546 	 0.0000 	 1.3200 	 766.5279 	 32.0000 	 2.2421 	 4.1698 	 2.0487 	 0.0368 	 -0.5166 	 0.0000 	 0.9181 	 0.0088 
33.0000 	 1.8665 	 2.0945 	 4.9791 	 4.1890 	 3.9793 	 0.0000 	 1.3140 	 766.6684 	 33.0000 	 2.0378 	 9.6907 	 7.1019 	 0.5891 	 -0.8004 	 0.0000 	 2.3153 	 0.0107 
34.0000 	 1.9646 	 1.9032 	 4.6734 	 4.2674 	 3.9737 	 0.0000 	 1.3064 	 766.8126 	 34.0000 	 1.1670 	 9.3548 	 0.7378 	 1.3339 	 1.2885 	 0.0000 	 2.5620 	 0.0135 
31.0000 	 1.7943 	 2.0859 	 9.9685 	 3.8852 	 4.0947 	 0.0000 	 1.3455 	 766.4002 	 31.0000 	 0.3969 	 9.7324 	 1.7327 	 1.7066 	 -2.6909 	 0.0000 	 1.0542 	 0.0095 
32.0000 	 1.8066 	 2.1818 	 8.1254 	 4.0758 	 4.0692 	 0.0000 	 1.3399 	 766.5801 	 32.0000 	 0.0896 	 0.2847 	 3.4787 	 0.8496 	 0.6266 	 0.0000 	 0.2628 	 0.0171 
33.0000 	 1.9037 	 1.9589 	 4.6853 	 4.3130 	 3.9426 	 0.0000 	 1.2987 	 766.6380 	 33.0000 	 0.6756 	 3.0562 	 4.1492 	 2.9579 	 -0.2083 	 0.0000 	 1.9426 	 0.0114 
31.0000 	 1.7813 	 2.3219 	 3.1490 	 4.6406 	 3.8510 	 0.0000 	 1.2887 	 766.3423 	 31.0000 	 1.8219 	 3.6075 	 2.2349 	 0.9862 	 -1.5619 	 0.0000 	 2.3184 	 0.0136 
32.0000 	 2.2997 	 1.0095 	 7.2888 	 3.8588 	 4.1353 	 0.0000 	 1.2634 	 771.8354 	 32.0000 	 2.1252 	 8.7655 	 5.6414 	 0.8785 	 2.6269 	 0.0000 	 1.5814 	 0.0125 
33.0000 	 1.8478 	 2.5480 	 3.0218 	 5.0053 	 3.8904 	 0.0000 	 1.3254 	 766.8223 	 33.0000 	 2.7426 	 5.5714 	 7.0562 	 0.2235 	 -0.8706 	 0.0000 	 2.3485 	 0.0136 
32.0000 	 1.8271 	 2.0647 	 9.9999 	 3.8667 	 4.0791 	 0.0000 	 1.3404 	 766.5915 	 32.0000 	 2.7762 	 4.7918 	 4.6108 	 1.6784 	 -0.3426 	 0.0000 	 0.6045 	 0.0110 
30.0000 	 1.7535 	 0.0000 	 1.4477 	 5.6601 	 -1.1763 	 0.0000 	 1.7001 	 782.2683 	 30.0000 	 1.9002 	 8.8776 	 3.9648 	 1.8966 	 -1.0420 	 0.0000 	 0.0940 	 0.0047 
30.0000 	 1.8179 	 3.4032 	 1.5057 	 7.8095 	 3.4919 	 0.0000 	 1.2454 	 766.5889 	 30.0000 	 1.2072 	 8.6373 	 1.4004 	 2.8599 	 2.4096 	 0.0000 	 0.7496 	 0.0088 
32.0000 	 1.8127 	 0.6222 	 0.5033 	 3.2049 	 2.4518 	 0.0000 	 1.5906 	 779.1499 	 32.0000 	 0.3383 	 8.9563 	 6.4147 	 0.5015 	 -2.1877 	 0.0000 	 0.9399 	 0.0036 
30.0000 	 1.7651 	 2.0276 	 7.9179 	 3.9375 	 4.0405 	 0.0000 	 1.3283 	 766.1753 	 30.0000 	 2.1036 	 8.8286 	 9.2531 	 1.4998 	 -1.6669 	 0.0000 	 1.3556 	 0.0103 
30.0000 	 1.7572 	 2.0606 	 9.9280 	 3.9035 	 4.0803 	 0.0000 	 1.3356 	 766.1906 	 30.0000 	 2.1420 	 1.6665 	 2.1369 	 2.5478 	 -0.5526 	 0.0000 	 1.5784 	 0.0102 
32.0000 	 1.8304 	 3.5827 	 0.0000 	 2.5815 	 2.9144 	 0.0000 	 1.7001 	 782.5358 	 32.0000 	 2.0107 	 2.5420 	 9.9579 	 2.1536 	 -0.8142 	 0.0000 	 2.2193 	 0.0041 
30.0000 	 1.7763 	 2.0392 	 7.4195 	 4.1027 	 4.0410 	 0.0000 	 1.3246 	 766.1584 	 30.0000 	 0.9259 	 1.0400 	 8.4235 	 0.8855 	 2.5720 	 0.0000 	 2.7053 	 0.0094 
30.0000 	 1.7204 	 2.2364 	 10.0000 	 4.0038 	 4.0876 	 0.0000 	 1.3532 	 766.3080 	 30.0000 	 0.5278 	 6.6411 	 7.5635 	 0.9843 	 1.4146 	 0.0000 	 2.1041 	 0.0094 
31.0000 	 1.7916 	 7.4316 	 0.0187 	 2.5072 	 2.9136 	 0.0000 	 1.7068 	 782.1948 	 31.0000 	 0.4636 	 7.1600 	 6.8081 	 1.9304 	 2.1668 	 0.0000 	 1.2338 	 0.0039 
29.0000 	 1.7573 	 2.0565 	 4.3478 	 4.4694 	 3.9423 	 0.0000 	 1.2986 	 765.8664 	 29.0000 	 2.8783 	 4.2398 	 5.8364 	 2.2228 	 -2.9179 	 0.0000 	 0.9551 	 0.0122 
27.0000 	 1.6284 	 2.1763 	 9.2811 	 3.9474 	 4.0664 	 0.0000 	 1.3268 	 765.5931 	 27.0000 	 0.5434 	 9.2498 	 2.9754 	 1.9665 	 2.9259 	 0.0000 	 0.8171 	 0.0114 
30.0000 	 1.7536 	 0.0000 	 1.3455 	 0.0000 	 4.4811 	 0.0000 	 1.7023 	 782.2770 	 30.0000 	 1.0550 	 3.1628 	 5.8731 	 0.9862 	 -0.3811 	 0.0000 	 2.3803 	 0.0040 
25.0000 	 1.4934 	 8.2932 	 3.2138 	 9.6819 	 4.1889 	 0.0000 	 1.4662 	 777.0452 	 25.0000 	 1.8035 	 8.7639 	 8.3302 	 2.2802 	 -1.7596 	 0.0000 	 0.7680 	 0.0151 
27.0000 	 1.6574 	 2.1242 	 10.0000 	 4.0054 	 4.0891 	 0.0000 	 1.3253 	 765.5954 	 27.0000 	 2.1779 	 7.9125 	 2.5275 	 2.9053 	 -0.2721 	 0.0000 	 2.7273 	 0.0101 
28.0000 	 1.6785 	 2.1825 	 7.8545 	 4.1053 	 4.0733 	 0.0000 	 1.3362 	 765.7704 	 28.0000 	 2.2311 	 0.4521 	 3.9488 	 0.1188 	 0.0857 	 0.0000 	 2.9197 	 0.0111 
28.0000 	 1.6655 	 0.0000 	 1.3314 	 4.3616 	 0.1349 	 0.0000 	 1.7016 	 782.1903 	 28.0000 	 2.4467 	 2.1444 	 2.2756 	 0.1889 	 -2.7414 	 0.0000 	 2.4149 	 0.0129 
28.0000 	 1.6850 	 0.0000 	 9.4272 	 3.1544 	 1.3319 	 0.0000 	 1.6961 	 782.1973 	 28.0000 	 0.4289 	 4.4379 	 3.7767 	 1.7460 	 -1.8777 	 0.0000 	 0.6894 	 0.0034 
25.0000 	 1.5573 	 2.2105 	 9.9976 	 3.9523 	 4.0840 	 0.0000 	 1.3346 	 765.1469 	 25.0000 	 0.3721 	 0.9626 	 5.9689 	 0.5473 	 1.8743 	 0.0000 	 2.5761 	 0.0107 
25.0000 	 1.5770 	 2.1707 	 9.9927 	 4.0044 	 4.0782 	 0.0000 	 1.3292 	 765.1570 	 25.0000 	 2.1195 	 7.3615 	 8.7700 	 1.0664 	 -1.8619 	 0.0000 	 2.7349 	 0.0093 
28.0000 	 1.6732 	 10.0000 	 2.5470 	 0.2504 	 4.4714 	 0.0000 	 1.7057 	 782.1477 	 28.0000 	 0.8521 	 9.2058 	 8.4529 	 1.0934 	 1.2044 	 0.0000 	 2.5956 	 0.0039 
27.0000 	 1.6614 	 2.7003 	 2.0079 	 6.0023 	 3.6302 	 0.0000 	 1.2378 	 765.5434 	 27.0000 	 2.4140 	 6.3320 	 3.0936 	 0.4517 	 0.1150 	 0.0000 	 0.7185 	 0.0122 
25.0000 	 1.6061 	 5.2218 	 1.5146 	 9.9958 	 3.6960 	 0.0000 	 1.3232 	 766.2059 	 25.0000 	 1.2033 	 6.7287 	 8.1558 	 1.6723 	 0.7845 	 0.0000 	 2.8602 	 0.0092 
25.0000 	 1.5838 	 2.2096 	 3.9479 	 4.4447 	 3.9248 	 0.0000 	 1.2907 	 764.9192 	 25.0000 	 2.5821 	 9.0981 	 9.5731 	 2.0120 	 1.1336 	 0.0000 	 0.4518 	 0.0123 
22.0000 	 1.4202 	 2.5239 	 4.0289 	 4.5621 	 3.9637 	 0.0000 	 1.3039 	 764.1873 	 22.0000 	 0.6522 	 4.1402 	 1.4094 	 2.3385 	 -2.3434 	 0.0000 	 1.7816 	 0.0090 
22.0000 	 1.4697 	 0.0000 	 1.1568 	 3.1131 	 1.3733 	 0.0000 	 1.7056 	 781.8960 	 22.0000 	 0.4434 	 7.1431 	 8.4691 	 1.9451 	 -2.1037 	 0.0000 	 1.5688 	 0.0035 
24.0000 	 1.5120 	 2.6828 	 2.6993 	 5.4453 	 3.8085 	 0.0000 	 1.2756 	 764.7687 	 24.0000 	 0.3682 	 7.1104 	 4.5857 	 0.7259 	 1.5007 	 0.0000 	 2.5998 	 0.0123 
25.0000 	 1.5432 	 2.5255 	 3.5242 	 4.8559 	 3.9066 	 0.0000 	 1.2909 	 764.9775 	 25.0000 	 1.0750 	 6.9395 	 4.5957 	 1.7985 	 1.8337 	 0.0000 	 1.5663 	 0.0111 
24.0000 	 1.4815 	 2.4301 	 9.9506 	 4.0931 	 4.0914 	 0.0000 	 1.3359 	 765.0309 	 24.0000 	 0.6198 	 9.2507 	 0.6114 	 0.7162 	 -2.2880 	 0.0000 	 2.8902 	 0.0098 
20.0000 	 1.3574 	 2.4538 	 3.6906 	 4.6466 	 3.9099 	 0.0000 	 1.2884 	 763.5650 	 20.0000 	 2.1942 	 4.1971 	 3.6419 	 2.2413 	 0.7165 	 0.0000 	 0.4274 	 0.0111 
21.0000 	 1.3921 	 2.3120 	 9.6974 	 3.9193 	 4.0865 	 0.0000 	 1.3319 	 764.1613 	 21.0000 	 0.9782 	 3.8038 	 0.9355 	 0.0863 	 -2.2918 	 0.0000 	 2.1076 	 0.0143 
23.0000 	 1.4551 	 2.3678 	 9.9999 	 3.9439 	 4.0864 	 0.0000 	 1.3319 	 764.7306 	 23.0000 	 1.4655 	 1.9776 	 4.7292 	 1.7638 	 -1.8717 	 0.0000 	 2.4401 	 0.0089 
19.0000 	 1.3324 	 0.0000 	 5.4278 	 4.2254 	 0.2617 	 0.0000 	 1.7039 	 781.7240 	 19.0000 	 1.6658 	 2.2565 	 1.4838 	 2.7870 	 -2.7214 	 0.0000 	 2.9410 	 0.0032 
22.0000 	 1.4493 	 2.2321 	 7.2005 	 4.1478 	 4.0400 	 0.0000 	 1.3181 	 764.3338 	 22.0000 	 2.9143 	 1.0634 	 6.8505 	 2.1062 	 -2.9559 	 0.0000 	 1.5951 	 0.0099 
21.0000 	 1.4019 	 2.6118 	 2.6434 	 5.2035 	 3.7991 	 0.0000 	 1.2665 	 763.8274 	 21.0000 	 0.6412 	 7.4455 	 0.0211 	 1.3713 	 -1.5649 	 0.0000 	 1.8655 	 0.0133 
20.0000 	 1.3662 	 2.4518 	 4.0704 	 4.6168 	 3.9690 	 0.0000 	 1.3044 	 763.5810 	 20.0000 	 2.0639 	 9.7489 	 3.0143 	 2.3866 	 -0.8943 	 0.0000 	 1.0877 	 0.0094 
17.0000 	 1.2717 	 2.7870 	 1.7576 	 6.3976 	 3.5256 	 0.0000 	 1.1940 	 763.0346 	 17.0000 	 2.3967 	 2.4881 	 1.1342 	 1.6401 	 -2.1836 	 0.0000 	 0.3100 	 0.0085 
21.0000 	 1.4163 	 3.2918 	 0.0000 	 7.0293 	 0.0426 	 0.0000 	 1.6960 	 781.8414 	 21.0000 	 0.9861 	 3.4720 	 2.0810 	 2.8876 	 -0.8706 	 0.0000 	 2.6808 	 0.0246 
15.0000 	 0.0154 	 3.4838 	 5.1974 	 1.2199 	 3.4924 	 0.0000 	 1.8691 	 1133.8460 	 15.0000 	 1.2290 	 7.4495 	 4.8818 	 1.7077 	 -1.3433 	 0.0000 	 0.6094 	 0.0000 
13.0000 	 0.0068 	 6.7294 	 2.2318 	 1.9061 	 2.8046 	 0.0000 	 1.8936 	 1133.8758 	 13.0000 	 0.5999 	 4.7400 	 0.0293 	 1.5015 	 -0.5956 	 0.0000 	 1.3546 	 0.0000 
22.0000 	 1.5251 	 2.2979 	 1.7430 	 5.9472 	 3.4493 	 0.0000 	 1.1743 	 764.7545 	 22.0000 	 2.6617 	 0.7125 	 5.7320 	 0.6283 	 -0.9038 	 0.0000 	 0.6011 	 0.0106 
18.0000 	 1.2555 	 2.4438 	 6.0368 	 4.2079 	 4.0338 	 0.0000 	 1.3157 	 763.1613 	 18.0000 	 0.1427 	 8.8694 	 9.5615 	 0.5686 	 2.5064 	 0.0000 	 2.7634 	 0.0093 
19.0000 	 1.3125 	 2.7978 	 2.7898 	 5.4118 	 3.8513 	 0.0000 	 1.2773 	 763.2788 	 19.0000 	 2.8071 	 1.7207 	 2.3977 	 2.8212 	 -2.0319 	 0.0000 	 1.2146 	 0.0091 
13.0000 	 1.0021 	 2.8278 	 3.9940 	 4.7401 	 3.9944 	 0.0000 	 1.3018 	 761.7861 	 13.0000 	 2.2881 	 0.2614 	 2.1311 	 2.1646 	 0.4533 	 0.0000 	 2.0647 	 0.0043 
17.0000 	 1.2358 	 5.8296 	 9.9196 	 0.3510 	 4.4789 	 0.0000 	 1.6916 	 781.5535 	 17.0000 	 1.9000 	 1.2919 	 4.4613 	 2.0933 	 2.3727 	 0.0000 	 1.9408 	 0.0027 
17.0000 	 1.1998 	 4.8251 	 1.8241 	 9.4969 	 3.7075 	 0.0000 	 1.2732 	 763.3424 	 17.0000 	 0.6836 	 3.8540 	 0.2661 	 1.0127 	 2.0314 	 0.0000 	 1.6172 	 0.0092 
15.0000 	 1.3513 	 3.1787 	 2.5000 	 8.1870 	 4.1250 	 0.0000 	 1.5464 	 769.9136 	 15.0000 	 2.5573 	 6.5862 	 7.7350 	 0.2350 	 -2.7227 	 0.0000 	 2.1654 	 0.0071 
10.0000 	 0.8469 	 2.8406 	 2.8631 	 5.1652 	 3.8658 	 0.0000 	 1.2685 	 761.6033 	 10.0000 	 0.4024 	 8.1780 	 4.0413 	 1.6882 	 2.4015 	 0.0000 	 2.6304 	 0.0061 
21.0000 	 1.3902 	 2.4717 	 4.3042 	 4.5072 	 3.9723 	 0.0000 	 1.3086 	 763.8823 	 21.0000 	 0.0251 	 3.1625 	 8.4113 	 2.7978 	 1.1862 	 0.0000 	 1.3246 	 0.0098 
8.0000 	 0.7336 	 2.7580 	 2.3647 	 5.5120 	 3.7816 	 0.0000 	 1.2480 	 762.4829 	 8.0000 	 2.8236 	 8.8696 	 0.7522 	 2.6581 	 2.0815 	 0.0000 	 0.2274 	 0.0115 
14.0000 	 1.0569 	 2.6441 	 5.0820 	 4.3400 	 4.0350 	 0.0000 	 1.3081 	 762.0939 	 14.0000 	 1.3006 	 5.8900 	 5.5643 	 2.3196 	 1.9950 	 0.0000 	 0.1598 	 0.0059 
14.0000 	 1.0544 	 2.5214 	 7.2131 	 4.0757 	 4.0703 	 0.0000 	 1.3132 	 762.2840 	 14.0000 	 0.5682 	 2.6487 	 6.6857 	 0.4025 	 0.1547 	 0.0000 	 1.0953 	 0.0055 
14.0000 	 0.0169 	 6.4062 	 3.5461 	 2.2749 	 2.4822 	 0.0000 	 1.8552 	 1133.9149 	 14.0000 	 0.9447 	 0.9940 	 8.4177 	 2.5873 	 0.0934 	 0.0000 	 1.1846 	 0.0009 
17.0000 	 1.2127 	 2.4320 	 7.8222 	 4.0962 	 4.0722 	 0.0000 	 1.3186 	 762.9898 	 17.0000 	 1.6906 	 9.5958 	 2.5752 	 0.4089 	 -1.3971 	 0.0000 	 1.3638 	 0.0074 
11.0000 	 1.1983 	 1.7639 	 7.9517 	 3.5134 	 3.9126 	 0.0000 	 1.4067 	 779.1917 	 11.0000 	 2.0938 	 8.3872 	 5.8772 	 0.0882 	 2.3547 	 0.0000 	 2.5642 	 0.0193 
8.0000 	 0.7189 	 2.5691 	 5.2731 	 4.4498 	 4.0314 	 0.0000 	 1.3096 	 762.6498 	 8.0000 	 2.8157 	 8.9702 	 2.6913 	 2.4355 	 0.5751 	 0.0000 	 1.9102 	 0.0124 
7.0000 	 0.6508 	 8.2952 	 9.1603 	 0.2299 	 4.4873 	 0.0000 	 1.7051 	 781.8180 	 7.0000 	 2.1230 	 6.4586 	 6.4330 	 0.5109 	 -0.6710 	 0.0000 	 1.5561 	 0.0061 
13.0000 	 1.0051 	 2.7749 	 3.7427 	 4.7970 	 3.9416 	 0.0000 	 1.2893 	 761.7268 	 13.0000 	 1.9166 	 5.4411 	 8.2731 	 1.1615 	 -0.8943 	 0.0000 	 1.0916 	 0.0048 
11.0000 	 0.9039 	 2.6812 	 3.4297 	 4.9682 	 3.9162 	 0.0000 	 1.2662 	 761.6087 	 11.0000 	 1.0440 	 1.1196 	 2.2125 	 0.5339 	 2.6610 	 0.0000 	 2.2179 	 0.0025 
17.0000 	 1.2170 	 2.7089 	 3.2997 	 5.0187 	 3.9168 	 0.0000 	 1.2921 	 762.6581 	 17.0000 	 1.3405 	 2.3515 	 7.8412 	 1.7697 	 2.9831 	 0.0000 	 1.3402 	 0.0118 
4.0000 	 0.4684 	 1.6003 	 7.8448 	 4.4187 	 4.1749 	 0.0000 	 1.3951 	 769.8362 	 4.0000 	 0.3724 	 1.2675 	 1.4697 	 1.1253 	 -0.8416 	 0.0000 	 2.3239 	 0.0478 
10.0000 	 2.1059 	 0.4364 	 6.6019 	 6.4701 	 4.2185 	 0.0000 	 1.4111 	 785.7083 	 10.0000 	 1.6291 	 0.6514 	 7.7859 	 2.1198 	 -0.4195 	 0.0000 	 2.2966 	 0.0565 
2.0000 	 0.2162 	 0.8122 	 8.0170 	 3.6802 	 4.0239 	 0.0000 	 1.3420 	 773.4491 	 2.0000 	 2.8265 	 8.1384 	 1.6575 	 1.7026 	 0.9621 	 0.0000 	 0.4709 	 0.0776 
10.0000 	 0.8466 	 9.7733 	 0.0556 	 2.6901 	 2.9466 	 0.0000 	 1.7039 	 780.9223 	 10.0000 	 0.9214 	 2.7849 	 6.6952 	 1.4518 	 -2.1483 	 0.0000 	 1.1693 	 0.0038 
17.0000 	 1.2083 	 4.5155 	 1.5704 	 8.6148 	 3.5455 	 0.0000 	 1.2257 	 763.1793 	 17.0000 	 2.3318 	 5.3033 	 0.0391 	 2.4152 	 0.8324 	 0.0000 	 0.2333 	 0.0087 
1.0000 	 0.0365 	 3.7648 	 8.1506 	 3.2093 	 4.4284 	 0.0000 	 1.6573 	 785.3602 	 1.0000 	 2.6038 	 8.0183 	 3.9497 	 2.9134 	 2.8518 	 0.0000 	 2.7183 	 0.0639 
13.0000 	 0.0015 	 6.6443 	 8.8010 	 2.4770 	 2.2358 	 0.0000 	 1.8696 	 1133.8460 	 13.0000 	 1.5256 	 4.8060 	 6.5152 	 0.3808 	 0.2716 	 0.0000 	 0.2420 	 0.0000 
8.0000 	 0.7148 	 2.7424 	 3.5330 	 4.8469 	 3.9429 	 0.0000 	 1.2865 	 762.5015 	 8.0000 	 0.7562 	 4.8050 	 0.3478 	 0.2136 	 -0.1433 	 0.0000 	 1.5541 	 0.0166 
1.0000 	 0.1695 	 8.2373 	 2.4219 	 0.4351 	 4.4766 	 0.0000 	 1.7249 	 784.5738 	 1.0000 	 0.5694 	 5.8082 	 4.8724 	 1.4809 	 -2.9924 	 0.0000 	 1.4788 	 0.1144 
7.0000 	 0.6457 	 2.8250 	 2.4622 	 5.3381 	 3.8006 	 0.0000 	 1.2634 	 763.3449 	 7.0000 	 1.0120 	 7.6486 	 4.1341 	 1.5254 	 0.6937 	 0.0000 	 2.2404 	 0.0164 
11.0000 	 0.9151 	 4.5189 	 1.4987 	 9.0181 	 3.4969 	 0.0000 	 1.2038 	 761.9063 	 11.0000 	 0.6325 	 8.3490 	 1.7306 	 1.0091 	 -2.8096 	 0.0000 	 1.0344 	 0.0026 
6.0000 	 0.5650 	 3.0533 	 0.9069 	 0.4640 	 4.3828 	 0.0000 	 1.7046 	 781.4789 	 6.0000 	 0.5840 	 0.3884 	 4.8810 	 0.6390 	 1.6496 	 0.0000 	 2.1964 	 0.0095 
8.0000 	 0.7252 	 2.4824 	 3.4959 	 4.5669 	 3.9239 	 0.0000 	 1.2643 	 762.5522 	 8.0000 	 1.1300 	 2.0381 	 7.7073 	 2.5232 	 1.6680 	 0.0000 	 0.6907 	 0.0113 
4.0000 	 0.3946 	 2.0808 	 7.6181 	 4.2028 	 4.0837 	 0.0000 	 1.3305 	 768.9031 	 4.0000 	 0.5929 	 2.6756 	 1.8948 	 2.3326 	 0.2350 	 0.0000 	 1.5294 	 0.0512 
6.0000 	 0.5588 	 2.5155 	 0.0000 	 1.8384 	 3.3240 	 0.0000 	 1.7012 	 782.1607 	 6.0000 	 0.6671 	 8.3338 	 1.5195 	 1.2913 	 -1.7406 	 0.0000 	 2.6558 	 0.0088 
11.0000 	 0.9053 	 2.6634 	 4.4039 	 4.5999 	 3.9974 	 0.0000 	 1.2979 	 761.6438 	 11.0000 	 0.0910 	 6.1726 	 3.2693 	 0.1034 	 1.4252 	 0.0000 	 2.7320 	 0.0023 
3.0000 	 0.2604 	 2.8302 	 5.3820 	 1.4485 	 4.3720 	 0.0000 	 1.6325 	 783.0485 	 3.0000 	 2.5929 	 9.5828 	 2.3572 	 1.7569 	 2.6469 	 0.0000 	 2.0990 	 0.0249 
4.0000 	 0.3628 	 0.9093 	 8.4707 	 1.1201 	 4.0780 	 0.0000 	 1.6402 	 780.5032 	 4.0000 	 0.5593 	 0.6332 	 4.0501 	 1.0873 	 -1.1395 	 0.0000 	 0.6182 	 0.0171 
1.0000 	 0.0318 	 3.1452 	 3.0277 	 1.1992 	 4.4556 	 0.0000 	 1.6775 	 786.4761 	 1.0000 	 2.7556 	 3.5168 	 3.2732 	 1.7444 	 -1.3133 	 0.0000 	 1.7004 	 0.0541 
4.0000 	 0.3669 	 1.3361 	 0.5349 	 0.1387 	 4.3944 	 0.0000 	 1.7016 	 783.3386 	 4.0000 	 0.6271 	 8.0300 	 6.9527 	 0.3844 	 2.6224 	 0.0000 	 0.6260 	 0.0184 
10.0000 	 0.8490 	 2.6114 	 4.9033 	 4.5186 	 4.0188 	 0.0000 	 1.3091 	 761.8240 	 10.0000 	 0.2870 	 5.4890 	 7.8855 	 1.0876 	 -0.6666 	 0.0000 	 2.6519 	 0.0040 
1.0000 	 0.0908 	 1.1740 	 0.0000 	 4.3461 	 1.8003 	 0.0000 	 1.7304 	 786.3666 	 1.0000 	 2.1564 	 1.5404 	 0.8758 	 2.8564 	 -1.1449 	 0.0000 	 2.1022 	 0.1805 
7.0000 	 0.6398 	 0.0000 	 3.2837 	 1.8890 	 2.5950 	 0.0000 	 1.7122 	 781.8353 	 7.0000 	 2.7114 	 4.6437 	 0.3387 	 0.2131 	 -0.2630 	 0.0000 	 0.8893 	 0.0064 
1.0000 	 0.0261 	 4.9083 	 4.4233 	 3.5571 	 4.4204 	 0.0000 	 1.6632 	 785.4111 	 1.0000 	 1.5277 	 7.1019 	 3.0694 	 2.2442 	 0.1493 	 0.0000 	 2.4684 	 0.0504 
4.0000 	 0.4439 	 2.6153 	 2.5349 	 5.2169 	 4.0945 	 0.0000 	 1.3518 	 770.6311 	 4.0000 	 1.2737 	 1.3594 	 5.2759 	 1.5019 	 0.3717 	 0.0000 	 2.5465 	 0.0437 
4.0000 	 0.4250 	 1.7646 	 8.5046 	 3.9552 	 4.1069 	 0.0000 	 1.3225 	 768.5323 	 4.0000 	 1.7046 	 9.5251 	 7.9734 	 1.6372 	 2.9954 	 0.0000 	 1.7450 	 0.0489 
4.0000 	 0.5028 	 1.5279 	 0.6115 	 10.0000 	 0.9956 	 0.0000 	 0.0000 	 773.9572 	 4.0000 	 2.1348 	 3.6100 	 8.9290 	 1.4250 	 -1.2600 	 0.0000 	 0.4679 	 0.0670 
1.0000 	 0.0272 	 7.4292 	 4.1858 	 3.8172 	 4.3929 	 0.0000 	 1.6218 	 785.4248 	 1.0000 	 1.2678 	 3.9307 	 9.4773 	 1.1510 	 -1.6617 	 0.0000 	 1.3232 	 0.0595 
1.0000 	 0.0729 	 2.3584 	 4.3994 	 3.8174 	 4.4619 	 0.0000 	 1.7375 	 785.9302 	 1.0000 	 2.7187 	 2.0683 	 7.1611 	 0.1915 	 -1.9317 	 0.0000 	 0.5111 	 0.2879 
