50.0000 	 0.0017 	 2.0508 	 1.9577 	 1.0270 	 6.5815 	 0.0000 	 1.6008 	 1070.6424 	 50.0000 	 1.4369 	 7.2063 	 1.9571 	 1.7825 	 0.8824 	 0.0000 	 0.0591 	 0.0000 
50.0000 	 0.0010 	 4.9805 	 6.5430 	 0.8496 	 5.0039 	 0.0000 	 2.0543 	 1048.8299 	 50.0000 	 0.1394 	 7.5702 	 0.0534 	 2.0185 	 0.4460 	 0.0000 	 0.0787 	 0.4303 
48.0000 	 2.1997 	 8.7921 	 2.9962 	 1.5842 	 7.3129 	 0.0000 	 1.7007 	 765.0518 	 48.0000 	 0.7217 	 1.5293 	 8.2256 	 2.5218 	 -1.9408 	 0.0000 	 1.4880 	 0.0012 
49.0000 	 2.1434 	 1.3394 	 0.0000 	 1.6201 	 6.3494 	 0.0000 	 1.7030 	 765.6824 	 49.0000 	 1.5361 	 2.7109 	 3.1584 	 1.7744 	 2.6425 	 0.0000 	 1.2248 	 0.0028 
49.0000 	 0.0012 	 3.0940 	 0.5924 	 8.8475 	 -1.2408 	 0.0000 	 1.6021 	 1070.6425 	 49.0000 	 0.3101 	 3.4948 	 6.9104 	 0.2359 	 1.8741 	 0.0000 	 1.5355 	 0.0000 
50.0000 	 2.2932 	 0.4070 	 1.2435 	 5.7101 	 3.0050 	 0.0000 	 0.2008 	 669.8523 	 50.0000 	 1.4196 	 5.9678 	 9.8467 	 2.7145 	 0.3028 	 0.0000 	 0.1353 	 0.0022 
50.0000 	 2.2836 	 0.4103 	 1.2198 	 5.7555 	 2.9738 	 0.0000 	 0.2130 	 669.8394 	 50.0000 	 2.0020 	 0.7132 	 3.4799 	 1.3626 	 -2.6339 	 0.0000 	 2.1618 	 0.0024 
48.0000 	 2.2087 	 9.9941 	 9.0536 	 5.0062 	 7.3510 	 0.0000 	 1.7071 	 765.4570 	 48.0000 	 2.4497 	 6.9187 	 8.2743 	 2.2652 	 -2.6019 	 0.0000 	 0.2261 	 0.0014 
50.0000 	 2.2890 	 0.3638 	 1.0201 	 6.4975 	 2.3169 	 0.0000 	 0.2404 	 673.0160 	 50.0000 	 1.0943 	 7.5957 	 3.1273 	 2.8655 	 -0.2681 	 0.0000 	 1.4064 	 0.0273 
50.0000 	 2.2902 	 0.4049 	 1.2476 	 5.7291 	 2.9739 	 0.0000 	 0.1843 	 669.8292 	 50.0000 	 1.4154 	 5.3697 	 0.5869 	 1.5522 	 -2.8594 	 0.0000 	 1.2241 	 0.0025 
50.0000 	 2.2867 	 0.4073 	 1.2125 	 5.8209 	 2.9128 	 0.0000 	 0.2144 	 669.8458 	 50.0000 	 0.4418 	 0.8663 	 1.9279 	 2.4874 	 0.5551 	 0.0000 	 1.3085 	 0.0021 
48.0000 	 2.1526 	 0.4887 	 1.3817 	 5.5136 	 3.2107 	 0.0000 	 0.1912 	 671.4782 	 48.0000 	 0.2327 	 6.4237 	 0.2278 	 1.9730 	 -1.8914 	 0.0000 	 0.5189 	 0.0069 
49.0000 	 0.0564 	 9.7723 	 9.8088 	 1.7393 	 5.8687 	 0.0000 	 1.6014 	 1070.6424 	 49.0000 	 2.8720 	 1.4863 	 2.4102 	 1.2308 	 -2.2510 	 0.0000 	 2.3917 	 0.0000 
50.0000 	 2.3044 	 0.3973 	 1.2174 	 5.7957 	 2.9316 	 0.0000 	 0.2094 	 669.8375 	 50.0000 	 2.4954 	 2.9216 	 1.2491 	 1.9729 	 2.3218 	 0.0000 	 1.8485 	 0.0026 
48.0000 	 0.0702 	 4.5442 	 2.3998 	 3.3755 	 4.2323 	 0.0000 	 1.6017 	 1070.6423 	 48.0000 	 0.1425 	 3.5297 	 2.6469 	 1.7766 	 -1.4041 	 0.0000 	 1.7104 	 0.0000 
49.0000 	 2.2768 	 0.3965 	 1.1921 	 5.8100 	 2.9276 	 0.0000 	 0.2153 	 669.8521 	 49.0000 	 1.5361 	 2.7109 	 3.1584 	 1.7744 	 2.6425 	 0.0000 	 1.2248 	 0.0036 
48.0000 	 2.2180 	 5.7581 	 9.7095 	 1.3499 	 7.3308 	 0.0000 	 1.6815 	 765.1778 	 48.0000 	 2.5872 	 4.4262 	 4.7661 	 0.4940 	 0.8636 	 0.0000 	 1.6023 	 0.0138 
50.0000 	 2.2777 	 0.4133 	 1.2274 	 5.7811 	 2.9439 	 0.0000 	 0.2083 	 669.8286 	 50.0000 	 0.4088 	 2.8452 	 9.3651 	 2.3622 	 2.0854 	 0.0000 	 1.0147 	 0.0020 
49.0000 	 2.2618 	 0.4019 	 1.1977 	 5.8117 	 2.9212 	 0.0000 	 0.2093 	 669.8408 	 49.0000 	 2.5265 	 5.7300 	 0.7909 	 0.5979 	 1.1544 	 0.0000 	 2.1076 	 0.0019 
49.0000 	 2.2941 	 0.3171 	 0.6335 	 8.5284 	 0.9056 	 0.0000 	 0.0226 	 680.5277 	 49.0000 	 1.7239 	 0.3467 	 5.0181 	 1.7800 	 -2.2747 	 0.0000 	 0.3744 	 0.0100 
49.0000 	 0.0060 	 9.0527 	 7.6270 	 2.6982 	 5.0801 	 0.0000 	 1.3079 	 1041.3097 	 49.0000 	 1.7840 	 4.5080 	 8.9690 	 2.2757 	 2.0529 	 0.0000 	 0.4861 	 0.4345 
47.0000 	 2.2617 	 0.3730 	 1.2669 	 5.5952 	 3.0163 	 0.0000 	 0.0000 	 670.6771 	 47.0000 	 1.4138 	 2.0398 	 6.3490 	 1.9852 	 2.8103 	 0.0000 	 1.0754 	 0.0060 
47.0000 	 2.1551 	 5.1558 	 7.0078 	 1.1009 	 7.3407 	 0.0000 	 1.7007 	 764.9295 	 47.0000 	 0.1012 	 6.0388 	 0.3314 	 0.7982 	 2.1984 	 0.0000 	 2.0560 	 0.0029 
48.0000 	 2.2755 	 0.3931 	 1.3442 	 5.6788 	 2.9727 	 0.0000 	 0.1030 	 670.4311 	 48.0000 	 2.2634 	 4.7400 	 1.6137 	 1.5425 	 -1.0801 	 0.0000 	 2.2225 	 0.0151 
48.0000 	 2.2333 	 0.4056 	 1.2123 	 5.8195 	 2.9052 	 0.0000 	 0.2011 	 669.8428 	 48.0000 	 0.3716 	 0.1371 	 9.0369 	 1.8512 	 -2.5904 	 0.0000 	 1.5954 	 0.0025 
49.0000 	 2.2599 	 0.4062 	 1.2283 	 5.7569 	 2.9590 	 0.0000 	 0.1976 	 669.8271 	 49.0000 	 2.9012 	 5.7538 	 7.1209 	 0.0149 	 -1.6757 	 0.0000 	 1.1297 	 0.0030 
49.0000 	 2.2829 	 9.9953 	 6.9930 	 8.2785 	 7.3823 	 0.0000 	 1.6963 	 765.5448 	 49.0000 	 0.2663 	 9.6560 	 1.4322 	 1.8245 	 -1.0836 	 0.0000 	 1.1226 	 0.0015 
46.0000 	 2.1364 	 9.7710 	 9.6141 	 0.5683 	 7.3585 	 0.0000 	 1.7075 	 765.4977 	 46.0000 	 1.6836 	 6.4623 	 5.6675 	 2.2765 	 0.2807 	 0.0000 	 2.0234 	 0.0011 
48.0000 	 2.2267 	 0.2959 	 0.5845 	 9.1294 	 0.3493 	 0.0000 	 0.0000 	 682.0487 	 48.0000 	 0.6390 	 5.6442 	 2.6461 	 0.3335 	 2.6409 	 0.0000 	 0.6234 	 0.0108 
47.0000 	 2.3749 	 0.2993 	 1.0142 	 6.2438 	 2.5226 	 0.0000 	 0.0162 	 671.6353 	 47.0000 	 0.4600 	 1.8913 	 2.7833 	 2.4684 	 -0.6178 	 0.0000 	 2.4377 	 0.0057 
46.0000 	 2.1684 	 0.4211 	 1.2705 	 5.6932 	 3.0068 	 0.0000 	 0.1811 	 669.9001 	 46.0000 	 2.4609 	 7.4311 	 9.7719 	 1.8609 	 0.0052 	 0.0000 	 0.1154 	 0.0028 
46.0000 	 2.1888 	 0.4026 	 1.2305 	 5.7578 	 2.9601 	 0.0000 	 0.2079 	 669.8478 	 46.0000 	 2.6815 	 2.6055 	 6.6578 	 0.4518 	 1.8896 	 0.0000 	 2.0663 	 0.0024 
47.0000 	 2.2181 	 0.4018 	 1.2387 	 5.7094 	 2.9964 	 0.0000 	 0.1855 	 669.8651 	 47.0000 	 0.6005 	 2.9805 	 0.4469 	 0.2152 	 2.7248 	 0.0000 	 2.8450 	 0.0025 
46.0000 	 2.1819 	 0.4013 	 1.2015 	 5.8234 	 2.8987 	 0.0000 	 0.1983 	 669.8502 	 46.0000 	 0.9023 	 9.4489 	 4.1086 	 2.7453 	 1.2300 	 0.0000 	 2.3024 	 0.0030 
45.0000 	 0.0016 	 8.2715 	 2.7495 	 0.1300 	 7.4783 	 0.0000 	 1.6013 	 1070.6405 	 45.0000 	 1.6169 	 6.8267 	 8.6593 	 0.1735 	 -1.4270 	 0.0000 	 0.7986 	 0.0000 
48.0000 	 2.3160 	 0.2715 	 0.5864 	 9.0272 	 0.4504 	 0.0000 	 0.0008 	 681.7024 	 48.0000 	 1.5937 	 0.6714 	 5.5810 	 1.0856 	 0.2028 	 0.0000 	 0.3782 	 0.0111 
48.0000 	 2.2322 	 0.4082 	 1.2353 	 5.7566 	 2.9591 	 0.0000 	 0.2027 	 669.8329 	 48.0000 	 2.6067 	 2.6493 	 5.0222 	 0.6306 	 0.2236 	 0.0000 	 0.4071 	 0.0027 
44.0000 	 2.0445 	 9.6189 	 0.6848 	 4.3773 	 6.5606 	 0.0000 	 1.6410 	 761.2444 	 44.0000 	 0.9712 	 6.4165 	 9.5450 	 2.9808 	 2.2401 	 0.0000 	 1.4886 	 0.0023 
47.0000 	 2.0759 	 8.0336 	 0.8396 	 1.4149 	 7.0942 	 0.0000 	 1.6697 	 763.8024 	 47.0000 	 2.2227 	 1.9709 	 0.2839 	 1.1232 	 0.8857 	 0.0000 	 1.2691 	 0.0022 
46.0000 	 2.1529 	 0.2821 	 0.5943 	 9.3722 	 -0.0038 	 0.0000 	 0.0680 	 683.1666 	 46.0000 	 2.4048 	 7.1080 	 4.3219 	 2.8533 	 0.1086 	 0.0000 	 1.4494 	 0.0115 
46.0000 	 2.2192 	 0.3904 	 1.2605 	 5.7040 	 2.9940 	 0.0000 	 0.1848 	 669.9117 	 46.0000 	 2.4600 	 6.9667 	 0.1050 	 1.8398 	 -1.5366 	 0.0000 	 2.5588 	 0.0029 
46.0000 	 2.1301 	 0.4639 	 1.1809 	 5.6580 	 3.0941 	 0.0000 	 0.0030 	 672.3467 	 46.0000 	 2.7474 	 0.2789 	 0.4983 	 1.8915 	 0.7655 	 0.0000 	 1.6390 	 0.0064 
45.0000 	 2.3429 	 0.3303 	 1.2939 	 5.4480 	 3.2548 	 0.0000 	 0.1322 	 673.2077 	 45.0000 	 0.6217 	 6.0732 	 1.5633 	 1.5544 	 2.2236 	 0.0000 	 0.3267 	 0.0092 
45.0000 	 2.1574 	 0.4094 	 1.2478 	 5.7214 	 2.9934 	 0.0000 	 0.2029 	 669.8765 	 45.0000 	 0.5542 	 1.7070 	 1.1417 	 1.7573 	 2.1512 	 0.0000 	 2.8461 	 0.0043 
47.0000 	 2.2972 	 0.3337 	 0.7614 	 7.2443 	 1.9680 	 0.0000 	 0.1235 	 676.4830 	 47.0000 	 0.6571 	 4.8080 	 1.3692 	 1.9369 	 2.3393 	 0.0000 	 0.6342 	 0.0062 
45.0000 	 2.1499 	 0.4030 	 1.1966 	 5.8278 	 2.8980 	 0.0000 	 0.2027 	 669.8712 	 45.0000 	 2.7675 	 0.8248 	 5.3480 	 1.0762 	 0.8558 	 0.0000 	 2.3757 	 0.0025 
46.0000 	 2.1931 	 0.4113 	 1.2891 	 5.6231 	 3.0760 	 0.0000 	 0.1965 	 670.0031 	 46.0000 	 2.3391 	 4.7939 	 3.9716 	 2.6877 	 -0.8095 	 0.0000 	 2.4027 	 0.0036 
47.0000 	 2.2076 	 0.4047 	 1.2109 	 5.8113 	 2.9177 	 0.0000 	 0.1990 	 669.8553 	 47.0000 	 2.7652 	 3.6046 	 1.7633 	 2.1196 	 -1.5408 	 0.0000 	 0.4722 	 0.0056 
44.0000 	 2.1693 	 0.2134 	 0.5677 	 9.7312 	 -0.4537 	 0.0000 	 0.0025 	 683.9898 	 44.0000 	 2.0578 	 5.4851 	 5.1849 	 2.4603 	 0.5878 	 0.0000 	 2.4984 	 0.0238 
45.0000 	 2.1663 	 0.4038 	 1.2495 	 5.7160 	 2.9938 	 0.0000 	 0.1939 	 669.8725 	 45.0000 	 1.1706 	 4.4270 	 4.6899 	 1.5962 	 -1.7690 	 0.0000 	 1.8121 	 0.0027 
44.0000 	 2.1323 	 0.4060 	 1.2434 	 5.7871 	 2.9313 	 0.0000 	 0.2015 	 669.9096 	 44.0000 	 0.1014 	 3.0231 	 8.6388 	 2.4784 	 0.5672 	 0.0000 	 0.5969 	 0.0026 
45.0000 	 2.1433 	 9.9049 	 1.9148 	 6.9730 	 7.2750 	 0.0000 	 1.6868 	 764.4450 	 45.0000 	 0.4127 	 1.8385 	 0.1126 	 0.3362 	 0.6779 	 0.0000 	 0.6997 	 0.0024 
45.0000 	 0.0671 	 4.0039 	 1.0352 	 1.7520 	 5.5898 	 0.0000 	 2.7490 	 1060.8814 	 45.0000 	 2.5962 	 3.2414 	 4.3011 	 0.8602 	 0.1181 	 0.0000 	 1.7717 	 0.2349 
44.0000 	 0.0049 	 6.7935 	 4.7522 	 7.6190 	 -0.0110 	 0.0000 	 1.6016 	 1070.6424 	 44.0000 	 0.7213 	 6.0643 	 0.1112 	 2.5594 	 1.3038 	 0.0000 	 0.1697 	 0.0000 
46.0000 	 2.1636 	 8.6679 	 8.0989 	 7.5869 	 7.3469 	 0.0000 	 1.7016 	 765.5722 	 46.0000 	 0.7684 	 9.5189 	 2.0314 	 2.0030 	 2.6913 	 0.0000 	 0.0102 	 0.0031 
44.0000 	 2.1349 	 0.4026 	 1.2475 	 5.6911 	 3.0090 	 0.0000 	 0.1860 	 669.8978 	 44.0000 	 2.3587 	 1.6295 	 8.7815 	 0.4448 	 -1.8436 	 0.0000 	 2.5548 	 0.0037 
47.0000 	 2.2126 	 0.4095 	 1.2922 	 5.6463 	 3.0352 	 0.0000 	 0.1665 	 669.9274 	 47.0000 	 0.4083 	 8.2318 	 4.3648 	 0.6987 	 -0.5136 	 0.0000 	 1.1227 	 0.0029 
44.0000 	 0.0012 	 0.9879 	 3.8439 	 5.3410 	 2.2670 	 0.0000 	 1.6019 	 1070.6424 	 44.0000 	 1.7954 	 5.3097 	 9.3472 	 1.9923 	 -0.5478 	 0.0000 	 2.4059 	 0.0000 
43.0000 	 0.0010 	 0.0000 	 0.4062 	 7.1004 	 0.5065 	 0.0000 	 1.6012 	 1070.6424 	 43.0000 	 1.5960 	 9.1492 	 5.8885 	 1.9836 	 2.1691 	 0.0000 	 1.3939 	 0.0000 
43.0000 	 2.0801 	 0.0000 	 2.0565 	 9.7318 	 -2.3797 	 0.0000 	 1.7113 	 765.5108 	 43.0000 	 0.5871 	 0.1727 	 7.3657 	 1.1698 	 -1.4915 	 0.0000 	 2.8185 	 0.0016 
46.0000 	 2.1338 	 4.2501 	 6.3861 	 1.1880 	 7.3012 	 0.0000 	 1.6896 	 764.5418 	 46.0000 	 2.9360 	 5.5361 	 8.8497 	 2.4321 	 2.5973 	 0.0000 	 0.1222 	 0.0016 
43.0000 	 0.0070 	 6.7520 	 1.9902 	 0.7159 	 6.8937 	 0.0000 	 1.6005 	 1070.6426 	 43.0000 	 1.8591 	 1.9267 	 0.7778 	 1.7014 	 -2.2847 	 0.0000 	 2.3103 	 0.0000 
47.0000 	 2.2052 	 0.4050 	 1.2146 	 5.7685 	 2.9443 	 0.0000 	 0.1867 	 669.8413 	 47.0000 	 2.1146 	 6.5621 	 1.3096 	 0.7355 	 0.7195 	 0.0000 	 1.4413 	 0.0028 
41.0000 	 0.0060 	 2.2864 	 9.6771 	 2.2153 	 5.3948 	 0.0000 	 1.6015 	 1070.6426 	 41.0000 	 1.6243 	 1.7205 	 9.2630 	 1.4762 	 -2.2976 	 0.0000 	 1.4453 	 0.0000 
41.0000 	 5.9722 	 0.6395 	 1.0350 	 5.8213 	 6.6337 	 0.0000 	 1.6726 	 788.7825 	 41.0000 	 0.9134 	 5.0075 	 3.4312 	 0.6584 	 -2.5669 	 0.0000 	 2.3509 	 0.0307 
47.0000 	 2.4206 	 0.3501 	 1.8962 	 4.6420 	 3.8613 	 0.0000 	 0.4622 	 687.2838 	 47.0000 	 2.1748 	 6.6748 	 0.3313 	 2.4520 	 2.7406 	 0.0000 	 2.3170 	 0.0373 
41.0000 	 2.0552 	 2.5937 	 8.5458 	 0.8464 	 7.2676 	 0.0000 	 1.6968 	 763.9958 	 41.0000 	 2.9642 	 7.0229 	 8.7987 	 1.8318 	 2.1913 	 0.0000 	 2.6201 	 0.0024 
44.0000 	 2.1018 	 8.7677 	 9.9455 	 2.7429 	 7.3489 	 0.0000 	 1.7092 	 765.4600 	 44.0000 	 1.6348 	 8.8569 	 1.9870 	 2.4523 	 -1.2823 	 0.0000 	 2.4598 	 0.0013 
42.0000 	 0.0015 	 9.0771 	 9.4158 	 1.1767 	 6.4309 	 0.0000 	 1.6022 	 1070.6424 	 42.0000 	 0.6956 	 7.9590 	 5.5650 	 1.2153 	 -0.8867 	 0.0000 	 1.6406 	 0.0000 
43.0000 	 1.9839 	 2.3851 	 1.2600 	 1.6065 	 6.8724 	 0.0000 	 1.6260 	 761.7822 	 43.0000 	 1.5847 	 3.7502 	 7.0081 	 1.6555 	 2.1702 	 0.0000 	 0.4493 	 0.0024 
44.0000 	 2.1241 	 0.4074 	 1.2238 	 5.7816 	 2.9293 	 0.0000 	 0.1826 	 669.8677 	 44.0000 	 1.4701 	 5.4643 	 8.6764 	 0.3440 	 -2.7133 	 0.0000 	 1.2880 	 0.0024 
42.0000 	 2.0053 	 1.8360 	 3.6883 	 1.0888 	 7.0950 	 0.0000 	 1.6647 	 762.3096 	 42.0000 	 0.7815 	 1.2963 	 2.2963 	 1.0457 	 2.7907 	 0.0000 	 2.1302 	 0.0029 
42.0000 	 0.0181 	 6.8204 	 2.3084 	 9.8305 	 -2.2237 	 0.0000 	 1.6015 	 1070.6424 	 42.0000 	 1.4967 	 8.5184 	 2.1434 	 2.2675 	 -0.1504 	 0.0000 	 2.2409 	 0.0000 
40.0000 	 2.0037 	 5.6189 	 2.0105 	 2.9919 	 7.1653 	 0.0000 	 1.6632 	 763.7641 	 40.0000 	 2.7811 	 2.4121 	 5.0090 	 2.3302 	 -1.6830 	 0.0000 	 0.8826 	 0.0042 
40.0000 	 2.1045 	 0.3577 	 0.9716 	 6.2337 	 2.6323 	 0.0000 	 0.0887 	 671.5638 	 40.0000 	 1.5329 	 0.5564 	 1.2744 	 2.7494 	 2.5661 	 0.0000 	 1.5136 	 0.0048 
43.0000 	 2.1086 	 0.4035 	 1.2571 	 5.6790 	 3.0164 	 0.0000 	 0.1802 	 669.9156 	 43.0000 	 2.2263 	 2.3006 	 0.0177 	 1.7160 	 -0.7291 	 0.0000 	 1.8357 	 0.0026 
44.0000 	 2.1457 	 0.3873 	 1.1751 	 5.8912 	 2.8318 	 0.0000 	 0.1925 	 669.9410 	 44.0000 	 0.7134 	 1.4609 	 2.5892 	 0.6790 	 -2.9131 	 0.0000 	 1.7756 	 0.0025 
39.0000 	 0.0013 	 8.5081 	 6.3837 	 3.6136 	 3.9896 	 0.0000 	 1.6015 	 1070.6434 	 39.0000 	 0.2405 	 7.3973 	 9.1545 	 0.0550 	 -0.7671 	 0.0000 	 1.6170 	 0.0006 
43.0000 	 2.1085 	 0.4022 	 1.2269 	 5.7539 	 2.9613 	 0.0000 	 0.2035 	 669.8741 	 43.0000 	 0.0928 	 6.1732 	 0.0036 	 1.1418 	 -0.9421 	 0.0000 	 0.1743 	 0.0024 
45.0000 	 2.1519 	 0.4065 	 1.2070 	 5.7965 	 2.9259 	 0.0000 	 0.1987 	 669.8530 	 45.0000 	 1.4249 	 3.7111 	 4.2946 	 0.6701 	 2.9235 	 0.0000 	 1.6379 	 0.0024 
40.0000 	 2.0112 	 0.4032 	 1.2392 	 5.7039 	 2.9853 	 0.0000 	 0.1749 	 669.9474 	 40.0000 	 0.5263 	 5.9507 	 6.9919 	 1.4563 	 -1.5531 	 0.0000 	 1.2909 	 0.0025 
45.0000 	 2.1504 	 0.4166 	 1.2389 	 5.7537 	 2.9766 	 0.0000 	 0.2247 	 669.9114 	 45.0000 	 0.2708 	 1.7586 	 7.1451 	 1.9842 	 0.7816 	 0.0000 	 0.8421 	 0.0030 
42.0000 	 2.1220 	 0.3603 	 0.9483 	 6.3487 	 2.5085 	 0.0000 	 0.0011 	 671.4750 	 42.0000 	 0.4223 	 0.3726 	 5.9758 	 2.2362 	 0.1861 	 0.0000 	 1.8808 	 0.0082 
41.0000 	 2.0303 	 0.0000 	 7.4243 	 7.5627 	 -0.2094 	 0.0000 	 1.7088 	 765.5243 	 41.0000 	 0.5891 	 6.2885 	 2.0220 	 1.7871 	 -1.9409 	 0.0000 	 2.5577 	 0.0015 
39.0000 	 1.9775 	 10.0000 	 9.4963 	 9.3188 	 7.3518 	 0.0000 	 1.7080 	 765.5569 	 39.0000 	 2.7446 	 1.2060 	 2.3599 	 0.7779 	 -0.7408 	 0.0000 	 1.8158 	 0.0014 
41.0000 	 2.0515 	 0.3992 	 1.2090 	 5.7922 	 2.9207 	 0.0000 	 0.1860 	 669.8893 	 41.0000 	 1.3106 	 3.4186 	 6.8463 	 0.3313 	 -0.2110 	 0.0000 	 1.0145 	 0.0030 
44.0000 	 2.1100 	 0.0000 	 8.7452 	 8.4010 	 -1.0456 	 0.0000 	 1.7050 	 765.5038 	 44.0000 	 2.3165 	 2.5413 	 5.0640 	 2.1725 	 -1.6062 	 0.0000 	 2.9537 	 0.0014 
39.0000 	 0.0431 	 0.5560 	 1.1257 	 5.1907 	 2.4201 	 0.0000 	 1.6017 	 1070.6423 	 39.0000 	 0.4519 	 1.9480 	 3.5970 	 0.0832 	 2.1431 	 0.0000 	 0.0338 	 0.0017 
43.0000 	 0.0103 	 0.3532 	 5.9872 	 9.3037 	 -1.6975 	 0.0000 	 1.5990 	 1070.6429 	 43.0000 	 2.6255 	 4.8252 	 6.7377 	 1.2969 	 2.0355 	 0.0000 	 0.1544 	 0.0000 
40.0000 	 2.0274 	 0.3994 	 1.1896 	 5.7994 	 2.9307 	 0.0000 	 0.2004 	 669.9173 	 40.0000 	 0.6772 	 8.8922 	 4.3244 	 1.9460 	 -1.5067 	 0.0000 	 0.3883 	 0.0040 
39.0000 	 1.8358 	 1.3136 	 0.3603 	 9.9958 	 1.4258 	 0.0000 	 0.6115 	 735.3424 	 39.0000 	 2.9772 	 7.6809 	 5.5076 	 1.7202 	 0.1966 	 0.0000 	 2.0736 	 0.2263 
41.0000 	 2.0299 	 0.0000 	 5.6105 	 10.0000 	 -2.6452 	 0.0000 	 1.7085 	 765.5247 	 41.0000 	 0.7962 	 0.1356 	 4.8535 	 1.9267 	 -1.4080 	 0.0000 	 2.7425 	 0.0013 
43.0000 	 1.9329 	 7.3486 	 0.3493 	 8.9051 	 3.9747 	 0.0000 	 1.3241 	 754.1240 	 43.0000 	 1.5292 	 3.4805 	 0.5962 	 1.9898 	 -1.2645 	 0.0000 	 0.5886 	 0.0049 
39.0000 	 1.9926 	 0.4079 	 1.2289 	 5.7616 	 2.9633 	 0.0000 	 0.2110 	 669.9530 	 39.0000 	 0.1750 	 8.7705 	 6.8382 	 1.8668 	 -1.9634 	 0.0000 	 0.2056 	 0.0027 
37.0000 	 0.0085 	 0.4319 	 4.8525 	 2.8917 	 4.7160 	 0.0000 	 1.6015 	 1070.6424 	 37.0000 	 1.0269 	 1.6625 	 1.1737 	 0.5797 	 -0.2114 	 0.0000 	 1.1313 	 0.0000 
36.0000 	 1.8829 	 9.2613 	 8.7824 	 3.2650 	 7.3502 	 0.0000 	 1.7079 	 765.5333 	 36.0000 	 1.1029 	 9.6999 	 9.5056 	 2.2277 	 -1.6849 	 0.0000 	 2.9101 	 0.0015 
42.0000 	 2.0841 	 0.4050 	 1.3022 	 5.5666 	 3.1094 	 0.0000 	 0.1630 	 670.1600 	 42.0000 	 2.6194 	 1.5206 	 8.4049 	 2.2105 	 2.3164 	 0.0000 	 2.5121 	 0.0026 
39.0000 	 2.0015 	 0.3980 	 1.2141 	 5.7870 	 2.9363 	 0.0000 	 0.2160 	 669.9431 	 39.0000 	 1.4237 	 4.3673 	 7.2256 	 0.4781 	 -2.7976 	 0.0000 	 1.8388 	 0.0035 
38.0000 	 1.9817 	 0.3828 	 1.2500 	 5.6763 	 2.9861 	 0.0000 	 0.1385 	 670.0422 	 38.0000 	 0.3016 	 8.1883 	 0.3695 	 0.5355 	 -2.9240 	 0.0000 	 0.1704 	 0.0032 
40.0000 	 1.8975 	 0.7354 	 0.4164 	 9.6993 	 1.2145 	 0.0000 	 0.2708 	 713.8249 	 40.0000 	 0.6348 	 6.1039 	 1.5493 	 2.4345 	 0.7800 	 0.0000 	 1.7171 	 0.0238 
37.0000 	 0.0175 	 0.0042 	 4.7897 	 2.6533 	 4.9559 	 0.0000 	 1.5997 	 1070.6431 	 37.0000 	 2.6388 	 2.8307 	 1.5443 	 0.4849 	 -1.2967 	 0.0000 	 1.2886 	 0.0000 
38.0000 	 0.0029 	 1.1617 	 2.4761 	 8.5738 	 -0.9683 	 0.0000 	 1.6004 	 1070.6426 	 38.0000 	 2.8328 	 7.9331 	 7.5115 	 2.3074 	 -0.8581 	 0.0000 	 2.5547 	 0.0000 
42.0000 	 0.0013 	 4.7970 	 1.9675 	 0.0042 	 7.6032 	 0.0000 	 1.6010 	 1070.6424 	 42.0000 	 1.8649 	 9.5368 	 4.2164 	 0.6224 	 -0.3400 	 0.0000 	 1.1674 	 0.0000 
40.0000 	 0.0019 	 2.0461 	 2.5991 	 9.0458 	 -0.4081 	 0.0000 	 0.0000 	 1665.3422 	 40.0000 	 1.5789 	 4.3784 	 4.4324 	 2.5852 	 -2.7549 	 0.0000 	 0.7871 	 0.0000 
35.0000 	 0.0214 	 5.4062 	 0.2991 	 0.0000 	 7.6121 	 0.0000 	 1.5950 	 1070.6458 	 35.0000 	 0.8765 	 1.9670 	 0.4709 	 2.0067 	 -1.9488 	 0.0000 	 1.7750 	 0.0000 
40.0000 	 0.0028 	 0.4180 	 4.3598 	 3.0755 	 4.5398 	 0.0000 	 1.5996 	 1070.6450 	 40.0000 	 0.1578 	 2.4277 	 2.7435 	 1.0466 	 0.2412 	 0.0000 	 1.1105 	 0.0005 
42.0000 	 2.0868 	 0.3959 	 1.2097 	 5.7713 	 2.9477 	 0.0000 	 0.1971 	 669.8859 	 42.0000 	 1.2721 	 4.2178 	 1.1281 	 0.2989 	 -2.1849 	 0.0000 	 2.6421 	 0.0027 
41.0000 	 2.0017 	 0.4380 	 1.2621 	 5.6943 	 3.0137 	 0.0000 	 0.2027 	 670.0510 	 41.0000 	 2.8388 	 4.6134 	 9.8300 	 2.3180 	 1.4565 	 0.0000 	 2.8589 	 0.0062 
41.0000 	 2.0768 	 0.3837 	 1.3054 	 5.5807 	 3.0523 	 0.0000 	 0.1047 	 670.1676 	 41.0000 	 1.5020 	 7.3418 	 9.5796 	 1.3754 	 -0.8021 	 0.0000 	 1.8458 	 0.0031 
38.0000 	 1.9701 	 0.3969 	 1.2152 	 5.7607 	 2.9455 	 0.0000 	 0.1806 	 669.9249 	 38.0000 	 1.8300 	 2.8839 	 6.8864 	 2.4368 	 -2.0311 	 0.0000 	 1.8536 	 0.0030 
39.0000 	 1.9998 	 0.3981 	 1.2240 	 5.7467 	 2.9596 	 0.0000 	 0.1833 	 669.9160 	 39.0000 	 0.9891 	 1.2727 	 2.0579 	 1.3352 	 -0.1280 	 0.0000 	 2.9362 	 0.0033 
38.0000 	 1.8970 	 4.4689 	 9.6706 	 0.6289 	 7.3161 	 0.0000 	 1.7109 	 765.0993 	 38.0000 	 0.0100 	 0.6370 	 9.4022 	 2.0421 	 0.2053 	 0.0000 	 1.0148 	 0.0036 
45.0000 	 2.0013 	 6.3367 	 0.3416 	 9.9999 	 3.3783 	 0.0000 	 1.1878 	 750.8263 	 45.0000 	 0.7458 	 2.9166 	 3.4971 	 1.0041 	 1.0635 	 0.0000 	 0.2057 	 0.0062 
38.0000 	 1.8657 	 10.0000 	 1.7505 	 2.2324 	 7.2048 	 0.0000 	 1.6815 	 764.6989 	 38.0000 	 2.6251 	 6.8210 	 8.5727 	 1.9154 	 -1.7353 	 0.0000 	 2.2499 	 0.0591 
37.0000 	 1.7646 	 9.7013 	 0.3495 	 10.0000 	 3.8033 	 0.0000 	 1.2861 	 753.5763 	 37.0000 	 1.5894 	 5.5489 	 3.5355 	 1.5152 	 -2.9909 	 0.0000 	 2.2305 	 0.0065 
34.0000 	 1.8345 	 2.5839 	 0.0000 	 1.7573 	 6.2831 	 0.0000 	 1.7194 	 765.7003 	 34.0000 	 2.6207 	 4.0767 	 8.7046 	 0.0053 	 0.8518 	 0.0000 	 1.6759 	 0.0024 
35.0000 	 1.8539 	 0.4309 	 1.3685 	 5.4961 	 3.1621 	 0.0000 	 0.1612 	 670.5725 	 35.0000 	 1.9895 	 3.0688 	 8.4586 	 0.3315 	 1.0937 	 0.0000 	 1.5947 	 0.0051 
40.0000 	 0.0069 	 6.4478 	 9.4537 	 2.4198 	 5.1869 	 0.0000 	 1.6044 	 1070.6430 	 40.0000 	 1.2403 	 2.0269 	 7.4270 	 2.6204 	 -2.9244 	 0.0000 	 1.5472 	 0.0000 
36.0000 	 1.9073 	 0.3996 	 1.2040 	 5.7775 	 2.9382 	 0.0000 	 0.1890 	 669.9684 	 36.0000 	 2.9464 	 8.2400 	 8.4492 	 2.5374 	 -2.2441 	 0.0000 	 0.8877 	 0.0031 
39.0000 	 0.0010 	 5.5627 	 3.1086 	 3.2235 	 4.3847 	 0.0000 	 1.6022 	 1070.6424 	 39.0000 	 2.7774 	 9.4493 	 4.9701 	 1.3040 	 -1.0694 	 0.0000 	 2.5156 	 0.0000 
43.0000 	 2.1124 	 0.3674 	 1.0663 	 6.1543 	 2.5583 	 0.0000 	 0.0004 	 670.9649 	 43.0000 	 1.5327 	 8.3077 	 0.5186 	 2.8092 	 2.9440 	 0.0000 	 0.6270 	 0.0045 
37.0000 	 1.9220 	 0.4142 	 1.3010 	 5.5543 	 3.1050 	 0.0000 	 0.1429 	 670.2498 	 37.0000 	 2.9099 	 7.3790 	 6.1774 	 2.0513 	 0.1457 	 0.0000 	 0.8718 	 0.0041 
38.0000 	 0.0060 	 8.6464 	 2.0790 	 1.1242 	 6.4834 	 0.0000 	 1.6004 	 1070.6425 	 38.0000 	 1.1477 	 5.6817 	 3.4706 	 2.4836 	 -0.2025 	 0.0000 	 1.8028 	 0.0000 
33.0000 	 0.0664 	 7.5271 	 9.6889 	 3.4922 	 4.1155 	 0.0000 	 1.6013 	 1070.6424 	 33.0000 	 0.4096 	 7.4400 	 3.9995 	 1.8235 	 1.0113 	 0.0000 	 1.5009 	 0.0000 
37.0000 	 1.9679 	 0.2945 	 0.6032 	 8.7010 	 0.7388 	 0.0000 	 0.0005 	 680.8773 	 37.0000 	 2.1046 	 4.7978 	 0.8913 	 1.9770 	 -2.9511 	 0.0000 	 1.7066 	 0.0100 
43.0000 	 2.1943 	 10.0000 	 2.9871 	 7.3363 	 7.3872 	 0.0000 	 1.7343 	 765.5694 	 43.0000 	 0.1504 	 4.0965 	 3.0529 	 1.9404 	 1.2781 	 0.0000 	 2.6809 	 0.0041 
38.0000 	 2.0249 	 0.2203 	 0.5365 	 10.0000 	 -0.5374 	 0.0000 	 0.0033 	 683.6545 	 38.0000 	 2.3920 	 5.1404 	 0.4319 	 0.6540 	 -2.0168 	 0.0000 	 0.5264 	 0.0112 
38.0000 	 1.9429 	 0.4145 	 1.2004 	 5.7889 	 2.9405 	 0.0000 	 0.2012 	 669.9719 	 38.0000 	 2.7957 	 0.4071 	 4.7963 	 1.4844 	 2.3507 	 0.0000 	 1.2408 	 0.0028 
37.0000 	 1.9258 	 0.4011 	 1.1791 	 5.8426 	 2.8805 	 0.0000 	 0.1926 	 669.9726 	 37.0000 	 0.6892 	 8.7063 	 0.9734 	 1.0750 	 0.3214 	 0.0000 	 1.4915 	 0.0029 
38.0000 	 1.9618 	 0.4014 	 1.2085 	 5.7700 	 2.9477 	 0.0000 	 0.1963 	 669.9337 	 38.0000 	 2.9422 	 8.8546 	 6.5605 	 0.6161 	 -0.0172 	 0.0000 	 1.0101 	 0.0043 
35.0000 	 1.7790 	 9.0280 	 0.4250 	 4.9391 	 5.8276 	 0.0000 	 1.5960 	 759.9424 	 35.0000 	 0.1039 	 7.3388 	 7.9717 	 1.8993 	 -0.6344 	 0.0000 	 0.8416 	 0.0063 
36.0000 	 1.8996 	 0.4042 	 1.1984 	 5.7646 	 2.9647 	 0.0000 	 0.2152 	 670.0122 	 36.0000 	 0.7723 	 4.4742 	 5.3844 	 2.0560 	 0.4289 	 0.0000 	 1.2568 	 0.0029 
35.0000 	 1.8649 	 0.4056 	 1.2064 	 5.7584 	 2.9588 	 0.0000 	 0.1990 	 670.0084 	 35.0000 	 2.8252 	 2.1111 	 9.6784 	 1.0493 	 0.7343 	 0.0000 	 1.7194 	 0.0024 
37.0000 	 1.9772 	 0.3416 	 1.0580 	 6.1273 	 2.5713 	 0.0000 	 0.0182 	 670.8610 	 37.0000 	 0.5147 	 0.3478 	 9.1902 	 2.8152 	 1.5100 	 0.0000 	 2.2784 	 0.0042 
32.0000 	 1.7902 	 0.3906 	 1.1980 	 5.7734 	 2.9371 	 0.0000 	 0.1874 	 670.0704 	 32.0000 	 1.0292 	 6.5413 	 4.2459 	 1.5706 	 -2.9895 	 0.0000 	 2.7539 	 0.0031 
33.0000 	 1.8076 	 0.4115 	 1.2011 	 5.7669 	 2.9708 	 0.0000 	 0.2143 	 670.1289 	 33.0000 	 0.7839 	 5.5547 	 4.3573 	 1.5030 	 1.1700 	 0.0000 	 2.1760 	 0.0035 
41.0000 	 2.0654 	 0.3837 	 1.1757 	 5.8475 	 2.8646 	 0.0000 	 0.1845 	 669.9407 	 41.0000 	 0.3753 	 7.4346 	 0.9266 	 0.4763 	 2.6872 	 0.0000 	 1.2369 	 0.0031 
36.0000 	 0.0041 	 6.4160 	 1.2793 	 0.9697 	 5.6543 	 0.0000 	 1.5130 	 1065.2908 	 36.0000 	 0.3856 	 9.0832 	 2.2413 	 1.9151 	 -1.4062 	 0.0000 	 2.3785 	 0.2879 
37.0000 	 1.9284 	 0.4104 	 1.2799 	 5.6379 	 3.0467 	 0.0000 	 0.1808 	 670.0650 	 37.0000 	 2.0501 	 5.1412 	 8.2429 	 1.0685 	 -1.7588 	 0.0000 	 1.7090 	 0.0029 
34.0000 	 1.8238 	 9.1327 	 1.9434 	 6.3261 	 7.2720 	 0.0000 	 1.7178 	 764.4737 	 34.0000 	 1.8045 	 8.7770 	 6.5067 	 2.9693 	 2.9423 	 0.0000 	 1.3746 	 0.0063 
42.0000 	 2.0431 	 0.4282 	 1.2201 	 5.7570 	 2.9730 	 0.0000 	 0.2246 	 669.9810 	 42.0000 	 0.0611 	 9.6524 	 3.3403 	 1.0691 	 2.8922 	 0.0000 	 2.6690 	 0.0026 
34.0000 	 1.8195 	 9.9998 	 7.8424 	 4.3917 	 7.3478 	 0.0000 	 1.7104 	 765.5633 	 34.0000 	 1.1410 	 8.2366 	 5.6305 	 1.6938 	 -2.8832 	 0.0000 	 1.4187 	 0.0023 
37.0000 	 1.9213 	 0.4051 	 1.1744 	 5.8747 	 2.8677 	 0.0000 	 0.2129 	 670.0299 	 37.0000 	 0.5707 	 0.6843 	 6.4904 	 2.1454 	 0.1724 	 0.0000 	 0.8692 	 0.0033 
35.0000 	 1.8648 	 0.4135 	 1.2341 	 5.7452 	 2.9676 	 0.0000 	 0.2034 	 670.0309 	 35.0000 	 2.6745 	 8.9984 	 0.0617 	 2.7390 	 -1.7434 	 0.0000 	 2.9397 	 0.0046 
35.0000 	 1.8625 	 0.4198 	 1.2501 	 5.7090 	 3.0047 	 0.0000 	 0.2106 	 670.0903 	 35.0000 	 0.0128 	 7.1714 	 9.8265 	 1.0521 	 0.3235 	 0.0000 	 1.4291 	 0.0035 
34.0000 	 1.8407 	 0.3900 	 1.1703 	 5.8461 	 2.8542 	 0.0000 	 0.1660 	 670.0546 	 34.0000 	 0.1659 	 3.7161 	 4.9629 	 0.6493 	 0.1539 	 0.0000 	 2.2760 	 0.0035 
35.0000 	 1.8943 	 0.2490 	 0.5500 	 9.6917 	 -0.2276 	 0.0000 	 0.0208 	 683.0819 	 35.0000 	 2.0819 	 8.9233 	 9.6409 	 1.0375 	 -1.8589 	 0.0000 	 0.0624 	 0.0108 
30.0000 	 1.7123 	 0.3986 	 1.1888 	 5.7903 	 2.9255 	 0.0000 	 0.1913 	 670.1479 	 30.0000 	 0.9441 	 1.7533 	 0.2474 	 1.5270 	 -2.2748 	 0.0000 	 2.0294 	 0.0041 
32.0000 	 1.7543 	 8.4888 	 3.7952 	 0.9785 	 7.3265 	 0.0000 	 1.7061 	 765.4571 	 32.0000 	 1.0810 	 5.1817 	 2.5769 	 2.3679 	 2.1483 	 0.0000 	 2.5137 	 0.0052 
36.0000 	 1.8933 	 0.4069 	 1.2219 	 5.7775 	 2.9362 	 0.0000 	 0.2051 	 669.9893 	 36.0000 	 2.1156 	 8.9366 	 3.7968 	 1.4769 	 -1.0009 	 0.0000 	 2.7134 	 0.0030 
30.0000 	 1.7335 	 0.3788 	 1.1903 	 5.7922 	 2.8911 	 0.0000 	 0.1318 	 670.1719 	 30.0000 	 1.9618 	 1.7905 	 9.8522 	 1.0125 	 2.9304 	 0.0000 	 0.9357 	 0.0039 
42.0000 	 2.0738 	 0.3908 	 1.1626 	 5.9274 	 2.7938 	 0.0000 	 0.1805 	 670.0126 	 42.0000 	 2.2016 	 8.3689 	 8.3917 	 0.5464 	 -2.1332 	 0.0000 	 0.0453 	 0.0034 
35.0000 	 1.8661 	 0.4144 	 1.3151 	 5.5510 	 3.1086 	 0.0000 	 0.1388 	 670.2810 	 35.0000 	 2.0086 	 8.4760 	 7.4476 	 0.7158 	 0.9072 	 0.0000 	 1.6361 	 0.0036 
34.0000 	 1.8467 	 0.3975 	 1.1915 	 5.8024 	 2.9240 	 0.0000 	 0.1931 	 670.0340 	 34.0000 	 2.0337 	 7.8220 	 0.6368 	 1.1097 	 2.1005 	 0.0000 	 0.1891 	 0.0043 
38.0000 	 1.9647 	 0.4072 	 1.2626 	 5.6690 	 3.0211 	 0.0000 	 0.1650 	 670.0064 	 38.0000 	 1.8702 	 1.1438 	 4.4729 	 0.3054 	 0.7758 	 0.0000 	 1.2250 	 0.0035 
29.0000 	 0.0015 	 0.8083 	 0.9323 	 9.5459 	 -1.9386 	 0.0000 	 1.6026 	 1070.6425 	 29.0000 	 1.3879 	 8.7830 	 4.9959 	 0.0681 	 -1.0915 	 0.0000 	 2.0794 	 0.0000 
32.0000 	 1.7641 	 0.5507 	 3.5593 	 1.5338 	 6.3765 	 0.0000 	 1.5085 	 758.4305 	 32.0000 	 0.9904 	 9.5294 	 7.9453 	 0.7576 	 -1.5673 	 0.0000 	 1.6900 	 0.0031 
40.0000 	 2.1520 	 0.3634 	 1.3160 	 5.4559 	 3.2531 	 0.0000 	 0.1636 	 672.2464 	 40.0000 	 0.9483 	 3.4834 	 3.3503 	 1.9744 	 -1.8523 	 0.0000 	 2.8882 	 0.0072 
35.0000 	 1.9891 	 0.3861 	 1.4554 	 5.3782 	 3.3124 	 0.0000 	 0.1649 	 673.3417 	 35.0000 	 2.1905 	 1.9144 	 6.7368 	 2.8506 	 2.0386 	 0.0000 	 2.6271 	 0.0077 
34.0000 	 1.3304 	 8.0322 	 4.3213 	 0.1875 	 6.1875 	 0.0000 	 5.9485 	 1016.9881 	 34.0000 	 0.9656 	 6.2906 	 6.2904 	 0.1563 	 -1.3864 	 0.0000 	 2.2807 	 0.0002 
36.0000 	 1.9119 	 0.3959 	 1.3020 	 5.5473 	 3.0897 	 0.0000 	 0.1085 	 670.2539 	 36.0000 	 0.8240 	 9.1832 	 0.3447 	 1.0642 	 -1.2584 	 0.0000 	 2.1950 	 0.0036 
34.0000 	 1.8647 	 0.3691 	 1.1217 	 5.9800 	 2.7386 	 0.0000 	 0.1806 	 670.2722 	 34.0000 	 0.1930 	 0.3768 	 0.5887 	 0.6210 	 0.7496 	 0.0000 	 2.0591 	 0.0042 
32.0000 	 1.8141 	 0.3819 	 1.2487 	 5.6417 	 3.0199 	 0.0000 	 0.1126 	 670.2421 	 32.0000 	 2.9390 	 3.3553 	 0.6024 	 0.2545 	 -1.2329 	 0.0000 	 0.0925 	 0.0042 
33.0000 	 1.8055 	 0.4035 	 1.1884 	 5.7919 	 2.9294 	 0.0000 	 0.2021 	 670.0573 	 33.0000 	 1.1531 	 7.1271 	 1.8066 	 2.0409 	 1.9295 	 0.0000 	 0.9455 	 0.0027 
30.0000 	 1.7579 	 0.3519 	 1.1451 	 5.8602 	 2.7835 	 0.0000 	 0.0072 	 670.6545 	 30.0000 	 0.3386 	 2.1086 	 5.3034 	 1.7521 	 -0.7938 	 0.0000 	 0.2427 	 0.0042 
33.0000 	 0.0120 	 6.5946 	 2.3238 	 0.9884 	 6.6187 	 0.0000 	 1.5999 	 1070.6425 	 33.0000 	 2.8402 	 1.6150 	 2.5052 	 2.9900 	 1.7484 	 0.0000 	 0.0692 	 0.0000 
32.0000 	 1.7521 	 9.7662 	 5.7187 	 4.7437 	 7.3444 	 0.0000 	 1.7194 	 765.5191 	 32.0000 	 2.0744 	 7.9757 	 5.9555 	 1.4437 	 2.3525 	 0.0000 	 0.7140 	 0.0017 
33.0000 	 1.8066 	 0.4067 	 1.2118 	 5.7790 	 2.9480 	 0.0000 	 0.2183 	 670.0952 	 33.0000 	 2.9515 	 2.2312 	 0.3331 	 0.6636 	 -1.9278 	 0.0000 	 2.8647 	 0.0033 
34.0000 	 1.8603 	 0.3892 	 1.1961 	 5.7924 	 2.9213 	 0.0000 	 0.1788 	 670.0194 	 34.0000 	 1.9435 	 4.3962 	 2.1688 	 1.6047 	 -0.3491 	 0.0000 	 2.8124 	 0.0042 
30.0000 	 1.6939 	 0.0000 	 10.0000 	 7.9345 	 -0.5816 	 0.0000 	 1.7082 	 765.6772 	 30.0000 	 0.1455 	 9.9821 	 3.0315 	 0.7991 	 -0.7890 	 0.0000 	 0.5053 	 0.0020 
33.0000 	 1.7725 	 0.4177 	 1.1437 	 6.0175 	 2.7142 	 0.0000 	 0.1967 	 670.5517 	 33.0000 	 0.7377 	 8.4501 	 0.7631 	 0.3672 	 -2.8145 	 0.0000 	 0.0288 	 0.0068 
32.0000 	 1.7851 	 0.3958 	 1.1784 	 5.7859 	 2.9325 	 0.0000 	 0.1928 	 670.1030 	 32.0000 	 0.6155 	 6.0653 	 4.2847 	 2.4676 	 2.7966 	 0.0000 	 0.1413 	 0.0042 
29.0000 	 1.6713 	 0.3997 	 1.1896 	 5.7993 	 2.9172 	 0.0000 	 0.2045 	 670.2140 	 29.0000 	 2.5927 	 4.3309 	 7.0047 	 1.3002 	 -0.8720 	 0.0000 	 0.0496 	 0.0043 
31.0000 	 1.6394 	 7.9764 	 0.3372 	 9.9942 	 3.6276 	 0.0000 	 1.2391 	 752.4262 	 31.0000 	 2.8517 	 0.5046 	 6.6493 	 0.1858 	 -2.7530 	 0.0000 	 1.8381 	 0.0053 
40.0000 	 2.0370 	 0.3909 	 1.2236 	 5.7703 	 2.9374 	 0.0000 	 0.1918 	 669.9174 	 40.0000 	 2.5523 	 9.7453 	 1.4780 	 2.2704 	 -1.7812 	 0.0000 	 1.5864 	 0.0027 
31.0000 	 1.7482 	 0.3849 	 1.1170 	 5.9705 	 2.7602 	 0.0000 	 0.1736 	 670.2576 	 31.0000 	 2.7581 	 4.1885 	 0.3303 	 0.6347 	 0.9543 	 0.0000 	 2.7931 	 0.0038 
39.0000 	 1.9852 	 0.4103 	 1.2848 	 5.6049 	 3.0609 	 0.0000 	 0.1453 	 670.0790 	 39.0000 	 2.6206 	 4.2878 	 8.3171 	 1.1926 	 1.5821 	 0.0000 	 2.8887 	 0.0053 
32.0000 	 1.7044 	 9.5956 	 1.3220 	 2.8533 	 7.1895 	 0.0000 	 1.6700 	 763.5874 	 32.0000 	 2.3692 	 9.5636 	 9.3671 	 2.3168 	 2.7884 	 0.0000 	 2.3615 	 0.0023 
33.0000 	 1.7932 	 0.4166 	 1.2314 	 5.7129 	 2.9962 	 0.0000 	 0.1842 	 670.1145 	 33.0000 	 1.6718 	 9.3759 	 5.4999 	 2.0628 	 -1.1416 	 0.0000 	 0.0832 	 0.0047 
28.0000 	 1.6832 	 0.3480 	 1.0893 	 6.0263 	 2.6449 	 0.0000 	 0.0001 	 670.8250 	 28.0000 	 2.5292 	 2.2086 	 1.6603 	 0.2564 	 2.4039 	 0.0000 	 0.1381 	 0.0050 
27.0000 	 0.0029 	 5.5604 	 0.0000 	 8.8277 	 2.3600 	 0.0000 	 1.6648 	 1074.1902 	 27.0000 	 1.2151 	 0.2460 	 1.9284 	 2.8842 	 -2.4802 	 0.0000 	 0.8085 	 0.1309 
30.0000 	 1.6448 	 9.9150 	 0.6953 	 3.6773 	 6.6920 	 0.0000 	 1.6470 	 761.8226 	 30.0000 	 0.2285 	 8.5973 	 9.1391 	 1.6835 	 -2.0990 	 0.0000 	 1.6621 	 0.0024 
31.0000 	 0.0067 	 1.7928 	 5.1164 	 2.4893 	 5.1184 	 0.0000 	 1.6013 	 1070.6424 	 31.0000 	 1.2759 	 0.4045 	 7.8799 	 1.8578 	 0.9249 	 0.0000 	 0.5334 	 0.0000 
27.0000 	 1.9668 	 0.3992 	 0.4382 	 9.6248 	 1.2261 	 0.0000 	 0.0016 	 715.8479 	 27.0000 	 1.3056 	 5.6401 	 6.6155 	 1.1261 	 2.8964 	 0.0000 	 1.2205 	 0.0192 
37.0000 	 1.9799 	 0.3448 	 1.1165 	 6.0287 	 2.6284 	 0.0000 	 0.0000 	 670.8033 	 37.0000 	 1.1324 	 3.0662 	 0.7192 	 2.1703 	 2.1601 	 0.0000 	 1.4788 	 0.0042 
32.0000 	 1.7825 	 0.3942 	 1.2085 	 5.7304 	 2.9680 	 0.0000 	 0.1762 	 670.0927 	 32.0000 	 1.2487 	 0.3841 	 0.7869 	 2.5943 	 -1.6108 	 0.0000 	 0.3168 	 0.0030 
30.0000 	 0.0021 	 4.1303 	 5.7397 	 1.6014 	 6.0066 	 0.0000 	 1.6018 	 1070.6423 	 30.0000 	 2.0369 	 0.7824 	 3.0398 	 0.5584 	 -1.8253 	 0.0000 	 2.0462 	 0.0000 
25.0000 	 0.0031 	 9.1556 	 8.7700 	 5.2691 	 2.3385 	 0.0000 	 1.6015 	 1070.6424 	 25.0000 	 0.2568 	 8.0454 	 0.0501 	 2.6142 	 1.1594 	 0.0000 	 1.8036 	 0.0000 
32.0000 	 1.7974 	 0.3189 	 0.6860 	 7.8297 	 1.3993 	 0.0000 	 0.0000 	 678.7521 	 32.0000 	 2.4724 	 5.0705 	 9.7172 	 2.2441 	 -0.1597 	 0.0000 	 0.9660 	 0.0124 
29.0000 	 1.6690 	 10.0000 	 10.0000 	 8.3933 	 7.3498 	 0.0000 	 1.7120 	 765.7163 	 29.0000 	 0.2601 	 1.9239 	 9.0370 	 0.7024 	 -1.1979 	 0.0000 	 2.2495 	 0.0021 
29.0000 	 1.6640 	 0.0000 	 7.8675 	 9.7503 	 -2.3962 	 0.0000 	 1.7113 	 765.7025 	 29.0000 	 1.3768 	 2.6391 	 8.2826 	 0.2153 	 0.1095 	 0.0000 	 2.3372 	 0.0025 
31.0000 	 1.7665 	 0.3821 	 1.1904 	 5.8114 	 2.8850 	 0.0000 	 0.1588 	 670.1068 	 31.0000 	 1.3524 	 7.8714 	 8.0654 	 0.6168 	 0.4877 	 0.0000 	 2.9155 	 0.0044 
33.0000 	 1.8130 	 0.3932 	 1.2507 	 5.7002 	 2.9658 	 0.0000 	 0.1456 	 670.0971 	 33.0000 	 0.2611 	 8.6215 	 2.7570 	 0.0558 	 -2.5091 	 0.0000 	 1.6757 	 0.0039 
31.0000 	 1.7529 	 0.3937 	 1.2021 	 5.7525 	 2.9606 	 0.0000 	 0.1975 	 670.1288 	 31.0000 	 0.6025 	 2.3980 	 2.7036 	 1.8275 	 -0.2738 	 0.0000 	 0.1458 	 0.0030 
29.0000 	 0.0051 	 8.7403 	 7.8259 	 2.3882 	 5.2074 	 0.0000 	 1.6025 	 1070.6268 	 29.0000 	 1.3299 	 6.8666 	 7.7656 	 1.7201 	 0.9190 	 0.0000 	 0.9629 	 0.0000 
28.0000 	 1.6601 	 0.3899 	 1.2643 	 5.6141 	 3.0463 	 0.0000 	 0.1388 	 670.3551 	 28.0000 	 2.0708 	 4.8919 	 3.0456 	 0.9722 	 -0.8930 	 0.0000 	 0.9590 	 0.0052 
36.0000 	 2.0056 	 5.0427 	 2.2693 	 1.3638 	 7.2195 	 0.0000 	 1.6572 	 765.3598 	 36.0000 	 1.0660 	 5.6706 	 6.3540 	 0.7726 	 2.6628 	 0.0000 	 2.4688 	 0.0042 
21.0000 	 0.0026 	 5.1123 	 7.4763 	 5.2739 	 2.3340 	 0.0000 	 1.6014 	 1070.6424 	 21.0000 	 0.8487 	 4.2417 	 1.4634 	 2.2323 	 0.5813 	 0.0000 	 1.2465 	 0.0000 
30.0000 	 1.7138 	 0.3927 	 1.1674 	 5.8472 	 2.8731 	 0.0000 	 0.1850 	 670.1501 	 30.0000 	 0.3515 	 3.2147 	 2.9327 	 2.2391 	 1.3873 	 0.0000 	 0.5589 	 0.0039 
24.0000 	 1.5273 	 0.3620 	 1.1542 	 5.8341 	 2.8380 	 0.0000 	 0.1086 	 670.5383 	 24.0000 	 0.7601 	 6.8684 	 9.4458 	 2.0611 	 -1.7824 	 0.0000 	 2.6878 	 0.0046 
27.0000 	 1.5993 	 0.0000 	 9.9372 	 6.4667 	 0.8899 	 0.0000 	 1.7083 	 765.7497 	 27.0000 	 2.1597 	 8.6433 	 0.5962 	 2.5926 	 -0.6075 	 0.0000 	 1.8082 	 0.0023 
28.0000 	 1.6512 	 0.3877 	 1.1423 	 5.8831 	 2.8390 	 0.0000 	 0.1708 	 670.2615 	 28.0000 	 2.2887 	 0.3469 	 8.1839 	 1.5853 	 -2.8253 	 0.0000 	 2.5345 	 0.0041 
34.0000 	 1.7746 	 6.8437 	 2.1751 	 3.3937 	 7.3555 	 0.0000 	 1.6794 	 765.0418 	 34.0000 	 2.5476 	 5.1170 	 0.0222 	 2.3085 	 0.2109 	 0.0000 	 1.5968 	 0.0021 
25.0000 	 1.3935 	 1.4360 	 3.6176 	 0.5796 	 8.3503 	 0.0000 	 0.0000 	 1100.7251 	 25.0000 	 1.6271 	 6.1521 	 6.9171 	 1.0736 	 1.3833 	 0.0000 	 0.2353 	 0.0071 
27.0000 	 1.6175 	 0.3846 	 1.1059 	 5.9108 	 2.8475 	 0.0000 	 0.2125 	 670.4505 	 27.0000 	 1.8644 	 4.4022 	 5.7740 	 2.9711 	 2.8556 	 0.0000 	 0.7807 	 0.0037 
28.0000 	 1.6350 	 0.4145 	 1.1979 	 5.6972 	 3.0265 	 0.0000 	 0.1953 	 670.4332 	 28.0000 	 1.2213 	 4.5261 	 2.3074 	 2.8068 	 -2.9476 	 0.0000 	 2.6139 	 0.0055 
26.0000 	 1.5681 	 0.3886 	 0.9109 	 6.3820 	 2.5254 	 0.0000 	 0.0438 	 672.2414 	 26.0000 	 0.2697 	 6.8759 	 4.5568 	 2.2035 	 -0.0831 	 0.0000 	 2.4904 	 0.0061 
27.0000 	 1.6451 	 0.2889 	 0.6607 	 7.9635 	 1.2234 	 0.0000 	 0.0072 	 679.4522 	 27.0000 	 0.9364 	 1.3336 	 8.6187 	 0.6920 	 -2.7971 	 0.0000 	 2.5127 	 0.0092 
26.0000 	 0.0023 	 3.2666 	 3.9341 	 3.5045 	 4.1033 	 0.0000 	 1.6014 	 1070.6424 	 26.0000 	 1.1238 	 2.2649 	 1.3133 	 0.6893 	 -1.2056 	 0.0000 	 2.6973 	 0.0000 
26.0000 	 0.0017 	 8.6502 	 3.4967 	 4.6580 	 2.9501 	 0.0000 	 1.6013 	 1070.6424 	 26.0000 	 1.8217 	 3.9553 	 0.8936 	 2.8124 	 -0.8444 	 0.0000 	 0.5568 	 0.0000 
24.0000 	 1.4357 	 9.0219 	 0.6691 	 4.6004 	 6.4172 	 0.0000 	 1.6194 	 761.3105 	 24.0000 	 0.4741 	 2.0192 	 0.2141 	 2.4381 	 -0.6410 	 0.0000 	 1.7156 	 0.0031 
23.0000 	 0.0010 	 9.8534 	 9.9097 	 5.5033 	 2.1042 	 0.0000 	 1.6015 	 1070.6424 	 23.0000 	 1.8965 	 5.1800 	 5.0182 	 0.0597 	 0.9326 	 0.0000 	 1.2907 	 0.0000 
19.0000 	 1.3411 	 0.3663 	 1.2257 	 5.6599 	 3.0360 	 0.0000 	 0.1737 	 671.4000 	 19.0000 	 1.9837 	 8.0147 	 2.9509 	 1.3724 	 2.5607 	 0.0000 	 1.6382 	 0.0085 
24.0000 	 0.0020 	 4.8962 	 1.1780 	 3.7291 	 3.9478 	 0.0000 	 1.6511 	 1070.9949 	 24.0000 	 2.0635 	 6.3632 	 9.3382 	 0.2532 	 0.1021 	 0.0000 	 2.0281 	 0.0000 
25.0000 	 1.5456 	 0.3904 	 1.1981 	 5.7478 	 2.9529 	 0.0000 	 0.1833 	 670.4246 	 25.0000 	 1.0504 	 2.4966 	 1.4541 	 0.7589 	 2.3494 	 0.0000 	 2.9808 	 0.0054 
36.0000 	 1.8950 	 0.4007 	 1.1411 	 5.9426 	 2.7994 	 0.0000 	 0.1894 	 670.0878 	 36.0000 	 1.0689 	 2.0712 	 4.7602 	 0.1093 	 -0.5626 	 0.0000 	 1.4738 	 0.0311 
26.0000 	 1.5951 	 0.3732 	 1.1741 	 5.8322 	 2.8613 	 0.0000 	 0.1567 	 670.3420 	 26.0000 	 1.5336 	 2.5022 	 1.4576 	 1.1982 	 2.1741 	 0.0000 	 2.6539 	 0.0050 
34.0000 	 1.9000 	 0.3440 	 1.0464 	 6.1300 	 2.5953 	 0.0000 	 0.0639 	 670.8548 	 34.0000 	 0.3472 	 6.1388 	 9.9468 	 2.8841 	 -0.7036 	 0.0000 	 2.9998 	 0.0039 
27.0000 	 1.6155 	 0.3994 	 1.2528 	 5.6535 	 3.0170 	 0.0000 	 0.1469 	 670.3601 	 27.0000 	 2.0520 	 1.8829 	 8.3167 	 0.7668 	 -1.6019 	 0.0000 	 1.7727 	 0.0043 
22.0000 	 1.5678 	 0.3186 	 2.5964 	 4.4846 	 3.8049 	 0.0000 	 0.6383 	 693.7707 	 22.0000 	 1.3046 	 0.8058 	 9.4967 	 0.0023 	 1.3055 	 0.0000 	 2.0488 	 0.0107 
22.0000 	 1.4577 	 9.9780 	 2.8320 	 7.3667 	 7.2795 	 0.0000 	 1.6969 	 765.3731 	 22.0000 	 2.7740 	 8.7168 	 3.0929 	 0.3674 	 1.1246 	 0.0000 	 1.6275 	 0.0045 
25.0000 	 1.7019 	 10.0000 	 5.8746 	 9.9999 	 7.3147 	 0.0000 	 1.7108 	 766.9603 	 25.0000 	 0.6049 	 6.9899 	 4.2428 	 2.8502 	 2.5424 	 0.0000 	 1.9943 	 0.0062 
23.0000 	 1.4828 	 0.3784 	 1.1588 	 5.8235 	 2.9098 	 0.0000 	 0.2206 	 670.7110 	 23.0000 	 2.3488 	 1.8077 	 6.0233 	 1.9726 	 -1.5125 	 0.0000 	 1.4974 	 0.0059 
29.0000 	 1.6742 	 0.4067 	 1.2659 	 5.6040 	 3.0560 	 0.0000 	 0.1267 	 670.3433 	 29.0000 	 2.1539 	 8.8075 	 6.6880 	 0.6436 	 -1.0727 	 0.0000 	 2.3926 	 0.0031 
26.0000 	 1.5547 	 1.2856 	 1.6693 	 1.6013 	 6.6704 	 0.0000 	 1.6166 	 760.9047 	 26.0000 	 0.0367 	 0.2316 	 2.8667 	 2.4188 	 2.5450 	 0.0000 	 2.5803 	 0.0040 
24.0000 	 1.5210 	 0.3793 	 1.1996 	 5.6360 	 3.0277 	 0.0000 	 0.1076 	 670.6947 	 24.0000 	 1.2844 	 8.0751 	 5.0521 	 2.9554 	 2.8250 	 0.0000 	 2.7634 	 0.0062 
17.0000 	 1.1617 	 2.0730 	 1.2773 	 1.3594 	 6.9142 	 0.0000 	 1.6361 	 762.8596 	 17.0000 	 2.1021 	 3.8692 	 0.5408 	 2.3898 	 2.7201 	 0.0000 	 1.8346 	 0.0045 
33.0000 	 1.7577 	 1.8005 	 9.7852 	 0.8533 	 7.2810 	 0.0000 	 1.7061 	 763.6963 	 33.0000 	 1.4542 	 2.9950 	 6.1864 	 0.6772 	 -0.2387 	 0.0000 	 2.8294 	 0.1492 
26.0000 	 1.5843 	 0.3181 	 0.6484 	 8.0911 	 1.1985 	 0.0000 	 0.0660 	 679.6411 	 26.0000 	 1.8371 	 2.1496 	 9.5174 	 1.6655 	 1.8324 	 0.0000 	 0.4453 	 0.0071 
25.0000 	 1.5550 	 0.3633 	 1.1079 	 5.9173 	 2.7387 	 0.0000 	 0.0055 	 670.8564 	 25.0000 	 2.0464 	 7.8412 	 2.8167 	 1.9943 	 0.9202 	 0.0000 	 2.8969 	 0.0040 
25.0000 	 1.5437 	 0.3824 	 1.1661 	 5.7896 	 2.8966 	 0.0000 	 0.1368 	 670.4012 	 25.0000 	 0.3445 	 0.1516 	 5.6355 	 0.9497 	 2.9106 	 0.0000 	 0.5000 	 0.0056 
22.0000 	 1.4380 	 8.1170 	 0.6285 	 4.8685 	 6.3624 	 0.0000 	 1.6107 	 761.5556 	 22.0000 	 2.5929 	 7.6674 	 3.9620 	 2.0519 	 -1.2946 	 0.0000 	 2.4324 	 0.0101 
24.0000 	 0.0050 	 3.7892 	 7.5600 	 3.1556 	 4.4520 	 0.0000 	 1.5999 	 1070.6425 	 24.0000 	 1.7570 	 8.6020 	 1.7108 	 1.6270 	 2.0889 	 0.0000 	 0.7966 	 0.0000 
24.0000 	 1.5246 	 0.3700 	 1.1784 	 5.7783 	 2.9292 	 0.0000 	 0.1966 	 670.5647 	 24.0000 	 1.1660 	 8.3693 	 5.1335 	 2.7992 	 1.9002 	 0.0000 	 0.5293 	 0.0068 
21.0000 	 1.3887 	 0.3861 	 1.1735 	 5.7542 	 2.9350 	 0.0000 	 0.1517 	 670.7852 	 21.0000 	 1.8575 	 1.3095 	 1.2925 	 1.1985 	 1.1008 	 0.0000 	 0.5389 	 0.0071 
31.0000 	 1.7684 	 0.3552 	 1.0673 	 6.1386 	 2.5487 	 0.0000 	 0.0005 	 670.9056 	 31.0000 	 0.5324 	 2.0028 	 2.1550 	 2.0793 	 1.0510 	 0.0000 	 1.2456 	 0.0060 
23.0000 	 1.4014 	 9.8892 	 0.6347 	 5.8052 	 6.1906 	 0.0000 	 1.5910 	 761.0013 	 23.0000 	 1.5539 	 5.5937 	 4.1403 	 2.4239 	 0.9418 	 0.0000 	 1.8672 	 0.0046 
22.0000 	 1.4326 	 0.3799 	 1.1629 	 5.7561 	 2.9333 	 0.0000 	 0.1411 	 670.6790 	 22.0000 	 0.6788 	 9.9915 	 6.2277 	 0.2298 	 -1.2407 	 0.0000 	 0.5273 	 0.0071 
23.0000 	 1.3554 	 10.0000 	 0.3110 	 10.0000 	 3.6208 	 0.0000 	 1.2931 	 753.6545 	 23.0000 	 2.2289 	 9.9428 	 0.6252 	 2.1492 	 1.7030 	 0.0000 	 2.0774 	 0.0069 
33.0000 	 1.7831 	 9.7592 	 7.8208 	 0.4935 	 7.3570 	 0.0000 	 1.7106 	 765.6151 	 33.0000 	 2.9662 	 8.2542 	 8.1821 	 0.0038 	 -1.8433 	 0.0000 	 2.2573 	 0.0017 
21.0000 	 0.0048 	 2.8808 	 8.4945 	 9.0133 	 -1.4054 	 0.0000 	 1.6013 	 1070.6424 	 21.0000 	 2.0392 	 6.2119 	 7.7011 	 0.0415 	 -0.9584 	 0.0000 	 2.0807 	 0.0000 
22.0000 	 1.4306 	 0.3875 	 1.2535 	 5.6635 	 2.9802 	 0.0000 	 0.1125 	 670.7434 	 22.0000 	 0.3934 	 2.4828 	 8.3966 	 0.2819 	 -2.2867 	 0.0000 	 1.7520 	 0.0064 
27.0000 	 1.6195 	 0.3924 	 1.2192 	 5.6849 	 3.0016 	 0.0000 	 0.1623 	 670.3308 	 27.0000 	 1.2794 	 0.0823 	 9.3851 	 0.3236 	 -2.6822 	 0.0000 	 2.5412 	 0.0042 
23.0000 	 1.5472 	 0.3529 	 0.9776 	 6.3922 	 2.4718 	 0.0000 	 0.0099 	 672.9441 	 23.0000 	 0.6250 	 8.7479 	 7.4094 	 1.0433 	 0.6398 	 0.0000 	 1.4454 	 0.0570 
21.0000 	 1.7107 	 0.2108 	 8.5900 	 3.6811 	 4.5507 	 0.0000 	 0.7908 	 706.1896 	 21.0000 	 1.1151 	 4.2197 	 3.2450 	 1.9812 	 1.5870 	 0.0000 	 1.0320 	 0.0162 
19.0000 	 1.3113 	 0.3741 	 1.1335 	 5.8092 	 2.8511 	 0.0000 	 0.0739 	 671.1777 	 19.0000 	 1.3955 	 4.8911 	 0.0817 	 2.1750 	 -0.1008 	 0.0000 	 0.9985 	 0.0226 
32.0000 	 1.8230 	 0.2033 	 0.5666 	 9.9998 	 -0.7621 	 0.0000 	 0.0858 	 684.4670 	 32.0000 	 1.8700 	 0.2351 	 0.8736 	 2.1219 	 -0.8202 	 0.0000 	 0.1647 	 0.0094 
19.0000 	 1.2961 	 2.5516 	 4.9939 	 0.5267 	 7.2003 	 0.0000 	 1.7550 	 765.1920 	 19.0000 	 2.2390 	 8.2908 	 8.9952 	 0.0867 	 -1.0203 	 0.0000 	 0.2760 	 0.7794 
20.0000 	 1.3509 	 0.3117 	 0.6829 	 7.8581 	 1.3100 	 0.0000 	 0.1519 	 679.7075 	 20.0000 	 0.7030 	 2.3763 	 5.7753 	 2.3257 	 -1.5433 	 0.0000 	 2.8643 	 0.0166 
22.0000 	 1.4955 	 0.2310 	 0.5746 	 9.4721 	 -0.1018 	 0.0000 	 0.0439 	 683.4417 	 22.0000 	 2.3466 	 7.8711 	 0.5310 	 2.4772 	 1.0058 	 0.0000 	 2.1664 	 0.0128 
24.0000 	 1.5053 	 0.3963 	 1.1653 	 5.8201 	 2.8934 	 0.0000 	 0.1700 	 670.5154 	 24.0000 	 1.9416 	 7.5542 	 5.4049 	 1.4074 	 2.1161 	 0.0000 	 2.9342 	 0.0065 
19.0000 	 1.2193 	 8.4181 	 6.4693 	 8.9591 	 7.4377 	 0.0000 	 1.6960 	 767.2399 	 19.0000 	 1.1812 	 6.0830 	 4.0163 	 1.3691 	 -0.2343 	 0.0000 	 0.7390 	 0.0657 
20.0000 	 1.3315 	 0.4220 	 1.7541 	 4.8392 	 3.7053 	 0.0000 	 0.5541 	 684.1815 	 20.0000 	 2.3927 	 1.4369 	 4.0910 	 1.7893 	 1.7504 	 0.0000 	 1.0414 	 0.0076 
17.0000 	 1.2727 	 0.3336 	 0.9457 	 6.2371 	 2.5686 	 0.0000 	 0.0041 	 672.7489 	 17.0000 	 0.2453 	 8.8884 	 8.3030 	 1.0846 	 -0.6958 	 0.0000 	 0.2061 	 0.0107 
14.0000 	 1.0628 	 9.9643 	 9.2070 	 9.9317 	 7.3550 	 0.0000 	 1.7124 	 766.7840 	 14.0000 	 2.8447 	 7.0015 	 7.5967 	 2.4817 	 -2.3499 	 0.0000 	 2.0990 	 0.0084 
18.0000 	 1.2738 	 0.3668 	 1.1723 	 5.7877 	 2.8804 	 0.0000 	 0.1209 	 671.2438 	 18.0000 	 0.5357 	 9.4405 	 1.6565 	 1.3127 	 -2.6868 	 0.0000 	 0.7379 	 0.0102 
26.0000 	 1.5936 	 0.3820 	 1.2029 	 5.7738 	 2.9192 	 0.0000 	 0.1668 	 670.3344 	 26.0000 	 2.6280 	 5.8426 	 2.1448 	 1.6551 	 1.6589 	 0.0000 	 2.8720 	 0.0052 
19.0000 	 0.0094 	 4.0598 	 3.4906 	 2.9879 	 4.6103 	 0.0000 	 1.6525 	 1070.8176 	 19.0000 	 0.9488 	 9.2970 	 6.4959 	 2.2138 	 1.6285 	 0.0000 	 0.1089 	 0.0000 
18.0000 	 0.0011 	 8.1779 	 7.3461 	 9.9694 	 -2.3612 	 0.0000 	 1.6017 	 1070.6424 	 18.0000 	 0.4881 	 1.5027 	 4.5808 	 0.5483 	 -1.8127 	 0.0000 	 1.4797 	 0.0000 
31.0000 	 1.7416 	 0.3999 	 1.1564 	 5.8568 	 2.8809 	 0.0000 	 0.2028 	 670.1469 	 31.0000 	 0.3251 	 7.7076 	 7.2132 	 0.9866 	 -2.5148 	 0.0000 	 1.2480 	 0.0034 
18.0000 	 1.1856 	 6.6508 	 0.7172 	 3.7203 	 6.5103 	 0.0000 	 1.6302 	 761.9767 	 18.0000 	 0.2395 	 0.4014 	 0.4860 	 2.5642 	 2.9844 	 0.0000 	 2.5954 	 0.0052 
17.0000 	 0.0024 	 0.0368 	 5.3404 	 6.2221 	 1.3858 	 0.0000 	 1.6015 	 1070.6424 	 17.0000 	 2.6609 	 6.9617 	 9.1178 	 2.9449 	 -2.7701 	 0.0000 	 2.5854 	 0.0000 
16.0000 	 1.1562 	 9.8419 	 9.8845 	 0.1889 	 7.3508 	 0.0000 	 1.7063 	 766.4647 	 16.0000 	 0.5935 	 7.8597 	 4.9182 	 0.7554 	 -0.8239 	 0.0000 	 2.5366 	 0.0050 
27.0000 	 1.5885 	 0.4090 	 1.1960 	 5.8482 	 2.8823 	 0.0000 	 0.2179 	 670.5443 	 27.0000 	 0.7266 	 1.9653 	 0.8038 	 1.5108 	 -1.3343 	 0.0000 	 0.5375 	 0.0364 
15.0000 	 1.1311 	 4.9756 	 7.4792 	 1.0118 	 7.2869 	 0.0000 	 1.6938 	 766.4128 	 15.0000 	 0.3906 	 8.4604 	 8.0705 	 2.1563 	 0.6338 	 0.0000 	 2.4994 	 0.0074 
19.0000 	 1.2483 	 7.5458 	 1.4161 	 2.6745 	 7.2932 	 0.0000 	 1.6838 	 765.0483 	 19.0000 	 2.9539 	 5.2552 	 5.6741 	 0.7192 	 0.1782 	 0.0000 	 2.4682 	 0.0038 
11.0000 	 0.8842 	 4.2738 	 3.6063 	 1.7452 	 7.2582 	 0.0000 	 1.6915 	 766.4124 	 11.0000 	 1.8133 	 7.4701 	 3.3957 	 2.7780 	 2.4321 	 0.0000 	 2.1711 	 0.0095 
26.0000 	 1.5788 	 0.0000 	 8.8665 	 9.3230 	 -1.9806 	 0.0000 	 1.7131 	 765.8054 	 26.0000 	 1.6401 	 2.2605 	 3.3686 	 2.4895 	 -0.4090 	 0.0000 	 2.2239 	 0.0029 
14.0000 	 1.0663 	 7.3616 	 5.8918 	 0.9012 	 7.3468 	 0.0000 	 1.7122 	 766.6724 	 14.0000 	 0.1833 	 1.2409 	 5.8265 	 2.3289 	 -1.0883 	 0.0000 	 1.9432 	 0.0068 
16.0000 	 1.1994 	 0.2833 	 0.6138 	 8.3778 	 0.9545 	 0.0000 	 0.0285 	 681.6037 	 16.0000 	 2.7808 	 9.3221 	 0.6312 	 1.5761 	 1.4082 	 0.0000 	 1.0573 	 0.0151 
18.0000 	 1.2902 	 0.3523 	 1.1306 	 5.7735 	 2.9005 	 0.0000 	 0.0639 	 671.7245 	 18.0000 	 1.3887 	 4.4694 	 3.7644 	 0.1784 	 0.0676 	 0.0000 	 2.2668 	 0.0076 
24.0000 	 1.5112 	 0.3845 	 1.1696 	 5.7216 	 2.9735 	 0.0000 	 0.1424 	 670.5900 	 24.0000 	 1.5903 	 8.9860 	 7.7130 	 0.0443 	 1.1172 	 0.0000 	 1.9794 	 0.0058 
18.0000 	 1.2803 	 0.3851 	 1.2290 	 5.6633 	 3.0360 	 0.0000 	 0.1960 	 671.5478 	 18.0000 	 1.9912 	 0.6677 	 2.6303 	 1.6635 	 -2.9117 	 0.0000 	 1.6196 	 0.0106 
13.0000 	 0.9623 	 1.1518 	 5.9659 	 1.2267 	 6.8844 	 0.0000 	 1.5991 	 762.8053 	 13.0000 	 2.9274 	 4.4999 	 9.6792 	 2.6976 	 1.3183 	 0.0000 	 2.6830 	 0.0091 
16.0000 	 1.1696 	 0.3763 	 1.0370 	 6.0607 	 2.7188 	 0.0000 	 0.1604 	 672.1321 	 16.0000 	 0.2106 	 0.8490 	 6.7388 	 0.2330 	 2.5119 	 0.0000 	 1.3602 	 0.0075 
24.0000 	 1.5332 	 0.3509 	 1.1846 	 5.7921 	 2.8171 	 0.0000 	 0.0223 	 670.8392 	 24.0000 	 1.3429 	 0.4650 	 6.1219 	 2.9004 	 1.6157 	 0.0000 	 0.1742 	 0.0062 
12.0000 	 0.0064 	 2.4652 	 0.0000 	 9.9999 	 1.3050 	 0.0000 	 1.6177 	 1067.4357 	 12.0000 	 1.5517 	 0.1936 	 4.3135 	 2.5102 	 -2.9431 	 0.0000 	 1.6360 	 0.0078 
15.0000 	 1.1226 	 0.3837 	 1.2519 	 5.6425 	 3.0340 	 0.0000 	 0.1997 	 672.2946 	 15.0000 	 2.6678 	 7.1318 	 4.8394 	 0.9818 	 -1.6511 	 0.0000 	 0.7112 	 0.0125 
9.0000 	 0.7577 	 5.1465 	 1.7529 	 2.1050 	 7.0547 	 0.0000 	 1.6876 	 766.8848 	 9.0000 	 0.5280 	 8.5258 	 4.9457 	 1.5875 	 2.2782 	 0.0000 	 2.7475 	 0.0144 
11.0000 	 0.9555 	 0.2430 	 0.6660 	 7.6310 	 1.4243 	 0.0000 	 0.0105 	 682.1363 	 11.0000 	 1.2777 	 3.4215 	 9.9591 	 0.7188 	 -0.6636 	 0.0000 	 2.8509 	 0.0234 
6.0000 	 0.5499 	 4.8004 	 2.1971 	 0.4882 	 7.3168 	 0.0000 	 1.7257 	 770.0874 	 6.0000 	 2.0017 	 6.7494 	 4.1356 	 1.5750 	 0.4599 	 0.0000 	 1.3227 	 0.0222 
7.0000 	 0.6448 	 9.9407 	 9.9999 	 8.9320 	 7.3753 	 0.0000 	 1.7148 	 769.7847 	 7.0000 	 0.8904 	 5.3252 	 0.9685 	 2.0656 	 0.3322 	 0.0000 	 1.0919 	 0.0256 
10.0000 	 0.8292 	 4.5458 	 0.9431 	 2.3498 	 6.9105 	 0.0000 	 1.6552 	 764.8819 	 10.0000 	 0.3436 	 7.9708 	 6.5742 	 2.5218 	 2.4083 	 0.0000 	 1.8177 	 0.0160 
28.0000 	 1.5125 	 8.4626 	 0.3108 	 9.9998 	 3.4488 	 0.0000 	 1.2739 	 752.6386 	 28.0000 	 2.1190 	 5.3063 	 1.9014 	 2.2358 	 -0.9285 	 0.0000 	 1.8719 	 0.0049 
9.0000 	 0.0239 	 8.2617 	 9.5117 	 2.3027 	 5.8477 	 0.0000 	 1.6273 	 1058.5997 	 9.0000 	 2.4715 	 8.6212 	 2.9740 	 2.0771 	 0.1193 	 0.0000 	 2.6122 	 0.4086 
23.0000 	 1.4549 	 0.0000 	 7.8424 	 7.7841 	 -0.4303 	 0.0000 	 1.7097 	 765.9061 	 23.0000 	 2.3807 	 4.6392 	 1.8922 	 2.0572 	 -0.7509 	 0.0000 	 0.9015 	 0.0029 
3.0000 	 0.4991 	 2.7335 	 10.0000 	 0.6034 	 7.3772 	 0.0000 	 1.6894 	 775.6061 	 3.0000 	 1.0472 	 6.5068 	 1.7876 	 1.4502 	 -2.8469 	 0.0000 	 2.8940 	 0.1050 
11.0000 	 0.9034 	 0.3825 	 1.3115 	 5.5996 	 2.9980 	 0.0000 	 0.0660 	 674.3502 	 11.0000 	 2.2484 	 4.2702 	 8.4833 	 0.8991 	 -2.8935 	 0.0000 	 2.1824 	 0.0211 
9.0000 	 0.7676 	 5.1969 	 1.4555 	 1.3532 	 7.2872 	 0.0000 	 1.7060 	 767.0605 	 9.0000 	 1.8674 	 2.0598 	 3.8083 	 0.1246 	 -1.2318 	 0.0000 	 2.7218 	 0.0137 
11.0000 	 0.8784 	 9.7549 	 1.3307 	 3.9293 	 7.1028 	 0.0000 	 1.6737 	 765.3304 	 11.0000 	 1.3980 	 7.9817 	 6.4065 	 1.2095 	 2.7642 	 0.0000 	 2.0965 	 0.0104 
24.0000 	 1.5188 	 0.3826 	 1.2313 	 5.6302 	 3.0278 	 0.0000 	 0.1134 	 670.6007 	 24.0000 	 0.9691 	 0.5405 	 5.5586 	 1.6099 	 2.8268 	 0.0000 	 1.4231 	 0.0072 
10.0000 	 0.0023 	 9.6184 	 8.2645 	 9.9901 	 -2.3818 	 0.0000 	 1.6016 	 1070.6424 	 10.0000 	 2.9109 	 5.6230 	 0.6296 	 1.2592 	 2.1761 	 0.0000 	 0.1622 	 0.0000 
1.0000 	 0.4022 	 7.9342 	 9.3551 	 7.1694 	 7.3981 	 0.0000 	 1.6994 	 772.3064 	 1.0000 	 2.2128 	 3.8242 	 3.1433 	 1.1738 	 -2.1727 	 0.0000 	 2.4954 	 0.1162 
9.0000 	 0.7596 	 1.9715 	 3.1169 	 0.2819 	 7.2785 	 0.0000 	 1.7104 	 767.3797 	 9.0000 	 2.0170 	 3.2279 	 0.9738 	 1.1187 	 -2.8312 	 0.0000 	 0.9865 	 0.0147 
17.0000 	 1.2057 	 0.3814 	 1.0663 	 6.0767 	 2.6846 	 0.0000 	 0.2167 	 671.9812 	 17.0000 	 2.0971 	 1.9670 	 1.3748 	 0.7830 	 -0.6133 	 0.0000 	 1.7201 	 0.0107 
16.0000 	 1.1282 	 4.7210 	 0.5730 	 3.3236 	 6.3214 	 0.0000 	 1.6217 	 761.7814 	 16.0000 	 1.2535 	 6.6381 	 4.8246 	 1.2035 	 -0.0566 	 0.0000 	 2.5611 	 0.0073 
8.0000 	 0.6607 	 7.0093 	 0.3230 	 9.9708 	 3.4327 	 0.0000 	 1.2027 	 757.7193 	 8.0000 	 2.7352 	 8.2090 	 4.9125 	 0.6460 	 -1.2852 	 0.0000 	 0.3677 	 0.0206 
6.0000 	 0.5799 	 8.6981 	 2.1099 	 4.1502 	 7.2601 	 0.0000 	 1.6847 	 769.9667 	 6.0000 	 2.1300 	 4.3117 	 1.5830 	 2.4954 	 2.5142 	 0.0000 	 1.6836 	 0.0272 
5.0000 	 0.4560 	 1.9961 	 3.3592 	 0.7936 	 7.2243 	 0.0000 	 1.6768 	 770.2164 	 5.0000 	 1.7032 	 7.5705 	 3.3406 	 0.1750 	 -0.7813 	 0.0000 	 1.8526 	 0.0584 
13.0000 	 0.0070 	 7.1008 	 6.1462 	 6.1578 	 1.4539 	 0.0000 	 1.5979 	 1070.6352 	 13.0000 	 1.7377 	 3.1675 	 4.6986 	 0.6060 	 -1.6562 	 0.0000 	 1.5224 	 0.0000 
8.0000 	 0.9052 	 6.0022 	 5.0415 	 0.9968 	 7.2327 	 0.0000 	 1.7566 	 772.2256 	 8.0000 	 0.3039 	 7.8614 	 3.4656 	 2.4023 	 -0.1422 	 0.0000 	 1.2182 	 0.0242 
9.0000 	 0.7320 	 5.9382 	 1.2909 	 1.4517 	 7.2294 	 0.0000 	 1.6921 	 766.9007 	 9.0000 	 2.9777 	 2.4800 	 5.4538 	 1.1680 	 2.3139 	 0.0000 	 1.9487 	 0.0143 
20.0000 	 1.3777 	 0.2582 	 0.5604 	 9.2143 	 0.2448 	 0.0000 	 0.0001 	 682.6262 	 20.0000 	 2.0693 	 3.6329 	 1.6340 	 1.3517 	 -1.3400 	 0.0000 	 2.2658 	 0.0192 
5.0000 	 5.9987 	 0.1562 	 0.6116 	 8.1515 	 5.4924 	 0.0000 	 1.6362 	 786.8730 	 5.0000 	 0.1492 	 5.5287 	 5.6147 	 0.5634 	 1.9023 	 0.0000 	 0.1040 	 0.7792 
20.0000 	 1.4039 	 1.8155 	 8.9518 	 0.8215 	 7.2744 	 0.0000 	 1.7122 	 764.6075 	 20.0000 	 2.4922 	 4.9047 	 3.8601 	 0.7601 	 2.1023 	 0.0000 	 1.7624 	 0.0073 
1.0000 	 0.4780 	 0.0103 	 1.5920 	 3.0285 	 4.4302 	 0.0000 	 1.6536 	 768.4204 	 1.0000 	 1.5185 	 0.2172 	 1.7181 	 0.9180 	 1.4251 	 0.0000 	 2.3927 	 0.1643 
14.0000 	 0.0027 	 9.8299 	 0.0000 	 3.9175 	 5.1256 	 0.0000 	 1.5985 	 1071.8234 	 14.0000 	 0.8473 	 8.4778 	 1.0963 	 0.3519 	 -0.4109 	 0.0000 	 0.1266 	 0.0000 
11.0000 	 0.0010 	 1.4287 	 2.8971 	 1.6503 	 5.9577 	 0.0000 	 1.6008 	 1070.6424 	 11.0000 	 2.0134 	 6.5845 	 3.2023 	 0.1206 	 1.5612 	 0.0000 	 0.6329 	 0.0000 
7.0000 	 0.0040 	 9.0705 	 1.9614 	 6.3839 	 1.2237 	 0.0000 	 1.6017 	 1070.6428 	 7.0000 	 0.7876 	 8.4294 	 5.8211 	 0.3694 	 2.4840 	 0.0000 	 0.1901 	 0.0000 
3.0000 	 0.3390 	 10.0000 	 8.2133 	 0.0000 	 7.3412 	 0.0000 	 1.7151 	 774.9885 	 3.0000 	 1.9526 	 2.3947 	 4.9468 	 1.7688 	 -2.0110 	 0.0000 	 0.1591 	 0.1075 
8.0000 	 0.6558 	 7.4015 	 0.1236 	 3.0889 	 5.7006 	 0.0000 	 1.7005 	 767.5665 	 8.0000 	 1.6188 	 3.7195 	 1.0336 	 1.8085 	 2.1466 	 0.0000 	 2.5678 	 0.0140 
6.0000 	 0.5430 	 7.3041 	 1.5354 	 3.3277 	 7.1378 	 0.0000 	 1.6832 	 769.3939 	 6.0000 	 2.4786 	 4.1901 	 4.1164 	 0.3661 	 0.9157 	 0.0000 	 0.0667 	 0.0306 
6.0000 	 0.5584 	 0.4614 	 1.7548 	 0.8910 	 6.7236 	 0.0000 	 1.6861 	 767.6543 	 6.0000 	 2.0709 	 4.5478 	 3.3758 	 0.7792 	 -2.5884 	 0.0000 	 2.2815 	 0.0208 
25.0000 	 1.5698 	 0.2813 	 0.6687 	 8.0265 	 1.1115 	 0.0000 	 0.1421 	 679.8767 	 25.0000 	 0.4506 	 3.9103 	 2.8247 	 2.8869 	 -1.5656 	 0.0000 	 2.8731 	 0.0102 
3.0000 	 1.0524 	 3.3481 	 1.1249 	 7.9090 	 7.1785 	 0.0000 	 1.6975 	 777.8498 	 3.0000 	 2.3716 	 0.9806 	 2.8280 	 1.3205 	 -0.3817 	 0.0000 	 2.2713 	 0.1045 
13.0000 	 0.0012 	 7.9726 	 0.0000 	 0.4895 	 7.2990 	 0.0000 	 1.6019 	 1070.6424 	 13.0000 	 2.0733 	 2.3077 	 7.6346 	 1.5461 	 2.2582 	 0.0000 	 1.1059 	 0.0000 
2.0000 	 0.3693 	 0.0000 	 4.2316 	 9.9849 	 -2.6463 	 0.0000 	 1.6898 	 775.3076 	 2.0000 	 0.2357 	 2.9540 	 5.5258 	 0.2492 	 -0.1667 	 0.0000 	 2.3747 	 0.1747 
10.0000 	 0.7872 	 0.9874 	 2.0544 	 1.6297 	 6.4748 	 0.0000 	 1.6172 	 762.4035 	 10.0000 	 2.5895 	 5.6073 	 1.4776 	 1.4553 	 1.9931 	 0.0000 	 1.3868 	 0.0103 
4.0000 	 0.3998 	 7.9995 	 7.8066 	 1.6015 	 7.3377 	 0.0000 	 1.7113 	 773.4092 	 4.0000 	 2.0807 	 8.2555 	 9.0575 	 0.1713 	 2.4352 	 0.0000 	 1.2528 	 0.0459 
14.0000 	 1.0196 	 10.0000 	 0.7323 	 3.7986 	 6.7377 	 0.0000 	 1.6579 	 763.1957 	 14.0000 	 2.3084 	 5.9405 	 3.8610 	 0.1605 	 0.3789 	 0.0000 	 2.5405 	 0.0063 
20.0000 	 1.3355 	 5.6139 	 9.4608 	 2.0659 	 7.3469 	 0.0000 	 1.7118 	 765.9116 	 20.0000 	 2.3729 	 8.6145 	 8.2384 	 2.0890 	 -0.1201 	 0.0000 	 0.0226 	 0.0042 
14.0000 	 1.0705 	 0.3829 	 1.1996 	 5.6562 	 3.0391 	 0.0000 	 0.1980 	 672.6430 	 14.0000 	 0.7791 	 7.8229 	 3.2363 	 0.6694 	 -1.1246 	 0.0000 	 2.4654 	 0.0176 
6.0000 	 0.5513 	 1.3777 	 4.5731 	 0.2442 	 7.3189 	 0.0000 	 1.7047 	 769.6713 	 6.0000 	 2.0491 	 1.2553 	 7.7992 	 1.0980 	 -1.5229 	 0.0000 	 1.3071 	 0.0202 
20.0000 	 1.3549 	 0.3778 	 1.1696 	 5.8186 	 2.8792 	 0.0000 	 0.1673 	 670.9262 	 20.0000 	 2.2115 	 0.3802 	 7.4903 	 1.4618 	 -1.6699 	 0.0000 	 2.3674 	 0.0092 
11.0000 	 0.9431 	 10.0000 	 6.0757 	 3.3139 	 7.2795 	 0.0000 	 1.7986 	 768.5113 	 11.0000 	 2.3951 	 0.2614 	 7.7296 	 1.8371 	 -2.9308 	 0.0000 	 1.2856 	 0.0109 
3.0000 	 0.3115 	 10.0000 	 6.6951 	 3.9954 	 7.3380 	 0.0000 	 1.7298 	 775.4382 	 3.0000 	 1.9433 	 4.2934 	 6.5621 	 2.0808 	 -1.5437 	 0.0000 	 2.0989 	 0.1011 
18.0000 	 0.0018 	 0.1023 	 3.2290 	 1.9699 	 5.6380 	 0.0000 	 1.6016 	 1070.6424 	 18.0000 	 1.8038 	 4.5927 	 9.8933 	 2.4585 	 -1.1929 	 0.0000 	 1.0502 	 0.0000 
18.0000 	 1.2321 	 0.7536 	 1.2666 	 0.2158 	 7.2253 	 0.0000 	 1.7005 	 765.4869 	 18.0000 	 2.1386 	 5.7208 	 8.3586 	 0.5886 	 -1.5237 	 0.0000 	 0.9028 	 0.0042 
3.0000 	 0.4357 	 6.9590 	 8.2245 	 10.0000 	 7.3676 	 0.0000 	 1.7464 	 775.7863 	 3.0000 	 1.0308 	 7.0022 	 7.7858 	 2.5808 	 -0.4789 	 0.0000 	 2.7671 	 0.1051 
2.0000 	 0.2600 	 0.1353 	 0.8128 	 7.0617 	 2.1127 	 0.0000 	 0.0029 	 694.5995 	 2.0000 	 1.6681 	 9.9156 	 1.1026 	 2.1397 	 -1.5160 	 0.0000 	 0.5410 	 0.1781 
1.0000 	 0.5262 	 10.0000 	 2.7204 	 0.0000 	 7.3600 	 0.0000 	 1.7032 	 772.0852 	 1.0000 	 0.4122 	 3.8980 	 7.5617 	 0.1008 	 -0.3001 	 0.0000 	 2.1326 	 0.2226 
8.0000 	 0.7079 	 8.5126 	 0.0000 	 2.0013 	 6.0902 	 0.0000 	 1.7077 	 768.8649 	 8.0000 	 0.9577 	 9.2262 	 1.5365 	 0.9076 	 1.2290 	 0.0000 	 2.0953 	 0.0176 
21.0000 	 1.3361 	 3.5040 	 0.5722 	 3.5393 	 6.0888 	 0.0000 	 1.5997 	 760.5145 	 21.0000 	 2.8208 	 7.4427 	 1.6140 	 2.8040 	 -1.4703 	 0.0000 	 2.0252 	 0.0218 
1.0000 	 0.1934 	 9.1337 	 6.8118 	 0.1090 	 7.3950 	 0.0000 	 1.6960 	 772.2747 	 1.0000 	 2.2121 	 1.8862 	 3.7714 	 0.4420 	 -2.4402 	 0.0000 	 0.4326 	 0.2883 
8.0000 	 0.7080 	 0.3536 	 1.2002 	 5.7613 	 2.9336 	 0.0000 	 0.2446 	 676.8372 	 8.0000 	 0.5143 	 2.2425 	 1.7290 	 1.8770 	 1.2645 	 0.0000 	 1.4451 	 0.0223 
2.0000 	 0.3054 	 0.4198 	 0.4675 	 3.3812 	 5.6820 	 0.0000 	 1.6025 	 773.7854 	 2.0000 	 1.6770 	 2.0804 	 9.9134 	 0.6363 	 0.5883 	 0.0000 	 2.3462 	 0.1498 
9.0000 	 0.8111 	 0.3105 	 1.1468 	 5.7192 	 2.9546 	 0.0000 	 0.2009 	 675.8984 	 9.0000 	 0.4784 	 1.9466 	 9.8020 	 2.2587 	 2.7024 	 0.0000 	 1.2801 	 0.0294 
16.0000 	 1.1555 	 0.0000 	 2.4949 	 1.0134 	 6.3281 	 0.0000 	 1.6553 	 766.6419 	 16.0000 	 0.8915 	 7.4753 	 8.5817 	 0.1646 	 0.6505 	 0.0000 	 1.6685 	 0.1332 
1.0000 	 0.1774 	 1.9498 	 0.0344 	 9.1731 	 1.9157 	 0.0000 	 1.6981 	 773.5907 	 1.0000 	 2.7550 	 1.3550 	 2.5791 	 1.8739 	 0.1370 	 0.0000 	 2.5053 	 0.2080 
9.0000 	 0.7655 	 5.2880 	 0.3336 	 10.0000 	 3.3703 	 0.0000 	 1.1899 	 755.5589 	 9.0000 	 0.7714 	 1.4734 	 4.2398 	 2.8676 	 2.8700 	 0.0000 	 1.0029 	 0.0199 
7.0000 	 0.6249 	 3.4548 	 10.0000 	 0.1964 	 7.3506 	 0.0000 	 1.7106 	 769.3587 	 7.0000 	 1.2414 	 5.9035 	 6.1182 	 0.0783 	 2.2738 	 0.0000 	 1.3044 	 0.0200 
9.0000 	 0.0097 	 0.3223 	 4.5605 	 2.6104 	 5.1855 	 0.0000 	 1.9100 	 1056.1466 	 9.0000 	 2.9570 	 5.2949 	 6.8788 	 1.5032 	 -2.6960 	 0.0000 	 2.2041 	 0.3010 
6.0000 	 0.5431 	 0.5629 	 6.8576 	 0.8016 	 6.8576 	 0.0000 	 1.6527 	 767.2494 	 6.0000 	 2.3251 	 6.5222 	 6.4790 	 2.4434 	 2.9535 	 0.0000 	 0.2038 	 0.0223 
22.0000 	 1.4289 	 0.3902 	 1.1749 	 5.7801 	 2.9293 	 0.0000 	 0.1831 	 670.6948 	 22.0000 	 1.0857 	 3.4473 	 0.9875 	 1.0265 	 -1.1090 	 0.0000 	 1.0601 	 0.0055 
11.0000 	 0.9183 	 0.1900 	 0.5452 	 9.8922 	 -0.6972 	 0.0000 	 0.0887 	 687.3399 	 11.0000 	 0.8762 	 4.8596 	 4.0293 	 1.9672 	 -1.2821 	 0.0000 	 1.5969 	 0.0303 
16.0000 	 1.1173 	 0.4454 	 1.3014 	 5.5218 	 3.0925 	 0.0000 	 0.0853 	 672.5666 	 16.0000 	 2.5425 	 5.5900 	 4.2855 	 0.3629 	 2.5531 	 0.0000 	 1.1409 	 0.0096 
19.0000 	 1.2737 	 9.7860 	 2.2043 	 5.9867 	 7.2058 	 0.0000 	 1.7092 	 764.9706 	 19.0000 	 2.0382 	 1.2171 	 2.6811 	 2.4857 	 -2.3745 	 0.0000 	 1.7720 	 0.0049 
6.0000 	 0.5538 	 7.5747 	 9.3296 	 1.1401 	 7.3471 	 0.0000 	 1.7034 	 770.4235 	 6.0000 	 2.9725 	 9.3325 	 8.3122 	 2.6874 	 0.2813 	 0.0000 	 2.4226 	 0.0435 
8.0000 	 0.6950 	 0.3840 	 1.3039 	 5.5608 	 3.1338 	 0.0000 	 0.2510 	 677.4755 	 8.0000 	 0.0760 	 8.7222 	 7.3027 	 0.7415 	 0.8306 	 0.0000 	 0.2597 	 0.0391 
15.0000 	 0.0016 	 2.7073 	 3.1788 	 2.3884 	 5.2193 	 0.0000 	 1.6013 	 1070.6424 	 15.0000 	 0.7520 	 0.4853 	 9.3638 	 2.9627 	 -2.4678 	 0.0000 	 0.0000 	 0.0000 
10.0000 	 0.8555 	 2.8592 	 5.7965 	 1.1188 	 7.3167 	 0.0000 	 1.6907 	 766.8210 	 10.0000 	 0.8357 	 7.2372 	 2.9096 	 2.6546 	 -0.5774 	 0.0000 	 1.5371 	 0.0103 
4.0000 	 0.3843 	 0.2960 	 1.5019 	 5.1929 	 3.4277 	 0.0000 	 0.3696 	 687.8450 	 4.0000 	 1.6440 	 9.2054 	 3.9277 	 1.5342 	 0.3872 	 0.0000 	 2.5976 	 0.0477 
5.0000 	 0.5205 	 0.2567 	 1.2771 	 5.7147 	 2.9502 	 0.0000 	 0.2481 	 681.9065 	 5.0000 	 1.8783 	 3.9226 	 4.7575 	 2.1406 	 -1.9833 	 0.0000 	 2.9830 	 0.0738 
12.0000 	 0.0010 	 5.1172 	 8.1104 	 7.9131 	 -0.3164 	 0.0000 	 1.5921 	 1070.6539 	 12.0000 	 1.0237 	 0.4898 	 1.0169 	 0.9290 	 -1.9654 	 0.0000 	 1.3621 	 0.0011 
5.0000 	 0.5027 	 10.0000 	 8.1098 	 4.2833 	 7.3487 	 0.0000 	 1.7069 	 771.9912 	 5.0000 	 1.1158 	 9.0804 	 5.9531 	 1.2056 	 1.3519 	 0.0000 	 1.8518 	 0.0424 
4.0000 	 0.7284 	 9.8869 	 6.1118 	 5.6872 	 7.3295 	 0.0000 	 1.7035 	 776.1613 	 4.0000 	 2.0205 	 7.7712 	 1.6930 	 1.0491 	 -0.4816 	 0.0000 	 1.2564 	 0.1032 
8.0000 	 0.7250 	 9.9956 	 2.5987 	 6.1501 	 7.2960 	 0.0000 	 1.7071 	 768.3513 	 8.0000 	 1.2378 	 8.6265 	 6.5057 	 1.0443 	 0.1718 	 0.0000 	 1.2969 	 0.0149 
3.0000 	 1.0060 	 0.0000 	 2.9822 	 9.9998 	 -2.5400 	 0.0000 	 1.7093 	 769.9661 	 3.0000 	 0.5782 	 8.9077 	 8.3082 	 2.3958 	 -2.5477 	 0.0000 	 0.0289 	 3.8291 
7.0000 	 0.6332 	 9.9998 	 1.8809 	 3.0655 	 7.3073 	 0.0000 	 1.7043 	 768.7261 	 7.0000 	 2.5859 	 8.0360 	 3.5485 	 2.1912 	 -0.0462 	 0.0000 	 2.6693 	 0.0273 
4.0000 	 0.4265 	 6.5092 	 0.0000 	 1.5157 	 6.4048 	 0.0000 	 1.6972 	 773.4299 	 4.0000 	 0.5954 	 9.4129 	 3.0381 	 1.9115 	 2.5211 	 0.0000 	 2.2350 	 0.0453 
15.0000 	 1.1182 	 0.3885 	 1.2290 	 5.6859 	 3.0056 	 0.0000 	 0.2022 	 672.2168 	 15.0000 	 0.1513 	 1.4791 	 4.5849 	 0.5488 	 0.2791 	 0.0000 	 2.5663 	 0.0091 
21.0000 	 1.3959 	 0.3694 	 1.1004 	 5.9023 	 2.8249 	 0.0000 	 0.1619 	 670.8789 	 21.0000 	 1.2969 	 3.4611 	 2.1899 	 2.7668 	 1.6468 	 0.0000 	 0.8702 	 0.0056 
2.0000 	 0.3508 	 1.4612 	 9.8950 	 0.0652 	 7.3315 	 0.0000 	 1.7598 	 775.3494 	 2.0000 	 2.9107 	 7.3743 	 6.9522 	 2.8349 	 2.1689 	 0.0000 	 2.7323 	 0.1615 
7.0000 	 0.6292 	 9.9614 	 1.5703 	 0.8175 	 7.3271 	 0.0000 	 1.7124 	 769.1724 	 7.0000 	 2.0876 	 9.2178 	 4.9649 	 0.0832 	 2.3413 	 0.0000 	 1.5243 	 0.0282 
1.0000 	 0.4941 	 5.0945 	 1.4439 	 2.6075 	 7.3288 	 0.0000 	 1.7462 	 772.2958 	 1.0000 	 0.6071 	 9.3251 	 1.0806 	 1.9018 	 1.3868 	 0.0000 	 1.8114 	 0.1052 
2.0000 	 0.5872 	 9.1839 	 9.9095 	 0.3390 	 7.3262 	 0.0000 	 1.7464 	 774.7613 	 2.0000 	 0.1397 	 2.8397 	 8.7874 	 0.2516 	 -1.0014 	 0.0000 	 0.0118 	 0.1447 
12.0000 	 1.0106 	 0.3268 	 1.3089 	 5.4861 	 3.2100 	 0.0000 	 0.2774 	 675.3440 	 12.0000 	 1.5243 	 6.5089 	 9.0798 	 1.4148 	 -1.4267 	 0.0000 	 0.4157 	 0.0187 
5.0000 	 0.4459 	 0.8404 	 1.4874 	 1.5099 	 6.5562 	 0.0000 	 1.5954 	 767.3826 	 5.0000 	 2.0727 	 3.7529 	 0.0919 	 1.7601 	 2.9778 	 0.0000 	 2.0619 	 0.0533 
17.0000 	 1.2413 	 0.2239 	 0.5150 	 9.9443 	 -0.4589 	 0.0000 	 0.0000 	 684.4224 	 17.0000 	 0.2057 	 9.4104 	 6.3959 	 1.2306 	 1.1998 	 0.0000 	 0.3096 	 0.0155 
3.0000 	 3.4540 	 0.3148 	 0.1508 	 6.3895 	 4.3187 	 0.0000 	 1.6355 	 782.0364 	 3.0000 	 0.2026 	 0.0700 	 2.6713 	 2.8879 	 2.1875 	 0.0000 	 2.0130 	 0.2268 
4.0000 	 0.3527 	 0.3465 	 1.9959 	 4.8075 	 3.7138 	 0.0000 	 0.4861 	 694.4397 	 4.0000 	 2.1883 	 4.6923 	 5.4707 	 0.5965 	 -0.4413 	 0.0000 	 0.9992 	 0.0423 
9.0000 	 0.8155 	 0.2701 	 0.9058 	 6.4055 	 2.2802 	 0.0000 	 0.0302 	 678.5725 	 9.0000 	 1.5402 	 5.6249 	 2.6463 	 0.2078 	 0.9541 	 0.0000 	 0.8733 	 0.0279 
12.0000 	 0.9861 	 0.1965 	 0.4944 	 9.9999 	 -0.5534 	 0.0000 	 0.0011 	 686.4204 	 12.0000 	 1.2760 	 9.5722 	 2.4721 	 1.2239 	 -0.6398 	 0.0000 	 1.9648 	 0.0225 
2.0000 	 0.5176 	 6.8636 	 6.9778 	 1.5846 	 7.3188 	 0.0000 	 1.7284 	 774.4922 	 2.0000 	 0.8325 	 1.0388 	 8.0365 	 2.9774 	 2.1328 	 0.0000 	 2.4024 	 0.2633 
19.0000 	 1.3255 	 0.3773 	 1.1928 	 5.6873 	 3.0045 	 0.0000 	 0.1597 	 671.2188 	 19.0000 	 2.4099 	 5.8094 	 7.4991 	 1.8339 	 1.1416 	 0.0000 	 0.3823 	 0.0081 
16.0000 	 1.1811 	 0.3913 	 1.3008 	 5.4654 	 3.1349 	 0.0000 	 0.0583 	 672.2611 	 16.0000 	 1.7302 	 4.5218 	 7.2136 	 0.1789 	 2.8674 	 0.0000 	 1.2945 	 0.0118 
12.0000 	 0.0073 	 6.3490 	 2.9471 	 8.8462 	 -1.2379 	 0.0000 	 1.6022 	 1070.6424 	 12.0000 	 0.5954 	 3.7583 	 2.4986 	 2.9561 	 -0.3708 	 0.0000 	 1.9483 	 0.0000 
9.0000 	 0.7764 	 8.2483 	 0.0006 	 4.9343 	 4.2354 	 0.0000 	 1.7118 	 768.2901 	 9.0000 	 1.8141 	 5.3313 	 1.8720 	 1.3114 	 1.8095 	 0.0000 	 1.5349 	 0.0132 
4.0000 	 0.3876 	 4.8255 	 9.9999 	 0.6505 	 7.3459 	 0.0000 	 1.7195 	 773.1122 	 4.0000 	 2.0684 	 3.3340 	 4.4455 	 2.0121 	 1.2740 	 0.0000 	 2.9979 	 0.0361 
18.0000 	 0.0052 	 1.7446 	 7.8943 	 8.6205 	 -1.0127 	 0.0000 	 1.6016 	 1070.6424 	 18.0000 	 1.9629 	 2.2996 	 6.5633 	 1.4510 	 -2.0750 	 0.0000 	 0.6420 	 0.0000 
15.0000 	 0.0010 	 3.1981 	 9.6144 	 2.5958 	 5.0120 	 0.0000 	 1.6012 	 1070.6423 	 15.0000 	 2.0375 	 7.6090 	 7.6525 	 2.1057 	 1.0550 	 0.0000 	 1.8195 	 0.0000 
1.0000 	 0.3602 	 5.0741 	 7.4711 	 6.4137 	 7.3253 	 0.0000 	 1.7112 	 772.1103 	 1.0000 	 1.2370 	 8.2463 	 8.4073 	 1.3249 	 -0.6147 	 0.0000 	 1.7903 	 0.1169 
6.0000 	 0.5790 	 9.0789 	 2.5834 	 4.7096 	 7.2873 	 0.0000 	 1.7026 	 770.3235 	 6.0000 	 2.1404 	 9.7717 	 5.2646 	 0.1557 	 -2.7855 	 0.0000 	 0.4890 	 0.0262 
10.0000 	 0.8615 	 0.2556 	 0.5482 	 9.0559 	 0.3779 	 0.0000 	 0.0000 	 686.2209 	 10.0000 	 2.7900 	 4.2865 	 7.9646 	 1.3211 	 -2.7895 	 0.0000 	 1.1089 	 0.0259 
1.0000 	 3.9342 	 1.7242 	 4.5949 	 8.2579 	 7.3729 	 0.0000 	 1.7606 	 776.0082 	 1.0000 	 2.1613 	 5.3365 	 6.1284 	 1.0760 	 2.0963 	 0.0000 	 1.5585 	 0.1373 
5.0000 	 0.4754 	 9.9132 	 8.4273 	 3.2295 	 7.3602 	 0.0000 	 1.6993 	 771.9817 	 5.0000 	 2.7993 	 3.2597 	 9.0557 	 1.6141 	 -0.5260 	 0.0000 	 2.5297 	 0.0329 
15.0000 	 1.1229 	 0.3785 	 1.2473 	 5.6106 	 3.0136 	 0.0000 	 0.0897 	 672.0707 	 15.0000 	 2.9205 	 1.0014 	 9.5182 	 0.8117 	 -2.4034 	 0.0000 	 2.4343 	 0.0140 
3.0000 	 0.3122 	 4.8881 	 4.7935 	 0.3633 	 7.3054 	 0.0000 	 1.6955 	 774.8290 	 3.0000 	 2.5266 	 7.4228 	 0.8598 	 1.9291 	 0.0896 	 0.0000 	 2.6143 	 0.1009 
15.0000 	 1.1168 	 0.3927 	 1.2615 	 5.5014 	 3.1663 	 0.0000 	 0.1768 	 672.8707 	 15.0000 	 2.7323 	 6.4576 	 4.6521 	 0.6165 	 2.0976 	 0.0000 	 1.5522 	 0.0160 
2.0000 	 0.8271 	 6.3522 	 9.7778 	 4.7541 	 7.3308 	 0.0000 	 1.7501 	 774.6936 	 2.0000 	 0.6497 	 8.1063 	 9.3159 	 2.1034 	 1.5736 	 0.0000 	 2.4277 	 0.1113 
7.0000 	 0.6068 	 1.7442 	 0.4404 	 4.6502 	 5.0342 	 0.0000 	 1.5016 	 762.4625 	 7.0000 	 2.2883 	 9.5650 	 3.9573 	 2.7816 	 -2.0844 	 0.0000 	 1.3840 	 0.0349 
13.0000 	 1.0159 	 0.0000 	 6.8385 	 9.7724 	 -2.4246 	 0.0000 	 1.7075 	 766.9812 	 13.0000 	 1.9702 	 3.2958 	 9.2616 	 2.5146 	 0.1703 	 0.0000 	 1.8617 	 0.0100 
13.0000 	 1.0307 	 0.3873 	 1.0702 	 5.9406 	 2.7964 	 0.0000 	 0.0111 	 674.0853 	 13.0000 	 2.6158 	 4.4279 	 9.3129 	 0.5585 	 -1.1764 	 0.0000 	 0.1469 	 0.1615 
7.0000 	 0.6094 	 4.6182 	 2.2700 	 0.3606 	 7.3208 	 0.0000 	 1.7115 	 769.2605 	 7.0000 	 1.5416 	 1.5803 	 1.6940 	 1.0915 	 -2.6703 	 0.0000 	 2.1444 	 0.0182 
11.0000 	 0.9019 	 10.0000 	 7.9941 	 9.4200 	 7.3446 	 0.0000 	 1.7096 	 767.5077 	 11.0000 	 2.8081 	 4.3704 	 4.0493 	 0.4303 	 -2.2448 	 0.0000 	 1.2767 	 0.0088 
5.0000 	 0.4709 	 4.9339 	 0.0729 	 10.0000 	 1.5694 	 0.0000 	 1.6458 	 768.8133 	 5.0000 	 1.3400 	 8.4207 	 1.7328 	 2.3666 	 -1.6433 	 0.0000 	 2.2122 	 0.0300 
11.0000 	 0.9049 	 0.3694 	 1.1032 	 5.8532 	 2.8750 	 0.0000 	 0.2317 	 674.1638 	 11.0000 	 2.8830 	 3.6997 	 2.3202 	 2.8080 	 -1.8595 	 0.0000 	 1.8582 	 0.0190 
3.0000 	 0.3385 	 0.0000 	 7.9309 	 9.1488 	 -1.8171 	 0.0000 	 1.7290 	 774.8975 	 3.0000 	 1.3288 	 2.6587 	 4.8538 	 2.9346 	 1.2831 	 0.0000 	 2.8141 	 0.0903 
10.0000 	 0.8123 	 2.3146 	 0.6926 	 0.8805 	 6.9924 	 0.0000 	 1.6790 	 766.0477 	 10.0000 	 0.3953 	 4.7093 	 2.6180 	 1.9633 	 -1.8522 	 0.0000 	 0.4499 	 0.0107 
2.0000 	 0.6576 	 7.4904 	 0.0002 	 2.9564 	 5.4480 	 0.0000 	 1.6725 	 774.6587 	 2.0000 	 0.3247 	 0.7918 	 7.2328 	 0.7591 	 1.5511 	 0.0000 	 2.3238 	 0.1561 
10.0000 	 0.7836 	 6.2458 	 0.4020 	 7.3069 	 4.7288 	 0.0000 	 1.3974 	 759.9224 	 10.0000 	 0.4838 	 6.3032 	 6.4408 	 2.0294 	 -0.0869 	 0.0000 	 2.3925 	 0.0139 
8.0000 	 0.7167 	 6.3850 	 7.8066 	 0.3758 	 7.3548 	 0.0000 	 1.6956 	 768.8335 	 8.0000 	 1.3952 	 8.5737 	 0.2719 	 1.5430 	 2.6234 	 0.0000 	 2.7125 	 0.0210 
7.0000 	 0.0121 	 4.6509 	 2.5946 	 4.0449 	 3.5636 	 0.0000 	 1.6028 	 1070.6424 	 7.0000 	 2.8349 	 3.0721 	 2.6597 	 1.3213 	 0.6619 	 0.0000 	 0.4882 	 0.0000 
4.0000 	 0.3627 	 7.3940 	 0.6176 	 0.6891 	 7.2823 	 0.0000 	 1.7094 	 772.9425 	 4.0000 	 1.8669 	 0.4137 	 0.4788 	 2.6579 	 1.6626 	 0.0000 	 0.5281 	 0.0370 
8.0000 	 0.6938 	 8.9781 	 0.7275 	 3.7742 	 6.7132 	 0.0000 	 1.6603 	 765.6600 	 8.0000 	 1.2490 	 9.8215 	 0.5387 	 2.5926 	 -1.3938 	 0.0000 	 0.7893 	 0.0196 
4.0000 	 0.3922 	 9.9999 	 1.3499 	 0.0001 	 7.3441 	 0.0000 	 1.7286 	 773.2697 	 4.0000 	 0.1564 	 8.2755 	 2.1711 	 1.4687 	 1.7134 	 0.0000 	 2.9140 	 0.0405 
2.0000 	 0.7604 	 3.7027 	 8.9688 	 0.6576 	 7.3681 	 0.0000 	 1.7249 	 774.4120 	 2.0000 	 0.8508 	 9.3759 	 6.8043 	 1.5776 	 2.2771 	 0.0000 	 1.1080 	 0.1695 
6.0000 	 0.6010 	 0.2282 	 0.6025 	 8.3221 	 1.0259 	 0.0000 	 0.0142 	 689.9833 	 6.0000 	 0.6089 	 0.0369 	 3.5766 	 2.2139 	 -0.1163 	 0.0000 	 2.9097 	 0.0654 
5.0000 	 0.4899 	 3.8740 	 4.7254 	 1.2487 	 7.2394 	 0.0000 	 1.6940 	 771.4575 	 5.0000 	 1.4324 	 7.3944 	 0.6594 	 0.9125 	 2.3681 	 0.0000 	 2.6311 	 0.0476 
4.0000 	 0.4071 	 5.0757 	 3.2791 	 0.7458 	 7.3751 	 0.0000 	 1.6900 	 773.2432 	 4.0000 	 0.4417 	 5.3981 	 3.7640 	 1.5314 	 0.8381 	 0.0000 	 0.6896 	 0.0469 
1.0000 	 0.5663 	 9.9951 	 10.0000 	 2.3959 	 7.3624 	 0.0000 	 1.7238 	 772.4087 	 1.0000 	 0.1499 	 2.2493 	 4.5577 	 2.5065 	 0.1535 	 0.0000 	 2.9052 	 0.1112 
42.0000 	 0.0020 	 2.6076 	 8.7114 	 5.9073 	 1.7006 	 0.0000 	 1.6000 	 1070.6428 	 42.0000 	 0.0289 	 7.5343 	 1.5290 	 2.6446 	 1.4136 	 0.0000 	 1.9600 	 0.0000 
41.0000 	 0.0061 	 5.6072 	 3.2481 	 3.1321 	 4.4748 	 0.0000 	 1.6021 	 1070.6424 	 41.0000 	 0.0326 	 7.2909 	 7.0621 	 0.2840 	 -2.4142 	 0.0000 	 2.4816 	 0.0000 
39.0000 	 2.0174 	 5.6262 	 2.8235 	 0.7500 	 7.3499 	 0.0000 	 1.7217 	 765.1046 	 39.0000 	 2.5926 	 5.2373 	 1.1126 	 1.1099 	 0.6317 	 0.0000 	 0.6952 	 0.0026 
35.0000 	 0.0018 	 0.0000 	 0.1184 	 9.9920 	 -2.3872 	 0.0000 	 1.5923 	 1070.6496 	 35.0000 	 0.5703 	 5.1867 	 2.8967 	 2.6804 	 -1.3951 	 0.0000 	 0.1377 	 0.0053 
36.0000 	 1.7863 	 0.7677 	 0.3878 	 10.0000 	 1.2195 	 0.0000 	 0.0037 	 714.8081 	 36.0000 	 1.3135 	 4.5478 	 3.8056 	 0.6808 	 1.1184 	 0.0000 	 0.2696 	 0.0313 
30.0000 	 1.6969 	 8.8111 	 1.9299 	 3.4152 	 7.3431 	 0.0000 	 1.6999 	 764.5810 	 30.0000 	 2.0446 	 6.8016 	 5.0992 	 2.8897 	 1.1842 	 0.0000 	 2.2732 	 0.0021 
36.0000 	 1.9014 	 0.4060 	 1.2445 	 5.6852 	 3.0155 	 0.0000 	 0.1906 	 670.0287 	 36.0000 	 2.2385 	 2.7156 	 1.5243 	 2.9767 	 -0.0143 	 0.0000 	 1.1166 	 0.0028 
29.0000 	 1.6975 	 0.3963 	 1.3376 	 5.4554 	 3.1749 	 0.0000 	 0.1069 	 670.7868 	 29.0000 	 0.0885 	 5.2792 	 8.8293 	 1.9194 	 -0.0827 	 0.0000 	 2.4036 	 0.0052 
30.0000 	 1.7218 	 0.3860 	 1.1865 	 5.7876 	 2.9001 	 0.0000 	 0.1382 	 670.1565 	 30.0000 	 0.8881 	 7.4226 	 3.9100 	 0.7953 	 -1.8708 	 0.0000 	 0.4672 	 0.0048 
31.0000 	 1.7461 	 0.3949 	 1.1625 	 5.8523 	 2.8837 	 0.0000 	 0.2048 	 670.1442 	 31.0000 	 0.0635 	 6.4972 	 0.0394 	 0.2302 	 2.1742 	 0.0000 	 0.3192 	 0.0035 
29.0000 	 1.6347 	 9.9989 	 2.1434 	 2.5423 	 7.3064 	 0.0000 	 1.7093 	 764.7812 	 29.0000 	 0.7840 	 7.2500 	 6.9158 	 2.8857 	 -1.8898 	 0.0000 	 2.0979 	 0.0027 
28.0000 	 1.6312 	 10.0000 	 10.0000 	 0.9129 	 7.3505 	 0.0000 	 1.7098 	 765.7160 	 28.0000 	 0.3608 	 4.9835 	 6.5260 	 2.8162 	 -2.7415 	 0.0000 	 2.5919 	 0.0021 
28.0000 	 1.6492 	 0.3914 	 1.1959 	 5.7772 	 2.9216 	 0.0000 	 0.1738 	 670.2166 	 28.0000 	 2.4025 	 7.3570 	 1.9977 	 1.7234 	 -0.2202 	 0.0000 	 0.5403 	 0.0042 
29.0000 	 1.6471 	 9.8745 	 0.7643 	 0.4141 	 7.2752 	 0.0000 	 1.7083 	 765.2000 	 29.0000 	 2.0887 	 9.9588 	 6.3481 	 0.6340 	 1.7743 	 0.0000 	 2.5372 	 0.0022 
26.0000 	 1.5768 	 0.4021 	 1.1740 	 5.8146 	 2.9438 	 0.0000 	 0.2047 	 670.6672 	 26.0000 	 0.2739 	 5.9645 	 2.8794 	 2.7172 	 -0.7941 	 0.0000 	 0.1717 	 0.0046 
25.0000 	 1.5430 	 0.3784 	 1.0906 	 6.0330 	 2.7335 	 0.0000 	 0.2169 	 670.7732 	 25.0000 	 0.9000 	 6.6327 	 0.5989 	 1.8457 	 1.7424 	 0.0000 	 2.9588 	 0.0046 
28.0000 	 1.6397 	 0.3995 	 1.2589 	 5.5740 	 3.0251 	 0.0000 	 0.0107 	 670.8323 	 28.0000 	 1.5154 	 1.9885 	 8.2182 	 1.3062 	 1.0642 	 0.0000 	 2.5641 	 0.0044 
26.0000 	 0.0012 	 0.5700 	 5.7241 	 4.1552 	 3.4524 	 0.0000 	 1.6010 	 1070.5671 	 26.0000 	 0.6439 	 5.2071 	 6.9409 	 2.4661 	 1.6482 	 0.0000 	 1.2835 	 0.0000 
23.0000 	 1.4735 	 0.2456 	 0.5661 	 9.8509 	 -0.4608 	 0.0000 	 0.0000 	 684.1112 	 23.0000 	 1.3041 	 5.4780 	 3.9273 	 0.5329 	 1.1199 	 0.0000 	 1.3782 	 0.0134 
23.0000 	 1.4639 	 0.4000 	 1.1602 	 5.8295 	 2.9139 	 0.0000 	 0.2129 	 670.6979 	 23.0000 	 2.8400 	 0.9648 	 5.3854 	 0.3411 	 -1.2213 	 0.0000 	 0.0745 	 0.0068 
21.0000 	 1.3707 	 6.1828 	 10.0000 	 0.2994 	 7.3554 	 0.0000 	 1.7123 	 765.9535 	 21.0000 	 0.7174 	 2.1134 	 2.2775 	 0.0224 	 -2.6833 	 0.0000 	 2.9077 	 0.0033 
23.0000 	 1.4744 	 0.3930 	 1.3101 	 5.5339 	 3.0970 	 0.0000 	 0.1101 	 670.8471 	 23.0000 	 2.8391 	 1.2684 	 8.1495 	 2.5978 	 -0.1261 	 0.0000 	 2.8161 	 0.0061 
22.0000 	 1.4316 	 4.2017 	 2.7185 	 2.5801 	 7.1034 	 0.0000 	 1.5741 	 766.2806 	 22.0000 	 2.2103 	 6.7254 	 6.5458 	 2.4378 	 1.5516 	 0.0000 	 1.9147 	 0.0063 
50.0000 	 2.3351 	 0.3894 	 1.3164 	 5.5864 	 3.0826 	 0.0000 	 0.1259 	 670.2187 	 50.0000 	 0.5459 	 1.0373 	 1.8663 	 0.5975 	 2.5668 	 0.0000 	 0.9333 	 0.0051 
49.0000 	 2.3122 	 0.3955 	 0.7778 	 7.0356 	 2.2943 	 0.0000 	 0.0087 	 675.1010 	 49.0000 	 1.1715 	 5.8177 	 2.5246 	 2.5597 	 -2.6767 	 0.0000 	 1.6661 	 0.0077 
31.0000 	 0.0019 	 8.4272 	 8.3822 	 4.9284 	 2.6790 	 0.0000 	 1.6016 	 1070.6424 	 31.0000 	 2.3286 	 7.0166 	 2.4230 	 0.0052 	 0.6631 	 0.0000 	 0.0503 	 0.0000 
29.0000 	 0.0019 	 8.6430 	 6.0629 	 8.4089 	 -0.8008 	 0.0000 	 1.6014 	 1070.6424 	 29.0000 	 1.3681 	 5.0716 	 6.9509 	 1.0475 	 0.7397 	 0.0000 	 1.1653 	 0.0000 
31.0000 	 1.9216 	 0.2717 	 1.4769 	 5.2172 	 3.3299 	 0.0000 	 0.0191 	 669.8127 	 31.0000 	 0.9399 	 5.6727 	 4.9551 	 2.6601 	 2.5785 	 0.0000 	 1.7587 	 0.0408 
28.0000 	 1.6600 	 0.3717 	 1.1802 	 5.7534 	 2.8751 	 0.0000 	 0.0012 	 670.6739 	 28.0000 	 0.2171 	 9.1232 	 3.8187 	 2.6414 	 -0.3577 	 0.0000 	 1.5768 	 0.0042 
30.0000 	 1.7143 	 0.4017 	 1.2155 	 5.7263 	 2.9785 	 0.0000 	 0.1889 	 670.1734 	 30.0000 	 2.6289 	 3.9625 	 2.5932 	 1.2095 	 -0.6917 	 0.0000 	 2.8873 	 0.0039 
28.0000 	 0.0367 	 0.9614 	 8.8064 	 10.0000 	 -2.3966 	 0.0000 	 1.6061 	 1070.6445 	 28.0000 	 0.5752 	 4.1080 	 6.2655 	 2.2146 	 0.2842 	 0.0000 	 0.1450 	 0.0000 
27.0000 	 0.0224 	 0.0288 	 1.7962 	 9.3451 	 -1.7299 	 0.0000 	 1.6372 	 1069.3372 	 27.0000 	 0.8790 	 9.5240 	 4.1214 	 0.0794 	 -2.3757 	 0.0000 	 1.1992 	 0.0000 
27.0000 	 1.6440 	 0.3461 	 1.0776 	 6.0381 	 2.6348 	 0.0000 	 0.0421 	 670.8199 	 27.0000 	 0.0360 	 9.2637 	 6.3370 	 1.0762 	 0.2835 	 0.0000 	 0.6420 	 0.0044 
25.0000 	 0.0100 	 3.4110 	 4.5389 	 2.8035 	 4.8058 	 0.0000 	 1.6022 	 1070.6425 	 25.0000 	 0.1065 	 1.7131 	 9.2641 	 0.0693 	 1.2876 	 0.0000 	 1.1487 	 0.0002 
25.0000 	 1.5668 	 0.3427 	 1.0578 	 6.1540 	 2.5223 	 0.0000 	 0.0004 	 671.0606 	 25.0000 	 2.5235 	 7.3257 	 2.0349 	 0.3733 	 0.5909 	 0.0000 	 0.3780 	 0.0051 
23.0000 	 1.4536 	 9.9960 	 6.8456 	 4.5237 	 7.3491 	 0.0000 	 1.7085 	 765.8470 	 23.0000 	 0.7237 	 6.1501 	 7.6432 	 0.0331 	 2.0799 	 0.0000 	 1.5518 	 0.0029 
21.0000 	 1.3783 	 0.0000 	 5.8906 	 10.0000 	 -2.6479 	 0.0000 	 1.7069 	 766.0143 	 21.0000 	 2.9869 	 1.2691 	 9.2123 	 1.1541 	 -1.2518 	 0.0000 	 2.7652 	 0.0034 
22.0000 	 1.4367 	 0.3867 	 1.1957 	 5.7476 	 2.9521 	 0.0000 	 0.1701 	 670.7004 	 22.0000 	 2.6609 	 9.9714 	 0.6848 	 0.2207 	 -1.7503 	 0.0000 	 0.5915 	 0.0071 
21.0000 	 1.4014 	 0.3688 	 1.1384 	 5.7995 	 2.8383 	 0.0000 	 0.0022 	 671.0802 	 21.0000 	 0.3039 	 9.3845 	 1.1135 	 2.6155 	 2.2692 	 0.0000 	 1.1136 	 0.0086 
22.0000 	 1.4281 	 0.3858 	 1.1848 	 5.7744 	 2.9179 	 0.0000 	 0.1630 	 670.6567 	 22.0000 	 1.9126 	 7.7053 	 2.4431 	 2.8439 	 -0.6245 	 0.0000 	 2.2607 	 0.0065 
21.0000 	 1.3815 	 9.9994 	 3.0501 	 9.5154 	 7.3188 	 0.0000 	 1.6958 	 765.4698 	 21.0000 	 1.8664 	 3.9321 	 5.1814 	 2.1081 	 1.3697 	 0.0000 	 1.5072 	 0.0039 
20.0000 	 1.2934 	 9.4519 	 0.6417 	 3.5800 	 6.6278 	 0.0000 	 1.6619 	 762.1930 	 20.0000 	 2.8148 	 3.3969 	 9.8576 	 2.4486 	 1.1143 	 0.0000 	 2.8433 	 0.0104 
20.0000 	 1.3621 	 0.3708 	 1.1582 	 5.8025 	 2.8968 	 0.0000 	 0.1561 	 670.9041 	 20.0000 	 2.7816 	 8.4941 	 0.5137 	 1.8001 	 0.0362 	 0.0000 	 0.7877 	 0.0101 
20.0000 	 1.3514 	 0.3707 	 1.1382 	 5.8868 	 2.8150 	 0.0000 	 0.1601 	 670.9409 	 20.0000 	 0.9221 	 4.7841 	 5.9411 	 2.2125 	 -0.1807 	 0.0000 	 1.3391 	 0.0072 
20.0000 	 1.3605 	 0.3678 	 1.1533 	 5.8036 	 2.8905 	 0.0000 	 0.1569 	 670.9146 	 20.0000 	 1.0739 	 5.5027 	 6.5502 	 1.9047 	 2.4589 	 0.0000 	 2.9014 	 0.0074 
19.0000 	 1.3204 	 8.3728 	 2.3518 	 7.4185 	 7.2520 	 0.0000 	 1.7057 	 765.4335 	 19.0000 	 2.1584 	 3.9702 	 7.7178 	 1.3400 	 -0.7750 	 0.0000 	 1.9096 	 0.0074 
18.0000 	 1.2544 	 0.3885 	 1.2154 	 5.6558 	 2.9918 	 0.0000 	 0.1071 	 671.3234 	 18.0000 	 2.2108 	 3.7334 	 9.8159 	 2.6587 	 -2.4771 	 0.0000 	 2.3533 	 0.0081 
19.0000 	 1.3016 	 0.2386 	 0.5214 	 9.8980 	 -0.4164 	 0.0000 	 0.0216 	 684.0747 	 19.0000 	 2.5565 	 6.4592 	 3.9643 	 1.7671 	 0.7861 	 0.0000 	 2.8042 	 0.0112 
17.0000 	 1.2225 	 0.3580 	 1.0534 	 6.0663 	 2.6722 	 0.0000 	 0.1717 	 671.7738 	 17.0000 	 1.9680 	 0.8092 	 7.6935 	 2.5494 	 2.6233 	 0.0000 	 2.9165 	 0.0112 
17.0000 	 0.0143 	 7.1507 	 0.0000 	 9.7703 	 1.4204 	 0.0000 	 1.6149 	 1070.6588 	 17.0000 	 2.5956 	 4.6914 	 5.7808 	 1.3845 	 -2.9578 	 0.0000 	 1.0220 	 0.0000 
18.0000 	 1.2566 	 0.3783 	 1.1378 	 5.8494 	 2.8439 	 0.0000 	 0.1453 	 671.2514 	 18.0000 	 1.6976 	 3.8064 	 8.0823 	 1.1748 	 1.5310 	 0.0000 	 1.7430 	 0.0092 
16.0000 	 1.1607 	 0.0000 	 6.2039 	 9.9653 	 -2.6176 	 0.0000 	 1.7142 	 766.4721 	 16.0000 	 1.0566 	 9.0630 	 7.2283 	 2.0171 	 -2.2858 	 0.0000 	 1.5409 	 0.0051 
16.0000 	 0.0087 	 8.8498 	 8.7442 	 1.0911 	 6.5193 	 0.0000 	 1.5957 	 1070.6449 	 16.0000 	 0.8831 	 0.9548 	 5.4414 	 1.2919 	 -1.6894 	 0.0000 	 1.7761 	 0.0000 
17.0000 	 1.2071 	 9.4184 	 9.2146 	 7.5242 	 7.3611 	 0.0000 	 1.7115 	 766.3840 	 17.0000 	 1.3473 	 2.7762 	 5.3757 	 0.6071 	 2.0519 	 0.0000 	 0.9264 	 0.0066 
15.0000 	 1.1066 	 9.3301 	 9.1377 	 4.0517 	 7.3539 	 0.0000 	 1.6978 	 766.6108 	 15.0000 	 0.6930 	 3.4371 	 3.3210 	 2.4306 	 -0.1026 	 0.0000 	 0.6017 	 0.0058 
15.0000 	 1.1057 	 0.3879 	 1.1470 	 5.8962 	 2.8192 	 0.0000 	 0.2038 	 672.1699 	 15.0000 	 2.5773 	 2.5272 	 3.9089 	 1.9005 	 1.6201 	 0.0000 	 1.1064 	 0.0207 
17.0000 	 1.2112 	 0.3710 	 0.6572 	 7.7965 	 1.6261 	 0.0000 	 0.0059 	 679.6837 	 17.0000 	 2.2611 	 2.6928 	 2.7466 	 2.1398 	 2.7739 	 0.0000 	 1.5742 	 0.0161 
14.0000 	 1.0574 	 5.6372 	 1.8420 	 2.5166 	 7.2407 	 0.0000 	 1.6422 	 765.1815 	 14.0000 	 0.0330 	 8.7399 	 5.7119 	 1.7644 	 2.3508 	 0.0000 	 1.5720 	 0.0170 
14.0000 	 0.0389 	 8.1443 	 9.2408 	 2.1074 	 5.5006 	 0.0000 	 1.6015 	 1070.6424 	 14.0000 	 2.1482 	 2.3699 	 6.3627 	 1.6526 	 2.3418 	 0.0000 	 2.6715 	 0.0000 
13.0000 	 0.0024 	 1.8595 	 9.3140 	 0.3294 	 7.2780 	 0.0000 	 1.6016 	 1070.6424 	 13.0000 	 2.4430 	 0.7588 	 5.9912 	 0.2879 	 2.2356 	 0.0000 	 1.2331 	 0.0000 
13.0000 	 1.0453 	 0.0000 	 2.4113 	 9.5643 	 -2.1822 	 0.0000 	 1.7349 	 767.1146 	 13.0000 	 0.9516 	 5.7974 	 7.8614 	 1.9735 	 2.1885 	 0.0000 	 0.9838 	 0.1773 
17.0000 	 1.2303 	 0.3645 	 1.2339 	 5.6162 	 3.0043 	 0.0000 	 0.0757 	 671.5344 	 17.0000 	 2.3328 	 1.6656 	 3.9819 	 2.1886 	 0.2122 	 0.0000 	 0.0518 	 0.0113 
12.0000 	 0.9752 	 0.3601 	 1.2154 	 5.6366 	 3.0217 	 0.0000 	 0.1465 	 673.4013 	 12.0000 	 2.6238 	 2.7282 	 2.6390 	 1.4708 	 2.5451 	 0.0000 	 2.0847 	 0.0305 
16.0000 	 2.4843 	 0.2166 	 0.4362 	 10.0000 	 1.9926 	 0.0000 	 0.0107 	 740.6454 	 16.0000 	 1.9711 	 5.9551 	 8.6882 	 1.1402 	 -1.5621 	 0.0000 	 2.9480 	 0.2867 
12.0000 	 0.9604 	 10.0000 	 7.7110 	 7.2250 	 7.3526 	 0.0000 	 1.7097 	 767.1873 	 12.0000 	 0.1810 	 2.7080 	 7.3492 	 1.9081 	 2.0090 	 0.0000 	 1.5251 	 0.0132 
12.0000 	 0.0058 	 9.7248 	 7.9778 	 2.2588 	 5.3490 	 0.0000 	 1.6012 	 1070.6424 	 12.0000 	 1.6962 	 6.5327 	 3.1256 	 2.2381 	 -2.2684 	 0.0000 	 0.9797 	 0.0000 
15.0000 	 1.1159 	 9.7898 	 9.9994 	 7.5478 	 7.3409 	 0.0000 	 1.7135 	 766.6354 	 15.0000 	 2.8839 	 0.8633 	 5.7305 	 1.3805 	 -1.4390 	 0.0000 	 2.5986 	 0.0060 
14.0000 	 1.0646 	 0.0000 	 4.4424 	 7.8323 	 -0.4848 	 0.0000 	 1.7061 	 766.7812 	 14.0000 	 0.0425 	 6.9259 	 5.8154 	 0.2069 	 -1.1973 	 0.0000 	 2.9767 	 0.0068 
11.0000 	 0.8916 	 0.3552 	 9.6459 	 3.7689 	 4.4715 	 0.0000 	 0.7852 	 703.1369 	 11.0000 	 2.5822 	 0.2116 	 8.9909 	 2.8168 	 2.7930 	 0.0000 	 2.8142 	 0.0164 
10.0000 	 0.0010 	 7.6009 	 4.0071 	 6.5260 	 1.0826 	 0.0000 	 1.5985 	 1070.6429 	 10.0000 	 0.5611 	 1.0984 	 2.5040 	 0.3595 	 -1.7507 	 0.0000 	 1.7298 	 0.0000 
14.0000 	 1.0648 	 0.0000 	 4.8567 	 6.9149 	 0.4340 	 0.0000 	 1.7110 	 766.7584 	 14.0000 	 0.3551 	 0.1650 	 1.9256 	 2.6824 	 -2.4813 	 0.0000 	 0.9268 	 0.0068 
8.0000 	 2.8943 	 0.0291 	 1.3255 	 3.5257 	 5.0738 	 0.0000 	 0.0001 	 801.1832 	 8.0000 	 0.2389 	 9.3245 	 0.3061 	 0.2135 	 1.5843 	 0.0000 	 0.8063 	 0.1542 
14.0000 	 0.0035 	 1.4011 	 9.6522 	 3.2825 	 4.3252 	 0.0000 	 1.6016 	 1070.6424 	 14.0000 	 1.3740 	 3.2622 	 5.8904 	 2.1700 	 0.8996 	 0.0000 	 0.7452 	 0.0000 
6.0000 	 0.0011 	 1.1827 	 2.0186 	 9.6815 	 -2.0735 	 0.0000 	 1.6012 	 1070.6424 	 6.0000 	 0.8497 	 2.3099 	 4.4753 	 1.6363 	 -2.3220 	 0.0000 	 2.4244 	 0.0000 
13.0000 	 0.0012 	 8.8150 	 0.0000 	 9.5594 	 1.6033 	 0.0000 	 1.6216 	 1071.1644 	 13.0000 	 0.9810 	 0.2981 	 0.4603 	 0.6655 	 -0.2973 	 0.0000 	 2.6712 	 0.4339 
5.0000 	 0.4700 	 5.7518 	 3.5011 	 0.9162 	 7.4084 	 0.0000 	 1.6904 	 771.7921 	 5.0000 	 1.2334 	 4.5037 	 4.7570 	 0.7171 	 2.6741 	 0.0000 	 2.6525 	 0.0301 
13.0000 	 0.0119 	 0.0643 	 4.8514 	 2.3406 	 5.2665 	 0.0000 	 1.6015 	 1070.6424 	 13.0000 	 2.0071 	 2.7864 	 0.4686 	 0.4544 	 -1.6163 	 0.0000 	 2.6926 	 0.0000 
3.0000 	 0.5687 	 1.5772 	 0.0001 	 0.6940 	 6.9196 	 0.0000 	 1.7361 	 775.7264 	 3.0000 	 2.7524 	 3.7110 	 0.0150 	 1.1888 	 2.0220 	 0.0000 	 2.7100 	 0.1627 
2.0000 	 0.5520 	 5.1062 	 9.7871 	 3.1483 	 7.2899 	 0.0000 	 1.6816 	 774.9101 	 2.0000 	 0.7901 	 8.5964 	 6.5387 	 2.9703 	 0.4969 	 0.0000 	 0.9037 	 0.1236 
13.0000 	 1.0214 	 0.3766 	 1.1874 	 5.6964 	 3.0043 	 0.0000 	 0.1908 	 672.9778 	 13.0000 	 0.8910 	 5.0433 	 2.4384 	 2.3858 	 1.0607 	 0.0000 	 0.9974 	 0.0158 
12.0000 	 1.0197 	 0.2913 	 0.8789 	 6.4865 	 2.3132 	 0.0000 	 0.0170 	 676.0625 	 12.0000 	 2.0958 	 2.6069 	 4.5240 	 2.9795 	 -1.7329 	 0.0000 	 2.6181 	 0.0180 
12.0000 	 0.9252 	 3.7093 	 2.7122 	 0.9512 	 7.2854 	 0.0000 	 1.7436 	 766.0959 	 12.0000 	 2.8512 	 8.3539 	 6.9216 	 0.8294 	 2.7253 	 0.0000 	 0.4637 	 0.0162 
10.0000 	 0.8415 	 0.0000 	 6.9366 	 9.8450 	 -2.4903 	 0.0000 	 1.7089 	 767.8468 	 10.0000 	 2.2102 	 1.2371 	 4.0222 	 0.9345 	 -1.4565 	 0.0000 	 0.8481 	 0.0162 
10.0000 	 0.8797 	 1.7391 	 6.0515 	 0.8817 	 7.2441 	 0.0000 	 1.6685 	 766.2019 	 10.0000 	 1.3569 	 4.1340 	 3.1344 	 1.3937 	 1.1566 	 0.0000 	 2.7281 	 0.0111 
7.0000 	 0.6448 	 8.2140 	 1.4903 	 2.0379 	 7.3117 	 0.0000 	 1.6392 	 768.9157 	 7.0000 	 2.4373 	 8.2768 	 4.1413 	 2.6797 	 -2.7489 	 0.0000 	 0.8968 	 0.0223 
7.0000 	 0.6206 	 7.1899 	 2.2519 	 1.3226 	 7.2953 	 0.0000 	 1.7123 	 768.9953 	 7.0000 	 2.0583 	 8.6457 	 8.4550 	 1.2686 	 -2.5996 	 0.0000 	 2.1630 	 0.0182 
5.0000 	 0.5056 	 9.9634 	 6.0254 	 0.0000 	 7.2627 	 0.0000 	 1.7759 	 772.5069 	 5.0000 	 2.8131 	 5.4771 	 5.8697 	 0.8633 	 -2.5617 	 0.0000 	 0.2080 	 0.0249 
4.0000 	 0.4146 	 8.3217 	 2.2090 	 3.1860 	 7.2726 	 0.0000 	 1.7016 	 773.2595 	 4.0000 	 2.8638 	 7.0700 	 9.7287 	 0.6979 	 -1.9039 	 0.0000 	 2.0421 	 0.0485 
1.0000 	 0.3082 	 0.1432 	 0.0000 	 3.9550 	 4.8916 	 0.0000 	 1.7175 	 772.2880 	 1.0000 	 2.8671 	 5.8004 	 9.6568 	 2.8462 	 0.2744 	 0.0000 	 2.0908 	 0.1795 
