50.0000 	 0.0233 	 6.9469 	 4.5332 	 3.5367 	 1.3230 	 0.0000 	 2.0598 	 961.7582 	 50.0000 	 0.7462 	 4.0466 	 3.9131 	 2.3494 	 -0.3322 	 0.0000 	 2.6122 	 0.0000 
50.0000 	 0.0012 	 2.6932 	 6.1289 	 3.1852 	 1.6759 	 0.0000 	 2.0594 	 961.7583 	 50.0000 	 2.3812 	 6.8696 	 5.1780 	 2.1756 	 0.2320 	 0.0000 	 1.5179 	 0.0000 
50.0000 	 0.0066 	 5.8879 	 5.9658 	 3.0702 	 1.7915 	 0.0000 	 2.0567 	 961.7582 	 50.0000 	 2.8055 	 6.9740 	 7.9002 	 2.4978 	 -0.5678 	 0.0000 	 1.7491 	 0.0018 
49.0000 	 0.0060 	 1.2501 	 3.1234 	 3.2698 	 1.5901 	 0.0000 	 2.0595 	 961.7583 	 49.0000 	 0.5876 	 6.8171 	 4.4966 	 2.7604 	 1.8705 	 0.0000 	 0.8030 	 0.0000 
49.0000 	 1.8034 	 4.5064 	 2.1051 	 6.3030 	 3.2805 	 0.0000 	 1.1329 	 726.4834 	 49.0000 	 2.4221 	 8.3860 	 6.7390 	 1.9186 	 2.5498 	 0.0000 	 2.2939 	 0.0018 
49.0000 	 1.8196 	 0.0000 	 8.5168 	 6.3642 	 -1.7526 	 0.0000 	 1.9728 	 774.0958 	 49.0000 	 1.6831 	 9.1741 	 7.3008 	 1.0049 	 0.5821 	 0.0000 	 0.5481 	 0.0023 
49.0000 	 1.8064 	 4.4465 	 2.1639 	 6.2421 	 3.3041 	 0.0000 	 1.1379 	 726.4689 	 49.0000 	 1.4005 	 1.4581 	 8.9807 	 2.9137 	 -1.2998 	 0.0000 	 1.6823 	 0.0014 
49.0000 	 1.8076 	 3.7366 	 7.1208 	 4.4146 	 3.8355 	 0.0000 	 1.2827 	 728.5890 	 49.0000 	 2.1196 	 5.9157 	 6.5434 	 1.4124 	 0.1568 	 0.0000 	 1.4374 	 0.0028 
49.0000 	 0.0250 	 0.9784 	 9.8472 	 2.2725 	 2.5869 	 0.0000 	 2.0593 	 961.7583 	 49.0000 	 2.7672 	 1.6424 	 0.1243 	 2.4138 	 -0.1601 	 0.0000 	 1.0031 	 0.0000 
49.0000 	 1.8151 	 6.0665 	 1.5683 	 8.7252 	 3.0647 	 0.0000 	 1.1043 	 726.9992 	 49.0000 	 0.6805 	 3.8253 	 5.2579 	 1.3034 	 -2.2428 	 0.0000 	 2.2253 	 0.0019 
48.0000 	 1.7762 	 4.5217 	 2.1385 	 6.2591 	 3.2936 	 0.0000 	 1.1337 	 726.4893 	 48.0000 	 1.7186 	 3.2880 	 6.4520 	 2.7746 	 1.3033 	 0.0000 	 2.2149 	 0.0019 
49.0000 	 1.8173 	 4.2508 	 2.3146 	 6.0271 	 3.3480 	 0.0000 	 1.1483 	 726.4870 	 49.0000 	 0.9014 	 2.7569 	 3.7518 	 2.4323 	 -1.5728 	 0.0000 	 2.7180 	 0.0015 
49.0000 	 1.8105 	 4.3835 	 2.2377 	 6.1604 	 3.3351 	 0.0000 	 1.1450 	 726.4738 	 49.0000 	 2.7221 	 9.8015 	 6.9941 	 0.5321 	 -2.7715 	 0.0000 	 1.9550 	 0.0021 
46.0000 	 0.0219 	 8.0036 	 3.9140 	 4.1237 	 0.7374 	 0.0000 	 2.0594 	 961.7583 	 46.0000 	 0.3429 	 6.0622 	 1.5616 	 2.6777 	 1.6136 	 0.0000 	 2.6317 	 0.0000 
48.0000 	 1.7907 	 4.3591 	 2.2465 	 6.1258 	 3.3260 	 0.0000 	 1.1437 	 726.4713 	 48.0000 	 2.8034 	 1.0594 	 7.8557 	 2.1637 	 -1.7890 	 0.0000 	 1.3513 	 0.0019 
48.0000 	 1.7870 	 4.3793 	 2.2843 	 6.0921 	 3.3461 	 0.0000 	 1.1468 	 726.4746 	 48.0000 	 1.4787 	 0.9918 	 0.2840 	 1.8680 	 0.5998 	 0.0000 	 1.9260 	 0.0016 
48.0000 	 1.7780 	 4.3584 	 2.3591 	 5.9603 	 3.3653 	 0.0000 	 1.1505 	 726.4916 	 48.0000 	 0.8068 	 6.5928 	 2.6349 	 1.2785 	 1.9311 	 0.0000 	 2.2285 	 0.0016 
47.0000 	 1.7555 	 4.5078 	 2.2522 	 6.1673 	 3.3380 	 0.0000 	 1.1511 	 726.4889 	 47.0000 	 0.6359 	 5.5837 	 2.5271 	 0.7126 	 1.1273 	 0.0000 	 0.6830 	 0.0016 
47.0000 	 1.7484 	 4.3379 	 2.6168 	 5.7749 	 3.4329 	 0.0000 	 1.1690 	 726.5816 	 47.0000 	 0.7919 	 2.0874 	 4.6553 	 1.8719 	 2.9015 	 0.0000 	 0.9274 	 0.0016 
47.0000 	 0.3420 	 1.1621 	 4.0784 	 2.7894 	 2.0750 	 0.0000 	 2.0580 	 961.7590 	 47.0000 	 0.0467 	 3.2074 	 4.3365 	 0.5009 	 -0.5829 	 0.0000 	 2.3301 	 0.0000 
47.0000 	 1.7676 	 4.4747 	 2.1832 	 6.2609 	 3.3191 	 0.0000 	 1.1409 	 726.4783 	 47.0000 	 2.9541 	 0.3099 	 1.1142 	 1.0595 	 -2.4949 	 0.0000 	 2.2971 	 0.0019 
46.0000 	 1.7503 	 4.2187 	 2.6287 	 5.6990 	 3.4636 	 0.0000 	 1.1755 	 726.5996 	 46.0000 	 1.5492 	 6.4130 	 3.2368 	 1.6025 	 2.2823 	 0.0000 	 0.1382 	 0.0019 
46.0000 	 1.7524 	 0.0000 	 7.3639 	 5.1625 	 -0.5478 	 0.0000 	 1.9703 	 774.0976 	 46.0000 	 2.0692 	 1.2262 	 3.6099 	 0.0261 	 0.9396 	 0.0000 	 1.6522 	 0.0006 
47.0000 	 0.1488 	 3.7953 	 6.5431 	 3.2248 	 1.6352 	 0.0000 	 2.0601 	 961.7583 	 47.0000 	 2.1399 	 2.6030 	 4.7690 	 2.7289 	 -2.8519 	 0.0000 	 2.8363 	 0.0000 
46.0000 	 1.7453 	 4.4708 	 2.1767 	 6.2468 	 3.3098 	 0.0000 	 1.1417 	 726.4841 	 46.0000 	 1.8192 	 8.7405 	 4.9794 	 1.9742 	 1.2030 	 0.0000 	 0.4114 	 0.0015 
45.0000 	 0.0015 	 2.6973 	 9.0403 	 4.5063 	 0.3529 	 0.0000 	 2.0597 	 961.7582 	 45.0000 	 2.9981 	 3.3929 	 2.0262 	 1.7681 	 2.5507 	 0.0000 	 0.3467 	 0.0000 
47.0000 	 0.1726 	 1.6470 	 3.0699 	 3.5199 	 1.3408 	 0.0000 	 2.0602 	 961.7583 	 47.0000 	 1.3120 	 2.0001 	 1.9610 	 0.2667 	 0.6639 	 0.0000 	 0.7044 	 0.0000 
45.0000 	 1.7215 	 5.7731 	 1.6477 	 8.1837 	 3.1093 	 0.0000 	 1.1069 	 726.9079 	 45.0000 	 2.8080 	 7.2560 	 0.3216 	 2.9283 	 2.8753 	 0.0000 	 0.3519 	 0.0024 
46.0000 	 1.7455 	 4.3529 	 2.2721 	 6.0927 	 3.3330 	 0.0000 	 1.1408 	 726.4834 	 46.0000 	 0.4116 	 7.9019 	 3.1305 	 0.7204 	 1.0349 	 0.0000 	 1.2838 	 0.0016 
47.0000 	 1.7666 	 4.3304 	 2.3087 	 6.0479 	 3.3436 	 0.0000 	 1.1445 	 726.4828 	 47.0000 	 0.0692 	 0.7589 	 8.8085 	 0.9188 	 -0.2147 	 0.0000 	 1.5172 	 0.0018 
44.0000 	 1.6939 	 4.3000 	 2.4912 	 5.7914 	 3.4176 	 0.0000 	 1.1530 	 726.5728 	 44.0000 	 1.9514 	 9.5145 	 8.3370 	 2.9530 	 2.2438 	 0.0000 	 0.7805 	 0.0031 
45.0000 	 1.7307 	 6.9424 	 1.4532 	 10.0000 	 2.9894 	 0.0000 	 1.0860 	 727.2038 	 45.0000 	 1.4378 	 2.5644 	 5.9578 	 0.7151 	 -2.9424 	 0.0000 	 2.1534 	 0.0037 
45.0000 	 1.7189 	 4.3081 	 2.4549 	 5.8749 	 3.3949 	 0.0000 	 1.1565 	 726.5278 	 45.0000 	 1.1619 	 9.7288 	 6.7682 	 0.9598 	 -2.7106 	 0.0000 	 1.9363 	 0.0028 
44.0000 	 1.7036 	 4.6255 	 2.0154 	 6.6461 	 3.2360 	 0.0000 	 1.1141 	 726.5495 	 44.0000 	 1.5144 	 9.0608 	 8.8431 	 0.7531 	 1.5632 	 0.0000 	 2.7534 	 0.0017 
44.0000 	 0.0110 	 3.7680 	 7.5510 	 2.3229 	 2.5425 	 0.0000 	 2.0550 	 961.7525 	 44.0000 	 1.9198 	 7.3309 	 6.6845 	 2.5786 	 -2.8353 	 0.0000 	 1.4859 	 0.0005 
45.0000 	 1.7319 	 0.0000 	 7.4135 	 3.8374 	 0.7734 	 0.0000 	 1.9718 	 774.0990 	 45.0000 	 1.4039 	 1.2065 	 6.6015 	 2.7558 	 -0.3403 	 0.0000 	 2.9617 	 0.0006 
46.0000 	 1.7495 	 5.9498 	 1.5587 	 8.6916 	 3.0140 	 0.0000 	 1.0793 	 726.9997 	 46.0000 	 2.4802 	 0.7349 	 4.5898 	 2.5433 	 -2.7574 	 0.0000 	 1.2927 	 0.0019 
43.0000 	 1.6775 	 4.3854 	 2.4147 	 5.9687 	 3.3971 	 0.0000 	 1.1566 	 726.5508 	 43.0000 	 2.2371 	 1.0004 	 9.9880 	 1.5246 	 -0.4220 	 0.0000 	 2.8173 	 0.0018 
45.0000 	 1.7315 	 4.1452 	 2.4706 	 5.7982 	 3.3841 	 0.0000 	 1.1567 	 726.5586 	 45.0000 	 1.7122 	 8.8591 	 3.6164 	 2.8497 	 2.9154 	 0.0000 	 0.0721 	 0.0016 
44.0000 	 1.6998 	 4.2171 	 2.5991 	 5.6961 	 3.4375 	 0.0000 	 1.1706 	 726.5954 	 44.0000 	 2.4670 	 7.4728 	 5.5822 	 0.4201 	 0.8348 	 0.0000 	 1.8683 	 0.0021 
41.0000 	 1.6468 	 0.0000 	 2.9476 	 3.4671 	 1.1458 	 0.0000 	 1.9721 	 774.1071 	 41.0000 	 1.1026 	 0.2166 	 2.2954 	 2.0803 	 1.0609 	 0.0000 	 2.7200 	 0.0006 
44.0000 	 1.6985 	 4.4925 	 2.2650 	 6.1615 	 3.3461 	 0.0000 	 1.1374 	 726.5267 	 44.0000 	 2.1245 	 6.5710 	 3.7927 	 0.3257 	 -1.7569 	 0.0000 	 1.2962 	 0.0015 
43.0000 	 1.6890 	 4.1513 	 2.6945 	 5.6847 	 3.4681 	 0.0000 	 1.1776 	 726.6617 	 43.0000 	 0.4949 	 5.6238 	 4.9678 	 0.1152 	 -2.6511 	 0.0000 	 1.0554 	 0.0032 
43.0000 	 1.6812 	 4.3005 	 2.5787 	 5.8121 	 3.4559 	 0.0000 	 1.1765 	 726.6162 	 43.0000 	 2.1596 	 2.1299 	 3.8713 	 2.6028 	 -0.8780 	 0.0000 	 2.1274 	 0.0018 
43.0000 	 1.6875 	 4.4199 	 2.1236 	 6.3240 	 3.2778 	 0.0000 	 1.1218 	 726.5355 	 43.0000 	 2.4638 	 4.3997 	 4.2109 	 2.7524 	 0.4847 	 0.0000 	 2.3210 	 0.0021 
44.0000 	 1.6974 	 4.6359 	 2.1015 	 6.5145 	 3.2783 	 0.0000 	 1.1284 	 726.5307 	 44.0000 	 1.7799 	 3.0391 	 3.3596 	 2.8966 	 2.1200 	 0.0000 	 2.2347 	 0.0020 
41.0000 	 1.6310 	 4.4616 	 2.2908 	 6.1167 	 3.3495 	 0.0000 	 1.1438 	 726.5814 	 41.0000 	 0.4254 	 3.9240 	 2.6491 	 1.7117 	 1.5179 	 0.0000 	 1.2625 	 0.0026 
41.0000 	 1.4901 	 5.4395 	 6.6748 	 4.7607 	 3.8525 	 0.0000 	 1.3271 	 731.7887 	 41.0000 	 1.8525 	 2.0133 	 9.0967 	 2.0991 	 1.5567 	 0.0000 	 2.2799 	 0.0072 
44.0000 	 1.7123 	 4.3279 	 2.2696 	 6.1174 	 3.3500 	 0.0000 	 1.1463 	 726.5248 	 44.0000 	 2.9619 	 6.2141 	 9.0704 	 1.4361 	 2.4567 	 0.0000 	 1.4596 	 0.0023 
43.0000 	 1.6852 	 4.2469 	 2.2623 	 6.0156 	 3.3183 	 0.0000 	 1.1347 	 726.5616 	 43.0000 	 1.6211 	 9.5704 	 0.9660 	 2.7220 	 -1.5492 	 0.0000 	 2.2792 	 0.0018 
41.0000 	 0.0070 	 4.0083 	 2.2040 	 3.0032 	 1.8609 	 0.0000 	 2.0601 	 961.7588 	 41.0000 	 1.4443 	 0.5594 	 0.1078 	 2.8189 	 1.9545 	 0.0000 	 0.0605 	 0.0000 
40.0000 	 1.6197 	 4.2172 	 2.4114 	 5.9194 	 3.3642 	 0.0000 	 1.1323 	 726.6580 	 40.0000 	 0.8693 	 9.8779 	 3.2302 	 2.1239 	 -1.8548 	 0.0000 	 2.3844 	 0.0023 
43.0000 	 1.6805 	 4.5141 	 2.1397 	 6.3184 	 3.3052 	 0.0000 	 1.1284 	 726.5306 	 43.0000 	 2.7289 	 3.4116 	 7.8528 	 2.4131 	 2.2727 	 0.0000 	 2.5923 	 0.0019 
42.0000 	 1.6587 	 4.3918 	 2.2733 	 6.1390 	 3.3353 	 0.0000 	 1.1369 	 726.5454 	 42.0000 	 0.1927 	 8.7311 	 9.9736 	 0.0256 	 -0.1199 	 0.0000 	 0.5922 	 0.0024 
41.0000 	 1.6358 	 4.3871 	 2.3206 	 6.0752 	 3.3505 	 0.0000 	 1.1431 	 726.5761 	 41.0000 	 2.5472 	 9.0812 	 8.6628 	 2.4698 	 -1.7289 	 0.0000 	 1.8771 	 0.0023 
41.0000 	 1.6438 	 0.0000 	 3.6242 	 5.7643 	 -1.1489 	 0.0000 	 1.9738 	 774.1058 	 41.0000 	 2.5012 	 6.8294 	 4.4007 	 0.0223 	 -1.8330 	 0.0000 	 2.2920 	 0.0005 
42.0000 	 0.0047 	 4.9558 	 4.0685 	 3.6371 	 1.2226 	 0.0000 	 2.0597 	 961.7583 	 42.0000 	 1.5045 	 8.9727 	 4.5665 	 1.5172 	 -1.3970 	 0.0000 	 1.4019 	 0.0000 
42.0000 	 1.6643 	 4.3474 	 2.2683 	 6.1290 	 3.3329 	 0.0000 	 1.1362 	 726.5501 	 42.0000 	 1.4829 	 9.1986 	 6.7053 	 0.3036 	 2.9804 	 0.0000 	 0.1774 	 0.0024 
38.0000 	 0.0023 	 8.0180 	 1.9863 	 3.8860 	 0.9696 	 0.0000 	 2.0658 	 961.7606 	 38.0000 	 0.2929 	 0.5768 	 7.4056 	 2.7404 	 -0.6378 	 0.0000 	 0.7857 	 0.0000 
41.0000 	 1.6291 	 4.5849 	 2.1902 	 6.2998 	 3.3216 	 0.0000 	 1.1374 	 726.5831 	 41.0000 	 1.1726 	 3.6231 	 3.0007 	 0.9810 	 2.1305 	 0.0000 	 1.4255 	 0.0030 
42.0000 	 1.6676 	 0.0000 	 4.7686 	 2.8514 	 1.7615 	 0.0000 	 1.9710 	 774.1032 	 42.0000 	 0.5787 	 3.9662 	 8.2312 	 2.9487 	 0.0733 	 0.0000 	 2.9018 	 0.0008 
41.0000 	 1.6356 	 4.3986 	 2.3223 	 6.1018 	 3.3573 	 0.0000 	 1.1476 	 726.5745 	 41.0000 	 0.7922 	 8.1630 	 6.9775 	 0.9251 	 -2.2653 	 0.0000 	 1.2429 	 0.0019 
40.0000 	 1.6118 	 4.4477 	 2.2193 	 6.2334 	 3.3141 	 0.0000 	 1.1271 	 726.6037 	 40.0000 	 2.5593 	 4.1402 	 5.5299 	 2.1803 	 -1.3847 	 0.0000 	 0.1503 	 0.0022 
39.0000 	 1.5863 	 4.5128 	 2.2339 	 6.2540 	 3.3255 	 0.0000 	 1.1330 	 726.6348 	 39.0000 	 0.3965 	 2.9226 	 6.4372 	 1.5503 	 -0.6734 	 0.0000 	 0.7972 	 0.0023 
38.0000 	 0.0036 	 1.0090 	 1.8691 	 0.9911 	 3.8690 	 0.0000 	 2.0599 	 961.7583 	 38.0000 	 2.3549 	 7.4392 	 9.6571 	 2.6545 	 0.4566 	 0.0000 	 2.1788 	 0.0000 
40.0000 	 1.6021 	 4.4037 	 2.7713 	 5.6291 	 3.5494 	 0.0000 	 1.1923 	 726.8940 	 40.0000 	 0.5712 	 0.0539 	 7.1728 	 2.3972 	 1.5743 	 0.0000 	 2.4229 	 0.0022 
40.0000 	 1.6120 	 4.4711 	 2.1506 	 6.3234 	 3.2814 	 0.0000 	 1.1212 	 726.6048 	 40.0000 	 2.8081 	 0.3166 	 4.0984 	 2.0598 	 0.5289 	 0.0000 	 1.7742 	 0.0055 
42.0000 	 1.6624 	 4.2216 	 2.5683 	 5.7716 	 3.4421 	 0.0000 	 1.1590 	 726.6303 	 42.0000 	 2.8937 	 7.0837 	 7.9738 	 1.4155 	 -2.8320 	 0.0000 	 0.5344 	 0.0022 
40.0000 	 1.6132 	 4.4776 	 2.1686 	 6.2790 	 3.3016 	 0.0000 	 1.1297 	 726.6041 	 40.0000 	 0.7761 	 0.0837 	 8.0452 	 1.2688 	 1.5066 	 0.0000 	 0.8475 	 0.0022 
40.0000 	 1.6119 	 4.4356 	 2.2968 	 6.1192 	 3.3531 	 0.0000 	 1.1444 	 726.6058 	 40.0000 	 2.0533 	 4.8242 	 0.9226 	 1.4168 	 1.5231 	 0.0000 	 2.6369 	 0.0029 
38.0000 	 0.0242 	 5.0417 	 3.8154 	 2.6599 	 2.2164 	 0.0000 	 2.0471 	 961.7740 	 38.0000 	 1.5004 	 0.1141 	 3.7510 	 2.7491 	 -1.8408 	 0.0000 	 0.4543 	 0.0015 
35.0000 	 1.4911 	 4.6011 	 2.1280 	 6.4194 	 3.2985 	 0.0000 	 1.1274 	 726.8770 	 35.0000 	 2.8505 	 9.9471 	 5.4573 	 2.9156 	 2.8522 	 0.0000 	 0.3325 	 0.0034 
38.0000 	 1.4930 	 5.2197 	 4.5178 	 4.7933 	 3.8621 	 0.0000 	 1.3515 	 730.7815 	 38.0000 	 0.2487 	 4.3792 	 3.6993 	 2.9848 	 -1.4201 	 0.0000 	 2.9009 	 0.0080 
39.0000 	 0.1854 	 3.1133 	 5.2219 	 3.2839 	 1.5761 	 0.0000 	 2.0594 	 961.7583 	 39.0000 	 0.0909 	 1.8030 	 4.1825 	 2.1157 	 1.6275 	 0.0000 	 2.0998 	 0.0000 
39.0000 	 1.5889 	 4.4686 	 2.1873 	 6.2714 	 3.2985 	 0.0000 	 1.1251 	 726.6418 	 39.0000 	 2.2886 	 6.5593 	 0.4082 	 0.0934 	 2.8840 	 0.0000 	 0.5233 	 0.0027 
38.0000 	 1.5704 	 4.2659 	 2.4895 	 5.8907 	 3.4030 	 0.0000 	 1.1524 	 726.7257 	 38.0000 	 1.4999 	 8.4968 	 7.5183 	 2.0577 	 2.9972 	 0.0000 	 0.5678 	 0.0026 
40.0000 	 1.6036 	 4.4170 	 2.4425 	 5.9481 	 3.4059 	 0.0000 	 1.1529 	 726.6359 	 40.0000 	 1.9360 	 4.6517 	 3.7495 	 0.8260 	 -1.2912 	 0.0000 	 0.0308 	 0.0024 
39.0000 	 1.5941 	 4.3112 	 2.3624 	 5.9911 	 3.3655 	 0.0000 	 1.1427 	 726.6523 	 39.0000 	 0.0750 	 5.2578 	 9.0070 	 0.9197 	 -2.4987 	 0.0000 	 1.3466 	 0.0032 
38.0000 	 1.5624 	 0.0000 	 2.7847 	 5.4205 	 -0.8188 	 0.0000 	 1.9817 	 774.1424 	 38.0000 	 1.6406 	 5.2412 	 2.1620 	 0.1438 	 -2.1973 	 0.0000 	 1.4812 	 0.0008 
33.0000 	 1.4461 	 4.5987 	 2.1595 	 6.4305 	 3.3091 	 0.0000 	 1.1289 	 727.0310 	 33.0000 	 0.6542 	 4.9356 	 6.9031 	 0.4396 	 -1.6682 	 0.0000 	 2.3832 	 0.0054 
37.0000 	 1.5515 	 6.3302 	 1.5203 	 9.2364 	 3.0067 	 0.0000 	 1.0696 	 727.2922 	 37.0000 	 2.3127 	 8.3186 	 5.5629 	 2.5393 	 -0.6046 	 0.0000 	 2.2099 	 0.0035 
37.0000 	 1.5354 	 4.3824 	 2.5219 	 5.9064 	 3.4229 	 0.0000 	 1.1559 	 726.7801 	 37.0000 	 1.4066 	 0.4972 	 8.2326 	 1.1362 	 1.5422 	 0.0000 	 0.0008 	 0.0032 
35.0000 	 0.0362 	 8.3309 	 5.3224 	 2.7022 	 2.1580 	 0.0000 	 2.0596 	 961.7583 	 35.0000 	 0.8266 	 7.6400 	 1.9465 	 0.6021 	 1.5459 	 0.0000 	 1.5546 	 0.0000 
37.0000 	 1.5507 	 4.1307 	 2.6397 	 5.7010 	 3.4350 	 0.0000 	 1.1614 	 726.8584 	 37.0000 	 1.5120 	 5.6938 	 1.1536 	 1.7756 	 -0.6427 	 0.0000 	 0.7548 	 0.0027 
36.0000 	 1.5052 	 4.6057 	 2.3729 	 6.0947 	 3.3976 	 0.0000 	 1.1572 	 726.8396 	 36.0000 	 2.6182 	 5.9949 	 2.8739 	 1.2670 	 -0.5199 	 0.0000 	 1.1853 	 0.0032 
36.0000 	 1.4386 	 5.3442 	 5.9106 	 5.7557 	 3.7610 	 0.0000 	 1.4326 	 734.7560 	 36.0000 	 2.3480 	 5.3366 	 8.9561 	 0.6630 	 2.2564 	 0.0000 	 1.4853 	 0.0389 
37.0000 	 1.5463 	 4.2657 	 2.3656 	 5.9579 	 3.3538 	 0.0000 	 1.1385 	 726.7692 	 37.0000 	 2.8369 	 9.3436 	 6.7054 	 2.2555 	 -2.0784 	 0.0000 	 0.6366 	 0.0029 
37.0000 	 1.5484 	 4.9243 	 1.8952 	 7.0538 	 3.2021 	 0.0000 	 1.1102 	 726.8437 	 37.0000 	 1.8295 	 8.8143 	 8.0866 	 1.9367 	 -0.7475 	 0.0000 	 2.4021 	 0.0068 
39.0000 	 1.5849 	 4.7617 	 2.1084 	 6.6419 	 3.2864 	 0.0000 	 1.1284 	 726.6957 	 39.0000 	 0.6369 	 8.1251 	 0.7395 	 2.6999 	 1.7781 	 0.0000 	 2.2452 	 0.0028 
35.0000 	 1.4917 	 4.4444 	 2.3005 	 6.1851 	 3.3375 	 0.0000 	 1.1308 	 726.8605 	 35.0000 	 2.9623 	 6.2109 	 4.6484 	 2.0504 	 0.9413 	 0.0000 	 0.8972 	 0.0028 
36.0000 	 1.5264 	 0.0000 	 2.3181 	 4.6617 	 -0.0471 	 0.0000 	 1.9694 	 774.1235 	 36.0000 	 1.8123 	 8.3340 	 2.2423 	 1.3496 	 0.7386 	 0.0000 	 1.6574 	 0.0010 
35.0000 	 1.4916 	 4.4849 	 2.3443 	 6.1759 	 3.3637 	 0.0000 	 1.1391 	 726.8678 	 35.0000 	 0.3574 	 5.1853 	 1.3084 	 1.1392 	 -2.0003 	 0.0000 	 0.5768 	 0.0031 
33.0000 	 1.4488 	 4.2972 	 2.4568 	 5.9642 	 3.3885 	 0.0000 	 1.1499 	 727.0771 	 33.0000 	 2.4045 	 0.7719 	 7.5342 	 0.7987 	 0.2894 	 0.0000 	 2.7059 	 0.0035 
35.0000 	 1.4932 	 4.4692 	 2.2959 	 6.1751 	 3.3589 	 0.0000 	 1.1362 	 726.8625 	 35.0000 	 0.3823 	 5.3596 	 8.2971 	 0.0934 	 -2.4135 	 0.0000 	 0.6396 	 0.0042 
35.0000 	 1.4910 	 4.4846 	 2.3850 	 6.1135 	 3.3886 	 0.0000 	 1.1483 	 726.8734 	 35.0000 	 2.6148 	 2.7802 	 8.6311 	 0.2509 	 2.9613 	 0.0000 	 2.8881 	 0.0037 
35.0000 	 1.4893 	 4.4509 	 2.3293 	 6.1394 	 3.3520 	 0.0000 	 1.1352 	 726.8659 	 35.0000 	 2.6207 	 2.3600 	 8.2487 	 0.0057 	 -0.6001 	 0.0000 	 1.8437 	 0.0039 
34.0000 	 1.4929 	 4.3644 	 2.1694 	 6.3304 	 3.3314 	 0.0000 	 1.1320 	 727.0287 	 34.0000 	 2.3267 	 9.2408 	 2.1300 	 2.3884 	 1.0072 	 0.0000 	 1.7281 	 0.0031 
37.0000 	 1.5250 	 4.4713 	 2.5728 	 5.8399 	 3.4411 	 0.0000 	 1.1704 	 726.8262 	 37.0000 	 0.0966 	 1.4653 	 4.1214 	 2.8456 	 0.5760 	 0.0000 	 1.3034 	 0.0026 
36.0000 	 1.5202 	 4.5072 	 2.2475 	 6.2954 	 3.3311 	 0.0000 	 1.1326 	 726.7955 	 36.0000 	 0.6258 	 3.4932 	 1.2608 	 2.0781 	 -2.3595 	 0.0000 	 1.3196 	 0.0029 
36.0000 	 1.5330 	 5.1552 	 1.7257 	 7.5987 	 3.1164 	 0.0000 	 1.0756 	 727.0422 	 36.0000 	 0.8336 	 7.4730 	 7.0009 	 0.1912 	 -0.6565 	 0.0000 	 0.9153 	 0.0028 
35.0000 	 1.5043 	 4.2786 	 2.5156 	 5.8793 	 3.4289 	 0.0000 	 1.1514 	 726.9305 	 35.0000 	 0.5900 	 2.4705 	 9.4173 	 1.1928 	 1.8626 	 0.0000 	 1.0114 	 0.0032 
34.0000 	 1.2894 	 10.0000 	 2.7100 	 9.1025 	 3.8145 	 0.0000 	 1.2890 	 739.1557 	 34.0000 	 2.3280 	 5.3670 	 6.4728 	 0.0619 	 0.6039 	 0.0000 	 1.2554 	 0.0122 
35.0000 	 0.0132 	 4.9316 	 9.7121 	 4.4312 	 0.4294 	 0.0000 	 2.0569 	 961.7587 	 35.0000 	 1.8003 	 4.2750 	 7.9816 	 2.9331 	 0.8435 	 0.0000 	 0.7948 	 0.0000 
34.0000 	 1.4760 	 4.6859 	 2.0445 	 6.6401 	 3.2616 	 0.0000 	 1.1163 	 726.9758 	 34.0000 	 2.0916 	 0.6048 	 3.8117 	 2.1876 	 1.9762 	 0.0000 	 0.3800 	 0.0040 
34.0000 	 1.4706 	 4.1901 	 2.7389 	 5.6007 	 3.4897 	 0.0000 	 1.1663 	 727.1108 	 34.0000 	 1.7873 	 0.6608 	 0.3976 	 2.5441 	 2.4905 	 0.0000 	 0.6083 	 0.0038 
32.0000 	 1.4217 	 0.0000 	 7.9233 	 2.8811 	 1.7327 	 0.0000 	 1.9704 	 774.1529 	 32.0000 	 0.6217 	 6.3382 	 7.9988 	 0.2631 	 1.0434 	 0.0000 	 0.7955 	 0.0011 
32.0000 	 1.4163 	 4.4849 	 2.3963 	 6.1021 	 3.3955 	 0.0000 	 1.1462 	 727.1537 	 32.0000 	 1.6657 	 3.7900 	 9.8592 	 2.5558 	 2.6949 	 0.0000 	 2.6977 	 0.0039 
34.0000 	 1.4740 	 4.2890 	 2.4002 	 5.9766 	 3.3767 	 0.0000 	 1.1388 	 726.9691 	 34.0000 	 1.2025 	 5.2865 	 7.2700 	 2.5817 	 1.6508 	 0.0000 	 1.5781 	 0.0035 
34.0000 	 1.4760 	 5.4062 	 3.1625 	 6.3359 	 3.8278 	 0.0000 	 1.3701 	 731.0906 	 34.0000 	 0.7368 	 7.2431 	 8.6025 	 0.8543 	 -1.7790 	 0.0000 	 2.5076 	 0.0069 
36.0000 	 1.4878 	 4.2926 	 3.7199 	 5.1707 	 3.6507 	 0.0000 	 1.2271 	 727.5213 	 36.0000 	 0.3157 	 4.1447 	 1.4741 	 2.7790 	 -2.6974 	 0.0000 	 0.8888 	 0.0036 
32.0000 	 1.4238 	 0.0000 	 5.5834 	 3.5140 	 1.0991 	 0.0000 	 1.9712 	 774.1528 	 32.0000 	 1.8329 	 1.8964 	 9.8509 	 0.7642 	 1.0663 	 0.0000 	 1.0649 	 0.0008 
32.0000 	 1.4218 	 4.0670 	 3.1264 	 5.3091 	 3.5407 	 0.0000 	 1.1863 	 727.5365 	 32.0000 	 1.5361 	 3.7562 	 8.8791 	 2.4710 	 1.5777 	 0.0000 	 1.2035 	 0.0063 
31.0000 	 1.3797 	 4.0176 	 4.9310 	 4.7114 	 3.7692 	 0.0000 	 1.2356 	 728.7035 	 31.0000 	 1.6030 	 8.0760 	 5.6080 	 2.3952 	 2.6211 	 0.0000 	 0.9471 	 0.0083 
30.0000 	 1.3645 	 4.5943 	 2.3057 	 6.2940 	 3.3710 	 0.0000 	 1.1366 	 727.3978 	 30.0000 	 1.5255 	 8.7496 	 9.2203 	 0.0531 	 -0.6115 	 0.0000 	 2.4174 	 0.0049 
34.0000 	 1.4601 	 4.4284 	 2.5622 	 5.9360 	 3.4219 	 0.0000 	 1.1549 	 727.0014 	 34.0000 	 1.5372 	 1.6333 	 4.6288 	 1.8231 	 -2.1919 	 0.0000 	 0.1518 	 0.0031 
31.0000 	 1.3926 	 4.2616 	 2.7228 	 5.7332 	 3.4599 	 0.0000 	 1.1587 	 727.3765 	 31.0000 	 2.2904 	 1.6132 	 2.0660 	 1.0666 	 2.5224 	 0.0000 	 0.6651 	 0.0049 
32.0000 	 1.4018 	 4.3823 	 2.6294 	 5.7196 	 3.4455 	 0.0000 	 1.1603 	 727.2713 	 32.0000 	 1.5012 	 1.2222 	 9.0665 	 0.3837 	 1.3449 	 0.0000 	 2.1434 	 0.0038 
30.0000 	 1.3642 	 4.5062 	 2.3337 	 6.1921 	 3.3727 	 0.0000 	 1.1404 	 727.4039 	 30.0000 	 2.0846 	 2.2280 	 5.1789 	 0.6292 	 -0.6973 	 0.0000 	 2.4082 	 0.0054 
31.0000 	 1.3593 	 4.1382 	 6.3147 	 4.7798 	 3.7808 	 0.0000 	 1.2161 	 729.6212 	 31.0000 	 1.0665 	 4.2241 	 3.1863 	 1.3447 	 -2.7885 	 0.0000 	 2.1703 	 0.0041 
34.0000 	 1.4645 	 4.4847 	 2.3124 	 6.1922 	 3.3439 	 0.0000 	 1.1334 	 726.9436 	 34.0000 	 1.3023 	 1.2657 	 1.2850 	 1.7071 	 -0.6569 	 0.0000 	 0.9769 	 0.0040 
31.0000 	 1.3886 	 4.4261 	 2.4571 	 6.0210 	 3.4014 	 0.0000 	 1.1476 	 727.2762 	 31.0000 	 2.6867 	 3.0049 	 3.7030 	 0.6173 	 1.8450 	 0.0000 	 2.9006 	 0.0069 
32.0000 	 1.4225 	 4.4673 	 2.2977 	 6.2619 	 3.3543 	 0.0000 	 1.1389 	 727.1465 	 32.0000 	 0.0348 	 1.9057 	 5.4451 	 0.1878 	 -0.5833 	 0.0000 	 0.8813 	 0.0036 
27.0000 	 1.2903 	 4.4925 	 2.2242 	 6.3316 	 3.3344 	 0.0000 	 1.1263 	 727.9437 	 27.0000 	 0.0428 	 7.0577 	 7.2445 	 0.5429 	 0.0864 	 0.0000 	 0.2647 	 0.0060 
30.0000 	 1.3740 	 4.4603 	 2.2576 	 6.2615 	 3.3413 	 0.0000 	 1.1288 	 727.4072 	 30.0000 	 0.3779 	 4.8614 	 4.7615 	 2.6195 	 0.0306 	 0.0000 	 0.8541 	 0.0056 
29.0000 	 1.3446 	 4.4284 	 2.3276 	 6.2541 	 3.3439 	 0.0000 	 1.1226 	 727.5772 	 29.0000 	 2.0815 	 3.8641 	 6.7013 	 1.6025 	 2.7347 	 0.0000 	 2.2401 	 0.0054 
33.0000 	 1.4484 	 4.1622 	 2.7183 	 5.6260 	 3.4697 	 0.0000 	 1.1554 	 727.1940 	 33.0000 	 2.0261 	 9.8864 	 6.4252 	 0.1205 	 -2.5037 	 0.0000 	 1.2956 	 0.0035 
26.0000 	 1.2492 	 4.5249 	 2.5210 	 6.0255 	 3.4306 	 0.0000 	 1.1594 	 728.2434 	 26.0000 	 1.9312 	 5.4618 	 8.6818 	 0.6693 	 1.3273 	 0.0000 	 1.4627 	 0.0065 
29.0000 	 1.3417 	 6.9160 	 1.5011 	 9.9777 	 3.0227 	 0.0000 	 1.0680 	 728.1274 	 29.0000 	 2.0573 	 1.5388 	 2.3969 	 1.7524 	 -2.1439 	 0.0000 	 1.6149 	 0.0083 
31.0000 	 1.3827 	 4.3731 	 2.5860 	 5.8948 	 3.3978 	 0.0000 	 1.1470 	 727.3659 	 31.0000 	 1.0176 	 8.5808 	 9.2443 	 2.8435 	 2.4937 	 0.0000 	 2.1852 	 0.0039 
29.0000 	 1.3349 	 4.6287 	 2.2253 	 6.3233 	 3.3432 	 0.0000 	 1.1330 	 727.5634 	 29.0000 	 0.7165 	 7.3293 	 7.4692 	 0.6528 	 1.1256 	 0.0000 	 1.0501 	 0.0075 
30.0000 	 1.3648 	 4.4857 	 1.9989 	 6.5289 	 3.1571 	 0.0000 	 1.0642 	 727.6394 	 30.0000 	 2.6218 	 8.0350 	 5.6568 	 1.5391 	 -1.3591 	 0.0000 	 0.6987 	 0.0053 
31.0000 	 1.3871 	 4.3760 	 2.4080 	 5.9488 	 3.3682 	 0.0000 	 1.1377 	 727.3142 	 31.0000 	 0.4367 	 8.2363 	 5.9261 	 0.6858 	 1.4410 	 0.0000 	 2.4227 	 0.0047 
28.0000 	 1.3122 	 0.0000 	 5.1492 	 5.0399 	 -0.4230 	 0.0000 	 1.9717 	 774.1981 	 28.0000 	 0.8930 	 8.5811 	 7.8484 	 1.5495 	 -1.2020 	 0.0000 	 2.5865 	 0.0015 
28.0000 	 1.3114 	 4.1981 	 3.0754 	 5.3723 	 3.5703 	 0.0000 	 1.1915 	 728.1115 	 28.0000 	 2.3358 	 8.7319 	 1.3868 	 1.3424 	 -1.2637 	 0.0000 	 0.5639 	 0.0097 
29.0000 	 0.0017 	 2.8967 	 8.0823 	 5.9854 	 -1.1499 	 0.0000 	 2.0882 	 961.8143 	 29.0000 	 0.4549 	 2.3231 	 8.4469 	 0.0745 	 -0.0920 	 0.0000 	 2.4074 	 0.0005 
28.0000 	 1.3263 	 4.1305 	 2.6625 	 5.7078 	 3.4573 	 0.0000 	 1.1537 	 727.8975 	 28.0000 	 0.1459 	 7.9285 	 6.7441 	 1.7935 	 -1.1961 	 0.0000 	 2.6345 	 0.0058 
30.0000 	 1.3665 	 4.5094 	 2.3270 	 6.2289 	 3.3698 	 0.0000 	 1.1375 	 727.4032 	 30.0000 	 2.3648 	 1.7962 	 1.7151 	 2.7454 	 2.9391 	 0.0000 	 1.7053 	 0.0058 
25.0000 	 1.2238 	 4.2074 	 2.8442 	 5.6277 	 3.4967 	 0.0000 	 1.1689 	 728.6496 	 25.0000 	 2.3093 	 4.6647 	 8.4597 	 2.1340 	 0.6280 	 0.0000 	 1.5589 	 0.0085 
25.0000 	 1.2205 	 5.3118 	 1.8191 	 7.6621 	 3.1541 	 0.0000 	 1.0867 	 728.6883 	 25.0000 	 1.2867 	 5.0210 	 9.9322 	 2.4343 	 -2.2020 	 0.0000 	 0.5124 	 0.0076 
27.0000 	 1.2699 	 4.3629 	 2.9903 	 5.6416 	 3.5249 	 0.0000 	 1.1828 	 728.2068 	 27.0000 	 1.1114 	 0.1403 	 7.7046 	 0.1754 	 0.4064 	 0.0000 	 1.9179 	 0.0060 
28.0000 	 1.3249 	 4.1229 	 2.5434 	 5.7757 	 3.4175 	 0.0000 	 1.1384 	 727.8703 	 28.0000 	 0.8781 	 7.0633 	 2.9476 	 1.5592 	 0.0870 	 0.0000 	 2.6745 	 0.0064 
25.0000 	 1.2525 	 4.1252 	 2.3585 	 6.0481 	 3.3617 	 0.0000 	 1.1303 	 728.5709 	 25.0000 	 2.3977 	 0.4151 	 7.7456 	 0.7950 	 2.3629 	 0.0000 	 1.6228 	 0.0080 
27.0000 	 1.2805 	 4.6637 	 2.4091 	 6.2969 	 3.4252 	 0.0000 	 1.1548 	 728.0293 	 27.0000 	 1.4409 	 4.2812 	 9.7118 	 2.6596 	 2.8630 	 0.0000 	 2.4417 	 0.0065 
25.0000 	 0.0011 	 3.3247 	 9.3671 	 1.0234 	 3.8387 	 0.0000 	 2.0520 	 961.7614 	 25.0000 	 0.9918 	 2.7095 	 2.2710 	 2.1017 	 1.9437 	 0.0000 	 0.1890 	 0.0000 
28.0000 	 1.3141 	 4.0830 	 3.4005 	 5.3252 	 3.5890 	 0.0000 	 1.1942 	 728.2340 	 28.0000 	 2.2287 	 6.0954 	 0.1975 	 1.2909 	 -2.6965 	 0.0000 	 2.1843 	 0.0058 
27.0000 	 1.2893 	 4.0050 	 3.2043 	 5.2473 	 3.5709 	 0.0000 	 1.1914 	 728.4303 	 27.0000 	 2.0186 	 0.5114 	 6.4662 	 1.7120 	 0.1023 	 0.0000 	 1.1342 	 0.0055 
26.0000 	 1.2425 	 4.5916 	 2.4760 	 6.1046 	 3.4111 	 0.0000 	 1.1412 	 728.2376 	 26.0000 	 0.6718 	 3.4356 	 4.8857 	 0.1165 	 0.8005 	 0.0000 	 1.8897 	 0.0068 
25.0000 	 0.0121 	 2.8219 	 0.0282 	 1.3522 	 3.6897 	 0.0000 	 2.1949 	 969.8209 	 25.0000 	 0.0140 	 5.7645 	 3.8118 	 0.4163 	 -2.2518 	 0.0000 	 2.0244 	 0.5711 
24.0000 	 1.1859 	 4.2027 	 3.5658 	 5.0420 	 3.6871 	 0.0000 	 1.2202 	 729.6898 	 24.0000 	 0.6601 	 5.3458 	 3.1420 	 1.5467 	 -0.5037 	 0.0000 	 1.6398 	 0.0071 
25.0000 	 1.2499 	 4.8222 	 1.8754 	 7.1900 	 3.2075 	 0.0000 	 1.1116 	 728.6066 	 25.0000 	 1.4894 	 9.0528 	 0.5052 	 2.8448 	 2.4529 	 0.0000 	 1.8301 	 0.0082 
25.0000 	 1.2051 	 4.2700 	 3.9607 	 4.9892 	 3.7322 	 0.0000 	 1.2432 	 729.5778 	 25.0000 	 0.2166 	 6.8069 	 3.7862 	 1.7906 	 -0.3840 	 0.0000 	 2.5811 	 0.0104 
22.0000 	 1.1592 	 5.5432 	 1.5411 	 8.5914 	 2.9736 	 0.0000 	 1.0159 	 729.9896 	 22.0000 	 1.7422 	 1.7942 	 0.1261 	 2.8962 	 -2.5299 	 0.0000 	 2.0598 	 0.0156 
26.0000 	 1.2680 	 4.7086 	 2.0421 	 6.8209 	 3.2745 	 0.0000 	 1.1105 	 728.2258 	 26.0000 	 0.7677 	 1.1019 	 0.6629 	 0.2672 	 -0.4523 	 0.0000 	 1.2999 	 0.0073 
24.0000 	 0.0096 	 2.8649 	 7.4540 	 2.8337 	 2.0262 	 0.0000 	 2.0595 	 961.7582 	 24.0000 	 2.1150 	 0.8406 	 2.3490 	 2.5826 	 1.0386 	 0.0000 	 0.0609 	 0.0000 
26.0000 	 1.2442 	 4.4358 	 2.6041 	 5.8873 	 3.4445 	 0.0000 	 1.1581 	 728.2638 	 26.0000 	 0.9727 	 7.3228 	 1.5746 	 2.7123 	 -0.4495 	 0.0000 	 1.6928 	 0.0074 
21.0000 	 0.0013 	 4.2779 	 6.2505 	 2.4606 	 2.3995 	 0.0000 	 2.0599 	 961.7582 	 21.0000 	 1.7812 	 8.4847 	 4.9582 	 2.3259 	 -1.6107 	 0.0000 	 0.4906 	 0.0000 
26.0000 	 1.2529 	 4.4294 	 2.5032 	 6.0834 	 3.4069 	 0.0000 	 1.1416 	 728.2258 	 26.0000 	 1.9444 	 6.5762 	 9.7902 	 0.5163 	 -0.0515 	 0.0000 	 0.2225 	 0.0098 
26.0000 	 1.2448 	 4.0381 	 4.5117 	 4.4941 	 3.7383 	 0.0000 	 1.3175 	 730.5793 	 26.0000 	 0.7473 	 9.2015 	 0.8526 	 2.5229 	 2.2975 	 0.0000 	 0.9679 	 0.0092 
25.0000 	 1.2170 	 4.6290 	 2.3978 	 6.1812 	 3.4039 	 0.0000 	 1.1513 	 728.4947 	 25.0000 	 0.5940 	 1.9057 	 3.8170 	 2.6483 	 2.1676 	 0.0000 	 1.8742 	 0.0075 
22.0000 	 1.1197 	 4.5129 	 2.8899 	 5.7512 	 3.5205 	 0.0000 	 1.1710 	 729.8164 	 22.0000 	 1.2214 	 8.1518 	 8.8933 	 2.3409 	 0.7150 	 0.0000 	 2.9916 	 0.0111 
22.0000 	 1.1632 	 4.1892 	 2.2975 	 6.2333 	 3.3662 	 0.0000 	 1.1116 	 729.6618 	 22.0000 	 0.6254 	 3.1254 	 1.2474 	 1.8040 	 -0.2248 	 0.0000 	 0.5268 	 0.0091 
18.0000 	 1.0060 	 4.3253 	 2.3572 	 6.1583 	 3.3764 	 0.0000 	 1.1217 	 731.9744 	 18.0000 	 0.3174 	 4.1773 	 5.9579 	 2.6418 	 1.6412 	 0.0000 	 2.3371 	 0.0130 
20.0000 	 1.0706 	 4.1773 	 2.7834 	 5.6881 	 3.4898 	 0.0000 	 1.1564 	 730.7585 	 20.0000 	 1.9700 	 0.4632 	 9.7873 	 0.2810 	 2.7725 	 0.0000 	 1.8451 	 0.0115 
24.0000 	 0.0010 	 7.5399 	 5.9229 	 2.1424 	 2.7184 	 0.0000 	 2.0599 	 961.7583 	 24.0000 	 0.9138 	 8.6661 	 1.5253 	 0.7497 	 0.1073 	 0.0000 	 1.9368 	 0.0000 
16.0000 	 0.0013 	 2.1369 	 2.7682 	 2.9798 	 1.8795 	 0.0000 	 2.0600 	 961.7583 	 16.0000 	 0.1471 	 3.1336 	 1.8124 	 0.3126 	 1.5622 	 0.0000 	 1.3738 	 0.0000 
24.0000 	 1.1846 	 4.2133 	 3.3576 	 5.3516 	 3.5879 	 0.0000 	 1.1936 	 729.2608 	 24.0000 	 2.4522 	 4.9047 	 2.0746 	 1.9781 	 1.4770 	 0.0000 	 0.8065 	 0.0114 
23.0000 	 1.1560 	 4.2162 	 3.4040 	 5.3772 	 3.6096 	 0.0000 	 1.1911 	 729.6486 	 23.0000 	 2.8880 	 6.2167 	 8.3054 	 2.1390 	 -1.3610 	 0.0000 	 2.0595 	 0.0091 
22.0000 	 1.1028 	 4.4580 	 6.0449 	 4.8647 	 3.8408 	 0.0000 	 1.2611 	 731.9993 	 22.0000 	 1.3282 	 8.2968 	 7.7205 	 1.0829 	 -1.5728 	 0.0000 	 1.1816 	 0.0110 
22.0000 	 1.1348 	 3.7874 	 9.1124 	 4.3914 	 3.8701 	 0.0000 	 1.2826 	 732.4032 	 22.0000 	 0.7763 	 5.9852 	 2.1745 	 2.0704 	 -0.0418 	 0.0000 	 2.5601 	 0.0087 
18.0000 	 1.0352 	 3.6316 	 3.4084 	 5.0303 	 3.6576 	 0.0000 	 1.2389 	 733.1338 	 18.0000 	 1.3827 	 0.8122 	 5.9918 	 1.7461 	 -2.4705 	 0.0000 	 2.0045 	 0.0129 
15.0000 	 0.9129 	 4.0262 	 2.3862 	 6.0039 	 3.3868 	 0.0000 	 1.1377 	 734.9967 	 15.0000 	 1.5542 	 0.1045 	 8.4625 	 0.5677 	 -1.9145 	 0.0000 	 1.9944 	 0.0243 
21.0000 	 0.0012 	 5.0843 	 7.6257 	 3.4923 	 1.3674 	 0.0000 	 2.0594 	 961.7583 	 21.0000 	 0.5740 	 1.0751 	 9.8153 	 2.3390 	 -2.8025 	 0.0000 	 0.1525 	 0.0000 
22.0000 	 1.1512 	 4.3011 	 2.2985 	 6.2196 	 3.3515 	 0.0000 	 1.1118 	 729.5835 	 22.0000 	 1.0990 	 7.4583 	 5.5748 	 1.3381 	 2.8948 	 0.0000 	 2.9724 	 0.0129 
23.0000 	 1.1746 	 4.3745 	 2.3944 	 6.0937 	 3.3880 	 0.0000 	 1.1388 	 729.1461 	 23.0000 	 2.5876 	 2.8884 	 4.7775 	 2.2759 	 -1.6489 	 0.0000 	 1.7935 	 0.0112 
22.0000 	 0.0032 	 5.1259 	 7.8440 	 1.5129 	 3.3468 	 0.0000 	 2.0596 	 961.7583 	 22.0000 	 1.8784 	 4.6576 	 5.7601 	 0.2713 	 -2.5635 	 0.0000 	 1.4768 	 0.0000 
17.0000 	 0.9785 	 5.2343 	 1.8671 	 7.8078 	 3.2489 	 0.0000 	 1.1015 	 732.9266 	 17.0000 	 0.3600 	 7.4700 	 7.5515 	 2.8581 	 0.7326 	 0.0000 	 2.1838 	 0.0239 
21.0000 	 1.1103 	 4.5882 	 2.2716 	 6.5213 	 3.3648 	 0.0000 	 1.1279 	 730.0057 	 21.0000 	 0.9460 	 5.1999 	 0.7031 	 0.9389 	 -0.6031 	 0.0000 	 0.9101 	 0.0125 
23.0000 	 1.1686 	 4.6516 	 2.2374 	 6.5234 	 3.3581 	 0.0000 	 1.1229 	 729.1174 	 23.0000 	 1.3059 	 2.5004 	 9.8034 	 0.4889 	 -0.4915 	 0.0000 	 1.5077 	 0.0109 
21.0000 	 1.1201 	 4.2297 	 2.9260 	 5.7065 	 3.5508 	 0.0000 	 1.1822 	 730.3245 	 21.0000 	 0.6348 	 2.3229 	 8.6367 	 1.5474 	 2.9907 	 0.0000 	 2.6733 	 0.0123 
21.0000 	 1.1140 	 4.3161 	 2.4992 	 6.0340 	 3.4283 	 0.0000 	 1.1507 	 730.0486 	 21.0000 	 1.7671 	 9.7980 	 7.1618 	 0.4140 	 -1.5778 	 0.0000 	 2.3613 	 0.0112 
23.0000 	 1.1691 	 4.0665 	 3.1785 	 5.3352 	 3.5817 	 0.0000 	 1.1912 	 729.5647 	 23.0000 	 1.4263 	 5.9085 	 1.0699 	 1.0817 	 1.2940 	 0.0000 	 1.1250 	 0.0079 
19.0000 	 1.0451 	 5.6002 	 1.7257 	 8.3129 	 3.1565 	 0.0000 	 1.0800 	 731.4412 	 19.0000 	 2.7083 	 6.9156 	 9.5051 	 0.8223 	 -0.5199 	 0.0000 	 0.6702 	 0.0125 
20.0000 	 1.0771 	 4.2610 	 2.7877 	 5.7047 	 3.5523 	 0.0000 	 1.1831 	 730.8312 	 20.0000 	 0.5567 	 5.5971 	 4.0606 	 1.9571 	 0.8401 	 0.0000 	 0.7779 	 0.0128 
22.0000 	 1.1319 	 4.1209 	 3.7989 	 5.1700 	 3.6953 	 0.0000 	 1.2324 	 730.4042 	 22.0000 	 2.3378 	 2.5001 	 6.7794 	 1.6244 	 0.0835 	 0.0000 	 2.7332 	 0.0090 
21.0000 	 1.1739 	 3.5889 	 9.1162 	 5.3086 	 3.6855 	 0.0000 	 1.2984 	 739.8134 	 21.0000 	 0.8210 	 2.2124 	 6.4620 	 2.6460 	 1.8743 	 0.0000 	 2.4183 	 0.0174 
19.0000 	 0.0094 	 4.4403 	 8.7081 	 1.1575 	 3.7023 	 0.0000 	 2.0599 	 961.7582 	 19.0000 	 2.2964 	 7.2267 	 5.8010 	 0.8613 	 -0.5458 	 0.0000 	 1.2908 	 0.0000 
12.0000 	 0.7849 	 3.5076 	 7.2555 	 4.5165 	 3.8727 	 0.0000 	 1.2773 	 741.7697 	 12.0000 	 1.6391 	 8.5622 	 5.5852 	 2.4218 	 -2.9415 	 0.0000 	 2.9758 	 0.0316 
19.0000 	 1.0404 	 4.6189 	 2.3091 	 6.4372 	 3.4016 	 0.0000 	 1.1424 	 731.2172 	 19.0000 	 1.0223 	 2.5650 	 3.5753 	 1.7740 	 -1.5534 	 0.0000 	 0.9896 	 0.0136 
19.0000 	 1.0339 	 0.0000 	 2.5049 	 5.0845 	 -0.5691 	 0.0000 	 1.9881 	 771.7091 	 19.0000 	 2.5824 	 0.6874 	 7.3149 	 1.1206 	 0.2452 	 0.0000 	 2.2433 	 0.0660 
16.0000 	 0.9325 	 6.8009 	 1.5983 	 9.9787 	 3.1419 	 0.0000 	 1.0985 	 734.3032 	 16.0000 	 1.7488 	 0.8082 	 6.1076 	 0.8467 	 -1.3821 	 0.0000 	 0.3575 	 0.0236 
20.0000 	 0.0030 	 4.1287 	 3.2975 	 3.6445 	 1.2360 	 0.0000 	 2.0994 	 961.6125 	 20.0000 	 0.8232 	 1.8090 	 0.6078 	 0.6796 	 -1.0310 	 0.0000 	 2.3358 	 0.0000 
21.0000 	 1.1171 	 4.2711 	 2.5612 	 6.0240 	 3.4558 	 0.0000 	 1.1475 	 730.0400 	 21.0000 	 1.0622 	 4.9898 	 6.9766 	 2.0902 	 1.0555 	 0.0000 	 0.0600 	 0.0135 
21.0000 	 1.1032 	 4.3105 	 2.4657 	 5.9709 	 3.3903 	 0.0000 	 1.1318 	 730.0975 	 21.0000 	 2.6357 	 0.9094 	 5.9857 	 1.5200 	 0.9524 	 0.0000 	 0.2467 	 0.0106 
20.0000 	 0.0662 	 5.7346 	 3.6839 	 1.2342 	 3.6258 	 0.0000 	 2.0611 	 961.7535 	 20.0000 	 1.8066 	 8.9680 	 7.6681 	 1.7777 	 -1.7254 	 0.0000 	 0.0922 	 0.0042 
17.0000 	 0.9813 	 5.6904 	 1.6268 	 8.6997 	 3.0970 	 0.0000 	 1.0573 	 733.0249 	 17.0000 	 2.7677 	 3.4444 	 1.3448 	 0.9890 	 1.9171 	 0.0000 	 1.9964 	 0.0147 
19.0000 	 1.0517 	 4.1920 	 2.7024 	 5.7683 	 3.5099 	 0.0000 	 1.1774 	 731.3511 	 19.0000 	 0.6562 	 9.0187 	 7.9163 	 2.2779 	 -1.6255 	 0.0000 	 0.0720 	 0.0143 
17.0000 	 0.9796 	 4.3395 	 2.4496 	 6.0947 	 3.4304 	 0.0000 	 1.1363 	 732.8365 	 17.0000 	 0.9706 	 7.9642 	 1.2176 	 0.6512 	 0.0169 	 0.0000 	 2.4917 	 0.0157 
14.0000 	 0.8368 	 0.0000 	 5.3005 	 4.4226 	 0.1898 	 0.0000 	 1.9708 	 774.9155 	 14.0000 	 0.4531 	 2.8908 	 1.4460 	 1.4266 	 1.5189 	 0.0000 	 0.0553 	 0.0041 
17.0000 	 0.9607 	 4.3320 	 3.1284 	 5.7233 	 3.5725 	 0.0000 	 1.1917 	 733.2153 	 17.0000 	 1.8851 	 2.6935 	 0.5411 	 0.7498 	 2.1815 	 0.0000 	 2.7359 	 0.0150 
17.0000 	 0.9773 	 4.0780 	 2.8545 	 5.5486 	 3.5194 	 0.0000 	 1.1657 	 733.0313 	 17.0000 	 1.3636 	 4.8595 	 2.4603 	 2.2460 	 -0.9096 	 0.0000 	 0.7531 	 0.0166 
19.0000 	 1.0540 	 4.2847 	 2.3488 	 6.2323 	 3.3762 	 0.0000 	 1.1183 	 731.1754 	 19.0000 	 1.9698 	 2.4336 	 5.8385 	 2.3296 	 -2.1904 	 0.0000 	 1.8823 	 0.0214 
19.0000 	 1.0531 	 4.0727 	 2.6752 	 5.7858 	 3.4561 	 0.0000 	 1.1464 	 731.3766 	 19.0000 	 1.2097 	 4.1842 	 8.8375 	 2.8950 	 -1.6710 	 0.0000 	 2.2896 	 0.0169 
17.0000 	 0.9733 	 4.4144 	 2.3718 	 6.3139 	 3.3860 	 0.0000 	 1.1412 	 732.7747 	 17.0000 	 0.8195 	 1.9245 	 3.4566 	 2.9491 	 -2.1220 	 0.0000 	 2.0238 	 0.0171 
19.0000 	 1.0400 	 4.4775 	 5.3284 	 5.6616 	 3.7397 	 0.0000 	 1.2961 	 735.1408 	 19.0000 	 0.1461 	 7.5865 	 0.6118 	 1.2451 	 2.9746 	 0.0000 	 2.6167 	 0.0310 
20.0000 	 1.0782 	 4.0165 	 3.0969 	 5.4141 	 3.5370 	 0.0000 	 1.1711 	 730.9103 	 20.0000 	 1.9858 	 1.0464 	 0.6314 	 0.7515 	 1.3970 	 0.0000 	 2.6878 	 0.0112 
12.0000 	 0.7982 	 3.8581 	 2.3679 	 6.0401 	 3.4178 	 0.0000 	 1.1511 	 739.7268 	 12.0000 	 1.4366 	 6.4727 	 9.8790 	 1.5612 	 1.6836 	 0.0000 	 2.1533 	 0.0281 
16.0000 	 0.0127 	 3.3010 	 4.3600 	 1.7584 	 3.1010 	 0.0000 	 2.0561 	 961.7589 	 16.0000 	 1.4409 	 5.0394 	 2.4080 	 2.2620 	 1.9230 	 0.0000 	 0.1324 	 0.0000 
9.0000 	 0.6522 	 3.0053 	 5.8385 	 4.3095 	 3.7920 	 0.0000 	 1.2708 	 748.9784 	 9.0000 	 2.7237 	 9.9112 	 4.5399 	 2.3154 	 0.0931 	 0.0000 	 0.0674 	 0.0425 
16.0000 	 0.9472 	 3.7572 	 3.1774 	 5.1976 	 3.5675 	 0.0000 	 1.2019 	 734.3273 	 16.0000 	 2.1839 	 3.2468 	 4.6352 	 2.3868 	 -0.3511 	 0.0000 	 1.2593 	 0.0209 
16.0000 	 0.8894 	 0.0000 	 2.7246 	 3.3999 	 1.2393 	 0.0000 	 1.9135 	 773.4228 	 16.0000 	 2.7647 	 9.4488 	 9.2083 	 1.8201 	 1.2858 	 0.0000 	 2.1313 	 0.0959 
18.0000 	 1.0017 	 4.1812 	 2.8954 	 5.6423 	 3.4893 	 0.0000 	 1.1508 	 732.1584 	 18.0000 	 1.3703 	 2.0042 	 3.0940 	 1.2318 	 2.7307 	 0.0000 	 2.3081 	 0.0189 
13.0000 	 5.3299 	 0.1012 	 1.2180 	 9.4136 	 2.2409 	 0.0000 	 0.0000 	 823.1273 	 13.0000 	 1.6526 	 8.0065 	 0.0617 	 1.7239 	 -0.2228 	 0.0000 	 1.2690 	 0.1979 
17.0000 	 0.9790 	 4.2761 	 2.2258 	 6.2484 	 3.3380 	 0.0000 	 1.1157 	 732.7943 	 17.0000 	 2.3950 	 4.9092 	 5.2169 	 2.4831 	 2.2136 	 0.0000 	 0.8859 	 0.0379 
18.0000 	 1.0144 	 4.1737 	 2.8541 	 5.7810 	 3.5265 	 0.0000 	 1.1775 	 732.1196 	 18.0000 	 0.1314 	 4.6544 	 5.7955 	 1.5040 	 -2.6712 	 0.0000 	 0.2829 	 0.0137 
17.0000 	 0.9731 	 4.2682 	 2.6695 	 5.8942 	 3.4827 	 0.0000 	 1.1624 	 732.8731 	 17.0000 	 2.8484 	 1.6108 	 2.7041 	 2.6403 	 0.2102 	 0.0000 	 1.6899 	 0.0183 
18.0000 	 1.0474 	 3.6013 	 3.3897 	 5.1685 	 3.6311 	 0.0000 	 1.2244 	 732.8922 	 18.0000 	 2.8470 	 4.2549 	 8.6071 	 1.1697 	 1.5398 	 0.0000 	 0.7099 	 0.0349 
17.0000 	 0.9920 	 3.8958 	 3.2845 	 5.6260 	 3.5848 	 0.0000 	 1.1936 	 733.4333 	 17.0000 	 1.7458 	 4.6763 	 7.4602 	 2.2164 	 -0.5372 	 0.0000 	 0.7697 	 0.0169 
18.0000 	 1.0183 	 3.6933 	 5.2339 	 4.7494 	 3.7621 	 0.0000 	 1.2309 	 733.5479 	 18.0000 	 1.3615 	 9.4955 	 3.1239 	 2.8511 	 -2.3808 	 0.0000 	 1.2296 	 0.0142 
18.0000 	 1.0263 	 6.3192 	 1.5595 	 9.9998 	 3.0529 	 0.0000 	 1.0577 	 732.3869 	 18.0000 	 0.3997 	 2.9771 	 4.8735 	 2.2509 	 1.0455 	 0.0000 	 0.0268 	 0.0224 
9.0000 	 0.6379 	 3.4384 	 3.3359 	 5.1549 	 3.6067 	 0.0000 	 1.1717 	 748.1473 	 9.0000 	 1.6245 	 2.0275 	 4.5805 	 2.5737 	 -2.7927 	 0.0000 	 2.8480 	 0.0457 
12.0000 	 0.8048 	 3.5972 	 3.1408 	 5.4357 	 3.6202 	 0.0000 	 1.2161 	 740.2243 	 12.0000 	 0.5532 	 4.5096 	 7.5294 	 1.8354 	 -2.2334 	 0.0000 	 2.2298 	 0.0342 
16.0000 	 0.0017 	 2.4146 	 5.3841 	 3.1152 	 1.7442 	 0.0000 	 2.0604 	 961.6895 	 16.0000 	 1.0940 	 2.6393 	 7.5378 	 1.1838 	 -0.6215 	 0.0000 	 1.6910 	 0.0000 
14.0000 	 0.8801 	 3.6562 	 3.5620 	 5.1234 	 3.6418 	 0.0000 	 1.2099 	 736.9459 	 14.0000 	 0.3112 	 5.4361 	 9.9430 	 0.6839 	 -0.2311 	 0.0000 	 1.9703 	 0.0243 
14.0000 	 0.8582 	 4.2023 	 2.6654 	 5.9748 	 3.4731 	 0.0000 	 1.1627 	 736.4134 	 14.0000 	 0.1065 	 3.5530 	 2.1117 	 2.9665 	 2.6216 	 0.0000 	 1.6150 	 0.0225 
16.0000 	 1.0212 	 4.5598 	 1.0215 	 10.0000 	 2.1319 	 0.0000 	 0.0000 	 754.8293 	 16.0000 	 0.2288 	 4.5574 	 8.1651 	 1.1638 	 -1.2299 	 0.0000 	 0.5637 	 0.0234 
15.0000 	 0.0013 	 8.9902 	 2.6892 	 0.4099 	 4.4500 	 0.0000 	 2.0580 	 961.7580 	 15.0000 	 0.2149 	 5.4694 	 5.7805 	 1.4055 	 -2.2810 	 0.0000 	 2.9780 	 0.0000 
15.0000 	 0.9148 	 4.1786 	 2.2186 	 6.4802 	 3.3238 	 0.0000 	 1.1164 	 734.9413 	 15.0000 	 1.2466 	 9.7712 	 0.9172 	 2.0706 	 2.9907 	 0.0000 	 1.8260 	 0.0222 
6.0000 	 0.4025 	 0.0000 	 5.0508 	 6.8611 	 -2.2435 	 0.0000 	 1.9803 	 777.9800 	 6.0000 	 1.5615 	 7.4859 	 4.1955 	 0.2376 	 -2.9687 	 0.0000 	 1.4241 	 0.0121 
16.0000 	 0.9391 	 3.8958 	 3.2615 	 5.3166 	 3.5681 	 0.0000 	 1.1838 	 734.2195 	 16.0000 	 1.7287 	 2.2044 	 3.8964 	 0.7130 	 0.9506 	 0.0000 	 1.1446 	 0.0191 
14.0000 	 0.8635 	 3.5986 	 5.6806 	 4.5798 	 3.7572 	 0.0000 	 1.2546 	 737.9853 	 14.0000 	 0.4608 	 1.7024 	 3.0594 	 1.3381 	 -2.9533 	 0.0000 	 0.8733 	 0.0236 
13.0000 	 0.7826 	 0.0809 	 0.2599 	 6.3992 	 -0.8772 	 0.0000 	 1.8851 	 770.3969 	 13.0000 	 1.5169 	 6.9070 	 2.0500 	 2.8577 	 2.0377 	 0.0000 	 0.3247 	 0.0203 
16.0000 	 0.9583 	 3.6471 	 3.3179 	 5.3634 	 3.5777 	 0.0000 	 1.1800 	 734.4339 	 16.0000 	 1.0414 	 6.8371 	 4.0026 	 0.0182 	 -2.4891 	 0.0000 	 1.3485 	 0.0172 
10.0000 	 0.6985 	 3.1001 	 8.6107 	 4.3139 	 3.8459 	 0.0000 	 1.2771 	 746.5391 	 10.0000 	 2.2208 	 5.2402 	 7.8856 	 2.0209 	 -2.2831 	 0.0000 	 0.4829 	 0.0396 
13.0000 	 0.8360 	 5.0272 	 1.7477 	 7.9988 	 3.2170 	 0.0000 	 1.0951 	 738.0349 	 13.0000 	 0.4049 	 8.9035 	 9.0232 	 0.4278 	 -0.4080 	 0.0000 	 2.3844 	 0.0284 
13.0000 	 0.8109 	 3.5965 	 7.6279 	 4.3275 	 3.8713 	 0.0000 	 1.2885 	 740.2263 	 13.0000 	 1.4295 	 5.0209 	 6.8917 	 0.5044 	 -0.8027 	 0.0000 	 2.2847 	 0.0208 
15.0000 	 0.8875 	 4.2981 	 2.9006 	 5.7507 	 3.5796 	 0.0000 	 1.1774 	 735.2798 	 15.0000 	 1.5489 	 2.4512 	 5.7504 	 2.5671 	 -1.7156 	 0.0000 	 2.3087 	 0.0298 
13.0000 	 0.8136 	 3.7390 	 6.5913 	 4.6553 	 3.8135 	 0.0000 	 1.2897 	 739.8872 	 13.0000 	 2.1639 	 2.9632 	 4.9460 	 0.8112 	 -1.6866 	 0.0000 	 1.1443 	 0.0379 
8.0000 	 0.6142 	 2.6070 	 9.6704 	 4.1812 	 3.8241 	 0.0000 	 1.2895 	 753.0488 	 8.0000 	 0.0686 	 1.1692 	 6.7975 	 1.3002 	 0.5294 	 0.0000 	 0.3655 	 0.0509 
11.0000 	 0.7488 	 3.7972 	 2.3576 	 6.1330 	 3.3939 	 0.0000 	 1.1439 	 741.9538 	 11.0000 	 1.8255 	 4.2645 	 1.5107 	 1.7051 	 -1.3287 	 0.0000 	 2.7530 	 0.0382 
15.0000 	 0.9040 	 4.2401 	 2.3782 	 6.1536 	 3.3909 	 0.0000 	 1.1489 	 734.9984 	 15.0000 	 2.4200 	 2.4769 	 1.3360 	 0.2714 	 -2.6037 	 0.0000 	 2.7722 	 0.0261 
12.0000 	 0.8156 	 3.0676 	 4.1650 	 4.6209 	 3.7037 	 0.0000 	 1.2201 	 741.4040 	 12.0000 	 0.4778 	 7.0126 	 5.1634 	 1.3604 	 1.9556 	 0.0000 	 1.4044 	 0.0451 
15.0000 	 0.9132 	 4.0495 	 2.6850 	 5.9017 	 3.4842 	 0.0000 	 1.1558 	 734.9952 	 15.0000 	 1.6907 	 0.5528 	 1.6842 	 1.7990 	 -1.9884 	 0.0000 	 1.3355 	 0.0208 
12.0000 	 0.7809 	 3.7956 	 3.2443 	 5.5899 	 3.5783 	 0.0000 	 1.1845 	 740.1652 	 12.0000 	 2.3065 	 9.1533 	 8.7343 	 1.0731 	 -1.8088 	 0.0000 	 1.6364 	 0.0301 
11.0000 	 0.7125 	 0.0273 	 0.5224 	 6.9221 	 -2.1714 	 0.0000 	 1.8788 	 775.2418 	 11.0000 	 1.9663 	 0.3603 	 4.5365 	 2.7246 	 -2.7190 	 0.0000 	 0.0214 	 0.0116 
14.0000 	 0.8607 	 3.7441 	 5.4076 	 4.7372 	 3.8028 	 0.0000 	 1.2601 	 737.8674 	 14.0000 	 2.1634 	 5.1991 	 1.9285 	 0.9497 	 -1.9050 	 0.0000 	 1.8826 	 0.0239 
13.0000 	 0.8320 	 3.8192 	 2.8589 	 5.6127 	 3.5404 	 0.0000 	 1.1929 	 738.0434 	 13.0000 	 1.9460 	 7.1863 	 8.5960 	 2.6690 	 -1.3472 	 0.0000 	 0.1182 	 0.0286 
11.0000 	 0.7536 	 3.1807 	 9.0705 	 4.3629 	 3.8617 	 0.0000 	 1.3061 	 744.0621 	 11.0000 	 0.6634 	 9.8038 	 7.8048 	 0.5069 	 2.9131 	 0.0000 	 0.0322 	 0.0734 
13.0000 	 0.0072 	 2.2845 	 5.4315 	 2.2354 	 2.6232 	 0.0000 	 2.0674 	 961.7594 	 13.0000 	 1.1717 	 3.8193 	 3.3898 	 1.2819 	 2.3089 	 0.0000 	 0.1084 	 0.0074 
6.0000 	 0.3962 	 1.9977 	 0.3937 	 3.0754 	 2.8650 	 0.0000 	 1.9376 	 775.7711 	 6.0000 	 0.3420 	 7.1145 	 5.0336 	 2.9737 	 2.6007 	 0.0000 	 1.9850 	 0.0304 
13.0000 	 0.8448 	 3.5803 	 2.2756 	 5.8343 	 3.3040 	 0.0000 	 1.1033 	 738.2414 	 13.0000 	 2.9981 	 4.0435 	 8.0082 	 0.9906 	 -1.3399 	 0.0000 	 0.1135 	 0.0245 
11.0000 	 0.7333 	 3.4851 	 5.0984 	 4.4525 	 3.8236 	 0.0000 	 1.2740 	 743.6264 	 11.0000 	 0.6838 	 0.0481 	 7.3908 	 0.9805 	 0.8583 	 0.0000 	 2.8102 	 0.0279 
11.0000 	 0.0037 	 3.8773 	 4.7223 	 1.6970 	 3.1631 	 0.0000 	 2.0586 	 961.7583 	 11.0000 	 1.4509 	 9.2194 	 0.3680 	 1.0927 	 2.2658 	 0.0000 	 0.6004 	 0.0000 
6.0000 	 0.3995 	 10.0000 	 10.0000 	 0.0000 	 4.6140 	 0.0000 	 1.9691 	 777.9447 	 6.0000 	 2.1241 	 0.4251 	 1.7695 	 1.6496 	 1.1412 	 0.0000 	 1.1886 	 0.0110 
10.0000 	 0.6965 	 3.2773 	 5.7000 	 4.6636 	 3.7929 	 0.0000 	 1.2646 	 745.8799 	 10.0000 	 0.2379 	 8.8242 	 4.2939 	 1.6119 	 2.8700 	 0.0000 	 2.9538 	 0.0339 
10.0000 	 0.7067 	 3.5718 	 2.6455 	 5.6839 	 3.4731 	 0.0000 	 1.1905 	 744.6193 	 10.0000 	 0.5214 	 5.7350 	 3.5334 	 0.5842 	 -0.9566 	 0.0000 	 2.0076 	 0.0541 
10.0000 	 0.6876 	 3.2489 	 10.0000 	 4.2049 	 3.8879 	 0.0000 	 1.2995 	 746.6723 	 10.0000 	 0.4795 	 4.4603 	 7.8291 	 1.9231 	 -0.2726 	 0.0000 	 2.9204 	 0.0432 
11.0000 	 0.7457 	 3.7614 	 2.4980 	 5.9147 	 3.4899 	 0.0000 	 1.1632 	 742.0313 	 11.0000 	 0.1259 	 9.5910 	 6.4057 	 1.7994 	 1.7795 	 0.0000 	 2.8042 	 0.0322 
13.0000 	 0.8355 	 3.7776 	 2.8585 	 5.7560 	 3.5305 	 0.0000 	 1.1725 	 738.0325 	 13.0000 	 1.5364 	 6.0870 	 7.1021 	 2.8376 	 -0.3427 	 0.0000 	 1.6140 	 0.0382 
10.0000 	 0.6353 	 0.0000 	 5.2277 	 2.8891 	 1.6397 	 0.0000 	 2.0506 	 776.4214 	 10.0000 	 1.8723 	 7.4925 	 6.5947 	 0.6844 	 -0.9749 	 0.0000 	 1.6554 	 0.0065 
10.0000 	 0.7646 	 0.0000 	 3.9838 	 2.4626 	 2.1397 	 0.0000 	 1.9107 	 779.3307 	 10.0000 	 1.3314 	 3.2131 	 9.8506 	 2.7627 	 0.2945 	 0.0000 	 1.8254 	 0.0181 
9.0000 	 0.6560 	 3.0390 	 5.6642 	 4.5282 	 3.8039 	 0.0000 	 1.2648 	 748.7918 	 9.0000 	 0.5544 	 1.5229 	 4.8329 	 2.7813 	 0.9138 	 0.0000 	 1.1348 	 0.0439 
9.0000 	 0.6898 	 2.1082 	 8.7207 	 2.7407 	 4.3374 	 0.0000 	 1.7155 	 769.9257 	 9.0000 	 2.7323 	 1.6588 	 1.4533 	 0.5575 	 2.4915 	 0.0000 	 2.4735 	 0.0108 
3.0000 	 0.1434 	 0.8139 	 8.5140 	 1.3226 	 3.6175 	 0.0000 	 1.8963 	 780.8051 	 3.0000 	 0.5310 	 5.1597 	 5.5354 	 0.9900 	 1.2773 	 0.0000 	 0.8318 	 0.0399 
8.0000 	 0.0010 	 3.1532 	 6.6838 	 0.9355 	 3.9243 	 0.0000 	 2.0597 	 961.7583 	 8.0000 	 2.8697 	 0.6630 	 8.6583 	 0.3403 	 1.8958 	 0.0000 	 0.2376 	 0.0000 
8.0000 	 0.5849 	 3.1032 	 8.5444 	 4.4138 	 3.8730 	 0.0000 	 1.2761 	 752.9136 	 8.0000 	 2.2174 	 1.6209 	 5.7086 	 2.2485 	 2.9849 	 0.0000 	 0.3996 	 0.0492 
8.0000 	 0.5423 	 1.2384 	 0.3194 	 5.1736 	 1.3412 	 0.0000 	 1.8635 	 772.5497 	 8.0000 	 1.9392 	 5.1063 	 6.7329 	 0.8049 	 -1.4236 	 0.0000 	 2.5850 	 0.0205 
1.0000 	 0.0456 	 2.4845 	 1.1205 	 0.0000 	 4.6737 	 0.0000 	 2.0503 	 801.0027 	 1.0000 	 0.2638 	 8.2839 	 4.3258 	 2.9390 	 -2.7655 	 0.0000 	 0.0108 	 0.3856 
1.0000 	 0.6791 	 3.4570 	 0.0977 	 1.0210 	 4.2451 	 0.0000 	 2.0997 	 798.1874 	 1.0000 	 2.8325 	 1.1565 	 0.1831 	 0.1988 	 2.4552 	 0.0000 	 1.2030 	 0.1220 
8.0000 	 0.6158 	 2.8938 	 3.2636 	 4.9810 	 3.6128 	 0.0000 	 1.2163 	 751.7216 	 8.0000 	 0.3746 	 3.9280 	 7.9860 	 0.9132 	 -2.9863 	 0.0000 	 0.2115 	 0.0547 
11.0000 	 0.7328 	 3.4558 	 5.8923 	 4.6046 	 3.7993 	 0.0000 	 1.2644 	 743.4840 	 11.0000 	 2.0685 	 4.2279 	 3.0895 	 0.3527 	 -1.4327 	 0.0000 	 0.1873 	 0.0281 
8.0000 	 0.5326 	 9.0233 	 1.1647 	 1.8044 	 4.3554 	 0.0000 	 1.9347 	 774.8503 	 8.0000 	 1.8982 	 4.2134 	 8.3738 	 2.8946 	 -2.5037 	 0.0000 	 1.9727 	 0.0104 
7.0000 	 0.5356 	 2.8356 	 5.3081 	 4.4620 	 3.7893 	 0.0000 	 1.2474 	 756.4976 	 7.0000 	 2.7221 	 1.7499 	 2.5123 	 2.0348 	 2.4768 	 0.0000 	 2.4050 	 0.0550 
7.0000 	 0.5264 	 3.0870 	 6.4729 	 4.5151 	 3.8868 	 0.0000 	 1.3242 	 757.1144 	 7.0000 	 1.4323 	 6.4801 	 9.0482 	 2.5011 	 -0.0301 	 0.0000 	 1.0222 	 0.1201 
10.0000 	 0.6973 	 3.2624 	 5.5472 	 4.6170 	 3.7820 	 0.0000 	 1.2716 	 745.7489 	 10.0000 	 1.3683 	 0.7040 	 4.8283 	 2.6073 	 0.7909 	 0.0000 	 2.2233 	 0.0301 
6.0000 	 0.4009 	 9.8926 	 0.9501 	 0.3751 	 4.6241 	 0.0000 	 1.9677 	 777.9752 	 6.0000 	 0.6115 	 7.9259 	 9.9069 	 0.6062 	 1.5336 	 0.0000 	 1.6358 	 0.0116 
7.0000 	 0.5525 	 2.9480 	 3.1866 	 5.3385 	 3.6185 	 0.0000 	 1.2100 	 755.9184 	 7.0000 	 2.2927 	 6.6186 	 7.4191 	 0.3050 	 1.6068 	 0.0000 	 0.3174 	 0.0643 
4.0000 	 0.2390 	 8.0110 	 6.8005 	 0.0000 	 4.6066 	 0.0000 	 1.9757 	 780.8460 	 4.0000 	 0.6214 	 4.2293 	 3.0060 	 0.8467 	 2.1238 	 0.0000 	 2.3881 	 0.0143 
10.0000 	 0.7067 	 3.3909 	 2.6548 	 5.4333 	 3.5016 	 0.0000 	 1.1914 	 744.8743 	 10.0000 	 0.6543 	 5.7911 	 0.7079 	 2.9549 	 0.9426 	 0.0000 	 2.2946 	 0.0382 
6.0000 	 0.4768 	 3.9938 	 1.6289 	 8.1647 	 3.1301 	 0.0000 	 1.0989 	 761.7704 	 6.0000 	 1.3283 	 0.4797 	 4.1874 	 0.6675 	 1.5218 	 0.0000 	 0.2151 	 0.0859 
5.0000 	 0.3252 	 7.2362 	 0.0029 	 0.0000 	 4.6081 	 0.0000 	 1.9677 	 779.1320 	 5.0000 	 2.3632 	 3.8394 	 7.4644 	 0.4624 	 2.5068 	 0.0000 	 1.9984 	 0.0110 
4.0000 	 0.2409 	 0.0000 	 9.2671 	 3.3790 	 1.2309 	 0.0000 	 1.9738 	 780.8529 	 4.0000 	 2.8158 	 5.2562 	 6.1133 	 2.1600 	 -1.7159 	 0.0000 	 1.8644 	 0.0163 
8.0000 	 0.5890 	 2.8752 	 8.4384 	 3.8433 	 3.9051 	 0.0000 	 1.3860 	 754.0807 	 8.0000 	 2.5248 	 7.0907 	 2.2090 	 2.3705 	 1.9989 	 0.0000 	 0.2340 	 0.0413 
4.0000 	 0.2360 	 0.8905 	 9.4756 	 1.3098 	 3.6940 	 0.0000 	 1.8800 	 777.5434 	 4.0000 	 0.7607 	 6.1023 	 6.4154 	 0.7870 	 0.8908 	 0.0000 	 0.2117 	 0.0159 
4.0000 	 0.2332 	 0.9394 	 5.5976 	 1.2062 	 3.7840 	 0.0000 	 1.8870 	 777.6146 	 4.0000 	 0.2355 	 2.5960 	 1.2457 	 1.6523 	 -0.6085 	 0.0000 	 1.3529 	 0.0138 
6.0000 	 0.4024 	 9.6404 	 0.2091 	 4.8281 	 2.2695 	 0.0000 	 1.9328 	 775.9977 	 6.0000 	 1.0544 	 7.9164 	 3.5013 	 2.9171 	 1.2892 	 0.0000 	 0.6866 	 0.0207 
8.0000 	 0.6059 	 3.1149 	 4.0844 	 4.9907 	 3.6919 	 0.0000 	 1.2315 	 752.0248 	 8.0000 	 1.0090 	 7.0610 	 5.6258 	 0.7205 	 -1.3658 	 0.0000 	 1.5490 	 0.0556 
5.0000 	 0.3206 	 4.5081 	 4.3372 	 0.0000 	 4.6230 	 0.0000 	 1.9881 	 779.1155 	 5.0000 	 2.2210 	 0.9799 	 7.0382 	 1.5216 	 1.3613 	 0.0000 	 1.6029 	 0.0128 
7.0000 	 0.4682 	 0.0000 	 4.7640 	 2.4346 	 2.1967 	 0.0000 	 1.9634 	 777.1636 	 7.0000 	 2.5001 	 6.5899 	 8.5208 	 0.9817 	 2.1331 	 0.0000 	 0.2672 	 0.0084 
4.0000 	 0.2465 	 6.8961 	 0.0017 	 0.0000 	 4.6130 	 0.0000 	 1.9723 	 780.9025 	 4.0000 	 2.7062 	 1.3100 	 8.0704 	 1.3611 	 1.4093 	 0.0000 	 1.4383 	 0.0154 
4.0000 	 0.2381 	 0.8266 	 4.5315 	 1.3910 	 3.6110 	 0.0000 	 1.9091 	 777.6083 	 4.0000 	 2.2087 	 7.7078 	 8.2257 	 2.3935 	 -1.4398 	 0.0000 	 1.1648 	 0.0216 
2.0000 	 0.0605 	 0.0010 	 0.0000 	 0.8921 	 4.0501 	 0.0000 	 1.9780 	 788.8144 	 2.0000 	 1.7541 	 1.9528 	 6.5672 	 2.9028 	 0.3513 	 0.0000 	 2.4029 	 0.0240 
4.0000 	 0.2265 	 1.0024 	 6.3771 	 1.0424 	 3.8860 	 0.0000 	 1.9221 	 777.8807 	 4.0000 	 2.2573 	 4.5010 	 1.4653 	 2.7208 	 -1.2185 	 0.0000 	 2.8790 	 0.0140 
3.0000 	 0.6260 	 0.4853 	 1.0240 	 8.5852 	 2.0896 	 0.0000 	 0.0000 	 800.7205 	 3.0000 	 0.8127 	 3.4805 	 1.3868 	 2.3709 	 1.9258 	 0.0000 	 0.3962 	 0.3018 
4.0000 	 0.2402 	 7.7681 	 4.8511 	 0.0003 	 4.6171 	 0.0000 	 1.9753 	 780.8258 	 4.0000 	 2.1797 	 7.2055 	 3.1560 	 2.4989 	 -2.0562 	 0.0000 	 0.1473 	 0.0139 
6.0000 	 0.5139 	 2.0831 	 6.4924 	 4.3118 	 3.8028 	 0.0000 	 1.3066 	 761.8544 	 6.0000 	 1.1739 	 6.8549 	 8.6988 	 0.0165 	 -0.5835 	 0.0000 	 2.5980 	 0.0776 
1.0000 	 0.7964 	 0.9109 	 6.1947 	 0.0350 	 4.6382 	 0.0000 	 2.0214 	 798.1644 	 1.0000 	 2.6023 	 0.8998 	 8.1767 	 2.1086 	 -2.3950 	 0.0000 	 0.4520 	 0.2705 
1.0000 	 0.0580 	 0.5887 	 3.4142 	 5.5268 	 3.6494 	 0.0000 	 1.2173 	 782.3863 	 1.0000 	 2.2335 	 6.8737 	 0.1675 	 2.4608 	 1.7595 	 0.0000 	 0.4183 	 0.4944 
1.0000 	 0.0648 	 0.5546 	 7.8459 	 4.9817 	 3.9813 	 0.0000 	 1.3988 	 783.5884 	 1.0000 	 0.1465 	 8.8103 	 6.6107 	 2.9293 	 2.3992 	 0.0000 	 1.4865 	 0.3526 
1.0000 	 0.0086 	 0.1003 	 1.2201 	 2.5642 	 2.2066 	 0.0000 	 1.9632 	 794.2622 	 1.0000 	 0.4448 	 3.0440 	 3.9621 	 0.5022 	 -2.8576 	 0.0000 	 2.4611 	 0.1612 
4.0000 	 0.0010 	 1.1005 	 3.9227 	 2.6949 	 2.1738 	 0.0000 	 2.0599 	 961.7600 	 4.0000 	 2.7398 	 4.1406 	 3.5193 	 1.6713 	 -1.8898 	 0.0000 	 2.3091 	 0.0003 
2.0000 	 0.0625 	 7.7676 	 0.0000 	 0.8017 	 4.1097 	 0.0000 	 1.9794 	 788.8032 	 2.0000 	 1.1398 	 8.8013 	 8.0651 	 1.8760 	 -0.2342 	 0.0000 	 0.4732 	 0.0230 
2.0000 	 0.0592 	 0.5918 	 4.8822 	 1.2267 	 3.6313 	 0.0000 	 1.9172 	 786.4032 	 2.0000 	 0.0968 	 6.0989 	 8.9780 	 2.8163 	 2.7493 	 0.0000 	 2.8693 	 0.0221 
2.0000 	 0.0606 	 8.6288 	 7.0785 	 0.0312 	 4.6510 	 0.0000 	 1.9684 	 788.9286 	 2.0000 	 1.8828 	 7.3289 	 6.0140 	 2.1661 	 -1.0625 	 0.0000 	 0.2958 	 0.0247 
1.0000 	 0.2448 	 9.1900 	 2.1560 	 2.0790 	 4.6777 	 0.0000 	 1.9587 	 798.6921 	 1.0000 	 0.8185 	 7.5174 	 0.8929 	 0.8999 	 2.3982 	 0.0000 	 2.3205 	 0.3229 
1.0000 	 0.5002 	 4.0009 	 0.9855 	 2.5892 	 4.4355 	 0.0000 	 2.0313 	 798.2612 	 1.0000 	 1.5700 	 0.7181 	 5.7994 	 0.5468 	 -1.4209 	 0.0000 	 0.6204 	 0.3221 
1.0000 	 0.5098 	 4.1907 	 6.6832 	 7.1210 	 4.6718 	 0.0000 	 1.9688 	 797.6744 	 1.0000 	 2.2323 	 5.4848 	 2.5707 	 0.0060 	 0.5972 	 0.0000 	 2.8697 	 0.2566 
7.0000 	 0.5472 	 2.6977 	 7.1198 	 4.3827 	 3.8035 	 0.0000 	 1.2982 	 756.7305 	 7.0000 	 1.4951 	 3.5578 	 1.8669 	 2.2422 	 -1.4579 	 0.0000 	 0.1740 	 0.0664 
2.0000 	 0.0614 	 0.0000 	 0.0824 	 0.0000 	 4.6204 	 0.0000 	 1.9698 	 788.8279 	 2.0000 	 1.9493 	 3.0682 	 9.1821 	 2.1890 	 2.1448 	 0.0000 	 1.8885 	 0.0428 
5.0000 	 0.3197 	 1.1722 	 9.9375 	 1.4246 	 3.7350 	 0.0000 	 1.8555 	 775.2190 	 5.0000 	 1.2416 	 7.8762 	 8.5484 	 1.3284 	 0.6215 	 0.0000 	 1.0216 	 0.0186 
2.0000 	 0.0587 	 8.0710 	 9.9675 	 0.0013 	 4.6192 	 0.0000 	 1.9724 	 788.8380 	 2.0000 	 1.8103 	 1.5486 	 9.1023 	 1.4823 	 0.8872 	 0.0000 	 0.1647 	 0.0208 
5.0000 	 0.3236 	 7.1445 	 7.7158 	 0.0003 	 4.6192 	 0.0000 	 1.9760 	 779.1153 	 5.0000 	 2.4891 	 9.4132 	 0.6594 	 2.7919 	 1.6897 	 0.0000 	 0.3676 	 0.0128 
4.0000 	 0.2369 	 0.8961 	 9.9591 	 1.3775 	 3.6637 	 0.0000 	 1.8749 	 777.5756 	 4.0000 	 2.5529 	 6.1282 	 3.5365 	 0.0452 	 -1.2881 	 0.0000 	 2.4031 	 0.0169 
3.0000 	 0.1522 	 0.0003 	 6.8105 	 0.0000 	 4.6066 	 0.0000 	 1.9799 	 783.6464 	 3.0000 	 1.3857 	 8.8203 	 9.8919 	 2.1534 	 0.6013 	 0.0000 	 0.1088 	 0.0158 
1.0000 	 0.0382 	 2.9306 	 2.7314 	 3.4391 	 4.4954 	 0.0000 	 1.9546 	 802.1973 	 1.0000 	 0.9238 	 6.5393 	 8.5109 	 1.7378 	 1.8686 	 0.0000 	 1.5147 	 0.2126 
2.0000 	 0.7912 	 0.2688 	 0.9163 	 8.2448 	 2.2532 	 0.0000 	 0.9797 	 785.9964 	 2.0000 	 2.3082 	 2.3878 	 0.8165 	 0.4709 	 2.5309 	 0.0000 	 0.6042 	 0.4339 
50.0000 	 0.0150 	 0.7281 	 6.6808 	 1.3727 	 3.4908 	 0.0000 	 2.0550 	 961.7597 	 50.0000 	 0.3310 	 7.4083 	 8.0714 	 0.4383 	 2.7482 	 0.0000 	 2.9606 	 0.0000 
50.0000 	 0.0043 	 2.4908 	 6.8912 	 2.4270 	 2.4322 	 0.0000 	 2.0478 	 961.7654 	 50.0000 	 0.3525 	 5.5776 	 0.9891 	 1.6903 	 -1.9227 	 0.0000 	 0.5389 	 0.0000 
50.0000 	 0.0016 	 8.4664 	 9.9235 	 3.3531 	 1.5055 	 0.0000 	 2.0588 	 961.7583 	 50.0000 	 0.0744 	 7.5041 	 6.6134 	 0.8618 	 -1.8993 	 0.0000 	 2.7048 	 0.0000 
50.0000 	 1.8823 	 0.0026 	 0.7727 	 5.2572 	 -0.6187 	 0.0000 	 2.0164 	 773.8288 	 50.0000 	 0.1616 	 4.8390 	 8.5458 	 1.1936 	 2.5738 	 0.0000 	 0.6537 	 0.0111 
47.0000 	 1.7559 	 4.4045 	 2.3585 	 5.9862 	 3.3736 	 0.0000 	 1.1561 	 726.4955 	 47.0000 	 0.4176 	 4.5090 	 9.4324 	 0.1633 	 1.0814 	 0.0000 	 2.5957 	 0.0020 
50.0000 	 1.8219 	 4.3428 	 2.4102 	 5.9123 	 3.3954 	 0.0000 	 1.1616 	 726.5031 	 50.0000 	 2.4922 	 3.7312 	 9.4790 	 2.5321 	 0.0840 	 0.0000 	 2.4398 	 0.0019 
49.0000 	 1.8065 	 4.4027 	 2.2127 	 6.1529 	 3.3207 	 0.0000 	 1.1426 	 726.4662 	 49.0000 	 2.2937 	 3.5831 	 2.3256 	 1.2062 	 1.6076 	 0.0000 	 2.9278 	 0.0015 
43.0000 	 0.0053 	 8.8696 	 9.3020 	 2.3041 	 2.5566 	 0.0000 	 2.0604 	 961.7582 	 43.0000 	 0.9010 	 9.2672 	 8.0733 	 0.2794 	 -0.2732 	 0.0000 	 0.6786 	 0.0000 
46.0000 	 1.7536 	 0.0000 	 6.2457 	 3.2451 	 1.3696 	 0.0000 	 1.9704 	 774.0967 	 46.0000 	 2.4162 	 0.7542 	 2.4145 	 2.8245 	 0.0201 	 0.0000 	 2.7713 	 0.0005 
46.0000 	 1.7430 	 4.4307 	 2.2274 	 6.1984 	 3.3203 	 0.0000 	 1.1383 	 726.4806 	 46.0000 	 1.3923 	 7.6748 	 5.4965 	 1.1320 	 1.2486 	 0.0000 	 0.1789 	 0.0019 
50.0000 	 1.8277 	 4.3163 	 2.2570 	 6.0646 	 3.3206 	 0.0000 	 1.1392 	 726.4747 	 50.0000 	 1.7080 	 0.1364 	 0.8932 	 0.1763 	 -1.8107 	 0.0000 	 0.5302 	 0.0017 
46.0000 	 1.7567 	 0.0000 	 8.5595 	 4.5854 	 0.0287 	 0.0000 	 1.9700 	 774.0978 	 46.0000 	 0.8018 	 6.6891 	 5.5625 	 2.2486 	 1.7853 	 0.0000 	 1.1113 	 0.0005 
50.0000 	 1.8258 	 4.4305 	 2.3003 	 6.0670 	 3.3672 	 0.0000 	 1.1602 	 726.4906 	 50.0000 	 2.9353 	 6.7254 	 5.1021 	 2.6825 	 1.3941 	 0.0000 	 0.8082 	 0.0018 
48.0000 	 1.7849 	 4.4607 	 2.2327 	 6.1922 	 3.3318 	 0.0000 	 1.1496 	 726.4760 	 48.0000 	 2.7039 	 7.0342 	 1.2785 	 2.7700 	 -2.7993 	 0.0000 	 2.5675 	 0.0016 
45.0000 	 1.7326 	 0.0000 	 2.8873 	 3.3351 	 1.2787 	 0.0000 	 1.9701 	 774.0978 	 45.0000 	 2.4130 	 0.1918 	 1.2787 	 2.0307 	 -0.8113 	 0.0000 	 1.5012 	 0.0010 
47.0000 	 1.7663 	 4.3558 	 2.2813 	 6.0581 	 3.3407 	 0.0000 	 1.1506 	 726.4810 	 47.0000 	 1.0212 	 1.3717 	 4.8891 	 1.2322 	 -2.3149 	 0.0000 	 0.2142 	 0.0024 
47.0000 	 1.7794 	 4.0647 	 2.4911 	 5.7913 	 3.3807 	 0.0000 	 1.1488 	 726.5703 	 47.0000 	 0.4388 	 0.3275 	 3.9922 	 2.1760 	 -1.0597 	 0.0000 	 0.1480 	 0.0025 
40.0000 	 1.6316 	 4.2167 	 2.4260 	 5.9172 	 3.4126 	 0.0000 	 1.1560 	 726.6867 	 40.0000 	 0.0308 	 0.7396 	 9.0056 	 2.3926 	 1.1934 	 0.0000 	 0.3711 	 0.0029 
45.0000 	 1.7210 	 4.3349 	 2.3130 	 6.0466 	 3.3381 	 0.0000 	 1.1376 	 726.5077 	 45.0000 	 0.2308 	 9.4583 	 4.3427 	 1.0804 	 -1.1585 	 0.0000 	 2.7360 	 0.0024 
46.0000 	 1.7417 	 4.3710 	 2.3465 	 6.0405 	 3.3653 	 0.0000 	 1.1501 	 726.4944 	 46.0000 	 0.5816 	 5.6614 	 1.4376 	 0.0540 	 2.6376 	 0.0000 	 1.6160 	 0.0013 
44.0000 	 1.7009 	 4.4652 	 2.2303 	 6.2348 	 3.3281 	 0.0000 	 1.1370 	 726.5079 	 44.0000 	 0.2384 	 2.2631 	 9.4597 	 2.1902 	 1.7404 	 0.0000 	 1.9783 	 0.0025 
48.0000 	 1.7816 	 4.2450 	 2.6057 	 5.7082 	 3.4535 	 0.0000 	 1.1733 	 726.5632 	 48.0000 	 0.0547 	 6.8581 	 3.4753 	 0.6158 	 -2.9641 	 0.0000 	 0.1816 	 0.0024 
48.0000 	 1.7913 	 4.3044 	 2.3600 	 5.9654 	 3.3773 	 0.0000 	 1.1539 	 726.4904 	 48.0000 	 1.6030 	 3.0623 	 5.1469 	 2.5109 	 1.7495 	 0.0000 	 0.8246 	 0.0019 
42.0000 	 1.6463 	 0.0000 	 6.8787 	 2.4672 	 2.1694 	 0.0000 	 1.9602 	 774.1619 	 42.0000 	 0.8512 	 6.2355 	 0.2110 	 1.6675 	 1.8163 	 0.0000 	 1.0271 	 0.0009 
39.0000 	 0.0020 	 4.5486 	 3.0849 	 0.8657 	 3.9995 	 0.0000 	 2.0637 	 961.7637 	 39.0000 	 1.2051 	 8.4971 	 5.5992 	 2.5588 	 -2.5358 	 0.0000 	 2.5476 	 0.0009 
45.0000 	 1.7149 	 4.2323 	 2.8178 	 5.6005 	 3.4953 	 0.0000 	 1.1785 	 726.6665 	 45.0000 	 2.2518 	 5.1441 	 2.9608 	 1.8987 	 2.5950 	 0.0000 	 1.2219 	 0.0019 
39.0000 	 1.5642 	 4.6439 	 2.4303 	 6.0834 	 3.4094 	 0.0000 	 1.1580 	 726.7332 	 39.0000 	 0.6723 	 2.7166 	 1.4422 	 1.0585 	 2.4162 	 0.0000 	 1.2054 	 0.0025 
44.0000 	 1.7139 	 4.1128 	 2.4399 	 5.7885 	 3.3887 	 0.0000 	 1.1534 	 726.5896 	 44.0000 	 2.0919 	 6.7026 	 8.6757 	 2.7195 	 0.4008 	 0.0000 	 2.5115 	 0.0018 
39.0000 	 1.5934 	 4.4190 	 2.2254 	 6.1725 	 3.3216 	 0.0000 	 1.1345 	 726.6455 	 39.0000 	 2.8341 	 1.8504 	 9.8769 	 1.0089 	 2.4289 	 0.0000 	 2.5793 	 0.0031 
44.0000 	 1.6932 	 5.4315 	 1.6962 	 7.6848 	 3.1068 	 0.0000 	 1.0967 	 726.8118 	 44.0000 	 2.5141 	 6.6462 	 0.9012 	 0.9278 	 1.6144 	 0.0000 	 1.8572 	 0.0031 
41.0000 	 1.6365 	 4.4253 	 2.2324 	 6.1934 	 3.3219 	 0.0000 	 1.1330 	 726.5706 	 41.0000 	 0.3371 	 7.1349 	 6.3032 	 2.5018 	 1.1027 	 0.0000 	 0.1604 	 0.0033 
45.0000 	 0.0018 	 2.2147 	 3.9272 	 1.7961 	 3.0641 	 0.0000 	 2.0600 	 961.7583 	 45.0000 	 0.9772 	 9.7477 	 5.0151 	 2.1949 	 -0.2841 	 0.0000 	 2.9363 	 0.0000 
43.0000 	 1.6820 	 4.3483 	 2.2800 	 6.0901 	 3.3359 	 0.0000 	 1.1402 	 726.5266 	 43.0000 	 2.3169 	 7.3974 	 4.5115 	 2.6465 	 -0.7711 	 0.0000 	 0.2702 	 0.0059 
40.0000 	 0.0084 	 0.1632 	 3.9052 	 2.1272 	 2.7332 	 0.0000 	 2.0594 	 961.7583 	 40.0000 	 0.1864 	 8.5669 	 4.9077 	 1.5743 	 2.4134 	 0.0000 	 1.2858 	 0.0000 
42.0000 	 1.6551 	 4.4285 	 2.2447 	 6.1549 	 3.3261 	 0.0000 	 1.1376 	 726.5436 	 42.0000 	 1.0326 	 3.1687 	 8.8168 	 0.4316 	 1.0527 	 0.0000 	 1.0122 	 0.0019 
39.0000 	 1.5871 	 4.4311 	 2.2741 	 6.1896 	 3.3327 	 0.0000 	 1.1329 	 726.6421 	 39.0000 	 0.6811 	 0.8510 	 4.6920 	 0.3502 	 -2.0185 	 0.0000 	 1.5160 	 0.0025 
48.0000 	 1.7811 	 4.4508 	 2.2341 	 6.1868 	 3.3296 	 0.0000 	 1.1423 	 726.4818 	 48.0000 	 1.4384 	 1.0059 	 4.3643 	 1.9474 	 0.2181 	 0.0000 	 1.3689 	 0.0038 
39.0000 	 1.5828 	 4.5256 	 2.3433 	 6.1381 	 3.3739 	 0.0000 	 1.1462 	 726.6596 	 39.0000 	 0.5693 	 2.4853 	 9.8415 	 2.8887 	 -2.2303 	 0.0000 	 0.8663 	 0.0028 
40.0000 	 1.6140 	 4.3371 	 2.4153 	 5.9738 	 3.3888 	 0.0000 	 1.1508 	 726.6258 	 40.0000 	 2.7519 	 0.7741 	 6.9578 	 1.3828 	 -2.7061 	 0.0000 	 0.3111 	 0.0026 
34.0000 	 1.4666 	 4.3042 	 2.5714 	 5.8170 	 3.4391 	 0.0000 	 1.1595 	 727.0115 	 34.0000 	 1.4519 	 7.5842 	 9.8565 	 0.0121 	 0.5757 	 0.0000 	 2.2435 	 0.0050 
37.0000 	 1.5435 	 4.4146 	 2.5120 	 5.9447 	 3.4568 	 0.0000 	 1.1760 	 726.8403 	 37.0000 	 1.4331 	 3.9746 	 8.8099 	 0.1443 	 1.2122 	 0.0000 	 1.2741 	 0.0028 
32.0000 	 0.0804 	 6.8494 	 7.5273 	 2.1375 	 2.7212 	 0.0000 	 2.0604 	 961.7569 	 32.0000 	 2.7149 	 0.6268 	 2.4210 	 2.3060 	 -0.8279 	 0.0000 	 0.2532 	 0.0000 
42.0000 	 1.6626 	 6.0035 	 1.5673 	 8.6340 	 3.0509 	 0.0000 	 1.0887 	 727.0219 	 42.0000 	 2.5503 	 8.8672 	 0.2475 	 2.9170 	 1.9955 	 0.0000 	 1.0060 	 0.0025 
38.0000 	 1.5641 	 4.8527 	 2.0470 	 6.7431 	 3.2875 	 0.0000 	 1.1234 	 726.7538 	 38.0000 	 0.6437 	 1.8428 	 8.7848 	 0.4585 	 -1.7693 	 0.0000 	 0.7443 	 0.0024 
38.0000 	 1.5470 	 4.4150 	 2.6851 	 5.7122 	 3.4791 	 0.0000 	 1.1676 	 726.8226 	 38.0000 	 0.8365 	 1.7030 	 3.0872 	 0.6537 	 -1.1205 	 0.0000 	 0.3458 	 0.0025 
33.0000 	 1.4430 	 4.3225 	 2.5493 	 5.8775 	 3.4261 	 0.0000 	 1.1527 	 727.0874 	 33.0000 	 1.1977 	 0.1316 	 5.0043 	 0.5424 	 1.6607 	 0.0000 	 2.5629 	 0.0031 
41.0000 	 1.6306 	 4.1879 	 2.7317 	 5.5547 	 3.4678 	 0.0000 	 1.1719 	 726.7274 	 41.0000 	 1.7757 	 3.9216 	 2.0877 	 2.0627 	 1.7100 	 0.0000 	 0.5771 	 0.0021 
38.0000 	 1.5863 	 4.1443 	 2.5940 	 5.8510 	 3.4775 	 0.0000 	 1.1662 	 726.9426 	 38.0000 	 2.9884 	 5.4646 	 1.8745 	 0.9611 	 -0.2746 	 0.0000 	 2.6240 	 0.0024 
37.0000 	 1.5513 	 0.0000 	 9.3868 	 4.3763 	 0.2379 	 0.0000 	 1.9716 	 774.1200 	 37.0000 	 2.0426 	 3.0721 	 5.1209 	 1.0038 	 0.4569 	 0.0000 	 2.6126 	 0.0010 
33.0000 	 1.4404 	 4.6729 	 2.1589 	 6.4492 	 3.3065 	 0.0000 	 1.1271 	 727.0371 	 33.0000 	 2.7630 	 2.5388 	 7.3805 	 0.5661 	 2.1394 	 0.0000 	 2.6861 	 0.0045 
38.0000 	 0.0069 	 7.7869 	 7.5176 	 1.0402 	 3.8188 	 0.0000 	 2.0604 	 961.7582 	 38.0000 	 0.5757 	 9.4781 	 4.2927 	 0.0431 	 -2.3216 	 0.0000 	 1.3661 	 0.0000 
36.0000 	 1.5200 	 4.6166 	 2.0897 	 6.5687 	 3.2715 	 0.0000 	 1.1158 	 726.8112 	 36.0000 	 0.2394 	 7.5360 	 1.1762 	 0.4198 	 -0.3167 	 0.0000 	 2.6231 	 0.0041 
29.0000 	 1.3417 	 4.4676 	 2.3297 	 6.2062 	 3.3606 	 0.0000 	 1.1396 	 727.5474 	 29.0000 	 1.0201 	 4.9812 	 3.3037 	 0.0301 	 2.3152 	 0.0000 	 2.0806 	 0.0070 
35.0000 	 1.3685 	 8.3328 	 2.9693 	 8.6753 	 3.8211 	 0.0000 	 1.2999 	 735.2019 	 35.0000 	 2.0201 	 4.9705 	 8.5564 	 2.5792 	 2.7202 	 0.0000 	 1.6165 	 0.0099 
36.0000 	 0.0469 	 6.6125 	 5.0390 	 3.7026 	 1.1576 	 0.0000 	 2.0597 	 961.7582 	 36.0000 	 1.9064 	 5.6759 	 3.5314 	 1.7018 	 1.1697 	 0.0000 	 1.9245 	 0.0000 
33.0000 	 1.4430 	 4.4004 	 2.4838 	 5.9352 	 3.4246 	 0.0000 	 1.1550 	 727.0719 	 33.0000 	 1.1538 	 4.5228 	 1.6471 	 0.8081 	 -0.5959 	 0.0000 	 0.4678 	 0.0051 
34.0000 	 1.4715 	 5.2976 	 1.7570 	 7.5474 	 3.1583 	 0.0000 	 1.0976 	 727.1653 	 34.0000 	 1.4471 	 7.7620 	 1.2525 	 0.8676 	 -0.4136 	 0.0000 	 2.0586 	 0.0039 
32.0000 	 0.0117 	 5.2161 	 5.0811 	 3.3087 	 1.5534 	 0.0000 	 2.0590 	 961.7584 	 32.0000 	 0.5683 	 1.0551 	 4.9635 	 2.4649 	 -0.2529 	 0.0000 	 0.5466 	 0.0000 
33.0000 	 1.4431 	 4.6062 	 2.2112 	 6.4073 	 3.3246 	 0.0000 	 1.1323 	 727.0378 	 33.0000 	 2.1611 	 7.2453 	 9.9925 	 0.2859 	 0.9078 	 0.0000 	 0.6038 	 0.0047 
33.0000 	 1.4339 	 4.4195 	 2.5241 	 5.9351 	 3.4241 	 0.0000 	 1.1609 	 727.0941 	 33.0000 	 1.4329 	 7.1389 	 5.2463 	 0.6986 	 2.2035 	 0.0000 	 2.4611 	 0.0049 
33.0000 	 1.4403 	 4.4272 	 2.4806 	 5.9814 	 3.4024 	 0.0000 	 1.1465 	 727.0599 	 33.0000 	 1.3944 	 2.8369 	 2.7562 	 2.2794 	 -2.9497 	 0.0000 	 1.4164 	 0.0063 
31.0000 	 1.4067 	 4.2186 	 2.4066 	 5.9591 	 3.3684 	 0.0000 	 1.1383 	 727.3338 	 31.0000 	 0.0516 	 3.1401 	 3.2677 	 1.1905 	 -0.1832 	 0.0000 	 0.7390 	 0.0051 
32.0000 	 1.4262 	 0.0000 	 4.8239 	 3.6876 	 0.9274 	 0.0000 	 1.9703 	 774.1537 	 32.0000 	 0.7986 	 1.2427 	 3.2336 	 0.0571 	 -2.1928 	 0.0000 	 1.4904 	 0.0012 
31.0000 	 1.3914 	 4.7099 	 2.1845 	 6.4854 	 3.3352 	 0.0000 	 1.1268 	 727.2796 	 31.0000 	 0.7362 	 5.5363 	 2.2457 	 1.8872 	 0.3532 	 0.0000 	 2.7264 	 0.0044 
33.0000 	 1.4454 	 4.3067 	 2.4207 	 5.9326 	 3.3784 	 0.0000 	 1.1423 	 727.0643 	 33.0000 	 2.1975 	 0.9263 	 1.5690 	 2.2033 	 -1.8863 	 0.0000 	 1.1663 	 0.0043 
28.0000 	 1.3109 	 4.3162 	 2.7368 	 5.6772 	 3.4970 	 0.0000 	 1.1623 	 727.8982 	 28.0000 	 0.7225 	 5.7948 	 2.1585 	 2.9469 	 -2.0904 	 0.0000 	 1.0140 	 0.0058 
48.0000 	 1.7901 	 4.3585 	 2.2815 	 6.0544 	 3.3522 	 0.0000 	 1.1476 	 726.4795 	 48.0000 	 1.0321 	 9.3201 	 3.2505 	 2.6383 	 -0.0398 	 0.0000 	 1.0942 	 0.0026 
32.0000 	 1.4251 	 0.0000 	 4.5408 	 4.1689 	 0.4459 	 0.0000 	 1.9707 	 774.1533 	 32.0000 	 0.4762 	 4.3768 	 0.8560 	 1.0111 	 -1.5999 	 0.0000 	 1.8650 	 0.0011 
29.0000 	 1.3535 	 5.2475 	 1.7509 	 7.7082 	 3.1463 	 0.0000 	 1.0812 	 727.7706 	 29.0000 	 2.2708 	 3.0617 	 0.5156 	 1.6931 	 2.0232 	 0.0000 	 0.3850 	 0.0051 
25.0000 	 1.2312 	 0.0000 	 8.4552 	 3.1567 	 1.4592 	 0.0000 	 1.9674 	 774.2592 	 25.0000 	 1.4525 	 4.9827 	 0.7687 	 0.1820 	 -0.2149 	 0.0000 	 1.7286 	 0.0017 
30.0000 	 1.3551 	 3.9718 	 5.8490 	 4.8414 	 3.7624 	 0.0000 	 1.2641 	 729.3870 	 30.0000 	 0.1577 	 8.0105 	 3.0601 	 0.6984 	 -2.9908 	 0.0000 	 0.9905 	 0.0055 
29.0000 	 1.3452 	 5.7044 	 1.6323 	 8.4280 	 3.0557 	 0.0000 	 1.0599 	 727.9251 	 29.0000 	 0.2884 	 9.0588 	 4.8426 	 1.5993 	 -0.4716 	 0.0000 	 2.2533 	 0.0053 
30.0000 	 1.3658 	 4.0836 	 3.1246 	 5.3014 	 3.5415 	 0.0000 	 1.1928 	 727.8110 	 30.0000 	 2.2491 	 3.5716 	 1.4641 	 2.1083 	 -1.3573 	 0.0000 	 1.7469 	 0.0095 
29.0000 	 1.3479 	 4.4904 	 2.2547 	 6.3311 	 3.3434 	 0.0000 	 1.1261 	 727.5568 	 29.0000 	 2.6550 	 8.5363 	 7.0664 	 2.9702 	 -2.4662 	 0.0000 	 0.7646 	 0.0047 
29.0000 	 1.3441 	 4.2303 	 2.6120 	 5.7895 	 3.4336 	 0.0000 	 1.1512 	 727.6393 	 29.0000 	 0.5357 	 3.2526 	 5.3287 	 0.5381 	 2.0738 	 0.0000 	 2.9296 	 0.0059 
27.0000 	 0.0011 	 7.1413 	 4.4476 	 4.2832 	 0.5764 	 0.0000 	 2.0617 	 961.7584 	 27.0000 	 2.2863 	 2.9428 	 2.6510 	 0.3143 	 1.6565 	 0.0000 	 0.0057 	 0.0000 
29.0000 	 1.3345 	 4.3448 	 2.3436 	 6.0092 	 3.3376 	 0.0000 	 1.1230 	 727.6235 	 29.0000 	 1.3955 	 0.5494 	 9.9218 	 2.3341 	 -0.1379 	 0.0000 	 2.8421 	 0.0061 
30.0000 	 1.3661 	 4.2316 	 2.9553 	 5.6592 	 3.5199 	 0.0000 	 1.1759 	 727.6547 	 30.0000 	 0.5978 	 6.2895 	 6.5759 	 1.7035 	 0.4558 	 0.0000 	 1.9009 	 0.0041 
28.0000 	 1.3023 	 4.4849 	 2.4061 	 6.0495 	 3.3619 	 0.0000 	 1.1260 	 727.7977 	 28.0000 	 2.8070 	 2.5930 	 5.5799 	 0.8235 	 -1.9615 	 0.0000 	 2.7217 	 0.0070 
27.0000 	 1.2488 	 4.3851 	 4.1128 	 4.9152 	 3.7173 	 0.0000 	 1.2351 	 729.1683 	 27.0000 	 1.0044 	 8.2078 	 9.3871 	 0.0117 	 2.7547 	 0.0000 	 2.5076 	 0.0075 
23.0000 	 1.1655 	 4.4796 	 2.3859 	 6.2230 	 3.3963 	 0.0000 	 1.1349 	 729.1595 	 23.0000 	 1.0612 	 8.8203 	 5.4041 	 1.0305 	 2.4204 	 0.0000 	 1.9015 	 0.0081 
27.0000 	 1.2842 	 4.9507 	 2.0560 	 6.9354 	 3.3082 	 0.0000 	 1.1259 	 728.0305 	 27.0000 	 1.9781 	 4.4175 	 4.8554 	 2.4797 	 1.7307 	 0.0000 	 1.2776 	 0.0080 
28.0000 	 1.3219 	 4.3643 	 2.3767 	 6.1020 	 3.3996 	 0.0000 	 1.1499 	 727.7746 	 28.0000 	 2.9788 	 8.2807 	 0.0254 	 2.9515 	 -0.7315 	 0.0000 	 1.6326 	 0.0062 
28.0000 	 1.3064 	 4.3385 	 2.8674 	 5.6508 	 3.5211 	 0.0000 	 1.1734 	 727.9367 	 28.0000 	 0.6247 	 5.6958 	 2.5829 	 1.9018 	 -2.0253 	 0.0000 	 1.7276 	 0.0086 
26.0000 	 1.2647 	 4.0817 	 2.6976 	 5.5865 	 3.4588 	 0.0000 	 1.1543 	 728.4081 	 26.0000 	 0.2560 	 4.3569 	 5.3753 	 2.4258 	 0.2312 	 0.0000 	 0.3709 	 0.0058 
24.0000 	 1.1694 	 4.2871 	 5.8203 	 4.6670 	 3.7822 	 0.0000 	 1.2611 	 730.9036 	 24.0000 	 2.4027 	 7.5457 	 3.2373 	 2.8894 	 -0.3543 	 0.0000 	 2.5594 	 0.0075 
43.0000 	 0.0813 	 1.8013 	 7.8535 	 3.3502 	 1.5088 	 0.0000 	 2.0579 	 961.7568 	 43.0000 	 0.2809 	 6.6875 	 8.7232 	 1.0186 	 0.2815 	 0.0000 	 2.6318 	 0.0000 
48.0000 	 1.7768 	 4.1498 	 2.8615 	 5.4649 	 3.5067 	 0.0000 	 1.2019 	 726.6944 	 48.0000 	 1.2384 	 8.3245 	 7.9642 	 1.7275 	 -0.5100 	 0.0000 	 2.6927 	 0.0032 
43.0000 	 1.6696 	 4.4654 	 2.3747 	 5.9991 	 3.3999 	 0.0000 	 1.1567 	 726.5616 	 43.0000 	 1.8810 	 7.4273 	 3.9343 	 0.7036 	 -0.7962 	 0.0000 	 2.2598 	 0.0020 
42.0000 	 1.6565 	 4.4277 	 2.2417 	 6.1717 	 3.3242 	 0.0000 	 1.1344 	 726.5418 	 42.0000 	 2.1575 	 0.4589 	 4.2426 	 2.1290 	 1.1572 	 0.0000 	 0.0042 	 0.0024 
42.0000 	 1.6447 	 4.7847 	 1.9988 	 6.6388 	 3.2402 	 0.0000 	 1.1221 	 726.6131 	 42.0000 	 1.3975 	 2.6972 	 2.7576 	 1.7332 	 2.9310 	 0.0000 	 1.9972 	 0.0021 
36.0000 	 0.0160 	 4.7237 	 9.4151 	 2.7466 	 2.1094 	 0.0000 	 2.0606 	 961.7586 	 36.0000 	 2.8019 	 2.8219 	 7.2031 	 1.1531 	 1.6479 	 0.0000 	 0.0636 	 0.0003 
37.0000 	 1.5330 	 4.4643 	 2.4306 	 5.9882 	 3.4015 	 0.0000 	 1.1596 	 726.7663 	 37.0000 	 2.5693 	 5.7404 	 8.7467 	 0.9839 	 -2.0248 	 0.0000 	 0.0626 	 0.0029 
31.0000 	 1.3967 	 4.4145 	 2.2852 	 6.1348 	 3.3467 	 0.0000 	 1.1333 	 727.2714 	 31.0000 	 0.9378 	 4.8915 	 8.1775 	 1.7941 	 1.8637 	 0.0000 	 1.2301 	 0.0050 
37.0000 	 1.5438 	 4.4519 	 2.2550 	 6.1778 	 3.3293 	 0.0000 	 1.1339 	 726.7415 	 37.0000 	 1.4940 	 6.1287 	 0.6900 	 1.8366 	 -2.8966 	 0.0000 	 2.9592 	 0.0032 
31.0000 	 1.3989 	 4.2935 	 2.5658 	 5.9214 	 3.4382 	 0.0000 	 1.1574 	 727.3309 	 31.0000 	 1.2805 	 6.5606 	 5.9969 	 0.9533 	 2.1714 	 0.0000 	 0.2073 	 0.0048 
30.0000 	 0.0537 	 1.2641 	 3.9499 	 3.8455 	 1.0119 	 0.0000 	 2.0137 	 961.8666 	 30.0000 	 2.4472 	 4.0628 	 1.5936 	 0.4413 	 -1.1797 	 0.0000 	 1.4754 	 0.0000 
36.0000 	 1.5221 	 4.7593 	 1.9450 	 6.8296 	 3.2070 	 0.0000 	 1.0996 	 726.8615 	 36.0000 	 2.9424 	 3.9351 	 0.4809 	 0.8392 	 -1.0444 	 0.0000 	 1.7092 	 0.0025 
30.0000 	 1.2400 	 7.8491 	 5.2283 	 7.0961 	 3.7332 	 0.0000 	 1.2497 	 751.3385 	 30.0000 	 2.6890 	 4.4447 	 4.5791 	 1.9086 	 2.0610 	 0.0000 	 2.5825 	 0.0243 
27.0000 	 1.2808 	 4.3754 	 2.6114 	 5.8729 	 3.4431 	 0.0000 	 1.1480 	 728.0044 	 27.0000 	 0.7447 	 3.6557 	 7.9714 	 2.5764 	 1.4156 	 0.0000 	 2.3242 	 0.0104 
28.0000 	 1.3065 	 4.4459 	 2.4877 	 5.9812 	 3.4084 	 0.0000 	 1.1371 	 727.7722 	 28.0000 	 2.7546 	 1.2036 	 8.2109 	 1.5504 	 0.6364 	 0.0000 	 0.6986 	 0.0066 
27.0000 	 1.2842 	 4.4265 	 2.4531 	 6.0527 	 3.3929 	 0.0000 	 1.1431 	 727.9697 	 27.0000 	 0.9478 	 1.1057 	 3.4184 	 2.9970 	 2.8489 	 0.0000 	 1.7506 	 0.0059 
27.0000 	 1.2955 	 4.1188 	 2.6968 	 5.7316 	 3.4535 	 0.0000 	 1.1482 	 728.1124 	 27.0000 	 1.7781 	 3.7822 	 0.9809 	 1.3968 	 -1.5972 	 0.0000 	 1.1110 	 0.0060 
26.0000 	 1.2546 	 4.2564 	 2.7394 	 5.7103 	 3.4770 	 0.0000 	 1.1594 	 728.3225 	 26.0000 	 0.0944 	 6.4829 	 7.8917 	 0.7753 	 1.0617 	 0.0000 	 2.0584 	 0.0071 
26.0000 	 1.2558 	 4.3348 	 2.4686 	 5.9236 	 3.4069 	 0.0000 	 1.1488 	 728.2486 	 26.0000 	 1.0393 	 0.8789 	 1.7701 	 2.1191 	 2.1620 	 0.0000 	 2.0663 	 0.0099 
25.0000 	 1.2358 	 4.2890 	 2.4637 	 5.9965 	 3.4041 	 0.0000 	 1.1369 	 728.4952 	 25.0000 	 2.9574 	 8.2765 	 3.4100 	 0.5763 	 1.3136 	 0.0000 	 1.2504 	 0.0082 
26.0000 	 1.2559 	 6.5923 	 1.4962 	 9.5285 	 2.9962 	 0.0000 	 1.0585 	 728.7287 	 26.0000 	 0.8012 	 8.5461 	 0.4415 	 0.7020 	 2.6295 	 0.0000 	 2.6249 	 0.0066 
24.0000 	 1.1928 	 4.3958 	 2.5936 	 5.9016 	 3.4456 	 0.0000 	 1.1543 	 728.8402 	 24.0000 	 2.7677 	 8.9120 	 2.5193 	 1.7319 	 -2.4808 	 0.0000 	 2.4518 	 0.0077 
24.0000 	 0.0025 	 1.1074 	 7.4175 	 0.5778 	 4.2816 	 0.0000 	 2.0596 	 961.7583 	 24.0000 	 1.6919 	 0.6079 	 7.7288 	 1.6507 	 1.6977 	 0.0000 	 0.4172 	 0.0000 
24.0000 	 1.1979 	 0.0000 	 8.5205 	 3.2559 	 1.3580 	 0.0000 	 1.9721 	 774.2829 	 24.0000 	 2.6302 	 6.3048 	 1.5054 	 0.9545 	 1.9117 	 0.0000 	 1.0985 	 0.0017 
23.0000 	 1.1647 	 4.4620 	 2.4006 	 6.1284 	 3.3872 	 0.0000 	 1.1337 	 729.1323 	 23.0000 	 1.2013 	 8.3653 	 0.2118 	 2.5955 	 1.5723 	 0.0000 	 1.6442 	 0.0128 
24.0000 	 1.2077 	 4.2860 	 2.3660 	 6.0676 	 3.3706 	 0.0000 	 1.1312 	 728.8023 	 24.0000 	 0.3549 	 4.3344 	 6.8730 	 1.6697 	 0.0391 	 0.0000 	 0.7932 	 0.0085 
23.0000 	 1.1647 	 0.0000 	 8.5679 	 4.1616 	 0.4523 	 0.0000 	 1.9699 	 774.3108 	 23.0000 	 1.8099 	 3.2350 	 3.9105 	 2.8194 	 -0.8505 	 0.0000 	 0.9039 	 0.0020 
24.0000 	 1.2051 	 4.2335 	 2.7536 	 5.7364 	 3.4894 	 0.0000 	 1.1668 	 728.9211 	 24.0000 	 2.4640 	 0.6846 	 6.6345 	 0.5975 	 -2.6548 	 0.0000 	 2.1744 	 0.0095 
22.0000 	 1.1386 	 4.3391 	 2.4084 	 6.0527 	 3.3855 	 0.0000 	 1.1291 	 729.5717 	 22.0000 	 1.3181 	 5.0189 	 4.5369 	 0.0931 	 -0.3722 	 0.0000 	 2.3441 	 0.0094 
22.0000 	 1.1112 	 4.1498 	 6.9078 	 4.6939 	 3.8026 	 0.0000 	 1.2473 	 732.0177 	 22.0000 	 0.5261 	 2.2170 	 1.9976 	 1.4091 	 1.1287 	 0.0000 	 2.5346 	 0.0108 
23.0000 	 1.1664 	 4.3734 	 2.6750 	 5.8582 	 3.4837 	 0.0000 	 1.1665 	 729.2219 	 23.0000 	 1.9766 	 2.7577 	 5.9697 	 0.0597 	 0.4957 	 0.0000 	 0.0748 	 0.0090 
20.0000 	 1.0857 	 3.8696 	 7.1985 	 4.6311 	 3.9023 	 0.0000 	 1.2937 	 733.2078 	 20.0000 	 2.9867 	 0.0927 	 3.3066 	 0.6262 	 1.3958 	 0.0000 	 1.5936 	 0.0607 
23.0000 	 1.1639 	 0.0000 	 3.4464 	 3.3140 	 1.3004 	 0.0000 	 1.9725 	 774.3079 	 23.0000 	 1.6013 	 0.7535 	 6.2890 	 1.3604 	 2.7296 	 0.0000 	 2.8042 	 0.0017 
20.0000 	 1.0659 	 4.2845 	 3.4077 	 5.3778 	 3.6464 	 0.0000 	 1.1945 	 731.1627 	 20.0000 	 1.6025 	 4.6842 	 2.6090 	 1.1590 	 1.6982 	 0.0000 	 2.7218 	 0.0096 
23.0000 	 1.1632 	 4.1989 	 2.9306 	 5.4539 	 3.5410 	 0.0000 	 1.1746 	 729.4554 	 23.0000 	 0.8922 	 5.1984 	 1.8787 	 2.2916 	 -1.7981 	 0.0000 	 2.2786 	 0.0089 
20.0000 	 1.0875 	 3.9790 	 2.9424 	 5.5274 	 3.5143 	 0.0000 	 1.1740 	 730.8491 	 20.0000 	 0.2671 	 4.1286 	 7.8572 	 1.9736 	 0.4346 	 0.0000 	 2.5232 	 0.0128 
21.0000 	 1.1032 	 4.5769 	 2.5053 	 6.2527 	 3.4425 	 0.0000 	 1.1580 	 730.1013 	 21.0000 	 1.9882 	 5.5410 	 5.1461 	 0.5523 	 -1.0036 	 0.0000 	 2.8572 	 0.0127 
19.0000 	 1.0420 	 4.3435 	 2.6391 	 5.9274 	 3.4450 	 0.0000 	 1.1515 	 731.3152 	 19.0000 	 1.4433 	 5.4928 	 8.0012 	 0.5212 	 -1.0536 	 0.0000 	 0.8341 	 0.0182 
21.0000 	 1.1097 	 4.0329 	 3.0954 	 5.4715 	 3.5490 	 0.0000 	 1.1824 	 730.3904 	 21.0000 	 0.8996 	 8.4317 	 6.5910 	 1.0703 	 -2.6174 	 0.0000 	 2.4360 	 0.0107 
18.0000 	 1.0379 	 6.1191 	 1.5250 	 9.9998 	 3.0334 	 0.0000 	 1.0548 	 732.5008 	 18.0000 	 1.7158 	 9.8896 	 2.7845 	 1.6494 	 2.8411 	 0.0000 	 2.5294 	 0.0107 
20.0000 	 1.0905 	 3.9274 	 2.8680 	 5.5237 	 3.4932 	 0.0000 	 1.1606 	 730.8698 	 20.0000 	 1.6887 	 9.5016 	 7.3245 	 1.0047 	 -0.2686 	 0.0000 	 2.9115 	 0.0109 
18.0000 	 0.9967 	 4.4137 	 2.7970 	 5.8133 	 3.5310 	 0.0000 	 1.1833 	 732.1306 	 18.0000 	 1.9885 	 6.6218 	 7.3986 	 0.4311 	 -2.2963 	 0.0000 	 0.5786 	 0.0153 
20.0000 	 1.0849 	 4.4303 	 2.2715 	 6.4028 	 3.3670 	 0.0000 	 1.1305 	 730.5511 	 20.0000 	 0.4348 	 4.8551 	 8.7350 	 1.5629 	 -2.1449 	 0.0000 	 1.6824 	 0.0120 
15.0000 	 0.9089 	 4.1669 	 2.4661 	 6.0289 	 3.4470 	 0.0000 	 1.1585 	 735.0090 	 15.0000 	 2.0903 	 2.5028 	 3.0817 	 0.5885 	 1.0026 	 0.0000 	 0.9045 	 0.0214 
19.0000 	 1.0512 	 4.1800 	 2.5387 	 5.9544 	 3.4371 	 0.0000 	 1.1491 	 731.2223 	 19.0000 	 0.5224 	 4.3952 	 1.8122 	 0.4562 	 -2.0843 	 0.0000 	 2.6470 	 0.0157 
15.0000 	 0.9039 	 3.8934 	 3.0054 	 5.4640 	 3.5409 	 0.0000 	 1.1884 	 735.2878 	 15.0000 	 1.8246 	 1.0911 	 8.4039 	 2.4790 	 -0.8156 	 0.0000 	 1.3504 	 0.0267 
18.0000 	 0.9976 	 3.8204 	 10.0000 	 4.3858 	 3.8811 	 0.0000 	 1.2931 	 734.9103 	 18.0000 	 0.2575 	 0.3432 	 6.8582 	 2.1290 	 -0.6626 	 0.0000 	 2.3635 	 0.0240 
15.0000 	 0.9210 	 4.7866 	 1.7948 	 7.7045 	 3.1673 	 0.0000 	 1.0732 	 735.0199 	 15.0000 	 0.1562 	 3.5389 	 0.8960 	 1.2627 	 -1.6598 	 0.0000 	 1.4232 	 0.0242 
14.0000 	 0.8578 	 3.5193 	 5.0098 	 4.5897 	 3.6313 	 0.0000 	 1.1898 	 738.4825 	 14.0000 	 1.8107 	 5.5118 	 0.9388 	 1.8872 	 2.0156 	 0.0000 	 1.3112 	 0.0192 
17.0000 	 1.0077 	 3.6180 	 3.7581 	 5.0654 	 3.6906 	 0.0000 	 1.2191 	 733.8612 	 17.0000 	 0.8095 	 0.5595 	 0.4545 	 2.1293 	 1.8803 	 0.0000 	 2.2265 	 0.0158 
14.0000 	 0.8640 	 3.7256 	 3.5681 	 5.1529 	 3.6202 	 0.0000 	 1.2012 	 736.9209 	 14.0000 	 0.6865 	 9.6332 	 1.9650 	 0.8600 	 1.4141 	 0.0000 	 2.4578 	 0.0251 
16.0000 	 0.9525 	 4.2501 	 2.5183 	 6.2901 	 3.4546 	 0.0000 	 1.1607 	 733.9302 	 16.0000 	 2.1674 	 1.4367 	 8.0361 	 0.0967 	 -2.5101 	 0.0000 	 0.2517 	 0.0251 
12.0000 	 0.7916 	 5.5238 	 1.4974 	 9.1683 	 3.0215 	 0.0000 	 1.0453 	 740.0661 	 12.0000 	 2.2777 	 6.3425 	 8.3340 	 0.2285 	 -0.3140 	 0.0000 	 1.0165 	 0.0467 
15.0000 	 0.9064 	 6.0894 	 1.6537 	 9.4423 	 3.1450 	 0.0000 	 1.0868 	 735.2849 	 15.0000 	 2.9747 	 7.4403 	 5.9141 	 2.4814 	 2.5936 	 0.0000 	 1.1338 	 0.0229 
12.0000 	 0.7443 	 0.0000 	 7.4946 	 4.2423 	 0.3769 	 0.0000 	 1.9668 	 775.2426 	 12.0000 	 0.0735 	 3.8002 	 7.1058 	 2.8404 	 0.7718 	 0.0000 	 0.9381 	 0.0045 
12.0000 	 0.7466 	 0.0000 	 7.9868 	 5.5836 	 -0.9725 	 0.0000 	 1.9705 	 775.2372 	 12.0000 	 2.4805 	 2.0730 	 8.5762 	 0.2564 	 -1.4355 	 0.0000 	 1.5589 	 0.0053 
14.0000 	 0.8731 	 3.7959 	 3.4618 	 5.2773 	 3.6476 	 0.0000 	 1.2003 	 736.8346 	 14.0000 	 1.6828 	 3.0699 	 7.5418 	 1.1241 	 0.7572 	 0.0000 	 0.4198 	 0.0220 
11.0000 	 0.7484 	 3.2105 	 6.8225 	 4.4067 	 3.8177 	 0.0000 	 1.2629 	 743.7495 	 11.0000 	 0.8504 	 3.7498 	 0.8696 	 0.0106 	 1.6856 	 0.0000 	 2.1281 	 0.0350 
11.0000 	 0.0010 	 5.8033 	 5.0566 	 3.4395 	 1.4195 	 0.0000 	 2.0600 	 961.7581 	 11.0000 	 2.2226 	 4.5104 	 2.4485 	 2.8637 	 0.1945 	 0.0000 	 0.5326 	 0.0000 
14.0000 	 0.8657 	 3.4703 	 6.5781 	 4.4589 	 3.7976 	 0.0000 	 1.2594 	 738.3019 	 14.0000 	 1.6567 	 2.8447 	 2.5318 	 1.3674 	 -1.5693 	 0.0000 	 1.7362 	 0.0176 
9.0000 	 0.6476 	 3.5993 	 2.7247 	 5.8520 	 3.5179 	 0.0000 	 1.1809 	 747.7242 	 9.0000 	 1.7096 	 4.9115 	 4.1652 	 0.4792 	 1.3961 	 0.0000 	 1.0462 	 0.0827 
14.0000 	 0.8878 	 5.1461 	 1.4043 	 8.5138 	 2.9000 	 0.0000 	 1.0245 	 737.0012 	 14.0000 	 0.3787 	 9.3903 	 0.7218 	 2.4792 	 0.5408 	 0.0000 	 0.7976 	 0.0344 
9.0000 	 0.0013 	 0.5855 	 9.8753 	 4.6638 	 0.1943 	 0.0000 	 2.0590 	 961.7583 	 9.0000 	 2.7241 	 1.2377 	 9.4561 	 1.7144 	 2.9187 	 0.0000 	 0.3554 	 0.0000 
9.0000 	 0.6732 	 3.0946 	 2.8702 	 5.2096 	 3.5708 	 0.0000 	 1.1977 	 748.0931 	 9.0000 	 0.7674 	 8.3171 	 5.0359 	 1.4715 	 0.7811 	 0.0000 	 0.4730 	 0.0449 
13.0000 	 0.8302 	 4.2709 	 2.0349 	 6.6112 	 3.2978 	 0.0000 	 1.1218 	 737.7923 	 13.0000 	 2.7443 	 5.9433 	 6.0638 	 1.2476 	 1.2245 	 0.0000 	 0.9195 	 0.0266 
9.0000 	 0.6153 	 3.4599 	 8.2426 	 4.3405 	 3.8740 	 0.0000 	 1.2415 	 750.0799 	 9.0000 	 0.9557 	 8.3362 	 6.3182 	 0.2883 	 1.7030 	 0.0000 	 1.0808 	 0.0451 
12.0000 	 0.7882 	 3.6232 	 2.9411 	 5.3268 	 3.5565 	 0.0000 	 1.1900 	 740.0661 	 12.0000 	 0.7525 	 0.5271 	 9.1312 	 2.0199 	 -1.7011 	 0.0000 	 0.7919 	 0.0314 
7.0000 	 0.5408 	 2.6039 	 7.9253 	 4.0897 	 3.8217 	 0.0000 	 1.3117 	 756.7936 	 7.0000 	 2.8605 	 5.6248 	 7.3062 	 2.4343 	 -0.4782 	 0.0000 	 0.3534 	 0.0783 
7.0000 	 0.4699 	 0.0000 	 7.6778 	 3.3671 	 1.2484 	 0.0000 	 1.9789 	 777.1442 	 7.0000 	 1.2001 	 2.6807 	 9.5064 	 0.6327 	 0.6543 	 0.0000 	 2.3989 	 0.0111 
12.0000 	 0.7869 	 3.4597 	 4.5828 	 4.7680 	 3.7139 	 0.0000 	 1.2413 	 740.7866 	 12.0000 	 2.6865 	 1.4159 	 4.0224 	 0.3561 	 -2.2183 	 0.0000 	 1.3465 	 0.0389 
11.0000 	 0.7062 	 5.0000 	 5.3125 	 5.8330 	 4.2891 	 0.0000 	 1.6273 	 755.7876 	 11.0000 	 1.9010 	 6.6934 	 4.5143 	 0.2568 	 1.8199 	 0.0000 	 0.1644 	 0.0179 
7.0000 	 0.5470 	 2.6048 	 9.9924 	 4.1286 	 3.8813 	 0.0000 	 1.3078 	 756.8394 	 7.0000 	 0.5135 	 1.5478 	 3.5335 	 1.5592 	 -0.8916 	 0.0000 	 0.5597 	 0.0589 
10.0000 	 0.0014 	 4.7191 	 5.4749 	 5.9524 	 -1.0927 	 0.0000 	 2.0600 	 961.7583 	 10.0000 	 2.6367 	 4.8038 	 2.6471 	 1.1703 	 -0.7673 	 0.0000 	 2.9261 	 0.0000 
6.0000 	 0.4021 	 1.3898 	 9.9997 	 1.6473 	 3.7430 	 0.0000 	 1.8044 	 773.2395 	 6.0000 	 0.9927 	 7.0747 	 2.6521 	 2.4055 	 -2.9572 	 0.0000 	 0.3777 	 0.0231 
10.0000 	 0.7051 	 4.8456 	 1.6597 	 8.6076 	 3.1453 	 0.0000 	 1.0702 	 744.7553 	 10.0000 	 2.7948 	 4.1732 	 5.2110 	 1.2563 	 -2.9777 	 0.0000 	 2.0828 	 0.0570 
6.0000 	 0.4768 	 2.3931 	 9.9817 	 4.1509 	 3.8391 	 0.0000 	 1.2987 	 761.6420 	 6.0000 	 2.2471 	 2.3798 	 9.1265 	 2.5742 	 0.8540 	 0.0000 	 1.1828 	 0.0704 
9.0000 	 0.6657 	 3.0118 	 4.7205 	 4.8110 	 3.7457 	 0.0000 	 1.2358 	 748.5830 	 9.0000 	 0.1395 	 7.1012 	 8.9128 	 2.2383 	 0.7761 	 0.0000 	 2.4644 	 0.0488 
5.0000 	 0.3220 	 0.0000 	 6.1502 	 3.5870 	 1.0353 	 0.0000 	 1.9738 	 779.0770 	 5.0000 	 1.4874 	 8.8717 	 1.3086 	 2.1869 	 2.1249 	 0.0000 	 0.7116 	 0.0200 
