50.0000 	 2.2818 	 2.8809 	 -18.0273 	 -1.8652 	 0.0000 	 0.0002 	 950.7894 	 50.0000 	 0.4334 	 5.0184 	 0.6293 	 -4.8476 	 0.0000 	 0.5207 	 0.2947 
50.0000 	 2.2818 	 2.8809 	 -18.0273 	 -1.8652 	 0.0000 	 0.0002 	 947.9707 	 50.0000 	 0.4334 	 5.0184 	 0.6293 	 -4.8476 	 0.0000 	 0.5207 	 0.3268 
50.0000 	 2.7982 	 2.5436 	 6.4185 	 -3.8269 	 0.0000 	 0.0771 	 595.2530 	 50.0000 	 0.0724 	 3.0829 	 -4.9279 	 2.1857 	 0.0000 	 1.5355 	 0.0231 
50.0000 	 2.7872 	 0.0000 	 0.3825 	 -29.7617 	 0.0000 	 4.4797 	 637.1421 	 50.0000 	 0.3840 	 6.6010 	 -0.6220 	 3.7744 	 0.0000 	 2.0001 	 0.0027 
50.0000 	 2.6745 	 4.1417 	 5.6253 	 -3.4269 	 0.0000 	 0.5425 	 583.6855 	 50.0000 	 1.3015 	 3.9625 	 3.5826 	 -2.3511 	 0.0000 	 1.9547 	 0.0040 
50.0000 	 3.3165 	 1.5299 	 6.9245 	 -2.1610 	 0.0000 	 0.0005 	 586.9640 	 50.0000 	 0.9705 	 6.6094 	 -1.4549 	 -1.1338 	 0.0000 	 0.9099 	 0.0114 
49.0000 	 2.2565 	 16.4931 	 1.0746 	 -2.5209 	 0.0000 	 0.0473 	 593.6391 	 49.0000 	 2.9636 	 8.1353 	 8.9363 	 1.3096 	 0.0000 	 0.0866 	 0.0306 
49.0000 	 3.0834 	 1.9873 	 6.7405 	 -2.2325 	 0.0000 	 0.0000 	 586.1945 	 49.0000 	 0.5013 	 0.1888 	 7.9007 	 -2.1871 	 0.0000 	 0.0635 	 0.0189 
49.0000 	 2.4059 	 10.3164 	 3.8771 	 -3.4463 	 0.0000 	 0.5029 	 585.9336 	 49.0000 	 1.2557 	 2.8893 	 7.5380 	 -2.5726 	 0.0000 	 0.4410 	 0.0084 
49.0000 	 2.4405 	 9.0063 	 4.2670 	 -3.5208 	 0.0000 	 0.5585 	 585.3911 	 49.0000 	 2.7373 	 9.4447 	 -6.5138 	 -4.4136 	 0.0000 	 0.3426 	 0.0072 
50.0000 	 2.7784 	 2.9619 	 5.9771 	 -3.2448 	 0.0000 	 0.5126 	 583.4485 	 50.0000 	 2.8742 	 7.7245 	 2.6031 	 3.9842 	 0.0000 	 0.4104 	 0.0033 
48.0000 	 2.6160 	 1.8106 	 5.9327 	 -5.9118 	 0.0000 	 0.8911 	 586.5739 	 48.0000 	 0.5761 	 2.8402 	 -2.2685 	 3.4079 	 0.0000 	 0.2882 	 0.0395 
49.0000 	 2.8968 	 2.7116 	 6.3714 	 -2.3487 	 0.0000 	 0.0000 	 588.5395 	 49.0000 	 2.1072 	 1.2601 	 -6.0921 	 0.2581 	 0.0000 	 2.8790 	 0.0230 
49.0000 	 2.5125 	 6.8699 	 4.8166 	 -3.2592 	 0.0000 	 0.4893 	 584.5913 	 49.0000 	 2.7373 	 9.4447 	 -6.5138 	 -4.4136 	 0.0000 	 0.3426 	 0.0059 
49.0000 	 2.5327 	 6.9409 	 4.6226 	 -2.3586 	 0.0000 	 0.0047 	 588.1464 	 49.0000 	 0.0620 	 1.9361 	 4.5878 	 2.4817 	 0.0000 	 2.5292 	 0.0140 
48.0000 	 2.3386 	 10.8534 	 3.0408 	 -2.3699 	 0.0000 	 0.0000 	 590.1217 	 48.0000 	 1.0235 	 3.2794 	 0.4155 	 -2.7465 	 0.0000 	 0.6108 	 0.0115 
47.0000 	 2.9896 	 2.0852 	 6.6519 	 -2.1344 	 0.0000 	 0.0042 	 586.1531 	 47.0000 	 0.4178 	 4.8827 	 -1.0263 	 -1.6002 	 0.0000 	 1.2846 	 0.0102 
46.0000 	 2.4455 	 6.6879 	 4.8198 	 -2.3320 	 0.0000 	 0.0021 	 588.0005 	 46.0000 	 0.7983 	 7.2028 	 3.8888 	 0.8474 	 0.0000 	 2.2524 	 0.0270 
46.0000 	 2.6259 	 3.3008 	 5.8718 	 -3.1968 	 0.0000 	 0.5079 	 583.4158 	 46.0000 	 0.7004 	 7.6260 	 -2.1328 	 2.6615 	 0.0000 	 0.1727 	 0.0031 
46.0000 	 2.4258 	 8.2021 	 4.5092 	 -2.6284 	 0.0000 	 0.0000 	 589.2661 	 46.0000 	 2.6227 	 8.0428 	 2.1294 	 -2.8977 	 0.0000 	 1.1982 	 0.0124 
47.0000 	 2.6693 	 3.1414 	 5.9223 	 -3.2244 	 0.0000 	 0.5094 	 583.4171 	 47.0000 	 1.6411 	 0.9077 	 -5.6197 	 -4.4080 	 0.0000 	 1.2316 	 0.0028 
48.0000 	 2.7262 	 2.9007 	 6.0101 	 -3.2930 	 0.0000 	 0.5077 	 583.4298 	 48.0000 	 2.6135 	 9.0294 	 0.8724 	 -3.9954 	 0.0000 	 0.8398 	 0.0028 
47.0000 	 2.8698 	 2.7451 	 6.3515 	 -2.2256 	 0.0000 	 0.0002 	 585.9676 	 47.0000 	 0.5595 	 1.8980 	 8.9166 	 2.5959 	 0.0000 	 1.4445 	 0.0136 
47.0000 	 2.7116 	 2.8517 	 6.0280 	 -3.1300 	 0.0000 	 0.4854 	 583.4231 	 47.0000 	 2.9347 	 9.4923 	 -1.7834 	 -4.7090 	 0.0000 	 2.1909 	 0.0032 
47.0000 	 2.6395 	 3.5134 	 5.8086 	 -3.2657 	 0.0000 	 0.5197 	 583.4569 	 47.0000 	 0.5966 	 3.0794 	 7.7111 	 -2.0866 	 0.0000 	 2.7207 	 0.0029 
45.0000 	 1.9363 	 7.2656 	 1.7188 	 0.7031 	 0.0000 	 0.0000 	 682.6109 	 45.0000 	 1.9592 	 2.4162 	 -6.4012 	 2.2581 	 0.0000 	 2.5582 	 0.2938 
46.0000 	 2.2649 	 13.4270 	 2.4700 	 -2.7119 	 0.0000 	 0.0006 	 596.3941 	 46.0000 	 1.3694 	 2.9249 	 7.7258 	 -2.8673 	 0.0000 	 0.2355 	 0.0168 
46.0000 	 2.4377 	 6.1272 	 4.9444 	 -3.1733 	 0.0000 	 0.4784 	 584.4317 	 46.0000 	 2.5289 	 1.2852 	 -0.1488 	 -3.8796 	 0.0000 	 0.5969 	 0.0065 
46.0000 	 2.6619 	 3.8138 	 5.8642 	 -2.1499 	 0.0000 	 0.0011 	 585.7267 	 46.0000 	 2.0502 	 8.1103 	 6.8236 	 1.9537 	 0.0000 	 1.1630 	 0.0090 
46.0000 	 2.2712 	 12.1259 	 3.2867 	 -3.1387 	 0.0000 	 0.0000 	 594.7559 	 46.0000 	 0.6434 	 6.5026 	 4.6749 	 0.9224 	 0.0000 	 1.4162 	 0.1540 
45.0000 	 2.3451 	 9.5020 	 4.5605 	 -3.9746 	 0.0000 	 0.0039 	 592.2202 	 45.0000 	 0.3352 	 9.5271 	 7.3223 	 -1.7783 	 0.0000 	 2.0309 	 0.2316 
44.0000 	 2.5804 	 3.1934 	 5.9200 	 -3.1657 	 0.0000 	 0.4819 	 583.3823 	 44.0000 	 2.6937 	 5.1620 	 5.9059 	 -0.0110 	 0.0000 	 2.1598 	 0.0031 
45.0000 	 2.2858 	 10.0461 	 3.3865 	 -2.3658 	 0.0000 	 0.0005 	 589.3398 	 45.0000 	 0.2654 	 2.5641 	 6.5036 	 -0.3010 	 0.0000 	 1.8825 	 0.0167 
45.0000 	 2.8850 	 2.4316 	 6.7773 	 -3.7207 	 0.0000 	 0.0013 	 588.2744 	 45.0000 	 2.0344 	 2.7673 	 -9.3304 	 0.3835 	 0.0000 	 1.3041 	 0.2788 
45.0000 	 2.6417 	 2.8817 	 6.0073 	 -3.1882 	 0.0000 	 0.5008 	 583.3901 	 45.0000 	 1.4261 	 9.4147 	 7.9033 	 -1.1820 	 0.0000 	 1.9531 	 0.0033 
44.0000 	 2.5822 	 0.0000 	 0.4079 	 19.9045 	 0.0000 	 4.4613 	 636.9625 	 44.0000 	 1.8581 	 0.1000 	 8.8079 	 -2.8512 	 0.0000 	 0.7968 	 0.0159 
43.0000 	 2.6266 	 10.9717 	 6.2988 	 1.2988 	 0.0000 	 0.0001 	 655.2717 	 43.0000 	 2.5269 	 4.2576 	 -7.2740 	 -0.3118 	 0.0000 	 0.6349 	 0.0912 
45.0000 	 2.2726 	 12.6283 	 3.4541 	 -3.8754 	 0.0000 	 0.6117 	 586.6158 	 45.0000 	 1.7208 	 0.7387 	 -7.2710 	 -4.4264 	 0.0000 	 2.7165 	 0.0083 
44.0000 	 2.5793 	 3.3888 	 5.8716 	 -3.0819 	 0.0000 	 0.0000 	 589.4414 	 44.0000 	 1.8241 	 6.3325 	 -9.7068 	 3.5680 	 0.0000 	 0.8000 	 0.0090 
45.0000 	 2.5950 	 3.2852 	 5.8797 	 -3.2902 	 0.0000 	 0.5149 	 583.4125 	 45.0000 	 2.6599 	 7.7044 	 -1.5758 	 4.4500 	 0.0000 	 0.1490 	 0.0031 
44.0000 	 2.5386 	 3.6189 	 5.7668 	 -3.1882 	 0.0000 	 0.5128 	 583.4265 	 44.0000 	 1.8675 	 3.7705 	 8.9032 	 -1.8854 	 0.0000 	 0.9301 	 0.0028 
44.0000 	 2.1556 	 11.4670 	 3.9702 	 -12.7724 	 0.0000 	 2.1748 	 608.9574 	 44.0000 	 1.1705 	 1.4730 	 -4.6058 	 -4.7933 	 0.0000 	 0.7805 	 0.3012 
41.0000 	 2.1779 	 9.4308 	 3.5698 	 -2.3133 	 0.0000 	 0.0313 	 588.7299 	 41.0000 	 2.7240 	 7.0476 	 -9.4404 	 -2.8558 	 0.0000 	 2.5564 	 0.0173 
43.0000 	 2.6752 	 0.0000 	 0.3489 	 25.1883 	 0.0000 	 4.5238 	 637.1513 	 43.0000 	 2.8508 	 1.0972 	 1.1931 	 0.0502 	 0.0000 	 1.8453 	 0.0039 
44.0000 	 2.6121 	 2.8612 	 6.0070 	 -3.1701 	 0.0000 	 0.5053 	 583.3797 	 44.0000 	 1.1657 	 0.7176 	 -6.9571 	 -0.7048 	 0.0000 	 1.1545 	 0.0030 
44.0000 	 2.3356 	 7.6188 	 4.2188 	 -2.2294 	 0.0000 	 0.0105 	 587.7549 	 44.0000 	 0.7912 	 0.6074 	 -7.9454 	 1.3425 	 0.0000 	 0.8145 	 0.0114 
43.0000 	 2.4124 	 4.9699 	 5.3652 	 -3.4166 	 0.0000 	 0.5333 	 583.7989 	 43.0000 	 0.3094 	 7.8312 	 -7.6809 	 2.6831 	 0.0000 	 0.3965 	 0.0040 
45.0000 	 3.4349 	 11.9763 	 -43.3117 	 -0.9019 	 0.0000 	 0.0018 	 992.3683 	 45.0000 	 0.8090 	 6.2094 	 1.3407 	 -1.2042 	 0.0000 	 2.3104 	 0.0047 
41.0000 	 2.1421 	 11.0857 	 3.0003 	 -2.4196 	 0.0000 	 0.0028 	 589.9198 	 41.0000 	 0.5648 	 8.4441 	 -0.5422 	 -1.8600 	 0.0000 	 2.7980 	 0.0156 
43.0000 	 2.2480 	 9.0350 	 3.6834 	 -2.2964 	 0.0000 	 0.0000 	 588.6046 	 43.0000 	 0.5778 	 3.9998 	 -2.6125 	 0.7236 	 0.0000 	 0.9082 	 0.0142 
41.0000 	 2.1806 	 13.7019 	 2.8010 	 -3.0157 	 0.0000 	 0.0003 	 596.3294 	 41.0000 	 1.9476 	 5.2254 	 0.3961 	 0.7637 	 0.0000 	 2.5946 	 0.0168 
42.0000 	 2.2094 	 11.0938 	 3.3911 	 -2.9468 	 0.0000 	 0.0001 	 593.2782 	 42.0000 	 1.2314 	 8.9832 	 4.2368 	 2.6778 	 0.0000 	 1.4051 	 0.1271 
42.0000 	 2.5463 	 2.9318 	 5.9988 	 -3.0772 	 0.0000 	 0.4793 	 583.3684 	 42.0000 	 1.0822 	 6.2605 	 -4.5944 	 -4.4023 	 0.0000 	 2.7500 	 0.0030 
43.0000 	 2.3754 	 5.7815 	 4.8798 	 -2.0737 	 0.0000 	 0.0243 	 586.7742 	 43.0000 	 2.9129 	 4.5927 	 6.4447 	 -1.8185 	 0.0000 	 1.3857 	 0.0169 
41.0000 	 2.2381 	 8.3101 	 4.1649 	 -2.3547 	 0.0000 	 0.0003 	 588.7400 	 41.0000 	 0.3557 	 5.5431 	 3.8422 	 2.9902 	 0.0000 	 0.0984 	 0.0137 
44.0000 	 2.5898 	 3.0939 	 5.9383 	 -3.1356 	 0.0000 	 0.4987 	 583.3716 	 44.0000 	 1.1773 	 8.9759 	 8.5037 	 2.0502 	 0.0000 	 2.4993 	 0.0031 
40.0000 	 2.4441 	 3.2380 	 5.8873 	 -3.1073 	 0.0000 	 0.4989 	 583.3256 	 40.0000 	 0.6453 	 5.2371 	 -3.6259 	 1.4299 	 0.0000 	 0.6044 	 0.0030 
41.0000 	 2.1871 	 11.4879 	 3.8066 	 -3.8845 	 0.0000 	 0.5379 	 586.1098 	 41.0000 	 1.9045 	 9.9247 	 1.7156 	 -1.8629 	 0.0000 	 0.9250 	 0.0077 
42.0000 	 2.5096 	 2.9614 	 5.9547 	 -3.3553 	 0.0000 	 0.5158 	 583.4331 	 42.0000 	 2.3606 	 1.7410 	 -7.9009 	 2.8923 	 0.0000 	 1.9505 	 0.0033 
42.0000 	 2.2767 	 7.2322 	 4.4163 	 -2.6982 	 0.0000 	 0.4334 	 585.2992 	 42.0000 	 2.2120 	 1.6713 	 -0.2801 	 -3.5110 	 0.0000 	 0.1126 	 0.0067 
41.0000 	 2.2188 	 8.3863 	 3.9492 	 -2.2747 	 0.0000 	 0.0002 	 587.9954 	 41.0000 	 0.4023 	 2.6864 	 -5.9889 	 1.5244 	 0.0000 	 0.3257 	 0.0092 
38.0000 	 2.1079 	 9.5908 	 3.5697 	 -2.3667 	 0.0000 	 0.0003 	 588.5153 	 38.0000 	 2.4638 	 4.9426 	 -8.2968 	 3.8790 	 0.0000 	 1.3647 	 0.0195 
41.0000 	 2.9650 	 1.9238 	 6.8164 	 -2.9688 	 0.0000 	 0.0000 	 593.8673 	 41.0000 	 2.9280 	 1.0022 	 8.0029 	 0.6279 	 0.0000 	 0.8998 	 0.1797 
39.0000 	 2.0680 	 14.7192 	 2.1748 	 -2.7289 	 0.0000 	 0.0000 	 591.8483 	 39.0000 	 1.6828 	 2.2697 	 8.1753 	 -1.1091 	 0.0000 	 0.2355 	 0.0158 
40.0000 	 2.3502 	 5.3244 	 5.1813 	 -2.1765 	 0.0000 	 0.2279 	 586.1761 	 40.0000 	 0.2645 	 5.4900 	 3.7674 	 1.6391 	 0.0000 	 2.9222 	 0.0099 
40.0000 	 2.4725 	 2.9674 	 5.9746 	 -3.1431 	 0.0000 	 0.4981 	 583.3306 	 40.0000 	 0.5707 	 3.5861 	 2.4707 	 4.4023 	 0.0000 	 1.3937 	 0.0029 
42.0000 	 2.4817 	 3.9005 	 5.7293 	 -2.4517 	 0.0000 	 0.3428 	 584.5057 	 42.0000 	 0.6839 	 6.7750 	 -8.4891 	 2.0961 	 0.0000 	 1.8048 	 0.0077 
40.0000 	 2.0586 	 88.0763 	 2.0759 	 -26.1775 	 0.0000 	 1.3743 	 600.6395 	 40.0000 	 1.1935 	 6.7067 	 2.3338 	 4.2961 	 0.0000 	 2.6611 	 0.0128 
41.0000 	 2.5108 	 2.9642 	 5.9758 	 -3.0669 	 0.0000 	 0.4866 	 583.3531 	 41.0000 	 1.6208 	 1.7458 	 -0.6426 	 -0.9277 	 0.0000 	 1.1830 	 0.0031 
38.0000 	 2.5510 	 2.8766 	 6.3119 	 -2.1606 	 0.0000 	 0.0000 	 585.5436 	 38.0000 	 0.7871 	 2.2845 	 -5.5931 	 2.5712 	 0.0000 	 2.8710 	 0.0088 
40.0000 	 3.7268 	 13.5643 	 1.3668 	 14.7501 	 0.0000 	 4.3870 	 642.1950 	 40.0000 	 1.4712 	 0.8577 	 -2.7801 	 -1.2432 	 0.0000 	 1.2538 	 0.0119 
40.0000 	 2.4285 	 4.3489 	 5.6912 	 -2.2530 	 0.0000 	 0.0000 	 585.6100 	 40.0000 	 1.7653 	 6.7370 	 -6.1883 	 -0.1980 	 0.0000 	 2.8753 	 0.0083 
39.0000 	 2.2060 	 7.4795 	 4.7331 	 -3.5698 	 0.0000 	 0.5436 	 584.6010 	 39.0000 	 0.4235 	 7.9471 	 4.1030 	 -2.8881 	 0.0000 	 1.5119 	 0.0066 
37.0000 	 2.2017 	 5.6964 	 5.2226 	 -3.6008 	 0.0000 	 0.5322 	 584.0479 	 37.0000 	 1.0670 	 8.2274 	 -2.6198 	 -4.4234 	 0.0000 	 0.3583 	 0.0051 
41.0000 	 2.4689 	 3.2834 	 5.8848 	 -3.2491 	 0.0000 	 0.4943 	 583.3577 	 41.0000 	 2.1245 	 8.7205 	 8.1154 	 2.6193 	 0.0000 	 1.3439 	 0.0044 
38.0000 	 2.4341 	 3.6161 	 6.0284 	 -2.2794 	 0.0000 	 0.0001 	 585.4701 	 38.0000 	 0.2874 	 1.2437 	 4.7012 	 4.7484 	 0.0000 	 2.6970 	 0.0099 
39.0000 	 2.3087 	 5.7715 	 5.0781 	 -2.2119 	 0.0000 	 0.0721 	 582.2935 	 39.0000 	 2.4989 	 5.6439 	 7.2594 	 2.9056 	 0.0000 	 0.7162 	 0.2755 
39.0000 	 2.5278 	 2.2033 	 6.2176 	 -2.9876 	 0.0000 	 0.4798 	 583.5484 	 39.0000 	 1.4401 	 1.5010 	 4.4284 	 0.5688 	 0.0000 	 2.2290 	 0.0033 
38.0000 	 2.2934 	 6.8940 	 5.1148 	 -2.8280 	 0.0000 	 0.0013 	 589.2935 	 38.0000 	 1.9781 	 7.6883 	 7.6025 	 -1.4922 	 0.0000 	 1.4385 	 0.0371 
37.0000 	 2.1565 	 6.4912 	 4.5519 	 -2.0921 	 0.0000 	 0.0000 	 586.7776 	 37.0000 	 2.5753 	 6.3341 	 -6.3083 	 3.4083 	 0.0000 	 1.0584 	 0.0082 
35.0000 	 2.2709 	 3.3330 	 5.8578 	 -3.0789 	 0.0000 	 0.4863 	 583.2797 	 35.0000 	 1.5209 	 5.8782 	 4.3993 	 -1.7873 	 0.0000 	 1.1094 	 0.0034 
37.0000 	 2.3271 	 3.4116 	 5.8330 	 -3.1320 	 0.0000 	 0.4914 	 583.2965 	 37.0000 	 1.9479 	 4.5329 	 7.6844 	 -4.6060 	 0.0000 	 0.6407 	 0.0025 
39.0000 	 2.0344 	 13.0626 	 2.2926 	 -2.6736 	 0.0000 	 0.4754 	 588.5842 	 39.0000 	 2.4495 	 9.8582 	 3.5743 	 -1.4877 	 0.0000 	 1.0318 	 0.0081 
36.0000 	 2.3044 	 0.0000 	 0.3954 	 7.9704 	 0.0000 	 4.4648 	 636.9170 	 36.0000 	 1.2305 	 5.0299 	 -3.9403 	 0.4387 	 0.0000 	 2.2012 	 0.0014 
41.0000 	 2.4314 	 3.6766 	 5.7344 	 -3.2379 	 0.0000 	 0.5246 	 583.4059 	 41.0000 	 2.9459 	 1.8979 	 -4.7366 	 -0.9973 	 0.0000 	 2.9773 	 0.0034 
38.0000 	 2.4102 	 2.7268 	 5.9979 	 -3.2711 	 0.0000 	 0.5290 	 583.3796 	 38.0000 	 1.2344 	 7.5041 	 5.0081 	 -3.7691 	 0.0000 	 1.8715 	 0.0236 
37.0000 	 2.3680 	 2.8766 	 6.0268 	 -3.2124 	 0.0000 	 0.4816 	 583.3688 	 37.0000 	 0.6059 	 0.2591 	 4.0079 	 -1.9441 	 0.0000 	 0.5577 	 0.0052 
34.0000 	 1.9433 	 11.3182 	 3.0373 	 -2.4935 	 0.0000 	 0.0002 	 589.5348 	 34.0000 	 2.1120 	 9.1456 	 -7.9375 	 3.1719 	 0.0000 	 1.1027 	 0.0114 
36.0000 	 2.4366 	 1.7142 	 6.2793 	 -3.6120 	 0.0000 	 0.5114 	 583.9968 	 36.0000 	 1.7466 	 9.5533 	 -9.7536 	 -2.9120 	 0.0000 	 1.4036 	 0.0156 
37.0000 	 2.3641 	 2.9286 	 5.9713 	 -3.1619 	 0.0000 	 0.5128 	 583.3122 	 37.0000 	 0.9518 	 0.1619 	 6.3036 	 1.7710 	 0.0000 	 2.0471 	 0.0036 
35.0000 	 2.3399 	 3.4771 	 6.0076 	 -2.0682 	 0.0000 	 0.0003 	 585.4746 	 35.0000 	 1.2486 	 9.4444 	 -8.4636 	 4.9465 	 0.0000 	 2.2484 	 0.0130 
35.0000 	 2.2729 	 4.0290 	 5.7040 	 -2.0518 	 0.0000 	 0.0006 	 585.4288 	 35.0000 	 0.0855 	 4.6892 	 4.2359 	 -3.9036 	 0.0000 	 1.5002 	 0.0087 
37.0000 	 1.9153 	 17.5085 	 0.4148 	 -2.4241 	 0.0000 	 0.0002 	 593.5425 	 37.0000 	 2.5147 	 9.6061 	 0.1413 	 1.9678 	 0.0000 	 0.2169 	 0.0262 
38.0000 	 2.2857 	 5.5347 	 5.3534 	 -2.4908 	 0.0000 	 0.0000 	 586.5831 	 38.0000 	 1.2544 	 0.4510 	 4.4666 	 0.9204 	 0.0000 	 1.0923 	 0.0087 
32.0000 	 2.1358 	 4.4542 	 5.5627 	 -2.1381 	 0.0000 	 0.0029 	 585.3086 	 32.0000 	 2.9561 	 8.8858 	 -6.7275 	 2.6999 	 0.0000 	 2.5885 	 0.0080 
37.0000 	 2.3283 	 3.4047 	 5.8343 	 -3.1032 	 0.0000 	 0.4935 	 583.2980 	 37.0000 	 0.8136 	 5.3827 	 -9.1317 	 4.0166 	 0.0000 	 2.2835 	 0.0031 
36.0000 	 2.4052 	 3.2708 	 6.1078 	 -2.0869 	 0.0000 	 0.0009 	 585.4396 	 36.0000 	 2.5644 	 6.6574 	 9.6690 	 -0.3899 	 0.0000 	 0.6149 	 0.0098 
34.0000 	 2.2204 	 3.4660 	 5.7992 	 -3.0544 	 0.0000 	 0.4867 	 583.2692 	 34.0000 	 0.9056 	 8.6542 	 5.8793 	 -1.7017 	 0.0000 	 0.1857 	 0.0026 
34.0000 	 2.1797 	 4.6411 	 5.3898 	 -2.0203 	 0.0000 	 0.0043 	 585.6474 	 34.0000 	 0.4796 	 7.4356 	 2.8965 	 1.0300 	 0.0000 	 0.6765 	 0.0120 
36.0000 	 2.3060 	 3.2911 	 5.8641 	 -3.1011 	 0.0000 	 0.4956 	 583.2816 	 36.0000 	 1.8840 	 5.8479 	 5.4258 	 -1.4289 	 0.0000 	 2.3015 	 0.0023 
33.0000 	 1.8950 	 14.2949 	 3.0178 	 -3.8008 	 0.0000 	 0.5387 	 586.7574 	 33.0000 	 1.6883 	 8.9940 	 9.6465 	 0.1991 	 0.0000 	 0.5424 	 0.0124 
35.0000 	 2.2257 	 3.9630 	 5.6428 	 -2.9719 	 0.0000 	 0.4791 	 583.3399 	 35.0000 	 2.8437 	 2.4763 	 -0.0216 	 0.5390 	 0.0000 	 0.4588 	 0.0038 
34.0000 	 2.3207 	 3.3035 	 6.0782 	 -2.1173 	 0.0000 	 0.0486 	 585.2520 	 34.0000 	 2.5945 	 7.7364 	 6.6479 	 -4.1472 	 0.0000 	 0.8126 	 0.0069 
33.0000 	 2.2944 	 3.1410 	 6.1088 	 -2.0063 	 0.0000 	 0.0000 	 585.4507 	 33.0000 	 2.1749 	 0.6541 	 8.9114 	 3.9162 	 0.0000 	 0.0425 	 0.0075 
35.0000 	 2.2775 	 3.2097 	 5.8873 	 -3.0897 	 0.0000 	 0.4929 	 583.2707 	 35.0000 	 2.8399 	 9.0549 	 2.5573 	 1.6508 	 0.0000 	 1.7761 	 0.0029 
30.0000 	 1.8961 	 7.7678 	 4.2811 	 -2.3393 	 0.0000 	 0.0012 	 586.9711 	 30.0000 	 2.3172 	 3.8549 	 -0.7510 	 1.6094 	 0.0000 	 2.2848 	 0.0136 
37.0000 	 2.0849 	 9.5960 	 4.0369 	 -3.4231 	 0.0000 	 0.5507 	 585.2805 	 37.0000 	 1.2484 	 1.6916 	 -7.8395 	 -4.4699 	 0.0000 	 1.7445 	 0.0066 
32.0000 	 1.8725 	 9.6490 	 3.0948 	 -2.1006 	 0.0000 	 0.0129 	 588.7479 	 32.0000 	 2.9452 	 7.3950 	 -7.1662 	 4.4354 	 0.0000 	 1.9194 	 0.0120 
32.0000 	 1.8554 	 11.8353 	 2.6221 	 -2.3649 	 0.0000 	 0.0001 	 589.5337 	 32.0000 	 2.7671 	 8.1773 	 -2.5915 	 -2.5451 	 0.0000 	 1.0586 	 0.0180 
34.0000 	 1.8099 	 27.1456 	 -1.2941 	 -3.2876 	 0.0000 	 0.0000 	 598.7061 	 34.0000 	 2.9305 	 8.7229 	 -8.8109 	 0.3435 	 0.0000 	 0.8898 	 0.0189 
34.0000 	 2.2140 	 3.5984 	 5.7650 	 -3.0559 	 0.0000 	 0.4889 	 583.2733 	 34.0000 	 2.8611 	 5.5360 	 8.5939 	 2.0749 	 0.0000 	 2.9561 	 0.0031 
35.0000 	 2.4467 	 2.6905 	 6.3838 	 -2.1737 	 0.0000 	 0.0002 	 585.4584 	 35.0000 	 2.7684 	 0.7526 	 0.2794 	 -2.7364 	 0.0000 	 2.6830 	 0.0084 
34.0000 	 2.2301 	 4.1530 	 5.6760 	 -2.1103 	 0.0000 	 0.0000 	 585.3136 	 34.0000 	 2.1325 	 3.0007 	 -8.5197 	 -1.6236 	 0.0000 	 0.9269 	 0.0095 
35.0000 	 3.5087 	 21.3456 	 1.7811 	 15.2443 	 0.0000 	 4.4658 	 642.3750 	 35.0000 	 1.8866 	 1.9408 	 -2.5457 	 1.3803 	 0.0000 	 1.3435 	 0.0074 
30.0000 	 2.3921 	 1.9673 	 6.6979 	 -2.1362 	 0.0000 	 0.0000 	 586.1368 	 30.0000 	 1.0655 	 7.8409 	 -3.0482 	 0.9876 	 0.0000 	 2.1493 	 0.0060 
31.0000 	 1.9727 	 6.1464 	 4.9439 	 -3.0869 	 0.0000 	 0.4957 	 583.8588 	 31.0000 	 0.9763 	 5.3259 	 -9.2680 	 -2.0663 	 0.0000 	 0.6377 	 0.0051 
32.0000 	 1.9560 	 7.7590 	 4.1337 	 -2.2025 	 0.0000 	 0.0028 	 587.0248 	 32.0000 	 1.4358 	 9.4745 	 -7.9968 	 4.8782 	 0.0000 	 2.4841 	 0.0138 
30.0000 	 2.0719 	 3.4528 	 5.7998 	 -3.0279 	 0.0000 	 0.4806 	 583.2420 	 30.0000 	 1.1151 	 6.7173 	 -2.7165 	 -3.7269 	 0.0000 	 1.9697 	 0.0046 
31.0000 	 2.6963 	 0.3247 	 6.7282 	 -3.5166 	 0.0000 	 0.4881 	 588.0960 	 31.0000 	 0.4350 	 4.8691 	 -5.9570 	 -0.8025 	 0.0000 	 1.2492 	 0.0275 
32.0000 	 2.0843 	 5.2227 	 5.2835 	 -2.2277 	 0.0000 	 0.0000 	 585.6108 	 32.0000 	 1.8852 	 5.1428 	 -2.6966 	 -0.0639 	 0.0000 	 0.6664 	 0.0093 
34.0000 	 2.2784 	 3.7211 	 5.8644 	 -2.0810 	 0.0000 	 0.0012 	 585.2968 	 34.0000 	 1.9413 	 3.0235 	 5.3691 	 -3.7213 	 0.0000 	 0.6506 	 0.0082 
27.0000 	 1.9584 	 0.0000 	 0.4029 	 4.1080 	 0.0000 	 4.4507 	 636.9088 	 27.0000 	 1.6830 	 7.5407 	 -8.0052 	 -3.2353 	 0.0000 	 1.0675 	 0.0010 
31.0000 	 2.4481 	 7.8662 	 8.6035 	 0.2393 	 0.0000 	 0.0266 	 634.2024 	 31.0000 	 0.9609 	 5.5563 	 -9.3135 	 -4.6614 	 0.0000 	 1.6699 	 0.2868 
34.0000 	 2.2396 	 3.0681 	 5.9319 	 -3.1649 	 0.0000 	 0.4928 	 583.3000 	 34.0000 	 1.4622 	 1.5823 	 6.6822 	 -4.3971 	 0.0000 	 1.3017 	 0.0153 
28.0000 	 1.7832 	 7.7404 	 3.9140 	 -2.0560 	 0.0000 	 0.0178 	 587.0365 	 28.0000 	 1.8795 	 0.7785 	 2.5211 	 -0.9464 	 0.0000 	 2.0124 	 0.0157 
31.0000 	 2.2567 	 3.0525 	 6.1694 	 -2.0548 	 0.0000 	 0.0000 	 585.3638 	 31.0000 	 1.3423 	 1.6418 	 -9.0432 	 -3.0606 	 0.0000 	 2.5552 	 0.0084 
29.0000 	 3.1068 	 16.2016 	 2.0914 	 9.4531 	 0.0000 	 4.4327 	 642.1479 	 29.0000 	 1.2708 	 3.4475 	 -2.9796 	 -4.3928 	 0.0000 	 0.2164 	 0.0119 
25.0000 	 1.8269 	 4.9918 	 5.3235 	 -2.1750 	 0.0000 	 0.0001 	 585.3277 	 25.0000 	 2.9544 	 7.5657 	 -5.6793 	 -4.1322 	 0.0000 	 2.4432 	 0.0075 
30.0000 	 2.0645 	 3.5810 	 5.7614 	 -2.9847 	 0.0000 	 0.4761 	 583.2504 	 30.0000 	 0.2541 	 5.9730 	 -2.8655 	 -0.4865 	 0.0000 	 1.7620 	 0.0027 
32.0000 	 2.0458 	 5.8917 	 4.9348 	 -2.1831 	 0.0000 	 0.0003 	 585.8827 	 32.0000 	 1.0880 	 4.8275 	 -3.3853 	 -4.5090 	 0.0000 	 1.3702 	 0.0128 
32.0000 	 2.0203 	 5.6014 	 5.0092 	 -2.7920 	 0.0000 	 0.4556 	 583.8830 	 32.0000 	 0.5853 	 1.9077 	 -4.3221 	 4.0208 	 0.0000 	 0.5675 	 0.0058 
28.0000 	 1.9730 	 3.7359 	 5.6921 	 -3.0264 	 0.0000 	 0.5026 	 583.2634 	 28.0000 	 1.6386 	 4.6396 	 -2.1959 	 -1.6670 	 0.0000 	 1.0214 	 0.0029 
28.0000 	 1.8445 	 6.8714 	 4.3541 	 -2.0214 	 0.0000 	 0.0000 	 586.7759 	 28.0000 	 0.3553 	 5.5292 	 -7.4982 	 -4.6158 	 0.0000 	 1.9112 	 0.0104 
29.0000 	 2.5409 	 0.4372 	 6.6657 	 -3.5498 	 0.0000 	 0.0055 	 591.1058 	 29.0000 	 2.1600 	 0.9086 	 5.2124 	 -4.8414 	 0.0000 	 2.2999 	 0.0209 
29.0000 	 1.6987 	 12.9386 	 1.6534 	 -2.1361 	 0.0000 	 0.0000 	 590.9662 	 29.0000 	 0.0474 	 9.2374 	 9.8672 	 -0.9257 	 0.0000 	 2.6879 	 0.0944 
24.0000 	 1.8206 	 3.5444 	 5.7418 	 -2.8824 	 0.0000 	 0.4700 	 583.3042 	 24.0000 	 1.7274 	 7.6953 	 3.0616 	 0.8742 	 0.0000 	 1.5206 	 0.0027 
30.0000 	 2.0012 	 5.7536 	 4.8190 	 -1.8955 	 0.0000 	 0.0018 	 587.5165 	 30.0000 	 0.5556 	 0.9337 	 -1.1728 	 -4.8408 	 0.0000 	 2.1846 	 0.0163 
28.0000 	 1.9719 	 3.8445 	 5.6453 	 -2.9278 	 0.0000 	 0.4735 	 583.2738 	 28.0000 	 2.8259 	 1.2595 	 3.0981 	 1.4667 	 0.0000 	 2.7951 	 0.0033 
27.0000 	 1.8934 	 4.7893 	 5.3790 	 -3.0322 	 0.0000 	 0.0021 	 588.9218 	 27.0000 	 2.5452 	 8.3529 	 1.5679 	 -0.5207 	 0.0000 	 2.1681 	 0.0104 
26.0000 	 1.8868 	 3.7776 	 5.6718 	 -2.9493 	 0.0000 	 0.4828 	 583.2745 	 26.0000 	 1.6096 	 7.2745 	 5.5278 	 -0.0472 	 0.0000 	 1.3931 	 0.0022 
28.0000 	 2.2289 	 3.5193 	 6.7529 	 -2.8992 	 0.0000 	 0.1161 	 601.3428 	 28.0000 	 2.4065 	 8.7453 	 -5.9825 	 -3.0301 	 0.0000 	 1.2386 	 0.0904 
31.0000 	 2.0671 	 4.1125 	 5.5810 	 -3.0701 	 0.0000 	 0.5094 	 583.3236 	 31.0000 	 1.6609 	 3.8754 	 -5.8713 	 2.7906 	 0.0000 	 1.6427 	 0.0031 
22.0000 	 1.7184 	 0.0103 	 0.3818 	 4.5101 	 0.0000 	 4.4951 	 636.7581 	 22.0000 	 1.6223 	 5.6769 	 -0.6673 	 1.1583 	 0.0000 	 2.6754 	 0.0030 
28.0000 	 2.0132 	 3.1785 	 5.8772 	 -2.9211 	 0.0000 	 0.4765 	 583.2645 	 28.0000 	 1.8204 	 7.3972 	 -1.3983 	 1.1782 	 0.0000 	 0.5293 	 0.0027 
24.0000 	 1.6657 	 8.2776 	 4.1187 	 -3.1714 	 0.0000 	 0.1753 	 590.1907 	 24.0000 	 1.0679 	 4.4413 	 -2.4324 	 -0.7496 	 0.0000 	 1.9478 	 0.1750 
24.0000 	 1.8746 	 3.5721 	 5.8280 	 -1.8980 	 0.0000 	 0.0011 	 585.2672 	 24.0000 	 2.8132 	 8.4739 	 -0.2860 	 0.9204 	 0.0000 	 1.3063 	 0.0079 
29.0000 	 2.0334 	 3.4751 	 5.7794 	 -2.9392 	 0.0000 	 0.4729 	 583.2510 	 29.0000 	 0.9604 	 9.2291 	 -9.6084 	 -0.8973 	 0.0000 	 0.7206 	 0.0033 
24.0000 	 1.9248 	 3.2062 	 6.1094 	 -2.1015 	 0.0000 	 0.0001 	 585.1756 	 24.0000 	 0.3342 	 8.8256 	 5.9253 	 -2.3568 	 0.0000 	 2.6055 	 0.0069 
24.0000 	 1.8392 	 3.2665 	 5.8440 	 -2.9533 	 0.0000 	 0.4716 	 583.3284 	 24.0000 	 2.1327 	 9.9283 	 7.4706 	 2.8322 	 0.0000 	 2.0173 	 0.0030 
26.0000 	 1.7990 	 5.6734 	 5.0015 	 -2.8599 	 0.0000 	 0.4866 	 583.7065 	 26.0000 	 0.6819 	 5.9400 	 -1.4806 	 3.2954 	 0.0000 	 2.4033 	 0.0041 
22.0000 	 1.5065 	 11.1487 	 2.8352 	 -2.3268 	 0.0000 	 0.0000 	 588.6764 	 22.0000 	 2.7581 	 8.4897 	 7.4292 	 1.2715 	 0.0000 	 0.6416 	 0.0234 
23.0000 	 1.6066 	 7.9244 	 3.9256 	 -2.1187 	 0.0000 	 0.0002 	 586.6611 	 23.0000 	 0.9743 	 8.4278 	 5.5746 	 3.6352 	 0.0000 	 2.0385 	 0.0095 
22.0000 	 1.6205 	 6.0297 	 4.6526 	 -2.0266 	 0.0000 	 0.0001 	 586.1032 	 22.0000 	 2.2296 	 0.0302 	 -1.5331 	 -3.1881 	 0.0000 	 1.9219 	 0.0341 
24.0000 	 1.7093 	 6.0944 	 4.9756 	 -3.1438 	 0.0000 	 0.5302 	 583.9301 	 24.0000 	 1.1430 	 1.5225 	 -8.1718 	 -2.9425 	 0.0000 	 0.3499 	 0.0034 
27.0000 	 2.0199 	 3.5056 	 5.8293 	 -1.8616 	 0.0000 	 0.0000 	 585.5933 	 27.0000 	 2.1289 	 3.9478 	 -5.5758 	 0.0660 	 0.0000 	 0.8162 	 0.0079 
23.0000 	 1.7844 	 3.4237 	 5.7756 	 -2.8688 	 0.0000 	 0.4737 	 583.3381 	 23.0000 	 2.4360 	 6.5333 	 5.7929 	 0.0133 	 0.0000 	 1.3959 	 0.0031 
24.0000 	 1.8073 	 3.7791 	 5.6616 	 -2.8887 	 0.0000 	 0.4756 	 583.3086 	 24.0000 	 2.1896 	 9.8754 	 0.4053 	 2.8411 	 0.0000 	 2.3807 	 0.0026 
25.0000 	 1.8086 	 5.1229 	 5.0903 	 -1.9670 	 0.0000 	 0.0000 	 585.4276 	 25.0000 	 0.8634 	 3.7063 	 -0.0177 	 1.9683 	 0.0000 	 2.4232 	 0.0062 
20.0000 	 1.5461 	 5.3097 	 5.0825 	 -2.7853 	 0.0000 	 0.4514 	 583.7621 	 20.0000 	 1.3963 	 5.6182 	 1.0246 	 -3.0315 	 0.0000 	 1.1766 	 0.0039 
25.0000 	 1.9847 	 3.0949 	 6.1226 	 -2.0558 	 0.0000 	 0.0000 	 585.2361 	 25.0000 	 2.6819 	 2.2484 	 7.6915 	 2.8381 	 0.0000 	 0.9200 	 0.0080 
21.0000 	 1.3981 	 14.7726 	 1.1195 	 -2.2526 	 0.0000 	 0.0009 	 591.0188 	 21.0000 	 1.6100 	 0.7261 	 -6.6790 	 -4.8439 	 0.0000 	 0.4292 	 0.0151 
23.0000 	 1.5738 	 9.0717 	 3.4267 	 -2.1672 	 0.0000 	 0.1958 	 587.2131 	 23.0000 	 1.5812 	 9.9738 	 -1.2880 	 4.1521 	 0.0000 	 1.4077 	 0.0107 
22.0000 	 1.8620 	 2.1533 	 6.2046 	 -2.8836 	 0.0000 	 0.0000 	 588.3513 	 22.0000 	 2.7586 	 8.6380 	 0.5390 	 -2.7905 	 0.0000 	 2.7622 	 0.0059 
25.0000 	 1.7271 	 6.4995 	 4.7319 	 -2.8781 	 0.0000 	 0.4761 	 583.9694 	 25.0000 	 2.7903 	 6.8756 	 0.4850 	 -3.9453 	 0.0000 	 1.6294 	 0.0055 
17.0000 	 1.2451 	 18.3941 	 1.5422 	 -3.4756 	 0.0000 	 0.5164 	 588.4842 	 17.0000 	 0.3095 	 5.9914 	 -0.6524 	 -4.9441 	 0.0000 	 1.4370 	 0.0090 
22.0000 	 1.7761 	 3.4771 	 5.8734 	 -1.9395 	 0.0000 	 0.0007 	 585.2427 	 22.0000 	 0.0481 	 1.3335 	 8.0972 	 1.3535 	 0.0000 	 1.5177 	 0.0085 
25.0000 	 1.8585 	 3.5894 	 5.7306 	 -2.9332 	 0.0000 	 0.4818 	 583.2841 	 25.0000 	 2.2125 	 2.1953 	 7.6843 	 1.3781 	 0.0000 	 0.5604 	 0.0025 
22.0000 	 1.9405 	 1.4947 	 6.4016 	 -3.0025 	 0.0000 	 0.0004 	 588.7676 	 22.0000 	 2.8620 	 9.1395 	 -0.5939 	 -3.4149 	 0.0000 	 2.7230 	 0.0064 
21.0000 	 1.6927 	 0.0000 	 0.5914 	 9.7816 	 0.0000 	 4.2482 	 637.5005 	 21.0000 	 2.6262 	 3.7112 	 0.1560 	 1.5157 	 0.0000 	 2.5773 	 0.0030 
19.0000 	 1.5364 	 4.9883 	 5.1586 	 -1.9739 	 0.0000 	 0.0000 	 585.2945 	 19.0000 	 0.7940 	 2.0575 	 -3.3540 	 -3.5146 	 0.0000 	 2.9929 	 0.0103 
21.0000 	 2.0204 	 1.6395 	 6.8417 	 -2.0685 	 0.0000 	 0.0000 	 587.0758 	 21.0000 	 2.6678 	 4.5400 	 8.0096 	 1.5715 	 0.0000 	 2.1733 	 0.0219 
24.0000 	 1.5306 	 17.4596 	 0.9222 	 -2.6155 	 0.0000 	 0.0000 	 592.3566 	 24.0000 	 0.6187 	 5.3401 	 -4.6905 	 -2.5682 	 0.0000 	 1.5100 	 0.0166 
21.0000 	 1.4660 	 10.5738 	 2.9428 	 -2.2714 	 0.0000 	 0.0143 	 588.6326 	 21.0000 	 0.4408 	 1.6241 	 7.6319 	 -3.8445 	 0.0000 	 2.1861 	 0.0159 
19.0000 	 1.5695 	 3.8352 	 5.6080 	 -2.8068 	 0.0000 	 0.4758 	 583.5801 	 19.0000 	 1.0410 	 5.8901 	 -5.5298 	 -1.1833 	 0.0000 	 2.3715 	 0.0054 
18.0000 	 1.2576 	 14.7680 	 1.5196 	 -2.4167 	 0.0000 	 0.0000 	 592.1325 	 18.0000 	 0.0044 	 7.1430 	 6.0418 	 3.6311 	 0.0000 	 2.5198 	 0.0393 
19.0000 	 1.5863 	 0.0891 	 5.4858 	 -12.6831 	 0.0000 	 1.4615 	 588.6153 	 19.0000 	 1.5916 	 0.3746 	 5.0117 	 -1.0435 	 0.0000 	 1.4272 	 0.1611 
24.0000 	 1.8657 	 2.9703 	 5.9499 	 -2.8322 	 0.0000 	 0.4469 	 583.3945 	 24.0000 	 1.0203 	 4.7734 	 -7.5166 	 0.3851 	 0.0000 	 0.8903 	 0.0068 
20.0000 	 1.5655 	 4.9021 	 5.2648 	 -2.9457 	 0.0000 	 0.4940 	 583.6618 	 20.0000 	 1.4436 	 6.6240 	 9.9860 	 0.1048 	 0.0000 	 0.6856 	 0.0043 
21.0000 	 1.5771 	 6.1533 	 4.8201 	 -2.8668 	 0.0000 	 0.0002 	 589.0786 	 21.0000 	 1.8306 	 7.8348 	 6.7283 	 4.1355 	 0.0000 	 2.9657 	 0.0057 
19.0000 	 1.2677 	 25.0263 	 -2.3833 	 -2.4944 	 0.0000 	 0.0000 	 596.1719 	 19.0000 	 0.9276 	 3.1870 	 3.1900 	 2.4368 	 0.0000 	 1.3661 	 0.0323 
25.0000 	 1.8540 	 3.6884 	 5.6923 	 -2.8916 	 0.0000 	 0.4704 	 583.2823 	 25.0000 	 1.6998 	 4.7643 	 8.9884 	 1.7940 	 0.0000 	 1.8836 	 0.0025 
21.0000 	 1.3700 	 17.6558 	 -0.0146 	 -2.2997 	 0.0000 	 0.0002 	 592.6990 	 21.0000 	 2.4872 	 5.0386 	 5.0358 	 4.2723 	 0.0000 	 0.3996 	 0.0154 
18.0000 	 1.5365 	 3.4725 	 5.7134 	 -2.7755 	 0.0000 	 0.4649 	 583.7054 	 18.0000 	 1.0358 	 9.5166 	 -1.3114 	 2.5738 	 0.0000 	 1.7903 	 0.0079 
22.0000 	 1.7779 	 3.6503 	 5.8173 	 -1.9834 	 0.0000 	 0.0001 	 585.0586 	 22.0000 	 0.2672 	 5.4037 	 -6.7763 	 3.4582 	 0.0000 	 0.5774 	 0.0063 
17.0000 	 1.7431 	 0.7884 	 6.5261 	 -3.4370 	 0.0000 	 0.5159 	 586.4723 	 17.0000 	 0.0649 	 8.3925 	 8.0728 	 -4.0339 	 0.0000 	 0.2989 	 0.0132 
19.0000 	 1.3765 	 10.0599 	 2.9176 	 -2.1099 	 0.0000 	 0.0000 	 588.1173 	 19.0000 	 0.4450 	 9.4132 	 -6.2346 	 -1.2612 	 0.0000 	 0.8090 	 0.0107 
19.0000 	 1.5911 	 0.0000 	 0.3993 	 12.2132 	 0.0000 	 4.4613 	 636.9988 	 19.0000 	 1.6809 	 1.8081 	 -1.0255 	 2.7501 	 0.0000 	 2.4904 	 0.0026 
17.0000 	 1.4291 	 4.6262 	 5.2990 	 -2.7069 	 0.0000 	 0.4489 	 583.9053 	 17.0000 	 1.0783 	 6.0069 	 7.5733 	 1.3029 	 0.0000 	 0.9343 	 0.0061 
16.0000 	 1.2085 	 13.0305 	 1.8652 	 -2.2474 	 0.0000 	 0.0000 	 590.3083 	 16.0000 	 2.4886 	 8.6724 	 -5.4763 	 1.4918 	 0.0000 	 1.7066 	 0.0214 
16.0000 	 1.3434 	 5.5577 	 5.0959 	 -3.1157 	 0.0000 	 0.5024 	 584.5088 	 16.0000 	 0.7331 	 4.8543 	 1.4869 	 -1.2881 	 0.0000 	 1.9873 	 0.0076 
14.0000 	 1.2983 	 3.7598 	 5.5808 	 -2.7150 	 0.0000 	 0.4805 	 584.4282 	 14.0000 	 0.2620 	 7.5769 	 1.6803 	 -2.5271 	 0.0000 	 0.2308 	 0.0106 
14.0000 	 1.2177 	 6.0549 	 4.7754 	 -2.7359 	 0.0000 	 0.4687 	 584.9308 	 14.0000 	 2.1597 	 3.8934 	 -4.1223 	 2.2585 	 0.0000 	 1.1635 	 0.0095 
16.0000 	 1.1359 	 18.4073 	 -0.6969 	 -2.1957 	 0.0000 	 0.0002 	 594.0413 	 16.0000 	 1.7128 	 5.9875 	 4.5803 	 4.3835 	 0.0000 	 1.0161 	 0.0183 
17.0000 	 1.4588 	 3.9345 	 5.5495 	 -2.7317 	 0.0000 	 0.4594 	 583.8120 	 17.0000 	 2.0002 	 4.9167 	 6.9529 	 -2.4706 	 0.0000 	 0.1852 	 0.0087 
21.0000 	 1.6105 	 4.9256 	 5.2519 	 -2.9381 	 0.0000 	 0.5055 	 583.6173 	 21.0000 	 2.8171 	 0.8945 	 5.3603 	 4.7868 	 0.0000 	 2.2423 	 0.0037 
19.0000 	 1.6467 	 2.3483 	 6.0639 	 -3.0945 	 0.0000 	 0.5351 	 584.0247 	 19.0000 	 1.0792 	 4.5877 	 -4.4557 	 0.1055 	 0.0000 	 1.4801 	 0.0078 
17.0000 	 2.2690 	 15.7834 	 4.3226 	 3.9003 	 0.0000 	 4.4379 	 642.0545 	 17.0000 	 0.6363 	 4.8937 	 8.4008 	 1.2892 	 0.0000 	 2.1002 	 0.0092 
15.0000 	 1.2883 	 5.9975 	 4.5521 	 -1.8954 	 0.0000 	 0.0000 	 586.2035 	 15.0000 	 2.0781 	 6.5170 	 7.1292 	 -3.0948 	 0.0000 	 0.4606 	 0.0198 
14.0000 	 1.3371 	 3.0409 	 5.8486 	 -2.7002 	 0.0000 	 0.4692 	 584.4861 	 14.0000 	 0.4369 	 0.9457 	 3.6772 	 -1.5764 	 0.0000 	 1.7741 	 0.0135 
14.0000 	 1.2982 	 4.6448 	 5.2479 	 -1.8824 	 0.0000 	 0.0000 	 586.0407 	 14.0000 	 2.9469 	 8.0950 	 8.3007 	 -4.5168 	 0.0000 	 0.4994 	 0.0190 
18.0000 	 1.6193 	 3.2338 	 5.9701 	 -1.8582 	 0.0000 	 0.0000 	 585.5394 	 18.0000 	 0.0196 	 2.8759 	 -8.2083 	 3.4301 	 0.0000 	 2.5323 	 0.0095 
20.0000 	 1.6201 	 3.8059 	 5.6356 	 -2.8720 	 0.0000 	 0.4683 	 583.5051 	 20.0000 	 1.0868 	 9.3074 	 -4.7314 	 -0.8240 	 0.0000 	 2.5620 	 0.0047 
16.0000 	 1.6023 	 2.3582 	 6.4351 	 -1.9080 	 0.0000 	 0.0000 	 586.4166 	 16.0000 	 2.7819 	 3.7648 	 -8.3596 	 -1.9904 	 0.0000 	 2.5700 	 0.0164 
14.0000 	 1.2540 	 5.6181 	 4.7966 	 -1.9491 	 0.0000 	 0.0752 	 586.3036 	 14.0000 	 2.5800 	 2.6337 	 -8.1892 	 2.1180 	 0.0000 	 0.0404 	 0.0166 
16.0000 	 1.3666 	 4.9815 	 5.1411 	 -2.6129 	 0.0000 	 0.4831 	 584.2004 	 16.0000 	 0.4273 	 2.3051 	 1.8665 	 2.4770 	 0.0000 	 0.8521 	 0.0066 
12.0000 	 2.5010 	 0.1356 	 7.5707 	 -2.3234 	 0.0000 	 0.0095 	 598.6415 	 12.0000 	 2.4432 	 6.1136 	 7.5341 	 -1.5781 	 0.0000 	 0.9878 	 0.0477 
11.0000 	 1.0543 	 5.6836 	 4.6540 	 -1.8457 	 0.0000 	 0.0108 	 587.7170 	 11.0000 	 0.9299 	 8.6639 	 3.8893 	 2.9578 	 0.0000 	 1.6548 	 0.0194 
16.0000 	 2.3485 	 23.9915 	 4.8533 	 5.2788 	 0.0000 	 4.4665 	 642.5754 	 16.0000 	 2.5861 	 7.9131 	 -0.5816 	 1.8666 	 0.0000 	 2.0081 	 0.0104 
20.0000 	 1.6033 	 4.2033 	 5.4613 	 -2.6686 	 0.0000 	 0.4405 	 583.5568 	 20.0000 	 1.4246 	 7.7117 	 6.1452 	 4.8517 	 0.0000 	 0.8619 	 0.0058 
15.0000 	 1.2558 	 6.6192 	 4.4519 	 -2.4998 	 0.0000 	 0.4685 	 585.0355 	 15.0000 	 2.9493 	 0.0722 	 2.9319 	 1.2641 	 0.0000 	 1.2492 	 0.0084 
11.0000 	 1.1076 	 3.9088 	 5.4093 	 -1.8710 	 0.0000 	 0.2379 	 586.7577 	 11.0000 	 0.8078 	 0.3380 	 9.1180 	 -2.3120 	 0.0000 	 0.7082 	 0.0241 
12.0000 	 1.1911 	 3.5017 	 5.6612 	 -2.5024 	 0.0000 	 0.4418 	 585.1637 	 12.0000 	 2.1485 	 2.3129 	 -5.4126 	 0.6361 	 0.0000 	 1.2400 	 0.0170 
15.0000 	 1.3421 	 4.6711 	 5.2052 	 -1.8676 	 0.0000 	 0.0305 	 585.6995 	 15.0000 	 1.0364 	 0.0617 	 -3.4580 	 -1.3233 	 0.0000 	 0.3180 	 0.0102 
15.0000 	 1.2147 	 9.3948 	 3.2234 	 -2.1365 	 0.0000 	 0.0296 	 588.5820 	 15.0000 	 0.1900 	 8.5452 	 -4.9118 	 -3.4850 	 0.0000 	 0.5387 	 0.0227 
9.0000 	 0.9986 	 2.7940 	 5.8836 	 -2.6195 	 0.0000 	 0.4817 	 586.9805 	 9.0000 	 0.4062 	 5.5997 	 9.7014 	 -2.9338 	 0.0000 	 1.6642 	 0.0235 
9.0000 	 1.0995 	 3.3582 	 6.1157 	 -1.9641 	 0.0000 	 0.0018 	 592.5462 	 9.0000 	 0.3950 	 1.5808 	 -4.8005 	 4.8765 	 0.0000 	 2.7391 	 0.5236 
12.0000 	 1.1342 	 5.3345 	 4.8364 	 -1.8377 	 0.0000 	 0.0001 	 586.9641 	 12.0000 	 1.1828 	 5.0411 	 -8.1624 	 0.5517 	 0.0000 	 2.1954 	 0.0198 
13.0000 	 1.0605 	 13.1836 	 2.1777 	 -2.4658 	 0.0000 	 0.0264 	 594.1550 	 13.0000 	 1.8023 	 7.2028 	 -6.8357 	 4.1661 	 0.0000 	 2.6936 	 0.0869 
13.0000 	 1.0428 	 11.0522 	 2.0324 	 -1.9143 	 0.0000 	 0.0000 	 590.8802 	 13.0000 	 2.7586 	 8.1515 	 -3.0693 	 0.8211 	 0.0000 	 0.8386 	 0.0164 
9.0000 	 0.8462 	 9.4971 	 3.4633 	 -2.3462 	 0.0000 	 0.0000 	 595.6664 	 9.0000 	 0.3179 	 9.2502 	 -6.0770 	 -0.2120 	 0.0000 	 2.1828 	 0.3367 
13.0000 	 1.1136 	 7.9849 	 3.6588 	 -1.9804 	 0.0000 	 0.0000 	 588.0041 	 13.0000 	 0.2183 	 7.0847 	 3.4129 	 3.7327 	 0.0000 	 1.8286 	 0.0174 
18.0000 	 1.2807 	 11.6161 	 1.8168 	 -1.9562 	 0.0000 	 0.0113 	 590.0322 	 18.0000 	 1.2059 	 8.9411 	 1.6564 	 -2.2203 	 0.0000 	 1.2956 	 0.0109 
12.0000 	 1.1943 	 3.2887 	 5.7435 	 -2.6474 	 0.0000 	 0.4595 	 585.1353 	 12.0000 	 1.6027 	 1.1428 	 7.8659 	 3.9396 	 0.0000 	 1.2902 	 0.0133 
7.0000 	 0.7447 	 4.8227 	 5.2106 	 -2.9651 	 0.0000 	 0.0016 	 593.2366 	 7.0000 	 0.3078 	 0.3832 	 -8.4721 	 4.8737 	 0.0000 	 2.4056 	 0.2907 
12.0000 	 1.3085 	 7.8906 	 7.9126 	 0.3113 	 0.0000 	 0.0201 	 641.2216 	 12.0000 	 1.9362 	 7.7937 	 6.4130 	 0.3868 	 0.0000 	 1.5540 	 0.2970 
9.0000 	 0.9737 	 4.0531 	 5.2680 	 -1.5940 	 0.0000 	 0.0139 	 589.1316 	 9.0000 	 2.1047 	 5.0374 	 4.2284 	 2.0296 	 0.0000 	 2.6950 	 0.0377 
9.0000 	 1.0657 	 1.8982 	 6.4575 	 -2.0544 	 0.0000 	 0.0000 	 594.4013 	 9.0000 	 1.9758 	 6.5079 	 2.3289 	 3.4160 	 0.0000 	 0.5394 	 0.0288 
11.0000 	 0.9114 	 16.6180 	 0.8010 	 -2.5553 	 0.0000 	 0.0000 	 597.5129 	 11.0000 	 0.3053 	 6.8809 	 7.2108 	 4.1771 	 0.0000 	 0.4674 	 0.0218 
9.0000 	 0.8170 	 11.6838 	 2.7873 	 -2.8147 	 0.0000 	 0.5039 	 590.8671 	 9.0000 	 2.1806 	 1.6486 	 -6.7880 	 -0.2758 	 0.0000 	 1.6170 	 0.0272 
12.0000 	 1.0032 	 15.3299 	 2.0607 	 -3.2380 	 0.0000 	 0.0001 	 594.0616 	 12.0000 	 1.3467 	 9.4400 	 -5.3662 	 2.1806 	 0.0000 	 1.1345 	 0.0227 
12.0000 	 0.9804 	 12.6513 	 1.4514 	 -2.0167 	 0.0000 	 0.0106 	 592.1454 	 12.0000 	 2.3426 	 9.1599 	 4.6414 	 1.0031 	 0.0000 	 1.5601 	 0.0190 
6.0000 	 0.7686 	 2.3643 	 5.9257 	 -2.4210 	 0.0000 	 0.0000 	 593.8204 	 6.0000 	 1.4869 	 5.8192 	 7.1313 	 -3.6447 	 0.0000 	 1.2670 	 0.1733 
6.0000 	 0.6980 	 0.0000 	 0.4299 	 5.8166 	 0.0000 	 4.5167 	 639.3427 	 6.0000 	 2.3382 	 2.7852 	 1.6901 	 -2.9500 	 0.0000 	 1.3023 	 0.0219 
10.0000 	 0.8771 	 10.8824 	 2.2843 	 -1.9847 	 0.0000 	 0.0000 	 592.7085 	 10.0000 	 2.1675 	 5.7279 	 9.6765 	 2.7753 	 0.0000 	 1.3368 	 0.0279 
6.0000 	 0.7053 	 2.9872 	 5.7461 	 -2.4797 	 0.0000 	 0.5022 	 590.5246 	 6.0000 	 2.8095 	 4.2393 	 8.9549 	 0.4129 	 0.0000 	 2.9531 	 0.0535 
5.0000 	 0.5985 	 3.0014 	 5.7849 	 -2.7377 	 0.0000 	 0.0002 	 596.0059 	 5.0000 	 1.7277 	 3.5302 	 -6.1194 	 0.5602 	 0.0000 	 2.9866 	 0.4016 
12.0000 	 1.1625 	 4.4172 	 5.2326 	 -1.7624 	 0.0000 	 0.0261 	 586.7322 	 12.0000 	 2.1235 	 0.4123 	 -5.0838 	 4.2113 	 0.0000 	 2.7360 	 0.0210 
3.0000 	 0.4047 	 1.1149 	 6.4648 	 -2.6634 	 0.0000 	 0.0002 	 598.1799 	 3.0000 	 1.2242 	 0.3414 	 3.3824 	 -2.6000 	 0.0000 	 2.8763 	 0.2825 
5.0000 	 0.5771 	 3.9208 	 5.4384 	 -1.8445 	 0.0000 	 0.0063 	 597.6408 	 5.0000 	 2.2013 	 6.6809 	 8.8685 	 -0.8125 	 0.0000 	 2.6262 	 0.1408 
9.0000 	 0.8660 	 7.3740 	 4.0797 	 -2.4187 	 0.0000 	 0.4057 	 588.8952 	 9.0000 	 0.7018 	 1.0296 	 -8.5895 	 4.1015 	 0.0000 	 1.0052 	 0.0303 
8.0000 	 0.8646 	 3.9824 	 5.4751 	 -2.9680 	 0.0000 	 0.0752 	 592.1863 	 8.0000 	 2.8634 	 8.3855 	 -0.6744 	 -1.1567 	 0.0000 	 0.0398 	 0.0324 
5.0000 	 0.6203 	 3.2835 	 5.7494 	 -1.6599 	 0.0000 	 0.0003 	 594.8914 	 5.0000 	 2.3954 	 6.9330 	 0.5952 	 0.3931 	 0.0000 	 2.1154 	 0.0830 
3.0000 	 0.2645 	 8.0932 	 3.6685 	 -2.0683 	 0.0000 	 0.0000 	 614.4695 	 3.0000 	 1.9491 	 6.5803 	 7.8621 	 -4.6494 	 0.0000 	 0.6981 	 0.1582 
2.0000 	 0.1819 	 1.8750 	 6.3573 	 -3.1332 	 0.0000 	 0.0009 	 604.8595 	 2.0000 	 1.3431 	 4.7976 	 3.0218 	 4.5725 	 0.0000 	 1.0479 	 0.2029 
16.0000 	 1.5243 	 2.8129 	 6.0367 	 -2.0431 	 0.0000 	 0.2553 	 585.3429 	 16.0000 	 0.2540 	 6.9806 	 6.6096 	 0.1527 	 0.0000 	 1.6874 	 0.0090 
6.0000 	 0.6705 	 5.6638 	 4.9067 	 -2.0364 	 0.0000 	 0.0009 	 595.3227 	 6.0000 	 1.0624 	 8.4723 	 3.1970 	 -1.1421 	 0.0000 	 1.9285 	 0.4468 
10.0000 	 1.0261 	 3.9188 	 5.4893 	 -2.5878 	 0.0000 	 0.4615 	 586.2771 	 10.0000 	 1.7813 	 3.2826 	 -9.3936 	 -4.0207 	 0.0000 	 1.5519 	 0.0271 
3.0000 	 0.3445 	 2.4446 	 5.9406 	 -2.7166 	 0.0000 	 0.0002 	 601.1512 	 3.0000 	 0.3064 	 3.4164 	 5.9364 	 -1.0325 	 0.0000 	 2.6763 	 0.1429 
2.0000 	 0.1132 	 8.3862 	 4.8724 	 -8.3081 	 0.0000 	 1.1737 	 616.4385 	 2.0000 	 2.3215 	 2.2048 	 -5.3365 	 3.2461 	 0.0000 	 0.5708 	 0.0966 
5.0000 	 1.3113 	 1.3568 	 8.0951 	 -0.4956 	 0.0000 	 0.0000 	 632.4707 	 5.0000 	 2.5157 	 5.1881 	 5.3869 	 2.1035 	 0.0000 	 1.1785 	 0.1035 
2.0000 	 0.4982 	 2.9797 	 10.5054 	 -0.6360 	 0.0000 	 0.2532 	 633.7694 	 2.0000 	 1.3077 	 2.5953 	 6.7441 	 -1.8876 	 0.0000 	 0.2558 	 0.8664 
9.0000 	 0.9620 	 3.3713 	 5.7253 	 -3.2886 	 0.0000 	 0.6037 	 587.8376 	 9.0000 	 2.0644 	 7.5543 	 4.1582 	 0.9725 	 0.0000 	 2.2240 	 0.0248 
7.0000 	 0.7863 	 3.2465 	 5.7964 	 -3.0321 	 0.0000 	 0.0001 	 593.9483 	 7.0000 	 0.4221 	 6.3908 	 -4.1687 	 4.7909 	 0.0000 	 2.5284 	 0.1637 
7.0000 	 0.7025 	 8.0824 	 4.0913 	 -2.9152 	 0.0000 	 0.4735 	 592.0704 	 7.0000 	 1.8481 	 1.7340 	 0.9938 	 -4.2141 	 0.0000 	 0.6599 	 0.0508 
13.0000 	 1.5150 	 1.5930 	 6.7997 	 -1.9714 	 0.0000 	 0.0006 	 588.6623 	 13.0000 	 0.3477 	 1.7053 	 6.2352 	 2.4896 	 0.0000 	 1.6001 	 0.0220 
6.0000 	 0.6172 	 7.3243 	 4.3864 	 -3.1098 	 0.0000 	 0.5849 	 593.6355 	 6.0000 	 1.6355 	 3.3455 	 9.2602 	 3.2651 	 0.0000 	 0.0495 	 0.0733 
6.0000 	 0.8605 	 1.1627 	 6.6015 	 -2.4834 	 0.0000 	 0.4516 	 590.9184 	 6.0000 	 2.8019 	 5.3846 	 -7.3308 	 -3.1011 	 0.0000 	 1.1328 	 0.1090 
10.0000 	 0.9863 	 5.0068 	 4.7474 	 -1.6399 	 0.0000 	 0.0036 	 588.5010 	 10.0000 	 1.7056 	 8.9331 	 -0.4694 	 -1.5987 	 0.0000 	 0.1790 	 0.0215 
11.0000 	 1.6891 	 0.5744 	 7.2364 	 -2.0586 	 0.0000 	 0.0002 	 595.4254 	 11.0000 	 0.8175 	 5.9038 	 -9.5559 	 -2.9036 	 0.0000 	 0.3616 	 0.6672 
11.0000 	 1.2063 	 2.3726 	 6.0835 	 -2.2482 	 0.0000 	 0.0001 	 589.6890 	 11.0000 	 0.7070 	 0.6719 	 8.4448 	 -2.4902 	 0.0000 	 0.7438 	 0.0486 
5.0000 	 0.5201 	 6.5910 	 4.4807 	 -2.7120 	 0.0000 	 0.0000 	 599.3692 	 5.0000 	 0.2040 	 8.0045 	 3.5723 	 -1.6238 	 0.0000 	 1.0763 	 0.2188 
4.0000 	 0.3656 	 12.5490 	 2.6742 	 -3.0064 	 0.0000 	 0.5295 	 605.0359 	 4.0000 	 1.5165 	 9.4930 	 1.7061 	 0.8419 	 0.0000 	 2.9950 	 0.0920 
5.0000 	 0.6625 	 1.9508 	 6.1793 	 -2.2913 	 0.0000 	 0.4317 	 591.8973 	 5.0000 	 1.9660 	 8.3448 	 1.0905 	 4.1189 	 0.0000 	 0.6041 	 0.0755 
6.0000 	 0.7039 	 3.6746 	 5.5449 	 -1.7292 	 0.0000 	 0.0000 	 592.9423 	 6.0000 	 2.1258 	 9.1082 	 3.3355 	 0.4788 	 0.0000 	 0.2337 	 0.0998 
8.0000 	 0.9531 	 1.4918 	 6.3016 	 -3.7456 	 0.0000 	 0.4743 	 590.3316 	 8.0000 	 0.8626 	 1.6959 	 -0.2525 	 -2.6250 	 0.0000 	 0.1219 	 0.0674 
10.0000 	 1.1452 	 1.6798 	 6.1939 	 -2.9902 	 0.0000 	 0.5544 	 586.9928 	 10.0000 	 2.3015 	 0.4520 	 -4.4078 	 1.9203 	 0.0000 	 1.5643 	 0.0550 
3.0000 	 0.2822 	 3.3401 	 5.5450 	 -10.5290 	 0.0000 	 1.1192 	 605.5693 	 3.0000 	 1.1696 	 0.8629 	 -1.8338 	 0.8336 	 0.0000 	 1.6535 	 0.1536 
4.0000 	 0.4708 	 3.2162 	 5.8142 	 -1.8337 	 0.0000 	 0.1239 	 597.9613 	 4.0000 	 1.7457 	 3.6767 	 -2.0136 	 -4.9467 	 0.0000 	 1.8078 	 0.1703 
4.0000 	 0.3745 	 11.4095 	 3.6997 	 -4.2531 	 0.0000 	 0.7685 	 603.1947 	 4.0000 	 1.0374 	 0.1448 	 -5.8698 	 -1.3246 	 0.0000 	 1.2563 	 0.1069 
3.0000 	 0.5110 	 5.6332 	 8.9045 	 0.0114 	 0.0000 	 0.2075 	 641.6937 	 3.0000 	 0.8276 	 7.7923 	 1.5089 	 -1.7320 	 0.0000 	 0.0294 	 0.1911 
5.0000 	 0.6212 	 3.0931 	 5.8506 	 -1.7271 	 0.0000 	 0.0000 	 594.8977 	 5.0000 	 1.5250 	 9.2926 	 -3.8594 	 4.5028 	 0.0000 	 1.6377 	 0.0816 
5.0000 	 0.6552 	 1.9314 	 6.1415 	 -2.3282 	 0.0000 	 0.5458 	 592.1542 	 5.0000 	 2.7130 	 0.6205 	 -7.9072 	 -0.4490 	 0.0000 	 2.7546 	 0.0987 
3.0000 	 0.3051 	 4.1974 	 5.5022 	 -2.2820 	 0.0000 	 0.0000 	 606.0142 	 3.0000 	 0.7894 	 1.3199 	 -5.4352 	 3.2972 	 0.0000 	 2.4938 	 0.2471 
12.0000 	 1.2833 	 1.9583 	 6.1995 	 -2.8902 	 0.0000 	 0.4956 	 585.7159 	 12.0000 	 0.3686 	 6.2295 	 0.5950 	 -0.0376 	 0.0000 	 0.1830 	 0.0291 
3.0000 	 0.7006 	 2.0067 	 7.5424 	 -0.8146 	 0.0000 	 0.6878 	 624.2809 	 3.0000 	 1.8779 	 8.4407 	 -5.6782 	 3.7605 	 0.0000 	 1.5430 	 0.2106 
2.0000 	 0.1106 	 16.7330 	 1.6142 	 -3.1168 	 0.0000 	 0.0000 	 633.7748 	 2.0000 	 2.7244 	 7.9002 	 7.7439 	 -2.0410 	 0.0000 	 1.7257 	 0.2366 
2.0000 	 0.3796 	 0.5270 	 7.1923 	 -1.9244 	 0.0000 	 0.0000 	 601.3508 	 2.0000 	 2.5272 	 6.1715 	 8.3086 	 0.6976 	 0.0000 	 2.6187 	 0.2197 
7.0000 	 1.0440 	 1.2012 	 7.3633 	 -1.4355 	 0.0000 	 0.0000 	 576.3145 	 7.0000 	 2.6864 	 0.5585 	 9.6039 	 4.8070 	 0.0000 	 0.4618 	 0.2488 
3.0000 	 0.2857 	 4.3456 	 5.1832 	 -2.4888 	 0.0000 	 0.5331 	 601.9853 	 3.0000 	 0.1457 	 0.8454 	 0.6508 	 -0.7550 	 0.0000 	 2.9614 	 0.1620 
10.0000 	 0.9494 	 6.3439 	 4.1584 	 -1.7542 	 0.0000 	 0.0000 	 589.1049 	 10.0000 	 1.4826 	 7.4429 	 -3.5932 	 -1.7963 	 0.0000 	 0.1349 	 0.0300 
4.0000 	 0.6142 	 1.4740 	 6.8311 	 -1.6914 	 0.0000 	 0.0194 	 596.4565 	 4.0000 	 2.9432 	 9.4900 	 -1.6076 	 2.1368 	 0.0000 	 1.8642 	 0.1369 
7.0000 	 0.8051 	 3.0526 	 5.7694 	 -2.5882 	 0.0000 	 0.4706 	 589.0998 	 7.0000 	 2.9706 	 8.6914 	 4.4887 	 -0.9640 	 0.0000 	 1.0517 	 0.0434 
1.0000 	 0.0455 	 0.8091 	 6.8667 	 -2.6673 	 0.0000 	 0.0000 	 603.9537 	 1.0000 	 2.1367 	 4.6368 	 -1.1680 	 4.0121 	 0.0000 	 2.4264 	 0.2598 
7.0000 	 0.8639 	 2.1089 	 6.0666 	 -2.4079 	 0.0000 	 0.0002 	 592.2371 	 7.0000 	 0.3786 	 1.9777 	 -0.6775 	 -0.5951 	 0.0000 	 0.0754 	 0.0649 
4.0000 	 0.5992 	 0.0000 	 0.3301 	 0.0981 	 0.0000 	 4.4483 	 640.1529 	 4.0000 	 2.9253 	 2.6729 	 3.3525 	 3.8400 	 0.0000 	 1.4122 	 0.0367 
4.0000 	 0.4303 	 4.7366 	 5.2726 	 -3.5935 	 0.0000 	 0.6308 	 598.0325 	 4.0000 	 0.9387 	 8.7132 	 6.6895 	 -4.0127 	 0.0000 	 0.9603 	 0.1056 
7.0000 	 0.7342 	 6.5474 	 4.5131 	 -2.3803 	 0.0000 	 0.0059 	 596.2440 	 7.0000 	 0.7785 	 7.6014 	 -3.1439 	 -1.0173 	 0.0000 	 0.5170 	 0.0525 
1.0000 	 0.0238 	 2.2504 	 6.4223 	 -2.9957 	 0.0000 	 0.0000 	 611.2406 	 1.0000 	 0.0059 	 5.9495 	 5.6702 	 -4.8672 	 0.0000 	 0.2734 	 0.5606 
4.0000 	 0.7348 	 0.7744 	 7.1974 	 -1.9742 	 0.0000 	 0.0024 	 596.4315 	 4.0000 	 2.2487 	 3.5796 	 2.9472 	 -2.6915 	 0.0000 	 1.1834 	 0.1392 
1.0000 	 0.1334 	 11.2283 	 15.4724 	 0.4086 	 0.0000 	 0.0000 	 647.8458 	 1.0000 	 2.5169 	 1.8110 	 5.7781 	 -2.6594 	 0.0000 	 1.3248 	 0.0877 
1.0000 	 0.0333 	 0.8563 	 6.6868 	 -3.4663 	 0.0000 	 0.5163 	 601.0213 	 1.0000 	 1.6490 	 2.7833 	 -9.0783 	 -1.2811 	 0.0000 	 2.6343 	 0.1587 
5.0000 	 0.5731 	 3.5821 	 5.4879 	 -2.1865 	 0.0000 	 0.4175 	 593.4718 	 5.0000 	 2.0792 	 0.7791 	 3.0291 	 1.7093 	 0.0000 	 0.8288 	 0.0807 
2.0000 	 0.2491 	 0.8610 	 6.6492 	 -2.5672 	 0.0000 	 0.1201 	 599.9297 	 2.0000 	 0.0119 	 2.7320 	 -1.1361 	 -0.0080 	 0.0000 	 0.8926 	 0.1623 
3.0000 	 0.3234 	 0.3155 	 5.7565 	 -7.3413 	 0.0000 	 1.2354 	 594.8334 	 3.0000 	 1.6064 	 4.5121 	 -6.2444 	 4.6065 	 0.0000 	 1.5809 	 0.2587 
2.0000 	 0.2810 	 0.8704 	 6.9385 	 -2.1753 	 0.0000 	 0.0000 	 599.5551 	 2.0000 	 1.9442 	 3.1322 	 8.0440 	 4.7483 	 0.0000 	 2.2437 	 0.1766 
48.0000 	 2.7007 	 4.2445 	 5.8441 	 -2.7107 	 0.0000 	 0.0001 	 591.3116 	 48.0000 	 0.4259 	 9.5510 	 -7.8025 	 -2.5028 	 0.0000 	 1.5156 	 0.0114 
48.0000 	 2.9213 	 2.6032 	 6.4359 	 -2.1784 	 0.0000 	 0.0000 	 585.7518 	 48.0000 	 0.4259 	 9.5510 	 -7.8025 	 -2.5028 	 0.0000 	 1.5156 	 0.0081 
49.0000 	 2.6871 	 3.3360 	 5.8541 	 -3.3238 	 0.0000 	 0.5271 	 583.5459 	 49.0000 	 0.4207 	 4.6202 	 -2.3543 	 3.4605 	 0.0000 	 2.7983 	 0.0041 
48.0000 	 2.5798 	 5.5951 	 5.2139 	 -2.3263 	 0.0000 	 0.0000 	 586.5226 	 48.0000 	 1.4601 	 4.3354 	 5.5992 	 4.4758 	 0.0000 	 1.9208 	 0.0186 
49.0000 	 2.7020 	 3.4809 	 5.8315 	 -3.2195 	 0.0000 	 0.5022 	 583.4751 	 49.0000 	 0.9755 	 8.5972 	 6.1838 	 1.4630 	 0.0000 	 0.3357 	 0.0036 
49.0000 	 2.5135 	 8.0248 	 4.4732 	 -2.5503 	 0.0000 	 0.0000 	 588.6199 	 49.0000 	 1.7108 	 9.8487 	 -9.3667 	 3.4873 	 0.0000 	 1.9717 	 0.0121 
48.0000 	 2.4818 	 6.8747 	 4.5391 	 -2.2142 	 0.0000 	 0.0000 	 587.4875 	 48.0000 	 1.3577 	 4.7903 	 0.4452 	 0.0957 	 0.0000 	 2.2765 	 0.0096 
50.0000 	 2.7662 	 3.1643 	 5.9279 	 -3.2128 	 0.0000 	 0.5023 	 583.4609 	 50.0000 	 1.3577 	 4.7903 	 0.4452 	 0.0957 	 0.0000 	 2.2765 	 0.0039 
50.0000 	 2.5911 	 6.5517 	 4.9267 	 -2.4569 	 0.0000 	 0.0000 	 587.2960 	 50.0000 	 0.6936 	 1.4862 	 3.4070 	 -3.8608 	 0.0000 	 1.4456 	 0.0098 
50.0000 	 2.8189 	 2.6796 	 6.0841 	 -3.1990 	 0.0000 	 0.4820 	 583.4662 	 50.0000 	 0.6936 	 1.4862 	 3.4070 	 -3.8608 	 0.0000 	 1.4456 	 0.0033 
47.0000 	 2.6359 	 3.4973 	 5.8094 	 -3.2133 	 0.0000 	 0.5110 	 583.4494 	 47.0000 	 2.6662 	 4.0698 	 8.6981 	 3.0963 	 0.0000 	 1.4796 	 0.0031 
48.0000 	 2.6618 	 3.5782 	 5.7928 	 -3.2906 	 0.0000 	 0.5188 	 583.4797 	 48.0000 	 2.6397 	 6.0673 	 -6.0161 	 2.2327 	 0.0000 	 0.2198 	 0.0048 
46.0000 	 2.6298 	 3.2313 	 5.8931 	 -3.2542 	 0.0000 	 0.5171 	 583.4127 	 46.0000 	 2.5311 	 8.5038 	 -1.0545 	 0.6033 	 0.0000 	 1.1991 	 0.0023 
47.0000 	 2.6611 	 0.0000 	 0.3837 	 11.9544 	 0.0000 	 4.4833 	 636.9574 	 47.0000 	 0.3492 	 4.6812 	 -1.5505 	 -2.5335 	 0.0000 	 1.8454 	 0.0019 
47.0000 	 2.6592 	 3.1900 	 5.8961 	 -3.2591 	 0.0000 	 0.5174 	 583.4304 	 47.0000 	 2.7964 	 7.3179 	 -0.0553 	 0.1417 	 0.0000 	 0.9096 	 0.0030 
44.0000 	 2.2855 	 10.5186 	 3.4828 	 -2.6265 	 0.0000 	 0.2256 	 588.9515 	 44.0000 	 0.5494 	 7.9481 	 7.6008 	 -1.4599 	 0.0000 	 1.3654 	 0.0235 
45.0000 	 2.6743 	 3.4708 	 6.0294 	 -2.1204 	 0.0000 	 0.0000 	 585.7008 	 45.0000 	 2.7872 	 8.1930 	 -8.0614 	 -3.1969 	 0.0000 	 2.9733 	 0.0140 
47.0000 	 2.7065 	 2.7686 	 6.0393 	 -3.2273 	 0.0000 	 0.5047 	 583.4201 	 47.0000 	 2.6677 	 3.5433 	 -0.2396 	 -1.1681 	 0.0000 	 2.9348 	 0.0028 
46.0000 	 2.4382 	 6.5118 	 4.6975 	 -2.2153 	 0.0000 	 0.0000 	 587.1010 	 46.0000 	 2.4249 	 1.0374 	 9.3195 	 -0.0976 	 0.0000 	 0.4743 	 0.0120 
48.0000 	 2.5379 	 5.4843 	 5.2710 	 -3.4464 	 0.0000 	 0.5280 	 584.0468 	 48.0000 	 2.6397 	 6.0673 	 -6.0161 	 2.2327 	 0.0000 	 0.2198 	 0.0049 
46.0000 	 2.6306 	 3.2825 	 5.8848 	 -3.2258 	 0.0000 	 0.5072 	 583.4107 	 46.0000 	 1.4559 	 6.3440 	 -9.8130 	 -2.8095 	 0.0000 	 0.0083 	 0.0033 
42.0000 	 1.8175 	 1.9177 	 -1.6378 	 3.6549 	 0.0000 	 0.0001 	 744.3802 	 42.0000 	 1.0367 	 2.1745 	 4.8667 	 0.9270 	 0.0000 	 1.5738 	 0.0914 
42.0000 	 2.4682 	 4.5242 	 5.5750 	 -2.2070 	 0.0000 	 0.0027 	 585.7320 	 42.0000 	 0.2203 	 6.8738 	 7.2551 	 1.3415 	 0.0000 	 0.0083 	 0.0120 
48.0000 	 2.7085 	 0.0000 	 0.3988 	 15.5556 	 0.0000 	 4.4608 	 636.9570 	 48.0000 	 2.0716 	 8.8915 	 -6.3374 	 -2.1825 	 0.0000 	 2.3647 	 0.0021 
45.0000 	 2.5880 	 3.3031 	 5.8667 	 -3.3168 	 0.0000 	 0.5282 	 583.4257 	 45.0000 	 1.2703 	 3.3743 	 5.5425 	 -2.9138 	 0.0000 	 1.2951 	 0.0032 
42.0000 	 2.3234 	 8.9453 	 5.5052 	 -8.7369 	 0.0000 	 0.0000 	 608.0084 	 42.0000 	 2.8114 	 5.4605 	 -5.6604 	 -4.4960 	 0.0000 	 1.7453 	 0.0361 
42.0000 	 1.9189 	 39.4306 	 -5.4074 	 -3.1569 	 0.0000 	 0.0031 	 604.7849 	 42.0000 	 2.7747 	 6.1090 	 -9.4969 	 -2.8054 	 0.0000 	 1.4638 	 0.1011 
43.0000 	 2.3557 	 6.0291 	 5.0312 	 -3.2697 	 0.0000 	 0.5248 	 584.1348 	 43.0000 	 2.8706 	 0.6484 	 3.7279 	 -1.1427 	 0.0000 	 2.2340 	 0.0050 
44.0000 	 2.5900 	 3.0700 	 5.9496 	 -3.2244 	 0.0000 	 0.5006 	 583.3737 	 44.0000 	 2.3623 	 5.7178 	 -9.8792 	 -3.4727 	 0.0000 	 1.8302 	 0.0031 
43.0000 	 2.5596 	 3.0576 	 5.9553 	 -3.2110 	 0.0000 	 0.5004 	 583.3655 	 43.0000 	 0.6150 	 5.8788 	 7.7748 	 -4.0147 	 0.0000 	 0.9924 	 0.0040 
39.0000 	 2.5479 	 2.9157 	 6.2130 	 -2.0083 	 0.0000 	 0.0000 	 586.0672 	 39.0000 	 2.3290 	 2.9474 	 6.0249 	 2.8632 	 0.0000 	 1.5064 	 0.1102 
43.0000 	 2.5539 	 0.0000 	 0.4072 	 15.1679 	 0.0000 	 4.4474 	 636.9411 	 43.0000 	 0.7891 	 6.5464 	 -5.9774 	 -1.9290 	 0.0000 	 0.5959 	 0.0013 
40.0000 	 2.1144 	 12.4884 	 2.8084 	 -2.6167 	 0.0000 	 0.0000 	 590.5004 	 40.0000 	 0.6061 	 6.2925 	 -5.7097 	 -3.8682 	 0.0000 	 0.7948 	 0.0709 
40.0000 	 2.4638 	 3.1402 	 5.9194 	 -3.0713 	 0.0000 	 0.4939 	 583.3396 	 40.0000 	 2.5534 	 7.5646 	 9.7081 	 -4.8743 	 0.0000 	 1.7632 	 0.0040 
47.0000 	 2.6184 	 2.2365 	 5.9627 	 -5.1003 	 0.0000 	 0.7729 	 586.0206 	 47.0000 	 2.8290 	 8.8612 	 -5.3092 	 3.1513 	 0.0000 	 1.9591 	 0.0111 
38.0000 	 2.8458 	 1.6324 	 6.8640 	 -2.2042 	 0.0000 	 0.0000 	 587.0864 	 38.0000 	 2.7660 	 3.3051 	 6.2991 	 -2.9099 	 0.0000 	 1.2073 	 0.0737 
38.0000 	 2.3873 	 3.0516 	 5.9356 	 -3.1264 	 0.0000 	 0.4992 	 583.3056 	 38.0000 	 1.1813 	 5.3832 	 4.2282 	 -3.0168 	 0.0000 	 2.8527 	 0.0027 
43.0000 	 2.5173 	 3.5188 	 5.7998 	 -3.1745 	 0.0000 	 0.5084 	 583.3883 	 43.0000 	 1.4151 	 8.3513 	 -2.2266 	 1.1508 	 0.0000 	 2.8291 	 0.0034 
36.0000 	 1.9446 	 13.2927 	 2.4498 	 -2.8844 	 0.0000 	 0.0000 	 594.8245 	 36.0000 	 1.2205 	 2.7088 	 -8.2355 	 3.4025 	 0.0000 	 2.5839 	 0.1173 
39.0000 	 3.0912 	 0.0108 	 -50.1361 	 -2.7395 	 0.0000 	 0.3063 	 992.6630 	 39.0000 	 2.8635 	 0.2667 	 7.9105 	 0.4067 	 0.0000 	 2.3385 	 0.0027 
39.0000 	 2.3596 	 3.9291 	 5.6722 	 -3.1489 	 0.0000 	 0.5049 	 583.3847 	 39.0000 	 0.2916 	 0.6692 	 9.5140 	 3.7849 	 0.0000 	 0.6608 	 0.0046 
38.0000 	 2.3624 	 3.3710 	 5.8357 	 -3.1634 	 0.0000 	 0.5112 	 583.3158 	 38.0000 	 1.7584 	 2.5350 	 -0.9400 	 -2.4906 	 0.0000 	 0.3277 	 0.0026 
43.0000 	 2.4468 	 4.5033 	 5.5012 	 -3.1724 	 0.0000 	 0.5022 	 583.5892 	 43.0000 	 2.6256 	 5.4630 	 -0.8018 	 0.4776 	 0.0000 	 1.3470 	 0.0034 
35.0000 	 2.3975 	 2.9627 	 6.2932 	 -2.1980 	 0.0000 	 0.0025 	 585.4865 	 35.0000 	 1.7861 	 3.8283 	 2.2330 	 1.6990 	 0.0000 	 0.5916 	 0.0093 
40.0000 	 2.7485 	 2.1055 	 6.6789 	 -2.2330 	 0.0000 	 0.0001 	 585.9755 	 40.0000 	 0.9829 	 8.6647 	 4.1838 	 -3.4221 	 0.0000 	 1.8302 	 0.0067 
36.0000 	 2.1857 	 1.1893 	 5.2374 	 -8.5226 	 0.0000 	 1.6655 	 597.9082 	 36.0000 	 2.5968 	 3.3896 	 -7.3413 	 -2.7994 	 0.0000 	 1.7648 	 0.0050 
35.0000 	 2.0793 	 7.5150 	 4.3601 	 -2.3284 	 0.0000 	 0.0000 	 587.2369 	 35.0000 	 0.0271 	 5.2719 	 8.2164 	 -4.0432 	 0.0000 	 0.0126 	 0.0175 
40.0000 	 2.2247 	 7.5401 	 4.5815 	 -3.2878 	 0.0000 	 0.5074 	 584.5883 	 40.0000 	 1.6075 	 5.1375 	 0.5324 	 -0.4977 	 0.0000 	 2.8641 	 0.0055 
36.0000 	 2.3858 	 3.4452 	 6.0834 	 -2.2606 	 0.0000 	 0.0000 	 585.3825 	 36.0000 	 1.3943 	 3.8390 	 -5.9501 	 -4.3280 	 0.0000 	 2.0626 	 0.0076 
42.0000 	 2.1959 	 9.2739 	 3.4716 	 -2.2152 	 0.0000 	 0.0000 	 588.9363 	 42.0000 	 1.7540 	 4.4861 	 -5.9360 	 -2.4644 	 0.0000 	 1.6765 	 0.0147 
36.0000 	 2.3715 	 2.6240 	 6.0809 	 -3.0214 	 0.0000 	 0.4905 	 583.3583 	 36.0000 	 0.3018 	 2.9980 	 1.7043 	 2.2082 	 0.0000 	 0.0291 	 0.0040 
33.0000 	 2.1120 	 4.5667 	 5.4493 	 -3.1234 	 0.0000 	 0.4906 	 583.4306 	 33.0000 	 2.1854 	 5.8778 	 9.4935 	 -3.9090 	 0.0000 	 0.3671 	 0.0037 
39.0000 	 2.3950 	 0.0697 	 0.4031 	 0.5732 	 0.0000 	 4.4810 	 636.7744 	 39.0000 	 1.1096 	 2.9675 	 0.9110 	 2.3663 	 0.0000 	 0.3005 	 0.0188 
38.0000 	 2.4374 	 3.5937 	 5.9678 	 -2.1592 	 0.0000 	 0.0000 	 585.3519 	 38.0000 	 0.8375 	 2.0866 	 7.3197 	 4.8997 	 0.0000 	 2.0351 	 0.0078 
33.0000 	 2.2099 	 3.9938 	 5.7512 	 -2.1055 	 0.0000 	 0.0001 	 585.2419 	 33.0000 	 2.2923 	 8.1491 	 0.5014 	 -0.5407 	 0.0000 	 0.0095 	 0.0088 
37.0000 	 2.3206 	 3.5165 	 5.7850 	 -3.0560 	 0.0000 	 0.4922 	 583.3115 	 37.0000 	 2.3289 	 6.3618 	 -6.4038 	 -2.2677 	 0.0000 	 1.5360 	 0.0029 
33.0000 	 2.0293 	 7.2913 	 5.1831 	 -5.0659 	 0.0000 	 0.0000 	 594.5862 	 33.0000 	 1.0123 	 4.0695 	 -2.3726 	 -4.5724 	 0.0000 	 1.0712 	 0.0112 
29.0000 	 1.7491 	 13.2349 	 2.4072 	 -2.7441 	 0.0000 	 0.0010 	 593.4551 	 29.0000 	 2.8731 	 0.0082 	 -6.0398 	 -1.1482 	 0.0000 	 1.9941 	 0.1143 
32.0000 	 2.2049 	 2.8599 	 6.0061 	 -2.9358 	 0.0000 	 0.4645 	 583.3171 	 32.0000 	 2.4910 	 0.5367 	 0.1624 	 1.7902 	 0.0000 	 1.2352 	 0.0036 
34.0000 	 2.1616 	 4.2481 	 5.5558 	 -3.0708 	 0.0000 	 0.4995 	 583.3801 	 34.0000 	 1.1146 	 9.8441 	 -6.1275 	 1.5459 	 0.0000 	 1.5241 	 0.0062 
37.0000 	 2.4601 	 2.9065 	 6.7676 	 -2.8149 	 0.0000 	 0.0546 	 597.4985 	 37.0000 	 2.5120 	 7.9481 	 -3.1543 	 -4.7366 	 0.0000 	 0.5728 	 0.0204 
36.0000 	 2.1239 	 6.7516 	 4.4977 	 -2.1259 	 0.0000 	 0.0000 	 586.7750 	 36.0000 	 2.5863 	 0.4324 	 -5.9474 	 -0.6479 	 0.0000 	 1.4047 	 0.0146 
33.0000 	 1.8917 	 11.0497 	 2.8318 	 -2.2925 	 0.0000 	 0.0084 	 589.2137 	 33.0000 	 1.6138 	 2.3059 	 6.3132 	 0.7581 	 0.0000 	 2.7184 	 0.0132 
33.0000 	 1.9551 	 9.4693 	 3.9816 	 -3.2323 	 0.0000 	 0.5208 	 585.1465 	 33.0000 	 1.5257 	 0.5185 	 5.5718 	 -2.6688 	 0.0000 	 0.7615 	 0.0058 
35.0000 	 2.2995 	 2.9057 	 5.9801 	 -3.0729 	 0.0000 	 0.4989 	 583.2928 	 35.0000 	 1.8672 	 3.6176 	 5.5579 	 -4.6245 	 0.0000 	 0.7952 	 0.0026 
30.0000 	 1.7466 	 12.5884 	 2.2170 	 -2.3220 	 0.0000 	 0.0000 	 590.1241 	 30.0000 	 1.5296 	 3.6087 	 9.8857 	 4.5605 	 0.0000 	 1.6219 	 0.0241 
29.0000 	 1.9867 	 4.4868 	 5.3921 	 -1.9624 	 0.0000 	 0.0000 	 585.4798 	 29.0000 	 2.4003 	 3.2490 	 7.3302 	 -1.2341 	 0.0000 	 2.4053 	 0.0128 
29.0000 	 2.0673 	 1.5784 	 5.8716 	 -3.9282 	 0.0000 	 0.8252 	 587.3778 	 29.0000 	 1.3911 	 3.8270 	 7.1405 	 1.5657 	 0.0000 	 2.2868 	 0.0537 
32.0000 	 2.1486 	 3.4569 	 5.8035 	 -2.9802 	 0.0000 	 0.4763 	 583.2550 	 32.0000 	 1.0518 	 9.4877 	 -0.9582 	 -1.4560 	 0.0000 	 1.8677 	 0.0029 
39.0000 	 2.3725 	 3.6940 	 5.7517 	 -3.1394 	 0.0000 	 0.4912 	 583.3551 	 39.0000 	 2.6610 	 0.2982 	 -0.0712 	 1.3765 	 0.0000 	 0.3227 	 0.0029 
31.0000 	 1.7595 	 16.3836 	 1.0889 	 -2.5438 	 0.0000 	 0.1458 	 591.6297 	 31.0000 	 0.7806 	 2.0604 	 -6.3287 	 -2.5671 	 0.0000 	 1.5680 	 0.0136 
30.0000 	 1.9511 	 5.4490 	 4.8470 	 -1.9281 	 0.0000 	 0.0000 	 586.2688 	 30.0000 	 0.3383 	 2.1422 	 0.1364 	 2.7440 	 0.0000 	 0.5157 	 0.0088 
33.0000 	 1.9601 	 11.7987 	 2.9504 	 -2.5458 	 0.0000 	 0.0003 	 590.4238 	 33.0000 	 2.8202 	 2.4813 	 7.3585 	 0.7186 	 0.0000 	 0.7340 	 0.0291 
33.0000 	 2.1599 	 3.7158 	 5.7147 	 -3.1023 	 0.0000 	 0.5012 	 583.2805 	 33.0000 	 2.9261 	 9.9457 	 4.6047 	 4.0004 	 0.0000 	 1.5517 	 0.0031 
31.0000 	 1.9009 	 8.1295 	 3.8730 	 -2.1369 	 0.0000 	 0.0000 	 587.3265 	 31.0000 	 0.7394 	 5.7949 	 -5.4253 	 -1.6410 	 0.0000 	 2.5961 	 0.0145 
28.0000 	 2.0066 	 3.3963 	 5.8004 	 -2.8302 	 0.0000 	 0.4524 	 583.2907 	 28.0000 	 2.7960 	 0.7350 	 5.7156 	 -0.6742 	 0.0000 	 1.9151 	 0.0033 
25.0000 	 2.1967 	 1.8856 	 6.7795 	 -2.0704 	 0.0000 	 0.0008 	 586.6925 	 25.0000 	 0.9116 	 3.6675 	 4.9469 	 4.6890 	 0.0000 	 1.1044 	 0.0106 
36.0000 	 2.0067 	 14.1177 	 3.0492 	 -3.7088 	 0.0000 	 0.0000 	 593.8242 	 36.0000 	 0.5702 	 1.6891 	 -7.3197 	 0.5899 	 0.0000 	 1.7188 	 0.0125 
29.0000 	 1.9106 	 5.9750 	 5.0746 	 -3.3811 	 0.0000 	 0.5354 	 583.9144 	 29.0000 	 0.7124 	 6.2830 	 -2.5010 	 -3.5158 	 0.0000 	 2.6355 	 0.0035 
30.0000 	 1.9986 	 5.7602 	 5.0985 	 -2.2841 	 0.0000 	 0.0654 	 585.8938 	 30.0000 	 0.2497 	 5.7625 	 5.0199 	 -1.7273 	 0.0000 	 1.5392 	 0.0089 
33.0000 	 2.0506 	 6.3758 	 4.7713 	 -2.2264 	 0.0000 	 0.0000 	 586.2177 	 33.0000 	 0.9107 	 1.8145 	 -1.1964 	 4.2695 	 0.0000 	 0.0363 	 0.0085 
30.0000 	 1.8236 	 10.4970 	 3.4216 	 -2.9378 	 0.0000 	 0.4581 	 585.8441 	 30.0000 	 0.0814 	 9.0378 	 0.3983 	 -1.0386 	 0.0000 	 1.2132 	 0.0066 
31.0000 	 1.8156 	 16.1397 	 2.6408 	 -3.9385 	 0.0000 	 0.5580 	 587.2490 	 31.0000 	 1.9907 	 2.1110 	 4.3513 	 4.8081 	 0.0000 	 0.3791 	 0.0079 
24.0000 	 1.6765 	 6.4564 	 4.3684 	 -1.9243 	 0.0000 	 0.0010 	 586.2375 	 24.0000 	 2.4444 	 2.2547 	 3.5866 	 -4.4659 	 0.0000 	 0.2781 	 0.0127 
26.0000 	 1.7218 	 8.0713 	 3.9471 	 -2.1801 	 0.0000 	 0.0530 	 586.8418 	 26.0000 	 0.7026 	 4.3864 	 -8.4866 	 4.0213 	 0.0000 	 0.0674 	 0.0117 
31.0000 	 2.1997 	 3.4185 	 6.0751 	 -2.1858 	 0.0000 	 0.0000 	 585.2531 	 31.0000 	 1.9081 	 7.6349 	 -6.4222 	 -1.7235 	 0.0000 	 1.0128 	 0.0091 
27.0000 	 1.9242 	 3.7535 	 5.6744 	 -3.0525 	 0.0000 	 0.4919 	 583.2929 	 27.0000 	 0.0252 	 5.5340 	 -4.5932 	 -3.2698 	 0.0000 	 0.9566 	 0.0027 
27.0000 	 1.8827 	 5.0566 	 5.1461 	 -1.9972 	 0.0000 	 0.0182 	 585.4100 	 27.0000 	 0.9112 	 6.2650 	 9.2484 	 -3.5757 	 0.0000 	 1.8811 	 0.0065 
25.0000 	 1.7362 	 6.1127 	 4.8861 	 -2.9717 	 0.0000 	 0.4845 	 583.8240 	 25.0000 	 1.2424 	 6.7439 	 2.8630 	 -1.4821 	 0.0000 	 2.2295 	 0.0038 
29.0000 	 2.0304 	 3.5148 	 5.7763 	 -2.9660 	 0.0000 	 0.4773 	 583.2445 	 29.0000 	 0.0075 	 2.4179 	 6.6847 	 3.9527 	 0.0000 	 2.8927 	 0.0026 
28.0000 	 1.6446 	 19.8100 	 0.3607 	 -2.8591 	 0.0000 	 0.2544 	 591.6434 	 28.0000 	 1.7947 	 4.5156 	 0.0862 	 3.7407 	 0.0000 	 2.6774 	 0.0143 
23.0000 	 1.8314 	 2.6624 	 6.1328 	 -3.7585 	 0.0000 	 0.0001 	 586.8922 	 23.0000 	 2.4189 	 9.7947 	 -9.8154 	 4.1096 	 0.0000 	 1.8940 	 0.2577 
20.0000 	 1.3900 	 12.7174 	 1.9737 	 -2.2347 	 0.0000 	 0.0000 	 589.6585 	 20.0000 	 0.7299 	 1.5217 	 1.6811 	 3.2177 	 0.0000 	 2.7525 	 0.0141 
27.0000 	 2.0502 	 3.2095 	 6.0826 	 -2.0296 	 0.0000 	 0.0000 	 585.1756 	 27.0000 	 2.5022 	 7.8697 	 5.9807 	 0.8125 	 0.0000 	 0.4393 	 0.0062 
32.0000 	 2.1086 	 4.0323 	 5.6245 	 -3.1076 	 0.0000 	 0.4993 	 583.3131 	 32.0000 	 1.9602 	 1.4132 	 -8.7361 	 2.6333 	 0.0000 	 1.8577 	 0.0031 
30.0000 	 1.9521 	 6.0726 	 4.7690 	 -2.0959 	 0.0000 	 0.0002 	 585.9524 	 30.0000 	 0.4284 	 5.7121 	 6.2570 	 1.6048 	 0.0000 	 0.9227 	 0.0104 
25.0000 	 1.8323 	 4.3478 	 5.3346 	 -1.8484 	 0.0000 	 0.0000 	 585.6947 	 25.0000 	 2.6465 	 8.1250 	 -1.3770 	 0.4809 	 0.0000 	 2.9581 	 0.0090 
27.0000 	 1.7414 	 9.1708 	 4.0243 	 -3.1788 	 0.0000 	 0.5112 	 584.9103 	 27.0000 	 2.0998 	 4.5764 	 -0.1068 	 -3.7953 	 0.0000 	 0.2626 	 0.0196 
28.0000 	 1.9451 	 4.7867 	 5.3182 	 -2.0439 	 0.0000 	 0.0000 	 585.2846 	 28.0000 	 2.7164 	 3.2952 	 -3.2613 	 0.8689 	 0.0000 	 2.9907 	 0.0071 
27.0000 	 2.0547 	 0.0000 	 0.4057 	 24.1211 	 0.0000 	 4.4758 	 637.2144 	 27.0000 	 0.2804 	 4.3156 	 -8.8626 	 -2.5055 	 0.0000 	 2.1810 	 0.1222 
26.0000 	 1.6459 	 11.3512 	 2.6546 	 -2.2897 	 0.0000 	 0.0000 	 589.0247 	 26.0000 	 1.8758 	 7.2124 	 2.1528 	 -4.5207 	 0.0000 	 1.9722 	 0.0113 
20.0000 	 1.4774 	 7.6385 	 3.8886 	 -2.0093 	 0.0000 	 0.0216 	 586.5996 	 20.0000 	 0.5856 	 5.4206 	 2.0491 	 0.1425 	 0.0000 	 0.7790 	 0.0107 
29.0000 	 3.0475 	 6.0600 	 0.7753 	 16.1881 	 0.0000 	 4.4285 	 642.1716 	 29.0000 	 1.1657 	 8.6042 	 9.4007 	 1.9953 	 0.0000 	 2.7041 	 0.0117 
27.0000 	 1.9493 	 4.4084 	 5.5980 	 -2.1699 	 0.0000 	 0.0000 	 585.1749 	 27.0000 	 0.8392 	 3.7131 	 5.3296 	 3.5570 	 0.0000 	 1.8507 	 0.0113 
26.0000 	 2.1802 	 2.0363 	 6.6624 	 -2.1048 	 0.0000 	 0.0022 	 586.1050 	 26.0000 	 1.2347 	 9.7668 	 -7.3942 	 2.3188 	 0.0000 	 0.1909 	 0.0075 
17.0000 	 1.3736 	 6.1171 	 4.4005 	 -1.8246 	 0.0000 	 0.0000 	 586.1948 	 17.0000 	 0.6460 	 1.4296 	 2.0961 	 4.2767 	 0.0000 	 0.1196 	 0.0102 
28.0000 	 1.7645 	 10.5368 	 3.2197 	 -2.4340 	 0.0000 	 0.0000 	 590.1252 	 28.0000 	 0.1295 	 3.7894 	 -3.9713 	 -2.1268 	 0.0000 	 2.8519 	 0.0188 
22.0000 	 1.7470 	 1.3840 	 5.8984 	 -5.7016 	 0.0000 	 1.0942 	 589.3720 	 22.0000 	 0.9520 	 2.3295 	 4.3000 	 -4.2278 	 0.0000 	 2.3606 	 0.0947 
19.0000 	 1.5343 	 4.7366 	 5.2856 	 -2.9968 	 0.0000 	 0.5642 	 583.9875 	 19.0000 	 2.0260 	 1.1199 	 2.9999 	 -0.8377 	 0.0000 	 1.5127 	 0.0145 
26.0000 	 1.9745 	 2.5854 	 6.0620 	 -3.6292 	 0.0000 	 0.0000 	 588.4375 	 26.0000 	 2.4322 	 9.9409 	 5.0142 	 1.5185 	 0.0000 	 1.8355 	 0.1508 
26.0000 	 1.7809 	 6.7185 	 4.5605 	 -2.1874 	 0.0000 	 0.0783 	 586.0207 	 26.0000 	 2.0943 	 3.2470 	 5.9766 	 2.9673 	 0.0000 	 0.9786 	 0.0071 
18.0000 	 1.4899 	 5.1596 	 5.2507 	 -2.1825 	 0.0000 	 0.0000 	 585.8286 	 18.0000 	 1.1533 	 8.1054 	 7.6828 	 4.3958 	 0.0000 	 2.3147 	 0.0106 
26.0000 	 1.7735 	 7.3999 	 4.5191 	 -2.6149 	 0.0000 	 0.0053 	 591.1848 	 26.0000 	 0.9825 	 3.4285 	 5.5339 	 -1.4202 	 0.0000 	 0.3493 	 0.0102 
31.0000 	 1.9978 	 5.5402 	 5.1280 	 -2.9530 	 0.0000 	 0.4348 	 583.7464 	 31.0000 	 0.6545 	 4.3119 	 -0.1001 	 -3.8122 	 0.0000 	 2.4414 	 0.0042 
15.0000 	 1.4538 	 3.3346 	 6.0989 	 -2.1845 	 0.0000 	 0.0012 	 586.5963 	 15.0000 	 2.8816 	 3.4683 	 1.3867 	 -2.5679 	 0.0000 	 1.2350 	 0.0283 
26.0000 	 1.6563 	 12.7303 	 2.9547 	 -3.2502 	 0.0000 	 0.5027 	 586.2881 	 26.0000 	 1.8360 	 0.5719 	 1.0699 	 0.4614 	 0.0000 	 2.8610 	 0.0067 
23.0000 	 1.7539 	 3.9059 	 5.6068 	 -2.8732 	 0.0000 	 0.4806 	 583.3490 	 23.0000 	 2.5240 	 2.7047 	 -6.1716 	 -3.0227 	 0.0000 	 0.6364 	 0.0041 
17.0000 	 1.3168 	 9.0561 	 3.2028 	 -1.9983 	 0.0000 	 0.0000 	 587.9753 	 17.0000 	 0.2727 	 7.9691 	 4.9669 	 0.8708 	 0.0000 	 2.2388 	 0.0135 
23.0000 	 1.7529 	 0.0000 	 0.0545 	 29.9806 	 0.0000 	 4.6673 	 637.3138 	 23.0000 	 1.9329 	 4.1211 	 -5.3617 	 4.7193 	 0.0000 	 1.3247 	 0.0607 
23.0000 	 1.6412 	 6.8557 	 4.7373 	 -3.2049 	 0.0000 	 0.5059 	 584.1543 	 23.0000 	 2.3755 	 8.5920 	 -7.4082 	 1.1071 	 0.0000 	 0.0137 	 0.0037 
13.0000 	 1.0874 	 8.1241 	 3.3159 	 -1.8295 	 0.0000 	 0.0003 	 588.5294 	 13.0000 	 2.0304 	 0.4028 	 -1.3826 	 0.3198 	 0.0000 	 2.3632 	 0.0162 
21.0000 	 1.4764 	 10.7628 	 3.4362 	 -3.0922 	 0.0000 	 0.4812 	 585.6371 	 21.0000 	 1.9211 	 8.3970 	 2.6617 	 1.4056 	 0.0000 	 0.8261 	 0.0054 
23.0000 	 1.6310 	 8.0579 	 4.4002 	 -3.2482 	 0.0000 	 0.0015 	 590.1212 	 23.0000 	 0.1141 	 0.8243 	 -2.8770 	 -0.8787 	 0.0000 	 0.9243 	 0.0081 
16.0000 	 1.5561 	 2.6004 	 6.4449 	 -2.5646 	 0.0000 	 0.0002 	 592.5140 	 16.0000 	 2.8802 	 0.1457 	 5.4384 	 -2.4799 	 0.0000 	 0.1672 	 0.0410 
15.0000 	 1.3316 	 4.4184 	 5.3330 	 -2.6005 	 0.0000 	 0.4704 	 584.2473 	 15.0000 	 0.6609 	 5.5287 	 -0.8100 	 4.5743 	 0.0000 	 1.4463 	 0.0105 
22.0000 	 1.7262 	 3.6010 	 5.7035 	 -2.8745 	 0.0000 	 0.4725 	 583.3824 	 22.0000 	 0.8686 	 6.0832 	 -6.6841 	 0.8514 	 0.0000 	 0.6148 	 0.0056 
20.0000 	 1.3911 	 11.6957 	 2.2424 	 -2.1537 	 0.0000 	 0.0004 	 589.1663 	 20.0000 	 2.8582 	 2.5265 	 -5.5704 	 2.6405 	 0.0000 	 0.5458 	 0.0122 
20.0000 	 1.9647 	 1.6368 	 6.8557 	 -2.0257 	 0.0000 	 0.0000 	 587.3241 	 20.0000 	 2.7004 	 6.9580 	 -2.6909 	 1.9986 	 0.0000 	 2.9680 	 0.0124 
10.0000 	 1.0535 	 0.0000 	 0.4218 	 9.0597 	 0.0000 	 4.4352 	 637.8111 	 10.0000 	 2.7151 	 4.3800 	 3.1326 	 4.8535 	 0.0000 	 1.4307 	 0.0098 
25.0000 	 1.7939 	 5.6894 	 4.9164 	 -2.0528 	 0.0000 	 0.0000 	 585.6702 	 25.0000 	 0.3071 	 3.6215 	 5.9474 	 -0.8204 	 0.0000 	 2.0815 	 0.0115 
18.0000 	 1.3570 	 9.8018 	 3.6882 	 -3.0011 	 0.0000 	 0.4736 	 585.5299 	 18.0000 	 0.1781 	 5.6517 	 -0.2399 	 1.3801 	 0.0000 	 0.0665 	 0.0099 
20.0000 	 1.6837 	 0.0000 	 0.5188 	 4.4522 	 0.0000 	 4.3433 	 637.0746 	 20.0000 	 2.8607 	 0.1974 	 0.5378 	 2.8702 	 0.0000 	 2.3294 	 0.0021 
21.0000 	 1.5662 	 6.3751 	 4.5301 	 -2.0241 	 0.0000 	 0.0002 	 585.7918 	 21.0000 	 0.7403 	 5.1141 	 -9.7363 	 -3.5019 	 0.0000 	 2.0995 	 0.0072 
13.0000 	 1.2409 	 3.6241 	 5.6127 	 -2.5845 	 0.0000 	 0.4631 	 584.7603 	 13.0000 	 2.8969 	 9.9831 	 0.0549 	 4.4950 	 0.0000 	 2.4266 	 0.0132 
12.0000 	 0.9800 	 17.8590 	 -0.1039 	 -2.2865 	 0.0000 	 0.0005 	 595.7133 	 12.0000 	 2.7019 	 3.9798 	 -6.2624 	 0.3588 	 0.0000 	 1.9963 	 0.0285 
18.0000 	 1.5186 	 3.8820 	 5.5855 	 -2.7643 	 0.0000 	 0.4616 	 583.6734 	 18.0000 	 1.5800 	 4.1533 	 4.4294 	 -1.8302 	 0.0000 	 1.6444 	 0.0092 
6.0000 	 0.7748 	 2.5590 	 6.2647 	 -1.8527 	 0.0000 	 0.0053 	 592.5893 	 6.0000 	 1.6556 	 0.1138 	 3.3526 	 2.6825 	 0.0000 	 2.1302 	 0.0648 
27.0000 	 1.9112 	 4.1660 	 5.5517 	 -2.9163 	 0.0000 	 0.4716 	 583.2999 	 27.0000 	 2.0659 	 5.3056 	 -3.1115 	 2.2736 	 0.0000 	 0.7259 	 0.0028 
21.0000 	 1.6768 	 3.6880 	 5.6680 	 -2.7735 	 0.0000 	 0.4685 	 583.4333 	 21.0000 	 0.4270 	 3.7193 	 -9.0081 	 -3.3517 	 0.0000 	 1.2173 	 0.0045 
18.0000 	 1.3114 	 14.9806 	 1.9457 	 -2.8733 	 0.0000 	 0.0001 	 593.8473 	 18.0000 	 1.8109 	 8.0016 	 -1.3466 	 4.1311 	 0.0000 	 1.1685 	 0.0104 
8.0000 	 0.7276 	 14.4947 	 0.8337 	 -2.1014 	 0.0000 	 0.0000 	 598.9883 	 8.0000 	 1.8732 	 7.6242 	 -4.6051 	 -4.6684 	 0.0000 	 1.3386 	 0.0616 
14.0000 	 1.3034 	 4.0689 	 5.4271 	 -1.7812 	 0.0000 	 0.0338 	 586.0672 	 14.0000 	 2.5138 	 3.1256 	 8.8496 	 -1.6440 	 0.0000 	 0.4779 	 0.0141 
23.0000 	 1.6148 	 7.8690 	 4.3728 	 -3.0909 	 0.0000 	 0.5056 	 584.4541 	 23.0000 	 0.3425 	 6.2828 	 -0.4397 	 -0.3360 	 0.0000 	 2.5428 	 0.0043 
10.0000 	 0.8814 	 11.7856 	 1.7313 	 -1.9527 	 0.0000 	 0.0000 	 593.8008 	 10.0000 	 1.4524 	 3.3363 	 -0.7751 	 -0.8348 	 0.0000 	 1.8496 	 0.0359 
18.0000 	 1.5245 	 4.2803 	 5.3726 	 -1.8152 	 0.0000 	 0.0988 	 585.4782 	 18.0000 	 0.4623 	 9.0300 	 5.9733 	 2.1837 	 0.0000 	 0.2096 	 0.0097 
19.0000 	 1.5612 	 3.9727 	 5.5417 	 -2.7520 	 0.0000 	 0.4602 	 583.5999 	 19.0000 	 2.3261 	 4.6752 	 9.8881 	 -4.6819 	 0.0000 	 0.7305 	 0.0056 
4.0000 	 0.5324 	 2.4728 	 6.1477 	 -1.6525 	 0.0000 	 0.0012 	 597.1679 	 4.0000 	 1.5274 	 4.9598 	 0.3538 	 2.7274 	 0.0000 	 1.1308 	 0.1356 
19.0000 	 1.5293 	 4.9430 	 5.0521 	 -1.8529 	 0.0000 	 0.0010 	 585.4559 	 19.0000 	 1.8639 	 6.3506 	 -6.1946 	 2.8441 	 0.0000 	 0.7953 	 0.0071 
14.0000 	 1.1612 	 10.1034 	 3.8352 	 -3.4520 	 0.0000 	 0.5534 	 586.7582 	 14.0000 	 1.2371 	 0.9703 	 9.2282 	 2.8654 	 0.0000 	 2.0057 	 0.0141 
17.0000 	 1.3524 	 8.3357 	 4.1821 	 -2.9277 	 0.0000 	 0.0000 	 590.3956 	 17.0000 	 0.0736 	 2.9541 	 4.4872 	 -4.6339 	 0.0000 	 1.2062 	 0.0073 
14.0000 	 1.2160 	 7.2656 	 4.5312 	 -3.1982 	 0.0000 	 0.0000 	 588.8756 	 14.0000 	 0.8724 	 4.1859 	 -6.8998 	 -1.9111 	 0.0000 	 1.8341 	 0.4098 
15.0000 	 1.1422 	 24.7279 	 0.0963 	 -3.6864 	 0.0000 	 0.0000 	 595.7207 	 15.0000 	 2.6476 	 1.5611 	 -6.5171 	 0.1214 	 0.0000 	 2.0682 	 0.0310 
6.0000 	 0.7505 	 2.7469 	 5.9818 	 -2.8227 	 0.0000 	 0.0004 	 595.4494 	 6.0000 	 1.1306 	 4.0313 	 -6.6965 	 -0.9863 	 0.0000 	 2.7127 	 0.0709 
8.0000 	 0.8218 	 5.5366 	 4.8655 	 -2.7200 	 0.0000 	 0.5111 	 588.9358 	 8.0000 	 2.0288 	 2.8739 	 2.1850 	 -1.5559 	 0.0000 	 2.8547 	 0.0383 
4.0000 	 0.3439 	 7.7862 	 3.4299 	 -3.8997 	 0.0000 	 1.3530 	 616.5078 	 4.0000 	 1.0408 	 2.9097 	 2.4888 	 4.1441 	 0.0000 	 1.0021 	 0.1216 
20.0000 	 1.5997 	 4.2640 	 5.4617 	 -2.7898 	 0.0000 	 0.4781 	 583.5318 	 20.0000 	 2.1932 	 4.7430 	 -1.5145 	 4.3591 	 0.0000 	 1.0946 	 0.0041 
26.0000 	 1.9116 	 3.4456 	 5.7889 	 -2.9341 	 0.0000 	 0.4703 	 583.2667 	 26.0000 	 0.4608 	 3.5644 	 -1.3072 	 -2.8100 	 0.0000 	 0.4840 	 0.0030 
1.0000 	 0.0448 	 0.1851 	 6.7203 	 -4.9108 	 0.0000 	 0.0000 	 604.1305 	 1.0000 	 2.8139 	 9.9122 	 -6.3773 	 4.6525 	 0.0000 	 0.0373 	 0.3384 
9.0000 	 0.9848 	 0.0000 	 0.4116 	 15.0716 	 0.0000 	 4.4276 	 638.0493 	 9.0000 	 1.7274 	 8.2785 	 2.2847 	 3.8089 	 0.0000 	 1.7484 	 0.0115 
16.0000 	 1.4353 	 3.3685 	 5.7494 	 -2.7661 	 0.0000 	 0.4697 	 583.9929 	 16.0000 	 1.4278 	 3.2655 	 4.8170 	 1.2503 	 0.0000 	 1.6311 	 0.0099 
17.0000 	 1.5459 	 2.5222 	 6.0457 	 -2.8726 	 0.0000 	 0.4880 	 584.0938 	 17.0000 	 1.5836 	 9.0651 	 -9.1600 	 1.3383 	 0.0000 	 0.9981 	 0.0101 
14.0000 	 1.3304 	 3.8044 	 5.6023 	 -1.8171 	 0.0000 	 0.1214 	 585.9435 	 14.0000 	 0.9116 	 1.5124 	 2.2834 	 2.0244 	 0.0000 	 1.8353 	 0.0111 
15.0000 	 2.1760 	 15.1444 	 2.9616 	 5.8380 	 0.0000 	 4.4991 	 642.3172 	 15.0000 	 0.6300 	 2.5474 	 2.1943 	 -4.3630 	 0.0000 	 0.2038 	 0.0120 
11.0000 	 1.1338 	 3.8676 	 5.5754 	 -1.7955 	 0.0000 	 0.0000 	 587.1208 	 11.0000 	 0.3631 	 5.6933 	 1.4356 	 1.0490 	 0.0000 	 1.1522 	 0.0260 
14.0000 	 1.3196 	 3.6813 	 5.5702 	 -2.3281 	 0.0000 	 0.3773 	 584.7294 	 14.0000 	 0.9236 	 2.7627 	 3.7073 	 -0.8961 	 0.0000 	 0.2278 	 0.0205 
7.0000 	 0.9013 	 1.2379 	 6.3018 	 -2.9988 	 0.0000 	 0.5673 	 589.5474 	 7.0000 	 1.1119 	 4.9521 	 6.1160 	 0.9551 	 0.0000 	 2.6981 	 0.0528 
18.0000 	 2.3489 	 11.3990 	 1.9034 	 7.3382 	 0.0000 	 4.4522 	 642.1159 	 18.0000 	 0.9445 	 2.4116 	 -5.9323 	 -4.0455 	 0.0000 	 1.3203 	 0.0108 
13.0000 	 1.4270 	 2.2817 	 6.4871 	 -1.8986 	 0.0000 	 0.0343 	 587.3583 	 13.0000 	 1.8711 	 2.7971 	 6.7834 	 -4.3729 	 0.0000 	 1.8233 	 0.0247 
16.0000 	 1.4332 	 0.0000 	 0.3878 	 6.1042 	 0.0000 	 4.4745 	 637.0689 	 16.0000 	 0.8243 	 5.4895 	 -8.8134 	 2.1566 	 0.0000 	 0.1444 	 0.0052 
13.0000 	 1.2485 	 0.0000 	 0.3723 	 9.9882 	 0.0000 	 4.4756 	 637.3498 	 13.0000 	 2.4602 	 9.0592 	 2.1586 	 4.3809 	 0.0000 	 1.3173 	 0.0080 
23.0000 	 1.6032 	 8.5304 	 3.8344 	 -2.2578 	 0.0000 	 0.0000 	 587.1258 	 23.0000 	 0.1111 	 8.7543 	 -5.5267 	 1.9864 	 0.0000 	 2.1213 	 0.0103 
10.0000 	 0.8420 	 14.2326 	 0.7674 	 -2.0437 	 0.0000 	 0.0000 	 595.1342 	 10.0000 	 0.9529 	 5.2115 	 -6.0819 	 3.6368 	 0.0000 	 2.2758 	 0.0325 
10.0000 	 1.1629 	 1.8632 	 6.2878 	 -2.4805 	 0.0000 	 0.4112 	 586.8606 	 10.0000 	 1.3680 	 8.1573 	 -0.5642 	 -2.3218 	 0.0000 	 1.3228 	 0.0304 
11.0000 	 1.0432 	 5.2815 	 4.8708 	 -2.3226 	 0.0000 	 0.4196 	 586.1426 	 11.0000 	 2.1624 	 2.3716 	 8.7810 	 1.0640 	 0.0000 	 0.9693 	 0.0364 
2.0000 	 0.6815 	 4.6581 	 1.6566 	 3.4291 	 0.0000 	 4.5246 	 640.2765 	 2.0000 	 0.7673 	 1.8487 	 3.7266 	 1.4514 	 0.0000 	 2.7260 	 0.0463 
9.0000 	 0.9635 	 4.2545 	 5.4566 	 -2.4003 	 0.0000 	 0.0002 	 591.7728 	 9.0000 	 1.3900 	 0.5949 	 -2.6502 	 -0.7709 	 0.0000 	 1.7184 	 0.3141 
8.0000 	 0.9618 	 2.7287 	 6.0000 	 -1.6828 	 0.0000 	 0.0000 	 590.7325 	 8.0000 	 2.9079 	 0.8126 	 -1.7102 	 -1.3739 	 0.0000 	 0.1406 	 0.0602 
5.0000 	 0.4953 	 17.6970 	 2.5618 	 -4.2798 	 0.0000 	 0.0000 	 608.4997 	 5.0000 	 1.5004 	 2.2277 	 -2.2000 	 0.1423 	 0.0000 	 0.2062 	 0.1285 
13.0000 	 1.2275 	 4.7752 	 5.2382 	 -1.9425 	 0.0000 	 0.0000 	 586.3958 	 13.0000 	 2.0363 	 8.9017 	 -6.9721 	 2.5363 	 0.0000 	 1.2527 	 0.0147 
10.0000 	 0.9312 	 7.6428 	 3.7350 	 -1.9171 	 0.0000 	 0.0011 	 589.8470 	 10.0000 	 1.4248 	 8.6682 	 2.9462 	 -3.7027 	 0.0000 	 0.3925 	 0.0262 
1.0000 	 0.0261 	 1.4465 	 6.3812 	 -2.6816 	 0.0000 	 0.2188 	 608.8268 	 1.0000 	 0.0503 	 4.9290 	 -8.8042 	 -0.7609 	 0.0000 	 1.1365 	 0.2311 
22.0000 	 1.6207 	 6.0994 	 4.7394 	 -2.0343 	 0.0000 	 0.0000 	 586.1160 	 22.0000 	 2.1918 	 0.0958 	 1.5133 	 2.8467 	 0.0000 	 1.6752 	 0.0097 
11.0000 	 1.1630 	 3.5494 	 5.7521 	 -1.8781 	 0.0000 	 0.0000 	 587.2777 	 11.0000 	 0.4612 	 1.6230 	 -2.2563 	 -3.6640 	 0.0000 	 0.0722 	 0.0271 
7.0000 	 0.7412 	 6.2467 	 4.7550 	 -2.8948 	 0.0000 	 0.0013 	 595.1646 	 7.0000 	 0.4449 	 1.2188 	 -7.9071 	 -1.3566 	 0.0000 	 1.0305 	 0.0508 
15.0000 	 1.2780 	 5.7730 	 4.6962 	 -2.3827 	 0.0000 	 0.4216 	 584.8548 	 15.0000 	 2.2419 	 3.1415 	 7.6438 	 -4.7528 	 0.0000 	 0.6652 	 0.0089 
1.0000 	 0.0729 	 0.7422 	 7.4758 	 -2.2524 	 0.0000 	 0.0131 	 596.7829 	 1.0000 	 1.5745 	 2.2106 	 -5.7226 	 2.3477 	 0.0000 	 1.3003 	 0.5179 
6.0000 	 0.6658 	 5.0006 	 5.0063 	 -2.4238 	 0.0000 	 0.1087 	 595.7087 	 6.0000 	 1.5033 	 0.2000 	 -2.2457 	 4.1223 	 0.0000 	 0.5043 	 0.0922 
4.0000 	 0.3683 	 12.5265 	 3.8779 	 -5.1723 	 0.0000 	 0.8175 	 604.1859 	 4.0000 	 1.0087 	 3.9699 	 -4.7744 	 4.0008 	 0.0000 	 2.9697 	 0.0637 
8.0000 	 1.0212 	 2.2564 	 6.3818 	 -1.5872 	 0.0000 	 0.0002 	 590.5348 	 8.0000 	 1.5908 	 7.0430 	 -3.9250 	 -1.0991 	 0.0000 	 1.6442 	 0.0506 
2.0000 	 0.1478 	 3.5150 	 5.5834 	 -3.3275 	 0.0000 	 0.6843 	 605.2888 	 2.0000 	 0.8376 	 4.3712 	 -4.0622 	 -3.7445 	 0.0000 	 2.7579 	 0.1509 
7.0000 	 0.7847 	 3.5964 	 5.5096 	 -2.4652 	 0.0000 	 0.4741 	 589.3109 	 7.0000 	 1.5076 	 1.9984 	 6.0334 	 1.2575 	 0.0000 	 1.8258 	 0.0456 
2.0000 	 0.2648 	 1.2551 	 7.0396 	 -2.0136 	 0.0000 	 0.0436 	 601.2099 	 2.0000 	 2.4041 	 9.0636 	 -7.7607 	 -4.9553 	 0.0000 	 2.7197 	 0.1830 
11.0000 	 0.9828 	 10.8404 	 3.3975 	 -3.1066 	 0.0000 	 0.0083 	 592.3565 	 11.0000 	 0.2832 	 0.2056 	 -1.3959 	 3.4374 	 0.0000 	 0.7802 	 0.0562 
8.0000 	 0.8197 	 5.7179 	 4.8638 	 -2.0917 	 0.0000 	 0.0011 	 592.1059 	 8.0000 	 2.1458 	 9.7463 	 3.2554 	 -0.9849 	 0.0000 	 0.7922 	 0.0491 
1.0000 	 0.1826 	 2.7539 	 9.5703 	 -0.4102 	 0.0000 	 0.0001 	 627.6503 	 1.0000 	 1.6227 	 0.1836 	 -6.5222 	 3.0439 	 0.0000 	 2.7352 	 0.3192 
3.0000 	 0.3534 	 2.0308 	 6.2240 	 -2.5465 	 0.0000 	 0.4433 	 596.5709 	 3.0000 	 0.0943 	 1.4154 	 7.2695 	 0.5418 	 0.0000 	 1.3492 	 0.0967 
17.0000 	 1.3531 	 7.5564 	 4.1487 	 -2.1661 	 0.0000 	 0.0000 	 586.8136 	 17.0000 	 2.4097 	 3.5541 	 0.4828 	 -2.9308 	 0.0000 	 1.7289 	 0.0097 
11.0000 	 0.9228 	 19.9223 	 0.8501 	 -3.3369 	 0.0000 	 0.1519 	 595.9213 	 11.0000 	 0.9353 	 5.5602 	 0.0580 	 -1.2544 	 0.0000 	 2.9132 	 0.0220 
8.0000 	 0.8438 	 4.8270 	 4.6954 	 -1.5502 	 0.0000 	 0.0002 	 591.1420 	 8.0000 	 1.8125 	 1.7947 	 1.7418 	 -1.9369 	 0.0000 	 1.7346 	 0.0422 
15.0000 	 1.3696 	 4.2666 	 5.3775 	 -1.8081 	 0.0000 	 0.0016 	 585.7627 	 15.0000 	 0.8501 	 0.4602 	 -2.1571 	 -4.5873 	 0.0000 	 2.5903 	 0.0113 
1.0000 	 0.0740 	 0.7239 	 7.3168 	 -1.9873 	 0.0000 	 0.0000 	 604.4604 	 1.0000 	 1.1247 	 0.0368 	 0.9862 	 4.6118 	 0.0000 	 0.2598 	 0.2955 
13.0000 	 1.2037 	 4.6157 	 5.2338 	 -2.6114 	 0.0000 	 0.4647 	 584.8543 	 13.0000 	 0.8873 	 9.9072 	 4.4808 	 3.1343 	 0.0000 	 0.9327 	 0.0129 
8.0000 	 0.8275 	 5.1303 	 5.0348 	 -2.8406 	 0.0000 	 0.5462 	 588.8857 	 8.0000 	 0.7459 	 6.0099 	 -2.1330 	 4.0729 	 0.0000 	 1.3443 	 0.0355 
8.0000 	 0.9339 	 3.5272 	 5.9138 	 -2.1034 	 0.0000 	 0.0018 	 591.0017 	 8.0000 	 0.7711 	 2.4638 	 4.2371 	 -3.2281 	 0.0000 	 0.3120 	 0.0488 
1.0000 	 0.0592 	 1.6602 	 8.6328 	 -2.7539 	 0.0000 	 0.0129 	 583.6688 	 1.0000 	 1.1937 	 5.2772 	 6.1286 	 3.4616 	 0.0000 	 2.6418 	 0.6066 
