49.0000 	 0.0010 	 0.5788 	 9.0334 	 4.7342 	 5.0970 	 0.0000 	 3.2012 	 807.1983 	 49.0000 	 0.1033 	 8.1271 	 0.1059 	 1.6125 	 2.9382 	 0.0000 	 0.5606 	 0.0000 
49.0000 	 0.0444 	 2.7751 	 2.9952 	 4.7388 	 5.0909 	 0.0000 	 3.2029 	 807.1983 	 49.0000 	 0.5345 	 9.2296 	 6.3426 	 0.3867 	 1.4284 	 0.0000 	 1.5977 	 0.0000 
50.0000 	 0.0075 	 3.7978 	 6.8812 	 5.4323 	 4.3980 	 0.0000 	 3.2014 	 807.1983 	 50.0000 	 1.7724 	 9.5281 	 6.0842 	 1.3595 	 -2.0003 	 0.0000 	 1.9448 	 0.0000 
50.0000 	 0.0016 	 5.8511 	 6.3525 	 3.8658 	 5.9636 	 0.0000 	 3.1991 	 807.1982 	 50.0000 	 2.4623 	 8.0248 	 6.2718 	 1.9634 	 0.4972 	 0.0000 	 1.9830 	 0.0000 
49.0000 	 1.7769 	 1.0047 	 7.9618 	 4.9078 	 5.5180 	 0.0000 	 1.9453 	 639.4234 	 49.0000 	 2.9750 	 0.7407 	 3.6413 	 1.1012 	 1.4762 	 0.0000 	 1.9949 	 0.0012 
49.0000 	 0.0017 	 2.6495 	 3.7979 	 3.1872 	 6.6378 	 0.0000 	 3.2018 	 807.1986 	 49.0000 	 0.2781 	 2.0908 	 3.7647 	 2.4162 	 1.6650 	 0.0000 	 2.5673 	 0.0000 
50.0000 	 1.7842 	 1.9177 	 0.6789 	 10.0000 	 3.4833 	 0.0000 	 2.3183 	 641.7426 	 50.0000 	 2.2207 	 9.8630 	 1.1881 	 0.9913 	 -1.9160 	 0.0000 	 1.3769 	 0.0023 
50.0000 	 1.7876 	 1.0536 	 3.9227 	 5.2720 	 5.2261 	 0.0000 	 1.9040 	 639.3189 	 50.0000 	 2.3812 	 6.8696 	 5.1780 	 2.1756 	 0.2320 	 0.0000 	 1.5179 	 0.0012 
49.0000 	 1.7795 	 1.0353 	 2.3762 	 5.8671 	 4.7566 	 0.0000 	 1.8385 	 639.3109 	 49.0000 	 0.0455 	 3.2646 	 5.8118 	 2.5360 	 1.1816 	 0.0000 	 2.4576 	 0.0102 
48.0000 	 0.0012 	 1.7871 	 4.7900 	 2.6206 	 7.3037 	 0.0000 	 3.3463 	 807.3678 	 48.0000 	 2.3544 	 8.2314 	 9.2384 	 0.8560 	 0.6040 	 0.0000 	 1.6219 	 0.0000 
49.0000 	 1.7599 	 4.0714 	 0.8699 	 9.5160 	 5.7048 	 0.0000 	 2.6188 	 642.6398 	 49.0000 	 0.2040 	 8.0871 	 0.3917 	 0.8314 	 2.4880 	 0.0000 	 2.1050 	 0.0025 
50.0000 	 1.7879 	 1.0121 	 9.9083 	 4.8348 	 5.5667 	 0.0000 	 1.9351 	 639.4396 	 50.0000 	 1.2856 	 4.2063 	 5.6000 	 2.0545 	 -2.1398 	 0.0000 	 2.4239 	 0.0014 
50.0000 	 1.7738 	 2.1197 	 0.7558 	 8.9380 	 4.2931 	 0.0000 	 2.4047 	 641.7713 	 50.0000 	 0.8696 	 3.8211 	 1.5889 	 2.2706 	 2.2109 	 0.0000 	 2.3274 	 0.0024 
49.0000 	 0.0010 	 4.9736 	 9.3842 	 4.0239 	 5.8047 	 0.0000 	 3.1921 	 807.1987 	 49.0000 	 0.7877 	 8.5289 	 8.9547 	 1.2738 	 -0.0767 	 0.0000 	 1.0026 	 0.0000 
50.0000 	 1.7862 	 1.0108 	 9.4720 	 4.8659 	 5.5258 	 0.0000 	 1.9346 	 639.4338 	 50.0000 	 1.4203 	 9.7118 	 3.2673 	 0.7218 	 0.9674 	 0.0000 	 1.0819 	 0.0011 
47.0000 	 2.9711 	 0.1951 	 4.5568 	 2.4680 	 7.1616 	 0.0000 	 0.0000 	 870.9393 	 47.0000 	 0.6571 	 4.3336 	 1.3249 	 2.1385 	 -1.2259 	 0.0000 	 0.5967 	 0.0289 
50.0000 	 1.7912 	 1.0011 	 7.5633 	 4.8855 	 5.5006 	 0.0000 	 1.9291 	 639.4157 	 50.0000 	 1.4203 	 9.7118 	 3.2673 	 0.7218 	 0.9674 	 0.0000 	 1.0819 	 0.0010 
49.0000 	 1.7807 	 1.0310 	 2.7837 	 5.6717 	 4.9087 	 0.0000 	 1.8568 	 639.2995 	 49.0000 	 0.1033 	 8.1271 	 0.1059 	 1.6125 	 2.9382 	 0.0000 	 0.5606 	 0.0010 
50.0000 	 1.7934 	 1.0699 	 2.3334 	 5.8948 	 4.7884 	 0.0000 	 1.8462 	 639.3425 	 50.0000 	 0.5131 	 9.2607 	 3.3659 	 1.2406 	 2.6585 	 0.0000 	 2.0744 	 0.0012 
46.0000 	 1.7057 	 1.0188 	 8.9664 	 4.8493 	 5.5622 	 0.0000 	 1.9581 	 639.4315 	 46.0000 	 0.1905 	 1.5438 	 1.3579 	 0.3104 	 1.9827 	 0.0000 	 0.2072 	 0.0015 
48.0000 	 1.7482 	 3.3210 	 0.7868 	 9.9883 	 4.8688 	 0.0000 	 2.4751 	 642.2391 	 48.0000 	 0.3391 	 8.1413 	 6.8957 	 2.4788 	 -2.0929 	 0.0000 	 1.1691 	 0.0024 
48.0000 	 0.0051 	 1.7444 	 8.2031 	 1.4330 	 8.3965 	 0.0000 	 3.1800 	 807.2046 	 48.0000 	 2.3070 	 0.1446 	 3.8252 	 1.3260 	 -0.1621 	 0.0000 	 2.6664 	 0.0226 
47.0000 	 1.7361 	 1.0322 	 3.1052 	 5.5358 	 4.9991 	 0.0000 	 1.8513 	 639.2944 	 47.0000 	 1.4355 	 9.9636 	 6.4698 	 1.6167 	 -2.1277 	 0.0000 	 2.8997 	 0.0013 
49.0000 	 1.7818 	 1.0231 	 2.9715 	 5.5697 	 4.9763 	 0.0000 	 1.8560 	 639.2962 	 49.0000 	 0.0037 	 1.5281 	 3.9393 	 0.0241 	 0.7778 	 0.0000 	 2.7009 	 0.0011 
48.0000 	 1.7551 	 0.9971 	 6.0337 	 5.0467 	 5.3610 	 0.0000 	 1.9062 	 639.3723 	 48.0000 	 2.2336 	 6.8430 	 5.8307 	 1.6855 	 -0.8068 	 0.0000 	 0.0772 	 0.0010 
46.0000 	 1.7109 	 1.0276 	 2.9690 	 5.5720 	 4.9484 	 0.0000 	 1.8565 	 639.2938 	 46.0000 	 0.4021 	 1.0253 	 4.6497 	 1.9846 	 1.4495 	 0.0000 	 0.6329 	 0.0012 
45.0000 	 1.6849 	 0.0000 	 3.1072 	 0.0068 	 9.3903 	 0.0000 	 3.2526 	 652.0414 	 45.0000 	 1.7327 	 5.7508 	 0.5900 	 0.9676 	 0.5150 	 0.0000 	 2.4394 	 0.0008 
46.0000 	 1.7074 	 1.0486 	 3.7992 	 5.3263 	 5.1934 	 0.0000 	 1.9061 	 639.3132 	 46.0000 	 2.3560 	 9.1871 	 8.2925 	 0.7511 	 1.4325 	 0.0000 	 2.9706 	 0.0011 
48.0000 	 1.7526 	 1.0338 	 2.6977 	 5.6485 	 4.9226 	 0.0000 	 1.8932 	 639.3162 	 48.0000 	 1.1410 	 4.6390 	 2.4256 	 0.0637 	 1.5811 	 0.0000 	 0.8771 	 0.0034 
48.0000 	 1.7441 	 1.0147 	 7.6783 	 4.9258 	 5.4751 	 0.0000 	 1.9264 	 639.4043 	 48.0000 	 0.4111 	 1.9035 	 8.6954 	 1.0341 	 -0.7842 	 0.0000 	 2.9016 	 0.0011 
46.0000 	 0.0080 	 8.9434 	 9.2115 	 4.1323 	 5.6973 	 0.0000 	 3.1993 	 807.1982 	 46.0000 	 2.1964 	 2.0792 	 0.7122 	 0.3424 	 -1.9693 	 0.0000 	 2.6010 	 0.0000 
48.0000 	 1.7464 	 1.0014 	 7.4983 	 4.9567 	 5.4469 	 0.0000 	 1.9263 	 639.4041 	 48.0000 	 1.0444 	 8.8312 	 3.5192 	 2.7844 	 -2.4245 	 0.0000 	 0.3861 	 0.0012 
49.0000 	 1.7771 	 1.0031 	 5.3572 	 5.0952 	 5.3304 	 0.0000 	 1.9157 	 639.3575 	 49.0000 	 1.0306 	 3.6620 	 5.8709 	 2.3142 	 0.4365 	 0.0000 	 1.2865 	 0.0010 
47.0000 	 1.7278 	 1.0524 	 4.2980 	 5.2084 	 5.2927 	 0.0000 	 1.9101 	 639.3307 	 47.0000 	 0.6666 	 3.2515 	 9.5480 	 2.7665 	 -0.5828 	 0.0000 	 1.5293 	 0.0012 
47.0000 	 1.7339 	 1.0220 	 4.2948 	 5.2446 	 5.2248 	 0.0000 	 1.8856 	 639.3187 	 47.0000 	 1.7711 	 2.1937 	 1.7498 	 1.9685 	 1.9104 	 0.0000 	 1.4398 	 0.0012 
43.0000 	 1.6572 	 7.1490 	 4.6463 	 9.9999 	 8.9603 	 0.0000 	 3.1930 	 649.1157 	 43.0000 	 1.8779 	 4.2015 	 4.3291 	 1.1408 	 -2.8856 	 0.0000 	 1.0213 	 0.0019 
48.0000 	 1.7582 	 1.0074 	 4.2600 	 5.2223 	 5.2322 	 0.0000 	 1.9015 	 639.3288 	 48.0000 	 2.3152 	 8.4213 	 4.3299 	 0.6753 	 -1.0584 	 0.0000 	 2.2575 	 0.0011 
47.0000 	 1.7385 	 1.0244 	 2.5848 	 5.8321 	 4.7421 	 0.0000 	 1.8127 	 639.3146 	 47.0000 	 1.9965 	 5.2062 	 0.3293 	 2.4232 	 -0.8054 	 0.0000 	 0.0105 	 0.0010 
46.0000 	 1.7150 	 1.0008 	 4.1134 	 5.2594 	 5.1959 	 0.0000 	 1.8981 	 639.3274 	 46.0000 	 0.0685 	 0.7848 	 6.7749 	 2.1504 	 -0.3365 	 0.0000 	 2.7676 	 0.0010 
45.0000 	 1.6913 	 0.9910 	 5.6462 	 5.0293 	 5.3591 	 0.0000 	 1.9158 	 639.3805 	 45.0000 	 2.0340 	 8.7546 	 0.3567 	 1.4060 	 0.0234 	 0.0000 	 1.5029 	 0.0010 
47.0000 	 1.7405 	 1.0264 	 2.7659 	 5.6989 	 4.8597 	 0.0000 	 1.8264 	 639.2981 	 47.0000 	 0.5697 	 3.4769 	 9.4966 	 2.4407 	 2.2370 	 0.0000 	 2.0311 	 0.0011 
45.0000 	 0.0073 	 6.7309 	 5.4487 	 3.3718 	 6.4581 	 0.0000 	 3.2000 	 807.1982 	 45.0000 	 0.9874 	 7.6223 	 3.3995 	 2.6144 	 -1.8960 	 0.0000 	 0.2334 	 0.0000 
47.0000 	 1.7366 	 1.0217 	 2.4544 	 5.8557 	 4.7292 	 0.0000 	 1.8170 	 639.3121 	 47.0000 	 0.9447 	 4.6911 	 2.4997 	 0.6975 	 -2.6540 	 0.0000 	 2.6415 	 0.0012 
47.0000 	 1.7339 	 1.0382 	 3.6509 	 5.3846 	 5.1403 	 0.0000 	 1.8792 	 639.3048 	 47.0000 	 1.8655 	 5.6003 	 9.3864 	 1.9883 	 -0.7635 	 0.0000 	 1.0533 	 0.0009 
45.0000 	 1.6926 	 2.5856 	 3.9087 	 3.3193 	 8.3501 	 0.0000 	 3.1399 	 645.4508 	 45.0000 	 1.9237 	 5.4731 	 8.3084 	 0.6088 	 1.0685 	 0.0000 	 2.3822 	 0.0016 
46.0000 	 1.7080 	 1.0436 	 2.8979 	 5.5728 	 4.9680 	 0.0000 	 1.8680 	 639.3011 	 46.0000 	 2.9380 	 9.3084 	 6.7787 	 1.0472 	 -1.6830 	 0.0000 	 0.4054 	 0.0013 
42.0000 	 1.6214 	 1.0054 	 6.0506 	 5.0335 	 5.3756 	 0.0000 	 1.9091 	 639.3757 	 42.0000 	 2.7492 	 2.7609 	 4.6301 	 2.6867 	 -0.8823 	 0.0000 	 2.4440 	 0.0010 
45.0000 	 1.6931 	 1.0255 	 4.3091 	 5.2396 	 5.2350 	 0.0000 	 1.8802 	 639.3251 	 45.0000 	 1.3265 	 1.4829 	 2.7320 	 1.2850 	 0.9348 	 0.0000 	 1.7478 	 0.0013 
46.0000 	 1.7087 	 1.0366 	 4.5157 	 5.1806 	 5.2972 	 0.0000 	 1.9116 	 639.3306 	 46.0000 	 2.7430 	 6.8043 	 3.3507 	 1.1012 	 -1.2249 	 0.0000 	 0.6167 	 0.0010 
43.0000 	 0.0070 	 6.0693 	 5.2460 	 4.8276 	 5.0025 	 0.0000 	 3.1981 	 807.1982 	 43.0000 	 0.0946 	 1.9593 	 0.9758 	 2.1332 	 -1.6981 	 0.0000 	 0.0812 	 0.0000 
47.0000 	 1.7495 	 1.1476 	 0.8137 	 9.1410 	 2.8860 	 0.0000 	 1.9226 	 641.1832 	 47.0000 	 1.5673 	 3.7046 	 8.7391 	 0.6617 	 -2.6937 	 0.0000 	 0.1557 	 0.0052 
42.0000 	 0.0037 	 6.3336 	 6.1127 	 2.9869 	 6.8408 	 0.0000 	 3.2014 	 807.1980 	 42.0000 	 1.6185 	 3.7274 	 3.5566 	 2.0008 	 2.9638 	 0.0000 	 0.7132 	 0.0010 
43.0000 	 1.6584 	 1.0235 	 2.6729 	 5.7257 	 4.8780 	 0.0000 	 1.8479 	 639.3028 	 43.0000 	 1.2646 	 2.1976 	 9.8343 	 1.4033 	 0.6606 	 0.0000 	 0.7751 	 0.0013 
43.0000 	 1.6491 	 1.0409 	 2.1550 	 6.0471 	 4.6092 	 0.0000 	 1.8093 	 639.3397 	 43.0000 	 2.1708 	 9.0310 	 1.9691 	 2.4716 	 2.7492 	 0.0000 	 0.5374 	 0.0012 
40.0000 	 1.5753 	 1.0175 	 5.8862 	 5.0387 	 5.3948 	 0.0000 	 1.9158 	 639.3745 	 40.0000 	 1.0566 	 1.7332 	 2.6145 	 0.0635 	 -1.7320 	 0.0000 	 1.1028 	 0.0010 
45.0000 	 1.6909 	 1.0070 	 4.0925 	 5.3073 	 5.1568 	 0.0000 	 1.8855 	 639.3197 	 45.0000 	 2.1584 	 8.7922 	 7.1155 	 1.5712 	 1.9654 	 0.0000 	 1.5390 	 0.0009 
44.0000 	 1.6643 	 1.0116 	 5.9699 	 5.0164 	 5.3937 	 0.0000 	 1.8944 	 639.3776 	 44.0000 	 2.7472 	 5.8195 	 5.1105 	 2.8878 	 1.8839 	 0.0000 	 1.2608 	 0.0011 
45.0000 	 1.6954 	 1.0180 	 2.6914 	 5.7315 	 4.8283 	 0.0000 	 1.8319 	 639.2969 	 45.0000 	 0.2579 	 3.2996 	 3.6136 	 2.9772 	 -0.1259 	 0.0000 	 1.7207 	 0.0011 
44.0000 	 0.0011 	 5.6708 	 4.2331 	 5.9844 	 3.8456 	 0.0000 	 3.1992 	 807.1982 	 44.0000 	 1.5181 	 8.5298 	 1.7292 	 2.8894 	 2.1809 	 0.0000 	 2.2056 	 0.0000 
40.0000 	 1.5832 	 1.0092 	 4.1212 	 5.2646 	 5.2115 	 0.0000 	 1.9044 	 639.3271 	 40.0000 	 2.9079 	 0.3251 	 7.7959 	 1.9378 	 2.7395 	 0.0000 	 0.3195 	 0.0012 
46.0000 	 1.7185 	 1.0232 	 2.4589 	 5.8742 	 4.6945 	 0.0000 	 1.7691 	 639.3277 	 46.0000 	 0.8681 	 6.6566 	 1.2606 	 1.7146 	 0.3440 	 0.0000 	 0.8141 	 0.0009 
43.0000 	 1.6398 	 1.0632 	 4.4307 	 5.2067 	 5.3169 	 0.0000 	 1.9222 	 639.3478 	 43.0000 	 1.8452 	 0.8897 	 0.9341 	 0.4316 	 -1.9902 	 0.0000 	 2.7663 	 0.0010 
43.0000 	 0.0019 	 4.1162 	 6.5210 	 5.8052 	 4.0100 	 0.0000 	 3.1974 	 807.2000 	 43.0000 	 0.3231 	 6.2233 	 0.2701 	 2.3644 	 -1.1360 	 0.0000 	 0.8481 	 0.0000 
45.0000 	 1.7038 	 1.0716 	 1.1240 	 7.8212 	 3.5480 	 0.0000 	 1.8093 	 640.3047 	 45.0000 	 0.2296 	 6.5123 	 3.5167 	 1.8396 	 2.2258 	 0.0000 	 0.1611 	 0.0022 
44.0000 	 1.6607 	 1.0084 	 8.1325 	 4.9223 	 5.4850 	 0.0000 	 1.9289 	 639.4151 	 44.0000 	 2.8869 	 4.3099 	 1.8062 	 1.7407 	 0.9733 	 0.0000 	 2.6189 	 0.0012 
40.0000 	 1.5808 	 1.0439 	 3.3538 	 5.4460 	 5.1019 	 0.0000 	 1.8981 	 639.3089 	 40.0000 	 0.4342 	 4.3848 	 2.2753 	 1.6560 	 1.9173 	 0.0000 	 0.2378 	 0.0012 
40.0000 	 1.5792 	 1.0362 	 2.6319 	 5.7820 	 4.7918 	 0.0000 	 1.8163 	 639.3110 	 40.0000 	 1.3052 	 0.7986 	 8.6354 	 2.8628 	 1.2380 	 0.0000 	 2.0985 	 0.0012 
44.0000 	 1.6694 	 0.9973 	 6.8598 	 4.9425 	 5.4680 	 0.0000 	 1.9459 	 639.4013 	 44.0000 	 1.6000 	 1.2901 	 7.3168 	 2.7473 	 0.6690 	 0.0000 	 0.6205 	 0.0011 
36.0000 	 1.4565 	 2.2777 	 3.8413 	 4.7483 	 7.2945 	 0.0000 	 2.7741 	 642.7969 	 36.0000 	 0.4185 	 4.0537 	 6.9059 	 0.7205 	 -0.2969 	 0.0000 	 2.8556 	 0.0045 
43.0000 	 1.6455 	 1.0253 	 4.5885 	 5.2002 	 5.2673 	 0.0000 	 1.8749 	 639.3394 	 43.0000 	 1.5378 	 2.6501 	 5.0534 	 0.9655 	 -2.9286 	 0.0000 	 2.1477 	 0.0012 
42.0000 	 1.6223 	 1.0232 	 4.8465 	 5.1740 	 5.2861 	 0.0000 	 1.9000 	 639.3430 	 42.0000 	 2.0931 	 2.4523 	 9.2966 	 2.9132 	 1.6035 	 0.0000 	 2.3274 	 0.0013 
42.0000 	 1.6195 	 0.9936 	 9.9857 	 4.8336 	 5.5538 	 0.0000 	 1.9395 	 639.4438 	 42.0000 	 1.7594 	 2.5884 	 8.4981 	 1.2817 	 -0.6686 	 0.0000 	 1.8982 	 0.0014 
44.0000 	 1.6672 	 1.0235 	 3.6007 	 5.3795 	 5.1043 	 0.0000 	 1.8764 	 639.3054 	 44.0000 	 1.9169 	 0.7705 	 8.8421 	 1.0505 	 2.3807 	 0.0000 	 2.7736 	 0.0013 
42.0000 	 1.6217 	 0.9989 	 9.8038 	 4.8424 	 5.5504 	 0.0000 	 1.9330 	 639.4439 	 42.0000 	 1.8170 	 2.7637 	 7.0754 	 0.3595 	 -0.7946 	 0.0000 	 2.8592 	 0.0010 
40.0000 	 1.5808 	 1.0311 	 3.2983 	 5.5096 	 5.0257 	 0.0000 	 1.8685 	 639.3076 	 40.0000 	 0.2516 	 3.9703 	 0.4539 	 2.8811 	 1.3757 	 0.0000 	 1.9136 	 0.0015 
41.0000 	 0.0010 	 0.0038 	 0.0067 	 0.0000 	 9.8277 	 0.0000 	 3.1979 	 807.1982 	 41.0000 	 1.9505 	 5.3732 	 9.5992 	 0.6580 	 -0.4217 	 0.0000 	 2.4002 	 0.0000 
36.0000 	 1.4889 	 1.0302 	 3.7558 	 5.2816 	 5.2252 	 0.0000 	 1.9073 	 639.3411 	 36.0000 	 1.7159 	 3.8215 	 9.4951 	 0.2605 	 -1.7424 	 0.0000 	 2.2131 	 0.0013 
44.0000 	 1.6664 	 1.0317 	 4.6247 	 5.1284 	 5.3358 	 0.0000 	 1.9159 	 639.3446 	 44.0000 	 1.3974 	 1.2547 	 5.2039 	 0.3296 	 -2.8995 	 0.0000 	 1.0776 	 0.0011 
41.0000 	 0.0010 	 5.3289 	 7.8857 	 2.7047 	 7.1243 	 0.0000 	 3.1990 	 807.1982 	 41.0000 	 1.6627 	 2.5597 	 4.7371 	 0.9565 	 -2.2415 	 0.0000 	 0.0279 	 0.0000 
42.0000 	 1.6277 	 1.0204 	 3.7675 	 5.3736 	 5.1373 	 0.0000 	 1.8845 	 639.3133 	 42.0000 	 2.6037 	 5.0927 	 2.1773 	 1.7440 	 2.1731 	 0.0000 	 1.1267 	 0.0010 
38.0000 	 1.5314 	 1.0120 	 6.0784 	 5.0254 	 5.4070 	 0.0000 	 1.9193 	 639.3900 	 38.0000 	 0.5122 	 7.5975 	 3.8252 	 1.7981 	 1.2634 	 0.0000 	 1.0359 	 0.0012 
40.0000 	 1.5902 	 1.0061 	 2.1442 	 6.0602 	 4.5804 	 0.0000 	 1.8058 	 639.3421 	 40.0000 	 0.4470 	 7.8407 	 2.9032 	 2.1563 	 0.6056 	 0.0000 	 2.2717 	 0.0012 
39.0000 	 1.5535 	 1.0269 	 4.2527 	 5.2251 	 5.2480 	 0.0000 	 1.9092 	 639.3369 	 39.0000 	 0.8318 	 7.8708 	 3.4383 	 2.4380 	 -0.2126 	 0.0000 	 2.2381 	 0.0012 
41.0000 	 1.6096 	 1.0701 	 1.4789 	 6.7184 	 4.2386 	 0.0000 	 1.8032 	 639.6585 	 41.0000 	 0.1000 	 9.8936 	 4.9212 	 2.9449 	 1.4066 	 0.0000 	 1.5149 	 0.0018 
36.0000 	 1.4915 	 1.0130 	 2.9351 	 5.6097 	 4.9221 	 0.0000 	 1.8500 	 639.3115 	 36.0000 	 1.0637 	 6.6728 	 4.6595 	 0.9238 	 -0.2120 	 0.0000 	 1.8142 	 0.0014 
38.0000 	 1.5210 	 3.3462 	 0.7988 	 9.6456 	 5.0366 	 0.0000 	 2.5026 	 641.9518 	 38.0000 	 2.7318 	 9.1799 	 2.8413 	 0.1414 	 -2.2439 	 0.0000 	 0.2803 	 0.0028 
36.0000 	 1.4845 	 1.0203 	 4.6723 	 5.1374 	 5.3242 	 0.0000 	 1.9102 	 639.3675 	 36.0000 	 0.3239 	 2.7148 	 0.2944 	 1.7791 	 2.7148 	 0.0000 	 2.2890 	 0.0014 
38.0000 	 0.0381 	 9.9446 	 9.9932 	 2.4376 	 7.3925 	 0.0000 	 3.1994 	 807.1982 	 38.0000 	 1.1762 	 4.5305 	 8.9002 	 2.4826 	 0.2980 	 0.0000 	 0.5117 	 0.0000 
38.0000 	 0.0020 	 3.6261 	 3.7720 	 2.4412 	 7.3887 	 0.0000 	 3.2003 	 807.1981 	 38.0000 	 0.5611 	 4.4940 	 4.4213 	 1.9658 	 -0.3007 	 0.0000 	 1.4302 	 0.0000 
40.0000 	 1.5865 	 0.9991 	 5.2917 	 5.0867 	 5.3502 	 0.0000 	 1.9069 	 639.3702 	 40.0000 	 2.7135 	 3.8962 	 7.3227 	 1.9302 	 1.3727 	 0.0000 	 0.2064 	 0.0011 
33.0000 	 0.0365 	 5.3335 	 7.5928 	 2.8375 	 6.9926 	 0.0000 	 3.1997 	 807.1991 	 33.0000 	 0.6752 	 6.7453 	 7.7902 	 1.6048 	 -0.1214 	 0.0000 	 1.9976 	 0.0000 
41.0000 	 0.0011 	 8.2713 	 5.2944 	 4.9937 	 4.8377 	 0.0000 	 3.1991 	 807.1982 	 41.0000 	 1.4887 	 0.4089 	 4.8915 	 0.8849 	 1.7001 	 0.0000 	 1.3244 	 0.0000 
33.0000 	 1.4118 	 1.0609 	 2.5072 	 5.7900 	 4.8524 	 0.0000 	 1.8369 	 639.3447 	 33.0000 	 1.8227 	 1.6003 	 3.0510 	 1.3429 	 1.0908 	 0.0000 	 2.7980 	 0.0015 
36.0000 	 1.4821 	 1.0228 	 4.2665 	 5.2511 	 5.2134 	 0.0000 	 1.8784 	 639.3483 	 36.0000 	 2.3799 	 9.0741 	 5.5225 	 2.8921 	 -0.1893 	 0.0000 	 2.5415 	 0.0015 
41.0000 	 1.5950 	 0.9945 	 9.9996 	 4.8337 	 5.5431 	 0.0000 	 1.9368 	 639.4478 	 41.0000 	 1.5123 	 1.0401 	 3.2303 	 0.7893 	 0.9763 	 0.0000 	 0.3652 	 0.0013 
39.0000 	 0.0010 	 7.4809 	 7.0984 	 0.0568 	 9.7737 	 0.0000 	 3.1991 	 807.1982 	 39.0000 	 1.7689 	 8.0837 	 6.5463 	 0.4049 	 1.6621 	 0.0000 	 1.4849 	 0.0000 
39.0000 	 0.0019 	 7.7740 	 5.9250 	 2.2943 	 7.5335 	 0.0000 	 3.2208 	 807.1988 	 39.0000 	 2.7522 	 9.0719 	 4.1333 	 1.2359 	 -1.7688 	 0.0000 	 0.4823 	 0.0142 
37.0000 	 1.5063 	 0.9828 	 9.9993 	 4.8574 	 5.5178 	 0.0000 	 1.9330 	 639.4627 	 37.0000 	 1.2961 	 0.5710 	 2.3400 	 1.9094 	 0.1198 	 0.0000 	 1.8217 	 0.0018 
39.0000 	 1.5602 	 0.0000 	 7.7332 	 9.5617 	 -0.1727 	 0.0000 	 3.2591 	 652.0637 	 39.0000 	 2.7971 	 6.8034 	 3.6263 	 2.2806 	 0.2433 	 0.0000 	 2.5363 	 0.0007 
38.0000 	 1.5328 	 1.0132 	 4.9018 	 5.1388 	 5.3082 	 0.0000 	 1.9048 	 639.3539 	 38.0000 	 0.7750 	 0.2289 	 8.8783 	 2.3448 	 1.0897 	 0.0000 	 2.8643 	 0.0023 
38.0000 	 0.0024 	 8.3179 	 5.9342 	 4.0206 	 5.8105 	 0.0000 	 3.1998 	 807.1982 	 38.0000 	 1.4329 	 6.4894 	 1.5876 	 1.5865 	 -0.9587 	 0.0000 	 1.3871 	 0.0000 
35.0000 	 1.4623 	 1.0332 	 3.1632 	 5.4890 	 5.0595 	 0.0000 	 1.8819 	 639.3222 	 35.0000 	 2.9340 	 0.7759 	 9.6964 	 2.0671 	 -2.7255 	 0.0000 	 0.3465 	 0.0012 
40.0000 	 1.5793 	 1.0227 	 5.4343 	 5.0596 	 5.3901 	 0.0000 	 1.9284 	 639.3689 	 40.0000 	 0.2851 	 2.1179 	 7.0699 	 2.9258 	 -0.8418 	 0.0000 	 2.1049 	 0.0015 
36.0000 	 0.0097 	 8.2555 	 4.7945 	 4.9318 	 4.9004 	 0.0000 	 3.2226 	 807.2034 	 36.0000 	 1.4842 	 0.6118 	 8.8520 	 2.0760 	 0.3313 	 0.0000 	 0.1929 	 0.0000 
36.0000 	 1.4866 	 0.9824 	 9.4963 	 4.8544 	 5.5385 	 0.0000 	 1.9371 	 639.4620 	 36.0000 	 0.7898 	 7.2663 	 7.1779 	 1.5386 	 0.2710 	 0.0000 	 2.8994 	 0.0013 
36.0000 	 1.4947 	 0.9521 	 9.6766 	 4.8444 	 5.5332 	 0.0000 	 1.9403 	 639.4931 	 36.0000 	 0.7444 	 5.3675 	 7.8635 	 2.0028 	 -2.7733 	 0.0000 	 2.7470 	 0.0013 
37.0000 	 1.4869 	 3.9513 	 0.7650 	 9.4161 	 5.4163 	 0.0000 	 2.6206 	 642.1558 	 37.0000 	 1.3833 	 5.4441 	 9.9308 	 0.6207 	 -2.5160 	 0.0000 	 1.3586 	 0.0021 
39.0000 	 1.5638 	 1.0216 	 3.1402 	 5.5311 	 5.0188 	 0.0000 	 1.8637 	 639.3036 	 39.0000 	 2.4502 	 9.4419 	 3.0605 	 0.0131 	 -2.5226 	 0.0000 	 2.0467 	 0.0014 
34.0000 	 1.4218 	 6.4661 	 4.9792 	 4.6088 	 9.0696 	 0.0000 	 3.2325 	 649.1734 	 34.0000 	 2.7565 	 9.5126 	 6.4655 	 1.6045 	 -1.5574 	 0.0000 	 2.7046 	 0.0660 
34.0000 	 1.4340 	 1.0026 	 6.2377 	 4.9851 	 5.4286 	 0.0000 	 1.9329 	 639.4200 	 34.0000 	 0.6684 	 4.6237 	 1.8584 	 0.7432 	 2.3687 	 0.0000 	 2.2812 	 0.0015 
35.0000 	 1.4636 	 1.0199 	 4.7863 	 5.1681 	 5.3170 	 0.0000 	 1.9090 	 639.3756 	 35.0000 	 1.7732 	 1.2453 	 5.3422 	 0.6845 	 -0.0244 	 0.0000 	 0.9384 	 0.0013 
37.0000 	 1.5041 	 1.0270 	 4.4615 	 5.2043 	 5.2607 	 0.0000 	 1.8954 	 639.3534 	 37.0000 	 0.6838 	 0.4334 	 9.2880 	 2.2996 	 -1.1204 	 0.0000 	 2.4060 	 0.0013 
31.0000 	 1.3367 	 3.0211 	 0.7522 	 9.4955 	 4.7797 	 0.0000 	 2.4305 	 641.6345 	 31.0000 	 0.9826 	 0.8908 	 3.6700 	 2.0323 	 -1.3335 	 0.0000 	 0.7908 	 0.0028 
32.0000 	 1.3881 	 1.0177 	 2.2139 	 5.9543 	 4.6470 	 0.0000 	 1.7988 	 639.3625 	 32.0000 	 2.1567 	 3.4883 	 7.8192 	 0.9763 	 0.9645 	 0.0000 	 0.7937 	 0.0017 
32.0000 	 1.3904 	 1.0189 	 4.4459 	 5.2390 	 5.2617 	 0.0000 	 1.9000 	 639.3944 	 32.0000 	 2.8015 	 6.6638 	 5.2840 	 2.0988 	 -2.3845 	 0.0000 	 2.1719 	 0.0019 
34.0000 	 1.4388 	 1.0196 	 3.1584 	 5.5185 	 4.9913 	 0.0000 	 1.8499 	 639.3279 	 34.0000 	 1.6745 	 9.0323 	 2.9380 	 2.8847 	 -1.2928 	 0.0000 	 0.0100 	 0.0011 
34.0000 	 0.0011 	 1.2443 	 0.0000 	 0.0066 	 9.8304 	 0.0000 	 3.1982 	 807.1995 	 34.0000 	 1.9495 	 9.3266 	 8.2699 	 1.5867 	 -0.1226 	 0.0000 	 1.5730 	 0.0002 
26.0000 	 1.2228 	 0.9584 	 8.6947 	 4.9006 	 5.4742 	 0.0000 	 1.9168 	 639.5851 	 26.0000 	 0.5424 	 6.2325 	 8.1500 	 0.9784 	 -1.5626 	 0.0000 	 0.8749 	 0.0019 
29.0000 	 0.0010 	 6.4301 	 3.2006 	 2.7540 	 7.1283 	 0.0000 	 3.3649 	 807.4172 	 29.0000 	 2.5167 	 2.5761 	 9.9683 	 1.3555 	 -0.0796 	 0.0000 	 1.1741 	 0.0000 
26.0000 	 1.2315 	 1.0137 	 1.8555 	 6.2717 	 4.4383 	 0.0000 	 1.7749 	 639.4589 	 26.0000 	 0.2572 	 9.9640 	 2.2845 	 2.4579 	 0.8618 	 0.0000 	 0.2210 	 0.0018 
30.0000 	 1.3394 	 1.0111 	 3.5757 	 5.3764 	 5.1401 	 0.0000 	 1.8928 	 639.3823 	 30.0000 	 0.7733 	 8.3648 	 3.3105 	 1.7791 	 0.7390 	 0.0000 	 2.6675 	 0.0019 
24.0000 	 1.1672 	 0.9969 	 4.6929 	 5.1386 	 5.3312 	 0.0000 	 1.9213 	 639.5538 	 24.0000 	 2.5796 	 5.8650 	 7.4034 	 2.7030 	 2.9405 	 0.0000 	 2.0415 	 0.0025 
29.0000 	 0.0088 	 7.8444 	 9.9945 	 3.2205 	 6.6093 	 0.0000 	 3.1992 	 807.1982 	 29.0000 	 0.1898 	 6.6980 	 8.4213 	 0.7323 	 -0.8556 	 0.0000 	 2.1650 	 0.0000 
31.0000 	 1.3554 	 1.0147 	 5.8031 	 5.0371 	 5.3998 	 0.0000 	 1.9238 	 639.4379 	 31.0000 	 0.1682 	 1.9747 	 4.8043 	 2.2387 	 1.8905 	 0.0000 	 0.8496 	 0.0016 
24.0000 	 1.1256 	 3.8672 	 3.1311 	 3.8547 	 8.5020 	 0.0000 	 3.0496 	 645.9483 	 24.0000 	 2.1589 	 6.4977 	 6.9255 	 2.1890 	 -1.3079 	 0.0000 	 1.8339 	 0.0029 
27.0000 	 1.2504 	 0.9915 	 8.9875 	 4.8432 	 5.5762 	 0.0000 	 1.9523 	 639.5659 	 27.0000 	 1.1897 	 1.7353 	 0.0624 	 0.2198 	 2.9039 	 0.0000 	 2.8114 	 0.0019 
31.0000 	 1.3654 	 1.0278 	 2.5187 	 5.7552 	 4.8324 	 0.0000 	 1.8253 	 639.3455 	 31.0000 	 0.2593 	 5.7956 	 4.7935 	 0.3246 	 -1.0857 	 0.0000 	 2.5740 	 0.0015 
23.0000 	 0.0012 	 2.6144 	 6.7393 	 3.5071 	 6.3231 	 0.0000 	 3.1997 	 807.1982 	 23.0000 	 0.1131 	 7.0458 	 0.3491 	 0.8244 	 -1.5065 	 0.0000 	 2.2349 	 0.0000 
29.0000 	 1.3030 	 1.0011 	 8.1717 	 4.9043 	 5.5187 	 0.0000 	 1.9453 	 639.5148 	 29.0000 	 1.1423 	 1.1380 	 0.3294 	 2.7338 	 -1.5565 	 0.0000 	 0.9566 	 0.0022 
23.0000 	 1.1487 	 0.9748 	 1.3005 	 7.2673 	 3.6786 	 0.0000 	 1.6499 	 639.7826 	 23.0000 	 1.1037 	 3.3268 	 0.6043 	 2.1936 	 2.9125 	 0.0000 	 1.4164 	 0.0034 
27.0000 	 1.2471 	 0.9936 	 9.9997 	 4.8167 	 5.5793 	 0.0000 	 1.9332 	 639.5776 	 27.0000 	 1.0115 	 0.2961 	 0.6017 	 1.7998 	 1.4320 	 0.0000 	 1.8477 	 0.0017 
32.0000 	 1.3904 	 1.0191 	 2.9922 	 5.5499 	 4.9850 	 0.0000 	 1.8432 	 639.3381 	 32.0000 	 0.3131 	 9.9901 	 5.7926 	 1.0536 	 -1.7218 	 0.0000 	 2.8810 	 0.0014 
26.0000 	 1.2262 	 1.0099 	 3.4346 	 5.4103 	 5.1024 	 0.0000 	 1.8712 	 639.4447 	 26.0000 	 0.7250 	 8.9702 	 5.9368 	 2.4995 	 1.5863 	 0.0000 	 1.4042 	 0.0016 
34.0000 	 1.4364 	 0.9954 	 6.3093 	 4.9905 	 5.4150 	 0.0000 	 1.9086 	 639.4224 	 34.0000 	 2.1654 	 6.0327 	 1.9500 	 2.3149 	 0.9219 	 0.0000 	 1.0490 	 0.0016 
29.0000 	 1.3077 	 0.9889 	 5.6921 	 5.0480 	 5.3781 	 0.0000 	 1.9220 	 639.4657 	 29.0000 	 0.0608 	 6.0784 	 6.1239 	 1.5788 	 1.9163 	 0.0000 	 0.2312 	 0.0018 
29.0000 	 1.3154 	 1.0229 	 2.1668 	 6.0160 	 4.6590 	 0.0000 	 1.8113 	 639.3824 	 29.0000 	 1.8640 	 0.3031 	 5.2713 	 0.5756 	 1.0515 	 0.0000 	 0.7533 	 0.0015 
20.0000 	 1.0433 	 1.0197 	 2.0793 	 6.0557 	 4.6332 	 0.0000 	 1.8022 	 639.6405 	 20.0000 	 2.9097 	 4.9069 	 5.2782 	 1.5234 	 0.8591 	 0.0000 	 0.9762 	 0.0022 
27.0000 	 1.2462 	 1.0312 	 5.2930 	 5.0673 	 5.3896 	 0.0000 	 1.9090 	 639.4970 	 27.0000 	 0.3969 	 6.3398 	 6.8586 	 1.6248 	 -0.4299 	 0.0000 	 1.3228 	 0.0016 
24.0000 	 1.1628 	 0.9819 	 7.1299 	 4.9500 	 5.4680 	 0.0000 	 1.9327 	 639.6096 	 24.0000 	 2.9635 	 1.0970 	 6.4567 	 0.6179 	 1.1931 	 0.0000 	 0.4099 	 0.0025 
20.0000 	 1.0365 	 1.0043 	 4.0241 	 5.2384 	 5.2431 	 0.0000 	 1.8898 	 639.7008 	 20.0000 	 1.6611 	 7.0687 	 4.4777 	 1.6988 	 -1.2643 	 0.0000 	 1.0531 	 0.0034 
26.0000 	 1.2309 	 1.0277 	 2.4543 	 5.7914 	 4.8539 	 0.0000 	 1.8383 	 639.4267 	 26.0000 	 2.6614 	 4.5162 	 0.9862 	 2.6468 	 2.3396 	 0.0000 	 1.7709 	 0.0015 
20.0000 	 0.0026 	 4.4653 	 4.4483 	 3.0171 	 6.8121 	 0.0000 	 3.1992 	 807.1982 	 20.0000 	 1.0633 	 6.7199 	 4.7862 	 2.6638 	 -1.2402 	 0.0000 	 0.0282 	 0.0000 
20.0000 	 1.0342 	 1.0353 	 3.2351 	 5.4495 	 5.0791 	 0.0000 	 1.8620 	 639.6941 	 20.0000 	 0.0048 	 8.2633 	 0.8045 	 1.4865 	 1.7451 	 0.0000 	 1.5309 	 0.0028 
23.0000 	 1.1334 	 1.0429 	 2.4034 	 5.7691 	 4.8749 	 0.0000 	 1.8502 	 639.5251 	 23.0000 	 0.8042 	 1.3998 	 4.2032 	 0.8902 	 2.3888 	 0.0000 	 2.2135 	 0.0020 
26.0000 	 1.2217 	 0.9842 	 9.2091 	 4.8357 	 5.5643 	 0.0000 	 1.9506 	 639.5875 	 26.0000 	 1.7381 	 9.6173 	 9.4693 	 0.0489 	 -1.5605 	 0.0000 	 0.4799 	 0.0024 
24.0000 	 1.1623 	 1.0133 	 6.5185 	 4.9517 	 5.5222 	 0.0000 	 1.9466 	 639.6162 	 24.0000 	 2.9545 	 9.2444 	 3.7735 	 1.8049 	 -2.5134 	 0.0000 	 2.0793 	 0.0025 
32.0000 	 1.3815 	 0.9882 	 10.0000 	 4.8131 	 5.5649 	 0.0000 	 1.9458 	 639.5014 	 32.0000 	 2.0784 	 0.1700 	 1.7743 	 1.2985 	 -2.0276 	 0.0000 	 1.2516 	 0.0016 
27.0000 	 1.2663 	 1.1149 	 1.0726 	 7.9510 	 3.5179 	 0.0000 	 1.6858 	 640.0961 	 27.0000 	 0.5657 	 2.2931 	 9.1581 	 2.6854 	 -0.9633 	 0.0000 	 0.2893 	 0.0021 
32.0000 	 1.3887 	 1.0049 	 4.7235 	 5.0963 	 5.3409 	 0.0000 	 1.9182 	 639.4120 	 32.0000 	 1.3523 	 9.9163 	 4.2972 	 0.5811 	 1.7215 	 0.0000 	 2.8737 	 0.0018 
18.0000 	 0.9639 	 1.0118 	 5.3857 	 5.0073 	 5.4417 	 0.0000 	 1.9289 	 639.9046 	 18.0000 	 2.0138 	 5.3333 	 1.8532 	 2.5550 	 -2.0498 	 0.0000 	 2.2381 	 0.0035 
24.0000 	 0.0016 	 6.8628 	 9.5708 	 9.9446 	 -0.1151 	 0.0000 	 3.1994 	 807.1982 	 24.0000 	 2.4464 	 6.2904 	 8.0568 	 1.1497 	 -1.6102 	 0.0000 	 0.5471 	 0.0000 
18.0000 	 0.9647 	 0.9805 	 5.7494 	 5.0795 	 5.3736 	 0.0000 	 1.9002 	 639.8984 	 18.0000 	 1.8817 	 7.5573 	 4.0655 	 0.1899 	 -0.2871 	 0.0000 	 2.0670 	 0.0039 
30.0000 	 1.3382 	 1.0208 	 2.2947 	 5.8539 	 4.7676 	 0.0000 	 1.8311 	 639.3740 	 30.0000 	 0.5312 	 5.9113 	 2.4894 	 1.4535 	 -1.0359 	 0.0000 	 0.9198 	 0.0016 
26.0000 	 1.2259 	 0.9769 	 9.2997 	 4.8262 	 5.5848 	 0.0000 	 1.9547 	 639.5969 	 26.0000 	 2.6014 	 2.3248 	 0.3525 	 2.7549 	 -1.0432 	 0.0000 	 0.8912 	 0.0020 
28.0000 	 1.2846 	 1.0053 	 2.6876 	 5.6998 	 4.8606 	 0.0000 	 1.8327 	 639.3872 	 28.0000 	 2.0736 	 5.5944 	 8.6458 	 2.5909 	 -0.9584 	 0.0000 	 1.8425 	 0.0018 
31.0000 	 0.0026 	 4.0927 	 0.9348 	 1.9503 	 7.8743 	 0.0000 	 3.2003 	 807.1947 	 31.0000 	 0.1018 	 1.1973 	 0.4279 	 1.3854 	 0.9305 	 0.0000 	 1.3549 	 0.0000 
20.0000 	 1.0332 	 0.9646 	 9.3982 	 4.8548 	 5.5533 	 0.0000 	 1.9360 	 639.8250 	 20.0000 	 2.1454 	 2.5677 	 3.9044 	 1.2997 	 -2.9822 	 0.0000 	 2.0536 	 0.0029 
22.0000 	 0.0015 	 1.7328 	 7.9414 	 5.0004 	 4.8264 	 0.0000 	 3.1988 	 807.1983 	 22.0000 	 0.5100 	 9.4883 	 0.9000 	 1.0983 	 -0.4541 	 0.0000 	 2.6233 	 0.0000 
30.0000 	 1.3329 	 0.9847 	 9.2551 	 4.8395 	 5.5539 	 0.0000 	 1.9318 	 639.5146 	 30.0000 	 1.2473 	 5.1314 	 1.8041 	 2.6656 	 2.2207 	 0.0000 	 2.5930 	 0.0015 
23.0000 	 1.1315 	 0.9685 	 9.1984 	 4.8211 	 5.5569 	 0.0000 	 1.9224 	 639.6842 	 23.0000 	 0.3396 	 2.8517 	 5.1665 	 2.1916 	 2.6276 	 0.0000 	 1.2241 	 0.0020 
30.0000 	 1.3272 	 0.9874 	 9.9890 	 4.8708 	 5.5139 	 0.0000 	 1.9305 	 639.5314 	 30.0000 	 1.7352 	 5.8917 	 0.3115 	 1.5457 	 -0.2236 	 0.0000 	 1.0350 	 0.0016 
16.0000 	 0.8781 	 3.6978 	 0.7678 	 9.9995 	 5.0325 	 0.0000 	 2.4242 	 641.6758 	 16.0000 	 1.4311 	 9.1898 	 7.3007 	 0.6640 	 1.0940 	 0.0000 	 2.9036 	 0.0032 
16.0000 	 0.9008 	 0.9859 	 2.6587 	 5.5952 	 4.9974 	 0.0000 	 1.8864 	 640.0048 	 16.0000 	 1.3627 	 0.8293 	 6.7461 	 2.7893 	 2.4946 	 0.0000 	 0.9240 	 0.0036 
26.0000 	 1.2285 	 1.0202 	 2.8216 	 5.6086 	 4.9613 	 0.0000 	 1.8545 	 639.4267 	 26.0000 	 1.6427 	 1.3509 	 9.9531 	 2.7769 	 0.3806 	 0.0000 	 1.4571 	 0.0023 
22.0000 	 1.0924 	 1.1126 	 3.2713 	 5.3112 	 5.2737 	 0.0000 	 1.9263 	 639.7305 	 22.0000 	 1.3429 	 7.5497 	 8.1480 	 1.5150 	 -2.1788 	 0.0000 	 0.9488 	 0.0113 
28.0000 	 1.2960 	 0.9806 	 1.6890 	 6.4928 	 4.2478 	 0.0000 	 1.7245 	 639.4891 	 28.0000 	 1.0947 	 9.6296 	 2.6274 	 2.1275 	 -2.3345 	 0.0000 	 2.3221 	 0.0020 
27.0000 	 1.2217 	 2.2319 	 1.7247 	 6.0505 	 6.3307 	 0.0000 	 2.5706 	 641.8178 	 27.0000 	 2.8265 	 7.4405 	 1.2016 	 2.8670 	 -0.8852 	 0.0000 	 0.6664 	 0.0031 
24.0000 	 1.1650 	 0.9754 	 8.3806 	 4.8780 	 5.5387 	 0.0000 	 1.9490 	 639.6338 	 24.0000 	 1.0784 	 6.3732 	 4.5371 	 2.1284 	 2.5086 	 0.0000 	 2.1951 	 0.0021 
20.0000 	 1.0349 	 0.9676 	 6.8393 	 4.9374 	 5.4713 	 0.0000 	 1.9337 	 639.7806 	 20.0000 	 1.7421 	 1.5228 	 3.4466 	 0.0469 	 -1.7192 	 0.0000 	 1.2122 	 0.0026 
25.0000 	 1.1958 	 0.9656 	 7.8456 	 4.9026 	 5.5022 	 0.0000 	 1.9381 	 639.6001 	 25.0000 	 2.0961 	 3.9401 	 3.0367 	 2.1215 	 -1.4238 	 0.0000 	 0.4602 	 0.0020 
30.0000 	 1.3344 	 0.9879 	 6.6755 	 4.9356 	 5.4588 	 0.0000 	 1.9291 	 639.4779 	 30.0000 	 2.8690 	 8.3905 	 5.2474 	 2.3474 	 2.8723 	 0.0000 	 2.5020 	 0.0014 
24.0000 	 0.0013 	 5.4638 	 3.6645 	 2.4435 	 7.3868 	 0.0000 	 3.1998 	 807.1982 	 24.0000 	 2.3692 	 9.2830 	 5.9740 	 1.2965 	 -2.3227 	 0.0000 	 2.1834 	 0.0000 
15.0000 	 0.8544 	 0.9388 	 10.0000 	 4.8142 	 5.5867 	 0.0000 	 1.9344 	 640.2883 	 15.0000 	 0.9722 	 2.2100 	 9.5707 	 0.9922 	 -1.9658 	 0.0000 	 1.5630 	 0.0045 
22.0000 	 0.0048 	 9.2291 	 4.8257 	 3.9705 	 5.9147 	 0.0000 	 3.1947 	 807.2292 	 22.0000 	 0.6627 	 7.6714 	 7.4773 	 1.0955 	 0.8966 	 0.0000 	 2.0849 	 0.0006 
20.0000 	 1.0412 	 1.0445 	 2.0785 	 6.0364 	 4.6806 	 0.0000 	 1.8195 	 639.6507 	 20.0000 	 1.4735 	 3.5036 	 5.0535 	 1.8582 	 -0.4835 	 0.0000 	 1.5208 	 0.0024 
15.0000 	 0.8577 	 3.4983 	 2.0398 	 8.1050 	 7.0738 	 0.0000 	 2.6274 	 643.2705 	 15.0000 	 2.8834 	 6.6170 	 4.9310 	 0.9025 	 1.6573 	 0.0000 	 2.9201 	 0.0035 
19.0000 	 0.9968 	 0.9672 	 8.1807 	 4.8878 	 5.4938 	 0.0000 	 1.9261 	 639.8664 	 19.0000 	 0.5803 	 0.8026 	 1.1197 	 1.5275 	 0.3371 	 0.0000 	 1.0369 	 0.0027 
12.0000 	 0.0015 	 7.9229 	 9.6438 	 0.0000 	 9.8300 	 0.0000 	 3.1995 	 807.1982 	 12.0000 	 1.5669 	 4.9835 	 6.7290 	 1.6736 	 2.2068 	 0.0000 	 1.6977 	 0.0000 
18.0000 	 0.9655 	 0.9521 	 9.3122 	 4.8196 	 5.5604 	 0.0000 	 1.9454 	 639.9554 	 18.0000 	 1.3824 	 7.5742 	 0.3147 	 0.2090 	 0.5505 	 0.0000 	 0.3266 	 0.0032 
30.0000 	 1.1901 	 2.9639 	 0.3436 	 9.9273 	 3.0965 	 0.0000 	 2.7995 	 648.0116 	 30.0000 	 1.5761 	 1.2262 	 9.8262 	 0.7044 	 -0.6212 	 0.0000 	 0.0710 	 0.0686 
29.0000 	 1.2969 	 2.0712 	 0.7044 	 10.0000 	 3.6430 	 0.0000 	 2.1854 	 641.1637 	 29.0000 	 1.9299 	 1.4781 	 4.3982 	 2.3954 	 -0.9839 	 0.0000 	 2.3092 	 0.0029 
26.0000 	 1.2445 	 0.9533 	 1.3080 	 7.2650 	 3.6693 	 0.0000 	 1.6692 	 639.7686 	 26.0000 	 2.0965 	 9.4208 	 1.2310 	 2.8907 	 -2.7162 	 0.0000 	 2.6603 	 0.0020 
12.0000 	 0.7230 	 0.9404 	 6.6435 	 4.9434 	 5.4622 	 0.0000 	 1.9118 	 640.7666 	 12.0000 	 0.9009 	 2.0186 	 5.0195 	 1.9270 	 -0.0265 	 0.0000 	 1.9852 	 0.0071 
25.0000 	 1.2049 	 1.5556 	 0.7190 	 10.0000 	 3.0588 	 0.0000 	 1.9760 	 640.8706 	 25.0000 	 2.1365 	 5.6325 	 6.4785 	 2.9377 	 0.6715 	 0.0000 	 0.3011 	 0.0026 
20.0000 	 1.0266 	 3.6661 	 1.4438 	 7.8640 	 6.7163 	 0.0000 	 2.6435 	 642.4567 	 20.0000 	 0.8318 	 9.0432 	 8.8866 	 1.9969 	 1.7387 	 0.0000 	 0.6464 	 0.0027 
25.0000 	 1.1995 	 1.0040 	 3.0748 	 5.5317 	 5.0049 	 0.0000 	 1.8540 	 639.4574 	 25.0000 	 0.2404 	 4.6426 	 8.7522 	 0.6748 	 -0.3563 	 0.0000 	 1.8684 	 0.0016 
25.0000 	 1.1964 	 0.9961 	 4.6256 	 5.1112 	 5.3427 	 0.0000 	 1.9132 	 639.5278 	 25.0000 	 2.7992 	 0.1713 	 0.0495 	 0.7706 	 -1.3369 	 0.0000 	 1.0797 	 0.0020 
22.0000 	 1.1117 	 1.4249 	 0.7254 	 9.9976 	 2.8322 	 0.0000 	 1.8574 	 640.7636 	 22.0000 	 2.2019 	 5.1249 	 0.7699 	 2.5878 	 -1.7726 	 0.0000 	 1.1116 	 0.0019 
12.0000 	 0.7209 	 0.9200 	 7.9623 	 4.9362 	 5.4493 	 0.0000 	 1.9330 	 640.8118 	 12.0000 	 1.6028 	 9.6115 	 5.4599 	 2.1182 	 1.9630 	 0.0000 	 0.7090 	 0.0055 
23.0000 	 1.1360 	 1.4283 	 0.9210 	 8.6126 	 3.6756 	 0.0000 	 1.9005 	 640.5357 	 23.0000 	 2.1931 	 6.4716 	 9.4696 	 0.7792 	 -1.9195 	 0.0000 	 2.8874 	 0.0031 
18.0000 	 0.0011 	 9.6269 	 8.6834 	 3.1368 	 6.6935 	 0.0000 	 3.1993 	 807.1982 	 18.0000 	 2.2305 	 7.1903 	 6.9063 	 1.0656 	 -1.7902 	 0.0000 	 0.4280 	 0.0000 
28.0000 	 1.2882 	 1.6060 	 0.7393 	 10.0000 	 3.0935 	 0.0000 	 1.9265 	 640.9631 	 28.0000 	 1.2884 	 3.3215 	 7.2046 	 1.1025 	 1.7311 	 0.0000 	 1.4478 	 0.0027 
16.0000 	 0.8933 	 2.0499 	 0.7658 	 9.7395 	 3.8473 	 0.0000 	 2.0471 	 641.0709 	 16.0000 	 2.7783 	 5.9893 	 2.3945 	 1.8956 	 -1.9914 	 0.0000 	 1.6430 	 0.0034 
18.0000 	 0.9819 	 1.0323 	 1.1270 	 7.6018 	 3.6581 	 0.0000 	 1.7205 	 640.0711 	 18.0000 	 1.3308 	 5.1076 	 1.6782 	 0.4970 	 0.7846 	 0.0000 	 2.2544 	 0.0041 
12.0000 	 0.7278 	 1.1022 	 3.3587 	 5.0038 	 5.7206 	 0.0000 	 2.1744 	 641.1819 	 12.0000 	 0.8365 	 9.1319 	 1.3541 	 0.9059 	 0.8519 	 0.0000 	 2.4415 	 0.0049 
15.0000 	 0.0023 	 3.1210 	 8.6344 	 9.9929 	 -0.1636 	 0.0000 	 3.1994 	 807.1982 	 15.0000 	 0.1766 	 6.7129 	 8.5342 	 0.7140 	 1.6702 	 0.0000 	 0.2547 	 0.0000 
19.0000 	 0.9994 	 0.9725 	 8.6440 	 4.8282 	 5.5857 	 0.0000 	 1.9647 	 639.8848 	 19.0000 	 1.7259 	 5.0977 	 3.5511 	 0.6738 	 2.2317 	 0.0000 	 2.5770 	 0.0035 
10.0000 	 0.6256 	 3.1694 	 1.1354 	 8.5337 	 5.9757 	 0.0000 	 2.5317 	 643.4710 	 10.0000 	 1.3412 	 7.7604 	 1.3532 	 1.7117 	 -2.9547 	 0.0000 	 0.4117 	 0.0105 
16.0000 	 0.8896 	 0.9808 	 7.7357 	 4.8586 	 5.5861 	 0.0000 	 1.9754 	 640.1391 	 16.0000 	 0.2045 	 6.0949 	 4.8723 	 2.4829 	 -1.5571 	 0.0000 	 2.1649 	 0.0038 
10.0000 	 0.6245 	 0.9278 	 8.1867 	 4.8948 	 5.5213 	 0.0000 	 1.9605 	 641.4147 	 10.0000 	 1.3293 	 7.4534 	 4.7080 	 2.9184 	 0.5824 	 0.0000 	 0.6101 	 0.0067 
16.0000 	 0.8727 	 4.6597 	 0.8247 	 10.0000 	 5.6361 	 0.0000 	 2.5576 	 642.0249 	 16.0000 	 2.2711 	 8.8180 	 5.8268 	 2.7230 	 1.7525 	 0.0000 	 1.6987 	 0.0030 
7.0000 	 0.4398 	 9.9994 	 0.2081 	 2.3217 	 8.2607 	 0.0000 	 3.1320 	 653.7172 	 7.0000 	 2.8543 	 1.4877 	 2.2217 	 2.5650 	 -1.3565 	 0.0000 	 1.2700 	 0.0072 
25.0000 	 1.1905 	 0.9882 	 8.0159 	 4.8731 	 5.5421 	 0.0000 	 1.9545 	 639.6011 	 25.0000 	 2.0667 	 8.8976 	 5.7809 	 2.1358 	 2.3660 	 0.0000 	 0.3623 	 0.0019 
22.0000 	 1.1011 	 0.9734 	 9.7728 	 4.8009 	 5.5863 	 0.0000 	 1.9415 	 639.7347 	 22.0000 	 2.8650 	 3.3121 	 2.4607 	 1.3799 	 2.8055 	 0.0000 	 2.0017 	 0.0027 
12.0000 	 0.7136 	 4.5493 	 2.1270 	 5.8422 	 8.1475 	 0.0000 	 3.0037 	 645.6795 	 12.0000 	 0.4626 	 2.6623 	 9.2017 	 0.3854 	 -0.6216 	 0.0000 	 1.7725 	 0.0054 
26.0000 	 1.2232 	 1.0227 	 3.3278 	 5.4583 	 5.0766 	 0.0000 	 1.8825 	 639.4484 	 26.0000 	 1.9437 	 5.8067 	 3.3258 	 1.4775 	 -0.2041 	 0.0000 	 1.1510 	 0.0024 
25.0000 	 0.0029 	 8.4668 	 3.8147 	 1.4000 	 8.4558 	 0.0000 	 3.2090 	 807.2029 	 25.0000 	 2.8603 	 9.1682 	 2.0544 	 2.8444 	 -1.9323 	 0.0000 	 1.9989 	 0.0012 
18.0000 	 0.9605 	 1.0455 	 3.6649 	 5.3852 	 5.1761 	 0.0000 	 1.8820 	 639.8780 	 18.0000 	 0.1459 	 7.3538 	 2.9348 	 2.0758 	 -0.5379 	 0.0000 	 2.3386 	 0.0033 
7.0000 	 0.4505 	 6.2047 	 4.5753 	 5.7467 	 8.9677 	 0.0000 	 2.9139 	 653.0932 	 7.0000 	 0.9057 	 8.4710 	 8.9743 	 0.9446 	 0.4329 	 0.0000 	 2.4814 	 0.0157 
15.0000 	 0.8516 	 0.9522 	 5.3317 	 5.1129 	 5.3145 	 0.0000 	 1.9022 	 640.2043 	 15.0000 	 1.5361 	 5.5924 	 3.3950 	 0.2619 	 -1.1309 	 0.0000 	 1.8212 	 0.0034 
14.0000 	 0.8154 	 0.9634 	 8.4732 	 4.7918 	 5.6222 	 0.0000 	 1.9498 	 640.4369 	 14.0000 	 0.9707 	 2.2030 	 2.6923 	 1.0753 	 -0.7848 	 0.0000 	 1.1381 	 0.0085 
7.0000 	 0.4455 	 8.1483 	 0.8289 	 3.3222 	 8.4811 	 0.0000 	 3.1902 	 651.3728 	 7.0000 	 1.6732 	 6.0152 	 9.3435 	 2.8170 	 2.1721 	 0.0000 	 2.8434 	 0.0077 
16.0000 	 0.8889 	 0.9505 	 9.3264 	 4.8289 	 5.5615 	 0.0000 	 1.9346 	 640.1430 	 16.0000 	 1.2628 	 0.7066 	 7.2991 	 2.1209 	 -2.8484 	 0.0000 	 0.3140 	 0.0053 
12.0000 	 0.7190 	 2.1554 	 1.8844 	 5.8841 	 6.4172 	 0.0000 	 2.5424 	 642.6252 	 12.0000 	 2.6761 	 2.0697 	 9.6588 	 0.6197 	 -0.2698 	 0.0000 	 0.2381 	 0.0055 
5.0000 	 0.3017 	 1.4116 	 4.4256 	 4.6910 	 6.3596 	 0.0000 	 2.3820 	 647.2821 	 5.0000 	 0.2191 	 8.9047 	 3.5735 	 1.3531 	 1.5167 	 0.0000 	 1.5215 	 0.0153 
12.0000 	 0.7249 	 0.9488 	 3.9537 	 5.2758 	 5.1823 	 0.0000 	 1.8779 	 640.7140 	 12.0000 	 1.0517 	 3.5900 	 5.6909 	 1.9893 	 2.6210 	 0.0000 	 2.8124 	 0.0049 
23.0000 	 1.1242 	 2.5584 	 0.8348 	 9.0704 	 4.7368 	 0.0000 	 2.3506 	 641.2495 	 23.0000 	 1.9697 	 5.0995 	 5.6101 	 2.0737 	 0.7807 	 0.0000 	 1.5901 	 0.0020 
7.0000 	 0.4380 	 1.9423 	 5.5721 	 4.1369 	 7.2553 	 0.0000 	 2.5812 	 645.9052 	 7.0000 	 0.6560 	 1.0535 	 8.4027 	 1.9977 	 -1.6832 	 0.0000 	 0.1981 	 0.0091 
17.0000 	 0.9254 	 3.9517 	 1.1102 	 9.9809 	 5.8803 	 0.0000 	 2.4442 	 642.0540 	 17.0000 	 2.0884 	 1.6059 	 4.2423 	 1.9550 	 -0.1775 	 0.0000 	 1.7411 	 0.0034 
14.0000 	 0.7998 	 3.4375 	 1.1711 	 7.7554 	 6.3320 	 0.0000 	 2.5934 	 642.4276 	 14.0000 	 2.9165 	 9.3281 	 9.5661 	 2.9531 	 0.0273 	 0.0000 	 0.5237 	 0.0055 
22.0000 	 1.1022 	 1.0214 	 2.3231 	 5.9097 	 4.6934 	 0.0000 	 1.8008 	 639.5589 	 22.0000 	 2.5133 	 2.1958 	 9.9522 	 2.2525 	 0.2937 	 0.0000 	 2.5462 	 0.0022 
14.0000 	 0.8083 	 0.9668 	 9.9155 	 4.7056 	 5.6964 	 0.0000 	 1.9705 	 640.4713 	 14.0000 	 1.5679 	 5.7626 	 9.8592 	 2.6119 	 1.6496 	 0.0000 	 0.5716 	 0.0046 
9.0000 	 0.5723 	 0.9716 	 7.7959 	 4.7106 	 5.7404 	 0.0000 	 2.0518 	 641.9757 	 9.0000 	 2.9390 	 9.8625 	 6.1596 	 0.4746 	 -0.6852 	 0.0000 	 2.9650 	 0.0073 
5.0000 	 0.3165 	 7.6352 	 8.8753 	 10.0000 	 9.1174 	 0.0000 	 3.1934 	 656.2129 	 5.0000 	 2.3793 	 8.3860 	 7.5886 	 2.2431 	 2.9387 	 0.0000 	 0.8521 	 0.0321 
3.0000 	 0.1370 	 0.9834 	 9.9969 	 4.6117 	 5.9142 	 0.0000 	 2.1669 	 651.3695 	 3.0000 	 0.9786 	 2.7748 	 9.3323 	 2.5231 	 2.8719 	 0.0000 	 2.8213 	 0.0164 
24.0000 	 1.1671 	 1.0148 	 3.6112 	 5.3136 	 5.2218 	 0.0000 	 1.9066 	 639.5235 	 24.0000 	 2.5681 	 3.5954 	 3.9282 	 0.8953 	 -0.6828 	 0.0000 	 2.6177 	 0.0022 
20.0000 	 1.0443 	 1.0183 	 2.0174 	 6.0748 	 4.6315 	 0.0000 	 1.8138 	 639.6443 	 20.0000 	 1.5302 	 4.3103 	 3.0563 	 0.4664 	 0.8032 	 0.0000 	 1.6861 	 0.0025 
19.0000 	 1.0069 	 0.9970 	 3.4288 	 5.3598 	 5.1678 	 0.0000 	 1.8984 	 639.7459 	 19.0000 	 0.3118 	 2.3122 	 6.3016 	 0.5390 	 -0.2546 	 0.0000 	 0.3172 	 0.0037 
18.0000 	 0.9627 	 0.9572 	 9.4610 	 4.8773 	 5.5055 	 0.0000 	 1.9273 	 639.9627 	 18.0000 	 2.8800 	 8.3818 	 0.7137 	 0.4855 	 1.8494 	 0.0000 	 0.9587 	 0.0031 
18.0000 	 0.9744 	 1.0425 	 1.7985 	 6.2518 	 4.5664 	 0.0000 	 1.8239 	 639.8138 	 18.0000 	 2.6797 	 0.2157 	 5.4079 	 2.8513 	 1.2098 	 0.0000 	 1.0610 	 0.0036 
22.0000 	 1.1028 	 1.0059 	 4.7290 	 5.1514 	 5.3448 	 0.0000 	 1.9203 	 639.6288 	 22.0000 	 2.4958 	 3.2032 	 3.9598 	 2.2067 	 -2.9997 	 0.0000 	 0.0949 	 0.0025 
17.0000 	 0.9171 	 4.3518 	 1.1582 	 9.5960 	 6.2820 	 0.0000 	 2.5431 	 642.2335 	 17.0000 	 2.6428 	 6.5699 	 8.5879 	 0.5083 	 -1.4677 	 0.0000 	 0.6239 	 0.0023 
9.0000 	 0.5726 	 4.3493 	 1.5622 	 9.3940 	 7.0279 	 0.0000 	 2.6617 	 645.0201 	 9.0000 	 2.5936 	 0.9218 	 3.5667 	 2.2322 	 -1.5039 	 0.0000 	 0.6637 	 0.0073 
5.0000 	 0.3095 	 1.0050 	 3.2646 	 5.0667 	 5.5146 	 0.0000 	 2.0684 	 645.9275 	 5.0000 	 0.5681 	 5.7589 	 0.6521 	 2.6691 	 1.2402 	 0.0000 	 0.7912 	 0.0122 
9.0000 	 0.5744 	 0.9463 	 5.6541 	 4.9821 	 5.5060 	 0.0000 	 1.9814 	 641.8389 	 9.0000 	 2.2333 	 1.1955 	 2.4076 	 0.0352 	 -0.6732 	 0.0000 	 1.1466 	 0.0077 
9.0000 	 0.5604 	 3.5646 	 8.5960 	 8.4431 	 8.0775 	 0.0000 	 2.7729 	 647.7922 	 9.0000 	 0.7387 	 2.1997 	 7.9665 	 0.7800 	 -1.5391 	 0.0000 	 0.9951 	 0.0114 
6.0000 	 0.3792 	 1.0402 	 9.9658 	 4.2531 	 6.3960 	 0.0000 	 2.4696 	 645.2699 	 6.0000 	 1.4923 	 0.8254 	 5.9798 	 2.9806 	 -1.3085 	 0.0000 	 0.3132 	 0.0100 
6.0000 	 0.3784 	 7.6997 	 2.1431 	 0.2421 	 9.3906 	 0.0000 	 3.2867 	 655.5557 	 6.0000 	 0.8649 	 5.7367 	 7.0522 	 1.2080 	 -2.3039 	 0.0000 	 1.5490 	 0.0100 
3.0000 	 0.1403 	 0.8854 	 8.4854 	 4.7198 	 5.7034 	 0.0000 	 2.0645 	 651.0437 	 3.0000 	 0.0323 	 3.3143 	 3.5433 	 2.8888 	 1.5042 	 0.0000 	 1.4251 	 0.0180 
9.0000 	 0.5704 	 3.7805 	 0.9425 	 9.0062 	 5.8323 	 0.0000 	 2.5154 	 644.0002 	 9.0000 	 0.5759 	 4.9504 	 0.2572 	 0.1108 	 -1.2096 	 0.0000 	 2.2944 	 0.0075 
5.0000 	 0.3108 	 0.8662 	 9.1749 	 4.8152 	 5.5375 	 0.0000 	 1.9838 	 645.5134 	 5.0000 	 0.7152 	 5.0290 	 9.3433 	 0.6219 	 -2.2953 	 0.0000 	 0.0128 	 0.0124 
17.0000 	 0.0012 	 3.3669 	 9.0087 	 8.1440 	 1.6862 	 0.0000 	 3.1995 	 807.1982 	 17.0000 	 2.8544 	 1.4542 	 7.4534 	 2.5711 	 1.5814 	 0.0000 	 0.5386 	 0.0000 
2.0000 	 0.0549 	 1.1337 	 9.9999 	 2.8038 	 7.5810 	 0.0000 	 3.0401 	 660.2872 	 2.0000 	 0.4916 	 0.7402 	 3.3813 	 0.7232 	 2.2739 	 0.0000 	 1.2029 	 0.0221 
5.0000 	 0.2989 	 1.2452 	 9.5843 	 4.0527 	 6.6300 	 0.0000 	 2.4465 	 646.9788 	 5.0000 	 1.9693 	 0.9816 	 9.7904 	 0.7450 	 1.4937 	 0.0000 	 0.1755 	 0.0109 
15.0000 	 0.8228 	 1.7399 	 2.8836 	 4.7437 	 6.5743 	 0.0000 	 2.4922 	 641.8923 	 15.0000 	 2.7087 	 9.1037 	 2.3341 	 2.5646 	 2.4253 	 0.0000 	 2.4573 	 0.0039 
13.0000 	 0.7668 	 0.9647 	 7.4955 	 4.8411 	 5.5541 	 0.0000 	 1.9275 	 640.5934 	 13.0000 	 0.0326 	 8.9936 	 8.8468 	 2.3447 	 -0.0325 	 0.0000 	 2.5486 	 0.0051 
16.0000 	 0.8964 	 9.9451 	 4.1760 	 4.3480 	 9.5200 	 0.0000 	 3.8569 	 655.1443 	 16.0000 	 0.7893 	 8.6703 	 5.8056 	 0.4010 	 0.4214 	 0.0000 	 2.2500 	 0.0040 
17.0000 	 0.9325 	 0.9721 	 10.0000 	 4.7880 	 5.6436 	 0.0000 	 1.9613 	 640.0637 	 17.0000 	 0.4856 	 6.9112 	 3.1641 	 0.0125 	 2.5119 	 0.0000 	 1.2664 	 0.0054 
17.0000 	 0.9358 	 0.9979 	 1.8929 	 6.2715 	 4.4281 	 0.0000 	 1.7609 	 639.8838 	 17.0000 	 0.6134 	 1.1470 	 6.3725 	 0.8769 	 0.0192 	 0.0000 	 2.1963 	 0.0035 
11.0000 	 0.6729 	 0.9459 	 5.2529 	 5.0972 	 5.3359 	 0.0000 	 1.9210 	 641.0343 	 11.0000 	 2.7296 	 4.7028 	 9.4146 	 2.9486 	 -0.8733 	 0.0000 	 0.1853 	 0.0051 
17.0000 	 0.9321 	 1.0111 	 2.6250 	 5.6661 	 4.9330 	 0.0000 	 1.8598 	 639.8793 	 17.0000 	 2.2688 	 2.9785 	 3.6570 	 0.5009 	 -2.7273 	 0.0000 	 0.0018 	 0.0050 
15.0000 	 0.8506 	 0.9843 	 5.1234 	 5.0817 	 5.4034 	 0.0000 	 1.9479 	 640.2097 	 15.0000 	 0.2134 	 2.8183 	 9.7491 	 1.1491 	 -1.7852 	 0.0000 	 1.4014 	 0.0034 
10.0000 	 0.6309 	 0.9390 	 2.6396 	 5.5657 	 4.9956 	 0.0000 	 1.9132 	 641.3598 	 10.0000 	 0.8086 	 6.2560 	 5.3254 	 1.1559 	 0.6545 	 0.0000 	 1.0787 	 0.0093 
17.0000 	 0.9296 	 0.9976 	 3.7393 	 5.3038 	 5.2284 	 0.0000 	 1.9132 	 639.9345 	 17.0000 	 0.5781 	 6.1731 	 5.1673 	 0.7065 	 2.9219 	 0.0000 	 1.0979 	 0.0033 
3.0000 	 0.1407 	 0.0000 	 8.4940 	 8.1428 	 1.2335 	 0.0000 	 3.2461 	 661.1786 	 3.0000 	 2.6852 	 4.7939 	 9.2381 	 2.1027 	 -1.9984 	 0.0000 	 0.3430 	 0.0241 
11.0000 	 0.6748 	 1.1248 	 3.8809 	 4.8968 	 5.7497 	 0.0000 	 2.1476 	 641.4425 	 11.0000 	 2.4060 	 8.5800 	 8.2961 	 1.7975 	 0.1149 	 0.0000 	 0.6836 	 0.0065 
14.0000 	 0.8055 	 0.9585 	 9.3381 	 4.7796 	 5.5980 	 0.0000 	 1.9601 	 640.4328 	 14.0000 	 2.0270 	 6.0655 	 2.8056 	 1.8044 	 2.7687 	 0.0000 	 2.1398 	 0.0041 
13.0000 	 0.7670 	 0.9527 	 8.4589 	 4.8185 	 5.5965 	 0.0000 	 1.9727 	 640.6014 	 13.0000 	 2.4718 	 5.2555 	 6.0604 	 0.2112 	 0.1033 	 0.0000 	 2.0643 	 0.0042 
14.0000 	 0.8088 	 0.9767 	 6.3763 	 4.9236 	 5.5260 	 0.0000 	 1.9637 	 640.3865 	 14.0000 	 1.3675 	 2.4102 	 6.4163 	 0.8997 	 -0.0685 	 0.0000 	 0.4961 	 0.0047 
8.0000 	 0.5138 	 0.8962 	 9.9945 	 4.8179 	 5.5443 	 0.0000 	 1.9525 	 642.4023 	 8.0000 	 1.9553 	 4.5184 	 7.4409 	 0.3729 	 1.5925 	 0.0000 	 1.3966 	 0.0087 
13.0000 	 0.7657 	 1.9388 	 1.3579 	 6.2700 	 5.8384 	 0.0000 	 2.4182 	 641.9437 	 13.0000 	 1.2571 	 0.9820 	 7.0580 	 0.4204 	 -1.1365 	 0.0000 	 2.4901 	 0.0065 
6.0000 	 0.3863 	 0.8954 	 6.1868 	 4.9448 	 5.4562 	 0.0000 	 1.9506 	 644.1068 	 6.0000 	 0.6154 	 7.0115 	 7.7203 	 1.7180 	 -1.5525 	 0.0000 	 0.8138 	 0.0167 
11.0000 	 0.0013 	 7.7067 	 4.4497 	 3.1253 	 6.7040 	 0.0000 	 3.1988 	 807.1982 	 11.0000 	 1.2644 	 7.9543 	 4.4062 	 2.1874 	 2.3412 	 0.0000 	 0.3784 	 0.0000 
11.0000 	 0.6838 	 1.1868 	 3.3801 	 5.2258 	 5.8258 	 0.0000 	 2.1385 	 641.7971 	 11.0000 	 0.2560 	 0.8216 	 0.5264 	 1.7132 	 2.4160 	 0.0000 	 2.6905 	 0.0058 
13.0000 	 0.7645 	 0.9655 	 9.9999 	 4.8269 	 5.6187 	 0.0000 	 1.9755 	 640.6176 	 13.0000 	 2.7517 	 0.6878 	 2.6058 	 2.3692 	 -0.5400 	 0.0000 	 1.7590 	 0.0043 
10.0000 	 0.6017 	 2.7004 	 6.4832 	 4.7922 	 7.8405 	 0.0000 	 2.7811 	 645.5436 	 10.0000 	 1.6881 	 7.3134 	 9.7952 	 1.7725 	 1.2804 	 0.0000 	 0.0448 	 0.0062 
5.0000 	 0.3088 	 1.1830 	 3.9451 	 4.3864 	 6.3551 	 0.0000 	 2.4024 	 646.8589 	 5.0000 	 0.3019 	 6.3792 	 1.4298 	 2.5054 	 2.7613 	 0.0000 	 2.3540 	 0.0130 
10.0000 	 0.6130 	 1.4702 	 9.2609 	 4.1060 	 6.8096 	 0.0000 	 2.4754 	 642.9418 	 10.0000 	 0.4354 	 0.3558 	 8.9026 	 0.2607 	 -2.5674 	 0.0000 	 1.8692 	 0.0075 
11.0000 	 0.6755 	 0.9497 	 5.3474 	 5.0870 	 5.3655 	 0.0000 	 1.9113 	 641.0433 	 11.0000 	 1.1711 	 4.8748 	 9.1195 	 1.8024 	 0.4409 	 0.0000 	 2.5089 	 0.0066 
8.0000 	 0.5158 	 3.8971 	 2.7824 	 8.9495 	 7.5267 	 0.0000 	 2.6857 	 646.9135 	 8.0000 	 0.8537 	 9.4940 	 5.7525 	 2.5105 	 -2.4920 	 0.0000 	 2.3676 	 0.0124 
4.0000 	 0.2334 	 0.8425 	 9.8926 	 4.7849 	 5.5921 	 0.0000 	 1.9799 	 647.6007 	 4.0000 	 1.3603 	 6.1890 	 1.4637 	 2.1578 	 1.1913 	 0.0000 	 1.4300 	 0.0147 
8.0000 	 0.5121 	 0.9068 	 8.0292 	 4.8621 	 5.5538 	 0.0000 	 1.9824 	 642.4051 	 8.0000 	 0.3796 	 0.8738 	 4.5907 	 1.1414 	 -2.5482 	 0.0000 	 1.8386 	 0.0100 
6.0000 	 0.3967 	 0.8564 	 1.6194 	 6.5771 	 4.0528 	 0.0000 	 1.6662 	 644.6099 	 6.0000 	 0.6227 	 0.4928 	 3.0093 	 2.0344 	 -2.5629 	 0.0000 	 0.6687 	 0.0141 
10.0000 	 0.6162 	 3.1321 	 1.7511 	 6.8611 	 6.8417 	 0.0000 	 2.6114 	 643.9758 	 10.0000 	 0.6465 	 2.9806 	 0.3834 	 2.5038 	 0.1902 	 0.0000 	 2.0616 	 0.0087 
1.0000 	 0.0083 	 0.9552 	 0.1699 	 9.9555 	 3.1516 	 0.0000 	 3.1433 	 671.3800 	 1.0000 	 1.1287 	 3.7456 	 3.1958 	 2.6146 	 -2.2920 	 0.0000 	 1.2070 	 0.0763 
6.0000 	 0.3846 	 0.9361 	 6.7748 	 4.7923 	 5.6605 	 0.0000 	 1.9904 	 644.2129 	 6.0000 	 0.4208 	 5.4603 	 0.6608 	 2.6248 	 -2.6616 	 0.0000 	 1.1231 	 0.0120 
8.0000 	 0.0022 	 9.9716 	 8.9234 	 4.2566 	 5.5737 	 0.0000 	 3.1998 	 807.1982 	 8.0000 	 0.1416 	 2.2489 	 2.6477 	 0.1911 	 0.3703 	 0.0000 	 2.1167 	 0.0000 
4.0000 	 0.2318 	 1.8288 	 0.7975 	 7.9380 	 4.7818 	 0.0000 	 2.4430 	 651.6875 	 4.0000 	 2.8670 	 1.4397 	 0.8742 	 1.2948 	 -2.7966 	 0.0000 	 2.0754 	 0.0195 
4.0000 	 0.2282 	 0.9296 	 10.0000 	 4.6559 	 5.8138 	 0.0000 	 2.0860 	 647.7565 	 4.0000 	 1.1993 	 1.8195 	 7.5307 	 1.4888 	 -2.9588 	 0.0000 	 0.7416 	 0.0178 
7.0000 	 0.4518 	 0.9103 	 8.1720 	 4.8287 	 5.5771 	 0.0000 	 1.9687 	 643.1161 	 7.0000 	 0.4136 	 3.8400 	 9.1084 	 1.1731 	 2.3453 	 0.0000 	 0.5877 	 0.0144 
10.0000 	 0.6237 	 0.9838 	 6.0466 	 4.9401 	 5.5242 	 0.0000 	 1.9785 	 641.4031 	 10.0000 	 2.5931 	 4.0262 	 1.0611 	 0.0484 	 -2.8741 	 0.0000 	 2.3012 	 0.0130 
6.0000 	 0.3901 	 6.9094 	 1.0978 	 10.0000 	 7.2156 	 0.0000 	 2.8702 	 648.9034 	 6.0000 	 0.4764 	 8.6256 	 9.6913 	 2.0993 	 -1.1807 	 0.0000 	 1.5542 	 0.0156 
5.0000 	 0.3131 	 5.5640 	 9.7702 	 7.7455 	 8.9790 	 0.0000 	 3.1097 	 656.0058 	 5.0000 	 0.7643 	 2.0896 	 3.7718 	 2.2924 	 -0.5325 	 0.0000 	 2.1622 	 0.0192 
6.0000 	 0.3805 	 0.9171 	 9.6747 	 4.8156 	 5.5413 	 0.0000 	 1.9560 	 644.1337 	 6.0000 	 0.4018 	 1.0250 	 5.8964 	 0.6570 	 -1.6641 	 0.0000 	 1.3672 	 0.0104 
4.0000 	 0.2376 	 2.6404 	 0.5094 	 9.5756 	 4.4036 	 0.0000 	 2.7207 	 651.9819 	 4.0000 	 2.4570 	 0.6632 	 0.1891 	 2.6557 	 -2.2425 	 0.0000 	 0.2414 	 0.0215 
3.0000 	 0.1366 	 6.6770 	 6.5617 	 1.8337 	 9.1566 	 0.0000 	 3.2146 	 660.4504 	 3.0000 	 0.4982 	 2.3530 	 8.3404 	 0.8487 	 0.3355 	 0.0000 	 2.0168 	 0.0144 
6.0000 	 0.3929 	 0.8715 	 3.7087 	 5.1673 	 5.2533 	 0.0000 	 1.9618 	 644.2385 	 6.0000 	 1.4678 	 0.9901 	 5.0591 	 1.7541 	 -1.8517 	 0.0000 	 0.6784 	 0.0255 
1.0000 	 0.0080 	 0.1961 	 1.2894 	 1.6161 	 8.0328 	 0.0000 	 3.2243 	 672.3938 	 1.0000 	 2.3809 	 3.4817 	 8.2813 	 0.8068 	 -2.9923 	 0.0000 	 0.0660 	 0.0932 
1.0000 	 0.0079 	 0.4754 	 2.9833 	 0.1093 	 9.2492 	 0.0000 	 3.1802 	 674.1919 	 1.0000 	 2.0237 	 0.1663 	 3.0509 	 0.6533 	 -1.3604 	 0.0000 	 2.7848 	 0.0749 
3.0000 	 0.1434 	 0.8883 	 5.5682 	 4.6111 	 5.8994 	 0.0000 	 2.3190 	 651.5536 	 3.0000 	 2.6107 	 8.2532 	 4.5228 	 0.9828 	 -0.0422 	 0.0000 	 0.5257 	 0.0202 
1.0000 	 0.0090 	 9.2254 	 1.7621 	 3.7162 	 9.0898 	 0.0000 	 3.1949 	 673.9995 	 1.0000 	 2.2213 	 3.8551 	 7.9929 	 0.1899 	 2.3731 	 0.0000 	 1.6679 	 0.1044 
1.0000 	 0.0086 	 0.8827 	 7.7600 	 1.2157 	 8.8824 	 0.0000 	 3.2485 	 672.4278 	 1.0000 	 1.8235 	 9.7968 	 6.8255 	 0.3680 	 0.3095 	 0.0000 	 1.3386 	 0.0912 
2.0000 	 0.0565 	 7.0007 	 6.4567 	 1.4230 	 9.2145 	 0.0000 	 3.2391 	 665.4929 	 2.0000 	 0.9973 	 0.8140 	 1.6834 	 1.2250 	 2.0597 	 0.0000 	 1.4453 	 0.0201 
3.0000 	 0.1350 	 0.9263 	 9.9433 	 4.6470 	 5.7736 	 0.0000 	 2.1234 	 651.2199 	 3.0000 	 2.0753 	 9.2902 	 0.7628 	 2.1595 	 0.2534 	 0.0000 	 0.1717 	 0.0179 
7.0000 	 0.4464 	 0.9323 	 6.2674 	 4.9363 	 5.4863 	 0.0000 	 1.9889 	 643.1616 	 7.0000 	 2.5011 	 2.4215 	 0.2704 	 0.6414 	 -2.2599 	 0.0000 	 2.2300 	 0.0091 
1.0000 	 0.0086 	 9.8769 	 9.9507 	 0.2354 	 9.2966 	 0.0000 	 3.2377 	 674.3439 	 1.0000 	 1.3195 	 3.5240 	 1.9152 	 0.8053 	 2.1015 	 0.0000 	 1.8597 	 0.0860 
4.0000 	 0.2254 	 0.9353 	 5.4641 	 4.7380 	 5.5871 	 0.0000 	 2.0226 	 647.9509 	 4.0000 	 2.1017 	 5.7548 	 5.2937 	 2.4701 	 1.4926 	 0.0000 	 2.4426 	 0.0165 
1.0000 	 0.0081 	 0.4058 	 2.8079 	 5.6837 	 4.8959 	 0.0000 	 1.9195 	 665.5245 	 1.0000 	 1.0656 	 7.4342 	 6.5613 	 1.2040 	 1.6662 	 0.0000 	 0.0503 	 0.0889 
4.0000 	 0.2281 	 2.3459 	 1.4210 	 4.1828 	 7.4706 	 0.0000 	 2.9479 	 652.6752 	 4.0000 	 1.6259 	 5.3900 	 2.7892 	 2.8649 	 0.9952 	 0.0000 	 0.5737 	 0.0138 
1.0000 	 0.0084 	 5.2079 	 0.0474 	 2.5149 	 7.8387 	 0.0000 	 3.2575 	 674.1614 	 1.0000 	 1.8677 	 2.0446 	 6.8224 	 1.4787 	 0.4896 	 0.0000 	 0.5183 	 0.1046 
1.0000 	 0.0082 	 8.0121 	 2.7243 	 6.0308 	 8.6606 	 0.0000 	 2.9636 	 675.5812 	 1.0000 	 2.6600 	 4.2465 	 5.7898 	 2.6406 	 1.6458 	 0.0000 	 0.0933 	 0.1133 
48.0000 	 0.0014 	 8.9810 	 6.5982 	 2.5473 	 7.2793 	 0.0000 	 3.1974 	 807.1983 	 48.0000 	 2.7926 	 7.1117 	 8.9047 	 0.8035 	 2.5031 	 0.0000 	 1.5641 	 0.0000 
44.0000 	 0.0082 	 0.6120 	 7.0848 	 3.1577 	 6.6719 	 0.0000 	 3.1991 	 807.1982 	 44.0000 	 2.5222 	 8.8898 	 4.9835 	 2.9212 	 1.9256 	 0.0000 	 0.8268 	 0.0000 
46.0000 	 0.0010 	 0.0685 	 1.9713 	 3.9681 	 5.8616 	 0.0000 	 3.1992 	 807.1982 	 46.0000 	 2.5222 	 8.8898 	 4.9835 	 2.9212 	 1.9256 	 0.0000 	 0.8268 	 0.0000 
44.0000 	 1.6726 	 1.0210 	 2.8970 	 5.6343 	 4.9027 	 0.0000 	 1.8374 	 639.2924 	 44.0000 	 1.1262 	 9.4186 	 6.2778 	 0.9388 	 -0.5722 	 0.0000 	 2.3716 	 0.0010 
46.0000 	 1.7098 	 1.0006 	 6.9194 	 4.9172 	 5.4860 	 0.0000 	 1.9385 	 639.4026 	 46.0000 	 2.4810 	 3.7527 	 9.8056 	 1.6451 	 1.8999 	 0.0000 	 2.3166 	 0.0018 
44.0000 	 1.6600 	 1.0008 	 9.1825 	 4.8692 	 5.5187 	 0.0000 	 1.9310 	 639.4331 	 44.0000 	 1.9268 	 9.3834 	 5.3729 	 2.2097 	 0.9058 	 0.0000 	 1.2011 	 0.0015 
45.0000 	 1.6920 	 1.0166 	 5.3027 	 5.0779 	 5.3740 	 0.0000 	 1.9206 	 639.3556 	 45.0000 	 0.5180 	 3.9843 	 6.1196 	 0.4536 	 -0.2132 	 0.0000 	 1.7647 	 0.0010 
45.0000 	 1.7001 	 1.0171 	 2.6173 	 5.7794 	 4.8052 	 0.0000 	 1.8245 	 639.3038 	 45.0000 	 1.7401 	 3.7088 	 9.0297 	 1.2216 	 0.9288 	 0.0000 	 1.4667 	 0.0011 
42.0000 	 1.6228 	 1.0255 	 4.2389 	 5.2429 	 5.2249 	 0.0000 	 1.9001 	 639.3230 	 42.0000 	 0.7003 	 1.4007 	 6.4452 	 0.1256 	 -1.8472 	 0.0000 	 2.6225 	 0.0011 
41.0000 	 1.6013 	 1.0315 	 3.4650 	 5.4090 	 5.0999 	 0.0000 	 1.8663 	 639.3051 	 41.0000 	 0.7471 	 3.6788 	 3.2346 	 0.6468 	 0.3527 	 0.0000 	 0.7292 	 0.0017 
42.0000 	 0.0123 	 5.8196 	 6.2997 	 8.8584 	 0.9716 	 0.0000 	 3.1990 	 807.1982 	 42.0000 	 0.0151 	 4.7828 	 3.6751 	 2.5208 	 -1.9192 	 0.0000 	 2.2624 	 0.0000 
43.0000 	 1.6477 	 1.0417 	 2.9129 	 5.6131 	 4.9607 	 0.0000 	 1.8631 	 639.2944 	 43.0000 	 2.7722 	 3.9268 	 9.2058 	 1.1659 	 -1.5095 	 0.0000 	 2.8999 	 0.0010 
41.0000 	 0.0011 	 7.8941 	 4.1286 	 3.6211 	 6.2208 	 0.0000 	 3.2784 	 807.2548 	 41.0000 	 2.8692 	 2.7974 	 8.8661 	 2.0255 	 -2.6943 	 0.0000 	 2.0400 	 0.0018 
42.0000 	 0.0013 	 8.4660 	 8.0483 	 1.0693 	 8.7621 	 0.0000 	 3.1999 	 807.1981 	 42.0000 	 1.4464 	 1.6856 	 5.9991 	 0.1591 	 -1.7291 	 0.0000 	 2.0094 	 0.0000 
43.0000 	 1.6447 	 1.0085 	 6.4334 	 4.9855 	 5.4308 	 0.0000 	 1.9275 	 639.3859 	 43.0000 	 0.3032 	 9.6041 	 3.0679 	 1.7273 	 2.1629 	 0.0000 	 2.1838 	 0.0012 
41.0000 	 1.6005 	 0.9899 	 9.9968 	 4.8390 	 5.5589 	 0.0000 	 1.9423 	 639.4495 	 41.0000 	 0.0168 	 1.4767 	 5.7911 	 1.9124 	 -1.9218 	 0.0000 	 0.2942 	 0.0014 
39.0000 	 0.0012 	 1.7530 	 9.9684 	 9.9793 	 -0.1489 	 0.0000 	 3.1998 	 807.1982 	 39.0000 	 0.3160 	 4.5677 	 8.6365 	 2.6400 	 0.4224 	 0.0000 	 1.5417 	 0.0000 
40.0000 	 1.5181 	 4.9550 	 2.4352 	 8.0977 	 8.0449 	 0.0000 	 3.1112 	 646.3839 	 40.0000 	 1.6648 	 2.6605 	 1.2196 	 1.0786 	 0.7810 	 0.0000 	 0.5227 	 0.0078 
42.0000 	 1.6268 	 1.0256 	 3.7128 	 5.3342 	 5.1607 	 0.0000 	 1.8866 	 639.3114 	 42.0000 	 2.9579 	 8.4730 	 5.1960 	 1.8886 	 -0.7981 	 0.0000 	 1.5285 	 0.0011 
43.0000 	 1.6495 	 1.0317 	 2.9492 	 5.6025 	 4.9416 	 0.0000 	 1.8537 	 639.2918 	 43.0000 	 2.5712 	 6.3051 	 5.0389 	 2.3312 	 -2.5360 	 0.0000 	 0.5997 	 0.0013 
44.0000 	 1.6797 	 1.0324 	 2.1532 	 6.0580 	 4.6215 	 0.0000 	 1.8047 	 639.3431 	 44.0000 	 0.2331 	 0.1647 	 6.2281 	 1.4673 	 1.5971 	 0.0000 	 1.1669 	 0.0010 
40.0000 	 1.5692 	 1.0126 	 9.9694 	 4.8125 	 5.5697 	 0.0000 	 1.9431 	 639.4555 	 40.0000 	 1.5750 	 7.7055 	 6.6181 	 2.1730 	 -1.8186 	 0.0000 	 0.2798 	 0.0013 
41.0000 	 1.5997 	 1.0023 	 8.0081 	 4.9202 	 5.4873 	 0.0000 	 1.9338 	 639.4211 	 41.0000 	 1.0259 	 8.7601 	 4.2749 	 2.3374 	 -1.5803 	 0.0000 	 0.2893 	 0.0015 
39.0000 	 1.5612 	 1.5506 	 0.7524 	 9.3967 	 3.3731 	 0.0000 	 2.0516 	 641.2192 	 39.0000 	 1.9764 	 5.1143 	 1.7894 	 1.8724 	 0.7789 	 0.0000 	 2.4577 	 0.0037 
38.0000 	 0.0014 	 8.1943 	 5.1599 	 4.7474 	 5.0818 	 0.0000 	 3.2014 	 807.1983 	 38.0000 	 0.1992 	 4.9666 	 7.3188 	 0.0499 	 -0.6171 	 0.0000 	 1.9484 	 0.0000 
39.0000 	 1.5526 	 1.0087 	 7.9221 	 4.8873 	 5.5093 	 0.0000 	 1.9265 	 639.4272 	 39.0000 	 1.1760 	 6.2566 	 8.6038 	 0.0947 	 2.9939 	 0.0000 	 2.4986 	 0.0016 
37.0000 	 1.5220 	 1.7846 	 0.8219 	 9.0537 	 3.9759 	 0.0000 	 2.1721 	 641.2663 	 37.0000 	 0.8962 	 5.0921 	 1.0399 	 1.6649 	 -2.7535 	 0.0000 	 1.9389 	 0.0029 
38.0000 	 1.5355 	 1.0049 	 4.9177 	 5.1700 	 5.2811 	 0.0000 	 1.9026 	 639.3603 	 38.0000 	 2.4430 	 3.5115 	 1.6517 	 0.6360 	 -1.9420 	 0.0000 	 2.8120 	 0.0014 
37.0000 	 1.5067 	 0.9834 	 9.5953 	 4.8626 	 5.5097 	 0.0000 	 1.9217 	 639.4589 	 37.0000 	 1.9209 	 3.4972 	 1.4799 	 1.9738 	 2.3060 	 0.0000 	 2.3290 	 0.0014 
39.0000 	 1.5358 	 2.8346 	 0.7063 	 9.6736 	 4.4711 	 0.0000 	 2.4330 	 641.7581 	 39.0000 	 2.3736 	 3.7563 	 0.5848 	 2.0150 	 -2.1830 	 0.0000 	 1.4548 	 0.0022 
37.0000 	 1.5113 	 1.0467 	 3.8204 	 5.2971 	 5.2395 	 0.0000 	 1.9334 	 639.3468 	 37.0000 	 1.2921 	 4.2072 	 4.0056 	 2.5752 	 0.3312 	 0.0000 	 2.6786 	 0.0010 
36.0000 	 1.4882 	 1.0330 	 4.4671 	 5.1811 	 5.3295 	 0.0000 	 1.9147 	 639.3651 	 36.0000 	 2.9865 	 4.1580 	 3.5012 	 0.6627 	 2.0560 	 0.0000 	 0.5295 	 0.0013 
34.0000 	 1.4305 	 1.7984 	 4.5490 	 3.9235 	 7.2962 	 0.0000 	 2.8110 	 642.2993 	 34.0000 	 1.1443 	 8.6303 	 9.3533 	 1.5751 	 -2.1128 	 0.0000 	 0.3712 	 0.0023 
41.0000 	 1.6166 	 1.0091 	 2.3107 	 5.9081 	 4.6973 	 0.0000 	 1.8254 	 639.3230 	 41.0000 	 0.8704 	 1.5068 	 3.6682 	 1.1546 	 1.6947 	 0.0000 	 1.6163 	 0.0012 
36.0000 	 1.4859 	 0.9826 	 5.4095 	 5.1150 	 5.3110 	 0.0000 	 1.9039 	 639.3966 	 36.0000 	 0.3016 	 0.2855 	 3.8459 	 1.1795 	 -2.9971 	 0.0000 	 1.4378 	 0.0012 
35.0000 	 1.4643 	 0.9981 	 4.0095 	 5.3247 	 5.1331 	 0.0000 	 1.8706 	 639.3507 	 35.0000 	 0.2688 	 2.9847 	 6.1326 	 1.9134 	 -0.3237 	 0.0000 	 0.2080 	 0.0012 
34.0000 	 1.4435 	 1.0267 	 2.3039 	 5.9083 	 4.7182 	 0.0000 	 1.8154 	 639.3282 	 34.0000 	 0.1826 	 8.6408 	 7.1161 	 1.4959 	 1.3282 	 0.0000 	 0.0729 	 0.0015 
37.0000 	 1.5097 	 0.9902 	 7.1965 	 4.9309 	 5.4642 	 0.0000 	 1.9285 	 639.4216 	 37.0000 	 1.4564 	 1.8710 	 5.3353 	 1.9209 	 -0.2391 	 0.0000 	 2.2422 	 0.0012 
34.0000 	 0.0010 	 6.6415 	 3.2538 	 5.4233 	 4.4068 	 0.0000 	 3.1995 	 807.1982 	 34.0000 	 2.3398 	 9.8183 	 3.8876 	 0.6162 	 -1.4447 	 0.0000 	 2.4030 	 0.0000 
37.0000 	 0.0010 	 0.0000 	 9.8586 	 4.0451 	 5.7835 	 0.0000 	 3.2000 	 807.1983 	 37.0000 	 1.0834 	 7.1201 	 2.8572 	 0.4646 	 -1.2813 	 0.0000 	 0.8926 	 0.0000 
33.0000 	 1.4099 	 0.9878 	 9.6588 	 4.8555 	 5.5396 	 0.0000 	 1.9360 	 639.4866 	 33.0000 	 2.7576 	 0.1323 	 1.5564 	 1.1362 	 0.8948 	 0.0000 	 2.0052 	 0.0014 
35.0000 	 1.4576 	 0.9933 	 9.0288 	 4.8794 	 5.5275 	 0.0000 	 1.9400 	 639.4618 	 35.0000 	 2.5948 	 2.7669 	 4.0066 	 1.7560 	 0.6823 	 0.0000 	 1.0887 	 0.0015 
34.0000 	 0.0010 	 3.8510 	 8.4616 	 3.9546 	 5.8846 	 0.0000 	 3.1727 	 807.2091 	 34.0000 	 0.9401 	 6.0158 	 9.4315 	 1.9748 	 -2.8211 	 0.0000 	 2.0576 	 0.0000 
37.0000 	 1.5072 	 1.0382 	 2.4867 	 5.4894 	 5.0628 	 0.0000 	 1.9583 	 639.5420 	 37.0000 	 0.2210 	 2.8305 	 1.8001 	 1.2102 	 -0.5554 	 0.0000 	 0.5083 	 0.0015 
35.0000 	 1.4533 	 1.0106 	 9.3638 	 4.8630 	 5.5392 	 0.0000 	 1.9376 	 639.4724 	 35.0000 	 0.6168 	 6.0536 	 9.7579 	 1.1729 	 0.1511 	 0.0000 	 0.7558 	 0.0014 
34.0000 	 1.4351 	 0.9859 	 9.5963 	 4.8306 	 5.5633 	 0.0000 	 1.9385 	 639.4765 	 34.0000 	 1.8880 	 8.3088 	 6.0387 	 2.9109 	 -1.7817 	 0.0000 	 1.3323 	 0.0015 
31.0000 	 1.3614 	 1.0148 	 4.7009 	 5.1607 	 5.3109 	 0.0000 	 1.9171 	 639.4062 	 31.0000 	 2.3688 	 6.7915 	 7.4257 	 2.8707 	 1.6199 	 0.0000 	 0.6916 	 0.0017 
31.0000 	 1.3768 	 0.9989 	 1.8255 	 6.3599 	 4.3448 	 0.0000 	 1.7370 	 639.4296 	 31.0000 	 2.9902 	 2.5682 	 9.3482 	 1.3270 	 0.4632 	 0.0000 	 2.0024 	 0.0015 
33.0000 	 1.4150 	 1.0068 	 3.6763 	 5.3770 	 5.1101 	 0.0000 	 1.8533 	 639.3515 	 33.0000 	 2.4643 	 1.3430 	 3.9161 	 0.6763 	 1.8525 	 0.0000 	 1.5393 	 0.0013 
33.0000 	 1.4073 	 1.0436 	 4.5190 	 5.1371 	 5.3483 	 0.0000 	 1.9289 	 639.3948 	 33.0000 	 0.6463 	 1.0588 	 8.8542 	 0.5457 	 -1.6480 	 0.0000 	 2.9139 	 0.0013 
29.0000 	 0.0022 	 3.5584 	 4.0266 	 5.7673 	 4.0622 	 0.0000 	 3.1993 	 807.1982 	 29.0000 	 2.6808 	 7.1654 	 6.4030 	 0.3588 	 -1.9877 	 0.0000 	 0.3654 	 0.0000 
35.0000 	 1.4616 	 0.9904 	 5.6483 	 5.0675 	 5.3402 	 0.0000 	 1.9128 	 639.3980 	 35.0000 	 1.7911 	 1.8952 	 0.3022 	 2.8940 	 1.5941 	 0.0000 	 1.0009 	 0.0014 
30.0000 	 1.3222 	 3.2011 	 0.7764 	 9.9438 	 4.7639 	 0.0000 	 2.3908 	 641.5835 	 30.0000 	 2.4541 	 0.7487 	 8.2915 	 2.6134 	 -0.8621 	 0.0000 	 0.2722 	 0.0024 
30.0000 	 1.3377 	 0.9991 	 4.0362 	 5.2888 	 5.1841 	 0.0000 	 1.8794 	 639.3966 	 30.0000 	 2.1126 	 3.5563 	 6.0331 	 1.3159 	 2.5321 	 0.0000 	 1.6433 	 0.0015 
29.0000 	 1.3026 	 0.9984 	 6.4888 	 5.0233 	 5.4015 	 0.0000 	 1.9130 	 639.4863 	 29.0000 	 0.5131 	 8.0231 	 2.0238 	 2.3345 	 -2.9597 	 0.0000 	 0.5067 	 0.0016 
25.0000 	 0.0036 	 8.7710 	 1.6392 	 0.0053 	 9.8261 	 0.0000 	 3.1981 	 807.1983 	 25.0000 	 1.9651 	 5.8283 	 9.2225 	 1.0698 	 -0.6169 	 0.0000 	 2.7197 	 0.0000 
32.0000 	 1.3976 	 1.0175 	 1.9185 	 6.2149 	 4.5010 	 0.0000 	 1.7889 	 639.3893 	 32.0000 	 0.2574 	 1.3258 	 8.6318 	 2.1186 	 -0.4420 	 0.0000 	 1.5948 	 0.0019 
33.0000 	 1.4076 	 1.0256 	 9.9980 	 4.7005 	 5.7499 	 0.0000 	 2.0055 	 639.5701 	 33.0000 	 2.8153 	 9.5143 	 2.2290 	 2.5604 	 0.9807 	 0.0000 	 0.2002 	 0.0018 
31.0000 	 1.3468 	 3.4260 	 0.6766 	 10.0000 	 4.7015 	 0.0000 	 2.5127 	 641.7018 	 31.0000 	 0.4078 	 0.6845 	 5.7046 	 2.6463 	 -2.7255 	 0.0000 	 0.6045 	 0.0021 
33.0000 	 1.4128 	 0.9814 	 9.9504 	 4.8658 	 5.5367 	 0.0000 	 1.9303 	 639.4955 	 33.0000 	 0.7676 	 1.6065 	 8.1795 	 0.4724 	 -1.6612 	 0.0000 	 1.6113 	 0.0015 
27.0000 	 0.0015 	 1.0888 	 9.7495 	 2.2071 	 7.6237 	 0.0000 	 3.1989 	 807.1982 	 27.0000 	 2.1423 	 9.9693 	 7.3782 	 1.7448 	 -0.5626 	 0.0000 	 2.3620 	 0.0000 
30.0000 	 1.3321 	 0.9870 	 7.8361 	 4.8971 	 5.5081 	 0.0000 	 1.9416 	 639.4940 	 30.0000 	 1.1084 	 0.6814 	 3.2722 	 2.1046 	 0.3883 	 0.0000 	 2.6166 	 0.0014 
28.0000 	 1.2809 	 1.0019 	 3.9112 	 5.3058 	 5.1684 	 0.0000 	 1.8851 	 639.4236 	 28.0000 	 1.5946 	 2.9604 	 0.9449 	 0.4885 	 -0.1243 	 0.0000 	 2.8363 	 0.0013 
25.0000 	 1.1978 	 1.0408 	 2.5158 	 5.7255 	 4.9084 	 0.0000 	 1.8502 	 639.4545 	 25.0000 	 0.4748 	 1.5372 	 0.1820 	 2.5294 	 -1.4710 	 0.0000 	 2.7456 	 0.0016 
32.0000 	 1.3820 	 0.9875 	 10.0000 	 4.8521 	 5.5373 	 0.0000 	 1.9367 	 639.5005 	 32.0000 	 1.5481 	 6.7433 	 0.5353 	 0.8968 	 -1.3876 	 0.0000 	 2.0102 	 0.0021 
22.0000 	 1.1032 	 0.9724 	 4.2263 	 5.2198 	 5.2340 	 0.0000 	 1.8850 	 639.6187 	 22.0000 	 0.6337 	 5.2747 	 4.4217 	 0.2301 	 2.4298 	 0.0000 	 2.8958 	 0.0023 
32.0000 	 1.3930 	 1.0283 	 3.2966 	 5.4675 	 5.1044 	 0.0000 	 1.8914 	 639.3569 	 32.0000 	 1.0460 	 7.0669 	 0.3041 	 0.4476 	 -1.6648 	 0.0000 	 1.0694 	 0.0013 
23.0000 	 1.1362 	 1.0176 	 2.5699 	 5.7592 	 4.8377 	 0.0000 	 1.8184 	 639.5125 	 23.0000 	 1.8925 	 1.6202 	 3.2197 	 2.4381 	 -2.1167 	 0.0000 	 2.9479 	 0.0025 
30.0000 	 1.3299 	 0.9958 	 6.4463 	 4.9649 	 5.4369 	 0.0000 	 1.9221 	 639.4709 	 30.0000 	 0.1777 	 2.5373 	 3.3702 	 1.4600 	 0.2089 	 0.0000 	 2.7716 	 0.0021 
26.0000 	 1.2195 	 1.2997 	 1.0365 	 7.8669 	 3.8822 	 0.0000 	 2.0399 	 640.4033 	 26.0000 	 1.7229 	 2.6961 	 7.6457 	 2.1091 	 1.6246 	 0.0000 	 1.0024 	 0.0020 
20.0000 	 1.0439 	 1.0049 	 2.3982 	 5.8236 	 4.8064 	 0.0000 	 1.8227 	 639.6452 	 20.0000 	 2.5036 	 4.8634 	 1.6787 	 1.7816 	 1.9384 	 0.0000 	 2.5635 	 0.0028 
28.0000 	 1.2831 	 1.0228 	 3.7734 	 5.2671 	 5.2549 	 0.0000 	 1.9201 	 639.4313 	 28.0000 	 1.0127 	 3.8797 	 0.5062 	 0.3093 	 1.1539 	 0.0000 	 0.0109 	 0.0020 
28.0000 	 1.2777 	 0.9757 	 8.4131 	 4.9263 	 5.4726 	 0.0000 	 1.9193 	 639.5401 	 28.0000 	 0.6931 	 7.3918 	 7.2277 	 2.9073 	 -0.3297 	 0.0000 	 2.9719 	 0.0018 
21.0000 	 1.0659 	 1.0266 	 3.0602 	 5.5768 	 4.9615 	 0.0000 	 1.8479 	 639.6337 	 21.0000 	 2.3497 	 7.8240 	 8.7960 	 1.9653 	 -1.9617 	 0.0000 	 0.4726 	 0.0027 
28.0000 	 1.2773 	 1.0039 	 4.1382 	 5.2442 	 5.1940 	 0.0000 	 1.8731 	 639.4374 	 28.0000 	 2.8461 	 9.2695 	 5.8631 	 1.5752 	 0.1829 	 0.0000 	 0.0927 	 0.0017 
25.0000 	 1.1761 	 4.5525 	 0.7909 	 9.9999 	 5.5209 	 0.0000 	 2.5748 	 641.8859 	 25.0000 	 0.7448 	 9.8792 	 0.4292 	 2.5605 	 -2.7808 	 0.0000 	 0.6244 	 0.0022 
25.0000 	 0.0011 	 1.0938 	 5.3564 	 4.4282 	 5.3643 	 0.0000 	 3.2032 	 807.1829 	 25.0000 	 2.5607 	 3.1175 	 9.2867 	 2.9918 	 1.6909 	 0.0000 	 1.2960 	 0.0000 
22.0000 	 0.0053 	 4.5420 	 7.1283 	 9.7951 	 0.0221 	 0.0000 	 3.1837 	 807.2004 	 22.0000 	 2.0722 	 8.7171 	 6.4455 	 2.9373 	 0.7703 	 0.0000 	 1.7054 	 0.0000 
21.0000 	 0.0014 	 3.6688 	 6.0284 	 4.2435 	 5.5870 	 0.0000 	 3.2002 	 807.1982 	 21.0000 	 2.4406 	 5.9993 	 9.1962 	 0.0507 	 -1.3572 	 0.0000 	 0.6254 	 0.0000 
19.0000 	 0.9945 	 2.7074 	 0.7192 	 9.9989 	 4.2675 	 0.0000 	 2.3198 	 641.1961 	 19.0000 	 2.9304 	 8.1964 	 0.8804 	 1.8741 	 -2.5606 	 0.0000 	 0.7275 	 0.0038 
18.0000 	 0.9689 	 0.9902 	 3.4103 	 5.3721 	 5.1191 	 0.0000 	 1.8644 	 639.8142 	 18.0000 	 2.4099 	 6.9056 	 5.3132 	 0.4304 	 0.6417 	 0.0000 	 1.7202 	 0.0029 
14.0000 	 0.8064 	 1.7540 	 1.6840 	 5.7670 	 5.9789 	 0.0000 	 2.3901 	 641.6490 	 14.0000 	 2.8637 	 5.9901 	 4.5723 	 2.6966 	 -2.1064 	 0.0000 	 0.2737 	 0.0044 
19.0000 	 0.0379 	 9.9964 	 9.9904 	 9.9929 	 -0.0473 	 0.0000 	 3.2622 	 806.0033 	 19.0000 	 0.3933 	 2.5533 	 5.4977 	 0.3308 	 -1.2985 	 0.0000 	 0.3455 	 0.0000 
24.0000 	 1.1698 	 1.0038 	 2.5000 	 5.7782 	 4.8041 	 0.0000 	 1.8229 	 639.4713 	 24.0000 	 1.8823 	 8.7721 	 3.6489 	 0.2401 	 2.4669 	 0.0000 	 0.0384 	 0.0023 
27.0000 	 1.2526 	 0.9870 	 4.8740 	 5.1087 	 5.3039 	 0.0000 	 1.9129 	 639.4874 	 27.0000 	 2.5881 	 4.2596 	 7.9393 	 2.9650 	 -0.6574 	 0.0000 	 0.8747 	 0.0017 
28.0000 	 1.2810 	 0.9816 	 9.1916 	 4.8263 	 5.5892 	 0.0000 	 1.9542 	 639.5541 	 28.0000 	 1.2179 	 3.6203 	 3.1537 	 0.0368 	 2.5658 	 0.0000 	 0.7485 	 0.0020 
15.0000 	 0.8524 	 0.9478 	 9.9208 	 4.7942 	 5.6081 	 0.0000 	 1.9772 	 640.2908 	 15.0000 	 1.2959 	 6.0734 	 9.9886 	 2.4399 	 0.9635 	 0.0000 	 2.9284 	 0.0038 
22.0000 	 0.0039 	 4.4978 	 6.0881 	 1.6779 	 8.1528 	 0.0000 	 3.1996 	 807.1982 	 22.0000 	 1.7974 	 6.9612 	 7.0319 	 2.1691 	 2.9162 	 0.0000 	 2.0535 	 0.0000 
16.0000 	 0.8730 	 4.8021 	 1.5066 	 9.3499 	 6.9863 	 0.0000 	 2.6788 	 642.9132 	 16.0000 	 0.9732 	 5.5143 	 2.6182 	 0.0280 	 2.8096 	 0.0000 	 2.6538 	 0.0046 
17.0000 	 0.9268 	 0.9624 	 7.8846 	 4.9304 	 5.4741 	 0.0000 	 1.9255 	 640.0220 	 17.0000 	 0.1188 	 4.5563 	 8.2802 	 2.1018 	 -1.7748 	 0.0000 	 2.9411 	 0.0030 
21.0000 	 1.0753 	 1.0535 	 2.9232 	 5.5462 	 5.1004 	 0.0000 	 1.8934 	 639.6422 	 21.0000 	 0.9704 	 9.9952 	 4.5767 	 0.9958 	 2.0737 	 0.0000 	 2.2174 	 0.0026 
24.0000 	 1.1678 	 0.9646 	 5.9003 	 5.0130 	 5.4149 	 0.0000 	 1.9319 	 639.5972 	 24.0000 	 1.5036 	 3.5975 	 6.8683 	 1.7511 	 1.5077 	 0.0000 	 0.1331 	 0.0017 
13.0000 	 0.7657 	 0.9830 	 7.2338 	 4.9243 	 5.5424 	 0.0000 	 1.9635 	 640.5893 	 13.0000 	 0.5007 	 8.0548 	 5.7038 	 0.5573 	 -0.2244 	 0.0000 	 0.0271 	 0.0038 
21.0000 	 1.0772 	 1.0461 	 1.2695 	 7.3114 	 3.7364 	 0.0000 	 1.6291 	 639.8570 	 21.0000 	 2.3838 	 0.3380 	 9.0948 	 1.3744 	 -1.1883 	 0.0000 	 0.0824 	 0.0026 
21.0000 	 0.0026 	 8.3290 	 7.8298 	 4.2962 	 5.5181 	 0.0000 	 3.2112 	 807.2037 	 21.0000 	 0.1228 	 6.7676 	 9.9252 	 1.7025 	 0.6264 	 0.0000 	 0.3108 	 0.0009 
12.0000 	 0.7250 	 0.9592 	 2.9666 	 5.5346 	 4.9319 	 0.0000 	 1.8378 	 640.7226 	 12.0000 	 1.5997 	 1.9450 	 5.7394 	 1.7523 	 -1.5702 	 0.0000 	 1.3853 	 0.0048 
21.0000 	 1.0638 	 1.0014 	 5.0538 	 5.1309 	 5.3197 	 0.0000 	 1.8833 	 639.6875 	 21.0000 	 2.1363 	 5.7674 	 5.8572 	 0.1335 	 0.4357 	 0.0000 	 2.6890 	 0.0026 
16.0000 	 0.8902 	 1.1269 	 9.6874 	 4.4453 	 6.1841 	 0.0000 	 2.2139 	 640.6843 	 16.0000 	 0.7538 	 6.1391 	 1.7060 	 0.5399 	 0.9859 	 0.0000 	 0.4964 	 0.0039 
19.0000 	 0.9836 	 1.1644 	 9.9992 	 4.6343 	 6.0560 	 0.0000 	 2.2547 	 640.4498 	 19.0000 	 0.3983 	 9.7612 	 3.0032 	 1.9760 	 0.7127 	 0.0000 	 1.2155 	 0.0031 
9.0000 	 0.5710 	 0.9245 	 9.2687 	 4.7615 	 5.6244 	 0.0000 	 1.9719 	 641.8544 	 9.0000 	 0.4621 	 4.6105 	 7.1817 	 2.5766 	 -0.5792 	 0.0000 	 1.5051 	 0.0079 
11.0000 	 0.6703 	 1.0277 	 5.9974 	 4.7698 	 5.7368 	 0.0000 	 2.0450 	 641.2242 	 11.0000 	 0.1021 	 0.2319 	 3.9185 	 0.0563 	 -0.4248 	 0.0000 	 2.8373 	 0.0073 
19.0000 	 1.0039 	 0.9869 	 5.0212 	 5.0935 	 5.3712 	 0.0000 	 1.9287 	 639.7999 	 19.0000 	 2.1697 	 4.3321 	 5.3009 	 2.4979 	 -2.4465 	 0.0000 	 0.3558 	 0.0031 
18.0000 	 0.9730 	 0.9963 	 2.4718 	 5.7529 	 4.8557 	 0.0000 	 1.8412 	 639.7806 	 18.0000 	 0.3544 	 8.2095 	 5.1258 	 0.0652 	 1.0439 	 0.0000 	 0.1125 	 0.0030 
13.0000 	 0.7637 	 2.0652 	 1.3929 	 6.5050 	 5.8636 	 0.0000 	 2.4238 	 641.9963 	 13.0000 	 0.3293 	 1.3436 	 2.1992 	 2.2053 	 1.1760 	 0.0000 	 2.3938 	 0.0066 
17.0000 	 0.9255 	 0.9584 	 9.3107 	 4.8340 	 5.5580 	 0.0000 	 1.9486 	 640.0412 	 17.0000 	 0.6633 	 2.4315 	 4.9098 	 0.7842 	 -1.4715 	 0.0000 	 1.0593 	 0.0034 
9.0000 	 0.5804 	 3.3750 	 1.4495 	 7.2672 	 6.9010 	 0.0000 	 2.7224 	 644.7516 	 9.0000 	 2.4879 	 8.3407 	 2.5428 	 1.7083 	 1.4345 	 0.0000 	 0.4854 	 0.0116 
15.0000 	 0.8392 	 3.2582 	 1.2864 	 7.6690 	 6.2825 	 0.0000 	 2.5026 	 642.2789 	 15.0000 	 2.8065 	 3.0738 	 1.7828 	 2.2303 	 -1.7652 	 0.0000 	 1.9611 	 0.0060 
7.0000 	 0.4488 	 0.9134 	 9.9999 	 4.7663 	 5.6025 	 0.0000 	 2.0227 	 643.1726 	 7.0000 	 0.0848 	 2.9829 	 6.2447 	 1.7801 	 -2.5755 	 0.0000 	 1.2934 	 0.0091 
15.0000 	 0.8554 	 0.9804 	 5.8791 	 4.9825 	 5.5081 	 0.0000 	 1.9781 	 640.2373 	 15.0000 	 2.9105 	 7.6315 	 2.4007 	 0.9625 	 2.7289 	 0.0000 	 1.5422 	 0.0041 
11.0000 	 0.6759 	 0.9457 	 6.3079 	 4.9583 	 5.4998 	 0.0000 	 1.9411 	 641.0546 	 11.0000 	 1.4676 	 0.1067 	 3.0402 	 2.4844 	 1.3474 	 0.0000 	 0.1790 	 0.0058 
17.0000 	 0.9344 	 0.9522 	 4.7515 	 5.1804 	 5.2568 	 0.0000 	 1.8817 	 639.9624 	 17.0000 	 0.5064 	 1.6455 	 9.6409 	 2.8743 	 0.4326 	 0.0000 	 2.2869 	 0.0052 
5.0000 	 0.3048 	 0.9574 	 8.3247 	 4.6580 	 5.7962 	 0.0000 	 2.0566 	 645.7052 	 5.0000 	 0.6566 	 0.3814 	 6.4829 	 0.2627 	 1.6720 	 0.0000 	 1.3029 	 0.0114 
6.0000 	 0.3784 	 8.9748 	 2.9018 	 1.8874 	 9.3895 	 0.0000 	 3.3573 	 655.1359 	 6.0000 	 2.0373 	 6.5394 	 9.7664 	 1.8622 	 0.0979 	 0.0000 	 1.5120 	 0.0084 
13.0000 	 0.0017 	 1.0932 	 8.3897 	 3.9326 	 5.8962 	 0.0000 	 3.1999 	 807.1982 	 13.0000 	 2.2319 	 6.4674 	 7.0160 	 1.4230 	 -2.6008 	 0.0000 	 2.0988 	 0.0000 
13.0000 	 0.7654 	 0.9723 	 6.1277 	 4.9807 	 5.4624 	 0.0000 	 1.9354 	 640.5537 	 13.0000 	 0.9945 	 5.6851 	 4.1732 	 0.1618 	 -1.8121 	 0.0000 	 2.7977 	 0.0051 
15.0000 	 0.8478 	 2.9612 	 0.8819 	 9.3310 	 5.0706 	 0.0000 	 2.3709 	 641.6440 	 15.0000 	 0.4563 	 4.4833 	 5.0957 	 1.1492 	 -1.7627 	 0.0000 	 0.8863 	 0.0034 
2.0000 	 0.0567 	 0.6728 	 2.2916 	 6.0782 	 4.1567 	 0.0000 	 1.9778 	 658.3590 	 2.0000 	 1.8105 	 5.4729 	 9.9121 	 1.0947 	 1.1138 	 0.0000 	 0.2718 	 0.0277 
2.0000 	 0.0533 	 1.3000 	 2.9910 	 0.6435 	 9.0931 	 0.0000 	 3.2626 	 664.5197 	 2.0000 	 2.5298 	 7.4933 	 5.6583 	 2.1081 	 0.9694 	 0.0000 	 2.6808 	 0.0164 
7.0000 	 0.4577 	 1.1071 	 1.9588 	 5.8186 	 5.2667 	 0.0000 	 2.1496 	 643.8547 	 7.0000 	 1.6198 	 2.6567 	 6.7761 	 2.1318 	 -0.6837 	 0.0000 	 0.1099 	 0.0100 
12.0000 	 0.7090 	 3.8642 	 1.1772 	 8.4122 	 6.3697 	 0.0000 	 2.5675 	 642.9130 	 12.0000 	 1.3799 	 3.0834 	 8.9179 	 1.5053 	 -2.2528 	 0.0000 	 0.3061 	 0.0081 
10.0000 	 0.6281 	 0.9859 	 3.6687 	 5.1925 	 5.2977 	 0.0000 	 1.9351 	 641.3669 	 10.0000 	 2.9126 	 3.5561 	 2.8175 	 1.0238 	 -0.0102 	 0.0000 	 1.2714 	 0.0168 
10.0000 	 0.6236 	 1.0575 	 3.3698 	 5.2949 	 5.3064 	 0.0000 	 1.9539 	 641.4597 	 10.0000 	 1.0667 	 3.1640 	 1.1547 	 1.8122 	 -1.3905 	 0.0000 	 1.5084 	 0.0071 
13.0000 	 0.7698 	 1.0417 	 2.3774 	 5.6562 	 4.9724 	 0.0000 	 1.9443 	 640.5642 	 13.0000 	 2.7869 	 1.6397 	 8.5402 	 2.0326 	 -2.9718 	 0.0000 	 2.3843 	 0.0053 
11.0000 	 0.6710 	 0.9930 	 5.6106 	 5.0534 	 5.4513 	 0.0000 	 1.9706 	 641.0922 	 11.0000 	 1.3834 	 4.8455 	 6.9310 	 2.8235 	 -0.1624 	 0.0000 	 0.3082 	 0.0059 
5.0000 	 0.3131 	 0.8173 	 8.2547 	 4.8699 	 5.4541 	 0.0000 	 1.9334 	 645.5660 	 5.0000 	 0.4810 	 0.2074 	 9.4800 	 2.9116 	 -1.2743 	 0.0000 	 0.9880 	 0.0130 
8.0000 	 0.5162 	 0.9165 	 4.0854 	 5.2486 	 5.1897 	 0.0000 	 1.8712 	 642.3614 	 8.0000 	 2.3415 	 4.4368 	 6.7050 	 1.1021 	 2.4036 	 0.0000 	 1.8033 	 0.0107 
8.0000 	 0.5147 	 0.9205 	 9.9995 	 4.7334 	 5.6865 	 0.0000 	 2.0165 	 642.4287 	 8.0000 	 2.0423 	 8.9065 	 4.3630 	 1.1527 	 1.3859 	 0.0000 	 1.0692 	 0.0088 
7.0000 	 0.4572 	 0.8921 	 10.0000 	 4.7274 	 5.7003 	 0.0000 	 2.0156 	 643.2063 	 7.0000 	 0.5490 	 0.1011 	 1.9892 	 2.7926 	 2.0459 	 0.0000 	 0.5408 	 0.0108 
4.0000 	 0.2244 	 1.5143 	 2.9551 	 3.4993 	 7.2763 	 0.0000 	 2.7878 	 650.9912 	 4.0000 	 2.0985 	 2.4414 	 9.0698 	 2.0391 	 0.5427 	 0.0000 	 0.4958 	 0.0126 
2.0000 	 0.0548 	 0.8535 	 8.5906 	 4.4898 	 5.9009 	 0.0000 	 2.2747 	 657.3000 	 2.0000 	 1.4130 	 7.6847 	 4.1833 	 0.1586 	 -0.7444 	 0.0000 	 2.3243 	 0.0203 
5.0000 	 0.3145 	 4.1291 	 1.1761 	 5.6727 	 7.5711 	 0.0000 	 2.9586 	 651.0585 	 5.0000 	 1.6101 	 6.2725 	 1.1761 	 2.2138 	 -2.5313 	 0.0000 	 2.9346 	 0.0149 
10.0000 	 0.6164 	 1.2636 	 9.9937 	 4.2879 	 6.4802 	 0.0000 	 2.3173 	 642.3945 	 10.0000 	 2.2535 	 1.0456 	 5.7637 	 1.2274 	 -2.8305 	 0.0000 	 1.9512 	 0.0069 
2.0000 	 0.0539 	 5.8263 	 8.6614 	 1.1843 	 9.2343 	 0.0000 	 3.2465 	 665.4500 	 2.0000 	 0.4505 	 8.1410 	 8.8956 	 0.1903 	 -0.7733 	 0.0000 	 2.6474 	 0.0221 
3.0000 	 0.1400 	 1.2834 	 2.3878 	 2.9855 	 7.5386 	 0.0000 	 3.0537 	 655.0318 	 3.0000 	 0.0264 	 8.1843 	 3.9483 	 0.4799 	 0.8780 	 0.0000 	 0.0691 	 0.0139 
6.0000 	 0.3819 	 0.9277 	 6.8220 	 4.8568 	 5.5461 	 0.0000 	 1.9704 	 644.1518 	 6.0000 	 1.7844 	 3.5889 	 7.6815 	 0.2626 	 0.9580 	 0.0000 	 1.9341 	 0.0092 
8.0000 	 0.5157 	 0.9478 	 3.9448 	 5.2269 	 5.2407 	 0.0000 	 1.8823 	 642.3528 	 8.0000 	 0.1281 	 9.8622 	 1.5885 	 1.3198 	 -0.4656 	 0.0000 	 1.3182 	 0.0076 
2.0000 	 0.5309 	 0.0678 	 2.6009 	 3.9015 	 6.8355 	 0.0000 	 2.8943 	 683.1491 	 2.0000 	 1.1979 	 8.4400 	 2.8459 	 0.6309 	 -0.0611 	 0.0000 	 0.0372 	 0.8211 
4.0000 	 0.2261 	 7.7904 	 0.9986 	 3.3359 	 8.5529 	 0.0000 	 3.1737 	 655.5435 	 4.0000 	 0.4110 	 0.4959 	 7.0495 	 0.6018 	 -0.2027 	 0.0000 	 1.7022 	 0.0210 
3.0000 	 0.1365 	 1.0069 	 8.0016 	 4.2271 	 6.2290 	 0.0000 	 2.3419 	 651.8584 	 3.0000 	 1.8276 	 8.3054 	 7.0441 	 0.9398 	 2.7784 	 0.0000 	 1.3993 	 0.0159 
