50.0000 	 0.0479 	 0.0358 	 0.8435 	 3.8490 	 3.0733 	 8.4242 	 9.8693 	 0.0000 	 0.0000 	 97.1600 	 50.0000 	 0.9058 	 0.6438 	 0.4441 	 10.2861 	 1.3045 	 5.6250 	 -0.5613 	 0.0000 	 2.4309 	 0.0901 
50.0000 	 0.5172 	 0.0682 	 0.7187 	 5.7190 	 11.4320 	 11.2662 	 4.5829 	 0.0000 	 0.9076 	 83.2705 	 50.0000 	 0.5671 	 0.0673 	 0.8701 	 7.0514 	 8.5693 	 3.2442 	 0.2094 	 0.0000 	 1.7564 	 0.0062 
50.0000 	 0.0807 	 0.1030 	 0.3461 	 4.0024 	 2.4418 	 9.9448 	 6.2403 	 0.0000 	 1.2533 	 83.1805 	 50.0000 	 0.7154 	 0.6681 	 0.1388 	 14.1111 	 8.5947 	 -8.7995 	 2.8168 	 0.0000 	 1.7268 	 0.0009 
49.0000 	 0.2198 	 0.1290 	 0.3043 	 9.1338 	 2.0763 	 10.4343 	 0.5731 	 0.0000 	 0.0560 	 83.4882 	 49.0000 	 0.4428 	 0.2347 	 0.5764 	 7.3796 	 8.7461 	 6.9100 	 -2.3520 	 0.0000 	 2.8327 	 0.0031 
48.0000 	 0.0093 	 0.5318 	 0.0791 	 16.9415 	 8.4534 	 15.7143 	 0.9974 	 0.0000 	 0.1014 	 84.3860 	 48.0000 	 0.6054 	 0.3234 	 0.3505 	 7.7333 	 1.3840 	 4.8423 	 2.1656 	 0.0000 	 1.9701 	 0.0084 
48.0000 	 0.0069 	 0.1279 	 0.1217 	 6.2147 	 10.9296 	 13.8616 	 2.0453 	 0.0000 	 0.9030 	 83.1259 	 48.0000 	 0.0632 	 0.8599 	 0.4977 	 14.2082 	 3.1790 	 -2.7513 	 -1.1505 	 0.0000 	 2.8102 	 0.0006 
46.0000 	 0.0985 	 0.8299 	 0.2104 	 5.2827 	 75.7287 	 81.3011 	 28.5914 	 0.0000 	 7.3718 	 110.9704 	 46.0000 	 0.5803 	 0.6218 	 0.1968 	 13.5170 	 9.6403 	 8.8712 	 -1.8046 	 0.0000 	 1.3698 	 0.0003 
49.0000 	 0.7596 	 0.7063 	 0.5592 	 10.8267 	 10.0063 	 10.5270 	 7.5313 	 0.0000 	 1.1068 	 83.0897 	 49.0000 	 0.7460 	 0.5582 	 0.5481 	 10.8571 	 9.3130 	 8.8962 	 2.1043 	 0.0000 	 0.9323 	 0.0011 
47.0000 	 0.0889 	 0.2146 	 0.3138 	 2.2598 	 5.0589 	 11.3239 	 1.8142 	 0.0000 	 0.9435 	 83.1978 	 47.0000 	 0.0925 	 0.7442 	 0.5558 	 14.4600 	 7.1500 	 7.4200 	 3.5669 	 0.0000 	 0.9830 	 0.0017 
47.0000 	 0.0052 	 0.5780 	 0.0769 	 9.2506 	 24.0520 	 15.2008 	 3.5924 	 0.0000 	 0.8453 	 83.0234 	 47.0000 	 0.4700 	 0.0934 	 0.1937 	 8.4919 	 3.1542 	 7.7216 	 2.0310 	 0.0000 	 0.3613 	 0.0006 
45.0000 	 0.0090 	 0.0497 	 0.3820 	 4.9009 	 7.6235 	 9.5123 	 4.0402 	 0.0000 	 0.1375 	 88.9238 	 45.0000 	 0.3088 	 0.2142 	 0.2518 	 6.2189 	 9.9704 	 9.2506 	 -4.2450 	 0.0000 	 1.6668 	 0.0112 
46.0000 	 0.0214 	 0.2130 	 0.2582 	 1.7063 	 1.7756 	 10.4048 	 0.4509 	 0.0000 	 0.0001 	 83.6147 	 46.0000 	 0.7180 	 0.2273 	 0.5303 	 2.4835 	 7.9462 	 -3.2667 	 3.5732 	 0.0000 	 2.7839 	 0.0045 
47.0000 	 0.0282 	 0.4492 	 0.1921 	 1.1608 	 19.3782 	 16.6740 	 2.1033 	 0.0000 	 0.0000 	 84.7926 	 47.0000 	 0.5336 	 0.0057 	 0.8564 	 14.6598 	 8.2401 	 7.4679 	 -1.4730 	 0.0000 	 0.4359 	 0.0047 
44.0000 	 0.0350 	 0.3188 	 0.2068 	 4.7788 	 1.2534 	 8.7681 	 3.9632 	 0.0000 	 0.0018 	 89.5107 	 44.0000 	 0.9173 	 0.3916 	 0.2611 	 4.5157 	 6.9894 	 8.9787 	 1.5218 	 0.0000 	 0.3550 	 0.0118 
45.0000 	 0.0600 	 0.0426 	 0.4667 	 8.0658 	 5.0906 	 9.0037 	 3.0796 	 0.0000 	 0.8225 	 88.8460 	 45.0000 	 0.9594 	 0.7663 	 0.2575 	 2.8601 	 9.2869 	 5.0518 	 3.7088 	 0.0000 	 1.3014 	 0.0069 
44.0000 	 0.4339 	 0.1974 	 0.7325 	 1.7427 	 3.4062 	 12.8964 	 2.0167 	 0.0000 	 6.1466 	 93.2550 	 44.0000 	 0.3501 	 0.2070 	 0.7292 	 7.6601 	 3.9276 	 2.2169 	 2.2154 	 0.0000 	 2.0279 	 0.0100 
45.0000 	 0.2180 	 0.4129 	 0.2344 	 12.9528 	 8.2265 	 14.6120 	 1.1299 	 0.0000 	 0.0000 	 84.3768 	 45.0000 	 0.2272 	 0.5266 	 0.3577 	 1.0454 	 7.2976 	 6.2117 	 1.9142 	 0.0000 	 1.0825 	 0.0041 
43.0000 	 0.0185 	 0.2776 	 0.4391 	 1.5635 	 0.2051 	 8.3984 	 5.2930 	 0.0000 	 0.0473 	 73.1738 	 43.0000 	 0.2739 	 0.7514 	 0.9406 	 12.9523 	 7.6169 	 -7.5977 	 -2.1887 	 0.0000 	 2.0530 	 1.0096 
44.0000 	 0.0225 	 0.5035 	 0.1847 	 1.0447 	 1.4217 	 10.5516 	 0.2762 	 0.0000 	 0.0456 	 83.7839 	 44.0000 	 0.7549 	 0.2335 	 0.1011 	 13.6969 	 0.3914 	 2.1426 	 -1.3455 	 0.0000 	 2.0550 	 0.0037 
42.0000 	 0.2961 	 0.1024 	 0.6901 	 3.0575 	 2.6890 	 9.5280 	 10.4255 	 0.0000 	 1.1194 	 83.4399 	 42.0000 	 0.8055 	 0.8531 	 0.3379 	 9.7539 	 1.2759 	 7.4472 	 -2.7187 	 0.0000 	 1.6444 	 0.0056 
43.0000 	 0.1548 	 0.0575 	 0.5305 	 6.9041 	 9.8477 	 9.8799 	 7.1218 	 0.0000 	 0.0000 	 86.3108 	 43.0000 	 0.7157 	 0.6119 	 0.2327 	 14.6764 	 0.1555 	 1.8382 	 1.3458 	 0.0000 	 2.1317 	 0.0066 
41.0000 	 0.0328 	 0.0780 	 0.2360 	 7.4704 	 5.3372 	 12.2126 	 1.2696 	 0.0000 	 0.7590 	 83.2909 	 41.0000 	 0.2667 	 0.5296 	 0.8255 	 4.0025 	 4.0990 	 -7.5430 	 -0.3554 	 0.0000 	 2.7770 	 0.0030 
40.0000 	 0.4391 	 0.6012 	 0.3907 	 11.2242 	 5.0259 	 10.7781 	 2.4711 	 0.0000 	 0.9950 	 83.1551 	 40.0000 	 0.3376 	 0.9565 	 0.4265 	 12.6890 	 8.3234 	 5.9574 	 2.4831 	 0.0000 	 2.4374 	 0.0016 
41.0000 	 0.0486 	 0.4498 	 0.2589 	 1.1232 	 15.6544 	 13.4578 	 3.2727 	 0.0000 	 0.9207 	 83.1442 	 41.0000 	 0.9552 	 0.0248 	 0.5814 	 14.8598 	 9.4818 	 6.4318 	 2.6804 	 0.0000 	 2.7598 	 0.0011 
40.0000 	 0.0014 	 0.2411 	 0.1763 	 2.6377 	 11.5173 	 6.0791 	 -0.7300 	 0.0000 	 0.5159 	 93.6349 	 40.0000 	 0.7082 	 0.7262 	 0.4201 	 4.6205 	 2.8478 	 3.5915 	 1.5455 	 0.0000 	 1.9089 	 0.0133 
39.0000 	 0.0137 	 0.2243 	 0.4141 	 1.0005 	 1.4826 	 9.8063 	 4.9692 	 0.0000 	 1.4718 	 83.9341 	 39.0000 	 0.0809 	 0.6766 	 0.2772 	 1.6364 	 3.4201 	 3.0065 	 1.1383 	 0.0000 	 2.9269 	 0.0074 
42.0000 	 0.2262 	 0.1483 	 0.4607 	 3.6269 	 21.9128 	 14.4582 	 3.6502 	 0.0000 	 0.0000 	 84.6856 	 42.0000 	 0.2308 	 0.2299 	 0.8272 	 1.4917 	 8.5922 	 -3.6803 	 -0.4669 	 0.0000 	 0.0005 	 0.0025 
41.0000 	 0.0080 	 0.3205 	 0.2497 	 1.0246 	 5.2668 	 9.7800 	 16.5132 	 0.0000 	 1.1891 	 83.1390 	 41.0000 	 0.2992 	 0.6099 	 0.4330 	 14.5996 	 2.9737 	 2.3421 	 -1.2015 	 0.0000 	 1.8472 	 0.0012 
39.0000 	 0.0299 	 0.1273 	 0.2813 	 5.5726 	 2.6635 	 9.1596 	 1.5442 	 0.0000 	 0.0000 	 87.0556 	 39.0000 	 0.1962 	 0.4894 	 0.8674 	 1.3737 	 8.9818 	 -9.6591 	 -3.3149 	 0.0000 	 2.4565 	 0.0078 
36.0000 	 0.1020 	 0.2515 	 0.3491 	 3.2370 	 5.5417 	 9.8892 	 3.8092 	 0.0000 	 0.0000 	 86.1607 	 36.0000 	 0.7504 	 0.7747 	 0.0425 	 14.8914 	 7.6339 	 4.6677 	 3.3406 	 0.0000 	 0.0760 	 0.0106 
40.0000 	 0.5909 	 0.1833 	 0.8113 	 2.3902 	 4.4727 	 9.8926 	 1.8945 	 0.0000 	 0.2181 	 86.4733 	 40.0000 	 0.1808 	 0.2367 	 0.3213 	 4.8336 	 4.6417 	 -4.8059 	 0.7204 	 0.0000 	 0.0564 	 0.1775 
36.0000 	 0.0069 	 0.4777 	 0.1065 	 13.1893 	 4.1404 	 10.8564 	 1.4778 	 0.0000 	 0.8200 	 83.3043 	 36.0000 	 0.9177 	 0.2671 	 0.6799 	 1.0987 	 1.7182 	 -4.3036 	 1.0717 	 0.0000 	 0.3080 	 0.0017 
37.0000 	 0.0105 	 0.0692 	 0.2138 	 12.3361 	 8.1079 	 9.8619 	 5.0641 	 0.0000 	 0.0488 	 87.6508 	 37.0000 	 0.1248 	 0.9797 	 0.1393 	 6.1638 	 5.3697 	 -1.9017 	 4.5000 	 0.0000 	 1.0319 	 0.0119 
38.0000 	 0.0013 	 0.0402 	 0.4827 	 3.4571 	 3.6410 	 11.8247 	 0.7869 	 0.0000 	 0.0012 	 84.5131 	 38.0000 	 0.3014 	 0.3192 	 0.4059 	 12.2109 	 5.6861 	 -6.2808 	 -2.1296 	 0.0000 	 1.3972 	 0.0115 
39.0000 	 0.0381 	 0.0246 	 0.6356 	 8.7625 	 3.1689 	 8.6412 	 10.4653 	 0.0000 	 0.0000 	 91.9300 	 39.0000 	 0.9773 	 0.5664 	 0.7240 	 6.0107 	 3.7662 	 -3.5821 	 2.7905 	 0.0000 	 1.2097 	 0.0319 
33.0000 	 0.0978 	 0.0572 	 0.4390 	 8.1991 	 3.8612 	 11.0931 	 1.0135 	 0.0000 	 0.0000 	 83.6161 	 33.0000 	 0.0035 	 0.1652 	 0.7523 	 13.1629 	 0.2802 	 9.6457 	 4.5386 	 0.0000 	 1.5729 	 0.0031 
35.0000 	 0.0317 	 0.5600 	 0.1710 	 2.1557 	 9.1635 	 13.2985 	 1.7426 	 0.0000 	 0.6975 	 83.3186 	 35.0000 	 0.5146 	 0.1611 	 0.8114 	 7.9902 	 6.0166 	 -5.6106 	 -2.5453 	 0.0000 	 2.0354 	 0.0020 
33.0000 	 0.0115 	 0.0474 	 0.4039 	 22.3994 	 8.9844 	 -13.6182 	 0.6140 	 0.0000 	 0.3071 	 117.1598 	 33.0000 	 0.4345 	 0.4741 	 0.8139 	 13.3710 	 9.5343 	 -5.2641 	 0.5719 	 0.0000 	 0.0431 	 0.0791 
36.0000 	 0.0317 	 0.0618 	 0.3741 	 4.3237 	 6.6468 	 14.2450 	 0.9424 	 0.0000 	 0.0002 	 84.2217 	 36.0000 	 0.3103 	 0.1191 	 0.5962 	 9.4644 	 9.0220 	 1.6465 	 -4.3503 	 0.0000 	 1.8933 	 0.0083 
37.0000 	 0.1033 	 0.2832 	 0.3487 	 2.0372 	 5.9602 	 11.4908 	 1.9678 	 0.0000 	 0.8611 	 83.1984 	 37.0000 	 0.2682 	 0.2515 	 0.9247 	 9.7255 	 6.6992 	 -6.3056 	 1.2755 	 0.0000 	 0.2157 	 0.0013 
34.0000 	 0.1090 	 0.8288 	 0.2429 	 5.8236 	 3.2740 	 9.9024 	 6.6064 	 0.0000 	 1.1865 	 83.1201 	 34.0000 	 0.3694 	 0.1871 	 0.5887 	 1.9150 	 2.0135 	 9.6563 	 -3.7386 	 0.0000 	 2.8053 	 0.0010 
30.0000 	 0.0010 	 0.2019 	 0.3799 	 1.0703 	 5.4963 	 12.6942 	 1.0152 	 0.0000 	 0.0003 	 84.5363 	 30.0000 	 0.9061 	 0.1253 	 0.4161 	 7.5899 	 7.5816 	 -6.5927 	 -1.2149 	 0.0000 	 0.8673 	 0.0078 
36.0000 	 0.0019 	 0.1628 	 0.1930 	 4.1457 	 9.7286 	 7.1307 	 -2.3382 	 0.0000 	 0.0081 	 91.4380 	 36.0000 	 0.1318 	 0.6222 	 0.8004 	 10.2472 	 6.5283 	 8.6244 	 4.3174 	 0.0000 	 0.7860 	 0.0133 
29.0000 	 0.0098 	 0.0498 	 0.3360 	 7.0867 	 14.8095 	 10.4486 	 12.6680 	 0.0000 	 1.1847 	 83.2358 	 29.0000 	 0.9787 	 0.5571 	 0.2281 	 10.2083 	 4.1743 	 -3.5062 	 -2.2966 	 0.0000 	 2.5548 	 0.0028 
