50.0000 	 0.0061 	 7.8115 	 0.3754 	 -2.4802 	 0.0000 	 1.7282 	 811.1943 	 50.0000 	 2.3458 	 9.2028 	 -3.2775 	 1.5241 	 0.0000 	 2.3759 	 0.0000 
50.0000 	 2.8850 	 7.4316 	 6.7773 	 1.2793 	 0.0000 	 0.0000 	 771.2611 	 50.0000 	 0.2564 	 8.4723 	 9.6011 	 2.8477 	 0.0000 	 1.0444 	 0.3708 
49.0000 	 1.6170 	 3.9845 	 2.1773 	 -1.8728 	 0.0000 	 1.3152 	 657.6659 	 49.0000 	 1.4614 	 3.9931 	 2.3347 	 -2.3839 	 0.0000 	 1.2486 	 0.0031 
50.0000 	 1.6732 	 1.9909 	 1.7682 	 0.1803 	 0.0000 	 0.0514 	 666.6208 	 50.0000 	 2.2118 	 0.0790 	 9.7393 	 3.0935 	 0.0000 	 2.3319 	 0.0201 
49.0000 	 1.6396 	 2.0383 	 2.1014 	 -0.2937 	 0.0000 	 1.1314 	 653.1557 	 49.0000 	 0.8087 	 3.3328 	 -6.8035 	 -4.7430 	 0.0000 	 2.1349 	 0.0022 
49.0000 	 1.6439 	 1.9592 	 1.7441 	 0.1899 	 0.0000 	 0.0000 	 666.3011 	 49.0000 	 2.1328 	 2.2730 	 2.2216 	 0.4414 	 0.0000 	 1.9720 	 0.0227 
50.0000 	 1.6587 	 2.0365 	 2.0930 	 -0.2871 	 0.0000 	 1.1309 	 653.1749 	 50.0000 	 1.0136 	 2.5422 	 9.6793 	 -1.7966 	 0.0000 	 1.8151 	 0.0024 
50.0000 	 1.6653 	 2.0633 	 2.1244 	 -0.3145 	 0.0000 	 1.1346 	 653.1848 	 50.0000 	 1.3556 	 0.7724 	 -4.7362 	 3.8077 	 0.0000 	 0.8737 	 0.0025 
50.0000 	 1.6611 	 2.0886 	 2.0794 	 -0.3021 	 0.0000 	 1.1209 	 653.1884 	 50.0000 	 1.8067 	 8.0076 	 0.1721 	 2.7145 	 0.0000 	 1.0938 	 0.0018 
49.0000 	 1.6019 	 4.8078 	 3.3305 	 -9.0549 	 0.0000 	 1.4236 	 663.0774 	 49.0000 	 0.8495 	 8.7258 	 -1.7518 	 -3.7504 	 0.0000 	 2.4614 	 0.0031 
49.0000 	 1.6457 	 2.0380 	 2.1242 	 -0.2959 	 0.0000 	 1.1302 	 653.1575 	 49.0000 	 2.5835 	 0.5451 	 6.8120 	 0.7153 	 0.0000 	 1.6332 	 0.0017 
49.0000 	 0.0011 	 5.1343 	 -1.5015 	 -1.0333 	 0.0000 	 1.6961 	 811.2467 	 49.0000 	 0.5187 	 1.6246 	 -8.0376 	 4.0655 	 0.0000 	 0.2031 	 0.1049 
50.0000 	 1.6609 	 2.0455 	 2.1077 	 -0.2997 	 0.0000 	 1.1354 	 653.1746 	 50.0000 	 2.3634 	 8.1432 	 -0.5046 	 -2.3442 	 0.0000 	 1.1868 	 0.0023 
50.0000 	 1.5860 	 16.7895 	 0.6490 	 -5.0393 	 0.0000 	 1.3711 	 663.0310 	 50.0000 	 1.1248 	 9.5187 	 -5.0477 	 -1.7703 	 0.0000 	 2.4503 	 0.0064 
48.0000 	 1.6247 	 2.0034 	 2.1406 	 -0.2886 	 0.0000 	 1.1374 	 653.1433 	 48.0000 	 1.1917 	 8.3147 	 3.3443 	 -2.1043 	 0.0000 	 0.0259 	 0.0021 
47.0000 	 1.6030 	 2.0051 	 2.1028 	 -0.2657 	 0.0000 	 1.1254 	 653.1094 	 47.0000 	 1.8126 	 7.9110 	 0.2514 	 2.1161 	 0.0000 	 0.2262 	 0.0020 
47.0000 	 1.6139 	 1.9958 	 1.7634 	 0.1710 	 0.0000 	 0.0000 	 665.5105 	 47.0000 	 0.6876 	 5.7563 	 7.9382 	 -2.8680 	 0.0000 	 0.8555 	 0.0174 
48.0000 	 1.5435 	 0.0879 	 1.4648 	 3.6230 	 0.0000 	 0.0000 	 835.0216 	 48.0000 	 1.5258 	 2.0192 	 -5.6448 	 -4.5569 	 0.0000 	 1.3612 	 0.1198 
49.0000 	 1.6395 	 2.0050 	 2.1084 	 -0.2733 	 0.0000 	 1.1311 	 653.1535 	 49.0000 	 0.2564 	 8.4723 	 9.6011 	 2.8477 	 0.0000 	 1.0444 	 0.0022 
48.0000 	 1.6208 	 1.9631 	 2.1359 	 -0.2670 	 0.0000 	 1.1417 	 653.1394 	 48.0000 	 1.6313 	 3.7316 	 7.8432 	 -0.2509 	 0.0000 	 1.6374 	 0.0024 
46.0000 	 0.0028 	 5.0110 	 0.6849 	 -1.7641 	 0.0000 	 1.7293 	 811.1960 	 46.0000 	 1.8170 	 0.1526 	 -6.6172 	 2.5226 	 0.0000 	 0.4091 	 0.0000 
47.0000 	 0.0010 	 4.9120 	 -0.2696 	 -1.2941 	 0.0000 	 1.7254 	 811.2191 	 47.0000 	 0.6563 	 5.5227 	 -6.1145 	 2.8046 	 0.0000 	 2.5316 	 0.0000 
47.0000 	 0.0010 	 7.9187 	 -1.0628 	 -1.7258 	 0.0000 	 1.7299 	 811.1970 	 47.0000 	 0.0495 	 2.3701 	 -6.4612 	 -2.9388 	 0.0000 	 0.7714 	 0.0000 
47.0000 	 0.0237 	 9.4738 	 -0.7151 	 -2.2341 	 0.0000 	 1.7281 	 811.1948 	 47.0000 	 0.1245 	 5.2743 	 -1.0605 	 -1.2799 	 0.0000 	 0.4827 	 0.0000 
49.0000 	 1.6602 	 2.0365 	 1.7702 	 0.1622 	 0.0000 	 0.0000 	 666.2952 	 49.0000 	 0.3087 	 0.5431 	 0.4830 	 -0.5381 	 0.0000 	 1.1376 	 0.0229 
46.0000 	 4.2725 	 4.9601 	 9.3496 	 0.4758 	 0.0000 	 0.0001 	 740.2161 	 46.0000 	 1.7943 	 6.0548 	 0.3402 	 2.8285 	 0.0000 	 1.2350 	 0.0364 
48.0000 	 1.6253 	 1.9739 	 2.1411 	 -0.2670 	 0.0000 	 1.1331 	 653.1349 	 48.0000 	 2.2518 	 5.6561 	 7.0246 	 0.9366 	 0.0000 	 1.0872 	 0.0020 
49.0000 	 5.7789 	 10.0686 	 14.1158 	 0.7681 	 0.0000 	 1.2586 	 753.6427 	 49.0000 	 0.3403 	 2.1849 	 -6.4650 	 -1.7514 	 0.0000 	 0.8357 	 0.0751 
45.0000 	 2.8181 	 9.9219 	 0.7812 	 -9.7656 	 0.0000 	 0.0000 	 1633.8026 	 45.0000 	 2.2645 	 5.4906 	 -3.5006 	 -1.6358 	 0.0000 	 0.9959 	 0.2940 
48.0000 	 1.6210 	 2.0467 	 2.0886 	 -0.2840 	 0.0000 	 1.1222 	 653.1380 	 48.0000 	 2.9953 	 4.5907 	 -2.0758 	 3.7811 	 0.0000 	 0.8944 	 0.0023 
47.0000 	 0.0039 	 2.1216 	 2.0256 	 -1.4116 	 0.0000 	 1.7348 	 811.2036 	 47.0000 	 0.0084 	 4.8915 	 0.0096 	 2.0526 	 0.0000 	 1.1640 	 0.0009 
46.0000 	 1.5850 	 1.9748 	 2.0935 	 -0.2363 	 0.0000 	 1.1216 	 653.0957 	 46.0000 	 0.4409 	 2.7429 	 -4.4717 	 -1.5348 	 0.0000 	 0.4835 	 0.0022 
43.0000 	 1.5267 	 1.9302 	 2.1076 	 -0.1968 	 0.0000 	 1.1042 	 653.0381 	 43.0000 	 0.4978 	 2.3723 	 9.8768 	 -0.2982 	 0.0000 	 2.6997 	 0.0018 
47.0000 	 1.6015 	 1.9346 	 2.1331 	 -0.2397 	 0.0000 	 1.1336 	 653.1236 	 47.0000 	 1.6187 	 8.7724 	 0.2343 	 -0.5435 	 0.0000 	 0.1703 	 0.0026 
46.0000 	 1.5880 	 1.9837 	 2.1284 	 -0.2684 	 0.0000 	 1.1465 	 653.1116 	 46.0000 	 2.9378 	 5.3424 	 5.3132 	 -4.3632 	 0.0000 	 1.9704 	 0.0023 
45.0000 	 1.5694 	 1.9725 	 2.1360 	 -0.2508 	 0.0000 	 1.1214 	 653.0738 	 45.0000 	 2.9477 	 2.3397 	 -4.8138 	 -2.9752 	 0.0000 	 1.4446 	 0.0027 
47.0000 	 1.6044 	 2.0163 	 2.0971 	 -0.2643 	 0.0000 	 1.1181 	 653.1157 	 47.0000 	 2.7203 	 2.4365 	 7.2083 	 -0.2011 	 0.0000 	 2.6601 	 0.0031 
45.0000 	 1.5626 	 1.9740 	 2.0928 	 -0.2338 	 0.0000 	 1.1161 	 653.0749 	 45.0000 	 0.9250 	 2.0760 	 6.3608 	 2.9228 	 0.0000 	 2.2425 	 0.0022 
45.0000 	 0.0336 	 3.7917 	 1.3582 	 -1.7495 	 0.0000 	 1.7285 	 811.1982 	 45.0000 	 0.0647 	 6.4949 	 2.2699 	 -1.7959 	 0.0000 	 0.8396 	 0.0000 
46.0000 	 1.5850 	 1.9921 	 2.1123 	 -0.2593 	 0.0000 	 1.1284 	 653.0962 	 46.0000 	 1.0555 	 2.3717 	 -2.8798 	 3.5804 	 0.0000 	 2.8797 	 0.0027 
45.0000 	 1.5492 	 2.1348 	 1.9723 	 -0.2835 	 0.0000 	 1.0939 	 653.1602 	 45.0000 	 2.6960 	 2.3154 	 3.1227 	 -1.4855 	 0.0000 	 0.5510 	 0.0033 
43.0000 	 1.5252 	 1.9827 	 2.0859 	 -0.2285 	 0.0000 	 1.1076 	 653.0256 	 43.0000 	 2.6098 	 6.1861 	 -8.8942 	 -2.7215 	 0.0000 	 1.1633 	 0.0021 
43.0000 	 1.5247 	 2.0319 	 2.0811 	 -0.2622 	 0.0000 	 1.1072 	 653.0361 	 43.0000 	 1.8876 	 0.0167 	 -2.5469 	 -3.7508 	 0.0000 	 0.8797 	 0.0025 
43.0000 	 2.4213 	 25.6553 	 4.4257 	 27.7136 	 0.0000 	 0.0000 	 1352.1515 	 43.0000 	 0.1626 	 7.9444 	 3.7389 	 1.3147 	 0.0000 	 2.1275 	 0.7426 
46.0000 	 1.5865 	 1.9967 	 2.1105 	 -0.2585 	 0.0000 	 1.1220 	 653.0945 	 46.0000 	 2.3916 	 3.0481 	 -8.4902 	 1.0811 	 0.0000 	 1.6442 	 0.0021 
45.0000 	 1.5776 	 1.9886 	 1.7609 	 0.1786 	 0.0000 	 0.0000 	 664.6568 	 45.0000 	 0.7781 	 7.8910 	 -8.6713 	 4.8258 	 0.0000 	 1.1321 	 0.0173 
44.0000 	 1.5413 	 2.0264 	 2.0666 	 -0.2560 	 0.0000 	 1.1140 	 653.0558 	 44.0000 	 0.9973 	 0.1854 	 -4.4318 	 0.2067 	 0.0000 	 2.4790 	 0.0023 
44.0000 	 1.5496 	 1.9544 	 1.7843 	 0.1838 	 0.0000 	 0.0000 	 664.3231 	 44.0000 	 0.4455 	 7.1252 	 -5.7374 	 0.4266 	 0.0000 	 0.0571 	 0.0206 
42.0000 	 1.5038 	 1.9616 	 2.0829 	 -0.2142 	 0.0000 	 1.1068 	 653.0128 	 42.0000 	 1.3100 	 8.8606 	 3.3102 	 0.5036 	 0.0000 	 2.3846 	 0.0021 
44.0000 	 1.5473 	 1.9774 	 2.1086 	 -0.2330 	 0.0000 	 1.1041 	 653.0548 	 44.0000 	 1.3284 	 5.9124 	 -3.7785 	 -0.8737 	 0.0000 	 0.2827 	 0.0024 
42.0000 	 0.0011 	 4.1553 	 3.3044 	 -19.8506 	 0.0000 	 1.7288 	 811.1997 	 42.0000 	 0.2346 	 3.2574 	 0.6118 	 4.0888 	 0.0000 	 0.0724 	 0.0000 
45.0000 	 1.5762 	 1.9907 	 1.7766 	 0.1700 	 0.0000 	 0.0008 	 664.6739 	 45.0000 	 1.6561 	 2.3959 	 -4.8626 	 -4.8545 	 0.0000 	 1.9260 	 0.0257 
43.0000 	 1.5342 	 2.0015 	 1.7392 	 0.1698 	 0.0000 	 0.0000 	 663.8575 	 43.0000 	 0.8177 	 6.0252 	 1.9830 	 3.9450 	 0.0000 	 0.4741 	 0.0173 
45.0000 	 1.5683 	 1.9545 	 2.1345 	 -0.2393 	 0.0000 	 1.1231 	 653.0774 	 45.0000 	 2.0234 	 7.6567 	 -8.5223 	 0.8376 	 0.0000 	 0.4611 	 0.0018 
43.0000 	 1.5333 	 2.0011 	 2.1257 	 -0.2587 	 0.0000 	 1.1110 	 653.0447 	 43.0000 	 0.7628 	 7.8970 	 7.1048 	 2.6467 	 0.0000 	 2.5006 	 0.0022 
43.0000 	 1.5370 	 1.9504 	 1.7886 	 0.1891 	 0.0000 	 0.0127 	 663.8562 	 43.0000 	 2.0241 	 6.6517 	 -3.1291 	 0.8582 	 0.0000 	 1.0798 	 0.0186 
40.0000 	 0.0010 	 0.0000 	 3.5645 	 -1.3086 	 0.0000 	 1.7124 	 807.3148 	 40.0000 	 2.0290 	 4.8256 	 -8.8918 	 -0.2653 	 0.0000 	 0.5125 	 0.1162 
42.0000 	 1.5037 	 2.0185 	 2.0777 	 -0.2533 	 0.0000 	 1.1084 	 653.0133 	 42.0000 	 0.9351 	 5.5769 	 -3.2589 	 -0.7388 	 0.0000 	 1.7932 	 0.0018 
44.0000 	 0.0291 	 7.5540 	 3.0606 	 -16.2551 	 0.0000 	 1.7283 	 811.1944 	 44.0000 	 2.0467 	 6.8242 	 -2.8341 	 1.9082 	 0.0000 	 0.4494 	 0.0000 
42.0000 	 0.0010 	 10.5248 	 -1.0405 	 -2.3053 	 0.0000 	 1.7280 	 811.1945 	 42.0000 	 0.6089 	 2.8839 	 -4.2221 	 -1.9174 	 0.0000 	 1.0185 	 0.0000 
41.0000 	 1.4816 	 1.9456 	 2.1024 	 -0.2173 	 0.0000 	 1.1122 	 652.9865 	 41.0000 	 0.1773 	 6.9724 	 4.5734 	 -1.7757 	 0.0000 	 0.8478 	 0.0022 
43.0000 	 1.5282 	 2.0373 	 2.0869 	 -0.2645 	 0.0000 	 1.1067 	 653.0446 	 43.0000 	 2.0783 	 5.4928 	 -0.6978 	 -3.5828 	 0.0000 	 1.2787 	 0.0020 
45.0000 	 1.5599 	 2.0066 	 2.0843 	 -0.2587 	 0.0000 	 1.1292 	 653.0801 	 45.0000 	 2.0186 	 1.5807 	 4.9276 	 -2.4368 	 0.0000 	 2.3588 	 0.0019 
44.0000 	 1.5488 	 1.9600 	 2.1369 	 -0.2466 	 0.0000 	 1.1231 	 653.0596 	 44.0000 	 0.9054 	 1.8727 	 2.3223 	 1.2601 	 0.0000 	 1.5231 	 0.0023 
42.0000 	 1.5141 	 1.9122 	 1.8159 	 0.2000 	 0.0000 	 0.0000 	 663.3969 	 42.0000 	 1.3999 	 5.6805 	 3.6546 	 1.8291 	 0.0000 	 1.7973 	 0.0243 
44.0000 	 1.5558 	 1.9579 	 1.7753 	 0.1847 	 0.0000 	 0.0000 	 664.2783 	 44.0000 	 1.4770 	 5.8241 	 -5.0986 	 -2.2211 	 0.0000 	 2.7044 	 0.0192 
44.0000 	 1.5509 	 1.9610 	 2.1352 	 -0.2408 	 0.0000 	 1.1214 	 653.0572 	 44.0000 	 0.1938 	 3.3768 	 -1.2109 	 3.3367 	 0.0000 	 0.3795 	 0.0022 
40.0000 	 1.4625 	 1.9733 	 2.0874 	 -0.2205 	 0.0000 	 1.0969 	 652.9654 	 40.0000 	 0.1165 	 6.3373 	 -4.4851 	 -0.4566 	 0.0000 	 1.0677 	 0.0024 
42.0000 	 1.5099 	 1.9975 	 2.1182 	 -0.2483 	 0.0000 	 1.1039 	 653.0193 	 42.0000 	 0.3146 	 7.7373 	 2.4035 	 -1.4195 	 0.0000 	 1.6713 	 0.0026 
38.0000 	 1.4173 	 1.9478 	 2.1092 	 -0.2204 	 0.0000 	 1.1057 	 652.9347 	 38.0000 	 2.4565 	 4.4148 	 -1.0940 	 4.9738 	 0.0000 	 2.8141 	 0.0021 
42.0000 	 1.5086 	 1.9803 	 2.1014 	 -0.2232 	 0.0000 	 1.0935 	 653.0092 	 42.0000 	 1.0516 	 7.7810 	 3.7706 	 1.3072 	 0.0000 	 1.3871 	 0.0020 
41.0000 	 1.5058 	 1.9470 	 1.8500 	 0.1812 	 0.0000 	 0.0000 	 663.0587 	 41.0000 	 1.3367 	 2.7165 	 -3.4004 	 3.8945 	 0.0000 	 0.1336 	 0.0217 
40.0000 	 1.4608 	 1.9994 	 2.0846 	 -0.2441 	 0.0000 	 1.1057 	 652.9794 	 40.0000 	 0.0278 	 6.4276 	 -6.7702 	 4.5011 	 0.0000 	 0.7198 	 0.0020 
41.0000 	 1.4865 	 1.9809 	 2.1216 	 -0.2475 	 0.0000 	 1.1094 	 652.9961 	 41.0000 	 1.4789 	 7.5041 	 -2.2967 	 -4.3212 	 0.0000 	 2.7889 	 0.0021 
39.0000 	 1.4505 	 1.9490 	 1.7767 	 0.1805 	 0.0000 	 0.0000 	 662.0561 	 39.0000 	 2.2830 	 7.0341 	 -9.5325 	 -0.1562 	 0.0000 	 0.1581 	 0.0217 
40.0000 	 1.4647 	 1.9480 	 2.0874 	 -0.1986 	 0.0000 	 1.0946 	 652.9645 	 40.0000 	 2.9219 	 7.6868 	 -6.7790 	 -1.7589 	 0.0000 	 0.7724 	 0.0019 
43.0000 	 1.5267 	 1.9503 	 2.1208 	 -0.2289 	 0.0000 	 1.1182 	 653.0326 	 43.0000 	 2.2105 	 3.0178 	 9.6166 	 0.3311 	 0.0000 	 1.0461 	 0.0019 
39.0000 	 0.0058 	 7.7855 	 -0.8294 	 -1.7895 	 0.0000 	 1.7233 	 811.2007 	 39.0000 	 1.3583 	 9.9156 	 6.6913 	 -0.9917 	 0.0000 	 2.6319 	 0.0000 
41.0000 	 1.4850 	 1.9767 	 2.1118 	 -0.2399 	 0.0000 	 1.1083 	 652.9868 	 41.0000 	 1.7860 	 3.7064 	 4.9475 	 3.6603 	 0.0000 	 0.9849 	 0.0024 
37.0000 	 1.3974 	 1.9607 	 2.0526 	 -0.1811 	 0.0000 	 1.0694 	 652.8942 	 37.0000 	 1.1667 	 0.7153 	 -5.0291 	 4.8481 	 0.0000 	 1.3290 	 0.0029 
40.0000 	 1.4657 	 1.9229 	 2.1118 	 -0.1934 	 0.0000 	 1.0974 	 652.9689 	 40.0000 	 2.5090 	 1.2007 	 -4.6074 	 0.7586 	 0.0000 	 2.1472 	 0.0020 
39.0000 	 1.3796 	 10.1416 	 3.3704 	 -22.5952 	 0.0000 	 1.4564 	 664.7017 	 39.0000 	 2.5112 	 3.3361 	 -8.7973 	 -3.7362 	 0.0000 	 2.3318 	 0.0046 
37.0000 	 1.3994 	 1.8942 	 2.0791 	 -0.1459 	 0.0000 	 1.0744 	 652.8997 	 37.0000 	 1.2337 	 0.4092 	 -4.4504 	 -1.9682 	 0.0000 	 0.7553 	 0.0019 
36.0000 	 0.0010 	 3.6726 	 -0.1485 	 -0.9960 	 0.0000 	 1.7417 	 811.3786 	 36.0000 	 1.6493 	 9.6393 	 -8.2344 	 -1.9729 	 0.0000 	 1.3261 	 0.0014 
38.0000 	 1.4202 	 1.9412 	 2.0774 	 -0.1885 	 0.0000 	 1.0900 	 652.9129 	 38.0000 	 2.1290 	 7.4020 	 9.6553 	 -0.0564 	 0.0000 	 0.0432 	 0.0021 
39.0000 	 1.4386 	 1.9303 	 2.0638 	 -0.1755 	 0.0000 	 1.0868 	 652.9454 	 39.0000 	 0.2315 	 3.6331 	 -9.9643 	 3.4704 	 0.0000 	 1.1150 	 0.0022 
38.0000 	 1.4334 	 1.9659 	 1.7952 	 0.1721 	 0.0000 	 0.0000 	 661.6496 	 38.0000 	 1.1129 	 7.9719 	 -8.6669 	 -1.4846 	 0.0000 	 1.4136 	 0.0165 
39.0000 	 1.4457 	 2.0196 	 1.6848 	 0.1642 	 0.0000 	 0.0011 	 662.1266 	 39.0000 	 2.4779 	 3.2788 	 -1.5993 	 -3.7080 	 0.0000 	 0.9200 	 0.0177 
38.0000 	 1.4195 	 2.0131 	 2.0235 	 -0.2022 	 0.0000 	 1.0762 	 652.9476 	 38.0000 	 2.3215 	 0.2025 	 2.4072 	 2.6684 	 0.0000 	 1.3680 	 0.0021 
41.0000 	 1.4889 	 1.9224 	 2.1170 	 -0.1916 	 0.0000 	 1.0925 	 652.9901 	 41.0000 	 2.7949 	 2.5242 	 -8.0393 	 -4.7388 	 0.0000 	 2.1442 	 0.0028 
42.0000 	 1.5056 	 0.0000 	 3.2606 	 8.3691 	 0.0000 	 1.8327 	 679.2776 	 42.0000 	 2.1048 	 9.7236 	 7.0564 	 1.9614 	 0.0000 	 0.8220 	 0.0020 
36.0000 	 1.3620 	 1.9330 	 1.6607 	 0.1897 	 0.0000 	 0.0000 	 660.7360 	 36.0000 	 0.1442 	 5.7489 	 -4.8915 	 3.5669 	 0.0000 	 2.8095 	 0.0193 
36.0000 	 0.0012 	 4.2255 	 -0.6450 	 -1.0108 	 0.0000 	 1.7316 	 811.3818 	 36.0000 	 0.5541 	 8.1493 	 6.6775 	 4.7524 	 0.0000 	 0.7808 	 0.0000 
38.0000 	 1.4169 	 1.9391 	 2.0865 	 -0.2015 	 0.0000 	 1.0938 	 652.9273 	 38.0000 	 0.0082 	 2.4677 	 1.6175 	 -3.5417 	 0.0000 	 2.3364 	 0.0023 
36.0000 	 0.0025 	 3.4473 	 3.2886 	 -13.7378 	 0.0000 	 1.7566 	 811.2574 	 36.0000 	 2.5861 	 7.6664 	 7.4840 	 -4.2436 	 0.0000 	 1.0649 	 0.0038 
38.0000 	 1.4448 	 1.9015 	 1.8908 	 0.1961 	 0.0000 	 0.0000 	 661.7057 	 38.0000 	 1.9026 	 9.8976 	 8.0680 	 0.7823 	 0.0000 	 0.4184 	 0.0195 
37.0000 	 1.3137 	 5.5905 	 3.2331 	 -10.7416 	 0.0000 	 1.4826 	 664.0624 	 37.0000 	 1.6242 	 6.1520 	 -5.4662 	 -2.0979 	 0.0000 	 1.7274 	 0.0050 
37.0000 	 3.2136 	 17.5976 	 6.3908 	 5.4274 	 0.0000 	 1.7948 	 740.7628 	 37.0000 	 0.8922 	 7.9727 	 -8.2887 	 -2.4439 	 0.0000 	 1.1349 	 0.0319 
39.0000 	 1.4408 	 1.9496 	 2.0948 	 -0.2083 	 0.0000 	 1.0999 	 652.9423 	 39.0000 	 0.7555 	 0.8027 	 -0.8500 	 0.9343 	 0.0000 	 1.3788 	 0.0024 
36.0000 	 1.3759 	 1.9226 	 2.0674 	 -0.1575 	 0.0000 	 1.0618 	 652.8689 	 36.0000 	 2.2030 	 4.2223 	 9.1951 	 -2.9109 	 0.0000 	 2.2633 	 0.0022 
34.0000 	 1.3079 	 1.8705 	 1.6581 	 0.2111 	 0.0000 	 0.0000 	 659.8562 	 34.0000 	 1.9672 	 7.3732 	 -3.3278 	 1.1583 	 0.0000 	 2.3957 	 0.0165 
37.0000 	 1.3973 	 1.8912 	 1.7618 	 0.2039 	 0.0000 	 0.0037 	 661.1591 	 37.0000 	 0.8781 	 7.7724 	 2.4739 	 0.1331 	 0.0000 	 1.9497 	 0.0164 
35.0000 	 1.2915 	 7.6364 	 0.9329 	 -2.2861 	 0.0000 	 1.3071 	 660.2366 	 35.0000 	 0.6152 	 8.4397 	 8.6442 	 -3.5391 	 0.0000 	 2.9477 	 0.0077 
35.0000 	 1.3522 	 1.9361 	 2.0627 	 -0.1666 	 0.0000 	 1.0676 	 652.8489 	 35.0000 	 2.8044 	 7.6714 	 6.8873 	 -1.2273 	 0.0000 	 2.5527 	 0.0025 
33.0000 	 1.3089 	 1.9457 	 2.0736 	 -0.1688 	 0.0000 	 1.0480 	 652.8207 	 33.0000 	 0.6288 	 7.4309 	 8.5581 	 4.9758 	 0.0000 	 2.8154 	 0.0025 
35.0000 	 1.3433 	 1.7710 	 1.7499 	 0.2590 	 0.0000 	 0.0079 	 660.4128 	 35.0000 	 0.3377 	 5.8751 	 0.1343 	 2.2645 	 0.0000 	 2.3799 	 0.0155 
35.0000 	 1.3530 	 1.9492 	 2.0642 	 -0.1811 	 0.0000 	 1.0711 	 652.8542 	 35.0000 	 1.7676 	 1.1763 	 7.1997 	 -0.2714 	 0.0000 	 1.1868 	 0.0018 
34.0000 	 0.0010 	 15.1189 	 0.7372 	 -5.4384 	 0.0000 	 1.7413 	 811.2069 	 34.0000 	 2.0185 	 9.8115 	 1.7928 	 -4.5008 	 0.0000 	 2.3596 	 0.0003 
37.0000 	 1.3889 	 1.9268 	 2.0601 	 -0.1762 	 0.0000 	 1.0987 	 652.9166 	 37.0000 	 2.0877 	 4.6303 	 1.3157 	 -2.0778 	 0.0000 	 2.9745 	 0.0023 
31.0000 	 1.2638 	 1.8269 	 2.0945 	 -0.0841 	 0.0000 	 1.0324 	 652.7791 	 31.0000 	 1.6730 	 4.2072 	 -1.3367 	 2.0466 	 0.0000 	 1.1949 	 0.0029 
39.0000 	 1.4543 	 1.9204 	 1.8121 	 0.1911 	 0.0000 	 0.0000 	 662.1016 	 39.0000 	 1.1684 	 8.8796 	 -8.8343 	 -2.8664 	 0.0000 	 0.4373 	 0.0188 
33.0000 	 1.3030 	 1.9058 	 2.0315 	 -0.1291 	 0.0000 	 1.0496 	 652.8076 	 33.0000 	 2.3872 	 9.4369 	 2.2780 	 -4.9761 	 0.0000 	 2.5176 	 0.0024 
31.0000 	 1.2509 	 0.0000 	 3.2422 	 10.5273 	 0.0000 	 1.8052 	 677.7534 	 31.0000 	 2.5542 	 3.8945 	 -1.5204 	 4.7246 	 0.0000 	 1.2093 	 0.0209 
34.0000 	 1.3370 	 1.8974 	 1.7701 	 0.2013 	 0.0000 	 0.0002 	 659.7415 	 34.0000 	 2.8859 	 4.1921 	 5.7365 	 -2.8154 	 0.0000 	 2.8222 	 0.0145 
35.0000 	 1.3364 	 1.9721 	 1.5678 	 0.1785 	 0.0000 	 0.0002 	 660.3753 	 35.0000 	 0.5189 	 6.5204 	 6.6541 	 1.6172 	 0.0000 	 1.2278 	 0.0188 
31.0000 	 1.2057 	 4.9655 	 3.4495 	 -12.5760 	 0.0000 	 1.4276 	 663.8222 	 31.0000 	 2.8127 	 8.4929 	 3.3251 	 4.4820 	 0.0000 	 2.8098 	 0.0048 
32.0000 	 1.2646 	 1.9500 	 1.5775 	 0.1917 	 0.0000 	 0.0000 	 658.9892 	 32.0000 	 2.7488 	 8.4529 	 0.0124 	 -3.9600 	 0.0000 	 0.6046 	 0.0187 
30.0000 	 1.2492 	 0.0000 	 3.2484 	 20.1178 	 0.0000 	 2.0875 	 681.4132 	 30.0000 	 2.5007 	 8.6153 	 7.6898 	 -4.8236 	 0.0000 	 1.7691 	 0.0020 
29.0000 	 1.2185 	 1.8998 	 1.7471 	 0.2043 	 0.0000 	 0.0000 	 657.4723 	 29.0000 	 2.6940 	 3.6069 	 -8.6166 	 2.6548 	 0.0000 	 1.0418 	 0.0141 
30.0000 	 0.0011 	 0.0247 	 3.5065 	 -15.4889 	 0.0000 	 1.6496 	 811.6491 	 30.0000 	 1.8814 	 6.1123 	 -4.3955 	 -2.6508 	 0.0000 	 1.3960 	 0.0000 
31.0000 	 1.2504 	 1.8582 	 1.7058 	 0.2111 	 0.0000 	 0.0002 	 658.3304 	 31.0000 	 0.1927 	 0.9512 	 1.2638 	 -4.4006 	 0.0000 	 0.8483 	 0.0289 
34.0000 	 1.3315 	 1.9016 	 2.0589 	 -0.1341 	 0.0000 	 1.0532 	 652.8268 	 34.0000 	 0.5373 	 6.6024 	 -2.1823 	 -3.7950 	 0.0000 	 0.3227 	 0.0021 
29.0000 	 1.2122 	 1.8623 	 2.0396 	 -0.0795 	 0.0000 	 1.0162 	 652.7393 	 29.0000 	 2.5558 	 2.3358 	 2.3792 	 -1.1794 	 0.0000 	 2.9928 	 0.0024 
30.0000 	 1.2348 	 1.8662 	 2.0463 	 -0.0942 	 0.0000 	 1.0295 	 652.7476 	 30.0000 	 1.8067 	 2.7878 	 -7.8272 	 -2.7756 	 0.0000 	 1.5556 	 0.0022 
36.0000 	 1.3761 	 1.9352 	 2.0717 	 -0.1682 	 0.0000 	 1.0677 	 652.8683 	 36.0000 	 0.4431 	 4.7452 	 2.5944 	 -0.9654 	 0.0000 	 1.5813 	 0.0024 
27.0000 	 1.1620 	 1.8508 	 1.7754 	 0.2088 	 0.0000 	 0.0000 	 656.5242 	 27.0000 	 2.0278 	 3.1435 	 7.5538 	 -1.6210 	 0.0000 	 1.9169 	 0.0121 
33.0000 	 1.2156 	 6.3712 	 -1.7898 	 -0.5582 	 0.0000 	 0.0003 	 684.8818 	 33.0000 	 2.2273 	 8.3287 	 1.0901 	 4.6008 	 0.0000 	 1.9005 	 0.0243 
29.0000 	 1.2123 	 1.9102 	 2.0150 	 -0.0930 	 0.0000 	 0.9936 	 652.7439 	 29.0000 	 2.3065 	 3.5438 	 2.6599 	 -3.8687 	 0.0000 	 1.8923 	 0.0024 
28.0000 	 1.1918 	 1.9055 	 1.7704 	 0.1797 	 0.0000 	 0.1752 	 656.7082 	 28.0000 	 0.8155 	 9.5694 	 5.7879 	 2.8326 	 0.0000 	 0.9652 	 0.0144 
26.0000 	 1.1436 	 1.8200 	 2.0561 	 -0.0117 	 0.0000 	 0.9467 	 652.7493 	 26.0000 	 2.8894 	 5.3709 	 9.4162 	 -3.0376 	 0.0000 	 2.4782 	 0.0060 
27.0000 	 1.1572 	 1.8862 	 2.0107 	 -0.0791 	 0.0000 	 0.9933 	 652.7315 	 27.0000 	 1.2103 	 1.7432 	 9.7939 	 2.3706 	 0.0000 	 2.7823 	 0.0021 
29.0000 	 1.2303 	 2.1094 	 1.6602 	 0.2197 	 0.0000 	 0.0116 	 662.0372 	 29.0000 	 1.9874 	 2.2658 	 -2.1546 	 -2.4259 	 0.0000 	 0.7969 	 0.0237 
26.0000 	 1.1350 	 0.0000 	 3.2669 	 11.9381 	 0.0000 	 1.8353 	 679.3590 	 26.0000 	 0.4011 	 3.4122 	 -4.8318 	 4.2177 	 0.0000 	 1.9657 	 0.0012 
27.0000 	 1.1652 	 1.8033 	 2.0868 	 -0.0446 	 0.0000 	 0.9969 	 652.7390 	 27.0000 	 2.2433 	 4.5275 	 -3.5066 	 -4.9983 	 0.0000 	 2.8992 	 0.0021 
26.0000 	 1.1346 	 1.8490 	 1.7846 	 0.2068 	 0.0000 	 0.0117 	 656.1211 	 26.0000 	 2.9236 	 9.9300 	 -8.4700 	 -3.7829 	 0.0000 	 1.2806 	 0.0105 
30.0000 	 1.2379 	 1.8713 	 2.0591 	 -0.0944 	 0.0000 	 1.0204 	 652.7500 	 30.0000 	 1.0827 	 7.5946 	 7.2706 	 3.7033 	 0.0000 	 2.5971 	 0.0020 
24.0000 	 1.1001 	 1.9793 	 2.1290 	 -0.1694 	 0.0000 	 0.9865 	 653.0794 	 24.0000 	 1.5715 	 1.5732 	 3.8138 	 3.8039 	 0.0000 	 0.7072 	 0.0039 
23.0000 	 1.0486 	 1.8528 	 1.9830 	 -0.0219 	 0.0000 	 0.9306 	 652.8073 	 23.0000 	 0.2479 	 4.5297 	 0.9139 	 -4.9394 	 0.0000 	 2.0532 	 0.0031 
25.0000 	 1.1068 	 1.8430 	 2.0251 	 -0.0374 	 0.0000 	 0.9602 	 652.7322 	 25.0000 	 0.3508 	 5.3470 	 5.0155 	 4.5169 	 0.0000 	 1.3401 	 0.0022 
29.0000 	 1.0757 	 11.1975 	 -5.2558 	 -0.8272 	 0.0000 	 0.0000 	 699.6726 	 29.0000 	 1.4237 	 6.8130 	 8.0275 	 -4.2959 	 0.0000 	 0.1342 	 0.0641 
23.0000 	 1.0374 	 0.0000 	 3.2592 	 10.2581 	 0.0000 	 1.8299 	 679.3458 	 23.0000 	 0.6177 	 2.3126 	 -3.9226 	 -2.4962 	 0.0000 	 2.5339 	 0.0035 
23.0000 	 1.0542 	 1.8141 	 1.9845 	 0.0299 	 0.0000 	 0.8860 	 652.8037 	 23.0000 	 1.8967 	 1.6414 	 -3.6440 	 1.7523 	 0.0000 	 1.1274 	 0.0039 
28.0000 	 1.2303 	 1.3876 	 3.5620 	 -3.0899 	 0.0000 	 1.4112 	 661.6168 	 28.0000 	 1.5931 	 6.1091 	 3.9917 	 -4.7073 	 0.0000 	 1.6890 	 0.2468 
28.0000 	 1.1788 	 1.8243 	 1.9971 	 -0.0332 	 0.0000 	 0.9784 	 652.7487 	 28.0000 	 0.2232 	 7.0342 	 -5.0975 	 -2.4392 	 0.0000 	 0.4110 	 0.0027 
26.0000 	 1.1353 	 1.8639 	 2.0168 	 -0.0455 	 0.0000 	 0.9570 	 652.7261 	 26.0000 	 0.9165 	 2.8139 	 -4.0310 	 -0.1204 	 0.0000 	 0.3116 	 0.0027 
24.0000 	 1.0916 	 1.8576 	 1.8257 	 0.2038 	 0.0000 	 0.0000 	 655.3824 	 24.0000 	 0.1539 	 0.1331 	 -5.8424 	 -3.0409 	 0.0000 	 0.2610 	 0.0098 
21.0000 	 0.9392 	 4.5240 	 3.4759 	 -11.4432 	 0.0000 	 1.4706 	 664.1102 	 21.0000 	 2.3298 	 2.7117 	 3.2887 	 0.5734 	 0.0000 	 0.5659 	 0.0139 
25.0000 	 1.1102 	 1.8653 	 2.0222 	 -0.0455 	 0.0000 	 0.9602 	 652.7429 	 25.0000 	 1.4884 	 7.2551 	 5.8841 	 4.6896 	 0.0000 	 0.1082 	 0.0026 
28.0000 	 1.1875 	 1.8311 	 2.0568 	 -0.0615 	 0.0000 	 1.0075 	 652.7330 	 28.0000 	 0.3496 	 5.8198 	 -8.0869 	 4.6064 	 0.0000 	 1.1829 	 0.0023 
19.0000 	 0.9327 	 1.7790 	 1.9534 	 0.1014 	 0.0000 	 0.7586 	 653.2206 	 19.0000 	 2.9433 	 1.1482 	 -2.0378 	 -4.4521 	 0.0000 	 1.9175 	 0.0079 
28.0000 	 1.1865 	 1.8858 	 1.7443 	 0.1973 	 0.0000 	 0.0000 	 656.9812 	 28.0000 	 1.3142 	 0.4404 	 8.3058 	 2.5953 	 0.0000 	 0.1653 	 0.0137 
22.0000 	 1.0242 	 1.8407 	 2.0154 	 -0.0192 	 0.0000 	 0.9258 	 652.8655 	 22.0000 	 0.8551 	 1.4297 	 -7.8392 	 4.5827 	 0.0000 	 0.6534 	 0.0051 
24.0000 	 1.0844 	 1.8583 	 1.7912 	 0.2017 	 0.0000 	 0.0000 	 655.3820 	 24.0000 	 1.4131 	 2.2690 	 4.7557 	 4.7687 	 0.0000 	 0.6567 	 0.0083 
22.0000 	 1.0358 	 1.7576 	 1.9024 	 0.2409 	 0.0000 	 0.0594 	 654.7925 	 22.0000 	 1.2084 	 8.5070 	 -8.1858 	 1.7321 	 0.0000 	 1.2324 	 0.0085 
25.0000 	 0.0047 	 9.2383 	 -0.7812 	 -2.1729 	 0.0000 	 1.7502 	 810.5712 	 25.0000 	 2.6775 	 3.9055 	 1.3952 	 0.9993 	 0.0000 	 1.9654 	 0.3008 
25.0000 	 1.1074 	 1.8314 	 2.0216 	 -0.0219 	 0.0000 	 0.9538 	 652.7278 	 25.0000 	 1.2423 	 9.5782 	 -6.9882 	 -1.5227 	 0.0000 	 2.6157 	 0.0020 
23.0000 	 1.0516 	 1.8519 	 1.9862 	 -0.0080 	 0.0000 	 0.9078 	 652.8011 	 23.0000 	 0.4729 	 6.0183 	 -3.8540 	 2.4311 	 0.0000 	 1.1468 	 0.0033 
19.0000 	 0.9496 	 1.8304 	 1.9166 	 0.2015 	 0.0000 	 0.0029 	 654.3052 	 19.0000 	 0.4939 	 3.1690 	 6.2228 	 3.8862 	 0.0000 	 1.2425 	 0.0055 
17.0000 	 0.8831 	 1.7891 	 1.9501 	 0.2153 	 0.0000 	 0.0230 	 654.4208 	 17.0000 	 2.4127 	 1.5630 	 -6.6446 	 -2.4676 	 0.0000 	 1.9043 	 0.0094 
20.0000 	 0.9666 	 1.8084 	 2.0142 	 0.0392 	 0.0000 	 0.8486 	 653.0287 	 20.0000 	 2.9818 	 0.9354 	 -6.7698 	 -0.7061 	 0.0000 	 1.7294 	 0.0039 
22.0000 	 1.0248 	 1.7617 	 2.0414 	 0.0363 	 0.0000 	 0.9083 	 652.8466 	 22.0000 	 1.3934 	 9.2155 	 4.9701 	 -1.5519 	 0.0000 	 0.6475 	 0.0026 
29.0000 	 1.2037 	 1.8571 	 1.9894 	 -0.0620 	 0.0000 	 0.9977 	 652.7538 	 29.0000 	 1.9708 	 0.1121 	 4.3121 	 -4.6877 	 0.0000 	 0.0950 	 0.0028 
23.0000 	 1.0458 	 1.6625 	 1.8899 	 0.2893 	 0.0000 	 0.0059 	 655.5832 	 23.0000 	 2.5250 	 5.1258 	 9.1617 	 -2.8115 	 0.0000 	 0.4423 	 0.0123 
22.0000 	 1.0287 	 1.7665 	 2.0959 	 0.0134 	 0.0000 	 0.9145 	 652.8796 	 22.0000 	 0.8222 	 5.0211 	 6.1733 	 1.5973 	 0.0000 	 2.3308 	 0.0029 
22.0000 	 1.0254 	 1.8106 	 2.0080 	 0.0201 	 0.0000 	 0.8989 	 652.8463 	 22.0000 	 1.8345 	 9.3750 	 -6.7175 	 -3.7169 	 0.0000 	 2.3683 	 0.0035 
25.0000 	 1.1063 	 1.8429 	 1.9923 	 -0.0132 	 0.0000 	 0.9312 	 652.7329 	 25.0000 	 0.6732 	 9.4657 	 6.7132 	 -4.1501 	 0.0000 	 1.3068 	 0.0020 
25.0000 	 1.0854 	 3.5738 	 2.7183 	 -2.6465 	 0.0000 	 1.3752 	 659.8169 	 25.0000 	 1.1617 	 7.7213 	 3.2459 	 -3.8148 	 0.0000 	 2.1048 	 0.0062 
21.0000 	 0.9942 	 1.8262 	 2.0413 	 -0.0041 	 0.0000 	 0.9055 	 652.9589 	 21.0000 	 1.6630 	 9.3306 	 -8.9902 	 -0.1074 	 0.0000 	 0.8192 	 0.0031 
16.0000 	 0.8452 	 1.7833 	 2.0654 	 0.1067 	 0.0000 	 0.6806 	 654.1328 	 16.0000 	 0.9900 	 9.9935 	 -0.8554 	 4.6548 	 0.0000 	 0.8167 	 0.0072 
18.0000 	 0.9144 	 1.8055 	 1.9137 	 0.2106 	 0.0000 	 0.0015 	 654.2968 	 18.0000 	 0.6355 	 8.5985 	 -5.6233 	 3.9102 	 0.0000 	 0.8245 	 0.0087 
25.0000 	 1.1057 	 1.8689 	 1.9884 	 -0.0334 	 0.0000 	 0.9359 	 652.7426 	 25.0000 	 1.7107 	 9.2343 	 -5.5349 	 -2.9761 	 0.0000 	 0.3265 	 0.0024 
18.0000 	 0.9069 	 1.7250 	 2.0659 	 0.0937 	 0.0000 	 0.8133 	 653.4353 	 18.0000 	 1.5434 	 3.5824 	 -0.9000 	 -0.6255 	 0.0000 	 2.2944 	 0.0062 
21.0000 	 0.9998 	 1.8463 	 2.0002 	 0.0133 	 0.0000 	 0.8802 	 652.9531 	 21.0000 	 1.8852 	 8.7777 	 -2.0231 	 3.9243 	 0.0000 	 2.7916 	 0.0032 
20.0000 	 0.9685 	 1.7446 	 2.0359 	 0.0769 	 0.0000 	 0.8528 	 653.0476 	 20.0000 	 1.1515 	 7.0753 	 2.7264 	 -4.1284 	 0.0000 	 2.3827 	 0.0050 
20.0000 	 0.9785 	 1.7994 	 1.9101 	 0.2171 	 0.0000 	 0.0000 	 654.3749 	 20.0000 	 1.3964 	 2.6817 	 6.9252 	 2.4353 	 0.0000 	 1.7684 	 0.0061 
21.0000 	 0.9975 	 1.8610 	 1.9685 	 0.0263 	 0.0000 	 0.8362 	 652.9596 	 21.0000 	 2.8436 	 1.8523 	 9.3241 	 -2.7817 	 0.0000 	 2.8855 	 0.0048 
27.0000 	 1.1617 	 1.8527 	 2.0397 	 -0.0593 	 0.0000 	 0.9868 	 652.7208 	 27.0000 	 2.9418 	 6.2236 	 2.9281 	 4.9203 	 0.0000 	 1.4616 	 0.0021 
19.0000 	 0.9189 	 1.9335 	 3.4211 	 -4.1193 	 0.0000 	 1.3933 	 661.7349 	 19.0000 	 2.6488 	 8.8849 	 5.8381 	 1.6992 	 0.0000 	 2.7891 	 0.0035 
22.0000 	 1.0282 	 1.8735 	 1.7933 	 0.1928 	 0.0000 	 0.0001 	 654.7946 	 22.0000 	 1.4596 	 3.9144 	 3.1140 	 -4.0564 	 0.0000 	 0.6730 	 0.0095 
16.0000 	 0.8513 	 1.7838 	 1.9853 	 0.2149 	 0.0000 	 0.0000 	 654.7071 	 16.0000 	 1.1817 	 0.1990 	 -5.1089 	 -4.4681 	 0.0000 	 1.7258 	 0.0081 
19.0000 	 0.9343 	 1.7802 	 2.0301 	 0.0450 	 0.0000 	 0.8635 	 653.2081 	 19.0000 	 0.4768 	 6.5581 	 3.8716 	 -3.6380 	 0.0000 	 1.3116 	 0.0063 
20.0000 	 0.9769 	 1.8640 	 3.3594 	 -3.1274 	 0.0000 	 1.4509 	 661.2069 	 20.0000 	 2.5953 	 4.7727 	 4.2456 	 3.3640 	 0.0000 	 1.0206 	 0.0048 
15.0000 	 0.7968 	 1.7601 	 2.1548 	 -0.0285 	 0.0000 	 0.9630 	 654.9333 	 15.0000 	 0.2799 	 9.2204 	 -1.4291 	 -0.5730 	 0.0000 	 2.3306 	 0.0106 
19.0000 	 0.9378 	 1.8509 	 2.0124 	 0.0239 	 0.0000 	 0.8333 	 653.2313 	 19.0000 	 2.5325 	 4.1772 	 -7.5531 	 0.6456 	 0.0000 	 0.6757 	 0.0052 
22.0000 	 1.0284 	 1.8073 	 1.8090 	 0.2269 	 0.0000 	 0.0146 	 654.7605 	 22.0000 	 2.0870 	 5.0916 	 -8.9700 	 -4.2028 	 0.0000 	 2.0398 	 0.0073 
16.0000 	 0.8516 	 1.7611 	 1.9936 	 0.2301 	 0.0000 	 0.0000 	 654.7565 	 16.0000 	 2.9110 	 9.6314 	 9.9992 	 -1.4645 	 0.0000 	 0.8577 	 0.0096 
25.0000 	 1.1053 	 1.8507 	 1.9983 	 -0.0358 	 0.0000 	 0.9585 	 652.7400 	 25.0000 	 1.0105 	 8.9016 	 7.7618 	 -3.2654 	 0.0000 	 1.5581 	 0.0022 
18.0000 	 1.0102 	 1.8829 	 2.4554 	 0.1508 	 0.0000 	 0.0075 	 657.0775 	 18.0000 	 1.0867 	 4.7492 	 -4.5771 	 -0.9187 	 0.0000 	 2.0556 	 0.0060 
19.0000 	 0.9386 	 1.7434 	 2.0528 	 0.0996 	 0.0000 	 0.7833 	 653.2204 	 19.0000 	 1.4082 	 4.7951 	 9.4573 	 1.9872 	 0.0000 	 2.9683 	 0.0055 
14.0000 	 0.0010 	 11.1328 	 -0.5673 	 -2.7284 	 0.0000 	 1.7302 	 811.2005 	 14.0000 	 0.4016 	 4.2416 	 -1.6088 	 -0.8957 	 0.0000 	 0.3115 	 0.0000 
13.0000 	 0.6558 	 2.0314 	 3.6254 	 -7.4734 	 0.0000 	 1.3706 	 664.9548 	 13.0000 	 0.6039 	 2.9213 	 9.6014 	 2.9656 	 0.0000 	 0.5850 	 0.0098 
15.0000 	 0.8161 	 1.7769 	 2.0952 	 0.1512 	 0.0000 	 0.5055 	 654.7858 	 15.0000 	 2.8994 	 2.1194 	 1.8158 	 -2.9200 	 0.0000 	 1.8203 	 0.0143 
17.0000 	 0.8748 	 1.7528 	 2.0506 	 0.0925 	 0.0000 	 0.7836 	 653.7016 	 17.0000 	 2.5726 	 1.0995 	 8.8457 	 -1.2320 	 0.0000 	 1.0706 	 0.0068 
26.0000 	 1.1367 	 1.8778 	 1.7547 	 0.1987 	 0.0000 	 0.0000 	 656.1148 	 26.0000 	 2.9719 	 5.1954 	 -8.3775 	 -2.6026 	 0.0000 	 1.1223 	 0.0108 
18.0000 	 0.9062 	 1.8665 	 1.9549 	 0.0731 	 0.0000 	 0.6869 	 653.5402 	 18.0000 	 1.2422 	 2.5202 	 -3.8514 	 -4.6710 	 0.0000 	 2.0834 	 0.0053 
20.0000 	 0.9649 	 1.8020 	 1.9821 	 0.0614 	 0.0000 	 0.8147 	 653.0385 	 20.0000 	 1.5245 	 8.2518 	 1.0949 	 -4.2691 	 0.0000 	 1.0906 	 0.0036 
20.0000 	 0.9695 	 1.7711 	 2.0213 	 0.0688 	 0.0000 	 0.8321 	 653.0319 	 20.0000 	 0.1051 	 9.2217 	 -4.9614 	 -2.1807 	 0.0000 	 2.2587 	 0.0038 
21.0000 	 0.9914 	 1.7359 	 2.0173 	 0.0691 	 0.0000 	 0.8494 	 652.9604 	 21.0000 	 1.8845 	 0.2496 	 -5.3671 	 3.5550 	 0.0000 	 2.7538 	 0.0050 
21.0000 	 0.9971 	 1.7661 	 2.0234 	 0.0618 	 0.0000 	 0.8496 	 652.9241 	 21.0000 	 0.3731 	 9.1957 	 -9.1663 	 -3.5636 	 0.0000 	 2.8712 	 0.0037 
16.0000 	 0.8424 	 1.8119 	 2.0407 	 0.0701 	 0.0000 	 0.7573 	 654.1313 	 16.0000 	 0.1298 	 7.1196 	 -7.7516 	 -0.8526 	 0.0000 	 0.4353 	 0.0088 
18.0000 	 0.9063 	 1.7747 	 2.0447 	 0.0736 	 0.0000 	 0.8065 	 653.4106 	 18.0000 	 1.7823 	 2.5398 	 8.0441 	 -3.4746 	 0.0000 	 2.4022 	 0.0055 
17.0000 	 0.8879 	 1.8119 	 1.9806 	 0.2031 	 0.0000 	 0.0051 	 654.4405 	 17.0000 	 0.9912 	 8.7233 	 -8.7817 	 -2.5601 	 0.0000 	 0.8103 	 0.0101 
18.0000 	 0.0018 	 4.8092 	 2.7936 	 -6.5771 	 0.0000 	 1.7283 	 811.1943 	 18.0000 	 0.1594 	 1.3643 	 0.6831 	 -3.3883 	 0.0000 	 2.7291 	 0.0000 
11.0000 	 0.6472 	 1.7034 	 2.3699 	 -0.0759 	 0.0000 	 1.0073 	 658.8060 	 11.0000 	 1.6333 	 8.7617 	 -1.1072 	 1.8474 	 0.0000 	 0.9095 	 0.0176 
13.0000 	 0.7325 	 1.7628 	 2.1684 	 0.0641 	 0.0000 	 0.7795 	 656.2845 	 13.0000 	 1.1724 	 3.8764 	 -0.7594 	 -1.3910 	 0.0000 	 0.4419 	 0.0177 
24.0000 	 2.5640 	 6.2335 	 8.9128 	 0.7133 	 0.0000 	 0.0004 	 749.0525 	 24.0000 	 2.2085 	 3.4318 	 9.3322 	 -0.2810 	 0.0000 	 2.8706 	 0.0898 
17.0000 	 0.8896 	 1.7897 	 1.9834 	 0.2170 	 0.0000 	 0.0000 	 654.4568 	 17.0000 	 1.4848 	 4.8440 	 -8.0714 	 -1.5756 	 0.0000 	 1.7699 	 0.0088 
12.0000 	 0.6266 	 0.2482 	 3.7400 	 -10.6287 	 0.0000 	 1.5261 	 664.4743 	 12.0000 	 1.6901 	 6.0719 	 1.6092 	 1.7996 	 0.0000 	 1.6322 	 0.0166 
16.0000 	 0.7607 	 12.4447 	 1.0311 	 -4.1806 	 0.0000 	 1.3681 	 663.9459 	 16.0000 	 2.9936 	 0.5130 	 -8.2359 	 -2.6521 	 0.0000 	 2.6124 	 0.0058 
22.0000 	 1.0236 	 1.7974 	 2.0137 	 0.0177 	 0.0000 	 0.9037 	 652.8368 	 22.0000 	 2.5114 	 2.7161 	 -9.6668 	 -0.8852 	 0.0000 	 2.3566 	 0.0033 
16.0000 	 0.7852 	 3.8596 	 3.6702 	 -24.7168 	 0.0000 	 1.4352 	 665.0096 	 16.0000 	 1.4666 	 7.3330 	 -8.2797 	 4.5281 	 0.0000 	 2.6912 	 0.0170 
10.0000 	 0.6418 	 1.7745 	 2.4438 	 0.1891 	 0.0000 	 0.0000 	 661.9475 	 10.0000 	 2.0313 	 1.3363 	 -1.8950 	 -3.8157 	 0.0000 	 1.1699 	 0.0281 
16.0000 	 0.8375 	 1.7395 	 2.0551 	 0.0957 	 0.0000 	 0.8135 	 654.1562 	 16.0000 	 0.6915 	 8.2161 	 8.6170 	 3.3407 	 0.0000 	 2.4074 	 0.0082 
19.0000 	 0.9441 	 1.8200 	 1.8958 	 0.2049 	 0.0000 	 0.0000 	 654.2941 	 19.0000 	 1.3935 	 8.7867 	 -2.8113 	 -4.5068 	 0.0000 	 0.7671 	 0.0081 
17.0000 	 0.8834 	 1.7611 	 2.1476 	 0.0499 	 0.0000 	 0.8281 	 653.7764 	 17.0000 	 1.2958 	 2.2946 	 -9.5946 	 -4.5315 	 0.0000 	 2.9500 	 0.0071 
19.0000 	 0.9325 	 1.8047 	 1.9500 	 0.0802 	 0.0000 	 0.7756 	 653.2204 	 19.0000 	 2.4854 	 0.4451 	 -9.2261 	 0.3662 	 0.0000 	 0.1245 	 0.0059 
16.0000 	 0.8409 	 1.7732 	 2.0406 	 0.0978 	 0.0000 	 0.7341 	 654.1003 	 16.0000 	 2.3870 	 2.0727 	 3.9641 	 -1.6390 	 0.0000 	 1.7177 	 0.0114 
8.0000 	 0.4796 	 1.3135 	 3.5352 	 -3.3350 	 0.0000 	 1.5020 	 664.2277 	 8.0000 	 1.0802 	 4.0202 	 -9.1904 	 2.2694 	 0.0000 	 0.8872 	 0.0119 
15.0000 	 0.8122 	 1.7445 	 2.1216 	 0.1097 	 0.0000 	 0.7168 	 654.6474 	 15.0000 	 2.7538 	 3.6932 	 -1.3295 	 0.4993 	 0.0000 	 2.4191 	 0.0134 
17.0000 	 0.8780 	 1.7926 	 2.0488 	 0.0827 	 0.0000 	 0.7523 	 653.7055 	 17.0000 	 0.4794 	 7.4684 	 9.4012 	 -0.7793 	 0.0000 	 2.0566 	 0.0091 
14.0000 	 0.7777 	 1.7797 	 2.0866 	 0.1364 	 0.0000 	 0.5866 	 655.4285 	 14.0000 	 0.1411 	 4.8322 	 9.8978 	 -0.0476 	 0.0000 	 0.4374 	 0.0125 
12.0000 	 0.6645 	 2.1499 	 2.5959 	 -0.9637 	 0.0000 	 1.3075 	 659.1063 	 12.0000 	 2.3053 	 6.2336 	 -9.0690 	 4.5558 	 0.0000 	 2.1691 	 0.0094 
15.0000 	 0.8146 	 1.8078 	 1.9980 	 0.1997 	 0.0000 	 0.0000 	 655.2115 	 15.0000 	 1.4017 	 2.9070 	 -5.1090 	 -3.7163 	 0.0000 	 1.6020 	 0.0106 
15.0000 	 0.0026 	 3.8847 	 0.7182 	 -1.3918 	 0.0000 	 1.7295 	 811.2731 	 15.0000 	 0.5270 	 9.0373 	 -9.1782 	 0.7300 	 0.0000 	 1.2243 	 0.0002 
23.0000 	 0.9992 	 8.0503 	 1.4785 	 -3.0648 	 0.0000 	 1.3400 	 661.5740 	 23.0000 	 1.5992 	 8.8418 	 -3.6517 	 -2.3301 	 0.0000 	 1.9809 	 0.0055 
21.0000 	 1.0003 	 1.8059 	 1.8327 	 0.2235 	 0.0000 	 0.0002 	 654.5380 	 21.0000 	 0.2979 	 3.7296 	 1.0878 	 2.6212 	 0.0000 	 1.2958 	 0.0087 
12.0000 	 0.6503 	 3.1000 	 2.5712 	 -1.8172 	 0.0000 	 1.3271 	 660.5527 	 12.0000 	 2.7959 	 9.0501 	 7.6983 	 -0.3341 	 0.0000 	 2.3688 	 0.0068 
14.0000 	 0.6980 	 10.9026 	 1.9525 	 -5.4780 	 0.0000 	 1.3826 	 664.1768 	 14.0000 	 1.5809 	 9.2993 	 0.7428 	 4.5597 	 0.0000 	 1.0798 	 0.0057 
6.0000 	 0.4389 	 1.8664 	 2.9579 	 0.0784 	 0.0000 	 0.0000 	 678.1671 	 6.0000 	 1.3409 	 0.3682 	 -6.1456 	 -4.2875 	 0.0000 	 2.0416 	 0.0719 
14.0000 	 0.7967 	 1.8734 	 2.2085 	 0.0965 	 0.0000 	 0.5894 	 655.8086 	 14.0000 	 1.7935 	 9.6410 	 5.4210 	 -2.2408 	 0.0000 	 1.8789 	 0.0125 
17.0000 	 0.8753 	 1.7941 	 2.0250 	 0.0854 	 0.0000 	 0.7600 	 653.7259 	 17.0000 	 0.0873 	 2.7606 	 3.0694 	 -1.9344 	 0.0000 	 1.2181 	 0.0080 
18.0000 	 0.9053 	 1.8077 	 2.0211 	 0.0527 	 0.0000 	 0.8090 	 653.4336 	 18.0000 	 0.8827 	 2.8437 	 5.6581 	 -1.2433 	 0.0000 	 2.5414 	 0.0069 
13.0000 	 0.7005 	 1.8837 	 3.4470 	 -3.8801 	 0.0000 	 1.4321 	 662.1326 	 13.0000 	 2.9461 	 3.8969 	 -2.5587 	 0.6497 	 0.0000 	 2.5432 	 0.0364 
14.0000 	 1.7780 	 7.8200 	 4.3195 	 7.1256 	 0.0000 	 1.8068 	 738.5942 	 14.0000 	 2.7991 	 8.3946 	 7.0261 	 2.8072 	 0.0000 	 2.1322 	 0.0678 
12.0000 	 0.6225 	 0.2130 	 3.7581 	 -21.8435 	 0.0000 	 1.5224 	 665.2413 	 12.0000 	 2.8942 	 9.7724 	 -1.9375 	 3.5498 	 0.0000 	 0.6474 	 0.0210 
5.0000 	 0.2724 	 1.6448 	 3.3093 	 -2.5142 	 0.0000 	 1.4430 	 666.1336 	 5.0000 	 1.3842 	 7.5194 	 -7.7959 	 2.2774 	 0.0000 	 0.6670 	 0.0110 
9.0000 	 0.5150 	 1.2462 	 3.5904 	 -4.8123 	 0.0000 	 1.4423 	 663.6452 	 9.0000 	 1.8404 	 3.6800 	 -5.5063 	 -0.4162 	 0.0000 	 1.7104 	 0.0068 
14.0000 	 0.7864 	 1.7901 	 2.0933 	 0.2054 	 0.0000 	 0.0000 	 655.8616 	 14.0000 	 0.8830 	 9.6225 	 -5.7369 	 -2.4853 	 0.0000 	 2.5087 	 0.0142 
9.0000 	 0.5973 	 2.1990 	 2.2876 	 0.0499 	 0.0000 	 0.0000 	 667.2216 	 9.0000 	 0.4892 	 5.2701 	 -6.1130 	 -1.5659 	 0.0000 	 1.8517 	 0.0449 
12.0000 	 0.7066 	 1.7957 	 2.2927 	 0.0119 	 0.0000 	 0.8659 	 657.5806 	 12.0000 	 2.8335 	 0.7381 	 -8.2378 	 -3.5251 	 0.0000 	 2.1047 	 0.0172 
13.0000 	 0.7565 	 1.7914 	 2.1926 	 0.1971 	 0.0000 	 0.0009 	 656.8672 	 13.0000 	 0.7139 	 3.8869 	 6.0638 	 1.7872 	 0.0000 	 1.1634 	 0.0442 
14.0000 	 0.7744 	 1.7484 	 2.0805 	 0.1502 	 0.0000 	 0.6164 	 655.4228 	 14.0000 	 0.3220 	 9.8013 	 -6.5539 	 3.5754 	 0.0000 	 0.4126 	 0.0146 
19.0000 	 0.9369 	 1.7479 	 2.0377 	 0.0863 	 0.0000 	 0.8155 	 653.1964 	 19.0000 	 1.0799 	 9.3432 	 -2.9528 	 2.7588 	 0.0000 	 2.6021 	 0.0046 
20.0000 	 0.9796 	 1.7907 	 1.9143 	 0.2189 	 0.0000 	 0.0000 	 654.3663 	 20.0000 	 1.5488 	 3.4681 	 5.6567 	 -0.9060 	 0.0000 	 2.7342 	 0.0111 
4.0000 	 0.3561 	 1.7627 	 4.0780 	 -0.0043 	 0.0000 	 0.0111 	 695.5291 	 4.0000 	 1.2049 	 5.3535 	 -1.8025 	 3.7102 	 0.0000 	 2.4170 	 0.1424 
13.0000 	 1.8892 	 6.0961 	 9.4156 	 0.6460 	 0.0000 	 0.0087 	 750.6006 	 13.0000 	 1.8909 	 7.0990 	 1.0283 	 -0.4144 	 0.0000 	 0.7318 	 0.1159 
17.0000 	 0.8816 	 1.7597 	 1.9483 	 0.2320 	 0.0000 	 0.0055 	 654.4682 	 17.0000 	 1.6196 	 0.3521 	 -0.8582 	 4.1393 	 0.0000 	 1.5952 	 0.0080 
9.0000 	 0.5999 	 1.8589 	 2.5120 	 0.1462 	 0.0000 	 0.0000 	 664.6389 	 9.0000 	 2.8720 	 7.7370 	 7.8534 	 4.4595 	 0.0000 	 0.0277 	 0.0519 
11.0000 	 0.6781 	 1.7570 	 2.3175 	 0.2015 	 0.0000 	 0.0007 	 659.7537 	 11.0000 	 2.6363 	 4.4299 	 -0.6040 	 -2.6840 	 0.0000 	 1.9631 	 0.0264 
1.0000 	 0.0018 	 1.9044 	 3.5478 	 -10.9380 	 0.0000 	 1.5297 	 689.0712 	 1.0000 	 0.6338 	 1.2250 	 8.2371 	 1.8926 	 0.0000 	 0.1648 	 0.0252 
8.0000 	 0.4704 	 1.8522 	 3.0742 	 -1.5915 	 0.0000 	 1.3920 	 662.6108 	 8.0000 	 2.6642 	 9.3808 	 9.5668 	 3.7674 	 0.0000 	 1.6091 	 0.0100 
11.0000 	 0.6291 	 1.7289 	 2.5374 	 -0.3955 	 0.0000 	 1.2350 	 659.1585 	 11.0000 	 0.4416 	 3.3233 	 2.5980 	 -2.3305 	 0.0000 	 0.2490 	 0.0119 
11.0000 	 0.6190 	 2.0963 	 2.5121 	 -0.7509 	 0.0000 	 1.2852 	 659.4710 	 11.0000 	 2.5537 	 0.3807 	 1.2334 	 4.3575 	 0.0000 	 2.8206 	 0.0116 
11.0000 	 0.6438 	 1.7272 	 2.4348 	 -0.1651 	 0.0000 	 1.0816 	 658.8174 	 11.0000 	 2.4904 	 0.6970 	 7.5582 	 0.0908 	 0.0000 	 0.1853 	 0.0165 
15.0000 	 0.7913 	 1.7676 	 2.0350 	 0.0399 	 0.0000 	 0.8576 	 654.7966 	 15.0000 	 2.9305 	 0.6655 	 5.2465 	 2.6523 	 0.0000 	 1.2941 	 0.0095 
6.0000 	 0.3219 	 2.5806 	 3.3911 	 -5.6018 	 0.0000 	 1.4803 	 666.1717 	 6.0000 	 0.7909 	 6.7994 	 1.8707 	 -2.7042 	 0.0000 	 1.2188 	 0.0087 
12.0000 	 0.6940 	 1.8922 	 2.4009 	 -0.2713 	 0.0000 	 1.0757 	 657.8458 	 12.0000 	 1.0761 	 8.0671 	 6.0618 	 1.4353 	 0.0000 	 0.9895 	 0.0140 
18.0000 	 3.5568 	 5.4063 	 12.0188 	 0.3799 	 0.0000 	 0.0000 	 746.3766 	 18.0000 	 1.7439 	 7.4836 	 7.7519 	 -4.0065 	 0.0000 	 1.5188 	 0.0769 
10.0000 	 0.5937 	 0.0000 	 3.2348 	 6.7337 	 0.0000 	 1.8333 	 680.5281 	 10.0000 	 1.0645 	 1.4084 	 2.7276 	 3.4158 	 0.0000 	 1.5994 	 0.0072 
14.0000 	 0.7853 	 1.7853 	 2.0735 	 0.2078 	 0.0000 	 0.0000 	 655.8355 	 14.0000 	 2.6128 	 7.5794 	 6.2328 	 0.8235 	 0.0000 	 0.5947 	 0.0216 
11.0000 	 0.6778 	 1.8283 	 2.2878 	 0.1718 	 0.0000 	 0.0003 	 659.6823 	 11.0000 	 1.2950 	 2.6044 	 -9.4817 	 -4.3865 	 0.0000 	 0.1540 	 0.0238 
9.0000 	 0.4962 	 2.3477 	 3.5912 	 -10.4823 	 0.0000 	 1.4356 	 665.2389 	 9.0000 	 2.7936 	 6.2332 	 3.3819 	 -3.0624 	 0.0000 	 2.3021 	 0.0096 
12.0000 	 0.6840 	 1.8403 	 2.2556 	 -0.1239 	 0.0000 	 0.9864 	 657.5361 	 12.0000 	 2.5277 	 1.3629 	 -3.4030 	 4.0934 	 0.0000 	 2.1762 	 0.0140 
9.0000 	 0.5249 	 0.0000 	 3.2806 	 28.5648 	 0.0000 	 1.8833 	 681.2833 	 9.0000 	 2.6217 	 5.8388 	 -1.9282 	 -4.5984 	 0.0000 	 0.8125 	 0.0319 
20.0000 	 0.9675 	 1.7342 	 2.0197 	 0.0981 	 0.0000 	 0.8103 	 653.0466 	 20.0000 	 0.5546 	 4.8826 	 -7.8983 	 4.4362 	 0.0000 	 1.1206 	 0.0069 
5.0000 	 0.3852 	 1.7635 	 3.3194 	 0.0806 	 0.0000 	 0.0000 	 685.8065 	 5.0000 	 2.1692 	 8.7186 	 3.6049 	 -1.7393 	 0.0000 	 2.3317 	 0.1308 
8.0000 	 0.7518 	 2.2607 	 4.6973 	 -0.1709 	 0.0000 	 0.0049 	 708.1376 	 8.0000 	 1.5899 	 5.6666 	 -3.4674 	 -1.3026 	 0.0000 	 0.2443 	 0.1049 
7.0000 	 0.4060 	 1.7777 	 3.0287 	 -1.5674 	 0.0000 	 1.4286 	 663.5111 	 7.0000 	 1.5983 	 3.1427 	 1.8339 	 -1.6192 	 0.0000 	 1.9601 	 0.0122 
15.0000 	 0.8230 	 1.7790 	 2.0497 	 0.2171 	 0.0000 	 0.0004 	 655.1970 	 15.0000 	 2.7656 	 6.6832 	 -0.0642 	 -4.1754 	 0.0000 	 0.6704 	 0.0107 
10.0000 	 0.5788 	 2.1273 	 2.4748 	 -0.7251 	 0.0000 	 1.2470 	 660.3503 	 10.0000 	 2.7446 	 7.0961 	 -3.6673 	 3.8153 	 0.0000 	 0.9189 	 0.0102 
9.0000 	 0.5195 	 1.9621 	 2.9256 	 -1.4236 	 0.0000 	 1.3703 	 661.6555 	 9.0000 	 0.0413 	 8.2183 	 4.4123 	 -1.5851 	 0.0000 	 0.8010 	 0.0095 
9.0000 	 0.5173 	 2.3097 	 2.7041 	 -1.3283 	 0.0000 	 1.3440 	 661.5483 	 9.0000 	 0.6567 	 9.4582 	 7.0265 	 -0.7872 	 0.0000 	 2.6126 	 0.0087 
9.0000 	 0.5290 	 1.8555 	 2.6386 	 -0.7045 	 0.0000 	 1.3010 	 661.3506 	 9.0000 	 0.6165 	 7.0643 	 -9.0077 	 -0.2633 	 0.0000 	 1.6364 	 0.0115 
6.0000 	 0.3439 	 1.6999 	 3.1524 	 -1.8359 	 0.0000 	 1.4325 	 664.7220 	 6.0000 	 1.2885 	 2.8629 	 0.5746 	 -2.2404 	 0.0000 	 0.4235 	 0.0110 
9.0000 	 0.5222 	 2.0131 	 2.5967 	 -0.8413 	 0.0000 	 1.3192 	 661.3295 	 9.0000 	 2.5071 	 0.4844 	 -7.2483 	 3.4688 	 0.0000 	 1.4422 	 0.0130 
6.0000 	 0.3298 	 3.5149 	 2.8691 	 -3.1359 	 0.0000 	 1.3781 	 665.4967 	 6.0000 	 0.1016 	 5.0669 	 2.5012 	 -1.8881 	 0.0000 	 2.4530 	 0.0198 
5.0000 	 0.3742 	 1.9013 	 3.1561 	 0.0404 	 0.0000 	 0.0844 	 685.2803 	 5.0000 	 1.6089 	 1.6244 	 7.4348 	 -0.0879 	 0.0000 	 0.8047 	 0.0995 
6.0000 	 0.3404 	 2.0223 	 2.8980 	 -1.4580 	 0.0000 	 1.3949 	 664.8841 	 6.0000 	 2.8610 	 3.3333 	 3.4895 	 1.3362 	 0.0000 	 0.2863 	 0.0167 
5.0000 	 0.2691 	 2.0808 	 3.1888 	 -2.5943 	 0.0000 	 1.4319 	 666.1419 	 5.0000 	 0.9593 	 7.7746 	 -0.5793 	 0.7736 	 0.0000 	 0.1895 	 0.0181 
3.0000 	 0.1170 	 1.1226 	 3.5624 	 -4.0275 	 0.0000 	 1.4731 	 671.0331 	 3.0000 	 0.6315 	 5.5764 	 6.5824 	 -1.3798 	 0.0000 	 2.6961 	 0.0149 
3.0000 	 0.1179 	 0.9075 	 3.4423 	 -2.5399 	 0.0000 	 1.5315 	 671.4723 	 3.0000 	 2.4396 	 0.9883 	 -0.6838 	 3.6413 	 0.0000 	 1.0600 	 0.0123 
16.0000 	 0.8584 	 1.7988 	 2.0556 	 0.1996 	 0.0000 	 0.0001 	 654.7547 	 16.0000 	 2.6919 	 2.5428 	 -7.3096 	 -2.7483 	 0.0000 	 0.8795 	 0.0093 
5.0000 	 0.2695 	 0.9194 	 3.6260 	 -4.3630 	 0.0000 	 1.4614 	 666.6339 	 5.0000 	 0.1113 	 8.8844 	 7.9233 	 2.7864 	 0.0000 	 0.1651 	 0.0095 
4.0000 	 0.1977 	 1.3932 	 3.4130 	 -2.8842 	 0.0000 	 1.4666 	 668.0907 	 4.0000 	 2.4735 	 6.6219 	 -8.7734 	 2.2672 	 0.0000 	 0.7899 	 0.0121 
5.0000 	 0.2477 	 8.5451 	 2.1633 	 -4.8202 	 0.0000 	 1.4021 	 668.7410 	 5.0000 	 1.5630 	 2.7682 	 1.5058 	 2.8767 	 0.0000 	 0.0186 	 0.0116 
8.0000 	 0.5462 	 1.8391 	 2.6400 	 0.1218 	 0.0000 	 0.1715 	 667.9514 	 8.0000 	 0.0638 	 4.9992 	 -6.0544 	 -1.5714 	 0.0000 	 1.5863 	 0.0416 
2.0000 	 0.0418 	 0.8960 	 3.4897 	 -3.1968 	 0.0000 	 1.5322 	 676.4388 	 2.0000 	 0.5304 	 7.8177 	 -7.7996 	 0.9109 	 0.0000 	 2.4750 	 0.0147 
13.0000 	 0.7481 	 1.7444 	 2.1465 	 0.2200 	 0.0000 	 0.0000 	 656.8130 	 13.0000 	 1.5598 	 8.3189 	 8.5222 	 0.0935 	 0.0000 	 1.9489 	 0.0177 
2.0000 	 0.0439 	 0.9192 	 3.5874 	 -4.0777 	 0.0000 	 1.4853 	 676.2815 	 2.0000 	 1.4106 	 8.1614 	 -7.5240 	 -3.2932 	 0.0000 	 1.8040 	 0.0177 
3.0000 	 0.2323 	 1.7689 	 4.1083 	 -0.0456 	 0.0000 	 0.0001 	 704.4830 	 3.0000 	 1.3648 	 3.3344 	 3.4103 	 -2.6576 	 0.0000 	 0.5743 	 0.2121 
10.0000 	 0.5864 	 1.8324 	 2.9648 	 -1.2189 	 0.0000 	 1.3458 	 660.9531 	 10.0000 	 0.3221 	 1.7187 	 -8.8966 	 -2.1553 	 0.0000 	 0.4136 	 0.0167 
3.0000 	 0.2267 	 1.8510 	 4.0279 	 -0.0894 	 0.0000 	 0.0000 	 705.4786 	 3.0000 	 1.4367 	 4.4253 	 -8.6855 	 3.9921 	 0.0000 	 0.8019 	 0.2463 
6.0000 	 0.4426 	 1.8509 	 3.0254 	 0.0814 	 0.0000 	 0.0000 	 678.0349 	 6.0000 	 0.0239 	 1.3386 	 -4.0565 	 2.9510 	 0.0000 	 0.3631 	 0.1441 
4.0000 	 0.1759 	 10.7188 	 1.7244 	 -4.8105 	 0.0000 	 1.3970 	 671.3442 	 4.0000 	 1.4002 	 8.3037 	 3.0711 	 -2.6373 	 0.0000 	 1.6414 	 0.0161 
15.0000 	 0.7137 	 9.3646 	 -3.9450 	 -0.7478 	 0.0000 	 0.0000 	 700.2017 	 15.0000 	 1.8971 	 6.5231 	 8.5518 	 3.1599 	 0.0000 	 1.0271 	 0.0465 
2.0000 	 0.1407 	 1.7760 	 4.8269 	 -0.0912 	 0.0000 	 0.0048 	 712.8469 	 2.0000 	 1.9194 	 4.3569 	 -1.1895 	 0.5280 	 0.0000 	 1.8364 	 0.4563 
8.0000 	 0.5596 	 1.6815 	 2.7686 	 0.1663 	 0.0000 	 0.0002 	 669.2960 	 8.0000 	 0.1826 	 1.7531 	 9.7084 	 0.8030 	 0.0000 	 1.9457 	 0.0481 
1.0000 	 0.0021 	 1.0356 	 3.5192 	 -4.6339 	 0.0000 	 1.5464 	 688.1854 	 1.0000 	 0.5624 	 9.4735 	 -5.4101 	 0.8594 	 0.0000 	 2.5341 	 0.0308 
11.0000 	 0.6452 	 1.7589 	 2.3577 	 -0.0998 	 0.0000 	 0.9935 	 658.7942 	 11.0000 	 0.8722 	 8.5918 	 -1.9533 	 4.8915 	 0.0000 	 0.7109 	 0.0188 
7.0000 	 1.2176 	 8.2283 	 4.9324 	 4.8213 	 0.0000 	 1.7987 	 736.4351 	 7.0000 	 0.0330 	 6.9966 	 9.8569 	 -2.3912 	 0.0000 	 2.0642 	 0.2108 
1.0000 	 0.0022 	 0.8389 	 3.4539 	 -3.5203 	 0.0000 	 1.5840 	 688.3658 	 1.0000 	 1.2391 	 8.4307 	 7.4582 	 -2.4151 	 0.0000 	 0.1567 	 0.0217 
12.0000 	 0.7089 	 1.7514 	 2.1794 	 0.2185 	 0.0000 	 0.0000 	 658.0457 	 12.0000 	 1.1294 	 3.3780 	 -5.2661 	 2.9485 	 0.0000 	 2.3201 	 0.0284 
3.0000 	 0.1140 	 0.1194 	 3.7541 	 -11.7050 	 0.0000 	 1.4885 	 672.3885 	 3.0000 	 1.7201 	 6.1432 	 -0.1975 	 -0.5287 	 0.0000 	 0.4370 	 0.0348 
10.0000 	 0.5840 	 1.8021 	 2.4133 	 -0.2976 	 0.0000 	 1.1586 	 660.1860 	 10.0000 	 2.3402 	 3.4366 	 6.5425 	 0.2938 	 0.0000 	 0.2460 	 0.0192 
4.0000 	 0.1796 	 6.9138 	 2.6656 	 -5.6485 	 0.0000 	 1.4230 	 670.1921 	 4.0000 	 1.8292 	 0.3915 	 -0.9987 	 -4.0441 	 0.0000 	 2.0454 	 0.0155 
1.0000 	 0.0562 	 1.6705 	 6.3916 	 -0.1610 	 0.0000 	 0.0000 	 723.2643 	 1.0000 	 1.8490 	 1.2586 	 5.7334 	 -0.0307 	 0.0000 	 0.4214 	 0.5988 
12.0000 	 0.0010 	 7.8448 	 -1.6742 	 -1.5083 	 0.0000 	 1.7273 	 811.2761 	 12.0000 	 1.7470 	 2.9061 	 -5.1254 	 1.7651 	 0.0000 	 1.1060 	 0.0000 
1.0000 	 1.2836 	 0.7130 	 8.5661 	 -0.3266 	 0.0000 	 0.0000 	 757.9804 	 1.0000 	 1.8742 	 6.7915 	 -3.1097 	 -3.7051 	 0.0000 	 1.3367 	 1.5759 
8.0000 	 0.4698 	 1.7371 	 2.9735 	 -1.2043 	 0.0000 	 1.4042 	 662.5513 	 8.0000 	 2.7638 	 5.5025 	 8.0657 	 1.6957 	 0.0000 	 0.7571 	 0.0134 
4.0000 	 0.1853 	 4.4524 	 3.2095 	 -6.6827 	 0.0000 	 1.4459 	 669.7525 	 4.0000 	 1.5238 	 3.0867 	 -6.7165 	 -1.2556 	 0.0000 	 1.3594 	 0.0107 
10.0000 	 0.6562 	 1.8859 	 2.2272 	 0.1683 	 0.0000 	 0.0000 	 664.4266 	 10.0000 	 2.9946 	 9.5990 	 8.9661 	 4.3343 	 0.0000 	 0.0617 	 0.0489 
7.0000 	 1.3310 	 6.7471 	 10.1471 	 0.6790 	 0.0000 	 0.0000 	 754.7380 	 7.0000 	 0.9757 	 2.4222 	 9.1418 	 2.0606 	 0.0000 	 0.0452 	 0.1124 
2.0000 	 0.1585 	 3.3496 	 5.8861 	 0.4809 	 0.0000 	 0.1877 	 734.7872 	 2.0000 	 2.7723 	 5.5761 	 -4.5506 	 0.8724 	 0.0000 	 0.4795 	 0.4021 
7.0000 	 0.4909 	 1.8302 	 2.7263 	 0.1336 	 0.0000 	 0.0001 	 672.4965 	 7.0000 	 0.8847 	 8.5963 	 -6.1662 	 3.2084 	 0.0000 	 2.7390 	 0.0673 
4.0000 	 0.3008 	 1.8844 	 3.4631 	 0.0082 	 0.0000 	 0.0000 	 694.4538 	 4.0000 	 1.9952 	 9.0871 	 -0.2047 	 -4.2962 	 0.0000 	 2.5334 	 0.1365 
4.0000 	 0.3117 	 1.9004 	 3.5560 	 0.0148 	 0.0000 	 0.0002 	 694.4148 	 4.0000 	 1.5967 	 0.5854 	 -5.8029 	 -4.8728 	 0.0000 	 0.7210 	 0.1712 
7.0000 	 0.4963 	 1.8239 	 2.7877 	 0.1326 	 0.0000 	 0.0196 	 672.4936 	 7.0000 	 2.9185 	 6.0085 	 -3.0452 	 -1.7032 	 0.0000 	 2.7952 	 0.0693 
2.0000 	 0.1746 	 1.6774 	 5.2706 	 -0.1361 	 0.0000 	 0.0000 	 712.6450 	 2.0000 	 1.9409 	 0.1072 	 -0.0537 	 -3.6425 	 0.0000 	 2.2689 	 0.3044 
5.0000 	 0.2720 	 1.6545 	 3.2570 	 -2.3143 	 0.0000 	 1.4461 	 666.1429 	 5.0000 	 2.1397 	 0.3979 	 4.3220 	 0.4113 	 0.0000 	 0.0456 	 0.0143 
3.0000 	 0.1007 	 2.2187 	 3.5902 	 -17.1285 	 0.0000 	 1.5190 	 673.8549 	 3.0000 	 2.3135 	 3.1249 	 -9.3153 	 2.4117 	 0.0000 	 2.7969 	 0.0135 
2.0000 	 0.0700 	 0.0000 	 3.2825 	 6.3439 	 0.0000 	 1.8292 	 696.2426 	 2.0000 	 0.6697 	 1.5216 	 -0.6457 	 1.0618 	 0.0000 	 1.0573 	 0.9929 
48.0000 	 1.5863 	 5.0000 	 3.2227 	 -20.3662 	 0.0000 	 1.7888 	 674.0733 	 48.0000 	 2.7460 	 7.0032 	 4.9433 	 -3.6702 	 0.0000 	 2.7160 	 0.3310 
47.0000 	 1.6069 	 2.0214 	 2.1147 	 -0.2782 	 0.0000 	 1.1271 	 653.1185 	 47.0000 	 1.5283 	 1.0862 	 -8.9617 	 -0.0940 	 0.0000 	 1.1620 	 0.0026 
46.0000 	 1.5804 	 1.9984 	 2.0894 	 -0.2545 	 0.0000 	 1.1241 	 653.0968 	 46.0000 	 1.9020 	 4.8532 	 3.3591 	 -3.2847 	 0.0000 	 0.6418 	 0.0019 
48.0000 	 1.6276 	 1.9461 	 2.1443 	 -0.2451 	 0.0000 	 1.1309 	 653.1410 	 48.0000 	 0.8579 	 8.9408 	 -1.4389 	 -2.6465 	 0.0000 	 2.6989 	 0.0042 
50.0000 	 0.0012 	 4.8891 	 -0.1681 	 -1.3229 	 0.0000 	 1.7285 	 811.2133 	 50.0000 	 1.2013 	 3.6601 	 -3.0638 	 -4.8367 	 0.0000 	 1.2924 	 0.0000 
48.0000 	 1.6186 	 1.9620 	 2.0813 	 -0.2223 	 0.0000 	 1.1159 	 653.1456 	 48.0000 	 0.3231 	 6.0107 	 6.2142 	 -0.9776 	 0.0000 	 1.7904 	 0.0026 
48.0000 	 1.6191 	 2.0167 	 2.0958 	 -0.2801 	 0.0000 	 1.1366 	 653.1376 	 48.0000 	 1.6524 	 5.4557 	 -1.1940 	 -0.3949 	 0.0000 	 0.6707 	 0.0021 
48.0000 	 1.6339 	 1.9860 	 1.7872 	 0.1723 	 0.0000 	 0.0004 	 665.8386 	 48.0000 	 0.5998 	 3.2043 	 3.0976 	 -2.7612 	 0.0000 	 0.0308 	 0.0226 
47.0000 	 1.5987 	 1.9955 	 2.0974 	 -0.2616 	 0.0000 	 1.1289 	 653.1108 	 47.0000 	 0.1426 	 1.8570 	 5.6666 	 -0.4008 	 0.0000 	 1.4030 	 0.0030 
50.0000 	 3.4868 	 5.2103 	 7.6343 	 0.7000 	 0.0000 	 0.4080 	 741.2906 	 50.0000 	 2.2717 	 2.4118 	 -6.8799 	 0.8806 	 0.0000 	 0.1698 	 0.0402 
49.0000 	 1.6415 	 2.0112 	 2.1070 	 -0.2722 	 0.0000 	 1.1318 	 653.1516 	 49.0000 	 0.3811 	 7.1672 	 -7.7927 	 -0.9304 	 0.0000 	 2.1929 	 0.0023 
45.0000 	 1.5840 	 1.9527 	 1.8385 	 0.1830 	 0.0000 	 0.0090 	 664.6629 	 45.0000 	 0.9843 	 1.7151 	 5.9538 	 3.4123 	 0.0000 	 2.4948 	 0.0191 
42.0000 	 1.5132 	 1.9901 	 2.1297 	 -0.2464 	 0.0000 	 1.1034 	 653.0202 	 42.0000 	 1.3953 	 3.7061 	 -2.2862 	 2.4622 	 0.0000 	 0.7527 	 0.0019 
44.0000 	 1.5380 	 2.0233 	 2.0728 	 -0.2651 	 0.0000 	 1.1196 	 653.0583 	 44.0000 	 0.7570 	 7.4120 	 8.0262 	 -4.0681 	 0.0000 	 0.9660 	 0.0027 
40.0000 	 1.4581 	 1.9750 	 2.0620 	 -0.2190 	 0.0000 	 1.1033 	 652.9688 	 40.0000 	 2.8406 	 6.9109 	 0.6178 	 -1.4882 	 0.0000 	 1.0535 	 0.0018 
41.0000 	 1.4930 	 1.9824 	 2.1510 	 -0.2585 	 0.0000 	 1.1095 	 653.0166 	 41.0000 	 2.4863 	 2.6858 	 -0.0122 	 -4.4082 	 0.0000 	 2.2419 	 0.0024 
42.0000 	 1.5026 	 1.9310 	 2.1080 	 -0.2105 	 0.0000 	 1.1142 	 653.0109 	 42.0000 	 0.9818 	 9.4002 	 -0.1523 	 3.6157 	 0.0000 	 1.4354 	 0.0019 
40.0000 	 0.0185 	 3.0164 	 1.4857 	 -1.4801 	 0.0000 	 1.7318 	 811.2079 	 40.0000 	 0.2548 	 7.5881 	 5.2014 	 -2.0835 	 0.0000 	 2.3194 	 0.0009 
40.0000 	 1.4138 	 3.1508 	 3.6344 	 -18.3945 	 0.0000 	 1.4361 	 664.0209 	 40.0000 	 1.7788 	 6.1749 	 6.0837 	 -1.0271 	 0.0000 	 2.8231 	 0.0029 
37.0000 	 1.5802 	 1.8834 	 2.5845 	 0.1942 	 0.0000 	 0.0000 	 665.5449 	 37.0000 	 0.9941 	 1.1849 	 -1.4086 	 1.1385 	 0.0000 	 1.0275 	 0.0204 
41.0000 	 0.0104 	 3.5258 	 2.7240 	 -4.3963 	 0.0000 	 1.7282 	 811.1944 	 41.0000 	 2.6505 	 3.1646 	 -9.8490 	 -0.4445 	 0.0000 	 1.2017 	 0.0000 
40.0000 	 1.4609 	 1.9497 	 2.0699 	 -0.1967 	 0.0000 	 1.0971 	 652.9603 	 40.0000 	 1.4252 	 3.2929 	 8.3625 	 2.0614 	 0.0000 	 2.6973 	 0.0022 
36.0000 	 1.3734 	 1.8954 	 2.0759 	 -0.1539 	 0.0000 	 1.0772 	 652.8724 	 36.0000 	 1.1821 	 6.9701 	 7.3888 	 -3.1117 	 0.0000 	 1.4005 	 0.0020 
39.0000 	 1.4466 	 1.9690 	 2.1180 	 -0.2276 	 0.0000 	 1.1042 	 652.9548 	 39.0000 	 2.6407 	 0.2352 	 0.1860 	 4.4252 	 0.0000 	 0.9996 	 0.0034 
38.0000 	 0.0033 	 1.9123 	 2.3746 	 -1.6622 	 0.0000 	 1.7283 	 811.1960 	 38.0000 	 1.5678 	 9.9281 	 -9.2632 	 -0.5463 	 0.0000 	 1.9472 	 0.0000 
34.0000 	 1.3328 	 1.8885 	 2.0897 	 -0.1381 	 0.0000 	 1.0574 	 652.8299 	 34.0000 	 2.9246 	 2.4385 	 -3.8893 	 -4.1730 	 0.0000 	 1.9247 	 0.0019 
38.0000 	 1.4190 	 1.9190 	 2.0819 	 -0.1777 	 0.0000 	 1.0839 	 652.9153 	 38.0000 	 1.4879 	 4.6524 	 2.9333 	 0.4561 	 0.0000 	 1.0036 	 0.0020 
35.0000 	 1.3457 	 1.9240 	 2.0421 	 -0.1609 	 0.0000 	 1.0784 	 652.8563 	 35.0000 	 0.4005 	 6.6639 	 -5.9161 	 -0.9931 	 0.0000 	 1.1311 	 0.0022 
37.0000 	 1.3951 	 1.9237 	 2.0679 	 -0.1699 	 0.0000 	 1.0780 	 652.8968 	 37.0000 	 0.0643 	 2.0787 	 -0.3472 	 1.1858 	 0.0000 	 0.3013 	 0.0020 
35.0000 	 1.3500 	 1.9420 	 2.0443 	 -0.1658 	 0.0000 	 1.0641 	 652.8484 	 35.0000 	 1.2936 	 0.5254 	 4.2797 	 4.3018 	 0.0000 	 1.3746 	 0.0018 
33.0000 	 1.3076 	 1.9477 	 1.6885 	 0.1858 	 0.0000 	 0.0000 	 659.3157 	 33.0000 	 2.3399 	 0.7104 	 2.8651 	 2.9403 	 0.0000 	 0.2585 	 0.0149 
34.0000 	 1.3240 	 1.8608 	 1.7140 	 0.2210 	 0.0000 	 0.0429 	 659.7402 	 34.0000 	 0.6685 	 6.2023 	 0.3173 	 4.1796 	 0.0000 	 1.6512 	 0.0294 
35.0000 	 1.3693 	 1.9424 	 1.7850 	 0.1887 	 0.0000 	 0.0000 	 660.2689 	 35.0000 	 2.2539 	 4.2551 	 1.2252 	 1.1661 	 0.0000 	 0.1410 	 0.0186 
32.0000 	 1.2896 	 1.9363 	 2.0654 	 -0.1472 	 0.0000 	 1.0386 	 652.7979 	 32.0000 	 1.3278 	 6.6646 	 5.0502 	 -2.3606 	 0.0000 	 0.6784 	 0.0023 
32.0000 	 1.2860 	 1.9236 	 2.0755 	 -0.1540 	 0.0000 	 1.0528 	 652.7928 	 32.0000 	 1.5406 	 1.1445 	 -8.8532 	 1.9806 	 0.0000 	 0.4561 	 0.0022 
31.0000 	 1.2704 	 1.7933 	 1.8462 	 0.2433 	 0.0000 	 0.0002 	 658.4583 	 31.0000 	 0.8337 	 7.2361 	 -3.7328 	 4.1805 	 0.0000 	 2.8698 	 0.0149 
33.0000 	 1.3068 	 1.8711 	 2.0739 	 -0.1163 	 0.0000 	 1.0448 	 652.8102 	 33.0000 	 0.1506 	 6.0812 	 6.7756 	 -2.4072 	 0.0000 	 2.0569 	 0.0023 
30.0000 	 0.0010 	 5.2800 	 0.6500 	 -1.8382 	 0.0000 	 1.7299 	 811.1967 	 30.0000 	 2.6078 	 8.5109 	 3.9653 	 2.6384 	 0.0000 	 0.6629 	 0.0000 
33.0000 	 0.2516 	 10.6348 	 0.9961 	 -4.1113 	 0.0000 	 1.6037 	 807.4654 	 33.0000 	 1.9344 	 2.6576 	 9.3915 	 1.5183 	 0.0000 	 2.3539 	 0.3356 
32.0000 	 1.2857 	 1.8972 	 2.0814 	 -0.1384 	 0.0000 	 1.0532 	 652.7874 	 32.0000 	 1.5910 	 6.5503 	 3.3711 	 -4.3438 	 0.0000 	 0.9424 	 0.0017 
36.0000 	 1.3775 	 1.9690 	 2.0776 	 -0.1926 	 0.0000 	 1.0670 	 652.8773 	 36.0000 	 0.4166 	 3.4676 	 7.6643 	 -0.9119 	 0.0000 	 1.8647 	 0.0020 
34.0000 	 1.3252 	 1.9113 	 2.0514 	 -0.1476 	 0.0000 	 1.0605 	 652.8304 	 34.0000 	 1.0967 	 1.4675 	 4.4496 	 -0.8602 	 0.0000 	 2.4818 	 0.0021 
31.0000 	 1.2540 	 1.7883 	 1.7684 	 0.2462 	 0.0000 	 0.0000 	 658.4300 	 31.0000 	 0.6649 	 5.8429 	 6.0111 	 4.5046 	 0.0000 	 0.9358 	 0.0140 
32.0000 	 1.2858 	 1.9120 	 2.0623 	 -0.1339 	 0.0000 	 1.0370 	 652.7850 	 32.0000 	 1.2067 	 8.4188 	 8.7366 	 4.7992 	 0.0000 	 1.4244 	 0.0022 
30.0000 	 0.0010 	 3.2397 	 1.3005 	 -1.4575 	 0.0000 	 1.7324 	 811.2063 	 30.0000 	 2.4768 	 3.3736 	 -9.7898 	 -3.0767 	 0.0000 	 1.3010 	 0.0000 
32.0000 	 1.2915 	 1.8565 	 2.1088 	 -0.1132 	 0.0000 	 1.0511 	 652.8032 	 32.0000 	 0.6449 	 5.9680 	 -5.1891 	 -1.6759 	 0.0000 	 0.7689 	 0.0028 
24.0000 	 1.0950 	 1.8342 	 1.8554 	 0.2169 	 0.0000 	 0.0011 	 655.4105 	 24.0000 	 1.9944 	 3.6566 	 0.0316 	 4.2530 	 0.0000 	 1.3997 	 0.0099 
24.0000 	 1.0822 	 1.7920 	 2.0153 	 0.0231 	 0.0000 	 0.9091 	 652.7618 	 24.0000 	 0.7944 	 1.8954 	 6.4892 	 -0.2545 	 0.0000 	 1.2930 	 0.0022 
33.0000 	 1.3152 	 1.8852 	 2.1254 	 -0.1490 	 0.0000 	 1.0602 	 652.8246 	 33.0000 	 0.3983 	 1.5395 	 9.0953 	 1.5210 	 0.0000 	 2.5261 	 0.0024 
30.0000 	 1.1726 	 26.8823 	 2.2543 	 -17.0855 	 0.0000 	 1.4201 	 664.9899 	 30.0000 	 2.2478 	 0.0895 	 9.7951 	 -0.9005 	 0.0000 	 1.1829 	 0.0052 
27.0000 	 1.1648 	 1.8422 	 2.0499 	 -0.0501 	 0.0000 	 0.9761 	 652.7238 	 27.0000 	 2.7156 	 9.2543 	 -3.0516 	 -4.6559 	 0.0000 	 1.1604 	 0.0022 
29.0000 	 1.2141 	 1.8606 	 2.0642 	 -0.0946 	 0.0000 	 1.0188 	 652.7426 	 29.0000 	 0.0213 	 4.3227 	 8.1282 	 -0.9874 	 0.0000 	 2.7095 	 0.0022 
31.0000 	 1.2570 	 1.8298 	 1.7465 	 0.2283 	 0.0000 	 0.0027 	 658.3598 	 31.0000 	 1.1265 	 8.4431 	 -7.1374 	 0.4024 	 0.0000 	 1.5147 	 0.0131 
29.0000 	 1.2155 	 1.9095 	 2.0453 	 -0.1057 	 0.0000 	 1.0074 	 652.7477 	 29.0000 	 0.4693 	 9.2748 	 6.5220 	 -3.5729 	 0.0000 	 1.6945 	 0.0022 
31.0000 	 1.2601 	 1.8637 	 2.0553 	 -0.0975 	 0.0000 	 1.0301 	 652.7665 	 31.0000 	 2.7180 	 6.6563 	 -3.0293 	 -1.6247 	 0.0000 	 0.5522 	 0.0018 
28.0000 	 1.1768 	 1.7957 	 1.7532 	 0.2351 	 0.0000 	 0.0021 	 657.0108 	 28.0000 	 0.6948 	 6.8122 	 -8.7180 	 -4.2771 	 0.0000 	 2.0872 	 0.0162 
30.0000 	 1.2442 	 1.8894 	 1.7882 	 0.1988 	 0.0000 	 0.0000 	 657.8487 	 30.0000 	 0.1804 	 4.3757 	 -3.6758 	 1.8003 	 0.0000 	 2.4758 	 0.0122 
31.0000 	 1.2551 	 1.8437 	 2.0352 	 -0.0816 	 0.0000 	 1.0324 	 652.7802 	 31.0000 	 0.7248 	 8.3240 	 2.2658 	 -1.4343 	 0.0000 	 0.1335 	 0.0022 
24.0000 	 1.0893 	 1.8260 	 1.8353 	 0.2161 	 0.0000 	 0.0000 	 655.3588 	 24.0000 	 0.7353 	 0.9871 	 -3.6276 	 -4.4851 	 0.0000 	 2.7755 	 0.0165 
27.0000 	 1.1570 	 1.8542 	 2.0346 	 -0.0683 	 0.0000 	 0.9972 	 652.7225 	 27.0000 	 2.1412 	 5.6162 	 -4.9985 	 1.4804 	 0.0000 	 1.5753 	 0.0024 
27.0000 	 1.1662 	 1.9310 	 2.0322 	 -0.0915 	 0.0000 	 0.9638 	 652.7663 	 27.0000 	 0.1760 	 8.5490 	 -1.5623 	 0.9619 	 0.0000 	 1.4787 	 0.0019 
31.0000 	 0.0011 	 5.2488 	 0.3407 	 -1.6472 	 0.0000 	 1.7287 	 811.1999 	 31.0000 	 1.1140 	 3.6522 	 -1.4656 	 -3.5011 	 0.0000 	 0.8914 	 0.0000 
27.0000 	 1.1615 	 1.8489 	 1.7739 	 0.2093 	 0.0000 	 0.0000 	 656.5657 	 27.0000 	 0.0110 	 4.3488 	 -3.8296 	 -2.7521 	 0.0000 	 0.8783 	 0.0233 
24.0000 	 1.0843 	 1.8165 	 2.0450 	 -0.0131 	 0.0000 	 0.9418 	 652.7547 	 24.0000 	 0.6129 	 6.2276 	 1.2359 	 0.0605 	 0.0000 	 0.1680 	 0.0025 
26.0000 	 1.1350 	 1.8597 	 2.0467 	 -0.0644 	 0.0000 	 0.9836 	 652.7272 	 26.0000 	 0.6373 	 8.7841 	 -2.6071 	 0.3542 	 0.0000 	 1.0978 	 0.0021 
30.0000 	 1.2345 	 1.8817 	 2.0383 	 -0.1007 	 0.0000 	 1.0241 	 652.7480 	 30.0000 	 0.1708 	 6.3822 	 -6.2248 	 1.2141 	 0.0000 	 0.9049 	 0.0019 
14.0000 	 0.7789 	 1.7633 	 2.1930 	 0.0698 	 0.0000 	 0.7758 	 655.3628 	 14.0000 	 2.5118 	 2.4164 	 -0.0701 	 -2.6837 	 0.0000 	 2.2829 	 0.0121 
22.0000 	 1.0230 	 1.8047 	 1.9884 	 0.0350 	 0.0000 	 0.8732 	 652.8449 	 22.0000 	 1.0373 	 0.4148 	 -3.2285 	 3.0863 	 0.0000 	 2.7951 	 0.0036 
18.0000 	 0.8453 	 7.9053 	 2.6562 	 -6.3428 	 0.0000 	 1.4589 	 663.6614 	 18.0000 	 2.3043 	 4.9554 	 -2.3591 	 3.9835 	 0.0000 	 1.5519 	 0.0102 
22.0000 	 1.0297 	 1.7908 	 2.0700 	 0.0063 	 0.0000 	 0.9171 	 652.8532 	 22.0000 	 1.9357 	 8.7501 	 -0.5867 	 1.7742 	 0.0000 	 0.7779 	 0.0032 
10.0000 	 0.0109 	 6.5990 	 2.0871 	 -4.6117 	 0.0000 	 1.7227 	 811.1987 	 10.0000 	 1.0461 	 3.1381 	 -3.5549 	 3.8727 	 0.0000 	 1.2183 	 0.0000 
7.0000 	 0.3737 	 10.6537 	 2.2453 	 -6.4526 	 0.0000 	 1.4041 	 666.9584 	 7.0000 	 1.9287 	 7.7097 	 -8.5654 	 0.0488 	 0.0000 	 0.5518 	 0.0081 
6.0000 	 0.3339 	 1.8556 	 3.3918 	 -3.7861 	 0.0000 	 1.4441 	 665.1907 	 6.0000 	 2.8479 	 9.3586 	 -4.1696 	 2.8571 	 0.0000 	 0.3873 	 0.0088 
23.0000 	 1.0149 	 0.9522 	 3.7598 	 -20.7215 	 0.0000 	 1.4296 	 664.1655 	 23.0000 	 0.3751 	 0.1576 	 -2.3503 	 -2.1357 	 0.0000 	 2.3377 	 0.0036 
1.0000 	 0.4058 	 3.0942 	 4.4818 	 2.5288 	 0.0000 	 1.8083 	 718.5061 	 1.0000 	 2.9344 	 1.9827 	 9.0596 	 -2.0907 	 0.0000 	 2.1178 	 0.6311 
6.0000 	 0.4347 	 1.8881 	 2.8361 	 0.1204 	 0.0000 	 0.0000 	 678.1937 	 6.0000 	 2.2226 	 7.2500 	 -3.5264 	 -0.1111 	 0.0000 	 0.2857 	 0.1232 
1.0000 	 0.0020 	 1.8640 	 3.5638 	 -8.5140 	 0.0000 	 1.5169 	 688.8396 	 1.0000 	 0.6806 	 4.8097 	 -8.5813 	 -0.7313 	 0.0000 	 0.5906 	 0.0245 
16.0000 	 0.8458 	 1.7556 	 1.9693 	 0.2274 	 0.0000 	 0.0003 	 654.7413 	 16.0000 	 0.7938 	 6.6192 	 -9.1028 	 -0.8639 	 0.0000 	 1.5729 	 0.0086 
1.0000 	 0.2894 	 7.5481 	 4.9482 	 4.3486 	 0.0000 	 1.9594 	 720.0047 	 1.0000 	 0.4924 	 3.6729 	 4.8045 	 3.7865 	 0.0000 	 2.3250 	 0.4965 
4.0000 	 0.1890 	 2.0576 	 3.4476 	 -5.6540 	 0.0000 	 1.4602 	 668.8147 	 4.0000 	 2.7559 	 1.2492 	 1.1763 	 2.7213 	 0.0000 	 2.1330 	 0.0142 
28.0000 	 1.1736 	 1.9776 	 1.9146 	 -0.1118 	 0.0000 	 0.9961 	 652.8196 	 28.0000 	 2.3620 	 9.4571 	 -9.2510 	 -4.7807 	 0.0000 	 1.0090 	 0.0025 
20.0000 	 0.9657 	 1.7707 	 2.0140 	 0.0650 	 0.0000 	 0.8350 	 653.0304 	 20.0000 	 2.0899 	 6.3218 	 5.2846 	 3.1767 	 0.0000 	 1.5992 	 0.0040 
1.0000 	 1.2146 	 1.1081 	 9.1044 	 -0.1659 	 0.0000 	 0.0000 	 756.7800 	 1.0000 	 0.3052 	 6.5453 	 -6.7755 	 3.3349 	 0.0000 	 1.0993 	 1.0990 
10.0000 	 0.6050 	 10.5310 	 -1.9578 	 -1.1709 	 0.0000 	 0.0000 	 726.9190 	 10.0000 	 2.6584 	 6.0320 	 3.5375 	 -3.7433 	 0.0000 	 2.4833 	 0.1303 
20.0000 	 0.9746 	 1.7940 	 1.8838 	 0.2182 	 0.0000 	 0.0002 	 654.3642 	 20.0000 	 0.1938 	 8.1667 	 7.9073 	 0.3955 	 0.0000 	 1.5671 	 0.0069 
13.0000 	 1.6729 	 6.9770 	 5.1341 	 3.3874 	 0.0000 	 1.7955 	 737.3278 	 13.0000 	 1.9229 	 8.9475 	 6.7752 	 2.3563 	 0.0000 	 1.6000 	 0.0637 
25.0000 	 1.1144 	 1.9480 	 2.0512 	 -0.1175 	 0.0000 	 0.9909 	 652.8321 	 25.0000 	 2.8114 	 8.1135 	 -3.6322 	 -0.8933 	 0.0000 	 2.0083 	 0.0033 
3.0000 	 0.1194 	 1.5632 	 3.4066 	 -3.0549 	 0.0000 	 1.4590 	 671.2257 	 3.0000 	 0.1495 	 0.8322 	 -2.0939 	 3.6929 	 0.0000 	 2.8506 	 0.0168 
8.0000 	 0.4617 	 2.0728 	 2.9648 	 -1.7294 	 0.0000 	 1.4026 	 662.5409 	 8.0000 	 0.5276 	 0.1968 	 -5.7939 	 -3.9421 	 0.0000 	 1.3863 	 0.0071 
5.0000 	 1.1609 	 10.9956 	 8.3530 	 2.0679 	 0.0000 	 1.7994 	 737.5235 	 5.0000 	 1.3324 	 0.9130 	 7.0896 	 -1.8810 	 0.0000 	 1.4038 	 0.2400 
2.0000 	 1.2620 	 6.9653 	 16.2763 	 0.3617 	 0.0000 	 0.0000 	 747.2778 	 2.0000 	 1.0664 	 1.4092 	 -0.4498 	 2.8728 	 0.0000 	 1.7748 	 1.0511 
21.0000 	 0.9860 	 1.7986 	 1.9649 	 0.0390 	 0.0000 	 0.8712 	 652.9555 	 21.0000 	 0.3501 	 6.2598 	 -0.8255 	 3.7994 	 0.0000 	 0.1356 	 0.0061 
25.0000 	 1.0987 	 1.6997 	 2.1252 	 0.0764 	 0.0000 	 0.8133 	 653.3873 	 25.0000 	 0.8916 	 1.0523 	 3.8948 	 -3.0148 	 0.0000 	 1.9617 	 0.0140 
11.0000 	 0.6471 	 1.7813 	 2.5795 	 -0.4865 	 0.0000 	 1.2629 	 659.4824 	 11.0000 	 0.7658 	 4.1095 	 8.9924 	 -4.2556 	 0.0000 	 0.4883 	 0.0154 
23.0000 	 1.0525 	 1.8274 	 1.9921 	 0.0021 	 0.0000 	 0.9217 	 652.7925 	 23.0000 	 1.7965 	 9.7573 	 -0.8109 	 -0.9491 	 0.0000 	 0.9470 	 0.0028 
1.0000 	 0.0282 	 1.4897 	 5.5140 	 -0.3528 	 0.0000 	 0.0000 	 724.0703 	 1.0000 	 1.9925 	 9.2035 	 -5.0810 	 -3.4256 	 0.0000 	 2.9413 	 0.3598 
23.0000 	 0.0012 	 0.5515 	 3.4597 	 -11.1619 	 0.0000 	 1.7320 	 811.2054 	 23.0000 	 2.2018 	 1.3728 	 -7.8572 	 1.2348 	 0.0000 	 2.1514 	 0.0025 
10.0000 	 0.5878 	 1.9206 	 2.4943 	 -0.4477 	 0.0000 	 1.1780 	 660.2278 	 10.0000 	 2.8425 	 7.7848 	 -0.8891 	 1.5336 	 0.0000 	 2.0992 	 0.0158 
8.0000 	 0.5463 	 1.9307 	 2.5935 	 0.0884 	 0.0000 	 0.0000 	 668.1299 	 8.0000 	 2.7268 	 9.0087 	 -1.5974 	 -0.2243 	 0.0000 	 1.7520 	 0.0499 
17.0000 	 0.8452 	 3.2572 	 0.7326 	 -0.1798 	 0.0000 	 0.0002 	 665.4293 	 17.0000 	 0.6082 	 5.1999 	 8.2578 	 -0.6040 	 0.0000 	 1.8755 	 0.0179 
17.0000 	 0.8711 	 1.7517 	 2.0545 	 0.0720 	 0.0000 	 0.8387 	 653.7484 	 17.0000 	 1.8963 	 6.3027 	 5.6280 	 -0.1690 	 0.0000 	 0.2632 	 0.0093 
8.0000 	 0.4641 	 2.0717 	 2.8598 	 -1.4017 	 0.0000 	 1.3824 	 662.4025 	 8.0000 	 1.4662 	 5.8173 	 -2.5254 	 -0.7126 	 0.0000 	 1.9483 	 0.0196 
6.0000 	 0.3281 	 2.7328 	 2.7166 	 -1.9329 	 0.0000 	 1.3991 	 665.0728 	 6.0000 	 0.0266 	 0.8362 	 9.0960 	 4.5391 	 0.0000 	 0.1769 	 0.0106 
2.0000 	 0.2319 	 2.9366 	 6.6041 	 0.2710 	 0.0000 	 0.0228 	 725.5875 	 2.0000 	 0.5479 	 9.2783 	 4.6471 	 1.6435 	 0.0000 	 0.2892 	 0.3603 
13.0000 	 0.7533 	 1.7905 	 2.1828 	 0.1827 	 0.0000 	 0.2134 	 656.6768 	 13.0000 	 2.3778 	 3.7661 	 -9.2715 	 0.7795 	 0.0000 	 0.0652 	 0.0149 
6.0000 	 0.4386 	 1.9337 	 2.9372 	 0.0322 	 0.0000 	 0.0000 	 678.1838 	 6.0000 	 1.1149 	 3.0221 	 6.4587 	 3.8323 	 0.0000 	 0.1959 	 0.0999 
13.0000 	 0.7220 	 1.8126 	 2.2598 	 -0.1405 	 0.0000 	 1.0583 	 656.6398 	 13.0000 	 1.1938 	 2.9980 	 5.6750 	 -0.3728 	 0.0000 	 0.1155 	 0.0124 
7.0000 	 0.4973 	 1.7525 	 2.7671 	 0.1650 	 0.0000 	 0.0001 	 673.0215 	 7.0000 	 2.7798 	 5.6442 	 6.9759 	 -3.1527 	 0.0000 	 1.3709 	 0.0700 
3.0000 	 0.2403 	 1.7613 	 4.1846 	 -0.0869 	 0.0000 	 0.0006 	 704.4790 	 3.0000 	 2.2864 	 0.2544 	 -5.0923 	 -2.8978 	 0.0000 	 0.4835 	 0.1743 
7.0000 	 0.4872 	 1.8852 	 2.6578 	 0.1196 	 0.0000 	 0.0007 	 672.5547 	 7.0000 	 0.2179 	 7.3943 	 -2.8367 	 3.6494 	 0.0000 	 1.0121 	 0.0761 
7.0000 	 0.4047 	 0.0000 	 3.2612 	 4.8432 	 0.0000 	 1.8312 	 681.3969 	 7.0000 	 2.9738 	 2.1737 	 0.8420 	 3.4049 	 0.0000 	 2.4396 	 0.0066 
2.0000 	 0.1602 	 1.5127 	 5.0694 	 -0.2948 	 0.0000 	 0.0000 	 714.6023 	 2.0000 	 1.5632 	 1.9244 	 1.4503 	 2.7169 	 0.0000 	 0.4143 	 0.2782 
7.0000 	 0.4081 	 1.8480 	 3.1134 	 -1.8514 	 0.0000 	 1.4040 	 663.5135 	 7.0000 	 2.9460 	 2.1553 	 -6.8298 	 -1.4016 	 0.0000 	 1.3044 	 0.0107 
2.0000 	 0.1667 	 1.7557 	 5.0774 	 -0.0384 	 0.0000 	 0.0000 	 713.3727 	 2.0000 	 0.1454 	 5.9838 	 2.0539 	 -1.9115 	 0.0000 	 1.5321 	 0.3196 
46.0000 	 0.0276 	 3.2194 	 1.1818 	 -1.3736 	 0.0000 	 1.7295 	 811.2188 	 46.0000 	 0.6629 	 7.8156 	 7.7775 	 3.7064 	 0.0000 	 1.8297 	 0.0000 
46.0000 	 1.5817 	 2.0002 	 2.1002 	 -0.2609 	 0.0000 	 1.1233 	 653.0925 	 46.0000 	 2.0906 	 0.2296 	 3.2984 	 -3.4803 	 0.0000 	 0.5991 	 0.0021 
46.0000 	 1.5859 	 1.9614 	 2.1177 	 -0.2337 	 0.0000 	 1.1130 	 653.0926 	 46.0000 	 0.4353 	 0.5896 	 8.9579 	 -0.0643 	 0.0000 	 0.5895 	 0.0020 
43.0000 	 0.0013 	 6.0899 	 0.4302 	 -1.9677 	 0.0000 	 1.7284 	 811.1948 	 43.0000 	 1.5216 	 1.4311 	 5.0341 	 4.5992 	 0.0000 	 0.3881 	 0.0000 
44.0000 	 1.5284 	 0.7694 	 3.7165 	 -9.6250 	 0.0000 	 1.4564 	 662.8977 	 44.0000 	 1.5648 	 6.2060 	 5.0736 	 3.3163 	 0.0000 	 2.3610 	 0.0022 
41.0000 	 1.4802 	 1.9418 	 2.0840 	 -0.2061 	 0.0000 	 1.1090 	 652.9872 	 41.0000 	 2.3801 	 5.2299 	 -7.4155 	 -2.3164 	 0.0000 	 1.6272 	 0.0023 
44.0000 	 1.5246 	 0.1227 	 3.7752 	 -21.7013 	 0.0000 	 1.4716 	 663.0414 	 44.0000 	 1.2083 	 6.2779 	 3.4440 	 -1.8907 	 0.0000 	 2.4427 	 0.0032 
41.0000 	 1.4223 	 11.6062 	 2.5073 	 -8.5995 	 0.0000 	 1.4147 	 663.5284 	 41.0000 	 0.3678 	 6.1211 	 5.9666 	 1.2672 	 0.0000 	 2.6737 	 0.0067 
40.0000 	 1.4660 	 1.9280 	 2.1090 	 -0.1949 	 0.0000 	 1.0964 	 652.9651 	 40.0000 	 2.5789 	 8.1060 	 -4.4481 	 1.5368 	 0.0000 	 2.2357 	 0.0023 
39.0000 	 0.0035 	 10.0178 	 1.0268 	 -4.0088 	 0.0000 	 1.7277 	 811.1943 	 39.0000 	 1.4821 	 2.0763 	 9.8970 	 -1.1610 	 0.0000 	 2.9084 	 0.0000 
41.0000 	 1.4912 	 1.9266 	 1.7692 	 0.1971 	 0.0000 	 0.0000 	 662.9454 	 41.0000 	 1.0992 	 8.8846 	 -0.4105 	 -0.3773 	 0.0000 	 0.3051 	 0.0197 
38.0000 	 1.4085 	 0.0000 	 3.2069 	 5.4451 	 0.0000 	 1.8007 	 677.9382 	 38.0000 	 2.0513 	 1.5686 	 0.7171 	 3.0722 	 0.0000 	 1.1759 	 0.0060 
39.0000 	 1.4392 	 1.8936 	 2.0972 	 -0.1738 	 0.0000 	 1.0951 	 652.9483 	 39.0000 	 2.7773 	 8.2183 	 -0.0144 	 -1.5718 	 0.0000 	 1.1720 	 0.0024 
37.0000 	 1.3962 	 1.9696 	 1.7167 	 0.1778 	 0.0000 	 0.0000 	 661.1815 	 37.0000 	 1.0099 	 2.1874 	 4.9929 	 4.4561 	 0.0000 	 2.4325 	 0.0169 
38.0000 	 1.4187 	 1.9690 	 2.0681 	 -0.2038 	 0.0000 	 1.0902 	 652.9201 	 38.0000 	 2.5821 	 0.6836 	 3.4982 	 2.5579 	 0.0000 	 0.1501 	 0.0020 
36.0000 	 1.3742 	 1.9046 	 2.0625 	 -0.1488 	 0.0000 	 1.0735 	 652.8733 	 36.0000 	 2.1019 	 1.1915 	 -6.4803 	 -1.6141 	 0.0000 	 0.6525 	 0.0021 
37.0000 	 1.4009 	 1.9403 	 2.1060 	 -0.1981 	 0.0000 	 1.0986 	 652.9074 	 37.0000 	 2.0103 	 0.4654 	 -0.8303 	 -4.8136 	 0.0000 	 2.2335 	 0.0018 
36.0000 	 1.3729 	 1.9323 	 1.6960 	 0.1987 	 0.0000 	 0.0001 	 660.7481 	 36.0000 	 1.5865 	 4.3529 	 -2.7425 	 1.6469 	 0.0000 	 0.3433 	 0.0199 
35.0000 	 1.3504 	 1.8736 	 2.0550 	 -0.1218 	 0.0000 	 1.0607 	 652.8586 	 35.0000 	 2.7811 	 7.1172 	 -0.6229 	 0.8831 	 0.0000 	 1.0867 	 0.0024 
35.0000 	 0.0097 	 3.7592 	 1.0743 	 -1.5324 	 0.0000 	 1.7245 	 811.2071 	 35.0000 	 0.9108 	 6.0343 	 9.8870 	 -3.0331 	 0.0000 	 1.1520 	 0.0000 
34.0000 	 1.3328 	 1.8979 	 2.0746 	 -0.1392 	 0.0000 	 1.0563 	 652.8291 	 34.0000 	 2.8632 	 5.7090 	 7.7996 	 -0.1883 	 0.0000 	 0.9716 	 0.0033 
34.0000 	 1.3537 	 1.6339 	 3.1067 	 -1.6522 	 0.0000 	 1.4339 	 659.1624 	 34.0000 	 0.6464 	 8.7476 	 5.9277 	 2.5415 	 0.0000 	 1.5391 	 0.0032 
34.0000 	 1.3502 	 1.9778 	 1.8022 	 0.1653 	 0.0000 	 0.0000 	 659.8499 	 34.0000 	 2.7375 	 9.1626 	 -3.3247 	 -2.9501 	 0.0000 	 1.3166 	 0.0164 
33.0000 	 1.2996 	 1.9246 	 2.0203 	 -0.1426 	 0.0000 	 1.0567 	 652.8180 	 33.0000 	 1.6736 	 6.7146 	 2.3007 	 -0.1333 	 0.0000 	 0.2745 	 0.0022 
33.0000 	 1.3201 	 2.1455 	 3.4667 	 -5.3923 	 0.0000 	 1.4159 	 662.0251 	 33.0000 	 0.0491 	 0.6538 	 0.5934 	 -3.5154 	 0.0000 	 0.5252 	 0.0037 
33.0000 	 1.2887 	 0.0000 	 3.2294 	 5.6585 	 0.0000 	 1.8209 	 678.1216 	 33.0000 	 1.4673 	 7.2141 	 -6.1412 	 2.3059 	 0.0000 	 0.1467 	 0.0026 
32.0000 	 1.2148 	 6.9849 	 2.9834 	 -8.5950 	 0.0000 	 1.4803 	 663.6760 	 32.0000 	 2.7445 	 2.9725 	 2.0458 	 -2.7883 	 0.0000 	 0.5631 	 0.0043 
32.0000 	 1.2855 	 1.8171 	 1.7666 	 0.2383 	 0.0000 	 0.0002 	 658.8659 	 32.0000 	 0.8383 	 7.7086 	 9.1349 	 3.2720 	 0.0000 	 0.4458 	 0.0143 
32.0000 	 0.0015 	 2.7288 	 3.4097 	 -23.1523 	 0.0000 	 1.7307 	 811.1934 	 32.0000 	 2.3142 	 8.0476 	 -8.3631 	 -0.6994 	 0.0000 	 0.3113 	 0.0000 
32.0000 	 1.2816 	 1.8903 	 2.0435 	 -0.1159 	 0.0000 	 1.0402 	 652.7840 	 32.0000 	 0.5779 	 9.3606 	 -2.2729 	 -2.2850 	 0.0000 	 0.9345 	 0.0023 
29.0000 	 1.2167 	 1.8274 	 2.0873 	 -0.0698 	 0.0000 	 1.0117 	 652.7498 	 29.0000 	 0.2268 	 6.5341 	 9.7907 	 -3.8348 	 0.0000 	 2.4076 	 0.0019 
30.0000 	 1.2380 	 1.8735 	 1.7445 	 0.2091 	 0.0000 	 0.0000 	 657.8620 	 30.0000 	 0.0115 	 3.2060 	 3.9445 	 -0.9266 	 0.0000 	 2.9627 	 0.0160 
29.0000 	 1.2143 	 1.9220 	 2.0677 	 -0.1358 	 0.0000 	 1.0307 	 652.7608 	 29.0000 	 0.2540 	 7.5471 	 1.0866 	 4.4614 	 0.0000 	 2.3079 	 0.0018 
28.0000 	 1.1939 	 1.8124 	 1.8294 	 0.2274 	 0.0000 	 0.0000 	 656.9929 	 28.0000 	 1.1431 	 1.0381 	 6.7601 	 -0.4354 	 0.0000 	 1.1288 	 0.0118 
28.0000 	 1.1892 	 1.8693 	 2.0462 	 -0.0721 	 0.0000 	 0.9970 	 652.7227 	 28.0000 	 1.5224 	 0.0149 	 -7.4252 	 1.4617 	 0.0000 	 1.6938 	 0.0030 
28.0000 	 1.2315 	 2.4911 	 1.6115 	 -0.0232 	 0.0000 	 0.5294 	 658.9716 	 28.0000 	 1.4509 	 5.8234 	 -1.1107 	 0.3485 	 0.0000 	 0.6666 	 0.0120 
27.0000 	 1.1018 	 9.5394 	 1.0553 	 -3.1011 	 0.0000 	 1.3297 	 661.7665 	 27.0000 	 0.2141 	 5.2244 	 -3.2385 	 -4.9316 	 0.0000 	 1.0347 	 0.0060 
27.0000 	 1.0964 	 10.2638 	 0.6633 	 -2.9279 	 0.0000 	 1.3154 	 661.9594 	 27.0000 	 2.5945 	 1.5477 	 6.3845 	 0.8720 	 0.0000 	 1.8113 	 0.0056 
26.0000 	 1.1369 	 1.8597 	 2.0604 	 -0.0594 	 0.0000 	 0.9549 	 652.7496 	 26.0000 	 1.8647 	 0.6447 	 6.9606 	 -3.7089 	 0.0000 	 2.0870 	 0.0024 
26.0000 	 1.1367 	 1.8478 	 2.0242 	 -0.0352 	 0.0000 	 0.9560 	 652.7223 	 26.0000 	 2.4882 	 9.0894 	 -2.6120 	 4.3752 	 0.0000 	 0.2581 	 0.0023 
26.0000 	 1.1351 	 1.8493 	 2.0381 	 -0.0513 	 0.0000 	 0.9799 	 652.7258 	 26.0000 	 1.3866 	 3.7680 	 1.0958 	 4.7039 	 0.0000 	 2.1371 	 0.0018 
26.0000 	 1.1207 	 1.8625 	 1.9253 	 -0.0266 	 0.0000 	 0.9498 	 652.7861 	 26.0000 	 0.9740 	 1.9994 	 2.7897 	 0.2101 	 0.0000 	 1.7251 	 0.0128 
24.0000 	 1.0794 	 1.8414 	 2.0037 	 -0.0256 	 0.0000 	 0.9447 	 652.7606 	 24.0000 	 0.2396 	 1.0901 	 9.5521 	 -1.8638 	 0.0000 	 2.8585 	 0.0029 
24.0000 	 1.0840 	 1.8301 	 2.0360 	 -0.0160 	 0.0000 	 0.9396 	 652.7622 	 24.0000 	 0.4163 	 3.0075 	 3.7194 	 -3.4296 	 0.0000 	 1.1892 	 0.0032 
23.0000 	 1.0539 	 1.8124 	 2.0179 	 0.0106 	 0.0000 	 0.9061 	 652.7870 	 23.0000 	 2.5736 	 2.0031 	 7.8959 	 -4.8127 	 0.0000 	 0.1297 	 0.0031 
19.0000 	 0.0010 	 5.3529 	 0.0842 	 -1.5611 	 0.0000 	 1.7290 	 811.2209 	 19.0000 	 1.2499 	 6.0036 	 8.3277 	 -3.2079 	 0.0000 	 0.7598 	 0.0000 
18.0000 	 0.9236 	 1.7981 	 1.9712 	 0.2177 	 0.0000 	 0.0000 	 654.3488 	 18.0000 	 0.6862 	 5.4482 	 8.4365 	 -1.6479 	 0.0000 	 0.9354 	 0.0073 
21.0000 	 0.9980 	 1.8132 	 2.0257 	 0.0270 	 0.0000 	 0.8687 	 652.9220 	 21.0000 	 2.2925 	 0.7623 	 1.9398 	 4.5447 	 0.0000 	 1.9154 	 0.0038 
14.0000 	 0.7721 	 1.7598 	 2.1433 	 0.0652 	 0.0000 	 0.7635 	 655.3993 	 14.0000 	 2.9229 	 4.1204 	 -9.0213 	 0.6728 	 0.0000 	 2.4361 	 0.0141 
21.0000 	 0.9962 	 1.8774 	 1.7770 	 0.1909 	 0.0000 	 0.0000 	 654.6103 	 21.0000 	 1.1025 	 8.4146 	 3.9384 	 4.6492 	 0.0000 	 1.6329 	 0.0087 
12.0000 	 0.7075 	 1.8491 	 2.1253 	 0.1710 	 0.0000 	 0.0000 	 658.1198 	 12.0000 	 2.8554 	 5.3861 	 5.8257 	 -3.5964 	 0.0000 	 0.8491 	 0.0225 
15.0000 	 0.8180 	 1.7600 	 2.0516 	 0.2180 	 0.0000 	 0.0000 	 655.2002 	 15.0000 	 1.7067 	 7.1468 	 -1.4535 	 0.8003 	 0.0000 	 2.9562 	 0.0107 
11.0000 	 0.6165 	 0.0000 	 3.2422 	 5.1672 	 0.0000 	 1.8721 	 680.0947 	 11.0000 	 1.8709 	 5.8351 	 -0.2600 	 4.4286 	 0.0000 	 2.6333 	 0.0083 
9.0000 	 0.5245 	 1.9773 	 2.6765 	 -0.9085 	 0.0000 	 1.3234 	 661.3318 	 9.0000 	 1.7897 	 5.6428 	 -1.2820 	 -1.1853 	 0.0000 	 2.0554 	 0.0100 
15.0000 	 0.8201 	 1.7735 	 2.1472 	 0.0824 	 0.0000 	 0.7523 	 654.7171 	 15.0000 	 2.5610 	 7.4122 	 -9.1642 	 -0.9308 	 0.0000 	 2.4834 	 0.0153 
8.0000 	 0.4724 	 1.8015 	 2.9630 	 -1.2721 	 0.0000 	 1.3725 	 662.4861 	 8.0000 	 2.9090 	 7.6374 	 3.8552 	 -3.1357 	 0.0000 	 2.8686 	 0.0102 
13.0000 	 0.7534 	 1.8568 	 2.1427 	 0.1690 	 0.0000 	 0.0011 	 656.8322 	 13.0000 	 1.7517 	 0.0845 	 -2.6088 	 3.0850 	 0.0000 	 1.9368 	 0.0178 
11.0000 	 0.0176 	 5.7541 	 0.3499 	 -1.8089 	 0.0000 	 1.7366 	 811.2456 	 11.0000 	 0.4665 	 3.0609 	 -8.5130 	 -1.7468 	 0.0000 	 0.6320 	 0.0000 
4.0000 	 0.1975 	 1.2038 	 3.4628 	 -2.9601 	 0.0000 	 1.4691 	 668.1604 	 4.0000 	 2.1131 	 0.4814 	 -0.7943 	 -2.0002 	 0.0000 	 2.3789 	 0.0147 
10.0000 	 1.6717 	 2.9327 	 7.6124 	 0.2449 	 0.0000 	 0.0029 	 731.5748 	 10.0000 	 0.9347 	 2.7920 	 -8.9783 	 -1.2139 	 0.0000 	 2.0418 	 0.2537 
3.0000 	 0.1114 	 2.0084 	 3.2520 	 -3.1162 	 0.0000 	 1.4643 	 671.3538 	 3.0000 	 2.5950 	 7.3282 	 -9.0753 	 4.7502 	 0.0000 	 0.1832 	 0.0134 
5.0000 	 0.3905 	 1.8403 	 3.3397 	 0.0712 	 0.0000 	 0.0000 	 685.5188 	 5.0000 	 1.7802 	 9.5693 	 0.7426 	 2.9088 	 0.0000 	 0.7354 	 0.0957 
5.0000 	 1.0725 	 15.7663 	 6.0933 	 5.3541 	 0.0000 	 1.8648 	 735.3725 	 5.0000 	 1.8176 	 8.7260 	 5.7835 	 3.7036 	 0.0000 	 1.3502 	 0.3550 
4.0000 	 0.3236 	 1.8069 	 3.7381 	 0.0177 	 0.0000 	 0.0000 	 694.2846 	 4.0000 	 2.5246 	 9.5168 	 -2.6349 	 2.8984 	 0.0000 	 2.4922 	 0.1605 
3.0000 	 0.1159 	 0.8749 	 3.4553 	 -2.5840 	 0.0000 	 1.5358 	 671.5223 	 3.0000 	 2.8799 	 0.0339 	 -6.7949 	 2.5503 	 0.0000 	 1.3480 	 0.0120 
