50.0000 	 0.0031 	 0.5234 	 0.5900 	 10.9251 	 3.0104 	 0.0000 	 3.6819 	 8.6302 	 0.0000 	 4.3590 	 425.3292 	 50.0000 	 0.2149 	 0.1656 	 0.9185 	 3.7530 	 7.7754 	 7.6984 	 1.2664 	 -2.9482 	 0.0000 	 2.0337 	 0.0000 
50.0000 	 0.0031 	 0.0339 	 0.1726 	 43.9393 	 0.0199 	 0.0205 	 1.6506 	 9.7836 	 0.0000 	 4.2868 	 424.0590 	 50.0000 	 0.2149 	 0.1656 	 0.9185 	 3.7530 	 7.7754 	 7.6984 	 1.2664 	 -2.9482 	 0.0000 	 2.0337 	 0.0002 
50.0000 	 0.0010 	 0.2956 	 0.3185 	 1.2566 	 0.3049 	 4.8055 	 8.9752 	 2.0139 	 0.0000 	 4.2704 	 424.1963 	 50.0000 	 0.9268 	 0.0025 	 0.5605 	 8.3598 	 5.6275 	 6.8167 	 0.6130 	 -1.8800 	 0.0000 	 1.8041 	 0.0016 
48.0000 	 0.0010 	 0.0170 	 0.0013 	 3.3848 	 3.5009 	 0.0000 	 2.0490 	 9.7112 	 0.0000 	 4.3185 	 457.0883 	 48.0000 	 0.0495 	 0.5253 	 0.0089 	 3.0002 	 5.0422 	 6.6642 	 0.4044 	 -0.3834 	 0.0000 	 1.4865 	 0.0426 
48.0000 	 0.0031 	 0.0042 	 0.5834 	 49.9994 	 0.0000 	 5.4262 	 5.9128 	 5.0423 	 0.0000 	 4.3094 	 424.0759 	 48.0000 	 0.7822 	 0.3774 	 0.1959 	 9.2884 	 9.6948 	 6.2879 	 1.7499 	 0.3245 	 0.0000 	 0.6951 	 0.0014 
46.0000 	 0.0047 	 0.0959 	 0.8147 	 1.5894 	 1.4679 	 9.9968 	 0.8710 	 9.9981 	 0.0000 	 4.2322 	 424.5115 	 46.0000 	 0.7161 	 0.0466 	 0.7250 	 3.9083 	 0.1274 	 8.8676 	 1.5267 	 0.8201 	 0.0000 	 0.0073 	 0.0044 
48.0000 	 0.0011 	 0.0285 	 0.2991 	 14.2839 	 0.0000 	 9.9968 	 3.7025 	 7.2647 	 0.0000 	 4.3199 	 424.0620 	 48.0000 	 0.5600 	 0.2011 	 0.9082 	 13.4022 	 8.2934 	 6.1266 	 0.5455 	 -0.7737 	 0.0000 	 2.9420 	 0.0003 
47.0000 	 0.0022 	 1.0000 	 0.5331 	 3.6010 	 6.9510 	 2.2540 	 2.1774 	 8.6973 	 0.0000 	 4.3771 	 425.4123 	 47.0000 	 0.3232 	 0.9589 	 0.4555 	 9.2493 	 2.8487 	 1.8658 	 1.4432 	 -2.6296 	 0.0000 	 0.6677 	 0.0000 
48.0000 	 0.0097 	 0.2368 	 0.8264 	 8.0863 	 9.3985 	 5.5781 	 2.0628 	 8.8657 	 0.0000 	 4.2770 	 425.3128 	 48.0000 	 0.3950 	 0.7704 	 0.6374 	 11.9075 	 7.2777 	 1.6720 	 0.9910 	 -1.4704 	 0.0000 	 2.9430 	 0.0001 
46.0000 	 0.0034 	 0.5649 	 0.1699 	 14.2789 	 0.0000 	 4.6533 	 3.7747 	 7.1882 	 0.0000 	 4.3130 	 424.0597 	 46.0000 	 0.2756 	 0.9390 	 0.9774 	 11.0193 	 6.3344 	 2.7570 	 2.9219 	 -0.3542 	 0.0000 	 2.1330 	 0.0002 
47.0000 	 0.0080 	 0.0590 	 0.9231 	 19.6915 	 3.5032 	 0.6191 	 2.5964 	 8.3467 	 0.0000 	 4.2915 	 425.3106 	 47.0000 	 0.2026 	 0.5104 	 0.9794 	 1.0744 	 1.1157 	 4.5266 	 1.5089 	 -1.1238 	 0.0000 	 1.9194 	 0.0006 
47.0000 	 0.0298 	 0.1226 	 0.6386 	 2.1936 	 0.0000 	 4.6071 	 1.1279 	 9.8319 	 0.0000 	 4.3054 	 424.0733 	 47.0000 	 0.3947 	 0.0010 	 0.0058 	 11.7606 	 0.4446 	 7.3428 	 0.5758 	 0.7101 	 0.0000 	 1.0264 	 0.0008 
46.0000 	 0.0075 	 0.6464 	 0.1765 	 6.7806 	 0.0000 	 4.2782 	 1.8632 	 9.1033 	 0.0000 	 4.3137 	 424.0601 	 46.0000 	 0.5491 	 0.1699 	 0.1381 	 7.6938 	 7.8754 	 0.7692 	 0.4765 	 -2.7341 	 0.0000 	 0.9279 	 0.0002 
44.0000 	 0.0010 	 0.4130 	 0.2681 	 1.2196 	 0.0000 	 0.6651 	 0.9981 	 9.9515 	 0.0000 	 4.3187 	 424.0633 	 44.0000 	 0.3749 	 0.7328 	 0.5791 	 5.4619 	 2.4307 	 2.5009 	 1.0072 	 -2.9339 	 0.0000 	 1.2027 	 0.0002 
46.0000 	 0.0018 	 0.9988 	 0.9964 	 7.0466 	 8.3256 	 1.4570 	 3.9559 	 6.9811 	 0.0000 	 4.2981 	 425.3111 	 46.0000 	 0.6815 	 0.0559 	 0.1051 	 7.0668 	 1.0226 	 3.3477 	 0.3213 	 -1.1806 	 0.0000 	 2.3511 	 0.0003 
44.0000 	 0.0472 	 0.9149 	 0.2686 	 8.0718 	 0.0000 	 8.0785 	 2.4123 	 8.5399 	 0.0000 	 4.2985 	 424.0593 	 44.0000 	 0.1168 	 0.6912 	 0.1482 	 8.3993 	 9.3796 	 1.7616 	 2.1150 	 -0.6425 	 0.0000 	 1.4086 	 0.0007 
43.0000 	 0.0341 	 0.1169 	 0.9999 	 8.7347 	 6.5364 	 0.6439 	 0.3044 	 10.0000 	 0.0000 	 4.2236 	 427.3688 	 43.0000 	 0.7477 	 0.7721 	 0.1496 	 7.6449 	 7.4023 	 3.0042 	 2.5118 	 0.1082 	 0.0000 	 2.6615 	 0.0000 
43.0000 	 0.0028 	 0.1439 	 0.1599 	 15.0345 	 0.0023 	 5.8298 	 2.7910 	 8.1692 	 0.0000 	 4.2954 	 424.0602 	 43.0000 	 0.5899 	 0.3105 	 0.5335 	 3.4069 	 2.0723 	 3.0942 	 1.3023 	 -1.9456 	 0.0000 	 2.6981 	 0.0026 
44.0000 	 0.0835 	 0.9304 	 0.9363 	 50.0000 	 6.3334 	 1.9864 	 9.0010 	 1.9399 	 0.0000 	 4.2906 	 425.3115 	 44.0000 	 0.3490 	 0.9124 	 0.1244 	 1.2236 	 6.0214 	 8.0015 	 2.1022 	 1.2922 	 0.0000 	 1.0106 	 0.0000 
41.0000 	 0.0092 	 0.2856 	 0.5477 	 1.0225 	 0.0000 	 3.5151 	 6.5785 	 4.3761 	 0.0000 	 4.2990 	 424.0816 	 41.0000 	 0.8582 	 0.8944 	 0.5898 	 7.8103 	 0.5927 	 2.2028 	 1.5070 	 -0.4011 	 0.0000 	 2.6837 	 0.0010 
41.0000 	 0.0010 	 0.0207 	 0.8712 	 49.9661 	 8.8339 	 7.6659 	 0.9407 	 10.0000 	 0.0000 	 4.2968 	 425.3111 	 41.0000 	 0.7169 	 0.5523 	 0.5253 	 11.6587 	 5.2041 	 3.2229 	 2.0324 	 1.4482 	 0.0000 	 2.5907 	 0.0000 
41.0000 	 0.0054 	 0.0064 	 0.5391 	 49.9958 	 0.0000 	 9.8276 	 2.6444 	 8.2984 	 0.0000 	 4.3066 	 424.0677 	 41.0000 	 0.7118 	 0.4596 	 0.6658 	 5.8225 	 2.8278 	 4.0517 	 1.8654 	 -2.5855 	 0.0000 	 0.5006 	 0.0008 
42.0000 	 0.0124 	 0.0645 	 0.3141 	 13.6193 	 0.0000 	 1.6262 	 2.7291 	 8.2185 	 0.0000 	 4.2970 	 424.0605 	 42.0000 	 0.3589 	 0.3833 	 0.4765 	 12.8891 	 2.9011 	 6.2932 	 1.0739 	 -0.7266 	 0.0000 	 0.7576 	 0.0003 
44.0000 	 0.0048 	 0.4554 	 0.5494 	 1.3457 	 9.6100 	 6.4275 	 2.9721 	 7.9613 	 0.0000 	 4.2777 	 425.2883 	 44.0000 	 0.5759 	 0.3273 	 0.6639 	 1.7227 	 9.5280 	 4.6863 	 1.8103 	 1.1055 	 0.0000 	 2.7584 	 0.0004 
41.0000 	 0.0010 	 0.0095 	 0.0010 	 7.0364 	 0.0000 	 9.2850 	 7.6460 	 3.2884 	 0.0000 	 4.3770 	 457.2332 	 41.0000 	 0.8880 	 0.7879 	 0.3562 	 12.6567 	 9.8123 	 6.1680 	 0.2919 	 0.2032 	 0.0000 	 1.9707 	 0.0420 
44.0000 	 0.0017 	 0.0074 	 0.4749 	 34.4865 	 0.0001 	 2.0845 	 0.9940 	 9.9704 	 0.0000 	 4.3081 	 424.0751 	 44.0000 	 0.0850 	 0.0870 	 0.9470 	 14.1764 	 7.9982 	 7.6209 	 1.9369 	 0.8905 	 0.0000 	 0.0162 	 0.0011 
41.0000 	 0.0029 	 0.2525 	 0.1568 	 11.1950 	 0.0000 	 6.4174 	 2.6937 	 8.2643 	 0.0000 	 4.3082 	 424.0597 	 41.0000 	 0.1975 	 0.1791 	 0.2750 	 12.0829 	 5.0171 	 5.4359 	 2.6008 	 2.2179 	 0.0000 	 1.3663 	 0.0003 
41.0000 	 0.0525 	 0.2040 	 0.3256 	 8.3594 	 0.0000 	 7.7167 	 1.5333 	 9.4154 	 0.0000 	 4.2988 	 424.0599 	 41.0000 	 0.8651 	 0.8892 	 0.3980 	 8.7348 	 5.5273 	 3.9527 	 0.7175 	 1.6612 	 0.0000 	 2.4326 	 0.0002 
39.0000 	 0.0011 	 0.4355 	 0.2611 	 1.0000 	 0.5950 	 8.3474 	 9.6991 	 1.2588 	 0.0000 	 4.2793 	 424.2158 	 39.0000 	 0.9954 	 0.7767 	 0.7285 	 7.4082 	 2.8671 	 4.2875 	 0.7891 	 -0.3101 	 0.0000 	 2.7764 	 0.0009 
49.0000 	 0.0025 	 0.1509 	 0.1448 	 46.1830 	 2.3592 	 1.5168 	 0.9918 	 9.9898 	 0.0000 	 4.3011 	 424.1231 	 49.0000 	 0.9891 	 0.5136 	 0.1930 	 3.0039 	 4.8923 	 5.9906 	 1.3494 	 1.5060 	 0.0000 	 1.3851 	 0.0002 
49.0000 	 0.0071 	 0.7112 	 0.1673 	 8.9514 	 0.0000 	 5.1776 	 5.1278 	 5.8194 	 0.0000 	 4.3042 	 424.0596 	 49.0000 	 0.1082 	 0.2564 	 0.6776 	 10.4287 	 2.3522 	 4.1743 	 0.9391 	 1.4572 	 0.0000 	 2.1610 	 0.0003 
49.0000 	 0.0010 	 0.8535 	 0.7627 	 11.3825 	 9.6100 	 8.6042 	 9.8695 	 1.0696 	 0.0000 	 4.2972 	 425.3111 	 49.0000 	 0.1652 	 0.0921 	 0.2203 	 13.6326 	 6.6625 	 9.5938 	 0.3784 	 -1.5426 	 0.0000 	 2.4100 	 0.0000 
50.0000 	 0.0010 	 0.0033 	 0.7149 	 49.9985 	 9.9999 	 0.0000 	 3.8370 	 8.6997 	 0.0000 	 4.3256 	 424.3607 	 50.0000 	 0.8856 	 0.4604 	 0.3816 	 13.8828 	 2.1215 	 7.6377 	 1.2590 	 -1.6756 	 0.0000 	 0.5566 	 0.0072 
49.0000 	 0.0029 	 0.4848 	 0.1795 	 1.8866 	 0.0000 	 5.4067 	 9.3040 	 1.6572 	 0.0000 	 4.3068 	 424.0605 	 49.0000 	 0.1652 	 0.0921 	 0.2203 	 13.6326 	 6.6625 	 9.5938 	 0.3784 	 -1.5426 	 0.0000 	 2.4100 	 0.0003 
49.0000 	 0.0011 	 0.0376 	 0.2208 	 48.7318 	 5.1887 	 6.3607 	 4.4191 	 6.5585 	 0.0000 	 4.2448 	 425.1617 	 49.0000 	 0.1567 	 0.0277 	 0.2898 	 3.7896 	 2.7560 	 1.0546 	 1.2592 	 -2.3043 	 0.0000 	 2.0034 	 0.0020 
50.0000 	 0.0010 	 0.9998 	 0.1261 	 49.9975 	 0.0012 	 2.4857 	 7.9514 	 2.9781 	 0.0000 	 4.2996 	 424.0624 	 50.0000 	 0.9290 	 0.1437 	 0.3499 	 2.0157 	 4.8329 	 4.4847 	 2.6917 	 2.7121 	 0.0000 	 0.3916 	 0.0088 
49.0000 	 0.0012 	 0.4768 	 0.5528 	 1.0000 	 8.0683 	 6.0551 	 7.2479 	 3.6706 	 0.0000 	 4.2685 	 425.3058 	 49.0000 	 0.5950 	 0.7665 	 0.4797 	 9.8908 	 8.6991 	 9.5006 	 1.3202 	 0.6686 	 0.0000 	 2.3992 	 0.0000 
50.0000 	 0.0011 	 0.0667 	 0.2776 	 5.9210 	 6.1435 	 0.0059 	 4.6799 	 7.9952 	 0.0000 	 4.3088 	 424.0565 	 50.0000 	 0.8856 	 0.4604 	 0.3816 	 13.8828 	 2.1215 	 7.6377 	 1.2590 	 -1.6756 	 0.0000 	 0.5566 	 0.0003 
50.0000 	 0.0463 	 0.4420 	 0.3934 	 1.1939 	 2.3608 	 2.1598 	 1.2254 	 9.7469 	 0.0000 	 4.3007 	 424.1797 	 50.0000 	 0.9233 	 0.4231 	 0.6293 	 5.7522 	 5.6083 	 3.0999 	 0.1207 	 -1.4854 	 0.0000 	 1.8652 	 0.0003 
37.0000 	 0.9933 	 0.0010 	 0.7308 	 1.4751 	 1.7285 	 0.4297 	 0.1392 	 9.2695 	 0.0000 	 9.8318 	 504.9123 	 37.0000 	 0.5714 	 0.8386 	 0.5429 	 6.6412 	 7.9078 	 1.7493 	 2.4693 	 -1.9083 	 0.0000 	 1.2261 	 0.9218 
37.0000 	 0.0504 	 0.8466 	 0.3112 	 12.3490 	 4.6879 	 9.8811 	 1.0685 	 10.0000 	 0.0000 	 4.3199 	 424.1786 	 37.0000 	 0.3813 	 0.8746 	 0.6935 	 12.2090 	 2.1372 	 6.9719 	 1.8863 	 2.2101 	 0.0000 	 0.7930 	 0.0003 
41.0000 	 0.6199 	 0.0710 	 0.9952 	 7.0905 	 0.2085 	 1.4568 	 1.4528 	 9.5812 	 0.0000 	 4.3273 	 424.2591 	 41.0000 	 0.9602 	 0.9820 	 0.3957 	 11.6396 	 0.1771 	 2.5742 	 2.1262 	 2.5979 	 0.0000 	 1.6558 	 0.0046 
48.0000 	 0.0110 	 0.4499 	 0.1879 	 7.2359 	 3.5855 	 0.0103 	 5.7239 	 7.2974 	 0.0000 	 4.3131 	 424.0562 	 48.0000 	 0.7219 	 0.7602 	 0.0808 	 9.8391 	 2.1898 	 8.6451 	 1.5932 	 -1.5216 	 0.0000 	 1.5743 	 0.0003 
47.0000 	 0.0031 	 0.4998 	 0.1642 	 26.2565 	 0.5595 	 0.0090 	 2.5633 	 9.3102 	 0.0000 	 4.3222 	 424.0574 	 47.0000 	 0.7221 	 0.4616 	 0.0272 	 11.0704 	 2.8114 	 2.6554 	 0.7136 	 -1.2507 	 0.0000 	 2.6522 	 0.0004 
48.0000 	 0.0010 	 0.0317 	 0.1703 	 49.9987 	 0.0002 	 2.7418 	 2.2340 	 8.7217 	 0.0000 	 4.3043 	 424.0601 	 48.0000 	 0.2196 	 0.4945 	 0.8170 	 8.1217 	 9.0970 	 9.2772 	 0.5215 	 2.8236 	 0.0000 	 0.9080 	 0.0003 
48.0000 	 0.1593 	 0.2877 	 0.9143 	 5.9071 	 8.2173 	 1.6486 	 2.4350 	 8.5087 	 0.0000 	 4.3003 	 425.3111 	 48.0000 	 0.1486 	 0.2694 	 0.2122 	 7.2501 	 8.7254 	 0.4138 	 2.6842 	 1.7722 	 0.0000 	 2.0029 	 0.0000 
47.0000 	 0.0032 	 0.2278 	 0.1645 	 40.5897 	 0.0000 	 8.2318 	 5.5372 	 5.4318 	 0.0000 	 4.3185 	 424.0613 	 47.0000 	 0.3486 	 0.9752 	 0.7636 	 14.3234 	 0.5987 	 9.1623 	 2.7514 	 -0.3504 	 0.0000 	 1.1621 	 0.0003 
47.0000 	 0.0104 	 0.9163 	 0.1898 	 26.7958 	 0.0000 	 9.9854 	 3.0631 	 7.8989 	 0.0000 	 4.3042 	 424.0596 	 47.0000 	 0.0539 	 0.3075 	 0.9431 	 4.0559 	 2.2324 	 3.4313 	 1.9705 	 2.4940 	 0.0000 	 2.6924 	 0.0002 
49.0000 	 0.0178 	 0.0319 	 0.6147 	 8.1865 	 0.0000 	 8.9054 	 2.5888 	 8.3977 	 0.0000 	 4.3446 	 424.0796 	 49.0000 	 0.9905 	 0.2070 	 0.6718 	 4.2719 	 3.9851 	 2.4486 	 1.9496 	 -2.1401 	 0.0000 	 1.8540 	 0.0012 
48.0000 	 0.1331 	 0.9995 	 0.3378 	 2.4735 	 0.0004 	 5.5724 	 1.9848 	 8.9721 	 0.0000 	 4.2993 	 424.0599 	 48.0000 	 0.0989 	 0.6900 	 0.5272 	 4.3564 	 2.5335 	 6.7297 	 2.1563 	 0.4270 	 0.0000 	 0.6598 	 0.0003 
49.0000 	 0.0166 	 0.0108 	 0.7466 	 32.2335 	 8.9036 	 8.5386 	 2.3793 	 8.6997 	 0.0000 	 4.2901 	 425.1947 	 49.0000 	 0.7416 	 0.8682 	 0.9611 	 1.1889 	 8.7032 	 8.8906 	 0.0357 	 2.1002 	 0.0000 	 1.9857 	 0.0034 
47.0000 	 0.0430 	 0.7900 	 0.9402 	 7.3483 	 1.5302 	 6.3753 	 1.0001 	 9.9384 	 0.0000 	 4.3002 	 425.3111 	 47.0000 	 0.5234 	 0.3831 	 0.8296 	 7.1762 	 0.1708 	 7.7278 	 0.5856 	 1.1121 	 0.0000 	 1.4527 	 0.0000 
46.0000 	 0.0026 	 0.3844 	 0.1427 	 15.0726 	 0.0003 	 1.4108 	 4.0049 	 6.9654 	 0.0000 	 4.3107 	 424.0600 	 46.0000 	 0.6412 	 0.9131 	 0.3690 	 2.4388 	 0.7124 	 0.9286 	 2.0913 	 1.9091 	 0.0000 	 1.2899 	 0.0003 
49.0000 	 0.0092 	 0.0184 	 0.6434 	 11.9745 	 0.0001 	 4.3792 	 1.7896 	 9.1757 	 0.0000 	 4.3025 	 424.0881 	 49.0000 	 0.4818 	 0.0019 	 0.2643 	 14.4882 	 2.5460 	 3.2635 	 0.2441 	 0.9517 	 0.0000 	 1.6526 	 0.0019 
47.0000 	 0.0030 	 0.1946 	 0.1656 	 29.2427 	 3.7002 	 4.3901 	 0.9873 	 10.0000 	 0.0000 	 4.2972 	 424.1631 	 47.0000 	 0.9752 	 0.5663 	 0.4879 	 13.6133 	 8.9833 	 0.6833 	 2.3294 	 -1.8462 	 0.0000 	 0.0414 	 0.0002 
34.0000 	 0.0094 	 0.4082 	 0.2257 	 38.4672 	 0.0000 	 9.9999 	 0.9497 	 10.0000 	 0.0000 	 4.3011 	 424.0592 	 34.0000 	 0.5050 	 0.4944 	 0.1600 	 5.9156 	 6.1736 	 1.7620 	 0.7479 	 -1.6682 	 0.0000 	 0.0420 	 0.0003 
34.0000 	 0.0095 	 0.2452 	 0.3689 	 3.0498 	 7.7215 	 0.0058 	 4.0878 	 8.3686 	 0.0000 	 4.3068 	 424.0583 	 34.0000 	 0.8434 	 0.4666 	 0.9261 	 9.0364 	 9.9293 	 6.5906 	 1.7048 	 1.0311 	 0.0000 	 0.9188 	 0.0003 
32.0000 	 0.0295 	 0.3697 	 0.5534 	 38.3610 	 9.5967 	 8.6655 	 7.4489 	 3.5050 	 0.0000 	 4.2751 	 425.2993 	 32.0000 	 0.0860 	 0.4731 	 0.4455 	 9.2593 	 1.5298 	 9.5379 	 2.9356 	 -0.8456 	 0.0000 	 1.0269 	 0.0000 
35.0000 	 0.0114 	 0.0228 	 0.9804 	 30.9834 	 6.1485 	 0.4062 	 3.0675 	 8.0769 	 0.0000 	 4.2593 	 425.3158 	 35.0000 	 0.4909 	 0.5887 	 0.0372 	 4.4195 	 3.4719 	 1.0618 	 1.8354 	 -2.7815 	 0.0000 	 0.0756 	 0.0002 
32.0000 	 0.0092 	 0.5123 	 0.4156 	 1.0000 	 0.0000 	 7.8839 	 5.9686 	 4.9907 	 0.0000 	 4.2996 	 424.0688 	 32.0000 	 0.9738 	 0.1922 	 0.2073 	 11.0112 	 4.2399 	 9.6514 	 2.4109 	 0.0161 	 0.0000 	 1.5562 	 0.0004 
46.0000 	 0.0160 	 0.6828 	 0.3830 	 1.2428 	 10.0000 	 7.6638 	 1.0456 	 10.0000 	 0.0000 	 4.2489 	 425.1096 	 46.0000 	 0.0843 	 0.6886 	 0.8706 	 1.1912 	 0.8048 	 1.9308 	 0.4675 	 -2.9335 	 0.0000 	 0.9707 	 0.0016 
45.0000 	 0.0010 	 0.2899 	 0.2440 	 2.4017 	 0.0842 	 0.0000 	 8.0903 	 5.8553 	 0.0000 	 4.3285 	 424.0661 	 45.0000 	 0.9041 	 0.3344 	 0.3795 	 10.1327 	 3.0053 	 2.6640 	 1.9178 	 -1.5576 	 0.0000 	 1.4188 	 0.0003 
35.0000 	 0.0014 	 0.3232 	 0.3981 	 1.0521 	 0.0000 	 8.8680 	 7.5226 	 3.3777 	 0.0000 	 4.2744 	 424.0947 	 35.0000 	 0.5657 	 0.2425 	 0.6922 	 1.3975 	 0.4745 	 8.9385 	 2.9360 	 0.0056 	 0.0000 	 1.1014 	 0.0007 
37.0000 	 0.2391 	 0.9939 	 0.4753 	 25.2756 	 0.0000 	 9.9066 	 1.2809 	 9.6727 	 0.0000 	 4.3011 	 424.0601 	 37.0000 	 0.3739 	 0.9368 	 0.5081 	 11.1854 	 2.3640 	 8.9566 	 1.4223 	 1.9475 	 0.0000 	 1.9064 	 0.0002 
43.0000 	 0.0038 	 0.2564 	 0.1815 	 31.8383 	 5.2907 	 0.0298 	 2.2124 	 9.4351 	 0.0000 	 4.2238 	 424.0860 	 43.0000 	 0.9362 	 0.4275 	 0.0837 	 14.2202 	 9.8253 	 9.5422 	 0.1960 	 -0.4820 	 0.0000 	 0.4938 	 0.0005 
45.0000 	 0.0226 	 0.8951 	 0.2339 	 7.1313 	 8.7865 	 0.1611 	 1.0756 	 10.0000 	 0.0000 	 4.1512 	 424.2710 	 45.0000 	 0.9052 	 0.4653 	 0.8876 	 10.4387 	 1.1052 	 5.7747 	 1.0981 	 -2.8463 	 0.0000 	 0.4687 	 0.0012 
44.0000 	 0.2243 	 0.9996 	 0.4207 	 12.6433 	 0.0000 	 2.2791 	 2.7047 	 8.2527 	 0.0000 	 4.3036 	 424.0598 	 44.0000 	 0.2111 	 0.3341 	 0.0304 	 1.2495 	 5.1629 	 1.7736 	 0.2892 	 -1.5405 	 0.0000 	 1.5589 	 0.0002 
45.0000 	 0.0243 	 0.1398 	 0.2290 	 36.8785 	 0.0000 	 3.3979 	 4.9217 	 6.0320 	 0.0000 	 4.3016 	 424.0591 	 45.0000 	 0.5369 	 0.6071 	 0.8181 	 12.6064 	 2.1315 	 6.2054 	 2.8374 	 0.7105 	 0.0000 	 2.5803 	 0.0003 
45.0000 	 0.0011 	 0.0259 	 0.2851 	 17.2533 	 0.0000 	 8.1700 	 1.1170 	 9.8457 	 0.0000 	 4.3100 	 424.0604 	 45.0000 	 0.6730 	 0.0419 	 0.9204 	 8.9891 	 4.1496 	 9.8473 	 2.5052 	 -2.2767 	 0.0000 	 2.2802 	 0.0003 
43.0000 	 0.0010 	 0.6390 	 0.1614 	 2.7435 	 3.6479 	 5.6945 	 2.9042 	 8.1031 	 0.0000 	 4.2896 	 424.4693 	 43.0000 	 0.2308 	 0.8288 	 0.9542 	 2.3845 	 7.3159 	 7.3352 	 2.1167 	 0.9668 	 0.0000 	 0.4474 	 0.0005 
42.0000 	 0.0026 	 1.0000 	 0.5704 	 1.0055 	 3.0478 	 5.1959 	 5.3017 	 5.6422 	 0.0000 	 4.2972 	 425.3112 	 42.0000 	 0.2769 	 0.3812 	 0.6602 	 11.4694 	 2.1981 	 5.0706 	 2.5550 	 -1.3950 	 0.0000 	 1.9088 	 0.0001 
45.0000 	 0.1185 	 0.2935 	 0.3414 	 13.8745 	 3.7498 	 8.6135 	 0.9802 	 10.0000 	 0.0000 	 4.2938 	 424.1611 	 45.0000 	 0.2445 	 0.4483 	 0.9952 	 9.5834 	 0.7975 	 2.7081 	 1.3902 	 0.8534 	 0.0000 	 2.4653 	 0.0004 
41.0000 	 0.0350 	 0.9169 	 0.2641 	 42.8609 	 0.0000 	 9.8987 	 4.0097 	 6.9488 	 0.0000 	 4.3052 	 424.0594 	 41.0000 	 0.0566 	 0.0910 	 0.3295 	 5.9824 	 2.7633 	 6.9747 	 0.1748 	 2.8529 	 0.0000 	 0.2836 	 0.0003 
43.0000 	 0.1605 	 0.0768 	 0.5164 	 12.5130 	 0.0000 	 9.8544 	 2.1980 	 8.7506 	 0.0000 	 4.3096 	 424.0631 	 43.0000 	 0.2193 	 0.5053 	 0.3688 	 1.4637 	 3.9319 	 8.0206 	 1.5679 	 2.7507 	 0.0000 	 0.4674 	 0.0005 
45.0000 	 0.1785 	 0.0150 	 1.0000 	 49.9987 	 1.1286 	 2.1983 	 9.9061 	 1.0409 	 0.0000 	 4.3060 	 425.3114 	 45.0000 	 0.6841 	 0.1882 	 0.5852 	 6.0105 	 2.7830 	 3.1153 	 2.7947 	 -1.1486 	 0.0000 	 2.3587 	 0.0001 
37.0000 	 0.4342 	 0.0338 	 0.9266 	 18.6292 	 3.8527 	 9.3180 	 3.1517 	 8.0777 	 0.0000 	 4.6509 	 425.0566 	 37.0000 	 0.9651 	 0.6373 	 0.9664 	 9.4348 	 4.0668 	 5.8498 	 2.4620 	 1.8028 	 0.0000 	 2.9806 	 0.0012 
32.0000 	 0.0010 	 0.6589 	 0.2154 	 49.9702 	 0.0087 	 0.0001 	 5.8481 	 7.3138 	 0.0000 	 4.3961 	 424.1857 	 32.0000 	 0.9038 	 0.1895 	 0.7567 	 7.0597 	 5.1022 	 1.9666 	 2.9957 	 -1.4244 	 0.0000 	 0.6694 	 0.0007 
46.0000 	 0.5388 	 0.0270 	 0.9452 	 18.5966 	 5.6673 	 6.4949 	 3.0510 	 8.0408 	 0.0000 	 4.2921 	 424.5401 	 46.0000 	 0.1964 	 0.1662 	 0.7327 	 14.4112 	 6.3235 	 6.7171 	 2.7685 	 1.5067 	 0.0000 	 2.5235 	 0.0013 
43.0000 	 0.0830 	 0.4975 	 0.3154 	 49.9865 	 0.0000 	 9.7977 	 3.6967 	 7.2605 	 0.0000 	 4.3052 	 424.0590 	 43.0000 	 0.3688 	 0.8604 	 0.2838 	 1.3164 	 5.9467 	 1.1154 	 0.0599 	 -2.0742 	 0.0000 	 2.9637 	 0.0002 
43.0000 	 0.0344 	 0.8803 	 0.2590 	 22.5863 	 0.0000 	 1.6212 	 2.8724 	 8.1052 	 0.0000 	 4.3110 	 424.0642 	 43.0000 	 0.3574 	 0.6056 	 0.9731 	 13.6480 	 0.0815 	 0.8052 	 2.8334 	 -2.4834 	 0.0000 	 2.1728 	 0.0006 
43.0000 	 0.0011 	 0.5274 	 0.2732 	 1.0008 	 0.0000 	 6.2072 	 3.2061 	 7.7444 	 0.0000 	 4.3071 	 424.0608 	 43.0000 	 0.6978 	 0.6570 	 0.8510 	 14.7598 	 9.6913 	 2.6550 	 1.3908 	 1.2197 	 0.0000 	 1.8745 	 0.0003 
40.0000 	 0.0010 	 0.3586 	 0.2693 	 1.2864 	 0.0000 	 8.2852 	 2.6308 	 8.3127 	 0.0000 	 4.2959 	 424.0616 	 40.0000 	 0.6073 	 0.5728 	 0.6497 	 1.0703 	 1.9475 	 7.8289 	 2.6920 	 2.6517 	 0.0000 	 0.2263 	 0.0003 
44.0000 	 0.0119 	 0.0339 	 0.2544 	 39.2473 	 3.1182 	 9.0466 	 0.9817 	 9.9998 	 0.0000 	 4.2949 	 424.1600 	 44.0000 	 0.9051 	 0.3968 	 0.1827 	 10.5288 	 9.1477 	 6.6313 	 2.6689 	 -1.4600 	 0.0000 	 0.8653 	 0.0002 
42.0000 	 0.2076 	 0.3247 	 0.4885 	 4.1431 	 3.7608 	 9.1322 	 2.3075 	 8.6768 	 0.0000 	 4.2588 	 424.3601 	 42.0000 	 0.5623 	 0.3451 	 0.2285 	 9.5280 	 3.1046 	 8.5602 	 1.6668 	 1.9977 	 0.0000 	 1.2622 	 0.0004 
43.0000 	 0.0010 	 0.0014 	 0.0933 	 44.0387 	 6.3581 	 9.9336 	 1.5685 	 9.9954 	 0.0000 	 4.0866 	 457.7119 	 43.0000 	 0.6667 	 0.7681 	 0.8337 	 12.7674 	 8.4037 	 8.8179 	 0.3787 	 -1.0835 	 0.0000 	 0.8338 	 0.0462 
45.0000 	 0.0076 	 0.4940 	 0.2897 	 38.6321 	 9.0780 	 8.0846 	 1.0278 	 9.9263 	 0.0000 	 4.3328 	 425.1705 	 45.0000 	 0.1708 	 0.8556 	 0.7404 	 13.2507 	 6.8228 	 4.9816 	 2.9114 	 0.4944 	 0.0000 	 0.1887 	 0.0028 
28.0000 	 0.0012 	 0.1960 	 0.3322 	 4.1345 	 0.0001 	 9.1411 	 4.4477 	 6.5068 	 0.0000 	 4.3045 	 424.0597 	 28.0000 	 0.5297 	 0.1207 	 0.7711 	 2.1076 	 4.3629 	 2.5854 	 0.5547 	 -1.6418 	 0.0000 	 1.2837 	 0.0002 
30.0000 	 0.0104 	 0.6655 	 0.2549 	 18.8353 	 1.7975 	 3.2093 	 1.0194 	 9.9731 	 0.0000 	 4.3380 	 424.1361 	 30.0000 	 0.2340 	 0.2563 	 0.5114 	 8.8975 	 8.6005 	 3.4167 	 0.2447 	 1.0129 	 0.0000 	 2.3922 	 0.0003 
31.0000 	 0.0010 	 0.0614 	 0.2795 	 10.4063 	 0.1304 	 0.6741 	 1.0661 	 9.9193 	 0.0000 	 4.3203 	 424.0748 	 31.0000 	 0.7698 	 0.5083 	 0.9544 	 2.3766 	 3.5551 	 8.2346 	 0.9232 	 1.1760 	 0.0000 	 1.0604 	 0.0003 
34.0000 	 0.0011 	 0.7634 	 0.1885 	 47.8793 	 9.0973 	 0.0107 	 3.6316 	 8.6391 	 0.0000 	 4.3051 	 424.0553 	 34.0000 	 0.6147 	 0.5088 	 0.7005 	 1.4535 	 4.1703 	 2.4841 	 1.8196 	 -1.9371 	 0.0000 	 0.3760 	 0.0003 
42.0000 	 0.0071 	 0.0590 	 0.9996 	 31.9704 	 9.4490 	 3.2785 	 7.7776 	 3.1627 	 0.0000 	 4.2995 	 425.3111 	 42.0000 	 0.9647 	 0.2939 	 0.8111 	 4.9801 	 3.9106 	 4.6053 	 1.0959 	 0.8885 	 0.0000 	 0.9537 	 0.0000 
40.0000 	 0.3651 	 0.3244 	 0.6002 	 4.5620 	 2.1593 	 0.7626 	 0.9604 	 9.9983 	 0.0000 	 4.2765 	 424.1174 	 40.0000 	 0.8906 	 0.2116 	 0.6074 	 10.5139 	 5.2490 	 1.3135 	 2.1315 	 0.8836 	 0.0000 	 2.5773 	 0.0004 
42.0000 	 0.8057 	 0.2001 	 0.9996 	 5.3101 	 8.4266 	 5.8790 	 2.5104 	 9.1640 	 0.0000 	 4.5035 	 425.5482 	 42.0000 	 0.7594 	 0.3494 	 0.6851 	 5.6331 	 7.5986 	 4.8514 	 1.0811 	 2.0483 	 0.0000 	 2.9615 	 0.0335 
39.0000 	 0.0023 	 0.3064 	 0.9198 	 25.3948 	 0.9588 	 8.7379 	 9.8460 	 1.0930 	 0.0000 	 4.2963 	 425.3111 	 39.0000 	 0.9321 	 0.3569 	 0.2256 	 13.6458 	 3.9822 	 0.9543 	 1.2465 	 -2.6612 	 0.0000 	 1.6838 	 0.0000 
41.0000 	 0.0182 	 1.0000 	 0.7488 	 3.8286 	 7.4639 	 8.6735 	 1.8826 	 9.0109 	 0.0000 	 4.1681 	 425.2414 	 41.0000 	 0.7412 	 0.5215 	 0.1886 	 11.2149 	 5.2631 	 2.6491 	 0.0616 	 -1.0820 	 0.0000 	 2.5982 	 0.0000 
42.0000 	 0.0021 	 0.3558 	 0.5832 	 1.9723 	 8.9808 	 4.8728 	 3.7645 	 7.1881 	 0.0000 	 4.3099 	 425.3030 	 42.0000 	 0.4388 	 0.0243 	 0.3047 	 14.1975 	 8.9038 	 7.1988 	 0.1511 	 -0.9715 	 0.0000 	 0.1839 	 0.0000 
42.0000 	 0.0035 	 0.0133 	 0.5561 	 20.8574 	 0.0000 	 8.8502 	 1.4711 	 9.4820 	 0.0000 	 4.3016 	 424.0678 	 42.0000 	 0.2139 	 0.9010 	 0.4659 	 12.1673 	 6.4964 	 0.1218 	 0.3177 	 0.4124 	 0.0000 	 1.5170 	 0.0004 
40.0000 	 0.1341 	 0.2155 	 0.4375 	 6.7438 	 0.0000 	 9.2617 	 1.6381 	 9.3127 	 0.0000 	 4.2915 	 424.0609 	 40.0000 	 0.6433 	 0.7091 	 0.1745 	 8.6270 	 2.5542 	 8.7094 	 2.1704 	 2.5490 	 0.0000 	 2.0028 	 0.0003 
25.0000 	 0.0049 	 0.3466 	 0.2463 	 13.7807 	 0.0000 	 2.2969 	 0.9548 	 9.9745 	 0.0000 	 4.2887 	 424.0622 	 25.0000 	 0.0991 	 0.5585 	 0.2366 	 7.1159 	 2.3729 	 1.7329 	 1.4649 	 -0.2726 	 0.0000 	 1.0173 	 0.0003 
28.0000 	 0.5432 	 0.7663 	 0.7872 	 23.5727 	 6.8926 	 7.8152 	 1.0547 	 9.9706 	 0.0000 	 4.2683 	 424.2075 	 28.0000 	 0.1367 	 0.2979 	 0.7556 	 9.3381 	 8.7994 	 6.7916 	 1.0007 	 1.9326 	 0.0000 	 0.7916 	 0.0004 
32.0000 	 0.0032 	 0.0649 	 0.3909 	 9.1071 	 1.0714 	 9.2574 	 10.0000 	 0.9930 	 0.0000 	 4.1995 	 425.0541 	 32.0000 	 0.0358 	 0.5351 	 0.3140 	 6.2374 	 8.1354 	 4.3592 	 0.0010 	 0.3712 	 0.0000 	 1.6834 	 0.0020 
39.0000 	 0.2608 	 0.9999 	 0.4775 	 42.5637 	 7.7993 	 0.0001 	 1.8683 	 9.7666 	 0.0000 	 4.3009 	 424.0596 	 39.0000 	 0.5252 	 0.4148 	 0.0416 	 13.8149 	 9.0495 	 8.5700 	 0.2649 	 2.2968 	 0.0000 	 2.4777 	 0.0002 
43.0000 	 0.0016 	 0.1785 	 0.4179 	 1.5086 	 0.0000 	 5.5266 	 1.6411 	 9.3101 	 0.0000 	 4.2906 	 424.0879 	 43.0000 	 0.5925 	 0.3022 	 0.8008 	 9.5714 	 4.5029 	 6.8209 	 1.3574 	 -2.6953 	 0.0000 	 0.7359 	 0.0009 
40.0000 	 0.0010 	 0.5838 	 0.4189 	 3.9066 	 0.6725 	 0.8344 	 5.2355 	 5.8865 	 0.0000 	 4.4957 	 425.4727 	 40.0000 	 0.0880 	 0.5881 	 0.7806 	 4.3132 	 3.7204 	 1.6406 	 1.4277 	 1.0790 	 0.0000 	 2.3515 	 0.0002 
40.0000 	 0.0026 	 0.0237 	 0.3844 	 21.7620 	 0.0000 	 6.7526 	 7.1982 	 3.7581 	 0.0000 	 4.2978 	 424.0619 	 40.0000 	 0.0409 	 0.8168 	 0.2766 	 8.9107 	 2.6042 	 0.3539 	 0.7786 	 -1.5570 	 0.0000 	 1.4824 	 0.0003 
40.0000 	 0.0010 	 0.2145 	 0.5382 	 1.0050 	 0.0001 	 2.6418 	 1.2995 	 9.6663 	 0.0000 	 4.3285 	 424.1396 	 40.0000 	 0.3544 	 0.7491 	 0.5749 	 10.3785 	 3.5752 	 7.3038 	 0.1947 	 -1.6818 	 0.0000 	 1.8619 	 0.0032 
42.0000 	 0.0044 	 0.0317 	 0.3663 	 16.8420 	 3.3409 	 9.9999 	 1.0130 	 9.9736 	 0.0000 	 4.2933 	 424.1687 	 42.0000 	 0.2278 	 0.1239 	 0.3202 	 3.6120 	 6.4827 	 0.2473 	 0.8010 	 -2.6465 	 0.0000 	 1.4083 	 0.0003 
40.0000 	 0.0823 	 0.0365 	 1.0000 	 14.0903 	 9.9963 	 9.3726 	 1.2499 	 9.7015 	 0.0000 	 4.3295 	 425.3158 	 40.0000 	 0.8597 	 0.4501 	 0.9211 	 4.1374 	 9.7052 	 7.2102 	 1.0971 	 -2.1269 	 0.0000 	 2.2428 	 0.0000 
36.0000 	 0.0910 	 0.1099 	 0.8838 	 2.6255 	 6.0768 	 3.1714 	 0.9892 	 9.9198 	 0.0000 	 4.1945 	 424.3882 	 36.0000 	 0.2591 	 0.1655 	 0.1107 	 9.0962 	 0.5735 	 1.8948 	 0.3177 	 1.2499 	 0.0000 	 1.9908 	 0.0054 
40.0000 	 0.0326 	 0.2039 	 0.8562 	 24.7376 	 8.1728 	 7.1094 	 2.2597 	 8.6786 	 0.0000 	 4.2943 	 425.3111 	 40.0000 	 0.9330 	 0.3823 	 0.6570 	 3.7387 	 7.5270 	 7.3455 	 0.1632 	 -0.3948 	 0.0000 	 2.4781 	 0.0000 
31.0000 	 0.0024 	 0.0058 	 0.6157 	 49.3428 	 0.0000 	 8.3209 	 1.6938 	 9.2552 	 0.0000 	 4.3065 	 424.1091 	 31.0000 	 0.9780 	 0.4693 	 0.1998 	 2.8087 	 0.8566 	 5.0953 	 0.3886 	 -2.3596 	 0.0000 	 1.8439 	 0.0024 
21.0000 	 0.0501 	 0.9160 	 0.4171 	 14.6037 	 0.1086 	 9.4263 	 0.7701 	 9.9990 	 0.0000 	 0.0000 	 843.3721 	 21.0000 	 0.2792 	 0.7044 	 0.1362 	 13.5274 	 0.7474 	 0.5399 	 2.9331 	 -2.3370 	 0.0000 	 0.8782 	 0.0111 
37.0000 	 0.0038 	 0.2926 	 0.2094 	 9.3769 	 6.5730 	 0.0313 	 1.4821 	 9.9944 	 0.0000 	 4.3105 	 424.0551 	 37.0000 	 0.7547 	 0.6792 	 0.0138 	 11.1450 	 3.4906 	 4.6935 	 0.7281 	 -2.0636 	 0.0000 	 2.0338 	 0.0003 
28.0000 	 0.0108 	 0.0578 	 0.4886 	 11.2524 	 5.8958 	 0.0034 	 2.4786 	 9.3745 	 0.0000 	 4.3079 	 424.0629 	 28.0000 	 0.0266 	 0.0214 	 0.8487 	 13.8918 	 3.2128 	 6.4356 	 0.6176 	 2.2809 	 0.0000 	 1.8454 	 0.0003 
20.0000 	 0.0455 	 0.0966 	 0.9220 	 24.7574 	 3.3680 	 0.0000 	 7.8663 	 5.9957 	 0.0000 	 4.3150 	 425.3137 	 20.0000 	 0.7070 	 0.9445 	 0.9740 	 13.8161 	 3.4295 	 3.8538 	 1.3560 	 -1.6959 	 0.0000 	 1.6830 	 0.0000 
31.0000 	 0.0010 	 0.1199 	 0.2623 	 6.4036 	 4.5358 	 0.0109 	 4.0712 	 8.3733 	 0.0000 	 4.3147 	 424.0537 	 31.0000 	 0.3722 	 0.7426 	 0.8756 	 10.3010 	 1.8057 	 9.8462 	 1.9582 	 -0.2833 	 0.0000 	 2.7996 	 0.0003 
27.0000 	 0.0010 	 0.0053 	 0.0031 	 19.7811 	 1.8936 	 5.5770 	 2.6432 	 9.9995 	 0.0000 	 4.0137 	 459.6437 	 27.0000 	 0.2884 	 0.4826 	 0.1869 	 14.0261 	 1.8218 	 5.2482 	 0.4506 	 -1.0780 	 0.0000 	 0.9567 	 0.0373 
38.0000 	 0.0079 	 0.0246 	 0.6794 	 31.4719 	 8.9354 	 4.1663 	 6.8819 	 4.0965 	 0.0000 	 4.2907 	 425.2968 	 38.0000 	 0.5339 	 0.7556 	 0.1776 	 13.6319 	 0.8180 	 1.3952 	 0.5121 	 1.4286 	 0.0000 	 2.4552 	 0.0002 
39.0000 	 0.0010 	 0.9999 	 0.3339 	 49.6845 	 9.9994 	 7.5696 	 1.0696 	 9.8974 	 0.0000 	 4.2961 	 425.2764 	 39.0000 	 0.5035 	 0.8247 	 0.3157 	 13.0462 	 8.9049 	 6.1841 	 1.7591 	 0.7465 	 0.0000 	 0.4238 	 0.0001 
40.0000 	 0.0010 	 0.3265 	 0.9866 	 9.8510 	 9.2914 	 9.8563 	 7.7722 	 3.1671 	 0.0000 	 4.2963 	 425.3111 	 40.0000 	 0.6383 	 0.8163 	 0.2154 	 8.5015 	 9.4315 	 6.3198 	 2.6081 	 0.0117 	 0.0000 	 2.4150 	 0.0000 
35.0000 	 0.0011 	 0.6201 	 0.9419 	 5.9127 	 7.4333 	 4.6395 	 2.1448 	 8.7994 	 0.0000 	 4.3013 	 425.3111 	 35.0000 	 0.4900 	 0.3057 	 0.3593 	 8.1966 	 2.1661 	 5.7693 	 0.4950 	 1.0595 	 0.0000 	 0.9021 	 0.0000 
36.0000 	 0.0016 	 0.0067 	 1.0000 	 34.4362 	 9.8901 	 9.9988 	 3.7969 	 7.2275 	 0.0000 	 4.1861 	 425.3837 	 36.0000 	 0.7093 	 0.5724 	 0.9104 	 14.9907 	 7.2806 	 3.5218 	 1.9995 	 1.0235 	 0.0000 	 0.1342 	 0.0169 
39.0000 	 0.0017 	 0.1716 	 0.4952 	 1.6245 	 0.0000 	 2.2950 	 2.6813 	 8.2527 	 0.0000 	 4.2956 	 424.1174 	 39.0000 	 0.7499 	 0.7764 	 0.5972 	 3.2126 	 3.1588 	 0.7439 	 1.7868 	 -2.3020 	 0.0000 	 0.4368 	 0.0011 
38.0000 	 0.2602 	 0.2469 	 1.0000 	 1.0210 	 8.1509 	 4.1724 	 1.2459 	 9.6471 	 0.0000 	 4.2148 	 424.9264 	 38.0000 	 0.1446 	 0.5918 	 0.8210 	 2.1321 	 5.0183 	 1.5455 	 1.3641 	 -1.2638 	 0.0000 	 0.9007 	 0.0077 
26.0000 	 0.0010 	 0.0598 	 0.2741 	 18.9430 	 0.0000 	 9.9978 	 1.6815 	 9.2632 	 0.0000 	 4.2999 	 424.0601 	 26.0000 	 0.4062 	 0.0862 	 0.3246 	 13.9321 	 5.9231 	 0.3394 	 0.6556 	 1.5284 	 0.0000 	 0.5204 	 0.0003 
17.0000 	 0.0074 	 0.5848 	 0.3599 	 33.2548 	 0.0000 	 9.9998 	 0.9591 	 9.9976 	 0.0000 	 4.3078 	 424.0597 	 17.0000 	 0.5921 	 0.2871 	 0.7425 	 14.9363 	 6.6024 	 8.6318 	 1.6437 	 1.2384 	 0.0000 	 2.0833 	 0.0002 
42.0000 	 0.0031 	 0.0692 	 0.7437 	 2.9792 	 0.0002 	 2.1997 	 6.0307 	 4.9461 	 0.0000 	 4.2760 	 424.3151 	 42.0000 	 0.0478 	 0.1499 	 0.4715 	 11.8681 	 0.1627 	 0.1157 	 2.7279 	 -2.5756 	 0.0000 	 1.8348 	 0.0035 
38.0000 	 0.0010 	 0.2096 	 0.5775 	 1.0016 	 7.6497 	 0.0000 	 3.7462 	 8.5643 	 0.0000 	 4.2917 	 424.1751 	 38.0000 	 0.9422 	 0.7623 	 0.5309 	 5.6951 	 6.4673 	 7.2823 	 0.8202 	 -0.8213 	 0.0000 	 0.4681 	 0.0037 
18.0000 	 0.1763 	 0.9578 	 0.6519 	 2.0821 	 0.0000 	 3.1376 	 3.1025 	 7.8372 	 0.0000 	 4.2806 	 424.0625 	 18.0000 	 0.0700 	 0.6296 	 0.3172 	 1.5711 	 2.0237 	 2.1580 	 1.9873 	 0.0350 	 0.0000 	 2.2850 	 0.0027 
37.0000 	 0.0764 	 0.8826 	 0.3414 	 2.7277 	 9.2093 	 0.0001 	 5.7507 	 7.3127 	 0.0000 	 4.2847 	 424.0602 	 37.0000 	 0.6892 	 0.9658 	 0.1614 	 6.2736 	 1.8720 	 8.6153 	 1.8705 	 0.3946 	 0.0000 	 2.0830 	 0.0003 
14.0000 	 0.0349 	 0.6353 	 0.5912 	 2.4140 	 4.5508 	 9.8237 	 1.0340 	 9.9769 	 0.0000 	 4.2864 	 424.1724 	 14.0000 	 0.1174 	 0.0291 	 0.6986 	 8.9660 	 0.8517 	 3.6578 	 1.9657 	 -2.9846 	 0.0000 	 0.7517 	 0.0003 
34.0000 	 0.0081 	 0.4528 	 0.9342 	 21.6032 	 0.9883 	 7.3315 	 3.0948 	 7.8451 	 0.0000 	 4.2965 	 425.3111 	 34.0000 	 0.2744 	 0.4880 	 0.3352 	 14.0027 	 0.7784 	 6.8259 	 1.8217 	 0.8269 	 0.0000 	 2.5756 	 0.0001 
25.0000 	 0.0035 	 0.2637 	 0.4787 	 2.2572 	 0.0003 	 0.6523 	 0.9775 	 9.9701 	 0.0000 	 4.2939 	 424.0640 	 25.0000 	 0.6700 	 0.8312 	 0.0973 	 9.3973 	 0.6314 	 1.5482 	 1.4963 	 1.7778 	 0.0000 	 0.7360 	 0.0004 
15.0000 	 0.0109 	 0.7802 	 0.5683 	 1.0048 	 3.9028 	 3.0688 	 1.6506 	 9.2539 	 0.0000 	 4.1992 	 424.6420 	 15.0000 	 0.0541 	 0.4227 	 0.6192 	 1.4867 	 4.9621 	 3.1572 	 1.0856 	 2.3633 	 0.0000 	 2.6319 	 0.0014 
13.0000 	 0.0014 	 0.0510 	 0.3101 	 49.9890 	 7.7111 	 0.0414 	 1.5025 	 9.9952 	 0.0000 	 4.3039 	 424.0521 	 13.0000 	 0.4017 	 0.0723 	 0.6603 	 13.2934 	 1.7566 	 5.4618 	 1.4409 	 -2.3148 	 0.0000 	 1.9860 	 0.0005 
15.0000 	 0.0030 	 0.7392 	 0.7434 	 1.9041 	 0.8482 	 0.6915 	 4.3068 	 7.0742 	 0.0000 	 4.6044 	 425.9125 	 15.0000 	 0.5637 	 0.0273 	 0.4796 	 7.7606 	 0.6821 	 5.5918 	 0.7947 	 1.6843 	 0.0000 	 1.8810 	 0.0005 
24.0000 	 0.0010 	 0.1058 	 0.0013 	 1.0413 	 7.4063 	 0.0000 	 2.5122 	 9.2878 	 0.0000 	 4.2721 	 457.9781 	 24.0000 	 0.7898 	 0.0198 	 0.9499 	 10.4166 	 6.3352 	 6.5655 	 1.4100 	 -0.2590 	 0.0000 	 0.8571 	 0.0621 
11.0000 	 0.9571 	 0.9668 	 0.0011 	 1.2537 	 9.9072 	 9.8242 	 0.7500 	 9.9990 	 0.0000 	 8.8144 	 590.6173 	 11.0000 	 0.8642 	 0.6104 	 0.5846 	 4.0701 	 6.0655 	 0.3542 	 2.5339 	 2.5796 	 0.0000 	 0.3705 	 0.5245 
32.0000 	 0.0016 	 0.0851 	 0.2260 	 20.7962 	 0.0000 	 2.4393 	 3.3339 	 7.6761 	 0.0000 	 4.2694 	 424.1252 	 32.0000 	 0.8417 	 0.4190 	 0.8272 	 9.4678 	 7.4222 	 9.8482 	 0.7609 	 2.2719 	 0.0000 	 0.5016 	 0.0004 
23.0000 	 0.4002 	 0.5643 	 0.9474 	 1.1386 	 6.8318 	 2.2406 	 1.1604 	 9.8871 	 0.0000 	 4.3029 	 424.4680 	 23.0000 	 0.8996 	 0.8950 	 0.8957 	 9.5424 	 3.9767 	 2.7984 	 1.2990 	 -2.6015 	 0.0000 	 1.3000 	 0.0021 
28.0000 	 0.0010 	 0.3324 	 0.8945 	 48.3141 	 6.4152 	 9.9590 	 5.6027 	 5.3286 	 0.0000 	 4.2903 	 425.3114 	 28.0000 	 0.8151 	 0.5694 	 0.5854 	 5.5382 	 9.0694 	 7.7476 	 1.3553 	 2.6437 	 0.0000 	 1.4706 	 0.0000 
10.0000 	 0.0035 	 0.1914 	 0.6191 	 8.0847 	 0.0000 	 7.5042 	 3.8670 	 7.0915 	 0.0000 	 4.2995 	 424.0626 	 10.0000 	 0.9971 	 0.4920 	 0.0273 	 9.1353 	 2.6397 	 8.2006 	 2.2194 	 2.2814 	 0.0000 	 2.0641 	 0.0003 
13.0000 	 0.0400 	 0.5984 	 0.5940 	 5.0412 	 0.0000 	 9.9969 	 0.9512 	 9.9996 	 0.0000 	 4.3015 	 424.0596 	 13.0000 	 0.6250 	 0.6001 	 0.6590 	 14.2027 	 2.2335 	 8.1950 	 1.5136 	 1.1541 	 0.0000 	 1.7592 	 0.0005 
40.0000 	 0.0557 	 0.3814 	 0.3677 	 2.9047 	 0.0041 	 5.9291 	 0.9475 	 9.9993 	 0.0000 	 4.3008 	 424.0606 	 40.0000 	 0.5367 	 0.3819 	 0.4392 	 7.1424 	 8.8536 	 8.3371 	 2.3418 	 0.9022 	 0.0000 	 0.3791 	 0.0002 
8.0000 	 0.0011 	 0.0010 	 0.0233 	 1.0133 	 2.3535 	 0.0000 	 0.1245 	 9.9990 	 0.0000 	 5.4906 	 623.7353 	 8.0000 	 0.7445 	 0.4055 	 0.9849 	 10.5057 	 7.7035 	 7.7578 	 2.4221 	 2.5872 	 0.0000 	 1.8667 	 0.5829 
22.0000 	 0.0468 	 0.7999 	 0.8775 	 4.1867 	 9.9780 	 7.2013 	 2.8589 	 8.0706 	 0.0000 	 4.2910 	 425.3114 	 22.0000 	 0.4988 	 0.7993 	 0.5260 	 11.7034 	 7.5639 	 4.7517 	 0.1856 	 -2.2095 	 0.0000 	 2.7510 	 0.0000 
11.0000 	 0.0753 	 0.1598 	 0.7076 	 42.1064 	 0.0000 	 5.7645 	 2.2419 	 8.7103 	 0.0000 	 4.2959 	 424.0602 	 11.0000 	 0.7245 	 0.2862 	 0.6802 	 9.3489 	 0.5078 	 4.3490 	 1.1962 	 1.9349 	 0.0000 	 1.6061 	 0.0002 
7.0000 	 0.0182 	 0.9829 	 0.9983 	 1.2788 	 8.3148 	 2.4943 	 9.8386 	 1.0984 	 0.0000 	 4.2936 	 425.3114 	 7.0000 	 0.6738 	 0.6126 	 0.5760 	 4.7280 	 7.9002 	 2.9958 	 2.7502 	 1.7134 	 0.0000 	 2.0948 	 0.0001 
4.0000 	 0.0019 	 0.1477 	 0.9958 	 42.4655 	 9.1756 	 9.8198 	 9.4824 	 1.4671 	 0.0000 	 4.2915 	 425.3096 	 4.0000 	 0.7553 	 0.9769 	 0.5162 	 12.1256 	 3.8237 	 4.5519 	 1.8512 	 0.4821 	 0.0000 	 2.3438 	 0.0002 
4.0000 	 0.8391 	 0.0010 	 0.3694 	 1.0446 	 8.7366 	 1.2256 	 0.3695 	 9.9998 	 0.0000 	 3.2032 	 466.0122 	 4.0000 	 0.7528 	 0.7889 	 0.9522 	 1.1356 	 6.0589 	 0.4210 	 0.7216 	 2.5271 	 0.0000 	 0.2058 	 2.4161 
1.0000 	 0.0010 	 1.0000 	 0.9989 	 2.0266 	 0.6937 	 3.9310 	 1.3811 	 9.6090 	 0.0000 	 4.3497 	 431.3934 	 1.0000 	 0.5665 	 0.6440 	 0.9366 	 2.8526 	 7.3604 	 6.6118 	 1.3891 	 -2.0794 	 0.0000 	 2.1262 	 0.0084 
21.0000 	 0.0010 	 0.1011 	 0.3306 	 33.0912 	 4.9503 	 9.8787 	 2.4210 	 8.4803 	 0.0000 	 4.2039 	 424.5518 	 21.0000 	 0.2599 	 0.4673 	 0.0200 	 9.9057 	 9.8330 	 8.8161 	 1.4050 	 0.5406 	 0.0000 	 2.6599 	 0.0107 
25.0000 	 0.0014 	 0.6429 	 0.3571 	 1.0571 	 9.5623 	 0.0000 	 1.5389 	 9.9940 	 0.0000 	 4.3588 	 424.0929 	 25.0000 	 0.3922 	 0.9123 	 0.5342 	 13.8510 	 8.3808 	 3.6233 	 2.3874 	 1.0392 	 0.0000 	 0.7529 	 0.0009 
38.0000 	 0.0895 	 1.0000 	 1.0000 	 1.5493 	 9.4005 	 2.2525 	 1.2801 	 9.7259 	 0.0000 	 4.4706 	 425.0804 	 38.0000 	 0.7160 	 0.6201 	 0.7335 	 1.7057 	 5.7852 	 1.7708 	 0.6701 	 1.3651 	 0.0000 	 1.0093 	 0.0001 
39.0000 	 0.0633 	 0.3951 	 0.8653 	 15.8939 	 8.0242 	 0.6461 	 4.2558 	 6.7456 	 0.0000 	 4.2927 	 425.2958 	 39.0000 	 0.6167 	 0.6863 	 0.6089 	 3.7794 	 4.9053 	 4.9615 	 1.0888 	 2.2251 	 0.0000 	 1.2820 	 0.0000 
36.0000 	 0.0010 	 0.0783 	 0.0010 	 1.0000 	 0.0000 	 10.0000 	 5.7015 	 5.3185 	 0.0000 	 4.4271 	 457.4799 	 36.0000 	 0.2248 	 0.0092 	 0.6358 	 6.6536 	 0.7070 	 7.2063 	 2.2320 	 -2.1615 	 0.0000 	 1.6856 	 0.0343 
33.0000 	 0.0762 	 0.5187 	 0.6976 	 1.0559 	 7.7209 	 4.9197 	 2.6878 	 8.3606 	 0.0000 	 4.2766 	 425.0507 	 33.0000 	 0.0463 	 0.4065 	 0.9564 	 2.5030 	 8.5194 	 3.7255 	 1.3241 	 1.4966 	 0.0000 	 2.0421 	 0.0000 
34.0000 	 0.0087 	 0.5597 	 0.3584 	 1.0896 	 0.0000 	 3.7055 	 7.2859 	 3.6733 	 0.0000 	 4.3015 	 424.0637 	 34.0000 	 0.5279 	 0.4784 	 0.9874 	 3.0344 	 9.8539 	 1.3711 	 1.2693 	 0.3567 	 0.0000 	 0.6273 	 0.0003 
29.0000 	 0.0093 	 0.7345 	 0.2572 	 22.7132 	 0.0000 	 9.9968 	 3.1209 	 7.8307 	 0.0000 	 4.2950 	 424.0594 	 29.0000 	 0.2849 	 0.0769 	 0.8572 	 6.1611 	 2.6303 	 0.8460 	 2.9467 	 0.9513 	 0.0000 	 2.4780 	 0.0002 
33.0000 	 0.2326 	 0.8042 	 0.9915 	 6.3236 	 6.8248 	 9.6315 	 3.7790 	 7.1667 	 0.0000 	 4.3023 	 425.3112 	 33.0000 	 0.8415 	 0.4460 	 0.8689 	 5.8151 	 7.4539 	 7.8594 	 1.8685 	 1.2284 	 0.0000 	 2.7238 	 0.0000 
35.0000 	 0.0059 	 0.8414 	 0.2222 	 30.3480 	 0.0243 	 4.2586 	 2.2584 	 8.7595 	 0.0000 	 4.3522 	 424.0870 	 35.0000 	 0.7105 	 0.2067 	 0.5849 	 5.3570 	 7.1627 	 0.2843 	 1.7885 	 -2.0408 	 0.0000 	 1.6449 	 0.0004 
4.0000 	 0.0423 	 0.5000 	 0.9550 	 7.8478 	 4.5761 	 0.0511 	 1.6512 	 9.8796 	 0.0000 	 4.2854 	 424.0645 	 4.0000 	 0.8661 	 0.5041 	 0.6975 	 14.3741 	 9.7488 	 2.8370 	 2.2688 	 1.0999 	 0.0000 	 2.5959 	 0.0004 
25.0000 	 0.0010 	 0.1979 	 0.2424 	 5.2581 	 0.0000 	 9.9010 	 0.9791 	 9.9798 	 0.0000 	 4.3057 	 424.0598 	 25.0000 	 0.5508 	 0.2890 	 0.0181 	 7.0870 	 3.5880 	 7.3692 	 1.3219 	 1.8920 	 0.0000 	 1.7974 	 0.0003 
31.0000 	 0.0013 	 0.1006 	 0.9350 	 5.2559 	 8.4396 	 7.6831 	 2.2935 	 8.6593 	 0.0000 	 4.3125 	 425.3109 	 31.0000 	 0.0985 	 0.0846 	 0.0405 	 4.6392 	 8.0139 	 9.2136 	 2.4812 	 1.8669 	 0.0000 	 1.8969 	 0.0002 
4.0000 	 0.0349 	 0.4225 	 0.9182 	 24.2756 	 0.9621 	 4.1102 	 0.9515 	 10.0000 	 0.0000 	 4.3038 	 424.0987 	 4.0000 	 0.3076 	 0.2553 	 0.3145 	 10.9799 	 0.5833 	 1.9057 	 0.6084 	 1.5084 	 0.0000 	 1.4869 	 0.0004 
2.0000 	 0.0087 	 0.0010 	 0.0873 	 1.0000 	 0.0293 	 6.1182 	 0.8438 	 7.9336 	 0.0000 	 6.5870 	 522.0433 	 2.0000 	 0.9703 	 0.6376 	 0.1622 	 12.3187 	 8.5393 	 7.1827 	 1.8555 	 2.6108 	 0.0000 	 1.1376 	 0.3776 
33.0000 	 0.0012 	 0.0324 	 0.2708 	 37.2073 	 0.0000 	 8.5352 	 4.3831 	 6.5606 	 0.0000 	 4.2942 	 424.0612 	 33.0000 	 0.0356 	 0.1416 	 0.8679 	 13.2852 	 9.5426 	 3.1990 	 0.8170 	 -2.9980 	 0.0000 	 2.0210 	 0.0003 
36.0000 	 0.0119 	 0.5298 	 0.2448 	 4.8452 	 0.0000 	 4.4547 	 1.3105 	 9.6501 	 0.0000 	 4.3147 	 424.0599 	 36.0000 	 0.3178 	 0.4756 	 0.2479 	 4.8779 	 9.9152 	 0.4286 	 2.3895 	 0.4507 	 0.0000 	 1.1483 	 0.0002 
36.0000 	 0.0041 	 0.0149 	 0.7105 	 15.3099 	 0.8796 	 0.0208 	 1.3898 	 9.9993 	 0.0000 	 4.2762 	 424.1378 	 36.0000 	 0.0324 	 0.7633 	 0.2875 	 11.9412 	 5.8116 	 8.3957 	 1.9452 	 0.4411 	 0.0000 	 0.7102 	 0.0030 
33.0000 	 0.0019 	 0.1635 	 0.6016 	 37.3714 	 9.1480 	 1.2592 	 4.2353 	 6.7594 	 0.0000 	 4.3008 	 425.2957 	 33.0000 	 0.3689 	 0.5518 	 0.0659 	 4.8967 	 4.9837 	 4.3396 	 1.0638 	 -0.5110 	 0.0000 	 0.2989 	 0.0000 
32.0000 	 0.0267 	 0.4481 	 0.7407 	 1.2438 	 3.9160 	 0.0000 	 1.5044 	 9.9990 	 0.0000 	 3.9853 	 425.8389 	 32.0000 	 0.1910 	 0.0377 	 0.5018 	 2.7654 	 3.4831 	 8.7440 	 1.3633 	 -2.3111 	 0.0000 	 2.1530 	 0.1928 
33.0000 	 0.0010 	 0.8943 	 0.4968 	 3.5899 	 8.1553 	 8.9811 	 2.5177 	 8.4286 	 0.0000 	 4.3054 	 425.3110 	 33.0000 	 0.7556 	 0.7632 	 0.1181 	 2.8481 	 0.3524 	 9.9133 	 1.5921 	 2.3117 	 0.0000 	 1.7886 	 0.0000 
33.0000 	 0.0026 	 0.2229 	 1.0000 	 1.0135 	 9.6124 	 9.9538 	 1.1138 	 9.8915 	 0.0000 	 4.3389 	 425.1609 	 33.0000 	 0.9831 	 0.7546 	 0.6458 	 14.0297 	 0.1964 	 8.0537 	 2.6399 	 -2.3153 	 0.0000 	 2.5709 	 0.0080 
32.0000 	 0.0025 	 0.0094 	 0.5636 	 33.7538 	 3.4290 	 0.0156 	 3.8600 	 8.4868 	 0.0000 	 4.3282 	 424.0768 	 32.0000 	 0.3891 	 0.4605 	 0.2449 	 13.6006 	 3.5722 	 6.5141 	 0.6547 	 -2.6540 	 0.0000 	 0.5904 	 0.0013 
36.0000 	 0.0011 	 0.2914 	 0.8070 	 16.6291 	 0.1562 	 1.6404 	 4.6786 	 6.2616 	 0.0000 	 4.2978 	 425.3111 	 36.0000 	 0.4981 	 0.3686 	 0.9839 	 8.1754 	 6.6287 	 2.8018 	 1.4685 	 1.7262 	 0.0000 	 0.6448 	 0.0000 
29.0000 	 0.0640 	 0.0391 	 0.9727 	 27.6975 	 5.4687 	 1.4570 	 6.6999 	 4.2123 	 0.0000 	 4.2749 	 425.3141 	 29.0000 	 0.5696 	 0.1602 	 0.9416 	 8.1350 	 1.8312 	 1.9711 	 2.5081 	 -2.3436 	 0.0000 	 1.7404 	 0.0000 
28.0000 	 0.0645 	 0.4111 	 0.6066 	 1.4408 	 0.0000 	 8.7360 	 4.0523 	 6.9179 	 0.0000 	 4.3140 	 424.0988 	 28.0000 	 0.0401 	 0.3586 	 0.2518 	 4.2118 	 0.1555 	 5.1383 	 0.9949 	 2.6022 	 0.0000 	 0.0162 	 0.0008 
33.0000 	 0.0551 	 0.8953 	 0.3396 	 9.2142 	 0.0000 	 2.0047 	 5.4805 	 5.4805 	 0.0000 	 4.3103 	 424.0598 	 33.0000 	 0.2458 	 0.4847 	 0.8483 	 12.3153 	 1.6333 	 6.0782 	 2.4292 	 0.0542 	 0.0000 	 0.4097 	 0.0003 
30.0000 	 0.0082 	 0.8839 	 0.9974 	 4.7170 	 8.7218 	 5.3778 	 2.7519 	 8.1886 	 0.0000 	 4.3006 	 425.3111 	 30.0000 	 0.0500 	 0.7160 	 0.2518 	 6.3466 	 9.7096 	 6.0843 	 2.7488 	 2.6358 	 0.0000 	 1.5112 	 0.0000 
30.0000 	 0.0014 	 0.9615 	 0.5858 	 1.0475 	 0.2255 	 0.2508 	 3.0157 	 8.0150 	 0.0000 	 4.3054 	 425.2960 	 30.0000 	 0.0993 	 0.5413 	 0.2222 	 9.2637 	 5.6047 	 2.3383 	 0.3834 	 -0.9159 	 0.0000 	 1.7787 	 0.0000 
32.0000 	 0.0257 	 0.6092 	 0.4282 	 1.0045 	 3.6837 	 5.8892 	 0.9842 	 9.9940 	 0.0000 	 4.2836 	 424.1718 	 32.0000 	 0.6693 	 0.5390 	 0.4297 	 1.4586 	 9.5238 	 3.6603 	 0.4473 	 -1.4575 	 0.0000 	 2.5513 	 0.0004 
34.0000 	 0.0747 	 0.0777 	 0.6497 	 16.8274 	 4.9519 	 1.7067 	 6.4504 	 4.4980 	 0.0000 	 4.3022 	 425.2783 	 34.0000 	 0.5789 	 0.5575 	 0.0545 	 2.6769 	 9.7693 	 8.4499 	 2.4156 	 -1.8113 	 0.0000 	 1.1030 	 0.0001 
33.0000 	 0.0010 	 0.5348 	 0.2530 	 1.0131 	 0.0000 	 4.5733 	 0.9551 	 9.9978 	 0.0000 	 4.3078 	 424.0662 	 33.0000 	 0.8137 	 0.2464 	 0.2773 	 8.4417 	 4.7969 	 6.6182 	 0.3144 	 -1.8866 	 0.0000 	 0.6975 	 0.0003 
27.0000 	 0.0040 	 0.0333 	 0.6001 	 12.4254 	 0.0015 	 10.0000 	 1.0088 	 9.9898 	 0.0000 	 4.3264 	 424.0737 	 27.0000 	 0.7378 	 0.3304 	 0.6809 	 5.9908 	 3.8265 	 7.2686 	 2.6277 	 -1.0431 	 0.0000 	 1.3594 	 0.0007 
30.0000 	 0.0011 	 0.4921 	 0.2156 	 45.5365 	 0.0000 	 1.0970 	 6.1582 	 4.7960 	 0.0000 	 4.3000 	 424.0595 	 30.0000 	 0.2323 	 0.7536 	 0.7623 	 3.2906 	 8.9704 	 4.2131 	 1.2064 	 -0.1668 	 0.0000 	 2.6212 	 0.0003 
11.0000 	 0.1161 	 1.0000 	 0.7577 	 5.7038 	 4.6838 	 4.4529 	 1.1598 	 9.8555 	 0.0000 	 4.2914 	 424.1831 	 11.0000 	 0.5917 	 0.5564 	 0.8386 	 9.3910 	 4.9964 	 4.7972 	 1.4929 	 -0.0786 	 0.0000 	 1.5347 	 0.0003 
29.0000 	 0.0194 	 0.1260 	 0.2985 	 50.0000 	 0.0000 	 5.5725 	 1.6851 	 9.2629 	 0.0000 	 4.2971 	 424.0593 	 29.0000 	 0.1276 	 0.0596 	 0.5095 	 7.0536 	 8.7197 	 7.8253 	 0.6457 	 1.5302 	 0.0000 	 2.9448 	 0.0002 
29.0000 	 0.0025 	 0.3125 	 0.2243 	 7.0205 	 1.4143 	 1.1238 	 2.6074 	 8.3543 	 0.0000 	 4.2660 	 424.2798 	 29.0000 	 0.2418 	 0.8146 	 0.1629 	 13.6998 	 8.2408 	 4.2495 	 1.2527 	 0.8334 	 0.0000 	 2.2258 	 0.0034 
31.0000 	 0.0122 	 1.0000 	 0.2684 	 3.0364 	 0.0000 	 9.8124 	 2.9915 	 7.9652 	 0.0000 	 4.3015 	 424.0594 	 31.0000 	 0.6035 	 0.3825 	 0.4693 	 5.9939 	 3.9302 	 6.1122 	 2.1511 	 0.7593 	 0.0000 	 1.8442 	 0.0003 
25.0000 	 0.0015 	 0.0193 	 0.7871 	 15.8120 	 4.3821 	 0.8362 	 1.2534 	 9.9426 	 0.0000 	 4.3562 	 424.4371 	 25.0000 	 0.2202 	 0.6431 	 0.5657 	 11.9647 	 9.2263 	 7.7403 	 1.2336 	 1.3910 	 0.0000 	 2.1183 	 0.0040 
13.0000 	 0.0042 	 0.0116 	 1.0000 	 45.5426 	 9.0041 	 9.9711 	 1.0867 	 9.9467 	 0.0000 	 4.3606 	 424.8473 	 13.0000 	 0.4357 	 0.6102 	 0.4135 	 2.1863 	 2.2726 	 1.4245 	 2.5220 	 -0.7777 	 0.0000 	 0.9835 	 0.0107 
18.0000 	 0.0069 	 0.8774 	 0.3560 	 37.6170 	 2.3256 	 0.0065 	 7.0462 	 6.4587 	 0.0000 	 4.2851 	 424.0587 	 18.0000 	 0.4431 	 0.8416 	 0.4130 	 7.1255 	 8.1650 	 1.4145 	 2.1480 	 0.0093 	 0.0000 	 0.0362 	 0.0004 
12.0000 	 0.0355 	 0.7743 	 0.6123 	 11.9858 	 1.9065 	 0.8375 	 1.0069 	 9.9976 	 0.0000 	 4.2976 	 424.1145 	 12.0000 	 0.8894 	 0.5743 	 0.0106 	 14.2808 	 3.3764 	 5.2552 	 2.9954 	 0.7035 	 0.0000 	 0.3510 	 0.0004 
16.0000 	 0.0011 	 0.1298 	 0.3010 	 31.3245 	 0.1422 	 0.0000 	 7.0976 	 6.6832 	 0.0000 	 4.6270 	 424.2275 	 16.0000 	 0.8866 	 0.7264 	 0.5430 	 11.6766 	 2.5019 	 4.4835 	 2.0796 	 -1.7623 	 0.0000 	 2.8122 	 0.0117 
18.0000 	 0.0010 	 0.1301 	 0.7609 	 3.1066 	 1.3578 	 9.0238 	 0.8622 	 9.9966 	 0.0000 	 4.2576 	 424.3046 	 18.0000 	 0.8672 	 0.9883 	 0.6727 	 14.8557 	 3.9752 	 5.7533 	 0.0678 	 -2.6882 	 0.0000 	 1.5827 	 0.0036 
28.0000 	 0.0019 	 0.4775 	 0.7404 	 4.9982 	 8.9241 	 9.6324 	 5.4857 	 5.4480 	 0.0000 	 4.2947 	 425.2304 	 28.0000 	 0.4939 	 0.6370 	 0.6716 	 14.3404 	 3.2774 	 5.1378 	 1.9748 	 0.9005 	 0.0000 	 0.3224 	 0.0000 
7.0000 	 0.9254 	 0.0011 	 0.0263 	 1.0102 	 9.9977 	 0.1600 	 0.3845 	 9.9503 	 0.0000 	 3.6578 	 463.0364 	 7.0000 	 0.8686 	 0.8440 	 0.1948 	 13.4630 	 4.6815 	 3.1155 	 2.6976 	 -0.2213 	 0.0000 	 1.4246 	 0.3461 
9.0000 	 0.0094 	 0.8789 	 0.7738 	 2.6521 	 7.2252 	 5.7875 	 2.6159 	 8.4127 	 0.0000 	 4.2666 	 424.8764 	 9.0000 	 0.2279 	 0.1298 	 0.5294 	 2.8070 	 6.9423 	 3.4844 	 1.6880 	 -2.1241 	 0.0000 	 2.0130 	 0.0015 
27.0000 	 0.9899 	 0.0010 	 1.0000 	 1.0999 	 7.9443 	 0.0000 	 1.0928 	 9.9990 	 0.0000 	 3.9564 	 439.6472 	 27.0000 	 0.6638 	 0.1294 	 0.3913 	 7.4758 	 3.4844 	 6.0038 	 0.3626 	 -1.6159 	 0.0000 	 0.0866 	 0.9914 
30.0000 	 0.0013 	 0.2241 	 0.3503 	 2.7389 	 0.0000 	 3.8715 	 3.5872 	 7.3688 	 0.0000 	 4.2963 	 424.0608 	 30.0000 	 0.0054 	 0.7443 	 0.7531 	 4.8199 	 3.1284 	 9.2379 	 2.1877 	 1.4405 	 0.0000 	 2.3720 	 0.0003 
4.0000 	 0.0027 	 0.7168 	 0.9906 	 1.5810 	 3.1616 	 0.0015 	 9.9998 	 5.2523 	 0.0000 	 4.6685 	 425.9373 	 4.0000 	 0.7058 	 0.7440 	 0.9814 	 14.5505 	 8.8881 	 0.7043 	 1.4709 	 -0.8816 	 0.0000 	 2.1384 	 0.0073 
4.0000 	 0.0019 	 0.9520 	 0.9272 	 13.0482 	 4.0687 	 2.2649 	 5.1516 	 5.9336 	 0.0000 	 4.3087 	 424.9769 	 4.0000 	 0.2493 	 0.3941 	 0.0892 	 11.9743 	 4.7218 	 5.8403 	 2.8124 	 2.3494 	 0.0000 	 1.9342 	 0.0027 
15.0000 	 0.0874 	 0.8556 	 0.6124 	 8.6053 	 0.0000 	 9.4783 	 3.6835 	 7.2769 	 0.0000 	 4.3074 	 424.0596 	 15.0000 	 0.0255 	 0.7214 	 0.3958 	 13.9869 	 6.8909 	 1.9933 	 0.2200 	 1.1854 	 0.0000 	 0.2569 	 0.0003 
14.0000 	 0.0855 	 0.9932 	 0.6321 	 3.2844 	 4.4925 	 7.3672 	 1.0059 	 9.9991 	 0.0000 	 4.2909 	 424.1636 	 14.0000 	 0.6347 	 0.7931 	 0.7625 	 5.9075 	 7.1416 	 9.0221 	 2.4379 	 -1.3646 	 0.0000 	 0.5761 	 0.0003 
8.0000 	 0.0017 	 0.0554 	 0.4241 	 49.9987 	 0.0000 	 6.5539 	 8.9802 	 1.9639 	 0.0000 	 4.2970 	 424.0627 	 8.0000 	 0.0252 	 0.4106 	 0.2089 	 9.8376 	 3.7156 	 7.0971 	 2.3987 	 -0.3030 	 0.0000 	 2.2696 	 0.0003 
24.0000 	 0.0094 	 0.9606 	 0.9996 	 27.2308 	 9.8208 	 3.6041 	 4.0982 	 6.8750 	 0.0000 	 4.3862 	 425.3467 	 24.0000 	 0.1524 	 0.7812 	 0.4857 	 2.0903 	 9.7632 	 6.2691 	 0.0413 	 -2.0205 	 0.0000 	 2.8055 	 0.0001 
29.0000 	 0.0044 	 0.0084 	 0.6443 	 38.6370 	 0.0254 	 9.6678 	 1.2876 	 9.7156 	 0.0000 	 4.3117 	 424.1027 	 29.0000 	 0.5171 	 0.5034 	 0.9529 	 9.1206 	 4.2911 	 9.6005 	 0.6370 	 -2.4349 	 0.0000 	 0.5054 	 0.0018 
1.0000 	 0.9926 	 0.0011 	 0.9826 	 3.0814 	 0.1548 	 0.5415 	 2.8474 	 9.8875 	 0.0000 	 3.8439 	 436.7194 	 1.0000 	 0.9281 	 0.6008 	 0.2187 	 11.9231 	 6.2289 	 8.7456 	 2.7512 	 -1.0878 	 0.0000 	 2.0613 	 0.9971 
29.0000 	 0.0011 	 0.1593 	 0.2334 	 18.6877 	 0.0015 	 3.9150 	 0.9594 	 9.9935 	 0.0000 	 4.3032 	 424.0622 	 29.0000 	 0.6489 	 0.1448 	 0.3398 	 2.7085 	 9.6088 	 4.7459 	 1.2456 	 2.6810 	 0.0000 	 1.0647 	 0.0004 
31.0000 	 0.0038 	 0.9162 	 0.2000 	 30.8847 	 1.5803 	 8.1130 	 1.3070 	 9.6802 	 0.0000 	 4.3140 	 424.1216 	 31.0000 	 0.8244 	 0.0690 	 0.3636 	 8.5870 	 4.2778 	 6.2711 	 1.9790 	 -2.3250 	 0.0000 	 0.2667 	 0.0003 
1.0000 	 0.0010 	 1.0000 	 0.8900 	 20.7367 	 0.8939 	 9.9889 	 0.9576 	 9.9998 	 0.0000 	 4.3301 	 431.3685 	 1.0000 	 0.6767 	 0.3271 	 0.3701 	 1.2267 	 4.3838 	 2.1366 	 0.4822 	 -1.2042 	 0.0000 	 2.9852 	 0.0106 
7.0000 	 0.0010 	 0.9364 	 0.4444 	 6.7788 	 0.0000 	 1.9581 	 7.2269 	 3.7260 	 0.0000 	 4.3040 	 424.0616 	 7.0000 	 0.4991 	 0.4554 	 0.2294 	 2.4057 	 7.8294 	 6.3109 	 1.9395 	 -0.8533 	 0.0000 	 2.7072 	 0.0004 
29.0000 	 0.0304 	 0.0096 	 0.7404 	 41.0924 	 0.0000 	 4.7314 	 6.8777 	 4.0718 	 0.0000 	 4.3128 	 424.0902 	 29.0000 	 0.6801 	 0.2471 	 0.1031 	 10.8080 	 5.4712 	 2.1585 	 0.7281 	 0.6287 	 0.0000 	 1.3098 	 0.0020 
13.0000 	 0.0026 	 0.0120 	 1.0000 	 49.9997 	 7.4277 	 7.8383 	 0.9413 	 10.0000 	 0.0000 	 4.2869 	 425.0017 	 13.0000 	 0.3352 	 0.0149 	 0.4299 	 2.8511 	 6.6180 	 5.1884 	 0.6600 	 0.1794 	 0.0000 	 2.8213 	 0.0097 
25.0000 	 0.0010 	 0.0917 	 0.0012 	 1.0638 	 0.0446 	 0.0073 	 3.1100 	 9.1104 	 0.0000 	 4.2895 	 458.2744 	 25.0000 	 0.4012 	 0.3790 	 0.3805 	 14.2006 	 5.6463 	 0.2818 	 0.4484 	 -1.8578 	 0.0000 	 1.1263 	 0.0480 
5.0000 	 0.9866 	 0.0030 	 0.0017 	 1.0712 	 2.5293 	 9.7998 	 3.7881 	 9.9990 	 0.0000 	 7.0846 	 467.6128 	 5.0000 	 0.0092 	 0.9986 	 0.5515 	 10.7128 	 1.5598 	 2.3659 	 0.8784 	 -2.9879 	 0.0000 	 2.6170 	 0.7859 
15.0000 	 0.0915 	 0.1638 	 0.6957 	 10.0954 	 0.0000 	 3.6003 	 1.3776 	 9.5889 	 0.0000 	 4.3097 	 424.0617 	 15.0000 	 0.7296 	 0.0830 	 0.0750 	 8.2403 	 3.8495 	 8.6437 	 0.8242 	 -0.7355 	 0.0000 	 1.3086 	 0.0002 
25.0000 	 0.0132 	 0.3201 	 0.3266 	 6.5396 	 3.1325 	 2.9094 	 1.1968 	 9.7981 	 0.0000 	 4.2996 	 424.1695 	 25.0000 	 0.3043 	 0.6253 	 0.9787 	 11.1511 	 3.5234 	 6.0777 	 1.5655 	 -0.5145 	 0.0000 	 0.0190 	 0.0003 
3.0000 	 0.0072 	 0.8692 	 0.9889 	 3.4574 	 0.1192 	 9.9982 	 4.6847 	 6.2708 	 0.0000 	 4.3103 	 424.0615 	 3.0000 	 0.5181 	 0.3258 	 0.2964 	 1.1488 	 3.8672 	 9.2641 	 2.6904 	 2.5906 	 0.0000 	 1.0567 	 0.0002 
12.0000 	 0.9785 	 0.0016 	 0.0012 	 1.0363 	 5.2960 	 0.3790 	 0.3983 	 9.5237 	 0.0000 	 6.9695 	 484.2944 	 12.0000 	 0.6906 	 0.9192 	 0.0285 	 3.6867 	 8.6078 	 5.6325 	 0.1681 	 -1.4248 	 0.0000 	 1.3579 	 1.4404 
2.0000 	 0.0111 	 0.3501 	 0.9997 	 35.0373 	 4.3345 	 7.2755 	 1.6642 	 9.3625 	 0.0000 	 4.3265 	 424.1642 	 2.0000 	 0.8915 	 0.2366 	 0.4814 	 10.1090 	 8.6025 	 2.8471 	 1.3933 	 -1.7279 	 0.0000 	 2.0777 	 0.0008 
13.0000 	 0.0465 	 0.9157 	 0.7328 	 11.1754 	 9.3857 	 4.9926 	 1.2051 	 9.8671 	 0.0000 	 4.2495 	 424.8523 	 13.0000 	 0.7261 	 0.8861 	 0.4476 	 7.4448 	 3.7586 	 3.9413 	 0.2032 	 -0.6642 	 0.0000 	 0.0949 	 0.0036 
27.0000 	 0.0235 	 0.6103 	 0.3247 	 6.4530 	 0.0000 	 3.6292 	 1.0971 	 9.8694 	 0.0000 	 4.3048 	 424.0600 	 27.0000 	 0.9061 	 0.0044 	 0.0944 	 2.5245 	 7.0170 	 7.6083 	 0.0926 	 0.6770 	 0.0000 	 1.5430 	 0.0002 
9.0000 	 0.0453 	 1.0000 	 0.7083 	 33.1188 	 0.0000 	 8.3453 	 4.7841 	 6.1963 	 0.0000 	 4.3040 	 424.0644 	 9.0000 	 0.8614 	 0.8445 	 0.7842 	 11.9062 	 4.0070 	 7.2857 	 1.5228 	 0.1081 	 0.0000 	 1.9255 	 0.0000 
29.0000 	 0.0223 	 1.0000 	 0.2995 	 23.7765 	 0.0000 	 0.2736 	 1.2587 	 9.7499 	 0.0000 	 4.3400 	 424.0723 	 29.0000 	 0.6656 	 0.3521 	 0.7735 	 10.7014 	 2.1033 	 0.2161 	 2.6130 	 -0.6398 	 0.0000 	 1.8885 	 0.0002 
22.0000 	 0.1267 	 0.9998 	 0.5341 	 9.1962 	 0.0000 	 4.9920 	 8.4712 	 2.4653 	 0.0000 	 4.2926 	 424.0606 	 22.0000 	 0.1072 	 0.4326 	 0.2359 	 2.6914 	 0.0648 	 3.3782 	 1.3632 	 -2.4798 	 0.0000 	 2.9215 	 0.0002 
21.0000 	 0.0218 	 0.1366 	 0.4003 	 25.2484 	 0.0000 	 7.1827 	 5.0010 	 5.9456 	 0.0000 	 4.2933 	 424.0603 	 21.0000 	 0.9019 	 0.1845 	 0.4727 	 10.1098 	 2.5941 	 7.9684 	 2.7493 	 1.2413 	 0.0000 	 1.8793 	 0.0002 
8.0000 	 0.0555 	 0.9761 	 0.9634 	 12.1076 	 9.7259 	 0.0000 	 3.6452 	 8.7518 	 0.0000 	 4.4106 	 425.2219 	 8.0000 	 0.7842 	 0.6284 	 0.9941 	 10.4656 	 6.6373 	 8.1289 	 0.5928 	 1.3320 	 0.0000 	 1.6638 	 0.0013 
11.0000 	 0.9921 	 0.0010 	 0.5723 	 5.2567 	 7.8119 	 9.6567 	 3.2204 	 7.6119 	 0.0000 	 4.2339 	 513.1346 	 11.0000 	 0.5075 	 0.7413 	 0.4046 	 11.6750 	 9.9092 	 6.4214 	 0.0588 	 0.8204 	 0.0000 	 1.1478 	 1.4850 
27.0000 	 0.0250 	 0.3771 	 0.3290 	 9.1490 	 3.7947 	 9.9479 	 0.9868 	 10.0000 	 0.0000 	 4.2856 	 424.1610 	 27.0000 	 0.7494 	 0.5937 	 0.0420 	 5.9081 	 0.4242 	 0.3628 	 2.6050 	 1.1465 	 0.0000 	 2.3186 	 0.0003 
33.0000 	 0.4690 	 0.0573 	 0.8200 	 18.6810 	 3.1228 	 2.3812 	 3.3331 	 7.7159 	 0.0000 	 4.2967 	 424.4435 	 33.0000 	 0.5873 	 0.3422 	 0.8314 	 14.9188 	 8.5721 	 2.5302 	 1.6200 	 1.0199 	 0.0000 	 2.9113 	 0.0005 
24.0000 	 0.1624 	 0.4635 	 0.5408 	 13.6068 	 0.0000 	 7.2140 	 1.5636 	 9.3965 	 0.0000 	 4.3099 	 424.0599 	 24.0000 	 0.5835 	 0.7020 	 0.3512 	 7.7651 	 5.7550 	 8.2548 	 1.5986 	 -1.8480 	 0.0000 	 2.3253 	 0.0003 
25.0000 	 0.0012 	 0.0077 	 0.5607 	 49.5596 	 2.1925 	 0.0155 	 3.0463 	 8.9842 	 0.0000 	 4.3002 	 424.0998 	 25.0000 	 0.4073 	 0.9515 	 0.2033 	 7.0529 	 1.3736 	 6.8132 	 0.4136 	 -0.2385 	 0.0000 	 1.7818 	 0.0020 
7.0000 	 0.3864 	 0.3160 	 1.0000 	 49.9992 	 0.8507 	 9.2993 	 1.6931 	 9.2461 	 0.0000 	 4.3026 	 424.0772 	 7.0000 	 0.4458 	 0.2137 	 0.9894 	 5.9397 	 3.3847 	 5.4969 	 1.1734 	 -0.0239 	 0.0000 	 1.9476 	 0.0008 
19.0000 	 0.0010 	 0.3751 	 0.2275 	 6.0530 	 0.0000 	 8.6035 	 4.6933 	 6.2575 	 0.0000 	 4.2963 	 424.0594 	 19.0000 	 0.0875 	 0.2903 	 0.7611 	 8.7369 	 7.0818 	 4.8233 	 1.6615 	 2.6531 	 0.0000 	 2.7714 	 0.0004 
21.0000 	 0.0060 	 0.5858 	 1.0000 	 1.3972 	 6.3173 	 9.9363 	 2.9504 	 8.0404 	 0.0000 	 4.3375 	 425.3113 	 21.0000 	 0.7604 	 0.3948 	 0.6930 	 13.7991 	 0.9107 	 1.1367 	 1.4309 	 -0.6456 	 0.0000 	 2.2084 	 0.0000 
27.0000 	 0.0020 	 0.3698 	 0.4423 	 1.3792 	 0.0002 	 4.5115 	 3.4424 	 7.5270 	 0.0000 	 4.3131 	 424.0811 	 27.0000 	 0.4809 	 0.5504 	 0.9208 	 6.5279 	 6.3525 	 9.5814 	 2.3922 	 -2.1912 	 0.0000 	 1.2671 	 0.0007 
26.0000 	 0.0129 	 0.3601 	 0.2938 	 20.9404 	 0.0000 	 9.0214 	 1.2642 	 9.6917 	 0.0000 	 4.3048 	 424.0596 	 26.0000 	 0.2715 	 0.8477 	 0.8733 	 13.8619 	 7.4232 	 1.7228 	 1.7064 	 -0.7376 	 0.0000 	 1.8418 	 0.0003 
27.0000 	 0.0010 	 0.0189 	 0.2498 	 49.5639 	 1.7716 	 3.7464 	 1.0532 	 9.9436 	 0.0000 	 4.3096 	 424.0835 	 27.0000 	 0.8899 	 0.9561 	 0.8163 	 10.4070 	 9.4724 	 6.4084 	 1.1598 	 1.2034 	 0.0000 	 2.2470 	 0.0003 
19.0000 	 0.0010 	 0.9510 	 0.2399 	 17.5104 	 0.2327 	 7.1212 	 3.2168 	 7.7230 	 0.0000 	 4.2963 	 424.0671 	 19.0000 	 0.6509 	 0.4670 	 0.4682 	 12.4922 	 6.0100 	 6.0372 	 1.5394 	 0.4289 	 0.0000 	 0.2778 	 0.0003 
22.0000 	 0.0013 	 0.7333 	 0.9425 	 40.5616 	 8.3702 	 5.0901 	 9.7068 	 1.2333 	 0.0000 	 4.2976 	 425.3111 	 22.0000 	 0.8373 	 0.5855 	 0.3599 	 8.6474 	 7.9316 	 1.3940 	 1.9184 	 2.1148 	 0.0000 	 1.3213 	 0.0000 
23.0000 	 0.0010 	 0.2015 	 0.2693 	 6.9186 	 0.0001 	 7.5605 	 3.6996 	 7.2468 	 0.0000 	 4.2986 	 424.0595 	 23.0000 	 0.3853 	 0.3677 	 0.6407 	 8.6839 	 2.8912 	 7.6768 	 2.9261 	 0.0544 	 0.0000 	 0.0039 	 0.0003 
29.0000 	 0.6587 	 0.6236 	 0.9105 	 2.2390 	 5.1137 	 9.8729 	 2.1416 	 8.8604 	 0.0000 	 4.2675 	 424.3502 	 29.0000 	 0.4672 	 0.6232 	 0.5080 	 3.7756 	 5.7148 	 8.1494 	 1.1302 	 1.9670 	 0.0000 	 2.6443 	 0.0006 
26.0000 	 0.1224 	 0.1217 	 0.7120 	 5.8893 	 0.0000 	 6.4758 	 2.2491 	 8.7071 	 0.0000 	 4.3066 	 424.0628 	 26.0000 	 0.6044 	 0.1109 	 0.3078 	 14.3728 	 6.2832 	 9.0043 	 0.6924 	 -2.4088 	 0.0000 	 0.4871 	 0.0004 
7.0000 	 0.0647 	 0.9885 	 0.8540 	 24.9074 	 0.0000 	 0.7370 	 1.3627 	 9.5919 	 0.0000 	 4.3066 	 424.0610 	 7.0000 	 0.1529 	 0.7652 	 0.3290 	 5.1171 	 2.8852 	 9.5085 	 1.3286 	 -2.2612 	 0.0000 	 1.9660 	 0.0003 
4.0000 	 0.0050 	 0.5192 	 0.7464 	 13.8174 	 1.5810 	 1.7087 	 1.5586 	 9.4327 	 0.0000 	 4.3078 	 424.0616 	 4.0000 	 0.9713 	 0.1313 	 0.7684 	 7.4504 	 1.1050 	 8.0730 	 1.7525 	 -1.1442 	 0.0000 	 0.7383 	 0.0003 
17.0000 	 0.2677 	 0.6224 	 0.9459 	 1.0011 	 7.0463 	 6.6719 	 1.2270 	 9.9159 	 0.0000 	 4.3746 	 424.5979 	 17.0000 	 0.6251 	 0.3646 	 0.8022 	 4.0103 	 0.4146 	 8.6128 	 2.0365 	 -1.9164 	 0.0000 	 1.3605 	 0.0026 
17.0000 	 0.0145 	 0.1594 	 0.4131 	 49.9977 	 0.0000 	 4.0187 	 2.7327 	 8.2244 	 0.0000 	 4.3081 	 424.0597 	 17.0000 	 0.7446 	 0.3537 	 0.5752 	 9.2375 	 1.6150 	 0.5969 	 0.5372 	 2.7673 	 0.0000 	 2.4198 	 0.0002 
20.0000 	 0.0010 	 0.1079 	 0.0014 	 1.2654 	 8.5948 	 0.9150 	 0.0582 	 10.0000 	 0.0000 	 3.8744 	 462.4777 	 20.0000 	 0.2039 	 0.3134 	 0.1639 	 5.4823 	 0.9642 	 9.6939 	 2.6174 	 -1.9262 	 0.0000 	 0.5981 	 0.0387 
26.0000 	 0.0034 	 0.0073 	 0.6551 	 48.5419 	 0.0000 	 9.9749 	 0.9227 	 9.9987 	 0.0000 	 4.2847 	 424.0925 	 26.0000 	 0.8104 	 0.0906 	 0.1197 	 9.7747 	 7.0784 	 5.4578 	 1.2700 	 -1.8665 	 0.0000 	 1.9783 	 0.0019 
26.0000 	 0.0512 	 0.5804 	 0.4322 	 2.3594 	 0.0000 	 6.9364 	 1.7761 	 9.1787 	 0.0000 	 4.2973 	 424.0599 	 26.0000 	 0.6461 	 0.0581 	 0.1594 	 1.2224 	 3.9464 	 8.6652 	 0.6688 	 -1.8711 	 0.0000 	 2.3435 	 0.0002 
24.0000 	 0.0666 	 0.5925 	 0.4362 	 16.2791 	 0.0000 	 6.5987 	 0.9748 	 9.9810 	 0.0000 	 4.3078 	 424.0600 	 24.0000 	 0.3346 	 0.6150 	 0.4082 	 4.5188 	 9.7407 	 8.9190 	 2.2281 	 -1.1600 	 0.0000 	 2.5057 	 0.0003 
30.0000 	 0.9921 	 0.0010 	 0.0089 	 1.0088 	 1.1309 	 3.4393 	 1.2042 	 9.9731 	 0.0000 	 3.7717 	 439.0650 	 30.0000 	 0.7604 	 0.1525 	 0.3609 	 9.5489 	 0.1555 	 1.4215 	 1.7803 	 1.2424 	 0.0000 	 1.2887 	 0.3637 
16.0000 	 0.1914 	 0.9807 	 0.7148 	 5.7932 	 3.6244 	 9.9052 	 2.5702 	 8.3937 	 0.0000 	 4.2627 	 424.4013 	 16.0000 	 0.1075 	 0.2265 	 0.1734 	 12.4790 	 5.6450 	 8.6075 	 2.8921 	 1.6776 	 0.0000 	 1.6471 	 0.0006 
17.0000 	 0.0234 	 0.2543 	 0.4600 	 13.8545 	 0.0000 	 4.6673 	 0.9339 	 10.0000 	 0.0000 	 4.2942 	 424.0615 	 17.0000 	 0.2969 	 0.4750 	 0.6710 	 10.0834 	 5.5464 	 5.2823 	 0.8915 	 2.7830 	 0.0000 	 1.2278 	 0.0004 
21.0000 	 0.3177 	 0.1690 	 0.8270 	 7.2076 	 0.0050 	 6.6943 	 1.0208 	 9.9363 	 0.0000 	 4.3036 	 424.0631 	 21.0000 	 0.2438 	 0.1967 	 0.9884 	 2.6399 	 5.2154 	 6.1506 	 0.1312 	 -0.7879 	 0.0000 	 2.4427 	 0.0004 
27.0000 	 0.0463 	 0.0509 	 0.3944 	 49.1513 	 3.4302 	 9.9925 	 1.1210 	 9.8677 	 0.0000 	 4.3006 	 424.1778 	 27.0000 	 0.1874 	 0.3888 	 0.6539 	 10.7174 	 4.7242 	 0.7594 	 0.4832 	 -2.9753 	 0.0000 	 1.3551 	 0.0003 
20.0000 	 0.0010 	 0.4682 	 0.2487 	 19.0580 	 0.0212 	 1.6981 	 8.0898 	 2.8531 	 0.0000 	 4.2928 	 424.0715 	 20.0000 	 0.3357 	 0.4629 	 0.6228 	 12.3387 	 2.8262 	 0.2483 	 0.8413 	 0.5832 	 0.0000 	 2.8959 	 0.0005 
24.0000 	 0.3633 	 0.9814 	 0.6985 	 49.9999 	 1.9404 	 0.8055 	 0.9744 	 9.9873 	 0.0000 	 4.2877 	 424.1137 	 24.0000 	 0.4830 	 0.6317 	 0.4181 	 11.5682 	 9.1877 	 7.6897 	 1.9667 	 0.8376 	 0.0000 	 2.5946 	 0.0003 
14.0000 	 0.0467 	 0.9995 	 0.5585 	 13.3567 	 2.1155 	 2.3683 	 0.9594 	 9.9999 	 0.0000 	 4.3010 	 424.1385 	 14.0000 	 0.4614 	 0.8553 	 0.3636 	 13.3413 	 6.0300 	 2.4837 	 0.6911 	 2.1395 	 0.0000 	 2.2689 	 0.0002 
15.0000 	 0.9866 	 0.0021 	 0.0019 	 2.0495 	 6.8066 	 9.7672 	 1.3402 	 7.8408 	 0.0000 	 6.1272 	 511.4329 	 15.0000 	 0.2590 	 0.8394 	 0.1237 	 7.3293 	 3.2524 	 0.7052 	 1.9918 	 -0.2356 	 0.0000 	 0.6966 	 0.6198 
23.0000 	 0.0012 	 0.9059 	 0.2787 	 6.0435 	 0.0000 	 9.2844 	 2.8592 	 8.0856 	 0.0000 	 4.2947 	 424.0599 	 23.0000 	 0.9078 	 0.7879 	 0.9463 	 12.9912 	 5.0087 	 6.9151 	 2.3672 	 1.8829 	 0.0000 	 2.0690 	 0.0003 
24.0000 	 0.0010 	 0.1211 	 0.0010 	 1.0063 	 3.3798 	 6.7010 	 4.9160 	 9.9999 	 0.0000 	 3.9546 	 461.4046 	 24.0000 	 0.6545 	 0.6861 	 0.0572 	 4.7169 	 8.5011 	 4.9450 	 1.6519 	 1.3283 	 0.0000 	 2.0845 	 0.0397 
18.0000 	 0.0040 	 0.9453 	 0.3157 	 43.1932 	 0.0000 	 8.9446 	 2.5088 	 8.4547 	 0.0000 	 4.3145 	 424.0602 	 18.0000 	 0.6896 	 0.5609 	 0.5185 	 12.8093 	 9.5188 	 7.6460 	 0.7484 	 0.1378 	 0.0000 	 0.4502 	 0.0003 
13.0000 	 0.0014 	 0.8351 	 0.3598 	 6.1764 	 0.8438 	 2.6613 	 4.5682 	 6.3745 	 0.0000 	 4.3013 	 424.0694 	 13.0000 	 0.5405 	 0.6892 	 0.6338 	 6.2126 	 7.5924 	 7.8917 	 0.7928 	 -2.0281 	 0.0000 	 1.6624 	 0.0004 
22.0000 	 0.1261 	 0.4114 	 0.7554 	 46.2487 	 4.3365 	 3.5652 	 7.6583 	 3.2626 	 0.0000 	 4.2793 	 425.4319 	 22.0000 	 0.6180 	 0.4738 	 0.7487 	 11.5094 	 1.6683 	 1.3574 	 2.8865 	 -0.0866 	 0.0000 	 2.1078 	 0.0004 
16.0000 	 0.0017 	 0.6057 	 0.7875 	 4.3247 	 9.9127 	 5.2612 	 2.2007 	 8.7208 	 0.0000 	 4.2786 	 425.3120 	 16.0000 	 0.1576 	 0.8860 	 0.3548 	 1.4222 	 3.7517 	 0.3355 	 0.3571 	 1.6204 	 0.0000 	 1.3961 	 0.0052 
11.0000 	 0.0017 	 0.1527 	 0.3564 	 32.5273 	 7.1795 	 0.0538 	 1.4830 	 10.0000 	 0.0000 	 4.3061 	 424.0516 	 11.0000 	 0.5389 	 0.2926 	 0.5008 	 8.1956 	 9.6783 	 5.9243 	 2.5054 	 -1.2901 	 0.0000 	 2.7697 	 0.0002 
29.0000 	 0.0010 	 0.1604 	 0.2444 	 5.1841 	 0.0000 	 3.5722 	 8.3216 	 2.6510 	 0.0000 	 4.3220 	 424.0632 	 29.0000 	 0.4452 	 0.4320 	 0.1053 	 12.8736 	 9.1692 	 8.8130 	 0.8536 	 1.9420 	 0.0000 	 0.3888 	 0.0004 
13.0000 	 0.0930 	 0.0522 	 0.8603 	 20.4394 	 5.2004 	 3.5938 	 1.0635 	 9.9834 	 0.0000 	 4.3030 	 424.1913 	 13.0000 	 0.9957 	 0.1586 	 0.0014 	 7.0966 	 0.2636 	 5.8963 	 1.6236 	 -2.9819 	 0.0000 	 0.0038 	 0.0015 
24.0000 	 0.0982 	 0.1856 	 0.8421 	 2.3912 	 0.0023 	 4.8328 	 2.2788 	 8.7204 	 0.0000 	 4.3032 	 424.1512 	 24.0000 	 0.8034 	 0.5988 	 0.9200 	 11.6264 	 6.6311 	 8.8356 	 0.2541 	 -0.8114 	 0.0000 	 2.0887 	 0.0036 
26.0000 	 0.0014 	 0.5265 	 0.3674 	 1.2012 	 0.0000 	 7.3228 	 1.3892 	 9.5564 	 0.0000 	 4.2883 	 424.0755 	 26.0000 	 0.9993 	 0.9532 	 0.0413 	 5.1156 	 8.9474 	 5.2492 	 1.1538 	 -0.4008 	 0.0000 	 2.8097 	 0.0004 
22.0000 	 0.0521 	 0.1711 	 0.7953 	 30.1613 	 9.7847 	 1.7554 	 6.1730 	 4.8164 	 0.0000 	 4.2919 	 425.2947 	 22.0000 	 0.5994 	 0.3391 	 0.4163 	 13.3720 	 4.7472 	 3.3343 	 0.6341 	 1.9448 	 0.0000 	 2.9635 	 0.0000 
15.0000 	 0.0012 	 0.7419 	 0.9767 	 1.6559 	 9.5651 	 1.1612 	 9.2202 	 1.7364 	 0.0000 	 4.3044 	 425.3015 	 15.0000 	 0.3326 	 0.5542 	 0.5207 	 9.7219 	 8.9687 	 2.0010 	 2.7104 	 -2.1232 	 0.0000 	 2.4183 	 0.0001 
20.0000 	 0.0428 	 0.0147 	 0.7107 	 48.3971 	 0.3849 	 0.7151 	 0.9879 	 9.9368 	 0.0000 	 4.2867 	 424.0997 	 20.0000 	 0.8274 	 0.0286 	 0.1571 	 8.5304 	 5.1668 	 2.9751 	 0.2580 	 2.6435 	 0.0000 	 1.3396 	 0.0011 
10.0000 	 0.0022 	 0.4891 	 0.7914 	 3.3995 	 5.4038 	 8.1525 	 6.7962 	 4.1918 	 0.0000 	 4.3042 	 425.2918 	 10.0000 	 0.7598 	 0.2977 	 0.1443 	 11.0378 	 4.8335 	 3.5963 	 0.7179 	 -1.7246 	 0.0000 	 2.5487 	 0.0000 
11.0000 	 0.0017 	 0.5654 	 0.4765 	 48.4119 	 0.0488 	 3.3233 	 0.9427 	 9.9970 	 0.0000 	 4.2822 	 424.0620 	 11.0000 	 0.3680 	 0.4786 	 0.0910 	 13.5197 	 4.9467 	 0.2608 	 0.7749 	 0.3188 	 0.0000 	 1.2689 	 0.0004 
19.0000 	 0.1753 	 0.2760 	 0.8815 	 2.4908 	 4.7526 	 0.8441 	 1.1873 	 9.9811 	 0.0000 	 4.3420 	 424.1948 	 19.0000 	 0.8456 	 0.9748 	 0.0025 	 6.8096 	 4.9650 	 2.6737 	 0.4599 	 -2.5473 	 0.0000 	 2.5796 	 0.0014 
8.0000 	 0.0074 	 0.3743 	 0.8965 	 47.6555 	 7.2375 	 7.1919 	 7.3287 	 3.6356 	 0.0000 	 4.2802 	 425.2920 	 8.0000 	 0.7367 	 0.6722 	 0.8305 	 11.4124 	 6.1399 	 7.4705 	 2.4964 	 0.3096 	 0.0000 	 2.6956 	 0.0001 
12.0000 	 0.0272 	 0.2415 	 0.6607 	 6.3059 	 0.0000 	 7.3793 	 2.6847 	 8.2719 	 0.0000 	 4.3013 	 424.0617 	 12.0000 	 0.1845 	 0.6717 	 0.4670 	 4.7460 	 8.5343 	 8.8877 	 0.2683 	 2.2480 	 0.0000 	 2.5278 	 0.0005 
23.0000 	 0.3325 	 0.0010 	 0.0965 	 1.0744 	 0.5520 	 0.1276 	 0.0363 	 9.9013 	 0.0000 	 4.2553 	 562.0651 	 23.0000 	 0.9097 	 0.0920 	 0.5727 	 5.9807 	 0.8132 	 0.7254 	 1.5457 	 -2.2844 	 0.0000 	 1.8859 	 0.6789 
10.0000 	 0.0010 	 0.2521 	 0.0010 	 1.0520 	 7.2009 	 0.0132 	 2.0183 	 9.7004 	 0.0000 	 4.3116 	 462.1604 	 10.0000 	 0.9346 	 0.8888 	 0.3943 	 13.1856 	 3.2410 	 2.0320 	 1.1258 	 -1.7866 	 0.0000 	 2.7179 	 0.0371 
6.0000 	 0.0010 	 0.6519 	 0.5114 	 5.4241 	 0.0000 	 5.7916 	 6.5789 	 4.3830 	 0.0000 	 4.3107 	 424.0628 	 6.0000 	 0.3045 	 0.5776 	 0.8567 	 9.7079 	 9.9739 	 4.1142 	 0.1223 	 0.2313 	 0.0000 	 0.3425 	 0.0004 
17.0000 	 0.0011 	 0.4807 	 0.3520 	 10.0676 	 0.0013 	 2.1320 	 2.9462 	 7.9913 	 0.0000 	 4.3118 	 424.0642 	 17.0000 	 0.0029 	 0.2342 	 0.1438 	 1.1768 	 0.8305 	 7.5249 	 2.3927 	 -2.2578 	 0.0000 	 0.8914 	 0.0006 
12.0000 	 0.0010 	 0.1404 	 0.0039 	 1.6007 	 0.0021 	 9.8875 	 1.6429 	 9.1876 	 0.0000 	 4.1893 	 460.7428 	 12.0000 	 0.9557 	 0.4006 	 0.0042 	 14.7563 	 3.7100 	 2.4241 	 2.2592 	 -0.5237 	 0.0000 	 0.2902 	 0.0389 
22.0000 	 0.0050 	 0.0289 	 0.9983 	 11.3254 	 8.5591 	 9.1591 	 0.9244 	 10.0000 	 0.0000 	 4.2716 	 424.8440 	 22.0000 	 0.5552 	 0.6441 	 0.2522 	 6.4790 	 4.3342 	 1.9025 	 1.6088 	 -2.8389 	 0.0000 	 1.6610 	 0.0095 
5.0000 	 0.0866 	 0.4443 	 0.9486 	 9.8616 	 2.9299 	 8.3632 	 1.1323 	 9.8715 	 0.0000 	 4.2954 	 424.1317 	 5.0000 	 0.6410 	 0.4810 	 0.9519 	 4.5229 	 4.5370 	 6.8172 	 0.1704 	 0.0832 	 0.0000 	 1.2303 	 0.0005 
8.0000 	 0.1660 	 0.9279 	 0.9071 	 2.8008 	 0.0000 	 6.2087 	 2.6437 	 8.3056 	 0.0000 	 4.2942 	 424.0619 	 8.0000 	 0.1305 	 0.0433 	 0.4326 	 5.0725 	 8.2396 	 2.8980 	 2.2346 	 1.1680 	 0.0000 	 2.8147 	 0.0003 
22.0000 	 0.4116 	 0.8357 	 0.7566 	 23.3853 	 0.0000 	 3.6978 	 1.7325 	 9.2164 	 0.0000 	 4.2960 	 424.0608 	 22.0000 	 0.1055 	 0.6175 	 0.9121 	 8.3266 	 1.0457 	 3.4157 	 0.9541 	 0.6892 	 0.0000 	 1.4756 	 0.0003 
27.0000 	 0.0022 	 0.0242 	 0.5274 	 16.9949 	 0.0005 	 7.9921 	 0.9747 	 9.9830 	 0.0000 	 4.3073 	 424.0700 	 27.0000 	 0.8148 	 0.1221 	 0.1595 	 2.8442 	 0.7899 	 7.6781 	 0.6605 	 0.3954 	 0.0000 	 1.8837 	 0.0008 
4.0000 	 0.1453 	 0.1354 	 0.9999 	 48.5264 	 4.5500 	 0.0003 	 3.3981 	 8.8008 	 0.0000 	 4.2924 	 424.0674 	 4.0000 	 0.1379 	 0.0412 	 0.9097 	 9.8464 	 0.5742 	 1.6187 	 0.2473 	 2.7182 	 0.0000 	 2.3052 	 0.0009 
9.0000 	 0.0134 	 0.4105 	 0.6022 	 6.0641 	 0.0000 	 5.0129 	 0.9482 	 10.0000 	 0.0000 	 4.3075 	 424.0620 	 9.0000 	 0.6926 	 0.6589 	 0.3610 	 12.3021 	 4.0514 	 7.1503 	 0.7439 	 -2.6528 	 0.0000 	 1.1604 	 0.0003 
20.0000 	 0.0019 	 0.2308 	 0.5062 	 2.3726 	 0.0000 	 6.8493 	 1.7771 	 9.1870 	 0.0000 	 4.2972 	 424.0928 	 20.0000 	 0.3243 	 0.1255 	 0.2315 	 9.7098 	 5.1652 	 9.8725 	 0.8155 	 1.7148 	 0.0000 	 0.4023 	 0.0015 
6.0000 	 0.0010 	 0.0335 	 0.7088 	 49.3465 	 1.8971 	 0.0138 	 6.6848 	 6.6368 	 0.0000 	 4.2842 	 424.1013 	 6.0000 	 0.8626 	 0.8716 	 0.6334 	 2.3397 	 9.9783 	 0.2377 	 0.8283 	 -2.5349 	 0.0000 	 2.2184 	 0.0016 
17.0000 	 0.0033 	 0.2090 	 0.9875 	 49.7276 	 2.0004 	 0.0000 	 6.7520 	 6.9815 	 0.0000 	 4.4118 	 425.6574 	 17.0000 	 0.5749 	 0.5053 	 0.0437 	 8.3082 	 2.2468 	 4.5202 	 1.1173 	 -2.5364 	 0.0000 	 0.8320 	 0.2828 
1.0000 	 0.9796 	 0.6925 	 0.2808 	 29.5739 	 4.7470 	 0.1377 	 2.1208 	 10.0000 	 0.0000 	 4.1796 	 489.0088 	 1.0000 	 0.3030 	 0.3801 	 0.4875 	 7.2102 	 3.1432 	 1.4584 	 0.4333 	 -1.8888 	 0.0000 	 0.9322 	 3.1739 
24.0000 	 0.0038 	 0.0233 	 1.0000 	 12.7947 	 7.3673 	 8.2280 	 0.9728 	 9.9892 	 0.0000 	 4.3176 	 424.8794 	 24.0000 	 0.4020 	 0.1704 	 0.1466 	 4.0024 	 7.7470 	 4.8848 	 1.5414 	 1.4060 	 0.0000 	 0.8548 	 0.0113 
19.0000 	 0.0010 	 1.0000 	 0.2568 	 6.4971 	 5.2394 	 0.0124 	 3.6538 	 8.6378 	 0.0000 	 4.3050 	 424.0553 	 19.0000 	 0.5437 	 0.5889 	 0.4748 	 7.1554 	 5.9887 	 4.6575 	 1.7268 	 0.3566 	 0.0000 	 1.7481 	 0.0003 
21.0000 	 0.2388 	 0.5768 	 0.6727 	 3.3374 	 0.0000 	 0.9745 	 1.0631 	 9.9079 	 0.0000 	 4.3203 	 424.0620 	 21.0000 	 0.4542 	 0.0500 	 0.5973 	 6.2980 	 2.4235 	 5.5215 	 0.7293 	 -1.3451 	 0.0000 	 1.0439 	 0.0003 
9.0000 	 0.0013 	 0.4406 	 1.0000 	 1.2235 	 0.0365 	 7.6442 	 2.6909 	 8.2913 	 0.0000 	 4.3363 	 424.8084 	 9.0000 	 0.7505 	 0.0833 	 0.7453 	 12.1255 	 7.3286 	 4.2402 	 0.6696 	 -2.8425 	 0.0000 	 2.8094 	 0.0076 
6.0000 	 0.9620 	 0.0146 	 0.0024 	 44.8479 	 6.4046 	 9.1681 	 0.1840 	 9.4717 	 0.0000 	 3.4341 	 542.7033 	 6.0000 	 0.3235 	 0.3565 	 0.0168 	 8.3877 	 3.4857 	 8.8875 	 0.1579 	 -0.0639 	 0.0000 	 1.9714 	 1.1250 
18.0000 	 0.0010 	 0.3179 	 0.2360 	 25.6258 	 0.0104 	 5.6201 	 10.0000 	 0.9413 	 0.0000 	 4.3084 	 424.0619 	 18.0000 	 0.8375 	 0.5018 	 0.3045 	 12.7414 	 5.0878 	 2.1030 	 2.5063 	 -2.3809 	 0.0000 	 0.2586 	 0.0003 
19.0000 	 0.0102 	 0.0304 	 0.7776 	 16.2641 	 7.0546 	 0.0000 	 1.4798 	 10.0000 	 0.0000 	 4.2810 	 424.1698 	 19.0000 	 0.9552 	 0.1277 	 0.6146 	 2.2940 	 9.6846 	 7.1391 	 2.5359 	 -2.3893 	 0.0000 	 0.1432 	 0.0038 
6.0000 	 0.0245 	 0.2312 	 0.8151 	 16.2953 	 0.0578 	 4.8585 	 0.9956 	 9.9635 	 0.0000 	 4.3032 	 424.0615 	 6.0000 	 0.9194 	 0.8224 	 0.8824 	 7.2004 	 5.5118 	 2.5337 	 0.0011 	 2.1732 	 0.0000 	 2.9667 	 0.0003 
3.0000 	 0.0030 	 0.9089 	 1.0000 	 1.0137 	 0.3803 	 7.2546 	 2.4337 	 8.5162 	 0.0000 	 4.2691 	 424.3323 	 3.0000 	 0.7959 	 0.8396 	 0.9941 	 8.4699 	 0.8341 	 2.6264 	 2.3633 	 2.4727 	 0.0000 	 2.1722 	 0.0051 
1.0000 	 0.0010 	 0.9998 	 0.2477 	 40.4627 	 0.0000 	 8.5591 	 0.9500 	 10.0000 	 0.0000 	 4.2492 	 431.3819 	 1.0000 	 0.3368 	 0.1737 	 0.3581 	 13.5054 	 2.0050 	 5.1868 	 0.8963 	 0.5044 	 0.0000 	 2.5042 	 0.0100 
14.0000 	 0.0012 	 0.2800 	 0.2581 	 12.5243 	 0.0510 	 0.0000 	 7.9735 	 5.9733 	 0.0000 	 4.3772 	 424.0845 	 14.0000 	 0.8414 	 0.1698 	 0.8742 	 10.9142 	 6.6119 	 4.8067 	 1.7880 	 -2.4036 	 0.0000 	 0.3900 	 0.0003 
1.0000 	 0.0013 	 0.0010 	 0.0888 	 1.0164 	 1.2611 	 9.4452 	 3.0006 	 9.9708 	 0.0000 	 3.3080 	 458.0567 	 1.0000 	 0.4104 	 0.3089 	 0.0637 	 2.3633 	 6.3502 	 6.2630 	 0.5912 	 -0.5105 	 0.0000 	 0.9311 	 1.3619 
5.0000 	 0.9957 	 0.0035 	 0.0047 	 1.0851 	 9.8786 	 2.2545 	 2.9956 	 9.9963 	 0.0000 	 3.7258 	 437.8284 	 5.0000 	 0.9885 	 0.0926 	 0.4587 	 2.4155 	 9.4154 	 3.8530 	 0.3392 	 2.4981 	 0.0000 	 2.9505 	 1.0038 
26.0000 	 0.0469 	 0.1661 	 0.3829 	 50.0000 	 0.0000 	 3.4732 	 3.8386 	 7.1173 	 0.0000 	 4.3078 	 424.0598 	 26.0000 	 0.8369 	 0.1113 	 0.4570 	 11.7477 	 4.0053 	 6.3083 	 2.8940 	 2.2377 	 0.0000 	 1.4876 	 0.0002 
3.0000 	 0.0086 	 0.3313 	 0.9934 	 29.3666 	 7.6180 	 4.6069 	 1.0003 	 10.0000 	 0.0000 	 4.3038 	 424.1714 	 3.0000 	 0.3120 	 0.4854 	 0.2772 	 5.3612 	 4.1392 	 0.8825 	 1.3616 	 1.6267 	 0.0000 	 2.5114 	 0.0002 
18.0000 	 0.0027 	 0.3541 	 0.3333 	 10.3894 	 2.1942 	 0.0071 	 1.7730 	 9.8291 	 0.0000 	 4.3031 	 424.0585 	 18.0000 	 0.8984 	 0.3017 	 0.1325 	 11.2195 	 8.3605 	 3.4171 	 2.4939 	 -2.6895 	 0.0000 	 2.3791 	 0.0003 
2.0000 	 0.0010 	 0.0010 	 0.2071 	 1.1101 	 3.4863 	 3.9856 	 0.2351 	 8.8323 	 0.0000 	 4.7899 	 473.1161 	 2.0000 	 0.1155 	 0.0323 	 0.1947 	 11.9547 	 8.1589 	 7.8170 	 0.3906 	 -2.1969 	 0.0000 	 1.4660 	 4.1553 
16.0000 	 0.0016 	 0.0558 	 0.3158 	 48.6279 	 9.5676 	 0.0048 	 1.9211 	 9.9212 	 0.0000 	 4.2949 	 424.3754 	 16.0000 	 0.0733 	 0.9501 	 0.2048 	 11.2279 	 7.1542 	 2.0639 	 0.9108 	 2.0822 	 0.0000 	 0.7116 	 0.0009 
23.0000 	 0.9791 	 0.0010 	 0.0467 	 1.0007 	 2.2604 	 9.9275 	 5.7307 	 9.9998 	 0.0000 	 3.9685 	 450.8500 	 23.0000 	 0.1457 	 0.8353 	 0.9782 	 4.9883 	 9.0278 	 5.9052 	 1.1797 	 2.7859 	 0.0000 	 0.7306 	 2.5723 
13.0000 	 0.0763 	 0.3028 	 0.9395 	 50.0000 	 9.3102 	 7.1640 	 10.0000 	 0.9458 	 0.0000 	 4.2887 	 425.3106 	 13.0000 	 0.0567 	 0.9715 	 0.0407 	 10.9998 	 6.7075 	 9.4658 	 2.3287 	 -1.2970 	 0.0000 	 0.2050 	 0.0000 
19.0000 	 0.0442 	 0.0150 	 0.7887 	 41.5239 	 9.9840 	 0.0144 	 1.5299 	 9.9922 	 0.0000 	 4.2966 	 424.0852 	 19.0000 	 0.9747 	 0.0601 	 0.1636 	 7.4043 	 6.6349 	 2.3666 	 0.1472 	 0.5316 	 0.0000 	 0.0591 	 0.0018 
11.0000 	 0.0010 	 0.4800 	 1.0000 	 1.0000 	 8.9986 	 7.9997 	 0.9807 	 10.0000 	 0.0000 	 4.3202 	 425.1816 	 11.0000 	 0.9576 	 0.8465 	 0.2449 	 14.4153 	 2.8604 	 9.7779 	 1.0477 	 -2.7777 	 0.0000 	 0.0329 	 0.0083 
18.0000 	 0.4430 	 0.0793 	 0.9556 	 15.7577 	 6.7302 	 7.6945 	 1.0533 	 10.0000 	 0.0000 	 4.2939 	 424.1818 	 18.0000 	 0.1731 	 0.2353 	 0.0431 	 14.8501 	 4.0475 	 4.9607 	 0.8501 	 -2.8779 	 0.0000 	 1.6960 	 0.0008 
16.0000 	 0.0056 	 0.0282 	 0.8211 	 18.9114 	 2.9598 	 7.9044 	 2.1493 	 8.8108 	 0.0000 	 4.2838 	 424.4346 	 16.0000 	 0.1876 	 0.0338 	 0.7796 	 11.0989 	 5.0823 	 8.1302 	 2.7315 	 2.6467 	 0.0000 	 1.4807 	 0.0031 
10.0000 	 0.9959 	 0.0013 	 0.0011 	 1.1576 	 5.5245 	 9.0679 	 1.9713 	 10.0000 	 0.0000 	 3.8628 	 437.4834 	 10.0000 	 0.0065 	 0.8318 	 0.7921 	 1.9241 	 6.6396 	 4.0571 	 2.5433 	 -0.7161 	 0.0000 	 0.9486 	 1.0030 
15.0000 	 0.0467 	 0.6623 	 0.7106 	 1.2857 	 5.3834 	 7.3186 	 1.5707 	 9.3752 	 0.0000 	 4.2218 	 424.6352 	 15.0000 	 0.9831 	 0.2321 	 0.3211 	 1.5874 	 9.9819 	 6.0971 	 1.8773 	 1.2005 	 0.0000 	 0.3531 	 0.0014 
24.0000 	 0.0103 	 0.0102 	 0.6454 	 49.4044 	 0.0028 	 9.5056 	 0.9302 	 9.9843 	 0.0000 	 4.2737 	 424.0833 	 24.0000 	 0.7198 	 0.8420 	 0.2481 	 8.7753 	 4.0638 	 1.8861 	 1.7680 	 0.6733 	 0.0000 	 0.2640 	 0.0015 
17.0000 	 0.0391 	 0.1196 	 0.4820 	 43.1219 	 0.0000 	 10.0000 	 2.9991 	 7.9606 	 0.0000 	 4.3075 	 424.0601 	 17.0000 	 0.2020 	 0.3516 	 0.6445 	 11.5820 	 8.2960 	 5.7994 	 2.3008 	 1.8145 	 0.0000 	 1.8132 	 0.0003 
14.0000 	 0.0052 	 0.3595 	 0.4051 	 8.9136 	 0.0000 	 5.4290 	 3.1482 	 7.8089 	 0.0000 	 4.3071 	 424.0624 	 14.0000 	 0.8191 	 0.7363 	 0.2068 	 12.3315 	 3.6762 	 1.6983 	 2.0622 	 2.4869 	 0.0000 	 0.5091 	 0.0003 
12.0000 	 0.0033 	 0.4326 	 1.0000 	 1.0000 	 8.7500 	 2.7502 	 0.8647 	 9.9999 	 0.0000 	 4.2129 	 424.8480 	 12.0000 	 0.3052 	 0.1689 	 0.7050 	 4.9792 	 2.8884 	 6.6730 	 1.8869 	 -2.7272 	 0.0000 	 0.7615 	 0.0240 
8.0000 	 0.0047 	 0.1320 	 0.9999 	 6.0364 	 9.7599 	 8.2251 	 0.9225 	 9.9960 	 0.0000 	 4.2576 	 424.7659 	 8.0000 	 0.9764 	 0.8389 	 0.3546 	 2.5724 	 5.4035 	 9.1155 	 0.3516 	 0.9278 	 0.0000 	 1.0049 	 0.0095 
16.0000 	 0.0011 	 0.9885 	 0.2546 	 47.5942 	 0.0000 	 7.0747 	 9.6506 	 1.2889 	 0.0000 	 4.2924 	 424.0607 	 16.0000 	 0.3357 	 0.7561 	 0.3388 	 12.7392 	 1.6399 	 9.6461 	 2.2271 	 -0.3511 	 0.0000 	 2.0310 	 0.0002 
6.0000 	 0.9977 	 0.0014 	 0.1316 	 1.4649 	 4.0354 	 3.2311 	 6.8733 	 9.9998 	 0.0000 	 4.8940 	 443.0485 	 6.0000 	 0.0119 	 0.7651 	 0.8871 	 4.2305 	 0.3547 	 0.6702 	 0.9925 	 -0.3532 	 0.0000 	 0.2919 	 0.9919 
14.0000 	 0.0012 	 0.2018 	 0.3094 	 7.8325 	 0.0002 	 5.9716 	 0.9661 	 9.9909 	 0.0000 	 4.3053 	 424.0615 	 14.0000 	 0.4808 	 0.3962 	 0.5875 	 4.3882 	 5.4700 	 5.2851 	 1.8879 	 -2.2025 	 0.0000 	 1.0286 	 0.0003 
20.0000 	 0.0788 	 0.1203 	 0.8939 	 4.0272 	 6.0704 	 4.2547 	 1.0930 	 9.9884 	 0.0000 	 4.3066 	 424.3321 	 20.0000 	 0.7424 	 0.2303 	 0.1465 	 3.5629 	 2.3433 	 5.4286 	 0.1646 	 -1.3052 	 0.0000 	 0.9133 	 0.0044 
12.0000 	 0.0015 	 0.3930 	 0.4337 	 14.9568 	 0.0000 	 2.6447 	 0.9318 	 10.0000 	 0.0000 	 4.2944 	 424.0617 	 12.0000 	 0.4885 	 0.0560 	 0.1957 	 10.8169 	 5.8505 	 0.0334 	 2.7752 	 -0.9852 	 0.0000 	 2.5995 	 0.0002 
16.0000 	 0.5706 	 0.9234 	 0.9561 	 6.2090 	 8.1696 	 0.3465 	 1.6111 	 9.8444 	 0.0000 	 4.2929 	 424.1116 	 16.0000 	 0.0575 	 0.8880 	 0.2754 	 1.1458 	 6.9716 	 2.4353 	 0.5863 	 2.1925 	 0.0000 	 0.3268 	 0.0004 
6.0000 	 0.0611 	 0.1400 	 0.8697 	 50.0000 	 0.0000 	 3.8831 	 1.4049 	 9.5411 	 0.0000 	 4.2991 	 424.0600 	 6.0000 	 0.7498 	 0.9016 	 0.9271 	 2.0369 	 4.1580 	 9.1263 	 2.2995 	 1.4013 	 0.0000 	 1.1943 	 0.0002 
15.0000 	 0.0012 	 0.4455 	 0.3403 	 10.2230 	 0.0723 	 8.2716 	 0.9511 	 9.9999 	 0.0000 	 4.2967 	 424.0598 	 15.0000 	 0.4708 	 0.7791 	 0.0084 	 3.9003 	 5.2219 	 9.2261 	 0.1634 	 -2.3174 	 0.0000 	 0.3640 	 0.0003 
11.0000 	 0.0023 	 0.3740 	 0.9597 	 1.2722 	 3.8751 	 0.5040 	 1.1292 	 9.9895 	 0.0000 	 4.2318 	 424.9046 	 11.0000 	 0.0875 	 0.4861 	 0.7158 	 11.4722 	 9.4094 	 2.6201 	 1.1275 	 0.7432 	 0.0000 	 0.9504 	 0.0079 
10.0000 	 0.0019 	 0.1756 	 0.4559 	 23.2167 	 0.7433 	 6.8637 	 1.0910 	 9.8553 	 0.0000 	 4.2919 	 424.0614 	 10.0000 	 0.2706 	 0.1255 	 0.0518 	 4.1759 	 0.0541 	 8.3218 	 2.8066 	 0.2785 	 0.0000 	 0.5183 	 0.0003 
3.0000 	 0.9966 	 0.0016 	 0.0016 	 3.7371 	 7.0654 	 8.8232 	 0.0000 	 8.4053 	 0.0000 	 7.5096 	 493.9289 	 3.0000 	 0.3550 	 0.0870 	 0.1383 	 10.1181 	 9.6622 	 3.7445 	 0.4282 	 -2.8990 	 0.0000 	 0.1740 	 0.9218 
1.0000 	 0.0725 	 0.0016 	 0.8931 	 1.0654 	 3.0003 	 0.0000 	 5.4394 	 7.3645 	 0.0000 	 4.5766 	 462.9747 	 1.0000 	 0.6659 	 0.5101 	 0.5366 	 9.5442 	 4.3301 	 3.5795 	 1.3355 	 -1.4724 	 0.0000 	 2.3035 	 1.3555 
7.0000 	 0.0022 	 0.7609 	 0.4498 	 8.2819 	 0.0000 	 2.1971 	 3.6517 	 7.2935 	 0.0000 	 4.2965 	 424.0607 	 7.0000 	 0.4359 	 0.1772 	 0.0299 	 6.3415 	 5.1840 	 8.7450 	 1.7746 	 0.3108 	 0.0000 	 0.4876 	 0.0002 
14.0000 	 0.0392 	 0.3764 	 0.7773 	 7.5595 	 5.5964 	 3.3561 	 7.6441 	 3.3189 	 0.0000 	 4.2719 	 425.2892 	 14.0000 	 0.5369 	 0.3319 	 0.6641 	 6.1164 	 2.0472 	 2.8521 	 0.3469 	 -0.6086 	 0.0000 	 2.8930 	 0.0003 
1.0000 	 0.6973 	 0.9992 	 0.9997 	 1.0000 	 9.9998 	 9.9997 	 0.0001 	 9.9992 	 0.0000 	 3.7463 	 521.9895 	 1.0000 	 0.5894 	 0.3411 	 0.3243 	 10.2061 	 6.1867 	 7.8163 	 1.1062 	 0.0971 	 0.0000 	 2.6697 	 1.4765 
9.0000 	 0.0654 	 0.6413 	 1.0000 	 1.0123 	 1.4581 	 5.1538 	 0.9087 	 10.0000 	 0.0000 	 4.2844 	 424.7300 	 9.0000 	 0.7376 	 0.1602 	 0.7131 	 14.0596 	 2.2710 	 6.9280 	 0.4524 	 -1.0511 	 0.0000 	 0.3493 	 0.0079 
20.0000 	 0.1948 	 0.5342 	 0.8737 	 9.0133 	 9.2394 	 8.4552 	 5.0045 	 5.9591 	 0.0000 	 4.2956 	 425.2958 	 20.0000 	 0.4532 	 0.4461 	 0.6669 	 6.3388 	 3.4290 	 8.1349 	 2.0871 	 0.8908 	 0.0000 	 1.8939 	 0.0002 
23.0000 	 0.7213 	 0.1096 	 0.9686 	 37.0765 	 0.0048 	 9.7680 	 3.2720 	 7.6868 	 0.0000 	 4.3212 	 424.0704 	 23.0000 	 0.7556 	 0.2253 	 0.5307 	 4.6971 	 7.2926 	 9.1094 	 2.7054 	 1.8063 	 0.0000 	 1.8232 	 0.0006 
7.0000 	 0.0027 	 0.0393 	 0.5998 	 49.4253 	 7.0514 	 0.0097 	 6.4498 	 6.8830 	 0.0000 	 4.3171 	 424.0616 	 7.0000 	 0.0984 	 0.3478 	 0.4792 	 1.9313 	 2.3287 	 3.9591 	 2.6132 	 0.4473 	 0.0000 	 0.5066 	 0.0008 
13.0000 	 0.0052 	 0.0207 	 0.8148 	 28.6951 	 2.8272 	 1.2902 	 1.4478 	 9.5975 	 0.0000 	 4.3255 	 424.2955 	 13.0000 	 0.2483 	 0.1056 	 0.8980 	 1.6694 	 6.8736 	 4.7797 	 0.0756 	 2.2250 	 0.0000 	 0.8917 	 0.0033 
5.0000 	 0.0040 	 0.6346 	 0.7157 	 3.8563 	 1.2824 	 1.0437 	 1.0895 	 9.9225 	 0.0000 	 4.3335 	 424.0716 	 5.0000 	 0.1550 	 0.1355 	 0.6159 	 6.7659 	 1.0182 	 7.3544 	 1.1927 	 1.3374 	 0.0000 	 1.3890 	 0.0003 
14.0000 	 0.0044 	 0.2645 	 0.9780 	 1.6681 	 4.7841 	 3.3787 	 1.8434 	 9.1279 	 0.0000 	 4.2828 	 424.8942 	 14.0000 	 0.3821 	 0.4015 	 0.2636 	 8.0372 	 7.6115 	 1.3254 	 2.1278 	 0.9641 	 0.0000 	 0.5613 	 0.0074 
18.0000 	 0.0010 	 0.5048 	 0.7553 	 1.6298 	 9.9289 	 5.5914 	 1.1210 	 9.8267 	 0.0000 	 4.2890 	 425.2539 	 18.0000 	 0.0925 	 0.4282 	 0.8758 	 4.0051 	 6.6069 	 3.4103 	 1.8834 	 -0.0617 	 0.0000 	 0.5440 	 0.0023 
9.0000 	 0.0667 	 0.9392 	 0.7782 	 41.6522 	 3.6161 	 10.0000 	 3.6155 	 7.3875 	 0.0000 	 4.2870 	 424.5661 	 9.0000 	 0.1546 	 0.1392 	 0.1356 	 3.9028 	 9.9091 	 5.8417 	 0.0714 	 2.9363 	 0.0000 	 0.9220 	 0.0005 
3.0000 	 0.0029 	 0.1383 	 0.8303 	 30.2917 	 1.1008 	 2.0714 	 1.0522 	 9.9860 	 0.0000 	 4.3356 	 424.1753 	 3.0000 	 0.6908 	 0.4362 	 0.6461 	 4.2404 	 3.7729 	 6.5861 	 0.1461 	 0.8406 	 0.0000 	 0.0431 	 0.0010 
20.0000 	 0.0010 	 0.6984 	 0.2267 	 49.9999 	 8.4040 	 0.0438 	 1.5177 	 9.9784 	 0.0000 	 4.3080 	 424.0638 	 20.0000 	 0.3854 	 0.0393 	 0.5397 	 11.6644 	 2.1281 	 1.3617 	 1.9982 	 -2.1891 	 0.0000 	 2.7737 	 0.0004 
2.0000 	 0.0045 	 0.0010 	 0.8892 	 1.0060 	 4.6727 	 0.0000 	 6.4771 	 10.0000 	 0.0000 	 6.4976 	 490.0624 	 2.0000 	 0.6579 	 0.6197 	 0.1140 	 4.0055 	 3.7662 	 3.8493 	 1.6609 	 0.5592 	 0.0000 	 2.0896 	 1.3510 
11.0000 	 0.0244 	 0.4430 	 0.7401 	 2.2686 	 3.8197 	 9.1698 	 1.4511 	 9.5966 	 0.0000 	 4.3263 	 424.2460 	 11.0000 	 0.5735 	 0.0564 	 0.4586 	 3.7557 	 1.8993 	 3.6685 	 2.6706 	 0.4700 	 0.0000 	 1.5514 	 0.0007 
6.0000 	 0.3038 	 0.8686 	 1.0000 	 4.9431 	 10.0000 	 0.0000 	 5.1914 	 7.6589 	 0.0000 	 4.2475 	 423.9208 	 6.0000 	 0.2128 	 0.0023 	 0.3309 	 1.6018 	 1.0008 	 5.4393 	 1.7681 	 2.8845 	 0.0000 	 1.2410 	 0.0022 
11.0000 	 0.0565 	 0.1037 	 0.7231 	 20.4418 	 3.5025 	 7.3480 	 0.9963 	 9.9999 	 0.0000 	 4.3073 	 424.1644 	 11.0000 	 0.5100 	 0.4103 	 0.2423 	 7.3294 	 6.2557 	 9.2151 	 0.6478 	 2.3887 	 0.0000 	 1.6536 	 0.0003 
5.0000 	 0.0051 	 0.0454 	 0.9952 	 33.8570 	 6.8522 	 2.3198 	 1.6996 	 9.3605 	 0.0000 	 4.2373 	 424.6628 	 5.0000 	 0.9747 	 0.3645 	 0.6813 	 11.0524 	 3.6995 	 1.5769 	 1.5880 	 -2.5337 	 0.0000 	 1.9044 	 0.0069 
3.0000 	 0.0070 	 0.1286 	 0.8778 	 49.9643 	 0.0003 	 9.5103 	 4.6615 	 6.3083 	 0.0000 	 4.3109 	 424.0622 	 3.0000 	 0.4666 	 0.4221 	 0.6890 	 1.4752 	 5.1520 	 3.6390 	 0.0693 	 0.9148 	 0.0000 	 2.7260 	 0.0003 
10.0000 	 0.0768 	 0.8043 	 0.8534 	 1.2630 	 0.0000 	 0.7888 	 1.7278 	 9.2746 	 0.0000 	 4.3366 	 424.6969 	 10.0000 	 0.7981 	 0.8349 	 0.9661 	 7.2277 	 3.8751 	 0.1357 	 1.2633 	 2.7645 	 0.0000 	 1.6288 	 0.0018 
16.0000 	 0.1123 	 0.3848 	 0.7524 	 2.7057 	 0.5653 	 0.0024 	 5.3296 	 7.5680 	 0.0000 	 4.3001 	 424.0643 	 16.0000 	 0.0590 	 0.1844 	 0.0202 	 4.3457 	 4.9256 	 4.4825 	 2.8073 	 1.6777 	 0.0000 	 0.7823 	 0.0003 
9.0000 	 0.4912 	 0.9713 	 1.0000 	 43.9443 	 0.0008 	 6.0141 	 0.9689 	 10.0000 	 0.0000 	 4.3155 	 424.0802 	 9.0000 	 0.5932 	 0.4036 	 0.0027 	 9.2833 	 7.1401 	 3.9358 	 0.6968 	 1.4985 	 0.0000 	 2.9819 	 0.0006 
2.0000 	 0.0017 	 0.1172 	 0.9669 	 37.6930 	 0.7069 	 6.8272 	 2.4674 	 8.5086 	 0.0000 	 4.3128 	 424.2647 	 2.0000 	 0.3232 	 0.9782 	 0.9551 	 13.2568 	 6.2516 	 4.3863 	 0.5018 	 0.3737 	 0.0000 	 1.7643 	 0.0013 
8.0000 	 0.0048 	 0.0527 	 1.0000 	 18.2168 	 5.8011 	 1.8636 	 2.3125 	 8.5984 	 0.0000 	 4.2119 	 424.9734 	 8.0000 	 0.4832 	 0.5196 	 0.1276 	 6.1422 	 8.5792 	 9.6516 	 2.8079 	 0.1269 	 0.0000 	 0.8291 	 0.0176 
15.0000 	 0.0010 	 0.1462 	 0.3037 	 10.9798 	 0.0006 	 2.1203 	 2.1657 	 8.8149 	 0.0000 	 4.3486 	 424.0930 	 15.0000 	 0.0435 	 0.5689 	 0.7308 	 13.9714 	 3.8061 	 5.8554 	 2.8057 	 0.3224 	 0.0000 	 2.3871 	 0.0007 
9.0000 	 0.0074 	 0.1705 	 0.7420 	 7.3364 	 0.0000 	 4.2116 	 1.1218 	 9.8353 	 0.0000 	 4.3024 	 424.0720 	 9.0000 	 0.3130 	 0.7162 	 0.1858 	 2.5647 	 6.4616 	 7.8351 	 1.0025 	 -0.2292 	 0.0000 	 2.1296 	 0.0011 
20.0000 	 0.1736 	 0.0530 	 0.8770 	 13.8003 	 0.0103 	 9.3536 	 1.0735 	 9.8801 	 0.0000 	 4.2984 	 424.0807 	 20.0000 	 0.4143 	 0.9431 	 0.7514 	 9.4761 	 0.0899 	 1.2796 	 1.9721 	 1.0178 	 0.0000 	 0.1448 	 0.0014 
6.0000 	 0.0037 	 0.0284 	 0.8419 	 47.1097 	 0.0107 	 8.7262 	 0.8811 	 10.0000 	 0.0000 	 4.2925 	 424.1638 	 6.0000 	 0.7491 	 0.1231 	 0.6913 	 13.1753 	 9.9528 	 1.9941 	 0.6031 	 2.8861 	 0.0000 	 0.2780 	 0.0037 
5.0000 	 0.0040 	 0.8062 	 0.7476 	 43.7579 	 0.0869 	 4.0186 	 4.6132 	 6.3334 	 0.0000 	 4.2981 	 424.0608 	 5.0000 	 0.7605 	 0.4262 	 0.3771 	 4.4389 	 3.8618 	 2.8426 	 0.1667 	 1.8003 	 0.0000 	 1.1672 	 0.0002 
12.0000 	 0.0046 	 0.4232 	 1.0000 	 1.0000 	 0.4603 	 8.6860 	 1.2065 	 9.7878 	 0.0000 	 4.3573 	 424.5495 	 12.0000 	 0.0757 	 0.7556 	 0.9503 	 14.4178 	 9.5858 	 0.9385 	 0.2958 	 2.3000 	 0.0000 	 1.3179 	 0.0129 
6.0000 	 0.9933 	 0.0010 	 0.6333 	 6.6934 	 0.0000 	 3.8092 	 5.1413 	 7.8354 	 0.0000 	 7.4010 	 453.0864 	 6.0000 	 0.7754 	 0.9308 	 0.4025 	 8.6782 	 3.2527 	 9.5703 	 2.6543 	 -1.5144 	 0.0000 	 2.6458 	 0.7597 
4.0000 	 0.0050 	 0.3451 	 0.8428 	 10.0043 	 0.5894 	 2.0336 	 4.7573 	 6.2040 	 0.0000 	 4.3252 	 424.0718 	 4.0000 	 0.9227 	 0.4938 	 0.8743 	 11.1013 	 4.6258 	 3.5384 	 2.4328 	 -0.6464 	 0.0000 	 2.7295 	 0.0005 
1.0000 	 0.0010 	 0.6153 	 0.7618 	 9.4697 	 2.2335 	 0.1608 	 3.4184 	 8.7910 	 0.0000 	 4.2581 	 431.3657 	 1.0000 	 0.3367 	 0.5013 	 0.7156 	 2.2772 	 4.0206 	 4.7810 	 1.5065 	 1.5860 	 0.0000 	 0.0061 	 0.0186 
18.0000 	 0.9966 	 0.0139 	 0.0316 	 1.9396 	 7.0947 	 0.0635 	 2.0625 	 7.3008 	 0.0000 	 7.1885 	 530.0648 	 18.0000 	 0.9983 	 0.5850 	 0.0552 	 14.5097 	 7.9723 	 5.3984 	 0.6385 	 -2.9330 	 0.0000 	 0.6050 	 0.7206 
5.0000 	 0.9813 	 0.0011 	 0.2956 	 1.0646 	 0.9311 	 5.6285 	 0.0685 	 9.7142 	 0.0000 	 3.9784 	 442.1983 	 5.0000 	 0.2678 	 0.5842 	 0.0786 	 4.8480 	 8.5315 	 3.1242 	 2.0530 	 1.4992 	 0.0000 	 0.2395 	 0.9926 
12.0000 	 0.0804 	 0.1583 	 0.6892 	 42.6159 	 0.0000 	 9.3775 	 6.7403 	 4.2113 	 0.0000 	 4.2960 	 424.0594 	 12.0000 	 0.4176 	 0.6407 	 0.7092 	 4.8997 	 1.2261 	 9.7059 	 2.0508 	 0.6192 	 0.0000 	 1.5348 	 0.0002 
3.0000 	 0.0473 	 0.3147 	 0.9990 	 11.4427 	 1.2415 	 0.0001 	 3.9850 	 8.4479 	 0.0000 	 4.2927 	 424.1635 	 3.0000 	 0.7377 	 0.4156 	 0.3686 	 10.0510 	 2.4097 	 0.4368 	 1.7942 	 0.0540 	 0.0000 	 0.6583 	 0.0044 
2.0000 	 0.4463 	 0.0010 	 0.0048 	 1.0004 	 9.0325 	 9.3666 	 0.1890 	 9.9599 	 0.0000 	 4.1231 	 471.2329 	 2.0000 	 0.3880 	 0.1511 	 0.4180 	 12.7484 	 5.3596 	 3.5873 	 0.5642 	 -0.3017 	 0.0000 	 0.9609 	 0.9925 
9.0000 	 0.1407 	 0.7310 	 0.9855 	 12.8733 	 4.8880 	 3.5214 	 10.0000 	 0.9399 	 0.0000 	 4.2966 	 425.3045 	 9.0000 	 0.0713 	 0.5206 	 0.7585 	 3.6702 	 8.6620 	 9.8478 	 2.9010 	 -1.7333 	 0.0000 	 2.6927 	 0.0004 
16.0000 	 0.0115 	 0.6168 	 0.4448 	 7.3516 	 3.5804 	 7.9307 	 1.5587 	 9.4144 	 0.0000 	 4.2900 	 424.2469 	 16.0000 	 0.8445 	 0.7680 	 0.8321 	 11.9883 	 5.1137 	 5.3001 	 2.1684 	 -1.8793 	 0.0000 	 0.9668 	 0.0002 
9.0000 	 0.0060 	 0.0213 	 1.0000 	 37.1845 	 7.9688 	 2.7392 	 0.9457 	 9.9997 	 0.0000 	 4.2593 	 424.7286 	 9.0000 	 0.1771 	 0.2491 	 0.9809 	 13.4757 	 0.8460 	 8.2460 	 0.7127 	 -1.5134 	 0.0000 	 2.2706 	 0.0116 
15.0000 	 0.0609 	 0.1038 	 0.5767 	 47.2000 	 0.0000 	 10.0000 	 0.9517 	 9.9971 	 0.0000 	 4.3032 	 424.0604 	 15.0000 	 0.3347 	 0.0532 	 0.3609 	 12.3309 	 6.5799 	 5.5911 	 1.3724 	 -0.4336 	 0.0000 	 1.7782 	 0.0003 
6.0000 	 0.0035 	 0.5936 	 0.7826 	 38.9628 	 5.1712 	 6.3933 	 1.0174 	 9.9939 	 0.0000 	 4.3061 	 424.1725 	 6.0000 	 0.1596 	 0.2498 	 0.9294 	 12.2074 	 7.4402 	 4.2432 	 1.3432 	 1.9463 	 0.0000 	 1.0135 	 0.0003 
5.0000 	 0.0162 	 0.2454 	 0.8883 	 9.7300 	 6.4414 	 0.0002 	 1.5027 	 9.9981 	 0.0000 	 4.3011 	 424.0771 	 5.0000 	 0.0733 	 0.5306 	 0.9133 	 3.5334 	 3.3428 	 8.1338 	 2.9893 	 -2.3985 	 0.0000 	 1.4668 	 0.0013 
3.0000 	 0.0015 	 0.4106 	 0.8219 	 49.9998 	 0.0000 	 10.0000 	 1.2006 	 9.7568 	 0.0000 	 4.3055 	 424.0650 	 3.0000 	 0.1277 	 0.2726 	 0.7904 	 7.0049 	 3.3038 	 9.5506 	 2.9831 	 2.7952 	 0.0000 	 1.1027 	 0.0004 
12.0000 	 0.9847 	 0.0010 	 0.9538 	 1.3691 	 6.8190 	 0.0624 	 2.6810 	 9.8042 	 0.0000 	 4.2230 	 438.6282 	 12.0000 	 0.1230 	 0.8668 	 0.5351 	 9.0916 	 4.1559 	 9.4909 	 1.8489 	 -1.8295 	 0.0000 	 1.4614 	 0.4788 
2.0000 	 0.0126 	 0.9768 	 0.9843 	 3.5143 	 2.3061 	 2.6564 	 0.9836 	 9.9998 	 0.0000 	 4.2985 	 424.0484 	 2.0000 	 0.3771 	 0.9199 	 0.5405 	 9.5552 	 8.9497 	 4.6025 	 2.1461 	 2.3296 	 0.0000 	 1.5527 	 0.0011 
12.0000 	 0.0016 	 0.9886 	 0.4473 	 16.4721 	 0.0429 	 3.0093 	 3.0119 	 7.9365 	 0.0000 	 4.2933 	 424.0599 	 12.0000 	 0.7950 	 0.1922 	 0.6159 	 8.6477 	 3.0789 	 9.9751 	 1.8814 	 0.3673 	 0.0000 	 2.5055 	 0.0003 
10.0000 	 0.0256 	 0.8787 	 0.6340 	 3.9214 	 0.0000 	 1.5979 	 3.4906 	 7.4683 	 0.0000 	 4.3139 	 424.0604 	 10.0000 	 0.1824 	 0.5531 	 0.5105 	 7.3570 	 1.6054 	 0.5949 	 1.5030 	 0.4342 	 0.0000 	 2.9845 	 0.0003 
7.0000 	 0.0650 	 0.3000 	 0.8658 	 49.9800 	 0.0000 	 1.9286 	 1.1612 	 9.7963 	 0.0000 	 4.3071 	 424.0607 	 7.0000 	 0.9818 	 0.9076 	 0.4078 	 12.4281 	 6.8505 	 6.7989 	 0.9642 	 -0.8706 	 0.0000 	 1.6917 	 0.0002 
7.0000 	 0.1210 	 1.0000 	 0.9655 	 1.0000 	 8.5617 	 9.7902 	 2.4153 	 8.7755 	 0.0000 	 4.2928 	 424.7698 	 7.0000 	 0.5830 	 0.1045 	 0.3136 	 9.6227 	 6.1470 	 0.7216 	 0.0576 	 -2.0000 	 0.0000 	 0.0647 	 0.0017 
5.0000 	 0.0043 	 0.4348 	 0.8295 	 4.6734 	 0.0003 	 2.9860 	 1.2785 	 9.6787 	 0.0000 	 4.3071 	 424.0621 	 5.0000 	 0.3422 	 0.8353 	 0.3853 	 13.8695 	 4.1038 	 0.0628 	 2.9098 	 0.2489 	 0.0000 	 0.9370 	 0.0006 
3.0000 	 0.8563 	 0.0377 	 0.2871 	 9.3311 	 0.0000 	 0.0537 	 8.2354 	 3.9463 	 0.0000 	 5.0680 	 523.4864 	 3.0000 	 0.9862 	 0.1162 	 0.6455 	 6.2544 	 0.5085 	 0.0663 	 1.6604 	 -2.4986 	 0.0000 	 2.9810 	 0.3615 
2.0000 	 0.0128 	 1.0000 	 1.0000 	 1.1497 	 1.2672 	 10.0000 	 3.3219 	 7.6288 	 0.0000 	 4.3019 	 424.0618 	 2.0000 	 0.9730 	 0.8347 	 0.6482 	 7.5388 	 0.4026 	 1.2787 	 0.4215 	 2.5653 	 0.0000 	 2.3220 	 0.0003 
50.0000 	 0.0312 	 0.2872 	 1.0000 	 37.7576 	 7.6383 	 7.9497 	 4.6860 	 6.2568 	 0.0000 	 4.2765 	 425.3019 	 50.0000 	 0.2455 	 0.2354 	 0.6372 	 12.8671 	 5.8152 	 7.9241 	 2.8015 	 0.7026 	 0.0000 	 2.6875 	 0.0002 
50.0000 	 0.0031 	 0.1946 	 0.1703 	 9.1389 	 0.0004 	 3.2777 	 4.0068 	 6.9379 	 0.0000 	 4.2979 	 424.0605 	 50.0000 	 0.4882 	 0.8991 	 0.6549 	 1.0208 	 0.7676 	 5.3370 	 2.0140 	 -2.5230 	 0.0000 	 1.2716 	 0.0007 
50.0000 	 0.3265 	 0.1206 	 0.6910 	 4.9162 	 3.8801 	 2.4017 	 0.9905 	 10.0000 	 0.0000 	 4.2965 	 424.1573 	 50.0000 	 0.2183 	 0.1127 	 0.3394 	 12.6619 	 2.2758 	 2.1909 	 0.3886 	 2.8279 	 0.0000 	 1.8777 	 0.0003 
50.0000 	 0.1363 	 0.0735 	 0.6971 	 5.2284 	 3.9761 	 2.2322 	 2.5399 	 8.4857 	 0.0000 	 4.2351 	 424.4121 	 50.0000 	 0.6263 	 0.8937 	 0.5750 	 11.9929 	 2.8569 	 9.2139 	 0.6119 	 -1.8716 	 0.0000 	 2.9082 	 0.0006 
48.0000 	 0.2053 	 0.0463 	 0.4140 	 47.4628 	 4.3467 	 0.0000 	 5.7522 	 7.3267 	 0.0000 	 4.3027 	 424.0605 	 48.0000 	 0.4351 	 0.2016 	 0.1853 	 5.4694 	 8.2930 	 0.9037 	 1.9465 	 0.5775 	 0.0000 	 0.3421 	 0.0003 
48.0000 	 0.0013 	 0.6414 	 0.1286 	 19.5002 	 0.0000 	 3.6314 	 6.3621 	 4.5832 	 0.0000 	 4.3046 	 424.0598 	 48.0000 	 0.8538 	 0.6938 	 0.6190 	 5.9567 	 5.4119 	 4.7695 	 1.6589 	 0.2836 	 0.0000 	 1.7464 	 0.0002 
48.0000 	 0.0140 	 0.9019 	 0.4504 	 1.3033 	 3.6660 	 1.3893 	 7.0588 	 3.8859 	 0.0000 	 4.2981 	 425.3103 	 48.0000 	 0.4681 	 0.3975 	 0.5710 	 10.3281 	 3.2531 	 4.6207 	 1.0369 	 -1.9680 	 0.0000 	 2.1378 	 0.0001 
48.0000 	 0.0043 	 0.2103 	 0.5755 	 1.0001 	 0.0000 	 1.5615 	 2.4935 	 8.3957 	 0.0000 	 4.2748 	 424.1182 	 48.0000 	 0.7312 	 0.3597 	 0.9562 	 8.5196 	 3.1607 	 3.3156 	 1.7596 	 -0.8414 	 0.0000 	 0.4334 	 0.0012 
47.0000 	 0.0658 	 0.3422 	 0.4936 	 1.3837 	 6.8291 	 0.0074 	 1.6220 	 9.9293 	 0.0000 	 4.3010 	 424.0621 	 47.0000 	 0.2831 	 0.0457 	 0.3466 	 5.0847 	 3.1472 	 0.2496 	 1.3398 	 1.6346 	 0.0000 	 2.5667 	 0.0003 
47.0000 	 0.0197 	 0.2916 	 0.8227 	 1.0422 	 8.9156 	 3.2624 	 2.0065 	 8.9315 	 0.0000 	 4.2994 	 425.2588 	 47.0000 	 0.0104 	 0.2592 	 0.8859 	 1.5316 	 7.7530 	 3.8943 	 2.3665 	 -0.6310 	 0.0000 	 1.5820 	 0.0016 
47.0000 	 0.0453 	 0.0205 	 0.3747 	 42.6362 	 0.0000 	 8.1088 	 1.4725 	 9.4967 	 0.0000 	 4.3111 	 424.0604 	 47.0000 	 0.1164 	 0.0041 	 0.4556 	 11.0216 	 3.7342 	 9.4372 	 1.2088 	 2.2333 	 0.0000 	 2.7072 	 0.0003 
47.0000 	 0.0688 	 0.0997 	 0.3254 	 16.6436 	 0.0001 	 9.8150 	 4.4955 	 6.4659 	 0.0000 	 4.3065 	 424.0600 	 47.0000 	 0.4386 	 0.4320 	 0.8786 	 3.0629 	 2.9250 	 5.5882 	 0.9125 	 -0.8566 	 0.0000 	 2.8661 	 0.0002 
44.0000 	 0.0013 	 0.0045 	 0.6013 	 47.4887 	 0.0617 	 9.5984 	 1.3332 	 9.6722 	 0.0000 	 4.3073 	 424.1653 	 44.0000 	 0.4569 	 0.9353 	 0.2953 	 14.5264 	 5.9624 	 4.7008 	 1.5370 	 2.5896 	 0.0000 	 0.1257 	 0.0024 
44.0000 	 0.3996 	 0.2400 	 0.5337 	 50.0000 	 0.0000 	 5.7758 	 0.9627 	 10.0000 	 0.0000 	 4.3051 	 424.0602 	 44.0000 	 0.4249 	 0.3599 	 0.9339 	 3.4730 	 8.9849 	 2.6834 	 2.1550 	 1.0438 	 0.0000 	 2.8151 	 0.0002 
44.0000 	 0.0010 	 0.0041 	 0.0300 	 15.2358 	 0.0000 	 4.5500 	 2.4089 	 8.3562 	 0.0000 	 4.1685 	 456.6058 	 44.0000 	 0.6440 	 0.1411 	 0.5669 	 1.2760 	 7.8248 	 4.9592 	 0.6800 	 0.5239 	 0.0000 	 1.4906 	 0.0431 
44.0000 	 0.0849 	 0.0053 	 0.9652 	 42.3728 	 6.0125 	 5.0443 	 3.8398 	 7.2095 	 0.0000 	 4.2358 	 424.9990 	 44.0000 	 0.8807 	 0.7610 	 0.3965 	 14.9452 	 5.4911 	 3.5203 	 1.5886 	 1.1447 	 0.0000 	 2.7579 	 0.0051 
44.0000 	 0.0018 	 0.0883 	 0.6391 	 8.4320 	 5.8242 	 4.0604 	 6.3789 	 4.5599 	 0.0000 	 4.3005 	 425.3101 	 44.0000 	 0.0958 	 0.1825 	 0.6918 	 14.4407 	 9.6362 	 1.8880 	 2.9416 	 0.7962 	 0.0000 	 2.8982 	 0.0000 
44.0000 	 0.0113 	 0.0372 	 0.5052 	 9.5741 	 0.0000 	 6.3103 	 1.0795 	 9.8805 	 0.0000 	 4.3089 	 424.0651 	 44.0000 	 0.7651 	 0.0580 	 0.2565 	 2.4992 	 0.1951 	 5.5943 	 2.8880 	 -2.6712 	 0.0000 	 0.3111 	 0.0005 
44.0000 	 0.0251 	 0.0610 	 0.2590 	 32.5756 	 0.0000 	 7.1100 	 3.4250 	 7.5267 	 0.0000 	 4.3032 	 424.0592 	 44.0000 	 0.6072 	 0.9874 	 0.7233 	 11.2125 	 5.7960 	 6.9681 	 1.3662 	 -0.1001 	 0.0000 	 2.3290 	 0.0003 
42.0000 	 0.0109 	 0.1451 	 0.5152 	 29.1773 	 8.8534 	 4.4322 	 3.8943 	 7.0974 	 0.0000 	 4.4115 	 425.3654 	 42.0000 	 0.0196 	 0.9364 	 0.1780 	 8.9109 	 8.8704 	 0.3027 	 0.8213 	 -0.8077 	 0.0000 	 2.4831 	 0.0000 
44.0000 	 0.0017 	 0.0429 	 0.6374 	 4.2804 	 4.2964 	 0.0241 	 4.3896 	 8.1417 	 0.0000 	 4.2958 	 424.1462 	 44.0000 	 0.7885 	 0.9025 	 0.7089 	 10.5629 	 7.8897 	 4.5307 	 2.4120 	 -2.8919 	 0.0000 	 0.7337 	 0.0036 
42.0000 	 0.0028 	 0.2548 	 0.5089 	 1.0003 	 5.1628 	 0.0000 	 6.0928 	 7.1121 	 0.0000 	 4.3343 	 424.0950 	 42.0000 	 0.3092 	 0.9002 	 0.0891 	 4.9184 	 4.1714 	 5.9511 	 1.9062 	 -1.5109 	 0.0000 	 1.8622 	 0.0007 
41.0000 	 0.0217 	 0.7915 	 0.8928 	 1.2965 	 9.9374 	 9.2988 	 4.9885 	 5.7551 	 0.0000 	 4.1932 	 425.4534 	 41.0000 	 0.5399 	 0.2386 	 0.3810 	 8.4133 	 1.6991 	 5.9018 	 2.5810 	 -1.3802 	 0.0000 	 2.3015 	 0.0000 
41.0000 	 0.0047 	 0.4400 	 0.1864 	 18.8593 	 0.0000 	 5.1413 	 1.8896 	 9.0785 	 0.0000 	 4.3215 	 424.0634 	 41.0000 	 0.8909 	 0.0010 	 0.9776 	 7.1933 	 8.5226 	 3.8154 	 1.9997 	 0.5951 	 0.0000 	 2.1146 	 0.0003 
39.0000 	 0.0022 	 0.6418 	 0.1540 	 10.6004 	 2.6388 	 7.3966 	 0.9634 	 10.0000 	 0.0000 	 4.2681 	 424.1370 	 39.0000 	 0.8332 	 0.7167 	 0.8250 	 9.6842 	 4.8671 	 1.4997 	 2.7039 	 -1.1730 	 0.0000 	 0.8061 	 0.0003 
39.0000 	 0.1393 	 0.0167 	 0.6573 	 34.0591 	 0.0000 	 6.0019 	 1.6719 	 9.2785 	 0.0000 	 4.3018 	 424.0631 	 39.0000 	 0.8649 	 0.9795 	 0.3022 	 2.9853 	 6.3966 	 8.9110 	 1.2039 	 -1.7686 	 0.0000 	 1.5131 	 0.0002 
41.0000 	 0.0065 	 0.0384 	 0.5572 	 8.3657 	 0.0000 	 5.0430 	 3.9454 	 7.0214 	 0.0000 	 4.3106 	 424.0734 	 41.0000 	 0.2445 	 0.9655 	 0.9979 	 13.3212 	 1.1540 	 7.9678 	 2.6381 	 0.8980 	 0.0000 	 0.2004 	 0.0009 
41.0000 	 0.0034 	 0.0366 	 0.8946 	 4.4930 	 4.0069 	 5.8646 	 2.1315 	 8.8637 	 0.0000 	 4.3656 	 424.7117 	 41.0000 	 0.9356 	 0.1854 	 0.8039 	 5.3595 	 7.3797 	 0.5167 	 0.1713 	 -0.6745 	 0.0000 	 1.6481 	 0.0063 
39.0000 	 0.0832 	 0.0361 	 0.3944 	 44.1752 	 3.9631 	 8.9807 	 2.5333 	 8.4827 	 0.0000 	 4.2752 	 424.4241 	 39.0000 	 0.6577 	 0.5417 	 0.1540 	 12.4046 	 0.7033 	 1.7309 	 0.6208 	 -1.7914 	 0.0000 	 1.9690 	 0.0006 
38.0000 	 0.1502 	 0.1659 	 0.8163 	 5.1670 	 0.0000 	 6.2952 	 7.4279 	 3.4492 	 0.0000 	 4.0456 	 425.4580 	 38.0000 	 0.1127 	 0.5846 	 0.3092 	 7.7169 	 2.4193 	 4.7444 	 2.9105 	 1.2289 	 0.0000 	 1.2305 	 0.0628 
39.0000 	 0.6400 	 0.6221 	 0.7529 	 3.9397 	 0.0000 	 2.5939 	 5.8238 	 5.1267 	 0.0000 	 4.2938 	 424.0616 	 39.0000 	 0.2320 	 0.8236 	 0.3576 	 6.6806 	 2.7762 	 3.1882 	 1.2425 	 -2.1279 	 0.0000 	 2.0410 	 0.0003 
37.0000 	 0.0051 	 0.0039 	 0.8209 	 49.9481 	 4.2045 	 0.0093 	 7.4658 	 6.2289 	 0.0000 	 4.2846 	 424.2576 	 37.0000 	 0.8352 	 0.1705 	 0.2896 	 13.5033 	 6.4561 	 5.5899 	 2.5028 	 -0.2078 	 0.0000 	 0.0206 	 0.0050 
38.0000 	 0.0041 	 0.1587 	 0.9694 	 1.0000 	 0.0672 	 3.3395 	 6.3563 	 4.5369 	 0.0000 	 4.2683 	 424.6200 	 38.0000 	 0.1216 	 0.7262 	 0.2058 	 8.4600 	 6.7135 	 7.3138 	 1.3441 	 -0.8613 	 0.0000 	 0.8493 	 0.0079 
37.0000 	 0.0010 	 0.9999 	 0.1741 	 19.8346 	 0.0000 	 4.0262 	 3.5742 	 7.3800 	 0.0000 	 4.3066 	 424.0597 	 37.0000 	 0.1591 	 0.9036 	 0.6529 	 13.7895 	 6.3931 	 1.2499 	 2.9323 	 0.4687 	 0.0000 	 2.3350 	 0.0009 
37.0000 	 0.0325 	 0.5138 	 0.9996 	 3.5196 	 9.8509 	 9.6504 	 9.9159 	 1.0079 	 0.0000 	 4.2935 	 425.3122 	 37.0000 	 0.5738 	 0.7132 	 0.6740 	 6.4616 	 6.0481 	 7.7168 	 0.1475 	 -1.2698 	 0.0000 	 0.7175 	 0.0000 
35.0000 	 0.0010 	 0.0218 	 0.0028 	 3.5793 	 0.5806 	 0.0150 	 2.2548 	 9.6198 	 0.0000 	 4.3330 	 457.3444 	 35.0000 	 0.1358 	 0.7186 	 0.1798 	 6.7468 	 3.1940 	 4.3427 	 0.9647 	 -1.5007 	 0.0000 	 0.7512 	 0.0455 
37.0000 	 0.0010 	 0.7119 	 0.2450 	 1.0119 	 1.5421 	 0.6123 	 1.3896 	 9.6358 	 0.0000 	 4.2971 	 424.1436 	 37.0000 	 0.9124 	 0.4830 	 0.8723 	 11.6570 	 9.8034 	 0.3284 	 1.3713 	 -1.6743 	 0.0000 	 2.6775 	 0.0003 
35.0000 	 0.0050 	 0.1680 	 0.9418 	 1.0031 	 0.0053 	 8.8838 	 8.5343 	 2.4268 	 0.0000 	 4.2607 	 424.5865 	 35.0000 	 0.0475 	 0.0322 	 0.9463 	 6.6655 	 3.4468 	 3.2917 	 1.1671 	 -1.1194 	 0.0000 	 1.1142 	 0.0090 
35.0000 	 0.0012 	 0.0388 	 0.3066 	 15.5343 	 6.7231 	 0.0081 	 5.5475 	 7.4398 	 0.0000 	 4.3073 	 424.0545 	 35.0000 	 0.4161 	 0.9446 	 0.7299 	 8.1905 	 7.2060 	 2.2969 	 2.1301 	 1.4510 	 0.0000 	 1.5053 	 0.0002 
34.0000 	 0.0010 	 0.2361 	 0.2328 	 6.3887 	 4.1487 	 5.8842 	 1.0512 	 9.9319 	 0.0000 	 4.2936 	 424.1785 	 34.0000 	 0.4245 	 0.8352 	 0.4126 	 7.7258 	 7.9619 	 2.3705 	 2.7498 	 0.5460 	 0.0000 	 1.6887 	 0.0002 
32.0000 	 0.0015 	 0.7096 	 0.5305 	 8.3753 	 9.9473 	 9.5734 	 1.0982 	 9.8410 	 0.0000 	 4.2974 	 425.3106 	 32.0000 	 0.8025 	 0.6030 	 0.9398 	 12.8464 	 9.5910 	 2.1226 	 0.2974 	 -0.0875 	 0.0000 	 0.2707 	 0.0000 
34.0000 	 0.0861 	 0.3150 	 0.3932 	 6.8595 	 0.0000 	 1.3250 	 4.4973 	 6.4561 	 0.0000 	 4.2980 	 424.0597 	 34.0000 	 0.4274 	 0.6401 	 0.8672 	 3.1263 	 7.8380 	 8.6945 	 0.6583 	 0.6655 	 0.0000 	 2.6617 	 0.0004 
35.0000 	 0.6544 	 0.2338 	 0.7876 	 17.5932 	 0.0699 	 3.8783 	 1.1960 	 9.7374 	 0.0000 	 4.2969 	 424.0668 	 35.0000 	 0.6922 	 0.1419 	 0.7250 	 13.5830 	 3.6013 	 4.2396 	 1.0194 	 2.4770 	 0.0000 	 2.9961 	 0.0005 
34.0000 	 0.8410 	 1.0000 	 0.9929 	 10.0285 	 3.0394 	 6.3491 	 4.2218 	 6.8271 	 0.0000 	 4.2921 	 424.5433 	 34.0000 	 0.4334 	 0.1400 	 0.8661 	 9.9515 	 5.1161 	 1.1882 	 0.9092 	 -0.5831 	 0.0000 	 2.3771 	 0.0027 
32.0000 	 0.0772 	 0.1542 	 0.4035 	 13.6800 	 4.9462 	 0.0206 	 1.5135 	 9.9858 	 0.0000 	 4.3004 	 424.0569 	 32.0000 	 0.9420 	 0.3435 	 0.6455 	 10.6296 	 8.4122 	 1.8073 	 0.8699 	 1.7826 	 0.0000 	 1.7163 	 0.0003 
34.0000 	 0.0026 	 0.7451 	 0.5840 	 3.9751 	 9.3846 	 9.9838 	 7.5366 	 3.4052 	 0.0000 	 4.2999 	 425.3110 	 34.0000 	 0.6758 	 0.8095 	 0.0551 	 5.9316 	 5.5536 	 8.8746 	 0.3374 	 -2.3979 	 0.0000 	 2.8672 	 0.0000 
31.0000 	 0.0025 	 0.0074 	 0.5309 	 50.0000 	 9.0285 	 0.0012 	 10.0000 	 4.6626 	 0.0000 	 4.3080 	 424.0703 	 31.0000 	 0.1260 	 0.0657 	 0.6489 	 9.0884 	 6.6249 	 0.2792 	 2.1435 	 -2.1366 	 0.0000 	 0.0415 	 0.0009 
