50.0000 	 0.0026 	 0.1873 	 0.0727 	 44.6970 	 1.3238 	 7.1885 	 5.9727 	 3.9936 	 0.0000 	 2.1661 	 497.8792 	 50.0000 	 0.7136 	 0.0115 	 0.3915 	 14.6698 	 5.1215 	 8.1437 	 1.2877 	 -2.7756 	 0.0000 	 0.2450 	 0.0007 
49.0000 	 0.0801 	 0.2495 	 0.1941 	 49.9892 	 9.6708 	 6.4855 	 1.7948 	 8.7915 	 0.0000 	 3.1266 	 510.3590 	 49.0000 	 0.3987 	 0.2081 	 0.4824 	 8.7567 	 1.5912 	 2.9840 	 2.6508 	 0.9538 	 0.0000 	 1.1132 	 0.0003 
50.0000 	 0.1496 	 0.2384 	 0.2267 	 28.6520 	 1.9089 	 9.2583 	 6.1510 	 3.8418 	 0.0000 	 2.1664 	 497.7827 	 50.0000 	 0.8609 	 0.7786 	 0.6211 	 4.1352 	 1.0501 	 9.6179 	 0.9660 	 0.0340 	 0.0000 	 0.0398 	 0.0006 
50.0000 	 0.0014 	 0.1883 	 0.0888 	 5.5329 	 8.1779 	 6.8897 	 1.9372 	 8.6856 	 0.0000 	 3.2000 	 510.5108 	 50.0000 	 0.9690 	 0.7464 	 0.6864 	 10.7933 	 7.4699 	 8.0648 	 2.8110 	 2.0544 	 0.0000 	 1.6115 	 0.0010 
50.0000 	 0.0169 	 0.0116 	 0.3363 	 25.2603 	 7.8587 	 9.7113 	 1.7684 	 8.8101 	 0.0000 	 3.1239 	 510.3770 	 50.0000 	 0.4593 	 0.5264 	 0.1821 	 13.2210 	 3.1641 	 8.3614 	 2.3563 	 -0.0264 	 0.0000 	 1.6156 	 0.0007 
50.0000 	 0.0021 	 0.0163 	 0.4351 	 7.7310 	 1.2293 	 2.2640 	 7.3758 	 2.7477 	 0.0000 	 2.2137 	 498.7632 	 50.0000 	 0.6784 	 0.0776 	 0.1758 	 13.9619 	 5.7990 	 3.0438 	 1.8032 	 -1.5025 	 0.0000 	 1.1105 	 0.0137 
50.0000 	 0.0399 	 0.1881 	 0.2467 	 3.4819 	 8.4848 	 9.1112 	 1.8008 	 8.7927 	 0.0000 	 3.1258 	 510.3643 	 50.0000 	 0.7178 	 0.7736 	 0.0245 	 1.8724 	 3.7116 	 7.6082 	 1.2878 	 -0.9481 	 0.0000 	 2.0590 	 0.0003 
50.0000 	 0.0015 	 0.0888 	 0.1073 	 10.3428 	 9.6274 	 6.6052 	 1.7893 	 8.8005 	 0.0000 	 3.1297 	 510.3637 	 50.0000 	 0.5437 	 0.6477 	 0.1872 	 8.4149 	 5.3723 	 6.5228 	 1.2879 	 -1.1711 	 0.0000 	 2.4263 	 0.0002 
48.0000 	 0.0011 	 0.7556 	 0.0884 	 8.8964 	 7.1101 	 9.0917 	 1.8036 	 8.7887 	 0.0000 	 3.1287 	 510.3631 	 48.0000 	 0.9479 	 0.4094 	 0.1114 	 5.4508 	 1.0490 	 5.2824 	 1.2708 	 -0.6439 	 0.0000 	 0.7177 	 0.0002 
50.0000 	 0.0178 	 0.1230 	 0.3154 	 2.5233 	 9.9305 	 4.9282 	 1.7845 	 8.7885 	 0.0000 	 3.1264 	 510.3737 	 50.0000 	 0.7170 	 0.2831 	 0.4855 	 11.3836 	 9.7926 	 6.2686 	 2.0923 	 -0.3632 	 0.0000 	 1.6398 	 0.0005 
48.0000 	 0.0010 	 0.5562 	 0.0764 	 4.4663 	 9.9813 	 9.1798 	 1.8053 	 8.7859 	 0.0000 	 3.1222 	 510.3627 	 48.0000 	 0.0753 	 0.5407 	 0.1530 	 8.2909 	 0.1943 	 5.7026 	 2.4926 	 -0.7407 	 0.0000 	 0.6442 	 0.0003 
49.0000 	 0.3025 	 0.5577 	 0.3038 	 15.5494 	 1.9028 	 9.3539 	 6.1213 	 3.8738 	 0.0000 	 2.1634 	 497.7991 	 49.0000 	 0.3310 	 0.2341 	 0.2129 	 7.5720 	 8.4443 	 6.1389 	 1.4392 	 0.4142 	 0.0000 	 1.6176 	 0.0012 
49.0000 	 0.6346 	 0.1991 	 0.6023 	 5.1552 	 2.1197 	 7.6269 	 6.1962 	 3.8083 	 0.0000 	 2.1724 	 497.8001 	 49.0000 	 0.8113 	 0.2638 	 0.4700 	 3.6707 	 6.8952 	 4.5552 	 2.6810 	 2.1403 	 0.0000 	 2.4752 	 0.0015 
50.0000 	 0.0010 	 0.0115 	 0.1761 	 25.1041 	 0.8909 	 7.0864 	 6.1212 	 3.8690 	 0.0000 	 2.1731 	 497.8096 	 50.0000 	 0.2001 	 0.0903 	 0.5221 	 1.0693 	 2.3933 	 4.5153 	 0.3912 	 -1.3790 	 0.0000 	 2.5574 	 0.0018 
47.0000 	 0.0968 	 0.1644 	 0.2020 	 34.3086 	 1.8570 	 8.0348 	 6.2214 	 3.7786 	 0.0000 	 2.1665 	 497.7721 	 47.0000 	 0.4003 	 0.4067 	 0.5130 	 7.2133 	 2.5815 	 2.4877 	 2.1716 	 -1.6348 	 0.0000 	 0.1531 	 0.0006 
49.0000 	 0.2238 	 0.0972 	 0.5579 	 3.7321 	 2.0345 	 9.9781 	 6.0337 	 3.9610 	 0.0000 	 2.1736 	 497.8818 	 49.0000 	 0.6405 	 0.1347 	 0.5250 	 6.1291 	 7.3108 	 7.9966 	 1.9298 	 -0.0620 	 0.0000 	 2.6640 	 0.0026 
49.0000 	 0.0021 	 0.0131 	 0.4066 	 10.8748 	 1.3747 	 9.9977 	 5.7197 	 4.2652 	 0.0000 	 2.1722 	 498.5663 	 49.0000 	 0.7136 	 0.0115 	 0.3915 	 14.6698 	 5.1215 	 8.1437 	 1.2877 	 -2.7756 	 0.0000 	 0.2450 	 0.0129 
48.0000 	 0.0041 	 0.0070 	 0.2569 	 40.0448 	 9.9189 	 9.1194 	 1.8083 	 8.7845 	 0.0000 	 3.1164 	 510.3670 	 48.0000 	 0.5121 	 0.7541 	 0.8273 	 3.5992 	 0.9082 	 8.4558 	 1.4096 	 -0.0233 	 0.0000 	 1.0894 	 0.0005 
50.0000 	 0.0045 	 0.4141 	 0.1354 	 1.4771 	 1.6438 	 9.2460 	 5.9961 	 3.9914 	 0.0000 	 2.1852 	 497.8195 	 50.0000 	 0.9831 	 0.8924 	 0.3480 	 7.7292 	 9.4987 	 7.5905 	 1.2684 	 -1.5789 	 0.0000 	 0.5697 	 0.0006 
48.0000 	 0.0814 	 0.3153 	 0.4115 	 1.0001 	 1.7979 	 8.0816 	 6.2811 	 3.6945 	 0.0000 	 2.1557 	 497.8975 	 48.0000 	 0.1045 	 0.1327 	 0.8155 	 4.3630 	 1.5502 	 1.2451 	 1.3061 	 1.5856 	 0.0000 	 1.1229 	 0.0036 
48.0000 	 0.0022 	 0.1530 	 0.0787 	 49.2450 	 1.9310 	 9.8457 	 5.9791 	 4.0431 	 0.0000 	 2.1735 	 497.7643 	 48.0000 	 0.7716 	 0.1932 	 0.1446 	 10.4170 	 1.0164 	 5.9261 	 1.3871 	 -0.8777 	 0.0000 	 0.5480 	 0.0008 
48.0000 	 0.0018 	 0.0257 	 0.3305 	 6.7625 	 9.9991 	 9.3447 	 1.8913 	 8.7268 	 0.0000 	 3.0996 	 510.5286 	 48.0000 	 0.1893 	 0.1657 	 0.8100 	 1.7534 	 7.2032 	 3.9627 	 1.4042 	 -0.4342 	 0.0000 	 0.9348 	 0.0038 
48.0000 	 0.0015 	 0.5660 	 0.0961 	 1.0977 	 5.7922 	 9.0543 	 1.7971 	 8.7948 	 0.0000 	 3.1256 	 510.3786 	 48.0000 	 0.9144 	 0.2868 	 0.5370 	 4.8873 	 3.1934 	 2.0820 	 1.6129 	 0.7818 	 0.0000 	 1.1332 	 0.0003 
49.0000 	 0.0098 	 0.7305 	 0.1013 	 12.5927 	 1.6465 	 9.9976 	 5.8627 	 4.1459 	 0.0000 	 2.1897 	 498.0172 	 49.0000 	 0.8003 	 0.3302 	 0.9235 	 10.4861 	 0.7951 	 9.3741 	 1.3645 	 -1.9675 	 0.0000 	 1.8393 	 0.0013 
48.0000 	 0.0363 	 0.0436 	 0.1580 	 50.0000 	 1.7692 	 9.9002 	 5.9939 	 4.0004 	 0.0000 	 2.1749 	 497.8213 	 48.0000 	 0.5544 	 0.0972 	 0.1027 	 13.3026 	 7.5500 	 2.4257 	 0.4987 	 -2.9848 	 0.0000 	 2.1478 	 0.0009 
47.0000 	 0.0856 	 0.9998 	 0.1934 	 4.1307 	 1.8355 	 9.9900 	 6.1516 	 3.8286 	 0.0000 	 2.1655 	 497.7987 	 47.0000 	 0.6570 	 0.4472 	 0.4910 	 14.3423 	 0.0835 	 4.5976 	 1.0940 	 1.5607 	 0.0000 	 1.6767 	 0.0008 
48.0000 	 0.0023 	 0.2539 	 0.0773 	 31.1817 	 1.8338 	 8.5651 	 5.9898 	 4.0132 	 0.0000 	 2.1800 	 497.7580 	 48.0000 	 0.5699 	 0.8862 	 0.9102 	 2.9072 	 9.5948 	 1.2722 	 0.6755 	 -1.1390 	 0.0000 	 1.9275 	 0.0006 
47.0000 	 0.0578 	 0.4875 	 0.1710 	 28.7510 	 1.8176 	 9.2388 	 6.1475 	 3.8357 	 0.0000 	 2.1663 	 497.7869 	 47.0000 	 0.5248 	 0.1593 	 0.4772 	 10.0204 	 9.5921 	 2.7685 	 0.0143 	 -0.2233 	 0.0000 	 2.3495 	 0.0007 
48.0000 	 0.0618 	 0.1541 	 0.2747 	 3.9668 	 1.3303 	 1.8417 	 9.2727 	 0.8799 	 0.0000 	 2.3079 	 499.4609 	 48.0000 	 0.0575 	 0.7035 	 0.3739 	 5.7971 	 8.7175 	 8.6292 	 2.0776 	 -0.4528 	 0.0000 	 1.6271 	 0.0068 
49.0000 	 0.0025 	 0.0152 	 0.1494 	 28.6360 	 7.2742 	 9.2169 	 1.8065 	 8.7831 	 0.0000 	 3.1212 	 510.3677 	 49.0000 	 0.4664 	 0.2685 	 0.9336 	 12.2251 	 5.0025 	 0.9026 	 1.6725 	 -0.1818 	 0.0000 	 2.5943 	 0.0003 
46.0000 	 0.0207 	 0.7498 	 0.1613 	 1.0000 	 1.7551 	 9.0175 	 6.2244 	 3.7822 	 0.0000 	 2.1724 	 497.8315 	 46.0000 	 0.8390 	 0.7273 	 0.2235 	 11.6764 	 7.3594 	 4.7112 	 1.5420 	 -2.7289 	 0.0000 	 0.9688 	 0.0011 
49.0000 	 0.0325 	 0.0276 	 0.4815 	 7.0810 	 1.7129 	 9.9980 	 6.0011 	 3.9982 	 0.0000 	 2.1710 	 498.0963 	 49.0000 	 0.6488 	 0.7858 	 0.9034 	 5.9892 	 1.1713 	 8.3636 	 0.1712 	 2.8517 	 0.0000 	 1.6137 	 0.0050 
46.0000 	 0.0633 	 0.6339 	 0.1860 	 3.0984 	 1.8928 	 8.6731 	 6.1148 	 3.8858 	 0.0000 	 2.1740 	 497.7894 	 46.0000 	 0.1052 	 0.6279 	 0.5955 	 8.8802 	 5.9189 	 8.8243 	 1.6333 	 1.1641 	 0.0000 	 2.6203 	 0.0015 
46.0000 	 0.1632 	 0.1455 	 0.2471 	 49.9845 	 1.9229 	 9.2657 	 6.1138 	 3.8749 	 0.0000 	 2.1722 	 497.7810 	 46.0000 	 0.6865 	 0.3391 	 0.4544 	 8.9180 	 6.0888 	 4.2093 	 1.7303 	 -0.1907 	 0.0000 	 1.2831 	 0.0005 
44.0000 	 0.0011 	 0.0837 	 0.0796 	 49.9870 	 9.5024 	 4.9461 	 1.7903 	 8.7909 	 0.0000 	 3.1221 	 510.3616 	 44.0000 	 0.4563 	 0.4734 	 0.8321 	 13.0799 	 3.7071 	 9.7666 	 1.9198 	 0.8556 	 0.0000 	 0.5737 	 0.0002 
47.0000 	 0.0015 	 0.0209 	 0.1061 	 47.1164 	 9.3277 	 4.5332 	 1.8022 	 8.7816 	 0.0000 	 3.1261 	 510.3628 	 47.0000 	 0.1355 	 0.2697 	 0.0391 	 4.1471 	 4.8135 	 6.7893 	 1.7667 	 -1.8381 	 0.0000 	 2.6146 	 0.0006 
46.0000 	 0.0010 	 0.4513 	 0.0940 	 1.0000 	 0.6974 	 9.6556 	 6.0690 	 3.9033 	 0.0000 	 2.1544 	 498.0655 	 46.0000 	 0.3629 	 0.5808 	 0.2059 	 3.7539 	 1.5778 	 4.2751 	 0.9896 	 1.3195 	 0.0000 	 0.4585 	 0.0023 
46.0000 	 0.0066 	 0.0224 	 0.9957 	 4.5956 	 6.0733 	 3.1641 	 2.8826 	 7.8738 	 0.0000 	 3.0930 	 512.0665 	 46.0000 	 0.4222 	 0.7051 	 0.2524 	 2.7794 	 6.4832 	 8.1520 	 2.2569 	 0.8069 	 0.0000 	 0.1383 	 0.0266 
47.0000 	 0.0375 	 0.3162 	 0.3295 	 1.0439 	 1.7039 	 7.8171 	 6.2391 	 3.7464 	 0.0000 	 2.1609 	 497.8557 	 47.0000 	 0.6497 	 0.6299 	 0.9341 	 9.4471 	 5.2736 	 8.5660 	 1.8016 	 1.9639 	 0.0000 	 0.8149 	 0.0020 
45.0000 	 0.0351 	 0.0635 	 0.3725 	 5.1334 	 1.7093 	 9.1017 	 6.1858 	 3.8092 	 0.0000 	 2.1763 	 497.8589 	 45.0000 	 0.7956 	 0.6606 	 0.9038 	 12.2084 	 5.3764 	 4.2673 	 0.2238 	 1.0960 	 0.0000 	 2.3320 	 0.0018 
47.0000 	 0.0223 	 0.1065 	 0.1814 	 9.1127 	 1.7546 	 8.7849 	 6.1587 	 3.8554 	 0.0000 	 2.1832 	 497.8004 	 47.0000 	 0.4922 	 0.8624 	 0.4712 	 11.9710 	 9.2595 	 1.6893 	 1.8700 	 0.8194 	 0.0000 	 0.6470 	 0.0012 
49.0000 	 0.8013 	 0.1285 	 0.7151 	 13.0685 	 2.2640 	 6.8957 	 6.2486 	 3.7602 	 0.0000 	 2.1660 	 497.8187 	 49.0000 	 0.9219 	 0.0849 	 0.2430 	 6.7682 	 1.6093 	 2.9501 	 2.1950 	 2.8062 	 0.0000 	 0.3326 	 0.0030 
45.0000 	 0.0161 	 0.5267 	 0.1354 	 5.2251 	 9.4647 	 0.7483 	 2.6539 	 8.0074 	 0.0000 	 3.1156 	 509.5412 	 45.0000 	 0.6372 	 0.3225 	 0.6141 	 11.9812 	 9.4329 	 0.1139 	 0.3977 	 2.2416 	 0.0000 	 0.4149 	 0.0007 
45.0000 	 0.0010 	 0.3170 	 0.0739 	 33.6298 	 7.8159 	 9.7231 	 1.7747 	 8.8127 	 0.0000 	 3.1162 	 510.3763 	 45.0000 	 0.1482 	 0.3925 	 0.1439 	 4.9278 	 0.6688 	 3.7039 	 0.3857 	 -0.8763 	 0.0000 	 2.0585 	 0.0003 
47.0000 	 0.0052 	 0.4239 	 0.1975 	 1.0000 	 2.0185 	 9.4932 	 6.0111 	 4.0023 	 0.0000 	 2.2149 	 497.8979 	 47.0000 	 0.3148 	 0.7067 	 0.7419 	 2.4946 	 4.1398 	 2.4333 	 0.8389 	 0.5500 	 0.0000 	 0.3085 	 0.0014 
45.0000 	 0.0010 	 0.1695 	 0.3628 	 1.0007 	 7.4192 	 7.7475 	 1.7352 	 8.8307 	 0.0000 	 3.1209 	 510.5555 	 45.0000 	 0.3050 	 0.2688 	 0.1790 	 10.0779 	 0.9831 	 6.6605 	 0.9798 	 0.1279 	 0.0000 	 2.1446 	 0.0037 
44.0000 	 0.0010 	 0.0647 	 0.0013 	 1.0575 	 1.3035 	 1.6970 	 0.8393 	 9.5915 	 0.0000 	 3.3183 	 539.1201 	 44.0000 	 0.4662 	 0.4303 	 0.5104 	 5.3529 	 8.0354 	 3.6489 	 0.9141 	 2.0236 	 0.0000 	 0.1672 	 0.0315 
46.0000 	 0.2978 	 0.0764 	 0.3189 	 50.0000 	 1.9450 	 8.8658 	 6.1474 	 3.8470 	 0.0000 	 2.1663 	 497.7816 	 46.0000 	 0.7943 	 0.9813 	 0.7481 	 1.8547 	 1.5503 	 6.8652 	 1.0793 	 -0.1458 	 0.0000 	 1.7859 	 0.0007 
46.0000 	 0.0028 	 0.4271 	 0.1908 	 1.0520 	 9.9981 	 2.2036 	 1.8156 	 8.7258 	 0.0000 	 3.1179 	 510.2436 	 46.0000 	 0.6536 	 0.8334 	 0.9928 	 14.8633 	 0.0740 	 1.4551 	 0.1200 	 0.3655 	 0.0000 	 0.8210 	 0.0004 
43.0000 	 0.0013 	 0.5045 	 0.9763 	 3.5349 	 9.3651 	 2.3567 	 3.7587 	 6.0113 	 0.0000 	 3.1759 	 525.5215 	 43.0000 	 0.0576 	 0.4427 	 0.8649 	 6.3115 	 4.0736 	 1.2963 	 1.8235 	 1.4298 	 0.0000 	 2.6353 	 0.0000 
47.0000 	 0.2646 	 0.1338 	 0.6058 	 2.6080 	 2.0859 	 9.9563 	 5.9273 	 4.0941 	 0.0000 	 2.1557 	 497.9867 	 47.0000 	 0.6479 	 0.4251 	 0.1016 	 12.7819 	 1.2524 	 8.4627 	 0.0348 	 -2.3293 	 0.0000 	 0.5143 	 0.0032 
44.0000 	 0.1290 	 0.6940 	 0.2447 	 5.1569 	 9.0675 	 0.9756 	 2.4152 	 8.1851 	 0.0000 	 3.1350 	 509.5804 	 44.0000 	 0.7290 	 0.7152 	 0.8091 	 9.5561 	 1.7316 	 9.2983 	 1.4788 	 -1.9283 	 0.0000 	 1.6811 	 0.0006 
46.0000 	 0.0028 	 0.3185 	 0.0813 	 10.2141 	 1.4105 	 10.0000 	 5.8165 	 4.1340 	 0.0000 	 2.1637 	 497.9231 	 46.0000 	 0.9825 	 0.2540 	 0.8241 	 7.8933 	 8.9208 	 2.0409 	 0.0118 	 1.6292 	 0.0000 	 1.1167 	 0.0008 
45.0000 	 0.0035 	 0.0081 	 0.2121 	 38.1260 	 8.2733 	 5.1761 	 1.7903 	 8.7956 	 0.0000 	 3.1317 	 510.3725 	 45.0000 	 0.6747 	 0.1616 	 0.0349 	 9.6056 	 2.0640 	 3.5914 	 0.6354 	 2.3016 	 0.0000 	 1.6548 	 0.0003 
44.0000 	 0.0271 	 0.0768 	 0.1520 	 32.1600 	 1.7361 	 5.6620 	 6.4298 	 3.5828 	 0.0000 	 2.1691 	 497.7932 	 44.0000 	 0.4613 	 0.3555 	 0.6356 	 12.8841 	 8.0458 	 5.5210 	 2.6148 	 1.6522 	 0.0000 	 2.1151 	 0.0008 
44.0000 	 0.0010 	 0.9394 	 0.0674 	 19.9082 	 0.0000 	 0.0034 	 0.0001 	 9.7157 	 0.0000 	 3.2615 	 519.6673 	 44.0000 	 0.7196 	 0.9186 	 0.8337 	 11.2349 	 0.0589 	 0.1697 	 0.5816 	 -0.1722 	 0.0000 	 2.6112 	 0.0003 
43.0000 	 0.0010 	 0.9119 	 0.0579 	 15.9067 	 7.9437 	 9.7836 	 1.7865 	 8.7913 	 0.0000 	 3.1223 	 510.3642 	 43.0000 	 0.9193 	 0.4865 	 0.0208 	 11.0186 	 7.8160 	 9.1265 	 0.7590 	 -0.2895 	 0.0000 	 1.8835 	 0.0002 
46.0000 	 0.7077 	 0.0604 	 0.6525 	 23.1470 	 2.1601 	 9.9761 	 6.0385 	 3.9512 	 0.0000 	 2.1697 	 497.8325 	 46.0000 	 0.4755 	 0.6688 	 0.8839 	 11.2922 	 3.1071 	 1.3608 	 1.3036 	 1.2944 	 0.0000 	 1.4766 	 0.0015 
47.0000 	 0.0010 	 0.0215 	 0.0710 	 35.6624 	 0.6044 	 4.7749 	 6.4435 	 3.5413 	 0.0000 	 2.1525 	 498.3109 	 47.0000 	 0.1291 	 0.8586 	 0.7338 	 5.3358 	 0.8903 	 4.0142 	 0.5953 	 -2.9144 	 0.0000 	 2.3563 	 0.0019 
41.0000 	 0.0167 	 0.9988 	 0.1462 	 17.3754 	 8.1022 	 1.0988 	 2.3732 	 8.2398 	 0.0000 	 3.1130 	 509.6505 	 41.0000 	 0.3531 	 0.1401 	 0.0700 	 7.8542 	 6.1175 	 4.7818 	 1.9791 	 0.8218 	 0.0000 	 1.6839 	 0.0008 
43.0000 	 0.0226 	 0.0099 	 0.4077 	 25.0660 	 1.5134 	 4.5667 	 6.7341 	 3.2839 	 0.0000 	 2.1786 	 498.0027 	 43.0000 	 0.3322 	 0.2365 	 0.7644 	 9.9961 	 6.1729 	 5.9516 	 2.9260 	 0.5019 	 0.0000 	 1.4444 	 0.0048 
45.0000 	 0.0473 	 0.7529 	 0.1662 	 14.1521 	 1.8244 	 8.3849 	 6.1772 	 3.8276 	 0.0000 	 2.1699 	 497.7774 	 45.0000 	 0.0675 	 0.6482 	 0.2408 	 5.9739 	 4.5682 	 1.7077 	 1.3390 	 1.7078 	 0.0000 	 2.5527 	 0.0005 
43.0000 	 0.0029 	 0.0984 	 0.1010 	 19.7763 	 1.9286 	 7.7988 	 6.1287 	 3.9146 	 0.0000 	 2.1693 	 497.7835 	 43.0000 	 0.5186 	 0.9573 	 0.3745 	 2.8199 	 1.4709 	 9.7765 	 0.0773 	 0.0021 	 0.0000 	 1.6872 	 0.0011 
44.0000 	 0.0010 	 0.0934 	 0.2332 	 2.6868 	 1.0354 	 9.9505 	 5.9312 	 4.0477 	 0.0000 	 2.1666 	 497.8883 	 44.0000 	 0.8495 	 0.4948 	 0.4362 	 11.3024 	 5.6893 	 9.4478 	 0.0093 	 2.7246 	 0.0000 	 1.3965 	 0.0022 
43.0000 	 0.0026 	 0.2538 	 0.0885 	 12.1547 	 1.8382 	 8.8129 	 5.9790 	 4.0239 	 0.0000 	 2.1837 	 497.7623 	 43.0000 	 0.8100 	 0.6977 	 0.6411 	 8.7699 	 6.5460 	 3.2431 	 1.5207 	 -0.4311 	 0.0000 	 2.2670 	 0.0005 
44.0000 	 0.0016 	 0.7478 	 0.0955 	 3.7891 	 6.7155 	 0.1805 	 10.0000 	 3.0531 	 0.0000 	 3.0863 	 508.2576 	 44.0000 	 0.8663 	 0.0408 	 0.6958 	 8.6589 	 3.6621 	 8.0037 	 2.6150 	 -0.9326 	 0.0000 	 1.4565 	 0.0011 
44.0000 	 0.0057 	 0.0288 	 0.1713 	 22.8856 	 1.6721 	 6.1182 	 6.1974 	 3.8176 	 0.0000 	 2.1721 	 497.7504 	 44.0000 	 0.3468 	 0.5258 	 0.6847 	 3.1313 	 8.7412 	 8.6341 	 2.7637 	 -2.2833 	 0.0000 	 1.2540 	 0.0010 
43.0000 	 0.0010 	 0.0089 	 0.3741 	 20.7904 	 3.8095 	 5.1929 	 2.0262 	 8.6671 	 0.0000 	 3.2517 	 510.2631 	 43.0000 	 0.5064 	 0.5884 	 0.5781 	 6.1006 	 5.7049 	 1.5195 	 1.9471 	 -1.5809 	 0.0000 	 1.3695 	 0.0069 
42.0000 	 0.0013 	 0.0697 	 0.2170 	 4.1357 	 7.9309 	 5.1851 	 1.7947 	 8.7730 	 0.0000 	 3.1202 	 510.4023 	 42.0000 	 0.3154 	 0.5498 	 0.7525 	 11.1645 	 5.0832 	 8.3095 	 1.0170 	 1.4876 	 0.0000 	 1.1565 	 0.0010 
42.0000 	 0.0010 	 0.0445 	 0.0982 	 1.6478 	 4.5630 	 2.4288 	 2.0843 	 8.8358 	 0.0000 	 3.1676 	 532.5562 	 42.0000 	 0.6576 	 0.6423 	 0.7679 	 2.5276 	 6.3011 	 0.9279 	 0.5540 	 -1.6979 	 0.0000 	 0.5460 	 0.0322 
42.0000 	 0.0291 	 0.0171 	 0.2410 	 46.7889 	 4.0020 	 0.8788 	 3.0459 	 7.4732 	 0.0000 	 3.0931 	 508.8972 	 42.0000 	 0.5593 	 0.9505 	 0.5018 	 3.8276 	 5.7333 	 3.7168 	 2.0442 	 -1.4560 	 0.0000 	 0.9459 	 0.0009 
46.0000 	 0.8433 	 0.5229 	 0.7529 	 48.7365 	 2.5429 	 7.8936 	 6.0437 	 3.9710 	 0.0000 	 2.1822 	 497.8356 	 46.0000 	 0.6722 	 0.9340 	 0.7388 	 1.1441 	 4.4826 	 1.9957 	 2.2077 	 2.6489 	 0.0000 	 1.0486 	 0.0018 
44.0000 	 0.0026 	 0.0232 	 0.1350 	 49.9999 	 3.0173 	 0.1406 	 9.4490 	 2.8953 	 0.0000 	 3.1014 	 508.7381 	 44.0000 	 0.2378 	 0.6592 	 0.2922 	 5.2904 	 6.7124 	 9.5757 	 0.8407 	 -1.3207 	 0.0000 	 0.4659 	 0.0029 
41.0000 	 0.0010 	 0.0101 	 0.1712 	 39.3920 	 7.2765 	 8.9940 	 1.7965 	 8.7911 	 0.0000 	 3.1287 	 510.3815 	 41.0000 	 0.3938 	 0.3766 	 0.1754 	 3.3577 	 4.8068 	 7.6359 	 1.3391 	 -2.3743 	 0.0000 	 0.3529 	 0.0006 
41.0000 	 0.3715 	 0.4814 	 0.3831 	 21.7767 	 2.0660 	 9.3849 	 6.2156 	 3.7689 	 0.0000 	 2.1534 	 497.8127 	 41.0000 	 0.3392 	 0.0241 	 0.9700 	 9.5484 	 6.6142 	 0.4830 	 0.0375 	 1.8322 	 0.0000 	 2.3932 	 0.0010 
41.0000 	 0.0010 	 0.0034 	 0.0027 	 22.4951 	 1.4084 	 0.3893 	 3.9647 	 8.3036 	 0.0000 	 3.1133 	 533.4207 	 41.0000 	 0.4164 	 0.2965 	 0.7729 	 3.2190 	 6.9543 	 7.6932 	 0.5774 	 0.3145 	 0.0000 	 0.0636 	 0.0322 
41.0000 	 0.3902 	 0.9866 	 0.6694 	 41.6315 	 10.0000 	 7.1289 	 9.6299 	 1.1426 	 0.0000 	 3.0663 	 492.4000 	 41.0000 	 0.3578 	 0.9548 	 0.6635 	 5.7041 	 5.3489 	 5.4312 	 2.3859 	 -1.3720 	 0.0000 	 0.9734 	 1.7026 
41.0000 	 0.1112 	 0.1695 	 0.6670 	 1.3584 	 2.2844 	 6.1574 	 6.1683 	 3.9209 	 0.0000 	 2.1991 	 499.2982 	 41.0000 	 0.8231 	 0.3277 	 0.8769 	 5.6806 	 5.3697 	 4.5280 	 2.8991 	 1.2752 	 0.0000 	 2.8883 	 0.0083 
39.0000 	 0.0054 	 0.0735 	 0.7771 	 1.9867 	 3.1479 	 5.5423 	 6.5300 	 3.4756 	 0.0000 	 2.1164 	 503.2940 	 39.0000 	 0.4018 	 0.5276 	 0.1824 	 8.0127 	 6.7352 	 2.3637 	 0.3233 	 -1.2076 	 0.0000 	 1.0356 	 0.0206 
41.0000 	 0.4405 	 0.9322 	 0.4164 	 5.7876 	 2.0494 	 9.9813 	 6.0532 	 3.9321 	 0.0000 	 2.1697 	 497.7932 	 41.0000 	 0.6935 	 0.0504 	 0.8073 	 10.6637 	 9.1860 	 7.1591 	 2.2585 	 2.7899 	 0.0000 	 2.5019 	 0.0012 
41.0000 	 0.0107 	 0.8759 	 0.1240 	 7.9968 	 9.1677 	 8.8114 	 1.8004 	 8.7887 	 0.0000 	 3.1256 	 510.3619 	 41.0000 	 0.9134 	 0.0943 	 0.6215 	 7.9103 	 2.5108 	 4.7890 	 2.2767 	 2.1239 	 0.0000 	 2.6082 	 0.0002 
41.0000 	 0.0010 	 0.1777 	 0.3533 	 1.0519 	 6.5502 	 0.2698 	 6.7841 	 5.2753 	 0.0000 	 3.0868 	 508.5971 	 41.0000 	 0.0975 	 0.9385 	 0.4671 	 1.2759 	 6.6506 	 0.7448 	 1.3383 	 -2.1769 	 0.0000 	 2.9149 	 0.0034 
38.0000 	 0.4106 	 0.6225 	 0.4205 	 49.9835 	 2.0825 	 9.9348 	 6.0660 	 3.9216 	 0.0000 	 2.1707 	 497.7958 	 38.0000 	 0.3250 	 0.8672 	 0.6284 	 12.8161 	 0.5368 	 2.2954 	 2.2283 	 2.0259 	 0.0000 	 1.1285 	 0.0006 
40.0000 	 0.0639 	 0.0921 	 0.4001 	 4.9982 	 10.0000 	 8.5244 	 1.8135 	 8.7816 	 0.0000 	 3.1302 	 510.3698 	 40.0000 	 0.0857 	 0.3658 	 0.0883 	 7.3389 	 0.1752 	 9.5764 	 0.2335 	 1.9715 	 0.0000 	 1.2051 	 0.0005 
40.0000 	 0.0010 	 0.0354 	 0.1750 	 10.6842 	 0.8970 	 4.2918 	 6.5513 	 3.4989 	 0.0000 	 2.1871 	 497.8120 	 40.0000 	 0.7994 	 0.1173 	 0.3926 	 1.1486 	 1.1782 	 7.2984 	 2.2506 	 0.6965 	 0.0000 	 1.2459 	 0.0020 
38.0000 	 0.0779 	 0.2479 	 0.2999 	 3.7590 	 0.8631 	 0.1160 	 8.6475 	 3.6032 	 0.0000 	 3.1917 	 512.0090 	 38.0000 	 0.4544 	 0.9579 	 0.5243 	 2.8283 	 9.0947 	 5.7033 	 0.7853 	 2.2360 	 0.0000 	 0.3031 	 0.0009 
45.0000 	 0.0042 	 0.1042 	 0.2270 	 4.5255 	 8.2411 	 9.9031 	 1.8044 	 8.7791 	 0.0000 	 3.1148 	 510.3680 	 45.0000 	 0.6543 	 0.4083 	 0.2331 	 3.1413 	 5.9055 	 5.4198 	 2.8594 	 0.4581 	 0.0000 	 0.4907 	 0.0005 
39.0000 	 0.5042 	 0.1114 	 0.4687 	 34.5227 	 2.0572 	 9.3366 	 6.0547 	 3.9334 	 0.0000 	 2.1681 	 497.7943 	 39.0000 	 0.2643 	 0.6976 	 0.5879 	 2.7845 	 3.8549 	 5.6478 	 2.9587 	 -0.1598 	 0.0000 	 1.7764 	 0.0009 
37.0000 	 0.0010 	 0.0556 	 0.0209 	 1.4395 	 0.6545 	 9.6696 	 2.0723 	 9.0790 	 0.0000 	 3.2917 	 533.3100 	 37.0000 	 0.8898 	 0.3305 	 0.8031 	 1.3941 	 4.3365 	 7.1213 	 1.1344 	 -0.3344 	 0.0000 	 1.0356 	 0.0528 
41.0000 	 0.0093 	 0.0681 	 0.1444 	 19.1218 	 1.6196 	 9.3221 	 6.2992 	 3.7142 	 0.0000 	 2.1762 	 497.7629 	 41.0000 	 0.8327 	 0.7294 	 0.5518 	 14.1981 	 4.1869 	 5.1383 	 2.9024 	 -0.9715 	 0.0000 	 0.2576 	 0.0014 
43.0000 	 0.8443 	 0.9741 	 0.8525 	 8.5071 	 4.9124 	 4.0949 	 5.0346 	 5.2707 	 0.0000 	 2.4759 	 501.9377 	 43.0000 	 0.6725 	 0.9074 	 0.6194 	 13.5860 	 4.3424 	 3.3633 	 2.1612 	 0.5613 	 0.0000 	 2.5823 	 0.0351 
37.0000 	 0.9945 	 0.0012 	 0.0017 	 1.2008 	 0.0955 	 8.8768 	 3.3784 	 9.9836 	 0.0000 	 3.1380 	 538.8116 	 37.0000 	 0.6058 	 0.3544 	 0.9077 	 12.2800 	 4.9951 	 9.9942 	 1.0411 	 -1.9665 	 0.0000 	 0.4076 	 0.3277 
39.0000 	 0.0235 	 0.0603 	 0.1800 	 23.2529 	 1.6435 	 9.9828 	 6.1666 	 3.7857 	 0.0000 	 2.1622 	 497.8284 	 39.0000 	 0.0260 	 0.0715 	 0.4854 	 1.5493 	 9.3299 	 8.9576 	 1.4576 	 2.6532 	 0.0000 	 0.4466 	 0.0008 
40.0000 	 0.0024 	 0.4433 	 0.1471 	 1.0000 	 8.2893 	 8.8277 	 1.7991 	 8.7940 	 0.0000 	 3.1249 	 510.3726 	 40.0000 	 0.9860 	 0.5508 	 0.7739 	 12.2075 	 3.1957 	 3.0011 	 0.6914 	 2.0548 	 0.0000 	 2.2204 	 0.0003 
40.0000 	 0.1891 	 0.3599 	 0.4271 	 1.6531 	 1.9035 	 8.7721 	 6.0410 	 3.9614 	 0.0000 	 2.1960 	 498.0174 	 40.0000 	 0.3783 	 0.2129 	 0.6930 	 6.0637 	 5.5165 	 3.9917 	 2.2777 	 -0.1031 	 0.0000 	 1.6789 	 0.0013 
40.0000 	 0.0010 	 0.1535 	 0.2293 	 1.7712 	 1.0130 	 9.2469 	 6.0071 	 3.9719 	 0.0000 	 2.1787 	 497.9119 	 40.0000 	 0.7365 	 0.1573 	 0.4959 	 5.0860 	 4.0110 	 2.4272 	 1.5156 	 0.4472 	 0.0000 	 1.5604 	 0.0016 
36.0000 	 0.0050 	 0.7327 	 0.1072 	 10.0632 	 4.8605 	 7.6673 	 1.8144 	 8.7780 	 0.0000 	 3.1246 	 510.3874 	 36.0000 	 0.2877 	 0.9695 	 0.2082 	 7.8234 	 6.7758 	 0.3263 	 0.6602 	 2.9819 	 0.0000 	 1.6693 	 0.0003 
43.0000 	 0.4809 	 0.4153 	 0.4356 	 5.7859 	 2.0155 	 6.4814 	 6.2739 	 3.7456 	 0.0000 	 2.1857 	 497.7757 	 43.0000 	 0.4343 	 0.1199 	 0.2088 	 3.6024 	 9.3966 	 6.4049 	 1.3461 	 1.7897 	 0.0000 	 1.6668 	 0.0009 
43.0000 	 0.0113 	 0.0446 	 0.3023 	 7.2697 	 1.6247 	 9.9560 	 6.1374 	 3.8597 	 0.0000 	 2.1644 	 497.8339 	 43.0000 	 0.3306 	 0.4466 	 0.9442 	 3.7224 	 5.2549 	 2.9081 	 0.8438 	 -2.1649 	 0.0000 	 0.3927 	 0.0012 
38.0000 	 0.1100 	 0.3056 	 0.2928 	 4.0204 	 3.3241 	 4.8219 	 2.6847 	 7.9287 	 0.0000 	 3.0258 	 508.3140 	 38.0000 	 0.0466 	 0.3719 	 0.0667 	 2.6178 	 8.9331 	 2.0985 	 1.1605 	 2.1880 	 0.0000 	 2.2257 	 0.0016 
38.0000 	 0.1241 	 0.0422 	 0.2749 	 49.9997 	 1.9178 	 8.6966 	 6.1306 	 3.8587 	 0.0000 	 2.1742 	 497.7826 	 38.0000 	 0.7229 	 0.9282 	 0.9592 	 9.8685 	 9.6272 	 8.1473 	 1.2690 	 -1.3995 	 0.0000 	 1.6752 	 0.0007 
35.0000 	 0.0363 	 0.0103 	 0.3742 	 48.3281 	 9.2289 	 9.0648 	 1.7986 	 8.7837 	 0.0000 	 3.1232 	 510.3678 	 35.0000 	 0.7121 	 0.6545 	 0.0160 	 10.1432 	 9.1432 	 1.6747 	 2.0609 	 0.6635 	 0.0000 	 1.4921 	 0.0004 
42.0000 	 0.7554 	 0.2011 	 0.6710 	 48.7512 	 8.5714 	 0.4078 	 7.8070 	 4.8144 	 0.0000 	 3.0301 	 506.9988 	 42.0000 	 0.7245 	 0.8660 	 0.2582 	 13.9888 	 2.2160 	 4.1574 	 0.0059 	 1.2204 	 0.0000 	 2.7955 	 0.0014 
37.0000 	 0.0089 	 1.0000 	 0.1283 	 22.9364 	 1.8415 	 9.8791 	 6.2765 	 3.7358 	 0.0000 	 2.1778 	 497.7078 	 37.0000 	 0.0898 	 0.6495 	 0.0686 	 9.3976 	 6.2935 	 2.1897 	 2.3434 	 -2.6666 	 0.0000 	 2.9045 	 0.0004 
39.0000 	 0.1390 	 0.8213 	 0.2584 	 29.6733 	 1.9149 	 7.6241 	 6.2250 	 3.7760 	 0.0000 	 2.1643 	 497.7657 	 39.0000 	 0.4012 	 0.2756 	 0.6773 	 6.1757 	 7.6800 	 3.0799 	 2.4280 	 -1.8469 	 0.0000 	 2.9484 	 0.0006 
38.0000 	 0.5252 	 0.2858 	 0.4821 	 36.8378 	 2.0449 	 6.0190 	 6.3388 	 3.6724 	 0.0000 	 2.1731 	 497.7689 	 38.0000 	 0.6159 	 0.7824 	 0.5340 	 11.2403 	 3.0458 	 7.4575 	 2.5235 	 2.7194 	 0.0000 	 2.7609 	 0.0008 
43.0000 	 0.7137 	 0.3760 	 0.4958 	 20.0911 	 0.8545 	 0.9131 	 6.1772 	 4.3799 	 0.0000 	 3.2032 	 508.5846 	 43.0000 	 0.2772 	 0.8482 	 0.9625 	 6.7318 	 2.6701 	 6.1004 	 1.9819 	 -0.4808 	 0.0000 	 2.3058 	 0.1517 
37.0000 	 0.0010 	 0.1683 	 0.0589 	 41.8977 	 7.6496 	 7.2147 	 1.7939 	 8.7941 	 0.0000 	 3.1282 	 510.3666 	 37.0000 	 0.4042 	 0.8228 	 0.5109 	 1.1428 	 5.5390 	 8.9051 	 2.2362 	 -1.9297 	 0.0000 	 2.3301 	 0.0002 
36.0000 	 0.0014 	 0.1509 	 0.5949 	 1.0071 	 7.2575 	 3.2398 	 1.9994 	 8.6794 	 0.0000 	 3.1268 	 511.2947 	 36.0000 	 0.0210 	 0.9412 	 0.0938 	 3.8831 	 1.8757 	 2.5881 	 2.8096 	 2.2940 	 0.0000 	 0.7351 	 0.0105 
39.0000 	 0.0010 	 0.0015 	 0.0086 	 49.9836 	 9.9962 	 2.3009 	 8.9591 	 8.9008 	 0.0000 	 3.1142 	 535.6895 	 39.0000 	 0.0673 	 0.9783 	 0.6531 	 4.7931 	 7.0106 	 5.9721 	 0.7695 	 -2.3729 	 0.0000 	 2.7902 	 0.0358 
39.0000 	 0.0018 	 0.1899 	 0.1218 	 3.6690 	 7.2833 	 6.5866 	 1.7462 	 8.8570 	 0.0000 	 3.1709 	 510.4694 	 39.0000 	 0.6910 	 0.7176 	 0.4741 	 9.5931 	 9.4074 	 2.3045 	 0.7700 	 0.4623 	 0.0000 	 1.7012 	 0.0007 
39.0000 	 0.0071 	 0.2682 	 0.1133 	 22.0509 	 1.6523 	 8.9919 	 6.3670 	 3.6451 	 0.0000 	 2.1778 	 497.7276 	 39.0000 	 0.5489 	 0.0309 	 0.7296 	 5.8146 	 9.5974 	 3.6481 	 1.4107 	 -1.4901 	 0.0000 	 1.0753 	 0.0004 
35.0000 	 0.0116 	 0.3079 	 0.1662 	 4.0440 	 1.6842 	 9.9989 	 6.2505 	 3.7470 	 0.0000 	 2.1712 	 497.7403 	 35.0000 	 0.4586 	 0.7065 	 0.7102 	 3.2450 	 2.2627 	 1.6008 	 1.9549 	 -2.3304 	 0.0000 	 2.8114 	 0.0006 
37.0000 	 0.0017 	 0.4529 	 0.1253 	 2.2536 	 8.5070 	 8.5130 	 1.7928 	 8.7974 	 0.0000 	 3.1283 	 510.3674 	 37.0000 	 0.5503 	 0.9002 	 0.2511 	 2.3971 	 3.3976 	 2.8261 	 0.9165 	 1.5927 	 0.0000 	 0.8461 	 0.0003 
42.0000 	 0.0033 	 0.0424 	 0.1105 	 37.0905 	 1.8415 	 10.0000 	 5.9732 	 4.0384 	 0.0000 	 2.1854 	 497.7717 	 42.0000 	 0.4414 	 0.4650 	 0.2837 	 2.3967 	 2.6630 	 4.6470 	 0.9975 	 2.9392 	 0.0000 	 0.6713 	 0.0005 
37.0000 	 0.0010 	 0.0101 	 0.2936 	 27.2856 	 10.0000 	 6.8922 	 1.7661 	 8.7946 	 0.0000 	 3.1056 	 510.4153 	 37.0000 	 0.9955 	 0.0909 	 0.7438 	 6.5214 	 6.4653 	 2.6878 	 0.3427 	 0.0349 	 0.0000 	 0.6117 	 0.0015 
37.0000 	 0.0058 	 0.0904 	 1.0000 	 1.3080 	 7.2211 	 4.6733 	 1.9515 	 8.7521 	 0.0000 	 3.1224 	 513.0521 	 37.0000 	 0.4361 	 0.8283 	 0.0572 	 3.9242 	 0.9609 	 1.5783 	 0.6040 	 2.7191 	 0.0000 	 0.7665 	 0.0208 
35.0000 	 0.0013 	 0.0080 	 0.3718 	 26.5013 	 1.2499 	 9.9990 	 6.0121 	 3.9414 	 0.0000 	 2.1647 	 498.1218 	 35.0000 	 0.5633 	 0.1305 	 0.7661 	 5.8062 	 2.4415 	 0.7178 	 1.1516 	 -0.5344 	 0.0000 	 2.8518 	 0.0049 
39.0000 	 0.0011 	 0.0668 	 0.0705 	 41.9577 	 6.2148 	 3.3319 	 1.8415 	 8.7335 	 0.0000 	 3.1026 	 510.4169 	 39.0000 	 0.8302 	 0.6843 	 0.6725 	 6.6784 	 7.3686 	 1.5204 	 2.6009 	 -1.2055 	 0.0000 	 0.7317 	 0.0005 
34.0000 	 0.0175 	 0.0196 	 0.2179 	 49.9695 	 1.7185 	 8.1330 	 6.2291 	 3.7904 	 0.0000 	 2.1778 	 497.7636 	 34.0000 	 0.6421 	 0.5821 	 0.5583 	 2.8134 	 9.7530 	 0.8068 	 2.2271 	 2.7815 	 0.0000 	 2.4656 	 0.0010 
39.0000 	 0.5923 	 0.1138 	 0.7917 	 5.2508 	 2.3329 	 9.9998 	 6.0457 	 3.9079 	 0.0000 	 2.1552 	 498.0565 	 39.0000 	 0.4715 	 0.7959 	 0.7146 	 14.2920 	 4.5711 	 3.5341 	 1.2908 	 0.6748 	 0.0000 	 1.4839 	 0.0044 
37.0000 	 0.0132 	 0.2605 	 0.3471 	 1.1514 	 1.7051 	 9.9996 	 5.9449 	 4.0414 	 0.0000 	 2.1587 	 497.9706 	 37.0000 	 0.3386 	 0.0689 	 0.3727 	 1.7793 	 3.0793 	 1.1678 	 2.4161 	 -1.3363 	 0.0000 	 1.2621 	 0.0031 
36.0000 	 0.0033 	 0.4575 	 0.1133 	 4.0687 	 1.9170 	 10.0000 	 6.0092 	 4.0127 	 0.0000 	 2.1856 	 497.7633 	 36.0000 	 0.1674 	 0.0643 	 0.3329 	 1.5265 	 5.7697 	 5.8456 	 1.7634 	 1.7628 	 0.0000 	 2.0155 	 0.0006 
42.0000 	 0.0059 	 0.1753 	 0.2294 	 2.6866 	 8.6847 	 0.9982 	 2.3206 	 8.3100 	 0.0000 	 3.1174 	 509.7306 	 42.0000 	 0.4042 	 0.9358 	 0.3923 	 5.6849 	 0.8184 	 4.5157 	 0.1562 	 -0.9591 	 0.0000 	 2.4068 	 0.0007 
42.0000 	 0.2107 	 0.4535 	 0.4742 	 1.0146 	 2.0151 	 8.5624 	 6.0587 	 3.9457 	 0.0000 	 2.1631 	 497.9977 	 42.0000 	 0.8892 	 0.8606 	 0.2601 	 7.9092 	 4.3542 	 7.8998 	 2.9589 	 -2.8106 	 0.0000 	 0.1863 	 0.0018 
34.0000 	 0.2778 	 0.3527 	 0.3681 	 29.8747 	 1.9878 	 9.7097 	 6.0776 	 3.9103 	 0.0000 	 2.1663 	 497.7881 	 34.0000 	 0.3923 	 0.6614 	 0.2297 	 3.9501 	 2.9526 	 9.3797 	 0.1078 	 2.7815 	 0.0000 	 2.7710 	 0.0012 
35.0000 	 0.0010 	 0.3976 	 0.1535 	 1.0080 	 0.8333 	 8.3979 	 5.9661 	 4.0385 	 0.0000 	 2.1897 	 497.8827 	 35.0000 	 0.9714 	 0.5944 	 0.5449 	 1.5792 	 3.2713 	 7.7759 	 0.1937 	 2.7839 	 0.0000 	 1.8424 	 0.0012 
35.0000 	 0.0016 	 0.5648 	 0.1052 	 1.0175 	 9.9978 	 6.5496 	 1.7975 	 8.7863 	 0.0000 	 3.1202 	 510.3968 	 35.0000 	 0.2701 	 0.8484 	 0.0669 	 5.2633 	 8.9520 	 0.5262 	 0.7697 	 1.9173 	 0.0000 	 1.5813 	 0.0005 
36.0000 	 0.0029 	 0.2484 	 0.1044 	 42.1479 	 1.9421 	 9.6809 	 6.0636 	 3.9557 	 0.0000 	 2.1850 	 497.7622 	 36.0000 	 0.9786 	 0.2130 	 0.1765 	 12.1301 	 1.7418 	 3.8276 	 0.5659 	 0.8373 	 0.0000 	 0.1321 	 0.0008 
34.0000 	 0.2996 	 0.2129 	 0.4057 	 49.9933 	 9.4185 	 0.9803 	 2.5336 	 8.0866 	 0.0000 	 3.1261 	 509.4636 	 34.0000 	 0.4376 	 0.6252 	 0.7040 	 6.0852 	 0.2993 	 6.6961 	 0.0733 	 1.1831 	 0.0000 	 2.6206 	 0.0010 
35.0000 	 0.0010 	 0.0486 	 0.0193 	 1.8164 	 3.9234 	 9.7501 	 2.3076 	 9.1496 	 0.0000 	 3.2844 	 534.5054 	 35.0000 	 0.8941 	 0.1440 	 0.5674 	 13.2692 	 2.5393 	 1.4244 	 0.3577 	 -2.0257 	 0.0000 	 1.7432 	 0.0426 
40.0000 	 0.0174 	 0.9704 	 0.1469 	 26.4740 	 8.7606 	 8.4666 	 1.8107 	 8.7834 	 0.0000 	 3.1247 	 510.3621 	 40.0000 	 0.3036 	 0.8459 	 0.9129 	 4.9296 	 9.5243 	 2.0544 	 0.8155 	 0.9893 	 0.0000 	 2.0414 	 0.0002 
34.0000 	 0.0012 	 0.9588 	 0.0706 	 14.9823 	 9.8022 	 4.6907 	 1.7888 	 8.7954 	 0.0000 	 3.1236 	 510.3657 	 34.0000 	 0.4699 	 0.0978 	 0.7629 	 7.6789 	 4.1213 	 1.5228 	 2.1068 	 -2.0200 	 0.0000 	 1.7466 	 0.0002 
31.0000 	 0.0815 	 0.0947 	 0.2676 	 38.6023 	 9.5621 	 9.9862 	 1.8020 	 8.7893 	 0.0000 	 3.1225 	 510.3614 	 31.0000 	 0.2359 	 0.7635 	 0.1745 	 3.7518 	 3.9929 	 7.6671 	 1.7805 	 0.4955 	 0.0000 	 1.5533 	 0.0002 
40.0000 	 0.0010 	 0.0401 	 0.3283 	 5.3337 	 1.3564 	 9.1062 	 5.9238 	 4.0847 	 0.0000 	 2.1874 	 498.0307 	 40.0000 	 0.5168 	 0.4871 	 0.0335 	 14.9374 	 2.0155 	 1.9218 	 2.0283 	 1.3554 	 0.0000 	 2.4669 	 0.0028 
36.0000 	 0.0087 	 0.5902 	 0.1291 	 8.4810 	 1.7961 	 10.0000 	 6.2544 	 3.7555 	 0.0000 	 2.1706 	 497.7036 	 36.0000 	 0.1406 	 0.1738 	 0.4111 	 5.7675 	 0.9307 	 7.1380 	 1.2381 	 2.1226 	 0.0000 	 2.2834 	 0.0003 
36.0000 	 0.0115 	 0.0159 	 0.2018 	 49.9999 	 1.2299 	 1.9974 	 9.2397 	 0.9138 	 0.0000 	 2.2769 	 499.4107 	 36.0000 	 0.0865 	 0.7681 	 0.9058 	 8.9671 	 0.7134 	 9.9167 	 2.9636 	 -2.1698 	 0.0000 	 2.6613 	 0.0018 
38.0000 	 0.9931 	 0.0011 	 0.0205 	 1.6929 	 6.0955 	 9.9769 	 1.7632 	 9.7723 	 0.0000 	 3.2695 	 545.4754 	 38.0000 	 0.5191 	 0.1026 	 0.8142 	 12.4145 	 8.5742 	 9.6412 	 2.3015 	 -0.8316 	 0.0000 	 1.5299 	 1.7317 
35.0000 	 0.2321 	 0.0295 	 0.3943 	 50.0000 	 1.9786 	 9.8957 	 6.0804 	 3.8965 	 0.0000 	 2.1668 	 497.8017 	 35.0000 	 0.1456 	 0.1633 	 0.3207 	 5.9658 	 6.0048 	 1.3801 	 0.7837 	 -1.0576 	 0.0000 	 1.8971 	 0.0010 
34.0000 	 0.0010 	 0.0675 	 0.2753 	 4.6043 	 9.6264 	 9.9583 	 1.7531 	 8.8067 	 0.0000 	 3.1147 	 510.4168 	 34.0000 	 0.3172 	 0.3082 	 0.1194 	 5.2338 	 1.5240 	 4.7342 	 1.7836 	 -2.7789 	 0.0000 	 1.8874 	 0.0014 
32.0000 	 0.0027 	 0.4304 	 0.1834 	 2.1170 	 9.9484 	 7.2708 	 1.7955 	 8.7935 	 0.0000 	 3.1284 	 510.3654 	 32.0000 	 0.9133 	 0.1174 	 0.5179 	 9.4003 	 6.8869 	 4.3505 	 1.3164 	 0.4178 	 0.0000 	 2.6202 	 0.0003 
32.0000 	 0.8052 	 0.9659 	 0.8038 	 14.0990 	 2.2681 	 3.5429 	 6.9046 	 3.1490 	 0.0000 	 2.1699 	 497.9482 	 32.0000 	 0.1823 	 0.3928 	 0.3835 	 14.8373 	 1.4157 	 1.6985 	 1.2580 	 2.5397 	 0.0000 	 2.0380 	 0.0041 
34.0000 	 0.6966 	 0.1501 	 0.7635 	 8.2130 	 2.3104 	 7.0746 	 6.1551 	 3.8452 	 0.0000 	 2.1880 	 497.8513 	 34.0000 	 0.4442 	 0.7739 	 0.2392 	 11.3470 	 7.6192 	 4.5338 	 0.7893 	 2.7214 	 0.0000 	 2.4146 	 0.0022 
31.0000 	 0.0127 	 0.7806 	 0.1478 	 29.7475 	 1.6009 	 4.7879 	 6.6549 	 3.3767 	 0.0000 	 2.1777 	 497.8588 	 31.0000 	 0.9416 	 0.2527 	 0.4426 	 9.6224 	 4.9527 	 3.7308 	 2.7977 	 1.1270 	 0.0000 	 1.7752 	 0.0006 
32.0000 	 0.0214 	 0.2229 	 0.1715 	 23.7861 	 1.7517 	 7.9944 	 6.2617 	 3.7452 	 0.0000 	 2.1768 	 497.7473 	 32.0000 	 0.6879 	 0.1308 	 0.5408 	 3.3066 	 7.0516 	 4.8269 	 2.9912 	 -1.5722 	 0.0000 	 1.2304 	 0.0006 
36.0000 	 0.2701 	 0.4091 	 0.3622 	 6.4655 	 2.0389 	 9.5382 	 6.0812 	 3.9121 	 0.0000 	 2.1663 	 497.7915 	 36.0000 	 0.5614 	 0.0631 	 0.1175 	 9.9897 	 8.8061 	 3.3851 	 0.6815 	 -1.8151 	 0.0000 	 0.0435 	 0.0006 
38.0000 	 0.0022 	 0.6365 	 0.1099 	 4.2042 	 8.8690 	 9.7080 	 1.7952 	 8.7905 	 0.0000 	 3.1242 	 510.3625 	 38.0000 	 0.3713 	 0.3167 	 0.5753 	 13.9121 	 5.7127 	 5.7743 	 2.4204 	 2.0490 	 0.0000 	 0.5574 	 0.0002 
40.0000 	 0.5234 	 0.0558 	 0.5010 	 39.9850 	 2.0956 	 9.9952 	 6.0409 	 3.9558 	 0.0000 	 2.1798 	 497.8063 	 40.0000 	 0.3815 	 0.7018 	 0.7734 	 12.1474 	 2.6543 	 1.9962 	 0.6586 	 0.7713 	 0.0000 	 0.9326 	 0.0013 
33.0000 	 0.0033 	 0.8803 	 0.1123 	 50.0000 	 1.9036 	 9.5698 	 6.0096 	 4.0015 	 0.0000 	 2.1836 	 497.7597 	 33.0000 	 0.5595 	 0.0415 	 0.8293 	 14.2020 	 5.7475 	 1.7552 	 2.1998 	 -1.8387 	 0.0000 	 0.2844 	 0.0007 
34.0000 	 0.2019 	 0.1347 	 0.3637 	 11.8636 	 1.9012 	 5.3247 	 6.5453 	 3.4656 	 0.0000 	 2.1690 	 497.7875 	 34.0000 	 0.3416 	 0.6946 	 0.1048 	 11.1916 	 8.5031 	 8.1355 	 1.3741 	 -1.5138 	 0.0000 	 1.0471 	 0.0009 
29.0000 	 0.0013 	 0.2101 	 0.0734 	 39.0471 	 9.9977 	 5.6355 	 1.7839 	 8.7980 	 0.0000 	 3.1246 	 510.3644 	 29.0000 	 0.0975 	 0.6952 	 0.5438 	 8.8449 	 9.4435 	 8.8724 	 2.8518 	 -2.1189 	 0.0000 	 1.5874 	 0.0002 
31.0000 	 0.0108 	 0.3467 	 0.1527 	 9.9636 	 1.8152 	 9.4298 	 6.2895 	 3.7308 	 0.0000 	 2.1740 	 497.7054 	 31.0000 	 0.5140 	 0.3291 	 0.5318 	 2.1030 	 4.7075 	 3.4120 	 1.4751 	 -1.7085 	 0.0000 	 1.7557 	 0.0004 
30.0000 	 0.0019 	 0.0870 	 0.1246 	 9.6002 	 6.1607 	 7.4243 	 1.8025 	 8.7900 	 0.0000 	 3.1269 	 510.3819 	 30.0000 	 0.9139 	 0.1947 	 0.9859 	 10.3440 	 3.4698 	 3.7660 	 0.9144 	 -0.7143 	 0.0000 	 1.4014 	 0.0003 
37.0000 	 0.3539 	 0.1489 	 0.6609 	 3.1874 	 2.0204 	 7.4250 	 6.1675 	 3.8416 	 0.0000 	 2.1693 	 497.8830 	 37.0000 	 0.5589 	 0.8408 	 0.1782 	 12.7610 	 8.7758 	 5.0972 	 0.6452 	 1.6090 	 0.0000 	 2.6429 	 0.0026 
33.0000 	 0.0053 	 0.0031 	 0.7659 	 49.9859 	 6.6316 	 5.3588 	 2.0882 	 8.7359 	 0.0000 	 3.1413 	 512.1102 	 33.0000 	 0.8468 	 0.7643 	 0.1517 	 12.2394 	 5.9574 	 2.5013 	 1.6950 	 1.7332 	 0.0000 	 0.2178 	 0.0137 
32.0000 	 0.0068 	 0.0045 	 0.9362 	 45.0594 	 5.4078 	 9.3753 	 8.9818 	 1.1619 	 0.0000 	 2.3281 	 509.9935 	 32.0000 	 0.4564 	 0.7655 	 0.9480 	 14.8476 	 9.0223 	 0.0040 	 0.8714 	 -0.1193 	 0.0000 	 1.9630 	 0.0449 
34.0000 	 0.0114 	 0.5314 	 0.1802 	 1.6894 	 1.6888 	 9.3265 	 6.1985 	 3.8078 	 0.0000 	 2.1429 	 497.9184 	 34.0000 	 0.0637 	 0.2444 	 0.3861 	 2.8976 	 1.1547 	 8.3438 	 0.9173 	 2.1578 	 0.0000 	 2.9608 	 0.0012 
42.0000 	 0.4946 	 0.4081 	 0.7184 	 1.1630 	 2.5946 	 6.2135 	 6.2809 	 3.7581 	 0.0000 	 2.1287 	 499.3842 	 42.0000 	 0.8032 	 0.9582 	 0.3469 	 12.0573 	 7.5064 	 5.6867 	 2.3835 	 1.5743 	 0.0000 	 2.8956 	 0.0041 
38.0000 	 0.0012 	 1.0000 	 0.0908 	 28.7607 	 9.9757 	 9.4997 	 1.7907 	 8.7934 	 0.0000 	 3.1250 	 510.3618 	 38.0000 	 0.8815 	 0.6603 	 0.4537 	 8.6320 	 6.2285 	 2.8899 	 1.4229 	 2.8864 	 0.0000 	 0.2216 	 0.0003 
32.0000 	 0.0035 	 0.5643 	 0.1154 	 49.7293 	 1.8491 	 7.3658 	 6.0355 	 3.9880 	 0.0000 	 2.1823 	 497.7607 	 32.0000 	 0.6322 	 0.6151 	 0.7450 	 8.1733 	 2.0673 	 2.5372 	 0.3702 	 -2.0618 	 0.0000 	 1.3648 	 0.0005 
28.0000 	 0.0040 	 0.4695 	 0.1321 	 25.7335 	 1.8918 	 8.8220 	 5.9642 	 4.0457 	 0.0000 	 2.1819 	 497.7623 	 28.0000 	 0.6566 	 0.5160 	 0.4158 	 5.5508 	 2.3634 	 5.5444 	 0.2763 	 -1.4293 	 0.0000 	 2.5319 	 0.0006 
27.0000 	 0.0082 	 0.0589 	 0.8264 	 3.2310 	 0.6121 	 7.5570 	 6.3064 	 3.4067 	 0.0000 	 3.0543 	 516.1131 	 27.0000 	 0.2949 	 0.4301 	 0.8302 	 14.6826 	 2.3540 	 9.8928 	 1.9197 	 -1.2701 	 0.0000 	 1.2540 	 0.0419 
33.0000 	 0.0011 	 0.0975 	 0.3308 	 2.6078 	 1.2725 	 9.2058 	 5.9828 	 3.9995 	 0.0000 	 2.1467 	 498.1230 	 33.0000 	 0.0683 	 0.3405 	 0.2990 	 4.1128 	 0.5651 	 5.3244 	 1.8665 	 -2.4466 	 0.0000 	 1.3182 	 0.0026 
33.0000 	 0.0010 	 0.1109 	 0.2167 	 3.5344 	 6.4639 	 9.0600 	 1.7905 	 8.8004 	 0.0000 	 3.1244 	 510.4024 	 33.0000 	 0.5823 	 0.0527 	 0.5947 	 12.8128 	 0.3539 	 4.5529 	 2.9212 	 -2.7177 	 0.0000 	 0.8583 	 0.0009 
40.0000 	 0.0174 	 0.4411 	 0.1375 	 9.0837 	 1.7177 	 8.3336 	 6.2568 	 3.7584 	 0.0000 	 2.1794 	 497.7493 	 40.0000 	 0.9589 	 0.3916 	 0.7902 	 13.3137 	 4.5347 	 4.1932 	 2.8916 	 2.5594 	 0.0000 	 2.4883 	 0.0008 
26.0000 	 0.0010 	 0.2033 	 0.0774 	 38.1997 	 7.7291 	 9.4478 	 1.7913 	 8.7997 	 0.0000 	 3.1292 	 510.3657 	 26.0000 	 0.7939 	 0.9965 	 0.8161 	 10.0124 	 3.2912 	 4.0646 	 0.4489 	 -2.7565 	 0.0000 	 2.8636 	 0.0002 
38.0000 	 0.0010 	 0.0334 	 0.3266 	 7.2533 	 6.6654 	 5.6367 	 1.8139 	 8.7835 	 0.0000 	 3.1354 	 510.4192 	 38.0000 	 0.5321 	 0.8665 	 0.1336 	 6.2590 	 9.5895 	 1.1774 	 2.8212 	 -2.0123 	 0.0000 	 0.5818 	 0.0021 
32.0000 	 0.3460 	 0.9972 	 0.4288 	 49.9686 	 2.1379 	 9.5243 	 6.0852 	 3.9142 	 0.0000 	 2.1709 	 497.8017 	 32.0000 	 0.7738 	 0.5373 	 0.9251 	 7.6404 	 2.9280 	 6.7143 	 0.5358 	 1.9198 	 0.0000 	 1.7895 	 0.0016 
37.0000 	 0.0010 	 0.2870 	 0.1951 	 1.1804 	 9.8710 	 0.8194 	 2.2874 	 8.3692 	 0.0000 	 3.1164 	 509.8910 	 37.0000 	 0.5009 	 0.1662 	 0.0172 	 11.8481 	 3.7294 	 3.4199 	 0.0766 	 2.3807 	 0.0000 	 0.7186 	 0.0010 
30.0000 	 0.2221 	 0.1707 	 0.6437 	 2.7297 	 2.0586 	 9.9985 	 6.2122 	 3.7936 	 0.0000 	 2.1691 	 498.0924 	 30.0000 	 0.0305 	 0.0471 	 0.0712 	 8.7627 	 4.9031 	 2.4582 	 2.2403 	 2.0793 	 0.0000 	 2.1258 	 0.0034 
38.0000 	 0.0024 	 0.0136 	 0.1457 	 39.1006 	 9.7483 	 7.1476 	 1.8082 	 8.7832 	 0.0000 	 3.1282 	 510.3645 	 38.0000 	 0.6355 	 0.5534 	 0.8181 	 6.5277 	 4.3761 	 1.7319 	 1.6505 	 -2.5935 	 0.0000 	 1.3812 	 0.0003 
35.0000 	 0.0010 	 0.1108 	 0.3141 	 2.3714 	 8.7827 	 1.3214 	 2.0892 	 8.5623 	 0.0000 	 3.1159 	 510.0497 	 35.0000 	 0.1096 	 0.7051 	 0.4415 	 13.7516 	 5.1024 	 2.6636 	 0.1569 	 -2.7310 	 0.0000 	 0.7520 	 0.0016 
31.0000 	 0.0010 	 0.1598 	 0.1995 	 2.5972 	 0.8964 	 9.9407 	 6.0135 	 3.9590 	 0.0000 	 2.1624 	 497.8846 	 31.0000 	 0.3962 	 0.4558 	 0.1854 	 10.2714 	 1.9949 	 4.0085 	 0.7555 	 -1.7516 	 0.0000 	 2.5116 	 0.0011 
32.0000 	 0.0159 	 0.0261 	 0.3290 	 18.9451 	 9.9593 	 9.5885 	 1.8261 	 8.7734 	 0.0000 	 3.1245 	 510.3713 	 32.0000 	 0.3123 	 0.8076 	 0.2889 	 1.4907 	 6.9327 	 3.2560 	 2.3456 	 -0.5996 	 0.0000 	 1.5137 	 0.0005 
30.0000 	 0.0010 	 0.1931 	 0.2448 	 1.8184 	 1.0470 	 6.9441 	 6.1016 	 3.8847 	 0.0000 	 2.1712 	 497.9647 	 30.0000 	 0.5851 	 0.4413 	 0.9350 	 14.8463 	 2.9976 	 0.5406 	 1.6809 	 -2.3759 	 0.0000 	 2.7088 	 0.0019 
28.0000 	 0.0015 	 0.0055 	 0.3655 	 49.9634 	 1.2343 	 10.0000 	 5.7685 	 4.2248 	 0.0000 	 2.1722 	 498.0977 	 28.0000 	 0.5253 	 0.9212 	 0.9616 	 5.8068 	 4.4547 	 6.1621 	 1.0569 	 -2.7059 	 0.0000 	 0.8020 	 0.0034 
35.0000 	 0.0018 	 0.0255 	 0.1246 	 47.9134 	 8.7720 	 6.9640 	 1.7865 	 8.7963 	 0.0000 	 3.1237 	 510.3648 	 35.0000 	 0.2768 	 0.7421 	 0.2078 	 3.9175 	 5.9729 	 5.3274 	 0.2795 	 0.0292 	 0.0000 	 1.9573 	 0.0002 
36.0000 	 0.1295 	 0.5453 	 0.3208 	 35.7447 	 7.9403 	 9.5440 	 1.7145 	 9.2476 	 0.0000 	 3.4131 	 512.6630 	 36.0000 	 0.0975 	 0.8447 	 0.4650 	 1.5925 	 0.8001 	 9.0683 	 0.8388 	 1.1515 	 0.0000 	 2.7247 	 0.0035 
30.0000 	 0.0192 	 0.0556 	 0.3525 	 8.7554 	 1.6957 	 9.9912 	 6.0567 	 3.9264 	 0.0000 	 2.1764 	 497.9959 	 30.0000 	 0.0644 	 0.2241 	 0.4052 	 9.9177 	 2.3305 	 1.8384 	 1.1419 	 -0.1168 	 0.0000 	 2.6027 	 0.0016 
31.0000 	 0.0042 	 0.2160 	 0.1166 	 41.4712 	 1.3460 	 9.4203 	 5.8960 	 4.0619 	 0.0000 	 2.1625 	 497.9059 	 31.0000 	 0.4057 	 0.9896 	 0.4814 	 7.2638 	 5.1655 	 3.5313 	 1.3738 	 1.5279 	 0.0000 	 2.5852 	 0.0007 
28.0000 	 0.4765 	 0.0010 	 0.0040 	 1.0019 	 6.4651 	 4.5508 	 0.4139 	 9.9999 	 0.0000 	 3.5827 	 655.6232 	 28.0000 	 0.8828 	 0.0804 	 0.0728 	 2.5248 	 3.9476 	 6.8085 	 2.2971 	 1.8212 	 0.0000 	 1.2316 	 0.6979 
32.0000 	 0.3175 	 0.0122 	 0.7039 	 39.1838 	 1.9777 	 5.8448 	 6.3946 	 3.5825 	 0.0000 	 2.1312 	 498.0049 	 32.0000 	 0.8764 	 0.2213 	 0.2902 	 12.4779 	 3.6745 	 6.6334 	 0.7684 	 -2.0007 	 0.0000 	 2.6063 	 0.0040 
30.0000 	 0.7680 	 0.7521 	 0.7845 	 5.4404 	 2.4123 	 9.4950 	 5.9981 	 3.9776 	 0.0000 	 2.1754 	 497.8647 	 30.0000 	 0.1409 	 0.3773 	 0.8227 	 9.6344 	 2.8327 	 9.2599 	 2.0876 	 2.1370 	 0.0000 	 1.8198 	 0.0015 
29.0000 	 0.0566 	 0.3548 	 0.2363 	 13.4591 	 1.8177 	 7.3447 	 6.2637 	 3.7329 	 0.0000 	 2.1643 	 497.7729 	 29.0000 	 0.0133 	 0.1269 	 0.7272 	 11.8707 	 6.9259 	 2.5976 	 2.8056 	 -1.3885 	 0.0000 	 2.5042 	 0.0008 
33.0000 	 0.0117 	 0.0090 	 0.3010 	 49.6427 	 1.5523 	 9.3285 	 6.0313 	 3.9506 	 0.0000 	 2.1751 	 497.8500 	 33.0000 	 0.1606 	 0.3369 	 0.1136 	 2.6966 	 2.7794 	 7.7022 	 2.1089 	 -0.6564 	 0.0000 	 1.0925 	 0.0012 
39.0000 	 0.0010 	 0.2785 	 0.2031 	 1.0414 	 0.9604 	 7.2751 	 6.0520 	 3.9559 	 0.0000 	 2.1914 	 497.8631 	 39.0000 	 0.9885 	 0.7062 	 0.6898 	 2.6361 	 1.2105 	 7.9772 	 1.6989 	 -1.4328 	 0.0000 	 2.4290 	 0.0016 
24.0000 	 0.7212 	 0.9906 	 0.8144 	 8.7017 	 2.5529 	 7.6299 	 6.2242 	 3.7918 	 0.0000 	 2.1758 	 497.8724 	 24.0000 	 0.7139 	 0.4479 	 0.4233 	 7.9366 	 1.6743 	 9.2567 	 0.0125 	 -0.2572 	 0.0000 	 2.8865 	 0.0018 
30.0000 	 0.7784 	 0.9645 	 0.8270 	 2.9517 	 9.9418 	 0.4301 	 0.0002 	 9.9743 	 0.0000 	 3.4308 	 520.3204 	 30.0000 	 0.2055 	 0.8729 	 0.9023 	 6.4982 	 8.6518 	 1.4036 	 1.2035 	 0.2701 	 0.0000 	 1.8102 	 0.0012 
28.0000 	 0.0424 	 0.4120 	 0.2282 	 6.0770 	 1.7784 	 8.9992 	 6.1998 	 3.7951 	 0.0000 	 2.1661 	 497.7936 	 28.0000 	 0.3598 	 0.0765 	 0.3152 	 14.2789 	 1.4739 	 3.7761 	 0.4189 	 2.1949 	 0.0000 	 0.8347 	 0.0008 
30.0000 	 0.0012 	 0.2577 	 0.0871 	 5.2215 	 8.2000 	 5.9145 	 1.8138 	 8.7956 	 0.0000 	 3.1284 	 510.3712 	 30.0000 	 0.2535 	 0.3965 	 0.1645 	 1.1324 	 8.2950 	 0.4003 	 2.1360 	 -1.9080 	 0.0000 	 0.5613 	 0.0004 
28.0000 	 0.0010 	 0.1657 	 0.1535 	 4.0728 	 6.4193 	 8.4304 	 1.7902 	 8.7890 	 0.0000 	 3.1280 	 510.3876 	 28.0000 	 0.4065 	 0.1488 	 0.7948 	 8.1780 	 4.6620 	 3.2062 	 2.4554 	 -2.6485 	 0.0000 	 0.8594 	 0.0005 
25.0000 	 0.0885 	 0.7155 	 0.3125 	 4.0978 	 8.5652 	 9.4621 	 1.7963 	 8.7924 	 0.0000 	 3.1240 	 510.3623 	 25.0000 	 0.5518 	 0.4656 	 0.5291 	 13.5968 	 6.3728 	 9.6676 	 1.0497 	 0.9930 	 0.0000 	 2.4844 	 0.0002 
35.0000 	 0.1205 	 0.0330 	 0.3026 	 50.0000 	 1.9142 	 6.5486 	 6.3311 	 3.6835 	 0.0000 	 2.1655 	 497.7734 	 35.0000 	 0.8121 	 0.7479 	 0.2567 	 14.0300 	 6.8975 	 6.4965 	 0.1451 	 -0.1868 	 0.0000 	 0.8339 	 0.0009 
30.0000 	 0.6596 	 0.1003 	 0.6594 	 49.7113 	 2.2012 	 5.3753 	 6.4052 	 3.6111 	 0.0000 	 2.1776 	 497.7885 	 30.0000 	 0.5066 	 0.8712 	 0.1336 	 8.4633 	 5.9901 	 6.7328 	 1.9981 	 1.6586 	 0.0000 	 0.9713 	 0.0012 
27.0000 	 0.0623 	 0.0408 	 0.3265 	 29.5480 	 1.8640 	 9.3752 	 6.1807 	 3.7958 	 0.0000 	 2.1641 	 497.8240 	 27.0000 	 0.5435 	 0.6328 	 0.8666 	 8.5969 	 3.9109 	 0.5970 	 1.1583 	 1.6000 	 0.0000 	 1.4398 	 0.0009 
25.0000 	 0.0066 	 0.0832 	 0.2218 	 12.7327 	 1.8877 	 9.9711 	 6.0584 	 3.9378 	 0.0000 	 2.1696 	 497.7792 	 25.0000 	 0.1737 	 0.5387 	 0.3597 	 3.0500 	 8.5153 	 7.0530 	 2.6391 	 -0.7091 	 0.0000 	 2.9986 	 0.0010 
27.0000 	 0.0493 	 0.9117 	 0.2366 	 10.9832 	 1.7964 	 7.4830 	 6.2406 	 3.7703 	 0.0000 	 2.1720 	 497.7702 	 27.0000 	 0.0873 	 0.4587 	 0.5618 	 8.6929 	 4.8593 	 0.4539 	 2.2014 	 -2.9299 	 0.0000 	 2.9743 	 0.0006 
23.0000 	 0.0664 	 0.1225 	 0.5025 	 4.5181 	 1.8015 	 6.5115 	 6.3755 	 3.6413 	 0.0000 	 2.1642 	 497.8754 	 23.0000 	 0.2505 	 0.1393 	 0.9287 	 11.7158 	 1.0756 	 2.5615 	 2.9578 	 -2.1906 	 0.0000 	 1.2449 	 0.0025 
28.0000 	 0.0011 	 1.0000 	 0.0732 	 14.7045 	 7.4755 	 7.0356 	 1.8096 	 8.7888 	 0.0000 	 3.1295 	 510.3680 	 28.0000 	 0.1500 	 0.9296 	 0.7731 	 8.7512 	 9.2085 	 7.4316 	 1.0204 	 -0.8543 	 0.0000 	 0.0092 	 0.0002 
33.0000 	 0.4584 	 0.8967 	 0.4826 	 10.6440 	 2.0808 	 9.7808 	 6.0478 	 3.9381 	 0.0000 	 2.1754 	 497.7943 	 33.0000 	 0.5179 	 0.7134 	 0.4997 	 11.2049 	 6.5298 	 2.8813 	 0.8117 	 0.7234 	 0.0000 	 2.2896 	 0.0009 
25.0000 	 0.0011 	 0.1436 	 0.0814 	 41.6629 	 8.5243 	 9.9344 	 1.8052 	 8.7860 	 0.0000 	 3.1237 	 510.3635 	 25.0000 	 0.8965 	 0.8594 	 0.2976 	 13.5544 	 8.8890 	 4.8409 	 0.5168 	 -1.4758 	 0.0000 	 2.9129 	 0.0002 
36.0000 	 0.4808 	 0.5556 	 0.4715 	 49.9844 	 2.0485 	 10.0000 	 6.0764 	 3.9042 	 0.0000 	 2.1704 	 497.7956 	 36.0000 	 0.8343 	 0.5839 	 0.6668 	 9.5055 	 2.3403 	 6.1078 	 2.1870 	 2.9569 	 0.0000 	 1.3830 	 0.0009 
25.0000 	 0.1937 	 0.8047 	 0.4007 	 30.5172 	 8.5415 	 0.2237 	 8.8758 	 3.9483 	 0.0000 	 3.0863 	 508.3665 	 25.0000 	 0.8899 	 0.2218 	 0.7623 	 3.7577 	 1.6566 	 0.7174 	 2.3933 	 -1.4326 	 0.0000 	 2.4187 	 0.0016 
33.0000 	 0.6600 	 0.0189 	 0.8065 	 49.9999 	 2.3544 	 8.9280 	 5.9690 	 4.0292 	 0.0000 	 2.1407 	 498.0283 	 33.0000 	 0.5603 	 0.7874 	 0.7563 	 2.4949 	 7.5538 	 4.6629 	 2.2684 	 2.2092 	 0.0000 	 1.5330 	 0.0032 
29.0000 	 0.0016 	 0.0885 	 0.0912 	 27.3275 	 8.2607 	 9.9702 	 1.7988 	 8.7826 	 0.0000 	 3.1239 	 510.3642 	 29.0000 	 0.9789 	 0.2008 	 0.5162 	 13.3598 	 7.7744 	 1.8667 	 1.1721 	 -0.0251 	 0.0000 	 1.6379 	 0.0002 
29.0000 	 0.0074 	 0.1821 	 0.2142 	 4.4485 	 1.6709 	 9.8950 	 5.9196 	 4.0721 	 0.0000 	 2.1836 	 497.8201 	 29.0000 	 0.5409 	 0.7542 	 0.3920 	 4.1788 	 5.4179 	 8.1836 	 1.8462 	 -1.9109 	 0.0000 	 1.8845 	 0.0006 
28.0000 	 0.0040 	 0.0260 	 0.2005 	 29.1061 	 1.4794 	 9.9537 	 6.5734 	 3.4623 	 0.0000 	 2.1770 	 498.0609 	 28.0000 	 0.4336 	 0.2496 	 0.4388 	 12.8895 	 8.9984 	 2.7140 	 0.4365 	 -1.7509 	 0.0000 	 1.7581 	 0.0027 
34.0000 	 0.0412 	 0.0485 	 0.3532 	 10.6224 	 1.6571 	 7.5629 	 6.1621 	 3.8614 	 0.0000 	 2.1982 	 497.8681 	 34.0000 	 0.2954 	 0.4016 	 0.2633 	 3.3664 	 0.9216 	 0.5860 	 0.5197 	 0.1755 	 0.0000 	 0.0306 	 0.0013 
22.0000 	 0.0224 	 0.0936 	 0.2391 	 33.4517 	 7.7226 	 7.9903 	 1.8092 	 8.7831 	 0.0000 	 3.1260 	 510.3652 	 22.0000 	 0.0435 	 0.6282 	 0.8818 	 12.0459 	 5.4658 	 4.6291 	 0.0448 	 -2.9061 	 0.0000 	 2.9174 	 0.0002 
27.0000 	 0.0031 	 0.1778 	 0.1363 	 43.4469 	 1.4684 	 7.1339 	 8.4559 	 1.5833 	 0.0000 	 2.8874 	 506.8099 	 27.0000 	 0.3662 	 0.3987 	 0.6496 	 9.0585 	 8.4135 	 5.2953 	 1.7504 	 -2.6146 	 0.0000 	 1.6462 	 0.0060 
33.0000 	 0.0223 	 0.6813 	 0.1706 	 3.8920 	 1.7887 	 9.7525 	 6.1185 	 3.8802 	 0.0000 	 2.1650 	 497.7688 	 33.0000 	 0.1940 	 0.1469 	 0.7206 	 4.5087 	 0.5243 	 9.2283 	 2.8759 	 -1.9665 	 0.0000 	 1.5535 	 0.0008 
29.0000 	 0.5839 	 1.0000 	 0.6043 	 20.6491 	 2.1450 	 8.4865 	 6.0852 	 3.9116 	 0.0000 	 2.1769 	 497.7920 	 29.0000 	 0.9761 	 0.4372 	 0.8838 	 7.7565 	 6.1937 	 3.1115 	 2.3393 	 0.8410 	 0.0000 	 0.4361 	 0.0022 
21.0000 	 0.0053 	 0.5602 	 0.2355 	 2.0053 	 3.6472 	 4.0043 	 2.3536 	 8.2018 	 0.0000 	 3.0779 	 509.2182 	 21.0000 	 0.0797 	 0.9047 	 0.9205 	 12.7446 	 4.4724 	 3.1900 	 2.3663 	 -2.3059 	 0.0000 	 0.3987 	 0.0010 
25.0000 	 0.0010 	 0.2076 	 0.2649 	 2.0555 	 7.0935 	 5.2489 	 1.7756 	 8.8004 	 0.0000 	 3.1266 	 510.4537 	 25.0000 	 0.5549 	 0.7057 	 0.5191 	 8.6013 	 8.8751 	 0.9860 	 1.4708 	 -1.2626 	 0.0000 	 1.3243 	 0.0009 
24.0000 	 0.0016 	 0.0082 	 0.3407 	 44.4593 	 5.4087 	 7.4486 	 1.7651 	 8.7623 	 0.0000 	 3.0977 	 510.4763 	 24.0000 	 0.0951 	 0.5037 	 0.6981 	 6.9519 	 2.0232 	 0.5282 	 1.8261 	 -2.7602 	 0.0000 	 1.5726 	 0.0027 
25.0000 	 0.0020 	 0.0114 	 0.3722 	 27.1592 	 2.0853 	 5.1346 	 2.7535 	 7.5386 	 0.0000 	 2.9141 	 507.4125 	 25.0000 	 0.8444 	 0.2056 	 0.7690 	 11.6562 	 9.5687 	 3.0138 	 1.9285 	 -0.7246 	 0.0000 	 1.4062 	 0.0042 
28.0000 	 0.0010 	 0.5152 	 0.0644 	 33.0658 	 0.6187 	 6.0297 	 6.3107 	 3.6855 	 0.0000 	 2.1672 	 498.4218 	 28.0000 	 0.4484 	 0.0821 	 0.8114 	 8.4835 	 9.5373 	 6.4789 	 1.1038 	 -2.5396 	 0.0000 	 1.9469 	 0.0024 
27.0000 	 0.0013 	 0.2611 	 0.3863 	 1.0000 	 9.4585 	 9.7800 	 1.7094 	 8.8726 	 0.0000 	 3.1461 	 510.9734 	 27.0000 	 0.4051 	 0.5542 	 0.0518 	 7.5178 	 9.4413 	 6.4133 	 1.0462 	 1.8080 	 0.0000 	 1.2098 	 0.0057 
25.0000 	 0.0039 	 0.3101 	 0.1532 	 9.9270 	 2.0257 	 9.7888 	 6.4280 	 3.6286 	 0.0000 	 2.2107 	 497.9031 	 25.0000 	 0.7954 	 0.9278 	 0.3848 	 13.2014 	 5.0550 	 3.5261 	 2.4062 	 2.4838 	 0.0000 	 2.2981 	 0.0011 
32.0000 	 0.0151 	 0.6350 	 0.3506 	 14.3678 	 7.8825 	 10.0000 	 5.7432 	 4.3538 	 0.0000 	 2.2480 	 509.4044 	 32.0000 	 0.9077 	 0.1494 	 0.3998 	 3.8273 	 8.0967 	 2.8541 	 1.9438 	 1.9815 	 0.0000 	 0.8114 	 0.0060 
21.0000 	 0.0024 	 0.2288 	 0.1317 	 6.1192 	 7.9833 	 6.0837 	 1.7992 	 8.7908 	 0.0000 	 3.1323 	 510.3701 	 21.0000 	 0.3631 	 0.8309 	 0.0516 	 14.5102 	 3.1526 	 6.4283 	 0.4794 	 -2.7991 	 0.0000 	 1.8541 	 0.0002 
26.0000 	 0.0059 	 0.4316 	 0.1847 	 2.5553 	 1.7840 	 7.0118 	 5.9943 	 4.0129 	 0.0000 	 2.1830 	 497.8097 	 26.0000 	 0.6539 	 0.7205 	 0.5057 	 8.0196 	 9.6302 	 0.4217 	 1.0895 	 -1.7038 	 0.0000 	 2.8735 	 0.0013 
33.0000 	 0.7262 	 0.6529 	 0.6920 	 8.0786 	 2.1988 	 9.9907 	 6.0421 	 3.9406 	 0.0000 	 2.1816 	 497.8379 	 33.0000 	 0.4040 	 0.8565 	 0.5603 	 14.6489 	 6.5871 	 1.5498 	 2.4231 	 2.3531 	 0.0000 	 1.9612 	 0.0011 
36.0000 	 0.0016 	 0.0040 	 0.4201 	 45.5673 	 1.1808 	 1.8912 	 7.9971 	 2.1030 	 0.0000 	 2.1920 	 498.7827 	 36.0000 	 0.9989 	 0.8245 	 0.2129 	 7.6818 	 8.9507 	 3.4940 	 2.0138 	 2.8402 	 0.0000 	 1.8745 	 0.0070 
22.0000 	 0.0114 	 0.2120 	 0.6183 	 5.7590 	 9.7779 	 9.9999 	 5.2494 	 4.9690 	 0.0000 	 2.4599 	 512.1761 	 22.0000 	 0.1341 	 0.4485 	 0.9832 	 8.2145 	 9.1483 	 1.2001 	 2.7803 	 2.1689 	 0.0000 	 2.1649 	 0.0077 
29.0000 	 0.0459 	 0.4112 	 0.4085 	 1.1813 	 2.5733 	 4.8911 	 4.1842 	 6.1991 	 0.0000 	 2.6909 	 503.9971 	 29.0000 	 0.8550 	 0.0836 	 0.7227 	 11.9574 	 2.4591 	 2.8229 	 0.4347 	 1.4608 	 0.0000 	 1.7236 	 0.0025 
26.0000 	 0.0012 	 0.8361 	 0.0781 	 15.1063 	 6.2388 	 9.3586 	 1.8116 	 8.7781 	 0.0000 	 3.1270 	 510.3719 	 26.0000 	 0.8346 	 0.2820 	 0.5754 	 8.9320 	 3.9006 	 3.2983 	 1.1777 	 1.8294 	 0.0000 	 0.8269 	 0.0004 
19.0000 	 0.0014 	 0.0141 	 0.3188 	 34.9187 	 1.0975 	 9.6483 	 5.9018 	 4.0886 	 0.0000 	 2.1767 	 497.9066 	 19.0000 	 0.0525 	 0.2917 	 0.1141 	 12.8338 	 8.4344 	 2.6845 	 1.7706 	 -1.8233 	 0.0000 	 1.4568 	 0.0023 
25.0000 	 0.0010 	 0.0739 	 0.3339 	 47.0984 	 6.7616 	 9.8552 	 9.2143 	 0.8821 	 0.0000 	 2.2108 	 510.3725 	 25.0000 	 0.1361 	 0.8647 	 0.0759 	 11.4772 	 4.2303 	 5.7520 	 2.5681 	 1.2299 	 0.0000 	 0.7469 	 0.0069 
32.0000 	 0.7392 	 0.1145 	 0.7532 	 19.8319 	 2.3168 	 8.4243 	 5.9885 	 3.9879 	 0.0000 	 2.1704 	 497.8509 	 32.0000 	 0.6394 	 0.4190 	 0.5854 	 6.2759 	 5.7297 	 6.3335 	 2.8250 	 -2.0292 	 0.0000 	 1.8219 	 0.0016 
22.0000 	 0.2182 	 0.8258 	 0.4341 	 12.2999 	 2.0072 	 8.6844 	 6.1336 	 3.8535 	 0.0000 	 2.1705 	 497.7769 	 22.0000 	 0.0604 	 0.6764 	 0.2397 	 10.7819 	 3.7479 	 8.1001 	 0.7719 	 1.2718 	 0.0000 	 1.4258 	 0.0007 
30.0000 	 0.0316 	 0.6582 	 0.2679 	 1.0000 	 1.7585 	 9.4319 	 6.1782 	 3.8188 	 0.0000 	 2.1620 	 498.0639 	 30.0000 	 0.4602 	 0.1685 	 0.5323 	 1.6528 	 8.1571 	 9.5715 	 0.1131 	 1.1410 	 0.0000 	 2.4772 	 0.0016 
33.0000 	 0.0041 	 0.4692 	 0.1093 	 13.8859 	 1.3230 	 6.3474 	 6.1197 	 3.8603 	 0.0000 	 2.1615 	 497.8485 	 33.0000 	 0.5964 	 0.2640 	 0.7426 	 7.8957 	 0.8717 	 1.0919 	 1.8815 	 -0.2836 	 0.0000 	 2.5801 	 0.0009 
24.0000 	 0.2282 	 0.2810 	 0.5264 	 3.5636 	 2.0096 	 7.5819 	 6.2147 	 3.7938 	 0.0000 	 2.1745 	 497.7937 	 24.0000 	 0.3318 	 0.5595 	 0.1979 	 4.9793 	 7.7998 	 9.9815 	 0.9131 	 -2.2159 	 0.0000 	 2.6048 	 0.0017 
34.0000 	 0.0020 	 0.9030 	 0.1235 	 3.4842 	 9.9476 	 0.2297 	 7.9058 	 4.6320 	 0.0000 	 3.0954 	 508.3886 	 34.0000 	 0.4884 	 0.6303 	 0.3695 	 13.4745 	 9.2960 	 2.9447 	 0.6303 	 0.1087 	 0.0000 	 1.1703 	 0.0014 
17.0000 	 0.0010 	 0.1601 	 0.4954 	 2.3268 	 4.7481 	 1.2406 	 3.0072 	 7.7189 	 0.0000 	 3.1348 	 509.2122 	 17.0000 	 0.0893 	 0.5270 	 0.8798 	 10.1093 	 2.4738 	 2.6314 	 0.3043 	 -1.3363 	 0.0000 	 1.5203 	 0.0068 
27.0000 	 0.0010 	 0.0232 	 0.3937 	 12.1241 	 1.5369 	 10.0000 	 5.6021 	 4.3647 	 0.0000 	 2.1778 	 498.3538 	 27.0000 	 0.8590 	 0.9481 	 0.3352 	 8.1413 	 0.4138 	 4.7548 	 1.6874 	 2.5186 	 0.0000 	 0.5213 	 0.0046 
31.0000 	 0.0012 	 0.5670 	 0.0786 	 6.2963 	 8.0794 	 6.9335 	 1.7994 	 8.7715 	 0.0000 	 3.0507 	 510.4739 	 31.0000 	 0.4141 	 0.8268 	 0.3734 	 4.1518 	 2.3189 	 5.2022 	 1.2050 	 2.2296 	 0.0000 	 1.3225 	 0.0008 
21.0000 	 0.6174 	 0.2119 	 0.7543 	 50.0000 	 2.4487 	 7.7571 	 6.2231 	 3.7774 	 0.0000 	 2.1793 	 497.7691 	 21.0000 	 0.3449 	 0.2577 	 0.5612 	 7.3379 	 0.2084 	 4.3853 	 1.5882 	 2.2009 	 0.0000 	 2.5086 	 0.0012 
24.0000 	 0.0013 	 0.9991 	 0.0853 	 41.3155 	 9.7146 	 9.5584 	 1.7951 	 8.7884 	 0.0000 	 3.1229 	 510.3619 	 24.0000 	 0.8913 	 0.0975 	 0.1353 	 12.9010 	 0.7643 	 8.2186 	 2.9961 	 -0.0551 	 0.0000 	 0.1093 	 0.0002 
25.0000 	 0.5494 	 0.2343 	 0.7970 	 3.8063 	 2.3767 	 9.1006 	 6.0519 	 3.9508 	 0.0000 	 2.1684 	 498.0139 	 25.0000 	 0.8776 	 0.7301 	 0.9914 	 11.6110 	 9.8510 	 5.8461 	 0.7155 	 2.0012 	 0.0000 	 2.4341 	 0.0038 
22.0000 	 0.0142 	 0.3661 	 0.5036 	 1.0002 	 2.3845 	 9.9996 	 5.0317 	 5.0108 	 0.0000 	 2.2687 	 501.0657 	 22.0000 	 0.6983 	 0.0936 	 0.4998 	 5.1753 	 1.8541 	 7.5101 	 1.7277 	 2.3935 	 0.0000 	 1.0569 	 0.0097 
19.0000 	 0.0079 	 0.3097 	 0.2127 	 5.8972 	 1.4481 	 9.2427 	 5.9338 	 4.0229 	 0.0000 	 2.1677 	 497.8851 	 19.0000 	 0.7467 	 0.3858 	 0.6750 	 13.1443 	 6.5366 	 4.2797 	 2.1051 	 2.4525 	 0.0000 	 0.8854 	 0.0008 
22.0000 	 0.0164 	 0.0950 	 0.2155 	 48.3587 	 1.8798 	 7.7743 	 6.3037 	 3.7169 	 0.0000 	 2.1912 	 497.7357 	 22.0000 	 0.8709 	 0.6149 	 0.2789 	 9.3545 	 4.6665 	 8.7046 	 1.1534 	 2.4947 	 0.0000 	 0.1833 	 0.0006 
31.0000 	 0.0013 	 0.2726 	 0.0731 	 34.4170 	 9.3096 	 7.4351 	 1.7971 	 8.7883 	 0.0000 	 3.1259 	 510.3631 	 31.0000 	 0.2738 	 0.6650 	 0.9923 	 14.4557 	 7.3245 	 5.5870 	 0.4042 	 -1.2567 	 0.0000 	 2.9274 	 0.0002 
16.0000 	 0.5336 	 0.6211 	 0.7788 	 43.5304 	 2.4610 	 9.7821 	 6.0259 	 3.9663 	 0.0000 	 2.1782 	 497.7991 	 16.0000 	 0.7830 	 0.6462 	 0.4322 	 4.7488 	 8.3617 	 4.0100 	 0.0269 	 -0.8215 	 0.0000 	 1.7660 	 0.0014 
17.0000 	 0.0010 	 0.4550 	 0.3466 	 1.0000 	 5.9934 	 5.3474 	 1.8369 	 8.7618 	 0.0000 	 3.1243 	 511.1395 	 17.0000 	 0.8806 	 0.1212 	 0.3288 	 1.8261 	 0.2832 	 6.3130 	 2.1778 	 -1.5706 	 0.0000 	 0.8571 	 0.0030 
23.0000 	 0.0298 	 0.0178 	 0.4954 	 27.7003 	 5.3722 	 1.7227 	 2.3744 	 8.2556 	 0.0000 	 3.1238 	 509.5982 	 23.0000 	 0.7411 	 0.7943 	 0.3140 	 1.2485 	 5.5470 	 8.5506 	 0.7505 	 -2.3775 	 0.0000 	 2.0864 	 0.0026 
31.0000 	 0.0093 	 0.2118 	 0.2847 	 2.2600 	 1.7582 	 9.7833 	 6.0353 	 3.9570 	 0.0000 	 2.1583 	 497.8091 	 31.0000 	 0.5070 	 0.9551 	 0.2416 	 3.1721 	 4.2138 	 3.3767 	 1.3482 	 2.7167 	 0.0000 	 2.3690 	 0.0014 
50.0000 	 0.0179 	 0.0389 	 0.1432 	 49.9986 	 6.8579 	 3.5071 	 2.0596 	 8.6228 	 0.0000 	 3.1397 	 510.2899 	 50.0000 	 0.0953 	 0.8134 	 0.8773 	 10.0726 	 0.0620 	 4.9604 	 0.9327 	 -0.9133 	 0.0000 	 1.7010 	 0.0005 
50.0000 	 0.0010 	 0.0301 	 0.0593 	 49.6996 	 8.8130 	 4.8738 	 1.7887 	 8.7962 	 0.0000 	 3.1278 	 510.3687 	 50.0000 	 0.1123 	 0.5884 	 0.6664 	 4.7700 	 0.0053 	 1.2932 	 1.8162 	 -2.4808 	 0.0000 	 0.6292 	 0.0002 
50.0000 	 0.0010 	 0.0145 	 0.4016 	 9.9700 	 1.5358 	 9.0428 	 6.3352 	 3.6004 	 0.0000 	 2.1318 	 498.5320 	 50.0000 	 0.3813 	 0.8979 	 0.0680 	 4.7889 	 1.8981 	 3.2020 	 2.5688 	 2.6923 	 0.0000 	 1.8515 	 0.0048 
50.0000 	 0.0037 	 0.0872 	 0.1161 	 11.1938 	 1.7021 	 5.7453 	 6.1551 	 3.8586 	 0.0000 	 2.1826 	 497.7482 	 50.0000 	 0.3813 	 0.8979 	 0.0680 	 4.7889 	 1.8981 	 3.2020 	 2.5688 	 2.6923 	 0.0000 	 1.8515 	 0.0005 
50.0000 	 0.0403 	 0.0271 	 0.2904 	 17.6410 	 1.7681 	 8.8084 	 6.2203 	 3.7892 	 0.0000 	 2.1730 	 497.8225 	 50.0000 	 0.5575 	 0.2894 	 0.4114 	 6.8993 	 8.8643 	 5.2508 	 2.3460 	 2.3634 	 0.0000 	 0.6778 	 0.0021 
48.0000 	 0.0048 	 0.0460 	 0.2689 	 7.4338 	 8.3219 	 6.7753 	 1.7955 	 8.7918 	 0.0000 	 3.1249 	 510.3662 	 48.0000 	 0.7225 	 0.3207 	 0.6195 	 12.6093 	 8.3955 	 5.0712 	 1.7149 	 1.4777 	 0.0000 	 2.7345 	 0.0003 
48.0000 	 0.0010 	 0.6606 	 0.0628 	 17.5484 	 9.6031 	 6.6254 	 1.8158 	 8.7607 	 0.0000 	 3.1181 	 510.3827 	 48.0000 	 0.9837 	 0.6966 	 0.7982 	 1.0374 	 8.3635 	 2.9501 	 0.6870 	 1.2635 	 0.0000 	 2.4506 	 0.0007 
48.0000 	 0.0010 	 0.0489 	 0.1747 	 6.1514 	 0.8785 	 9.2203 	 6.0486 	 3.9281 	 0.0000 	 2.1649 	 497.8432 	 48.0000 	 0.8776 	 0.1618 	 0.7857 	 13.9071 	 4.5215 	 1.7543 	 0.7285 	 -0.9586 	 0.0000 	 0.2594 	 0.0018 
47.0000 	 0.0146 	 0.8855 	 0.1214 	 9.9611 	 1.8320 	 9.7468 	 6.1975 	 3.7959 	 0.0000 	 2.1605 	 497.7816 	 47.0000 	 0.6228 	 0.3054 	 0.3594 	 8.4091 	 8.1320 	 8.7511 	 2.6349 	 -2.1993 	 0.0000 	 0.6370 	 0.0009 
47.0000 	 0.0010 	 0.1627 	 0.3218 	 1.0001 	 0.9947 	 1.5216 	 8.7446 	 1.3656 	 0.0000 	 2.1994 	 499.0934 	 47.0000 	 0.6120 	 0.4649 	 0.5786 	 4.8790 	 6.2879 	 5.6510 	 0.0433 	 -1.7869 	 0.0000 	 0.7195 	 0.0038 
46.0000 	 0.0026 	 0.0565 	 0.0876 	 42.1646 	 1.8396 	 9.8371 	 6.0676 	 3.9314 	 0.0000 	 2.1771 	 497.7706 	 46.0000 	 0.6199 	 0.4134 	 0.7469 	 3.5747 	 4.3155 	 9.7722 	 2.3016 	 -0.2234 	 0.0000 	 2.2579 	 0.0007 
48.0000 	 0.6435 	 0.6512 	 0.5463 	 2.1890 	 2.4252 	 9.7241 	 5.6464 	 4.3442 	 0.0000 	 2.1989 	 498.1903 	 48.0000 	 0.7255 	 0.9294 	 0.6007 	 12.5905 	 2.1135 	 8.3480 	 2.2971 	 2.6988 	 0.0000 	 0.1595 	 0.0016 
46.0000 	 0.0872 	 0.2444 	 0.2141 	 15.0945 	 9.8633 	 7.0850 	 1.7977 	 8.8315 	 0.0000 	 3.1742 	 510.3999 	 46.0000 	 0.6989 	 0.6868 	 0.5412 	 11.0179 	 9.1785 	 3.1172 	 1.4541 	 -1.0408 	 0.0000 	 2.2628 	 0.0003 
48.0000 	 0.6587 	 0.1313 	 0.7429 	 5.0274 	 2.2526 	 9.7254 	 6.1450 	 3.8537 	 0.0000 	 2.1843 	 497.9082 	 48.0000 	 0.2456 	 0.0691 	 0.6503 	 7.3802 	 6.2737 	 2.5330 	 0.3786 	 0.6984 	 0.0000 	 2.0308 	 0.0031 
44.0000 	 0.3354 	 0.3035 	 0.3456 	 24.2720 	 2.0093 	 9.9123 	 6.0569 	 3.9339 	 0.0000 	 2.1696 	 497.7903 	 44.0000 	 0.2802 	 0.2851 	 0.8295 	 9.3582 	 5.8927 	 6.9352 	 0.1125 	 2.5483 	 0.0000 	 2.9940 	 0.0007 
47.0000 	 0.0017 	 0.9992 	 0.0963 	 44.9126 	 2.6647 	 9.9998 	 6.5410 	 3.5836 	 0.0000 	 2.2218 	 498.8753 	 47.0000 	 0.5351 	 0.4131 	 0.4905 	 1.0878 	 7.9726 	 1.7320 	 1.2566 	 0.7007 	 0.0000 	 0.5144 	 0.0028 
44.0000 	 0.0594 	 0.0212 	 0.3133 	 27.4356 	 1.7677 	 9.2949 	 6.1686 	 3.8374 	 0.0000 	 2.1709 	 497.8233 	 44.0000 	 0.0418 	 0.2798 	 0.5857 	 9.3890 	 3.9672 	 5.9580 	 1.9455 	 2.6787 	 0.0000 	 1.9696 	 0.0014 
47.0000 	 0.2588 	 0.2868 	 0.9770 	 9.6236 	 9.9946 	 1.9156 	 5.3623 	 4.4206 	 0.0000 	 3.1354 	 525.5481 	 47.0000 	 0.2821 	 0.6092 	 0.3146 	 10.3806 	 9.5871 	 0.1613 	 2.3256 	 1.7451 	 0.0000 	 1.3056 	 0.0001 
44.0000 	 0.0014 	 0.1783 	 0.0772 	 6.3461 	 9.9999 	 8.9280 	 1.7828 	 8.7932 	 0.0000 	 3.1255 	 510.3632 	 44.0000 	 0.7904 	 0.1308 	 0.9482 	 2.9865 	 9.2354 	 6.1977 	 2.6619 	 2.4026 	 0.0000 	 1.0877 	 0.0002 
43.0000 	 0.8216 	 0.9200 	 0.8455 	 4.0666 	 5.6212 	 9.8943 	 4.6550 	 5.4974 	 0.0000 	 2.3928 	 503.1931 	 43.0000 	 0.9259 	 0.5097 	 0.7487 	 10.0508 	 9.8272 	 8.3639 	 2.3103 	 2.2350 	 0.0000 	 1.8072 	 0.0071 
44.0000 	 0.0022 	 0.0429 	 0.1105 	 19.9204 	 6.9177 	 4.1440 	 1.7139 	 8.8003 	 0.0000 	 3.0484 	 510.8031 	 44.0000 	 0.4056 	 0.4211 	 0.7301 	 12.8327 	 7.4463 	 6.5158 	 0.1949 	 -0.2306 	 0.0000 	 2.7550 	 0.0012 
44.0000 	 0.0253 	 0.2275 	 0.1401 	 27.4992 	 1.7099 	 8.7129 	 6.1823 	 3.8210 	 0.0000 	 2.1703 	 497.7862 	 44.0000 	 0.1463 	 0.0459 	 0.0539 	 5.1543 	 2.6444 	 3.1983 	 1.2364 	 2.1474 	 0.0000 	 2.8817 	 0.0006 
41.0000 	 0.0609 	 0.0769 	 0.6291 	 2.7110 	 2.0541 	 7.9087 	 6.3268 	 3.6543 	 0.0000 	 2.1494 	 498.7867 	 41.0000 	 0.8835 	 0.7346 	 0.4922 	 4.0918 	 1.4305 	 9.9539 	 2.9568 	 -0.1892 	 0.0000 	 2.5708 	 0.0125 
44.0000 	 0.1238 	 0.2052 	 0.5226 	 1.5539 	 2.0673 	 8.4267 	 6.0206 	 3.9839 	 0.0000 	 2.1498 	 498.1406 	 44.0000 	 0.4282 	 0.6559 	 0.6562 	 2.8053 	 8.3817 	 0.4735 	 1.0596 	 -1.7353 	 0.0000 	 0.0395 	 0.0039 
41.0000 	 0.0032 	 0.2414 	 0.0885 	 35.1123 	 1.3192 	 7.8925 	 6.0086 	 3.9510 	 0.0000 	 2.1607 	 497.8788 	 41.0000 	 0.1089 	 0.0643 	 0.6889 	 2.4779 	 8.9531 	 4.5015 	 2.1132 	 -0.9803 	 0.0000 	 1.2177 	 0.0009 
41.0000 	 0.2182 	 0.4259 	 0.3056 	 5.7537 	 1.9636 	 9.7430 	 6.0740 	 3.9188 	 0.0000 	 2.1630 	 497.7896 	 41.0000 	 0.9924 	 0.4792 	 0.6980 	 5.3634 	 9.6804 	 2.5880 	 0.3252 	 2.5176 	 0.0000 	 2.1079 	 0.0007 
41.0000 	 0.2353 	 0.0073 	 0.6728 	 46.3211 	 2.2399 	 9.9947 	 5.7378 	 4.3345 	 0.0000 	 2.2092 	 498.2878 	 41.0000 	 0.5142 	 0.8760 	 0.0261 	 1.2758 	 7.9732 	 3.1336 	 2.6283 	 -1.5941 	 0.0000 	 0.0638 	 0.0052 
44.0000 	 0.7841 	 0.2250 	 0.6701 	 39.3918 	 2.3015 	 10.0000 	 6.0692 	 3.9315 	 0.0000 	 2.1769 	 497.7670 	 44.0000 	 0.2561 	 0.3352 	 0.4453 	 5.1239 	 0.8721 	 4.4737 	 1.5603 	 -1.9457 	 0.0000 	 1.2693 	 0.0015 
38.0000 	 0.2606 	 0.4164 	 0.3341 	 28.8191 	 1.9778 	 9.4159 	 6.0805 	 3.9245 	 0.0000 	 2.1774 	 497.7887 	 38.0000 	 0.5272 	 0.6241 	 0.9716 	 13.6006 	 5.7030 	 6.5083 	 0.5212 	 0.6411 	 0.0000 	 2.3874 	 0.0007 
42.0000 	 0.0011 	 0.5959 	 0.0624 	 13.9348 	 7.5801 	 4.7257 	 1.8105 	 8.7760 	 0.0000 	 3.1240 	 510.3735 	 42.0000 	 0.9425 	 0.5826 	 0.1379 	 5.7448 	 2.0174 	 8.1870 	 1.3113 	 -0.7032 	 0.0000 	 0.1603 	 0.0002 
                                                                                                                                                                                                                             44.0000 	 0.0010 	 0.3451 	 0.1232 	 1.1475 	 0.7620 	 9.5610 	 6.3004 	 3.6993 	 0.0000 	 2.1702 	 498.0353 	 44.0000 	 0.5099 	 0.0144 	 0.8123 	 12.6883 	 6.7058 	 7.7053 	 2.5647 	 -1.1744 	 0.0000 	 1.0810 	 0.0015 
37.0000 	 0.0034 	 0.9987 	 0.0974 	 16.7460 	 1.5251 	 6.9396 	 5.8887 	 4.0887 	 0.0000 	 2.1717 	 497.8715 	 37.0000 	 0.9466 	 0.5735 	 0.1803 	 10.2709 	 0.2877 	 5.5176 	 2.9607 	 -0.2726 	 0.0000 	 1.0349 	 0.0009 
39.0000 	 0.0012 	 0.3319 	 0.1753 	 1.0000 	 9.9076 	 8.4149 	 1.7937 	 8.7953 	 0.0000 	 3.1243 	 510.4050 	 39.0000 	 0.6979 	 0.5449 	 0.1388 	 2.8100 	 0.7594 	 7.1080 	 0.5357 	 -2.9332 	 0.0000 	 0.7658 	 0.0007 
                                                                                                                                                                                                                                                                                                                                                                                                                                                          35.0000 	 0.0010 	 0.0053 	 0.3249 	 49.9076 	 7.0975 	 9.3024 	 1.8171 	 8.7831 	 0.0000 	 3.1274 	 510.4173 	 35.0000 	 0.8463 	 0.5514 	 0.8270 	 12.4724 	 1.3931 	 6.9629 	 0.4803 	 -0.0832 	 0.0000 	 2.0547 	 0.0016 
                                                                                                                                                                                                                                                                                                                                                                                                                                                             42.0000 	 0.0091 	 0.0197 	 0.3364 	 16.4802 	 9.6438 	 1.4217 	 1.9940 	 8.6005 	 0.0000 	 3.1615 	 510.0605 	 42.0000 	 0.2188 	 0.7633 	 0.6191 	 14.5726 	 2.0640 	 5.7215 	 1.5242 	 -1.7667 	 0.0000 	 0.8972 	 0.0009 
39.0000 	 0.2221 	 0.7146 	 0.3196 	 3.2760 	 2.1005 	 9.7304 	 5.9969 	 3.9999 	 0.0000 	 2.1866 	 497.8342 	 39.0000 	 0.3933 	 0.9505 	 0.2778 	 9.4438 	 6.0907 	 2.0551 	 1.8746 	 1.8220 	 0.0000 	 2.7191 	 0.0010 
35.0000 	 0.0010 	 0.0333 	 0.3464 	 7.5253 	 8.1721 	 9.6837 	 1.8014 	 8.7719 	 0.0000 	 3.1154 	 510.4397 	 35.0000 	 0.0545 	 0.1000 	 0.9916 	 10.7356 	 5.4399 	 9.9996 	 1.1272 	 -1.2477 	 0.0000 	 0.6107 	 0.0024 
37.0000 	 0.0013 	 0.3134 	 0.0899 	 8.9344 	 5.5715 	 3.0492 	 1.8809 	 8.7049 	 0.0000 	 3.1608 	 510.2849 	 37.0000 	 0.3060 	 0.0296 	 0.0288 	 4.8449 	 5.7022 	 3.9138 	 1.3311 	 1.1916 	 0.0000 	 0.9211 	 0.0005 
34.0000 	 0.0094 	 0.1022 	 0.2713 	 4.7514 	 1.7142 	 9.9379 	 5.9882 	 3.9942 	 0.0000 	 2.1692 	 497.8013 	 34.0000 	 0.7697 	 0.1965 	 0.9301 	 2.4016 	 0.4853 	 5.3704 	 1.0221 	 1.1257 	 0.0000 	 2.5288 	 0.0011 
39.0000 	 0.0057 	 0.0127 	 0.3049 	 29.6444 	 8.5735 	 9.1327 	 1.7877 	 8.7891 	 0.0000 	 3.1262 	 510.3688 	 39.0000 	 0.3130 	 0.2807 	 0.4000 	 6.7309 	 7.1836 	 3.8994 	 0.9803 	 -1.4744 	 0.0000 	 2.6453 	 0.0005 
37.0000 	 0.1462 	 0.1573 	 0.4727 	 3.3085 	 1.9687 	 9.8472 	 6.0525 	 3.9287 	 0.0000 	 2.1673 	 497.8492 	 37.0000 	 0.3607 	 0.1121 	 0.4652 	 9.4939 	 9.6207 	 1.8436 	 1.6834 	 2.2266 	 0.0000 	 1.4405 	 0.0014 
34.0000 	 0.0010 	 0.0026 	 0.0713 	 34.2688 	 1.4375 	 3.6277 	 2.0149 	 8.7794 	 0.0000 	 3.1636 	 530.9973 	 34.0000 	 0.0132 	 0.0966 	 0.6068 	 5.4313 	 3.3248 	 8.2694 	 1.9845 	 -0.6507 	 0.0000 	 2.0677 	 0.0329 
32.0000 	 0.4402 	 0.1376 	 0.4737 	 43.6447 	 1.9920 	 8.8319 	 6.0918 	 3.8915 	 0.0000 	 2.1667 	 497.7947 	 32.0000 	 0.1168 	 0.8026 	 0.6202 	 12.0968 	 9.6110 	 7.4821 	 0.0418 	 0.2993 	 0.0000 	 2.2333 	 0.0007 
35.0000 	 0.0012 	 0.0321 	 0.1915 	 12.0761 	 0.8510 	 9.6226 	 6.0245 	 3.9581 	 0.0000 	 2.1640 	 497.8606 	 35.0000 	 0.9553 	 0.5487 	 0.1294 	 14.2489 	 8.9592 	 2.7048 	 1.1777 	 -1.5969 	 0.0000 	 0.7434 	 0.0012 
35.0000 	 0.0010 	 0.0148 	 0.4452 	 13.6451 	 3.8925 	 1.9721 	 2.4862 	 8.0809 	 0.0000 	 3.1381 	 509.1851 	 35.0000 	 0.3738 	 0.8023 	 0.0258 	 9.4236 	 5.5048 	 3.0565 	 2.1053 	 1.0750 	 0.0000 	 0.0605 	 0.0053 
39.0000 	 0.8491 	 0.4250 	 0.8393 	 4.7250 	 2.3642 	 10.0000 	 5.6234 	 4.3674 	 0.0000 	 2.1924 	 498.9360 	 39.0000 	 0.1200 	 0.6618 	 0.5014 	 8.1339 	 6.2367 	 4.9476 	 1.8023 	 -2.5336 	 0.0000 	 0.2899 	 0.0098 
32.0000 	 0.0012 	 0.1399 	 0.2677 	 2.1189 	 0.9699 	 9.5363 	 6.2336 	 3.7688 	 0.0000 	 2.1983 	 498.0908 	 32.0000 	 0.7162 	 0.8922 	 0.7291 	 11.0966 	 6.2146 	 4.5673 	 1.4804 	 0.1004 	 0.0000 	 2.6484 	 0.0023 
31.0000 	 0.6583 	 0.1505 	 0.6463 	 28.1658 	 2.1441 	 7.0793 	 6.2486 	 3.7546 	 0.0000 	 2.1751 	 497.7899 	 31.0000 	 0.8111 	 0.2370 	 0.3846 	 7.1289 	 2.7455 	 6.4291 	 2.6340 	 1.2472 	 0.0000 	 2.8328 	 0.0011 
34.0000 	 0.1146 	 0.3164 	 0.2652 	 38.4820 	 1.9140 	 9.7775 	 6.1061 	 3.8793 	 0.0000 	 2.1628 	 497.7900 	 34.0000 	 0.9377 	 0.6427 	 0.5344 	 4.9375 	 3.0994 	 2.0536 	 1.3844 	 0.1563 	 0.0000 	 1.8542 	 0.0007 
34.0000 	 0.0165 	 0.1198 	 0.3441 	 3.1445 	 1.5743 	 6.8656 	 6.2929 	 3.7063 	 0.0000 	 2.1599 	 497.9035 	 34.0000 	 0.6885 	 0.9304 	 0.3693 	 4.0138 	 9.0273 	 8.0078 	 2.3459 	 -1.8656 	 0.0000 	 1.6847 	 0.0019 
31.0000 	 0.4741 	 0.3246 	 0.5087 	 14.9080 	 2.0824 	 7.0239 	 6.2135 	 3.7944 	 0.0000 	 2.1656 	 497.7722 	 31.0000 	 0.5910 	 0.6631 	 0.9780 	 8.0905 	 0.8590 	 4.7911 	 1.9077 	 2.0614 	 0.0000 	 2.1663 	 0.0008 
28.0000 	 0.0010 	 0.0184 	 0.2575 	 21.4506 	 1.0766 	 8.5669 	 5.9557 	 4.0363 	 0.0000 	 2.1642 	 497.8698 	 28.0000 	 0.1590 	 0.1646 	 0.8119 	 1.2228 	 7.0110 	 7.6686 	 2.5035 	 -2.5414 	 0.0000 	 0.3868 	 0.0016 
32.0000 	 0.0357 	 0.3224 	 0.4675 	 1.0299 	 4.9425 	 5.4619 	 1.9877 	 8.6887 	 0.0000 	 3.1863 	 510.4388 	 32.0000 	 0.5518 	 0.1036 	 0.1783 	 6.3427 	 0.8410 	 8.4517 	 2.9858 	 -2.5065 	 0.0000 	 2.0645 	 0.0029 
37.0000 	 0.3072 	 0.0204 	 0.5177 	 39.6846 	 1.9836 	 9.9033 	 6.1066 	 3.8922 	 0.0000 	 2.1762 	 497.8263 	 37.0000 	 0.7952 	 0.4905 	 0.2663 	 8.3301 	 3.3149 	 4.0080 	 2.7550 	 -0.2264 	 0.0000 	 1.5798 	 0.0013 
32.0000 	 0.0167 	 0.0094 	 0.3797 	 38.9022 	 1.6116 	 6.8400 	 6.2568 	 3.7441 	 0.0000 	 2.1765 	 497.8352 	 32.0000 	 0.0607 	 0.6311 	 0.5329 	 14.6323 	 0.3462 	 8.6058 	 0.7569 	 -1.6544 	 0.0000 	 2.4903 	 0.0140 
28.0000 	 0.0010 	 0.0368 	 0.4067 	 7.5635 	 6.9154 	 5.0272 	 1.8740 	 8.7558 	 0.0000 	 3.1083 	 510.4680 	 28.0000 	 0.6502 	 0.9735 	 0.7727 	 1.4642 	 3.6024 	 1.6324 	 0.4795 	 -2.0020 	 0.0000 	 2.5871 	 0.0047 
28.0000 	 0.0077 	 0.4881 	 0.2083 	 1.4503 	 1.5535 	 5.3825 	 6.2732 	 3.7380 	 0.0000 	 2.1553 	 497.9293 	 28.0000 	 0.1849 	 0.9971 	 0.0732 	 1.2776 	 0.2212 	 8.7264 	 0.4446 	 -0.5683 	 0.0000 	 2.7934 	 0.0012 
30.0000 	 0.1301 	 0.8731 	 0.2975 	 4.8714 	 1.9014 	 7.0331 	 6.2265 	 3.7817 	 0.0000 	 2.1660 	 497.7696 	 30.0000 	 0.1736 	 0.4118 	 0.9400 	 11.8192 	 2.9134 	 8.3429 	 2.4656 	 -1.6567 	 0.0000 	 2.5928 	 0.0007 
25.0000 	 0.0011 	 0.9923 	 0.0808 	 32.4357 	 9.9687 	 9.9980 	 1.7967 	 8.7899 	 0.0000 	 3.1225 	 510.3621 	 25.0000 	 0.4770 	 0.3820 	 0.3541 	 3.3129 	 7.2938 	 4.6489 	 0.0956 	 -1.4364 	 0.0000 	 1.4055 	 0.0002 
31.0000 	 0.0010 	 0.2488 	 0.3584 	 1.0005 	 9.9133 	 4.2778 	 1.7976 	 8.8244 	 0.0000 	 3.1323 	 510.6384 	 31.0000 	 0.0721 	 0.0460 	 0.9772 	 3.6477 	 4.4129 	 7.6503 	 0.4274 	 1.8562 	 0.0000 	 1.2380 	 0.0025 
28.0000 	 0.0010 	 0.4717 	 0.1741 	 1.0000 	 5.8147 	 9.7201 	 1.8120 	 8.7861 	 0.0000 	 3.1210 	 510.4773 	 28.0000 	 0.9937 	 0.7398 	 0.8094 	 3.7928 	 3.8106 	 6.2969 	 0.4568 	 -0.0688 	 0.0000 	 1.3935 	 0.0009 
35.0000 	 0.0296 	 0.0931 	 0.3711 	 4.1254 	 1.5596 	 9.1476 	 6.1677 	 3.8063 	 0.0000 	 2.1672 	 497.9196 	 35.0000 	 0.8043 	 0.6464 	 0.7464 	 1.3293 	 5.8861 	 5.1058 	 2.6917 	 -0.4894 	 0.0000 	 2.6269 	 0.0025 
                                                                                                                                                                                                                              28.0000 	 0.0120 	 0.6547 	 0.1897 	 2.7676 	 3.9296 	 0.2501 	 8.8728 	 3.5417 	 0.0000 	 3.0717 	 508.2547 	 28.0000 	 0.8591 	 0.1852 	 0.3551 	 9.9316 	 6.2320 	 7.8943 	 1.8777 	 0.8781 	 0.0000 	 2.1654 	 0.0019 
25.0000 	 0.3303 	 0.6370 	 0.5043 	 3.0783 	 2.2365 	 9.7794 	 6.0514 	 3.9159 	 0.0000 	 2.1468 	 497.8547 	 25.0000 	 0.0759 	 0.5474 	 0.8884 	 10.9716 	 0.7216 	 1.1764 	 0.6663 	 -0.9958 	 0.0000 	 2.1578 	 0.0014 
34.0000 	 0.0033 	 0.3729 	 0.1067 	 11.3140 	 1.7804 	 9.9984 	 5.9530 	 4.0217 	 0.0000 	 2.1710 	 497.7983 	 34.0000 	 0.5442 	 0.7566 	 0.9332 	 3.3240 	 7.2457 	 8.1146 	 0.6113 	 1.0362 	 0.0000 	 0.8876 	 0.0007 
22.0000 	 0.0012 	 0.0448 	 0.1039 	 48.7760 	 8.8613 	 9.7490 	 1.7908 	 8.7966 	 0.0000 	 3.1325 	 510.3645 	 22.0000 	 0.2198 	 0.3368 	 0.6082 	 11.9014 	 7.6923 	 1.2710 	 2.2171 	 0.7423 	 0.0000 	 1.9871 	 0.0005 
32.0000 	 0.0035 	 0.3656 	 0.1153 	 18.2883 	 1.7969 	 6.0361 	 6.1006 	 3.9251 	 0.0000 	 2.1864 	 497.7627 	 32.0000 	 0.3162 	 0.8188 	 0.7383 	 7.3963 	 8.0620 	 3.3459 	 0.9865 	 -1.5362 	 0.0000 	 1.9351 	 0.0006 
                                                                                                                                                                                                                             21.0000 	 0.0010 	 0.4791 	 0.2425 	 1.0000 	 5.1811 	 9.8458 	 1.8267 	 8.7911 	 0.0000 	 3.1296 	 510.7703 	 21.0000 	 0.4775 	 0.6686 	 0.1054 	 14.0528 	 8.5377 	 4.3430 	 0.1894 	 0.7579 	 0.0000 	 0.7285 	 0.0018 
28.0000 	 0.7733 	 0.3839 	 0.8108 	 44.8097 	 2.3666 	 5.2450 	 6.4360 	 3.5743 	 0.0000 	 2.1650 	 497.8673 	 28.0000 	 0.6098 	 0.3378 	 0.2951 	 3.0902 	 5.2603 	 3.3906 	 0.8122 	 -2.2065 	 0.0000 	 0.0991 	 0.0025 
                                                                                                                                                                                                                             19.0000 	 0.2574 	 0.5125 	 0.5019 	 39.1885 	 2.0036 	 8.0809 	 6.2351 	 3.7624 	 0.0000 	 2.1693 	 497.7771 	 19.0000 	 0.6108 	 0.7341 	 0.8178 	 14.1200 	 1.2161 	 2.6178 	 2.9497 	 0.3166 	 0.0000 	 0.6775 	 0.0007 
                                                                                                                                                                                                                               31.0000 	 0.5060 	 1.0000 	 0.5291 	 28.8545 	 2.0913 	 9.1639 	 6.1051 	 3.8791 	 0.0000 	 2.1638 	 497.7804 	 31.0000 	 0.3980 	 0.8267 	 0.7061 	 12.0814 	 9.6580 	 4.3656 	 2.3299 	 2.5139 	 0.0000 	 1.8429 	 0.0009 
                                                                                                                                                                                                                            18.0000 	 0.3595 	 0.5358 	 0.6105 	 15.0332 	 2.2987 	 9.1656 	 6.1837 	 3.8059 	 0.0000 	 2.1630 	 497.8475 	 18.0000 	 0.1962 	 0.5732 	 0.6038 	 11.9835 	 2.2465 	 2.2732 	 2.0550 	 2.8771 	 0.0000 	 2.6516 	 0.0043 
15.0000 	 0.0011 	 0.1184 	 0.1400 	 45.6604 	 8.9633 	 7.6366 	 1.8116 	 8.7850 	 0.0000 	 3.1308 	 510.3646 	 15.0000 	 0.1895 	 0.6279 	 0.4818 	 4.5712 	 9.6613 	 0.0793 	 0.9569 	 2.9871 	 0.0000 	 2.6762 	 0.0002 
26.0000 	 0.0157 	 0.5956 	 0.2446 	 1.1065 	 1.4667 	 8.7234 	 6.0826 	 3.9043 	 0.0000 	 2.1671 	 498.3373 	 26.0000 	 0.9580 	 0.8344 	 0.8899 	 5.0959 	 1.0035 	 5.1081 	 0.3256 	 -2.0795 	 0.0000 	 1.1077 	 0.0018 
15.0000 	 0.9866 	 0.0028 	 0.0020 	 1.5199 	 5.4965 	 7.6251 	 0.8230 	 9.6995 	 0.0000 	 4.4676 	 566.3321 	 15.0000 	 0.9437 	 0.4192 	 0.1204 	 13.9396 	 3.0026 	 1.9183 	 2.6712 	 0.5594 	 0.0000 	 2.1162 	 2.3920 
24.0000 	 0.0857 	 0.0119 	 0.5661 	 46.6224 	 7.8938 	 0.6707 	 3.6826 	 7.3879 	 0.0000 	 3.1132 	 509.0857 	 24.0000 	 0.6422 	 0.7592 	 0.9081 	 12.8055 	 1.8218 	 4.3822 	 2.8445 	 -0.5112 	 0.0000 	 1.3919 	 0.0025 
23.0000 	 0.0049 	 0.4746 	 0.1578 	 17.4967 	 4.5078 	 5.3845 	 2.3409 	 8.3229 	 0.0000 	 3.2252 	 511.4619 	 23.0000 	 0.0028 	 0.5291 	 0.6950 	 4.9494 	 2.5951 	 2.4551 	 1.7948 	 2.4504 	 0.0000 	 1.2375 	 0.0008 
13.0000 	 0.9967 	 0.0026 	 0.0250 	 1.4065 	 5.9891 	 9.9805 	 0.3804 	 8.2252 	 0.0000 	 2.9963 	 561.3784 	 13.0000 	 0.2040 	 0.1687 	 0.9013 	 13.8158 	 3.0930 	 8.6099 	 2.5034 	 -0.5981 	 0.0000 	 1.5581 	 1.0669 
22.0000 	 0.3766 	 0.1910 	 0.5447 	 24.7788 	 2.0686 	 6.5475 	 6.3672 	 3.6446 	 0.0000 	 2.1617 	 497.7717 	 22.0000 	 0.8381 	 0.3607 	 0.6241 	 1.3343 	 5.4677 	 7.3930 	 2.3151 	 -2.4255 	 0.0000 	 2.6727 	 0.0007 
28.0000 	 0.0053 	 0.1352 	 0.8050 	 1.2614 	 4.8580 	 7.1302 	 2.0733 	 8.5326 	 0.0000 	 3.0507 	 512.7512 	 28.0000 	 0.7244 	 0.0449 	 0.2512 	 9.2271 	 3.4516 	 8.3818 	 0.4247 	 -1.3460 	 0.0000 	 1.2692 	 0.0146 
