50.0000 	 1.0359 	 3.6719 	 -1.7188 	 1.4844 	 0.0000 	 0.0642 	 231.9234 	 50.0000 	 1.1001 	 4.4973 	 1.3502 	 -4.0324 	 0.0000 	 0.3244 	 0.2337 
50.0000 	 1.1679 	 2.1762 	 5.4565 	 1.7194 	 0.0000 	 0.0034 	 222.7513 	 50.0000 	 0.2592 	 4.3109 	 -6.2726 	 2.4062 	 0.0000 	 1.0941 	 0.2997 
50.0000 	 1.3032 	 4.4211 	 5.4249 	 4.2790 	 0.0000 	 0.0007 	 229.3398 	 50.0000 	 1.1936 	 6.5404 	 -2.4345 	 -3.0285 	 0.0000 	 1.3860 	 0.1019 
48.0000 	 1.1924 	 3.0261 	 4.3628 	 2.7698 	 0.0000 	 0.0002 	 192.2716 	 48.0000 	 1.8033 	 2.7731 	 9.9135 	 2.3682 	 0.0000 	 0.4162 	 0.4104 
48.0000 	 1.2937 	 2.1960 	 6.2863 	 4.4239 	 0.0000 	 1.5504 	 221.5469 	 48.0000 	 1.9640 	 6.9706 	 -6.6182 	 2.7383 	 0.0000 	 2.1239 	 0.0095 
48.0000 	 1.2185 	 2.4690 	 5.5755 	 1.8190 	 0.0000 	 0.0002 	 221.4163 	 48.0000 	 1.3135 	 1.7572 	 -8.2376 	 0.0970 	 0.0000 	 0.2494 	 0.0175 
47.0000 	 1.3149 	 4.8254 	 5.5127 	 7.7124 	 0.0000 	 1.5805 	 206.7575 	 47.0000 	 2.1624 	 3.7496 	 -5.3646 	 -4.4475 	 0.0000 	 2.0702 	 0.0351 
47.0000 	 1.1739 	 5.9338 	 6.7188 	 2.1912 	 0.0000 	 0.0004 	 230.1312 	 47.0000 	 0.9399 	 6.4077 	 -6.3196 	 3.7365 	 0.0000 	 0.9634 	 0.4274 
50.0000 	 1.3704 	 31.3249 	 8.5154 	 7.7952 	 0.0000 	 0.0000 	 239.6564 	 50.0000 	 2.5685 	 4.9607 	 -4.0326 	 -3.3705 	 0.0000 	 0.2128 	 0.0294 
47.0000 	 0.0013 	 8.4863 	 -2.3633 	 -0.1660 	 0.0000 	 0.0002 	 294.5165 	 47.0000 	 2.4063 	 3.2834 	 -5.7186 	 -2.6865 	 0.0000 	 2.4975 	 0.2488 
48.0000 	 1.3006 	 5.2477 	 6.7975 	 2.0762 	 0.0000 	 0.7483 	 221.8685 	 48.0000 	 2.7153 	 3.4212 	 -3.8217 	 2.1089 	 0.0000 	 1.1284 	 0.0099 
49.0000 	 1.0366 	 0.2865 	 5.2182 	 3.0100 	 0.0000 	 0.0000 	 230.9269 	 49.0000 	 0.9095 	 0.0812 	 -3.3713 	 -0.1555 	 0.0000 	 1.4665 	 0.1962 
48.0000 	 1.2375 	 2.7436 	 5.8342 	 1.8639 	 0.0000 	 0.7022 	 220.3894 	 48.0000 	 0.8637 	 7.5808 	 7.5365 	 3.6874 	 0.0000 	 2.9921 	 0.0087 
48.0000 	 1.2408 	 2.2134 	 5.7859 	 2.2673 	 0.0000 	 1.0180 	 220.3115 	 48.0000 	 1.1027 	 8.6783 	 -7.1279 	 3.2290 	 0.0000 	 2.5448 	 0.0080 
49.0000 	 1.2600 	 3.2428 	 6.5095 	 1.0549 	 0.0000 	 0.0002 	 221.2553 	 49.0000 	 2.0283 	 9.9260 	 -0.6079 	 1.0764 	 0.0000 	 1.3049 	 0.0170 
48.0000 	 1.2389 	 2.5305 	 5.8760 	 1.9904 	 0.0000 	 0.9122 	 220.3090 	 48.0000 	 2.5045 	 3.7976 	 0.0303 	 -4.0394 	 0.0000 	 1.9060 	 0.0079 
46.0000 	 1.2836 	 5.7284 	 7.8169 	 1.5595 	 0.0000 	 0.0072 	 222.7697 	 46.0000 	 2.5623 	 2.7591 	 -3.9182 	 4.9648 	 0.0000 	 0.3878 	 0.0097 
48.0000 	 1.2853 	 4.4211 	 6.3264 	 2.1975 	 0.0000 	 0.7333 	 221.4810 	 48.0000 	 2.6152 	 0.7845 	 -7.9415 	 3.1347 	 0.0000 	 2.4461 	 0.0124 
47.0000 	 1.2806 	 5.0293 	 6.4209 	 2.5391 	 0.0000 	 0.0002 	 223.7159 	 47.0000 	 2.6489 	 1.7298 	 4.6521 	 2.6194 	 0.0000 	 2.1751 	 0.0145 
46.0000 	 1.2510 	 3.9832 	 6.9812 	 1.0931 	 0.0000 	 0.0000 	 221.3906 	 46.0000 	 2.9723 	 5.7704 	 1.5612 	 -0.3223 	 0.0000 	 1.7721 	 0.0257 
44.0000 	 1.2531 	 5.3848 	 7.3639 	 1.6852 	 0.0000 	 0.0000 	 222.3945 	 44.0000 	 2.8077 	 1.8331 	 -7.1929 	 4.9167 	 0.0000 	 2.7743 	 0.0097 
44.0000 	 1.1706 	 1.9682 	 5.6868 	 2.4356 	 0.0000 	 1.0262 	 220.1410 	 44.0000 	 1.1309 	 2.3297 	 7.3625 	 2.6731 	 0.0000 	 2.1782 	 0.0074 
44.0000 	 1.2328 	 4.1535 	 6.6561 	 2.5304 	 0.0000 	 1.1607 	 221.0621 	 44.0000 	 0.2960 	 5.7265 	 5.7020 	 2.3301 	 0.0000 	 0.8288 	 0.0195 
48.0000 	 1.2464 	 3.1818 	 6.2875 	 1.4618 	 0.0000 	 0.0009 	 221.0806 	 48.0000 	 1.4213 	 4.5816 	 -9.2004 	 3.2357 	 0.0000 	 2.7798 	 0.0073 
49.0000 	 1.3216 	 4.8655 	 7.1611 	 1.6040 	 0.0000 	 0.0005 	 222.1308 	 49.0000 	 2.1072 	 8.7139 	 3.7549 	 -0.6837 	 0.0000 	 2.1040 	 0.0075 
46.0000 	 0.0026 	 6.1914 	 -4.8047 	 -0.0977 	 0.0000 	 0.0004 	 303.5652 	 46.0000 	 1.8038 	 7.2503 	 -7.5571 	 -0.8641 	 0.0000 	 0.8545 	 0.1180 
47.0000 	 1.0797 	 0.0749 	 5.4973 	 4.1929 	 0.0000 	 0.9041 	 226.1747 	 47.0000 	 2.6318 	 6.5349 	 2.6534 	 -0.8439 	 0.0000 	 1.3594 	 0.0213 
46.0000 	 1.2321 	 3.4063 	 6.0489 	 1.2500 	 0.0000 	 0.0143 	 221.5332 	 46.0000 	 0.7344 	 9.2674 	 5.9852 	 -0.9207 	 0.0000 	 0.4370 	 0.0192 
45.0000 	 1.2314 	 3.2740 	 5.9497 	 2.0343 	 0.0000 	 0.0025 	 221.7666 	 45.0000 	 2.8685 	 4.0025 	 -5.7580 	 -0.7074 	 0.0000 	 1.5068 	 0.0383 
44.0000 	 0.0025 	 15.0594 	 13.8252 	 -4.1616 	 0.0000 	 5.9966 	 245.2338 	 44.0000 	 0.8170 	 0.0061 	 -4.6781 	 -3.1475 	 0.0000 	 1.7195 	 0.0000 
46.0000 	 1.2179 	 3.3981 	 6.4348 	 1.3426 	 0.0000 	 0.6068 	 220.5847 	 46.0000 	 2.6925 	 3.2617 	 -0.1840 	 -3.9317 	 0.0000 	 1.9356 	 0.0130 
47.0000 	 1.1936 	 3.0493 	 6.1557 	 1.6573 	 0.0000 	 0.7250 	 170.7419 	 47.0000 	 1.2978 	 6.2320 	 -9.7381 	 1.4953 	 0.0000 	 0.7060 	 0.1944 
44.0000 	 1.4218 	 8.0682 	 9.0210 	 1.7743 	 0.0000 	 0.0013 	 233.5359 	 44.0000 	 2.6920 	 0.9667 	 -4.8275 	 -1.6512 	 0.0000 	 0.6637 	 0.0198 
44.0000 	 0.5006 	 1.4941 	 8.6523 	 1.5918 	 0.0000 	 0.0000 	 279.2673 	 44.0000 	 1.9129 	 1.5394 	 -3.4887 	 -2.5482 	 0.0000 	 0.9926 	 0.1042 
45.0000 	 1.0268 	 4.4531 	 0.2100 	 0.9619 	 0.0000 	 0.0018 	 231.1014 	 45.0000 	 2.7948 	 0.6045 	 6.8489 	 -4.3289 	 0.0000 	 1.2798 	 0.5060 
46.0000 	 1.2869 	 5.3467 	 6.1890 	 2.3755 	 0.0000 	 0.0000 	 225.9350 	 46.0000 	 1.9681 	 1.5857 	 -2.7792 	 -1.0710 	 0.0000 	 1.4393 	 0.0150 
45.0000 	 1.2035 	 2.9726 	 6.3902 	 1.1964 	 0.0000 	 0.0128 	 221.3033 	 45.0000 	 0.6746 	 8.0659 	 -4.8918 	 -3.2524 	 0.0000 	 2.2848 	 0.0101 
47.0000 	 1.2918 	 6.0341 	 7.0037 	 2.2569 	 0.0000 	 0.0007 	 223.5454 	 47.0000 	 0.7759 	 4.0745 	 7.5361 	 -4.7659 	 0.0000 	 0.6312 	 0.0153 
41.0000 	 1.0811 	 2.2560 	 5.8675 	 2.9742 	 0.0000 	 0.0131 	 232.6588 	 41.0000 	 0.6442 	 2.5239 	 -3.8638 	 -0.5416 	 0.0000 	 0.4716 	 0.4980 
46.0000 	 1.2084 	 2.1131 	 5.7308 	 2.5018 	 0.0000 	 1.0315 	 220.2322 	 46.0000 	 1.5127 	 9.9769 	 7.3751 	 -1.9828 	 0.0000 	 2.9333 	 0.0074 
45.0000 	 1.2089 	 3.4543 	 5.9761 	 1.6253 	 0.0000 	 0.0000 	 221.8484 	 45.0000 	 1.2412 	 6.2642 	 -6.7297 	 -3.7590 	 0.0000 	 1.0376 	 0.0102 
42.0000 	 1.2202 	 3.0029 	 5.7275 	 2.1858 	 0.0000 	 0.0200 	 223.0421 	 42.0000 	 1.4544 	 8.6764 	 0.2054 	 -0.6819 	 0.0000 	 2.3827 	 0.0629 
43.0000 	 1.2085 	 4.3985 	 6.7744 	 1.4690 	 0.0000 	 0.0000 	 221.8947 	 43.0000 	 1.8977 	 2.5446 	 -2.7605 	 -2.6172 	 0.0000 	 1.8299 	 0.1002 
44.0000 	 1.1545 	 2.3214 	 5.5229 	 1.8320 	 0.0000 	 0.0001 	 221.2780 	 44.0000 	 1.3052 	 2.5509 	 -0.2908 	 -1.6271 	 0.0000 	 1.4657 	 0.0127 
47.0000 	 1.3255 	 6.7482 	 7.9680 	 1.7409 	 0.0000 	 0.5733 	 222.9289 	 47.0000 	 1.9227 	 2.9474 	 8.2443 	 -0.0778 	 0.0000 	 0.6810 	 0.0087 
45.0000 	 1.2378 	 4.6331 	 7.0413 	 1.2197 	 0.0000 	 0.0022 	 222.2734 	 45.0000 	 1.0535 	 8.7418 	 4.9932 	 -2.9772 	 0.0000 	 0.8562 	 0.0120 
46.0000 	 0.0026 	 6.1914 	 -4.8047 	 -0.0977 	 0.0000 	 0.0004 	 283.0259 	 46.0000 	 1.1620 	 1.6405 	 -5.5474 	 -0.8134 	 0.0000 	 2.5220 	 0.1042 
46.0000 	 1.2755 	 10.8303 	 8.7652 	 2.4835 	 0.0000 	 0.0000 	 226.6721 	 46.0000 	 1.2058 	 8.3573 	 3.6915 	 -2.9669 	 0.0000 	 0.8937 	 0.0176 
43.0000 	 0.6825 	 1.2634 	 -7.2534 	 1.0730 	 0.0000 	 0.0000 	 245.6285 	 43.0000 	 0.9487 	 5.6031 	 9.1405 	 3.3401 	 0.0000 	 2.8134 	 0.0282 
45.0000 	 1.1918 	 2.3700 	 5.7906 	 2.1124 	 0.0000 	 0.9529 	 220.1684 	 45.0000 	 2.6759 	 9.5935 	 0.5230 	 0.1330 	 0.0000 	 0.3381 	 0.0096 
46.0000 	 1.2112 	 2.0374 	 5.8097 	 2.5922 	 0.0000 	 1.1237 	 220.2392 	 46.0000 	 2.1465 	 6.2584 	 9.4511 	 -3.7670 	 0.0000 	 0.9024 	 0.0062 
45.0000 	 1.1973 	 3.0118 	 6.1764 	 1.4915 	 0.0000 	 0.0000 	 220.9288 	 45.0000 	 2.0496 	 8.2681 	 1.7533 	 -4.6622 	 0.0000 	 2.4110 	 0.0091 
42.0000 	 1.1576 	 2.8017 	 6.0084 	 2.0634 	 0.0000 	 0.9060 	 220.0737 	 42.0000 	 0.0038 	 8.6224 	 -6.6869 	 2.6397 	 0.0000 	 0.0649 	 0.0054 
43.0000 	 1.1377 	 2.4623 	 5.6933 	 1.6179 	 0.0000 	 0.0455 	 221.0531 	 43.0000 	 2.4338 	 9.7577 	 -3.2193 	 -2.0111 	 0.0000 	 1.2101 	 0.0110 
42.0000 	 1.1397 	 3.0179 	 6.2483 	 1.2005 	 0.0000 	 0.0049 	 221.1692 	 42.0000 	 2.6360 	 3.8990 	 4.4653 	 1.3553 	 0.0000 	 2.8881 	 0.0089 
44.0000 	 0.7047 	 2.0021 	 -5.3604 	 0.7141 	 0.0000 	 0.0002 	 244.7023 	 44.0000 	 2.2514 	 9.4316 	 -0.8544 	 -4.0370 	 0.0000 	 1.4113 	 0.0104 
41.0000 	 1.1180 	 2.3934 	 5.7703 	 1.8335 	 0.0000 	 0.8481 	 220.0560 	 41.0000 	 1.5454 	 1.9241 	 -9.3731 	 -0.2325 	 0.0000 	 2.2176 	 0.0074 
44.0000 	 0.0011 	 24.6898 	 10.6297 	 -3.6066 	 0.0000 	 6.0164 	 245.2335 	 44.0000 	 1.4639 	 7.1181 	 -9.1524 	 3.4126 	 0.0000 	 2.5215 	 0.0000 
45.0000 	 1.1424 	 7.1907 	 5.6156 	 6.6031 	 0.0000 	 2.1613 	 236.6901 	 45.0000 	 0.9560 	 4.1081 	 7.5933 	 3.5260 	 0.0000 	 1.8648 	 0.0231 
39.0000 	 1.0985 	 2.3409 	 5.8434 	 2.3309 	 0.0000 	 1.0201 	 219.8696 	 39.0000 	 2.8814 	 8.0916 	 9.4845 	 0.6575 	 0.0000 	 1.3085 	 0.0081 
45.0000 	 1.2004 	 2.9638 	 5.9680 	 1.5451 	 0.0000 	 0.4283 	 220.5343 	 45.0000 	 0.8689 	 7.5817 	 -8.8948 	 0.0677 	 0.0000 	 0.7239 	 0.0146 
40.0000 	 0.0016 	 8.0498 	 9.6671 	 -4.0437 	 0.0000 	 0.0000 	 306.4988 	 40.0000 	 2.2478 	 4.5367 	 -1.6826 	 3.4107 	 0.0000 	 0.0704 	 0.0000 
43.0000 	 1.1700 	 3.2022 	 6.4329 	 1.3430 	 0.0000 	 0.0360 	 220.9177 	 43.0000 	 2.0813 	 5.8964 	 5.0633 	 1.7835 	 0.0000 	 2.1251 	 0.0188 
41.0000 	 1.1317 	 2.9544 	 6.1521 	 1.4404 	 0.0000 	 0.6910 	 220.1701 	 41.0000 	 0.5389 	 0.1205 	 -8.4376 	 -3.7884 	 0.0000 	 0.1298 	 0.0087 
42.0000 	 1.1482 	 3.2176 	 6.3332 	 1.4407 	 0.0000 	 0.0037 	 220.7988 	 42.0000 	 0.8862 	 8.3456 	 -8.5807 	 3.2314 	 0.0000 	 2.2882 	 0.0156 
38.0000 	 1.0904 	 2.6318 	 6.0028 	 1.3760 	 0.0000 	 0.0012 	 221.3632 	 38.0000 	 1.6874 	 2.8328 	 7.0333 	 0.3556 	 0.0000 	 0.3889 	 0.0091 
43.0000 	 1.2367 	 5.6402 	 8.1510 	 1.3606 	 0.0000 	 0.0103 	 222.9432 	 43.0000 	 2.6240 	 0.1820 	 -4.5368 	 2.2620 	 0.0000 	 2.4855 	 0.0095 
44.0000 	 1.2019 	 3.5598 	 6.6057 	 1.1526 	 0.0000 	 0.0000 	 221.3188 	 44.0000 	 2.9480 	 0.8689 	 -5.5829 	 4.1587 	 0.0000 	 0.7219 	 0.0852 
43.0000 	 1.1691 	 0.9163 	 5.6600 	 4.3421 	 0.0000 	 1.2576 	 220.3780 	 43.0000 	 2.5902 	 6.1673 	 -5.3710 	 0.6341 	 0.0000 	 2.7140 	 0.0072 
45.0000 	 1.1322 	 3.1293 	 11.3100 	 0.0271 	 0.0000 	 5.5212 	 230.5757 	 45.0000 	 0.7879 	 7.0124 	 -7.4596 	 3.0068 	 0.0000 	 2.4499 	 0.0048 
43.0000 	 1.2750 	 11.3335 	 8.8067 	 2.5853 	 0.0000 	 0.0000 	 226.5090 	 43.0000 	 1.9471 	 5.5070 	 -7.6306 	 -2.5786 	 0.0000 	 2.7744 	 0.0110 
39.0000 	 1.1247 	 4.1088 	 6.8106 	 1.5787 	 0.0000 	 0.0272 	 221.1418 	 39.0000 	 2.2983 	 7.8831 	 -4.4901 	 -0.7109 	 0.0000 	 0.4042 	 0.0137 
39.0000 	 0.1485 	 13.4213 	 -4.3338 	 -0.5907 	 0.0000 	 5.9001 	 243.8187 	 39.0000 	 2.0275 	 0.9626 	 3.7569 	 -1.4777 	 0.0000 	 1.9182 	 0.0000 
41.0000 	 0.0113 	 7.0929 	 2.4567 	 -0.1877 	 0.0000 	 0.0000 	 306.4988 	 41.0000 	 2.0737 	 2.0129 	 -2.5540 	 2.0492 	 0.0000 	 0.1165 	 0.0000 
40.0000 	 0.0014 	 8.8583 	 4.1223 	 -0.9147 	 0.0000 	 0.0001 	 306.4988 	 40.0000 	 0.2602 	 4.9807 	 -1.6066 	 -4.9686 	 0.0000 	 0.7333 	 0.0000 
37.0000 	 1.0806 	 3.6902 	 6.0437 	 2.2134 	 0.0000 	 0.9823 	 219.0419 	 37.0000 	 2.5790 	 1.2494 	 0.5203 	 -3.1532 	 0.0000 	 2.0969 	 0.0414 
40.0000 	 0.0012 	 4.4978 	 16.6356 	 -5.3069 	 0.0000 	 6.0180 	 245.2336 	 40.0000 	 2.7210 	 9.9467 	 3.8445 	 3.8915 	 0.0000 	 2.8661 	 0.0000 
43.0000 	 1.1467 	 8.7402 	 7.1289 	 3.0566 	 0.0000 	 0.0001 	 221.7145 	 43.0000 	 2.1826 	 4.6404 	 2.5325 	 0.5335 	 0.0000 	 0.2945 	 0.2170 
37.0000 	 0.0015 	 8.3384 	 -2.9888 	 -0.5480 	 0.0000 	 0.0000 	 306.4988 	 37.0000 	 0.2641 	 3.9422 	 -5.0172 	 -3.9673 	 0.0000 	 2.2801 	 0.0000 
39.0000 	 1.0970 	 2.6949 	 5.9005 	 1.7794 	 0.0000 	 0.8203 	 219.9142 	 39.0000 	 0.6503 	 1.4348 	 -6.8518 	 -3.8558 	 0.0000 	 0.7422 	 0.0085 
42.0000 	 1.1894 	 0.5824 	 6.4912 	 6.2560 	 0.0000 	 1.7846 	 221.9757 	 42.0000 	 1.1545 	 4.4461 	 4.5423 	 4.7816 	 0.0000 	 1.6380 	 0.0096 
39.0000 	 0.0158 	 5.5127 	 -6.1182 	 -0.0732 	 0.0000 	 0.0000 	 306.4988 	 39.0000 	 2.9348 	 3.2187 	 9.9490 	 -4.1627 	 0.0000 	 2.7657 	 0.0000 
43.0000 	 1.1945 	 3.8942 	 7.0128 	 1.3553 	 0.0000 	 0.0222 	 221.2931 	 43.0000 	 2.0953 	 3.2658 	 5.7030 	 -3.3885 	 0.0000 	 1.4606 	 0.0083 
40.0000 	 1.2145 	 10.6604 	 9.2482 	 2.2229 	 0.0000 	 0.8589 	 224.5742 	 40.0000 	 2.7435 	 8.4254 	 1.9570 	 -1.1309 	 0.0000 	 1.3386 	 0.0177 
37.0000 	 0.0939 	 0.3542 	 50.4761 	 -14.1457 	 0.0000 	 0.0008 	 306.4990 	 37.0000 	 2.3422 	 2.0694 	 6.0892 	 -4.6880 	 0.0000 	 0.4874 	 0.0016 
41.0000 	 1.1092 	 2.6923 	 5.7229 	 1.4337 	 0.0000 	 0.0000 	 221.2798 	 41.0000 	 0.2950 	 0.1083 	 -5.2135 	 -4.4729 	 0.0000 	 2.6332 	 0.0094 
41.0000 	 1.1136 	 2.6478 	 5.6066 	 1.5576 	 0.0000 	 0.0061 	 221.3863 	 41.0000 	 2.6741 	 5.7789 	 -7.5903 	 -2.5987 	 0.0000 	 2.4037 	 0.0089 
35.0000 	 1.1458 	 10.1738 	 11.5658 	 1.4063 	 0.0000 	 0.3811 	 228.3479 	 35.0000 	 0.9110 	 3.2617 	 -2.1449 	 -4.7130 	 0.0000 	 1.5974 	 0.0211 
43.0000 	 1.1720 	 2.2535 	 6.2609 	 9.7067 	 0.0000 	 1.4961 	 219.3193 	 43.0000 	 2.1714 	 4.5347 	 -0.3608 	 2.0936 	 0.0000 	 2.1583 	 0.0206 
42.0000 	 1.1423 	 2.3975 	 5.2930 	 2.0850 	 0.0000 	 0.0000 	 221.8509 	 42.0000 	 0.6966 	 8.7060 	 -1.9284 	 -3.5500 	 0.0000 	 1.0756 	 0.1241 
40.0000 	 0.0084 	 13.5935 	 11.6729 	 -2.3256 	 0.0000 	 6.0429 	 245.2308 	 40.0000 	 2.8523 	 3.3727 	 -6.3568 	 -1.2026 	 0.0000 	 1.3436 	 0.0000 
35.0000 	 1.0228 	 3.0432 	 6.1947 	 1.3634 	 0.0000 	 0.4771 	 219.9176 	 35.0000 	 1.3805 	 2.5696 	 -2.3653 	 -1.8201 	 0.0000 	 0.1245 	 0.0075 
42.0000 	 0.9249 	 0.4883 	 4.0527 	 3.7939 	 0.0000 	 2.4645 	 204.9574 	 42.0000 	 0.9235 	 2.9897 	 4.0560 	 3.7950 	 0.0000 	 2.4642 	 0.6272 
41.0000 	 1.1334 	 3.1248 	 6.2673 	 1.5143 	 0.0000 	 0.0012 	 220.7781 	 41.0000 	 1.6768 	 9.6152 	 7.6750 	 -3.0434 	 0.0000 	 0.9027 	 0.0083 
41.0000 	 0.0037 	 3.7276 	 11.8232 	 -2.5272 	 0.0000 	 0.0004 	 306.4988 	 41.0000 	 2.5363 	 8.2087 	 -8.0616 	 -1.3262 	 0.0000 	 0.0377 	 0.0000 
39.0000 	 1.0832 	 2.5682 	 5.7540 	 1.7219 	 0.0000 	 0.0002 	 220.7939 	 39.0000 	 0.3168 	 7.0635 	 -2.4855 	 -1.8003 	 0.0000 	 2.5491 	 0.0079 
40.0000 	 1.1566 	 4.5246 	 6.8078 	 1.8236 	 0.0000 	 0.0000 	 221.6477 	 40.0000 	 2.4311 	 8.7539 	 -7.8146 	 -4.3977 	 0.0000 	 0.6949 	 0.0084 
38.0000 	 1.0813 	 3.0354 	 5.7113 	 2.1330 	 0.0000 	 0.0000 	 221.4557 	 38.0000 	 1.7257 	 4.1731 	 1.5865 	 1.1471 	 0.0000 	 1.2534 	 0.0095 
42.0000 	 1.2491 	 4.7494 	 6.5633 	 1.6424 	 0.0000 	 0.9459 	 217.8059 	 42.0000 	 0.3886 	 7.0799 	 2.8707 	 2.0020 	 0.0000 	 1.6667 	 0.3369 
39.0000 	 1.0914 	 2.2645 	 5.7718 	 2.1772 	 0.0000 	 0.9766 	 219.8805 	 39.0000 	 0.8846 	 4.4429 	 5.9929 	 4.5142 	 0.0000 	 0.5335 	 0.0079 
36.0000 	 1.1174 	 8.9149 	 7.7105 	 2.6776 	 0.0000 	 0.0000 	 225.3749 	 36.0000 	 2.4165 	 4.6032 	 3.6106 	 3.2413 	 0.0000 	 2.7117 	 0.0158 
35.0000 	 1.0540 	 3.6725 	 6.5041 	 1.8630 	 0.0000 	 0.8953 	 220.0204 	 35.0000 	 2.2901 	 2.6615 	 7.0164 	 1.6918 	 0.0000 	 1.1957 	 0.0090 
34.0000 	 1.2769 	 8.7939 	 13.2471 	 -0.3967 	 0.0000 	 0.0001 	 194.1986 	 34.0000 	 1.7398 	 0.4857 	 -6.3905 	 -0.7948 	 0.0000 	 1.5207 	 0.1969 
38.0000 	 0.9822 	 1.8812 	 4.7684 	 2.0351 	 0.0000 	 0.0000 	 224.8791 	 38.0000 	 1.5763 	 6.7745 	 -1.4547 	 -1.5613 	 0.0000 	 1.5796 	 0.8079 
42.0000 	 1.1557 	 6.2305 	 0.5859 	 4.0820 	 0.0000 	 0.0391 	 212.6170 	 42.0000 	 1.8009 	 7.0008 	 -9.5133 	 3.7404 	 0.0000 	 1.2249 	 0.2338 
34.0000 	 1.0026 	 2.3812 	 5.7487 	 2.0681 	 0.0000 	 0.9258 	 219.5531 	 34.0000 	 0.8802 	 4.6554 	 7.3301 	 -2.1101 	 0.0000 	 2.0233 	 0.0245 
40.0000 	 1.0893 	 10.4960 	 8.3188 	 2.1813 	 0.0000 	 0.0000 	 233.8649 	 40.0000 	 2.4073 	 1.4514 	 -3.0261 	 3.2343 	 0.0000 	 0.2588 	 0.1172 
38.0000 	 1.1762 	 5.4645 	 6.4148 	 2.4373 	 0.0000 	 0.0017 	 225.3300 	 38.0000 	 1.1841 	 5.4190 	 6.5602 	 2.3873 	 0.0000 	 2.3646 	 0.0151 
40.0000 	 0.0026 	 6.1914 	 -4.8047 	 -0.0977 	 0.0000 	 0.0000 	 301.9837 	 40.0000 	 2.8307 	 3.6247 	 -6.7551 	 -1.0182 	 0.0000 	 2.4324 	 0.1801 
37.0000 	 0.9611 	 0.8739 	 4.5422 	 2.3706 	 0.0000 	 0.2076 	 224.5284 	 37.0000 	 1.3214 	 7.2693 	 -0.6398 	 -1.0424 	 0.0000 	 0.5883 	 0.0184 
37.0000 	 1.0799 	 3.8770 	 5.9899 	 2.7859 	 0.0000 	 0.9013 	 221.2266 	 37.0000 	 1.1160 	 7.0725 	 9.7446 	 1.1467 	 0.0000 	 2.8472 	 0.0074 
37.0000 	 1.0278 	 4.3652 	 6.6895 	 0.5859 	 0.0000 	 0.0011 	 207.0259 	 37.0000 	 2.5703 	 2.0378 	 5.6861 	 -0.1537 	 0.0000 	 0.9183 	 0.2439 
32.0000 	 1.0171 	 14.5077 	 9.8753 	 2.6102 	 0.0000 	 0.0001 	 228.4650 	 32.0000 	 1.4244 	 2.4921 	 -8.2706 	 -2.7162 	 0.0000 	 2.7847 	 0.0234 
32.0000 	 0.0012 	 8.0040 	 13.0128 	 -1.7963 	 0.0000 	 6.0109 	 245.2332 	 32.0000 	 2.6640 	 7.3503 	 8.2526 	 -4.4124 	 0.0000 	 2.8844 	 0.0000 
41.0000 	 1.1156 	 2.6244 	 5.7942 	 1.7261 	 0.0000 	 0.0134 	 220.8945 	 41.0000 	 1.2048 	 6.0207 	 4.9893 	 -4.2051 	 0.0000 	 0.1610 	 0.0096 
38.0000 	 0.9955 	 1.3737 	 4.7533 	 1.7924 	 0.0000 	 0.0000 	 223.6868 	 38.0000 	 0.7144 	 6.9015 	 -2.2568 	 0.8264 	 0.0000 	 1.6614 	 0.0210 
38.0000 	 1.0743 	 3.2308 	 6.2321 	 1.1290 	 0.0000 	 0.0000 	 220.6885 	 38.0000 	 2.2052 	 0.0097 	 2.8576 	 3.2224 	 0.0000 	 2.7623 	 0.0085 
37.0000 	 1.1051 	 7.3529 	 7.6012 	 2.3518 	 0.0000 	 0.0067 	 225.3584 	 37.0000 	 2.7680 	 1.0236 	 -5.5592 	 2.6030 	 0.0000 	 1.7077 	 0.0122 
39.0000 	 1.1409 	 4.3235 	 7.0602 	 1.4865 	 0.0000 	 0.0006 	 221.2774 	 39.0000 	 2.1623 	 1.8931 	 7.6642 	 3.5424 	 0.0000 	 1.6880 	 0.0119 
40.0000 	 1.0731 	 2.4927 	 13.1187 	 0.0464 	 0.0000 	 5.9471 	 230.6697 	 40.0000 	 0.1563 	 4.4096 	 -1.0404 	 3.7703 	 0.0000 	 2.0231 	 0.0106 
36.0000 	 1.0240 	 1.5629 	 6.0587 	 2.7321 	 0.0000 	 1.6888 	 220.8160 	 36.0000 	 0.7913 	 1.6429 	 -0.1588 	 2.1773 	 0.0000 	 1.9903 	 0.0163 
35.0000 	 0.9431 	 1.7578 	 6.3281 	 0.9766 	 0.0000 	 2.8302 	 226.8335 	 35.0000 	 0.5971 	 0.5269 	 -7.3214 	 3.2504 	 0.0000 	 2.9257 	 0.0093 
37.0000 	 1.0589 	 2.7697 	 5.9547 	 1.6687 	 0.0000 	 0.7345 	 219.8209 	 37.0000 	 2.0866 	 0.8416 	 -7.1736 	 -1.8447 	 0.0000 	 0.4929 	 0.0072 
40.0000 	 1.1965 	 7.6488 	 6.7509 	 2.7278 	 0.0000 	 0.0000 	 228.2287 	 40.0000 	 0.1760 	 5.1940 	 -5.8397 	 2.5044 	 0.0000 	 0.6501 	 0.0163 
31.0000 	 0.9568 	 3.2746 	 6.3261 	 1.2712 	 0.0000 	 0.0251 	 220.4914 	 31.0000 	 2.5668 	 4.7216 	 1.3248 	 3.2889 	 0.0000 	 0.6237 	 0.0291 
34.0000 	 0.6464 	 1.4862 	 -3.0505 	 0.9520 	 0.0000 	 0.0001 	 244.6830 	 34.0000 	 1.4529 	 7.6051 	 -9.8592 	 -1.4617 	 0.0000 	 0.2538 	 0.0095 
31.0000 	 1.0345 	 6.2321 	 7.9820 	 1.5740 	 0.0000 	 0.0259 	 222.7170 	 31.0000 	 2.1082 	 6.9033 	 -4.4600 	 -0.5572 	 0.0000 	 1.2954 	 0.0502 
32.0000 	 0.0411 	 11.0291 	 10.0195 	 -2.6794 	 0.0000 	 0.0003 	 306.4987 	 32.0000 	 1.8853 	 6.6276 	 -0.9445 	 4.3243 	 0.0000 	 1.5977 	 0.0000 
28.0000 	 0.1145 	 3.8770 	 8.7039 	 -0.3955 	 0.0000 	 5.9151 	 243.7992 	 28.0000 	 1.7288 	 1.7443 	 -5.6968 	 -3.9083 	 0.0000 	 0.7606 	 0.0000 
28.0000 	 0.7477 	 0.0000 	 100.0000 	 -30.0000 	 0.0000 	 0.0000 	 296.7249 	 28.0000 	 2.7566 	 6.0613 	 2.7187 	 1.5030 	 0.0000 	 2.6685 	 0.0061 
28.0000 	 0.8137 	 2.8479 	 3.7256 	 3.3069 	 0.0000 	 0.0001 	 202.7629 	 28.0000 	 0.6042 	 9.9740 	 -3.0788 	 1.4573 	 0.0000 	 0.5066 	 0.3637 
31.0000 	 0.9779 	 3.6467 	 6.5363 	 1.7962 	 0.0000 	 0.8565 	 219.7505 	 31.0000 	 1.5511 	 6.0282 	 4.8245 	 1.8624 	 0.0000 	 0.9738 	 0.0064 
28.0000 	 0.5502 	 0.0357 	 -2.4283 	 3.2485 	 0.0000 	 0.0010 	 256.3615 	 28.0000 	 2.9456 	 2.9138 	 -4.4808 	 -0.8125 	 0.0000 	 2.7211 	 0.0262 
36.0000 	 1.1027 	 8.3112 	 7.5788 	 2.6411 	 0.0000 	 0.0275 	 225.1312 	 36.0000 	 2.8644 	 7.6912 	 -9.7156 	 -4.0854 	 0.0000 	 2.4557 	 0.0123 
34.0000 	 1.0126 	 2.7449 	 5.9802 	 1.9050 	 0.0000 	 0.8749 	 219.5878 	 34.0000 	 1.2822 	 6.5226 	 -5.8438 	 2.5381 	 0.0000 	 1.1444 	 0.0069 
33.0000 	 1.0525 	 5.6329 	 7.8767 	 1.4952 	 0.0000 	 0.0344 	 222.1220 	 33.0000 	 2.8939 	 7.4186 	 -0.7392 	 -1.8043 	 0.0000 	 1.3595 	 0.0098 
34.0000 	 0.9964 	 2.6989 	 5.7993 	 1.5328 	 0.0000 	 0.3551 	 220.1360 	 34.0000 	 0.3565 	 0.5220 	 7.9002 	 3.7769 	 0.0000 	 2.8160 	 0.0082 
34.0000 	 1.0886 	 8.0103 	 8.5167 	 1.9188 	 0.0000 	 0.0000 	 223.9108 	 34.0000 	 1.2030 	 1.8066 	 8.1753 	 1.6771 	 0.0000 	 2.1458 	 0.0131 
36.0000 	 1.0979 	 7.6449 	 6.5611 	 3.7771 	 0.0000 	 0.2072 	 228.0115 	 36.0000 	 1.7466 	 1.4219 	 -5.4051 	 1.5331 	 0.0000 	 0.5502 	 0.0350 
32.0000 	 0.9249 	 6.6650 	 2.8613 	 1.1035 	 0.0000 	 0.0006 	 243.1593 	 32.0000 	 2.0010 	 4.6255 	 -5.6304 	 -1.0101 	 0.0000 	 2.3876 	 0.0222 
28.0000 	 0.9061 	 3.2556 	 6.2609 	 1.7277 	 0.0000 	 0.8298 	 219.2839 	 28.0000 	 0.8586 	 3.7236 	 0.6995 	 -1.8104 	 0.0000 	 1.1381 	 0.0052 
32.0000 	 0.9766 	 3.1257 	 6.1537 	 1.4813 	 0.0000 	 0.5553 	 219.6070 	 32.0000 	 1.1205 	 5.0739 	 -8.1593 	 -0.8296 	 0.0000 	 1.8131 	 0.0064 
32.0000 	 1.0191 	 4.4314 	 6.9545 	 2.0366 	 0.0000 	 1.0048 	 220.4747 	 32.0000 	 2.1899 	 1.7315 	 2.7165 	 4.7448 	 0.0000 	 1.5524 	 0.0069 
25.0000 	 0.8121 	 4.4385 	 7.4658 	 1.8945 	 0.0000 	 0.3412 	 229.4734 	 25.0000 	 1.9192 	 3.5443 	 -4.3659 	 3.7751 	 0.0000 	 2.8162 	 0.2376 
33.0000 	 0.6706 	 0.0598 	 4.8486 	 2.3157 	 0.0000 	 0.2550 	 206.4031 	 33.0000 	 2.5179 	 3.0414 	 9.1274 	 -1.9438 	 0.0000 	 2.7635 	 0.1312 
29.0000 	 0.0013 	 8.4863 	 -2.3633 	 -0.1660 	 0.0000 	 0.0002 	 302.6950 	 29.0000 	 1.8290 	 3.8290 	 5.8462 	 -4.7452 	 0.0000 	 2.3358 	 0.2442 
33.0000 	 0.0011 	 10.2793 	 14.4188 	 -3.3640 	 0.0000 	 6.0097 	 245.2337 	 33.0000 	 2.5323 	 2.7281 	 1.0992 	 -4.8989 	 0.0000 	 0.0144 	 0.0000 
32.0000 	 0.8230 	 7.3616 	 8.6511 	 -0.2237 	 0.0000 	 8.5599 	 237.1917 	 32.0000 	 1.5684 	 6.2769 	 -8.8512 	 -4.1457 	 0.0000 	 0.6669 	 0.0174 
32.0000 	 1.0118 	 4.6130 	 6.8473 	 1.8166 	 0.0000 	 0.0180 	 221.2242 	 32.0000 	 2.6316 	 7.1912 	 -2.4692 	 4.1454 	 0.0000 	 2.8862 	 0.0124 
29.0000 	 0.9129 	 0.9491 	 5.9703 	 4.0489 	 0.0000 	 1.5082 	 219.6496 	 29.0000 	 0.5269 	 6.8322 	 7.0774 	 1.5618 	 0.0000 	 1.9501 	 0.0106 
23.0000 	 0.7703 	 1.8119 	 5.6267 	 2.6141 	 0.0000 	 1.0622 	 218.6012 	 23.0000 	 0.6190 	 9.9395 	 -7.0600 	 4.3280 	 0.0000 	 1.9373 	 0.0053 
28.0000 	 0.7873 	 0.1128 	 5.5247 	 4.0870 	 0.0000 	 1.6145 	 222.4401 	 28.0000 	 2.1474 	 7.8523 	 6.3491 	 -3.4567 	 0.0000 	 1.2711 	 0.0224 
22.0000 	 0.7578 	 3.4454 	 5.7966 	 1.9428 	 0.0000 	 0.0001 	 219.2974 	 22.0000 	 1.2822 	 6.8317 	 -7.6329 	 -4.6098 	 0.0000 	 0.7155 	 0.0230 
21.0000 	 0.0779 	 3.6621 	 6.6602 	 -0.4590 	 0.0000 	 0.0008 	 297.5123 	 21.0000 	 2.0690 	 7.0876 	 -3.3007 	 0.6465 	 0.0000 	 0.1581 	 0.1057 
19.0000 	 0.0962 	 1.0156 	 9.2188 	 -0.5469 	 0.0000 	 0.0000 	 289.9214 	 19.0000 	 1.3061 	 9.9783 	 -9.3943 	 0.0975 	 0.0000 	 1.8678 	 0.1216 
26.0000 	 0.4740 	 6.9922 	 -0.3906 	 -0.0391 	 0.0000 	 0.0018 	 288.4753 	 26.0000 	 0.0581 	 0.7663 	 -2.1813 	 -2.4883 	 0.0000 	 0.2081 	 0.1001 
18.0000 	 0.0192 	 6.1914 	 -4.8047 	 -0.0977 	 0.0000 	 0.0000 	 298.6004 	 18.0000 	 1.4149 	 4.5154 	 -8.5499 	 -0.2844 	 0.0000 	 1.9940 	 0.1059 
16.0000 	 0.0043 	 5.5737 	 11.3306 	 -2.9712 	 0.0000 	 0.0006 	 306.4988 	 16.0000 	 2.3310 	 6.9551 	 2.1551 	 0.9143 	 0.0000 	 1.4597 	 0.0000 
21.0000 	 0.7276 	 2.6534 	 5.9038 	 1.7603 	 0.0000 	 0.7463 	 218.4172 	 21.0000 	 2.7124 	 9.9652 	 4.2738 	 1.9956 	 0.0000 	 1.4453 	 0.0062 
23.0000 	 0.8150 	 4.2455 	 7.2126 	 1.1737 	 0.0000 	 0.0016 	 220.5700 	 23.0000 	 0.2320 	 0.2627 	 -8.9151 	 -4.7000 	 0.0000 	 2.0270 	 0.0183 
29.0000 	 0.9018 	 1.9047 	 5.6575 	 2.5582 	 0.0000 	 1.0693 	 219.1922 	 29.0000 	 1.9447 	 2.4116 	 -9.4670 	 3.2073 	 0.0000 	 2.3519 	 0.0075 
27.0000 	 0.9211 	 5.0280 	 7.4209 	 1.2897 	 0.0000 	 0.5761 	 221.2185 	 27.0000 	 1.6517 	 0.2915 	 3.8830 	 2.5783 	 0.0000 	 1.6494 	 0.0087 
14.0000 	 0.5057 	 2.7579 	 6.4684 	 0.8656 	 0.0000 	 0.4830 	 219.7074 	 14.0000 	 2.4219 	 9.7568 	 -9.8074 	 4.0327 	 0.0000 	 1.1921 	 0.0140 
33.0000 	 0.8828 	 2.0999 	 4.5488 	 0.9786 	 0.0000 	 0.0000 	 226.7376 	 33.0000 	 1.9463 	 4.6496 	 8.0301 	 0.3830 	 0.0000 	 0.5051 	 0.0295 
36.0000 	 0.9911 	 1.4878 	 5.0334 	 2.0954 	 0.0000 	 0.3242 	 221.8868 	 36.0000 	 2.5249 	 3.5819 	 -6.1056 	 1.4336 	 0.0000 	 0.7510 	 0.0159 
34.0000 	 1.0938 	 11.8787 	 7.0043 	 12.4761 	 0.0000 	 1.5617 	 224.0727 	 34.0000 	 2.5310 	 8.2423 	 -8.2087 	 -4.7589 	 0.0000 	 1.8983 	 0.0258 
28.0000 	 0.0023 	 10.2997 	 14.3770 	 -3.3220 	 0.0000 	 6.0176 	 245.2335 	 28.0000 	 0.7706 	 9.9318 	 4.6248 	 -3.7407 	 0.0000 	 0.9888 	 0.0000 
30.0000 	 0.9237 	 2.7713 	 6.3245 	 1.1835 	 0.0000 	 0.4125 	 220.1384 	 30.0000 	 2.5779 	 1.1583 	 2.5870 	 -1.9721 	 0.0000 	 2.1501 	 0.0195 
26.0000 	 0.0010 	 11.3623 	 -7.6123 	 -0.2930 	 0.0000 	 0.0048 	 304.2411 	 26.0000 	 0.1731 	 0.3545 	 1.1014 	 -0.7494 	 0.0000 	 2.3224 	 0.1212 
23.0000 	 0.6805 	 4.8462 	 5.9912 	 3.1287 	 0.0000 	 0.0001 	 226.7086 	 23.0000 	 1.6467 	 4.2388 	 4.7599 	 -2.0297 	 0.0000 	 1.2836 	 0.2090 
30.0000 	 0.9095 	 2.6238 	 5.7965 	 1.5347 	 0.0000 	 0.0000 	 220.2036 	 30.0000 	 1.0517 	 5.7857 	 -0.7616 	 -2.1685 	 0.0000 	 1.0113 	 0.0111 
13.0000 	 0.4338 	 1.7208 	 9.0399 	 3.1874 	 0.0000 	 3.9824 	 243.6076 	 13.0000 	 0.7457 	 6.1541 	 -9.7162 	 -1.8028 	 0.0000 	 2.3896 	 0.0367 
33.0000 	 1.0079 	 4.8870 	 7.0276 	 1.8314 	 0.0000 	 0.0000 	 222.0260 	 33.0000 	 0.1720 	 9.9136 	 -6.4790 	 -0.4999 	 0.0000 	 1.7794 	 0.2881 
27.0000 	 0.8341 	 2.4524 	 5.6326 	 1.2275 	 0.0000 	 0.6008 	 220.1325 	 27.0000 	 0.5782 	 4.5565 	 -2.5457 	 3.3584 	 0.0000 	 0.7247 	 0.0085 
27.0000 	 0.7408 	 7.2914 	 15.1399 	 -3.2169 	 0.0000 	 5.9053 	 236.0696 	 27.0000 	 1.7420 	 0.5525 	 -3.3214 	 -1.4439 	 0.0000 	 2.3530 	 0.0061 
29.0000 	 0.9157 	 2.8203 	 5.8934 	 1.9920 	 0.0000 	 0.8418 	 219.2585 	 29.0000 	 0.9954 	 6.6609 	 0.7120 	 1.3172 	 0.0000 	 0.6200 	 0.0074 
19.0000 	 0.6844 	 3.3978 	 6.4568 	 1.0962 	 0.0000 	 0.0000 	 219.0362 	 19.0000 	 2.2430 	 7.4974 	 0.7464 	 3.0652 	 0.0000 	 0.8546 	 0.0093 
28.0000 	 0.9423 	 5.4268 	 7.5448 	 1.5678 	 0.0000 	 0.0008 	 221.5640 	 28.0000 	 0.1683 	 8.3911 	 0.8846 	 1.0667 	 0.0000 	 2.1640 	 0.0155 
28.0000 	 0.8744 	 2.4191 	 5.4387 	 1.9583 	 0.0000 	 0.0080 	 220.5450 	 28.0000 	 0.8273 	 3.9682 	 0.0338 	 1.2589 	 0.0000 	 2.4243 	 0.0142 
21.0000 	 0.7184 	 4.3939 	 5.4089 	 2.6565 	 0.0000 	 0.0000 	 226.9540 	 21.0000 	 2.5687 	 0.1850 	 5.7038 	 3.1645 	 0.0000 	 1.2887 	 0.0771 
18.0000 	 0.0803 	 7.6855 	 8.1445 	 -3.3887 	 0.0000 	 0.1272 	 300.9943 	 18.0000 	 2.0041 	 2.1552 	 -6.4617 	 4.5578 	 0.0000 	 1.6611 	 0.0963 
27.0000 	 0.9259 	 6.9403 	 6.8176 	 2.8114 	 0.0000 	 0.8128 	 222.7724 	 27.0000 	 0.9993 	 3.8961 	 4.2588 	 2.6367 	 0.0000 	 0.1588 	 0.0133 
12.0000 	 0.5273 	 16.5316 	 10.6263 	 2.6380 	 0.0000 	 0.0766 	 225.9017 	 12.0000 	 2.1156 	 8.5536 	 -1.3138 	 3.8530 	 0.0000 	 1.4336 	 0.0257 
24.0000 	 0.8264 	 0.0698 	 6.1340 	 5.4040 	 0.0000 	 1.8331 	 222.4728 	 24.0000 	 0.5661 	 1.1187 	 -9.2851 	 -2.9609 	 0.0000 	 0.2182 	 0.0363 
30.0000 	 0.9542 	 3.7355 	 6.5507 	 1.5542 	 0.0000 	 0.0016 	 220.3361 	 30.0000 	 2.8329 	 9.0142 	 7.8223 	 -4.4817 	 0.0000 	 0.4768 	 0.0083 
34.0000 	 0.0026 	 6.1914 	 -9.8047 	 -0.0977 	 0.0000 	 0.0000 	 305.1832 	 34.0000 	 1.8969 	 1.3068 	 3.3312 	 -3.9981 	 0.0000 	 0.0237 	 0.0889 
25.0000 	 0.8257 	 10.8691 	 7.4023 	 -0.2832 	 0.0000 	 0.0000 	 242.4657 	 25.0000 	 1.6098 	 9.6305 	 -8.9371 	 2.1778 	 0.0000 	 0.8159 	 0.0833 
9.0000 	 0.0010 	 10.4468 	 6.5198 	 -1.4224 	 0.0000 	 0.0099 	 306.4988 	 9.0000 	 1.8393 	 2.6781 	 1.7234 	 0.3470 	 0.0000 	 2.1481 	 0.0000 
19.0000 	 0.7567 	 9.8209 	 8.7179 	 2.2990 	 0.0000 	 0.8117 	 222.6027 	 19.0000 	 2.8066 	 2.8963 	 -7.0305 	 4.0432 	 0.0000 	 0.6446 	 0.0444 
25.0000 	 0.8460 	 3.4934 	 6.4432 	 2.0458 	 0.0000 	 1.0133 	 219.2860 	 25.0000 	 2.1541 	 3.2683 	 2.8172 	 2.9089 	 0.0000 	 0.4947 	 0.0069 
29.0000 	 0.9141 	 3.3055 	 6.2229 	 1.4012 	 0.0000 	 0.7755 	 219.7335 	 29.0000 	 0.6753 	 3.4222 	 -1.9735 	 4.3180 	 0.0000 	 1.4046 	 0.0066 
15.0000 	 0.5425 	 5.9390 	 8.0676 	 1.6077 	 0.0000 	 0.1625 	 226.5684 	 15.0000 	 0.5282 	 7.9370 	 7.7381 	 2.1214 	 0.0000 	 0.0987 	 0.0530 
27.0000 	 0.8768 	 2.7372 	 5.4654 	 2.7543 	 0.0000 	 0.0342 	 222.9117 	 27.0000 	 2.3067 	 7.5096 	 -1.5969 	 4.5926 	 0.0000 	 2.8117 	 0.0126 
25.0000 	 0.8302 	 3.7623 	 6.9002 	 1.0890 	 0.0000 	 0.0090 	 220.2785 	 25.0000 	 1.4836 	 3.4932 	 6.5346 	 -1.2421 	 0.0000 	 1.8754 	 0.1766 
26.0000 	 0.8994 	 5.6718 	 6.1714 	 3.5672 	 0.0000 	 0.1689 	 227.2471 	 26.0000 	 2.8267 	 1.0757 	 -5.6133 	 -3.6508 	 0.0000 	 0.2259 	 0.0243 
30.0000 	 0.9468 	 3.5153 	 6.5664 	 1.4494 	 0.0000 	 0.0000 	 220.2190 	 30.0000 	 2.3331 	 8.6122 	 -1.9193 	 -2.9778 	 0.0000 	 0.9656 	 0.0087 
32.0000 	 0.9748 	 3.1233 	 5.9773 	 1.5658 	 0.0000 	 0.0000 	 220.5273 	 32.0000 	 0.1401 	 3.9493 	 -8.5911 	 0.5764 	 0.0000 	 0.4071 	 0.0133 
23.0000 	 0.6770 	 2.3788 	 2.3584 	 2.3236 	 0.0000 	 0.0070 	 244.6407 	 23.0000 	 2.0026 	 0.4175 	 6.4892 	 2.3312 	 0.0000 	 1.4672 	 0.2764 
18.0000 	 0.0055 	 6.3696 	 -2.6978 	 -0.0269 	 0.0000 	 0.0001 	 304.7762 	 18.0000 	 2.9375 	 8.3357 	 4.6024 	 -3.7573 	 0.0000 	 0.4495 	 0.2229 
25.0000 	 0.9199 	 6.2405 	 9.1540 	 -0.5319 	 0.0000 	 0.0140 	 240.9740 	 25.0000 	 0.0647 	 7.9630 	 -2.9600 	 -4.5566 	 0.0000 	 1.8370 	 0.0762 
25.0000 	 0.0060 	 14.6942 	 -0.4596 	 -0.3281 	 0.0000 	 0.0000 	 306.4988 	 25.0000 	 2.5337 	 4.5686 	 -4.0005 	 -3.9327 	 0.0000 	 1.8561 	 0.0000 
8.0000 	 0.3069 	 2.8992 	 6.0578 	 1.4872 	 0.0000 	 0.1060 	 217.0746 	 8.0000 	 2.0884 	 8.9745 	 7.7420 	 -0.5099 	 0.0000 	 0.2289 	 0.0052 
26.0000 	 0.9073 	 4.7121 	 8.2465 	 0.9899 	 0.0000 	 0.0754 	 222.0294 	 26.0000 	 1.3212 	 8.0176 	 0.1945 	 -2.7953 	 0.0000 	 2.0947 	 0.0181 
25.0000 	 0.7692 	 1.6450 	 5.0608 	 1.6270 	 0.0000 	 0.0130 	 221.3515 	 25.0000 	 0.5796 	 0.8782 	 -3.8454 	 3.6373 	 0.0000 	 2.0531 	 0.0196 
21.0000 	 0.0093 	 7.9600 	 1.0118 	 -0.9140 	 0.0000 	 0.0406 	 297.9312 	 21.0000 	 1.2720 	 7.6473 	 5.4481 	 -4.3035 	 0.0000 	 2.9973 	 0.0021 
15.0000 	 0.5686 	 3.2010 	 6.5678 	 1.2712 	 0.0000 	 0.0002 	 218.6063 	 15.0000 	 1.8008 	 9.3395 	 3.9450 	 -0.1170 	 0.0000 	 0.6093 	 0.0131 
16.0000 	 0.3662 	 8.2910 	 -8.6914 	 0.1074 	 0.0000 	 3.2266 	 247.2483 	 16.0000 	 0.9579 	 1.4833 	 -0.8617 	 2.4086 	 0.0000 	 0.5725 	 0.0119 
31.0000 	 0.9862 	 3.9552 	 7.1224 	 1.0018 	 0.0000 	 0.0066 	 220.9617 	 31.0000 	 2.9949 	 9.7085 	 7.3105 	 3.6337 	 0.0000 	 1.9753 	 0.6884 
24.0000 	 0.7912 	 2.9493 	 6.1470 	 1.1521 	 0.0000 	 0.1505 	 219.6779 	 24.0000 	 1.9645 	 1.0337 	 -5.2954 	 -2.5553 	 0.0000 	 1.3384 	 0.0140 
26.0000 	 0.8667 	 3.6645 	 6.2160 	 1.5404 	 0.0000 	 1.0090 	 220.3245 	 26.0000 	 0.9314 	 1.4598 	 8.2528 	 -0.2344 	 0.0000 	 0.7991 	 0.0071 
25.0000 	 0.5587 	 0.5191 	 -0.8679 	 2.0496 	 0.0000 	 0.5979 	 209.8460 	 25.0000 	 1.4482 	 0.6013 	 4.6215 	 -2.2185 	 0.0000 	 0.0726 	 1.7525 
7.0000 	 0.2762 	 4.2332 	 6.7389 	 1.7163 	 0.0000 	 0.0021 	 217.8439 	 7.0000 	 0.9890 	 3.8513 	 4.7354 	 -0.0591 	 0.0000 	 2.7785 	 0.0079 
14.0000 	 0.0962 	 1.0156 	 9.2188 	 -0.5469 	 0.0000 	 0.0000 	 302.9674 	 14.0000 	 1.5712 	 2.7980 	 -9.5865 	 -4.6511 	 0.0000 	 1.9230 	 0.0653 
29.0000 	 1.0171 	 12.1180 	 9.9232 	 2.2116 	 0.0000 	 0.6476 	 224.8890 	 29.0000 	 2.5488 	 8.2985 	 -4.1760 	 1.8898 	 0.0000 	 1.2952 	 0.0098 
22.0000 	 0.0461 	 2.9834 	 11.9629 	 -1.9141 	 0.0000 	 4.0291 	 251.5234 	 22.0000 	 0.3184 	 2.9842 	 9.4259 	 -4.4205 	 0.0000 	 2.4485 	 0.0980 
24.0000 	 0.8354 	 1.4317 	 5.8849 	 5.2689 	 0.0000 	 1.2807 	 219.6948 	 24.0000 	 0.9257 	 5.4149 	 -8.5575 	 -3.9678 	 0.0000 	 0.1966 	 0.1483 
13.0000 	 0.5329 	 5.5841 	 6.9387 	 1.8161 	 0.0000 	 1.2412 	 221.0514 	 13.0000 	 1.2245 	 7.6787 	 0.4108 	 2.9070 	 0.0000 	 0.0463 	 0.0093 
13.0000 	 0.4967 	 2.7970 	 5.9880 	 1.5149 	 0.0000 	 0.0027 	 217.9891 	 13.0000 	 2.7816 	 7.5481 	 -6.5572 	 0.3873 	 0.0000 	 2.8671 	 0.0073 
5.0000 	 0.1613 	 1.7765 	 5.5676 	 2.6665 	 0.0000 	 1.0529 	 215.6662 	 5.0000 	 2.8579 	 7.1568 	 7.7729 	 -1.3952 	 0.0000 	 0.2099 	 0.0019 
11.0000 	 0.4348 	 3.0333 	 6.0083 	 1.7225 	 0.0000 	 0.0000 	 217.7641 	 11.0000 	 2.1322 	 1.0139 	 2.2720 	 0.3985 	 0.0000 	 0.7060 	 0.0116 
12.0000 	 0.4342 	 1.8571 	 5.1557 	 1.7856 	 0.0000 	 0.0008 	 218.7311 	 12.0000 	 1.6722 	 8.1065 	 -2.9101 	 0.5142 	 0.0000 	 2.6637 	 0.0098 
3.0000 	 0.0517 	 2.6173 	 11.8918 	 -0.1311 	 0.0000 	 5.0557 	 227.6138 	 3.0000 	 0.8790 	 2.4236 	 -8.2449 	 -4.7954 	 0.0000 	 0.9835 	 0.0067 
27.0000 	 0.8789 	 2.9521 	 5.7331 	 1.6913 	 0.0000 	 0.0085 	 220.5408 	 27.0000 	 2.8506 	 1.9164 	 -8.7678 	 2.8844 	 0.0000 	 0.4353 	 0.1128 
22.0000 	 0.8239 	 11.5855 	 8.8923 	 2.5603 	 0.0000 	 0.4075 	 224.9019 	 22.0000 	 2.4021 	 8.0855 	 -6.4206 	 -2.0730 	 0.0000 	 2.0285 	 0.0105 
10.0000 	 0.4009 	 3.8785 	 6.2744 	 1.8647 	 0.0000 	 0.0005 	 218.3329 	 10.0000 	 2.7183 	 5.0115 	 -3.6167 	 4.9714 	 0.0000 	 0.7898 	 0.0180 
22.0000 	 0.7536 	 2.8023 	 5.8148 	 1.7202 	 0.0000 	 0.0175 	 219.4602 	 22.0000 	 2.6078 	 7.8513 	 1.9731 	 -4.3946 	 0.0000 	 2.1460 	 0.0095 
20.0000 	 0.6156 	 6.1411 	 6.8701 	 1.2747 	 0.0000 	 0.0083 	 212.2542 	 20.0000 	 2.2641 	 9.8496 	 5.3983 	 -4.6065 	 0.0000 	 0.7629 	 1.7226 
21.0000 	 0.7264 	 2.4818 	 5.7136 	 1.8655 	 0.0000 	 0.7726 	 218.4286 	 21.0000 	 0.0494 	 9.3529 	 -8.0469 	 -1.9650 	 0.0000 	 1.0398 	 0.0046 
21.0000 	 0.7194 	 2.0284 	 5.5191 	 2.2513 	 0.0000 	 0.9081 	 218.4217 	 21.0000 	 0.3189 	 3.8637 	 2.2077 	 -1.5882 	 0.0000 	 2.2926 	 0.0049 
21.0000 	 0.7268 	 2.7876 	 5.9184 	 1.6404 	 0.0000 	 0.6746 	 218.4597 	 21.0000 	 2.6095 	 7.5786 	 -8.4898 	 -1.7849 	 0.0000 	 0.0578 	 0.0096 
26.0000 	 0.0010 	 2.0264 	 15.9295 	 -1.3137 	 0.0000 	 6.0154 	 245.2312 	 26.0000 	 2.3400 	 8.9087 	 -4.8583 	 -2.5919 	 0.0000 	 0.6388 	 0.0000 
19.0000 	 0.7145 	 5.3536 	 7.0885 	 1.8774 	 0.0000 	 0.0000 	 220.7121 	 19.0000 	 1.3988 	 6.6728 	 0.6987 	 -4.6580 	 0.0000 	 0.2353 	 0.0127 
19.0000 	 0.6782 	 2.4931 	 5.8854 	 2.0122 	 0.0000 	 0.9059 	 218.1069 	 19.0000 	 0.8040 	 7.3104 	 9.3816 	 -2.8865 	 0.0000 	 2.8925 	 0.0059 
19.0000 	 0.6860 	 3.4256 	 6.2561 	 1.1957 	 0.0000 	 0.0026 	 219.0196 	 19.0000 	 1.3263 	 4.5474 	 -4.4078 	 -3.1563 	 0.0000 	 0.8510 	 0.0189 
24.0000 	 0.7226 	 7.6749 	 1.6377 	 -0.1479 	 0.0000 	 0.0015 	 238.0212 	 24.0000 	 0.8733 	 6.9637 	 1.4345 	 3.0076 	 0.0000 	 1.2235 	 0.0260 
7.0000 	 0.2786 	 3.8377 	 6.3174 	 1.4614 	 0.0000 	 0.0004 	 217.7209 	 7.0000 	 2.7028 	 0.3048 	 -9.0100 	 -2.3611 	 0.0000 	 0.9146 	 0.1341 
18.0000 	 0.0015 	 12.3064 	 2.3885 	 -1.1678 	 0.0000 	 0.0000 	 306.4988 	 18.0000 	 1.4588 	 7.8469 	 8.5825 	 3.1946 	 0.0000 	 1.8108 	 0.0000 
20.0000 	 0.7105 	 3.4677 	 6.4530 	 1.1382 	 0.0000 	 0.0002 	 219.1409 	 20.0000 	 0.2944 	 5.4773 	 -6.3337 	 0.2847 	 0.0000 	 2.9219 	 0.0083 
5.0000 	 0.0344 	 14.2188 	 11.8359 	 -2.6953 	 0.0000 	 6.2596 	 243.8539 	 5.0000 	 2.6942 	 3.8168 	 -0.3030 	 -1.2209 	 0.0000 	 1.3687 	 0.5920 
7.0000 	 0.2627 	 1.4370 	 5.6247 	 3.3199 	 0.0000 	 1.1456 	 215.9829 	 7.0000 	 0.9864 	 1.2408 	 5.2331 	 2.7068 	 0.0000 	 1.5335 	 0.0023 
18.0000 	 0.6377 	 2.6849 	 5.8934 	 1.5005 	 0.0000 	 0.0000 	 218.8367 	 18.0000 	 0.9612 	 5.4923 	 -5.7966 	 -0.6567 	 0.0000 	 2.5942 	 0.0106 
25.0000 	 0.7178 	 0.0000 	 15.6884 	 -8.1166 	 0.0000 	 5.0604 	 233.9742 	 25.0000 	 0.5813 	 3.1830 	 9.9215 	 -4.9233 	 0.0000 	 2.6457 	 0.0091 
17.0000 	 0.6125 	 2.6206 	 5.7212 	 1.6687 	 0.0000 	 0.0086 	 218.7868 	 17.0000 	 2.5164 	 0.8720 	 1.0999 	 2.3927 	 0.0000 	 0.9727 	 0.0085 
3.0000 	 0.0506 	 4.2941 	 5.9460 	 -0.0931 	 0.0000 	 0.0040 	 231.2840 	 3.0000 	 2.8784 	 6.7083 	 -8.7200 	 1.7963 	 0.0000 	 0.6318 	 0.0409 
26.0000 	 0.8447 	 2.5668 	 5.8578 	 1.9591 	 0.0000 	 0.8436 	 218.9289 	 26.0000 	 2.7077 	 1.8863 	 -1.5587 	 1.3948 	 0.0000 	 2.4135 	 0.0052 
16.0000 	 0.6868 	 13.8404 	 9.9760 	 2.4072 	 0.0000 	 0.0111 	 226.4128 	 16.0000 	 0.7890 	 6.2150 	 -9.1745 	 -2.9271 	 0.0000 	 1.6842 	 0.0134 
27.0000 	 0.8494 	 2.9134 	 6.0732 	 1.2412 	 0.0000 	 0.0000 	 220.2978 	 27.0000 	 0.0528 	 6.9821 	 7.6491 	 -1.9794 	 0.0000 	 2.1413 	 0.0471 
15.0000 	 0.5608 	 2.5001 	 5.8549 	 1.9208 	 0.0000 	 0.8956 	 217.4862 	 15.0000 	 0.0671 	 1.7984 	 -3.4819 	 -2.7647 	 0.0000 	 2.1928 	 0.0052 
4.0000 	 0.1403 	 10.4503 	 9.7652 	 1.9110 	 0.0000 	 0.0000 	 223.7079 	 4.0000 	 1.0256 	 9.5747 	 4.0995 	 -4.5670 	 0.0000 	 2.1442 	 0.1757 
19.0000 	 0.6939 	 3.7685 	 6.1961 	 2.0670 	 0.0000 	 0.0000 	 219.9960 	 19.0000 	 2.7636 	 6.5362 	 3.0825 	 1.5810 	 0.0000 	 2.0815 	 0.0080 
23.0000 	 0.7817 	 2.2215 	 5.7637 	 2.2682 	 0.0000 	 0.9771 	 218.6335 	 23.0000 	 2.7835 	 7.3930 	 4.9531 	 -2.5740 	 0.0000 	 1.1409 	 0.0071 
17.0000 	 0.6844 	 8.6511 	 8.7989 	 1.9863 	 0.0000 	 0.8246 	 221.9341 	 17.0000 	 1.1327 	 4.5610 	 -1.6673 	 -1.5210 	 0.0000 	 2.9105 	 0.0066 
2.0000 	 0.0737 	 95.5440 	 94.8833 	 28.4629 	 0.0000 	 3.6353 	 354.9069 	 2.0000 	 1.5437 	 2.0566 	 2.8343 	 -1.3658 	 0.0000 	 0.5713 	 0.9817 
17.0000 	 0.6497 	 4.3891 	 7.0977 	 1.4957 	 0.0000 	 0.0000 	 219.5421 	 17.0000 	 0.8794 	 8.8931 	 -6.5222 	 -4.9644 	 0.0000 	 1.6424 	 0.0082 
18.0000 	 0.6672 	 3.8128 	 6.6919 	 1.4929 	 0.0000 	 0.0002 	 219.1968 	 18.0000 	 0.1673 	 2.1537 	 6.8899 	 2.9142 	 0.0000 	 0.4687 	 0.0080 
24.0000 	 0.0013 	 11.2677 	 10.8662 	 -4.9961 	 0.0000 	 0.0002 	 306.4988 	 24.0000 	 0.5117 	 5.8983 	 -6.0360 	 -2.6538 	 0.0000 	 2.9172 	 0.0000 
17.0000 	 0.6595 	 4.8254 	 6.5625 	 3.8977 	 0.0000 	 0.8312 	 221.4417 	 17.0000 	 1.4512 	 8.8792 	 3.1634 	 2.6435 	 0.0000 	 0.1533 	 0.0075 
4.0000 	 0.1251 	 9.4775 	 8.0591 	 2.6099 	 0.0000 	 0.0037 	 222.8486 	 4.0000 	 0.0192 	 2.3110 	 6.2910 	 0.7508 	 0.0000 	 1.1468 	 0.0122 
13.0000 	 0.5578 	 30.4863 	 7.4158 	 23.8771 	 0.0000 	 1.6790 	 223.2578 	 13.0000 	 2.4297 	 9.1366 	 -1.6267 	 0.7990 	 0.0000 	 1.3947 	 0.0102 
23.0000 	 0.7775 	 3.0870 	 6.3455 	 1.3354 	 0.0000 	 0.0010 	 219.5153 	 23.0000 	 2.7916 	 2.8490 	 8.6120 	 -2.4911 	 0.0000 	 1.5604 	 0.0495 
2.0000 	 0.0191 	 6.0352 	 6.9183 	 -0.1810 	 0.0000 	 0.0507 	 234.4610 	 2.0000 	 0.3884 	 8.9588 	 8.8216 	 -0.9589 	 0.0000 	 2.7612 	 0.2124 
15.0000 	 0.5645 	 0.4195 	 5.6201 	 5.6636 	 0.0000 	 1.2715 	 216.8502 	 15.0000 	 0.5436 	 6.2440 	 9.4550 	 2.9877 	 0.0000 	 2.6804 	 0.0102 
17.0000 	 0.6126 	 2.5377 	 5.7615 	 1.5862 	 0.0000 	 0.0002 	 218.7031 	 17.0000 	 0.8991 	 9.5136 	 -9.8121 	 -0.7776 	 0.0000 	 2.2799 	 0.0134 
18.0000 	 0.6679 	 4.1376 	 6.5093 	 1.5128 	 0.0000 	 0.0000 	 220.0436 	 18.0000 	 0.2287 	 2.0749 	 3.0904 	 -2.6979 	 0.0000 	 2.0926 	 0.0156 
20.0000 	 0.7117 	 3.3309 	 6.4985 	 1.0955 	 0.0000 	 0.0005 	 219.3368 	 20.0000 	 2.6493 	 0.7912 	 -4.3760 	 -0.8975 	 0.0000 	 0.0344 	 0.0180 
14.0000 	 0.4270 	 1.1029 	 4.0356 	 4.5776 	 0.0000 	 0.0177 	 246.8033 	 14.0000 	 1.7698 	 3.6306 	 2.3334 	 3.8840 	 0.0000 	 0.8098 	 0.0304 
17.0000 	 0.6254 	 2.8684 	 6.0090 	 1.5517 	 0.0000 	 0.7587 	 217.9675 	 17.0000 	 2.8186 	 0.7422 	 0.7684 	 3.0921 	 0.0000 	 0.3123 	 0.0118 
16.0000 	 0.5882 	 2.1848 	 5.6894 	 2.1470 	 0.0000 	 0.9704 	 217.6332 	 16.0000 	 2.5954 	 1.9086 	 9.0367 	 -4.1101 	 0.0000 	 2.7439 	 0.0060 
16.0000 	 0.0720 	 5.3223 	 9.1211 	 -1.2988 	 0.0000 	 0.0002 	 305.0222 	 16.0000 	 1.3182 	 4.8138 	 -3.7935 	 0.1728 	 0.0000 	 0.7570 	 0.1871 
23.0000 	 0.8358 	 5.8722 	 7.0400 	 2.6008 	 0.0000 	 0.9689 	 220.6732 	 23.0000 	 2.9839 	 7.7758 	 7.9285 	 -2.4760 	 0.0000 	 2.6536 	 0.0075 
14.0000 	 0.0122 	 9.8396 	 17.0184 	 -23.4398 	 0.0000 	 6.0159 	 245.2304 	 14.0000 	 0.9673 	 6.2920 	 -0.5407 	 -4.6256 	 0.0000 	 2.9396 	 0.0000 
20.0000 	 0.7003 	 2.3390 	 5.2708 	 2.6151 	 0.0000 	 0.0001 	 220.9020 	 20.0000 	 2.3102 	 1.3787 	 1.8272 	 -1.1545 	 0.0000 	 0.7972 	 0.0079 
14.0000 	 0.5704 	 5.7382 	 7.3414 	 2.0131 	 0.0000 	 0.9177 	 219.4270 	 14.0000 	 0.3833 	 8.5247 	 0.6933 	 1.4104 	 0.0000 	 1.3708 	 0.0089 
8.0000 	 0.3494 	 6.1776 	 8.6943 	 1.2589 	 0.0000 	 0.0001 	 220.8865 	 8.0000 	 0.4805 	 7.9059 	 -3.9516 	 2.3305 	 0.0000 	 1.3320 	 0.0280 
11.0000 	 0.5103 	 28.1135 	 12.6725 	 3.3320 	 0.0000 	 0.2305 	 230.1396 	 11.0000 	 2.0347 	 3.3325 	 -2.0972 	 -3.2212 	 0.0000 	 2.1305 	 0.0287 
15.0000 	 0.5826 	 3.8445 	 6.8225 	 1.1161 	 0.0000 	 0.0002 	 218.7252 	 15.0000 	 2.6112 	 1.7576 	 -9.3541 	 -4.8768 	 0.0000 	 1.9980 	 0.0105 
11.0000 	 0.3450 	 0.9028 	 61.2548 	 -1.1536 	 0.0000 	 9.9999 	 296.2700 	 11.0000 	 1.6563 	 0.1386 	 -6.3298 	 3.7923 	 0.0000 	 2.6740 	 0.0031 
9.0000 	 0.3151 	 0.9308 	 4.1939 	 2.9210 	 0.0000 	 0.0000 	 218.0325 	 9.0000 	 2.4370 	 9.4190 	 -9.6352 	 3.5848 	 0.0000 	 0.2967 	 0.2039 
13.0000 	 0.0021 	 7.3438 	 11.6309 	 -0.9863 	 0.0000 	 0.0009 	 305.4067 	 13.0000 	 1.8418 	 5.3362 	 -6.4948 	 -1.8153 	 0.0000 	 0.4521 	 0.0668 
10.0000 	 0.4342 	 7.8767 	 8.3184 	 1.9684 	 0.0000 	 0.0001 	 221.3224 	 10.0000 	 0.9770 	 3.1377 	 -1.4625 	 -0.9869 	 0.0000 	 2.7390 	 0.0089 
11.0000 	 0.4023 	 0.8547 	 4.7357 	 2.8497 	 0.0000 	 0.0002 	 213.8581 	 11.0000 	 2.4124 	 7.1349 	 8.3660 	 -1.6702 	 0.0000 	 1.4241 	 0.4231 
18.0000 	 0.6361 	 2.7949 	 6.0318 	 1.0475 	 0.0000 	 0.1071 	 219.0589 	 18.0000 	 2.9264 	 8.8193 	 3.3860 	 4.2040 	 0.0000 	 0.2304 	 0.0107 
10.0000 	 0.3886 	 2.7884 	 6.0586 	 1.4591 	 0.0000 	 0.0000 	 217.4540 	 10.0000 	 2.0362 	 4.6256 	 -2.0023 	 4.4972 	 0.0000 	 1.8578 	 0.0058 
9.0000 	 0.3472 	 2.5028 	 5.7275 	 1.6325 	 0.0000 	 0.7120 	 216.4734 	 9.0000 	 0.5984 	 2.1391 	 -4.6334 	 3.1745 	 0.0000 	 1.1353 	 0.0051 
8.0000 	 0.3344 	 5.5011 	 6.3966 	 2.7178 	 0.0000 	 0.0000 	 220.8328 	 8.0000 	 2.8082 	 9.8172 	 -3.0724 	 3.7922 	 0.0000 	 0.9052 	 0.0103 
10.0000 	 0.3402 	 0.4304 	 5.4927 	 3.1622 	 0.0000 	 0.0004 	 229.5960 	 10.0000 	 0.5775 	 9.1300 	 1.6646 	 2.5793 	 0.0000 	 0.6158 	 0.0140 
16.0000 	 0.5918 	 3.2678 	 6.0627 	 1.3637 	 0.0000 	 0.0873 	 219.0825 	 16.0000 	 1.8691 	 0.6967 	 6.6104 	 3.8491 	 0.0000 	 1.4797 	 0.0138 
8.0000 	 0.3083 	 3.0601 	 6.0889 	 1.5840 	 0.0000 	 0.0000 	 217.1220 	 8.0000 	 2.9853 	 1.5565 	 9.1609 	 3.5453 	 0.0000 	 2.0393 	 0.0071 
6.0000 	 0.1929 	 2.1924 	 5.4712 	 1.9946 	 0.0000 	 0.3375 	 210.7364 	 6.0000 	 1.4833 	 6.5177 	 3.8765 	 -2.4884 	 0.0000 	 0.5762 	 0.2576 
6.0000 	 0.2102 	 2.3828 	 5.0781 	 1.6016 	 0.0000 	 0.0000 	 219.1190 	 6.0000 	 0.2186 	 0.9411 	 -0.5398 	 -0.6535 	 0.0000 	 2.2156 	 0.0182 
8.0000 	 0.2885 	 2.7246 	 4.0527 	 0.9863 	 0.0000 	 0.0125 	 226.6553 	 8.0000 	 0.6471 	 1.2367 	 -4.8067 	 -3.4755 	 0.0000 	 2.5663 	 0.1792 
7.0000 	 0.2587 	 1.6317 	 5.5766 	 2.6662 	 0.0000 	 1.1010 	 215.8690 	 7.0000 	 2.1442 	 2.3146 	 1.4221 	 1.0663 	 0.0000 	 1.8344 	 0.0020 
6.0000 	 0.1894 	 2.0877 	 5.5804 	 1.3159 	 0.0000 	 0.0000 	 218.3912 	 6.0000 	 2.6897 	 1.4927 	 4.8504 	 -0.3829 	 0.0000 	 1.1372 	 0.0107 
5.0000 	 0.1592 	 0.5741 	 5.5042 	 4.3979 	 0.0000 	 1.2358 	 215.8773 	 5.0000 	 1.4245 	 9.8264 	 0.1842 	 2.0222 	 0.0000 	 2.1738 	 0.0024 
15.0000 	 0.5447 	 2.2284 	 5.4597 	 1.5875 	 0.0000 	 0.0150 	 218.7736 	 15.0000 	 1.4104 	 0.4995 	 9.0978 	 -0.2036 	 0.0000 	 2.7713 	 0.0074 
4.0000 	 0.1071 	 3.3717 	 5.7388 	 1.4415 	 0.0000 	 0.0001 	 217.7633 	 4.0000 	 2.6048 	 7.4671 	 -5.8579 	 2.0050 	 0.0000 	 2.1338 	 0.0133 
3.0000 	 0.0851 	 5.7199 	 9.3298 	 1.0267 	 0.0000 	 0.0147 	 224.4055 	 3.0000 	 1.9711 	 7.0397 	 3.9357 	 -0.8913 	 0.0000 	 2.5707 	 0.3905 
7.0000 	 0.2594 	 1.8063 	 5.5665 	 2.5339 	 0.0000 	 1.0578 	 215.8640 	 7.0000 	 2.5475 	 9.6491 	 -6.2369 	 3.2548 	 0.0000 	 2.1218 	 0.0026 
1.0000 	 0.0010 	 5.0151 	 7.9470 	 -0.0522 	 0.0000 	 0.1096 	 239.9949 	 1.0000 	 0.4310 	 7.8101 	 7.3476 	 -0.7991 	 0.0000 	 0.9451 	 0.0196 
4.0000 	 0.1366 	 7.0599 	 8.0196 	 1.5887 	 0.0000 	 0.0000 	 221.5185 	 4.0000 	 2.8806 	 3.2434 	 3.7074 	 -1.7611 	 0.0000 	 0.5316 	 0.3610 
3.0000 	 0.0428 	 6.6142 	 12.0004 	 -1.1532 	 0.0000 	 5.7085 	 231.5233 	 3.0000 	 0.9027 	 9.4693 	 5.2755 	 -2.6490 	 0.0000 	 0.4216 	 0.0058 
5.0000 	 0.1620 	 2.9916 	 6.1840 	 1.2440 	 0.0000 	 0.0025 	 217.2197 	 5.0000 	 1.2167 	 6.0558 	 2.2321 	 -4.7996 	 0.0000 	 1.6458 	 0.0051 
3.0000 	 0.0662 	 3.2240 	 8.5663 	 -0.1289 	 0.0000 	 0.5124 	 232.0159 	 3.0000 	 0.9465 	 9.5973 	 -6.2330 	 2.8685 	 0.0000 	 0.1212 	 0.0162 
21.0000 	 0.5910 	 23.4191 	 12.8557 	 -5.1985 	 0.0000 	 5.9723 	 237.6546 	 21.0000 	 2.0176 	 9.4266 	 7.9664 	 1.4939 	 0.0000 	 2.6907 	 0.0066 
1.0000 	 0.0010 	 0.0000 	 17.6517 	 -2.1689 	 0.0000 	 6.5199 	 243.0595 	 1.0000 	 2.8985 	 6.1587 	 -7.2624 	 -4.6435 	 0.0000 	 1.8275 	 0.0438 
1.0000 	 0.0010 	 4.0226 	 8.4355 	 -0.0454 	 0.0000 	 0.0007 	 239.1711 	 1.0000 	 0.4710 	 7.7098 	 -5.4572 	 3.4818 	 0.0000 	 0.4230 	 0.1075 
1.0000 	 0.0010 	 4.5660 	 8.3960 	 -0.2155 	 0.0000 	 0.0036 	 241.0845 	 1.0000 	 2.8141 	 3.4712 	 -6.9331 	 0.0555 	 0.0000 	 0.1419 	 0.0155 
12.0000 	 0.4690 	 3.2988 	 6.1694 	 1.1909 	 0.0000 	 0.0000 	 217.8785 	 12.0000 	 1.2892 	 2.5419 	 9.6146 	 3.7811 	 0.0000 	 2.5623 	 0.0090 
4.0000 	 0.1172 	 2.5060 	 5.9580 	 2.4855 	 0.0000 	 1.0110 	 215.8821 	 4.0000 	 0.1022 	 7.0423 	 9.7464 	 2.0627 	 0.0000 	 0.8629 	 0.0166 
12.0000 	 0.4558 	 5.7532 	 5.9619 	 2.0801 	 0.0000 	 0.0001 	 136.0161 	 12.0000 	 1.2927 	 2.8348 	 1.6048 	 -0.3344 	 0.0000 	 2.2431 	 0.7538 
2.0000 	 0.0720 	 13.5875 	 23.3437 	 4.1905 	 0.0000 	 9.9999 	 290.1676 	 2.0000 	 2.4105 	 7.0562 	 5.2446 	 -2.6433 	 0.0000 	 2.5848 	 0.1329 
3.0000 	 0.0635 	 4.2426 	 7.3491 	 -0.1319 	 0.0000 	 0.0000 	 230.5104 	 3.0000 	 0.4362 	 8.6761 	 -7.6664 	 -1.1155 	 0.0000 	 0.1197 	 0.0349 
10.0000 	 0.3878 	 1.5197 	 5.5971 	 2.9053 	 0.0000 	 1.1360 	 216.5011 	 10.0000 	 1.9867 	 7.4714 	 6.4303 	 2.2088 	 0.0000 	 0.6267 	 0.0035 
1.0000 	 0.6388 	 10.8590 	 25.9382 	 1.4812 	 0.0000 	 7.3924 	 332.5967 	 1.0000 	 0.3020 	 5.6419 	 5.4683 	 -2.4215 	 0.0000 	 0.7967 	 0.6932 
17.0000 	 0.6836 	 7.8169 	 6.8283 	 8.0241 	 0.0000 	 1.5084 	 221.8444 	 17.0000 	 0.8172 	 3.4865 	 -0.9390 	 -4.8898 	 0.0000 	 0.3296 	 0.0253 
1.0000 	 0.0784 	 14.4874 	 20.5938 	 27.0416 	 0.0000 	 8.8729 	 338.5686 	 1.0000 	 1.9265 	 5.6414 	 -4.0636 	 -4.1971 	 0.0000 	 0.3984 	 0.8208 
2.0000 	 0.0014 	 5.6970 	 8.6084 	 -0.3613 	 0.0000 	 0.0073 	 298.0255 	 2.0000 	 0.9499 	 6.5394 	 -3.3180 	 2.9383 	 0.0000 	 0.5949 	 0.0800 
4.0000 	 0.1118 	 3.0352 	 6.0362 	 1.7055 	 0.0000 	 0.0008 	 217.0323 	 4.0000 	 0.7913 	 2.7984 	 7.5253 	 4.0893 	 0.0000 	 1.3752 	 0.0072 
7.0000 	 0.2589 	 1.7497 	 5.5434 	 2.5248 	 0.0000 	 1.0663 	 215.8729 	 7.0000 	 2.3713 	 4.4148 	 5.5732 	 -4.8369 	 0.0000 	 0.4690 	 0.0073 
12.0000 	 0.4598 	 2.6585 	 5.8693 	 1.6071 	 0.0000 	 0.0013 	 217.8406 	 12.0000 	 2.2064 	 1.8974 	 -0.2749 	 -0.8332 	 0.0000 	 0.4208 	 0.0058 
2.0000 	 0.0108 	 0.0000 	 16.8747 	 -3.3027 	 0.0000 	 5.8236 	 232.6648 	 2.0000 	 0.7084 	 4.8159 	 4.0070 	 -4.9444 	 0.0000 	 2.1787 	 0.0013 
12.0000 	 0.4601 	 2.5497 	 5.7784 	 1.6852 	 0.0000 	 0.7006 	 217.0039 	 12.0000 	 0.4928 	 0.2345 	 -6.6245 	 -3.2706 	 0.0000 	 1.6749 	 0.0045 
7.0000 	 0.3059 	 5.3516 	 8.5156 	 -0.7422 	 0.0000 	 0.0212 	 235.9034 	 7.0000 	 0.1593 	 0.5535 	 -7.1989 	 3.2354 	 0.0000 	 2.1703 	 0.0907 
19.0000 	 0.7242 	 5.4694 	 6.8911 	 2.8904 	 0.0000 	 1.0901 	 220.0421 	 19.0000 	 0.9855 	 1.5127 	 8.9343 	 -3.7436 	 0.0000 	 0.3277 	 0.0074 
17.0000 	 0.6185 	 2.5964 	 5.8867 	 1.7203 	 0.0000 	 0.7687 	 217.8635 	 17.0000 	 2.4858 	 9.3260 	 -0.1883 	 3.2451 	 0.0000 	 2.4672 	 0.0068 
10.0000 	 0.4324 	 7.2472 	 7.8433 	 2.2135 	 0.0000 	 0.9047 	 219.7368 	 10.0000 	 0.4092 	 9.8749 	 -3.2990 	 2.5327 	 0.0000 	 0.5558 	 0.0079 
9.0000 	 0.3560 	 3.1708 	 6.2839 	 1.4433 	 0.0000 	 0.0225 	 217.3287 	 9.0000 	 1.9316 	 4.6630 	 9.9738 	 0.4261 	 0.0000 	 0.8259 	 0.0055 
5.0000 	 0.1689 	 3.5833 	 6.2728 	 1.5522 	 0.0000 	 0.0002 	 217.2531 	 5.0000 	 0.2263 	 4.6057 	 -7.0223 	 3.1473 	 0.0000 	 1.1928 	 0.0074 
7.0000 	 0.1884 	 2.2461 	 4.1797 	 4.0039 	 0.0000 	 0.0884 	 191.8142 	 7.0000 	 0.7210 	 4.7259 	 -1.6153 	 0.3963 	 0.0000 	 0.7933 	 0.3269 
9.0000 	 0.3132 	 1.9961 	 5.1021 	 1.4578 	 0.0000 	 0.0001 	 219.1844 	 9.0000 	 1.3150 	 7.0040 	 -6.3386 	 0.0025 	 0.0000 	 0.1495 	 0.0112 
14.0000 	 0.5149 	 2.9504 	 5.4944 	 1.3672 	 0.0000 	 0.0001 	 216.3294 	 14.0000 	 2.2691 	 2.1286 	 2.0309 	 -0.7107 	 0.0000 	 0.4646 	 0.8495 
7.0000 	 0.2350 	 1.1026 	 4.7394 	 2.2250 	 0.0000 	 0.0349 	 218.0353 	 7.0000 	 2.4996 	 6.9035 	 -9.7144 	 -1.4187 	 0.0000 	 1.1505 	 0.1493 
6.0000 	 0.2807 	 10.7178 	 7.1875 	 0.1367 	 0.0000 	 0.0002 	 246.4368 	 6.0000 	 2.2015 	 2.3636 	 0.6238 	 3.6969 	 0.0000 	 2.8323 	 0.0242 
17.0000 	 0.6747 	 8.5723 	 8.2922 	 2.4025 	 0.0000 	 1.1293 	 221.7179 	 17.0000 	 1.2548 	 4.3257 	 7.8761 	 -3.3995 	 0.0000 	 0.5188 	 0.0099 
5.0000 	 0.0982 	 9.1052 	 16.5039 	 -4.1833 	 0.0000 	 7.0460 	 233.5059 	 5.0000 	 2.3002 	 9.2668 	 4.0450 	 -4.6461 	 0.0000 	 1.1486 	 0.2484 
3.0000 	 0.0512 	 2.6360 	 11.6861 	 -0.0954 	 0.0000 	 4.9281 	 227.6148 	 3.0000 	 1.7903 	 1.8275 	 -7.6876 	 1.2778 	 0.0000 	 2.9816 	 0.0039 
5.0000 	 0.1612 	 1.7686 	 5.5715 	 2.6416 	 0.0000 	 1.0553 	 215.6675 	 5.0000 	 0.5987 	 5.1029 	 -6.8870 	 -2.8856 	 0.0000 	 2.1705 	 0.0023 
3.0000 	 0.0866 	 6.8013 	 3.9612 	 1.7915 	 0.0000 	 0.0066 	 524.6825 	 3.0000 	 0.1190 	 9.7101 	 -3.5709 	 3.1494 	 0.0000 	 0.4076 	 0.4096 
13.0000 	 0.5704 	 8.6528 	 8.7535 	 1.8086 	 0.0000 	 0.0002 	 223.2896 	 13.0000 	 0.3016 	 1.5135 	 0.5831 	 -4.6319 	 0.0000 	 0.9681 	 0.0365 
3.0000 	 0.0837 	 5.7421 	 7.6963 	 1.5949 	 0.0000 	 0.0026 	 223.8300 	 3.0000 	 2.8189 	 7.8901 	 -0.0566 	 4.2480 	 0.0000 	 0.7758 	 0.8218 
2.0000 	 0.0094 	 13.4255 	 11.9212 	 -1.0052 	 0.0000 	 9.9999 	 236.4849 	 2.0000 	 0.4134 	 5.7192 	 0.0357 	 0.3236 	 0.0000 	 2.6688 	 0.1246 
16.0000 	 0.5953 	 2.9853 	 5.6369 	 1.5991 	 0.0000 	 0.0001 	 219.5908 	 16.0000 	 2.5977 	 4.0358 	 3.4657 	 3.0662 	 0.0000 	 2.7490 	 0.0212 
2.0000 	 0.0237 	 5.5225 	 8.7671 	 -0.1135 	 0.0000 	 0.0000 	 237.0996 	 2.0000 	 1.5893 	 1.9278 	 3.6767 	 0.9592 	 0.0000 	 0.6572 	 0.0106 
2.0000 	 0.0208 	 6.4832 	 9.0601 	 -0.9009 	 0.0000 	 0.0090 	 246.5104 	 2.0000 	 0.8466 	 9.4233 	 8.0828 	 0.5823 	 0.0000 	 0.7594 	 0.2689 
11.0000 	 0.4632 	 8.2065 	 8.1238 	 3.2999 	 0.0000 	 2.3410 	 224.6015 	 11.0000 	 1.6724 	 5.0224 	 -0.6342 	 -3.1438 	 0.0000 	 0.1660 	 0.0114 
15.0000 	 0.5580 	 2.4508 	 5.7333 	 1.7993 	 0.0000 	 0.7536 	 217.5277 	 15.0000 	 0.2705 	 8.3473 	 3.0174 	 1.6597 	 0.0000 	 1.8461 	 0.0046 
10.0000 	 0.3754 	 2.1740 	 5.4503 	 1.6149 	 0.0000 	 0.0000 	 217.8222 	 10.0000 	 1.4277 	 3.3022 	 0.2509 	 -3.9912 	 0.0000 	 1.5413 	 0.0071 
13.0000 	 0.4936 	 0.5488 	 5.5335 	 4.8300 	 0.0000 	 1.1686 	 217.5817 	 13.0000 	 1.7655 	 7.2609 	 -8.0717 	 4.8734 	 0.0000 	 0.2959 	 0.0319 
8.0000 	 0.3016 	 2.5968 	 5.9100 	 1.4734 	 0.0000 	 0.7634 	 216.4412 	 8.0000 	 2.1735 	 3.1703 	 8.6505 	 2.3213 	 0.0000 	 2.4054 	 0.0036 
11.0000 	 0.0271 	 9.0767 	 -3.3625 	 -0.0506 	 0.0000 	 0.0620 	 306.4987 	 11.0000 	 1.2687 	 5.5802 	 5.1256 	 -2.0962 	 0.0000 	 1.4034 	 0.0000 
7.0000 	 0.0264 	 9.0689 	 -3.4126 	 -0.0506 	 0.0000 	 0.0610 	 306.4734 	 7.0000 	 2.9931 	 8.4350 	 9.6100 	 -3.4313 	 0.0000 	 2.9142 	 0.0043 
10.0000 	 0.4324 	 4.8001 	 10.2069 	 -0.2747 	 0.0000 	 0.0396 	 237.6306 	 10.0000 	 2.6534 	 1.3317 	 8.0057 	 3.3800 	 0.0000 	 1.3958 	 0.0000 
4.0000 	 0.1067 	 1.9588 	 5.5582 	 2.4014 	 0.0000 	 1.0072 	 215.8588 	 4.0000 	 0.6767 	 1.6171 	 4.2556 	 0.3044 	 0.0000 	 1.8464 	 0.0059 
8.0000 	 0.3148 	 3.4929 	 6.1499 	 1.2737 	 0.0000 	 0.0001 	 217.2606 	 8.0000 	 0.4254 	 4.5695 	 -0.5345 	 0.7231 	 0.0000 	 2.4751 	 0.0081 
6.0000 	 0.2365 	 4.7439 	 7.3039 	 1.4699 	 0.0000 	 0.0170 	 218.2334 	 6.0000 	 0.1421 	 0.4219 	 -7.4862 	 0.7148 	 0.0000 	 0.5466 	 0.0069 
4.0000 	 0.1069 	 1.0550 	 5.4372 	 3.5219 	 0.0000 	 1.1897 	 215.8467 	 4.0000 	 2.0520 	 6.8786 	 0.3535 	 -1.4624 	 0.0000 	 0.2998 	 0.0024 
5.0000 	 0.1394 	 6.9727 	 5.3027 	 2.0752 	 0.0000 	 0.0002 	 241.0066 	 5.0000 	 2.1489 	 2.6096 	 1.3018 	 2.1374 	 0.0000 	 2.1984 	 0.3192 
1.0000 	 0.0010 	 3.2715 	 8.9160 	 -1.2891 	 0.0000 	 0.0003 	 229.4385 	 1.0000 	 2.5395 	 5.6009 	 2.8523 	 -0.9641 	 0.0000 	 1.1413 	 0.0444 
1.0000 	 0.0011 	 2.9358 	 9.6484 	 -0.2258 	 0.0000 	 0.0025 	 244.8874 	 1.0000 	 1.5614 	 8.7827 	 8.2159 	 3.1525 	 0.0000 	 2.8976 	 0.0184 
4.0000 	 0.0965 	 2.1174 	 13.3652 	 -0.1696 	 0.0000 	 5.5610 	 227.7115 	 4.0000 	 0.3704 	 0.9861 	 3.0356 	 0.9538 	 0.0000 	 2.8214 	 0.0121 
1.0000 	 0.0840 	 11.1685 	 20.4960 	 3.5222 	 0.0000 	 0.0011 	 404.7487 	 1.0000 	 0.1702 	 3.6242 	 1.3024 	 4.6820 	 0.0000 	 1.2964 	 0.6253 
50.0000 	 1.2645 	 2.7441 	 11.2012 	 1.2744 	 0.0000 	 4.4778 	 236.2439 	 50.0000 	 2.8857 	 1.2191 	 0.9288 	 -2.4508 	 0.0000 	 0.0257 	 0.2926 
50.0000 	 1.3174 	 5.9265 	 5.7105 	 3.0957 	 0.0000 	 0.0000 	 230.6813 	 50.0000 	 1.7227 	 5.9759 	 -2.1340 	 -4.7191 	 0.0000 	 2.3077 	 0.0537 
                                                                                                                                                     49.0000 	 1.2580 	 2.8366 	 6.0913 	 1.5680 	 0.0000 	 0.0009 	 221.2508 	 49.0000 	 0.7935 	 8.0737 	 5.6041 	 2.5144 	 0.0000 	 2.6217 	 0.0088 
50.0000 	 1.3246 	 5.2334 	 6.6117 	 1.9890 	 0.0000 	 0.0016 	 223.6678 	 50.0000 	 2.8857 	 1.2191 	 0.9288 	 -2.4508 	 0.0000 	 0.0257 	 0.2677 
50.0000 	 1.1676 	 2.9416 	 5.5399 	 1.8818 	 0.0000 	 0.0001 	 226.9107 	 50.0000 	 0.7935 	 8.0737 	 5.6041 	 2.5144 	 0.0000 	 2.6217 	 0.0209 
50.0000 	 1.3522 	 11.4861 	 6.3196 	 5.7809 	 0.0000 	 0.0057 	 237.0302 	 50.0000 	 2.8857 	 1.2191 	 0.9288 	 -2.4508 	 0.0000 	 0.0257 	 0.0701 
50.0000 	 1.2963 	 3.5914 	 6.6797 	 1.1088 	 0.0000 	 0.0001 	 221.2959 	 50.0000 	 2.4315 	 7.4143 	 2.1299 	 3.0682 	 0.0000 	 0.7682 	 0.0082 
49.0000 	 1.1557 	 6.2305 	 0.5859 	 1.5820 	 0.0000 	 0.0391 	 252.5359 	 49.0000 	 0.5319 	 0.1423 	 2.8849 	 2.7312 	 0.0000 	 0.8207 	 0.1050 
49.0000 	 0.0010 	 16.1859 	 8.9230 	 -1.8877 	 0.0000 	 6.0786 	 245.1563 	 49.0000 	 2.3144 	 2.8655 	 -2.3368 	 3.6518 	 0.0000 	 2.5665 	 0.0353 
48.0000 	 1.0919 	 2.2895 	 5.7336 	 3.5280 	 0.0000 	 0.0095 	 221.1745 	 48.0000 	 1.5597 	 1.2724 	 4.3211 	 2.6316 	 0.0000 	 2.4817 	 0.3548 
47.0000 	 1.2583 	 2.3349 	 5.7928 	 4.0204 	 0.0000 	 0.9038 	 220.3020 	 47.0000 	 2.5282 	 3.1806 	 -5.9825 	 3.7743 	 0.0000 	 2.1548 	 0.0607 
                                                                                                                                                    38.0000 	 0.0947 	 7.6189 	 11.9250 	 -1.3745 	 0.0000 	 5.9937 	 245.2174 	 38.0000 	 2.9776 	 7.3476 	 8.1258 	 -2.9430 	 0.0000 	 1.4715 	 0.0000 
38.0000 	 1.1102 	 12.1655 	 8.3462 	 3.1488 	 0.0000 	 0.0011 	 229.2299 	 38.0000 	 2.8243 	 2.4974 	 -5.7429 	 2.1157 	 0.0000 	 1.4851 	 0.0736 
47.0000 	 1.2267 	 2.3002 	 5.7815 	 2.3107 	 0.0000 	 0.9742 	 220.2606 	 47.0000 	 2.0785 	 5.3587 	 -7.1019 	 -2.4772 	 0.0000 	 2.2741 	 0.0080 
49.0000 	 1.2558 	 2.5176 	 5.8135 	 2.0852 	 0.0000 	 0.9364 	 220.3494 	 49.0000 	 2.3951 	 4.6574 	 7.6032 	 -0.4425 	 0.0000 	 1.1452 	 0.0092 
49.0000 	 1.1444 	 0.1602 	 16.9162 	 -1.8311 	 0.0000 	 5.8579 	 233.4806 	 49.0000 	 0.8833 	 6.8858 	 9.8708 	 -1.8246 	 0.0000 	 2.9585 	 0.0030 
37.0000 	 1.0730 	 1.0107 	 8.4180 	 2.2559 	 0.0000 	 2.6123 	 225.6577 	 37.0000 	 1.1322 	 9.1517 	 -7.0341 	 -0.2173 	 0.0000 	 2.8397 	 0.5059 
36.0000 	 1.0218 	 4.4214 	 4.7510 	 0.1526 	 0.0000 	 0.0053 	 227.1706 	 36.0000 	 2.2898 	 1.0036 	 7.3194 	 -0.6888 	 0.0000 	 2.7440 	 0.4429 
39.0000 	 1.1564 	 6.7671 	 7.2066 	 2.4098 	 0.0000 	 0.0003 	 223.9092 	 39.0000 	 2.7377 	 8.5354 	 -8.0767 	 3.6996 	 0.0000 	 1.8899 	 0.0095 
42.0000 	 1.1292 	 2.6852 	 5.7837 	 1.6083 	 0.0000 	 0.0001 	 220.9425 	 42.0000 	 1.3190 	 7.7201 	 -1.9390 	 -2.8075 	 0.0000 	 2.2428 	 0.0128 
38.0000 	 1.1400 	 5.3125 	 6.5454 	 1.2012 	 0.0000 	 0.3173 	 227.3711 	 38.0000 	 0.5444 	 6.2215 	 -4.6531 	 4.9650 	 0.0000 	 0.7481 	 0.0113 
39.0000 	 0.6365 	 2.8334 	 -9.2741 	 0.6335 	 0.0000 	 0.3002 	 245.5617 	 39.0000 	 0.5805 	 2.9556 	 -9.5235 	 0.4686 	 0.0000 	 0.2826 	 0.0214 
                                                                                                                                                     36.0000 	 0.0015 	 5.0671 	 13.6548 	 -2.9993 	 0.0000 	 0.0016 	 306.4988 	 36.0000 	 0.2248 	 7.7429 	 6.8974 	 4.7945 	 0.0000 	 1.1333 	 0.0000 
34.0000 	 1.0990 	 12.8013 	 6.7275 	 21.1130 	 0.0000 	 1.6271 	 224.4726 	 34.0000 	 0.2781 	 2.2159 	 9.5660 	 -1.5901 	 0.0000 	 1.6736 	 0.0196 
41.0000 	 1.1258 	 2.6065 	 5.8401 	 1.8999 	 0.0000 	 0.7815 	 220.0120 	 41.0000 	 1.1290 	 6.9584 	 -8.4015 	 1.7665 	 0.0000 	 1.1807 	 0.0073 
36.0000 	 0.8388 	 3.0762 	 3.1079 	 0.6946 	 0.0000 	 0.1453 	 238.0570 	 36.0000 	 0.6046 	 5.3720 	 -6.6271 	 -4.2894 	 0.0000 	 2.8959 	 0.0763 
35.0000 	 1.0630 	 3.5795 	 6.5425 	 4.6943 	 0.0000 	 1.4234 	 221.7403 	 35.0000 	 2.0126 	 5.3916 	 -5.4296 	 2.9637 	 0.0000 	 2.7298 	 0.0085 
35.0000 	 0.3095 	 10.7275 	 4.8926 	 -0.9375 	 0.0000 	 3.6785 	 258.2809 	 35.0000 	 1.2125 	 0.8104 	 -4.8005 	 -4.3653 	 0.0000 	 2.9934 	 0.0889 
34.0000 	 0.2758 	 9.3420 	 -15.5078 	 6.8457 	 0.0000 	 0.0027 	 306.4988 	 34.0000 	 0.2750 	 6.4729 	 -9.6178 	 4.9167 	 0.0000 	 0.6234 	 0.0000 
36.0000 	 1.0388 	 2.8879 	 5.9465 	 1.4028 	 0.0000 	 0.0116 	 220.7736 	 36.0000 	 1.4344 	 9.1904 	 -1.6911 	 -0.7737 	 0.0000 	 1.9186 	 0.0114 
35.0000 	 1.0725 	 4.4075 	 7.2554 	 1.1644 	 0.0000 	 0.0000 	 221.3040 	 35.0000 	 2.0589 	 5.8662 	 -7.4352 	 2.2623 	 0.0000 	 0.6157 	 0.0135 
                                                                                                                                                     32.0000 	 0.9125 	 2.9041 	 5.6488 	 1.5866 	 0.0000 	 0.5372 	 221.7646 	 32.0000 	 0.8948 	 5.0460 	 4.9406 	 -1.8553 	 0.0000 	 2.1790 	 0.0120 
36.0000 	 1.0416 	 2.8548 	 6.1723 	 1.4453 	 0.0000 	 0.0000 	 220.5697 	 36.0000 	 0.8281 	 3.3037 	 4.0479 	 1.5861 	 0.0000 	 2.0059 	 0.0088 
35.0000 	 1.0231 	 3.0427 	 6.2927 	 1.4295 	 0.0000 	 0.0031 	 220.4688 	 35.0000 	 2.7996 	 8.0234 	 6.0770 	 -0.3378 	 0.0000 	 1.9211 	 0.0096 
30.0000 	 0.9888 	 9.8775 	 7.2516 	 -1.1645 	 0.0000 	 0.0000 	 248.5670 	 30.0000 	 2.6988 	 9.7580 	 0.9038 	 1.4195 	 0.0000 	 0.7363 	 0.0276 
31.0000 	 0.9585 	 3.2763 	 6.2221 	 1.6415 	 0.0000 	 0.4336 	 220.8524 	 31.0000 	 0.5954 	 3.1684 	 8.7623 	 0.7955 	 0.0000 	 2.5632 	 0.1248 
33.0000 	 1.0416 	 3.8134 	 6.5518 	 2.7617 	 0.0000 	 1.1552 	 220.5202 	 33.0000 	 1.3603 	 7.1345 	 -6.8251 	 3.5416 	 0.0000 	 1.3901 	 0.0062 
35.0000 	 1.0934 	 3.6111 	 7.9712 	 0.6369 	 0.0000 	 0.0001 	 224.0336 	 35.0000 	 0.8321 	 6.3274 	 -8.2671 	 1.0615 	 0.0000 	 0.7966 	 0.0109 
33.0000 	 1.0077 	 3.5931 	 6.6454 	 1.1667 	 0.0000 	 0.0206 	 220.9284 	 33.0000 	 0.5579 	 4.3920 	 9.4717 	 1.8449 	 0.0000 	 0.4227 	 0.0090 
                                                                                                                                                      33.0000 	 1.0043 	 2.9882 	 5.9749 	 2.1381 	 0.0000 	 0.8339 	 219.6380 	 33.0000 	 0.7051 	 5.6105 	 7.7668 	 -3.0349 	 0.0000 	 2.5677 	 0.0161 
31.0000 	 1.0185 	 6.8625 	 7.5145 	 1.8503 	 0.0000 	 0.0007 	 223.9022 	 31.0000 	 1.3760 	 3.5148 	 4.1305 	 -2.6495 	 0.0000 	 2.1218 	 0.3071 
29.0000 	 1.0158 	 5.2051 	 7.9102 	 1.1621 	 0.0000 	 0.0000 	 220.4927 	 29.0000 	 2.5450 	 8.9926 	 4.3814 	 -4.2961 	 0.0000 	 0.2795 	 0.2903 
30.0000 	 0.8291 	 0.0000 	 16.9535 	 29.5459 	 0.0000 	 5.8409 	 233.4515 	 30.0000 	 0.3347 	 9.7571 	 8.9386 	 -0.4420 	 0.0000 	 0.2237 	 0.0244 
33.0000 	 1.0137 	 3.7117 	 6.6084 	 1.6137 	 0.0000 	 0.7632 	 219.8932 	 33.0000 	 2.0940 	 8.5017 	 5.9909 	 1.5375 	 0.0000 	 1.8808 	 0.0073 
30.0000 	 0.0107 	 4.4141 	 10.8081 	 -0.2405 	 0.0000 	 0.0001 	 306.2166 	 30.0000 	 1.6772 	 0.5002 	 6.3327 	 -4.1975 	 0.0000 	 1.8833 	 0.0192 
24.0000 	 0.7636 	 9.6631 	 22.1680 	 -2.1777 	 0.0000 	 0.0000 	 287.6717 	 24.0000 	 1.9598 	 2.0146 	 9.9136 	 1.0698 	 0.0000 	 2.8944 	 0.0337 
31.0000 	 0.9611 	 2.6865 	 6.0195 	 2.3352 	 0.0000 	 1.0478 	 219.4593 	 31.0000 	 0.4011 	 1.7175 	 -6.7444 	 0.5591 	 0.0000 	 2.6083 	 0.0088 
                                                                                                                                                    30.0000 	 0.9228 	 1.0541 	 5.6470 	 3.5132 	 0.0000 	 1.2103 	 219.4477 	 30.0000 	 0.9605 	 5.8296 	 8.9587 	 0.0213 	 0.0000 	 1.9268 	 0.0090 
24.0000 	 0.8708 	 8.9028 	 8.5319 	 1.8540 	 0.0000 	 0.0000 	 225.4700 	 24.0000 	 2.1975 	 9.7533 	 -9.1761 	 4.2654 	 0.0000 	 1.9242 	 0.0241 
31.0000 	 0.4740 	 6.9922 	 -0.3906 	 -0.0391 	 0.0000 	 0.0018 	 296.9452 	 31.0000 	 2.4554 	 9.7263 	 -1.8421 	 1.9978 	 0.0000 	 0.4671 	 0.0990 
24.0000 	 0.9431 	 4.2578 	 6.3281 	 3.4766 	 0.0000 	 2.8302 	 152.9389 	 24.0000 	 0.9422 	 0.2320 	 0.0370 	 -2.5289 	 0.0000 	 2.4847 	 0.2845 
27.0000 	 0.8477 	 2.4878 	 5.7880 	 1.5245 	 0.0000 	 0.0000 	 219.9377 	 27.0000 	 1.7961 	 6.1290 	 -8.5634 	 -2.9618 	 0.0000 	 1.8364 	 0.0088 
                                                                                                                                                      33.0000 	 1.0074 	 3.6031 	 6.5709 	 1.4161 	 0.0000 	 0.7073 	 219.9187 	 33.0000 	 1.4336 	 2.3598 	 -1.5063 	 -4.2678 	 0.0000 	 1.9974 	 0.0087 
23.0000 	 0.0013 	 8.4863 	 -2.3633 	 -0.1660 	 0.0000 	 0.0002 	 295.2216 	 23.0000 	 0.3938 	 1.0141 	 -5.4483 	 0.6049 	 0.0000 	 0.3459 	 0.2342 
26.0000 	 0.0050 	 10.4827 	 9.0547 	 -1.0852 	 0.0000 	 0.0000 	 306.4988 	 26.0000 	 0.1633 	 9.3101 	 -3.0252 	 0.0754 	 0.0000 	 2.8605 	 0.0000 
30.0000 	 0.9601 	 0.8162 	 5.9632 	 5.7883 	 0.0000 	 1.4092 	 220.1543 	 30.0000 	 1.8425 	 7.0045 	 2.7523 	 -3.6835 	 0.0000 	 1.8504 	 0.0073 
20.0000 	 0.6993 	 2.8762 	 5.9787 	 1.5302 	 0.0000 	 0.6164 	 218.3548 	 20.0000 	 0.3608 	 1.1336 	 -9.3273 	 -4.5271 	 0.0000 	 2.3159 	 0.0524 
                                                                                                                                                     29.0000 	 0.9263 	 1.1369 	 5.9245 	 4.6423 	 0.0000 	 1.3972 	 219.7618 	 29.0000 	 0.9327 	 1.3212 	 -5.4181 	 0.0832 	 0.0000 	 2.3811 	 0.0095 
30.0000 	 0.8650 	 0.1083 	 3.7738 	 5.0735 	 0.0000 	 0.0000 	 212.0365 	 30.0000 	 1.4253 	 3.2899 	 1.0534 	 2.3629 	 0.0000 	 1.7221 	 0.1819 
28.0000 	 0.8847 	 2.3296 	 5.7584 	 2.0316 	 0.0000 	 0.8753 	 219.1185 	 28.0000 	 1.9657 	 1.9002 	 -3.0711 	 -3.6048 	 0.0000 	 2.1588 	 0.0077 
20.0000 	 0.4054 	 12.5671 	 9.9292 	 -2.6160 	 0.0000 	 3.9926 	 243.0352 	 20.0000 	 1.1220 	 8.9064 	 1.7471 	 2.6187 	 0.0000 	 1.4542 	 0.0502 
22.0000 	 0.7597 	 3.7426 	 7.0475 	 1.0285 	 0.0000 	 0.0001 	 220.0791 	 22.0000 	 1.5050 	 0.3207 	 9.7833 	 2.1598 	 0.0000 	 2.2512 	 0.0123 
23.0000 	 0.7966 	 3.6124 	 6.5066 	 1.6533 	 0.0000 	 0.7577 	 218.9787 	 23.0000 	 1.8313 	 4.8983 	 -3.1008 	 -3.2078 	 0.0000 	 0.9000 	 0.0071 
26.0000 	 0.9177 	 5.3662 	 5.3711 	 1.2549 	 0.0000 	 0.0000 	 232.5991 	 26.0000 	 0.0285 	 4.1907 	 1.9630 	 3.3180 	 0.0000 	 2.8036 	 0.0386 
14.0000 	 0.5760 	 7.0952 	 7.0466 	 2.6400 	 0.0000 	 0.0002 	 222.5505 	 14.0000 	 0.3867 	 0.7997 	 -6.1414 	 3.2386 	 0.0000 	 1.5434 	 0.0200 
                                                                                                                                                      25.0000 	 0.7880 	 2.3192 	 5.2002 	 1.6235 	 0.0000 	 0.0000 	 221.0805 	 25.0000 	 1.3445 	 8.3558 	 2.7907 	 4.1319 	 0.0000 	 0.4962 	 0.0106 
17.0000 	 0.4466 	 0.7074 	 3.8431 	 1.4544 	 0.0000 	 0.0526 	 233.0791 	 17.0000 	 2.0525 	 6.2969 	 1.2600 	 -1.6084 	 0.0000 	 1.2997 	 0.0451 
22.0000 	 0.7482 	 2.7510 	 5.8597 	 1.6197 	 0.0000 	 0.1620 	 219.3488 	 22.0000 	 0.0410 	 6.2318 	 3.4827 	 0.0585 	 0.0000 	 2.0227 	 0.0091 
16.0000 	 0.0021 	 6.8234 	 7.3533 	 -0.7290 	 0.0000 	 0.0000 	 306.4988 	 16.0000 	 1.8164 	 7.7561 	 2.4317 	 -3.7389 	 0.0000 	 1.8274 	 0.0010 
29.0000 	 0.9310 	 3.5821 	 6.5016 	 1.5333 	 0.0000 	 0.0001 	 220.1565 	 29.0000 	 1.3085 	 1.5525 	 -6.3155 	 -1.0566 	 0.0000 	 2.9604 	 0.0083 
14.0000 	 0.5330 	 1.5649 	 5.5428 	 3.0121 	 0.0000 	 1.0945 	 217.2153 	 14.0000 	 0.3038 	 8.6097 	 3.7593 	 1.6914 	 0.0000 	 2.0828 	 0.0060 
27.0000 	 0.8656 	 2.7416 	 5.9322 	 1.7087 	 0.0000 	 0.7810 	 219.0590 	 27.0000 	 2.0292 	 5.7012 	 -7.6175 	 2.1976 	 0.0000 	 1.3879 	 0.0080 
22.0000 	 0.7504 	 2.4335 	 5.7978 	 1.9509 	 0.0000 	 0.8673 	 218.4928 	 22.0000 	 2.2935 	 4.1337 	 5.2089 	 -1.5348 	 0.0000 	 2.8453 	 0.0051 
                                                                                                                                                     23.0000 	 0.8821 	 10.6639 	 9.4309 	 2.0135 	 0.0000 	 0.0000 	 225.5449 	 23.0000 	 1.1457 	 6.0938 	 -8.2462 	 -4.4360 	 0.0000 	 0.6753 	 0.0598 
10.0000 	 0.3720 	 0.9489 	 5.1974 	 4.5817 	 0.0000 	 0.6205 	 221.2449 	 10.0000 	 0.6321 	 8.1754 	 -4.2045 	 0.3273 	 0.0000 	 1.0850 	 0.0392 
18.0000 	 0.6595 	 3.8719 	 6.1884 	 1.4158 	 0.0000 	 0.0030 	 219.5529 	 18.0000 	 1.7134 	 4.2515 	 -7.2313 	 1.0339 	 0.0000 	 2.7263 	 0.0106 
27.0000 	 0.7904 	 2.9242 	 4.9384 	 2.5183 	 0.0000 	 0.0000 	 228.2018 	 27.0000 	 1.2904 	 4.6461 	 -2.6623 	 -3.8991 	 0.0000 	 0.3477 	 0.3137 
9.0000 	 0.3357 	 1.5691 	 4.9728 	 2.6588 	 0.0000 	 0.0000 	 218.9771 	 9.0000 	 1.8585 	 7.6846 	 -3.6837 	 -1.5160 	 0.0000 	 2.5092 	 0.2800 
13.0000 	 0.4958 	 2.7532 	 5.9279 	 1.5179 	 0.0000 	 0.6344 	 217.2659 	 13.0000 	 0.0186 	 8.5524 	 2.8147 	 1.3069 	 0.0000 	 1.7944 	 0.0051 
24.0000 	 0.7898 	 0.8605 	 5.5968 	 3.8001 	 0.0000 	 1.2746 	 218.9006 	 24.0000 	 1.9542 	 4.3440 	 6.7107 	 3.8696 	 0.0000 	 1.5289 	 0.0063 
21.0000 	 0.7276 	 2.9540 	 6.1693 	 1.4351 	 0.0000 	 0.0000 	 219.1853 	 21.0000 	 0.4548 	 8.7913 	 -5.9888 	 1.5876 	 0.0000 	 2.2321 	 0.0095 
22.0000 	 0.8192 	 7.9877 	 8.1121 	 2.1251 	 0.0000 	 0.0522 	 223.0438 	 22.0000 	 2.5050 	 0.5987 	 9.4263 	 -2.6656 	 0.0000 	 2.1354 	 0.0113 
15.0000 	 0.6213 	 7.3604 	 9.1586 	 1.3717 	 0.0000 	 0.0000 	 222.9090 	 15.0000 	 2.0295 	 9.6495 	 6.7851 	 -1.4592 	 0.0000 	 2.5519 	 0.0109 
4.0000 	 0.1008 	 7.5319 	 4.2907 	 -0.4975 	 0.0000 	 0.0001 	 234.1255 	 4.0000 	 0.6881 	 0.8737 	 1.9964 	 4.2724 	 0.0000 	 1.5045 	 0.0217 
19.0000 	 0.0717 	 5.3223 	 9.1016 	 -1.3013 	 0.0000 	 0.0002 	 306.4988 	 19.0000 	 1.9360 	 6.3578 	 -4.9210 	 0.0393 	 0.0000 	 1.0415 	 0.0000 
11.0000 	 0.3965 	 1.4490 	 4.9577 	 2.6042 	 0.0000 	 0.3045 	 219.7980 	 11.0000 	 1.5278 	 8.4372 	 7.0943 	 -1.3639 	 0.0000 	 1.7820 	 0.0104 
2.0000 	 0.0178 	 4.0701 	 7.1564 	 -0.0515 	 0.0000 	 0.0000 	 231.3296 	 2.0000 	 2.4896 	 5.0076 	 -5.7267 	 -2.6771 	 0.0000 	 1.9683 	 0.0127 
18.0000 	 0.5117 	 5.7608 	 4.0344 	 0.4683 	 0.0000 	 0.0000 	 251.7199 	 18.0000 	 0.0965 	 2.2164 	 1.9801 	 4.2466 	 0.0000 	 0.1043 	 0.0403 
13.0000 	 0.5724 	 6.4624 	 7.7393 	 1.8921 	 0.0000 	 0.0003 	 222.6250 	 13.0000 	 2.8515 	 6.2028 	 -9.1804 	 -4.6503 	 0.0000 	 1.1031 	 0.4470 
22.0000 	 0.7530 	 2.1976 	 5.7380 	 2.2807 	 0.0000 	 0.9818 	 218.4797 	 22.0000 	 1.6564 	 0.0246 	 9.2426 	 -4.7356 	 0.0000 	 0.2676 	 0.0047 
8.0000 	 0.0039 	 15.4378 	 10.2360 	 -2.0089 	 0.0000 	 6.2796 	 245.2589 	 8.0000 	 1.9099 	 5.6588 	 1.0509 	 -0.6087 	 0.0000 	 0.9808 	 0.0000 
16.0000 	 0.5841 	 2.9227 	 5.8661 	 1.9366 	 0.0000 	 0.2744 	 219.0483 	 16.0000 	 2.8454 	 6.7224 	 -5.8997 	 4.8046 	 0.0000 	 0.8427 	 0.2396 
21.0000 	 0.6853 	 5.2939 	 6.5364 	 -0.0129 	 0.0000 	 3.5735 	 231.3502 	 21.0000 	 2.2309 	 3.2513 	 6.6463 	 -4.9892 	 0.0000 	 1.1744 	 0.0058 
24.0000 	 0.8738 	 8.6700 	 8.4473 	 2.3454 	 0.0000 	 0.9302 	 222.3322 	 24.0000 	 1.0289 	 0.3472 	 0.4593 	 -1.9307 	 0.0000 	 1.3092 	 0.0088 
6.0000 	 0.1413 	 0.0989 	 5.1288 	 4.3222 	 0.0000 	 0.0001 	 230.7334 	 6.0000 	 2.3790 	 5.1516 	 2.1318 	 0.3471 	 0.0000 	 2.4544 	 0.1320 
15.0000 	 0.5606 	 3.2058 	 6.1720 	 1.1317 	 0.0000 	 0.0000 	 218.4405 	 15.0000 	 1.0310 	 9.7196 	 6.7723 	 3.0074 	 0.0000 	 0.0694 	 0.0111 
12.0000 	 0.4648 	 3.0667 	 5.8724 	 1.8379 	 0.0000 	 0.0001 	 218.2272 	 12.0000 	 0.0447 	 6.1122 	 -0.9160 	 3.7986 	 0.0000 	 2.4141 	 0.0069 
20.0000 	 0.6815 	 2.3965 	 5.6520 	 1.4968 	 0.0000 	 0.0759 	 219.3285 	 20.0000 	 2.4411 	 6.0077 	 -9.5091 	 -4.5828 	 0.0000 	 1.1759 	 0.0078 
20.0000 	 0.7564 	 5.9109 	 8.1399 	 1.3105 	 0.0000 	 0.0000 	 222.0619 	 20.0000 	 1.4847 	 9.5831 	 -2.9519 	 1.9485 	 0.0000 	 2.6592 	 0.0113 
13.0000 	 0.4588 	 3.8162 	 6.1018 	 0.7772 	 0.0000 	 0.0011 	 225.8948 	 13.0000 	 2.6218 	 6.5593 	 1.4007 	 2.7039 	 0.0000 	 2.3411 	 0.0240 
10.0000 	 0.3886 	 1.8196 	 5.6086 	 2.4996 	 0.0000 	 1.0688 	 216.4837 	 10.0000 	 0.9862 	 5.3359 	 -5.8763 	 2.3375 	 0.0000 	 0.8068 	 0.0040 
11.0000 	 0.3360 	 2.7539 	 2.9004 	 3.4229 	 0.0000 	 0.0176 	 255.7017 	 11.0000 	 0.1768 	 0.6234 	 -7.4465 	 -0.5358 	 0.0000 	 1.6017 	 0.3803 
                                                                                                                                                     9.0000 	 0.3836 	 3.4860 	 7.7911 	 1.8399 	 0.0000 	 3.4783 	 224.7714 	 9.0000 	 1.1068 	 8.5771 	 -9.7018 	 1.5520 	 0.0000 	 2.7479 	 0.0048 
                                                                                                                                                      20.0000 	 0.6892 	 0.3230 	 5.8664 	 5.3580 	 0.0000 	 1.6818 	 218.9974 	 20.0000 	 0.9007 	 4.9168 	 6.6551 	 2.1314 	 0.0000 	 2.3914 	 0.0099 
11.0000 	 0.4323 	 2.6796 	 5.9649 	 1.9811 	 0.0000 	 0.9480 	 216.8041 	 11.0000 	 0.5671 	 2.0789 	 8.3648 	 2.0531 	 0.0000 	 0.6012 	 0.0048 
9.0000 	 0.3511 	 2.9202 	 6.0839 	 1.4847 	 0.0000 	 0.0167 	 217.2621 	 9.0000 	 1.5644 	 2.6651 	 8.6701 	 -2.9558 	 0.0000 	 0.2623 	 0.0047 
3.0000 	 0.0819 	 3.2997 	 9.3970 	 0.3877 	 0.0000 	 0.0013 	 230.0681 	 3.0000 	 1.6694 	 1.8160 	 -2.9758 	 0.8927 	 0.0000 	 2.6705 	 0.1905 
8.0000 	 0.3432 	 6.3376 	 6.8718 	 4.6081 	 0.0000 	 1.2554 	 219.3486 	 8.0000 	 2.3796 	 0.7061 	 -0.0375 	 4.4683 	 0.0000 	 2.4551 	 0.0128 
5.0000 	 0.1546 	 2.8653 	 5.5411 	 1.3981 	 0.0000 	 0.0000 	 217.6102 	 5.0000 	 2.1888 	 8.1831 	 -1.0752 	 -4.2120 	 0.0000 	 2.5193 	 0.0143 
20.0000 	 0.6173 	 9.4760 	 9.7732 	 -1.0375 	 0.0000 	 5.8905 	 234.2904 	 20.0000 	 1.1731 	 7.2004 	 -1.2898 	 1.9051 	 0.0000 	 2.2076 	 0.0057 
2.0000 	 0.0143 	 6.9744 	 5.1203 	 -0.1630 	 0.0000 	 1.2395 	 235.1107 	 2.0000 	 0.9363 	 4.2686 	 2.4659 	 1.2099 	 0.0000 	 0.0861 	 0.0660 
15.0000 	 0.5559 	 1.5071 	 5.5838 	 2.8475 	 0.0000 	 1.1406 	 217.4889 	 15.0000 	 2.8685 	 9.9045 	 -4.2525 	 -1.0960 	 0.0000 	 1.1085 	 0.0047 
12.0000 	 0.4911 	 4.7453 	 7.0275 	 1.6569 	 0.0000 	 0.0000 	 219.0719 	 12.0000 	 1.8976 	 8.6614 	 0.3431 	 3.5683 	 0.0000 	 2.1681 	 0.0063 
14.0000 	 0.5533 	 4.0120 	 6.3274 	 1.6713 	 0.0000 	 0.0045 	 219.4264 	 14.0000 	 1.5587 	 9.0239 	 -5.3056 	 2.3880 	 0.0000 	 1.7076 	 0.0108 
11.0000 	 0.3203 	 8.8712 	 5.0181 	 -0.5320 	 0.0000 	 4.9817 	 234.4474 	 11.0000 	 0.3217 	 6.4506 	 -3.3883 	 -4.4455 	 0.0000 	 1.7859 	 0.0780 
5.0000 	 0.1627 	 2.0340 	 5.6295 	 2.4631 	 0.0000 	 1.0058 	 215.6847 	 5.0000 	 0.4922 	 2.0462 	 -0.9263 	 -2.0017 	 0.0000 	 1.6468 	 0.0025 
8.0000 	 0.3034 	 1.9879 	 5.6061 	 2.2885 	 0.0000 	 0.9563 	 216.0664 	 8.0000 	 2.3811 	 6.4421 	 9.7147 	 -4.7190 	 0.0000 	 1.0687 	 0.0035 
14.0000 	 0.5324 	 2.6395 	 5.8437 	 1.8683 	 0.0000 	 0.8149 	 217.3330 	 14.0000 	 1.3743 	 4.5482 	 5.3900 	 4.0229 	 0.0000 	 1.3358 	 0.0046 
6.0000 	 0.2556 	 2.9541 	 9.4141 	 -0.2393 	 0.0000 	 0.0002 	 233.0339 	 6.0000 	 0.3117 	 0.1093 	 -4.3636 	 -1.8811 	 0.0000 	 0.8996 	 0.0707 
12.0000 	 0.5023 	 4.1284 	 6.3974 	 4.5088 	 0.0000 	 1.4500 	 219.2700 	 12.0000 	 0.6141 	 6.2663 	 5.4460 	 -0.6067 	 0.0000 	 0.1057 	 0.0050 
9.0000 	 0.3773 	 5.1157 	 7.3469 	 1.4459 	 0.0000 	 0.0000 	 219.2888 	 9.0000 	 2.5400 	 8.5563 	 -9.9025 	 -4.5856 	 0.0000 	 2.8359 	 0.0076 
12.0000 	 0.4670 	 3.1795 	 6.2504 	 1.0980 	 0.0000 	 0.0088 	 217.8836 	 12.0000 	 0.0831 	 5.1604 	 -5.1683 	 4.2110 	 0.0000 	 1.1936 	 0.0057 
9.0000 	 0.3466 	 2.1558 	 5.6624 	 2.0938 	 0.0000 	 0.9136 	 216.2841 	 9.0000 	 1.5296 	 3.6831 	 4.4657 	 -1.9529 	 0.0000 	 2.9175 	 0.0032 
6.0000 	 0.2206 	 1.2390 	 8.8397 	 1.8278 	 0.0000 	 3.6065 	 223.3847 	 6.0000 	 1.8137 	 9.4199 	 -7.3144 	 -1.5896 	 0.0000 	 0.9269 	 0.0523 
6.0000 	 0.2116 	 1.8991 	 5.6065 	 2.4634 	 0.0000 	 1.0316 	 215.7302 	 6.0000 	 0.4936 	 3.2674 	 0.3352 	 -1.7683 	 0.0000 	 1.1305 	 0.0026 
6.0000 	 0.2198 	 3.0227 	 6.0281 	 2.0018 	 0.0000 	 0.8279 	 215.9974 	 6.0000 	 0.9231 	 8.7138 	 -0.0920 	 -3.9614 	 0.0000 	 2.9606 	 0.0084 
1.0000 	 0.8782 	 0.0256 	 13.1860 	 2.8394 	 0.0000 	 3.9277 	 329.6180 	 1.0000 	 0.6820 	 0.1715 	 9.8953 	 2.6080 	 0.0000 	 1.9695 	 0.8977 
