50.0000 	 2.7098 	 2.8791 	 6.4696 	 9.0869 	 1.3439 	 0.0000 	 1.1007 	 544.1851 	 50.0000 	 0.5964 	 3.6299 	 2.8866 	 0.0858 	 -2.1546 	 0.0000 	 0.4958 	 0.0017 
50.0000 	 2.8232 	 6.9736 	 0.0000 	 2.0536 	 0.0715 	 0.0000 	 1.1595 	 559.3534 	 50.0000 	 0.6771 	 3.4309 	 9.0926 	 2.6630 	 2.3481 	 0.0000 	 1.8864 	 0.0012 
50.0000 	 2.6941 	 2.8791 	 7.0468 	 8.9483 	 1.3421 	 0.0000 	 1.1025 	 544.1823 	 50.0000 	 1.4034 	 9.1763 	 2.8271 	 0.1598 	 0.8647 	 0.0000 	 0.0128 	 0.0017 
50.0000 	 2.7043 	 2.9025 	 6.1052 	 9.2476 	 1.3304 	 0.0000 	 1.0987 	 544.1877 	 50.0000 	 0.2496 	 2.7872 	 0.8216 	 1.6092 	 -1.4298 	 0.0000 	 1.1677 	 0.0016 
50.0000 	 2.6528 	 3.1391 	 5.7422 	 9.2427 	 1.3306 	 0.0000 	 1.0976 	 544.2443 	 50.0000 	 2.7101 	 7.7319 	 6.8619 	 1.6068 	 0.8491 	 0.0000 	 2.7817 	 0.0023 
48.0000 	 2.7381 	 10.0000 	 0.0000 	 0.7635 	 0.8872 	 0.0000 	 1.1609 	 559.3621 	 48.0000 	 0.6340 	 0.9088 	 0.9977 	 1.1581 	 -0.1660 	 0.0000 	 1.9101 	 0.0013 
48.0000 	 0.0010 	 5.0934 	 1.7381 	 0.1888 	 1.1796 	 0.0000 	 1.2381 	 1083.0200 	 48.0000 	 0.1784 	 2.0502 	 2.0659 	 1.2021 	 0.6481 	 0.0000 	 2.9611 	 0.0000 
50.0000 	 2.7411 	 2.8002 	 5.5486 	 9.1821 	 1.3215 	 0.0000 	 1.0935 	 544.2544 	 50.0000 	 2.0371 	 6.9655 	 1.9828 	 2.1119 	 0.5239 	 0.0000 	 2.3360 	 0.0028 
48.0000 	 2.7505 	 0.5008 	 0.4920 	 1.6002 	 0.4351 	 0.0000 	 1.1365 	 559.0718 	 48.0000 	 0.0817 	 0.3835 	 6.9650 	 2.6027 	 2.7276 	 0.0000 	 0.2481 	 0.0028 
50.0000 	 2.6604 	 3.0063 	 7.2812 	 8.8956 	 1.3496 	 0.0000 	 1.1038 	 544.2045 	 50.0000 	 1.9118 	 8.3867 	 2.5998 	 2.7904 	 -0.5022 	 0.0000 	 2.3269 	 0.0025 
50.0000 	 2.8043 	 2.5484 	 1.7628 	 0.3531 	 1.3483 	 0.0000 	 1.1534 	 559.2066 	 50.0000 	 2.6325 	 3.9628 	 1.6946 	 0.0994 	 -1.3841 	 0.0000 	 1.6446 	 0.0024 
48.0000 	 2.7220 	 1.1377 	 0.0000 	 0.4457 	 1.0768 	 0.0000 	 1.1774 	 559.3859 	 48.0000 	 2.3769 	 9.3285 	 0.7349 	 0.3589 	 1.6811 	 0.0000 	 2.2633 	 0.0012 
49.0000 	 2.7574 	 4.6375 	 0.3757 	 2.2061 	 0.6341 	 0.0000 	 1.1460 	 559.0194 	 49.0000 	 1.3567 	 7.8175 	 6.3283 	 0.0523 	 2.5984 	 0.0000 	 1.4932 	 0.0014 
47.0000 	 2.7048 	 6.5588 	 2.6978 	 2.6631 	 1.3469 	 0.0000 	 1.0863 	 559.5280 	 47.0000 	 2.4055 	 4.8043 	 1.2405 	 0.7982 	 1.1433 	 0.0000 	 0.8020 	 0.0020 
47.0000 	 2.6700 	 0.0000 	 3.3560 	 2.5394 	 -1.1611 	 0.0000 	 1.1551 	 559.3915 	 47.0000 	 1.7952 	 5.8990 	 3.0937 	 1.9323 	 -1.2951 	 0.0000 	 1.1810 	 0.0010 
47.0000 	 2.5936 	 2.9290 	 7.4119 	 8.9399 	 1.3476 	 0.0000 	 1.1075 	 544.2044 	 47.0000 	 2.8384 	 9.8648 	 7.3608 	 1.2823 	 2.9472 	 0.0000 	 2.2521 	 0.0038 
47.0000 	 2.6036 	 2.9132 	 6.7202 	 9.0821 	 1.3412 	 0.0000 	 1.1031 	 544.1886 	 47.0000 	 1.2633 	 5.3391 	 5.9663 	 1.7469 	 -2.4403 	 0.0000 	 2.3755 	 0.0018 
48.0000 	 2.6397 	 2.8861 	 6.3559 	 9.0956 	 1.3429 	 0.0000 	 1.0954 	 544.1858 	 48.0000 	 0.2251 	 9.7795 	 6.8055 	 2.9483 	 -1.9705 	 0.0000 	 0.0440 	 0.0020 
49.0000 	 2.4553 	 3.7683 	 8.9954 	 8.9165 	 1.3916 	 0.0000 	 1.1102 	 545.0544 	 49.0000 	 0.4685 	 2.0029 	 6.1452 	 0.9209 	 -2.6374 	 0.0000 	 2.0758 	 0.0042 
46.0000 	 2.6956 	 7.4666 	 0.0000 	 0.1183 	 1.2956 	 0.0000 	 1.1601 	 559.3704 	 46.0000 	 0.0341 	 9.2728 	 0.0913 	 1.1878 	 0.5308 	 0.0000 	 2.9504 	 0.0016 
48.0000 	 2.7393 	 1.6209 	 6.6958 	 0.1408 	 1.3623 	 0.0000 	 1.1579 	 559.2648 	 48.0000 	 2.0824 	 9.2286 	 2.8833 	 0.6074 	 2.8387 	 0.0000 	 0.7664 	 0.0020 
47.0000 	 3.7202 	 1.4232 	 0.7633 	 9.2472 	 -0.4782 	 0.0000 	 0.0001 	 561.6293 	 47.0000 	 1.0991 	 7.2064 	 3.8765 	 0.2539 	 -1.8069 	 0.0000 	 1.0578 	 0.0116 
49.0000 	 2.6634 	 2.9900 	 6.2021 	 9.5757 	 1.3364 	 0.0000 	 1.1015 	 544.2206 	 49.0000 	 0.7848 	 7.2958 	 7.3559 	 2.7963 	 -2.4299 	 0.0000 	 1.5596 	 0.0019 
44.0000 	 2.6072 	 5.1314 	 0.9076 	 2.3500 	 1.0700 	 0.0000 	 1.1639 	 558.8863 	 44.0000 	 2.2398 	 1.1212 	 0.7416 	 1.0594 	 -1.4125 	 0.0000 	 1.0942 	 0.0015 
44.0000 	 3.4523 	 1.3592 	 0.9266 	 8.2975 	 -0.0625 	 0.0000 	 0.0000 	 561.3491 	 44.0000 	 0.0285 	 2.0853 	 1.3622 	 2.4925 	 0.8819 	 0.0000 	 2.5317 	 0.0099 
47.0000 	 2.5966 	 2.9221 	 7.0648 	 8.9408 	 1.3462 	 0.0000 	 1.1009 	 544.1909 	 47.0000 	 2.6793 	 3.7761 	 7.6205 	 0.0461 	 -2.7429 	 0.0000 	 2.1220 	 0.0016 
46.0000 	 2.7009 	 6.0377 	 4.5152 	 0.0000 	 1.3677 	 0.0000 	 1.1571 	 559.3730 	 46.0000 	 0.0440 	 5.1115 	 1.9314 	 0.3949 	 0.8854 	 0.0000 	 2.7380 	 0.0014 
45.0000 	 2.7021 	 9.5862 	 4.4934 	 0.1443 	 1.3696 	 0.0000 	 1.2161 	 559.6126 	 45.0000 	 0.3333 	 2.7731 	 4.4840 	 0.8643 	 -1.3207 	 0.0000 	 1.3231 	 0.0013 
49.0000 	 2.7635 	 3.8379 	 8.0078 	 3.8320 	 1.5000 	 0.0000 	 1.1641 	 558.5145 	 49.0000 	 2.5560 	 8.5119 	 4.7510 	 2.3430 	 -2.6115 	 0.0000 	 1.9401 	 0.0038 
44.0000 	 2.5228 	 2.8593 	 6.8520 	 8.9745 	 1.3425 	 0.0000 	 1.1003 	 544.1986 	 44.0000 	 2.5073 	 1.5320 	 9.6890 	 2.7487 	 0.4354 	 0.0000 	 2.6711 	 0.0021 
47.0000 	 2.5749 	 3.0264 	 7.0856 	 9.0665 	 1.3443 	 0.0000 	 1.1003 	 544.2094 	 47.0000 	 1.3743 	 7.9309 	 6.1592 	 0.3343 	 2.1197 	 0.0000 	 2.7009 	 0.0018 
49.0000 	 2.6653 	 2.9903 	 5.9292 	 9.5572 	 1.3332 	 0.0000 	 1.1016 	 544.2130 	 49.0000 	 2.9814 	 2.6133 	 6.1924 	 1.8289 	 0.4918 	 0.0000 	 0.8201 	 0.0018 
46.0000 	 2.6732 	 4.0393 	 3.7476 	 2.7543 	 1.3037 	 0.0000 	 1.1535 	 558.4488 	 46.0000 	 1.1354 	 8.6635 	 4.2870 	 2.2189 	 0.7742 	 0.0000 	 0.3832 	 0.0025 
44.0000 	 2.7048 	 8.0737 	 2.4390 	 0.2047 	 1.3762 	 0.0000 	 1.1662 	 559.4311 	 44.0000 	 1.4460 	 6.0530 	 9.4577 	 0.2138 	 -2.4681 	 0.0000 	 0.2121 	 0.0015 
49.0000 	 2.8935 	 3.5400 	 8.1506 	 3.3256 	 1.3601 	 0.0000 	 1.1619 	 557.7287 	 49.0000 	 2.4014 	 6.1843 	 9.3671 	 1.5923 	 2.3778 	 0.0000 	 2.1586 	 0.0034 
49.0000 	 2.6747 	 2.8629 	 6.8939 	 8.9708 	 1.3420 	 0.0000 	 1.1020 	 544.1832 	 49.0000 	 1.4660 	 4.4407 	 6.9703 	 2.1741 	 -2.5716 	 0.0000 	 1.3969 	 0.0027 
44.0000 	 2.8822 	 2.4207 	 7.2302 	 3.2922 	 1.1309 	 0.0000 	 1.2890 	 560.1252 	 44.0000 	 1.4131 	 8.5217 	 5.8129 	 2.9491 	 0.1056 	 0.0000 	 2.8091 	 0.0043 
45.0000 	 2.4486 	 4.4462 	 3.0154 	 5.3933 	 1.2591 	 0.0000 	 1.2105 	 556.0968 	 45.0000 	 1.5229 	 0.2059 	 5.7111 	 0.6699 	 -2.3925 	 0.0000 	 1.3006 	 0.0042 
46.0000 	 2.4386 	 3.9355 	 6.0876 	 9.2047 	 1.4055 	 0.0000 	 1.0551 	 545.3204 	 46.0000 	 1.9300 	 7.7206 	 1.9417 	 1.9144 	 -0.4080 	 0.0000 	 2.5111 	 0.0035 
49.0000 	 2.6757 	 2.7833 	 9.1505 	 8.6797 	 1.3545 	 0.0000 	 1.1090 	 544.2960 	 49.0000 	 0.5206 	 4.1711 	 9.2467 	 2.4327 	 -1.1156 	 0.0000 	 1.7490 	 0.0018 
44.0000 	 2.4907 	 2.8828 	 8.6336 	 8.6880 	 1.3498 	 0.0000 	 1.1101 	 544.2827 	 44.0000 	 0.4332 	 7.5472 	 6.4662 	 0.1275 	 -2.5844 	 0.0000 	 2.1567 	 0.0050 
47.0000 	 2.5965 	 2.9166 	 6.7438 	 8.9820 	 1.3426 	 0.0000 	 1.0976 	 544.1874 	 47.0000 	 0.3730 	 9.2642 	 1.6417 	 1.1183 	 -0.5065 	 0.0000 	 0.5385 	 0.0016 
44.0000 	 2.5192 	 2.8312 	 7.1637 	 8.8681 	 1.3468 	 0.0000 	 1.1039 	 544.2106 	 44.0000 	 2.7428 	 3.1041 	 1.1113 	 1.8579 	 2.9585 	 0.0000 	 1.2997 	 0.0014 
44.0000 	 2.6112 	 4.5987 	 1.7829 	 2.8039 	 1.2717 	 0.0000 	 1.1171 	 558.5603 	 44.0000 	 0.5446 	 0.0643 	 9.3741 	 2.0285 	 -0.2212 	 0.0000 	 0.1746 	 0.0157 
48.0000 	 2.9766 	 0.0000 	 3.5840 	 0.1069 	 1.2861 	 0.0000 	 1.1389 	 559.6945 	 48.0000 	 1.0995 	 8.7873 	 3.5594 	 1.2647 	 -0.7551 	 0.0000 	 2.3376 	 0.0014 
45.0000 	 2.5622 	 2.8933 	 6.0633 	 9.3177 	 1.3357 	 0.0000 	 1.0989 	 544.2089 	 45.0000 	 1.2508 	 4.7971 	 2.4990 	 2.9580 	 -0.5595 	 0.0000 	 1.3487 	 0.0020 
49.0000 	 2.6510 	 2.9249 	 7.2512 	 8.9668 	 1.3453 	 0.0000 	 1.1048 	 544.1910 	 49.0000 	 2.9587 	 8.5134 	 0.7452 	 2.1192 	 -1.7287 	 0.0000 	 0.7725 	 0.0025 
42.0000 	 2.5811 	 2.5206 	 0.4544 	 1.6692 	 0.7792 	 0.0000 	 1.1465 	 559.0740 	 42.0000 	 0.9386 	 1.0881 	 0.0207 	 2.2899 	 2.5860 	 0.0000 	 2.6928 	 0.0019 
43.0000 	 2.5256 	 9.3808 	 10.0000 	 0.6471 	 1.3758 	 0.0000 	 1.1777 	 559.4586 	 43.0000 	 2.3710 	 5.5547 	 8.3249 	 0.8333 	 2.6567 	 0.0000 	 2.9193 	 0.0065 
49.0000 	 2.6746 	 2.8639 	 7.0516 	 9.0711 	 1.3495 	 0.0000 	 1.1008 	 544.1913 	 49.0000 	 2.9617 	 6.4773 	 4.9806 	 0.6964 	 1.3715 	 0.0000 	 2.1690 	 0.0017 
41.0000 	 2.5234 	 6.1624 	 10.0000 	 0.3806 	 1.3644 	 0.0000 	 1.1672 	 559.3996 	 41.0000 	 2.8841 	 8.9078 	 0.8425 	 2.7860 	 2.3763 	 0.0000 	 1.2646 	 0.0017 
48.0000 	 0.0454 	 3.2853 	 2.4809 	 1.2668 	 0.1037 	 0.0000 	 1.2338 	 1083.0194 	 48.0000 	 1.3835 	 5.6905 	 8.4845 	 0.8664 	 -0.2644 	 0.0000 	 0.1176 	 0.0000 
41.0000 	 2.3930 	 2.9786 	 6.9334 	 9.0214 	 1.3437 	 0.0000 	 1.1060 	 544.2215 	 41.0000 	 1.3662 	 1.9501 	 4.9106 	 1.1507 	 -1.4369 	 0.0000 	 2.7148 	 0.0020 
43.0000 	 2.8402 	 2.6074 	 3.5352 	 1.5000 	 1.3301 	 0.0000 	 1.2161 	 553.0474 	 43.0000 	 1.5433 	 4.1594 	 9.1843 	 0.0048 	 2.8881 	 0.0000 	 2.0834 	 0.4455 
45.0000 	 2.6611 	 0.0428 	 4.5508 	 0.6370 	 0.7671 	 0.0000 	 1.1452 	 559.3698 	 45.0000 	 2.1610 	 0.2931 	 7.8923 	 2.6178 	 0.5294 	 0.0000 	 0.9373 	 0.0012 
44.0000 	 2.6288 	 9.3422 	 5.1544 	 1.5711 	 1.3690 	 0.0000 	 1.1629 	 559.3763 	 44.0000 	 1.4021 	 2.7705 	 9.8111 	 0.7032 	 1.5697 	 0.0000 	 2.6065 	 0.0015 
41.0000 	 2.5129 	 1.2993 	 4.0532 	 0.1571 	 1.3442 	 0.0000 	 1.1617 	 559.2796 	 41.0000 	 0.5479 	 8.6979 	 5.3722 	 0.2406 	 2.4526 	 0.0000 	 2.2689 	 0.0023 
43.0000 	 2.5834 	 0.6269 	 0.0113 	 2.6401 	 -0.2858 	 0.0000 	 1.1566 	 559.3696 	 43.0000 	 1.1638 	 3.8956 	 7.3740 	 1.0701 	 -0.6727 	 0.0000 	 1.3765 	 0.0017 
39.0000 	 2.6397 	 2.2871 	 1.5635 	 9.9948 	 0.9183 	 0.0000 	 0.0000 	 554.5846 	 39.0000 	 2.2092 	 6.9862 	 0.0069 	 0.3846 	 -2.0841 	 0.0000 	 1.6317 	 0.0132 
42.0000 	 2.5754 	 2.4049 	 0.0000 	 0.6816 	 0.9206 	 0.0000 	 1.1722 	 559.4137 	 42.0000 	 1.7321 	 2.1095 	 9.4104 	 1.5973 	 -1.4263 	 0.0000 	 0.6942 	 0.0016 
46.0000 	 2.5792 	 2.8555 	 6.9112 	 8.9443 	 1.3470 	 0.0000 	 1.1012 	 544.1951 	 46.0000 	 1.4309 	 0.7462 	 5.9046 	 2.9837 	 -0.4672 	 0.0000 	 1.9441 	 0.0015 
47.0000 	 2.6207 	 2.8720 	 6.3860 	 9.1179 	 1.3396 	 0.0000 	 1.0978 	 544.1873 	 47.0000 	 0.3550 	 2.9327 	 0.1678 	 2.2519 	 0.4361 	 0.0000 	 2.4855 	 0.0019 
41.0000 	 2.4157 	 2.9154 	 6.5968 	 9.1104 	 1.3422 	 0.0000 	 1.1003 	 544.2137 	 41.0000 	 0.1190 	 3.7152 	 1.5155 	 0.1061 	 1.8808 	 0.0000 	 0.8429 	 0.0020 
46.0000 	 2.6122 	 2.8263 	 5.5439 	 9.4229 	 1.3301 	 0.0000 	 1.0993 	 544.2544 	 46.0000 	 1.0627 	 6.2874 	 7.6048 	 1.6668 	 0.9664 	 0.0000 	 2.9930 	 0.0020 
41.0000 	 2.5413 	 1.4420 	 0.0282 	 5.1942 	 -1.8423 	 0.0000 	 1.1663 	 559.3143 	 41.0000 	 1.4038 	 6.9640 	 0.8796 	 1.3913 	 -2.9679 	 0.0000 	 0.4438 	 0.0034 
46.0000 	 2.6668 	 2.8873 	 4.8166 	 9.9993 	 1.3187 	 0.0000 	 1.0947 	 544.4279 	 46.0000 	 2.0699 	 8.6732 	 1.6599 	 1.6575 	 0.4289 	 0.0000 	 2.6142 	 0.0072 
47.0000 	 2.6747 	 0.3522 	 0.0002 	 3.1721 	 -0.6195 	 0.0000 	 1.1680 	 559.0467 	 47.0000 	 1.9088 	 9.9697 	 0.1211 	 2.9547 	 -0.4283 	 0.0000 	 2.5151 	 0.0053 
43.0000 	 2.4676 	 2.9338 	 6.7067 	 8.9699 	 1.3416 	 0.0000 	 1.1019 	 544.2048 	 43.0000 	 2.7193 	 3.5226 	 2.5539 	 1.8330 	 0.2098 	 0.0000 	 0.4526 	 0.0018 
42.0000 	 2.4369 	 2.8701 	 6.6627 	 8.9844 	 1.3377 	 0.0000 	 1.1110 	 544.2335 	 42.0000 	 1.9633 	 2.2656 	 8.1706 	 0.7770 	 0.3816 	 0.0000 	 1.2776 	 0.0016 
42.0000 	 2.4528 	 2.8284 	 6.2599 	 7.6788 	 1.3347 	 0.0000 	 1.1200 	 544.7571 	 42.0000 	 2.2934 	 3.0261 	 5.3921 	 2.7365 	 1.5375 	 0.0000 	 2.7337 	 0.0121 
38.0000 	 2.6055 	 3.4729 	 9.0109 	 0.9606 	 1.3572 	 0.0000 	 1.1327 	 559.6403 	 38.0000 	 1.2026 	 2.3270 	 7.7310 	 0.3097 	 0.8014 	 0.0000 	 2.1147 	 0.0029 
40.0000 	 2.4056 	 2.7302 	 8.9626 	 8.7259 	 1.3523 	 0.0000 	 1.1057 	 544.3379 	 40.0000 	 2.6520 	 4.2613 	 9.7970 	 1.4213 	 2.3439 	 0.0000 	 1.0310 	 0.0022 
40.0000 	 2.3811 	 2.9363 	 6.6189 	 9.2651 	 1.3422 	 0.0000 	 1.1007 	 544.2322 	 40.0000 	 2.3893 	 3.5129 	 5.5678 	 2.2100 	 1.1033 	 0.0000 	 0.6687 	 0.0022 
41.0000 	 2.4203 	 2.8729 	 6.8981 	 9.0427 	 1.3390 	 0.0000 	 1.1039 	 544.2142 	 41.0000 	 1.2234 	 5.9422 	 7.4294 	 2.7941 	 -1.5498 	 0.0000 	 0.0076 	 0.0026 
45.0000 	 2.6784 	 0.0000 	 2.7514 	 1.5079 	 -0.1341 	 0.0000 	 1.1580 	 559.3784 	 45.0000 	 1.4114 	 4.3034 	 8.2542 	 2.1088 	 0.2200 	 0.0000 	 0.1725 	 0.0023 
39.0000 	 2.3631 	 2.8574 	 6.4917 	 9.0775 	 1.3442 	 0.0000 	 1.0974 	 544.2335 	 39.0000 	 1.7689 	 3.1573 	 1.4216 	 0.4230 	 2.2335 	 0.0000 	 2.1042 	 0.0022 
38.0000 	 2.3913 	 0.5533 	 0.1640 	 2.9818 	 -0.4271 	 0.0000 	 1.1568 	 559.2275 	 38.0000 	 1.5759 	 1.6487 	 8.5698 	 2.9962 	 -1.3716 	 0.0000 	 2.2018 	 0.0021 
40.0000 	 3.1937 	 1.4550 	 1.7381 	 9.9675 	 1.0337 	 0.0000 	 0.0000 	 554.9221 	 40.0000 	 0.4846 	 2.4887 	 5.6506 	 1.5704 	 -2.1798 	 0.0000 	 1.6817 	 0.0113 
45.0000 	 2.6650 	 0.0207 	 1.7823 	 1.4733 	 -0.0761 	 0.0000 	 1.1547 	 559.3660 	 45.0000 	 1.6562 	 0.8702 	 1.4241 	 2.3691 	 -1.4355 	 0.0000 	 1.2403 	 0.0014 
45.0000 	 2.5617 	 2.8261 	 6.5232 	 9.0221 	 1.3425 	 0.0000 	 1.1017 	 544.2021 	 45.0000 	 1.2187 	 6.5262 	 0.2205 	 2.5051 	 2.8520 	 0.0000 	 2.6936 	 0.0014 
39.0000 	 2.4659 	 8.5643 	 9.9997 	 0.1807 	 1.3681 	 0.0000 	 1.1623 	 559.4169 	 39.0000 	 1.8087 	 1.8707 	 5.6456 	 1.1117 	 2.6876 	 0.0000 	 1.2301 	 0.0016 
37.0000 	 2.3631 	 8.7018 	 8.3422 	 6.6266 	 1.3697 	 0.0000 	 1.1630 	 559.3921 	 37.0000 	 0.9979 	 4.6719 	 9.2799 	 2.4394 	 -2.7671 	 0.0000 	 0.8512 	 0.0022 
42.0000 	 2.5656 	 0.0151 	 8.1929 	 1.9194 	 -0.5247 	 0.0000 	 1.1528 	 559.3911 	 42.0000 	 1.8934 	 3.1142 	 1.7747 	 0.0691 	 -0.4124 	 0.0000 	 2.8009 	 0.0014 
45.0000 	 2.6775 	 2.3289 	 0.0289 	 2.0949 	 0.0854 	 0.0000 	 1.1597 	 559.3398 	 45.0000 	 0.5988 	 2.0350 	 8.4995 	 0.1986 	 0.8112 	 0.0000 	 0.1943 	 0.0017 
45.0000 	 2.6256 	 4.2449 	 3.3476 	 0.9698 	 1.3489 	 0.0000 	 1.1613 	 559.2118 	 45.0000 	 1.1390 	 3.0065 	 7.4442 	 2.8147 	 -0.5887 	 0.0000 	 2.9502 	 0.0013 
39.0000 	 2.3258 	 2.9851 	 7.0954 	 8.8816 	 1.3441 	 0.0000 	 1.1044 	 544.2449 	 39.0000 	 2.6728 	 6.7011 	 9.7529 	 1.9396 	 -0.3876 	 0.0000 	 0.9817 	 0.0025 
39.0000 	 2.4585 	 9.7099 	 7.9219 	 1.7830 	 1.3684 	 0.0000 	 1.1614 	 559.4160 	 39.0000 	 0.6509 	 9.2247 	 2.9490 	 0.6723 	 -2.7745 	 0.0000 	 0.9775 	 0.0017 
39.0000 	 2.3430 	 2.9621 	 6.3416 	 9.1755 	 1.3388 	 0.0000 	 1.1003 	 544.2340 	 39.0000 	 1.5191 	 1.5089 	 1.4640 	 1.2019 	 1.1547 	 0.0000 	 0.8497 	 0.0019 
37.0000 	 2.2783 	 2.9320 	 6.4832 	 9.2827 	 1.3362 	 0.0000 	 1.1015 	 544.2586 	 37.0000 	 2.2611 	 2.2123 	 4.1972 	 1.7402 	 -0.6977 	 0.0000 	 2.2086 	 0.0018 
43.0000 	 2.4901 	 2.8580 	 7.3328 	 9.0696 	 1.3430 	 0.0000 	 1.1078 	 544.2190 	 43.0000 	 2.8015 	 2.1657 	 3.9733 	 2.6800 	 0.4333 	 0.0000 	 1.4162 	 0.0022 
35.0000 	 2.3212 	 3.5246 	 0.1304 	 3.3296 	 -0.3908 	 0.0000 	 1.1600 	 559.2522 	 35.0000 	 0.9929 	 3.7606 	 5.9155 	 1.1032 	 -0.1359 	 0.0000 	 0.3280 	 0.0027 
41.0000 	 2.4924 	 8.0621 	 0.2318 	 2.3361 	 0.4615 	 0.0000 	 1.1554 	 559.1582 	 41.0000 	 2.7507 	 1.9878 	 2.6722 	 2.1070 	 -2.3364 	 0.0000 	 0.5788 	 0.0016 
43.0000 	 2.6013 	 0.0000 	 2.0602 	 1.3466 	 0.0185 	 0.0000 	 1.1595 	 559.3888 	 43.0000 	 0.7637 	 8.5867 	 6.9252 	 0.3816 	 -2.0898 	 0.0000 	 1.8090 	 0.0017 
40.0000 	 2.4415 	 1.6522 	 9.9798 	 0.7016 	 1.3536 	 0.0000 	 1.1373 	 558.9676 	 40.0000 	 2.4036 	 7.5169 	 0.3899 	 0.3053 	 0.9970 	 0.0000 	 2.7724 	 0.0015 
43.0000 	 2.5819 	 9.5711 	 0.0777 	 0.8978 	 0.8854 	 0.0000 	 1.1621 	 559.3429 	 43.0000 	 0.7952 	 8.8272 	 6.0588 	 1.7912 	 -0.7760 	 0.0000 	 1.6115 	 0.0014 
39.0000 	 2.3431 	 2.9534 	 6.3871 	 9.1038 	 1.3399 	 0.0000 	 1.1000 	 544.2284 	 39.0000 	 1.4654 	 0.9781 	 6.0829 	 1.7948 	 0.4382 	 0.0000 	 1.6952 	 0.0017 
36.0000 	 2.3303 	 0.9677 	 0.1438 	 3.7450 	 -0.8102 	 0.0000 	 1.1478 	 559.1926 	 36.0000 	 2.0797 	 6.2653 	 2.7140 	 2.9520 	 -0.5901 	 0.0000 	 2.5461 	 0.0021 
37.0000 	 2.2750 	 2.9364 	 6.5637 	 9.0366 	 1.3425 	 0.0000 	 1.0984 	 544.2486 	 37.0000 	 0.9886 	 9.8555 	 0.2781 	 0.0119 	 -0.9238 	 0.0000 	 1.5537 	 0.0020 
36.0000 	 2.3585 	 0.0153 	 1.7868 	 1.0629 	 0.3195 	 0.0000 	 1.1586 	 559.4407 	 36.0000 	 0.6161 	 7.0906 	 5.8939 	 0.9457 	 -2.0739 	 0.0000 	 1.8309 	 0.0018 
34.0000 	 2.3450 	 2.2324 	 5.4735 	 0.0973 	 1.2246 	 0.0000 	 1.4479 	 563.0114 	 34.0000 	 1.9267 	 4.1452 	 4.2167 	 0.6277 	 -0.9821 	 0.0000 	 2.6397 	 0.0023 
43.0000 	 2.4650 	 3.0555 	 6.3136 	 9.3586 	 1.3363 	 0.0000 	 1.1008 	 544.2244 	 43.0000 	 0.7560 	 2.6666 	 2.0953 	 2.7552 	 -2.1030 	 0.0000 	 0.6911 	 0.0022 
43.0000 	 2.4839 	 2.9883 	 5.6589 	 9.5582 	 1.3385 	 0.0000 	 1.0910 	 544.2467 	 43.0000 	 1.3465 	 3.0476 	 4.6901 	 1.4092 	 -1.9308 	 0.0000 	 2.8693 	 0.0017 
37.0000 	 4.4874 	 0.6689 	 9.9805 	 5.5488 	 1.3037 	 0.0000 	 1.0745 	 564.0199 	 37.0000 	 0.1561 	 3.6928 	 0.7039 	 1.5227 	 2.3431 	 0.0000 	 0.6277 	 0.2621 
35.0000 	 2.1905 	 2.8613 	 9.8675 	 8.7136 	 1.3535 	 0.0000 	 1.1122 	 544.4430 	 35.0000 	 2.3140 	 4.5744 	 8.7690 	 1.2737 	 1.0010 	 0.0000 	 2.4536 	 0.0024 
42.0000 	 2.9381 	 1.9461 	 1.5465 	 10.0000 	 0.8980 	 0.0000 	 0.0144 	 554.3590 	 42.0000 	 2.4985 	 3.8541 	 0.4383 	 0.7356 	 -0.4804 	 0.0000 	 1.0521 	 0.0115 
32.0000 	 2.1078 	 2.9226 	 6.2206 	 9.1271 	 1.3358 	 0.0000 	 1.1004 	 544.3266 	 32.0000 	 1.2441 	 4.9645 	 2.3571 	 0.9539 	 1.0239 	 0.0000 	 0.0461 	 0.0031 
42.0000 	 2.4153 	 3.1733 	 7.6175 	 9.5193 	 1.3630 	 0.0000 	 1.0735 	 544.4778 	 42.0000 	 0.3147 	 0.1157 	 5.9937 	 1.9921 	 0.1117 	 0.0000 	 2.7239 	 0.0036 
42.0000 	 2.4458 	 2.9206 	 6.6405 	 9.0566 	 1.3409 	 0.0000 	 1.1006 	 544.2052 	 42.0000 	 2.6668 	 3.9151 	 3.2155 	 2.5854 	 1.4321 	 0.0000 	 0.0620 	 0.0018 
36.0000 	 2.2638 	 2.8349 	 6.4064 	 9.1819 	 1.3369 	 0.0000 	 1.1009 	 544.2716 	 36.0000 	 0.3581 	 2.7202 	 6.8637 	 2.9143 	 2.7044 	 0.0000 	 2.0335 	 0.0017 
36.0000 	 2.2405 	 2.9240 	 6.7840 	 9.0851 	 1.3440 	 0.0000 	 1.0978 	 544.2543 	 36.0000 	 1.3449 	 0.6385 	 5.5152 	 1.7913 	 0.3658 	 0.0000 	 0.0520 	 0.0030 
42.0000 	 2.5618 	 9.4046 	 1.0378 	 0.2818 	 1.3654 	 0.0000 	 1.1532 	 559.3586 	 42.0000 	 2.3189 	 8.4187 	 6.8220 	 0.8613 	 2.4352 	 0.0000 	 0.4689 	 0.0017 
35.0000 	 2.2152 	 2.8770 	 7.0873 	 8.9535 	 1.3440 	 0.0000 	 1.1025 	 544.2790 	 35.0000 	 2.6534 	 1.4997 	 6.9427 	 1.3611 	 1.7527 	 0.0000 	 2.9403 	 0.0023 
38.0000 	 2.3192 	 2.8868 	 6.7481 	 9.0382 	 1.3415 	 0.0000 	 1.1016 	 544.2371 	 38.0000 	 0.8504 	 5.6993 	 8.2499 	 0.3313 	 0.5749 	 0.0000 	 2.6596 	 0.0020 
35.0000 	 2.3039 	 8.5230 	 0.0001 	 2.2673 	 -0.0657 	 0.0000 	 1.1611 	 559.4611 	 35.0000 	 0.4543 	 8.9424 	 2.2647 	 1.2004 	 -0.7148 	 0.0000 	 2.8987 	 0.0017 
39.0000 	 2.3421 	 2.9618 	 5.9836 	 9.2211 	 1.3292 	 0.0000 	 1.1003 	 544.2445 	 39.0000 	 0.9935 	 2.3383 	 2.6668 	 0.6946 	 1.6862 	 0.0000 	 1.4366 	 0.0017 
37.0000 	 2.2987 	 2.7248 	 10.0000 	 8.5285 	 1.3516 	 0.0000 	 1.1134 	 544.4426 	 37.0000 	 1.7117 	 4.4648 	 3.8425 	 1.2511 	 -2.9462 	 0.0000 	 0.9992 	 0.0023 
31.0000 	 2.2687 	 9.1689 	 6.6183 	 0.0610 	 1.4069 	 0.0000 	 1.1151 	 559.7846 	 31.0000 	 0.6209 	 4.0899 	 2.4849 	 0.9979 	 2.7392 	 0.0000 	 0.5529 	 0.0013 
34.0000 	 2.2696 	 9.9966 	 1.0362 	 0.4608 	 1.3508 	 0.0000 	 1.1555 	 559.4077 	 34.0000 	 0.5404 	 1.8005 	 1.4188 	 2.5850 	 0.3769 	 0.0000 	 1.2523 	 0.0020 
42.0000 	 2.4311 	 2.9947 	 6.3209 	 9.1815 	 1.3422 	 0.0000 	 1.0989 	 544.2152 	 42.0000 	 1.0434 	 9.3281 	 0.3880 	 1.2019 	 -1.2118 	 0.0000 	 1.0445 	 0.0018 
40.0000 	 2.2486 	 8.3023 	 5.5200 	 1.0100 	 1.4194 	 0.0000 	 1.0370 	 561.2025 	 40.0000 	 2.8548 	 0.9217 	 0.9866 	 0.7690 	 1.7478 	 0.0000 	 0.6161 	 0.0034 
40.0000 	 2.6511 	 9.0555 	 4.3579 	 6.2078 	 1.3548 	 0.0000 	 1.1898 	 559.6167 	 40.0000 	 2.9821 	 6.7431 	 7.8344 	 2.1403 	 2.6101 	 0.0000 	 0.6024 	 0.0023 
34.0000 	 2.2596 	 2.7063 	 6.0571 	 9.5094 	 1.4238 	 0.0000 	 1.0493 	 544.9944 	 34.0000 	 0.2698 	 7.4492 	 4.7171 	 0.3802 	 -2.5056 	 0.0000 	 2.5176 	 0.0029 
33.0000 	 2.2509 	 0.8628 	 0.6689 	 1.5119 	 0.6824 	 0.0000 	 1.1398 	 559.1625 	 33.0000 	 1.2796 	 9.0756 	 6.6265 	 2.3030 	 -2.2619 	 0.0000 	 0.0597 	 0.0027 
34.0000 	 2.1705 	 2.8873 	 7.2177 	 8.8405 	 1.3466 	 0.0000 	 1.1008 	 544.2993 	 34.0000 	 2.3465 	 6.5825 	 6.0220 	 2.1501 	 2.3696 	 0.0000 	 1.6689 	 0.0020 
40.0000 	 2.4896 	 8.9028 	 7.4715 	 0.2294 	 1.3706 	 0.0000 	 1.1591 	 559.4095 	 40.0000 	 0.9380 	 6.9174 	 6.7851 	 2.9793 	 -0.9299 	 0.0000 	 1.4835 	 0.0014 
36.0000 	 2.3489 	 0.0004 	 9.9983 	 3.4700 	 -2.0984 	 0.0000 	 1.1578 	 559.4448 	 36.0000 	 1.2233 	 6.9132 	 4.8936 	 0.0642 	 -0.4155 	 0.0000 	 0.4831 	 0.0018 
28.0000 	 2.3297 	 9.7427 	 4.5770 	 6.8632 	 1.3394 	 0.0000 	 1.1936 	 558.3234 	 28.0000 	 0.4505 	 9.6549 	 7.6233 	 0.7245 	 1.2081 	 0.0000 	 0.0201 	 0.0538 
32.0000 	 2.2024 	 7.9403 	 0.0001 	 0.6313 	 0.9721 	 0.0000 	 1.1602 	 559.4974 	 32.0000 	 1.4274 	 3.8348 	 5.6121 	 0.2035 	 0.7830 	 0.0000 	 0.3822 	 0.0023 
34.0000 	 2.2746 	 5.3006 	 0.0526 	 0.6945 	 0.9630 	 0.0000 	 1.1636 	 559.4465 	 34.0000 	 1.0628 	 0.6231 	 5.7637 	 1.8062 	 0.1918 	 0.0000 	 1.8247 	 0.0019 
40.0000 	 2.3925 	 2.7438 	 8.3606 	 8.7381 	 1.3485 	 0.0000 	 1.1075 	 544.2983 	 40.0000 	 0.4958 	 9.0700 	 5.8790 	 0.6140 	 -0.6159 	 0.0000 	 1.2897 	 0.0041 
37.0000 	 2.3705 	 7.7084 	 1.5074 	 4.3179 	 1.2887 	 0.0000 	 1.1441 	 558.7718 	 37.0000 	 1.6156 	 8.6658 	 0.7877 	 2.0036 	 1.7879 	 0.0000 	 1.6503 	 0.0031 
35.0000 	 2.0673 	 3.4717 	 7.1558 	 9.0135 	 1.3770 	 0.0000 	 1.0942 	 544.7285 	 35.0000 	 0.9989 	 7.4505 	 5.8803 	 1.9955 	 -0.5046 	 0.0000 	 0.1870 	 0.0028 
38.0000 	 2.4254 	 8.2859 	 7.9149 	 1.9117 	 1.3675 	 0.0000 	 1.1610 	 559.4180 	 38.0000 	 0.4154 	 3.1815 	 3.9011 	 0.5045 	 -2.4602 	 0.0000 	 2.9902 	 0.0025 
39.0000 	 2.4710 	 7.4656 	 2.1896 	 0.6710 	 1.3766 	 0.0000 	 1.1563 	 559.3829 	 39.0000 	 1.0987 	 2.7021 	 8.8140 	 2.2940 	 1.2606 	 0.0000 	 0.5114 	 0.0017 
40.0000 	 2.3872 	 2.8891 	 6.2590 	 8.9909 	 1.3328 	 0.0000 	 1.1008 	 544.2338 	 40.0000 	 2.1737 	 7.4313 	 4.3480 	 1.0233 	 -0.6380 	 0.0000 	 1.2340 	 0.0017 
31.0000 	 2.1422 	 1.3822 	 2.2326 	 0.4025 	 1.3090 	 0.0000 	 1.1602 	 559.2749 	 31.0000 	 1.4181 	 8.2445 	 3.7166 	 1.2809 	 -2.9237 	 0.0000 	 2.7750 	 0.0032 
32.0000 	 2.1057 	 2.9216 	 6.4790 	 9.2772 	 1.3383 	 0.0000 	 1.0972 	 544.3302 	 32.0000 	 2.5371 	 6.7198 	 2.1332 	 1.7571 	 -2.0385 	 0.0000 	 2.4436 	 0.0028 
32.0000 	 2.1901 	 6.3298 	 7.2007 	 0.1136 	 1.3721 	 0.0000 	 1.1545 	 559.5013 	 32.0000 	 2.6580 	 1.4295 	 4.3004 	 1.0944 	 -0.3906 	 0.0000 	 0.0369 	 0.0020 
28.0000 	 1.9808 	 2.9238 	 5.1288 	 9.7806 	 1.3160 	 0.0000 	 1.0918 	 544.5482 	 28.0000 	 1.8063 	 9.0246 	 0.8947 	 1.3877 	 1.0567 	 0.0000 	 0.6565 	 0.0030 
33.0000 	 2.1607 	 2.7987 	 6.6085 	 9.0732 	 1.3343 	 0.0000 	 1.1006 	 544.3171 	 33.0000 	 1.8511 	 3.2870 	 0.6071 	 1.0939 	 0.0883 	 0.0000 	 2.1000 	 0.0021 
36.0000 	 2.2805 	 2.7595 	 6.5295 	 9.0474 	 1.3414 	 0.0000 	 1.0992 	 544.2837 	 36.0000 	 2.2032 	 0.7846 	 4.2028 	 0.4519 	 -1.7126 	 0.0000 	 1.6008 	 0.0022 
38.0000 	 2.3102 	 2.9618 	 6.3640 	 9.2832 	 1.3384 	 0.0000 	 1.0988 	 544.2446 	 38.0000 	 2.4523 	 9.2168 	 4.7968 	 1.8144 	 2.4764 	 0.0000 	 2.7740 	 0.0018 
38.0000 	 3.3254 	 0.8397 	 1.1895 	 5.4395 	 0.5214 	 0.0000 	 0.0000 	 563.0415 	 38.0000 	 1.4104 	 3.8479 	 8.5986 	 1.8360 	 2.9923 	 0.0000 	 1.1763 	 0.0143 
31.0000 	 2.0518 	 2.8623 	 9.8457 	 8.6756 	 1.3573 	 0.0000 	 1.1103 	 544.5123 	 31.0000 	 0.2641 	 5.7724 	 7.5144 	 1.5442 	 0.4386 	 0.0000 	 2.6632 	 0.0028 
35.0000 	 2.3140 	 0.3793 	 0.1298 	 6.1699 	 -2.5152 	 0.0000 	 1.1283 	 559.1772 	 35.0000 	 0.4547 	 0.5114 	 0.3719 	 2.1740 	 2.1754 	 0.0000 	 2.9107 	 0.0022 
25.0000 	 1.6592 	 3.0701 	 9.6667 	 8.1354 	 1.5095 	 0.0000 	 1.0192 	 548.3255 	 25.0000 	 2.0804 	 2.9498 	 3.6232 	 2.6053 	 1.9427 	 0.0000 	 1.2731 	 0.0066 
37.0000 	 2.3725 	 2.5626 	 1.6240 	 1.1319 	 1.2851 	 0.0000 	 1.1438 	 559.0188 	 37.0000 	 2.6935 	 9.3353 	 4.2454 	 0.1324 	 2.2001 	 0.0000 	 2.4543 	 0.0022 
31.0000 	 2.0455 	 3.0054 	 6.5714 	 9.1411 	 1.3432 	 0.0000 	 1.0981 	 544.3500 	 31.0000 	 0.6945 	 1.2367 	 2.1585 	 0.0999 	 2.8572 	 0.0000 	 2.6827 	 0.0028 
34.0000 	 2.1681 	 2.9581 	 6.4878 	 9.2110 	 1.3403 	 0.0000 	 1.1022 	 544.2951 	 34.0000 	 0.4020 	 2.8127 	 8.3825 	 0.0031 	 -0.8825 	 0.0000 	 1.9723 	 0.0033 
38.0000 	 2.4155 	 0.0016 	 0.8992 	 2.8538 	 -1.4785 	 0.0000 	 1.1543 	 559.4215 	 38.0000 	 1.8610 	 0.4665 	 3.1894 	 1.3267 	 -2.7075 	 0.0000 	 2.5002 	 0.0019 
31.0000 	 2.0440 	 3.0325 	 6.3003 	 9.1149 	 1.3413 	 0.0000 	 1.0940 	 544.3522 	 31.0000 	 0.6871 	 5.8895 	 1.2233 	 0.3285 	 -2.0479 	 0.0000 	 0.9143 	 0.0022 
30.0000 	 2.0231 	 2.9290 	 6.3310 	 9.1971 	 1.3379 	 0.0000 	 1.0948 	 544.3773 	 30.0000 	 1.2087 	 6.6867 	 2.4726 	 0.6016 	 -0.0234 	 0.0000 	 0.6486 	 0.0026 
34.0000 	 2.6164 	 5.7666 	 10.0000 	 0.0000 	 1.4473 	 0.0000 	 1.0982 	 560.7253 	 34.0000 	 0.9098 	 5.0161 	 3.0568 	 2.2010 	 1.8038 	 0.0000 	 0.6930 	 0.0039 
28.0000 	 2.0598 	 0.0000 	 1.5646 	 0.1731 	 1.1494 	 0.0000 	 1.1642 	 559.7446 	 28.0000 	 1.8260 	 8.3017 	 0.7182 	 0.1244 	 -1.2031 	 0.0000 	 0.8350 	 0.0028 
30.0000 	 2.0246 	 2.8839 	 7.6673 	 8.8668 	 1.3508 	 0.0000 	 1.1001 	 544.4011 	 30.0000 	 2.3437 	 5.4602 	 1.9989 	 2.2495 	 -0.4573 	 0.0000 	 1.5575 	 0.0024 
25.0000 	 1.8797 	 4.6900 	 1.4854 	 0.9572 	 1.3143 	 0.0000 	 1.1611 	 559.4454 	 25.0000 	 0.5059 	 5.0117 	 9.5388 	 2.7814 	 1.6703 	 0.0000 	 0.5919 	 0.0039 
37.0000 	 2.3595 	 0.0164 	 0.8353 	 1.0234 	 0.3370 	 0.0000 	 1.2261 	 559.6818 	 37.0000 	 2.7936 	 1.8478 	 7.1936 	 2.6735 	 -2.6742 	 0.0000 	 1.0097 	 0.0027 
36.0000 	 2.3127 	 5.5557 	 1.4575 	 1.1830 	 1.3256 	 0.0000 	 1.1537 	 559.2223 	 36.0000 	 1.0725 	 6.3226 	 8.5050 	 1.8321 	 0.2052 	 0.0000 	 1.8330 	 0.0020 
38.0000 	 2.3070 	 3.1081 	 5.5510 	 10.0000 	 1.3265 	 0.0000 	 1.0979 	 544.3285 	 38.0000 	 1.4546 	 7.6672 	 5.9783 	 1.9788 	 -1.4349 	 0.0000 	 2.3272 	 0.0020 
22.0000 	 1.6592 	 5.6299 	 5.9143 	 1.1056 	 1.3586 	 0.0000 	 1.1472 	 559.9701 	 22.0000 	 0.3242 	 9.9704 	 1.7816 	 2.6258 	 2.2197 	 0.0000 	 2.8662 	 0.0033 
32.0000 	 2.9593 	 0.5566 	 1.7150 	 3.1723 	 0.8666 	 0.0000 	 0.0030 	 566.3751 	 32.0000 	 0.2283 	 2.0979 	 0.2588 	 0.2667 	 1.8165 	 0.0000 	 1.5136 	 0.0119 
29.0000 	 1.9749 	 2.8629 	 8.4220 	 8.7744 	 1.3483 	 0.0000 	 1.1100 	 544.4726 	 29.0000 	 1.8728 	 6.4668 	 4.6951 	 1.5003 	 0.5311 	 0.0000 	 2.5985 	 0.0028 
34.0000 	 2.1379 	 3.1811 	 4.9800 	 9.8192 	 1.3010 	 0.0000 	 1.0991 	 544.4621 	 34.0000 	 0.7713 	 9.6193 	 9.3375 	 2.5198 	 1.6828 	 0.0000 	 2.3944 	 0.0021 
29.0000 	 2.0674 	 0.7428 	 0.0517 	 2.1539 	 -0.0205 	 0.0000 	 1.1938 	 558.9976 	 29.0000 	 0.8101 	 6.5420 	 3.2918 	 0.2305 	 2.0206 	 0.0000 	 1.8989 	 0.0605 
28.0000 	 1.9168 	 3.0230 	 6.4827 	 9.1789 	 1.3331 	 0.0000 	 1.1038 	 544.4561 	 28.0000 	 0.4343 	 2.6135 	 2.6059 	 0.6311 	 2.8145 	 0.0000 	 1.8470 	 0.0027 
38.0000 	 2.3210 	 2.8877 	 6.4537 	 8.9861 	 1.3398 	 0.0000 	 1.0965 	 544.2442 	 38.0000 	 0.4028 	 3.3289 	 4.9931 	 0.6224 	 2.9745 	 0.0000 	 2.4648 	 0.0020 
29.0000 	 1.9846 	 3.0146 	 6.0529 	 9.3416 	 1.3350 	 0.0000 	 1.0963 	 544.4099 	 29.0000 	 1.4714 	 8.8966 	 6.7998 	 0.0577 	 0.9016 	 0.0000 	 2.4436 	 0.0027 
36.0000 	 2.2391 	 2.9658 	 5.7371 	 9.2731 	 1.3311 	 0.0000 	 1.0962 	 544.2920 	 36.0000 	 2.0076 	 3.3259 	 8.5477 	 1.7623 	 -2.5729 	 0.0000 	 1.0899 	 0.0020 
36.0000 	 2.2424 	 9.9981 	 1.3528 	 1.0677 	 1.3617 	 0.0000 	 1.1342 	 559.4908 	 36.0000 	 1.1489 	 3.6230 	 8.1114 	 2.0025 	 -2.5514 	 0.0000 	 0.5860 	 0.0022 
32.0000 	 2.1997 	 9.6608 	 3.4382 	 0.0766 	 1.3690 	 0.0000 	 1.1624 	 559.4976 	 32.0000 	 0.5155 	 9.9926 	 8.5955 	 1.7221 	 -0.7660 	 0.0000 	 2.2845 	 0.0023 
36.0000 	 2.2357 	 2.9533 	 6.8606 	 9.1118 	 1.3421 	 0.0000 	 1.0986 	 544.2676 	 36.0000 	 0.7734 	 0.8028 	 0.4605 	 0.9410 	 2.5500 	 0.0000 	 0.7557 	 0.0021 
21.0000 	 1.6429 	 2.9785 	 6.6106 	 9.2778 	 1.3374 	 0.0000 	 1.1025 	 544.8629 	 21.0000 	 0.9682 	 5.7867 	 0.5328 	 2.7416 	 2.2889 	 0.0000 	 1.6356 	 0.0056 
28.0000 	 1.9157 	 3.2258 	 5.5377 	 9.7446 	 1.3259 	 0.0000 	 1.0982 	 544.5181 	 28.0000 	 1.7889 	 2.2276 	 1.2415 	 1.1603 	 -2.1832 	 0.0000 	 1.6235 	 0.0029 
27.0000 	 1.9884 	 0.0000 	 8.3404 	 2.9989 	 -1.6316 	 0.0000 	 1.1613 	 559.5994 	 27.0000 	 1.3792 	 1.4520 	 2.2819 	 2.7534 	 -0.7734 	 0.0000 	 0.7809 	 0.0028 
28.0000 	 2.1466 	 2.2794 	 7.8238 	 1.0829 	 1.3891 	 0.0000 	 1.0895 	 559.4770 	 28.0000 	 1.5261 	 4.4955 	 0.3681 	 0.4536 	 2.9442 	 0.0000 	 1.3585 	 0.0034 
31.0000 	 2.1727 	 8.6797 	 5.0679 	 0.7323 	 1.3709 	 0.0000 	 1.1572 	 559.5110 	 31.0000 	 1.5195 	 4.6441 	 3.8549 	 2.5633 	 2.4745 	 0.0000 	 2.0727 	 0.0019 
35.0000 	 2.3268 	 5.6591 	 0.1547 	 0.8910 	 0.9392 	 0.0000 	 1.1582 	 559.3784 	 35.0000 	 0.3582 	 2.1317 	 4.0667 	 1.0961 	 0.7815 	 0.0000 	 1.1779 	 0.0021 
33.0000 	 2.1793 	 8.6047 	 1.0083 	 4.8091 	 1.0891 	 0.0000 	 1.0708 	 558.8558 	 33.0000 	 2.9866 	 8.5422 	 0.7286 	 0.2929 	 1.1104 	 0.0000 	 1.0681 	 0.0025 
35.0000 	 2.3088 	 0.0363 	 4.5702 	 2.7112 	 -1.2724 	 0.0000 	 1.1348 	 559.4634 	 35.0000 	 1.7576 	 0.1863 	 3.4282 	 0.1972 	 -1.1847 	 0.0000 	 1.7599 	 0.0019 
27.0000 	 2.3978 	 0.9515 	 0.9677 	 5.8520 	 -0.1500 	 0.0000 	 0.0000 	 564.0023 	 27.0000 	 0.0430 	 9.5632 	 5.3687 	 0.3315 	 0.4635 	 0.0000 	 2.3459 	 0.0127 
26.0000 	 1.9718 	 0.0000 	 8.3581 	 0.9828 	 0.3821 	 0.0000 	 1.1714 	 559.6370 	 26.0000 	 0.2861 	 2.7378 	 2.4171 	 1.2871 	 0.8584 	 0.0000 	 1.7109 	 0.0029 
25.0000 	 1.9023 	 10.0000 	 7.6753 	 0.0000 	 1.3656 	 0.0000 	 1.1598 	 559.6426 	 25.0000 	 0.6910 	 5.6627 	 2.7580 	 0.6000 	 1.5553 	 0.0000 	 1.1508 	 0.0068 
19.0000 	 1.8398 	 2.0817 	 1.7534 	 9.9999 	 1.1166 	 0.0000 	 0.0000 	 555.5483 	 19.0000 	 1.7010 	 3.0767 	 6.5800 	 2.8495 	 0.6952 	 0.0000 	 0.2791 	 0.0102 
30.0000 	 2.0953 	 10.0000 	 9.7298 	 0.2877 	 1.3802 	 0.0000 	 1.1708 	 559.5643 	 30.0000 	 1.0694 	 7.3060 	 7.7102 	 2.0713 	 2.8391 	 0.0000 	 2.2371 	 0.0024 
25.0000 	 1.9066 	 6.4176 	 10.0000 	 0.1974 	 1.3702 	 0.0000 	 1.1621 	 559.6508 	 25.0000 	 0.1572 	 8.5587 	 9.4315 	 2.9008 	 2.2840 	 0.0000 	 2.9309 	 0.0031 
28.0000 	 1.9957 	 2.6194 	 8.1969 	 8.8540 	 1.3534 	 0.0000 	 1.1045 	 544.5710 	 28.0000 	 0.1360 	 4.8624 	 7.6031 	 2.1880 	 -2.8456 	 0.0000 	 2.3019 	 0.0034 
33.0000 	 2.1421 	 2.8641 	 7.1480 	 9.0141 	 1.3427 	 0.0000 	 1.1036 	 544.3161 	 33.0000 	 0.9874 	 7.4492 	 7.9402 	 1.9766 	 -2.5365 	 0.0000 	 1.5495 	 0.0028 
31.0000 	 2.0428 	 2.9960 	 7.7681 	 8.9120 	 1.3592 	 0.0000 	 1.0984 	 544.3957 	 31.0000 	 2.5907 	 6.0959 	 1.4653 	 2.3992 	 1.1958 	 0.0000 	 0.9383 	 0.0024 
26.0000 	 1.8540 	 3.1322 	 5.3617 	 9.9789 	 1.3384 	 0.0000 	 1.0833 	 544.6089 	 26.0000 	 2.3814 	 3.1952 	 9.1083 	 1.7615 	 -2.9694 	 0.0000 	 1.2160 	 0.0036 
28.0000 	 1.9447 	 2.8922 	 6.9415 	 8.9841 	 1.3477 	 0.0000 	 1.0974 	 544.4384 	 28.0000 	 0.0391 	 3.4919 	 1.3251 	 0.6709 	 1.7828 	 0.0000 	 0.7228 	 0.0031 
33.0000 	 2.1227 	 3.0868 	 5.8074 	 9.8331 	 1.3336 	 0.0000 	 1.0937 	 544.3758 	 33.0000 	 0.3446 	 0.4464 	 3.5069 	 0.6662 	 -0.3758 	 0.0000 	 1.9625 	 0.0024 
24.0000 	 1.8598 	 8.9136 	 0.9219 	 0.6095 	 1.3235 	 0.0000 	 1.1594 	 559.5943 	 24.0000 	 2.0071 	 7.1353 	 0.4841 	 0.1235 	 0.2420 	 0.0000 	 1.9894 	 0.0035 
33.0000 	 2.2213 	 6.3271 	 0.2079 	 1.1779 	 0.8622 	 0.0000 	 1.1599 	 559.3513 	 33.0000 	 1.3166 	 7.8309 	 0.1273 	 1.1440 	 -1.8126 	 0.0000 	 1.6729 	 0.0025 
25.0000 	 1.8112 	 3.1462 	 5.5449 	 10.0000 	 1.3275 	 0.0000 	 1.0950 	 544.6466 	 25.0000 	 2.8697 	 8.1771 	 2.6688 	 2.6169 	 -0.5644 	 0.0000 	 2.5271 	 0.0054 
24.0000 	 1.9448 	 6.2589 	 4.4390 	 1.7884 	 1.3639 	 0.0000 	 1.1840 	 559.7604 	 24.0000 	 1.5825 	 9.8609 	 5.5168 	 2.6350 	 -2.0976 	 0.0000 	 2.3317 	 0.0037 
25.0000 	 1.8117 	 3.0916 	 5.7846 	 9.6561 	 1.3373 	 0.0000 	 1.0935 	 544.6043 	 25.0000 	 0.7981 	 2.7177 	 9.0254 	 1.1728 	 -2.7910 	 0.0000 	 2.7251 	 0.0066 
33.0000 	 2.2350 	 5.5094 	 0.0104 	 3.9977 	 -1.1197 	 0.0000 	 1.1607 	 559.4574 	 33.0000 	 1.7607 	 6.3243 	 0.4891 	 2.5421 	 2.8113 	 0.0000 	 0.9816 	 0.0029 
26.0000 	 1.8519 	 2.9364 	 8.1282 	 8.8535 	 1.3489 	 0.0000 	 1.1075 	 544.5641 	 26.0000 	 1.5607 	 3.3649 	 3.9734 	 0.6714 	 -1.9774 	 0.0000 	 2.5451 	 0.0033 
31.0000 	 2.0599 	 3.0401 	 5.5338 	 9.4706 	 1.3311 	 0.0000 	 1.0937 	 544.3869 	 31.0000 	 1.0225 	 6.7243 	 2.8323 	 2.3896 	 0.6186 	 0.0000 	 1.0360 	 0.0024 
28.0000 	 2.0056 	 6.6553 	 9.9707 	 3.9463 	 1.3242 	 0.0000 	 1.2161 	 559.5808 	 28.0000 	 0.0159 	 1.4048 	 0.3827 	 1.1437 	 -1.3061 	 0.0000 	 2.1026 	 0.0034 
18.0000 	 1.4891 	 2.9504 	 7.4923 	 8.8583 	 1.3357 	 0.0000 	 1.1095 	 545.2574 	 18.0000 	 2.5492 	 5.2575 	 2.9594 	 0.8554 	 0.3447 	 0.0000 	 1.6080 	 0.0069 
33.0000 	 2.2220 	 2.5273 	 5.5668 	 8.8854 	 1.2993 	 0.0000 	 1.0995 	 544.5913 	 33.0000 	 1.6707 	 5.3461 	 4.9018 	 1.6654 	 2.7883 	 0.0000 	 2.8972 	 0.0042 
30.0000 	 2.2163 	 2.3104 	 5.2969 	 9.8311 	 1.3335 	 0.0000 	 1.0917 	 545.0456 	 30.0000 	 0.1910 	 4.7079 	 5.1403 	 0.5446 	 0.5272 	 0.0000 	 0.5253 	 0.0184 
32.0000 	 2.0849 	 2.9962 	 6.9059 	 9.1152 	 1.3483 	 0.0000 	 1.1028 	 544.3351 	 32.0000 	 1.2543 	 5.1735 	 9.4486 	 2.6064 	 -1.8589 	 0.0000 	 1.7430 	 0.0026 
33.0000 	 2.4577 	 1.8213 	 5.5664 	 7.4136 	 1.3096 	 0.0000 	 0.9917 	 541.5039 	 33.0000 	 2.4994 	 2.2949 	 6.2744 	 2.9558 	 -1.5643 	 0.0000 	 0.8863 	 0.2653 
23.0000 	 1.8322 	 0.0000 	 8.9056 	 1.3754 	 -0.0077 	 0.0000 	 1.1634 	 559.7252 	 23.0000 	 0.3456 	 0.4228 	 7.2251 	 1.9196 	 1.1062 	 0.0000 	 1.0553 	 0.0040 
23.0000 	 1.7221 	 3.0044 	 7.2936 	 9.1249 	 1.3433 	 0.0000 	 1.1011 	 544.7070 	 23.0000 	 2.8470 	 1.3169 	 4.0489 	 1.8237 	 2.4624 	 0.0000 	 2.7692 	 0.0043 
15.0000 	 1.3458 	 2.9811 	 6.6288 	 9.2958 	 1.3273 	 0.0000 	 1.1058 	 545.8946 	 15.0000 	 0.0127 	 5.7013 	 2.8937 	 1.9316 	 -2.7058 	 0.0000 	 2.1893 	 0.0142 
32.0000 	 2.0901 	 2.9608 	 7.2353 	 8.8689 	 1.3417 	 0.0000 	 1.1031 	 544.3437 	 32.0000 	 2.3075 	 1.1451 	 2.5893 	 0.1310 	 -2.1258 	 0.0000 	 0.3222 	 0.0028 
23.0000 	 1.8172 	 3.7066 	 0.3730 	 0.2067 	 1.3011 	 0.0000 	 1.1572 	 559.6783 	 23.0000 	 0.0135 	 9.1020 	 0.7827 	 0.3657 	 -0.3782 	 0.0000 	 2.2249 	 0.0040 
33.0000 	 2.2461 	 9.5893 	 0.0000 	 1.2235 	 0.5958 	 0.0000 	 1.1603 	 559.4820 	 33.0000 	 1.6071 	 4.9147 	 1.8322 	 1.1578 	 -1.5025 	 0.0000 	 0.3996 	 0.0021 
29.0000 	 2.0046 	 4.1668 	 9.2419 	 2.6764 	 1.3495 	 0.0000 	 1.1626 	 558.4635 	 29.0000 	 2.8501 	 4.9204 	 6.9518 	 1.2530 	 -0.1169 	 0.0000 	 0.7312 	 0.0062 
22.0000 	 1.6934 	 2.8695 	 9.9996 	 8.8061 	 1.3643 	 0.0000 	 1.1138 	 544.9708 	 22.0000 	 2.7279 	 3.6491 	 4.3460 	 1.2163 	 -2.9195 	 0.0000 	 1.2863 	 0.0053 
26.0000 	 1.8483 	 3.1127 	 5.8510 	 9.4414 	 1.3334 	 0.0000 	 1.0845 	 544.5545 	 26.0000 	 2.2532 	 3.7349 	 3.5416 	 1.2444 	 1.0241 	 0.0000 	 2.4854 	 0.0054 
22.0000 	 1.6884 	 2.9632 	 6.6632 	 9.0408 	 1.3372 	 0.0000 	 1.0972 	 544.7631 	 22.0000 	 0.9426 	 6.7910 	 1.3856 	 1.7663 	 -0.2954 	 0.0000 	 1.4371 	 0.0045 
30.0000 	 2.0991 	 4.4219 	 0.0000 	 5.1301 	 -1.8832 	 0.0000 	 1.1658 	 559.5408 	 30.0000 	 0.6944 	 5.6941 	 5.9459 	 2.2053 	 -1.1800 	 0.0000 	 1.0651 	 0.0048 
27.0000 	 2.0025 	 0.0000 	 0.5542 	 0.0000 	 1.3702 	 0.0000 	 1.1634 	 559.5989 	 27.0000 	 1.4748 	 3.7054 	 6.3213 	 0.9207 	 -2.6139 	 0.0000 	 2.9615 	 0.0026 
30.0000 	 2.1272 	 10.0000 	 7.2980 	 0.0000 	 1.3720 	 0.0000 	 1.1590 	 559.5304 	 30.0000 	 1.0892 	 2.3658 	 3.1572 	 2.7550 	 -2.6590 	 0.0000 	 1.3362 	 0.0021 
23.0000 	 1.7816 	 9.9972 	 1.8333 	 0.0291 	 1.3318 	 0.0000 	 1.1798 	 559.8319 	 23.0000 	 0.7161 	 7.5653 	 3.1035 	 1.3220 	 2.1288 	 0.0000 	 1.6017 	 0.0034 
31.0000 	 2.1547 	 9.9839 	 9.9807 	 0.4839 	 1.3680 	 0.0000 	 1.1585 	 559.5156 	 31.0000 	 1.7517 	 4.2401 	 4.6854 	 1.3668 	 -2.5069 	 0.0000 	 0.0522 	 0.0024 
15.0000 	 1.4013 	 6.5986 	 3.8953 	 1.4871 	 1.3654 	 0.0000 	 1.1659 	 560.2130 	 15.0000 	 2.3009 	 2.0426 	 3.8349 	 0.8180 	 2.3891 	 0.0000 	 0.8301 	 0.0159 
21.0000 	 1.7291 	 8.8192 	 5.3750 	 0.3760 	 1.3745 	 0.0000 	 1.1571 	 559.8215 	 21.0000 	 1.3009 	 9.7148 	 2.0732 	 0.4410 	 -1.0734 	 0.0000 	 1.1311 	 0.0042 
20.0000 	 1.6464 	 2.7532 	 7.1174 	 9.2941 	 1.3560 	 0.0000 	 1.0861 	 545.0829 	 20.0000 	 2.6603 	 4.8299 	 9.9687 	 0.9178 	 2.9629 	 0.0000 	 2.9265 	 0.0055 
30.0000 	 2.1056 	 0.0471 	 5.0392 	 0.4735 	 0.9093 	 0.0000 	 1.1616 	 559.5298 	 30.0000 	 1.6583 	 0.3630 	 3.9582 	 1.2174 	 1.7324 	 0.0000 	 1.3164 	 0.0025 
21.0000 	 1.7125 	 7.7245 	 3.0211 	 0.9701 	 1.3656 	 0.0000 	 1.1629 	 559.7874 	 21.0000 	 2.6433 	 8.8514 	 8.9906 	 2.7903 	 0.5967 	 0.0000 	 0.1770 	 0.0041 
23.0000 	 1.8164 	 9.9462 	 1.0643 	 0.4317 	 1.3527 	 0.0000 	 1.1580 	 559.6651 	 23.0000 	 2.1579 	 9.7275 	 1.5757 	 0.9176 	 -0.5518 	 0.0000 	 0.2533 	 0.0035 
21.0000 	 1.6067 	 3.0936 	 9.2012 	 8.7395 	 1.3526 	 0.0000 	 1.1082 	 545.0125 	 21.0000 	 0.0691 	 2.1498 	 8.4445 	 1.0947 	 2.4245 	 0.0000 	 2.2461 	 0.0068 
19.0000 	 1.6361 	 3.5421 	 1.2758 	 0.0000 	 1.3705 	 0.0000 	 1.1591 	 559.9357 	 19.0000 	 1.1794 	 5.2870 	 1.0705 	 2.4101 	 1.6474 	 0.0000 	 1.3858 	 0.0047 
13.0000 	 1.5213 	 2.0335 	 1.6424 	 9.9999 	 1.0800 	 0.0000 	 0.0000 	 557.1379 	 13.0000 	 2.7866 	 0.7007 	 1.5355 	 2.8757 	 -1.4109 	 0.0000 	 1.3274 	 0.0230 
21.0000 	 1.6298 	 3.0812 	 6.4016 	 9.3843 	 1.3337 	 0.0000 	 1.0961 	 544.8677 	 21.0000 	 2.1295 	 3.7512 	 1.4846 	 0.3449 	 1.0537 	 0.0000 	 0.1057 	 0.0051 
31.0000 	 2.0584 	 2.9506 	 6.1760 	 9.0130 	 1.3425 	 0.0000 	 1.0959 	 544.3620 	 31.0000 	 0.6638 	 2.8798 	 9.4301 	 0.4341 	 2.3905 	 0.0000 	 1.7066 	 0.0029 
29.0000 	 2.6661 	 1.3409 	 1.1051 	 6.9796 	 0.4724 	 0.0000 	 0.0006 	 561.3944 	 29.0000 	 0.7936 	 4.2033 	 2.0773 	 2.7467 	 2.2287 	 0.0000 	 0.0380 	 0.0076 
19.0000 	 1.6081 	 2.7881 	 10.0000 	 9.9998 	 1.3660 	 0.0000 	 1.1410 	 545.7969 	 19.0000 	 0.7756 	 2.0288 	 8.3652 	 0.2492 	 -0.6879 	 0.0000 	 0.8352 	 0.8190 
27.0000 	 1.9783 	 4.2023 	 2.2904 	 0.9506 	 1.3645 	 0.0000 	 1.1600 	 559.4243 	 27.0000 	 2.7223 	 6.4233 	 9.2600 	 2.3862 	 -0.5323 	 0.0000 	 0.7437 	 0.0022 
29.0000 	 2.0750 	 6.2047 	 2.0849 	 0.0797 	 1.3703 	 0.0000 	 1.1619 	 559.5424 	 29.0000 	 1.1484 	 3.2549 	 2.6032 	 2.6386 	 -0.0125 	 0.0000 	 2.8077 	 0.0029 
23.0000 	 1.7996 	 5.9720 	 10.0000 	 1.2569 	 1.3730 	 0.0000 	 1.1570 	 559.7024 	 23.0000 	 0.9761 	 6.8921 	 6.7480 	 0.9073 	 2.3101 	 0.0000 	 1.2270 	 0.0045 
20.0000 	 1.7608 	 2.9779 	 5.7024 	 2.6423 	 1.3687 	 0.0000 	 1.1659 	 558.6238 	 20.0000 	 2.6716 	 9.8457 	 4.4154 	 2.2074 	 -1.6118 	 0.0000 	 1.9569 	 0.0053 
11.0000 	 1.2043 	 2.4555 	 5.3360 	 9.7181 	 1.3047 	 0.0000 	 1.0857 	 547.9872 	 11.0000 	 1.9611 	 2.9633 	 5.6305 	 0.3376 	 -0.9563 	 0.0000 	 1.1650 	 0.0193 
29.0000 	 1.9903 	 2.7681 	 9.6353 	 8.7584 	 1.3462 	 0.0000 	 1.1107 	 544.5691 	 29.0000 	 2.2991 	 5.8986 	 7.9131 	 2.3884 	 -2.2495 	 0.0000 	 2.3261 	 0.0030 
25.0000 	 1.7974 	 3.1114 	 6.0131 	 9.2622 	 1.3323 	 0.0000 	 1.0922 	 544.5851 	 25.0000 	 2.6441 	 8.5113 	 5.5639 	 1.7392 	 -2.9529 	 0.0000 	 0.4047 	 0.0037 
29.0000 	 1.9743 	 2.9268 	 7.0429 	 8.7704 	 1.3398 	 0.0000 	 1.1005 	 544.4234 	 29.0000 	 1.0760 	 7.7430 	 7.1016 	 0.3982 	 -0.6892 	 0.0000 	 0.8521 	 0.0028 
19.0000 	 1.6166 	 10.0000 	 4.2892 	 0.5474 	 1.3661 	 0.0000 	 1.1616 	 559.9299 	 19.0000 	 0.6010 	 9.9017 	 6.6152 	 2.9873 	 0.7071 	 0.0000 	 1.3487 	 0.0071 
19.0000 	 1.5665 	 3.0530 	 5.2672 	 9.8551 	 1.3247 	 0.0000 	 1.0850 	 545.1515 	 19.0000 	 0.1125 	 5.9869 	 5.5874 	 1.3282 	 1.0685 	 0.0000 	 1.6682 	 0.0131 
17.0000 	 1.4969 	 2.6352 	 7.1043 	 8.7169 	 1.3403 	 0.0000 	 1.0994 	 545.5247 	 17.0000 	 0.9366 	 2.0453 	 1.2489 	 0.4931 	 1.3787 	 0.0000 	 2.7062 	 0.0087 
10.0000 	 1.1133 	 9.2333 	 4.8004 	 0.6665 	 1.3519 	 0.0000 	 1.1716 	 561.3143 	 10.0000 	 1.4092 	 1.6610 	 0.4265 	 1.7408 	 2.1165 	 0.0000 	 2.3646 	 0.0160 
18.0000 	 1.4978 	 2.9674 	 6.9508 	 9.3057 	 1.3333 	 0.0000 	 1.1047 	 545.2731 	 18.0000 	 2.8873 	 6.4016 	 7.0964 	 2.3592 	 -0.5886 	 0.0000 	 2.8883 	 0.0060 
29.0000 	 2.0878 	 9.2361 	 5.0934 	 0.2836 	 1.3656 	 0.0000 	 1.1617 	 559.5529 	 29.0000 	 0.1371 	 8.5444 	 3.3134 	 1.7215 	 -2.6874 	 0.0000 	 1.6056 	 0.0022 
21.0000 	 1.7667 	 1.2358 	 0.0225 	 2.9875 	 -0.5064 	 0.0000 	 1.1621 	 559.8371 	 21.0000 	 1.2240 	 9.4438 	 0.0669 	 0.4276 	 0.6122 	 0.0000 	 1.0572 	 0.0035 
18.0000 	 1.4866 	 3.1595 	 6.3902 	 9.2814 	 1.3372 	 0.0000 	 1.0998 	 545.2586 	 18.0000 	 2.3089 	 1.0231 	 6.4602 	 1.5028 	 -0.9539 	 0.0000 	 2.9362 	 0.0068 
26.0000 	 1.9608 	 1.1034 	 1.3222 	 0.1098 	 1.3404 	 0.0000 	 1.1547 	 559.5668 	 26.0000 	 2.0165 	 0.1184 	 9.4802 	 0.0792 	 1.1256 	 0.0000 	 1.2857 	 0.0029 
18.0000 	 1.7117 	 7.3817 	 1.9028 	 6.4150 	 1.2419 	 0.0000 	 1.1891 	 559.8546 	 18.0000 	 0.6636 	 7.9402 	 3.4476 	 2.8909 	 0.4216 	 0.0000 	 0.2309 	 0.0103 
8.0000 	 0.9479 	 9.9615 	 4.9102 	 5.4744 	 1.3668 	 0.0000 	 1.1668 	 561.9935 	 8.0000 	 0.7648 	 5.8874 	 9.1308 	 1.9390 	 -2.8826 	 0.0000 	 1.9037 	 0.0190 
24.0000 	 1.7939 	 2.8722 	 7.4255 	 9.0377 	 1.3542 	 0.0000 	 1.0975 	 544.6533 	 24.0000 	 0.1934 	 1.2421 	 5.1507 	 2.2536 	 -2.1893 	 0.0000 	 2.4220 	 0.0062 
16.0000 	 1.4799 	 8.2205 	 8.0623 	 0.2144 	 1.3551 	 0.0000 	 1.1748 	 560.2048 	 16.0000 	 2.6671 	 6.8158 	 2.2249 	 1.1039 	 -1.5636 	 0.0000 	 2.0207 	 0.0053 
17.0000 	 1.5171 	 10.0000 	 7.7651 	 0.5985 	 1.3677 	 0.0000 	 1.1652 	 560.0861 	 17.0000 	 0.6280 	 6.6659 	 2.7702 	 0.9625 	 2.4704 	 0.0000 	 2.3045 	 0.0051 
27.0000 	 1.9212 	 2.8326 	 7.4679 	 8.9098 	 1.3449 	 0.0000 	 1.1052 	 544.5013 	 27.0000 	 0.9721 	 8.8398 	 8.1459 	 1.8199 	 2.2893 	 0.0000 	 0.1727 	 0.0047 
27.0000 	 1.8875 	 3.1291 	 5.5892 	 9.8666 	 1.3231 	 0.0000 	 1.0955 	 544.5471 	 27.0000 	 1.4461 	 6.7977 	 5.8224 	 0.5495 	 2.3536 	 0.0000 	 2.4708 	 0.0037 
16.0000 	 1.3845 	 3.1093 	 5.8520 	 9.4705 	 1.3224 	 0.0000 	 1.0930 	 545.6544 	 16.0000 	 2.7885 	 6.2831 	 8.6699 	 0.7588 	 2.3347 	 0.0000 	 1.0217 	 0.0096 
16.0000 	 1.4810 	 0.4090 	 0.0473 	 1.7299 	 0.2953 	 0.0000 	 1.1574 	 560.1554 	 16.0000 	 0.1342 	 3.6728 	 5.7915 	 0.2405 	 2.4541 	 0.0000 	 2.6435 	 0.0057 
19.0000 	 1.6318 	 0.0058 	 6.2821 	 1.4730 	 -0.1017 	 0.0000 	 1.1623 	 559.9376 	 19.0000 	 1.8522 	 5.1988 	 8.4062 	 1.4347 	 -1.5285 	 0.0000 	 0.6370 	 0.0041 
27.0000 	 2.2725 	 1.3045 	 1.3715 	 5.1509 	 0.7825 	 0.0000 	 0.0617 	 563.7816 	 27.0000 	 0.6179 	 2.5348 	 0.1268 	 2.7884 	 2.5244 	 0.0000 	 2.1168 	 0.0619 
27.0000 	 1.9134 	 2.8349 	 8.0686 	 8.9499 	 1.3491 	 0.0000 	 1.1057 	 544.5226 	 27.0000 	 1.0164 	 1.7037 	 7.7557 	 1.0433 	 0.1921 	 0.0000 	 0.3163 	 0.0034 
7.0000 	 0.9609 	 2.0086 	 6.0941 	 2.9059 	 1.3107 	 0.0000 	 1.0925 	 561.0232 	 7.0000 	 1.0767 	 8.9403 	 8.6132 	 1.3961 	 -2.5993 	 0.0000 	 2.2271 	 0.0316 
27.0000 	 2.0097 	 8.1721 	 0.4308 	 2.7659 	 0.7027 	 0.0000 	 1.1397 	 559.2396 	 27.0000 	 1.0854 	 2.3771 	 5.3942 	 0.7762 	 -1.2505 	 0.0000 	 2.0053 	 0.0031 
15.0000 	 1.4042 	 6.1811 	 0.0000 	 3.1380 	 -0.6140 	 0.0000 	 1.1624 	 560.2785 	 15.0000 	 0.5725 	 0.2930 	 2.4351 	 1.1582 	 -1.5740 	 0.0000 	 0.2137 	 0.0112 
24.0000 	 1.8746 	 2.5217 	 4.9885 	 0.3246 	 1.3707 	 0.0000 	 1.1685 	 559.6050 	 24.0000 	 2.7231 	 6.5197 	 0.5900 	 2.8356 	 -1.4228 	 0.0000 	 2.7251 	 0.0081 
4.0000 	 0.7194 	 1.1755 	 1.1172 	 2.4271 	 0.9566 	 0.0000 	 1.1936 	 564.0489 	 4.0000 	 0.6647 	 4.4997 	 6.9122 	 1.1081 	 2.2153 	 0.0000 	 2.6761 	 0.0416 
17.0000 	 1.4959 	 3.5498 	 1.1963 	 4.6890 	 0.8584 	 0.0000 	 1.1224 	 558.9996 	 17.0000 	 2.6003 	 2.2300 	 2.9344 	 0.4911 	 -1.6034 	 0.0000 	 1.3435 	 0.0150 
15.0000 	 1.3802 	 2.6711 	 8.7797 	 8.4841 	 1.3601 	 0.0000 	 1.1189 	 546.0589 	 15.0000 	 0.6978 	 1.9021 	 4.5691 	 0.2355 	 0.0912 	 0.0000 	 2.3706 	 0.0164 
14.0000 	 1.3620 	 7.8134 	 0.0000 	 0.7511 	 0.8939 	 0.0000 	 1.1600 	 560.4541 	 14.0000 	 2.2186 	 4.0076 	 5.8199 	 1.7893 	 0.5952 	 0.0000 	 2.5874 	 0.0081 
15.0000 	 1.5404 	 1.2035 	 1.8695 	 2.0594 	 1.0328 	 0.0000 	 1.0603 	 559.9825 	 15.0000 	 1.5407 	 0.9231 	 2.0263 	 1.1694 	 0.8865 	 0.0000 	 0.6883 	 0.0075 
18.0000 	 1.5842 	 9.2214 	 1.3059 	 1.1158 	 1.3467 	 0.0000 	 1.1707 	 559.9151 	 18.0000 	 0.8101 	 9.3460 	 5.1577 	 0.4622 	 0.2357 	 0.0000 	 2.3543 	 0.0079 
4.0000 	 0.7678 	 3.1139 	 9.4738 	 1.2451 	 1.3586 	 0.0000 	 1.1827 	 563.2936 	 4.0000 	 2.1214 	 5.0571 	 8.1099 	 1.3632 	 -1.7342 	 0.0000 	 2.1669 	 0.0905 
22.0000 	 1.7413 	 2.7097 	 5.9882 	 9.2087 	 1.3297 	 0.0000 	 1.0984 	 544.8628 	 22.0000 	 0.1415 	 8.4679 	 4.4132 	 1.9561 	 2.0583 	 0.0000 	 0.1532 	 0.0045 
26.0000 	 1.9451 	 4.8404 	 0.1494 	 0.2354 	 1.2538 	 0.0000 	 1.1539 	 559.6050 	 26.0000 	 0.3173 	 3.0720 	 4.8468 	 0.8863 	 -2.9646 	 0.0000 	 1.1674 	 0.0031 
13.0000 	 1.5350 	 1.6323 	 7.4938 	 8.4409 	 1.3124 	 0.0000 	 1.3146 	 551.3896 	 13.0000 	 2.6593 	 3.0588 	 7.3812 	 2.3385 	 2.3395 	 0.0000 	 2.6534 	 0.0162 
23.0000 	 1.8268 	 0.3770 	 1.9152 	 0.0923 	 1.3307 	 0.0000 	 1.1406 	 559.7216 	 23.0000 	 0.0323 	 1.6532 	 9.4218 	 1.1177 	 -1.9305 	 0.0000 	 1.5604 	 0.0034 
13.0000 	 1.2812 	 1.6207 	 0.0700 	 1.3904 	 0.5385 	 0.0000 	 1.1747 	 560.5654 	 13.0000 	 0.8028 	 1.5663 	 9.1441 	 0.9529 	 -0.8916 	 0.0000 	 1.5826 	 0.0088 
26.0000 	 1.8603 	 3.0307 	 6.0525 	 9.3006 	 1.3342 	 0.0000 	 1.0898 	 544.5273 	 26.0000 	 0.8859 	 8.6541 	 5.3179 	 0.0799 	 1.1178 	 0.0000 	 1.1694 	 0.0031 
2.0000 	 0.8703 	 4.2152 	 9.3415 	 0.1279 	 1.3464 	 0.0000 	 1.1364 	 562.3057 	 2.0000 	 0.4576 	 8.7112 	 2.0986 	 2.7885 	 -0.6258 	 0.0000 	 2.5904 	 0.0453 
26.0000 	 1.8543 	 2.9977 	 6.3382 	 9.2477 	 1.3341 	 0.0000 	 1.0950 	 544.5162 	 26.0000 	 2.2676 	 9.7072 	 3.0902 	 2.5400 	 -1.7853 	 0.0000 	 2.5363 	 0.0030 
15.0000 	 1.4260 	 5.8928 	 0.0306 	 0.6383 	 0.9744 	 0.0000 	 1.1683 	 560.2833 	 15.0000 	 2.7076 	 3.3759 	 0.2339 	 1.5489 	 -0.9543 	 0.0000 	 2.6471 	 0.0083 
14.0000 	 1.2206 	 3.4957 	 5.3627 	 9.9996 	 1.3408 	 0.0000 	 1.0641 	 546.5406 	 14.0000 	 1.6187 	 2.9617 	 4.1310 	 1.3559 	 2.5779 	 0.0000 	 1.6481 	 0.0115 
26.0000 	 1.8477 	 3.0005 	 6.6992 	 9.0553 	 1.3324 	 0.0000 	 1.0999 	 544.5109 	 26.0000 	 0.4409 	 7.6953 	 9.5544 	 0.8479 	 1.0296 	 0.0000 	 1.5210 	 0.0047 
12.0000 	 1.2499 	 8.6057 	 5.4417 	 3.7381 	 1.3676 	 0.0000 	 1.1606 	 560.7582 	 12.0000 	 1.2245 	 4.4386 	 8.2275 	 1.5899 	 1.7860 	 0.0000 	 2.2067 	 0.0118 
12.0000 	 1.1881 	 2.8029 	 7.3462 	 9.0335 	 1.3522 	 0.0000 	 1.0931 	 547.0253 	 12.0000 	 1.3674 	 2.9258 	 5.6679 	 1.7244 	 -2.2035 	 0.0000 	 2.4568 	 0.0135 
21.0000 	 1.7509 	 7.2806 	 5.1138 	 0.2036 	 1.3710 	 0.0000 	 1.1577 	 559.8174 	 21.0000 	 0.9930 	 4.3236 	 1.3566 	 2.1973 	 -2.4279 	 0.0000 	 1.9797 	 0.0045 
16.0000 	 1.4834 	 2.0771 	 0.0102 	 3.5543 	 -0.8635 	 0.0000 	 1.1608 	 560.1736 	 16.0000 	 2.1229 	 0.8668 	 4.5696 	 0.5654 	 -0.6594 	 0.0000 	 2.6351 	 0.0066 
11.0000 	 1.1670 	 9.9999 	 10.0000 	 0.0003 	 1.3675 	 0.0000 	 1.1693 	 561.0264 	 11.0000 	 2.6966 	 9.8000 	 1.0027 	 0.9783 	 2.4433 	 0.0000 	 1.5553 	 0.0108 
21.0000 	 2.0115 	 2.0911 	 1.5112 	 9.9998 	 0.9324 	 0.0000 	 0.0005 	 555.5189 	 21.0000 	 0.4344 	 4.6094 	 7.0180 	 0.3857 	 1.9389 	 0.0000 	 1.9891 	 0.0165 
13.0000 	 1.9978 	 0.6885 	 5.2783 	 2.0757 	 1.3975 	 0.0000 	 1.0063 	 557.0025 	 13.0000 	 2.2849 	 8.8496 	 4.4977 	 1.0903 	 -0.8114 	 0.0000 	 1.7142 	 0.2818 
26.0000 	 1.8456 	 2.9246 	 8.1719 	 8.8720 	 1.3560 	 0.0000 	 1.1054 	 544.5723 	 26.0000 	 1.0224 	 0.4592 	 5.3844 	 0.9353 	 -0.3022 	 0.0000 	 1.5856 	 0.0029 
9.0000 	 1.0027 	 4.4199 	 6.4161 	 0.0155 	 1.3666 	 0.0000 	 1.1654 	 561.5587 	 9.0000 	 1.3022 	 2.6607 	 2.3744 	 0.0850 	 -0.5501 	 0.0000 	 1.4533 	 0.0293 
13.0000 	 1.3005 	 9.3935 	 10.0000 	 4.8417 	 1.3727 	 0.0000 	 1.1650 	 560.5907 	 13.0000 	 2.4525 	 6.5401 	 2.2189 	 0.9578 	 1.9901 	 0.0000 	 1.7156 	 0.0104 
24.0000 	 1.7818 	 2.8747 	 6.7929 	 9.1236 	 1.3404 	 0.0000 	 1.1034 	 544.6338 	 24.0000 	 1.1514 	 7.1328 	 3.6378 	 2.0046 	 1.4069 	 0.0000 	 0.6536 	 0.0040 
24.0000 	 1.8712 	 6.2488 	 2.0911 	 0.0000 	 1.3271 	 0.0000 	 1.1811 	 559.7975 	 24.0000 	 1.5764 	 6.9040 	 8.4444 	 2.8019 	 -2.7900 	 0.0000 	 2.1414 	 0.0748 
14.0000 	 1.3345 	 6.5688 	 6.6146 	 1.6818 	 1.3680 	 0.0000 	 1.1582 	 560.4323 	 14.0000 	 2.6055 	 1.8728 	 1.0566 	 1.7657 	 2.4456 	 0.0000 	 2.2737 	 0.0111 
20.0000 	 1.7372 	 8.4384 	 2.6956 	 1.6831 	 1.3647 	 0.0000 	 1.1493 	 559.8539 	 20.0000 	 0.3879 	 3.1234 	 1.5134 	 0.5776 	 0.3856 	 0.0000 	 1.0900 	 0.0047 
8.0000 	 1.3919 	 0.7738 	 7.2627 	 1.8345 	 1.3191 	 0.0000 	 1.1044 	 563.2647 	 8.0000 	 1.6030 	 4.2212 	 1.1293 	 2.5530 	 -2.0850 	 0.0000 	 1.0021 	 0.0794 
12.0000 	 1.6481 	 0.8376 	 1.0114 	 4.7647 	 0.3785 	 0.0000 	 0.0028 	 563.8929 	 12.0000 	 2.9039 	 9.1991 	 9.4246 	 0.3343 	 -2.4903 	 0.0000 	 1.5330 	 0.0118 
24.0000 	 0.0039 	 5.8410 	 5.5437 	 1.1794 	 0.1910 	 0.0000 	 1.2339 	 1083.0194 	 24.0000 	 0.0247 	 7.7055 	 1.1001 	 2.6553 	 2.8622 	 0.0000 	 2.4911 	 0.0000 
24.0000 	 1.7599 	 3.0399 	 6.7186 	 9.0881 	 1.3418 	 0.0000 	 1.0987 	 544.6223 	 24.0000 	 2.1875 	 0.8481 	 5.7774 	 1.9759 	 2.3996 	 0.0000 	 1.7355 	 0.0036 
24.0000 	 1.8889 	 1.8994 	 8.1158 	 2.0317 	 1.3022 	 0.0000 	 1.1138 	 558.2038 	 24.0000 	 2.6473 	 2.0788 	 6.4576 	 0.7751 	 -1.0154 	 0.0000 	 1.4603 	 0.0102 
11.0000 	 1.1767 	 8.0861 	 5.2156 	 0.6574 	 1.3712 	 0.0000 	 1.1634 	 561.0119 	 11.0000 	 0.9829 	 2.0760 	 6.1492 	 1.1133 	 -2.8871 	 0.0000 	 1.4326 	 0.0150 
11.0000 	 1.1516 	 2.6657 	 7.4411 	 9.3308 	 1.3486 	 0.0000 	 1.0875 	 547.6773 	 11.0000 	 2.8122 	 9.4234 	 4.3441 	 2.7063 	 -0.2400 	 0.0000 	 1.9077 	 0.0534 
10.0000 	 1.0332 	 3.2902 	 6.3427 	 9.9994 	 1.3525 	 0.0000 	 1.1014 	 548.3968 	 10.0000 	 0.4553 	 9.5104 	 3.6121 	 2.6483 	 -0.9548 	 0.0000 	 0.2506 	 0.0272 
23.0000 	 1.8265 	 9.3500 	 9.9105 	 0.7970 	 1.3684 	 0.0000 	 1.1642 	 559.7235 	 23.0000 	 2.0830 	 9.7191 	 2.6604 	 0.6594 	 1.0050 	 0.0000 	 2.5961 	 0.0043 
23.0000 	 1.8620 	 5.5322 	 3.0518 	 0.9375 	 1.3887 	 0.0000 	 1.1811 	 559.7943 	 23.0000 	 0.1885 	 6.5883 	 2.5903 	 1.6106 	 0.9874 	 0.0000 	 1.3435 	 0.0030 
7.0000 	 0.8953 	 7.2454 	 8.5063 	 0.0129 	 1.3666 	 0.0000 	 1.1569 	 562.4848 	 7.0000 	 2.3857 	 8.8215 	 6.1790 	 1.7226 	 -1.3280 	 0.0000 	 2.5974 	 0.0240 
19.0000 	 1.5519 	 2.8981 	 7.2853 	 8.7596 	 1.3571 	 0.0000 	 1.0943 	 545.1359 	 19.0000 	 1.7400 	 4.3948 	 8.0489 	 2.4436 	 -0.2283 	 0.0000 	 0.5182 	 0.0068 
17.0000 	 1.5360 	 0.4801 	 0.0171 	 1.3706 	 0.5087 	 0.0000 	 1.1640 	 560.0291 	 17.0000 	 1.5310 	 2.0233 	 1.1588 	 0.4708 	 0.4067 	 0.0000 	 0.8998 	 0.0132 
13.0000 	 1.2209 	 3.0706 	 6.3795 	 9.1632 	 1.3385 	 0.0000 	 1.0974 	 546.5722 	 13.0000 	 0.4944 	 6.7657 	 3.2065 	 0.9529 	 -0.0999 	 0.0000 	 2.1344 	 0.0166 
10.0000 	 1.0450 	 2.9649 	 10.0000 	 8.9610 	 1.3754 	 0.0000 	 1.1167 	 548.4563 	 10.0000 	 2.4469 	 6.2822 	 4.2873 	 1.5333 	 1.5806 	 0.0000 	 2.8729 	 0.0177 
10.0000 	 1.0983 	 5.2646 	 0.5782 	 2.2446 	 0.9139 	 0.0000 	 1.1389 	 561.0623 	 10.0000 	 1.2244 	 1.1362 	 0.4458 	 2.5661 	 -2.4659 	 0.0000 	 1.9910 	 0.0167 
5.0000 	 0.8083 	 9.9598 	 6.1019 	 0.1472 	 1.3693 	 0.0000 	 1.1709 	 563.4593 	 5.0000 	 1.4033 	 6.2536 	 5.3662 	 0.4729 	 -2.0223 	 0.0000 	 2.4309 	 0.0371 
10.0000 	 1.0566 	 2.5980 	 7.1419 	 4.9906 	 1.3221 	 0.0000 	 1.0933 	 556.7465 	 10.0000 	 2.8497 	 3.6711 	 5.3940 	 2.5039 	 1.4163 	 0.0000 	 0.7764 	 0.0218 
17.0000 	 1.3726 	 4.4397 	 6.8298 	 9.9998 	 1.3008 	 0.0000 	 1.1704 	 547.9548 	 17.0000 	 0.1101 	 7.7642 	 5.3102 	 0.7851 	 -2.3872 	 0.0000 	 1.9276 	 0.0165 
23.0000 	 1.7281 	 3.1415 	 5.7575 	 9.5309 	 1.3306 	 0.0000 	 1.0899 	 544.7267 	 23.0000 	 2.3516 	 7.4088 	 9.6074 	 2.4904 	 0.8906 	 0.0000 	 0.2444 	 0.0084 
22.0000 	 1.6745 	 3.0481 	 6.9789 	 9.2569 	 1.3400 	 0.0000 	 1.1006 	 544.7814 	 22.0000 	 2.2257 	 6.5026 	 2.4339 	 0.7157 	 0.0474 	 0.0000 	 1.0481 	 0.0047 
20.0000 	 1.6716 	 9.7495 	 8.8500 	 1.3102 	 1.3717 	 0.0000 	 1.1611 	 559.8703 	 20.0000 	 0.0657 	 6.7696 	 2.1656 	 2.9574 	 0.4732 	 0.0000 	 1.0991 	 0.0041 
8.0000 	 0.9044 	 3.1243 	 9.5780 	 9.9657 	 1.3689 	 0.0000 	 1.1074 	 550.7064 	 8.0000 	 1.8249 	 3.5925 	 3.1672 	 0.4352 	 0.2986 	 0.0000 	 2.7235 	 0.0302 
12.0000 	 2.2656 	 0.3282 	 2.6038 	 2.6071 	 1.1395 	 0.0000 	 0.3571 	 568.1604 	 12.0000 	 1.5244 	 5.3774 	 8.0983 	 1.4111 	 -1.0379 	 0.0000 	 2.9329 	 0.0246 
7.0000 	 0.8999 	 2.7636 	 6.4551 	 4.6992 	 1.3945 	 0.0000 	 1.1225 	 559.0824 	 7.0000 	 1.2757 	 1.1261 	 7.3038 	 1.8141 	 -1.9964 	 0.0000 	 1.4609 	 0.0301 
22.0000 	 2.0065 	 0.7422 	 1.4483 	 3.4250 	 0.5514 	 0.0000 	 0.0000 	 567.1895 	 22.0000 	 0.4327 	 1.4007 	 0.4591 	 0.9271 	 -1.5220 	 0.0000 	 2.8383 	 0.0240 
3.0000 	 1.0073 	 5.5925 	 5.4981 	 0.1788 	 1.3635 	 0.0000 	 1.1553 	 563.0161 	 3.0000 	 2.0558 	 9.6696 	 9.8567 	 2.1742 	 -1.5145 	 0.0000 	 1.4351 	 0.0887 
20.0000 	 1.6176 	 2.8741 	 6.4795 	 9.1472 	 1.3351 	 0.0000 	 1.0916 	 544.9841 	 20.0000 	 1.8887 	 3.8306 	 6.0267 	 2.6885 	 2.3987 	 0.0000 	 2.0705 	 0.0059 
8.0000 	 0.9247 	 2.4966 	 4.6389 	 0.0000 	 1.3539 	 0.0000 	 1.1783 	 562.0733 	 8.0000 	 1.8522 	 2.2727 	 4.1294 	 0.9522 	 2.2282 	 0.0000 	 0.4783 	 0.0232 
8.0000 	 0.9681 	 2.6413 	 6.5105 	 10.0000 	 1.3433 	 0.0000 	 1.0758 	 550.2506 	 8.0000 	 1.3330 	 2.3039 	 8.9309 	 2.1207 	 -0.1340 	 0.0000 	 0.9867 	 0.0514 
17.0000 	 1.4533 	 2.8343 	 8.2751 	 8.7638 	 1.3388 	 0.0000 	 1.1020 	 545.4732 	 17.0000 	 1.9232 	 8.1479 	 2.4559 	 1.0408 	 2.5909 	 0.0000 	 0.3352 	 0.0087 
2.0000 	 1.2712 	 4.2606 	 7.8573 	 2.0290 	 1.3463 	 0.0000 	 1.1793 	 562.3340 	 2.0000 	 0.7412 	 3.6123 	 1.0731 	 2.9573 	 -1.0165 	 0.0000 	 0.6845 	 0.0586 
22.0000 	 1.7684 	 5.5474 	 0.0000 	 2.9569 	 -0.5036 	 0.0000 	 1.1620 	 559.7678 	 22.0000 	 2.3880 	 0.5298 	 1.6287 	 2.9295 	 -1.0602 	 0.0000 	 0.0397 	 0.0039 
7.0000 	 0.9558 	 3.7190 	 0.8114 	 2.5824 	 1.0350 	 0.0000 	 1.1165 	 562.3109 	 7.0000 	 2.9144 	 4.7829 	 3.0253 	 1.2930 	 -0.9829 	 0.0000 	 0.0837 	 0.0293 
6.0000 	 1.1403 	 2.2184 	 0.7026 	 9.8241 	 -0.0377 	 0.0000 	 0.0000 	 563.1307 	 6.0000 	 0.4210 	 4.3174 	 1.6549 	 2.9398 	 -0.2635 	 0.0000 	 0.0354 	 0.0564 
9.0000 	 0.9651 	 3.0992 	 6.2835 	 10.0000 	 1.3369 	 0.0000 	 1.1220 	 549.2279 	 9.0000 	 0.0813 	 9.3931 	 1.2932 	 2.2543 	 0.2015 	 0.0000 	 2.1970 	 0.0321 
16.0000 	 1.3614 	 3.1714 	 7.0335 	 9.2208 	 1.3274 	 0.0000 	 1.1052 	 545.6808 	 16.0000 	 0.2964 	 6.4214 	 8.7635 	 0.0301 	 -1.3941 	 0.0000 	 2.1149 	 0.0098 
7.0000 	 0.9257 	 2.6575 	 5.7283 	 2.0620 	 1.3842 	 0.0000 	 1.1465 	 561.8880 	 7.0000 	 2.5594 	 7.3154 	 8.3664 	 2.7937 	 2.2285 	 0.0000 	 2.2309 	 0.0617 
6.0000 	 0.8593 	 3.3807 	 6.2835 	 0.0485 	 1.3802 	 0.0000 	 1.1597 	 562.9337 	 6.0000 	 1.2042 	 0.9479 	 9.0421 	 0.7864 	 2.2435 	 0.0000 	 1.3316 	 0.0300 
5.0000 	 0.8696 	 3.0310 	 3.3984 	 0.0864 	 1.3638 	 0.0000 	 1.1876 	 563.0620 	 5.0000 	 1.7106 	 7.8042 	 0.9317 	 0.4645 	 -2.7963 	 0.0000 	 0.4326 	 0.1075 
22.0000 	 1.6799 	 2.9339 	 8.3554 	 8.9696 	 1.3468 	 0.0000 	 1.1100 	 544.8311 	 22.0000 	 2.7999 	 8.3823 	 8.6137 	 2.9527 	 1.2657 	 0.0000 	 2.9007 	 0.0046 
20.0000 	 1.6068 	 3.0535 	 5.1716 	 9.5689 	 1.3259 	 0.0000 	 1.0837 	 545.0471 	 20.0000 	 0.7071 	 8.3687 	 1.1064 	 2.2873 	 2.9084 	 0.0000 	 1.6442 	 0.0084 
14.0000 	 1.2901 	 3.0360 	 5.5865 	 9.2628 	 1.3266 	 0.0000 	 1.0872 	 546.2547 	 14.0000 	 1.0230 	 1.7553 	 9.5237 	 2.8626 	 1.4047 	 0.0000 	 2.4524 	 0.0126 
5.0000 	 0.7251 	 2.4140 	 6.2742 	 0.5654 	 1.3243 	 0.0000 	 1.1695 	 563.4475 	 5.0000 	 0.8498 	 3.4670 	 4.3747 	 0.8691 	 2.1153 	 0.0000 	 0.7481 	 0.0490 
3.0000 	 0.6667 	 6.5339 	 5.3262 	 1.1096 	 1.3693 	 0.0000 	 1.1913 	 563.2284 	 3.0000 	 2.4464 	 3.2689 	 8.2137 	 0.6596 	 2.1958 	 0.0000 	 1.1541 	 0.0666 
20.0000 	 1.6698 	 4.3175 	 0.0000 	 0.6245 	 0.9752 	 0.0000 	 1.1616 	 559.8641 	 20.0000 	 0.7430 	 8.9686 	 0.0796 	 1.2692 	 0.3620 	 0.0000 	 0.7118 	 0.0048 
4.0000 	 0.8098 	 3.1006 	 9.4873 	 0.9390 	 1.4473 	 0.0000 	 1.1224 	 563.7146 	 4.0000 	 2.6212 	 0.9078 	 6.1237 	 0.5706 	 2.9881 	 0.0000 	 1.1790 	 0.2075 
20.0000 	 1.5965 	 2.9432 	 7.1512 	 8.9493 	 1.3471 	 0.0000 	 1.1009 	 544.9674 	 20.0000 	 0.2497 	 9.6800 	 0.7458 	 2.3395 	 -0.4445 	 0.0000 	 2.4531 	 0.0059 
6.0000 	 0.7324 	 4.1117 	 4.3407 	 4.1904 	 1.3050 	 0.0000 	 1.2623 	 562.7866 	 6.0000 	 2.6589 	 6.6818 	 2.1669 	 2.6468 	 -0.9253 	 0.0000 	 1.7802 	 0.0755 
8.0000 	 1.0449 	 2.1877 	 2.0708 	 3.6179 	 1.2205 	 0.0000 	 1.0627 	 560.6091 	 8.0000 	 0.6581 	 9.9838 	 7.7697 	 2.2227 	 -2.2635 	 0.0000 	 0.3207 	 0.0248 
2.0000 	 1.0091 	 7.2551 	 9.9923 	 3.1869 	 1.3917 	 0.0000 	 1.1537 	 562.1941 	 2.0000 	 1.1193 	 5.8349 	 3.6242 	 1.9715 	 2.2873 	 0.0000 	 1.8447 	 0.0391 
19.0000 	 2.0375 	 0.7956 	 1.1588 	 4.2680 	 0.4530 	 0.0000 	 0.0001 	 563.7153 	 19.0000 	 0.2549 	 5.8757 	 7.7314 	 1.8692 	 2.7455 	 0.0000 	 2.2286 	 0.0084 
4.0000 	 0.7450 	 0.0005 	 7.3947 	 0.7970 	 0.5514 	 0.0000 	 1.1674 	 563.5157 	 4.0000 	 2.9627 	 5.2277 	 2.9522 	 0.1385 	 2.6467 	 0.0000 	 1.0736 	 0.0571 
4.0000 	 1.0442 	 0.0000 	 2.2052 	 4.2639 	 -2.8892 	 0.0000 	 1.1548 	 563.4865 	 4.0000 	 0.0723 	 9.4884 	 6.6686 	 0.4632 	 -1.6758 	 0.0000 	 1.3779 	 0.0575 
3.0000 	 0.7663 	 0.0933 	 2.0025 	 1.6661 	 0.2694 	 0.0000 	 1.0265 	 563.5468 	 3.0000 	 2.4664 	 4.8687 	 8.0377 	 0.3357 	 2.9680 	 0.0000 	 1.3198 	 0.0953 
13.0000 	 1.2553 	 3.0500 	 4.9992 	 9.9998 	 1.3085 	 0.0000 	 1.0872 	 546.6956 	 13.0000 	 0.1243 	 8.9171 	 6.2418 	 2.5972 	 0.4277 	 0.0000 	 2.3689 	 0.0140 
7.0000 	 0.9261 	 5.0670 	 9.9920 	 0.0001 	 1.3410 	 0.0000 	 1.1859 	 562.5204 	 7.0000 	 2.2742 	 1.3481 	 8.7345 	 0.3537 	 -0.0358 	 0.0000 	 1.8775 	 0.0259 
15.0000 	 1.4491 	 5.1795 	 0.3933 	 4.3231 	 0.0879 	 0.0000 	 1.0879 	 560.0793 	 15.0000 	 1.6823 	 3.7613 	 1.2183 	 1.5161 	 -1.2527 	 0.0000 	 0.5787 	 0.0081 
1.0000 	 0.8096 	 3.3764 	 7.3026 	 3.5445 	 1.3840 	 0.0000 	 1.1468 	 561.9392 	 1.0000 	 2.9282 	 2.4339 	 1.4433 	 1.0006 	 -1.2906 	 0.0000 	 2.2318 	 0.0682 
2.0000 	 0.8723 	 6.0142 	 3.9981 	 0.7755 	 1.3674 	 0.0000 	 1.1686 	 562.1335 	 2.0000 	 1.7999 	 7.1060 	 6.1857 	 2.9942 	 0.2323 	 0.0000 	 0.5535 	 0.0415 
19.0000 	 1.5619 	 2.9179 	 6.3321 	 9.1244 	 1.3397 	 0.0000 	 1.0907 	 545.0863 	 19.0000 	 2.0036 	 9.6193 	 5.2178 	 0.7599 	 -2.5295 	 0.0000 	 2.9491 	 0.0087 
18.0000 	 1.4977 	 3.0889 	 5.6658 	 9.4524 	 1.3303 	 0.0000 	 1.0927 	 545.2580 	 18.0000 	 2.5926 	 0.6688 	 0.3322 	 1.9977 	 -2.1961 	 0.0000 	 0.0553 	 0.0084 
20.0000 	 1.6116 	 2.8961 	 7.0318 	 9.1140 	 1.3487 	 0.0000 	 1.0965 	 544.9904 	 20.0000 	 0.2657 	 2.4612 	 4.9718 	 1.3233 	 2.8693 	 0.0000 	 1.4555 	 0.0053 
1.0000 	 0.3452 	 4.6097 	 2.0120 	 0.1913 	 1.4013 	 0.0000 	 1.1521 	 562.0680 	 1.0000 	 2.3833 	 3.5322 	 4.8399 	 0.5120 	 -1.4078 	 0.0000 	 0.7566 	 0.0449 
18.0000 	 1.4929 	 2.9689 	 7.3874 	 8.9786 	 1.3437 	 0.0000 	 1.1006 	 545.2468 	 18.0000 	 0.0211 	 2.0444 	 0.5019 	 2.4365 	 -1.1173 	 0.0000 	 2.2929 	 0.0096 
18.0000 	 1.4963 	 2.9910 	 7.4244 	 9.2147 	 1.3506 	 0.0000 	 1.0972 	 545.2740 	 18.0000 	 0.5370 	 6.1352 	 5.1299 	 2.4485 	 -0.5521 	 0.0000 	 2.7841 	 0.0059 
11.0000 	 1.5487 	 1.5189 	 3.3444 	 8.5882 	 1.2781 	 0.0000 	 0.9967 	 552.2906 	 11.0000 	 2.2591 	 4.7906 	 8.4496 	 1.7007 	 -0.9042 	 0.0000 	 1.6364 	 0.1579 
1.0000 	 0.2467 	 1.2400 	 4.7952 	 4.3101 	 1.3564 	 0.0000 	 1.1214 	 561.3931 	 1.0000 	 0.2667 	 4.9812 	 4.0312 	 0.2890 	 2.7829 	 0.0000 	 1.4455 	 0.0651 
13.0000 	 1.2955 	 8.0568 	 5.2629 	 0.6273 	 1.3725 	 0.0000 	 1.1603 	 560.5811 	 13.0000 	 0.1229 	 0.6884 	 8.7138 	 1.1203 	 1.4338 	 0.0000 	 1.5177 	 0.0085 
5.0000 	 0.7525 	 2.0632 	 8.2704 	 9.1518 	 1.3496 	 0.0000 	 1.1338 	 553.7808 	 5.0000 	 1.1602 	 5.8379 	 7.6076 	 0.0952 	 2.5230 	 0.0000 	 2.1234 	 0.0603 
18.0000 	 1.5729 	 9.9988 	 7.4213 	 0.4388 	 1.3668 	 0.0000 	 1.1641 	 560.0013 	 18.0000 	 0.7942 	 3.0123 	 6.5541 	 2.4945 	 -1.6782 	 0.0000 	 2.2728 	 0.0045 
16.0000 	 2.4529 	 1.1291 	 1.5917 	 3.9845 	 1.1748 	 0.0000 	 1.2205 	 565.1645 	 16.0000 	 0.6134 	 4.5149 	 0.3826 	 0.7660 	 -0.2203 	 0.0000 	 1.6286 	 0.0280 
10.0000 	 1.0725 	 2.8722 	 8.4003 	 9.5161 	 1.3459 	 0.0000 	 1.1327 	 548.5021 	 10.0000 	 0.3478 	 7.3779 	 2.9160 	 2.2358 	 2.5167 	 0.0000 	 1.8627 	 0.0176 
18.0000 	 1.4998 	 2.9063 	 7.2295 	 8.7620 	 1.3454 	 0.0000 	 1.1038 	 545.2698 	 18.0000 	 1.8861 	 8.6667 	 8.8084 	 1.2855 	 -2.0690 	 0.0000 	 2.8008 	 0.0073 
16.0000 	 1.3902 	 2.9919 	 7.4177 	 9.2206 	 1.3406 	 0.0000 	 1.1055 	 545.6420 	 16.0000 	 2.3963 	 2.0249 	 9.7481 	 0.2680 	 2.3547 	 0.0000 	 0.5350 	 0.0085 
3.0000 	 0.8746 	 4.7510 	 1.2307 	 0.7993 	 1.3642 	 0.0000 	 1.1468 	 562.8633 	 3.0000 	 1.6709 	 2.5624 	 0.4350 	 2.6094 	 2.1304 	 0.0000 	 1.6395 	 0.0616 
16.0000 	 1.4464 	 1.6841 	 8.5355 	 0.6696 	 1.3348 	 0.0000 	 1.1475 	 559.8121 	 16.0000 	 1.4213 	 5.2087 	 1.3999 	 0.8911 	 0.2548 	 0.0000 	 0.9097 	 0.0058 
15.0000 	 2.3984 	 0.6360 	 2.2633 	 5.1833 	 0.8035 	 0.0000 	 1.3127 	 568.3977 	 15.0000 	 2.1092 	 0.7166 	 7.5536 	 2.8655 	 0.6479 	 0.0000 	 1.3154 	 0.0306 
2.0000 	 0.7644 	 8.2240 	 2.0167 	 0.8163 	 1.3618 	 0.0000 	 1.1794 	 562.1109 	 2.0000 	 2.8910 	 4.8296 	 6.4076 	 1.9728 	 0.7481 	 0.0000 	 1.8032 	 0.0455 
16.0000 	 1.4978 	 0.0000 	 10.0000 	 1.2462 	 0.1210 	 0.0000 	 1.1833 	 560.2362 	 16.0000 	 1.6851 	 2.2187 	 2.9083 	 0.4366 	 2.8009 	 0.0000 	 2.9695 	 0.0060 
11.0000 	 1.2067 	 1.4111 	 9.7271 	 1.4117 	 1.2868 	 0.0000 	 1.0934 	 560.3668 	 11.0000 	 0.0512 	 2.8188 	 1.4262 	 0.5746 	 0.4998 	 0.0000 	 1.1675 	 0.0201 
16.0000 	 1.4177 	 3.0471 	 5.2181 	 9.9930 	 1.3023 	 0.0000 	 1.1129 	 545.7663 	 16.0000 	 0.2361 	 0.9654 	 3.0176 	 1.1519 	 -0.6425 	 0.0000 	 2.0835 	 0.0118 
8.0000 	 0.9336 	 2.6467 	 8.7359 	 8.8977 	 1.3674 	 0.0000 	 1.0960 	 550.1570 	 8.0000 	 2.1277 	 6.4653 	 8.9463 	 2.1790 	 -1.4834 	 0.0000 	 0.4045 	 0.0287 
12.0000 	 1.2300 	 9.2929 	 10.0000 	 0.0285 	 1.3636 	 0.0000 	 1.1615 	 560.8000 	 12.0000 	 0.7851 	 8.0042 	 6.3545 	 0.8799 	 -2.3630 	 0.0000 	 0.1647 	 0.0101 
15.0000 	 1.9012 	 1.0084 	 0.9396 	 5.8596 	 0.2180 	 0.0000 	 0.0001 	 562.7244 	 15.0000 	 2.6731 	 0.8159 	 0.3659 	 1.4313 	 0.7062 	 0.0000 	 0.0121 	 0.0136 
14.0000 	 1.3161 	 3.0458 	 5.3796 	 9.7684 	 1.3547 	 0.0000 	 1.0918 	 546.3678 	 14.0000 	 0.3025 	 1.6131 	 3.1749 	 0.9799 	 -1.8307 	 0.0000 	 0.0092 	 0.0147 
14.0000 	 1.3740 	 6.2910 	 5.3061 	 0.5509 	 1.3795 	 0.0000 	 1.1461 	 560.4510 	 14.0000 	 1.3404 	 7.8400 	 9.0069 	 0.4519 	 1.4736 	 0.0000 	 1.3302 	 0.0086 
10.0000 	 1.0638 	 10.0000 	 3.3691 	 3.2977 	 1.3602 	 0.0000 	 1.2208 	 561.5132 	 10.0000 	 0.7155 	 1.4038 	 3.5050 	 1.0280 	 -1.1946 	 0.0000 	 0.7289 	 0.0128 
15.0000 	 1.4428 	 2.7075 	 6.5161 	 9.9998 	 1.2788 	 0.0000 	 1.0764 	 546.8204 	 15.0000 	 0.1032 	 2.4782 	 6.3616 	 1.7423 	 2.9548 	 0.0000 	 1.2968 	 0.0224 
7.0000 	 0.9157 	 8.2020 	 1.6896 	 0.1264 	 1.3724 	 0.0000 	 1.1457 	 562.4878 	 7.0000 	 1.7310 	 7.4431 	 4.3990 	 0.6014 	 -0.1643 	 0.0000 	 0.3577 	 0.0283 
8.0000 	 1.2207 	 1.5869 	 1.9287 	 5.2397 	 1.1045 	 0.0000 	 1.1306 	 560.8602 	 8.0000 	 1.2201 	 1.5868 	 1.9301 	 0.7397 	 1.1052 	 0.0000 	 1.1272 	 0.5851 
4.0000 	 0.9572 	 9.9999 	 7.4195 	 1.3573 	 1.4054 	 0.0000 	 1.1367 	 563.4672 	 4.0000 	 0.5830 	 2.8928 	 8.1960 	 2.9299 	 -2.2180 	 0.0000 	 0.5213 	 0.0545 
12.0000 	 1.1668 	 3.1923 	 5.4730 	 10.0000 	 1.3413 	 0.0000 	 1.0794 	 547.1179 	 12.0000 	 2.7246 	 4.0192 	 8.7441 	 2.0688 	 1.5246 	 0.0000 	 0.4757 	 0.0132 
12.0000 	 1.1546 	 3.1974 	 6.5420 	 9.7313 	 1.3415 	 0.0000 	 1.0905 	 547.0810 	 12.0000 	 0.8207 	 9.1128 	 7.7731 	 1.2686 	 1.0833 	 0.0000 	 0.5019 	 0.0158 
14.0000 	 1.5160 	 2.3665 	 1.6105 	 9.9988 	 1.0836 	 0.0000 	 0.0027 	 556.8111 	 14.0000 	 0.9343 	 6.2371 	 2.8344 	 0.5246 	 2.7473 	 0.0000 	 0.5403 	 0.0207 
6.0000 	 0.8262 	 5.4628 	 3.6768 	 1.9459 	 1.3583 	 0.0000 	 1.1646 	 562.8647 	 6.0000 	 2.8885 	 5.5486 	 2.8524 	 2.4529 	 0.6426 	 0.0000 	 2.7188 	 0.0296 
12.0000 	 1.2295 	 9.1917 	 1.5243 	 0.0000 	 1.3694 	 0.0000 	 1.1613 	 560.8019 	 12.0000 	 2.9716 	 2.7134 	 7.8862 	 1.1270 	 2.9919 	 0.0000 	 2.6787 	 0.0100 
5.0000 	 0.8405 	 1.7529 	 5.5882 	 9.8668 	 1.3080 	 0.0000 	 1.1079 	 553.9304 	 5.0000 	 0.2945 	 1.3180 	 7.5944 	 0.3149 	 1.2277 	 0.0000 	 1.8842 	 0.1045 
10.0000 	 1.2255 	 4.7498 	 7.5085 	 5.8293 	 1.3938 	 0.0000 	 1.1876 	 560.3658 	 10.0000 	 0.9963 	 6.4941 	 7.1120 	 2.9441 	 -2.0142 	 0.0000 	 2.2485 	 0.0492 
4.0000 	 1.1147 	 2.3355 	 5.8389 	 1.1828 	 1.3601 	 0.0000 	 1.2270 	 563.6708 	 4.0000 	 1.2011 	 8.9577 	 3.4652 	 0.2079 	 -1.3822 	 0.0000 	 1.4945 	 0.0738 
7.0000 	 0.8674 	 2.7044 	 5.5969 	 9.9646 	 1.3500 	 0.0000 	 1.0784 	 551.3131 	 7.0000 	 1.9596 	 8.8336 	 5.2387 	 1.5686 	 -2.6120 	 0.0000 	 0.6269 	 0.0749 
1.0000 	 0.8195 	 4.9924 	 4.6451 	 0.0004 	 1.3868 	 0.0000 	 1.1377 	 561.9465 	 1.0000 	 0.2660 	 4.7735 	 2.4676 	 1.4107 	 1.7330 	 0.0000 	 2.3941 	 0.0368 
6.0000 	 0.8152 	 3.6458 	 10.0000 	 0.8050 	 1.3598 	 0.0000 	 1.1758 	 562.9766 	 6.0000 	 2.0408 	 6.9983 	 9.3307 	 2.3636 	 2.6235 	 0.0000 	 1.3580 	 0.0535 
9.0000 	 1.0200 	 5.3421 	 0.0000 	 3.0549 	 -0.5487 	 0.0000 	 1.1671 	 561.6309 	 9.0000 	 1.3835 	 4.8208 	 0.4412 	 2.5879 	 0.2199 	 0.0000 	 2.9128 	 0.0161 
9.0000 	 1.0385 	 2.4814 	 6.6263 	 8.8667 	 1.3343 	 0.0000 	 1.1043 	 549.1916 	 9.0000 	 0.3076 	 7.3634 	 8.9027 	 1.6745 	 -2.2632 	 0.0000 	 1.2676 	 0.0376 
7.0000 	 0.8943 	 2.6639 	 3.7480 	 9.9996 	 1.2967 	 0.0000 	 1.0835 	 551.7117 	 7.0000 	 2.0534 	 3.3151 	 4.5354 	 1.0045 	 0.8027 	 0.0000 	 2.2311 	 0.0366 
9.0000 	 1.1887 	 1.8747 	 7.4048 	 9.0500 	 1.3432 	 0.0000 	 1.1256 	 550.1215 	 9.0000 	 1.7696 	 1.8627 	 6.1404 	 2.9058 	 -0.4141 	 0.0000 	 0.1506 	 0.0332 
5.0000 	 0.9850 	 1.1492 	 4.8047 	 8.6308 	 1.3450 	 0.0000 	 0.9885 	 555.0613 	 5.0000 	 2.3860 	 9.0353 	 8.4210 	 2.9193 	 -0.5384 	 0.0000 	 1.9574 	 0.0825 
6.0000 	 0.8671 	 8.1763 	 9.3446 	 2.5301 	 1.3550 	 0.0000 	 1.1854 	 563.0286 	 6.0000 	 2.5046 	 3.4751 	 3.6981 	 1.4445 	 0.9800 	 0.0000 	 1.2523 	 0.0316 
6.0000 	 0.8201 	 6.5663 	 5.4246 	 1.7824 	 1.3362 	 0.0000 	 1.1903 	 563.0457 	 6.0000 	 2.2967 	 0.2907 	 4.8326 	 0.9548 	 1.9039 	 0.0000 	 0.5499 	 0.0365 
5.0000 	 0.8260 	 5.8044 	 8.1327 	 1.3432 	 1.3590 	 0.0000 	 1.1979 	 563.3711 	 5.0000 	 2.1355 	 3.7270 	 6.6978 	 0.8864 	 -1.5985 	 0.0000 	 1.3460 	 0.0508 
3.0000 	 0.5611 	 0.1518 	 6.6620 	 2.4122 	 -0.2085 	 0.0000 	 0.8434 	 565.7425 	 3.0000 	 1.2294 	 7.3051 	 6.7475 	 0.4611 	 0.2841 	 0.0000 	 2.1065 	 0.0691 
6.0000 	 0.8340 	 0.5124 	 0.4056 	 1.9478 	 0.3155 	 0.0000 	 1.1585 	 562.9318 	 6.0000 	 1.7566 	 6.9337 	 1.3369 	 0.0771 	 2.7138 	 0.0000 	 0.7410 	 0.0358 
5.0000 	 0.8198 	 3.9799 	 0.6808 	 0.0000 	 1.3464 	 0.0000 	 1.1686 	 563.3209 	 5.0000 	 1.8945 	 9.0907 	 7.6371 	 2.1219 	 -2.2909 	 0.0000 	 0.4691 	 0.0411 
5.0000 	 0.7587 	 8.5465 	 1.0908 	 0.0000 	 1.3660 	 0.0000 	 1.1725 	 563.4060 	 5.0000 	 2.6595 	 1.1605 	 0.5093 	 1.3037 	 2.3150 	 0.0000 	 2.8323 	 0.0453 
3.0000 	 0.8631 	 9.8769 	 9.4607 	 9.2444 	 1.3755 	 0.0000 	 1.2328 	 563.2763 	 3.0000 	 1.1456 	 4.4991 	 8.0933 	 1.2922 	 -0.1959 	 0.0000 	 0.2258 	 0.0620 
2.0000 	 1.0002 	 7.0263 	 9.9951 	 7.2669 	 1.4173 	 0.0000 	 1.1147 	 562.2750 	 2.0000 	 1.7571 	 4.9930 	 8.4660 	 2.8746 	 2.8738 	 0.0000 	 1.3927 	 0.0452 
5.0000 	 0.8206 	 4.6584 	 0.0000 	 3.7702 	 -1.0252 	 0.0000 	 1.1692 	 563.3547 	 5.0000 	 1.0555 	 4.8984 	 3.8106 	 2.5341 	 -1.5373 	 0.0000 	 1.3278 	 0.0505 
2.0000 	 0.7938 	 10.0000 	 2.6476 	 0.5825 	 1.3819 	 0.0000 	 1.1778 	 562.2651 	 2.0000 	 0.3630 	 8.1656 	 4.0162 	 0.0561 	 -1.4704 	 0.0000 	 2.3099 	 0.0419 
3.0000 	 0.9462 	 6.7346 	 4.1586 	 4.5563 	 1.3782 	 0.0000 	 1.1544 	 562.8468 	 3.0000 	 1.3638 	 3.1938 	 7.2942 	 2.5452 	 2.0144 	 0.0000 	 2.4838 	 0.0648 
3.0000 	 0.9865 	 4.2255 	 0.3508 	 0.0448 	 1.3525 	 0.0000 	 1.1636 	 562.9252 	 3.0000 	 2.5911 	 8.3354 	 8.5992 	 0.6355 	 -1.8035 	 0.0000 	 0.1416 	 0.0602 
3.0000 	 1.1452 	 3.6782 	 4.0068 	 0.0946 	 1.3761 	 0.0000 	 1.1351 	 563.1008 	 3.0000 	 0.9339 	 4.6589 	 1.6247 	 0.7853 	 2.8479 	 0.0000 	 2.1183 	 0.0691 
2.0000 	 0.6216 	 5.7275 	 5.5273 	 0.0001 	 1.3645 	 0.0000 	 1.1525 	 562.3108 	 2.0000 	 0.7731 	 3.5161 	 8.5566 	 0.8087 	 2.4363 	 0.0000 	 1.8845 	 0.0484 
2.0000 	 0.6545 	 3.4750 	 8.0253 	 0.0007 	 1.3648 	 0.0000 	 1.1930 	 562.2868 	 2.0000 	 0.8486 	 1.8480 	 9.5916 	 0.4525 	 -1.9760 	 0.0000 	 2.7902 	 0.0437 
2.0000 	 0.6206 	 2.6799 	 1.9371 	 2.3902 	 1.3354 	 0.0000 	 1.1906 	 562.2882 	 2.0000 	 1.5088 	 8.1743 	 2.1955 	 1.8051 	 -2.7592 	 0.0000 	 0.9386 	 0.0485 
50.0000 	 2.6062 	 5.0000 	 6.3477 	 4.7754 	 1.0811 	 0.0000 	 1.0360 	 566.4054 	 50.0000 	 0.0569 	 6.6620 	 5.7987 	 0.1586 	 -1.3868 	 0.0000 	 1.9453 	 0.0827 
