49.0000 	 1.6431 	 8.9160 	 7.5586 	 -9.2676 	 0.0000 	 0.0000 	 1259.1551 	 49.0000 	 1.2180 	 0.3528 	 -1.2864 	 3.4948 	 0.0000 	 2.6597 	 0.3051 
49.0000 	 0.0084 	 9.4362 	 2.5885 	 -7.7235 	 0.0000 	 2.6682 	 1146.3811 	 49.0000 	 0.2646 	 9.7505 	 -5.5464 	 0.9232 	 0.0000 	 1.6561 	 0.0000 
50.0000 	 2.2729 	 2.7075 	 5.3784 	 -1.5076 	 0.0000 	 0.1064 	 725.9475 	 50.0000 	 0.2984 	 4.9705 	 -1.0172 	 4.5859 	 0.0000 	 0.3713 	 0.4213 
49.0000 	 2.8169 	 1.6853 	 6.3501 	 -1.0001 	 0.0000 	 0.0002 	 718.0738 	 49.0000 	 2.7018 	 4.0013 	 9.1523 	 0.9793 	 0.0000 	 2.3111 	 0.0160 
49.0000 	 4.0790 	 14.4156 	 4.8694 	 9.2700 	 0.0000 	 2.8773 	 783.0167 	 49.0000 	 0.0329 	 4.3518 	 6.2290 	 3.4402 	 0.0000 	 0.6823 	 0.0095 
50.0000 	 2.4734 	 1.7033 	 5.6376 	 -1.7054 	 0.0000 	 0.7237 	 711.0675 	 50.0000 	 0.5902 	 0.3373 	 9.9239 	 2.6872 	 0.0000 	 1.2672 	 0.0048 
50.0000 	 2.4850 	 1.6593 	 5.6697 	 -1.7301 	 0.0000 	 0.7256 	 711.0578 	 50.0000 	 1.9845 	 9.6869 	 9.8155 	 3.1827 	 0.0000 	 1.3733 	 0.0044 
49.0000 	 2.4503 	 1.6664 	 5.6625 	 -1.7372 	 0.0000 	 0.7227 	 711.0363 	 49.0000 	 0.6279 	 9.1981 	 -8.1092 	 -1.4931 	 0.0000 	 0.2272 	 0.0046 
50.0000 	 2.6197 	 2.0890 	 5.9504 	 -0.9885 	 0.0000 	 0.0001 	 717.9995 	 50.0000 	 0.4530 	 5.0736 	 3.0052 	 4.1106 	 0.0000 	 0.1113 	 0.0157 
50.0000 	 2.4653 	 1.7257 	 5.6248 	 -1.7077 	 0.0000 	 0.7296 	 711.0703 	 50.0000 	 2.1815 	 6.9536 	 5.5595 	 2.2123 	 0.0000 	 0.0782 	 0.0050 
50.0000 	 2.4719 	 1.7137 	 5.6387 	 -1.7153 	 0.0000 	 0.7145 	 711.0808 	 50.0000 	 0.8041 	 1.6077 	 3.0252 	 4.3241 	 0.0000 	 2.3030 	 0.0044 
50.0000 	 2.4537 	 1.7168 	 5.6087 	 -1.7715 	 0.0000 	 0.7258 	 711.0886 	 50.0000 	 0.5993 	 8.0902 	 -5.5008 	 -4.9449 	 0.0000 	 0.6498 	 0.0043 
49.0000 	 2.3828 	 2.0255 	 5.4944 	 -1.7621 	 0.0000 	 0.7130 	 711.2876 	 49.0000 	 0.2172 	 8.1704 	 2.5284 	 -2.3827 	 0.0000 	 2.3765 	 0.0089 
49.0000 	 2.4501 	 1.6806 	 5.6439 	 -1.7355 	 0.0000 	 0.7338 	 711.0399 	 49.0000 	 1.2180 	 0.3528 	 -1.2864 	 3.4948 	 0.0000 	 2.6597 	 0.0041 
50.0000 	 2.4897 	 1.6246 	 5.6759 	 -1.7547 	 0.0000 	 0.7355 	 711.0609 	 50.0000 	 2.1446 	 0.7353 	 -7.3648 	 1.7340 	 0.0000 	 0.1792 	 0.0050 
49.0000 	 2.4842 	 1.5431 	 5.7109 	 -1.7445 	 0.0000 	 0.7358 	 711.0434 	 49.0000 	 2.1903 	 4.9343 	 8.2041 	 2.4377 	 0.0000 	 0.4766 	 0.0040 
47.0000 	 0.0060 	 4.7846 	 3.4259 	 -12.4824 	 0.0000 	 2.6670 	 1146.3820 	 47.0000 	 0.1105 	 3.0968 	 6.3939 	 -4.6674 	 0.0000 	 1.0926 	 0.0000 
48.0000 	 2.4074 	 1.6951 	 5.6245 	 -1.7519 	 0.0000 	 0.7398 	 711.0216 	 48.0000 	 0.1990 	 5.6682 	 1.2488 	 2.2902 	 0.0000 	 2.1407 	 0.0045 
48.0000 	 2.6392 	 1.9535 	 6.0785 	 -0.9702 	 0.0000 	 0.0001 	 717.8158 	 48.0000 	 1.7468 	 2.5612 	 9.9809 	 1.7362 	 0.0000 	 2.6178 	 0.0109 
48.0000 	 2.4026 	 1.7595 	 5.6049 	 -1.7442 	 0.0000 	 0.7233 	 711.0222 	 48.0000 	 2.6574 	 3.9179 	 5.3835 	 3.4793 	 0.0000 	 0.1230 	 0.0062 
46.0000 	 1.8472 	 48.1413 	 2.2202 	 -15.6847 	 0.0000 	 1.2905 	 739.2000 	 46.0000 	 0.4775 	 7.5432 	 -0.4970 	 3.6496 	 0.0000 	 1.8041 	 0.0325 
48.0000 	 2.6181 	 1.9863 	 6.0586 	 -1.0084 	 0.0000 	 0.0044 	 717.7921 	 48.0000 	 1.0804 	 4.6114 	 9.0357 	 -2.1665 	 0.0000 	 2.5282 	 0.0121 
48.0000 	 2.7042 	 1.8443 	 6.2143 	 -1.0030 	 0.0000 	 0.0027 	 717.8876 	 48.0000 	 2.2704 	 3.2760 	 -9.3659 	 -0.7963 	 0.0000 	 1.3168 	 0.0154 
49.0000 	 2.4455 	 1.6701 	 5.6470 	 -1.7608 	 0.0000 	 0.7376 	 711.0337 	 49.0000 	 2.0728 	 1.5000 	 8.0589 	 -1.6456 	 0.0000 	 0.1114 	 0.0050 
48.0000 	 2.4158 	 1.6725 	 5.6380 	 -1.7267 	 0.0000 	 0.7331 	 711.0192 	 48.0000 	 2.5478 	 5.6986 	 -1.4496 	 4.3913 	 0.0000 	 1.9808 	 0.0061 
48.0000 	 2.6570 	 1.9340 	 6.1199 	 -0.9837 	 0.0000 	 0.0000 	 717.8483 	 48.0000 	 2.2546 	 4.4891 	 -6.1452 	 -1.8315 	 0.0000 	 0.6237 	 0.0099 
49.0000 	 2.4313 	 0.0000 	 3.2720 	 8.8048 	 0.0000 	 2.8855 	 773.2940 	 49.0000 	 2.2803 	 5.4231 	 -9.7188 	 1.5795 	 0.0000 	 2.7393 	 0.0024 
48.0000 	 2.4121 	 1.7078 	 5.6230 	 -1.7049 	 0.0000 	 0.7354 	 711.0161 	 48.0000 	 1.3736 	 2.8858 	 -0.2181 	 -1.1485 	 0.0000 	 0.9591 	 0.0050 
47.0000 	 2.3904 	 1.7167 	 5.6372 	 -1.6900 	 0.0000 	 0.7181 	 710.9852 	 47.0000 	 2.8107 	 7.2137 	 -6.7118 	 2.6437 	 0.0000 	 2.4896 	 0.0051 
48.0000 	 2.3731 	 2.6304 	 5.4582 	 -1.0041 	 0.0000 	 0.0000 	 718.9942 	 48.0000 	 1.7229 	 6.5195 	 -5.8732 	 2.9728 	 0.0000 	 2.6999 	 0.0139 
48.0000 	 2.4098 	 0.0000 	 3.2757 	 6.5292 	 0.0000 	 2.8855 	 773.2768 	 48.0000 	 2.0578 	 0.6734 	 -4.0955 	 -4.5055 	 0.0000 	 0.3443 	 0.0032 
47.0000 	 2.3832 	 1.7220 	 5.6253 	 -1.7395 	 0.0000 	 0.7324 	 710.9889 	 47.0000 	 2.9253 	 5.4919 	 6.3124 	 -3.7608 	 0.0000 	 2.3246 	 0.0040 
46.0000 	 2.3704 	 1.6767 	 5.6580 	 -1.6974 	 0.0000 	 0.7198 	 710.9638 	 46.0000 	 0.8263 	 3.6176 	 -8.3958 	 2.5010 	 0.0000 	 1.5372 	 0.0050 
47.0000 	 2.4028 	 1.6398 	 5.6668 	 -1.7148 	 0.0000 	 0.7266 	 710.9780 	 47.0000 	 2.7968 	 2.9751 	 8.4346 	 3.6088 	 0.0000 	 1.2642 	 0.0041 
46.0000 	 2.8418 	 1.5032 	 6.5124 	 -0.9414 	 0.0000 	 0.0000 	 718.5552 	 46.0000 	 1.9635 	 8.3541 	 3.9727 	 1.0425 	 0.0000 	 2.5644 	 0.0126 
45.0000 	 2.5559 	 1.9326 	 6.0985 	 -0.9617 	 0.0000 	 0.0000 	 717.6002 	 45.0000 	 0.2956 	 7.8902 	 -4.2230 	 -4.4951 	 0.0000 	 1.9933 	 0.0218 
47.0000 	 2.5977 	 1.9677 	 6.0457 	 -0.9895 	 0.0000 	 0.0000 	 717.7241 	 47.0000 	 0.8241 	 5.6020 	 6.2983 	 -4.0997 	 0.0000 	 0.2466 	 0.0133 
47.0000 	 2.4127 	 1.6004 	 5.6877 	 -1.7286 	 0.0000 	 0.7223 	 710.9806 	 47.0000 	 0.7041 	 7.4412 	 -6.7137 	 1.3986 	 0.0000 	 2.3687 	 0.0047 
46.0000 	 2.3441 	 1.8185 	 5.5997 	 -1.7342 	 0.0000 	 0.7233 	 711.0180 	 46.0000 	 2.8110 	 5.7604 	 -7.4489 	 -3.6582 	 0.0000 	 0.8419 	 0.0054 
46.0000 	 2.3618 	 1.6894 	 5.6497 	 -1.7210 	 0.0000 	 0.7240 	 710.9549 	 46.0000 	 0.5387 	 0.0543 	 2.4379 	 -2.4674 	 0.0000 	 2.1793 	 0.0054 
47.0000 	 2.3694 	 2.4942 	 5.4846 	 -1.0025 	 0.0000 	 0.7115 	 717.4486 	 47.0000 	 2.8424 	 8.3547 	 -9.8453 	 -2.5441 	 0.0000 	 1.5343 	 0.0153 
46.0000 	 2.3464 	 1.6327 	 5.6139 	 -1.8508 	 0.0000 	 0.7612 	 711.0291 	 46.0000 	 1.0910 	 7.3981 	 1.3058 	 -3.3828 	 0.0000 	 2.0346 	 0.0046 
45.0000 	 2.3492 	 1.5918 	 5.6727 	 -1.7614 	 0.0000 	 0.7391 	 710.9344 	 45.0000 	 2.9406 	 8.7508 	 -6.4853 	 -4.4864 	 0.0000 	 0.1418 	 0.0042 
47.0000 	 2.6635 	 1.8129 	 6.1817 	 -1.0015 	 0.0000 	 0.1062 	 717.5752 	 47.0000 	 2.5096 	 1.8563 	 -3.7917 	 -3.1373 	 0.0000 	 0.7054 	 0.0122 
46.0000 	 2.5668 	 1.9696 	 6.0536 	 -0.9769 	 0.0000 	 0.0000 	 717.6473 	 46.0000 	 0.4851 	 0.7139 	 -4.8820 	 -4.4722 	 0.0000 	 1.9510 	 0.0111 
46.0000 	 2.3754 	 1.6169 	 5.6578 	 -1.7700 	 0.0000 	 0.7321 	 710.9600 	 46.0000 	 1.3040 	 4.2114 	 -1.1285 	 0.6794 	 0.0000 	 0.1573 	 0.0049 
45.0000 	 2.3483 	 1.6685 	 5.6717 	 -1.6905 	 0.0000 	 0.7158 	 710.9260 	 45.0000 	 0.6111 	 7.8440 	 -9.0254 	 -4.9611 	 0.0000 	 1.7641 	 0.0054 
45.0000 	 2.3429 	 1.6624 	 5.6536 	 -1.7139 	 0.0000 	 0.7244 	 710.9222 	 45.0000 	 2.0974 	 3.8023 	 -3.9810 	 0.5618 	 0.0000 	 2.5182 	 0.0043 
46.0000 	 2.3591 	 1.7292 	 5.6270 	 -1.6817 	 0.0000 	 0.7266 	 710.9565 	 46.0000 	 0.7693 	 1.3033 	 0.7887 	 -3.6178 	 0.0000 	 0.1806 	 0.0063 
43.0000 	 2.2486 	 1.7721 	 5.5756 	 -1.6998 	 0.0000 	 0.7263 	 710.8861 	 43.0000 	 0.5872 	 7.0168 	 -8.7706 	 -1.2387 	 0.0000 	 0.6357 	 0.0052 
44.0000 	 2.2942 	 1.7645 	 5.6075 	 -1.7000 	 0.0000 	 0.7185 	 710.8994 	 44.0000 	 0.2920 	 1.2275 	 4.2020 	 2.2562 	 0.0000 	 0.3640 	 0.0055 
45.0000 	 2.4984 	 2.0388 	 5.9661 	 -0.9725 	 0.0000 	 0.0003 	 717.6118 	 45.0000 	 1.1886 	 8.6674 	 -3.2641 	 1.3390 	 0.0000 	 1.6822 	 0.0116 
45.0000 	 2.3268 	 1.6984 	 5.6247 	 -1.7384 	 0.0000 	 0.7348 	 710.9202 	 45.0000 	 0.2847 	 3.2256 	 -5.6405 	 -1.2021 	 0.0000 	 0.8441 	 0.0043 
45.0000 	 2.3374 	 1.6821 	 5.6485 	 -1.7004 	 0.0000 	 0.7218 	 710.9147 	 45.0000 	 2.9542 	 4.4215 	 -8.1859 	 -3.6590 	 0.0000 	 0.1116 	 0.0047 
45.0000 	 2.3377 	 1.7738 	 5.6365 	 -1.5943 	 0.0000 	 0.6902 	 710.9905 	 45.0000 	 1.7157 	 6.1111 	 0.9107 	 -4.1659 	 0.0000 	 1.4002 	 0.0047 
43.0000 	 2.4051 	 2.0811 	 5.9171 	 -0.9885 	 0.0000 	 0.0000 	 717.4824 	 43.0000 	 1.9186 	 0.6005 	 -4.9180 	 3.9985 	 0.0000 	 0.2525 	 0.0109 
45.0000 	 2.5273 	 1.9758 	 6.0360 	 -0.9914 	 0.0000 	 0.0001 	 717.5756 	 45.0000 	 1.9213 	 3.4527 	 -0.5146 	 -4.8403 	 0.0000 	 0.7517 	 0.0109 
46.0000 	 2.6011 	 1.9315 	 6.0846 	 -0.9280 	 0.0000 	 0.4000 	 716.4245 	 46.0000 	 1.9214 	 3.2341 	 6.4643 	 3.1441 	 0.0000 	 0.9030 	 0.0096 
45.0000 	 2.3322 	 1.7112 	 5.6337 	 -1.6892 	 0.0000 	 0.7239 	 710.9215 	 45.0000 	 0.0654 	 7.3984 	 1.2554 	 2.6023 	 0.0000 	 2.8492 	 0.0043 
44.0000 	 2.4919 	 1.9827 	 6.0288 	 -0.9693 	 0.0000 	 0.0000 	 717.4942 	 44.0000 	 0.7682 	 7.4614 	 0.2445 	 4.7259 	 0.0000 	 0.2306 	 0.0105 
43.0000 	 2.5025 	 1.8951 	 6.1128 	 -0.9703 	 0.0000 	 0.0016 	 717.4742 	 43.0000 	 2.6515 	 9.6193 	 6.9220 	 -1.6356 	 0.0000 	 1.2064 	 0.0123 
43.0000 	 2.2554 	 1.7906 	 5.5884 	 -1.7061 	 0.0000 	 0.7301 	 710.8773 	 43.0000 	 2.5447 	 0.0687 	 8.6775 	 -1.1485 	 0.0000 	 1.8915 	 0.0048 
43.0000 	 2.2789 	 1.7044 	 5.6421 	 -1.6943 	 0.0000 	 0.7223 	 710.8662 	 43.0000 	 2.0374 	 8.5746 	 9.0860 	 -2.1414 	 0.0000 	 2.4208 	 0.0042 
44.0000 	 2.3280 	 1.6209 	 5.6843 	 -1.7143 	 0.0000 	 0.7197 	 710.8882 	 44.0000 	 0.6401 	 1.3248 	 -7.6147 	 -4.5062 	 0.0000 	 1.1514 	 0.0045 
43.0000 	 2.2565 	 1.7847 	 5.5900 	 -1.6743 	 0.0000 	 0.7230 	 710.8715 	 43.0000 	 0.2917 	 4.2111 	 9.7291 	 4.2515 	 0.0000 	 0.2762 	 0.0046 
43.0000 	 2.3014 	 1.5692 	 5.6894 	 -1.7452 	 0.0000 	 0.7334 	 710.8802 	 43.0000 	 1.0994 	 3.8407 	 -0.3977 	 -0.9445 	 0.0000 	 2.2734 	 0.0047 
42.0000 	 2.2462 	 1.7776 	 5.6236 	 -1.6139 	 0.0000 	 0.6987 	 710.8601 	 42.0000 	 2.9269 	 1.2246 	 6.4024 	 -0.1276 	 0.0000 	 0.0946 	 0.0043 
44.0000 	 2.3000 	 1.7012 	 5.6263 	 -1.7180 	 0.0000 	 0.7289 	 710.8963 	 44.0000 	 1.4618 	 7.6027 	 0.3751 	 -2.1091 	 0.0000 	 1.8494 	 0.0047 
42.0000 	 2.2447 	 1.6963 	 5.6359 	 -1.7140 	 0.0000 	 0.7273 	 710.8340 	 42.0000 	 0.6549 	 1.5397 	 -8.9319 	 -1.0466 	 0.0000 	 1.3889 	 0.0043 
43.0000 	 2.2841 	 1.6602 	 5.6568 	 -1.7283 	 0.0000 	 0.7224 	 710.8642 	 43.0000 	 0.5645 	 9.8600 	 -5.2379 	 -1.5411 	 0.0000 	 2.6720 	 0.0040 
44.0000 	 2.5706 	 1.8409 	 6.1798 	 -0.9712 	 0.0000 	 0.0000 	 717.5927 	 44.0000 	 1.6651 	 3.3836 	 -8.8450 	 -4.7192 	 0.0000 	 0.9190 	 0.0138 
40.0000 	 2.4291 	 6.5527 	 -19.7461 	 1.4941 	 0.0000 	 0.0000 	 1430.0067 	 40.0000 	 0.3370 	 5.1950 	 -0.0352 	 1.6485 	 0.0000 	 1.1921 	 0.2949 
44.0000 	 2.2983 	 1.7539 	 5.6139 	 -1.6981 	 0.0000 	 0.7201 	 710.9011 	 44.0000 	 0.7687 	 6.3703 	 7.3419 	 -3.6407 	 0.0000 	 2.8592 	 0.0053 
44.0000 	 2.4487 	 2.0871 	 5.9367 	 -0.9659 	 0.0000 	 0.0007 	 717.5696 	 44.0000 	 0.0252 	 1.5851 	 8.2538 	 -2.6950 	 0.0000 	 0.1013 	 0.0147 
41.0000 	 2.2298 	 1.6551 	 5.6630 	 -1.6909 	 0.0000 	 0.7211 	 710.7958 	 41.0000 	 2.8095 	 3.5338 	 8.0186 	 2.1875 	 0.0000 	 2.9342 	 0.0053 
43.0000 	 2.2700 	 1.7574 	 5.6137 	 -1.6723 	 0.0000 	 0.7209 	 710.8709 	 43.0000 	 0.9292 	 0.6444 	 -4.9211 	 2.6248 	 0.0000 	 2.7883 	 0.0043 
42.0000 	 2.2461 	 1.7101 	 5.6299 	 -1.6937 	 0.0000 	 0.7259 	 710.8316 	 42.0000 	 0.0448 	 8.0844 	 -1.4642 	 -4.7017 	 0.0000 	 2.7782 	 0.0044 
41.0000 	 2.3610 	 2.1363 	 5.9512 	 -0.9597 	 0.0000 	 0.0000 	 717.5578 	 41.0000 	 2.5605 	 5.4404 	 -7.3527 	 -1.7174 	 0.0000 	 1.7235 	 0.0126 
42.0000 	 2.2328 	 0.0000 	 3.2721 	 6.0299 	 0.0000 	 2.8870 	 773.2034 	 42.0000 	 1.6134 	 2.6418 	 -1.2257 	 2.7730 	 0.0000 	 2.7109 	 0.0025 
42.0000 	 2.3764 	 2.1113 	 5.9112 	 -1.0043 	 0.0000 	 0.0017 	 717.4179 	 42.0000 	 0.3786 	 7.8746 	 -2.5085 	 -0.6908 	 0.0000 	 0.6640 	 0.0113 
43.0000 	 2.3002 	 2.4078 	 5.6444 	 -1.0114 	 0.0000 	 0.0036 	 717.9431 	 43.0000 	 1.7405 	 7.7964 	 1.6161 	 -3.2780 	 0.0000 	 0.1819 	 0.0122 
42.0000 	 2.2511 	 1.6922 	 5.6430 	 -1.7189 	 0.0000 	 0.7220 	 710.8200 	 42.0000 	 1.9408 	 4.0118 	 3.9682 	 0.2430 	 0.0000 	 0.4249 	 0.0047 
41.0000 	 2.2412 	 1.5951 	 5.6865 	 -1.7219 	 0.0000 	 0.7275 	 710.8073 	 41.0000 	 1.6645 	 3.6395 	 -3.0309 	 1.7390 	 0.0000 	 1.3527 	 0.0041 
41.0000 	 2.2073 	 1.7069 	 5.6296 	 -1.7446 	 0.0000 	 0.7261 	 710.8114 	 41.0000 	 0.8485 	 9.4099 	 -1.0152 	 3.7812 	 0.0000 	 1.2471 	 0.0051 
42.0000 	 2.2274 	 1.8158 	 5.6087 	 -1.6710 	 0.0000 	 0.6918 	 710.8819 	 42.0000 	 1.8191 	 4.1402 	 6.5484 	 -1.6694 	 0.0000 	 0.1132 	 0.0079 
38.0000 	 2.1262 	 1.6750 	 5.6452 	 -1.7147 	 0.0000 	 0.7185 	 710.6949 	 38.0000 	 2.8417 	 2.1430 	 5.9558 	 -1.6921 	 0.0000 	 1.0451 	 0.0046 
41.0000 	 2.2141 	 1.7292 	 5.6248 	 -1.6337 	 0.0000 	 0.7335 	 710.8405 	 41.0000 	 2.2137 	 5.9794 	 -0.4701 	 -4.2053 	 0.0000 	 2.5880 	 0.0051 
40.0000 	 2.3891 	 1.9588 	 6.0634 	 -0.9553 	 0.0000 	 0.0022 	 717.2205 	 40.0000 	 1.8084 	 6.4996 	 -2.3836 	 -4.5300 	 0.0000 	 0.9370 	 0.0137 
41.0000 	 2.2135 	 1.7228 	 5.6288 	 -1.6907 	 0.0000 	 0.7155 	 710.7986 	 41.0000 	 1.3565 	 0.9931 	 5.2033 	 3.6327 	 0.0000 	 1.3816 	 0.0046 
40.0000 	 2.1971 	 0.0000 	 3.2995 	 6.4064 	 0.0000 	 2.8350 	 773.2471 	 40.0000 	 1.0166 	 8.1800 	 -9.0025 	 -3.8857 	 0.0000 	 0.0806 	 0.0027 
41.0000 	 2.3992 	 2.0124 	 6.0090 	 -0.9442 	 0.0000 	 0.0000 	 717.3201 	 41.0000 	 0.3564 	 1.5273 	 4.6099 	 3.2938 	 0.0000 	 2.7935 	 0.0123 
40.0000 	 2.2257 	 0.0042 	 5.2880 	 -9.1666 	 0.0000 	 1.2746 	 721.9819 	 40.0000 	 1.4410 	 6.1123 	 -8.6673 	 3.6160 	 0.0000 	 0.8598 	 0.0042 
40.0000 	 2.1724 	 1.7486 	 5.6009 	 -1.6869 	 0.0000 	 0.7254 	 710.7636 	 40.0000 	 2.7105 	 6.3121 	 -7.4120 	 0.6734 	 0.0000 	 2.3669 	 0.0043 
42.0000 	 2.2570 	 1.6441 	 5.6548 	 -1.7275 	 0.0000 	 0.7183 	 710.8339 	 42.0000 	 0.6916 	 9.9945 	 9.6082 	 3.6282 	 0.0000 	 1.4404 	 0.0052 
39.0000 	 1.9515 	 5.9717 	 3.9526 	 -1.6260 	 0.0000 	 0.0053 	 738.3877 	 39.0000 	 1.9556 	 6.2718 	 3.7269 	 -1.3520 	 0.0000 	 0.9241 	 0.0584 
40.0000 	 2.3445 	 2.0561 	 5.9696 	 -0.9430 	 0.0000 	 0.0000 	 717.2666 	 40.0000 	 2.1575 	 8.1487 	 2.0148 	 -0.1388 	 0.0000 	 0.9039 	 0.0126 
41.0000 	 2.2030 	 1.8196 	 5.5949 	 -1.6433 	 0.0000 	 0.7070 	 710.8222 	 41.0000 	 0.9841 	 2.9319 	 -5.8899 	 1.9865 	 0.0000 	 1.4377 	 0.0035 
40.0000 	 2.0958 	 2.0956 	 5.3967 	 -1.6523 	 0.0000 	 0.7422 	 711.0795 	 40.0000 	 2.1290 	 1.4346 	 1.6379 	 2.9862 	 0.0000 	 0.6737 	 0.0052 
39.0000 	 2.1483 	 0.0000 	 3.2875 	 -23.3428 	 0.0000 	 2.8754 	 772.8384 	 39.0000 	 0.5265 	 1.5735 	 -0.3348 	 -1.1602 	 0.0000 	 2.3386 	 0.0325 
39.0000 	 1.7560 	 8.7109 	 4.4531 	 -11.1279 	 0.0000 	 1.5130 	 725.7131 	 39.0000 	 1.2944 	 0.0868 	 4.1035 	 -3.4670 	 0.0000 	 1.7835 	 0.8566 
38.0000 	 2.1333 	 1.6673 	 5.6511 	 -1.6935 	 0.0000 	 0.7202 	 710.6917 	 38.0000 	 2.9342 	 0.5469 	 -7.3472 	 -1.6639 	 0.0000 	 1.9023 	 0.0062 
41.0000 	 2.2041 	 0.0000 	 3.2845 	 12.2355 	 0.0000 	 2.8826 	 773.1979 	 41.0000 	 0.1705 	 0.2885 	 -7.5035 	 -1.5844 	 0.0000 	 2.7349 	 0.0027 
40.0000 	 2.1799 	 1.7655 	 5.6182 	 -1.6812 	 0.0000 	 0.7118 	 710.7693 	 40.0000 	 0.8909 	 9.3981 	 7.8361 	 0.7867 	 0.0000 	 1.1056 	 0.0037 
41.0000 	 2.2336 	 1.6278 	 5.6665 	 -1.6990 	 0.0000 	 0.7249 	 710.7965 	 41.0000 	 2.6298 	 2.6618 	 9.4380 	 0.4053 	 0.0000 	 0.5950 	 0.0057 
37.0000 	 2.0829 	 1.7551 	 5.6027 	 -1.6516 	 0.0000 	 0.7155 	 710.6622 	 37.0000 	 1.6787 	 3.4571 	 -3.0562 	 -4.7063 	 0.0000 	 0.1401 	 0.0051 
40.0000 	 2.3808 	 1.6681 	 5.9950 	 -1.1697 	 0.0000 	 0.5128 	 712.9924 	 40.0000 	 0.5670 	 4.1149 	 8.6745 	 0.9377 	 0.0000 	 2.2229 	 0.0095 
39.0000 	 2.1708 	 1.7015 	 5.6442 	 -1.6439 	 0.0000 	 0.7047 	 710.7409 	 39.0000 	 0.7693 	 2.4796 	 9.7542 	 2.7169 	 0.0000 	 0.8403 	 0.0062 
38.0000 	 2.1880 	 2.3191 	 5.7300 	 -0.9670 	 0.0000 	 0.0001 	 717.2870 	 38.0000 	 0.7019 	 2.8495 	 9.7064 	 -0.4039 	 0.0000 	 0.8573 	 0.0130 
38.0000 	 2.1064 	 1.7910 	 5.5768 	 -1.6594 	 0.0000 	 0.7170 	 710.6990 	 38.0000 	 1.1303 	 7.5721 	 2.0384 	 -4.2443 	 0.0000 	 0.8762 	 0.0042 
40.0000 	 2.3644 	 1.9984 	 6.0109 	 -0.9458 	 0.0000 	 0.0000 	 717.1858 	 40.0000 	 0.1227 	 0.6653 	 -7.3350 	 3.3883 	 0.0000 	 0.4819 	 0.0124 
36.0000 	 2.0468 	 1.8297 	 5.5845 	 -1.6166 	 0.0000 	 0.6911 	 710.6381 	 36.0000 	 1.4516 	 2.5629 	 2.3160 	 -2.0766 	 0.0000 	 2.5873 	 0.0058 
37.0000 	 2.0844 	 1.7664 	 5.6054 	 -1.6439 	 0.0000 	 0.7059 	 710.6647 	 37.0000 	 0.2919 	 3.5316 	 -4.7209 	 -4.7482 	 0.0000 	 1.2194 	 0.0040 
38.0000 	 2.1210 	 1.7139 	 5.6237 	 -1.6760 	 0.0000 	 0.7207 	 710.6881 	 38.0000 	 1.9947 	 4.5122 	 -2.8138 	 -4.0223 	 0.0000 	 0.0586 	 0.0045 
36.0000 	 2.0628 	 1.7072 	 5.6324 	 -1.6798 	 0.0000 	 0.7150 	 710.6033 	 36.0000 	 2.4621 	 7.4907 	 6.5764 	 -0.4272 	 0.0000 	 2.4427 	 0.0041 
39.0000 	 2.1643 	 1.6693 	 5.6557 	 -1.6854 	 0.0000 	 0.7153 	 710.7296 	 39.0000 	 0.9912 	 5.8526 	 -8.1542 	 0.5330 	 0.0000 	 0.5136 	 0.0037 
36.0000 	 2.2275 	 1.9921 	 5.9957 	 -0.9419 	 0.0000 	 0.0000 	 716.8238 	 36.0000 	 1.2609 	 0.7021 	 -3.0248 	 -1.6883 	 0.0000 	 0.0781 	 0.0138 
39.0000 	 2.1660 	 1.6866 	 5.6511 	 -1.6816 	 0.0000 	 0.7131 	 710.7225 	 39.0000 	 1.6327 	 6.1473 	 3.2535 	 -2.6386 	 0.0000 	 2.4932 	 0.0040 
38.0000 	 2.2618 	 2.0971 	 5.9221 	 -0.9612 	 0.0000 	 0.0002 	 717.0429 	 38.0000 	 2.0573 	 5.1276 	 9.3474 	 0.7607 	 0.0000 	 0.8359 	 0.0131 
38.0000 	 1.8886 	 2.3697 	 5.2814 	 -4.7107 	 0.0000 	 1.2350 	 722.4343 	 38.0000 	 1.8826 	 1.1723 	 -7.6280 	 2.2647 	 0.0000 	 0.4454 	 0.1337 
38.0000 	 2.1097 	 1.7460 	 5.5970 	 -1.7026 	 0.0000 	 0.7203 	 710.6927 	 38.0000 	 0.1911 	 5.2600 	 -8.5658 	 -1.5603 	 0.0000 	 1.5347 	 0.0043 
37.0000 	 2.2925 	 1.9169 	 6.0691 	 -0.9599 	 0.0000 	 0.0000 	 716.9415 	 37.0000 	 0.9380 	 9.4190 	 8.6747 	 4.3806 	 0.0000 	 0.6153 	 0.0124 
35.0000 	 2.1796 	 2.0132 	 6.0226 	 -0.9928 	 0.0000 	 0.0018 	 716.9513 	 35.0000 	 2.4289 	 2.2679 	 -9.1372 	 -3.5748 	 0.0000 	 1.1112 	 0.0128 
38.0000 	 1.8565 	 3.7186 	 4.3390 	 -0.9528 	 0.0000 	 0.0000 	 723.3545 	 38.0000 	 1.4879 	 9.1601 	 9.3318 	 0.0764 	 0.0000 	 1.3536 	 0.0244 
37.0000 	 2.1450 	 1.4044 	 5.7550 	 -1.8108 	 0.0000 	 0.7476 	 710.8310 	 37.0000 	 2.2534 	 8.2197 	 5.4318 	 -2.5287 	 0.0000 	 0.3647 	 0.0044 
33.0000 	 1.7154 	 0.0994 	 5.1905 	 -11.0797 	 0.0000 	 1.4181 	 725.1829 	 33.0000 	 0.9267 	 4.4937 	 4.6202 	 -3.7580 	 0.0000 	 2.0773 	 0.0259 
37.0000 	 2.2453 	 2.0386 	 5.9635 	 -0.9537 	 0.0000 	 0.0003 	 716.9042 	 37.0000 	 1.4418 	 7.2209 	 1.7528 	 3.1978 	 0.0000 	 2.8271 	 0.0120 
36.0000 	 2.2573 	 1.9184 	 6.0700 	 -0.9497 	 0.0000 	 0.0000 	 716.8751 	 36.0000 	 1.6377 	 9.3495 	 9.2661 	 -4.0587 	 0.0000 	 0.0739 	 0.0114 
35.0000 	 2.1716 	 2.0510 	 5.9531 	 -0.9166 	 0.0000 	 0.0001 	 716.8244 	 35.0000 	 0.6238 	 9.0881 	 -1.5005 	 4.3213 	 0.0000 	 2.2570 	 0.0120 
39.0000 	 2.1469 	 1.7425 	 5.6095 	 -1.6869 	 0.0000 	 0.7199 	 710.7164 	 39.0000 	 2.3746 	 1.3442 	 9.4572 	 1.2629 	 0.0000 	 0.6984 	 0.0036 
36.0000 	 2.1867 	 2.0818 	 5.9035 	 -0.9544 	 0.0000 	 0.0000 	 716.8411 	 36.0000 	 1.3283 	 3.3309 	 3.1989 	 2.5331 	 0.0000 	 1.5355 	 0.0110 
36.0000 	 2.0749 	 1.6584 	 5.6635 	 -1.6501 	 0.0000 	 0.7118 	 710.6226 	 36.0000 	 1.1961 	 0.7630 	 -7.2969 	 1.4438 	 0.0000 	 2.3991 	 0.0057 
37.0000 	 2.1030 	 1.6880 	 5.6443 	 -1.6634 	 0.0000 	 0.7144 	 710.6453 	 37.0000 	 0.2315 	 4.3839 	 -6.8502 	 -4.5887 	 0.0000 	 1.7897 	 0.0039 
35.0000 	 2.0479 	 1.6084 	 5.6776 	 -1.6479 	 0.0000 	 0.7236 	 710.5966 	 35.0000 	 1.2843 	 6.3664 	 -3.0860 	 -1.4442 	 0.0000 	 1.9279 	 0.0124 
37.0000 	 2.1061 	 1.7095 	 5.6475 	 -1.6150 	 0.0000 	 0.6945 	 710.6663 	 37.0000 	 2.9326 	 7.0734 	 -6.1699 	 4.3992 	 0.0000 	 1.3606 	 0.0051 
34.0000 	 2.0473 	 1.4719 	 5.7382 	 -1.6715 	 0.0000 	 0.7362 	 710.6396 	 34.0000 	 1.2139 	 9.5013 	 -5.8114 	 -2.2401 	 0.0000 	 0.0963 	 0.0185 
37.0000 	 2.0897 	 1.7065 	 5.6258 	 -1.6910 	 0.0000 	 0.7170 	 710.6512 	 37.0000 	 1.8985 	 9.3205 	 8.0937 	 -0.1897 	 0.0000 	 2.8041 	 0.0040 
38.0000 	 2.1450 	 1.6768 	 5.6609 	 -1.6398 	 0.0000 	 0.7081 	 710.7006 	 38.0000 	 0.6764 	 2.5088 	 7.7715 	 -1.5006 	 0.0000 	 2.8509 	 0.0044 
33.0000 	 1.9453 	 1.8035 	 5.5805 	 -1.6005 	 0.0000 	 0.6939 	 710.5148 	 33.0000 	 0.4013 	 3.1642 	 -4.3099 	 3.4548 	 0.0000 	 2.0828 	 0.0052 
35.0000 	 2.0226 	 1.7152 	 5.6148 	 -1.6693 	 0.0000 	 0.7185 	 710.5724 	 35.0000 	 2.5698 	 8.3899 	 6.6805 	 1.2538 	 0.0000 	 1.8155 	 0.0051 
34.0000 	 1.9927 	 1.7028 	 5.6262 	 -1.6641 	 0.0000 	 0.7131 	 710.5362 	 34.0000 	 1.7082 	 9.6044 	 8.9102 	 -2.3038 	 0.0000 	 1.4173 	 0.0046 
36.0000 	 2.2124 	 2.0479 	 5.9779 	 -0.9848 	 0.0000 	 0.0002 	 716.8816 	 36.0000 	 0.1945 	 9.2755 	 6.1518 	 -1.1106 	 0.0000 	 0.2024 	 0.0112 
32.0000 	 1.9248 	 1.6881 	 5.6252 	 -1.6565 	 0.0000 	 0.7121 	 710.4543 	 32.0000 	 0.4467 	 6.5849 	 5.6458 	 1.7807 	 0.0000 	 2.0305 	 0.0048 
35.0000 	 2.1717 	 2.0728 	 5.9295 	 -0.9398 	 0.0000 	 0.0000 	 716.7485 	 35.0000 	 1.0465 	 3.7094 	 -6.3622 	 1.8839 	 0.0000 	 1.7710 	 0.0141 
36.0000 	 2.0346 	 1.8611 	 5.5538 	 -1.5864 	 0.0000 	 0.6893 	 710.6666 	 36.0000 	 2.8616 	 2.0891 	 -8.7396 	 -3.6636 	 0.0000 	 2.0552 	 0.0040 
33.0000 	 1.9602 	 1.7352 	 5.6223 	 -1.6328 	 0.0000 	 0.7018 	 710.4970 	 33.0000 	 2.3230 	 8.6209 	 2.4367 	 0.0598 	 0.0000 	 0.8345 	 0.0039 
35.0000 	 2.2549 	 1.7503 	 6.1735 	 -0.9485 	 0.0000 	 0.0001 	 717.1348 	 35.0000 	 1.0614 	 8.5180 	 -1.5594 	 4.6238 	 0.0000 	 1.0579 	 0.0222 
35.0000 	 2.0164 	 1.7479 	 5.6012 	 -1.6710 	 0.0000 	 0.7190 	 710.5770 	 35.0000 	 0.1692 	 5.3647 	 -7.0653 	 -1.2484 	 0.0000 	 0.0801 	 0.0046 
36.0000 	 2.0474 	 1.7970 	 5.5900 	 -1.6039 	 0.0000 	 0.7068 	 710.6359 	 36.0000 	 2.5699 	 6.4929 	 -8.5128 	 -2.4235 	 0.0000 	 1.4473 	 0.0053 
34.0000 	 2.0013 	 1.6707 	 5.6474 	 -1.6742 	 0.0000 	 0.7158 	 710.5467 	 34.0000 	 1.7755 	 0.0698 	 -9.3088 	 4.0556 	 0.0000 	 0.9108 	 0.0039 
34.0000 	 2.0358 	 0.0000 	 3.2781 	 10.9429 	 0.0000 	 2.8715 	 773.0384 	 34.0000 	 0.8193 	 8.6479 	 4.8996 	 -2.9919 	 0.0000 	 0.4255 	 0.0117 
32.0000 	 1.9411 	 1.8479 	 5.6195 	 -1.3580 	 0.0000 	 0.6191 	 710.8501 	 32.0000 	 1.8009 	 6.4780 	 -3.9682 	 1.5683 	 0.0000 	 2.1917 	 0.0076 
34.0000 	 2.1443 	 2.0390 	 5.9591 	 -0.9497 	 0.0000 	 0.0001 	 716.6087 	 34.0000 	 1.2234 	 3.9940 	 -3.6016 	 -3.3874 	 0.0000 	 0.5511 	 0.0177 
35.0000 	 2.0267 	 1.7227 	 5.6202 	 -1.6807 	 0.0000 	 0.7105 	 710.5727 	 35.0000 	 2.1146 	 3.7198 	 -8.3070 	 -2.7017 	 0.0000 	 2.8518 	 0.0047 
33.0000 	 1.9519 	 1.8034 	 5.6025 	 -1.6074 	 0.0000 	 0.6901 	 710.5051 	 33.0000 	 2.6603 	 7.0248 	 5.3371 	 -1.7590 	 0.0000 	 2.6407 	 0.0083 
34.0000 	 1.9826 	 1.7680 	 5.5953 	 -1.6563 	 0.0000 	 0.7140 	 710.5360 	 34.0000 	 2.3691 	 4.9327 	 4.0277 	 3.1572 	 0.0000 	 0.7821 	 0.0033 
33.0000 	 1.9677 	 1.7189 	 5.6294 	 -1.6331 	 0.0000 	 0.6939 	 710.4951 	 33.0000 	 2.1709 	 6.1318 	 -0.2977 	 -4.1568 	 0.0000 	 1.5522 	 0.0039 
32.0000 	 2.0035 	 2.2074 	 5.7606 	 -0.9134 	 0.0000 	 0.0000 	 716.5069 	 32.0000 	 2.2137 	 6.7227 	 -2.2352 	 -1.2118 	 0.0000 	 1.5822 	 0.0128 
31.0000 	 2.0339 	 1.2067 	 5.8987 	 -1.6979 	 0.0000 	 0.7070 	 711.0775 	 31.0000 	 1.2530 	 2.2763 	 7.0835 	 1.5297 	 0.0000 	 2.1683 	 0.0050 
31.0000 	 1.8732 	 1.8374 	 5.5808 	 -1.6131 	 0.0000 	 0.6963 	 710.4339 	 31.0000 	 2.9342 	 3.8705 	 -0.1608 	 -2.1250 	 0.0000 	 2.3111 	 0.0042 
36.0000 	 2.0775 	 1.6990 	 5.6591 	 -1.6265 	 0.0000 	 0.7029 	 710.6209 	 36.0000 	 1.7677 	 5.9641 	 -2.9853 	 1.9675 	 0.0000 	 1.9933 	 0.0046 
33.0000 	 1.9533 	 1.7421 	 5.6104 	 -1.6404 	 0.0000 	 0.7091 	 710.4888 	 33.0000 	 1.1897 	 9.8109 	 -1.5972 	 1.3120 	 0.0000 	 1.5928 	 0.0048 
34.0000 	 5.7293 	 3.8521 	 12.8686 	 0.0713 	 0.0000 	 0.0001 	 758.2545 	 34.0000 	 1.7103 	 4.0009 	 -4.3498 	 3.9820 	 0.0000 	 1.4350 	 0.0469 
33.0000 	 2.1330 	 1.9813 	 5.9744 	 -1.0224 	 0.0000 	 0.5051 	 714.8976 	 33.0000 	 0.3444 	 7.2390 	 -8.1101 	 -0.5358 	 0.0000 	 2.8763 	 0.0098 
32.0000 	 1.9081 	 1.8067 	 5.5716 	 -1.6277 	 0.0000 	 0.7065 	 710.4614 	 32.0000 	 0.1976 	 0.1930 	 -2.0222 	 3.0499 	 0.0000 	 2.1666 	 0.0116 
30.0000 	 1.8470 	 1.7077 	 5.6033 	 -1.6598 	 0.0000 	 0.7238 	 710.3778 	 30.0000 	 2.2442 	 1.7151 	 2.1167 	 -4.5559 	 0.0000 	 1.6182 	 0.0034 
34.0000 	 2.1648 	 1.9713 	 6.0220 	 -0.9634 	 0.0000 	 0.0000 	 716.6639 	 34.0000 	 0.2753 	 9.9446 	 4.8845 	 0.6872 	 0.0000 	 2.1456 	 0.0134 
30.0000 	 1.5949 	 3.0051 	 4.9281 	 -3.9188 	 0.0000 	 1.0560 	 719.2668 	 30.0000 	 1.2191 	 4.5009 	 4.3156 	 3.9369 	 0.0000 	 1.7916 	 0.0286 
29.0000 	 1.8260 	 1.6703 	 5.6300 	 -1.6470 	 0.0000 	 0.7175 	 710.3387 	 29.0000 	 0.5882 	 4.4022 	 5.9216 	 -4.4527 	 0.0000 	 0.8185 	 0.0036 
32.0000 	 1.9077 	 1.8527 	 5.5655 	 -1.6109 	 0.0000 	 0.6772 	 710.5017 	 32.0000 	 1.4892 	 7.4557 	 3.0794 	 -4.3093 	 0.0000 	 0.5575 	 0.0061 
32.0000 	 1.9883 	 2.2878 	 5.7232 	 -0.9240 	 0.0000 	 0.0000 	 716.6282 	 32.0000 	 1.3741 	 0.9937 	 -9.0650 	 2.2092 	 0.0000 	 1.4401 	 0.0127 
33.0000 	 2.0627 	 2.1464 	 5.8217 	 -0.8823 	 0.0000 	 0.0735 	 716.6653 	 33.0000 	 1.3248 	 9.8262 	 5.9331 	 2.6777 	 0.0000 	 2.7290 	 0.0139 
30.0000 	 1.8560 	 1.7508 	 5.6056 	 -1.5854 	 0.0000 	 0.6969 	 710.3660 	 30.0000 	 0.5752 	 7.8261 	 -2.3601 	 0.1842 	 0.0000 	 1.4126 	 0.0032 
31.0000 	 1.9651 	 1.3601 	 5.8052 	 -1.7610 	 0.0000 	 0.7261 	 710.7077 	 31.0000 	 1.1664 	 6.2073 	 -6.4504 	 -0.0711 	 0.0000 	 2.5272 	 0.0068 
31.0000 	 1.9142 	 1.6353 	 5.6740 	 -1.6265 	 0.0000 	 0.7107 	 710.4362 	 31.0000 	 1.3621 	 0.5381 	 -6.7365 	 3.8113 	 0.0000 	 2.2334 	 0.0045 
30.0000 	 1.8546 	 1.7529 	 5.6123 	 -1.6044 	 0.0000 	 0.6939 	 710.3655 	 30.0000 	 2.9763 	 3.5287 	 4.7638 	 1.6322 	 0.0000 	 1.3282 	 0.0036 
32.0000 	 1.9127 	 1.7690 	 5.5814 	 -1.6629 	 0.0000 	 0.7239 	 710.4675 	 32.0000 	 0.1478 	 7.2524 	 1.0663 	 3.8634 	 0.0000 	 0.0738 	 0.0039 
29.0000 	 0.0021 	 1.2862 	 3.4178 	 -3.3137 	 0.0000 	 2.6699 	 1146.3818 	 29.0000 	 2.6386 	 3.7059 	 -7.9396 	 3.7339 	 0.0000 	 0.9853 	 0.0000 
29.0000 	 1.9584 	 2.0535 	 5.9392 	 -0.9309 	 0.0000 	 0.0163 	 716.1877 	 29.0000 	 2.9191 	 0.7326 	 -5.2078 	 -0.4620 	 0.0000 	 0.5273 	 0.0120 
31.0000 	 1.8869 	 1.7475 	 5.6069 	 -1.6226 	 0.0000 	 0.7052 	 710.4158 	 31.0000 	 0.2494 	 0.3861 	 2.8341 	 4.1028 	 0.0000 	 2.8474 	 0.0041 
31.0000 	 1.8787 	 0.0000 	 3.2736 	 3.0752 	 0.0000 	 2.8818 	 773.0369 	 31.0000 	 2.5074 	 9.1732 	 6.8979 	 1.8138 	 0.0000 	 2.1101 	 0.0032 
27.0000 	 1.7400 	 1.7780 	 5.5866 	 -1.5673 	 0.0000 	 0.6963 	 710.2403 	 27.0000 	 0.6653 	 1.9680 	 -8.8097 	 -0.2117 	 0.0000 	 2.5097 	 0.0035 
33.0000 	 2.1346 	 1.9937 	 6.0193 	 -0.9430 	 0.0000 	 0.0078 	 716.6253 	 33.0000 	 1.8989 	 4.1745 	 1.9960 	 3.5038 	 0.0000 	 0.9348 	 0.0120 
33.0000 	 1.9602 	 1.7224 	 5.6243 	 -1.6270 	 0.0000 	 0.7075 	 710.4898 	 33.0000 	 2.9527 	 8.7819 	 9.8572 	 2.2095 	 0.0000 	 1.4967 	 0.0048 
30.0000 	 1.8434 	 1.7811 	 5.5787 	 -1.5911 	 0.0000 	 0.7074 	 710.3787 	 30.0000 	 1.5378 	 0.5665 	 3.1204 	 -1.1710 	 0.0000 	 2.8131 	 0.0044 
32.0000 	 1.9176 	 1.7739 	 5.6057 	 -1.6267 	 0.0000 	 0.6954 	 710.4517 	 32.0000 	 0.7489 	 9.6456 	 3.1499 	 -1.2237 	 0.0000 	 2.9410 	 0.0038 
32.0000 	 1.6089 	 6.6160 	 3.4023 	 -1.8084 	 0.0000 	 0.0263 	 736.2728 	 32.0000 	 1.6625 	 7.9803 	 8.2881 	 2.6916 	 0.0000 	 1.7051 	 0.0179 
30.0000 	 1.8573 	 1.7238 	 5.6382 	 -1.6675 	 0.0000 	 0.7030 	 710.3957 	 30.0000 	 0.6477 	 0.3723 	 -4.7575 	 -2.2860 	 0.0000 	 1.3319 	 0.0057 
29.0000 	 1.8131 	 1.7708 	 5.5907 	 -1.6235 	 0.0000 	 0.7028 	 710.3228 	 29.0000 	 1.0046 	 8.0235 	 2.0429 	 -3.1184 	 0.0000 	 1.3947 	 0.0039 
27.0000 	 1.8526 	 2.0882 	 5.8610 	 -0.9256 	 0.0000 	 0.0001 	 715.8680 	 27.0000 	 0.4773 	 8.8804 	 2.4217 	 1.8641 	 0.0000 	 1.7576 	 0.0146 
31.0000 	 2.0109 	 2.0865 	 5.8934 	 -0.9326 	 0.0000 	 0.0000 	 716.3233 	 31.0000 	 0.5420 	 2.7282 	 -1.0195 	 -3.9268 	 0.0000 	 1.4071 	 0.0111 
31.0000 	 0.0010 	 4.4523 	 -0.0546 	 -1.1523 	 0.0000 	 2.6703 	 1146.3962 	 31.0000 	 0.8076 	 2.2260 	 0.3573 	 4.0121 	 0.0000 	 2.8072 	 0.0000 
28.0000 	 1.7823 	 1.7482 	 5.6101 	 -1.5917 	 0.0000 	 0.6979 	 710.2811 	 28.0000 	 2.3826 	 9.3154 	 0.9838 	 1.9601 	 0.0000 	 0.9120 	 0.0036 
28.0000 	 1.7680 	 1.8366 	 5.5609 	 -1.5530 	 0.0000 	 0.6891 	 710.2920 	 28.0000 	 0.6810 	 0.2474 	 -1.0992 	 2.5040 	 0.0000 	 2.5665 	 0.0045 
29.0000 	 1.8206 	 0.0366 	 5.2856 	 -6.3501 	 0.0000 	 1.3079 	 719.7069 	 29.0000 	 0.5368 	 5.8567 	 -5.1005 	 0.5090 	 0.0000 	 0.3028 	 0.1136 
29.0000 	 1.8961 	 2.2057 	 5.7573 	 -0.9172 	 0.0000 	 0.0163 	 716.1245 	 29.0000 	 2.8238 	 0.3888 	 -8.9514 	 -2.5129 	 0.0000 	 0.3646 	 0.0100 
26.0000 	 1.6855 	 1.8846 	 5.5363 	 -1.5508 	 0.0000 	 0.7036 	 710.2413 	 26.0000 	 0.3579 	 6.8041 	 -4.5433 	 -4.4693 	 0.0000 	 2.7764 	 0.0042 
30.0000 	 1.9929 	 2.0575 	 5.9190 	 -0.9438 	 0.0000 	 0.0000 	 716.2318 	 30.0000 	 0.3879 	 5.1860 	 9.2698 	 -1.5695 	 0.0000 	 1.4496 	 0.0171 
29.0000 	 1.8177 	 1.7405 	 5.6139 	 -1.6062 	 0.0000 	 0.6979 	 710.3203 	 29.0000 	 2.6125 	 2.8002 	 -6.7631 	 4.4674 	 0.0000 	 0.8709 	 0.0040 
27.0000 	 1.7587 	 1.6884 	 5.6428 	 -1.5728 	 0.0000 	 0.6953 	 710.2476 	 27.0000 	 0.9179 	 4.6601 	 -0.3189 	 -4.5066 	 0.0000 	 2.9349 	 0.0044 
30.0000 	 1.9406 	 2.1520 	 5.7889 	 -0.9442 	 0.0000 	 0.0000 	 716.2264 	 30.0000 	 1.9773 	 5.7148 	 9.6518 	 4.4657 	 0.0000 	 2.9442 	 0.0108 
25.0000 	 1.5801 	 2.9321 	 4.9683 	 -0.8301 	 0.0000 	 0.0025 	 717.6944 	 25.0000 	 1.7364 	 1.2954 	 0.2915 	 -3.1626 	 0.0000 	 1.6034 	 0.0155 
31.0000 	 1.8817 	 1.8641 	 5.5842 	 -1.5341 	 0.0000 	 0.6826 	 710.4669 	 31.0000 	 1.1765 	 4.6775 	 0.8465 	 1.4434 	 0.0000 	 2.5590 	 0.0051 
30.0000 	 5.8678 	 3.3971 	 12.9168 	 0.0062 	 0.0000 	 0.0000 	 756.1859 	 30.0000 	 1.2113 	 2.6972 	 -6.5697 	 -0.2129 	 0.0000 	 2.5813 	 0.0319 
27.0000 	 1.7416 	 1.7480 	 5.6012 	 -1.6107 	 0.0000 	 0.7041 	 710.2283 	 27.0000 	 2.3353 	 6.3094 	 5.1099 	 -3.8367 	 0.0000 	 0.8368 	 0.0034 
26.0000 	 1.6370 	 0.0376 	 4.2591 	 -3.9880 	 0.0000 	 2.0958 	 749.4629 	 26.0000 	 2.1671 	 1.6849 	 1.2408 	 1.1536 	 0.0000 	 2.9769 	 0.0123 
29.0000 	 1.9138 	 2.1346 	 5.8290 	 -0.9413 	 0.0000 	 0.0000 	 716.1093 	 29.0000 	 2.6464 	 3.0992 	 2.4136 	 -2.9327 	 0.0000 	 2.1510 	 0.0156 
28.0000 	 1.7793 	 1.7759 	 5.6034 	 -1.5842 	 0.0000 	 0.6887 	 710.2758 	 28.0000 	 2.9464 	 7.8892 	 7.5182 	 0.2267 	 0.0000 	 1.0496 	 0.0044 
28.0000 	 1.8332 	 2.3154 	 5.6980 	 -0.9620 	 0.0000 	 0.0001 	 716.2047 	 28.0000 	 2.3354 	 4.6588 	 -3.9607 	 -3.1772 	 0.0000 	 1.8970 	 0.0169 
27.0000 	 1.8058 	 2.1991 	 5.7593 	 -0.9146 	 0.0000 	 0.1231 	 715.6961 	 27.0000 	 0.8282 	 2.6004 	 -3.2618 	 -2.9003 	 0.0000 	 1.8845 	 0.0186 
29.0000 	 3.1747 	 29.3006 	 4.4979 	 23.6885 	 0.0000 	 2.8824 	 783.5389 	 29.0000 	 1.7863 	 8.0568 	 -6.7589 	 -1.7820 	 0.0000 	 0.7828 	 0.0104 
28.0000 	 1.7591 	 1.8878 	 5.5378 	 -1.5892 	 0.0000 	 0.6893 	 710.3103 	 28.0000 	 0.8704 	 6.8589 	 -9.6594 	 2.9569 	 0.0000 	 1.1935 	 0.0036 
24.0000 	 1.6285 	 1.7514 	 5.6039 	 -1.5546 	 0.0000 	 0.6856 	 710.1054 	 24.0000 	 1.4642 	 1.8010 	 -4.0072 	 -3.7355 	 0.0000 	 0.8505 	 0.0033 
27.0000 	 2.0818 	 1.5606 	 6.3983 	 -0.9525 	 0.0000 	 0.0001 	 717.0696 	 27.0000 	 1.1823 	 4.9638 	 9.3231 	 0.9719 	 0.0000 	 0.2302 	 0.0093 
26.0000 	 1.6881 	 0.0000 	 3.2725 	 -11.8542 	 0.0000 	 2.8865 	 772.9532 	 26.0000 	 2.2389 	 9.2453 	 2.1195 	 4.1486 	 0.0000 	 2.2646 	 0.0019 
25.0000 	 0.0020 	 8.4623 	 1.6087 	 -3.8358 	 0.0000 	 2.6668 	 1146.3827 	 25.0000 	 0.0551 	 4.2144 	 1.0527 	 -3.5915 	 0.0000 	 1.9181 	 0.0000 
30.0000 	 1.8414 	 0.0000 	 3.2721 	 19.8214 	 0.0000 	 2.8870 	 773.0284 	 30.0000 	 1.5348 	 6.7858 	 1.4935 	 -4.5498 	 0.0000 	 0.9173 	 0.0020 
29.0000 	 1.3947 	 14.1164 	 0.2404 	 -2.0977 	 0.0000 	 0.0326 	 751.0077 	 29.0000 	 2.4661 	 6.4080 	 -3.1292 	 -3.7443 	 0.0000 	 1.3851 	 0.0319 
25.0000 	 1.7112 	 2.2935 	 5.6366 	 -0.8981 	 0.0000 	 0.0000 	 715.7002 	 25.0000 	 1.8804 	 9.5499 	 3.0018 	 -1.5351 	 0.0000 	 1.4188 	 0.0113 
24.0000 	 1.3778 	 6.0545 	 3.6793 	 -1.8180 	 0.0000 	 0.0028 	 733.1709 	 24.0000 	 1.5896 	 2.9356 	 -5.4668 	 -0.5978 	 0.0000 	 2.0788 	 0.0180 
26.0000 	 1.6982 	 1.8316 	 5.5620 	 -1.5469 	 0.0000 	 0.6844 	 710.2066 	 26.0000 	 0.0748 	 4.8135 	 5.8910 	 -0.3187 	 0.0000 	 1.4956 	 0.0038 
27.0000 	 1.7263 	 1.8226 	 5.5586 	 -1.6031 	 0.0000 	 0.6934 	 710.2454 	 27.0000 	 2.9624 	 4.8229 	 -0.3858 	 3.0511 	 0.0000 	 2.6270 	 0.0040 
22.0000 	 1.5336 	 1.8492 	 5.5600 	 -1.5266 	 0.0000 	 0.6686 	 710.0348 	 22.0000 	 1.5937 	 1.3483 	 -6.7044 	 -3.4843 	 0.0000 	 2.3586 	 0.0032 
25.0000 	 1.6758 	 1.7316 	 5.6249 	 -1.5459 	 0.0000 	 0.6824 	 710.1515 	 25.0000 	 1.1449 	 2.4992 	 -5.6570 	 -2.9567 	 0.0000 	 1.5283 	 0.0036 
26.0000 	 1.7494 	 2.3667 	 5.6140 	 -0.8555 	 0.0000 	 0.0010 	 716.1736 	 26.0000 	 2.5915 	 0.0312 	 -0.2918 	 3.3323 	 0.0000 	 0.0640 	 0.0146 
25.0000 	 1.6669 	 2.2323 	 5.4064 	 -1.0540 	 0.0000 	 0.5010 	 712.2635 	 25.0000 	 0.6953 	 8.4748 	 -1.5875 	 2.9046 	 0.0000 	 1.3767 	 0.0086 
22.0000 	 1.5848 	 2.3438 	 5.6022 	 -0.8910 	 0.0000 	 0.0001 	 715.3958 	 22.0000 	 2.0066 	 5.6123 	 -5.2378 	 1.6636 	 0.0000 	 1.5410 	 0.0146 
28.0000 	 1.7733 	 1.7808 	 5.5851 	 -1.6087 	 0.0000 	 0.6982 	 710.2768 	 28.0000 	 0.9908 	 5.0124 	 -7.1168 	 4.5026 	 0.0000 	 0.8291 	 0.0039 
27.0000 	 1.7483 	 1.7507 	 5.6073 	 -1.5928 	 0.0000 	 0.6934 	 710.2354 	 27.0000 	 1.7932 	 7.5177 	 -3.9639 	 -1.0558 	 0.0000 	 1.5173 	 0.0040 
27.0000 	 1.7354 	 1.7315 	 5.5952 	 -1.6396 	 0.0000 	 0.7087 	 710.2437 	 27.0000 	 2.0035 	 0.3056 	 6.3385 	 2.3863 	 0.0000 	 2.0276 	 0.0043 
23.0000 	 1.6462 	 2.2254 	 5.7107 	 -0.8957 	 0.0000 	 0.0002 	 715.4112 	 23.0000 	 1.5244 	 0.9598 	 1.1299 	 -0.8865 	 0.0000 	 1.2304 	 0.0108 
25.0000 	 1.7505 	 2.1509 	 5.7762 	 -0.8920 	 0.0000 	 0.0000 	 715.6415 	 25.0000 	 1.7197 	 6.6585 	 -4.0251 	 0.9405 	 0.0000 	 0.2678 	 0.0098 
27.0000 	 1.7933 	 2.2765 	 5.6742 	 -0.9495 	 0.0000 	 0.0067 	 715.9795 	 27.0000 	 1.6071 	 7.4337 	 8.4929 	 2.0169 	 0.0000 	 2.3217 	 0.0102 
24.0000 	 1.7963 	 0.3267 	 5.8189 	 -3.0864 	 0.0000 	 0.9477 	 715.3869 	 24.0000 	 2.6606 	 7.9643 	 7.5368 	 -3.6200 	 0.0000 	 0.4611 	 0.0522 
24.0000 	 1.7136 	 2.1832 	 5.7714 	 -0.9014 	 0.0000 	 0.0000 	 715.5630 	 24.0000 	 0.8906 	 6.9215 	 -2.0795 	 0.1621 	 0.0000 	 0.8419 	 0.0121 
25.0000 	 1.6539 	 0.0000 	 3.2712 	 7.4424 	 0.0000 	 2.8893 	 772.9360 	 25.0000 	 2.0142 	 6.7831 	 -4.0031 	 1.3542 	 0.0000 	 0.9809 	 0.0017 
22.0000 	 1.5352 	 1.8186 	 5.5748 	 -1.5326 	 0.0000 	 0.6709 	 710.0190 	 22.0000 	 1.3666 	 5.1660 	 8.7208 	 1.7480 	 0.0000 	 1.1158 	 0.0049 
21.0000 	 1.6015 	 2.0624 	 5.8554 	 -0.8859 	 0.0000 	 0.0002 	 715.2070 	 21.0000 	 1.8871 	 7.9702 	 2.7831 	 -0.8126 	 0.0000 	 2.8194 	 0.0129 
25.0000 	 1.6694 	 1.7752 	 5.6024 	 -1.5500 	 0.0000 	 0.6805 	 710.1530 	 25.0000 	 1.4988 	 0.7335 	 4.4042 	 -2.4531 	 0.0000 	 2.1597 	 0.0040 
26.0000 	 1.6914 	 1.8242 	 5.5582 	 -1.6052 	 0.0000 	 0.6925 	 710.2044 	 26.0000 	 1.3776 	 9.1808 	 5.0904 	 -2.3240 	 0.0000 	 2.3683 	 0.0035 
22.0000 	 1.5571 	 2.6440 	 5.4517 	 -1.1755 	 0.0000 	 0.1696 	 715.9302 	 22.0000 	 0.2631 	 7.8053 	 6.5946 	 -2.1995 	 0.0000 	 2.1378 	 1.2236 
24.0000 	 6.0000 	 13.8901 	 25.3621 	 0.4765 	 0.0000 	 0.0000 	 783.9946 	 24.0000 	 2.6467 	 5.3573 	 -9.7712 	 -2.7892 	 0.0000 	 1.5685 	 0.0581 
24.0000 	 1.6142 	 1.8027 	 5.5686 	 -1.5941 	 0.0000 	 0.7030 	 710.1208 	 24.0000 	 1.4834 	 0.7904 	 -3.9574 	 0.3072 	 0.0000 	 2.7376 	 0.0028 
25.0000 	 1.6642 	 1.7543 	 5.6022 	 -1.5919 	 0.0000 	 0.6935 	 710.1492 	 25.0000 	 1.5651 	 6.2521 	 4.9702 	 3.1710 	 0.0000 	 2.2841 	 0.0031 
20.0000 	 1.4403 	 1.8845 	 5.5244 	 -1.5057 	 0.0000 	 0.6707 	 709.9789 	 20.0000 	 2.6518 	 2.8678 	 -6.6792 	 4.5544 	 0.0000 	 0.7617 	 0.0027 
26.0000 	 1.7890 	 2.1893 	 5.7737 	 -0.8979 	 0.0000 	 0.0006 	 715.7772 	 26.0000 	 1.2303 	 5.0022 	 -7.3829 	 -4.0817 	 0.0000 	 1.8303 	 0.0199 
23.0000 	 1.6610 	 2.1699 	 5.7561 	 -0.8896 	 0.0000 	 0.0000 	 715.4026 	 23.0000 	 0.1163 	 8.9645 	 -3.7284 	 1.6318 	 0.0000 	 0.8386 	 0.0134 
19.0000 	 1.4087 	 1.7933 	 5.5791 	 -1.5060 	 0.0000 	 0.6700 	 709.9419 	 19.0000 	 1.8034 	 4.0371 	 -9.1663 	 4.9232 	 0.0000 	 1.5658 	 0.0024 
26.0000 	 1.7072 	 1.7356 	 5.6039 	 -1.5958 	 0.0000 	 0.7015 	 710.1843 	 26.0000 	 1.3531 	 0.4201 	 1.7935 	 3.6452 	 0.0000 	 1.9503 	 0.0041 
19.0000 	 1.4659 	 2.1894 	 5.6778 	 -0.8519 	 0.0000 	 0.0000 	 714.8986 	 19.0000 	 1.6918 	 1.2336 	 9.1258 	 -1.9292 	 0.0000 	 0.2542 	 0.0118 
22.0000 	 1.5344 	 1.8230 	 5.5650 	 -1.5318 	 0.0000 	 0.6691 	 710.0275 	 22.0000 	 1.4360 	 5.3402 	 4.8379 	 -2.7089 	 0.0000 	 1.3245 	 0.0029 
23.0000 	 1.5978 	 1.5779 	 5.6997 	 -1.8235 	 0.0000 	 0.7169 	 710.4581 	 23.0000 	 0.4665 	 9.3631 	 -0.8651 	 2.1751 	 0.0000 	 0.5521 	 0.0092 
24.0000 	 1.6306 	 1.7688 	 5.6003 	 -1.5629 	 0.0000 	 0.6861 	 710.1070 	 24.0000 	 1.0142 	 6.6028 	 -5.3834 	 4.4763 	 0.0000 	 2.5932 	 0.0047 
21.0000 	 1.5635 	 2.1947 	 5.7531 	 -0.8880 	 0.0000 	 0.0002 	 715.2425 	 21.0000 	 2.2155 	 0.8814 	 -0.8875 	 -3.7530 	 0.0000 	 2.8417 	 0.0114 
22.0000 	 1.5620 	 2.3819 	 5.5536 	 -0.8514 	 0.0000 	 0.0005 	 715.4905 	 22.0000 	 0.9315 	 9.4593 	 -6.5785 	 -3.0485 	 0.0000 	 2.4705 	 0.0146 
22.0000 	 1.5825 	 2.2934 	 5.6132 	 -0.8724 	 0.0000 	 0.0002 	 715.3190 	 22.0000 	 0.4398 	 9.6844 	 -0.0185 	 -3.3864 	 0.0000 	 2.5638 	 0.0114 
25.0000 	 1.6494 	 1.8358 	 5.5535 	 -1.5941 	 0.0000 	 0.6850 	 710.1648 	 25.0000 	 1.6913 	 2.0155 	 -2.5732 	 -1.8802 	 0.0000 	 0.4482 	 0.0045 
24.0000 	 1.7287 	 2.1335 	 5.8063 	 -0.8374 	 0.0000 	 0.0002 	 715.7451 	 24.0000 	 2.9967 	 6.0662 	 7.4009 	 2.6773 	 0.0000 	 0.6551 	 0.0126 
21.0000 	 1.5540 	 2.2536 	 5.6733 	 -0.8690 	 0.0000 	 0.0000 	 715.1570 	 21.0000 	 1.3857 	 6.2175 	 -9.7703 	 0.7260 	 0.0000 	 2.7158 	 0.0139 
24.0000 	 1.6148 	 0.0001 	 3.2318 	 -2.8025 	 0.0000 	 2.9350 	 771.4942 	 24.0000 	 2.1351 	 1.1291 	 6.8533 	 3.7342 	 0.0000 	 1.2789 	 0.0141 
18.0000 	 1.3578 	 1.8125 	 5.5635 	 -1.4848 	 0.0000 	 0.6644 	 709.9360 	 18.0000 	 0.3413 	 3.9995 	 1.6417 	 0.5460 	 0.0000 	 1.3803 	 0.0022 
19.0000 	 1.8804 	 1.4355 	 6.8429 	 -0.7839 	 0.0000 	 0.0015 	 720.2371 	 19.0000 	 0.5351 	 5.0238 	 4.6287 	 2.7368 	 0.0000 	 2.1933 	 0.0151 
20.0000 	 1.4537 	 1.7972 	 5.5780 	 -1.5134 	 0.0000 	 0.6749 	 709.9622 	 20.0000 	 2.0533 	 2.2071 	 -2.3672 	 -0.5645 	 0.0000 	 2.3279 	 0.0022 
24.0000 	 1.6276 	 1.7476 	 5.6103 	 -1.5851 	 0.0000 	 0.6955 	 710.1077 	 24.0000 	 2.8574 	 8.1762 	 1.3591 	 4.1164 	 0.0000 	 0.2655 	 0.0054 
20.0000 	 1.5197 	 2.1879 	 5.7111 	 -0.8584 	 0.0000 	 0.0000 	 715.0183 	 20.0000 	 2.1141 	 8.8904 	 8.0172 	 4.8316 	 0.0000 	 0.2653 	 0.0115 
17.0000 	 1.3085 	 1.8083 	 5.5611 	 -1.4885 	 0.0000 	 0.6657 	 709.9376 	 17.0000 	 1.6775 	 7.8716 	 3.0570 	 -3.7969 	 0.0000 	 1.7915 	 0.0025 
22.0000 	 1.7500 	 1.8013 	 6.1707 	 -0.9033 	 0.0000 	 0.0073 	 715.9394 	 22.0000 	 0.9593 	 2.9621 	 9.6726 	 1.4950 	 0.0000 	 1.7380 	 0.0101 
21.0000 	 1.4950 	 1.8045 	 5.5770 	 -1.5274 	 0.0000 	 0.6743 	 709.9889 	 21.0000 	 1.4202 	 6.6606 	 -4.1897 	 -1.0658 	 0.0000 	 1.6701 	 0.0036 
21.0000 	 1.5036 	 1.7522 	 5.6048 	 -1.5262 	 0.0000 	 0.6755 	 709.9905 	 21.0000 	 0.1190 	 8.2881 	 8.0532 	 4.5608 	 0.0000 	 1.1279 	 0.0046 
23.0000 	 1.5838 	 1.7913 	 5.5844 	 -1.5323 	 0.0000 	 0.6817 	 710.0609 	 23.0000 	 2.8801 	 1.9927 	 -9.5736 	 0.0208 	 0.0000 	 2.2257 	 0.0032 
19.0000 	 1.4139 	 1.7963 	 5.5886 	 -1.4671 	 0.0000 	 0.6609 	 709.9500 	 19.0000 	 2.4388 	 6.6378 	 -9.1102 	 0.1309 	 0.0000 	 2.7621 	 0.0035 
18.0000 	 1.3461 	 1.8605 	 5.5192 	 -1.4984 	 0.0000 	 0.6761 	 709.9434 	 18.0000 	 1.3958 	 3.1877 	 6.1604 	 -2.0859 	 0.0000 	 2.7961 	 0.0025 
23.0000 	 1.6643 	 2.1816 	 5.7649 	 -0.8954 	 0.0000 	 0.0055 	 715.4189 	 23.0000 	 0.5827 	 5.8365 	 -9.0756 	 2.1199 	 0.0000 	 0.7884 	 0.0136 
22.0000 	 1.5121 	 0.0000 	 3.2299 	 24.6397 	 0.0000 	 2.8763 	 773.2235 	 22.0000 	 2.9642 	 1.2283 	 -4.8248 	 3.2018 	 0.0000 	 1.2922 	 0.0054 
22.0000 	 1.5438 	 1.7737 	 5.5949 	 -1.5363 	 0.0000 	 0.6794 	 710.0273 	 22.0000 	 2.3193 	 0.5972 	 3.4856 	 4.6103 	 0.0000 	 0.6927 	 0.0032 
16.0000 	 1.2043 	 2.2129 	 5.2948 	 -1.4393 	 0.0000 	 0.6565 	 710.2827 	 16.0000 	 0.9233 	 6.6588 	 4.7607 	 -2.1109 	 0.0000 	 1.3576 	 0.0038 
19.0000 	 1.4037 	 1.8145 	 5.5595 	 -1.4761 	 0.0000 	 0.6675 	 709.9500 	 19.0000 	 1.0378 	 0.9506 	 5.8943 	 2.4855 	 0.0000 	 2.0698 	 0.0038 
28.0000 	 1.8666 	 2.1268 	 5.8060 	 -0.9272 	 0.0000 	 0.0003 	 715.9994 	 28.0000 	 2.9828 	 7.7193 	 0.5387 	 -3.1511 	 0.0000 	 2.5865 	 0.0123 
18.0000 	 1.3539 	 1.8589 	 5.5432 	 -1.4672 	 0.0000 	 0.6544 	 709.9390 	 18.0000 	 1.3287 	 6.0215 	 -4.9270 	 -0.6820 	 0.0000 	 0.3942 	 0.0028 
17.0000 	 1.3122 	 1.7924 	 5.5690 	 -1.4914 	 0.0000 	 0.6708 	 709.9376 	 17.0000 	 1.3579 	 9.4351 	 4.1259 	 1.4069 	 0.0000 	 0.3743 	 0.0025 
21.0000 	 1.2019 	 7.9460 	 2.5887 	 -1.7665 	 0.0000 	 0.0008 	 737.3817 	 21.0000 	 2.1141 	 8.1258 	 -6.9967 	 -3.5253 	 0.0000 	 2.3014 	 0.0953 
17.0000 	 1.2018 	 3.0811 	 5.0586 	 -1.0498 	 0.0000 	 0.0000 	 719.2902 	 17.0000 	 2.7084 	 8.9419 	 7.8525 	 -0.4133 	 0.0000 	 2.6808 	 0.0261 
19.0000 	 1.4737 	 2.1899 	 5.7262 	 -0.8592 	 0.0000 	 0.0000 	 714.9263 	 19.0000 	 0.8128 	 4.5434 	 -9.3062 	 -4.7878 	 0.0000 	 0.1248 	 0.0134 
20.0000 	 1.4391 	 1.8794 	 5.5317 	 -1.4988 	 0.0000 	 0.6666 	 709.9765 	 20.0000 	 1.3855 	 5.4537 	 2.5198 	 3.6016 	 0.0000 	 2.6021 	 0.0030 
23.0000 	 1.5914 	 1.7797 	 5.6107 	 -1.5288 	 0.0000 	 0.6650 	 710.0771 	 23.0000 	 2.5647 	 1.9917 	 6.4015 	 2.1013 	 0.0000 	 2.2408 	 0.0032 
20.0000 	 1.4588 	 1.7827 	 5.5876 	 -1.5100 	 0.0000 	 0.6728 	 709.9696 	 20.0000 	 1.9743 	 2.3535 	 5.7618 	 -2.4528 	 0.0000 	 0.9412 	 0.0032 
15.0000 	 1.2071 	 1.7792 	 5.5640 	 -1.4612 	 0.0000 	 0.6621 	 710.0153 	 15.0000 	 0.8868 	 2.7245 	 -3.8313 	 4.3913 	 0.0000 	 2.5639 	 0.0031 
17.0000 	 1.3768 	 2.1441 	 5.7280 	 -0.8356 	 0.0000 	 0.0000 	 714.6860 	 17.0000 	 1.9260 	 2.2481 	 -8.4689 	 -1.3594 	 0.0000 	 2.5284 	 0.0099 
14.0000 	 1.1951 	 2.2565 	 5.5950 	 -0.8080 	 0.0000 	 0.0008 	 714.3743 	 14.0000 	 2.6804 	 6.6341 	 -2.4155 	 1.9353 	 0.0000 	 1.3946 	 0.0079 
19.0000 	 1.3859 	 0.0000 	 3.2722 	 21.7323 	 0.0000 	 2.8707 	 773.1316 	 19.0000 	 1.9409 	 9.2875 	 1.3701 	 2.4659 	 0.0000 	 1.5136 	 0.1188 
14.0000 	 1.1423 	 1.9140 	 5.5074 	 -1.3877 	 0.0000 	 0.6281 	 710.1255 	 14.0000 	 2.3485 	 3.9031 	 4.8993 	 2.2562 	 0.0000 	 2.7317 	 0.0045 
16.0000 	 1.2601 	 1.8265 	 5.5546 	 -1.4453 	 0.0000 	 0.6554 	 709.9607 	 16.0000 	 0.8759 	 7.9326 	 6.4944 	 -3.9703 	 0.0000 	 0.6421 	 0.0027 
21.0000 	 6.0000 	 2.4520 	 12.5652 	 -0.1114 	 0.0000 	 0.0198 	 752.6857 	 21.0000 	 0.1099 	 0.7434 	 -9.8579 	 1.3212 	 0.0000 	 0.6794 	 0.0508 
21.0000 	 1.5000 	 1.7730 	 5.5931 	 -1.5249 	 0.0000 	 0.6749 	 709.9884 	 21.0000 	 1.6932 	 7.2220 	 7.8473 	 -1.2717 	 0.0000 	 1.3257 	 0.0033 
18.0000 	 1.3526 	 1.8518 	 5.5381 	 -1.4771 	 0.0000 	 0.6612 	 709.9385 	 18.0000 	 1.9668 	 6.0743 	 3.5520 	 -4.7875 	 0.0000 	 0.8078 	 0.0023 
20.0000 	 1.5115 	 2.2316 	 5.6694 	 -0.8644 	 0.0000 	 0.0000 	 715.0151 	 20.0000 	 0.2158 	 3.3261 	 4.8456 	 4.0052 	 0.0000 	 1.4124 	 0.0102 
18.0000 	 1.3478 	 1.8525 	 5.5309 	 -1.4949 	 0.0000 	 0.6674 	 709.9428 	 18.0000 	 1.5646 	 2.5647 	 1.1647 	 4.6182 	 0.0000 	 0.2852 	 0.0022 
16.0000 	 1.2967 	 2.1663 	 5.5460 	 -0.9444 	 0.0000 	 0.4663 	 712.1493 	 16.0000 	 0.1942 	 2.3420 	 8.2400 	 -1.8873 	 0.0000 	 2.3320 	 0.0103 
20.0000 	 1.4455 	 1.8430 	 5.5423 	 -1.5339 	 0.0000 	 0.6882 	 709.9786 	 20.0000 	 2.9860 	 7.6784 	 2.2785 	 -0.0834 	 0.0000 	 2.9472 	 0.0026 
13.0000 	 1.0947 	 0.0000 	 3.2683 	 6.4402 	 0.0000 	 2.8898 	 772.9207 	 13.0000 	 2.5888 	 3.0604 	 4.5093 	 1.3047 	 0.0000 	 1.4143 	 0.0135 
17.0000 	 1.3075 	 1.8257 	 5.5508 	 -1.4602 	 0.0000 	 0.6593 	 709.9367 	 17.0000 	 2.5460 	 5.3439 	 7.4811 	 3.1250 	 0.0000 	 1.3536 	 0.0026 
15.0000 	 1.2217 	 1.6741 	 5.6227 	 -1.4860 	 0.0000 	 0.6657 	 710.0324 	 15.0000 	 0.3791 	 6.0875 	 -8.6095 	 -0.7979 	 0.0000 	 2.5156 	 0.0043 
14.0000 	 0.9282 	 8.2566 	 2.4564 	 -1.7923 	 0.0000 	 0.0000 	 738.0707 	 14.0000 	 2.6426 	 3.6935 	 3.6576 	 0.6243 	 0.0000 	 0.7195 	 0.0282 
19.0000 	 1.1060 	 1.4819 	 5.1294 	 -29.5618 	 0.0000 	 1.5324 	 735.5093 	 19.0000 	 0.1803 	 4.4243 	 -6.2403 	 4.7256 	 0.0000 	 1.2804 	 0.0856 
16.0000 	 2.2833 	 21.5744 	 5.9764 	 7.9230 	 0.0000 	 2.8552 	 783.5665 	 16.0000 	 1.2046 	 9.2671 	 -1.0926 	 -1.8928 	 0.0000 	 0.5079 	 0.0157 
17.0000 	 1.3152 	 1.7695 	 5.5793 	 -1.4807 	 0.0000 	 0.6680 	 709.9422 	 17.0000 	 0.0837 	 7.7814 	 -3.6699 	 -4.5522 	 0.0000 	 0.3422 	 0.0027 
15.0000 	 1.2194 	 1.7591 	 5.5875 	 -1.4409 	 0.0000 	 0.6569 	 710.0125 	 15.0000 	 2.1334 	 3.5302 	 -9.0732 	 -2.0948 	 0.0000 	 1.0326 	 0.0045 
20.0000 	 1.4979 	 2.2680 	 5.6291 	 -0.8617 	 0.0000 	 0.0000 	 715.0261 	 20.0000 	 0.7360 	 5.8667 	 3.3273 	 0.5745 	 0.0000 	 0.7282 	 0.0111 
16.0000 	 1.3071 	 2.2437 	 5.6297 	 -0.8344 	 0.0000 	 0.0000 	 714.5272 	 16.0000 	 2.2419 	 4.5397 	 -1.0694 	 1.3653 	 0.0000 	 1.3198 	 0.0090 
20.0000 	 1.4558 	 1.7820 	 5.5843 	 -1.5060 	 0.0000 	 0.6727 	 709.9619 	 20.0000 	 0.7639 	 5.0809 	 3.9584 	 2.4606 	 0.0000 	 0.4030 	 0.0023 
17.0000 	 1.3054 	 1.8216 	 5.5464 	 -1.4793 	 0.0000 	 0.6700 	 709.9351 	 17.0000 	 0.1043 	 5.8807 	 2.2840 	 -1.6855 	 0.0000 	 2.3695 	 0.0026 
20.0000 	 1.5101 	 2.2211 	 5.6849 	 -0.8623 	 0.0000 	 0.0006 	 715.0282 	 20.0000 	 0.8867 	 3.2261 	 -7.8516 	 4.2189 	 0.0000 	 2.4680 	 0.0100 
11.0000 	 1.0097 	 2.1960 	 5.5812 	 -0.7681 	 0.0000 	 0.0039 	 714.5772 	 11.0000 	 1.4103 	 6.5435 	 0.8890 	 -0.2695 	 0.0000 	 1.3119 	 0.0136 
14.0000 	 1.1559 	 1.8210 	 5.5476 	 -1.4166 	 0.0000 	 0.6478 	 710.0884 	 14.0000 	 1.7479 	 3.8228 	 8.0786 	 3.7200 	 0.0000 	 0.4933 	 0.0042 
15.0000 	 1.1931 	 1.8855 	 5.4978 	 -1.4567 	 0.0000 	 0.6641 	 710.0318 	 15.0000 	 0.1635 	 4.9432 	 -3.1528 	 4.0030 	 0.0000 	 0.5599 	 0.0032 
13.0000 	 1.0922 	 2.4428 	 5.3645 	 -0.7901 	 0.0000 	 0.0002 	 714.4744 	 13.0000 	 2.3405 	 1.5013 	 4.4179 	 1.1957 	 0.0000 	 0.9621 	 0.0100 
11.0000 	 0.9999 	 1.5624 	 5.6725 	 -1.4327 	 0.0000 	 0.6704 	 710.7095 	 11.0000 	 2.7287 	 7.1428 	 5.8078 	 3.1510 	 0.0000 	 2.0669 	 0.0110 
14.0000 	 1.1661 	 2.3498 	 5.4624 	 -0.7990 	 0.0000 	 0.0000 	 714.3971 	 14.0000 	 1.2872 	 6.3561 	 -3.5067 	 -1.8775 	 0.0000 	 1.6830 	 0.0078 
18.0000 	 1.3164 	 2.2003 	 5.3558 	 -1.3798 	 0.0000 	 0.6219 	 710.2091 	 18.0000 	 2.2502 	 8.8032 	 2.5743 	 2.4077 	 0.0000 	 1.6298 	 0.0032 
17.0000 	 1.3205 	 1.7488 	 5.5949 	 -1.4682 	 0.0000 	 0.6635 	 709.9403 	 17.0000 	 2.7443 	 2.1148 	 8.9030 	 2.6879 	 0.0000 	 0.6697 	 0.0043 
12.0000 	 1.0431 	 1.7731 	 5.5736 	 -1.4072 	 0.0000 	 0.6469 	 710.4001 	 12.0000 	 0.9287 	 1.2690 	 -1.2040 	 -0.5251 	 0.0000 	 2.4179 	 0.0074 
18.0000 	 1.4073 	 2.2355 	 5.6432 	 -0.8418 	 0.0000 	 0.0000 	 714.7703 	 18.0000 	 2.7513 	 9.6421 	 9.8247 	 -4.5166 	 0.0000 	 2.0769 	 0.0102 
17.0000 	 1.3333 	 2.3576 	 5.5040 	 -0.8222 	 0.0000 	 0.0000 	 714.6736 	 17.0000 	 0.2887 	 6.8362 	 2.2762 	 -2.9722 	 0.0000 	 0.8893 	 0.0096 
16.0000 	 1.2644 	 1.8102 	 5.5747 	 -1.4394 	 0.0000 	 0.6486 	 709.9628 	 16.0000 	 0.0903 	 1.2462 	 2.2953 	 4.4149 	 0.0000 	 2.4159 	 0.0025 
13.0000 	 0.9078 	 0.5712 	 5.3692 	 -6.8506 	 0.0000 	 1.1067 	 726.1043 	 13.0000 	 0.4004 	 3.6776 	 4.4438 	 -4.9852 	 0.0000 	 1.6742 	 0.0225 
15.0000 	 1.2292 	 2.3269 	 5.5188 	 -0.8179 	 0.0000 	 0.0006 	 714.4247 	 15.0000 	 1.2128 	 6.7132 	 2.0310 	 -0.1905 	 0.0000 	 0.8506 	 0.0099 
11.0000 	 1.8571 	 14.3344 	 6.1517 	 4.9196 	 0.0000 	 2.8786 	 783.2806 	 11.0000 	 1.5985 	 8.6725 	 -0.2507 	 1.9714 	 0.0000 	 2.2438 	 0.0224 
21.0000 	 1.5067 	 1.7374 	 5.6145 	 -1.5580 	 0.0000 	 0.6813 	 710.0058 	 21.0000 	 2.6637 	 4.7039 	 -4.5757 	 3.7171 	 0.0000 	 0.2169 	 0.0027 
26.0000 	 1.7020 	 1.7517 	 5.5945 	 -1.5979 	 0.0000 	 0.6969 	 710.1816 	 26.0000 	 2.4310 	 9.4711 	 -5.5115 	 -0.7814 	 0.0000 	 1.1726 	 0.0041 
9.0000 	 0.8441 	 1.6224 	 5.6064 	 -1.5051 	 0.0000 	 0.6915 	 711.5051 	 9.0000 	 1.5077 	 4.9999 	 8.5585 	 1.4230 	 0.0000 	 0.8270 	 0.0154 
14.0000 	 1.1562 	 1.7863 	 5.5645 	 -1.4698 	 0.0000 	 0.6618 	 710.0929 	 14.0000 	 2.5706 	 2.6108 	 6.0527 	 0.3131 	 0.0000 	 2.8838 	 0.0045 
13.0000 	 1.1217 	 2.2906 	 5.5285 	 -0.7990 	 0.0000 	 0.0005 	 714.3345 	 13.0000 	 2.3930 	 8.7758 	 -1.6282 	 -3.9590 	 0.0000 	 1.2142 	 0.0087 
15.0000 	 2.1176 	 12.9034 	 5.1310 	 6.7565 	 0.0000 	 2.8855 	 783.1618 	 15.0000 	 1.3969 	 9.4554 	 7.0904 	 3.6595 	 0.0000 	 2.2519 	 0.0147 
10.0000 	 0.9281 	 2.2717 	 5.4994 	 -0.7687 	 0.0000 	 0.0001 	 714.8938 	 10.0000 	 1.3653 	 3.2757 	 7.0454 	 4.8737 	 0.0000 	 1.1800 	 0.0120 
18.0000 	 1.3823 	 1.6715 	 5.6478 	 -1.5106 	 0.0000 	 0.6720 	 709.9698 	 18.0000 	 2.4171 	 4.5836 	 -8.8914 	 0.7718 	 0.0000 	 1.8412 	 0.0036 
16.0000 	 1.2530 	 1.8284 	 5.5526 	 -1.5473 	 0.0000 	 0.6562 	 710.0151 	 16.0000 	 1.3113 	 6.7569 	 3.0728 	 3.1234 	 0.0000 	 1.5182 	 0.0083 
12.0000 	 1.5559 	 1.1038 	 6.8269 	 -0.7005 	 0.0000 	 0.0006 	 723.8868 	 12.0000 	 2.6205 	 9.1600 	 -9.4274 	 -0.2044 	 0.0000 	 2.4168 	 0.0210 
11.0000 	 0.9610 	 1.9195 	 5.4904 	 -1.3576 	 0.0000 	 0.6201 	 710.7411 	 11.0000 	 0.6037 	 2.7360 	 6.4058 	 0.0399 	 0.0000 	 2.7384 	 0.0098 
14.0000 	 1.1611 	 2.3800 	 5.4418 	 -0.8032 	 0.0000 	 0.0002 	 714.4059 	 14.0000 	 1.5133 	 9.0203 	 5.9291 	 0.5989 	 0.0000 	 1.5879 	 0.0094 
17.0000 	 1.3054 	 1.8223 	 5.5396 	 -1.4878 	 0.0000 	 0.6695 	 709.9455 	 17.0000 	 1.9241 	 4.7103 	 0.6944 	 3.5712 	 0.0000 	 2.3925 	 0.0025 
15.0000 	 0.9996 	 8.0213 	 3.2945 	 -2.3884 	 0.0000 	 0.6266 	 726.5669 	 15.0000 	 2.7562 	 0.8196 	 5.8820 	 -3.0219 	 0.0000 	 1.0004 	 0.0894 
9.0000 	 0.8638 	 2.2326 	 5.5230 	 -0.7656 	 0.0000 	 0.0000 	 715.3977 	 9.0000 	 1.5683 	 0.3729 	 6.2396 	 0.3761 	 0.0000 	 2.5106 	 0.0221 
11.0000 	 0.8601 	 1.8280 	 5.3680 	 -2.6978 	 0.0000 	 0.9796 	 713.7494 	 11.0000 	 1.0599 	 6.2241 	 -4.3524 	 -1.8668 	 0.0000 	 0.2964 	 0.2323 
12.0000 	 1.0681 	 2.2563 	 5.5727 	 -0.8147 	 0.0000 	 0.0000 	 714.4137 	 12.0000 	 0.3675 	 4.1833 	 -5.3129 	 1.3314 	 0.0000 	 2.4185 	 0.0087 
10.0000 	 0.9469 	 0.8498 	 5.7547 	 -2.2823 	 0.0000 	 0.8501 	 713.0202 	 10.0000 	 1.7058 	 6.9623 	 -7.9564 	 -1.9409 	 0.0000 	 1.3415 	 0.0172 
16.0000 	 1.2974 	 2.0162 	 5.6255 	 -1.1203 	 0.0000 	 0.0004 	 718.3833 	 16.0000 	 0.3272 	 2.2805 	 5.7117 	 2.2606 	 0.0000 	 1.8928 	 0.0094 
15.0000 	 1.2034 	 1.8162 	 5.5435 	 -1.4658 	 0.0000 	 0.6604 	 710.0141 	 15.0000 	 0.6752 	 9.2863 	 4.2884 	 -4.5638 	 0.0000 	 0.5607 	 0.0033 
11.0000 	 1.0429 	 1.2074 	 5.8326 	 -1.7440 	 0.0000 	 0.7020 	 711.4202 	 11.0000 	 1.6940 	 6.0151 	 -9.0874 	 1.5200 	 0.0000 	 1.3296 	 0.0157 
14.0000 	 0.9817 	 4.1374 	 3.9118 	 -0.9622 	 0.0000 	 0.0000 	 721.7383 	 14.0000 	 2.4234 	 9.6183 	 9.6338 	 0.2144 	 0.0000 	 2.0088 	 0.0149 
8.0000 	 0.7353 	 2.0835 	 5.3794 	 -1.3633 	 0.0000 	 0.6198 	 712.6965 	 8.0000 	 1.6480 	 5.7702 	 1.1029 	 4.9163 	 0.0000 	 1.2202 	 0.0219 
10.0000 	 0.9022 	 1.8005 	 5.5197 	 -1.4065 	 0.0000 	 0.6495 	 711.0508 	 10.0000 	 2.3482 	 0.6537 	 2.9947 	 -4.9781 	 0.0000 	 1.7530 	 0.0178 
6.0000 	 2.2606 	 3.1788 	 12.5307 	 -0.0065 	 0.0000 	 0.0001 	 762.0386 	 6.0000 	 0.7675 	 0.6741 	 -0.2728 	 -3.2129 	 0.0000 	 2.3951 	 0.1347 
15.0000 	 1.2016 	 1.7699 	 5.5408 	 -1.5478 	 0.0000 	 0.6904 	 710.0541 	 15.0000 	 0.9346 	 6.1438 	 4.8650 	 3.5432 	 0.0000 	 2.4296 	 0.0050 
10.0000 	 0.8910 	 1.8352 	 5.4715 	 -1.5102 	 0.0000 	 0.6877 	 711.1373 	 10.0000 	 1.2174 	 7.0736 	 2.5104 	 2.2647 	 0.0000 	 0.1910 	 0.0140 
8.0000 	 0.7734 	 0.0000 	 3.2629 	 6.9276 	 0.0000 	 2.8968 	 773.7137 	 8.0000 	 1.3463 	 1.7761 	 5.8141 	 3.4636 	 0.0000 	 2.1891 	 0.0110 
13.0000 	 1.0962 	 1.8056 	 5.5477 	 -1.4057 	 0.0000 	 0.6394 	 710.2188 	 13.0000 	 1.3750 	 4.1782 	 0.7744 	 -2.3968 	 0.0000 	 1.9232 	 0.0050 
10.0000 	 0.9666 	 2.0649 	 5.7226 	 -0.7857 	 0.0000 	 0.0003 	 714.9100 	 10.0000 	 1.1285 	 2.1268 	 1.0202 	 1.5314 	 0.0000 	 1.4032 	 0.0198 
13.0000 	 1.1162 	 1.8381 	 5.5667 	 -1.4518 	 0.0000 	 0.5990 	 710.5838 	 13.0000 	 0.3537 	 9.0232 	 -4.6481 	 -0.9188 	 0.0000 	 0.3140 	 0.0164 
12.0000 	 1.0244 	 1.9109 	 5.4745 	 -1.3896 	 0.0000 	 0.6469 	 710.4230 	 12.0000 	 2.5374 	 5.5242 	 8.8616 	 2.6016 	 0.0000 	 2.3053 	 0.0063 
12.0000 	 1.0441 	 0.0000 	 3.2734 	 28.2924 	 0.0000 	 2.8867 	 773.0343 	 12.0000 	 0.2462 	 3.1996 	 2.8712 	 3.4220 	 0.0000 	 1.6653 	 0.0087 
8.0000 	 0.8237 	 1.9882 	 5.7147 	 -0.9512 	 0.0000 	 0.0032 	 719.6430 	 8.0000 	 2.5763 	 0.0031 	 8.2797 	 3.2400 	 0.0000 	 2.1300 	 0.0240 
15.0000 	 1.2176 	 1.7458 	 5.5930 	 -1.4735 	 0.0000 	 0.6657 	 710.0074 	 15.0000 	 1.9648 	 3.7986 	 8.6400 	 -2.8104 	 0.0000 	 0.8495 	 0.0031 
6.0000 	 0.5956 	 2.3627 	 5.4095 	 -0.7605 	 0.0000 	 0.0008 	 720.0870 	 6.0000 	 2.3409 	 1.6617 	 -9.3706 	 -4.0698 	 0.0000 	 2.1807 	 0.0602 
7.0000 	 2.5849 	 3.4819 	 12.7262 	 0.0642 	 0.0000 	 0.0000 	 764.4737 	 7.0000 	 0.7052 	 7.7173 	 9.8524 	 -3.5858 	 0.0000 	 1.2109 	 0.1244 
5.0000 	 3.3295 	 4.4483 	 16.8776 	 0.0603 	 0.0000 	 0.0000 	 769.1387 	 5.0000 	 0.7678 	 9.9549 	 9.9977 	 -0.4955 	 0.0000 	 1.8166 	 0.2824 
13.0000 	 1.1310 	 2.2430 	 5.5793 	 -0.7843 	 0.0000 	 0.0035 	 714.3626 	 13.0000 	 0.6676 	 1.1400 	 5.8579 	 4.8540 	 0.0000 	 0.9435 	 0.0103 
9.0000 	 0.8790 	 2.1122 	 5.6416 	 -0.7823 	 0.0000 	 0.0004 	 715.3235 	 9.0000 	 0.7134 	 6.9256 	 -5.1513 	 4.4600 	 0.0000 	 1.9167 	 0.0173 
7.0000 	 0.7143 	 2.1533 	 5.6354 	 -0.8129 	 0.0000 	 0.0000 	 717.1676 	 7.0000 	 1.3927 	 5.0194 	 -4.6923 	 0.4472 	 0.0000 	 0.0190 	 0.0455 
11.0000 	 0.9828 	 1.7991 	 5.5566 	 -1.3551 	 0.0000 	 0.6238 	 710.6752 	 11.0000 	 2.8257 	 6.8222 	 -3.2447 	 -2.2883 	 0.0000 	 0.3993 	 0.0106 
9.0000 	 0.8427 	 2.3097 	 5.4021 	 -0.7540 	 0.0000 	 0.0000 	 715.5343 	 9.0000 	 0.1763 	 5.2022 	 1.5963 	 0.9575 	 0.0000 	 0.3205 	 0.0360 
3.0000 	 0.9162 	 5.8101 	 3.6224 	 16.3956 	 0.0000 	 2.8645 	 780.4611 	 3.0000 	 2.5938 	 7.7813 	 -8.2079 	 1.6794 	 0.0000 	 1.9566 	 0.0595 
6.0000 	 0.6390 	 1.0858 	 5.8322 	 -1.7033 	 0.0000 	 0.7407 	 714.2924 	 6.0000 	 0.0020 	 8.4146 	 4.7870 	 -3.4262 	 0.0000 	 1.5117 	 0.0323 
12.0000 	 1.0424 	 1.7748 	 5.5674 	 -1.3906 	 0.0000 	 0.6510 	 710.3873 	 12.0000 	 1.2597 	 2.9719 	 8.6990 	 -2.7429 	 0.0000 	 1.2091 	 0.0076 
11.0000 	 0.9790 	 1.7567 	 5.5734 	 -1.4305 	 0.0000 	 0.6480 	 710.6571 	 11.0000 	 1.7641 	 9.0908 	 4.0515 	 -4.4083 	 0.0000 	 0.0913 	 0.0119 
8.0000 	 0.7516 	 1.6839 	 5.4856 	 -1.4066 	 0.0000 	 0.7129 	 712.4937 	 8.0000 	 0.1445 	 0.6802 	 5.6613 	 0.0360 	 0.0000 	 2.5322 	 0.0240 
7.0000 	 0.6887 	 1.5388 	 5.6297 	 -1.5259 	 0.0000 	 0.7050 	 713.0479 	 7.0000 	 0.7781 	 0.3311 	 -2.4410 	 -2.6527 	 0.0000 	 1.7512 	 0.0265 
13.0000 	 1.0409 	 2.9952 	 4.9473 	 -0.8918 	 0.0000 	 0.0000 	 716.0764 	 13.0000 	 1.4532 	 4.5976 	 -2.8427 	 1.7825 	 0.0000 	 1.5349 	 0.0140 
6.0000 	 0.5997 	 1.5877 	 5.6118 	 -1.4632 	 0.0000 	 0.6802 	 714.2798 	 6.0000 	 2.4468 	 9.7956 	 -6.4332 	 0.2650 	 0.0000 	 1.8322 	 0.0556 
11.0000 	 1.0375 	 2.1123 	 5.7356 	 -0.8042 	 0.0000 	 0.0000 	 714.6506 	 11.0000 	 2.0013 	 3.1721 	 2.3849 	 2.6162 	 0.0000 	 0.6650 	 0.0149 
12.0000 	 1.0660 	 2.2467 	 5.5429 	 -0.7785 	 0.0000 	 0.0003 	 714.4080 	 12.0000 	 0.3796 	 0.9332 	 -7.0435 	 1.0711 	 0.0000 	 0.1256 	 0.0092 
2.0000 	 0.5495 	 2.2638 	 9.6333 	 -0.1929 	 0.0000 	 0.2620 	 755.4867 	 2.0000 	 2.2644 	 6.2918 	 0.4361 	 -0.6874 	 0.0000 	 1.1556 	 0.3247 
9.0000 	 0.8130 	 0.5360 	 5.5634 	 -4.4013 	 0.0000 	 1.0608 	 716.6684 	 9.0000 	 0.2447 	 3.3979 	 9.2951 	 -4.1931 	 0.0000 	 1.7145 	 0.2288 
4.0000 	 0.3130 	 1.1842 	 5.3315 	 -3.4169 	 0.0000 	 1.1217 	 725.0197 	 4.0000 	 0.4194 	 8.7698 	 6.8589 	 1.4787 	 0.0000 	 0.5736 	 0.0296 
9.0000 	 0.8212 	 1.8473 	 5.4466 	 -1.4533 	 0.0000 	 0.6868 	 711.6820 	 9.0000 	 1.0532 	 0.7942 	 -3.3729 	 4.9448 	 0.0000 	 0.6906 	 0.0155 
10.0000 	 0.8999 	 2.7930 	 4.9609 	 -1.2305 	 0.0000 	 0.4020 	 719.1314 	 10.0000 	 1.1703 	 0.8541 	 -7.7283 	 1.7262 	 0.0000 	 1.6637 	 0.2645 
5.0000 	 0.5349 	 1.9885 	 5.8072 	 -0.8315 	 0.0000 	 0.0023 	 720.6327 	 5.0000 	 1.3224 	 8.2737 	 -0.3764 	 -4.6327 	 0.0000 	 0.0833 	 0.0955 
12.0000 	 1.9753 	 31.5506 	 4.3764 	 28.8602 	 0.0000 	 2.8727 	 783.8297 	 12.0000 	 2.9403 	 1.8773 	 -1.4893 	 1.9914 	 0.0000 	 2.5480 	 0.0331 
6.0000 	 0.6621 	 1.8607 	 5.8983 	 -0.7986 	 0.0000 	 0.0001 	 718.2899 	 6.0000 	 1.9216 	 0.6780 	 -0.8650 	 0.7927 	 0.0000 	 2.5415 	 0.0777 
11.0000 	 0.7831 	 8.7881 	 2.4531 	 -1.9748 	 0.0000 	 0.0000 	 740.2731 	 11.0000 	 2.1166 	 5.9741 	 -3.7022 	 -0.5942 	 0.0000 	 2.9454 	 0.0276 
10.0000 	 0.9401 	 1.4800 	 5.7068 	 -1.5263 	 0.0000 	 0.6740 	 711.1163 	 10.0000 	 1.6465 	 6.8473 	 -8.6511 	 2.9820 	 0.0000 	 1.3290 	 0.0142 
5.0000 	 0.5173 	 2.1162 	 5.6000 	 -0.8053 	 0.0000 	 0.0000 	 721.2137 	 5.0000 	 0.5706 	 4.1765 	 6.0092 	 4.2352 	 0.0000 	 0.6617 	 0.0556 
10.0000 	 0.9306 	 1.5875 	 5.6569 	 -1.4436 	 0.0000 	 0.6621 	 711.0173 	 10.0000 	 2.1465 	 2.6731 	 2.2295 	 0.9009 	 0.0000 	 0.4007 	 0.0126 
4.0000 	 0.4455 	 0.0000 	 3.2551 	 13.4351 	 0.0000 	 2.8940 	 776.1547 	 4.0000 	 2.9745 	 9.8566 	 3.5258 	 4.9191 	 0.0000 	 2.4454 	 0.0490 
3.0000 	 0.3371 	 0.4883 	 6.0287 	 -2.0127 	 0.0000 	 0.7720 	 719.3666 	 3.0000 	 2.6753 	 7.0861 	 -8.0482 	 -3.2578 	 0.0000 	 0.1815 	 0.0753 
10.0000 	 0.9731 	 1.1072 	 5.8440 	 -1.7591 	 0.0000 	 0.7216 	 711.8414 	 10.0000 	 1.7449 	 8.6581 	 7.6398 	 4.4606 	 0.0000 	 1.4416 	 0.0162 
8.0000 	 0.8253 	 2.0038 	 5.7763 	 -0.7873 	 0.0000 	 0.0000 	 716.0584 	 8.0000 	 0.5677 	 0.3771 	 6.6737 	 4.6090 	 0.0000 	 0.0305 	 0.0311 
6.0000 	 0.5324 	 0.7660 	 5.4253 	 -3.9293 	 0.0000 	 1.1158 	 720.4800 	 6.0000 	 1.6005 	 3.5701 	 5.9472 	 -1.6111 	 0.0000 	 1.4022 	 0.0348 
4.0000 	 0.4887 	 1.5565 	 6.3088 	 -0.8250 	 0.0000 	 0.0023 	 721.7842 	 4.0000 	 2.0286 	 5.6126 	 8.0340 	 -0.4275 	 0.0000 	 2.3185 	 0.1064 
6.0000 	 0.6249 	 1.2022 	 5.7621 	 -1.6934 	 0.0000 	 0.7441 	 714.2807 	 6.0000 	 0.0099 	 6.3533 	 4.4750 	 2.5872 	 0.0000 	 1.7185 	 0.0302 
7.0000 	 0.7242 	 2.0200 	 5.6610 	 -0.7768 	 0.0000 	 0.0000 	 717.3597 	 7.0000 	 0.8229 	 7.7398 	 -0.9335 	 -2.9520 	 0.0000 	 1.7969 	 0.0420 
2.0000 	 0.2108 	 1.1301 	 6.6403 	 -1.0238 	 0.0000 	 0.0953 	 724.8864 	 2.0000 	 0.5949 	 3.2637 	 -1.0683 	 3.0826 	 0.0000 	 0.5157 	 0.1811 
3.0000 	 0.3515 	 1.3960 	 6.3933 	 -0.8927 	 0.0000 	 0.0000 	 723.7088 	 3.0000 	 0.7757 	 8.8123 	 -3.7780 	 -1.6456 	 0.0000 	 2.7268 	 0.1099 
1.0000 	 0.0565 	 0.9381 	 6.9947 	 -0.9374 	 0.0000 	 0.0000 	 729.5386 	 1.0000 	 0.2100 	 3.8419 	 -9.2893 	 -2.2571 	 0.0000 	 1.5005 	 0.2664 
5.0000 	 0.4814 	 0.7666 	 5.8008 	 -3.6523 	 0.0000 	 1.0136 	 722.8452 	 5.0000 	 0.4240 	 0.7577 	 5.7375 	 1.2916 	 0.0000 	 2.6683 	 0.0910 
10.0000 	 0.9333 	 2.2511 	 5.5144 	 -0.7726 	 0.0000 	 0.0001 	 714.8882 	 10.0000 	 2.7144 	 9.5263 	 -1.0755 	 -2.7597 	 0.0000 	 1.3111 	 0.0186 
8.0000 	 1.6379 	 22.9507 	 5.7209 	 9.3810 	 0.0000 	 2.8116 	 783.3704 	 8.0000 	 0.7987 	 4.4679 	 -2.6315 	 2.6790 	 0.0000 	 1.4373 	 0.0559 
6.0000 	 0.6408 	 1.9994 	 5.7606 	 -0.7810 	 0.0000 	 0.0000 	 718.5522 	 6.0000 	 1.5953 	 0.2087 	 -4.5582 	 4.3487 	 0.0000 	 1.0872 	 0.0568 
6.0000 	 0.5953 	 2.3782 	 5.3622 	 -0.7997 	 0.0000 	 0.0002 	 719.7260 	 6.0000 	 2.3692 	 4.6206 	 3.2468 	 -2.1929 	 0.0000 	 2.7460 	 0.0597 
9.0000 	 0.8493 	 1.6512 	 5.6071 	 -1.4192 	 0.0000 	 0.6654 	 711.4968 	 9.0000 	 0.1158 	 1.3403 	 8.6369 	 0.0621 	 0.0000 	 0.1250 	 0.0165 
5.0000 	 0.5976 	 1.1201 	 6.0983 	 -1.1852 	 0.0000 	 0.6807 	 716.9563 	 5.0000 	 0.1085 	 0.9957 	 -1.6399 	 -0.0536 	 0.0000 	 1.1937 	 0.0508 
2.0000 	 0.2197 	 1.0968 	 6.7525 	 -0.9183 	 0.0000 	 0.0573 	 724.5414 	 2.0000 	 0.4156 	 0.7876 	 6.3450 	 -0.3061 	 0.0000 	 0.5921 	 0.1594 
1.0000 	 0.0330 	 0.9390 	 6.6793 	 -1.3478 	 0.0000 	 0.4205 	 726.6154 	 1.0000 	 0.2126 	 3.2320 	 -9.5496 	 -3.5055 	 0.0000 	 2.1786 	 0.1534 
1.0000 	 0.0433 	 1.1870 	 7.0322 	 -0.9542 	 0.0000 	 0.0035 	 729.4675 	 1.0000 	 1.0513 	 8.7384 	 -0.1415 	 -4.6456 	 0.0000 	 0.4486 	 0.2363 
8.0000 	 0.7920 	 2.1808 	 5.5706 	 -0.7659 	 0.0000 	 0.0169 	 716.1276 	 8.0000 	 2.6763 	 5.0042 	 -8.4788 	 1.4933 	 0.0000 	 0.6993 	 0.0242 
3.0000 	 0.1826 	 6.1385 	 4.5806 	 -6.4310 	 0.0000 	 1.0940 	 742.9347 	 3.0000 	 2.5179 	 7.7430 	 -9.2639 	 1.9791 	 0.0000 	 2.3832 	 0.0576 
3.0000 	 0.4732 	 0.8830 	 6.9267 	 -0.9209 	 0.0000 	 0.0002 	 723.4797 	 3.0000 	 0.3880 	 9.0512 	 0.9187 	 0.7340 	 0.0000 	 0.8027 	 0.1061 
7.0000 	 0.7195 	 1.9990 	 5.7534 	 -0.7991 	 0.0000 	 0.0000 	 717.2426 	 7.0000 	 0.9068 	 1.5956 	 -6.4675 	 -1.3354 	 0.0000 	 1.3519 	 0.0361 
3.0000 	 1.1750 	 12.0848 	 7.3058 	 2.9748 	 0.0000 	 2.8537 	 780.7072 	 3.0000 	 2.9773 	 7.7019 	 -9.9939 	 4.2289 	 0.0000 	 1.0901 	 0.0833 
5.0000 	 0.5679 	 1.8232 	 5.9933 	 -0.7740 	 0.0000 	 0.0000 	 720.2726 	 5.0000 	 2.0934 	 0.6028 	 7.2145 	 -4.1626 	 0.0000 	 1.8072 	 0.0898 
7.0000 	 0.6705 	 1.6882 	 5.5268 	 -1.4989 	 0.0000 	 0.6820 	 713.2685 	 7.0000 	 0.2169 	 3.1040 	 -1.5315 	 -3.8380 	 0.0000 	 2.6695 	 0.0222 
8.0000 	 0.7330 	 2.0913 	 5.3168 	 -1.2948 	 0.0000 	 0.6010 	 712.8203 	 8.0000 	 2.6984 	 5.0085 	 2.5470 	 4.0708 	 0.0000 	 1.3158 	 0.0195 
1.0000 	 0.0685 	 0.2860 	 6.8818 	 -1.8077 	 0.0000 	 0.0075 	 736.6264 	 1.0000 	 2.9225 	 8.4960 	 -0.3109 	 -0.1586 	 0.0000 	 0.3892 	 1.2576 
7.0000 	 0.7264 	 2.0749 	 5.6695 	 -0.7930 	 0.0000 	 0.0007 	 717.1642 	 7.0000 	 0.5554 	 1.9792 	 0.3312 	 2.2784 	 0.0000 	 0.4344 	 0.0339 
2.0000 	 0.0944 	 10.2246 	 4.5337 	 -4.9792 	 0.0000 	 0.0791 	 814.5230 	 2.0000 	 0.5032 	 6.1112 	 -8.1230 	 4.6567 	 0.0000 	 2.9624 	 0.0820 
9.0000 	 0.8541 	 1.6492 	 5.6217 	 -1.4105 	 0.0000 	 0.6590 	 711.4385 	 9.0000 	 2.6697 	 2.8632 	 3.4578 	 -1.1739 	 0.0000 	 2.5309 	 0.0269 
2.0000 	 0.0852 	 0.5506 	 5.1575 	 -7.3611 	 0.0000 	 1.3605 	 736.8530 	 2.0000 	 1.6853 	 8.2905 	 5.8598 	 -2.1642 	 0.0000 	 0.7328 	 0.0794 
4.0000 	 0.6246 	 0.9705 	 6.8536 	 -0.9296 	 0.0000 	 0.0003 	 722.6524 	 4.0000 	 0.2398 	 5.8637 	 -6.9628 	 -4.8752 	 0.0000 	 2.7584 	 0.0949 
4.0000 	 0.6284 	 0.9721 	 6.8513 	 -0.9018 	 0.0000 	 0.0000 	 722.7872 	 4.0000 	 0.7815 	 7.3349 	 5.4329 	 -0.2959 	 0.0000 	 0.2330 	 0.0994 
1.0000 	 0.0560 	 0.8871 	 7.0579 	 -1.0801 	 0.0000 	 0.0001 	 728.9109 	 1.0000 	 1.5370 	 5.9080 	 5.9774 	 4.5798 	 0.0000 	 0.8314 	 0.2736 
5.0000 	 0.5384 	 1.9635 	 5.8055 	 -0.8430 	 0.0000 	 0.0000 	 720.1516 	 5.0000 	 2.0497 	 2.5574 	 -8.0136 	 -0.2054 	 0.0000 	 0.7602 	 0.1283 
4.0000 	 0.4622 	 1.6797 	 6.0840 	 -0.8483 	 0.0000 	 0.0001 	 722.2254 	 4.0000 	 2.2586 	 9.6413 	 0.3548 	 0.6999 	 0.0000 	 1.3671 	 0.0997 
7.0000 	 0.6689 	 2.4883 	 5.2296 	 -0.7785 	 0.0000 	 0.0001 	 718.2421 	 7.0000 	 2.2732 	 7.8455 	 8.0108 	 -4.5534 	 0.0000 	 1.2992 	 0.0305 
1.0000 	 0.0283 	 0.5274 	 6.1558 	 -1.9151 	 0.0000 	 0.8375 	 723.8954 	 1.0000 	 0.9982 	 7.1253 	 4.5872 	 -3.1024 	 0.0000 	 2.7192 	 0.2503 
4.0000 	 0.4321 	 1.8254 	 5.9024 	 -0.7541 	 0.0000 	 0.0000 	 723.3200 	 4.0000 	 1.3079 	 4.7011 	 6.3438 	 -0.4834 	 0.0000 	 0.6655 	 0.1114 
6.0000 	 0.6336 	 1.3730 	 5.8158 	 -1.4406 	 0.0000 	 0.6603 	 714.1492 	 6.0000 	 2.6265 	 2.8416 	 -6.4218 	 -3.7321 	 0.0000 	 2.5169 	 0.0594 
3.0000 	 0.4175 	 1.0788 	 6.7121 	 -0.9047 	 0.0000 	 0.0000 	 722.9787 	 3.0000 	 1.0695 	 2.4622 	 6.2821 	 4.1612 	 0.0000 	 2.6292 	 0.1179 
4.0000 	 0.4049 	 1.1815 	 5.8074 	 -1.6814 	 0.0000 	 0.7434 	 717.5436 	 4.0000 	 0.3169 	 9.0958 	 6.0210 	 -4.7685 	 0.0000 	 1.8472 	 0.0790 
5.0000 	 0.4972 	 2.4170 	 5.3198 	 -0.6873 	 0.0000 	 0.0001 	 721.9336 	 5.0000 	 1.4319 	 3.1758 	 9.5034 	 -3.5024 	 0.0000 	 2.3058 	 0.3468 
4.0000 	 0.4847 	 1.1671 	 6.2398 	 -1.1463 	 0.0000 	 0.4755 	 718.5107 	 4.0000 	 1.5031 	 0.8863 	 -9.7353 	 -1.6713 	 0.0000 	 2.3840 	 0.0690 
1.0000 	 0.0316 	 0.1225 	 5.9945 	 -3.0687 	 0.0000 	 1.0298 	 725.8134 	 1.0000 	 1.5850 	 9.3859 	 -3.8990 	 2.9048 	 0.0000 	 0.9566 	 0.1886 
2.0000 	 0.7403 	 2.7672 	 3.8990 	 4.6387 	 0.0000 	 2.8377 	 779.0507 	 2.0000 	 0.2092 	 1.9691 	 3.7996 	 3.3954 	 0.0000 	 2.6842 	 0.0602 
1.0000 	 0.0151 	 0.6639 	 6.0638 	 -3.4573 	 0.0000 	 0.6244 	 735.8413 	 1.0000 	 1.0483 	 1.0574 	 3.9756 	 -1.6419 	 0.0000 	 0.0484 	 0.2304 
3.0000 	 0.3519 	 0.7259 	 6.1216 	 -1.5876 	 0.0000 	 0.7600 	 719.0833 	 3.0000 	 1.7933 	 6.8718 	 -6.9951 	 0.1981 	 0.0000 	 0.0522 	 0.1588 
1.0000 	 0.0505 	 0.6799 	 6.9189 	 -1.5881 	 0.0000 	 0.0001 	 733.4043 	 1.0000 	 1.9553 	 6.5480 	 2.3851 	 2.1060 	 0.0000 	 0.2468 	 0.3907 
1.0000 	 0.0226 	 0.8582 	 6.1995 	 -1.6875 	 0.0000 	 0.6515 	 725.5928 	 1.0000 	 0.8975 	 2.0048 	 2.2740 	 4.6425 	 0.0000 	 0.7052 	 0.1781 
4.0000 	 0.3357 	 1.9886 	 5.2113 	 -1.9053 	 0.0000 	 0.8772 	 721.5366 	 4.0000 	 0.1698 	 1.6571 	 5.4536 	 -1.9586 	 0.0000 	 1.8895 	 0.0408 
2.0000 	 0.2010 	 0.8836 	 6.4901 	 -1.2325 	 0.0000 	 0.4665 	 722.2873 	 2.0000 	 2.7948 	 5.0409 	 -5.2545 	 -0.4243 	 0.0000 	 2.1243 	 0.1813 
2.0000 	 0.8446 	 7.0941 	 5.0000 	 3.9101 	 0.0000 	 2.9298 	 779.3114 	 2.0000 	 1.8672 	 0.5563 	 -7.2770 	 -1.4723 	 0.0000 	 2.9894 	 0.1273 
12.0000 	 1.0439 	 1.7942 	 5.5712 	 -1.4097 	 0.0000 	 0.6314 	 710.4135 	 12.0000 	 2.3949 	 3.2349 	 -0.8835 	 3.5986 	 0.0000 	 2.2227 	 0.0080 
18.0000 	 0.9497 	 20.8641 	 -5.0474 	 -1.6101 	 0.0000 	 0.0037 	 771.7865 	 18.0000 	 1.1231 	 6.7666 	 -9.6350 	 -0.9946 	 0.0000 	 1.1390 	 0.0529 
9.0000 	 0.8304 	 1.7883 	 5.5013 	 -1.4721 	 0.0000 	 0.6880 	 711.5551 	 9.0000 	 2.0330 	 2.9731 	 -5.0872 	 4.6435 	 0.0000 	 2.5889 	 0.0201 
8.0000 	 0.5735 	 13.5262 	 0.6863 	 -2.1870 	 0.0000 	 0.0001 	 753.6464 	 8.0000 	 0.4491 	 0.8591 	 8.9017 	 -3.0593 	 0.0000 	 1.2281 	 0.1433 
7.0000 	 0.6905 	 2.2375 	 5.4345 	 -0.7216 	 0.0000 	 0.0075 	 717.7988 	 7.0000 	 1.1886 	 5.3601 	 -9.2927 	 2.6915 	 0.0000 	 1.3915 	 0.0384 
5.0000 	 0.8929 	 0.6152 	 7.7539 	 -2.2559 	 0.0000 	 0.0000 	 794.2352 	 5.0000 	 0.3623 	 4.3216 	 8.2109 	 4.6195 	 0.0000 	 0.1021 	 0.3068 
16.0000 	 1.1947 	 2.6062 	 5.0362 	 -0.8599 	 0.0000 	 0.4475 	 713.3083 	 16.0000 	 0.6882 	 0.7393 	 -4.3833 	 -4.7377 	 0.0000 	 0.6783 	 0.0085 
3.0000 	 0.9371 	 0.3188 	 7.4566 	 -1.1124 	 0.0000 	 0.0000 	 731.6983 	 3.0000 	 2.6247 	 9.5373 	 2.2858 	 3.3032 	 0.0000 	 1.5709 	 0.1169 
14.0000 	 1.1565 	 1.8032 	 5.5608 	 -1.4318 	 0.0000 	 0.6571 	 710.0887 	 14.0000 	 0.7008 	 2.0157 	 1.5176 	 -2.6963 	 0.0000 	 1.7218 	 0.0038 
2.0000 	 0.2122 	 1.2076 	 6.7464 	 -0.9879 	 0.0000 	 0.0000 	 725.2135 	 2.0000 	 2.8134 	 5.3288 	 0.6461 	 -4.4185 	 0.0000 	 0.8827 	 0.1536 
13.0000 	 1.1186 	 2.2917 	 5.5262 	 -0.8014 	 0.0000 	 0.0000 	 714.3493 	 13.0000 	 2.9624 	 4.5629 	 -1.1066 	 -4.2940 	 0.0000 	 1.9179 	 0.0097 
12.0000 	 1.0397 	 2.4334 	 5.4220 	 -0.8509 	 0.0000 	 0.0013 	 714.6198 	 12.0000 	 2.2251 	 0.7760 	 7.8117 	 2.5650 	 0.0000 	 2.0278 	 0.0130 
9.0000 	 0.6099 	 22.2015 	 -2.0111 	 -2.5332 	 0.0000 	 0.0000 	 762.1772 	 9.0000 	 1.8984 	 8.0078 	 -4.4009 	 -2.0029 	 0.0000 	 1.2302 	 0.0542 
8.0000 	 0.8002 	 2.1161 	 5.6337 	 -0.7664 	 0.0000 	 0.0000 	 716.0871 	 8.0000 	 0.5421 	 1.6802 	 -4.3459 	 3.3755 	 0.0000 	 0.8312 	 0.0248 
7.0000 	 0.6780 	 0.2989 	 5.5354 	 -4.0154 	 0.0000 	 1.1090 	 718.7176 	 7.0000 	 2.5400 	 7.4272 	 -3.7952 	 2.1769 	 0.0000 	 2.3881 	 0.0228 
5.0000 	 0.4869 	 2.1825 	 5.4062 	 -0.9642 	 0.0000 	 0.5175 	 719.7466 	 5.0000 	 2.5638 	 9.1785 	 4.9940 	 0.8890 	 0.0000 	 0.5661 	 0.0539 
3.0000 	 0.4006 	 1.1991 	 6.6503 	 -0.9127 	 0.0000 	 0.0317 	 723.0887 	 3.0000 	 2.1290 	 2.2592 	 7.3815 	 3.4476 	 0.0000 	 2.5743 	 0.1442 
2.0000 	 0.1110 	 0.0884 	 5.3556 	 -7.3233 	 0.0000 	 1.2430 	 717.0409 	 2.0000 	 1.1097 	 1.4010 	 -2.9136 	 4.8471 	 0.0000 	 0.5168 	 0.1057 
50.0000 	 2.2646 	 2.3056 	 5.2563 	 -1.6583 	 0.0000 	 1.0431 	 716.7473 	 50.0000 	 1.7729 	 8.0243 	 1.4940 	 4.4756 	 0.0000 	 2.4971 	 0.0140 
47.0000 	 2.5413 	 2.0651 	 5.9488 	 -0.9827 	 0.0000 	 0.0000 	 717.7659 	 47.0000 	 0.9415 	 9.9034 	 0.6371 	 -1.2136 	 0.0000 	 1.8750 	 0.0118 
50.0000 	 2.4873 	 1.6464 	 5.6581 	 -1.7187 	 0.0000 	 0.7344 	 711.0451 	 50.0000 	 1.9981 	 2.4005 	 -8.5169 	 -0.7950 	 0.0000 	 0.0054 	 0.0053 
44.0000 	 2.2760 	 1.8070 	 5.5719 	 -1.6791 	 0.0000 	 0.7248 	 710.9231 	 44.0000 	 0.0193 	 3.7934 	 -7.0863 	 -2.9614 	 0.0000 	 2.8459 	 0.0050 
44.0000 	 1.3834 	 7.2559 	 3.2227 	 -9.9902 	 0.0000 	 0.0004 	 1463.2111 	 44.0000 	 2.5078 	 5.1822 	 -9.0409 	 2.3797 	 0.0000 	 1.5230 	 0.2943 
47.0000 	 2.4068 	 1.6909 	 5.6645 	 -1.6567 	 0.0000 	 0.7120 	 710.9935 	 47.0000 	 2.4047 	 3.1582 	 2.0878 	 -4.3423 	 0.0000 	 1.9627 	 0.0042 
42.0000 	 3.8587 	 25.0760 	 4.2501 	 25.3964 	 0.0000 	 2.8793 	 783.4164 	 42.0000 	 0.2319 	 6.9345 	 0.5829 	 3.3048 	 0.0000 	 2.8244 	 0.0141 
44.0000 	 2.3355 	 1.5748 	 5.6997 	 -1.7536 	 0.0000 	 0.7333 	 710.9145 	 44.0000 	 0.3888 	 7.9036 	 2.1325 	 -4.3163 	 0.0000 	 0.3111 	 0.0056 
42.0000 	 2.4300 	 1.9796 	 6.0324 	 -0.9741 	 0.0000 	 0.0000 	 717.3155 	 42.0000 	 1.9723 	 3.2252 	 -4.3378 	 -1.6422 	 0.0000 	 2.4124 	 0.0184 
39.0000 	 2.1537 	 1.7199 	 5.6291 	 -1.6847 	 0.0000 	 0.7187 	 710.7278 	 39.0000 	 2.4981 	 1.4945 	 7.4567 	 -2.7294 	 0.0000 	 0.6367 	 0.0047 
39.0000 	 2.3544 	 1.9126 	 6.0687 	 -0.9661 	 0.0000 	 0.0010 	 717.1118 	 39.0000 	 1.5338 	 0.6618 	 -8.0889 	 3.6445 	 0.0000 	 1.1162 	 0.0155 
37.0000 	 2.2107 	 2.1554 	 5.8701 	 -0.9642 	 0.0000 	 0.0234 	 716.9902 	 37.0000 	 0.1558 	 3.8011 	 1.8507 	 3.2409 	 0.0000 	 2.2034 	 0.0225 
35.0000 	 2.1992 	 1.9780 	 6.0099 	 -0.9386 	 0.0000 	 0.0000 	 716.7861 	 35.0000 	 2.1078 	 8.6341 	 -5.5562 	 -4.5253 	 0.0000 	 2.1964 	 0.0131 
39.0000 	 2.1483 	 1.7402 	 5.6093 	 -1.6946 	 0.0000 	 0.7270 	 710.7352 	 39.0000 	 1.7916 	 8.1932 	 -4.1127 	 -1.6536 	 0.0000 	 0.8608 	 0.0047 
34.0000 	 1.6122 	 6.6739 	 2.9817 	 -1.7065 	 0.0000 	 0.6683 	 723.9683 	 34.0000 	 2.6437 	 6.9441 	 -2.6121 	 2.7777 	 0.0000 	 0.5589 	 0.0159 
35.0000 	 2.1229 	 2.1675 	 5.8138 	 -0.9454 	 0.0000 	 0.0000 	 716.7666 	 35.0000 	 0.3256 	 0.9819 	 7.4569 	 0.5603 	 0.0000 	 2.8803 	 0.0137 
28.0000 	 0.0010 	 7.4576 	 -1.8247 	 -1.3242 	 0.0000 	 2.6701 	 1146.3915 	 28.0000 	 1.5226 	 3.4672 	 -2.2328 	 -1.5492 	 0.0000 	 0.5522 	 0.0000 
37.0000 	 2.2270 	 2.0688 	 5.9295 	 -0.9499 	 0.0000 	 0.0002 	 716.9186 	 37.0000 	 2.3220 	 1.5823 	 6.2269 	 2.8818 	 0.0000 	 1.5523 	 0.0145 
31.0000 	 2.0729 	 1.9342 	 6.0494 	 -0.9364 	 0.0000 	 0.0000 	 716.4239 	 31.0000 	 0.4619 	 4.4077 	 6.9053 	 -4.9076 	 0.0000 	 0.9871 	 0.0112 
28.0000 	 1.8863 	 2.0786 	 5.8586 	 -0.9109 	 0.0000 	 0.0000 	 716.0109 	 28.0000 	 2.5095 	 1.0590 	 -7.7322 	 1.3445 	 0.0000 	 1.0446 	 0.0128 
34.0000 	 2.0087 	 1.6606 	 5.6553 	 -1.6745 	 0.0000 	 0.7099 	 710.5477 	 34.0000 	 2.0959 	 4.7105 	 -2.7550 	 1.6982 	 0.0000 	 0.0685 	 0.0043 
23.0000 	 1.5874 	 1.7537 	 5.5993 	 -1.5436 	 0.0000 	 0.6845 	 710.0622 	 23.0000 	 0.5659 	 8.5316 	 8.7823 	 -2.4810 	 0.0000 	 2.9582 	 0.0037 
28.0000 	 1.7744 	 1.7775 	 5.5888 	 -1.6019 	 0.0000 	 0.7007 	 710.2764 	 28.0000 	 1.7670 	 6.8690 	 0.0091 	 -2.7773 	 0.0000 	 1.9743 	 0.0038 
32.0000 	 1.9848 	 2.2794 	 5.6988 	 -0.9717 	 0.0000 	 0.0021 	 716.5874 	 32.0000 	 0.3532 	 7.4616 	 -5.4757 	 0.2701 	 0.0000 	 0.6736 	 0.0145 
23.0000 	 1.5943 	 1.7351 	 5.6266 	 -1.5335 	 0.0000 	 0.6771 	 710.0708 	 23.0000 	 1.2733 	 0.9550 	 -2.9264 	 -0.7830 	 0.0000 	 2.1424 	 0.0029 
23.0000 	 1.5837 	 1.7582 	 5.6010 	 -1.6013 	 0.0000 	 0.6956 	 710.0823 	 23.0000 	 1.8648 	 8.4935 	 5.3967 	 -3.0869 	 0.0000 	 2.0536 	 0.0031 
19.0000 	 1.4105 	 1.7874 	 5.5851 	 -1.4907 	 0.0000 	 0.6664 	 709.9483 	 19.0000 	 1.1167 	 8.2505 	 1.7969 	 4.6988 	 0.0000 	 1.4064 	 0.0026 
16.0000 	 1.2660 	 1.7621 	 5.5837 	 -1.4853 	 0.0000 	 0.6670 	 709.9615 	 16.0000 	 2.7769 	 4.1395 	 1.8870 	 3.5050 	 0.0000 	 0.8582 	 0.0025 
26.0000 	 1.7336 	 2.3440 	 5.5612 	 -0.8849 	 0.0000 	 0.0000 	 715.9225 	 26.0000 	 0.4701 	 4.0472 	 -3.1153 	 -3.6589 	 0.0000 	 1.9576 	 0.0109 
14.0000 	 1.1878 	 2.2520 	 5.5642 	 -0.7966 	 0.0000 	 0.0004 	 714.3939 	 14.0000 	 0.4887 	 1.5764 	 -7.5156 	 -2.0401 	 0.0000 	 1.1805 	 0.0083 
19.0000 	 1.4439 	 2.2907 	 5.5890 	 -0.8546 	 0.0000 	 0.0001 	 714.8906 	 19.0000 	 1.1889 	 6.9408 	 -5.5980 	 4.4526 	 0.0000 	 0.1541 	 0.0127 
23.0000 	 1.1562 	 25.6160 	 -4.1329 	 -2.3207 	 0.0000 	 0.0000 	 763.3694 	 23.0000 	 2.8751 	 8.3500 	 -1.4887 	 -1.1014 	 0.0000 	 2.0908 	 0.0309 
21.0000 	 1.5049 	 2.4200 	 5.4749 	 -0.8723 	 0.0000 	 0.0054 	 715.3026 	 21.0000 	 1.0568 	 9.0485 	 -7.9667 	 3.0653 	 0.0000 	 1.2126 	 0.0106 
18.0000 	 1.3647 	 1.7823 	 5.5842 	 -1.5014 	 0.0000 	 0.6763 	 709.9418 	 18.0000 	 2.0178 	 9.3841 	 0.9564 	 -4.7760 	 0.0000 	 0.2697 	 0.0022 
13.0000 	 1.0931 	 1.7769 	 5.5403 	 -1.4613 	 0.0000 	 0.6754 	 710.2190 	 13.0000 	 1.1089 	 5.6444 	 -1.3247 	 -0.4884 	 0.0000 	 2.0663 	 0.0053 
