50.0000 	 0.0174 	 0.9478 	 0.3050 	 3.1300 	 1.0693 	 -7.1801 	 -1.1840 	 0.0000 	 0.0274 	 2.8898 	 50.0000 	 0.0423 	 0.9928 	 0.3613 	 14.5043 	 1.1280 	 -3.0593 	 -0.4978 	 0.0000 	 1.8701 	 0.0003 
50.0000 	 0.0012 	 0.4838 	 0.3584 	 35.4410 	 7.5232 	 -15.5542 	 -12.4597 	 0.0000 	 0.9005 	 2.8175 	 50.0000 	 0.4748 	 0.1880 	 0.8909 	 4.2917 	 0.2924 	 4.2659 	 -3.1524 	 0.0000 	 0.9346 	 0.0036 
50.0000 	 0.0225 	 0.2827 	 0.6871 	 11.6628 	 1.6095 	 -7.8967 	 -7.4191 	 0.0000 	 0.0000 	 -5.2687 	 50.0000 	 0.4389 	 0.7818 	 0.0748 	 11.1504 	 4.0176 	 3.2194 	 3.1360 	 0.0000 	 1.9596 	 0.0001 
49.0000 	 0.0074 	 0.0431 	 0.8357 	 29.5208 	 6.3511 	 -3.3562 	 -6.1366 	 0.0000 	 0.0000 	 -26.3874 	 49.0000 	 0.9035 	 0.7615 	 0.3806 	 1.7251 	 6.2531 	 7.4188 	 3.6985 	 0.0000 	 2.6973 	 0.0000 
50.0000 	 0.0010 	 0.5865 	 0.7043 	 2.3632 	 8.9428 	 -9.9609 	 -4.8987 	 0.0000 	 0.0097 	 2.4380 	 50.0000 	 0.2627 	 0.0097 	 0.2222 	 8.6328 	 0.1390 	 -1.7756 	 -3.8759 	 0.0000 	 1.4785 	 0.0000 
50.0000 	 0.0154 	 0.1650 	 0.7844 	 4.3688 	 4.8469 	 -9.2928 	 -10.6804 	 0.0000 	 0.0001 	 2.8541 	 50.0000 	 0.4389 	 0.7818 	 0.0748 	 11.1504 	 4.0176 	 3.2194 	 3.1360 	 0.0000 	 1.9596 	 0.0000 
50.0000 	 0.0069 	 0.2179 	 0.7670 	 4.3887 	 0.6056 	 -11.2028 	 -13.9128 	 0.0000 	 0.0055 	 2.8541 	 50.0000 	 0.4748 	 0.1880 	 0.8909 	 4.2917 	 0.2924 	 4.2659 	 -3.1524 	 0.0000 	 0.9346 	 0.0000 
47.0000 	 0.0030 	 0.2585 	 0.9745 	 13.5451 	 6.7622 	 -6.5486 	 -6.4681 	 0.0000 	 0.0000 	 2.8538 	 47.0000 	 0.7259 	 0.3290 	 0.7531 	 9.4959 	 8.4459 	 0.5958 	 3.1851 	 0.0000 	 2.8635 	 0.0000 
48.0000 	 0.0172 	 0.3666 	 0.5308 	 6.0358 	 5.5855 	 -8.7018 	 -7.1222 	 0.0000 	 0.3746 	 2.8540 	 48.0000 	 0.5241 	 0.9691 	 0.4865 	 10.4778 	 7.2262 	 -5.6098 	 -4.5546 	 0.0000 	 2.4873 	 0.0000 
47.0000 	 0.0018 	 0.2359 	 0.7268 	 8.9504 	 0.0000 	 -6.5570 	 0.4132 	 0.0000 	 0.0002 	 -3.1798 	 47.0000 	 0.0187 	 0.9441 	 0.1997 	 9.2349 	 1.0692 	 1.4957 	 -4.4273 	 0.0000 	 1.3727 	 1.6083 
49.0000 	 0.0013 	 0.2760 	 0.5386 	 8.7363 	 2.7409 	 -8.1519 	 -5.3055 	 0.0000 	 0.1129 	 2.8541 	 49.0000 	 0.0466 	 0.7010 	 0.5120 	 9.0211 	 9.2960 	 -3.5992 	 2.9393 	 0.0000 	 1.6078 	 0.0000 
49.0000 	 0.4403 	 0.2441 	 1.0000 	 2.0435 	 6.5562 	 -7.9720 	 -8.4933 	 0.0000 	 0.0000 	 2.8542 	 49.0000 	 0.4654 	 0.2395 	 0.5863 	 10.2381 	 5.7765 	 5.5714 	 2.4788 	 0.0000 	 0.2425 	 0.0001 
48.0000 	 0.0010 	 0.0294 	 0.0010 	 1.7746 	 32.8805 	 -19.5791 	 -18.4143 	 0.0000 	 0.0065 	 40.5183 	 48.0000 	 0.5230 	 0.4023 	 0.0516 	 12.6005 	 6.9407 	 -9.5804 	 0.5689 	 0.0000 	 0.9545 	 0.0916 
48.0000 	 0.0027 	 0.5560 	 0.4388 	 19.0185 	 3.0085 	 -17.1513 	 -4.4703 	 0.0000 	 1.6610 	 2.8541 	 48.0000 	 0.1589 	 0.3338 	 0.2780 	 13.6455 	 8.7454 	 -5.5153 	 3.5870 	 0.0000 	 1.3986 	 0.0000 
49.0000 	 0.0073 	 0.1409 	 1.0000 	 3.4853 	 1.1841 	 -11.2843 	 -6.3294 	 0.0000 	 0.0075 	 2.8541 	 49.0000 	 0.8347 	 0.5156 	 0.2607 	 7.8412 	 2.8019 	 -1.5623 	 -4.6010 	 0.0000 	 2.6850 	 0.0002 
46.0000 	 0.0055 	 0.8801 	 0.9937 	 12.4148 	 0.0132 	 -3.1974 	 -2.2073 	 0.0000 	 0.0000 	 2.8541 	 46.0000 	 0.9559 	 0.0696 	 0.6424 	 7.8172 	 9.5718 	 -4.4310 	 0.4279 	 0.0000 	 0.8775 	 0.0000 
48.0000 	 0.0196 	 0.6573 	 0.6905 	 3.4063 	 3.6367 	 -10.9750 	 -6.6382 	 0.0000 	 0.0014 	 1.5795 	 48.0000 	 0.4936 	 0.0140 	 0.4513 	 5.8951 	 7.8479 	 8.2456 	 4.9784 	 0.0000 	 0.7030 	 0.0000 
48.0000 	 0.0231 	 0.2131 	 0.0069 	 1.5637 	 0.0000 	 -14.0479 	 3.6891 	 0.0000 	 0.0000 	 82.7686 	 48.0000 	 0.9891 	 0.5770 	 0.8202 	 3.8414 	 1.7747 	 -7.4046 	 1.9310 	 0.0000 	 0.2005 	 0.0618 
47.0000 	 0.0048 	 0.7472 	 0.4135 	 3.6347 	 15.0776 	 -10.4976 	 -3.5545 	 0.0000 	 0.3429 	 2.8542 	 47.0000 	 0.1548 	 0.8467 	 0.3856 	 3.4731 	 5.3681 	 -9.9570 	 -3.5255 	 0.0000 	 0.8780 	 0.0000 
46.0000 	 0.0050 	 0.2024 	 0.6773 	 12.9021 	 5.0171 	 -11.3641 	 -5.3372 	 0.0000 	 0.0000 	 -2.5123 	 46.0000 	 0.9611 	 0.7049 	 0.6405 	 4.6387 	 4.8423 	 3.5577 	 1.1919 	 0.0000 	 0.2266 	 0.0001 
47.0000 	 0.0571 	 0.2503 	 0.6494 	 7.9298 	 8.2898 	 -6.2457 	 -5.6995 	 0.0000 	 0.0018 	 2.8541 	 47.0000 	 0.7048 	 0.6633 	 0.7559 	 3.3169 	 4.2844 	 3.6294 	 0.3663 	 0.0000 	 1.7767 	 0.0000 
46.0000 	 0.0084 	 0.8298 	 0.9300 	 17.5348 	 15.4182 	 -35.9198 	 -30.0000 	 0.0000 	 0.1115 	 -14.1948 	 46.0000 	 0.7222 	 0.3665 	 0.0147 	 4.0004 	 8.3293 	 6.2716 	 -3.5474 	 0.0000 	 2.7123 	 0.0001 
48.0000 	 0.0017 	 0.9998 	 0.9536 	 48.4149 	 8.4357 	 -13.7140 	 -3.9236 	 0.0000 	 0.0000 	 0.9916 	 48.0000 	 0.0086 	 0.2228 	 0.4652 	 1.1113 	 8.4463 	 -9.8631 	 0.0334 	 0.0000 	 2.7791 	 0.0000 
48.0000 	 0.0063 	 0.1996 	 0.4658 	 19.6510 	 5.4968 	 -7.3267 	 -4.4250 	 0.0000 	 0.0006 	 2.8540 	 48.0000 	 0.3669 	 0.0255 	 0.8373 	 11.3780 	 9.9400 	 -0.3911 	 4.7175 	 0.0000 	 0.0718 	 0.0000 
46.0000 	 0.0578 	 0.7011 	 0.6779 	 1.9504 	 9.8154 	 -4.3037 	 -3.5298 	 0.0000 	 0.0612 	 2.8541 	 46.0000 	 0.9233 	 0.0728 	 0.9759 	 13.9664 	 2.0796 	 5.2299 	 -4.9251 	 0.0000 	 0.4202 	 0.0000 
46.0000 	 0.0561 	 0.5101 	 0.8601 	 19.5615 	 0.9494 	 -4.9289 	 -7.9860 	 0.0000 	 0.0004 	 2.8541 	 46.0000 	 0.4996 	 0.1191 	 0.1910 	 6.8926 	 2.2421 	 -1.1490 	 -2.1243 	 0.0000 	 2.3586 	 0.0000 
45.0000 	 0.0047 	 0.7326 	 0.4026 	 4.0860 	 0.0000 	 -8.4473 	 -5.7556 	 0.0000 	 0.0007 	 2.8546 	 45.0000 	 0.7919 	 0.9634 	 0.9545 	 1.7945 	 4.9806 	 -5.1866 	 4.4998 	 0.0000 	 1.0313 	 0.0001 
46.0000 	 0.0019 	 0.9734 	 0.9730 	 1.8684 	 9.7594 	 -10.4252 	 -10.6938 	 0.0000 	 0.0067 	 -24.1263 	 46.0000 	 0.4052 	 0.1076 	 0.0879 	 7.0286 	 8.7732 	 -7.4759 	 1.4003 	 0.0000 	 0.0759 	 0.0001 
46.0000 	 0.0023 	 0.1421 	 0.3498 	 12.7365 	 0.6131 	 -32.2765 	 -7.6895 	 0.0000 	 0.4462 	 2.8579 	 46.0000 	 0.3490 	 0.6257 	 0.3006 	 4.2140 	 4.3797 	 1.7608 	 2.9102 	 0.0000 	 1.3815 	 0.0001 
45.0000 	 0.0326 	 0.6300 	 0.9316 	 1.8691 	 3.2520 	 -10.3711 	 -7.0020 	 0.0000 	 0.1100 	 2.8541 	 45.0000 	 0.7817 	 0.3051 	 0.8706 	 6.4571 	 3.5158 	 4.4958 	 -3.4859 	 0.0000 	 2.2675 	 0.0000 
47.0000 	 0.0067 	 0.1342 	 0.5304 	 20.3501 	 7.6862 	 -13.7451 	 -5.4669 	 0.0000 	 0.0002 	 2.8442 	 47.0000 	 0.7844 	 0.6764 	 0.2913 	 2.9378 	 1.8967 	 4.6610 	 0.8107 	 0.0000 	 2.9813 	 0.0000 
45.0000 	 0.0020 	 0.0824 	 1.0000 	 33.0075 	 9.0448 	 -4.0337 	 -3.5246 	 0.0000 	 0.0003 	 2.8541 	 45.0000 	 0.5474 	 0.7292 	 0.6646 	 13.4281 	 0.1963 	 -8.1530 	 -0.7569 	 0.0000 	 2.7967 	 0.0000 
46.0000 	 0.0284 	 0.1109 	 0.9742 	 5.8450 	 0.0000 	 -5.3613 	 -0.8337 	 0.0000 	 0.0001 	 -81.0697 	 46.0000 	 0.5324 	 0.2602 	 0.7712 	 14.5909 	 3.5043 	 5.5118 	 -1.8897 	 0.0000 	 2.5490 	 0.1190 
46.0000 	 0.0011 	 0.9974 	 0.9737 	 1.9101 	 2.9181 	 -4.2448 	 -20.2013 	 0.0000 	 0.0000 	 2.8541 	 46.0000 	 0.8681 	 0.6577 	 0.3483 	 5.3433 	 4.5644 	 -9.9372 	 3.8751 	 0.0000 	 2.0361 	 0.0000 
46.0000 	 0.0010 	 0.1030 	 1.0000 	 5.8199 	 2.4268 	 -6.0449 	 -4.8877 	 0.0000 	 0.0000 	 -21.7837 	 46.0000 	 0.4359 	 0.9287 	 0.0125 	 14.8190 	 8.4323 	 -8.3008 	 -2.4247 	 0.0000 	 1.5160 	 0.0008 
45.0000 	 0.0013 	 0.0480 	 0.4161 	 41.8407 	 11.9437 	 -13.5583 	 -4.0188 	 0.0000 	 0.0000 	 2.8541 	 45.0000 	 0.7375 	 0.2139 	 0.9644 	 10.2504 	 6.5386 	 8.9851 	 -1.2793 	 0.0000 	 2.5667 	 0.0000 
45.0000 	 0.2090 	 0.2309 	 0.9469 	 6.4897 	 0.2841 	 -5.9100 	 -2.3236 	 0.0000 	 0.0235 	 -9.1599 	 45.0000 	 0.8886 	 0.2189 	 0.7651 	 4.2274 	 2.8481 	 -3.9772 	 -2.3533 	 0.0000 	 1.6305 	 0.3930 
43.0000 	 0.0150 	 0.9876 	 0.5971 	 5.8788 	 4.3466 	 -8.5061 	 -1.6786 	 0.0000 	 0.0000 	 0.2606 	 43.0000 	 0.9654 	 0.4717 	 0.9719 	 12.7592 	 4.7131 	 5.0358 	 -3.3059 	 0.0000 	 1.8089 	 0.0000 
43.0000 	 0.0019 	 0.1407 	 1.0000 	 2.2842 	 3.8418 	 -6.8457 	 -4.7391 	 0.0000 	 0.0004 	 2.8541 	 43.0000 	 0.3080 	 0.7062 	 0.8444 	 3.8923 	 8.2637 	 1.2147 	 0.8195 	 0.0000 	 0.3222 	 0.0000 
43.0000 	 0.0016 	 0.8861 	 0.6198 	 2.1362 	 1.7733 	 -25.0073 	 -6.3615 	 0.0000 	 0.5467 	 2.8541 	 43.0000 	 0.5056 	 0.7070 	 0.0568 	 1.0491 	 3.7277 	 -2.9506 	 4.4065 	 0.0000 	 2.5775 	 0.0000 
45.0000 	 0.0030 	 0.0307 	 0.9151 	 17.9241 	 19.1374 	 -4.3456 	 -5.7050 	 0.0000 	 0.0006 	 2.8541 	 45.0000 	 0.1470 	 0.8229 	 0.9180 	 3.2986 	 7.3681 	 -7.1365 	 0.7654 	 0.0000 	 0.9494 	 0.0000 
43.0000 	 0.0702 	 0.1378 	 0.9985 	 47.7878 	 1.0362 	 -2.1505 	 -1.9898 	 0.0000 	 0.0206 	 -5.2498 	 43.0000 	 0.8618 	 0.2778 	 0.6808 	 4.0633 	 8.7622 	 -5.8218 	 0.6069 	 0.0000 	 1.0762 	 0.4535 
42.0000 	 0.0044 	 0.1044 	 0.6717 	 44.1839 	 6.7188 	 -12.9492 	 -2.8955 	 0.0000 	 0.0004 	 -21.3778 	 42.0000 	 0.9472 	 0.2714 	 0.9996 	 10.1701 	 6.1164 	 0.4442 	 0.8470 	 0.0000 	 0.9066 	 0.0013 
44.0000 	 0.0011 	 0.0108 	 0.7313 	 43.1503 	 25.4483 	 -17.1117 	 -10.0321 	 0.0000 	 0.2383 	 2.8542 	 44.0000 	 0.0286 	 0.7651 	 0.8744 	 11.6147 	 5.4354 	 -2.2119 	 -2.6738 	 0.0000 	 2.8836 	 0.0000 
43.0000 	 0.0014 	 0.0368 	 0.9994 	 10.2839 	 1.0510 	 -6.9104 	 -10.6280 	 0.0000 	 0.0995 	 2.8513 	 43.0000 	 0.4993 	 0.5170 	 0.3347 	 8.4485 	 0.6721 	 1.2338 	 4.3563 	 0.0000 	 0.3540 	 0.0000 
43.0000 	 0.0043 	 0.2137 	 0.5463 	 7.2437 	 13.7915 	 -4.1959 	 -5.3243 	 0.0000 	 0.0000 	 2.8541 	 43.0000 	 0.5488 	 0.9101 	 0.2000 	 9.1131 	 0.7953 	 3.9434 	 0.2247 	 0.0000 	 1.4732 	 0.0000 
42.0000 	 0.0011 	 0.0903 	 1.0000 	 13.8880 	 1.7493 	 -13.8062 	 -5.8655 	 0.0000 	 0.0012 	 2.8532 	 42.0000 	 0.6116 	 0.1241 	 0.9454 	 8.8461 	 4.5193 	 6.9780 	 2.4184 	 0.0000 	 0.2302 	 0.0001 
44.0000 	 0.0014 	 0.4362 	 0.6247 	 9.7730 	 0.0330 	 -6.6602 	 -2.4402 	 0.0000 	 0.0088 	 2.8541 	 44.0000 	 0.7560 	 0.1024 	 0.9584 	 12.5910 	 4.9089 	 8.5202 	 0.5449 	 0.0000 	 0.6212 	 0.0000 
41.0000 	 0.0013 	 1.0000 	 0.4598 	 1.0497 	 1.1524 	 -19.2468 	 -6.6283 	 0.0000 	 0.0003 	 2.8542 	 41.0000 	 0.5787 	 0.2087 	 0.9062 	 11.7017 	 8.6333 	 -3.8135 	 2.6889 	 0.0000 	 1.9416 	 0.0000 
41.0000 	 0.0011 	 0.1231 	 0.7565 	 7.3182 	 0.0670 	 -0.9350 	 -8.9333 	 0.0000 	 0.0030 	 2.8541 	 41.0000 	 0.3601 	 0.6718 	 0.5208 	 7.3049 	 5.0502 	 7.5484 	 4.6237 	 0.0000 	 2.4846 	 0.0000 
41.0000 	 0.0011 	 0.4193 	 0.8389 	 36.8181 	 0.1279 	 -53.6975 	 -29.3124 	 0.0000 	 0.0000 	 2.8541 	 41.0000 	 0.3365 	 0.3314 	 0.3953 	 13.7716 	 6.1547 	 -8.5066 	 4.9850 	 0.0000 	 2.9237 	 0.0000 
40.0000 	 0.0108 	 0.1464 	 0.9521 	 6.1274 	 0.3815 	 -22.5311 	 -4.7995 	 0.0000 	 0.0005 	 2.8541 	 40.0000 	 0.3373 	 0.4923 	 0.2636 	 10.6549 	 2.0320 	 7.4279 	 3.1504 	 0.0000 	 1.3928 	 0.0000 
40.0000 	 0.0713 	 0.8846 	 1.0000 	 5.6066 	 0.0000 	 -15.8121 	 -2.6167 	 0.0000 	 0.0000 	 2.8541 	 40.0000 	 0.2703 	 0.0376 	 0.9971 	 14.7941 	 7.3028 	 8.3531 	 -0.2466 	 0.0000 	 2.4037 	 0.0000 
43.0000 	 0.0314 	 0.6070 	 0.7640 	 9.9772 	 0.0001 	 -1.7557 	 -2.5320 	 0.0000 	 0.0000 	 2.8541 	 43.0000 	 0.6003 	 0.5853 	 0.1304 	 9.3143 	 7.5873 	 0.3010 	 1.4110 	 0.0000 	 0.9246 	 0.0000 
41.0000 	 0.0023 	 0.1273 	 0.7635 	 9.1357 	 2.3145 	 -9.7168 	 -5.1562 	 0.0000 	 0.0008 	 2.8541 	 41.0000 	 0.2163 	 0.3554 	 0.4016 	 10.2081 	 6.0247 	 1.8726 	 -3.8600 	 0.0000 	 2.3329 	 0.0000 
42.0000 	 0.0318 	 0.0885 	 1.0000 	 3.7874 	 3.8300 	 -13.2344 	 -6.3353 	 0.0000 	 0.0000 	 2.8533 	 42.0000 	 0.0376 	 0.3422 	 0.7155 	 5.3971 	 7.0047 	 7.7551 	 -3.6273 	 0.0000 	 0.8928 	 0.0024 
41.0000 	 0.0018 	 0.3720 	 0.6059 	 9.8446 	 8.8180 	 -5.7080 	 -12.9101 	 0.0000 	 0.0002 	 2.8541 	 41.0000 	 0.5810 	 0.7345 	 0.0401 	 12.7912 	 7.9488 	 -6.8705 	 -4.9295 	 0.0000 	 0.5272 	 0.0000 
40.0000 	 0.0164 	 0.6734 	 0.9716 	 3.5362 	 6.6755 	 -6.6881 	 -4.1017 	 0.0000 	 0.2773 	 2.8534 	 40.0000 	 0.5714 	 0.7443 	 0.8914 	 1.1207 	 2.6939 	 4.7023 	 0.6347 	 0.0000 	 2.3536 	 0.0000 
40.0000 	 0.0014 	 0.2928 	 0.9525 	 34.4106 	 3.0042 	 -7.6538 	 -4.4131 	 0.0000 	 0.0655 	 2.8193 	 40.0000 	 0.1679 	 0.3887 	 0.8669 	 14.1448 	 7.3763 	 4.0775 	 -2.4981 	 0.0000 	 2.1343 	 0.0000 
44.0000 	 0.0077 	 0.3189 	 0.8041 	 2.9905 	 5.1764 	 -9.7485 	 -7.1622 	 0.0000 	 0.0827 	 -31.0839 	 44.0000 	 0.4248 	 0.0842 	 0.2755 	 4.3240 	 0.1850 	 1.8956 	 3.8312 	 0.0000 	 1.8032 	 0.2221 
38.0000 	 0.0014 	 0.6372 	 0.8945 	 8.4695 	 12.7566 	 -12.3675 	 -3.6213 	 0.0000 	 0.0896 	 2.8541 	 38.0000 	 0.9060 	 0.3943 	 0.8295 	 6.1909 	 0.6339 	 0.3286 	 -2.6140 	 0.0000 	 1.4870 	 0.0000 
40.0000 	 0.0201 	 0.3092 	 0.7053 	 8.4334 	 0.6473 	 -1.5359 	 -4.8052 	 0.0000 	 0.0001 	 2.8541 	 40.0000 	 0.7037 	 0.8221 	 0.0655 	 7.6878 	 3.0807 	 -0.8985 	 -0.0741 	 0.0000 	 1.8533 	 0.0000 
41.0000 	 0.0154 	 0.0676 	 0.9550 	 13.3280 	 12.0908 	 -6.5135 	 -3.2993 	 0.0000 	 0.0110 	 2.7897 	 41.0000 	 0.5945 	 0.4325 	 0.3857 	 1.8528 	 7.4371 	 2.0480 	 -2.0983 	 0.0000 	 2.3407 	 0.0000 
37.0000 	 0.0056 	 0.1550 	 0.9444 	 43.2357 	 6.1038 	 -1.3428 	 -8.5230 	 0.0000 	 0.0000 	 2.8541 	 37.0000 	 0.9426 	 0.5134 	 0.1680 	 12.2380 	 7.3309 	 -3.0917 	 4.5543 	 0.0000 	 0.4440 	 0.0000 
38.0000 	 0.0349 	 0.9564 	 1.0000 	 3.4696 	 7.6839 	 -12.9619 	 -4.8448 	 0.0000 	 0.0003 	 -4.6182 	 38.0000 	 0.6484 	 0.8866 	 0.2308 	 8.1677 	 5.8614 	 -1.6096 	 4.0195 	 0.0000 	 0.8056 	 0.0002 
39.0000 	 0.0060 	 0.1531 	 0.8577 	 5.7252 	 12.1981 	 -10.7075 	 -7.6054 	 0.0000 	 0.6104 	 2.7413 	 39.0000 	 0.4488 	 0.3502 	 0.9913 	 5.9216 	 7.8167 	 0.6905 	 -0.7490 	 0.0000 	 1.5078 	 0.0001 
39.0000 	 0.0015 	 0.0211 	 0.7067 	 29.9162 	 0.4100 	 -51.3672 	 -26.2968 	 0.0000 	 9.7617 	 2.8528 	 39.0000 	 0.3256 	 0.2418 	 0.6730 	 2.3305 	 3.4689 	 1.7035 	 -2.3215 	 0.0000 	 2.8188 	 0.0003 
39.0000 	 0.0335 	 0.3474 	 0.9340 	 11.6252 	 4.0356 	 -4.1772 	 -5.6873 	 0.0000 	 0.0119 	 2.8541 	 39.0000 	 0.2835 	 0.2378 	 0.4323 	 4.4500 	 7.9287 	 -3.2932 	 -3.8552 	 0.0000 	 0.8051 	 0.0013 
40.0000 	 0.0010 	 0.9911 	 0.7348 	 1.1567 	 4.3864 	 -42.3048 	 -8.3343 	 0.0000 	 0.7376 	 2.8541 	 40.0000 	 0.9264 	 0.0692 	 0.0466 	 10.1405 	 9.6691 	 6.1992 	 -1.1415 	 0.0000 	 2.0474 	 0.0000 
40.0000 	 0.1312 	 0.0967 	 1.0000 	 4.9058 	 0.9725 	 -3.3200 	 -3.0025 	 0.0000 	 0.0173 	 2.8541 	 40.0000 	 0.6726 	 0.1261 	 0.9708 	 2.4932 	 2.1118 	 -3.0093 	 -2.1315 	 0.0000 	 1.0111 	 0.0000 
39.0000 	 0.0386 	 0.4139 	 0.4060 	 13.0771 	 1.2708 	 -3.0371 	 -3.0054 	 0.0000 	 0.0011 	 2.2085 	 39.0000 	 0.3537 	 0.5919 	 0.7579 	 7.0782 	 8.6833 	 1.2714 	 -2.7407 	 0.0000 	 2.8253 	 0.2188 
44.0000 	 0.0063 	 0.6685 	 0.2664 	 7.6667 	 6.9618 	 -11.0239 	 -12.6515 	 0.0000 	 0.0000 	 -0.0207 	 44.0000 	 0.0150 	 0.1041 	 0.6435 	 4.4753 	 7.4342 	 -5.8680 	 3.5615 	 0.0000 	 0.8161 	 0.0010 
40.0000 	 0.0067 	 0.0861 	 0.7745 	 22.5863 	 2.7339 	 -3.0712 	 -2.5653 	 0.0000 	 0.0126 	 2.8541 	 40.0000 	 0.3023 	 0.1915 	 0.3677 	 9.8266 	 1.8623 	 -3.8938 	 -2.3708 	 0.0000 	 1.1003 	 0.0002 
35.0000 	 0.0021 	 0.1203 	 0.8680 	 2.8850 	 3.5352 	 -10.4917 	 -4.2986 	 0.0000 	 0.3652 	 2.7937 	 35.0000 	 0.0157 	 0.4844 	 0.6627 	 14.2685 	 7.6997 	 8.4171 	 -1.5819 	 0.0000 	 2.2853 	 0.0010 
38.0000 	 0.0047 	 0.5612 	 0.5849 	 18.4871 	 5.2348 	 -2.8500 	 -3.6440 	 0.0000 	 0.0019 	 2.8542 	 38.0000 	 0.3270 	 0.0108 	 0.3484 	 6.1250 	 3.3421 	 3.0434 	 -1.6722 	 0.0000 	 2.5462 	 0.0000 
36.0000 	 0.0044 	 0.6098 	 0.8400 	 1.3597 	 1.8599 	 -10.8365 	 -6.3373 	 0.0000 	 0.0006 	 2.5381 	 36.0000 	 0.8896 	 0.9397 	 0.2833 	 8.6556 	 2.6005 	 -5.2109 	 -1.8828 	 0.0000 	 0.4848 	 0.0012 
37.0000 	 0.0159 	 0.4186 	 0.9393 	 5.0346 	 7.9431 	 -8.3600 	 -8.0103 	 0.0000 	 0.0022 	 2.8541 	 37.0000 	 0.9506 	 0.7390 	 0.2989 	 3.6625 	 8.3586 	 -0.4725 	 -3.9376 	 0.0000 	 0.6131 	 0.0000 
39.0000 	 0.0010 	 0.4436 	 0.5850 	 4.4464 	 0.0148 	 -4.9215 	 -0.4847 	 0.0000 	 0.0001 	 2.8541 	 39.0000 	 0.9675 	 0.8883 	 0.5683 	 11.4396 	 0.0754 	 8.0420 	 -2.9694 	 0.0000 	 0.9989 	 0.0000 
38.0000 	 0.0015 	 0.0361 	 0.5572 	 50.0000 	 6.1670 	 -39.6852 	 -9.0200 	 0.0000 	 7.6366 	 2.8541 	 38.0000 	 0.9125 	 0.9014 	 0.3615 	 2.3328 	 5.1188 	 4.7500 	 -4.2302 	 0.0000 	 2.7508 	 0.0001 
36.0000 	 0.2293 	 0.1305 	 1.0000 	 11.2537 	 4.3259 	 -6.0718 	 -4.2184 	 0.0000 	 0.1224 	 -1.6940 	 36.0000 	 0.1935 	 0.0739 	 0.8366 	 9.1394 	 2.2574 	 -6.2294 	 -2.8345 	 0.0000 	 2.3836 	 0.0103 
37.0000 	 0.4148 	 0.6260 	 0.9969 	 4.7424 	 34.4111 	 -98.6961 	 -15.7065 	 0.0000 	 0.0000 	 2.8541 	 37.0000 	 0.1272 	 0.7874 	 0.8800 	 8.1728 	 1.9156 	 3.7596 	 -4.3665 	 0.0000 	 1.8288 	 0.0000 
38.0000 	 0.0016 	 1.0000 	 1.0000 	 4.4190 	 2.9358 	 -29.1797 	 -7.0264 	 0.0000 	 0.0005 	 2.8541 	 38.0000 	 0.3061 	 0.5876 	 0.8245 	 9.4249 	 3.5784 	 7.5607 	 3.5567 	 0.0000 	 0.0723 	 0.0000 
37.0000 	 0.0010 	 0.1586 	 0.9196 	 6.2710 	 0.8086 	 -5.5579 	 -12.9680 	 0.0000 	 0.0810 	 2.8470 	 37.0000 	 0.2383 	 0.2077 	 0.0302 	 6.8711 	 2.2574 	 7.7338 	 -0.4774 	 0.0000 	 2.0743 	 0.0000 
34.0000 	 0.0130 	 0.3898 	 0.9185 	 14.0308 	 11.8201 	 -8.2379 	 -4.2479 	 0.0000 	 0.4624 	 2.8541 	 34.0000 	 0.3229 	 0.7194 	 0.7420 	 6.2888 	 0.0357 	 -0.6314 	 3.3112 	 0.0000 	 2.3032 	 0.0010 
42.0000 	 0.0122 	 0.2147 	 0.5908 	 15.8789 	 5.6063 	 -10.9623 	 -2.9454 	 0.0000 	 0.8289 	 2.8540 	 42.0000 	 0.5380 	 0.2361 	 0.4267 	 13.5805 	 3.9278 	 -7.1077 	 -1.4966 	 0.0000 	 2.9324 	 0.0000 
36.0000 	 0.0058 	 0.0811 	 0.4810 	 10.7617 	 1.8677 	 -12.0123 	 -2.6221 	 0.0000 	 0.0000 	 2.9148 	 36.0000 	 0.0352 	 0.1898 	 0.9981 	 14.7782 	 8.2407 	 9.2966 	 -3.6437 	 0.0000 	 2.6183 	 0.0005 
39.0000 	 0.0452 	 0.0852 	 1.0000 	 5.8354 	 4.6094 	 -19.6094 	 -1.7139 	 0.0000 	 0.0000 	 2.8541 	 39.0000 	 0.8045 	 0.9136 	 0.2663 	 1.6093 	 2.9935 	 0.1480 	 -2.1768 	 0.0000 	 0.3724 	 0.0000 
36.0000 	 0.0307 	 0.2341 	 0.5946 	 13.9287 	 3.8777 	 -10.8322 	 -5.9240 	 0.0000 	 0.0000 	 2.8543 	 36.0000 	 0.6949 	 0.1099 	 0.4812 	 2.4694 	 0.7714 	 4.9442 	 2.3741 	 0.0000 	 0.3290 	 0.0000 
35.0000 	 0.0010 	 0.7344 	 0.5909 	 1.0371 	 0.8196 	 -10.7919 	 -8.3767 	 0.0000 	 0.0186 	 2.8541 	 35.0000 	 0.5023 	 0.7692 	 0.3857 	 9.3168 	 5.8928 	 4.3521 	 0.1192 	 0.0000 	 0.8805 	 0.0000 
35.0000 	 0.0025 	 0.6766 	 0.6383 	 1.0852 	 3.1239 	 -8.6397 	 -4.8279 	 0.0000 	 0.0004 	 2.8542 	 35.0000 	 0.7545 	 0.3007 	 0.6918 	 8.5829 	 1.6496 	 -4.5101 	 0.8542 	 0.0000 	 1.9817 	 0.0000 
36.0000 	 0.0014 	 0.2780 	 0.4461 	 30.3130 	 0.2489 	 -14.2246 	 -4.7241 	 0.0000 	 0.0000 	 2.8544 	 36.0000 	 0.2632 	 0.7460 	 0.3849 	 6.3994 	 0.4052 	 -9.2031 	 4.5007 	 0.0000 	 2.0995 	 0.0000 
35.0000 	 0.0010 	 0.9854 	 0.4575 	 33.5002 	 11.8288 	 -11.3586 	 -10.1431 	 0.0000 	 0.0000 	 2.8542 	 35.0000 	 0.8394 	 0.5749 	 0.8448 	 10.8268 	 3.8291 	 3.5883 	 -0.8776 	 0.0000 	 0.8956 	 0.0000 
36.0000 	 0.0661 	 0.9344 	 0.8331 	 13.2651 	 0.0145 	 -31.2184 	 -2.9876 	 0.0000 	 0.0228 	 2.8541 	 36.0000 	 0.5555 	 0.2906 	 0.0678 	 12.0662 	 7.8358 	 -2.8040 	 2.8086 	 0.0000 	 1.7097 	 0.0000 
32.0000 	 0.0041 	 0.9835 	 0.7021 	 4.4030 	 10.4395 	 -7.3962 	 -6.9226 	 0.0000 	 0.3578 	 2.8537 	 32.0000 	 0.0959 	 0.3847 	 0.5404 	 9.6274 	 6.1391 	 0.4184 	 3.9797 	 0.0000 	 2.3367 	 0.0000 
36.0000 	 0.0069 	 0.1596 	 0.6739 	 13.5838 	 9.3213 	 -100.0000 	 -5.3174 	 0.0000 	 0.0011 	 -1.2295 	 36.0000 	 0.1033 	 0.2936 	 0.1142 	 13.8380 	 9.7500 	 -3.1581 	 1.3411 	 0.0000 	 0.5744 	 0.0001 
36.0000 	 0.0063 	 0.4022 	 0.6171 	 5.7597 	 2.1609 	 -5.9540 	 -5.4962 	 0.0000 	 0.7192 	 2.8500 	 36.0000 	 0.6642 	 0.7716 	 0.3047 	 12.3398 	 3.9779 	 5.1601 	 0.9108 	 0.0000 	 1.2831 	 0.0018 
34.0000 	 0.0142 	 0.1845 	 0.8122 	 24.1837 	 11.0607 	 -9.0151 	 -4.8614 	 0.0000 	 0.6310 	 2.8222 	 34.0000 	 0.4502 	 0.3094 	 0.4479 	 9.2270 	 4.5889 	 5.2905 	 -2.8188 	 0.0000 	 2.0980 	 0.0000 
34.0000 	 0.0294 	 0.3651 	 0.8750 	 19.8596 	 1.2556 	 -11.8829 	 -8.2314 	 0.0000 	 0.4243 	 2.8541 	 34.0000 	 0.0736 	 0.6105 	 0.7518 	 1.8832 	 2.0625 	 7.4605 	 -2.8271 	 0.0000 	 2.8574 	 0.0000 
35.0000 	 0.0162 	 0.2084 	 1.0000 	 3.9038 	 1.8066 	 -6.5430 	 -6.2158 	 0.0000 	 0.0113 	 1.1984 	 35.0000 	 0.6536 	 0.2553 	 0.5946 	 13.0578 	 3.5436 	 2.9735 	 -1.3287 	 0.0000 	 1.8428 	 0.0001 
33.0000 	 0.0046 	 0.5304 	 0.6496 	 11.4705 	 4.0015 	 -9.2227 	 -6.2318 	 0.0000 	 0.0001 	 2.8541 	 33.0000 	 0.2906 	 0.0274 	 0.7446 	 7.6473 	 7.3208 	 2.1825 	 2.6976 	 0.0000 	 0.7809 	 0.0000 
30.0000 	 0.0017 	 0.1661 	 0.5907 	 8.8069 	 0.0000 	 -14.7746 	 -6.1417 	 0.0000 	 0.0000 	 2.8544 	 30.0000 	 0.9724 	 0.9246 	 0.6438 	 8.7715 	 1.2557 	 2.5993 	 0.3718 	 0.0000 	 1.5209 	 0.0000 
37.0000 	 0.0498 	 0.3696 	 0.8482 	 4.5240 	 8.4816 	 -14.6405 	 -5.8189 	 0.0000 	 0.4447 	 -1.6945 	 37.0000 	 0.5816 	 0.6579 	 0.3352 	 6.3415 	 7.1063 	 -1.5221 	 -2.8405 	 0.0000 	 1.9079 	 0.0017 
31.0000 	 0.0088 	 0.9539 	 1.0000 	 1.3826 	 0.0586 	 -5.3687 	 -4.6484 	 0.0000 	 0.0236 	 2.8541 	 31.0000 	 0.4999 	 0.0042 	 0.4828 	 1.9876 	 9.9140 	 1.1893 	 3.6465 	 0.0000 	 2.0662 	 0.0000 
32.0000 	 0.0010 	 0.4500 	 0.8216 	 3.6893 	 0.0000 	 -4.0771 	 -1.3879 	 0.0000 	 0.0001 	 2.8541 	 32.0000 	 0.3220 	 0.8798 	 0.4844 	 14.9583 	 5.5802 	 1.4812 	 -2.0159 	 0.0000 	 1.4268 	 0.0000 
33.0000 	 0.0059 	 1.0000 	 0.5789 	 12.1769 	 10.5930 	 -5.8533 	 -6.3876 	 0.0000 	 0.0313 	 2.8541 	 33.0000 	 0.7288 	 0.8771 	 0.5201 	 13.8179 	 7.8990 	 -2.7493 	 1.6895 	 0.0000 	 2.2328 	 0.0000 
30.0000 	 0.0781 	 0.9739 	 0.9999 	 3.7508 	 7.5747 	 -15.7236 	 -8.3630 	 0.0000 	 0.0014 	 2.8541 	 30.0000 	 0.8473 	 0.5162 	 0.6905 	 5.0251 	 3.9025 	 -8.9743 	 -4.0104 	 0.0000 	 0.7981 	 0.0000 
33.0000 	 0.0019 	 1.0000 	 0.6150 	 4.6964 	 1.6883 	 -29.9301 	 -9.9398 	 0.0000 	 0.0368 	 2.8541 	 33.0000 	 0.1222 	 0.2625 	 0.2631 	 1.2197 	 4.2838 	 9.8854 	 -3.0324 	 0.0000 	 1.8046 	 0.0001 
34.0000 	 0.0398 	 1.0000 	 0.5163 	 1.0641 	 6.4645 	 -13.2713 	 -5.7667 	 0.0000 	 0.0000 	 2.8739 	 34.0000 	 0.2525 	 0.5533 	 0.1370 	 11.0770 	 9.8558 	 -8.8325 	 -0.4321 	 0.0000 	 2.1346 	 0.0009 
34.0000 	 0.0248 	 0.2861 	 1.0000 	 2.4045 	 3.9502 	 -3.6035 	 -2.3022 	 0.0000 	 0.0991 	 -50.7479 	 34.0000 	 0.0104 	 0.5473 	 0.7671 	 1.6254 	 4.4618 	 -6.7456 	 -0.6216 	 0.0000 	 0.2664 	 1.0714 
35.0000 	 0.0530 	 0.1579 	 0.8117 	 11.4026 	 3.6934 	 -16.1126 	 -8.9461 	 0.0000 	 0.0113 	 2.8541 	 35.0000 	 0.3731 	 0.3073 	 0.9970 	 11.3159 	 2.9352 	 -9.8204 	 3.7848 	 0.0000 	 0.0745 	 0.0000 
30.0000 	 0.0010 	 0.0334 	 0.8779 	 49.8171 	 0.6281 	 -33.1726 	 -10.7181 	 0.0000 	 0.0000 	 2.8541 	 30.0000 	 0.3030 	 0.5929 	 0.2510 	 7.3868 	 4.4397 	 2.3124 	 -2.1303 	 0.0000 	 0.4614 	 0.0000 
31.0000 	 0.0020 	 0.1809 	 0.8141 	 16.8150 	 2.2832 	 -5.4402 	 -6.1771 	 0.0000 	 0.0000 	 2.8541 	 31.0000 	 0.3119 	 0.6730 	 0.2479 	 13.6380 	 1.7001 	 -1.3578 	 0.8663 	 0.0000 	 0.9112 	 0.0000 
33.0000 	 0.0010 	 0.0574 	 0.0010 	 1.4435 	 1.3538 	 -28.0049 	 -0.9423 	 0.0000 	 0.0331 	 41.0663 	 33.0000 	 0.8089 	 0.6869 	 0.2159 	 6.3337 	 2.7010 	 -5.5313 	 4.5840 	 0.0000 	 2.6644 	 0.0450 
32.0000 	 0.0114 	 0.4699 	 1.0000 	 1.5904 	 0.1871 	 -8.7531 	 -0.8829 	 0.0000 	 0.0006 	 2.8541 	 32.0000 	 0.4127 	 0.3972 	 0.4488 	 4.3883 	 5.4334 	 -2.7772 	 -1.9557 	 0.0000 	 2.7386 	 0.0000 
27.0000 	 0.0014 	 0.3512 	 0.8780 	 3.4186 	 11.9020 	 -10.4619 	 -4.3300 	 0.0000 	 0.2477 	 2.8541 	 27.0000 	 0.6166 	 0.4823 	 0.5097 	 5.6625 	 9.2439 	 6.6449 	 2.0521 	 0.0000 	 1.3509 	 0.0000 
39.0000 	 0.0104 	 0.0907 	 0.6727 	 13.0946 	 0.0378 	 -1.6902 	 -5.6367 	 0.0000 	 0.0100 	 2.8541 	 39.0000 	 0.2549 	 0.9592 	 0.2425 	 9.7785 	 3.3065 	 -5.5568 	 0.4934 	 0.0000 	 1.7103 	 0.0000 
30.0000 	 0.0037 	 0.5653 	 0.9613 	 2.0386 	 6.4260 	 -9.7345 	 -7.3302 	 0.0000 	 0.0000 	 2.8541 	 30.0000 	 0.7101 	 0.4001 	 0.2115 	 6.9579 	 5.7516 	 -9.1461 	 4.4909 	 0.0000 	 2.5666 	 0.0000 
30.0000 	 0.0023 	 0.8805 	 0.4561 	 5.1048 	 2.6303 	 -7.2822 	 -5.2477 	 0.0000 	 0.1323 	 2.8552 	 30.0000 	 0.4544 	 0.7890 	 0.6901 	 5.9066 	 2.6886 	 -7.6244 	 -4.6448 	 0.0000 	 2.7861 	 0.0001 
30.0000 	 0.0012 	 0.1986 	 0.9443 	 2.4886 	 6.8891 	 -9.5906 	 -3.6827 	 0.0000 	 0.5085 	 2.8543 	 30.0000 	 0.6166 	 0.4823 	 0.5097 	 5.6625 	 9.2439 	 6.6449 	 2.0521 	 0.0000 	 1.3509 	 0.0002 
36.0000 	 0.3106 	 0.1236 	 0.9922 	 5.7610 	 4.1245 	 -9.1606 	 -5.1966 	 0.0000 	 0.0267 	 2.8269 	 36.0000 	 0.1712 	 0.0285 	 0.4098 	 11.0350 	 8.8862 	 6.3840 	 0.0490 	 0.0000 	 0.4606 	 0.0001 
29.0000 	 0.0017 	 0.7496 	 0.5245 	 4.3448 	 0.0361 	 -3.9490 	 -1.5427 	 0.0000 	 0.0000 	 -16.6815 	 29.0000 	 0.3988 	 0.3364 	 0.8404 	 3.4953 	 2.1178 	 4.2880 	 -2.0063 	 0.0000 	 1.3624 	 0.0000 
25.0000 	 0.0010 	 0.0476 	 0.0010 	 2.2669 	 0.2857 	 -12.9384 	 -1.3427 	 0.0000 	 1.6151 	 41.4905 	 25.0000 	 0.0086 	 0.3670 	 0.8107 	 1.9260 	 6.4278 	 6.0815 	 4.4403 	 0.0000 	 1.5922 	 0.0389 
34.0000 	 0.0993 	 0.0979 	 0.6794 	 24.5626 	 0.8090 	 -13.6606 	 -7.9044 	 0.0000 	 0.0000 	 2.8558 	 34.0000 	 0.5021 	 0.8985 	 0.8615 	 1.7180 	 4.7317 	 -2.4256 	 4.5760 	 0.0000 	 0.9253 	 0.0001 
32.0000 	 0.0112 	 0.1300 	 1.0000 	 9.6574 	 5.5228 	 -13.1129 	 -6.9078 	 0.0000 	 0.0016 	 -8.7387 	 32.0000 	 0.2520 	 0.4989 	 0.0628 	 7.9352 	 4.2318 	 6.9011 	 4.3610 	 0.0000 	 2.7661 	 0.0321 
30.0000 	 0.0243 	 0.2457 	 1.0000 	 4.9765 	 2.1320 	 -14.3789 	 -5.7533 	 0.0000 	 0.0013 	 0.7684 	 30.0000 	 0.2122 	 0.4296 	 0.6962 	 8.2847 	 8.5254 	 -1.4690 	 4.5522 	 0.0000 	 2.5283 	 0.0020 
31.0000 	 0.0094 	 0.1958 	 0.9379 	 2.2079 	 1.9969 	 -9.4719 	 -6.8537 	 0.0000 	 0.0526 	 2.8575 	 31.0000 	 0.8134 	 0.0376 	 0.1766 	 3.2921 	 1.4617 	 -2.7331 	 -4.9231 	 0.0000 	 1.8994 	 0.0001 
29.0000 	 0.0011 	 0.1649 	 0.6016 	 33.9562 	 8.1386 	 -4.1127 	 -3.3877 	 0.0000 	 0.0068 	 2.8538 	 29.0000 	 0.3113 	 0.4464 	 0.3379 	 9.3578 	 0.4368 	 4.7243 	 1.1224 	 0.0000 	 2.4843 	 0.0024 
29.0000 	 0.0016 	 0.4790 	 0.9746 	 3.4379 	 0.0000 	 -5.7448 	 -0.1900 	 0.0000 	 0.0000 	 -51.6071 	 29.0000 	 0.0977 	 0.5954 	 0.9358 	 3.4234 	 1.0443 	 -3.9056 	 1.8631 	 0.0000 	 0.5178 	 0.3364 
31.0000 	 0.0048 	 0.0258 	 0.9891 	 49.1401 	 30.7806 	 -5.1597 	 -24.0987 	 0.0000 	 0.0000 	 2.8541 	 31.0000 	 0.7308 	 0.6596 	 0.0915 	 6.5406 	 0.9081 	 6.0168 	 4.2053 	 0.0000 	 1.8141 	 0.0000 
33.0000 	 0.0070 	 0.3860 	 0.8309 	 23.6185 	 3.4087 	 -27.6701 	 -11.0426 	 0.0000 	 0.0000 	 -1.7868 	 33.0000 	 0.9045 	 0.4267 	 0.5583 	 14.3186 	 5.9811 	 7.1761 	 -4.9186 	 0.0000 	 2.6142 	 0.0001 
29.0000 	 0.0642 	 0.9547 	 0.8172 	 11.2838 	 4.1197 	 -10.6883 	 -13.1683 	 0.0000 	 0.0001 	 2.8541 	 29.0000 	 0.9526 	 0.5273 	 0.4037 	 10.1599 	 9.1502 	 -4.2152 	 -0.0815 	 0.0000 	 1.8229 	 0.0000 
27.0000 	 0.0141 	 0.1162 	 0.7177 	 10.9373 	 0.1201 	 -6.0299 	 -5.9291 	 0.0000 	 0.0000 	 1.7004 	 27.0000 	 0.6009 	 0.5491 	 0.0627 	 14.7883 	 5.5412 	 -4.6582 	 4.8610 	 0.0000 	 0.6350 	 0.0010 
27.0000 	 0.0180 	 0.8156 	 0.7479 	 1.4353 	 6.7380 	 -4.4122 	 -3.1445 	 0.0000 	 0.1351 	 -24.4086 	 27.0000 	 0.4751 	 0.9322 	 0.8348 	 8.7558 	 3.0357 	 -6.5520 	 -0.4742 	 0.0000 	 2.2779 	 0.2459 
29.0000 	 0.0027 	 0.4296 	 0.7785 	 12.1356 	 7.2936 	 -15.7907 	 -5.7553 	 0.0000 	 0.0055 	 -5.6052 	 29.0000 	 0.8398 	 0.7597 	 0.0164 	 3.3966 	 5.2919 	 7.9012 	 -2.9130 	 0.0000 	 1.9084 	 0.0007 
30.0000 	 0.0024 	 0.7816 	 0.5056 	 1.4628 	 0.9315 	 -20.4056 	 -1.6572 	 0.0000 	 0.0001 	 2.8556 	 30.0000 	 0.6463 	 0.1149 	 0.9622 	 13.3311 	 3.3698 	 9.0049 	 -2.5336 	 0.0000 	 0.3298 	 0.0001 
26.0000 	 0.0012 	 0.8120 	 0.9550 	 11.5892 	 5.5535 	 -10.5895 	 -7.1775 	 0.0000 	 1.4783 	 2.8541 	 26.0000 	 0.7163 	 0.5143 	 0.0352 	 3.3075 	 9.0748 	 -5.2308 	 -1.8985 	 0.0000 	 1.8715 	 0.0000 
30.0000 	 0.0146 	 0.5946 	 0.6215 	 17.9946 	 4.1673 	 -9.7426 	 -3.6761 	 0.0000 	 0.0082 	 2.8541 	 30.0000 	 0.9385 	 0.9916 	 0.1600 	 9.6581 	 3.9873 	 3.5408 	 1.5232 	 0.0000 	 0.7444 	 0.0000 
21.0000 	 0.0143 	 0.5025 	 0.6666 	 5.5055 	 5.8215 	 -9.3942 	 -6.6470 	 0.0000 	 0.0023 	 2.8564 	 21.0000 	 0.0451 	 0.3731 	 0.3690 	 6.0063 	 7.2785 	 -5.9794 	 -1.7419 	 0.0000 	 2.3179 	 0.0002 
29.0000 	 0.0158 	 0.2582 	 0.9986 	 5.8555 	 8.6664 	 -14.7485 	 -6.4906 	 0.0000 	 0.0000 	 -54.9057 	 29.0000 	 0.7445 	 0.8964 	 0.8727 	 3.7416 	 9.0410 	 -2.2560 	 -3.4068 	 0.0000 	 2.6215 	 0.0003 
25.0000 	 0.0365 	 0.3321 	 0.9596 	 9.4237 	 4.7405 	 -13.3382 	 -2.5977 	 0.0000 	 0.0027 	 2.8541 	 25.0000 	 0.6157 	 0.7988 	 0.9171 	 10.0617 	 6.1225 	 2.9757 	 -1.1007 	 0.0000 	 0.1450 	 0.0000 
26.0000 	 0.0128 	 1.0000 	 0.8275 	 1.5046 	 1.8240 	 -52.3096 	 -7.1503 	 0.0000 	 0.0000 	 2.8541 	 26.0000 	 0.8520 	 0.5086 	 0.1226 	 10.7439 	 1.9188 	 8.4978 	 -3.7187 	 0.0000 	 2.4702 	 0.0000 
24.0000 	 0.0012 	 0.0523 	 1.0000 	 18.2424 	 6.9124 	 -3.9592 	 -2.7322 	 0.0000 	 0.0058 	 -14.4355 	 24.0000 	 0.1669 	 0.9635 	 0.9708 	 8.8384 	 0.7719 	 -5.8097 	 -4.1631 	 0.0000 	 1.1376 	 0.0000 
20.0000 	 0.0021 	 1.0000 	 0.7674 	 1.4625 	 13.9941 	 -13.6304 	 -5.0793 	 0.0000 	 0.0000 	 2.8540 	 20.0000 	 0.9623 	 0.6148 	 0.6942 	 3.2620 	 4.4650 	 5.6193 	 -1.0048 	 0.0000 	 1.0362 	 0.0000 
31.0000 	 0.0076 	 0.5543 	 0.5384 	 9.7020 	 0.7149 	 -10.6843 	 -5.4898 	 0.0000 	 0.0000 	 2.8546 	 31.0000 	 0.9517 	 0.3458 	 0.8722 	 5.4690 	 4.6305 	 8.6219 	 2.1035 	 0.0000 	 2.8533 	 0.0000 
29.0000 	 0.0010 	 0.8968 	 0.9976 	 1.1674 	 17.1562 	 -5.2874 	 -10.4681 	 0.0000 	 0.0002 	 2.8541 	 29.0000 	 0.1258 	 0.9284 	 0.0550 	 12.4289 	 1.9061 	 8.3815 	 4.9155 	 0.0000 	 0.8817 	 0.0000 
24.0000 	 0.0010 	 0.9951 	 0.6178 	 8.6561 	 0.1319 	 -10.5604 	 -4.7186 	 0.0000 	 0.0192 	 2.8541 	 24.0000 	 0.7891 	 0.1468 	 0.0796 	 13.8585 	 8.3115 	 -7.6510 	 4.7121 	 0.0000 	 0.2080 	 0.0001 
24.0000 	 0.2035 	 0.9849 	 0.8694 	 1.0554 	 11.9739 	 -42.9395 	 -30.0000 	 0.0000 	 0.0000 	 2.8562 	 24.0000 	 0.9902 	 0.3091 	 0.7083 	 11.4197 	 1.9116 	 -6.7361 	 1.9908 	 0.0000 	 2.4522 	 0.0000 
27.0000 	 0.0010 	 0.0025 	 0.0028 	 46.7999 	 7.8882 	 -74.3896 	 -5.9711 	 0.0000 	 9.8050 	 41.6871 	 27.0000 	 0.6282 	 0.1840 	 0.1894 	 6.8043 	 6.2920 	 -6.5189 	 2.2609 	 0.0000 	 2.5045 	 0.0470 
26.0000 	 0.0065 	 1.0000 	 0.9791 	 39.0068 	 27.5684 	 -14.9194 	 -19.8547 	 0.0000 	 0.0000 	 -28.1957 	 26.0000 	 0.2664 	 0.7019 	 0.9037 	 11.5567 	 6.6090 	 -4.0271 	 1.5131 	 0.0000 	 0.2931 	 0.1446 
22.0000 	 0.0018 	 0.0173 	 0.9861 	 49.8060 	 5.4486 	 -10.1865 	 -4.7151 	 0.0000 	 0.2908 	 2.8541 	 22.0000 	 0.3533 	 0.8225 	 0.7357 	 11.6224 	 7.1690 	 -2.5377 	 0.3009 	 0.0000 	 2.2236 	 0.0000 
24.0000 	 0.0072 	 0.0885 	 0.9997 	 38.4481 	 6.1927 	 -8.7100 	 -7.2342 	 0.0000 	 0.0000 	 2.8541 	 24.0000 	 0.5576 	 0.0337 	 0.6958 	 2.6954 	 0.5625 	 -9.1885 	 -2.0592 	 0.0000 	 2.1957 	 0.0000 
27.0000 	 0.0392 	 0.0980 	 0.9955 	 7.4173 	 4.9809 	 -3.1542 	 -5.0058 	 0.0000 	 0.6357 	 2.8541 	 27.0000 	 0.6773 	 0.1109 	 0.5785 	 2.5741 	 3.8862 	 -2.0545 	 -3.8002 	 0.0000 	 0.9710 	 0.0000 
23.0000 	 0.0054 	 0.9755 	 0.9636 	 1.3008 	 3.1610 	 -4.4003 	 -2.9766 	 0.0000 	 0.0396 	 2.8541 	 23.0000 	 0.8473 	 0.5631 	 0.5894 	 10.4926 	 7.5097 	 4.2755 	 -0.3225 	 0.0000 	 0.3823 	 0.0000 
17.0000 	 0.0011 	 0.3402 	 0.9907 	 7.3862 	 6.6505 	 -12.3910 	 -5.0328 	 0.0000 	 0.0019 	 -4.5157 	 17.0000 	 0.6937 	 0.7275 	 0.3610 	 8.5208 	 9.2828 	 -3.7434 	 0.9479 	 0.0000 	 1.1887 	 0.0000 
26.0000 	 0.0010 	 1.0000 	 1.0000 	 8.2951 	 2.3926 	 -5.7129 	 -17.0215 	 0.0000 	 0.7411 	 2.8427 	 26.0000 	 0.5329 	 0.0362 	 0.2851 	 8.5248 	 5.7786 	 9.7017 	 1.9860 	 0.0000 	 2.8239 	 0.0003 
21.0000 	 0.0212 	 0.1598 	 0.9533 	 12.4682 	 3.3450 	 -11.1987 	 -6.8240 	 0.0000 	 0.0001 	 2.8541 	 21.0000 	 0.1792 	 0.9640 	 0.1660 	 8.6539 	 8.8902 	 -9.7407 	 0.6968 	 0.0000 	 2.8447 	 0.0000 
25.0000 	 0.0129 	 0.9992 	 0.7376 	 1.2296 	 0.0409 	 -15.3973 	 -0.5444 	 0.0000 	 0.0010 	 2.8541 	 25.0000 	 0.8835 	 0.9736 	 0.4061 	 9.5599 	 2.2181 	 -7.1289 	 -3.5606 	 0.0000 	 0.0495 	 0.0000 
28.0000 	 0.3705 	 0.5820 	 0.9679 	 25.0344 	 6.6956 	 -10.1942 	 -2.7814 	 0.0000 	 0.1331 	 2.8541 	 28.0000 	 0.5067 	 0.5672 	 0.8038 	 14.9866 	 5.4299 	 -9.5509 	 -1.4850 	 0.0000 	 1.4774 	 0.0000 
23.0000 	 0.0010 	 0.0177 	 0.0010 	 6.9121 	 8.2341 	 -8.0142 	 -1.5073 	 0.0000 	 0.0060 	 41.6977 	 23.0000 	 0.2461 	 0.5037 	 0.5129 	 4.5457 	 4.0378 	 3.6112 	 1.4617 	 0.0000 	 2.6930 	 0.0426 
17.0000 	 0.0012 	 0.1431 	 0.9473 	 5.3605 	 1.1966 	 -6.3226 	 -2.7335 	 0.0000 	 0.0008 	 2.8563 	 17.0000 	 0.4890 	 0.7049 	 0.4472 	 12.6046 	 6.1275 	 -1.1435 	 0.8197 	 0.0000 	 0.5824 	 0.0005 
27.0000 	 0.0013 	 0.8476 	 0.5002 	 30.9055 	 3.8166 	 -13.3267 	 -9.3854 	 0.0000 	 0.4640 	 2.8545 	 27.0000 	 0.5546 	 0.4227 	 0.5540 	 11.7972 	 8.4522 	 -6.7650 	 2.4333 	 0.0000 	 0.2364 	 0.0001 
21.0000 	 0.0059 	 0.4681 	 1.0000 	 1.5045 	 0.0000 	 -3.5333 	 -3.3040 	 0.0000 	 0.0002 	 -19.8712 	 21.0000 	 0.5106 	 0.7100 	 0.1814 	 6.4256 	 5.8903 	 -2.6485 	 4.6258 	 0.0000 	 2.2511 	 0.1913 
20.0000 	 0.0012 	 0.7490 	 0.6451 	 17.2012 	 0.9014 	 -14.3585 	 -3.5260 	 0.0000 	 0.0000 	 2.8542 	 20.0000 	 0.2626 	 0.2974 	 0.6948 	 3.9644 	 9.8875 	 -9.1027 	 2.2863 	 0.0000 	 0.0966 	 0.0001 
19.0000 	 0.0064 	 0.7041 	 0.8738 	 14.8422 	 0.0391 	 -0.8594 	 -1.8359 	 0.0000 	 0.0042 	 -3.7384 	 19.0000 	 0.6493 	 0.1195 	 0.2730 	 11.1113 	 8.8182 	 6.6337 	 -4.9412 	 0.0000 	 2.5649 	 0.7136 
14.0000 	 0.0026 	 1.0000 	 0.9160 	 11.8823 	 2.2466 	 -10.9153 	 -5.4476 	 0.0000 	 0.0624 	 2.8541 	 14.0000 	 0.2325 	 0.1200 	 0.4883 	 13.9718 	 6.4739 	 -4.5626 	 -3.0896 	 0.0000 	 1.7500 	 0.0000 
20.0000 	 0.0165 	 0.8439 	 0.7419 	 21.8995 	 7.5030 	 -6.0246 	 -4.3757 	 0.0000 	 0.0195 	 2.8544 	 20.0000 	 0.1505 	 0.9904 	 0.2850 	 11.6689 	 6.3068 	 -5.0711 	 -2.2481 	 0.0000 	 0.6833 	 0.0000 
24.0000 	 0.0010 	 0.0093 	 0.0011 	 12.2818 	 0.4051 	 -38.5773 	 -29.8764 	 0.0000 	 0.0138 	 41.5677 	 24.0000 	 0.2984 	 0.1097 	 0.2879 	 10.0106 	 6.9760 	 5.6616 	 3.0314 	 0.0000 	 0.4373 	 0.0448 
25.0000 	 0.2621 	 0.9783 	 0.9966 	 3.4888 	 0.0000 	 -10.1147 	 -6.9629 	 0.0000 	 1.3515 	 2.8541 	 25.0000 	 0.9010 	 0.8781 	 0.7042 	 3.1988 	 5.2294 	 -7.6422 	 -4.5019 	 0.0000 	 2.9850 	 0.0000 
19.0000 	 0.0064 	 0.4344 	 0.9003 	 5.0503 	 4.3987 	 -12.0718 	 -4.8553 	 0.0000 	 0.0061 	 2.8541 	 19.0000 	 0.7636 	 0.2760 	 0.0179 	 9.8809 	 9.5876 	 4.6375 	 -3.2474 	 0.0000 	 0.0680 	 0.0000 
13.0000 	 0.0010 	 0.6506 	 0.9942 	 49.9999 	 9.0385 	 -12.4656 	 -20.5528 	 0.0000 	 0.0001 	 2.8541 	 13.0000 	 0.6841 	 0.1730 	 0.0385 	 6.9647 	 2.7393 	 6.9396 	 -0.1101 	 0.0000 	 2.3455 	 0.0000 
17.0000 	 0.0011 	 0.0057 	 1.0000 	 50.0000 	 0.0011 	 -7.8072 	 -11.4315 	 0.0000 	 0.0001 	 4.4922 	 17.0000 	 0.9655 	 0.5623 	 0.1816 	 12.1322 	 6.4826 	 8.9855 	 -4.0921 	 0.0000 	 1.5128 	 0.0133 
11.0000 	 0.0012 	 0.9775 	 0.9996 	 9.2341 	 0.0000 	 -1.6696 	 -10.4846 	 0.0000 	 0.0000 	 2.8541 	 11.0000 	 0.3840 	 0.4795 	 0.3310 	 12.2270 	 9.7741 	 5.3898 	 2.0270 	 0.0000 	 1.0479 	 0.0000 
24.0000 	 0.0086 	 0.0471 	 1.0000 	 14.8255 	 3.4074 	 -4.4930 	 -3.6332 	 0.0000 	 0.1535 	 2.8541 	 24.0000 	 0.2782 	 0.2267 	 0.1706 	 5.3973 	 3.5563 	 -7.0855 	 -2.6811 	 0.0000 	 2.7321 	 0.0000 
20.0000 	 0.0038 	 0.8067 	 0.6050 	 45.6253 	 5.1375 	 -7.0622 	 -11.9479 	 0.0000 	 0.1257 	 2.8555 	 20.0000 	 0.8890 	 0.6635 	 0.0751 	 7.5698 	 3.0978 	 -9.8387 	 -2.3988 	 0.0000 	 0.5204 	 0.0001 
20.0000 	 0.0018 	 0.0661 	 0.8952 	 39.2121 	 5.3136 	 -25.0373 	 -7.1590 	 0.0000 	 0.0152 	 2.8541 	 20.0000 	 0.7510 	 0.9964 	 0.4187 	 12.5229 	 4.8106 	 -3.4249 	 1.9984 	 0.0000 	 2.2644 	 0.0000 
17.0000 	 0.0010 	 0.7144 	 0.5926 	 2.2726 	 0.4244 	 -4.6922 	 -1.8331 	 0.0000 	 0.0001 	 2.8576 	 17.0000 	 0.0539 	 0.4565 	 0.9686 	 12.2805 	 7.7567 	 9.2222 	 -1.5737 	 0.0000 	 1.3551 	 0.0001 
23.0000 	 0.0022 	 0.0021 	 0.0010 	 32.6298 	 10.3870 	 7.1265 	 -14.7424 	 0.0000 	 0.0000 	 59.0907 	 23.0000 	 0.0978 	 0.6496 	 0.0421 	 3.0078 	 5.1761 	 2.1307 	 -0.4191 	 0.0000 	 2.2763 	 0.2958 
10.0000 	 0.0103 	 0.6739 	 1.0000 	 12.4774 	 0.0000 	 -1.6016 	 -1.9580 	 0.0000 	 0.0000 	 1.8998 	 10.0000 	 0.7390 	 0.0839 	 0.3690 	 7.9222 	 4.4830 	 -5.8655 	 3.5162 	 0.0000 	 2.2467 	 0.3188 
25.0000 	 0.0992 	 1.0000 	 0.9668 	 13.1074 	 5.0830 	 -13.7988 	 -6.2451 	 0.0000 	 0.0009 	 2.8199 	 25.0000 	 0.2120 	 0.9394 	 0.3827 	 7.5346 	 2.1838 	 -2.9720 	 -3.8078 	 0.0000 	 1.8630 	 0.0001 
17.0000 	 0.0015 	 0.2706 	 0.6460 	 11.7503 	 7.1302 	 -6.0684 	 -5.3382 	 0.0000 	 0.0000 	 2.8577 	 17.0000 	 0.4188 	 0.8450 	 0.0219 	 13.0523 	 6.0808 	 3.2554 	 -0.1643 	 0.0000 	 1.7077 	 0.0001 
8.0000 	 0.0011 	 0.7438 	 1.0000 	 40.6121 	 6.0242 	 -12.4463 	 -7.7454 	 0.0000 	 0.0017 	 2.8541 	 8.0000 	 0.2802 	 0.6632 	 0.1881 	 2.0077 	 8.5580 	 -1.6459 	 -0.8890 	 0.0000 	 2.4564 	 0.0000 
16.0000 	 0.0460 	 0.9434 	 0.9975 	 7.6195 	 2.5692 	 -9.8196 	 -11.9196 	 0.0000 	 1.1378 	 2.8541 	 16.0000 	 0.1143 	 0.4567 	 0.9824 	 13.4651 	 3.3859 	 -4.6217 	 4.2921 	 0.0000 	 0.0238 	 0.0000 
18.0000 	 0.0013 	 0.0206 	 0.9982 	 44.9735 	 7.3092 	 -18.5700 	 -8.9699 	 0.0000 	 0.0009 	 2.8541 	 18.0000 	 0.4085 	 0.9267 	 0.3910 	 7.4887 	 0.7257 	 9.7294 	 4.5471 	 0.0000 	 1.4155 	 0.0000 
22.0000 	 0.0025 	 0.0944 	 1.0000 	 12.2324 	 0.0000 	 -8.1569 	 -0.1492 	 0.0000 	 0.0050 	 2.8541 	 22.0000 	 0.6954 	 0.9790 	 0.8174 	 10.8269 	 8.7065 	 5.4299 	 -3.7368 	 0.0000 	 0.0898 	 0.0000 
7.0000 	 0.0013 	 0.1132 	 0.7212 	 19.7890 	 8.3808 	 -1.6901 	 -3.3807 	 0.0000 	 0.0002 	 2.4164 	 7.0000 	 0.3142 	 0.6313 	 0.5799 	 7.1163 	 3.3310 	 -5.5243 	 0.7275 	 0.0000 	 0.4078 	 0.0012 
14.0000 	 0.0011 	 0.3320 	 0.6796 	 9.0791 	 3.2671 	 -3.3212 	 -5.0721 	 0.0000 	 0.0000 	 2.8556 	 14.0000 	 0.9852 	 0.0174 	 0.9010 	 13.7205 	 2.7494 	 4.4174 	 3.8215 	 0.0000 	 0.2438 	 0.0001 
4.0000 	 0.9895 	 0.7135 	 0.6167 	 15.9737 	 10.1099 	 -1.8848 	 -2.1844 	 0.0000 	 1.6081 	 88.1444 	 4.0000 	 0.9254 	 0.7368 	 0.2351 	 10.4314 	 9.6215 	 4.6188 	 1.6821 	 0.0000 	 1.4106 	 0.3717 
21.0000 	 0.0010 	 0.1926 	 0.9955 	 2.9972 	 8.6059 	 -10.6009 	 -6.6610 	 0.0000 	 0.0125 	 2.8543 	 21.0000 	 0.9090 	 0.5531 	 0.6834 	 5.0755 	 8.5625 	 0.8985 	 3.1475 	 0.0000 	 1.9647 	 0.0002 
15.0000 	 0.0012 	 0.6136 	 0.8995 	 27.7007 	 0.0949 	 -33.7700 	 -0.9905 	 0.0000 	 0.0000 	 2.8541 	 15.0000 	 0.7577 	 0.4684 	 0.4462 	 6.8747 	 8.9719 	 8.8807 	 3.6893 	 0.0000 	 0.0520 	 0.0000 
22.0000 	 0.0022 	 0.7621 	 0.9593 	 26.8701 	 32.5711 	 -45.6531 	 -24.0335 	 0.0000 	 3.4436 	 2.8541 	 22.0000 	 0.2612 	 0.3349 	 0.9795 	 10.8371 	 8.6045 	 3.5439 	 1.0472 	 0.0000 	 1.0752 	 0.0000 
18.0000 	 0.2150 	 0.9992 	 1.0000 	 1.8952 	 0.0269 	 -30.3125 	 -1.9092 	 0.0000 	 0.0036 	 2.8531 	 18.0000 	 0.6271 	 0.2464 	 0.1182 	 12.3898 	 5.1917 	 -4.5533 	 1.9514 	 0.0000 	 1.1686 	 0.0027 
16.0000 	 0.0026 	 0.2281 	 0.8341 	 6.0589 	 12.0392 	 -6.6905 	 -7.3642 	 0.0000 	 0.0000 	 2.8548 	 16.0000 	 0.4890 	 0.5146 	 0.4316 	 4.5754 	 5.0474 	 -1.0076 	 0.8269 	 0.0000 	 0.5206 	 0.0000 
22.0000 	 0.0024 	 0.1767 	 0.6592 	 7.2023 	 4.4260 	 -10.6844 	 -5.6510 	 0.0000 	 0.0108 	 2.8591 	 22.0000 	 0.5260 	 0.1182 	 0.5578 	 10.9170 	 8.6359 	 4.4169 	 -3.4318 	 0.0000 	 0.0367 	 0.0001 
15.0000 	 0.0036 	 1.0000 	 0.9992 	 1.2018 	 3.1897 	 -7.9810 	 -5.2075 	 0.0000 	 0.0009 	 2.8541 	 15.0000 	 0.1062 	 0.8649 	 0.6971 	 13.3513 	 7.7083 	 6.4749 	 1.1744 	 0.0000 	 1.8161 	 0.0000 
19.0000 	 0.0096 	 0.7552 	 0.9983 	 4.0928 	 1.8503 	 -4.1162 	 -5.4562 	 0.0000 	 0.0546 	 2.8541 	 19.0000 	 0.7160 	 0.0287 	 0.6813 	 8.9379 	 8.7662 	 6.2881 	 -4.0441 	 0.0000 	 0.8802 	 0.0000 
16.0000 	 0.0121 	 0.5916 	 0.8378 	 27.4077 	 4.9568 	 -10.9385 	 -5.0612 	 0.0000 	 0.0761 	 2.8510 	 16.0000 	 0.5239 	 0.7742 	 0.4227 	 7.9785 	 3.9855 	 -6.9324 	 -2.8538 	 0.0000 	 1.2396 	 0.0001 
18.0000 	 0.0049 	 0.3339 	 0.9999 	 22.5230 	 2.4890 	 -10.8980 	 -2.8748 	 0.0000 	 0.0027 	 2.8541 	 18.0000 	 0.8788 	 0.9738 	 0.7146 	 8.6718 	 9.6670 	 2.3038 	 0.6460 	 0.0000 	 1.8154 	 0.0000 
15.0000 	 0.0010 	 0.0046 	 0.0017 	 40.3540 	 24.1483 	 -26.7568 	 -11.9712 	 0.0000 	 0.0000 	 42.6103 	 15.0000 	 0.2728 	 0.3200 	 0.1054 	 2.4064 	 4.1588 	 1.0218 	 3.1006 	 0.0000 	 2.0114 	 0.0465 
12.0000 	 0.1691 	 0.8977 	 1.0000 	 5.3406 	 12.8711 	 -10.5957 	 -7.8320 	 0.0000 	 0.0000 	 2.8541 	 12.0000 	 0.9938 	 0.9149 	 0.1956 	 5.0204 	 2.3568 	 1.4060 	 1.2616 	 0.0000 	 2.7147 	 0.0000 
15.0000 	 0.0010 	 0.0202 	 0.0010 	 9.0278 	 16.9350 	 -24.5982 	 -4.5720 	 0.0000 	 8.8864 	 43.1118 	 15.0000 	 0.8509 	 0.7816 	 0.4674 	 9.5020 	 7.5494 	 2.6793 	 0.3096 	 0.0000 	 1.5847 	 0.0369 
10.0000 	 0.0218 	 0.9582 	 0.9999 	 4.4711 	 0.1478 	 -26.3222 	 -11.4459 	 0.0000 	 0.0000 	 -12.7966 	 10.0000 	 0.8263 	 0.2542 	 0.3157 	 2.7718 	 5.1710 	 9.2396 	 -0.6455 	 0.0000 	 2.7225 	 0.0001 
20.0000 	 0.0040 	 0.2834 	 1.0000 	 6.1620 	 0.9048 	 -3.1175 	 -3.4714 	 0.0000 	 0.0001 	 2.8312 	 20.0000 	 0.3968 	 0.2709 	 0.1255 	 13.3921 	 6.8988 	 -6.2075 	 0.1667 	 0.0000 	 0.8683 	 0.0001 
17.0000 	 0.0023 	 0.7908 	 0.9224 	 1.0952 	 1.9424 	 -9.7423 	 -3.9165 	 0.0000 	 0.0016 	 2.8541 	 17.0000 	 0.5023 	 0.4150 	 0.4028 	 6.2211 	 4.3214 	 -2.1149 	 -0.9215 	 0.0000 	 2.5653 	 0.0000 
10.0000 	 0.0020 	 0.9776 	 0.9387 	 10.7453 	 9.2568 	 -9.2978 	 -4.6616 	 0.0000 	 1.8020 	 2.8542 	 10.0000 	 0.7868 	 0.8784 	 0.7910 	 6.8686 	 5.0914 	 -9.3029 	 -4.0909 	 0.0000 	 1.5157 	 0.0000 
12.0000 	 0.0023 	 0.2465 	 0.9990 	 49.9356 	 1.1391 	 -7.1558 	 -7.9020 	 0.0000 	 0.0002 	 -47.2732 	 12.0000 	 0.9551 	 0.7455 	 0.9754 	 11.7788 	 7.1522 	 6.6007 	 -2.7161 	 0.0000 	 0.6238 	 0.0000 
8.0000 	 0.0010 	 1.0000 	 0.8563 	 1.7050 	 0.0525 	 -15.4199 	 -6.9885 	 0.0000 	 0.0545 	 2.8843 	 8.0000 	 0.7565 	 0.8450 	 0.5957 	 5.9033 	 1.2417 	 -4.2674 	 0.5361 	 0.0000 	 1.8150 	 0.0015 
19.0000 	 0.0010 	 0.1758 	 0.4347 	 10.2536 	 0.0061 	 -18.4041 	 -0.1760 	 0.0000 	 0.0000 	 3.1266 	 19.0000 	 0.5594 	 0.0018 	 0.9239 	 7.9389 	 1.3108 	 4.2102 	 -2.6109 	 0.0000 	 0.7355 	 0.0028 
6.0000 	 0.9927 	 0.0148 	 0.1426 	 1.4114 	 2.3531 	 -14.7582 	 -7.2236 	 0.0000 	 0.0030 	 34.5764 	 6.0000 	 0.1219 	 0.0403 	 0.5737 	 5.7412 	 6.5396 	 -8.8996 	 2.2564 	 0.0000 	 0.6472 	 0.9860 
8.0000 	 0.0016 	 0.0701 	 0.8721 	 22.3241 	 0.0000 	 -74.8647 	 29.2633 	 0.0000 	 6.1179 	 -49.5001 	 8.0000 	 0.7966 	 0.8319 	 0.7700 	 5.5902 	 9.1649 	 1.8272 	 -0.3416 	 0.0000 	 2.9669 	 0.0013 
12.0000 	 0.0128 	 0.9914 	 0.9985 	 2.9295 	 23.5622 	 -8.9103 	 -10.8870 	 0.0000 	 0.0164 	 2.8541 	 12.0000 	 0.1433 	 0.8654 	 0.5285 	 6.6267 	 4.7669 	 3.3178 	 4.4990 	 0.0000 	 1.6650 	 0.0000 
12.0000 	 0.0286 	 1.0000 	 0.9942 	 2.2029 	 3.3487 	 -9.5073 	 -5.5224 	 0.0000 	 0.0193 	 2.8541 	 12.0000 	 0.7846 	 0.7764 	 0.8806 	 4.4337 	 4.5067 	 -9.7510 	 -2.2978 	 0.0000 	 0.2229 	 0.0002 
16.0000 	 0.0013 	 0.7466 	 0.8493 	 1.5300 	 0.1634 	 -21.1773 	 -19.8429 	 0.0000 	 1.0714 	 2.8541 	 16.0000 	 0.8158 	 0.6554 	 0.7165 	 4.1710 	 7.9242 	 -1.1665 	 4.1610 	 0.0000 	 2.0474 	 0.0000 
6.0000 	 0.0024 	 0.9569 	 1.0000 	 2.1307 	 13.3054 	 -27.6703 	 -20.4260 	 0.0000 	 0.0027 	 2.8541 	 6.0000 	 0.0858 	 0.7185 	 0.4759 	 1.5651 	 9.2168 	 -1.2183 	 -4.3934 	 0.0000 	 1.9891 	 0.0000 
17.0000 	 0.0057 	 0.3518 	 1.0000 	 23.6004 	 3.0469 	 -7.6489 	 -2.6672 	 0.0000 	 0.0011 	 2.8189 	 17.0000 	 0.2736 	 0.5262 	 0.7467 	 3.5727 	 0.6225 	 1.6278 	 3.0846 	 0.0000 	 0.7308 	 0.0019 
3.0000 	 0.0012 	 0.0916 	 0.9686 	 31.2017 	 9.9155 	 -8.2143 	 -5.3487 	 0.0000 	 0.0022 	 3.0863 	 3.0000 	 0.5910 	 0.3148 	 0.0842 	 8.3628 	 0.1681 	 9.9784 	 0.6371 	 0.0000 	 2.8238 	 0.0025 
6.0000 	 0.9800 	 0.0059 	 0.6717 	 3.0126 	 1.8262 	 -1.2695 	 -4.4434 	 0.0000 	 0.0015 	 45.3388 	 6.0000 	 0.8640 	 0.6478 	 0.6146 	 1.2485 	 5.8204 	 9.6528 	 -4.9841 	 0.0000 	 2.2903 	 0.9822 
17.0000 	 0.0077 	 0.8049 	 0.9023 	 1.5158 	 28.6186 	 -21.7484 	 -18.1683 	 0.0000 	 0.0000 	 2.8541 	 17.0000 	 0.1757 	 0.8502 	 0.4540 	 10.3523 	 8.6324 	 -0.6776 	 2.0854 	 0.0000 	 1.9339 	 0.0000 
1.0000 	 0.0010 	 0.0010 	 0.1896 	 1.0000 	 1.2158 	 -4.4238 	 4.2529 	 0.0000 	 0.0001 	 19.9627 	 1.0000 	 0.2374 	 0.8629 	 0.7461 	 1.6529 	 3.9203 	 -3.5645 	 4.0365 	 0.0000 	 1.8586 	 0.3473 
10.0000 	 0.0106 	 0.3574 	 0.9716 	 7.1810 	 0.0104 	 -16.9641 	 -3.0695 	 0.0000 	 0.0000 	 2.8542 	 10.0000 	 0.0272 	 0.2713 	 0.5200 	 13.8075 	 2.5562 	 -3.9543 	 -0.0009 	 0.0000 	 1.6057 	 0.0000 
1.0000 	 0.0115 	 0.0010 	 0.0010 	 1.0000 	 7.8222 	 -11.4910 	 1.2931 	 0.0000 	 0.0000 	 28.2964 	 1.0000 	 0.8615 	 0.0903 	 0.9425 	 3.8032 	 2.6196 	 1.3261 	 -4.5135 	 0.0000 	 1.7349 	 0.8853 
5.0000 	 0.0055 	 0.9061 	 0.9933 	 1.7074 	 1.9977 	 -43.3084 	 -9.7572 	 0.0000 	 4.1981 	 2.6099 	 5.0000 	 0.1955 	 0.5198 	 0.5125 	 13.3310 	 5.2196 	 4.8864 	 -1.6633 	 0.0000 	 2.4351 	 0.0005 
15.0000 	 0.0394 	 0.8553 	 0.9619 	 5.4776 	 13.1073 	 -15.9189 	 -4.4091 	 0.0000 	 0.0214 	 2.8541 	 15.0000 	 0.5990 	 0.7871 	 0.0520 	 13.8595 	 3.7521 	 9.5190 	 -1.0665 	 0.0000 	 0.0401 	 0.0000 
7.0000 	 0.0113 	 0.8950 	 0.9301 	 11.6640 	 0.8019 	 -8.3867 	 -13.8461 	 0.0000 	 1.1357 	 2.8740 	 7.0000 	 0.5091 	 0.8842 	 0.9321 	 12.1958 	 3.8456 	 -6.4308 	 -0.9015 	 0.0000 	 0.7224 	 0.0002 
4.0000 	 0.0025 	 1.0000 	 1.0000 	 1.1754 	 0.2213 	 -15.3760 	 -23.4946 	 0.0000 	 0.0000 	 2.8541 	 4.0000 	 0.6113 	 0.4986 	 0.3348 	 10.1357 	 2.3777 	 2.0907 	 -0.4203 	 0.0000 	 0.9780 	 0.0001 
14.0000 	 0.0435 	 0.7833 	 0.8383 	 1.0523 	 0.0001 	 -24.5523 	 1.7965 	 0.0000 	 0.0019 	 -1.7339 	 14.0000 	 0.1886 	 0.4468 	 0.5354 	 3.2979 	 6.9197 	 -9.2878 	 3.2072 	 0.0000 	 0.6551 	 0.0030 
9.0000 	 0.0010 	 0.1137 	 0.9980 	 38.5764 	 14.3737 	 -5.9926 	 -7.2784 	 0.0000 	 0.0008 	 2.8541 	 9.0000 	 0.0063 	 0.1849 	 0.2370 	 12.1158 	 5.9139 	 -2.9966 	 0.4266 	 0.0000 	 2.9621 	 0.0000 
6.0000 	 0.0070 	 0.9861 	 0.9981 	 2.2575 	 0.4879 	 -4.2408 	 -4.4188 	 0.0000 	 0.0000 	 -30.9647 	 6.0000 	 0.2508 	 0.5368 	 0.2750 	 11.6767 	 9.1896 	 -7.6090 	 0.0560 	 0.0000 	 0.7963 	 0.0033 
7.0000 	 0.0010 	 0.0431 	 0.9992 	 35.6761 	 0.5261 	 -0.5298 	 -4.8987 	 0.0000 	 0.0005 	 2.8613 	 7.0000 	 0.5220 	 0.1722 	 0.0610 	 2.3115 	 7.7898 	 8.5443 	 4.7972 	 0.0000 	 2.5095 	 0.0009 
5.0000 	 0.0067 	 0.8342 	 1.0000 	 7.3237 	 1.2799 	 -4.7131 	 -9.0115 	 0.0000 	 0.0000 	 2.8438 	 5.0000 	 0.3103 	 0.0966 	 0.7847 	 12.3487 	 8.1795 	 5.9046 	 -0.1373 	 0.0000 	 2.5082 	 0.0115 
16.0000 	 0.0090 	 0.9329 	 0.9905 	 1.5242 	 8.9669 	 -16.2654 	 -5.2337 	 0.0000 	 0.0526 	 2.8541 	 16.0000 	 0.9132 	 0.6002 	 0.0906 	 10.0758 	 1.5860 	 -0.1583 	 -3.8522 	 0.0000 	 0.4748 	 0.0000 
5.0000 	 0.9989 	 0.1010 	 0.0194 	 2.7079 	 6.6815 	 -10.8362 	 1.9070 	 0.0000 	 0.0000 	 25.0117 	 5.0000 	 0.3738 	 0.4122 	 0.9072 	 14.0907 	 6.6953 	 -3.2833 	 3.6835 	 0.0000 	 1.2650 	 0.5813 
11.0000 	 0.0150 	 0.2506 	 1.0000 	 27.7605 	 10.2006 	 -19.2663 	 -29.7571 	 0.0000 	 0.0000 	 -8.0049 	 11.0000 	 0.8119 	 0.3263 	 0.2942 	 12.3811 	 9.8218 	 -4.7665 	 -2.4569 	 0.0000 	 1.6736 	 0.0001 
9.0000 	 0.0342 	 0.5208 	 1.0000 	 2.7740 	 3.2719 	 -4.4530 	 -6.8583 	 0.0000 	 0.2348 	 2.8543 	 9.0000 	 0.0444 	 0.1630 	 0.4634 	 10.4579 	 1.3717 	 1.8724 	 -0.5737 	 0.0000 	 2.7841 	 0.0001 
3.0000 	 0.0011 	 0.0876 	 1.0000 	 48.3481 	 3.6738 	 -9.6343 	 -7.4257 	 0.0000 	 0.1176 	 2.8607 	 3.0000 	 0.9205 	 0.6435 	 0.7814 	 8.3705 	 8.6344 	 -3.4973 	 3.3137 	 0.0000 	 2.8510 	 0.0015 
3.0000 	 0.0010 	 0.9309 	 1.0000 	 7.4451 	 0.0002 	 -48.5771 	 -17.2256 	 0.0000 	 9.9923 	 2.8127 	 3.0000 	 0.0858 	 0.5887 	 0.3151 	 4.9980 	 2.5098 	 -4.7052 	 -3.8490 	 0.0000 	 2.1357 	 0.0003 
2.0000 	 0.0010 	 1.0000 	 0.0987 	 44.8017 	 15.5249 	 -12.2778 	 -6.7200 	 0.0000 	 0.0169 	 24.4309 	 2.0000 	 0.7071 	 0.4539 	 0.6044 	 12.3116 	 4.0325 	 0.9294 	 -1.0980 	 0.0000 	 2.7214 	 0.0164 
2.0000 	 0.0010 	 0.6627 	 1.0000 	 43.6468 	 0.0000 	 -35.7617 	 -24.1345 	 0.0000 	 0.1011 	 2.8597 	 2.0000 	 0.8737 	 0.8886 	 0.1230 	 12.1738 	 2.2586 	 -9.5502 	 -4.5969 	 0.0000 	 0.8425 	 0.0001 
14.0000 	 0.0210 	 0.9901 	 0.8201 	 5.5914 	 1.3485 	 -9.8233 	 -3.2677 	 0.0000 	 0.0006 	 2.8566 	 14.0000 	 0.0946 	 0.7235 	 0.5904 	 4.0630 	 2.5287 	 -1.3256 	 -1.0779 	 0.0000 	 0.4366 	 0.0004 
11.0000 	 0.0041 	 0.0897 	 0.9539 	 15.0243 	 6.7451 	 -9.3748 	 -1.7035 	 0.0000 	 0.1460 	 2.8585 	 11.0000 	 0.7521 	 0.8046 	 0.2175 	 13.6259 	 2.3321 	 -0.2871 	 -4.5322 	 0.0000 	 1.7518 	 0.0001 
3.0000 	 0.0211 	 0.2761 	 0.9996 	 26.4153 	 0.0000 	 0.6653 	 -4.5580 	 0.0000 	 0.0001 	 1.8551 	 3.0000 	 0.6215 	 0.2741 	 0.6393 	 13.6111 	 2.9010 	 -4.5698 	 -4.9046 	 0.0000 	 2.0095 	 0.0005 
14.0000 	 0.0017 	 0.1200 	 0.9945 	 9.2915 	 5.2266 	 -14.2235 	 -5.1483 	 0.0000 	 0.7325 	 2.8541 	 14.0000 	 0.4829 	 0.5145 	 0.9926 	 7.9899 	 4.8933 	 0.9270 	 -3.5952 	 0.0000 	 2.3723 	 0.0000 
2.0000 	 0.0026 	 0.0010 	 0.6599 	 1.0000 	 9.8303 	 -3.8696 	 0.8276 	 0.0000 	 2.2583 	 42.8628 	 2.0000 	 0.1798 	 0.8145 	 0.5567 	 4.1722 	 0.8490 	 3.1805 	 -1.7275 	 0.0000 	 1.3630 	 0.3217 
13.0000 	 0.0014 	 1.0000 	 0.5008 	 15.7521 	 0.0000 	 -37.9883 	 1.4209 	 0.0000 	 7.1885 	 -43.3258 	 13.0000 	 0.9230 	 0.3836 	 0.1200 	 6.2578 	 7.9269 	 8.5108 	 1.7541 	 0.0000 	 2.6235 	 4.6467 
10.0000 	 0.0089 	 0.5589 	 0.8303 	 13.9971 	 4.8049 	 -10.6332 	 -5.4125 	 0.0000 	 0.0034 	 -7.1979 	 10.0000 	 0.5109 	 0.7048 	 0.2122 	 4.3756 	 4.5669 	 -2.5360 	 1.2657 	 0.0000 	 0.1559 	 0.0003 
13.0000 	 0.0010 	 0.9128 	 0.6806 	 6.4464 	 0.0107 	 -3.8068 	 -1.6705 	 0.0000 	 0.0000 	 -41.8505 	 13.0000 	 0.0197 	 0.4258 	 0.2834 	 1.8287 	 8.9873 	 -9.3858 	 -1.9317 	 0.0000 	 2.0176 	 0.0000 
11.0000 	 0.0010 	 0.4130 	 0.9805 	 7.7800 	 0.1872 	 -6.2442 	 -0.1706 	 0.0000 	 0.0000 	 -1.1630 	 11.0000 	 0.1791 	 0.0149 	 0.3993 	 9.1049 	 5.6761 	 -4.9107 	 -3.1238 	 0.0000 	 1.9800 	 0.0019 
11.0000 	 0.0025 	 0.3738 	 1.0000 	 5.9680 	 8.4265 	 -11.7407 	 -4.6960 	 0.0000 	 0.1028 	 2.8450 	 11.0000 	 0.6557 	 0.4121 	 0.6057 	 9.7879 	 1.3757 	 6.4281 	 0.3241 	 0.0000 	 2.3631 	 0.0001 
8.0000 	 0.0030 	 0.1943 	 0.9827 	 45.2924 	 27.0684 	 -10.0788 	 -23.6203 	 0.0000 	 1.3304 	 2.8502 	 8.0000 	 0.7072 	 0.7189 	 0.7966 	 5.7532 	 6.2470 	 9.2803 	 -2.7644 	 0.0000 	 2.3874 	 0.0005 
10.0000 	 0.0011 	 0.9891 	 0.8377 	 1.0000 	 0.0000 	 -100.0000 	 -30.0000 	 0.0000 	 9.9999 	 2.8578 	 10.0000 	 0.6827 	 0.3394 	 0.6375 	 10.8151 	 3.0889 	 7.4713 	 -2.0424 	 0.0000 	 2.1997 	 0.0001 
6.0000 	 0.1336 	 0.4516 	 1.0000 	 11.9374 	 3.7046 	 -5.3616 	 -3.8725 	 0.0000 	 0.0034 	 2.8604 	 6.0000 	 0.2951 	 0.4819 	 0.8192 	 8.0977 	 0.6322 	 -1.5386 	 3.8700 	 0.0000 	 2.7628 	 0.0002 
10.0000 	 0.0281 	 0.9366 	 1.0000 	 17.5880 	 9.4404 	 -2.8965 	 -4.3362 	 0.0000 	 0.0000 	 2.8541 	 10.0000 	 0.6653 	 0.6214 	 0.5555 	 8.5214 	 8.3668 	 -4.4460 	 -2.2489 	 0.0000 	 0.4525 	 0.0000 
5.0000 	 0.0187 	 0.2707 	 0.9979 	 21.1037 	 0.2991 	 0.9357 	 -9.6497 	 0.0000 	 0.0000 	 2.8557 	 5.0000 	 0.4618 	 0.9934 	 0.5794 	 4.7969 	 0.4106 	 -6.5512 	 3.3134 	 0.0000 	 1.3895 	 0.0001 
8.0000 	 0.0013 	 0.8727 	 0.9777 	 1.4515 	 1.3406 	 -17.1221 	 -16.5810 	 0.0000 	 0.0000 	 2.8543 	 8.0000 	 0.6991 	 0.7337 	 0.5747 	 14.1371 	 3.8154 	 -9.1462 	 0.2845 	 0.0000 	 1.6721 	 0.0000 
8.0000 	 0.0015 	 0.1276 	 0.9631 	 11.5425 	 3.5617 	 -6.1408 	 -4.1963 	 0.0000 	 0.3249 	 2.8632 	 8.0000 	 0.1807 	 0.1072 	 0.5478 	 12.1229 	 8.9775 	 -6.0143 	 -4.2383 	 0.0000 	 0.6982 	 0.0004 
4.0000 	 0.0048 	 0.4508 	 1.0000 	 47.8846 	 2.1888 	 -14.2417 	 -5.2466 	 0.0000 	 0.4841 	 2.8541 	 4.0000 	 0.1928 	 0.3407 	 0.1668 	 11.1195 	 2.9932 	 -7.0761 	 4.7925 	 0.0000 	 1.2775 	 0.0000 
1.0000 	 0.0010 	 0.9991 	 0.3800 	 23.8824 	 2.5464 	 -1.4532 	 -18.6652 	 0.0000 	 0.1155 	 13.6136 	 1.0000 	 0.3959 	 0.8894 	 0.5686 	 11.8353 	 7.5043 	 7.5725 	 0.4060 	 0.0000 	 0.8171 	 0.0173 
7.0000 	 0.0010 	 0.6181 	 0.9895 	 6.9735 	 13.8849 	 -9.9493 	 -30.0000 	 0.0000 	 0.0012 	 2.8541 	 7.0000 	 0.8659 	 0.0177 	 0.4616 	 14.7155 	 3.6615 	 3.9292 	 2.7671 	 0.0000 	 1.8553 	 0.0000 
6.0000 	 0.0274 	 1.0000 	 0.9958 	 2.1631 	 0.2930 	 0.0708 	 -5.3088 	 0.0000 	 0.0000 	 -42.9909 	 6.0000 	 0.1625 	 0.7839 	 0.3973 	 5.7375 	 9.0712 	 4.5228 	 4.0174 	 0.0000 	 0.3996 	 0.0929 
4.0000 	 0.0010 	 0.1290 	 0.0015 	 4.3879 	 0.3896 	 -28.3444 	 -2.5807 	 0.0000 	 0.0469 	 70.6753 	 4.0000 	 0.4189 	 0.6313 	 0.5380 	 5.3498 	 7.0127 	 5.9175 	 -3.6718 	 0.0000 	 1.1984 	 0.0687 
6.0000 	 0.0011 	 1.0000 	 1.0000 	 1.0000 	 7.5394 	 -30.6464 	 -8.8110 	 0.0000 	 0.0000 	 2.8541 	 6.0000 	 0.4088 	 0.5423 	 0.2470 	 1.5303 	 3.0395 	 -1.6556 	 -4.7659 	 0.0000 	 1.0482 	 0.0000 
9.0000 	 0.0058 	 0.1468 	 1.0000 	 17.4462 	 4.9414 	 -1.8408 	 -8.2483 	 0.0000 	 0.0050 	 2.8541 	 9.0000 	 0.6624 	 0.5009 	 0.8647 	 9.9749 	 3.0599 	 -1.0772 	 -3.6367 	 0.0000 	 2.2739 	 0.0000 
4.0000 	 0.0029 	 0.1455 	 0.9993 	 49.6855 	 0.0060 	 -46.6631 	 -2.1761 	 0.0000 	 0.0000 	 2.8545 	 4.0000 	 0.5558 	 0.8061 	 0.2391 	 5.7994 	 4.6708 	 -8.4657 	 3.1949 	 0.0000 	 1.2436 	 0.0000 
3.0000 	 0.0027 	 0.2299 	 0.9123 	 11.0004 	 0.1918 	 -4.1641 	 -2.1174 	 0.0000 	 0.0000 	 3.6459 	 3.0000 	 0.4568 	 0.6926 	 0.8142 	 11.6735 	 0.9294 	 0.4643 	 -2.9518 	 0.0000 	 0.8751 	 0.0037 
1.0000 	 0.0026 	 0.0010 	 0.0987 	 1.0377 	 11.3225 	 -13.0806 	 6.5733 	 0.0000 	 0.0000 	 26.7076 	 1.0000 	 0.2400 	 0.4270 	 0.2767 	 6.7961 	 0.5273 	 -4.0676 	 -4.7778 	 0.0000 	 1.6048 	 1.6530 
1.0000 	 0.7897 	 0.6604 	 0.8679 	 12.5810 	 9.0039 	 7.4512 	 -5.8545 	 0.0000 	 2.1775 	 92.2324 	 1.0000 	 0.7894 	 0.6600 	 0.8669 	 12.5741 	 9.0057 	 -2.5473 	 -3.3533 	 0.0000 	 2.1833 	 0.3610 
1.0000 	 0.9983 	 0.2255 	 0.2666 	 6.6182 	 6.2618 	 -3.6285 	 4.6940 	 0.0000 	 0.0002 	 39.0546 	 1.0000 	 0.4829 	 0.5775 	 0.2228 	 6.3649 	 5.9508 	 -2.6886 	 4.1713 	 0.0000 	 2.1117 	 2.3665 
1.0000 	 0.0010 	 0.9160 	 1.0000 	 4.6807 	 2.6184 	 -9.5239 	 -1.6174 	 0.0000 	 0.0000 	 12.9449 	 1.0000 	 0.6930 	 0.8787 	 0.6039 	 7.7189 	 3.2531 	 8.3888 	 3.1744 	 0.0000 	 2.8059 	 0.2155 
5.0000 	 0.0010 	 0.1712 	 0.9896 	 20.3139 	 12.6283 	 -17.9268 	 -4.4617 	 0.0000 	 0.1821 	 2.7882 	 5.0000 	 0.5138 	 0.2454 	 0.6510 	 1.2443 	 1.5579 	 -8.7359 	 2.1440 	 0.0000 	 1.6804 	 0.0003 
3.0000 	 0.0010 	 0.5271 	 1.0000 	 17.1971 	 6.2941 	 -17.3766 	 -0.9348 	 0.0000 	 0.0000 	 2.7503 	 3.0000 	 0.4869 	 0.7832 	 0.4676 	 9.4451 	 3.1599 	 8.3747 	 -1.5034 	 0.0000 	 1.1350 	 0.0255 
2.0000 	 0.0010 	 0.1085 	 1.0000 	 44.2090 	 21.5835 	 -23.3306 	 -16.7376 	 0.0000 	 2.2541 	 2.9964 	 2.0000 	 0.7340 	 0.4091 	 0.1167 	 12.5753 	 7.7969 	 5.9128 	 1.5432 	 0.0000 	 2.8328 	 0.0018 
28.0000 	 0.1946 	 0.1778 	 1.0000 	 3.7421 	 8.8842 	 -10.1220 	 -3.8488 	 0.0000 	 1.6936 	 2.8453 	 28.0000 	 0.9510 	 0.3349 	 0.4309 	 5.7653 	 9.4292 	 -7.2725 	 -2.2868 	 0.0000 	 2.5664 	 0.0009 
26.0000 	 0.0025 	 0.2029 	 0.9493 	 29.2392 	 0.3555 	 -8.4474 	 -5.7090 	 0.0000 	 0.0001 	 2.8541 	 26.0000 	 0.0164 	 0.1377 	 0.0271 	 7.8736 	 4.4487 	 -1.7142 	 1.9616 	 0.0000 	 2.6127 	 0.0000 
23.0000 	 0.0181 	 0.4987 	 0.7849 	 17.5136 	 0.4884 	 -5.9691 	 -3.8244 	 0.0000 	 0.0000 	 2.8541 	 23.0000 	 0.1292 	 0.4878 	 0.1747 	 13.3184 	 6.6173 	 -3.2546 	 -0.1300 	 0.0000 	 2.6148 	 0.0000 
23.0000 	 0.0012 	 0.9128 	 0.5801 	 3.8235 	 3.0940 	 -28.4294 	 -4.2000 	 0.0000 	 0.0000 	 2.8543 	 23.0000 	 0.4103 	 0.6222 	 0.3776 	 6.1558 	 2.2621 	 -1.0602 	 1.4073 	 0.0000 	 1.3292 	 0.0000 
21.0000 	 0.0704 	 1.0000 	 0.9445 	 6.0326 	 25.1475 	 -12.6898 	 -6.6087 	 0.0000 	 0.0003 	 -14.6266 	 21.0000 	 0.3126 	 0.2603 	 0.1059 	 5.7782 	 3.9856 	 7.5760 	 3.7049 	 0.0000 	 2.6884 	 0.0000 
19.0000 	 0.0624 	 0.0543 	 1.0000 	 32.1799 	 0.6250 	 -13.7500 	 -2.3987 	 0.0000 	 0.0013 	 2.4208 	 19.0000 	 0.1797 	 0.5204 	 0.8024 	 5.2626 	 5.8640 	 -0.5789 	 -0.0526 	 0.0000 	 0.0774 	 0.0002 
18.0000 	 0.0014 	 0.1127 	 0.8545 	 46.1570 	 0.0000 	 -52.7736 	 -3.5778 	 0.0000 	 0.0001 	 2.7178 	 18.0000 	 0.3336 	 0.4029 	 0.0632 	 12.0816 	 9.5017 	 8.0303 	 -1.8088 	 0.0000 	 0.8698 	 0.0001 
16.0000 	 0.0010 	 0.1179 	 0.0029 	 1.4119 	 34.2949 	 -41.3066 	 -7.1332 	 0.0000 	 9.9647 	 42.7960 	 16.0000 	 0.9027 	 0.0501 	 0.1505 	 4.8233 	 2.9840 	 -5.8908 	 0.6217 	 0.0000 	 1.3716 	 0.0384 
14.0000 	 0.0154 	 0.7268 	 0.8797 	 4.6139 	 4.1464 	 -14.0710 	 -5.9189 	 0.0000 	 0.0004 	 2.8545 	 14.0000 	 0.7074 	 0.7686 	 0.9374 	 11.5683 	 3.2137 	 4.4983 	 2.8731 	 0.0000 	 2.8204 	 0.0012 
13.0000 	 0.0047 	 0.3565 	 0.8055 	 18.4742 	 1.1332 	 -9.5841 	 -2.5345 	 0.0000 	 0.0030 	 2.8545 	 13.0000 	 0.2595 	 0.2648 	 0.7514 	 6.9813 	 4.8790 	 -2.3325 	 3.2873 	 0.0000 	 0.4170 	 0.0000 
12.0000 	 0.2657 	 0.7161 	 1.0000 	 14.5411 	 12.5354 	 -11.7749 	 -3.2983 	 0.0000 	 0.0052 	 2.1130 	 12.0000 	 0.3731 	 0.5537 	 0.7214 	 7.8280 	 5.0056 	 5.4344 	 -4.0192 	 0.0000 	 2.9099 	 0.0001 
9.0000 	 0.0010 	 0.0432 	 0.9838 	 34.6519 	 35.9683 	 -76.4173 	 -23.4344 	 0.0000 	 0.0000 	 2.8555 	 9.0000 	 0.3377 	 0.0323 	 0.2692 	 2.1295 	 9.4743 	 3.4423 	 -3.6263 	 0.0000 	 2.1712 	 0.0002 
8.0000 	 0.0103 	 0.1608 	 0.9930 	 13.8293 	 0.0000 	 -15.8861 	 -1.7631 	 0.0000 	 0.5275 	 2.5061 	 8.0000 	 0.4481 	 0.1352 	 0.5138 	 10.2484 	 5.2979 	 -9.1583 	 -3.0472 	 0.0000 	 1.9314 	 0.0011 
7.0000 	 0.0015 	 0.0582 	 0.9999 	 46.3464 	 0.0000 	 -18.7165 	 -1.8914 	 0.0000 	 0.0047 	 2.8541 	 7.0000 	 0.6581 	 0.8611 	 0.5809 	 6.8775 	 3.3896 	 0.3965 	 4.1457 	 0.0000 	 1.3745 	 0.0000 
5.0000 	 0.0010 	 0.1376 	 1.0000 	 15.9249 	 0.8490 	 -16.1493 	 -4.2892 	 0.0000 	 0.0005 	 2.8599 	 5.0000 	 0.6230 	 0.6783 	 0.3094 	 14.4084 	 9.8140 	 0.3325 	 -2.2827 	 0.0000 	 2.5648 	 0.0008 
3.0000 	 0.6439 	 0.0010 	 1.0000 	 1.0292 	 0.2856 	 -5.0439 	 3.8757 	 0.0000 	 0.0000 	 14.2937 	 3.0000 	 0.3931 	 0.0166 	 0.9440 	 6.5314 	 7.8296 	 -3.6669 	 1.1085 	 0.0000 	 1.0584 	 7.6578 
2.0000 	 0.0010 	 0.0500 	 0.1185 	 49.9893 	 0.6248 	 -21.7200 	 -1.2696 	 0.0000 	 0.0000 	 23.5361 	 2.0000 	 0.0539 	 0.8118 	 0.9301 	 3.4444 	 9.4229 	 9.5738 	 -0.9058 	 0.0000 	 1.4930 	 0.0675 
50.0000 	 0.0010 	 0.7234 	 0.9402 	 6.3411 	 0.8378 	 -8.5266 	 -3.7435 	 0.0000 	 0.0002 	 2.8541 	 50.0000 	 0.2194 	 0.0932 	 0.3667 	 13.9625 	 9.9935 	 0.5819 	 -0.9432 	 0.0000 	 2.5550 	 0.0000 
50.0000 	 0.0010 	 0.9972 	 0.2154 	 17.6827 	 1.7770 	 -12.6650 	 -2.5668 	 0.0000 	 0.0000 	 -5.1079 	 50.0000 	 0.2077 	 0.6103 	 0.8163 	 6.9288 	 1.0455 	 8.3280 	 -1.6658 	 0.0000 	 0.3834 	 0.0009 
50.0000 	 0.0021 	 0.7637 	 0.3547 	 42.1648 	 6.9870 	 -18.8037 	 -2.6776 	 0.0000 	 2.5373 	 2.8518 	 50.0000 	 0.5710 	 0.2700 	 0.6934 	 1.7580 	 4.0060 	 -0.3438 	 -0.1411 	 0.0000 	 1.3499 	 0.0008 
50.0000 	 0.1549 	 1.0000 	 1.0000 	 1.3381 	 2.9395 	 -5.7251 	 -4.3591 	 0.0000 	 0.0227 	 2.8298 	 50.0000 	 0.7390 	 0.5746 	 0.8827 	 1.7578 	 3.0612 	 6.8429 	 -3.0476 	 0.0000 	 0.2711 	 0.0033 
48.0000 	 0.0010 	 0.9996 	 0.4883 	 23.7087 	 1.5198 	 -10.5476 	 -5.0069 	 0.0000 	 0.0000 	 2.8541 	 48.0000 	 0.8992 	 0.3025 	 0.9454 	 4.9302 	 5.7408 	 1.3697 	 1.4171 	 0.0000 	 2.5314 	 0.0000 
48.0000 	 0.0154 	 0.9764 	 0.5424 	 2.9729 	 16.4896 	 -10.2512 	 -3.1812 	 0.0000 	 0.0005 	 2.8541 	 48.0000 	 0.1497 	 0.1107 	 0.0845 	 8.3670 	 8.4777 	 9.0223 	 0.4150 	 0.0000 	 0.8839 	 0.0000 
50.0000 	 0.0032 	 0.0386 	 0.8248 	 21.6185 	 4.6541 	 -2.2385 	 -5.4419 	 0.0000 	 0.0070 	 2.8540 	 50.0000 	 0.2071 	 0.1437 	 0.6620 	 13.3576 	 1.5333 	 2.2873 	 -3.4560 	 0.0000 	 0.8820 	 0.0000 
50.0000 	 0.0065 	 0.1877 	 0.5163 	 8.3171 	 0.0000 	 -0.9082 	 -4.8731 	 0.0000 	 0.0290 	 2.8542 	 50.0000 	 0.6529 	 0.1029 	 0.4963 	 10.8520 	 6.7873 	 -4.1626 	 0.2891 	 0.0000 	 0.2982 	 0.0000 
48.0000 	 0.0012 	 0.0064 	 1.0000 	 44.7364 	 0.0336 	 -13.8791 	 -1.1339 	 0.0000 	 2.3114 	 2.8440 	 48.0000 	 0.1380 	 0.4893 	 0.4075 	 4.5648 	 2.6895 	 0.6672 	 0.9365 	 0.0000 	 0.3727 	 0.0004 
46.0000 	 0.0273 	 0.6083 	 0.9591 	 20.6456 	 7.2405 	 -8.0983 	 -3.1218 	 0.0000 	 0.3045 	 2.8541 	 46.0000 	 0.3490 	 0.8232 	 0.4359 	 14.3412 	 6.3805 	 -9.8367 	 -1.6611 	 0.0000 	 1.3562 	 0.0000 
48.0000 	 0.0185 	 0.5726 	 0.4521 	 1.2898 	 1.5366 	 -4.4661 	 -2.3039 	 0.0000 	 0.0000 	 2.8767 	 48.0000 	 0.6748 	 0.7057 	 0.5334 	 9.5275 	 6.1525 	 8.2021 	 0.6386 	 0.0000 	 0.0620 	 0.0007 
48.0000 	 0.0125 	 0.2119 	 0.6178 	 9.0038 	 8.0233 	 -11.3786 	 -1.9141 	 0.0000 	 0.0026 	 2.8541 	 48.0000 	 0.0681 	 0.3875 	 0.9496 	 13.6053 	 8.2923 	 -3.8820 	 -0.3262 	 0.0000 	 1.1379 	 0.0000 
48.0000 	 0.0023 	 0.3520 	 1.0000 	 4.6871 	 0.0145 	 -3.4395 	 -1.9476 	 0.0000 	 0.0000 	 2.8486 	 48.0000 	 0.6054 	 0.7350 	 0.3006 	 8.6379 	 0.5800 	 7.2928 	 3.3818 	 0.0000 	 0.7509 	 0.0001 
47.0000 	 0.0062 	 0.2255 	 0.7763 	 6.7050 	 12.1011 	 -10.2148 	 -2.8815 	 0.0000 	 0.0005 	 2.8541 	 47.0000 	 0.2312 	 0.1362 	 0.9310 	 2.8600 	 6.0525 	 -9.9809 	 2.7579 	 0.0000 	 0.9803 	 0.0000 
47.0000 	 0.0015 	 0.6479 	 0.3384 	 5.1423 	 0.0745 	 -10.2600 	 -3.1943 	 0.0000 	 0.0078 	 2.8548 	 47.0000 	 0.9263 	 0.7665 	 0.2144 	 2.2522 	 6.7916 	 -9.5803 	 -2.1409 	 0.0000 	 1.7270 	 0.0003 
46.0000 	 0.0718 	 0.9300 	 0.8665 	 1.3416 	 5.8716 	 -4.1943 	 -4.1016 	 0.0000 	 0.0098 	 2.6219 	 46.0000 	 0.7445 	 0.9847 	 0.5709 	 8.0864 	 0.4727 	 -4.3390 	 -3.0643 	 0.0000 	 2.9555 	 0.0410 
44.0000 	 0.0048 	 0.9542 	 0.4736 	 5.3261 	 4.1078 	 -15.6655 	 -4.9234 	 0.0000 	 0.8128 	 2.8541 	 44.0000 	 0.2753 	 0.4728 	 0.9282 	 10.6333 	 4.1787 	 -1.8470 	 4.1438 	 0.0000 	 1.3323 	 0.0000 
47.0000 	 0.0314 	 0.5638 	 0.6671 	 40.3503 	 1.9815 	 -10.7634 	 -3.4285 	 0.0000 	 0.0131 	 2.8541 	 47.0000 	 0.2465 	 0.4784 	 0.4816 	 5.8149 	 9.8346 	 -6.1411 	 4.1177 	 0.0000 	 2.0657 	 0.0000 
47.0000 	 0.0013 	 0.2523 	 0.7235 	 8.5463 	 7.9827 	 -9.6445 	 -3.7997 	 0.0000 	 0.6546 	 2.8541 	 47.0000 	 0.9096 	 0.3193 	 0.9140 	 12.2289 	 0.1798 	 8.4516 	 1.7336 	 0.0000 	 2.4419 	 0.0000 
44.0000 	 0.2545 	 0.3504 	 1.0000 	 4.9781 	 12.3418 	 -6.0448 	 -5.2833 	 0.0000 	 0.0085 	 2.5843 	 44.0000 	 0.3368 	 0.5285 	 0.2472 	 4.6484 	 9.8256 	 -1.5094 	 -4.4284 	 0.0000 	 1.6364 	 0.0000 
46.0000 	 0.0077 	 0.0949 	 0.3840 	 16.9169 	 1.1773 	 -12.6052 	 -6.0638 	 0.0000 	 0.0131 	 2.8639 	 46.0000 	 0.7314 	 0.0121 	 0.4017 	 10.1109 	 3.1882 	 -7.6656 	 4.2706 	 0.0000 	 1.1503 	 0.0002 
43.0000 	 0.0703 	 0.8771 	 0.8200 	 17.1163 	 8.0790 	 -12.2643 	 -3.9073 	 0.0000 	 0.0170 	 2.8541 	 43.0000 	 0.3544 	 0.2400 	 0.4572 	 5.7511 	 6.0635 	 -6.3115 	 4.3538 	 0.0000 	 0.1582 	 0.0000 
44.0000 	 0.0114 	 0.1232 	 0.8447 	 41.7084 	 0.2468 	 -4.1819 	 -15.4584 	 0.0000 	 0.0033 	 2.8541 	 44.0000 	 0.1714 	 0.8721 	 0.2041 	 12.9048 	 9.5833 	 0.9031 	 2.7164 	 0.0000 	 2.5966 	 0.0000 
44.0000 	 0.0014 	 0.6019 	 0.6909 	 29.9598 	 0.8484 	 -4.9493 	 -20.8575 	 0.0000 	 0.0000 	 2.8541 	 44.0000 	 0.9030 	 0.2873 	 0.3893 	 13.6097 	 5.1820 	 -1.1863 	 1.7292 	 0.0000 	 1.2203 	 0.0000 
44.0000 	 0.0459 	 1.0000 	 1.0000 	 1.6012 	 5.3577 	 -4.9658 	 -3.6267 	 0.0000 	 0.0045 	 -5.9917 	 44.0000 	 0.0256 	 0.0382 	 0.9569 	 1.2481 	 7.0280 	 -7.5550 	 2.4870 	 0.0000 	 2.1677 	 0.0000 
44.0000 	 0.0074 	 0.2463 	 0.5057 	 8.8292 	 7.0539 	 -11.0768 	 -5.8392 	 0.0000 	 0.3560 	 2.8541 	 44.0000 	 0.1323 	 0.3266 	 0.2929 	 7.2790 	 6.7102 	 -9.2675 	 -3.2216 	 0.0000 	 2.2571 	 0.0000 
42.0000 	 0.0048 	 0.2927 	 0.7750 	 4.6976 	 0.4868 	 -14.9860 	 -6.9264 	 0.0000 	 0.0425 	 2.8541 	 42.0000 	 0.0979 	 0.3049 	 0.3032 	 8.3711 	 0.1185 	 3.7256 	 -3.8641 	 0.0000 	 2.5913 	 0.0000 
46.0000 	 0.0019 	 0.0871 	 0.5946 	 16.0599 	 3.1031 	 -6.1893 	 -4.9811 	 0.0000 	 0.0001 	 -8.8776 	 46.0000 	 0.9423 	 0.2985 	 0.9183 	 8.6223 	 4.0412 	 7.1202 	 2.9043 	 0.0000 	 2.2214 	 0.1634 
41.0000 	 0.1188 	 0.5011 	 0.8698 	 8.8282 	 8.0447 	 -10.3358 	 -5.1781 	 0.0000 	 0.0123 	 2.8541 	 41.0000 	 0.6552 	 0.9695 	 0.3413 	 7.9645 	 6.9022 	 -4.8987 	 -2.7212 	 0.0000 	 2.2269 	 0.0000 
41.0000 	 0.0012 	 0.0677 	 1.0000 	 14.9516 	 7.6013 	 -4.1429 	 -3.3722 	 0.0000 	 0.0001 	 2.8541 	 41.0000 	 0.4186 	 0.5385 	 0.3043 	 4.7225 	 0.7488 	 5.5900 	 -3.3266 	 0.0000 	 1.6753 	 0.0000 
44.0000 	 0.0015 	 0.1210 	 0.7239 	 4.8236 	 3.0573 	 -1.5576 	 -6.8533 	 0.0000 	 0.0875 	 2.8542 	 44.0000 	 0.3043 	 0.6570 	 0.5157 	 3.0853 	 4.9219 	 -0.3514 	 1.7136 	 0.0000 	 2.3666 	 0.0000 
44.0000 	 0.0067 	 0.0529 	 0.4261 	 11.3415 	 6.6795 	 -11.6732 	 -12.3727 	 0.0000 	 0.2295 	 -9.2097 	 44.0000 	 0.8304 	 0.3715 	 0.5852 	 14.6089 	 2.9521 	 -1.7187 	 3.1345 	 0.0000 	 0.5210 	 0.0010 
43.0000 	 0.0573 	 0.6442 	 0.6779 	 2.1823 	 4.8218 	 -5.8350 	 -10.2112 	 0.0000 	 0.0005 	 2.8541 	 43.0000 	 0.0195 	 0.3366 	 0.7364 	 9.3647 	 5.9065 	 1.2816 	 2.8787 	 0.0000 	 0.1951 	 0.0000 
41.0000 	 0.0010 	 0.9577 	 0.4382 	 3.7045 	 2.7799 	 -94.9575 	 -0.9835 	 0.0000 	 0.0000 	 2.8542 	 41.0000 	 0.6598 	 0.9690 	 0.6350 	 4.5465 	 3.5508 	 -4.7098 	 3.0159 	 0.0000 	 0.1438 	 0.0000 
39.0000 	 0.0293 	 0.0991 	 0.9983 	 5.8123 	 2.1814 	 -10.8057 	 -6.2756 	 0.0000 	 0.0012 	 2.8541 	 39.0000 	 0.5652 	 0.7987 	 0.2249 	 7.0713 	 5.0898 	 6.3111 	 -3.2420 	 0.0000 	 0.7292 	 0.0000 
41.0000 	 0.0166 	 0.0556 	 1.0000 	 8.9785 	 3.7613 	 -4.4507 	 -2.3273 	 0.0000 	 0.0086 	 2.8541 	 41.0000 	 0.2886 	 0.3583 	 0.5255 	 3.5779 	 9.0616 	 1.0707 	 -2.0730 	 0.0000 	 0.7543 	 0.0000 
41.0000 	 0.3407 	 1.0000 	 1.0000 	 1.1222 	 4.4654 	 -3.1143 	 -7.6606 	 0.0000 	 0.3157 	 2.6654 	 41.0000 	 0.2255 	 0.9761 	 0.2029 	 11.7978 	 1.9984 	 -3.1233 	 -3.9408 	 0.0000 	 2.0495 	 0.0001 
38.0000 	 0.0985 	 0.1983 	 0.7645 	 14.8763 	 5.2429 	 -3.4451 	 -5.4308 	 0.0000 	 0.0009 	 2.8541 	 38.0000 	 0.0060 	 0.3859 	 0.8405 	 14.6070 	 1.4689 	 7.8259 	 -1.5937 	 0.0000 	 2.1993 	 0.0000 
41.0000 	 0.0205 	 0.0664 	 0.7218 	 21.8348 	 0.0000 	 -3.8704 	 -4.5100 	 0.0000 	 0.0000 	 2.8541 	 41.0000 	 0.2629 	 0.8372 	 0.7436 	 5.7066 	 7.9759 	 -5.8657 	 1.8885 	 0.0000 	 2.5798 	 0.0000 
38.0000 	 0.0010 	 0.9485 	 0.9913 	 12.5428 	 5.4322 	 -9.3394 	 -9.0218 	 0.0000 	 0.0002 	 2.8541 	 38.0000 	 0.7267 	 0.6048 	 0.1367 	 13.8459 	 7.5297 	 -4.3292 	 3.3807 	 0.0000 	 0.7811 	 0.0001 
42.0000 	 0.0073 	 0.0153 	 0.7144 	 29.1753 	 3.9221 	 -38.2833 	 -17.7504 	 0.0000 	 0.0001 	 2.8760 	 42.0000 	 0.8735 	 0.3524 	 0.7217 	 6.4353 	 1.5174 	 -0.5081 	 -0.4840 	 0.0000 	 1.6324 	 0.0014 
39.0000 	 0.3108 	 0.6506 	 0.8284 	 4.6872 	 6.8155 	 -10.0012 	 -2.0556 	 0.0000 	 0.0895 	 2.3925 	 39.0000 	 0.1245 	 0.5716 	 0.6805 	 9.4367 	 6.4607 	 -9.0190 	 -1.4605 	 0.0000 	 0.0762 	 0.0000 
41.0000 	 0.0025 	 0.5586 	 0.3114 	 15.4357 	 2.8854 	 -8.1067 	 -3.1300 	 0.0000 	 0.0001 	 2.8620 	 41.0000 	 0.9078 	 0.2711 	 0.6622 	 8.7323 	 0.7545 	 -2.7652 	 4.5305 	 0.0000 	 2.5039 	 0.0037 
37.0000 	 0.0085 	 0.8395 	 0.9555 	 35.7973 	 39.0856 	 -44.9512 	 -11.0623 	 0.0000 	 0.0000 	 2.8541 	 37.0000 	 0.2160 	 0.7658 	 0.1904 	 8.5988 	 4.1577 	 0.1559 	 4.0024 	 0.0000 	 1.0591 	 0.0000 
37.0000 	 0.0352 	 0.9961 	 0.9973 	 8.7732 	 6.0190 	 -32.3509 	 -5.1897 	 0.0000 	 0.0212 	 2.8541 	 37.0000 	 0.7789 	 0.9987 	 0.0191 	 5.1246 	 8.0443 	 4.4866 	 0.3092 	 0.0000 	 2.6903 	 0.0000 
39.0000 	 0.0049 	 0.4547 	 0.9931 	 9.1973 	 5.7035 	 -2.6572 	 -3.0167 	 0.0000 	 0.0093 	 2.8541 	 39.0000 	 0.8226 	 0.8605 	 0.1049 	 5.8246 	 2.0332 	 -5.3816 	 -1.1634 	 0.0000 	 2.4860 	 0.0000 
37.0000 	 0.0040 	 0.4661 	 0.8482 	 4.2259 	 2.5844 	 -1.7979 	 -4.1503 	 0.0000 	 0.0000 	 2.8541 	 37.0000 	 0.5250 	 0.8319 	 0.3247 	 2.9057 	 9.3364 	 1.8087 	 -0.0074 	 0.0000 	 1.4252 	 0.0000 
41.0000 	 0.0036 	 0.1253 	 0.9120 	 16.7210 	 7.1289 	 -20.1030 	 -13.4931 	 0.0000 	 0.0000 	 -86.2926 	 41.0000 	 0.7653 	 0.3624 	 0.0527 	 8.2721 	 0.0537 	 8.3299 	 -0.4964 	 0.0000 	 2.4826 	 0.0001 
35.0000 	 0.0295 	 0.5919 	 0.9324 	 12.5477 	 0.0000 	 -14.3091 	 -13.7585 	 0.0000 	 0.0000 	 -103.4095 	 35.0000 	 0.6982 	 0.3879 	 0.0134 	 4.3265 	 4.0576 	 3.3180 	 3.8078 	 0.0000 	 0.4299 	 0.0034 
38.0000 	 0.0966 	 0.9456 	 0.8974 	 3.8016 	 1.3800 	 -8.8823 	 -6.5077 	 0.0000 	 0.0005 	 0.6075 	 38.0000 	 0.3472 	 0.7016 	 0.4474 	 5.9525 	 1.1632 	 -7.2916 	 -4.4604 	 0.0000 	 2.9050 	 0.0000 
35.0000 	 0.0170 	 0.2264 	 0.9989 	 6.1204 	 3.5186 	 -8.1960 	 -2.9559 	 0.0000 	 0.0000 	 2.8541 	 35.0000 	 0.5475 	 0.6694 	 0.2675 	 5.9949 	 3.1437 	 -3.2525 	 1.7936 	 0.0000 	 1.5703 	 0.0000 
34.0000 	 0.0010 	 0.2902 	 0.9997 	 6.8901 	 0.1065 	 -3.9896 	 -11.0483 	 0.0000 	 0.0000 	 2.8541 	 34.0000 	 0.0264 	 0.6575 	 0.1340 	 4.3428 	 7.4827 	 1.9085 	 0.4552 	 0.0000 	 2.3234 	 0.0000 
39.0000 	 0.1736 	 0.1133 	 0.7519 	 46.8928 	 3.9881 	 -39.4316 	 -3.5789 	 0.0000 	 0.1734 	 -45.9596 	 39.0000 	 0.1456 	 0.2755 	 0.6023 	 11.3581 	 5.5899 	 6.9656 	 1.4296 	 0.0000 	 0.5209 	 0.0001 
34.0000 	 0.0011 	 0.8320 	 1.0000 	 12.5806 	 17.2897 	 -30.8158 	 -5.4095 	 0.0000 	 5.5511 	 2.8211 	 34.0000 	 0.2758 	 0.9896 	 0.0945 	 2.2598 	 3.5308 	 3.2459 	 -0.2204 	 0.0000 	 2.5108 	 0.0066 
35.0000 	 0.1590 	 0.1157 	 0.9185 	 11.1088 	 7.2081 	 -13.3829 	 -3.6631 	 0.0000 	 0.5338 	 2.8538 	 35.0000 	 0.2039 	 0.1104 	 0.9195 	 11.0603 	 7.0211 	 -7.5394 	 -3.2208 	 0.0000 	 0.5540 	 0.0000 
37.0000 	 0.1808 	 0.5633 	 0.6290 	 10.9827 	 1.2206 	 -3.8968 	 -2.2610 	 0.0000 	 0.0052 	 2.8663 	 37.0000 	 0.5853 	 0.7571 	 0.7951 	 14.9541 	 0.3720 	 -3.0810 	 -1.1587 	 0.0000 	 1.3487 	 0.0006 
38.0000 	 0.0057 	 0.1303 	 0.9709 	 2.7860 	 0.1852 	 -5.4956 	 -2.0364 	 0.0000 	 0.0021 	 2.8541 	 38.0000 	 0.9272 	 0.9386 	 0.7814 	 9.5699 	 3.1403 	 6.2093 	 -4.9297 	 0.0000 	 0.7249 	 0.0000 
32.0000 	 0.0029 	 0.2480 	 0.4600 	 8.2212 	 4.8006 	 -1.7117 	 -3.9494 	 0.0000 	 0.0072 	 2.8563 	 32.0000 	 0.7938 	 0.1681 	 0.9829 	 13.5735 	 9.2273 	 8.9149 	 -4.9401 	 0.0000 	 1.0941 	 0.0006 
32.0000 	 0.0018 	 0.5296 	 0.9341 	 25.1521 	 2.1335 	 -13.8731 	 -6.1063 	 0.0000 	 0.1421 	 2.8541 	 32.0000 	 0.1240 	 0.0231 	 0.4710 	 6.5449 	 2.8708 	 -8.0967 	 2.9578 	 0.0000 	 0.8008 	 0.0000 
37.0000 	 0.0010 	 0.0953 	 0.9233 	 25.7712 	 1.1246 	 -6.5710 	 -5.6087 	 0.0000 	 0.0000 	 2.8540 	 37.0000 	 0.8402 	 0.8535 	 0.6617 	 3.7980 	 0.5568 	 -5.1245 	 2.1812 	 0.0000 	 2.1391 	 0.0000 
35.0000 	 0.2337 	 0.8216 	 0.9762 	 1.6045 	 8.0171 	 -33.4672 	 -15.3977 	 0.0000 	 0.0000 	 2.8541 	 35.0000 	 0.7371 	 0.0089 	 0.0342 	 14.8455 	 5.8626 	 7.7180 	 2.1777 	 0.0000 	 1.1676 	 0.0000 
37.0000 	 0.0010 	 0.0549 	 0.0025 	 1.2844 	 0.7497 	 -40.8920 	 -1.7393 	 0.0000 	 9.9999 	 40.6936 	 37.0000 	 0.4105 	 0.2523 	 0.4121 	 6.8164 	 4.9110 	 -2.6612 	 3.6136 	 0.0000 	 2.7936 	 0.1179 
31.0000 	 0.0036 	 0.0528 	 1.0000 	 30.5866 	 3.2237 	 -3.4543 	 -5.3397 	 0.0000 	 0.0001 	 2.8541 	 31.0000 	 0.8998 	 0.2402 	 0.8143 	 11.8165 	 6.0053 	 -2.4760 	 -1.0343 	 0.0000 	 0.5372 	 0.0000 
34.0000 	 0.1815 	 0.5411 	 0.6117 	 2.6355 	 0.0000 	 -10.2672 	 -3.1170 	 0.0000 	 0.0000 	 2.9778 	 34.0000 	 0.8439 	 0.9363 	 0.3869 	 13.5160 	 8.3948 	 -4.8736 	 -1.1703 	 0.0000 	 2.0912 	 0.0010 
30.0000 	 0.0754 	 0.9484 	 1.0000 	 2.2886 	 7.6082 	 -14.2521 	 -3.3418 	 0.0000 	 0.0623 	 2.0498 	 30.0000 	 0.6397 	 0.4490 	 0.7188 	 8.4085 	 0.1769 	 -6.5390 	 -3.6466 	 0.0000 	 0.5893 	 0.0001 
35.0000 	 0.0010 	 0.0072 	 0.0055 	 10.6303 	 0.0001 	 -36.1141 	 1.9833 	 0.0000 	 0.0000 	 40.7675 	 35.0000 	 0.5482 	 0.4790 	 0.6480 	 2.3332 	 4.5464 	 3.6013 	 -0.5281 	 0.0000 	 1.4842 	 0.0460 
35.0000 	 0.0010 	 0.2864 	 0.7416 	 3.1072 	 5.2965 	 -34.8628 	 -14.5672 	 0.0000 	 0.0000 	 2.8538 	 35.0000 	 0.4604 	 0.7086 	 0.3770 	 13.6570 	 5.4765 	 -5.0535 	 -0.2743 	 0.0000 	 1.2005 	 0.0000 
28.0000 	 0.0113 	 0.6505 	 0.7567 	 2.1724 	 2.4794 	 -27.0351 	 -7.4547 	 0.0000 	 0.0000 	 2.8541 	 28.0000 	 0.8809 	 0.9633 	 0.6730 	 3.9401 	 8.9113 	 -9.2470 	 -0.3409 	 0.0000 	 1.1267 	 0.0001 
34.0000 	 0.0744 	 0.1294 	 0.7902 	 17.8524 	 2.0947 	 -2.3534 	 -6.5614 	 0.0000 	 0.0003 	 2.8541 	 34.0000 	 0.3883 	 0.4658 	 0.5055 	 11.0663 	 6.9741 	 9.6501 	 -2.4560 	 0.0000 	 0.8097 	 0.0001 
30.0000 	 0.0011 	 0.5377 	 0.7399 	 23.0239 	 8.5505 	 -11.5587 	 -11.7157 	 0.0000 	 0.0000 	 2.8541 	 30.0000 	 0.9755 	 0.4221 	 0.7324 	 6.9814 	 4.8364 	 -9.6293 	 3.9961 	 0.0000 	 2.4943 	 0.0000 
32.0000 	 0.0010 	 0.0801 	 0.0048 	 1.0029 	 5.3395 	 -11.0203 	 -19.5009 	 0.0000 	 3.9145 	 41.1206 	 32.0000 	 0.9370 	 0.0206 	 0.6291 	 14.8142 	 8.6890 	 -5.8771 	 2.7235 	 0.0000 	 0.6351 	 0.0487 
34.0000 	 0.0010 	 1.0000 	 0.6163 	 3.3798 	 0.0136 	 -5.5212 	 -0.8696 	 0.0000 	 0.0000 	 2.8541 	 34.0000 	 0.4878 	 0.2939 	 0.4816 	 14.7689 	 0.9478 	 -5.2061 	 3.3702 	 0.0000 	 0.6698 	 0.0000 
34.0000 	 0.0082 	 0.7151 	 0.7477 	 14.8309 	 5.8342 	 -22.1588 	 -1.4903 	 0.0000 	 2.7859 	 2.8532 	 34.0000 	 0.0238 	 0.7850 	 0.1305 	 8.3131 	 4.7948 	 -9.7084 	 -1.1075 	 0.0000 	 0.1699 	 0.0000 
32.0000 	 0.0076 	 0.8672 	 0.6962 	 17.5721 	 0.1709 	 -1.2048 	 -4.1876 	 0.0000 	 0.0000 	 2.8541 	 32.0000 	 0.5825 	 0.4420 	 0.2727 	 8.3615 	 8.5931 	 -0.9197 	 2.8336 	 0.0000 	 0.5601 	 0.0000 
32.0000 	 0.0010 	 0.5536 	 0.3618 	 7.5467 	 1.2342 	 -5.7170 	 -0.7865 	 0.0000 	 0.0000 	 2.4190 	 32.0000 	 0.5049 	 0.7101 	 0.1205 	 10.8328 	 9.7460 	 -9.4157 	 3.3200 	 0.0000 	 1.4394 	 0.0037 
31.0000 	 0.0014 	 0.8086 	 0.9975 	 1.2138 	 1.8958 	 -49.7656 	 -4.4019 	 0.0000 	 0.7344 	 2.8541 	 31.0000 	 0.3000 	 0.4566 	 0.1570 	 9.5312 	 0.3893 	 -4.5209 	 -2.5585 	 0.0000 	 0.6514 	 0.0000 
27.0000 	 0.0010 	 0.0699 	 0.9770 	 19.0837 	 0.7781 	 -69.8788 	 -3.4185 	 0.0000 	 1.0155 	 2.8541 	 27.0000 	 0.4304 	 0.6160 	 0.7485 	 9.0145 	 4.0903 	 -7.5682 	 3.2084 	 0.0000 	 2.2863 	 0.0000 
28.0000 	 0.0195 	 0.5477 	 1.0000 	 1.8790 	 8.4717 	 -20.4749 	 -8.5757 	 0.0000 	 0.0058 	 2.8539 	 28.0000 	 0.7383 	 0.6149 	 0.5729 	 9.2436 	 7.4675 	 -7.3106 	 4.4600 	 0.0000 	 2.8870 	 0.0019 
32.0000 	 0.1385 	 0.7687 	 0.9667 	 9.9036 	 7.6273 	 -17.6351 	 -2.4319 	 0.0000 	 0.0264 	 -8.6251 	 32.0000 	 0.3225 	 0.0266 	 0.4442 	 3.5898 	 2.3334 	 2.6366 	 -1.2286 	 0.0000 	 1.0015 	 0.0010 
28.0000 	 0.0010 	 0.9128 	 0.7798 	 6.2621 	 0.6683 	 -12.7313 	 -2.7414 	 0.0000 	 0.0932 	 2.8541 	 28.0000 	 0.3493 	 0.1315 	 0.8493 	 2.7366 	 9.0289 	 -6.1955 	 -2.8484 	 0.0000 	 2.3532 	 0.0000 
25.0000 	 0.0012 	 0.5418 	 0.6512 	 17.4552 	 4.3517 	 -2.7643 	 -3.9579 	 0.0000 	 0.0000 	 2.8541 	 25.0000 	 0.1671 	 0.9440 	 0.1294 	 12.5027 	 6.7139 	 -2.0154 	 0.0668 	 0.0000 	 1.2031 	 0.0000 
31.0000 	 0.0197 	 0.8224 	 0.8541 	 2.3680 	 0.7343 	 -2.9229 	 -4.0736 	 0.0000 	 0.0003 	 2.8541 	 31.0000 	 0.1943 	 0.0053 	 0.0075 	 13.2621 	 0.3137 	 -4.0073 	 -3.0238 	 0.0000 	 1.5812 	 0.0000 
31.0000 	 0.0140 	 0.4820 	 0.9411 	 2.7183 	 0.0756 	 -15.2926 	 -3.0159 	 0.0000 	 0.0000 	 2.8541 	 31.0000 	 0.1596 	 0.3873 	 0.3719 	 8.4533 	 8.6813 	 7.6794 	 -3.9883 	 0.0000 	 1.9099 	 0.0000 
25.0000 	 0.0010 	 0.4664 	 1.0000 	 17.2573 	 0.1695 	 -10.5640 	 -3.6234 	 0.0000 	 0.0217 	 2.8541 	 25.0000 	 0.5118 	 0.1740 	 0.5700 	 10.3738 	 7.1638 	 -5.6713 	 2.5674 	 0.0000 	 0.2562 	 0.0000 
28.0000 	 0.0013 	 0.9809 	 0.8785 	 2.1232 	 4.3769 	 -10.0879 	 -14.0986 	 0.0000 	 0.0004 	 2.8541 	 28.0000 	 0.0850 	 0.9664 	 0.8465 	 1.8338 	 6.4007 	 -6.5580 	 3.3896 	 0.0000 	 0.2575 	 0.0000 
25.0000 	 0.0013 	 0.0230 	 0.9848 	 16.8053 	 41.1623 	 -5.9524 	 -29.9992 	 0.0000 	 0.0000 	 2.8726 	 25.0000 	 0.0467 	 0.6879 	 0.1187 	 14.3883 	 2.9726 	 2.7144 	 2.1291 	 0.0000 	 1.7923 	 0.0007 
30.0000 	 0.0106 	 0.8251 	 0.7357 	 2.9534 	 19.0381 	 -15.7324 	 -2.6660 	 0.0000 	 0.0019 	 1.2000 	 30.0000 	 0.4079 	 0.8743 	 0.8324 	 6.5858 	 9.2912 	 3.5419 	 1.0575 	 0.0000 	 2.3800 	 0.2425 
28.0000 	 0.0499 	 0.8966 	 0.7311 	 13.2337 	 2.2031 	 -12.8833 	 -5.2704 	 0.0000 	 1.7335 	 2.8541 	 28.0000 	 0.9132 	 0.7676 	 0.5170 	 14.6440 	 3.4569 	 -9.5261 	 -3.5755 	 0.0000 	 2.3578 	 0.0000 
28.0000 	 0.1567 	 0.3841 	 0.9999 	 2.4270 	 3.2016 	 -13.3409 	 -2.8489 	 0.0000 	 0.1437 	 2.8541 	 28.0000 	 0.2473 	 0.1173 	 0.3730 	 4.4151 	 3.7915 	 -7.0818 	 -0.3882 	 0.0000 	 1.5001 	 0.0000 
24.0000 	 0.0064 	 0.6897 	 0.8588 	 3.2843 	 3.2343 	 -7.3285 	 -3.0063 	 0.0000 	 0.0000 	 2.8541 	 24.0000 	 0.3857 	 0.3730 	 0.4605 	 14.8826 	 5.6385 	 6.5602 	 -3.5980 	 0.0000 	 0.0822 	 0.0000 
28.0000 	 0.0035 	 0.3666 	 0.6752 	 21.4306 	 13.0786 	 -5.7422 	 -7.7274 	 0.0000 	 0.0000 	 2.8541 	 28.0000 	 0.2260 	 0.8640 	 0.6824 	 2.1168 	 6.9711 	 0.7751 	 -0.0074 	 0.0000 	 2.6651 	 0.0000 
22.0000 	 0.0010 	 0.0691 	 0.0026 	 1.7724 	 5.8451 	 -10.9480 	 -29.8490 	 0.0000 	 0.0479 	 41.7861 	 22.0000 	 0.1780 	 0.2885 	 0.3573 	 6.9625 	 9.3786 	 -0.2829 	 0.4740 	 0.0000 	 1.3810 	 0.0429 
26.0000 	 0.0669 	 0.2084 	 0.9068 	 31.1232 	 6.5430 	 -13.3105 	 -14.8145 	 0.0000 	 0.6941 	 -12.7376 	 26.0000 	 0.9887 	 0.0293 	 0.2679 	 2.9813 	 5.8723 	 4.3620 	 3.7912 	 0.0000 	 2.9903 	 0.0924 
30.0000 	 0.0010 	 0.0018 	 0.0458 	 49.9736 	 0.0115 	 0.3812 	 -29.9744 	 0.0000 	 0.0001 	 38.9401 	 30.0000 	 0.3397 	 0.3036 	 0.6617 	 14.3244 	 8.2047 	 -9.5378 	 2.5525 	 0.0000 	 2.5025 	 0.0643 
22.0000 	 0.0011 	 0.2358 	 0.6889 	 18.6737 	 1.4021 	 -8.8046 	 -5.2798 	 0.0000 	 0.4001 	 2.7677 	 22.0000 	 0.6941 	 0.1540 	 0.7118 	 12.3834 	 8.0137 	 5.4862 	 -2.9904 	 0.0000 	 1.1782 	 0.0006 
21.0000 	 0.0381 	 0.3725 	 1.0000 	 26.3642 	 12.1143 	 -6.9263 	 -2.0605 	 0.0000 	 0.0000 	 -2.7239 	 21.0000 	 0.9334 	 0.9148 	 0.8406 	 8.1073 	 0.4969 	 4.8635 	 -3.7421 	 0.0000 	 2.6448 	 0.2289 
28.0000 	 0.0071 	 0.2614 	 0.9991 	 5.5157 	 2.1926 	 -12.2176 	 -6.9227 	 0.0000 	 0.3309 	 2.8476 	 28.0000 	 0.4662 	 0.3514 	 0.6443 	 7.8545 	 9.9610 	 -8.4199 	 0.5236 	 0.0000 	 2.3422 	 0.0000 
23.0000 	 0.0114 	 0.4413 	 0.6045 	 15.1645 	 2.5183 	 -4.4470 	 -3.9343 	 0.0000 	 0.4451 	 2.8572 	 23.0000 	 0.5861 	 0.4444 	 0.2631 	 9.3105 	 5.6156 	 1.2744 	 2.2588 	 0.0000 	 1.8616 	 0.0001 
19.0000 	 0.0022 	 0.2849 	 1.0000 	 14.2367 	 0.0000 	 -10.4565 	 -6.0803 	 0.0000 	 0.0023 	 2.8528 	 19.0000 	 0.4757 	 0.7787 	 0.4311 	 8.8921 	 1.7659 	 0.8833 	 -2.0034 	 0.0000 	 1.7526 	 0.0000 
26.0000 	 0.0017 	 0.1122 	 0.9438 	 9.3717 	 11.5518 	 -32.0781 	 -18.9167 	 0.0000 	 0.0000 	 2.8541 	 26.0000 	 0.6357 	 0.0799 	 0.8847 	 12.9458 	 0.7441 	 -0.9697 	 1.0591 	 0.0000 	 0.8500 	 0.0000 
21.0000 	 0.0794 	 0.8076 	 0.9837 	 2.5022 	 1.9653 	 -6.2146 	 -3.6604 	 0.0000 	 0.0071 	 -15.1573 	 21.0000 	 0.4520 	 0.6331 	 0.7612 	 3.1439 	 5.0690 	 -1.2668 	 -3.0568 	 0.0000 	 1.1859 	 0.0013 
25.0000 	 0.0013 	 0.0993 	 0.4206 	 28.0657 	 3.8533 	 -1.2932 	 -9.0989 	 0.0000 	 0.0000 	 2.8669 	 25.0000 	 0.2130 	 0.9152 	 0.5274 	 12.0866 	 8.8124 	 -1.9319 	 -0.5382 	 0.0000 	 1.1017 	 0.0002 
23.0000 	 0.0992 	 1.0000 	 0.8806 	 3.1120 	 2.8123 	 -9.6599 	 -8.1678 	 0.0000 	 1.9804 	 2.8541 	 23.0000 	 0.6876 	 0.3268 	 0.2457 	 7.8764 	 1.5663 	 -7.9854 	 -1.9242 	 0.0000 	 0.1989 	 0.0000 
27.0000 	 0.0324 	 0.2786 	 1.0000 	 3.6465 	 8.6372 	 -7.6152 	 -9.1085 	 0.0000 	 0.5513 	 -18.1754 	 27.0000 	 0.4078 	 0.5438 	 0.9876 	 13.7151 	 6.6274 	 -4.6675 	 0.4845 	 0.0000 	 1.4722 	 0.0000 
23.0000 	 0.0011 	 0.1968 	 0.7457 	 15.4837 	 2.9980 	 -20.0195 	 -3.3594 	 0.0000 	 0.0019 	 -10.5202 	 23.0000 	 0.4641 	 0.4280 	 0.3097 	 4.5591 	 3.5365 	 8.5110 	 3.2149 	 0.0000 	 2.6065 	 0.0000 
21.0000 	 0.0024 	 0.1729 	 0.6675 	 46.0483 	 8.7720 	 -19.9111 	 -7.6000 	 0.0000 	 0.0033 	 2.8543 	 21.0000 	 0.9078 	 0.1452 	 0.9350 	 9.3193 	 0.7885 	 -8.8788 	 -4.0498 	 0.0000 	 1.5808 	 0.0000 
18.0000 	 0.0082 	 0.2313 	 0.3929 	 10.2360 	 0.0000 	 -1.8652 	 1.2842 	 0.0000 	 0.0002 	 -7.2629 	 18.0000 	 0.1563 	 0.2515 	 0.4492 	 10.5132 	 4.4479 	 9.1914 	 3.6644 	 0.0000 	 1.0413 	 0.4444 
25.0000 	 0.0213 	 1.0000 	 0.3870 	 11.9259 	 0.1402 	 -23.8017 	 -8.2488 	 0.0000 	 0.0000 	 1.2856 	 25.0000 	 0.9636 	 0.7386 	 0.5902 	 1.1486 	 5.3173 	 -7.7748 	 1.2514 	 0.0000 	 1.8985 	 0.0000 
25.0000 	 0.0026 	 0.7004 	 0.5433 	 1.4098 	 0.6649 	 -7.3956 	 -2.5795 	 0.0000 	 0.1166 	 2.8665 	 25.0000 	 0.8186 	 0.3827 	 0.0594 	 1.5464 	 5.7622 	 7.6392 	 2.2406 	 0.0000 	 1.3786 	 0.0002 
20.0000 	 0.0078 	 0.3395 	 0.9992 	 1.2782 	 1.0202 	 -0.0649 	 -6.4681 	 0.0000 	 0.0000 	 2.8809 	 20.0000 	 0.8693 	 0.3898 	 0.9489 	 10.0364 	 4.3867 	 8.2261 	 -0.7963 	 0.0000 	 1.4580 	 0.0010 
15.0000 	 0.0013 	 0.0651 	 0.9935 	 23.3772 	 4.9698 	 -7.0636 	 -2.2986 	 0.0000 	 0.0003 	 2.8541 	 15.0000 	 0.8930 	 0.5577 	 0.8222 	 6.9484 	 1.0934 	 -4.9692 	 2.2851 	 0.0000 	 0.6603 	 0.0000 
23.0000 	 0.0149 	 0.2190 	 1.0000 	 5.8007 	 1.5678 	 -11.3057 	 -7.5465 	 0.0000 	 0.0013 	 2.8541 	 23.0000 	 0.6462 	 0.2130 	 0.8441 	 5.7629 	 9.5375 	 6.0315 	 -1.3040 	 0.0000 	 2.2781 	 0.0000 
19.0000 	 0.0019 	 0.7401 	 0.8222 	 1.0000 	 17.5773 	 -9.1216 	 -2.5535 	 0.0000 	 0.0000 	 -18.2199 	 19.0000 	 0.3801 	 0.6104 	 0.4044 	 1.8379 	 7.6388 	 -8.5215 	 2.9631 	 0.0000 	 1.9408 	 0.0001 
15.0000 	 0.0014 	 0.4388 	 0.6582 	 21.4714 	 3.3121 	 -7.4554 	 -2.3102 	 0.0000 	 0.0005 	 -7.1819 	 15.0000 	 0.5512 	 0.4669 	 0.3268 	 14.9746 	 3.6270 	 -0.6371 	 4.3522 	 0.0000 	 0.8138 	 0.0004 
24.0000 	 0.0162 	 0.5370 	 1.0000 	 3.7879 	 0.9296 	 -10.0251 	 -1.8835 	 0.0000 	 0.3032 	 1.6825 	 24.0000 	 0.1191 	 0.7854 	 0.9148 	 2.2493 	 2.7951 	 1.4902 	 2.3282 	 0.0000 	 1.6953 	 0.0000 
22.0000 	 0.0010 	 0.1084 	 0.0022 	 1.1211 	 0.0000 	 -12.5350 	 -7.3401 	 0.0000 	 0.0080 	 41.7588 	 22.0000 	 0.7312 	 0.9497 	 0.4877 	 9.4633 	 5.4480 	 9.1483 	 -4.3004 	 0.0000 	 2.9574 	 0.0424 
21.0000 	 0.0088 	 0.7018 	 0.7778 	 17.0471 	 3.4628 	 -5.7487 	 -3.4789 	 0.0000 	 0.0892 	 2.8541 	 21.0000 	 0.6635 	 0.6875 	 0.9304 	 12.2795 	 5.5822 	 -9.1525 	 -2.1176 	 0.0000 	 1.4690 	 0.0000 
17.0000 	 0.0143 	 0.0338 	 0.9978 	 38.9915 	 3.2136 	 -28.8877 	 -1.3218 	 0.0000 	 1.9781 	 2.8541 	 17.0000 	 0.4750 	 0.7060 	 0.2539 	 13.6581 	 2.6954 	 9.3582 	 1.5963 	 0.0000 	 0.1124 	 0.0000 
18.0000 	 0.0186 	 0.2566 	 1.0000 	 37.5705 	 3.5883 	 -19.1539 	 -13.1625 	 0.0000 	 0.0000 	 2.8541 	 18.0000 	 0.1577 	 0.5435 	 0.8728 	 3.0698 	 3.2071 	 4.4382 	 3.4096 	 0.0000 	 2.7965 	 0.0000 
13.0000 	 0.0055 	 0.4340 	 0.7086 	 42.1030 	 8.2278 	 -6.0008 	 -7.6394 	 0.0000 	 0.0016 	 -12.3422 	 13.0000 	 0.1701 	 0.0807 	 0.1229 	 5.5886 	 4.8368 	 -8.8508 	 -1.4529 	 0.0000 	 0.1514 	 0.0007 
22.0000 	 0.0011 	 0.5611 	 0.6982 	 16.5916 	 0.9494 	 -8.3224 	 -5.8743 	 0.0000 	 0.0001 	 2.8541 	 22.0000 	 0.6009 	 0.2826 	 0.1796 	 3.6952 	 7.0520 	 2.6158 	 1.6040 	 0.0000 	 1.3406 	 0.0000 
19.0000 	 0.0045 	 0.5613 	 0.9994 	 3.3104 	 4.2918 	 -11.6198 	 -3.9166 	 0.0000 	 0.1066 	 2.8541 	 19.0000 	 0.7202 	 0.0545 	 0.8135 	 4.8128 	 8.9793 	 7.0837 	 -3.4084 	 0.0000 	 2.6348 	 0.0000 
21.0000 	 0.0015 	 0.8713 	 0.9097 	 10.6698 	 6.1640 	 -9.9840 	 -8.0910 	 0.0000 	 0.6075 	 2.8541 	 21.0000 	 0.6060 	 0.9038 	 0.7998 	 10.1353 	 6.0941 	 -4.2580 	 2.4909 	 0.0000 	 0.1910 	 0.0000 
16.0000 	 0.0018 	 0.9988 	 0.9993 	 26.2407 	 2.1060 	 -20.9560 	 -4.8963 	 0.0000 	 3.6056 	 2.8541 	 16.0000 	 0.4685 	 0.8119 	 0.0105 	 8.4385 	 7.5088 	 -2.5949 	 2.7010 	 0.0000 	 2.0874 	 0.0000 
11.0000 	 0.0011 	 0.0587 	 0.9658 	 47.6238 	 8.2927 	 -35.2841 	 -18.4356 	 0.0000 	 0.0000 	 2.7592 	 11.0000 	 0.8767 	 0.7469 	 0.5884 	 10.0969 	 0.4150 	 -4.3042 	 -2.5093 	 0.0000 	 0.5280 	 0.0000 
17.0000 	 0.0010 	 0.4940 	 1.0000 	 1.1414 	 7.4625 	 -12.4921 	 -8.6014 	 0.0000 	 1.4709 	 2.8540 	 17.0000 	 0.8604 	 0.5686 	 0.4241 	 4.8385 	 0.5803 	 8.1158 	 4.1295 	 0.0000 	 1.3945 	 0.0000 
21.0000 	 0.0236 	 0.7547 	 0.7714 	 13.5566 	 1.7201 	 -4.2405 	 -6.2550 	 0.0000 	 0.0053 	 2.8541 	 21.0000 	 0.0482 	 0.9488 	 0.3003 	 14.1107 	 1.0827 	 -4.2049 	 -4.2845 	 0.0000 	 1.6694 	 0.0000 
10.0000 	 0.0866 	 0.6126 	 1.0000 	 3.5111 	 8.8632 	 -15.3156 	 -10.4979 	 0.0000 	 0.0001 	 2.8478 	 10.0000 	 0.4695 	 0.0589 	 0.1572 	 6.2459 	 0.1646 	 1.9765 	 -1.6977 	 0.0000 	 0.6326 	 0.0001 
14.0000 	 0.0024 	 0.9194 	 0.7548 	 1.0064 	 2.6714 	 -6.8839 	 -6.5649 	 0.0000 	 0.0009 	 2.8608 	 14.0000 	 0.6764 	 0.4301 	 0.9298 	 11.9301 	 0.7619 	 -5.9186 	 3.4225 	 0.0000 	 0.0040 	 0.0003 
8.0000 	 0.0010 	 0.9999 	 0.9991 	 1.0000 	 22.4226 	 -8.0320 	 -13.2391 	 0.0000 	 0.0000 	 2.7920 	 8.0000 	 0.7154 	 0.6898 	 0.1864 	 12.0468 	 0.8738 	 6.6747 	 -4.3485 	 0.0000 	 0.6700 	 0.0001 
19.0000 	 0.0056 	 0.6941 	 0.8583 	 1.1581 	 4.1414 	 -11.5976 	 -3.6867 	 0.0000 	 0.0018 	 2.8545 	 19.0000 	 0.7001 	 0.8200 	 0.1087 	 13.4258 	 6.9539 	 -6.0543 	 -4.0952 	 0.0000 	 1.8419 	 0.0000 
13.0000 	 0.0013 	 0.9998 	 0.7949 	 4.3165 	 20.5927 	 -43.5992 	 -30.0000 	 0.0000 	 0.0024 	 2.8546 	 13.0000 	 0.2267 	 0.3042 	 0.8739 	 14.1346 	 7.4790 	 -9.2403 	 -0.0742 	 0.0000 	 0.1071 	 0.0000 
18.0000 	 0.5810 	 1.0000 	 1.0000 	 49.9656 	 1.2402 	 -6.4258 	 -2.5098 	 0.0000 	 0.0032 	 2.6709 	 18.0000 	 0.6078 	 0.9801 	 0.5393 	 12.5365 	 0.5407 	 -3.9438 	 -1.6242 	 0.0000 	 0.8182 	 0.0581 
14.0000 	 0.0025 	 0.1023 	 0.9547 	 9.3190 	 6.6616 	 -2.7079 	 -2.9083 	 0.0000 	 0.0003 	 2.8575 	 14.0000 	 0.2600 	 0.3331 	 0.9781 	 7.0071 	 4.5448 	 0.3800 	 -1.8875 	 0.0000 	 0.7615 	 0.0004 
7.0000 	 0.0542 	 0.6912 	 0.9993 	 4.1024 	 3.7097 	 -11.2386 	 -4.6948 	 0.0000 	 0.1062 	 2.5482 	 7.0000 	 0.0856 	 0.6615 	 0.7376 	 3.3264 	 3.1835 	 -8.6487 	 -3.0201 	 0.0000 	 2.2237 	 0.0001 
4.0000 	 0.0010 	 0.2266 	 0.0010 	 2.2879 	 4.0121 	 -13.7604 	 -2.5228 	 0.0000 	 0.0000 	 71.0529 	 4.0000 	 0.0121 	 0.8635 	 0.5677 	 8.9312 	 2.8879 	 3.3193 	 0.7835 	 0.0000 	 0.3008 	 0.0597 
13.0000 	 0.0077 	 0.9001 	 0.9046 	 14.1300 	 0.0000 	 -3.0257 	 -1.8146 	 0.0000 	 0.0000 	 2.8541 	 13.0000 	 0.9500 	 0.3861 	 0.1789 	 11.1709 	 2.9206 	 -7.2138 	 1.9649 	 0.0000 	 0.8894 	 0.0000 
4.0000 	 0.0012 	 0.9191 	 1.0000 	 13.3592 	 6.0577 	 -12.9416 	 -11.1166 	 0.0000 	 0.1397 	 2.8093 	 4.0000 	 0.2476 	 0.8241 	 0.6681 	 8.7471 	 1.4988 	 -8.8463 	 -0.7179 	 0.0000 	 1.5469 	 0.0111 
20.0000 	 0.0060 	 0.1804 	 0.9900 	 3.5546 	 1.4846 	 -0.8993 	 -7.4320 	 0.0000 	 0.0001 	 2.8556 	 20.0000 	 0.1855 	 0.1707 	 0.6260 	 6.9031 	 5.5148 	 -3.3136 	 -3.4570 	 0.0000 	 2.6570 	 0.0002 
2.0000 	 0.0090 	 0.4291 	 0.9657 	 33.8973 	 0.0114 	 -2.3435 	 -4.5475 	 0.0000 	 0.0000 	 3.4482 	 2.0000 	 0.5311 	 0.8121 	 0.0943 	 10.4339 	 7.5309 	 -3.1528 	 -0.0208 	 0.0000 	 2.9655 	 0.0085 
16.0000 	 0.0010 	 0.0035 	 0.0071 	 49.8336 	 0.0000 	 -10.2246 	 -8.0859 	 0.0000 	 0.0003 	 12.0634 	 16.0000 	 0.3760 	 0.6896 	 0.1029 	 2.8000 	 0.4959 	 5.7147 	 -0.7994 	 0.0000 	 0.4897 	 0.1739 
11.0000 	 0.0010 	 0.1142 	 0.9332 	 17.8945 	 6.7511 	 -12.9541 	 -7.0084 	 0.0000 	 0.0000 	 2.8504 	 11.0000 	 0.6326 	 0.0896 	 0.5967 	 14.9058 	 7.8767 	 6.7797 	 -0.8531 	 0.0000 	 0.4970 	 0.0001 
12.0000 	 0.4886 	 1.0000 	 1.0000 	 35.7829 	 0.0000 	 -8.8720 	 -4.8424 	 0.0000 	 0.0000 	 2.8839 	 12.0000 	 0.1870 	 0.6153 	 0.8595 	 10.3759 	 6.3082 	 9.2931 	 0.4970 	 0.0000 	 2.0213 	 0.0011 
18.0000 	 0.0010 	 0.0640 	 0.0012 	 2.2884 	 9.3949 	 -13.4382 	 -11.7330 	 0.0000 	 0.0000 	 42.4267 	 18.0000 	 0.7369 	 0.9019 	 0.1600 	 11.0339 	 1.1531 	 5.9217 	 -3.4464 	 0.0000 	 0.5589 	 0.0438 
10.0000 	 0.0233 	 0.6371 	 0.9992 	 15.7293 	 0.6156 	 -19.1625 	 -4.8349 	 0.0000 	 0.3042 	 2.8192 	 10.0000 	 0.7231 	 0.2682 	 0.3623 	 11.6314 	 7.5924 	 -9.2519 	 -2.6091 	 0.0000 	 2.7545 	 0.0000 
17.0000 	 0.0010 	 0.8827 	 0.9199 	 1.0046 	 2.0532 	 -13.8721 	 -5.1514 	 0.0000 	 0.0003 	 2.8541 	 17.0000 	 0.0377 	 0.9006 	 0.6396 	 7.4554 	 4.8646 	 -7.0866 	 1.0998 	 0.0000 	 1.3292 	 0.0000 
9.0000 	 0.0193 	 1.0000 	 1.0000 	 6.2755 	 0.0830 	 -0.0684 	 -2.0654 	 0.0000 	 0.0000 	 0.3709 	 9.0000 	 0.6237 	 0.5990 	 0.2765 	 7.8613 	 6.1878 	 9.0785 	 4.4126 	 0.0000 	 0.8314 	 0.3894 
14.0000 	 0.0028 	 0.2081 	 0.9166 	 42.2241 	 0.0000 	 -1.5540 	 -10.6454 	 0.0000 	 0.1761 	 2.8401 	 14.0000 	 0.5943 	 0.5495 	 0.0669 	 10.3479 	 1.7154 	 8.0045 	 -1.3940 	 0.0000 	 1.3574 	 0.0001 
8.0000 	 0.0022 	 0.8087 	 0.9847 	 5.4760 	 3.7032 	 -19.5436 	 -5.2978 	 0.0000 	 0.0007 	 2.8541 	 8.0000 	 0.7386 	 0.2968 	 0.2193 	 6.1271 	 4.2949 	 4.3867 	 -3.9327 	 0.0000 	 1.9692 	 0.0000 
7.0000 	 0.0303 	 0.6094 	 0.9911 	 19.9147 	 8.2679 	 -14.9247 	 -3.1273 	 0.0000 	 0.4572 	 2.8548 	 7.0000 	 0.5430 	 0.7046 	 0.4978 	 9.7214 	 9.3008 	 -9.3644 	 -2.1425 	 0.0000 	 0.3151 	 0.0000 
13.0000 	 0.0034 	 0.7066 	 0.6135 	 11.6496 	 1.1991 	 -8.5236 	 -2.0426 	 0.0000 	 1.3162 	 2.8862 	 13.0000 	 0.3119 	 0.8540 	 0.2996 	 9.5248 	 6.5523 	 -8.5621 	 -1.8897 	 0.0000 	 2.1535 	 0.0003 
15.0000 	 0.3986 	 0.8599 	 1.0000 	 5.9081 	 7.8516 	 -7.6933 	 -2.5054 	 0.0000 	 0.0214 	 2.8543 	 15.0000 	 0.7294 	 0.5648 	 0.9861 	 4.7927 	 8.5576 	 -7.9735 	 -0.8480 	 0.0000 	 0.1169 	 0.0000 
8.0000 	 0.0014 	 0.0958 	 0.9981 	 10.5449 	 8.0396 	 -32.3451 	 -26.6966 	 0.0000 	 0.0000 	 2.9327 	 8.0000 	 0.2167 	 0.4465 	 0.3793 	 13.9623 	 0.5746 	 -9.5257 	 2.8887 	 0.0000 	 0.6130 	 0.0028 
4.0000 	 0.0089 	 0.6319 	 0.9937 	 16.2488 	 0.8977 	 -6.9668 	 -4.0657 	 0.0000 	 0.3397 	 2.8624 	 4.0000 	 0.3112 	 0.3403 	 0.3530 	 9.3182 	 9.5425 	 -7.0038 	 -3.9390 	 0.0000 	 0.4462 	 0.0002 
17.0000 	 0.0374 	 0.3620 	 1.0000 	 10.9211 	 5.1562 	 -8.8892 	 -7.2461 	 0.0000 	 0.0015 	 -20.6790 	 17.0000 	 0.8512 	 0.2007 	 0.4428 	 10.3391 	 2.9774 	 -5.4796 	 -3.5176 	 0.0000 	 1.6930 	 0.0003 
4.0000 	 0.0151 	 0.6980 	 1.0000 	 19.3892 	 6.8280 	 -12.6395 	 -4.8783 	 0.0000 	 0.0061 	 2.8541 	 4.0000 	 0.5564 	 0.4774 	 0.4718 	 8.6837 	 1.8246 	 2.9508 	 -1.9233 	 0.0000 	 0.4899 	 0.0003 
7.0000 	 0.0024 	 0.7804 	 0.9299 	 48.8118 	 13.5193 	 -48.6525 	 -1.8756 	 0.0000 	 0.3012 	 2.8554 	 7.0000 	 0.2889 	 0.8703 	 0.5471 	 3.3397 	 6.5035 	 9.5563 	 4.1081 	 0.0000 	 0.4822 	 0.0001 
1.0000 	 0.9947 	 0.0338 	 0.0215 	 3.0115 	 1.8545 	 -1.2748 	 -4.4535 	 0.0000 	 0.0016 	 20.3295 	 1.0000 	 0.0216 	 0.1702 	 0.8820 	 8.6927 	 9.5354 	 -6.5841 	 -1.8459 	 0.0000 	 0.3946 	 1.1377 
12.0000 	 0.0340 	 0.5686 	 1.0000 	 7.6878 	 7.5037 	 -13.4821 	 -1.7218 	 0.0000 	 0.0077 	 2.6413 	 12.0000 	 0.6039 	 0.5355 	 0.3166 	 6.9664 	 5.3102 	 -7.9017 	 2.6813 	 0.0000 	 0.3865 	 0.0087 
1.0000 	 0.8797 	 0.0014 	 0.0364 	 2.0585 	 8.8574 	 0.2930 	 6.9629 	 0.0000 	 0.0075 	 41.8573 	 1.0000 	 0.6102 	 0.8218 	 0.1336 	 3.6775 	 7.3342 	 8.1554 	 -2.8451 	 0.0000 	 2.3223 	 0.8983 
5.0000 	 0.0010 	 1.0000 	 1.0000 	 49.9986 	 3.2446 	 -8.0713 	 -5.9546 	 0.0000 	 0.0149 	 -4.1708 	 5.0000 	 0.6756 	 0.6978 	 0.1372 	 12.7166 	 0.9067 	 -4.1932 	 0.8617 	 0.0000 	 1.1931 	 0.0006 
15.0000 	 0.0011 	 0.0744 	 1.0000 	 42.4982 	 4.4854 	 -8.4921 	 -2.2005 	 0.0000 	 1.3063 	 2.8541 	 15.0000 	 0.1228 	 0.4666 	 0.6039 	 14.2588 	 7.5990 	 9.2867 	 -2.1190 	 0.0000 	 1.6152 	 0.0000 
3.0000 	 0.9883 	 0.0019 	 0.0015 	 6.8660 	 5.4053 	 9.9219 	 -2.1997 	 0.0000 	 3.0831 	 32.3677 	 3.0000 	 0.4278 	 0.5368 	 0.1918 	 4.7101 	 5.8124 	 4.4378 	 3.8852 	 0.0000 	 2.7369 	 0.5584 
14.0000 	 0.0352 	 0.2728 	 0.9992 	 39.3110 	 4.5410 	 -9.8120 	 -11.1929 	 0.0000 	 0.0025 	 2.8541 	 14.0000 	 0.6550 	 0.4444 	 0.7759 	 12.8404 	 7.5645 	 -8.1896 	 1.3418 	 0.0000 	 1.6282 	 0.0000 
2.0000 	 0.0012 	 0.9646 	 1.0000 	 13.3883 	 7.9327 	 -16.0353 	 -3.2146 	 0.0000 	 0.3309 	 2.8613 	 2.0000 	 0.2098 	 0.7037 	 0.6300 	 11.6265 	 8.4328 	 8.7316 	 -2.1918 	 0.0000 	 1.8988 	 0.0002 
9.0000 	 0.0579 	 0.1754 	 0.8942 	 37.7498 	 4.1863 	 -12.2639 	 -4.9483 	 0.0000 	 0.2679 	 2.9254 	 9.0000 	 0.2816 	 0.0703 	 0.8499 	 14.5683 	 2.4037 	 -8.1633 	 0.0403 	 0.0000 	 1.4748 	 0.0003 
8.0000 	 0.0011 	 1.0000 	 1.0000 	 2.2641 	 10.5005 	 -10.5127 	 -6.2683 	 0.0000 	 0.0017 	 2.8558 	 8.0000 	 0.4192 	 0.1149 	 0.8871 	 14.6171 	 3.6918 	 -1.3638 	 2.5557 	 0.0000 	 0.1303 	 0.0000 
13.0000 	 0.0850 	 0.9908 	 1.0000 	 1.8883 	 6.5002 	 -8.0249 	 -4.7046 	 0.0000 	 0.0266 	 2.8439 	 13.0000 	 0.4893 	 0.2992 	 0.6397 	 1.0863 	 7.8719 	 6.7939 	 -0.6043 	 0.0000 	 1.4829 	 0.0000 
7.0000 	 0.0182 	 0.6952 	 1.0000 	 6.8258 	 1.6907 	 -23.9782 	 -10.4344 	 0.0000 	 5.8865 	 2.8566 	 7.0000 	 0.3123 	 0.4600 	 0.4206 	 5.5192 	 5.2810 	 -4.4221 	 -1.0658 	 0.0000 	 0.0330 	 0.0000 
13.0000 	 0.1034 	 0.7687 	 0.9992 	 1.3489 	 4.7989 	 -15.9194 	 -6.2640 	 0.0000 	 0.0020 	 2.8543 	 13.0000 	 0.4314 	 0.0276 	 0.1775 	 7.1254 	 4.9026 	 0.8558 	 2.9970 	 0.0000 	 0.7424 	 0.0000 
5.0000 	 0.0217 	 0.9010 	 1.0000 	 34.4191 	 18.2218 	 -13.4050 	 -10.0719 	 0.0000 	 0.0001 	 2.8541 	 5.0000 	 0.1948 	 0.7436 	 0.6323 	 6.8728 	 7.3105 	 3.4612 	 2.2678 	 0.0000 	 1.6982 	 0.0001 
11.0000 	 0.0273 	 0.4465 	 1.0000 	 10.4445 	 0.0000 	 -1.5027 	 -2.5888 	 0.0000 	 0.0051 	 2.8541 	 11.0000 	 0.4846 	 0.0526 	 0.7804 	 14.4777 	 9.5022 	 6.2684 	 -1.6797 	 0.0000 	 2.3537 	 0.0000 
3.0000 	 0.9966 	 0.0244 	 0.0024 	 2.5629 	 15.4199 	 9.7827 	 0.5713 	 0.0000 	 0.0001 	 22.4298 	 3.0000 	 0.8232 	 0.5436 	 0.3009 	 9.3926 	 0.1027 	 7.3451 	 3.8734 	 0.0000 	 2.4023 	 1.4574 
11.0000 	 0.0644 	 0.2176 	 0.9908 	 43.3760 	 0.1214 	 -14.0797 	 -7.2534 	 0.0000 	 0.0685 	 2.8541 	 11.0000 	 0.1524 	 0.2808 	 0.0250 	 4.4244 	 7.8219 	 9.2397 	 -2.8908 	 0.0000 	 1.6774 	 0.0000 
2.0000 	 0.9954 	 0.0073 	 0.0570 	 2.4399 	 14.8468 	 6.9775 	 1.7413 	 0.0000 	 0.0203 	 -19.3431 	 2.0000 	 0.1506 	 0.4299 	 0.9920 	 10.4668 	 5.6561 	 -8.9859 	 2.3986 	 0.0000 	 2.0710 	 0.8460 
10.0000 	 0.0010 	 0.7819 	 0.9978 	 1.2602 	 2.2763 	 -8.1590 	 -4.1315 	 0.0000 	 0.0204 	 2.8541 	 10.0000 	 0.2210 	 0.8013 	 0.0542 	 12.2021 	 8.8583 	 -9.6911 	 2.6124 	 0.0000 	 2.9959 	 0.0000 
10.0000 	 0.0013 	 0.1943 	 0.8442 	 24.6875 	 0.0000 	 0.5891 	 -3.5370 	 0.0000 	 0.0003 	 -1.7720 	 10.0000 	 0.3837 	 0.4512 	 0.8372 	 13.3597 	 3.3510 	 8.8420 	 -2.9733 	 0.0000 	 0.4026 	 0.0002 
8.0000 	 0.0421 	 0.8606 	 0.9976 	 3.4434 	 13.4415 	 -15.5468 	 -11.5233 	 0.0000 	 0.0870 	 2.7398 	 8.0000 	 0.6778 	 0.9392 	 0.6013 	 5.4462 	 8.5249 	 -9.6340 	 -1.1091 	 0.0000 	 1.4399 	 0.0001 
7.0000 	 0.0013 	 0.5082 	 0.9978 	 49.2786 	 4.3508 	 -1.8451 	 -14.0348 	 0.0000 	 0.0105 	 2.8541 	 7.0000 	 0.4985 	 0.4937 	 0.8426 	 12.2708 	 7.6223 	 0.9227 	 1.9968 	 0.0000 	 0.8295 	 0.0000 
8.0000 	 0.0010 	 0.0498 	 0.6672 	 47.7173 	 3.8267 	 -36.2415 	 -4.5463 	 0.0000 	 0.0000 	 2.9977 	 8.0000 	 0.1942 	 0.4594 	 0.4607 	 12.3389 	 1.0836 	 9.6296 	 2.7509 	 0.0000 	 0.2406 	 0.0009 
4.0000 	 0.1065 	 1.0000 	 1.0000 	 3.9873 	 4.1309 	 -10.2441 	 -6.6309 	 0.0000 	 0.4929 	 3.0761 	 4.0000 	 0.8291 	 0.6632 	 0.1577 	 10.2587 	 8.3542 	 -4.3451 	 -2.0812 	 0.0000 	 1.9695 	 0.0010 
7.0000 	 0.0010 	 0.0819 	 0.9560 	 44.0800 	 8.2860 	 -6.8263 	 -3.6178 	 0.0000 	 0.0001 	 2.8545 	 7.0000 	 0.6038 	 0.9072 	 0.3921 	 10.2273 	 6.1845 	 4.8363 	 -4.6294 	 0.0000 	 2.0282 	 0.0000 
4.0000 	 0.0017 	 0.2203 	 1.0000 	 38.5327 	 7.7649 	 -12.1435 	 -14.3017 	 0.0000 	 0.0008 	 2.8432 	 4.0000 	 0.9264 	 0.6645 	 0.4547 	 7.5879 	 3.9634 	 1.1602 	 1.4449 	 0.0000 	 2.7732 	 0.0017 
2.0000 	 0.0010 	 0.8658 	 1.0000 	 6.5079 	 23.6389 	 -15.7980 	 -26.4492 	 0.0000 	 0.0000 	 2.8614 	 2.0000 	 0.6215 	 0.7848 	 0.7065 	 8.6883 	 3.8532 	 6.2353 	 -0.9079 	 0.0000 	 0.7543 	 0.0002 
4.0000 	 0.0133 	 0.9293 	 0.9891 	 27.6195 	 4.3159 	 -7.0875 	 -29.8766 	 0.0000 	 0.0013 	 2.8827 	 4.0000 	 0.4353 	 0.7842 	 0.4887 	 10.2170 	 1.3465 	 -5.5696 	 3.6689 	 0.0000 	 2.5082 	 0.0003 
4.0000 	 0.0070 	 0.7403 	 1.0000 	 31.4446 	 7.0198 	 -14.7270 	 -4.8871 	 0.0000 	 0.0184 	 2.8541 	 4.0000 	 0.7668 	 0.7952 	 0.2876 	 9.8413 	 2.2089 	 -0.3238 	 -2.9662 	 0.0000 	 2.4334 	 0.0000 
1.0000 	 0.0359 	 0.0014 	 0.0030 	 1.1204 	 6.6113 	 2.2070 	 0.4590 	 0.0000 	 0.0000 	 27.6208 	 1.0000 	 0.4073 	 0.4612 	 0.2129 	 7.8051 	 4.3121 	 -8.1264 	 -2.2186 	 0.0000 	 1.4201 	 0.8914 
1.0000 	 0.0010 	 0.5671 	 0.7403 	 21.4468 	 2.2707 	 -12.6460 	 -1.3335 	 0.0000 	 0.0136 	 13.6586 	 1.0000 	 0.1811 	 0.1566 	 0.2837 	 13.5749 	 6.9680 	 5.9731 	 1.2994 	 0.0000 	 1.9930 	 0.0097 
