49.0000 	 0.0070 	 4.4360 	 4.4446 	 0.4413 	 5.3445 	 0.0000 	 3.0887 	 921.6333 	 49.0000 	 1.0558 	 1.1542 	 9.0534 	 1.3959 	 -2.9875 	 0.0000 	 0.8088 	 0.0010 
50.0000 	 1.6376 	 2.0783 	 7.3137 	 5.6076 	 2.0468 	 0.0000 	 1.6298 	 791.1096 	 50.0000 	 1.1649 	 4.9508 	 1.8497 	 1.7457 	 -1.5082 	 0.0000 	 0.7503 	 0.0017 
50.0000 	 1.6382 	 2.0868 	 6.4331 	 5.6851 	 1.9959 	 0.0000 	 1.6215 	 791.0978 	 50.0000 	 2.8996 	 4.6202 	 8.4390 	 1.9476 	 1.5540 	 0.0000 	 0.3462 	 0.0017 
50.0000 	 1.6338 	 2.0830 	 9.8223 	 5.4664 	 2.1451 	 0.0000 	 1.6456 	 791.1702 	 50.0000 	 2.0695 	 0.9332 	 3.8528 	 2.9746 	 0.3561 	 0.0000 	 0.2133 	 0.0019 
50.0000 	 1.6366 	 2.1057 	 5.9170 	 5.7477 	 1.9588 	 0.0000 	 1.6092 	 791.0946 	 50.0000 	 1.7581 	 6.9461 	 8.8698 	 0.0576 	 -2.5685 	 0.0000 	 1.6578 	 0.0026 
49.0000 	 1.6183 	 2.1359 	 4.8878 	 5.9651 	 1.8443 	 0.0000 	 1.5877 	 791.1636 	 49.0000 	 0.0495 	 3.2294 	 9.8805 	 0.4729 	 -2.7105 	 0.0000 	 1.9510 	 0.0021 
48.0000 	 1.5926 	 2.1171 	 7.5528 	 5.5691 	 2.0753 	 0.0000 	 1.6352 	 791.1089 	 48.0000 	 2.1760 	 4.6265 	 3.7636 	 0.8654 	 -2.8979 	 0.0000 	 1.2970 	 0.0037 
47.0000 	 1.5750 	 2.1141 	 7.7563 	 5.5806 	 2.0730 	 0.0000 	 1.6285 	 791.0987 	 47.0000 	 2.5801 	 8.8183 	 2.9747 	 1.4504 	 2.9302 	 0.0000 	 2.9156 	 0.0019 
48.0000 	 0.0015 	 4.6875 	 3.7305 	 0.6680 	 5.1211 	 0.0000 	 3.0440 	 921.6650 	 48.0000 	 0.7175 	 9.1785 	 2.7853 	 0.4380 	 -1.7966 	 0.0000 	 1.1720 	 0.0000 
48.0000 	 1.5993 	 2.0981 	 6.6425 	 5.6471 	 2.0285 	 0.0000 	 1.6218 	 791.0842 	 48.0000 	 2.1065 	 3.3105 	 9.3014 	 1.6477 	 -1.1884 	 0.0000 	 1.2139 	 0.0022 
46.0000 	 0.0013 	 5.0275 	 1.6325 	 2.2161 	 3.5669 	 0.0000 	 3.0852 	 921.6322 	 46.0000 	 2.9474 	 0.0394 	 8.5045 	 1.8997 	 -0.0374 	 0.0000 	 1.2165 	 0.0000 
49.0000 	 1.6158 	 2.0959 	 7.8918 	 5.5476 	 2.0918 	 0.0000 	 1.6356 	 791.1129 	 49.0000 	 1.4808 	 0.5464 	 8.0751 	 1.8373 	 -2.5404 	 0.0000 	 1.4485 	 0.0014 
48.0000 	 1.6021 	 2.0725 	 5.7979 	 5.7696 	 1.9245 	 0.0000 	 1.6152 	 791.0971 	 48.0000 	 0.8033 	 0.3916 	 2.5364 	 2.4824 	 2.6643 	 0.0000 	 2.4290 	 0.0022 
47.0000 	 0.0105 	 6.7729 	 7.7292 	 2.2166 	 3.5652 	 0.0000 	 3.0832 	 921.6324 	 47.0000 	 1.1438 	 0.7850 	 5.2974 	 1.6445 	 1.3134 	 0.0000 	 1.8317 	 0.0000 
49.0000 	 1.6230 	 2.0859 	 4.9604 	 5.8809 	 1.8634 	 0.0000 	 1.6025 	 791.1313 	 49.0000 	 2.2091 	 5.4140 	 0.2561 	 2.4757 	 0.0991 	 0.0000 	 2.2030 	 0.0026 
46.0000 	 0.0052 	 8.1067 	 10.0000 	 2.6191 	 3.1633 	 0.0000 	 3.0831 	 921.6324 	 46.0000 	 0.2857 	 5.5187 	 6.5569 	 2.2148 	 1.7195 	 0.0000 	 0.9553 	 0.0000 
46.0000 	 1.5605 	 2.0901 	 6.8784 	 5.6456 	 2.0068 	 0.0000 	 1.6329 	 791.0814 	 46.0000 	 1.5808 	 9.0142 	 1.6752 	 1.8177 	 2.2847 	 0.0000 	 0.5679 	 0.0017 
46.0000 	 1.5650 	 2.1192 	 4.8555 	 5.8981 	 1.8675 	 0.0000 	 1.5912 	 791.1016 	 46.0000 	 0.0628 	 7.1314 	 4.9231 	 0.5239 	 -0.7910 	 0.0000 	 2.1356 	 0.0017 
47.0000 	 1.5841 	 2.0929 	 6.1335 	 5.6977 	 2.0012 	 0.0000 	 1.6132 	 791.0769 	 47.0000 	 0.7879 	 2.0108 	 8.9714 	 0.3621 	 -0.0204 	 0.0000 	 0.9685 	 0.0020 
46.0000 	 1.5617 	 2.0824 	 6.8032 	 5.6499 	 2.0197 	 0.0000 	 1.6166 	 791.0775 	 46.0000 	 1.1349 	 4.9697 	 4.5390 	 0.7283 	 -0.1944 	 0.0000 	 1.0120 	 0.0016 
46.0000 	 1.5625 	 2.0648 	 8.5456 	 5.5296 	 2.0922 	 0.0000 	 1.6426 	 791.1179 	 46.0000 	 0.0468 	 9.2192 	 1.7091 	 1.4537 	 -0.9946 	 0.0000 	 2.1364 	 0.0017 
47.0000 	 1.5973 	 1.7181 	 1.0821 	 9.8629 	 -1.2737 	 0.0000 	 1.7089 	 798.8513 	 47.0000 	 0.5459 	 8.4540 	 3.7256 	 2.7319 	 2.0035 	 0.0000 	 1.2881 	 0.0036 
45.0000 	 1.5470 	 2.0951 	 5.2658 	 5.8574 	 1.8918 	 0.0000 	 1.5976 	 791.0721 	 45.0000 	 0.9826 	 5.7593 	 0.0074 	 2.8623 	 -1.5260 	 0.0000 	 1.3798 	 0.0020 
45.0000 	 1.5424 	 2.0999 	 6.2976 	 5.7067 	 2.0005 	 0.0000 	 1.6130 	 791.0633 	 45.0000 	 2.3775 	 5.3539 	 3.1168 	 1.1204 	 0.3280 	 0.0000 	 1.8273 	 0.0018 
43.0000 	 0.0066 	 4.9421 	 6.2032 	 2.4592 	 3.3232 	 0.0000 	 3.0834 	 921.6324 	 43.0000 	 2.5847 	 1.7894 	 8.8493 	 2.0561 	 -0.0339 	 0.0000 	 0.6040 	 0.0000 
45.0000 	 1.5459 	 2.0971 	 6.1390 	 5.7321 	 1.9804 	 0.0000 	 1.6087 	 791.0617 	 45.0000 	 0.8925 	 0.2399 	 8.7677 	 2.1603 	 -1.4409 	 0.0000 	 1.9653 	 0.0020 
45.0000 	 1.5382 	 2.0980 	 8.3196 	 5.5071 	 2.1191 	 0.0000 	 1.6384 	 791.1061 	 45.0000 	 1.5707 	 2.9478 	 2.8392 	 2.9176 	 -1.7001 	 0.0000 	 0.7708 	 0.0017 
43.0000 	 1.5038 	 2.0852 	 9.2337 	 5.4551 	 2.1592 	 0.0000 	 1.6464 	 791.1312 	 43.0000 	 2.3271 	 4.4535 	 4.4120 	 2.8921 	 1.8287 	 0.0000 	 2.0959 	 0.0017 
44.0000 	 1.5243 	 2.0688 	 8.9632 	 5.4760 	 2.1376 	 0.0000 	 1.6453 	 791.1193 	 44.0000 	 2.0906 	 1.9073 	 2.2650 	 2.7164 	 0.4040 	 0.0000 	 1.6754 	 0.0015 
43.0000 	 1.5045 	 2.0950 	 6.4214 	 5.6854 	 2.0096 	 0.0000 	 1.6136 	 791.0484 	 43.0000 	 0.1047 	 6.8730 	 8.1173 	 2.1672 	 1.8823 	 0.0000 	 1.1477 	 0.0015 
45.0000 	 1.5432 	 2.1097 	 6.2108 	 5.6759 	 2.0179 	 0.0000 	 1.6153 	 791.0675 	 45.0000 	 1.0336 	 4.7327 	 5.9417 	 1.1844 	 -1.2929 	 0.0000 	 0.7532 	 0.0018 
47.0000 	 1.5719 	 2.1115 	 8.5223 	 5.4941 	 2.1269 	 0.0000 	 1.6438 	 791.1294 	 47.0000 	 1.8058 	 4.6429 	 6.9093 	 0.6602 	 -2.0599 	 0.0000 	 2.4352 	 0.0019 
43.0000 	 0.0109 	 0.4786 	 3.0927 	 3.9958 	 1.7791 	 0.0000 	 3.0866 	 921.6330 	 43.0000 	 2.9117 	 4.8648 	 2.0410 	 2.3072 	 0.5094 	 0.0000 	 2.7468 	 0.0012 
42.0000 	 0.0010 	 5.9185 	 5.3048 	 4.7308 	 1.0562 	 0.0000 	 3.0833 	 921.6261 	 42.0000 	 0.7983 	 1.6506 	 1.6781 	 0.3617 	 -0.4917 	 0.0000 	 0.5401 	 0.0000 
41.0000 	 1.3785 	 4.5711 	 9.1087 	 1.9384 	 4.8345 	 0.0000 	 3.1286 	 815.2276 	 41.0000 	 2.2136 	 6.2765 	 4.1411 	 1.0003 	 -1.4486 	 0.0000 	 2.6140 	 0.0044 
45.0000 	 1.5435 	 2.0945 	 5.9421 	 5.7241 	 1.9639 	 0.0000 	 1.6128 	 791.0639 	 45.0000 	 0.2660 	 9.6068 	 8.7191 	 1.1261 	 -1.5312 	 0.0000 	 0.4527 	 0.0019 
42.0000 	 1.4765 	 2.0886 	 9.6035 	 5.4603 	 2.1370 	 0.0000 	 1.6486 	 791.1265 	 42.0000 	 1.5296 	 2.8849 	 7.2795 	 0.4083 	 2.8627 	 0.0000 	 2.6094 	 0.0029 
46.0000 	 1.5801 	 2.0286 	 3.8187 	 6.1926 	 1.6136 	 0.0000 	 1.5500 	 791.3785 	 46.0000 	 0.7133 	 2.2940 	 2.9256 	 1.8922 	 -0.5318 	 0.0000 	 1.6177 	 0.0040 
43.0000 	 1.4999 	 2.1083 	 7.6210 	 5.5740 	 2.0825 	 0.0000 	 1.6297 	 791.0740 	 43.0000 	 0.8394 	 0.5593 	 1.9540 	 2.9669 	 2.0187 	 0.0000 	 1.6654 	 0.0018 
40.0000 	 0.0014 	 0.9698 	 6.8856 	 9.0335 	 -3.3115 	 0.0000 	 3.0530 	 921.7005 	 40.0000 	 0.0405 	 6.9994 	 2.3780 	 0.4200 	 -1.4403 	 0.0000 	 0.5821 	 0.0000 
43.0000 	 1.5014 	 2.1162 	 5.4935 	 5.8093 	 1.9187 	 0.0000 	 1.6027 	 791.0458 	 43.0000 	 2.1892 	 3.6889 	 3.1845 	 0.7466 	 2.7349 	 0.0000 	 0.9964 	 0.0015 
42.0000 	 0.0036 	 3.4071 	 7.1302 	 2.4367 	 3.3458 	 0.0000 	 3.0836 	 921.6324 	 42.0000 	 2.1406 	 4.0287 	 7.7437 	 1.3487 	 -0.3012 	 0.0000 	 2.4709 	 0.0000 
42.0000 	 1.4767 	 2.1335 	 5.7541 	 5.7635 	 1.9546 	 0.0000 	 1.6072 	 791.0436 	 42.0000 	 2.0234 	 3.3094 	 6.3584 	 1.2570 	 2.8029 	 0.0000 	 2.0512 	 0.0020 
45.0000 	 1.5406 	 2.0943 	 8.1753 	 5.5322 	 2.1090 	 0.0000 	 1.6312 	 791.1013 	 45.0000 	 0.9018 	 0.1152 	 2.9038 	 2.7366 	 -0.5968 	 0.0000 	 1.7667 	 0.0018 
37.0000 	 0.0082 	 2.6435 	 4.9913 	 1.8009 	 3.9813 	 0.0000 	 3.0835 	 921.6324 	 37.0000 	 0.6465 	 3.9661 	 9.9612 	 0.6734 	 -1.0443 	 0.0000 	 1.9667 	 0.0000 
40.0000 	 1.4425 	 2.1331 	 4.8266 	 5.9451 	 1.8469 	 0.0000 	 1.5774 	 791.0522 	 40.0000 	 1.9957 	 1.2469 	 0.6831 	 0.7105 	 -0.4877 	 0.0000 	 2.9450 	 0.0016 
38.0000 	 1.4018 	 2.1180 	 5.1349 	 5.8412 	 1.9055 	 0.0000 	 1.5958 	 791.0199 	 38.0000 	 2.2281 	 8.7891 	 9.4699 	 2.0983 	 2.5781 	 0.0000 	 1.0095 	 0.0021 
41.0000 	 1.4572 	 2.1541 	 5.5974 	 5.7887 	 1.9471 	 0.0000 	 1.5854 	 791.0443 	 41.0000 	 1.3905 	 6.4472 	 8.2959 	 1.1774 	 2.7443 	 0.0000 	 0.0856 	 0.0016 
39.0000 	 1.4244 	 2.0913 	 5.7912 	 5.7174 	 1.9838 	 0.0000 	 1.6095 	 791.0344 	 39.0000 	 0.4241 	 4.6030 	 0.0116 	 0.8352 	 0.5100 	 0.0000 	 0.4206 	 0.0018 
43.0000 	 1.5057 	 2.0868 	 6.5318 	 5.6633 	 2.0117 	 0.0000 	 1.6209 	 791.0523 	 43.0000 	 2.5087 	 8.0167 	 9.7438 	 0.5622 	 -2.3708 	 0.0000 	 2.7616 	 0.0018 
36.0000 	 1.3577 	 2.0867 	 6.9977 	 5.5941 	 2.0705 	 0.0000 	 1.6320 	 791.0578 	 36.0000 	 0.2003 	 6.5699 	 3.0910 	 0.5327 	 -0.2638 	 0.0000 	 0.3438 	 0.0017 
40.0000 	 1.4450 	 2.1211 	 4.4283 	 5.9991 	 1.8030 	 0.0000 	 1.5765 	 791.0734 	 40.0000 	 0.9527 	 2.1115 	 1.4558 	 2.0757 	 -2.1069 	 0.0000 	 2.7940 	 0.0018 
40.0000 	 0.0010 	 8.4319 	 7.6554 	 0.1043 	 5.6779 	 0.0000 	 3.0823 	 921.6324 	 40.0000 	 0.6339 	 5.1111 	 7.9200 	 1.3061 	 2.2668 	 0.0000 	 0.0105 	 0.0000 
36.0000 	 0.0010 	 6.1182 	 3.8673 	 3.9213 	 1.8539 	 0.0000 	 3.0838 	 921.6330 	 36.0000 	 0.8089 	 6.2584 	 7.9298 	 0.3046 	 2.1930 	 0.0000 	 0.2173 	 0.0000 
42.0000 	 0.0075 	 4.6008 	 4.8901 	 0.9294 	 4.8105 	 0.0000 	 3.0440 	 921.6890 	 42.0000 	 0.4354 	 9.9103 	 8.4759 	 2.4525 	 -1.2916 	 0.0000 	 2.2673 	 0.0000 
39.0000 	 1.4083 	 2.1352 	 8.4033 	 5.5208 	 2.1056 	 0.0000 	 1.6453 	 791.1007 	 39.0000 	 1.4571 	 2.8832 	 0.1799 	 0.5601 	 -1.6022 	 0.0000 	 0.8184 	 0.0012 
36.0000 	 1.3499 	 2.1299 	 6.6400 	 5.6188 	 2.0502 	 0.0000 	 1.6237 	 791.0446 	 36.0000 	 0.0789 	 5.3325 	 5.4058 	 2.9172 	 -1.6738 	 0.0000 	 0.3580 	 0.0016 
36.0000 	 1.3543 	 2.0825 	 9.1810 	 5.4650 	 2.1490 	 0.0000 	 1.6460 	 791.1204 	 36.0000 	 2.8380 	 0.9662 	 9.4940 	 0.8241 	 -2.8093 	 0.0000 	 1.6935 	 0.0015 
39.0000 	 1.4185 	 2.0962 	 7.6585 	 5.5373 	 2.0925 	 0.0000 	 1.6315 	 791.0736 	 39.0000 	 0.9147 	 7.4455 	 1.4655 	 2.8153 	 -0.5054 	 0.0000 	 1.9773 	 0.0015 
36.0000 	 1.3531 	 2.1291 	 6.3212 	 5.6698 	 2.0230 	 0.0000 	 1.6173 	 791.0304 	 36.0000 	 2.6011 	 2.6805 	 5.7893 	 0.6400 	 -1.0704 	 0.0000 	 1.4092 	 0.0021 
40.0000 	 1.4347 	 2.1070 	 9.4515 	 5.4690 	 2.1492 	 0.0000 	 1.6463 	 791.1235 	 40.0000 	 1.9683 	 0.3390 	 1.5102 	 0.9745 	 -2.7715 	 0.0000 	 2.1728 	 0.0013 
37.0000 	 1.3764 	 2.1377 	 5.2103 	 5.8284 	 1.9229 	 0.0000 	 1.5925 	 791.0136 	 37.0000 	 2.3000 	 4.4455 	 0.3429 	 1.6422 	 0.9105 	 0.0000 	 1.0029 	 0.0020 
37.0000 	 1.3691 	 2.1278 	 8.6622 	 5.5004 	 2.1333 	 0.0000 	 1.6341 	 791.1041 	 37.0000 	 0.4628 	 0.7703 	 5.2307 	 2.2491 	 -2.9441 	 0.0000 	 0.1686 	 0.0017 
33.0000 	 1.2837 	 2.1367 	 5.9564 	 5.7130 	 1.9836 	 0.0000 	 1.6221 	 791.0392 	 33.0000 	 0.3409 	 5.8458 	 0.1167 	 0.7425 	 2.2074 	 0.0000 	 1.3588 	 0.0016 
34.0000 	 1.3070 	 2.1416 	 6.8213 	 5.6249 	 2.0601 	 0.0000 	 1.6236 	 791.0528 	 34.0000 	 0.9638 	 1.8464 	 4.1901 	 0.3187 	 -0.5797 	 0.0000 	 1.3336 	 0.0018 
39.0000 	 1.4160 	 2.1228 	 8.2595 	 5.5021 	 2.1384 	 0.0000 	 1.6387 	 791.0939 	 39.0000 	 1.2839 	 9.8761 	 5.6230 	 1.0139 	 -0.0049 	 0.0000 	 2.9506 	 0.0018 
35.0000 	 1.3270 	 2.1291 	 7.5926 	 5.5701 	 2.0837 	 0.0000 	 1.6309 	 791.0713 	 35.0000 	 2.5763 	 2.7206 	 9.6470 	 2.8312 	 0.6665 	 0.0000 	 0.6021 	 0.0017 
35.0000 	 1.3244 	 2.1363 	 8.4014 	 5.5221 	 2.1106 	 0.0000 	 1.6382 	 791.1023 	 35.0000 	 2.7187 	 7.3505 	 0.2575 	 1.5106 	 0.1803 	 0.0000 	 0.6124 	 0.0024 
31.0000 	 1.2425 	 2.1401 	 4.5438 	 5.9538 	 1.8434 	 0.0000 	 1.5791 	 791.0340 	 31.0000 	 0.8171 	 3.1049 	 0.1829 	 2.2131 	 0.4908 	 0.0000 	 2.9136 	 0.0020 
33.0000 	 1.2861 	 2.1190 	 6.0758 	 5.6755 	 2.0130 	 0.0000 	 1.6221 	 791.0391 	 33.0000 	 2.2598 	 2.2241 	 7.4579 	 0.9546 	 -1.8505 	 0.0000 	 0.5462 	 0.0022 
34.0000 	 0.0014 	 3.3646 	 3.2365 	 1.0755 	 4.7129 	 0.0000 	 3.0939 	 921.6351 	 34.0000 	 0.8928 	 6.7708 	 2.4429 	 0.5461 	 2.6971 	 0.0000 	 0.3073 	 0.0000 
36.0000 	 1.3637 	 1.8742 	 1.1562 	 9.5481 	 -0.9107 	 0.0000 	 1.6141 	 797.4437 	 36.0000 	 2.5554 	 4.4617 	 0.5187 	 2.0219 	 2.8061 	 0.0000 	 1.9945 	 0.0039 
31.0000 	 1.2389 	 2.1640 	 4.3537 	 5.9868 	 1.8290 	 0.0000 	 1.5690 	 791.0409 	 31.0000 	 0.9770 	 4.1036 	 7.5928 	 1.3285 	 1.7890 	 0.0000 	 1.9906 	 0.0019 
34.0000 	 1.3066 	 2.1348 	 6.2774 	 5.7090 	 1.9880 	 0.0000 	 1.6094 	 791.0376 	 34.0000 	 2.7677 	 9.5858 	 2.6239 	 1.2344 	 -1.5052 	 0.0000 	 1.0468 	 0.0018 
36.0000 	 0.0102 	 7.0553 	 10.0000 	 2.4960 	 3.2866 	 0.0000 	 3.0831 	 921.6324 	 36.0000 	 0.2226 	 7.6433 	 3.5855 	 2.3176 	 -2.7763 	 0.0000 	 2.4248 	 0.0000 
32.0000 	 0.0014 	 5.8703 	 4.1471 	 1.8388 	 3.9437 	 0.0000 	 3.0834 	 921.6324 	 32.0000 	 0.0524 	 5.0135 	 9.1880 	 2.2943 	 -2.2596 	 0.0000 	 1.9149 	 0.0000 
30.0000 	 1.2127 	 2.1525 	 5.1142 	 5.8244 	 1.9275 	 0.0000 	 1.5890 	 791.0446 	 30.0000 	 2.3917 	 4.5813 	 8.5179 	 0.0433 	 -1.8793 	 0.0000 	 1.3007 	 0.0029 
29.0000 	 0.0031 	 3.8885 	 6.0702 	 0.9906 	 4.7928 	 0.0000 	 3.0813 	 921.6325 	 29.0000 	 0.4506 	 0.9392 	 0.1575 	 2.6845 	 -2.4961 	 0.0000 	 2.3311 	 0.0000 
31.0000 	 0.0010 	 8.2645 	 6.1204 	 4.0415 	 1.7395 	 0.0000 	 3.0852 	 921.6325 	 31.0000 	 1.2436 	 3.8509 	 1.3408 	 2.5462 	 -2.0429 	 0.0000 	 1.6093 	 0.0000 
26.0000 	 1.1210 	 2.0507 	 6.5669 	 5.6037 	 2.0539 	 0.0000 	 1.6262 	 791.2358 	 26.0000 	 2.0294 	 4.6970 	 3.6732 	 2.0055 	 -0.9242 	 0.0000 	 1.7189 	 0.0026 
32.0000 	 1.2644 	 2.0882 	 7.1924 	 5.5648 	 2.0868 	 0.0000 	 1.6329 	 791.0958 	 32.0000 	 2.5844 	 8.0856 	 0.3136 	 0.4809 	 0.7909 	 0.0000 	 2.8446 	 0.0017 
34.0000 	 1.2991 	 2.1966 	 5.5156 	 5.7848 	 1.9553 	 0.0000 	 1.6052 	 791.0395 	 34.0000 	 0.6810 	 8.9420 	 2.1497 	 0.5328 	 2.1067 	 0.0000 	 2.1631 	 0.0022 
29.0000 	 0.0010 	 5.5090 	 7.2821 	 1.4697 	 4.3151 	 0.0000 	 3.0817 	 921.6302 	 29.0000 	 0.9908 	 2.6563 	 4.4576 	 0.4511 	 1.8491 	 0.0000 	 0.7279 	 0.0000 
35.0000 	 1.3351 	 2.1210 	 5.0461 	 5.8699 	 1.8890 	 0.0000 	 1.5971 	 791.0168 	 35.0000 	 0.2890 	 9.3708 	 2.5017 	 2.4144 	 1.1761 	 0.0000 	 1.8548 	 0.0018 
27.0000 	 0.0023 	 0.8698 	 9.2687 	 0.5366 	 5.2471 	 0.0000 	 3.0821 	 921.6324 	 27.0000 	 0.6758 	 9.5447 	 7.0813 	 2.5258 	 0.2668 	 0.0000 	 1.9647 	 0.0000 
31.0000 	 1.2382 	 2.1350 	 5.1504 	 5.8157 	 1.9204 	 0.0000 	 1.5983 	 791.0343 	 31.0000 	 1.0527 	 8.6295 	 0.0677 	 2.6134 	 -2.0562 	 0.0000 	 2.1124 	 0.0026 
24.0000 	 1.0634 	 2.1052 	 5.0740 	 5.7929 	 1.9481 	 0.0000 	 1.5997 	 791.2394 	 24.0000 	 1.1483 	 9.0886 	 8.6998 	 1.0961 	 1.2097 	 0.0000 	 1.6060 	 0.0023 
27.0000 	 0.0011 	 2.1500 	 5.6622 	 5.9566 	 -0.1743 	 0.0000 	 3.0833 	 921.6324 	 27.0000 	 1.7544 	 2.0326 	 6.9105 	 0.8324 	 -1.6871 	 0.0000 	 0.3610 	 0.0000 
29.0000 	 0.0056 	 5.0729 	 0.7133 	 5.8826 	 -0.0984 	 0.0000 	 3.0943 	 921.6346 	 29.0000 	 0.3074 	 8.2668 	 3.1354 	 2.8995 	 -0.2845 	 0.0000 	 0.8024 	 0.0000 
32.0000 	 1.2646 	 2.1326 	 5.5273 	 5.7370 	 1.9776 	 0.0000 	 1.5981 	 791.0411 	 32.0000 	 0.3141 	 6.5519 	 6.5038 	 0.5370 	 -0.7913 	 0.0000 	 2.8614 	 0.0019 
33.0000 	 1.2858 	 2.1348 	 5.9979 	 5.7323 	 1.9862 	 0.0000 	 1.6052 	 791.0318 	 33.0000 	 0.6633 	 6.4501 	 8.6717 	 1.7982 	 -2.8131 	 0.0000 	 1.9324 	 0.0019 
30.0000 	 1.2162 	 2.1217 	 6.4488 	 5.6497 	 2.0396 	 0.0000 	 1.6122 	 791.0857 	 30.0000 	 1.0998 	 4.0387 	 4.8061 	 2.4236 	 0.6704 	 0.0000 	 1.4311 	 0.0019 
26.0000 	 1.1138 	 2.1664 	 4.3152 	 5.9850 	 1.8280 	 0.0000 	 1.5698 	 791.1201 	 26.0000 	 0.0569 	 4.3702 	 8.5787 	 1.9035 	 0.2735 	 0.0000 	 2.2320 	 0.0022 
25.0000 	 1.0864 	 2.2101 	 3.3731 	 6.2520 	 1.6681 	 0.0000 	 1.5494 	 791.2270 	 25.0000 	 2.0480 	 6.6260 	 4.5142 	 0.2696 	 -2.1873 	 0.0000 	 0.3249 	 0.0037 
26.0000 	 1.1171 	 2.0708 	 7.5102 	 5.5098 	 2.1184 	 0.0000 	 1.6355 	 791.2671 	 26.0000 	 0.5748 	 0.4674 	 4.7958 	 0.6638 	 -0.5281 	 0.0000 	 1.8015 	 0.0025 
27.0000 	 1.1478 	 2.1230 	 3.7268 	 6.1933 	 1.6752 	 0.0000 	 1.5565 	 791.1582 	 27.0000 	 0.3772 	 7.7772 	 3.4161 	 0.6364 	 -1.5871 	 0.0000 	 0.9500 	 0.0036 
31.0000 	 1.2112 	 2.4658 	 5.0586 	 5.6440 	 2.0859 	 0.0000 	 1.8552 	 793.1576 	 31.0000 	 1.1405 	 2.3152 	 1.0870 	 2.3542 	 -2.9678 	 0.0000 	 1.2339 	 0.0354 
23.0000 	 1.0305 	 2.1387 	 5.0551 	 5.8205 	 1.9306 	 0.0000 	 1.5878 	 791.2768 	 23.0000 	 1.5968 	 1.4336 	 9.6199 	 1.9507 	 -0.1229 	 0.0000 	 1.3383 	 0.0028 
26.0000 	 1.1140 	 2.1323 	 5.7976 	 5.7029 	 2.0135 	 0.0000 	 1.6076 	 791.1658 	 26.0000 	 2.1265 	 3.5082 	 4.3496 	 2.2549 	 -2.6814 	 0.0000 	 0.8635 	 0.0022 
24.0000 	 0.0023 	 2.5378 	 4.0063 	 3.2314 	 2.5518 	 0.0000 	 3.0219 	 921.7111 	 24.0000 	 2.6411 	 0.4432 	 9.9093 	 1.4736 	 1.1395 	 0.0000 	 0.9867 	 0.0000 
29.0000 	 1.1842 	 2.1233 	 9.3856 	 5.4528 	 2.1602 	 0.0000 	 1.6485 	 791.2129 	 29.0000 	 0.2591 	 2.7630 	 9.8163 	 2.6719 	 0.8634 	 0.0000 	 0.3102 	 0.0018 
20.0000 	 0.0010 	 8.5685 	 0.0000 	 2.2478 	 4.2890 	 0.0000 	 3.1326 	 921.7176 	 20.0000 	 0.1709 	 3.2818 	 0.8677 	 2.0180 	 2.2659 	 0.0000 	 1.3925 	 0.1630 
33.0000 	 1.2879 	 2.1476 	 4.8791 	 5.8698 	 1.9056 	 0.0000 	 1.5913 	 791.0202 	 33.0000 	 1.7653 	 1.2556 	 6.6733 	 2.5274 	 -2.1585 	 0.0000 	 2.6782 	 0.0018 
27.0000 	 1.1358 	 2.1418 	 5.8499 	 5.7282 	 1.9790 	 0.0000 	 1.6066 	 791.1309 	 27.0000 	 1.2614 	 7.0634 	 9.7904 	 1.9297 	 0.4410 	 0.0000 	 2.4762 	 0.0021 
20.0000 	 0.9396 	 2.0921 	 9.2649 	 5.4244 	 2.1718 	 0.0000 	 1.6435 	 791.7353 	 20.0000 	 1.0734 	 6.0183 	 6.0578 	 0.7346 	 -0.1298 	 0.0000 	 1.0495 	 0.0052 
22.0000 	 0.9711 	 2.6606 	 1.4244 	 8.7223 	 0.2591 	 0.0000 	 1.2814 	 794.4137 	 22.0000 	 2.3077 	 1.4308 	 2.0249 	 1.7119 	 -1.3394 	 0.0000 	 1.7858 	 0.0040 
22.0000 	 0.0034 	 4.4887 	 4.8807 	 1.8636 	 3.8885 	 0.0000 	 3.0829 	 921.6444 	 22.0000 	 2.7838 	 4.8555 	 7.7471 	 1.3878 	 0.3654 	 0.0000 	 1.0120 	 0.0000 
28.0000 	 1.1710 	 2.0792 	 9.4269 	 5.4372 	 2.1792 	 0.0000 	 1.6497 	 791.2757 	 28.0000 	 2.0146 	 9.9249 	 9.6792 	 0.7490 	 2.5023 	 0.0000 	 2.6779 	 0.0021 
30.0000 	 1.2117 	 2.1630 	 5.3459 	 5.7748 	 1.9738 	 0.0000 	 1.5988 	 791.0528 	 30.0000 	 1.4903 	 1.3627 	 9.0864 	 2.6448 	 1.6543 	 0.0000 	 2.0837 	 0.0023 
23.0000 	 1.0273 	 2.1611 	 4.8758 	 5.8272 	 1.9374 	 0.0000 	 1.6014 	 791.2864 	 23.0000 	 2.5477 	 2.0318 	 4.4951 	 0.5192 	 0.8642 	 0.0000 	 1.8887 	 0.0027 
23.0000 	 1.0287 	 2.1763 	 4.6645 	 5.8885 	 1.8929 	 0.0000 	 1.5854 	 791.2615 	 23.0000 	 2.1548 	 9.7519 	 8.7048 	 1.3486 	 2.9817 	 0.0000 	 2.4660 	 0.0026 
18.0000 	 0.0455 	 3.5336 	 2.8495 	 2.6173 	 3.1761 	 0.0000 	 3.0151 	 921.7315 	 18.0000 	 0.9131 	 2.0884 	 9.0674 	 1.6668 	 -0.7843 	 0.0000 	 0.9162 	 0.0000 
24.0000 	 1.0685 	 2.1243 	 3.7258 	 6.1342 	 1.7528 	 0.0000 	 1.5473 	 791.2304 	 24.0000 	 1.3582 	 9.8795 	 0.4461 	 1.8273 	 1.6674 	 0.0000 	 0.0896 	 0.0027 
20.0000 	 0.0010 	 4.0847 	 9.2057 	 1.6871 	 4.0948 	 0.0000 	 3.0834 	 921.6324 	 20.0000 	 0.4005 	 3.0864 	 8.4605 	 2.1016 	 -1.8342 	 0.0000 	 2.1095 	 0.0000 
29.0000 	 0.0015 	 5.6691 	 2.9782 	 2.4480 	 3.3004 	 0.0000 	 3.0819 	 921.6475 	 29.0000 	 1.4148 	 7.5146 	 3.7554 	 2.2687 	 1.9926 	 0.0000 	 1.0770 	 0.0001 
26.0000 	 1.1180 	 2.1161 	 4.7504 	 5.9121 	 1.8707 	 0.0000 	 1.5755 	 791.1314 	 26.0000 	 0.5883 	 4.5512 	 5.2146 	 0.4193 	 -0.7591 	 0.0000 	 0.1342 	 0.0029 
22.0000 	 0.9967 	 2.1875 	 5.8600 	 5.6571 	 2.0566 	 0.0000 	 1.6050 	 791.4258 	 22.0000 	 0.7028 	 8.0498 	 7.7102 	 2.2734 	 0.6148 	 0.0000 	 2.4964 	 0.0037 
16.0000 	 0.8047 	 2.0934 	 8.3746 	 5.5127 	 2.1229 	 0.0000 	 1.6215 	 792.3797 	 16.0000 	 2.5095 	 2.3840 	 1.1295 	 1.3651 	 0.1866 	 0.0000 	 1.6340 	 0.0061 
27.0000 	 1.1449 	 2.1303 	 5.8451 	 5.7497 	 1.9919 	 0.0000 	 1.5825 	 791.1669 	 27.0000 	 1.8946 	 9.6664 	 0.9882 	 2.2548 	 0.6039 	 0.0000 	 2.7224 	 0.0024 
24.0000 	 1.0587 	 2.1529 	 4.7955 	 5.8693 	 1.9019 	 0.0000 	 1.5888 	 791.2130 	 24.0000 	 0.4140 	 3.9081 	 0.0595 	 1.7766 	 1.4857 	 0.0000 	 1.9713 	 0.0025 
26.0000 	 0.0019 	 2.2537 	 7.6882 	 0.7551 	 5.0246 	 0.0000 	 3.0859 	 921.6326 	 26.0000 	 1.4860 	 7.2525 	 1.4706 	 1.3637 	 -2.7840 	 0.0000 	 2.0700 	 0.0000 
15.0000 	 0.7749 	 2.1286 	 3.9820 	 6.0073 	 1.8228 	 0.0000 	 1.5699 	 792.4173 	 15.0000 	 0.5314 	 9.3615 	 0.0936 	 0.4072 	 0.6858 	 0.0000 	 2.1104 	 0.0063 
19.0000 	 0.9077 	 2.1844 	 3.9927 	 6.0241 	 1.8193 	 0.0000 	 1.5525 	 791.6206 	 19.0000 	 2.9503 	 2.2494 	 0.6168 	 2.2281 	 1.9566 	 0.0000 	 2.1704 	 0.0035 
22.0000 	 0.0153 	 8.8992 	 7.3276 	 2.7728 	 3.0097 	 0.0000 	 3.0833 	 921.6324 	 22.0000 	 0.1398 	 9.5007 	 8.8298 	 2.0830 	 -1.8765 	 0.0000 	 2.4496 	 0.0000 
25.0000 	 1.0864 	 2.1813 	 3.9382 	 6.0708 	 1.7733 	 0.0000 	 1.5627 	 791.1645 	 25.0000 	 0.4889 	 3.1280 	 8.4364 	 1.1302 	 1.4163 	 0.0000 	 0.8051 	 0.0025 
17.0000 	 0.0028 	 0.0937 	 5.1154 	 1.5106 	 4.2723 	 0.0000 	 3.0838 	 921.6324 	 17.0000 	 2.1731 	 2.7750 	 6.5446 	 2.1984 	 -0.9667 	 0.0000 	 1.6731 	 0.0000 
21.0000 	 0.9716 	 2.1429 	 4.8474 	 5.8019 	 1.9367 	 0.0000 	 1.5965 	 791.4448 	 21.0000 	 2.7372 	 4.6007 	 4.3749 	 0.3200 	 1.7793 	 0.0000 	 2.7979 	 0.0032 
16.0000 	 0.8066 	 2.0809 	 8.9887 	 5.4293 	 2.1830 	 0.0000 	 1.6426 	 792.3884 	 16.0000 	 1.1435 	 4.7270 	 0.5241 	 0.0065 	 -2.4336 	 0.0000 	 1.2716 	 0.0046 
26.0000 	 1.1125 	 2.1280 	 5.7768 	 5.7211 	 1.9921 	 0.0000 	 1.6122 	 791.1621 	 26.0000 	 0.8886 	 2.4028 	 2.5666 	 2.5881 	 1.8706 	 0.0000 	 2.3593 	 0.0033 
16.0000 	 0.8121 	 2.0992 	 5.2175 	 5.7710 	 1.9797 	 0.0000 	 1.5948 	 792.2339 	 16.0000 	 2.1880 	 5.4455 	 6.8202 	 1.9234 	 -2.1058 	 0.0000 	 0.4691 	 0.0054 
19.0000 	 0.9082 	 2.0906 	 8.0931 	 5.5154 	 2.1236 	 0.0000 	 1.6369 	 791.8141 	 19.0000 	 0.9118 	 1.5459 	 6.3202 	 2.0316 	 -2.3723 	 0.0000 	 0.2448 	 0.0035 
22.0000 	 1.0065 	 2.0714 	 5.2857 	 5.7664 	 1.9436 	 0.0000 	 1.5962 	 791.3894 	 22.0000 	 0.6971 	 2.1430 	 9.0099 	 2.2735 	 2.8846 	 0.0000 	 1.8693 	 0.0033 
24.0000 	 0.0048 	 9.9300 	 5.5028 	 2.3545 	 3.4264 	 0.0000 	 3.0884 	 921.6331 	 24.0000 	 2.8216 	 0.3667 	 0.7030 	 1.7406 	 -0.6214 	 0.0000 	 1.6227 	 0.0000 
18.0000 	 0.8791 	 2.1509 	 4.5614 	 5.8998 	 1.8881 	 0.0000 	 1.5630 	 791.7912 	 18.0000 	 0.2936 	 1.2127 	 7.1100 	 1.8132 	 -0.8823 	 0.0000 	 2.3002 	 0.0057 
17.0000 	 0.0010 	 5.6805 	 6.8087 	 1.6111 	 4.1805 	 0.0000 	 3.0971 	 921.6372 	 17.0000 	 1.5200 	 4.6254 	 2.5229 	 2.3600 	 -1.5553 	 0.0000 	 2.1122 	 0.0000 
21.0000 	 0.0034 	 2.6646 	 7.6039 	 1.3436 	 4.4389 	 0.0000 	 3.0833 	 921.6324 	 21.0000 	 1.0154 	 5.9741 	 1.6794 	 1.0111 	 -2.3089 	 0.0000 	 2.5725 	 0.0000 
12.0000 	 0.0010 	 3.6976 	 6.7878 	 1.5715 	 4.2105 	 0.0000 	 3.0841 	 921.6324 	 12.0000 	 1.8627 	 3.9554 	 4.7457 	 2.9529 	 -2.7464 	 0.0000 	 1.0554 	 0.0000 
15.0000 	 0.7738 	 2.1394 	 4.5921 	 5.8709 	 1.9098 	 0.0000 	 1.5759 	 792.4490 	 15.0000 	 2.9784 	 2.6755 	 7.1635 	 0.9173 	 -2.0449 	 0.0000 	 1.5022 	 0.0077 
15.0000 	 0.7686 	 2.1739 	 4.4906 	 5.8778 	 1.9337 	 0.0000 	 1.5779 	 792.4817 	 15.0000 	 2.0035 	 3.7266 	 7.9590 	 1.8339 	 -2.6470 	 0.0000 	 0.6772 	 0.0062 
19.0000 	 0.0061 	 6.9131 	 2.4679 	 1.8195 	 3.9620 	 0.0000 	 3.0817 	 921.5384 	 19.0000 	 2.9096 	 0.2648 	 9.3692 	 0.3166 	 -0.3488 	 0.0000 	 0.3136 	 0.0011 
23.0000 	 1.0286 	 2.1466 	 5.0737 	 5.8366 	 1.9278 	 0.0000 	 1.5923 	 791.2874 	 23.0000 	 0.1350 	 7.5437 	 4.8502 	 2.8858 	 1.0835 	 0.0000 	 1.4248 	 0.0031 
16.0000 	 0.8014 	 2.1669 	 5.6269 	 5.6954 	 2.0314 	 0.0000 	 1.6033 	 792.2785 	 16.0000 	 0.3897 	 5.0743 	 0.3802 	 2.3750 	 -2.8003 	 0.0000 	 0.1545 	 0.0044 
17.0000 	 0.8433 	 2.0548 	 8.3381 	 5.5036 	 2.1274 	 0.0000 	 1.6349 	 792.1582 	 17.0000 	 2.7613 	 3.6942 	 2.3397 	 2.9677 	 -2.7553 	 0.0000 	 1.4631 	 0.0062 
23.0000 	 1.0522 	 0.0000 	 4.8291 	 9.5098 	 -3.9287 	 0.0000 	 3.2502 	 822.1667 	 23.0000 	 1.3519 	 1.5460 	 1.2385 	 1.3463 	 -0.5021 	 0.0000 	 1.0104 	 0.0068 
14.0000 	 0.7399 	 2.1162 	 3.6255 	 6.1663 	 1.7319 	 0.0000 	 1.5359 	 792.7353 	 14.0000 	 1.7299 	 0.1571 	 1.6560 	 0.9429 	 -2.6120 	 0.0000 	 0.6858 	 0.0075 
19.0000 	 0.9096 	 2.0941 	 7.4658 	 5.5232 	 2.1247 	 0.0000 	 1.6278 	 791.7997 	 19.0000 	 0.3054 	 6.1842 	 2.9440 	 0.8106 	 2.9324 	 0.0000 	 2.1166 	 0.0045 
12.0000 	 0.6534 	 2.1924 	 2.8424 	 6.4475 	 1.5608 	 0.0000 	 1.4987 	 793.7155 	 12.0000 	 2.6095 	 7.7989 	 9.3830 	 1.5069 	 1.0316 	 0.0000 	 2.3264 	 0.0117 
23.0000 	 0.0038 	 9.3593 	 6.4209 	 1.0611 	 4.7300 	 0.0000 	 3.0736 	 921.6286 	 23.0000 	 0.7742 	 6.6730 	 7.6347 	 0.9287 	 -2.3640 	 0.0000 	 0.5273 	 0.0088 
16.0000 	 0.8112 	 2.0955 	 5.5535 	 5.7263 	 1.9978 	 0.0000 	 1.5984 	 792.2471 	 16.0000 	 2.9581 	 2.1040 	 8.2796 	 0.5691 	 2.2055 	 0.0000 	 2.8203 	 0.0049 
15.0000 	 0.7711 	 2.0452 	 9.6016 	 5.4111 	 2.1834 	 0.0000 	 1.6577 	 792.6607 	 15.0000 	 0.6409 	 0.8323 	 9.1607 	 2.4454 	 1.5609 	 0.0000 	 1.5491 	 0.0076 
17.0000 	 0.8416 	 2.1261 	 5.4282 	 5.7230 	 2.0001 	 0.0000 	 1.5992 	 792.0208 	 17.0000 	 1.4057 	 8.2404 	 3.0766 	 1.1476 	 2.8976 	 0.0000 	 0.7019 	 0.0045 
23.0000 	 1.0287 	 2.2313 	 3.3746 	 6.2492 	 1.6854 	 0.0000 	 1.5190 	 791.2984 	 23.0000 	 0.7722 	 7.6685 	 2.1223 	 1.3720 	 0.7995 	 0.0000 	 1.9527 	 0.0027 
9.0000 	 0.5193 	 1.9126 	 5.2267 	 5.7817 	 1.8869 	 0.0000 	 1.6339 	 796.0040 	 9.0000 	 0.9781 	 7.3320 	 9.8029 	 0.6082 	 -2.6695 	 0.0000 	 1.8609 	 0.0132 
13.0000 	 0.6936 	 2.1505 	 3.6600 	 6.1507 	 1.7319 	 0.0000 	 1.5409 	 793.1675 	 13.0000 	 2.2014 	 2.4555 	 0.0634 	 2.1376 	 0.1658 	 0.0000 	 0.2469 	 0.0070 
13.0000 	 0.6911 	 2.0664 	 9.8115 	 5.3921 	 2.2098 	 0.0000 	 1.6586 	 793.3606 	 13.0000 	 1.4980 	 9.0581 	 5.6946 	 1.9756 	 1.4254 	 0.0000 	 2.1105 	 0.0071 
12.0000 	 0.6550 	 2.0054 	 8.9625 	 5.4718 	 2.1557 	 0.0000 	 1.6356 	 793.7954 	 12.0000 	 0.3862 	 4.6345 	 8.0675 	 1.1653 	 -2.0236 	 0.0000 	 2.3002 	 0.0115 
17.0000 	 0.8619 	 2.1084 	 2.4640 	 6.6397 	 1.4580 	 0.0000 	 1.4776 	 792.1670 	 17.0000 	 0.5468 	 3.6906 	 6.5808 	 0.0528 	 2.6048 	 0.0000 	 0.0604 	 0.0047 
12.0000 	 0.6535 	 2.0271 	 7.2500 	 5.5473 	 2.0899 	 0.0000 	 1.6258 	 793.7347 	 12.0000 	 0.4711 	 7.4916 	 1.9521 	 0.4376 	 -2.2823 	 0.0000 	 0.5922 	 0.0080 
21.0000 	 0.9689 	 2.0981 	 10.0000 	 5.4144 	 2.1957 	 0.0000 	 1.6469 	 791.6520 	 21.0000 	 2.2238 	 4.9031 	 5.8201 	 1.7311 	 -2.7120 	 0.0000 	 2.7182 	 0.0032 
11.0000 	 0.6101 	 2.0274 	 6.1828 	 5.6603 	 2.0103 	 0.0000 	 1.6218 	 794.2983 	 11.0000 	 1.1519 	 5.2832 	 4.1080 	 2.6552 	 -0.8081 	 0.0000 	 1.9477 	 0.0100 
17.0000 	 0.8414 	 2.0750 	 8.3217 	 5.4964 	 2.1336 	 0.0000 	 1.6416 	 792.1373 	 17.0000 	 1.5938 	 5.1244 	 0.8674 	 2.6923 	 0.6052 	 0.0000 	 0.2313 	 0.0060 
10.0000 	 0.5644 	 1.9435 	 9.0085 	 5.4505 	 2.1280 	 0.0000 	 1.6620 	 795.0797 	 10.0000 	 0.8650 	 3.8865 	 8.5479 	 1.4581 	 0.1491 	 0.0000 	 1.9217 	 0.0100 
11.0000 	 0.6153 	 2.0536 	 3.2902 	 6.2360 	 1.6611 	 0.0000 	 1.5484 	 794.2827 	 11.0000 	 2.1209 	 8.7200 	 6.4625 	 2.7178 	 -2.4673 	 0.0000 	 2.4626 	 0.0112 
21.0000 	 0.9727 	 2.1240 	 5.4265 	 5.7078 	 2.0010 	 0.0000 	 1.6148 	 791.4781 	 21.0000 	 2.9089 	 1.1007 	 0.3534 	 0.6033 	 1.4094 	 0.0000 	 0.8976 	 0.0031 
20.0000 	 0.9391 	 2.2268 	 3.0369 	 6.3966 	 1.5940 	 0.0000 	 1.5107 	 791.5354 	 20.0000 	 2.9115 	 4.1059 	 7.4707 	 0.3845 	 -0.7166 	 0.0000 	 2.7375 	 0.0031 
14.0000 	 0.7359 	 2.0264 	 9.1701 	 5.3918 	 2.1927 	 0.0000 	 1.6532 	 792.9881 	 14.0000 	 1.0739 	 0.5810 	 4.2123 	 2.0018 	 0.7759 	 0.0000 	 2.8338 	 0.0081 
18.0000 	 0.8790 	 2.1047 	 6.1529 	 5.6330 	 2.0529 	 0.0000 	 1.6174 	 791.8760 	 18.0000 	 1.5732 	 7.3819 	 4.3140 	 0.2192 	 -0.0970 	 0.0000 	 2.1998 	 0.0054 
9.0000 	 0.5187 	 1.8644 	 9.9996 	 5.4124 	 2.1425 	 0.0000 	 1.6582 	 795.9629 	 9.0000 	 0.7323 	 3.3106 	 8.5061 	 0.3744 	 -2.8619 	 0.0000 	 2.9209 	 0.0136 
6.0000 	 0.3462 	 1.7026 	 7.7980 	 5.5749 	 1.9724 	 0.0000 	 1.6937 	 800.6123 	 6.0000 	 1.7026 	 7.5471 	 8.2698 	 1.1984 	 0.9426 	 0.0000 	 1.6460 	 0.0294 
14.0000 	 0.7385 	 2.1912 	 2.6807 	 6.5833 	 1.4985 	 0.0000 	 1.4746 	 792.7837 	 14.0000 	 1.5142 	 0.1335 	 9.9434 	 0.5380 	 -0.7077 	 0.0000 	 0.8203 	 0.0082 
20.0000 	 0.9426 	 2.1832 	 3.5947 	 6.1749 	 1.7286 	 0.0000 	 1.5381 	 791.4819 	 20.0000 	 1.1813 	 0.8908 	 8.9014 	 2.5402 	 -1.4359 	 0.0000 	 2.2628 	 0.0049 
16.0000 	 0.8049 	 2.0995 	 10.0000 	 5.4024 	 2.1984 	 0.0000 	 1.6484 	 792.4382 	 16.0000 	 2.4160 	 8.1900 	 3.8176 	 2.6929 	 -0.0109 	 0.0000 	 0.7688 	 0.0057 
13.0000 	 0.6925 	 2.0426 	 8.4607 	 5.4890 	 2.1349 	 0.0000 	 1.6523 	 793.3278 	 13.0000 	 1.1821 	 0.7209 	 5.9442 	 1.8266 	 -0.8956 	 0.0000 	 0.6727 	 0.0066 
7.0000 	 0.4097 	 1.7581 	 8.4272 	 5.4398 	 2.0538 	 0.0000 	 1.6957 	 798.6378 	 7.0000 	 1.7674 	 2.8433 	 9.2023 	 0.4627 	 -0.7143 	 0.0000 	 2.9717 	 0.0151 
7.0000 	 0.4096 	 1.7539 	 9.9995 	 5.4747 	 2.0510 	 0.0000 	 1.6830 	 798.5868 	 7.0000 	 1.1998 	 4.6470 	 3.0612 	 0.6557 	 -2.7659 	 0.0000 	 2.2587 	 0.0172 
13.0000 	 0.6941 	 2.0653 	 9.1093 	 5.4429 	 2.1830 	 0.0000 	 1.6488 	 793.3607 	 13.0000 	 0.9119 	 9.0995 	 7.1069 	 2.4908 	 1.6017 	 0.0000 	 1.9586 	 0.0082 
8.0000 	 0.4634 	 1.8840 	 8.4270 	 5.4713 	 2.1299 	 0.0000 	 1.6450 	 797.0917 	 8.0000 	 1.6333 	 7.8323 	 0.2747 	 0.2004 	 -1.1095 	 0.0000 	 1.4668 	 0.0139 
14.0000 	 0.7327 	 2.0371 	 8.4761 	 5.4770 	 2.1348 	 0.0000 	 1.6392 	 792.9769 	 14.0000 	 2.2291 	 4.7052 	 0.8744 	 2.8669 	 -1.7156 	 0.0000 	 1.4785 	 0.0230 
8.0000 	 0.4637 	 1.8904 	 6.5206 	 5.5533 	 2.0594 	 0.0000 	 1.6544 	 797.0886 	 8.0000 	 0.7541 	 2.5113 	 0.4568 	 0.7115 	 -0.2913 	 0.0000 	 0.5307 	 0.0139 
14.0000 	 0.7307 	 2.1163 	 7.1610 	 5.5727 	 2.0977 	 0.0000 	 1.6308 	 792.9115 	 14.0000 	 0.6917 	 5.7065 	 9.5551 	 0.6538 	 2.4986 	 0.0000 	 2.3722 	 0.0127 
18.0000 	 0.8792 	 2.1632 	 4.0812 	 6.0008 	 1.8370 	 0.0000 	 1.5555 	 791.7532 	 18.0000 	 0.3731 	 2.4385 	 9.3489 	 1.7222 	 2.4423 	 0.0000 	 2.1399 	 0.0063 
7.0000 	 0.4127 	 1.7779 	 4.3546 	 5.8880 	 1.7778 	 0.0000 	 1.6455 	 798.8730 	 7.0000 	 0.3073 	 7.9139 	 2.5434 	 2.7218 	 0.4704 	 0.0000 	 2.8089 	 0.0140 
5.0000 	 0.2605 	 4.7318 	 2.7881 	 1.6367 	 4.8248 	 0.0000 	 3.0929 	 823.2272 	 5.0000 	 1.0715 	 1.5667 	 1.0727 	 1.6314 	 -2.7331 	 0.0000 	 0.8931 	 0.1633 
5.0000 	 0.2835 	 1.5458 	 8.1393 	 5.5314 	 1.9935 	 0.0000 	 1.7030 	 803.1999 	 5.0000 	 1.4270 	 1.9739 	 8.8112 	 1.4427 	 -0.3171 	 0.0000 	 1.8510 	 0.0190 
18.0000 	 0.8855 	 2.1444 	 3.1861 	 6.3329 	 1.6317 	 0.0000 	 1.5232 	 791.7610 	 18.0000 	 2.9881 	 2.1339 	 5.4934 	 2.2717 	 -0.4475 	 0.0000 	 0.9943 	 0.0062 
11.0000 	 0.0527 	 7.5221 	 4.2237 	 4.8255 	 0.9568 	 0.0000 	 3.0839 	 921.6325 	 11.0000 	 1.4827 	 2.7278 	 7.5894 	 2.9437 	 -1.3862 	 0.0000 	 1.8917 	 0.0000 
14.0000 	 0.7363 	 2.0668 	 5.7955 	 5.6775 	 2.0177 	 0.0000 	 1.6100 	 792.8275 	 14.0000 	 0.4005 	 3.8873 	 8.4180 	 2.3997 	 1.0424 	 0.0000 	 1.4911 	 0.0143 
16.0000 	 0.8071 	 2.0909 	 7.9979 	 5.5033 	 2.1343 	 0.0000 	 1.6367 	 792.3634 	 16.0000 	 1.0035 	 3.6448 	 0.1141 	 1.4068 	 -0.4441 	 0.0000 	 2.8106 	 0.0055 
3.0000 	 0.1278 	 1.3071 	 9.9946 	 5.2988 	 2.0256 	 0.0000 	 1.8189 	 812.1229 	 3.0000 	 0.2091 	 3.1649 	 3.3916 	 0.0394 	 -2.9838 	 0.0000 	 2.5302 	 0.0268 
6.0000 	 0.3317 	 5.9808 	 0.6239 	 6.5308 	 2.6558 	 0.0000 	 2.9597 	 817.2632 	 6.0000 	 0.4295 	 8.4942 	 7.2801 	 1.6821 	 2.3216 	 0.0000 	 0.9307 	 0.0102 
2.0000 	 0.0406 	 1.0837 	 8.5236 	 5.0814 	 1.4147 	 0.0000 	 2.4987 	 819.4200 	 2.0000 	 1.7784 	 7.2595 	 9.3640 	 2.3733 	 2.3847 	 0.0000 	 1.5075 	 0.0185 
3.0000 	 0.1140 	 1.3257 	 10.0000 	 3.5701 	 2.8224 	 0.0000 	 2.7265 	 817.0216 	 3.0000 	 2.1128 	 5.4679 	 4.2159 	 2.3976 	 -2.2477 	 0.0000 	 1.6447 	 0.0119 
10.0000 	 0.5984 	 2.5038 	 1.1328 	 9.9663 	 0.1938 	 0.0000 	 0.0000 	 800.0654 	 10.0000 	 2.0383 	 7.6927 	 2.2647 	 0.6622 	 -1.3638 	 0.0000 	 0.9801 	 0.0221 
9.0000 	 0.5139 	 1.9864 	 5.2829 	 5.7045 	 1.9726 	 0.0000 	 1.6397 	 795.9725 	 9.0000 	 2.5544 	 6.7718 	 5.5955 	 1.8085 	 0.7262 	 0.0000 	 0.7945 	 0.0144 
16.0000 	 0.8103 	 2.0454 	 6.6548 	 5.5962 	 2.0629 	 0.0000 	 1.6327 	 792.3094 	 16.0000 	 0.0600 	 8.9301 	 0.5221 	 1.5620 	 -2.0436 	 0.0000 	 0.2217 	 0.0054 
2.0000 	 0.0393 	 8.5273 	 8.6866 	 0.0026 	 5.3813 	 0.0000 	 3.2105 	 832.4505 	 2.0000 	 2.0263 	 0.2114 	 5.7370 	 0.0419 	 2.2025 	 0.0000 	 0.2390 	 0.0185 
2.0000 	 0.0394 	 1.1331 	 10.0000 	 5.0177 	 1.4491 	 0.0000 	 2.4916 	 819.4536 	 2.0000 	 1.7849 	 6.8261 	 6.0160 	 0.3792 	 -1.9226 	 0.0000 	 2.3464 	 0.0139 
10.0000 	 0.5687 	 1.8890 	 9.9445 	 5.4609 	 2.1155 	 0.0000 	 1.6645 	 795.1209 	 10.0000 	 1.1426 	 7.4526 	 3.0043 	 0.2146 	 -2.5519 	 0.0000 	 2.6843 	 0.0104 
14.0000 	 0.7434 	 2.2011 	 1.9150 	 7.3603 	 1.0402 	 0.0000 	 1.3738 	 793.0784 	 14.0000 	 2.5863 	 8.0753 	 4.4275 	 2.5240 	 2.4799 	 0.0000 	 0.4224 	 0.0061 
4.0000 	 0.2051 	 1.5227 	 9.9967 	 5.4579 	 2.0109 	 0.0000 	 1.7128 	 806.7458 	 4.0000 	 2.7321 	 4.7350 	 9.5882 	 1.7719 	 1.8574 	 0.0000 	 2.7868 	 0.0170 
11.0000 	 0.6127 	 2.0068 	 5.7850 	 5.6582 	 2.0138 	 0.0000 	 1.6224 	 794.3030 	 11.0000 	 0.1564 	 6.0514 	 5.6133 	 0.9020 	 -2.9647 	 0.0000 	 1.1433 	 0.0103 
15.0000 	 0.7676 	 2.1888 	 3.7093 	 6.0673 	 1.7837 	 0.0000 	 1.5487 	 792.4394 	 15.0000 	 2.3648 	 3.6537 	 4.5240 	 2.1819 	 0.6577 	 0.0000 	 0.0895 	 0.0051 
9.0000 	 0.5270 	 1.8207 	 5.3701 	 5.7220 	 1.9178 	 0.0000 	 1.6376 	 796.0635 	 9.0000 	 1.7117 	 7.6878 	 6.6643 	 0.3593 	 0.0350 	 0.0000 	 2.6540 	 0.0111 
9.0000 	 0.5175 	 1.9684 	 5.8464 	 5.6728 	 2.0339 	 0.0000 	 1.6195 	 795.9766 	 9.0000 	 1.9898 	 5.6801 	 4.0426 	 2.9366 	 -1.3331 	 0.0000 	 1.8032 	 0.0124 
12.0000 	 0.6515 	 2.0018 	 9.0852 	 5.5034 	 2.1053 	 0.0000 	 1.6441 	 793.8249 	 12.0000 	 1.1061 	 4.7014 	 3.6784 	 0.3282 	 -2.9735 	 0.0000 	 1.1029 	 0.0081 
6.0000 	 0.3459 	 1.7159 	 9.8500 	 5.3776 	 2.1222 	 0.0000 	 1.6982 	 800.4378 	 6.0000 	 0.6747 	 2.7701 	 1.2551 	 2.4651 	 -1.3812 	 0.0000 	 1.8300 	 0.0146 
12.0000 	 0.6628 	 2.0996 	 2.4410 	 6.7880 	 1.3265 	 0.0000 	 1.4734 	 793.7781 	 12.0000 	 2.7375 	 5.6157 	 1.1452 	 1.2235 	 -1.4292 	 0.0000 	 0.3708 	 0.0122 
1.0000 	 0.0016 	 1.0964 	 10.0000 	 2.4365 	 3.2869 	 0.0000 	 3.0145 	 834.3261 	 1.0000 	 0.7363 	 7.6220 	 6.0391 	 0.2762 	 -0.6413 	 0.0000 	 1.5774 	 0.0210 
9.0000 	 0.5168 	 1.9252 	 8.1846 	 5.4808 	 2.1285 	 0.0000 	 1.6479 	 795.9544 	 9.0000 	 0.8808 	 7.3772 	 0.6832 	 1.4839 	 -2.4791 	 0.0000 	 0.8391 	 0.0122 
11.0000 	 0.6084 	 1.9774 	 10.0000 	 5.3813 	 2.1689 	 0.0000 	 1.6519 	 794.3912 	 11.0000 	 0.5590 	 1.2111 	 5.4412 	 1.3913 	 -1.3772 	 0.0000 	 1.1285 	 0.0094 
6.0000 	 0.3511 	 1.7175 	 8.4414 	 5.4447 	 2.1308 	 0.0000 	 1.6648 	 800.5303 	 6.0000 	 0.8419 	 0.0460 	 0.1911 	 0.2149 	 1.6254 	 0.0000 	 1.9937 	 0.0158 
9.0000 	 0.5203 	 1.8650 	 9.0124 	 5.4156 	 2.1551 	 0.0000 	 1.6691 	 795.9756 	 9.0000 	 0.6099 	 1.9564 	 3.7983 	 2.3137 	 -1.7870 	 0.0000 	 1.9106 	 0.0132 
5.0000 	 0.2770 	 1.6315 	 9.9992 	 5.3007 	 2.1294 	 0.0000 	 1.7222 	 803.1130 	 5.0000 	 2.8913 	 1.7172 	 5.2896 	 1.2444 	 -1.4795 	 0.0000 	 1.8128 	 0.0167 
6.0000 	 0.3426 	 1.7494 	 9.6646 	 5.4942 	 2.0693 	 0.0000 	 1.6711 	 800.5319 	 6.0000 	 2.5657 	 0.2799 	 5.0564 	 0.9153 	 0.4018 	 0.0000 	 0.6570 	 0.0142 
3.0000 	 0.1105 	 9.4372 	 0.4015 	 1.3324 	 4.8130 	 0.0000 	 3.2090 	 827.3773 	 3.0000 	 2.2995 	 8.6675 	 1.0379 	 0.1474 	 -2.5314 	 0.0000 	 2.9908 	 0.0135 
12.0000 	 0.6538 	 2.0581 	 4.9393 	 5.8235 	 1.9403 	 0.0000 	 1.5929 	 793.6859 	 12.0000 	 1.8377 	 9.5174 	 1.3399 	 1.2995 	 -0.9821 	 0.0000 	 0.4692 	 0.0067 
6.0000 	 0.3498 	 1.6920 	 6.8194 	 5.5732 	 1.9577 	 0.0000 	 1.6780 	 800.5994 	 6.0000 	 0.4143 	 5.2592 	 3.1020 	 1.9916 	 -0.2364 	 0.0000 	 1.2246 	 0.0153 
1.0000 	 0.0018 	 7.4895 	 5.7217 	 0.0003 	 5.4340 	 0.0000 	 3.1866 	 841.6559 	 1.0000 	 2.7673 	 8.6956 	 9.3693 	 1.6895 	 2.7500 	 0.0000 	 0.6380 	 0.0242 
10.0000 	 0.5630 	 2.0212 	 5.6964 	 5.6512 	 2.0355 	 0.0000 	 1.6213 	 795.0349 	 10.0000 	 2.3930 	 6.7966 	 6.5949 	 1.5297 	 1.0478 	 0.0000 	 1.8046 	 0.0098 
3.0000 	 0.1092 	 2.7464 	 1.2438 	 2.3621 	 4.1502 	 0.0000 	 3.1340 	 825.4942 	 3.0000 	 1.7728 	 6.1856 	 3.4435 	 0.7931 	 0.3489 	 0.0000 	 0.7722 	 0.0136 
3.0000 	 0.1278 	 1.3136 	 9.9996 	 5.4470 	 1.8992 	 0.0000 	 1.8064 	 812.0967 	 3.0000 	 0.4879 	 2.0025 	 8.1532 	 2.6465 	 2.4881 	 0.0000 	 2.0968 	 0.0226 
8.0000 	 0.4732 	 1.9237 	 2.4357 	 6.7872 	 1.3058 	 0.0000 	 1.4703 	 797.8204 	 8.0000 	 0.5620 	 8.6594 	 9.5219 	 0.1142 	 0.2278 	 0.0000 	 1.0251 	 0.0289 
1.0000 	 0.0018 	 0.8735 	 5.4061 	 5.0973 	 0.9519 	 0.0000 	 2.8131 	 831.0724 	 1.0000 	 2.9051 	 5.8429 	 3.6299 	 2.6102 	 0.0425 	 0.0000 	 1.1151 	 0.0221 
1.0000 	 0.0010 	 2.3175 	 3.2132 	 0.0000 	 5.4250 	 0.0000 	 3.1735 	 845.2204 	 1.0000 	 2.3649 	 6.7969 	 8.5882 	 2.2526 	 1.0619 	 0.0000 	 1.9021 	 0.0200 
1.0000 	 0.0018 	 5.6357 	 6.7194 	 0.0000 	 5.3800 	 0.0000 	 3.2154 	 841.6807 	 1.0000 	 2.5185 	 1.8777 	 4.6669 	 0.4527 	 -0.2108 	 0.0000 	 2.4555 	 0.0168 
2.0000 	 0.0399 	 0.4987 	 1.9053 	 0.0257 	 5.3701 	 0.0000 	 3.2484 	 832.4065 	 2.0000 	 2.7510 	 3.1789 	 1.0714 	 0.9524 	 -2.8009 	 0.0000 	 0.6035 	 0.0208 
9.0000 	 0.5187 	 1.9132 	 8.2962 	 5.4288 	 2.1605 	 0.0000 	 1.6624 	 795.9499 	 9.0000 	 2.8465 	 7.4316 	 0.3079 	 2.9767 	 1.6273 	 0.0000 	 0.5494 	 0.0166 
8.0000 	 0.4657 	 1.8390 	 9.9920 	 5.3396 	 2.1807 	 0.0000 	 1.6903 	 797.0759 	 8.0000 	 0.0764 	 6.0391 	 6.7464 	 2.0616 	 -2.9882 	 0.0000 	 2.0334 	 0.0243 
5.0000 	 0.2480 	 1.7365 	 9.3373 	 2.6586 	 3.5556 	 0.0000 	 2.8684 	 815.0929 	 5.0000 	 1.2904 	 3.5512 	 8.9869 	 2.5451 	 1.2418 	 0.0000 	 2.4332 	 0.0085 
7.0000 	 0.4092 	 1.7742 	 7.8217 	 5.6179 	 1.9550 	 0.0000 	 1.6729 	 798.7067 	 7.0000 	 2.5172 	 0.6949 	 8.6189 	 1.9582 	 -0.2930 	 0.0000 	 0.2439 	 0.0164 
6.0000 	 0.3449 	 1.7656 	 7.8127 	 5.5317 	 2.0271 	 0.0000 	 1.6764 	 800.5087 	 6.0000 	 0.0200 	 5.4735 	 1.2202 	 0.3533 	 -0.8635 	 0.0000 	 2.9059 	 0.0263 
9.0000 	 0.5119 	 1.9902 	 6.2864 	 5.6078 	 2.0445 	 0.0000 	 1.6362 	 795.9659 	 9.0000 	 2.8319 	 0.4667 	 1.9180 	 1.1913 	 -1.7204 	 0.0000 	 1.4934 	 0.0114 
3.0000 	 0.1261 	 1.3417 	 9.9958 	 5.3862 	 1.9588 	 0.0000 	 1.7978 	 812.0291 	 3.0000 	 2.9602 	 5.0358 	 6.0882 	 2.7017 	 2.0142 	 0.0000 	 2.2021 	 0.0215 
6.0000 	 0.0013 	 6.2899 	 6.1288 	 2.1897 	 3.5938 	 0.0000 	 3.0828 	 921.6325 	 6.0000 	 2.6523 	 5.1664 	 1.9904 	 0.5709 	 -0.8451 	 0.0000 	 1.9208 	 0.0000 
5.0000 	 0.2767 	 1.6337 	 9.2083 	 5.4844 	 1.9650 	 0.0000 	 1.7406 	 803.1576 	 5.0000 	 0.5043 	 8.5736 	 1.7892 	 0.3652 	 1.6801 	 0.0000 	 2.1741 	 0.0173 
2.0000 	 0.0406 	 1.0243 	 10.0000 	 5.1210 	 1.2725 	 0.0000 	 2.5406 	 819.4755 	 2.0000 	 2.9820 	 3.3257 	 2.3819 	 2.9873 	 -0.8543 	 0.0000 	 0.7234 	 0.0152 
5.0000 	 0.2778 	 1.6253 	 10.0000 	 5.3247 	 2.1336 	 0.0000 	 1.7169 	 803.0369 	 5.0000 	 2.5505 	 2.5647 	 1.4715 	 2.4967 	 -0.3155 	 0.0000 	 0.4993 	 0.0262 
4.0000 	 0.1906 	 4.6078 	 0.3987 	 6.5006 	 1.9679 	 0.0000 	 3.0388 	 821.6617 	 4.0000 	 2.9315 	 5.0036 	 3.4167 	 0.5891 	 -2.0875 	 0.0000 	 2.2036 	 0.0121 
3.0000 	 0.1198 	 1.1911 	 7.0950 	 5.5055 	 1.3856 	 0.0000 	 2.1917 	 813.1764 	 3.0000 	 1.6730 	 4.3744 	 0.4020 	 0.9080 	 0.6398 	 0.0000 	 2.7339 	 0.0158 
5.0000 	 0.2752 	 1.6445 	 4.7990 	 5.9596 	 1.5391 	 0.0000 	 1.7809 	 804.2787 	 5.0000 	 0.7531 	 5.0718 	 6.0208 	 1.3934 	 -2.4808 	 0.0000 	 1.6127 	 0.0168 
1.0000 	 0.0019 	 0.8581 	 5.0258 	 5.2697 	 0.8191 	 0.0000 	 2.8135 	 831.0323 	 1.0000 	 1.8847 	 3.1093 	 5.3552 	 1.6878 	 0.8611 	 0.0000 	 0.5505 	 0.0287 
2.0000 	 0.0417 	 1.0123 	 8.2145 	 5.2480 	 1.2005 	 0.0000 	 2.4892 	 819.4191 	 2.0000 	 0.9580 	 8.2656 	 5.2137 	 1.8518 	 2.8384 	 0.0000 	 2.1382 	 0.0456 
3.0000 	 0.1250 	 1.3509 	 10.0000 	 5.3981 	 1.8935 	 0.0000 	 1.8148 	 812.0627 	 3.0000 	 0.3439 	 6.2403 	 1.9027 	 2.7308 	 -0.1812 	 0.0000 	 1.1568 	 0.0220 
2.0000 	 0.0393 	 5.3321 	 5.6098 	 0.1074 	 5.3223 	 0.0000 	 3.2272 	 832.4027 	 2.0000 	 1.2844 	 3.1396 	 0.2845 	 0.8752 	 -0.7036 	 0.0000 	 1.8913 	 0.0386 
50.0000 	 0.0098 	 8.3588 	 2.9342 	 3.9043 	 1.8780 	 0.0000 	 3.0836 	 921.6324 	 50.0000 	 2.1839 	 8.5730 	 3.7561 	 0.2823 	 -0.3089 	 0.0000 	 1.9544 	 0.0000 
