49.0000 	 0.1906 	 0.5927 	 6.7561 	 -8.5671 	 0.0000 	 1.4061 	 735.6560 	 49.0000 	 2.4172 	 0.6809 	 -6.7148 	 -3.7215 	 0.0000 	 1.6923 	 0.0178 
49.0000 	 1.3975 	 3.0807 	 3.5298 	 -0.3092 	 0.0000 	 0.0000 	 634.3778 	 49.0000 	 0.5139 	 9.5497 	 -1.2485 	 -3.5218 	 0.0000 	 1.6273 	 0.0275 
50.0000 	 1.4824 	 2.8562 	 4.6590 	 -0.6678 	 0.0000 	 0.6943 	 620.7902 	 50.0000 	 1.4909 	 3.7980 	 -5.0120 	 1.6930 	 0.0000 	 1.0278 	 0.0067 
50.0000 	 1.4223 	 2.6343 	 3.9499 	 -0.2355 	 0.0000 	 0.0318 	 634.5985 	 50.0000 	 2.4249 	 0.7884 	 -5.9217 	 0.3895 	 0.0000 	 1.1718 	 0.0271 
50.0000 	 1.4726 	 2.9322 	 4.5808 	 -0.6756 	 0.0000 	 0.7004 	 620.7805 	 50.0000 	 1.3328 	 2.1054 	 6.4943 	 -1.1521 	 0.0000 	 0.4044 	 0.0085 
50.0000 	 1.4605 	 3.2052 	 4.3691 	 -0.7174 	 0.0000 	 0.7060 	 620.8219 	 50.0000 	 1.3328 	 2.1054 	 6.4943 	 -1.1521 	 0.0000 	 0.4044 	 0.0077 
50.0000 	 1.4540 	 3.1572 	 4.3959 	 -0.7126 	 0.0000 	 0.7071 	 620.8222 	 50.0000 	 2.7490 	 4.7736 	 9.8144 	 1.7657 	 0.0000 	 0.1455 	 0.0086 
50.0000 	 1.4660 	 3.0450 	 4.5092 	 -0.7026 	 0.0000 	 0.7044 	 620.7726 	 50.0000 	 1.4909 	 3.7980 	 -5.0120 	 1.6930 	 0.0000 	 1.0278 	 0.0066 
48.0000 	 1.3283 	 4.2072 	 2.3739 	 -0.4408 	 0.0000 	 0.0000 	 636.5587 	 48.0000 	 1.7383 	 4.0486 	 -5.0093 	 -3.2093 	 0.0000 	 1.8192 	 0.0321 
48.0000 	 1.4404 	 2.8362 	 4.6256 	 -0.6518 	 0.0000 	 0.6944 	 620.5718 	 48.0000 	 0.7120 	 4.5519 	 -3.3003 	 2.9010 	 0.0000 	 0.4217 	 0.0070 
48.0000 	 1.4493 	 2.7859 	 4.6954 	 -0.6434 	 0.0000 	 0.6869 	 620.6094 	 48.0000 	 1.1930 	 9.8442 	 -9.8515 	 -2.8275 	 0.0000 	 2.5056 	 0.0124 
48.0000 	 1.4555 	 2.6389 	 4.7925 	 -0.6154 	 0.0000 	 0.6918 	 620.7180 	 48.0000 	 1.1371 	 9.8230 	 9.4499 	 -4.7895 	 0.0000 	 1.4723 	 0.0070 
48.0000 	 1.4315 	 3.2964 	 4.3542 	 -0.7477 	 0.0000 	 0.7002 	 620.6661 	 48.0000 	 0.4730 	 9.0794 	 -4.7336 	 1.2930 	 0.0000 	 1.8642 	 0.0102 
48.0000 	 1.3747 	 2.6083 	 3.8139 	 -0.2028 	 0.0000 	 0.0000 	 633.4009 	 48.0000 	 2.0213 	 4.8457 	 -4.1433 	 -2.0273 	 0.0000 	 1.4138 	 0.0236 
49.0000 	 1.4457 	 2.9632 	 4.4692 	 -0.6436 	 0.0000 	 0.6880 	 620.6846 	 49.0000 	 2.4326 	 3.9297 	 8.2870 	 -4.3490 	 0.0000 	 1.1323 	 0.0098 
47.0000 	 3.5374 	 7.6911 	 8.3727 	 3.7129 	 0.0000 	 1.8028 	 795.8566 	 47.0000 	 0.1842 	 2.5393 	 -9.4449 	 1.0502 	 0.0000 	 1.2618 	 0.0387 
49.0000 	 1.4519 	 3.1167 	 4.4718 	 -0.7146 	 0.0000 	 0.6948 	 620.6921 	 49.0000 	 2.8692 	 2.9426 	 -4.6246 	 -4.7929 	 0.0000 	 1.2957 	 0.0090 
45.0000 	 0.0047 	 12.1323 	 1.4948 	 -2.2580 	 0.0000 	 1.3490 	 741.5672 	 45.0000 	 0.8536 	 2.3102 	 3.7098 	 1.6284 	 0.0000 	 1.7014 	 0.0000 
45.0000 	 1.3718 	 3.4665 	 4.2247 	 -0.7621 	 0.0000 	 0.6889 	 620.4167 	 45.0000 	 1.5067 	 3.3078 	 0.8732 	 -1.0046 	 0.0000 	 1.3726 	 0.0100 
46.0000 	 1.3704 	 2.5386 	 4.0770 	 -0.2186 	 0.0000 	 0.0019 	 632.2895 	 46.0000 	 0.9500 	 9.8824 	 -2.3668 	 -3.0477 	 0.0000 	 2.1902 	 0.0263 
43.0000 	 1.2957 	 5.1683 	 3.2242 	 -1.0082 	 0.0000 	 0.7287 	 622.3343 	 43.0000 	 2.4213 	 2.6356 	 9.6182 	 2.5180 	 0.0000 	 0.6061 	 0.0077 
43.0000 	 1.3463 	 2.8403 	 4.5363 	 -0.6037 	 0.0000 	 0.6599 	 619.9393 	 43.0000 	 2.1885 	 3.2577 	 -4.5174 	 -4.8343 	 0.0000 	 2.3679 	 0.0066 
43.0000 	 1.1883 	 8.6371 	 -1.1836 	 -0.7515 	 0.0000 	 0.0000 	 644.0678 	 43.0000 	 1.0917 	 4.6503 	 -5.3966 	 3.1683 	 0.0000 	 1.8237 	 0.0299 
45.0000 	 1.5069 	 1.4679 	 6.4911 	 -3.1317 	 0.0000 	 1.2078 	 645.4577 	 45.0000 	 2.2831 	 3.5282 	 8.7592 	 -1.1783 	 0.0000 	 2.7899 	 0.0072 
45.0000 	 1.3889 	 3.0062 	 4.5472 	 -0.6869 	 0.0000 	 0.6774 	 620.2319 	 45.0000 	 2.8809 	 6.2785 	 -4.7296 	 -0.6685 	 0.0000 	 1.3302 	 0.0062 
45.0000 	 0.0052 	 0.0000 	 6.8304 	 -5.9134 	 0.0000 	 1.3751 	 741.5420 	 45.0000 	 1.7263 	 9.8222 	 -9.9900 	 -0.4685 	 0.0000 	 1.8601 	 0.0004 
45.0000 	 1.3814 	 3.2713 	 4.4166 	 -0.7599 	 0.0000 	 0.6882 	 620.3530 	 45.0000 	 1.5755 	 1.9254 	 8.3209 	 -1.6753 	 0.0000 	 2.0307 	 0.0091 
45.0000 	 1.3879 	 2.7618 	 4.6099 	 -0.5989 	 0.0000 	 0.6789 	 620.2350 	 45.0000 	 2.7705 	 8.8673 	 -1.3392 	 3.1418 	 0.0000 	 0.7672 	 0.0116 
43.0000 	 1.2583 	 82.8811 	 2.0820 	 -17.3879 	 0.0000 	 1.2560 	 660.6566 	 43.0000 	 2.1298 	 8.4769 	 0.3016 	 -4.1729 	 0.0000 	 1.7413 	 0.0104 
44.0000 	 0.6404 	 15.5859 	 0.2539 	 -2.3682 	 0.0000 	 1.3965 	 735.4859 	 44.0000 	 2.1563 	 0.9924 	 -8.4908 	 -0.2612 	 0.0000 	 2.9942 	 0.0722 
43.0000 	 1.3523 	 2.8369 	 4.5845 	 -0.6198 	 0.0000 	 0.6670 	 619.9586 	 43.0000 	 0.5102 	 0.3645 	 4.8552 	 0.1715 	 0.0000 	 1.2320 	 0.0067 
42.0000 	 1.3295 	 2.8313 	 4.5604 	 -0.6119 	 0.0000 	 0.6707 	 619.7906 	 42.0000 	 0.8189 	 4.6912 	 -7.9132 	 4.4113 	 0.0000 	 1.5481 	 0.0096 
43.0000 	 3.2351 	 8.0495 	 7.5586 	 6.6992 	 0.0000 	 1.8791 	 795.1798 	 43.0000 	 2.4550 	 6.6726 	 2.6223 	 0.4167 	 0.0000 	 0.3788 	 0.0447 
44.0000 	 1.3691 	 3.0321 	 4.4978 	 -0.6729 	 0.0000 	 0.6674 	 620.0926 	 44.0000 	 1.5471 	 5.4389 	 2.8737 	 -3.5721 	 0.0000 	 0.1640 	 0.0067 
42.0000 	 0.0405 	 6.9167 	 5.4062 	 -4.8065 	 0.0000 	 1.3506 	 741.5225 	 42.0000 	 1.1061 	 4.4302 	 2.5119 	 0.6849 	 0.0000 	 2.3632 	 0.0003 
42.0000 	 1.3303 	 2.9615 	 4.5220 	 -0.6605 	 0.0000 	 0.6796 	 619.8212 	 42.0000 	 2.6731 	 6.4935 	 6.1236 	 -3.6282 	 0.0000 	 0.9146 	 0.0056 
40.0000 	 1.1549 	 11.3465 	 -2.3327 	 -0.9463 	 0.0000 	 0.0007 	 647.7045 	 40.0000 	 0.8141 	 9.8353 	 -0.8447 	 -1.8825 	 0.0000 	 2.3953 	 0.0664 
41.0000 	 1.3217 	 2.8529 	 4.6015 	 -0.6264 	 0.0000 	 0.6555 	 619.6930 	 41.0000 	 1.3797 	 6.0250 	 5.9649 	 1.6006 	 0.0000 	 1.7002 	 0.0096 
43.0000 	 1.3482 	 2.8861 	 4.5275 	 -0.6258 	 0.0000 	 0.6729 	 619.9283 	 43.0000 	 1.2675 	 4.0484 	 -4.4030 	 3.9331 	 0.0000 	 1.8460 	 0.0063 
40.0000 	 1.2258 	 0.0000 	 6.5661 	 11.6622 	 0.0000 	 1.6864 	 706.1676 	 40.0000 	 1.6878 	 9.1265 	 -1.5127 	 4.7563 	 0.0000 	 2.5568 	 0.0026 
42.0000 	 1.2374 	 3.1353 	 3.1539 	 -0.2798 	 0.0000 	 0.0000 	 630.1420 	 42.0000 	 1.1263 	 2.6294 	 0.3722 	 -0.8076 	 0.0000 	 0.9902 	 0.0232 
44.0000 	 1.3620 	 2.8961 	 4.5163 	 -0.6326 	 0.0000 	 0.6735 	 620.0728 	 44.0000 	 2.2576 	 8.6046 	 5.2261 	 -0.9027 	 0.0000 	 0.8387 	 0.0081 
43.0000 	 1.2981 	 2.5057 	 3.9521 	 -0.1935 	 0.0000 	 0.0000 	 630.2449 	 43.0000 	 0.3035 	 9.1378 	 3.1359 	 0.3872 	 0.0000 	 1.8505 	 0.0269 
44.0000 	 1.3714 	 3.0094 	 4.5786 	 -0.7075 	 0.0000 	 0.6865 	 620.1478 	 44.0000 	 0.4432 	 2.9602 	 -4.1589 	 -0.0958 	 0.0000 	 0.7633 	 0.0053 
43.0000 	 1.3383 	 3.1202 	 4.3512 	 -0.6538 	 0.0000 	 0.6503 	 619.9891 	 43.0000 	 1.1934 	 4.0200 	 -0.1893 	 2.1834 	 0.0000 	 2.2403 	 0.0071 
44.0000 	 1.3718 	 2.8684 	 4.5831 	 -0.6358 	 0.0000 	 0.6732 	 620.0738 	 44.0000 	 0.0993 	 7.8711 	 -6.6918 	 -0.9346 	 0.0000 	 0.4597 	 0.0061 
41.0000 	 1.1355 	 0.0000 	 6.6142 	 7.3593 	 0.0000 	 1.6454 	 722.2293 	 41.0000 	 2.1244 	 6.4304 	 -5.6149 	 4.5877 	 0.0000 	 1.9249 	 0.0327 
42.0000 	 1.3237 	 2.9519 	 4.4285 	 -0.6118 	 0.0000 	 0.6510 	 619.7881 	 42.0000 	 0.4580 	 8.5192 	 -3.0535 	 -2.2027 	 0.0000 	 1.0492 	 0.0066 
41.0000 	 0.0028 	 5.4303 	 5.7152 	 -4.8191 	 0.0000 	 1.3536 	 741.5222 	 41.0000 	 0.9158 	 3.3813 	 -7.5010 	 2.0524 	 0.0000 	 1.3781 	 0.0000 
41.0000 	 1.3031 	 2.9575 	 4.4416 	 -0.6230 	 0.0000 	 0.6589 	 619.6363 	 41.0000 	 1.4760 	 6.4741 	 1.0467 	 0.2439 	 0.0000 	 0.0211 	 0.0095 
42.0000 	 1.3400 	 2.7881 	 4.6441 	 -0.6189 	 0.0000 	 0.6671 	 619.8232 	 42.0000 	 1.0094 	 3.2288 	 -6.3801 	 3.4164 	 0.0000 	 1.6423 	 0.0061 
41.0000 	 1.3015 	 3.1095 	 4.3455 	 -0.6533 	 0.0000 	 0.6577 	 619.6659 	 41.0000 	 0.0223 	 5.7416 	 1.4213 	 -1.9236 	 0.0000 	 1.7783 	 0.0080 
40.0000 	 1.2892 	 2.8585 	 4.4916 	 -0.5938 	 0.0000 	 0.6623 	 619.4878 	 40.0000 	 1.1519 	 9.2892 	 -7.4882 	 -2.1420 	 0.0000 	 2.1056 	 0.0075 
40.0000 	 1.2301 	 6.0031 	 2.7227 	 -1.0745 	 0.0000 	 0.6998 	 623.0692 	 40.0000 	 1.2932 	 9.2109 	 -9.0017 	 -3.7840 	 0.0000 	 0.2443 	 0.0127 
36.0000 	 1.1572 	 2.3470 	 3.9436 	 -0.1401 	 0.0000 	 0.0012 	 625.6823 	 36.0000 	 0.3960 	 6.4996 	 -0.1599 	 2.7164 	 0.0000 	 0.9163 	 0.0234 
39.0000 	 1.2653 	 2.8625 	 4.4708 	 -0.5945 	 0.0000 	 0.6592 	 619.3470 	 39.0000 	 1.4768 	 9.9490 	 8.9646 	 4.7969 	 0.0000 	 2.2110 	 0.0064 
39.0000 	 1.2796 	 2.5785 	 4.7354 	 -0.5565 	 0.0000 	 0.6518 	 619.5530 	 39.0000 	 0.8130 	 0.9193 	 -9.4123 	 -1.4127 	 0.0000 	 1.3195 	 0.0078 
35.0000 	 0.0010 	 9.5455 	 -1.3796 	 -1.1601 	 0.0000 	 1.3555 	 741.6062 	 35.0000 	 0.4053 	 0.7503 	 -6.7573 	 4.6795 	 0.0000 	 2.2498 	 0.0000 
36.0000 	 0.1049 	 2.8735 	 4.3685 	 -1.1550 	 0.0000 	 1.3563 	 741.6222 	 36.0000 	 0.5548 	 1.4677 	 3.9212 	 -0.7194 	 0.0000 	 0.5320 	 0.0000 
39.0000 	 1.2387 	 2.3875 	 4.1227 	 -0.1786 	 0.0000 	 0.0000 	 627.6547 	 39.0000 	 1.9103 	 2.7155 	 -2.7955 	 -4.1866 	 0.0000 	 2.4366 	 0.0273 
39.0000 	 1.2605 	 3.6607 	 4.1209 	 -0.8067 	 0.0000 	 0.6890 	 619.9687 	 39.0000 	 2.3521 	 0.0139 	 9.0311 	 1.5229 	 0.0000 	 2.2516 	 0.0044 
37.0000 	 1.1977 	 2.5972 	 3.9089 	 -0.2184 	 0.0000 	 0.0000 	 626.0684 	 37.0000 	 0.0077 	 8.2117 	 -6.4009 	 4.2913 	 0.0000 	 1.8305 	 0.0160 
33.0000 	 0.9988 	 10.4755 	 -2.6628 	 -0.8183 	 0.0000 	 0.0000 	 641.9591 	 33.0000 	 1.1315 	 9.0351 	 -1.5776 	 1.0070 	 0.0000 	 1.4554 	 0.0224 
36.0000 	 1.2099 	 2.3316 	 4.2977 	 -0.1749 	 0.0000 	 0.0008 	 626.0630 	 36.0000 	 1.7767 	 9.0538 	 -6.4261 	 4.1297 	 0.0000 	 1.4560 	 0.0552 
36.0000 	 1.1986 	 3.0994 	 4.2905 	 -0.6282 	 0.0000 	 0.6373 	 618.9070 	 36.0000 	 2.1560 	 2.8461 	 3.2426 	 4.3414 	 0.0000 	 1.2052 	 0.0080 
41.0000 	 1.2963 	 2.8042 	 4.4533 	 -0.5599 	 0.0000 	 0.6526 	 619.7019 	 41.0000 	 2.4208 	 5.3234 	 -9.8210 	 1.6519 	 0.0000 	 1.8243 	 0.0074 
39.0000 	 1.1945 	 5.1981 	 2.5742 	 -0.7979 	 0.0000 	 0.5947 	 622.8162 	 39.0000 	 0.7952 	 2.8383 	 2.9176 	 -1.7836 	 0.0000 	 1.7644 	 0.0114 
39.0000 	 1.2686 	 2.7509 	 4.5385 	 -0.5568 	 0.0000 	 0.6387 	 619.3879 	 39.0000 	 0.8747 	 6.9619 	 7.3273 	 -2.4255 	 0.0000 	 1.2859 	 0.0057 
38.0000 	 3.2460 	 12.4563 	 8.1851 	 6.9612 	 0.0000 	 1.8634 	 796.5012 	 38.0000 	 2.8311 	 9.3866 	 9.7369 	 4.4935 	 0.0000 	 2.6808 	 0.0436 
41.0000 	 1.2520 	 2.6760 	 3.7735 	 -0.2282 	 0.0000 	 0.0000 	 628.7995 	 41.0000 	 1.1566 	 3.1827 	 0.2150 	 1.9684 	 0.0000 	 0.9327 	 0.0255 
37.0000 	 0.0042 	 3.1777 	 6.1209 	 -4.4146 	 0.0000 	 1.3540 	 741.5224 	 37.0000 	 2.1396 	 5.5998 	 -3.8538 	 -0.7208 	 0.0000 	 1.9693 	 0.0000 
34.0000 	 0.0014 	 4.2871 	 5.8887 	 -5.5566 	 0.0000 	 1.4273 	 737.1759 	 34.0000 	 1.4378 	 8.3571 	 -6.1878 	 1.1573 	 0.0000 	 2.0200 	 0.2254 
33.0000 	 0.0015 	 7.6571 	 2.9355 	 -1.9598 	 0.0000 	 1.3540 	 741.5227 	 33.0000 	 2.1399 	 7.8229 	 1.9993 	 -1.2338 	 0.0000 	 2.9237 	 0.0000 
39.0000 	 1.2258 	 2.3361 	 4.0726 	 -0.1528 	 0.0000 	 0.0000 	 627.7784 	 39.0000 	 0.1396 	 6.9193 	 0.8006 	 -4.7988 	 0.0000 	 2.4665 	 0.0309 
33.0000 	 1.1102 	 2.5280 	 3.8843 	 -0.1948 	 0.0000 	 0.0000 	 623.1633 	 33.0000 	 1.5708 	 7.9649 	 -3.9850 	 -3.6160 	 0.0000 	 1.0590 	 0.0205 
36.0000 	 1.2026 	 2.7765 	 4.4223 	 -0.5261 	 0.0000 	 0.6242 	 618.8516 	 36.0000 	 1.0865 	 5.5737 	 9.1113 	 -2.1236 	 0.0000 	 0.5428 	 0.0072 
32.0000 	 0.0035 	 0.0000 	 7.3535 	 -5.4492 	 0.0000 	 0.0001 	 1604.4275 	 32.0000 	 2.7105 	 9.7042 	 0.5069 	 -0.1731 	 0.0000 	 1.8431 	 0.0006 
35.0000 	 1.1371 	 7.8532 	 2.1096 	 -1.3291 	 0.0000 	 0.7399 	 625.0479 	 35.0000 	 0.2053 	 8.3568 	 5.4092 	 -1.6049 	 0.0000 	 1.2958 	 0.0078 
33.0000 	 1.1233 	 3.2419 	 3.9624 	 -0.5592 	 0.0000 	 0.5919 	 618.5601 	 33.0000 	 0.1890 	 0.0549 	 -7.6389 	 -0.0866 	 0.0000 	 2.6853 	 0.0110 
31.0000 	 1.1064 	 2.7364 	 4.4682 	 -0.5119 	 0.0000 	 0.5891 	 617.8288 	 31.0000 	 1.5529 	 5.5649 	 9.3939 	 -4.5980 	 0.0000 	 1.9444 	 0.0066 
33.0000 	 0.0068 	 10.9095 	 3.6602 	 -3.4238 	 0.0000 	 1.3502 	 741.5234 	 33.0000 	 0.2952 	 5.3713 	 4.3495 	 -0.7576 	 0.0000 	 2.8051 	 0.0004 
39.0000 	 1.2210 	 3.5642 	 3.7321 	 -0.6289 	 0.0000 	 0.6233 	 620.0681 	 39.0000 	 2.6117 	 5.1615 	 -9.3327 	 -3.0604 	 0.0000 	 2.5927 	 0.0079 
29.0000 	 1.0628 	 2.6865 	 4.4434 	 -0.4717 	 0.0000 	 0.5655 	 617.3668 	 29.0000 	 0.8655 	 7.2875 	 6.6335 	 0.6864 	 0.0000 	 2.7704 	 0.0064 
31.0000 	 1.1126 	 2.7606 	 4.4672 	 -0.5144 	 0.0000 	 0.5800 	 617.8463 	 31.0000 	 0.7521 	 9.9363 	 -2.1547 	 -2.6404 	 0.0000 	 0.6168 	 0.0070 
34.0000 	 1.1746 	 2.9857 	 4.4389 	 -0.6266 	 0.0000 	 0.6438 	 618.5618 	 34.0000 	 1.0953 	 1.4975 	 -2.6799 	 4.7755 	 0.0000 	 1.4858 	 0.0099 
33.0000 	 1.1490 	 3.0162 	 4.3832 	 -0.6144 	 0.0000 	 0.6240 	 618.3416 	 33.0000 	 2.0163 	 3.1729 	 -3.6637 	 -3.4577 	 0.0000 	 2.0698 	 0.0064 
33.0000 	 1.1141 	 2.6885 	 3.8100 	 -0.2387 	 0.0000 	 0.0002 	 623.2355 	 33.0000 	 1.0469 	 3.5203 	 -9.6227 	 -2.8783 	 0.0000 	 0.9164 	 0.0189 
32.0000 	 1.1317 	 2.8058 	 4.4701 	 -0.5455 	 0.0000 	 0.6048 	 618.0461 	 32.0000 	 2.6309 	 9.4690 	 -1.2730 	 4.7996 	 0.0000 	 2.6780 	 0.0054 
34.0000 	 1.1469 	 2.3714 	 4.1063 	 -0.1663 	 0.0000 	 0.0001 	 624.1766 	 34.0000 	 1.6538 	 8.3007 	 3.0586 	 0.2223 	 0.0000 	 0.9657 	 0.0201 
27.0000 	 1.3081 	 4.8378 	 6.8828 	 -7.8288 	 0.0000 	 0.0000 	 808.9009 	 27.0000 	 1.1046 	 4.1795 	 8.8704 	 1.2249 	 0.0000 	 0.6245 	 0.1880 
33.0000 	 0.0010 	 6.2839 	 -0.6975 	 -0.8278 	 0.0000 	 1.3689 	 742.1290 	 33.0000 	 1.3261 	 7.2654 	 -2.9670 	 -1.8527 	 0.0000 	 2.1249 	 0.0000 
32.0000 	 1.1361 	 2.6459 	 4.5921 	 -0.5117 	 0.0000 	 0.5990 	 618.1293 	 32.0000 	 2.8167 	 6.2754 	 2.6978 	 4.6604 	 0.0000 	 1.8131 	 0.0070 
31.0000 	 1.0717 	 2.7405 	 3.7659 	 -0.2491 	 0.0000 	 0.0046 	 621.8992 	 31.0000 	 0.1809 	 1.6289 	 0.4390 	 4.5300 	 0.0000 	 2.9570 	 0.0300 
30.0000 	 0.0021 	 12.3447 	 5.5862 	 -9.7814 	 0.0000 	 1.3489 	 741.5237 	 30.0000 	 2.4553 	 4.3879 	 -6.0767 	 4.0251 	 0.0000 	 0.7585 	 0.0002 
31.0000 	 1.0986 	 2.7462 	 4.3567 	 -0.4741 	 0.0000 	 0.5760 	 617.8170 	 31.0000 	 2.1186 	 7.8923 	 -0.1523 	 4.3798 	 0.0000 	 1.9439 	 0.0073 
34.0000 	 1.1731 	 2.8648 	 4.4359 	 -0.5585 	 0.0000 	 0.6075 	 618.4664 	 34.0000 	 2.0291 	 7.9904 	 8.3212 	 0.1770 	 0.0000 	 0.9463 	 0.0071 
26.0000 	 1.0215 	 2.9521 	 4.0691 	 -0.3512 	 0.0000 	 0.2475 	 620.4680 	 26.0000 	 2.5388 	 7.0357 	 -4.2802 	 3.9109 	 0.0000 	 1.9270 	 0.1833 
30.0000 	 1.0736 	 3.0686 	 4.2056 	 -0.5690 	 0.0000 	 0.5892 	 617.7108 	 30.0000 	 1.3561 	 5.1256 	 6.3790 	 -0.6768 	 0.0000 	 0.2409 	 0.0060 
29.0000 	 1.0486 	 2.9570 	 4.1860 	 -0.5073 	 0.0000 	 0.5512 	 617.3987 	 29.0000 	 0.1601 	 7.9604 	 -8.4600 	 -1.1384 	 0.0000 	 1.7300 	 0.0067 
26.0000 	 0.9491 	 8.0607 	 2.1711 	 -1.3935 	 0.0000 	 0.7425 	 625.1873 	 26.0000 	 0.3535 	 2.3607 	 -1.6014 	 -2.5712 	 0.0000 	 0.4060 	 0.0141 
30.0000 	 1.1007 	 2.4580 	 4.6586 	 -0.4279 	 0.0000 	 0.5606 	 617.8807 	 30.0000 	 0.9820 	 5.1120 	 6.0756 	 -3.3566 	 0.0000 	 2.2279 	 0.0093 
30.0000 	 1.0761 	 2.7503 	 4.3632 	 -0.4803 	 0.0000 	 0.5685 	 617.5744 	 30.0000 	 1.9059 	 7.6843 	 1.6906 	 2.3744 	 0.0000 	 0.3305 	 0.0090 
29.0000 	 0.9851 	 4.1724 	 6.5141 	 -11.1633 	 0.0000 	 1.2832 	 657.1680 	 29.0000 	 2.1984 	 7.8451 	 6.6533 	 4.4143 	 0.0000 	 2.4949 	 0.0139 
31.0000 	 1.0571 	 2.6127 	 3.7365 	 -0.2053 	 0.0000 	 0.0001 	 621.8300 	 31.0000 	 0.1996 	 7.8280 	 9.1484 	 3.9981 	 0.0000 	 0.7206 	 0.0162 
29.0000 	 1.0339 	 2.2676 	 4.3092 	 -0.2257 	 0.0000 	 0.4193 	 618.8053 	 29.0000 	 0.9801 	 3.3958 	 -2.1855 	 -3.6777 	 0.0000 	 1.7406 	 0.0108 
24.0000 	 0.9437 	 2.6266 	 4.4693 	 -0.4454 	 0.0000 	 0.5287 	 616.2163 	 24.0000 	 2.7449 	 5.5424 	 6.8196 	 0.7006 	 0.0000 	 2.3260 	 0.0059 
29.0000 	 0.0077 	 4.7886 	 3.6482 	 -1.4986 	 0.0000 	 1.3540 	 741.5335 	 29.0000 	 0.6571 	 7.0210 	 -0.0073 	 0.1577 	 0.0000 	 1.4203 	 0.0000 
29.0000 	 1.0557 	 2.9329 	 4.2880 	 -0.5311 	 0.0000 	 0.5706 	 617.4050 	 29.0000 	 2.6937 	 0.6453 	 8.2511 	 -0.6139 	 0.0000 	 2.5029 	 0.0064 
27.0000 	 1.0225 	 2.4703 	 4.5513 	 -0.3926 	 0.0000 	 0.5255 	 617.0369 	 27.0000 	 1.4954 	 0.7149 	 -9.4993 	 -3.1978 	 0.0000 	 2.6887 	 0.0063 
29.0000 	 1.0682 	 2.9103 	 4.4102 	 -0.5631 	 0.0000 	 0.5906 	 617.4960 	 29.0000 	 2.4312 	 8.8468 	 -4.8645 	 -0.1961 	 0.0000 	 0.9669 	 0.0062 
27.0000 	 1.0156 	 2.6591 	 4.4167 	 -0.4439 	 0.0000 	 0.5381 	 616.8785 	 27.0000 	 0.0313 	 0.5652 	 -7.1835 	 -4.8114 	 0.0000 	 0.0496 	 0.0077 
27.0000 	 1.3500 	 2.8171 	 5.5634 	 -0.5634 	 0.0000 	 0.0048 	 656.7767 	 27.0000 	 2.2318 	 3.3574 	 -4.8869 	 3.2681 	 0.0000 	 1.2312 	 0.0862 
22.0000 	 0.8440 	 0.0000 	 6.5428 	 22.2843 	 0.0000 	 1.7073 	 709.2921 	 22.0000 	 1.1682 	 8.0055 	 8.2739 	 3.4131 	 0.0000 	 2.3011 	 0.0030 
26.0000 	 0.0010 	 5.8488 	 2.2989 	 -1.2875 	 0.0000 	 1.3509 	 741.5580 	 26.0000 	 2.8011 	 7.9472 	 2.2804 	 -1.7474 	 0.0000 	 2.3494 	 0.0000 
31.0000 	 1.0880 	 3.1550 	 4.1031 	 -0.5841 	 0.0000 	 0.6123 	 618.0295 	 31.0000 	 2.9555 	 8.0181 	 1.4469 	 0.0460 	 0.0000 	 2.2423 	 0.0061 
30.0000 	 1.0503 	 2.5986 	 3.9454 	 -0.2401 	 0.0000 	 0.0000 	 621.3048 	 30.0000 	 2.4423 	 9.6838 	 7.7185 	 1.0943 	 0.0000 	 2.0624 	 0.0184 
34.0000 	 1.1710 	 2.8079 	 4.4727 	 -0.5511 	 0.0000 	 0.6141 	 618.4602 	 34.0000 	 2.2694 	 9.8225 	 8.5901 	 -4.8309 	 0.0000 	 1.4339 	 0.0085 
32.0000 	 1.1298 	 2.6727 	 4.4927 	 -0.4942 	 0.0000 	 0.5917 	 618.0737 	 32.0000 	 2.7248 	 9.7521 	 1.4545 	 -4.2454 	 0.0000 	 2.3282 	 0.0087 
31.0000 	 1.0864 	 2.2784 	 4.1924 	 -0.1534 	 0.0000 	 0.0000 	 622.1742 	 31.0000 	 1.8003 	 2.3374 	 1.7720 	 -3.4353 	 0.0000 	 1.2407 	 0.0296 
32.0000 	 1.0959 	 3.4487 	 3.8467 	 -0.6101 	 0.0000 	 0.5981 	 618.5256 	 32.0000 	 2.7688 	 1.6307 	 -0.2706 	 2.2143 	 0.0000 	 0.8863 	 0.0066 
28.0000 	 1.0362 	 2.7274 	 4.3747 	 -0.4634 	 0.0000 	 0.5483 	 617.0905 	 28.0000 	 0.9275 	 8.9436 	 6.0766 	 1.7712 	 0.0000 	 0.5031 	 0.0073 
32.0000 	 1.0817 	 2.6631 	 3.7487 	 -0.2247 	 0.0000 	 0.0000 	 622.5027 	 32.0000 	 1.5312 	 7.5358 	 0.0334 	 1.2863 	 0.0000 	 2.7441 	 0.0269 
26.0000 	 0.9917 	 2.7473 	 4.3857 	 -0.4750 	 0.0000 	 0.5419 	 616.6607 	 26.0000 	 1.9941 	 3.9397 	 4.4608 	 -4.6977 	 0.0000 	 1.8831 	 0.0057 
31.0000 	 1.0987 	 2.9968 	 4.2985 	 -0.5740 	 0.0000 	 0.6038 	 617.8705 	 31.0000 	 1.9511 	 8.4246 	 -5.0487 	 2.0439 	 0.0000 	 2.3043 	 0.0066 
26.0000 	 0.9464 	 3.0050 	 3.5959 	 -0.3489 	 0.0000 	 0.3598 	 617.7062 	 26.0000 	 2.6345 	 1.4887 	 1.4762 	 2.6215 	 0.0000 	 2.7890 	 0.0071 
24.0000 	 0.9438 	 2.5504 	 4.4592 	 -0.3960 	 0.0000 	 0.4886 	 616.1610 	 24.0000 	 0.9407 	 0.2757 	 -5.8476 	 -3.4711 	 0.0000 	 1.3471 	 0.0075 
20.0000 	 0.7801 	 4.6864 	 2.0569 	 -0.5116 	 0.0000 	 0.0000 	 623.3601 	 20.0000 	 0.7382 	 5.2794 	 -5.2435 	 -4.0355 	 0.0000 	 0.5807 	 0.0145 
25.0000 	 0.9197 	 0.0001 	 6.5393 	 4.2647 	 0.0000 	 1.7111 	 703.3163 	 25.0000 	 2.8853 	 5.9570 	 -6.0518 	 4.7776 	 0.0000 	 2.7047 	 0.0020 
23.0000 	 0.9098 	 2.6552 	 4.2847 	 -0.3907 	 0.0000 	 0.4712 	 615.8448 	 23.0000 	 2.4221 	 7.4871 	 -0.5683 	 -2.1446 	 0.0000 	 2.8268 	 0.0075 
24.0000 	 0.9382 	 2.5691 	 4.3832 	 -0.3845 	 0.0000 	 0.4865 	 616.1111 	 24.0000 	 1.3380 	 3.5512 	 4.2784 	 0.0028 	 0.0000 	 0.3065 	 0.0071 
25.0000 	 0.9709 	 2.5739 	 4.4749 	 -0.4231 	 0.0000 	 0.5263 	 616.4321 	 25.0000 	 0.9691 	 5.7955 	 -8.6912 	 4.3357 	 0.0000 	 2.9313 	 0.0045 
18.0000 	 0.7795 	 2.4559 	 4.3833 	 -0.3083 	 0.0000 	 0.3776 	 615.1777 	 18.0000 	 2.0618 	 3.4966 	 -9.2801 	 -4.9401 	 0.0000 	 0.1564 	 0.0034 
23.0000 	 2.4701 	 13.7508 	 9.0714 	 5.0403 	 0.0000 	 1.8328 	 797.2218 	 23.0000 	 2.4323 	 2.4928 	 -7.0153 	 -0.8075 	 0.0000 	 0.6340 	 0.0891 
21.0000 	 0.8536 	 2.4208 	 4.1508 	 -0.2069 	 0.0000 	 0.0028 	 616.0868 	 21.0000 	 0.2651 	 5.0674 	 -3.9171 	 -4.2124 	 0.0000 	 2.1470 	 0.0077 
24.0000 	 0.9323 	 2.8388 	 4.2123 	 -0.4553 	 0.0000 	 0.5093 	 616.1754 	 24.0000 	 0.1153 	 7.5669 	 5.1280 	 -0.6971 	 0.0000 	 2.3502 	 0.0069 
22.0000 	 0.8829 	 2.6567 	 4.2521 	 -0.3810 	 0.0000 	 0.4537 	 615.6448 	 22.0000 	 1.9330 	 8.4283 	 7.5781 	 1.8716 	 0.0000 	 1.4132 	 0.0060 
23.0000 	 0.9054 	 2.6348 	 4.2236 	 -0.3594 	 0.0000 	 0.4340 	 615.8638 	 23.0000 	 0.9232 	 7.2605 	 -8.2138 	 -4.2863 	 0.0000 	 1.1704 	 0.0069 
14.0000 	 0.6387 	 3.4411 	 3.9233 	 -0.6145 	 0.0000 	 0.5373 	 618.3174 	 14.0000 	 0.1251 	 2.8324 	 -1.9249 	 -4.1447 	 0.0000 	 2.7134 	 0.0090 
28.0000 	 1.0145 	 3.6782 	 3.8086 	 -0.6836 	 0.0000 	 0.5976 	 618.0898 	 28.0000 	 0.5237 	 7.1411 	 2.9399 	 -4.6058 	 0.0000 	 1.8122 	 0.0071 
22.0000 	 0.8825 	 2.6308 	 4.2584 	 -0.3679 	 0.0000 	 0.4427 	 615.6233 	 22.0000 	 2.0656 	 6.2587 	 3.0602 	 -0.6130 	 0.0000 	 1.0574 	 0.0045 
27.0000 	 1.0100 	 2.8478 	 4.2610 	 -0.4787 	 0.0000 	 0.5373 	 616.8958 	 27.0000 	 1.9639 	 8.9574 	 -8.7469 	 -1.4531 	 0.0000 	 2.8435 	 0.0055 
25.0000 	 0.9598 	 2.6764 	 4.3101 	 -0.4127 	 0.0000 	 0.5036 	 616.3425 	 25.0000 	 0.1158 	 1.4629 	 -3.2498 	 -1.6803 	 0.0000 	 0.3611 	 0.0066 
20.0000 	 0.7904 	 4.7958 	 6.5139 	 -14.4746 	 0.0000 	 1.2508 	 658.6992 	 20.0000 	 2.3388 	 5.1213 	 6.7670 	 -4.9214 	 0.0000 	 2.4591 	 0.0120 
22.0000 	 0.8727 	 2.6033 	 4.1520 	 -0.3296 	 0.0000 	 0.4364 	 615.7230 	 22.0000 	 1.2046 	 5.9033 	 -2.1463 	 2.0955 	 0.0000 	 1.5576 	 0.0068 
14.0000 	 0.0030 	 10.9131 	 0.7581 	 -1.7963 	 0.0000 	 1.3687 	 741.5473 	 14.0000 	 1.9745 	 6.1829 	 -5.5796 	 -1.1964 	 0.0000 	 2.2084 	 0.0000 
16.0000 	 0.7310 	 2.4060 	 4.6508 	 -0.3705 	 0.0000 	 0.4396 	 615.6107 	 16.0000 	 2.9434 	 7.3549 	 -8.6122 	 1.2253 	 0.0000 	 1.5192 	 0.0053 
20.0000 	 0.8399 	 2.4583 	 4.3885 	 -0.3076 	 0.0000 	 0.3826 	 615.3102 	 20.0000 	 1.7161 	 7.6620 	 -5.5444 	 3.9676 	 0.0000 	 2.0682 	 0.0047 
23.0000 	 0.9035 	 2.4215 	 4.1192 	 -0.1990 	 0.0000 	 0.0013 	 616.9168 	 23.0000 	 0.0012 	 0.6832 	 0.3636 	 3.2560 	 0.0000 	 2.8292 	 0.0105 
19.0000 	 0.8092 	 2.2853 	 4.4417 	 -0.2361 	 0.0000 	 0.3121 	 615.3978 	 19.0000 	 1.6229 	 2.4720 	 -9.0347 	 -2.8101 	 0.0000 	 1.4467 	 0.0030 
21.0000 	 0.7929 	 0.0000 	 6.5192 	 20.2429 	 0.0000 	 1.6807 	 705.5202 	 21.0000 	 2.8790 	 4.9306 	 5.5451 	 4.6707 	 0.0000 	 1.1889 	 0.7010 
15.0000 	 0.6368 	 0.0000 	 6.5350 	 27.0188 	 0.0000 	 1.7102 	 704.0035 	 15.0000 	 1.3210 	 2.4610 	 4.2680 	 1.6833 	 0.0000 	 2.0357 	 0.0124 
20.0000 	 0.8365 	 2.5807 	 4.3595 	 -0.3689 	 0.0000 	 0.4419 	 615.3045 	 20.0000 	 1.0128 	 3.5730 	 9.8705 	 -2.1303 	 0.0000 	 1.5341 	 0.0034 
21.0000 	 0.8667 	 2.8108 	 4.2805 	 -0.4546 	 0.0000 	 0.4790 	 615.6678 	 21.0000 	 0.8202 	 4.4331 	 5.5814 	 0.1209 	 0.0000 	 1.9339 	 0.0043 
20.0000 	 0.8326 	 2.3701 	 4.2162 	 -0.1938 	 0.0000 	 0.0000 	 615.8401 	 20.0000 	 2.0032 	 3.2784 	 -7.5086 	 -2.8111 	 0.0000 	 0.9236 	 0.0068 
12.0000 	 0.6224 	 2.2397 	 4.9064 	 -0.2739 	 0.0000 	 0.0001 	 619.5392 	 12.0000 	 2.5488 	 8.4418 	 -4.7026 	 -0.4778 	 0.0000 	 2.3815 	 0.0199 
21.0000 	 0.8701 	 2.2934 	 4.5099 	 -0.2621 	 0.0000 	 0.3569 	 615.7297 	 21.0000 	 1.5455 	 9.4024 	 -9.0811 	 3.9746 	 0.0000 	 1.3605 	 0.0080 
17.0000 	 0.7650 	 2.4342 	 4.6483 	 -0.3810 	 0.0000 	 0.4393 	 615.4593 	 17.0000 	 1.4170 	 3.5496 	 0.9900 	 -2.3872 	 0.0000 	 0.1260 	 0.0059 
12.0000 	 0.0025 	 3.4029 	 4.4643 	 -1.4294 	 0.0000 	 1.3531 	 741.5556 	 12.0000 	 1.0277 	 7.2360 	 1.9629 	 2.4811 	 0.0000 	 1.0865 	 0.0000 
9.0000 	 0.4720 	 2.3953 	 5.0477 	 -0.5465 	 0.0000 	 0.5772 	 623.0244 	 9.0000 	 1.1583 	 6.4186 	 -5.0853 	 1.8316 	 0.0000 	 1.2604 	 0.0205 
20.0000 	 0.8447 	 2.4883 	 4.4811 	 -0.3537 	 0.0000 	 0.4033 	 615.3735 	 20.0000 	 0.0913 	 9.8769 	 2.4351 	 1.9342 	 0.0000 	 0.5402 	 0.0045 
19.0000 	 0.8054 	 2.5805 	 4.0830 	 -0.2483 	 0.0000 	 0.0015 	 615.7709 	 19.0000 	 1.0082 	 5.5781 	 -6.6215 	 -2.7537 	 0.0000 	 2.7672 	 0.0061 
19.0000 	 0.7662 	 0.0000 	 6.5648 	 8.7270 	 0.0000 	 1.7126 	 703.9871 	 19.0000 	 1.9096 	 5.9571 	 8.3582 	 4.3278 	 0.0000 	 2.4127 	 0.0114 
9.0000 	 0.0016 	 3.2281 	 5.0915 	 -1.8522 	 0.0000 	 1.3582 	 741.5326 	 9.0000 	 0.2485 	 7.6933 	 2.6986 	 3.2705 	 0.0000 	 2.4325 	 0.0000 
16.0000 	 0.0019 	 5.8142 	 2.8728 	 -1.4652 	 0.0000 	 1.3557 	 741.5515 	 16.0000 	 0.6569 	 9.6649 	 -9.2078 	 -3.4082 	 0.0000 	 2.2292 	 0.0000 
18.0000 	 0.7798 	 2.3355 	 4.3260 	 -0.2055 	 0.0000 	 0.0000 	 615.5747 	 18.0000 	 0.9785 	 6.0625 	 -2.0377 	 1.6194 	 0.0000 	 1.4847 	 0.0055 
15.0000 	 0.0040 	 2.1824 	 6.4502 	 -6.0210 	 0.0000 	 1.3389 	 741.5187 	 15.0000 	 2.6868 	 6.0826 	 3.3340 	 2.2840 	 0.0000 	 2.5526 	 0.0122 
18.0000 	 0.7260 	 9.4590 	 -0.6922 	 -0.9146 	 0.0000 	 0.0001 	 638.1999 	 18.0000 	 1.7087 	 8.0960 	 1.1589 	 -4.6881 	 0.0000 	 2.1269 	 0.0402 
17.0000 	 0.7426 	 2.6286 	 4.2236 	 -0.3410 	 0.0000 	 0.3734 	 615.4015 	 17.0000 	 2.9609 	 1.4262 	 7.9214 	 -2.2487 	 0.0000 	 0.5586 	 0.0078 
19.0000 	 0.8107 	 2.5248 	 4.1873 	 -0.2511 	 0.0000 	 0.0867 	 615.6544 	 19.0000 	 0.0738 	 3.6401 	 -4.5902 	 -2.8385 	 0.0000 	 1.6572 	 0.0065 
9.0000 	 0.4935 	 2.3632 	 4.8657 	 -0.3014 	 0.0000 	 0.0001 	 627.1136 	 9.0000 	 1.0470 	 8.6176 	 2.2544 	 -1.2800 	 0.0000 	 2.8586 	 0.0602 
17.0000 	 0.7515 	 2.5148 	 4.2223 	 -0.2532 	 0.0000 	 0.0533 	 615.7122 	 17.0000 	 1.7713 	 9.0011 	 6.0014 	 3.1655 	 0.0000 	 1.4838 	 0.0060 
16.0000 	 0.7241 	 2.5538 	 4.2172 	 -0.2652 	 0.0000 	 0.0000 	 616.0900 	 16.0000 	 2.4155 	 8.8178 	 -0.8652 	 -3.8142 	 0.0000 	 2.7841 	 0.0131 
16.0000 	 0.7096 	 3.9169 	 3.1436 	 -0.5103 	 0.0000 	 0.0004 	 620.2482 	 16.0000 	 0.1470 	 8.6072 	 -9.0874 	 2.2443 	 0.0000 	 1.5923 	 0.1499 
21.0000 	 0.8534 	 2.8388 	 3.8280 	 -0.2951 	 0.0000 	 0.0000 	 616.6719 	 21.0000 	 2.2510 	 3.8151 	 -4.8109 	 -3.2532 	 0.0000 	 1.4622 	 0.0090 
17.0000 	 0.0020 	 4.4189 	 6.4018 	 -10.0218 	 0.0000 	 1.3536 	 741.5221 	 17.0000 	 1.2995 	 3.5606 	 -6.0731 	 3.8404 	 0.0000 	 0.3785 	 0.0000 
25.0000 	 0.9592 	 2.7061 	 4.3289 	 -0.4393 	 0.0000 	 0.5192 	 616.3620 	 25.0000 	 0.9842 	 8.2907 	 5.2394 	 -1.8269 	 0.0000 	 2.5866 	 0.0084 
22.0000 	 0.8751 	 2.4354 	 4.0819 	 -0.1992 	 0.0000 	 0.0073 	 616.4461 	 22.0000 	 1.5443 	 7.3976 	 7.0326 	 2.9252 	 0.0000 	 1.6974 	 0.0097 
23.0000 	 0.9155 	 2.4721 	 4.4987 	 -0.3769 	 0.0000 	 0.5060 	 615.9914 	 23.0000 	 0.2039 	 7.2044 	 -3.1787 	 0.9667 	 0.0000 	 2.0171 	 0.0095 
22.0000 	 0.8860 	 2.2038 	 4.3417 	 -0.1521 	 0.0000 	 0.0000 	 616.8169 	 22.0000 	 0.1687 	 4.0393 	 4.6562 	 4.1870 	 0.0000 	 2.0473 	 0.0080 
23.0000 	 0.9123 	 2.7441 	 4.2637 	 -0.4198 	 0.0000 	 0.4760 	 615.8833 	 23.0000 	 0.7383 	 4.4313 	 2.5094 	 1.0202 	 0.0000 	 1.5091 	 0.0084 
19.0000 	 0.8057 	 2.4303 	 4.2031 	 -0.2172 	 0.0000 	 0.0000 	 615.6215 	 19.0000 	 2.9622 	 7.8493 	 6.7147 	 -0.4640 	 0.0000 	 2.3266 	 0.0051 
25.0000 	 0.9593 	 2.6786 	 4.2858 	 -0.4039 	 0.0000 	 0.4825 	 616.3496 	 25.0000 	 0.4310 	 1.1707 	 -2.6846 	 2.3010 	 0.0000 	 0.6082 	 0.0058 
21.0000 	 0.8612 	 2.5302 	 4.3106 	 -0.3249 	 0.0000 	 0.3975 	 615.4430 	 21.0000 	 0.5821 	 0.8146 	 -7.1434 	 0.6033 	 0.0000 	 2.5107 	 0.0046 
18.0000 	 0.0119 	 4.9932 	 3.3251 	 -1.4149 	 0.0000 	 1.3444 	 741.5729 	 18.0000 	 0.6685 	 5.3632 	 -7.9178 	 2.2800 	 0.0000 	 1.7838 	 0.0000 
21.0000 	 0.8288 	 8.9557 	 1.8241 	 -1.4635 	 0.0000 	 0.7252 	 626.4043 	 21.0000 	 1.9663 	 9.8315 	 -8.1829 	 1.1448 	 0.0000 	 2.8180 	 0.0110 
21.0000 	 0.8576 	 2.7120 	 4.2374 	 -0.3946 	 0.0000 	 0.4457 	 615.4830 	 21.0000 	 1.1574 	 9.5981 	 1.2398 	 -1.6261 	 0.0000 	 0.2903 	 0.0058 
3.0000 	 0.1120 	 7.4180 	 3.0651 	 -1.2719 	 0.0000 	 0.0000 	 729.6954 	 3.0000 	 1.8627 	 1.7248 	 -1.5512 	 1.2729 	 0.0000 	 1.7438 	 0.2934 
16.0000 	 0.7261 	 2.3704 	 4.4311 	 -0.2488 	 0.0000 	 0.2277 	 615.6444 	 16.0000 	 1.7265 	 3.9089 	 3.9554 	 1.1611 	 0.0000 	 1.5646 	 0.0098 
12.0000 	 0.6062 	 2.2413 	 4.7305 	 -0.2369 	 0.0000 	 0.0116 	 619.3441 	 12.0000 	 2.6251 	 9.0297 	 -8.7158 	 1.8923 	 0.0000 	 2.6184 	 0.0359 
14.0000 	 0.6638 	 2.1157 	 4.6312 	 -0.1677 	 0.0000 	 0.0000 	 617.4084 	 14.0000 	 1.9656 	 6.5809 	 2.1787 	 -3.7982 	 0.0000 	 2.8662 	 0.0113 
12.0000 	 0.5839 	 5.2477 	 2.6704 	 -0.7226 	 0.0000 	 0.0005 	 633.0526 	 12.0000 	 0.8367 	 8.6398 	 -6.5045 	 4.9900 	 0.0000 	 0.5964 	 0.0474 
9.0000 	 0.5288 	 1.9961 	 5.4283 	 -0.2731 	 0.0000 	 0.0000 	 626.9451 	 9.0000 	 1.6533 	 2.2861 	 0.1254 	 2.8204 	 0.0000 	 0.5677 	 0.0599 
14.0000 	 0.6452 	 2.8302 	 4.2382 	 -0.4516 	 0.0000 	 0.4653 	 617.0348 	 14.0000 	 0.0298 	 9.1502 	 3.7533 	 4.5112 	 0.0000 	 0.7928 	 0.0101 
11.0000 	 0.5891 	 2.1565 	 5.0261 	 -0.2531 	 0.0000 	 0.0001 	 621.2206 	 11.0000 	 0.2200 	 8.6090 	 1.8682 	 2.7671 	 0.0000 	 2.7617 	 0.0322 
6.0000 	 0.3111 	 2.3747 	 5.5006 	 -0.9166 	 0.0000 	 0.7843 	 630.4255 	 6.0000 	 1.6923 	 7.3202 	 1.6577 	 -3.5538 	 0.0000 	 1.8717 	 0.0172 
17.0000 	 0.7025 	 0.0000 	 6.5469 	 5.4610 	 0.0000 	 1.6837 	 703.9220 	 17.0000 	 1.6491 	 3.3491 	 7.2311 	 -3.8837 	 0.0000 	 1.4943 	 0.0016 
12.0000 	 0.6145 	 2.2035 	 4.8256 	 -0.2368 	 0.0000 	 0.0039 	 619.3024 	 12.0000 	 0.1626 	 5.7136 	 -1.0871 	 2.6670 	 0.0000 	 2.7858 	 0.0312 
17.0000 	 0.7536 	 2.3511 	 4.4359 	 -0.2515 	 0.0000 	 0.2469 	 615.3868 	 17.0000 	 0.9420 	 4.9401 	 2.2521 	 4.0083 	 0.0000 	 2.8920 	 0.0054 
12.0000 	 0.6053 	 2.3210 	 4.6550 	 -0.2442 	 0.0000 	 0.0087 	 619.5350 	 12.0000 	 0.4298 	 9.4047 	 7.0907 	 -1.9073 	 0.0000 	 1.1808 	 0.0196 
11.0000 	 0.5810 	 2.1563 	 4.9429 	 -0.2378 	 0.0000 	 0.0002 	 621.1732 	 11.0000 	 2.8074 	 6.0428 	 -9.1744 	 0.5379 	 0.0000 	 0.0627 	 0.0204 
10.0000 	 0.0177 	 0.7504 	 6.1304 	 -1.1285 	 0.0000 	 1.4125 	 741.7408 	 10.0000 	 1.5168 	 0.0465 	 1.3578 	 0.6448 	 0.0000 	 2.0555 	 0.0344 
13.0000 	 0.6376 	 2.2846 	 4.8390 	 -0.3646 	 0.0000 	 0.4452 	 617.2991 	 13.0000 	 1.0348 	 2.7334 	 -7.8282 	 -3.2378 	 0.0000 	 0.3247 	 0.0121 
5.0000 	 0.3110 	 1.9426 	 5.9528 	 -0.3771 	 0.0000 	 0.0000 	 650.1999 	 5.0000 	 1.7939 	 9.7578 	 9.0254 	 1.0524 	 0.0000 	 0.8042 	 0.1240 
8.0000 	 0.0010 	 2.0886 	 5.5799 	 -1.6581 	 0.0000 	 1.3596 	 741.5344 	 8.0000 	 1.8716 	 3.5203 	 -3.4770 	 -0.5939 	 0.0000 	 2.9731 	 0.0000 
11.0000 	 0.5678 	 2.2968 	 5.0503 	 -0.4582 	 0.0000 	 0.5075 	 619.5724 	 11.0000 	 1.0856 	 2.2104 	 6.7463 	 -3.0077 	 0.0000 	 0.3025 	 0.0179 
10.0000 	 0.5557 	 2.3158 	 5.0510 	 -0.3214 	 0.0000 	 0.0000 	 624.0379 	 10.0000 	 1.7964 	 8.8765 	 -3.0579 	 1.6765 	 0.0000 	 1.3260 	 0.0355 
10.0000 	 0.5241 	 2.2859 	 5.1730 	 -0.5442 	 0.0000 	 0.5828 	 621.2325 	 10.0000 	 2.0581 	 1.1041 	 -4.9842 	 -2.2178 	 0.0000 	 0.4382 	 0.0159 
10.0000 	 0.5242 	 2.2647 	 5.2200 	 -0.5677 	 0.0000 	 0.6221 	 621.4238 	 10.0000 	 1.5879 	 0.3732 	 -5.7970 	 3.5868 	 0.0000 	 0.3257 	 0.0149 
4.0000 	 0.1694 	 2.3384 	 5.7588 	 -1.3011 	 0.0000 	 0.9194 	 637.3056 	 4.0000 	 1.7363 	 0.8633 	 2.6363 	 0.5532 	 0.0000 	 1.0394 	 0.0189 
6.0000 	 0.3647 	 1.8942 	 5.6871 	 -0.2728 	 0.0000 	 0.0053 	 642.0176 	 6.0000 	 0.0971 	 8.0837 	 6.4016 	 4.7459 	 0.0000 	 0.2067 	 0.0814 
6.0000 	 1.2963 	 8.0028 	 9.6069 	 2.4299 	 0.0000 	 1.8418 	 792.9806 	 6.0000 	 0.5459 	 0.6321 	 6.2353 	 -3.3868 	 0.0000 	 0.1374 	 0.1929 
16.0000 	 0.6647 	 0.5805 	 7.0178 	 -30.0000 	 0.0000 	 1.3674 	 666.6231 	 16.0000 	 0.6010 	 3.9075 	 -3.4619 	 4.3724 	 0.0000 	 2.7621 	 0.0134 
13.0000 	 0.6478 	 2.2034 	 4.7334 	 -0.2168 	 0.0000 	 0.0000 	 618.0486 	 13.0000 	 2.7856 	 4.6316 	 -2.4736 	 -4.9198 	 0.0000 	 2.8413 	 0.0197 
1.0000 	 0.2043 	 4.9422 	 11.5610 	 0.7715 	 0.0000 	 1.8178 	 778.7551 	 1.0000 	 2.5187 	 4.3852 	 6.1948 	 -3.6554 	 0.0000 	 0.9905 	 0.5683 
7.0000 	 0.4327 	 1.8668 	 5.7466 	 -0.2825 	 0.0000 	 0.0008 	 635.5286 	 7.0000 	 0.9014 	 0.2743 	 -6.7028 	 -2.6514 	 0.0000 	 2.4757 	 0.0568 
9.0000 	 0.4520 	 6.3689 	 2.0879 	 -0.8373 	 0.0000 	 0.0000 	 648.1595 	 9.0000 	 1.6343 	 7.1836 	 -9.3927 	 3.3014 	 0.0000 	 2.1807 	 0.1207 
14.0000 	 0.6727 	 2.2333 	 4.7027 	 -0.2556 	 0.0000 	 0.2560 	 616.6883 	 14.0000 	 2.6519 	 8.9310 	 2.3995 	 1.2511 	 0.0000 	 1.0498 	 0.0094 
10.0000 	 0.5286 	 2.4040 	 4.8381 	 -0.3574 	 0.0000 	 0.3540 	 622.5380 	 10.0000 	 2.4073 	 7.8561 	 -4.6018 	 2.0386 	 0.0000 	 0.7495 	 0.0241 
7.0000 	 0.3675 	 2.4036 	 5.3597 	 -0.7983 	 0.0000 	 0.7210 	 627.6112 	 7.0000 	 2.4491 	 5.5395 	 -5.9477 	 -4.0623 	 0.0000 	 1.0473 	 0.0204 
6.0000 	 0.2924 	 3.0156 	 5.0844 	 -1.0689 	 0.0000 	 0.8122 	 630.8512 	 6.0000 	 0.3017 	 1.6108 	 -1.7460 	 -1.0640 	 0.0000 	 0.0123 	 0.0218 
5.0000 	 0.2650 	 4.6616 	 4.0575 	 -0.8511 	 0.0000 	 0.0001 	 671.2988 	 5.0000 	 2.9713 	 9.0966 	 7.4387 	 0.2323 	 0.0000 	 2.2828 	 0.0940 
19.0000 	 0.7217 	 14.4392 	 -4.1254 	 -1.0615 	 0.0000 	 0.0001 	 646.8805 	 19.0000 	 1.6979 	 7.6533 	 -2.3884 	 4.3043 	 0.0000 	 1.1753 	 0.0261 
18.0000 	 0.7857 	 2.4539 	 4.4469 	 -0.3188 	 0.0000 	 0.3694 	 615.1789 	 18.0000 	 1.5495 	 7.6584 	 -8.7071 	 -4.1883 	 0.0000 	 2.2740 	 0.0034 
13.0000 	 0.0017 	 6.3339 	 4.6485 	 -2.8876 	 0.0000 	 1.3549 	 741.5220 	 13.0000 	 2.6343 	 1.4522 	 -4.3905 	 1.2264 	 0.0000 	 1.8478 	 0.0000 
14.0000 	 0.6712 	 2.3378 	 4.7302 	 -0.3468 	 0.0000 	 0.3979 	 616.4674 	 14.0000 	 2.0447 	 7.7490 	 -9.2919 	 3.6105 	 0.0000 	 2.1200 	 0.0088 
11.0000 	 0.5749 	 2.2126 	 4.8266 	 -0.2381 	 0.0000 	 0.0000 	 621.2276 	 11.0000 	 0.1678 	 4.2854 	 -7.5044 	 1.2512 	 0.0000 	 0.1983 	 0.0388 
14.0000 	 0.6646 	 2.4222 	 4.5271 	 -0.3095 	 0.0000 	 0.3024 	 616.5162 	 14.0000 	 1.9937 	 3.1748 	 -5.5924 	 -4.8279 	 0.0000 	 2.5500 	 0.0180 
13.0000 	 0.6473 	 2.2601 	 4.7126 	 -0.2342 	 0.0000 	 0.0020 	 618.0853 	 13.0000 	 1.7277 	 0.4635 	 -2.4831 	 -2.7764 	 0.0000 	 0.7830 	 0.0371 
10.0000 	 0.5184 	 14.4584 	 -0.8300 	 -1.4890 	 0.0000 	 0.0000 	 674.3903 	 10.0000 	 0.8839 	 2.7031 	 -0.9751 	 4.3446 	 0.0000 	 0.0252 	 0.0572 
13.0000 	 0.6336 	 2.3645 	 4.5065 	 -0.2437 	 0.0000 	 0.0000 	 618.1312 	 13.0000 	 2.9165 	 2.8490 	 1.9574 	 -0.8098 	 0.0000 	 1.5593 	 0.0149 
18.0000 	 0.7825 	 2.5084 	 4.3968 	 -0.3349 	 0.0000 	 0.3909 	 615.1699 	 18.0000 	 2.7247 	 1.9531 	 4.0253 	 0.7888 	 0.0000 	 1.8472 	 0.0048 
11.0000 	 0.5557 	 2.3988 	 4.8660 	 -0.4595 	 0.0000 	 0.5258 	 619.5508 	 11.0000 	 0.5643 	 4.7101 	 1.7639 	 2.1040 	 0.0000 	 1.0446 	 0.0215 
16.0000 	 0.6841 	 8.2637 	 0.3573 	 -0.8898 	 0.0000 	 0.0530 	 636.9598 	 16.0000 	 0.5848 	 9.3666 	 -5.5600 	 -0.9003 	 0.0000 	 2.9265 	 0.0318 
8.0000 	 0.9141 	 0.1855 	 7.6807 	 -2.4023 	 0.0000 	 0.0005 	 779.5232 	 8.0000 	 1.2048 	 7.2334 	 1.4502 	 -1.8475 	 0.0000 	 2.4791 	 0.2352 
11.0000 	 0.5865 	 2.1599 	 5.0266 	 -0.2616 	 0.0000 	 0.0000 	 621.2687 	 11.0000 	 0.2305 	 2.8609 	 -2.6323 	 2.9666 	 0.0000 	 2.1006 	 0.0216 
10.0000 	 0.5444 	 2.1575 	 5.0518 	 -0.2641 	 0.0000 	 0.0024 	 623.4556 	 10.0000 	 1.7390 	 1.5456 	 9.7054 	 -2.7978 	 0.0000 	 0.7818 	 0.0276 
12.0000 	 0.5479 	 7.6965 	 2.6854 	 -1.5011 	 0.0000 	 0.7584 	 628.2843 	 12.0000 	 2.7708 	 9.3572 	 -2.3814 	 -2.7862 	 0.0000 	 0.0944 	 0.0114 
7.0000 	 0.3729 	 2.2480 	 5.5628 	 -0.8409 	 0.0000 	 0.7368 	 627.8829 	 7.0000 	 0.3887 	 2.5602 	 5.8637 	 1.3967 	 0.0000 	 0.6117 	 0.0153 
10.0000 	 0.0034 	 12.8720 	 4.3824 	 -5.2324 	 0.0000 	 1.3539 	 741.5221 	 10.0000 	 2.5961 	 3.6361 	 2.3898 	 3.8846 	 0.0000 	 1.2117 	 0.0000 
15.0000 	 0.7013 	 2.4286 	 4.5636 	 -0.3258 	 0.0000 	 0.3349 	 615.8948 	 15.0000 	 2.1824 	 7.0243 	 6.1035 	 -4.4455 	 0.0000 	 0.6919 	 0.0083 
4.0000 	 0.1717 	 8.6584 	 1.7725 	 -1.1865 	 0.0000 	 0.0003 	 710.2908 	 4.0000 	 0.4726 	 7.1458 	 -8.9888 	 -4.6452 	 0.0000 	 1.4784 	 1.2310 
9.0000 	 0.4721 	 2.3380 	 5.1694 	 -0.5965 	 0.0000 	 0.6264 	 622.9536 	 9.0000 	 2.9070 	 8.7951 	 -3.8127 	 -2.0507 	 0.0000 	 2.8277 	 0.0139 
8.0000 	 0.4126 	 5.7800 	 2.6444 	 -0.8265 	 0.0000 	 0.0000 	 650.8730 	 8.0000 	 2.1938 	 2.4500 	 9.8284 	 -3.0399 	 0.0000 	 0.0030 	 0.0594 
8.0000 	 0.4674 	 1.9679 	 5.4204 	 -0.2449 	 0.0000 	 0.0032 	 630.5138 	 8.0000 	 2.7447 	 7.1791 	 1.4649 	 0.5826 	 0.0000 	 1.7138 	 0.0385 
14.0000 	 0.6321 	 3.5122 	 3.7330 	 -0.5773 	 0.0000 	 0.4983 	 618.6705 	 14.0000 	 0.3791 	 0.7022 	 -2.0681 	 -3.7800 	 0.0000 	 2.1838 	 0.0105 
4.0000 	 0.7949 	 3.6386 	 6.8802 	 10.6932 	 0.0000 	 1.7052 	 787.5912 	 4.0000 	 1.3467 	 4.8942 	 -5.0245 	 -0.3893 	 0.0000 	 0.8631 	 0.2860 
15.0000 	 5.8246 	 2.6829 	 14.1193 	 0.1003 	 0.0000 	 0.0000 	 764.6424 	 15.0000 	 0.8342 	 6.2277 	 -2.1650 	 2.7969 	 0.0000 	 2.2486 	 0.1928 
2.0000 	 0.0330 	 2.2610 	 6.0137 	 -1.7895 	 0.0000 	 1.0349 	 648.7718 	 2.0000 	 2.4444 	 7.8892 	 -6.5755 	 -3.4030 	 0.0000 	 2.1853 	 0.0185 
8.0000 	 0.4465 	 2.5604 	 4.8796 	 -0.3878 	 0.0000 	 0.0000 	 632.0405 	 8.0000 	 2.3206 	 1.2697 	 1.7559 	 -0.4057 	 0.0000 	 0.3803 	 0.0465 
7.0000 	 0.3543 	 2.6234 	 5.2509 	 -0.9238 	 0.0000 	 0.7756 	 627.9146 	 7.0000 	 0.2756 	 0.1629 	 4.1234 	 3.4438 	 0.0000 	 1.4672 	 0.0146 
7.0000 	 0.3492 	 3.6979 	 4.8873 	 -1.2799 	 0.0000 	 0.7989 	 629.6431 	 7.0000 	 1.2893 	 5.7217 	 -6.3931 	 -2.2741 	 0.0000 	 1.4488 	 0.0136 
13.0000 	 0.6262 	 2.5640 	 4.5324 	 -0.3997 	 0.0000 	 0.4300 	 617.3433 	 13.0000 	 2.6387 	 7.6455 	 -1.7252 	 1.5184 	 0.0000 	 1.1213 	 0.0127 
13.0000 	 0.6485 	 2.3077 	 4.7053 	 -0.2567 	 0.0000 	 0.0000 	 618.0842 	 13.0000 	 2.7667 	 2.8347 	 -5.3958 	 0.5252 	 0.0000 	 2.8648 	 0.0183 
4.0000 	 0.1314 	 0.0000 	 6.8384 	 17.5146 	 0.0000 	 1.4911 	 709.5302 	 4.0000 	 0.9952 	 2.3632 	 -8.3489 	 -1.1599 	 0.0000 	 0.6446 	 0.3820 
4.0000 	 0.1460 	 6.9240 	 4.0245 	 -2.0658 	 0.0000 	 0.9418 	 641.4620 	 4.0000 	 1.9932 	 6.4591 	 3.6776 	 -1.9375 	 0.0000 	 0.5308 	 0.0131 
7.0000 	 0.3689 	 2.2405 	 5.4468 	 -0.7538 	 0.0000 	 0.7256 	 627.6128 	 7.0000 	 1.4860 	 0.9485 	 -7.4783 	 1.1485 	 0.0000 	 1.9706 	 0.0165 
11.0000 	 0.5667 	 2.5199 	 4.6097 	 -0.3227 	 0.0000 	 0.0001 	 621.8427 	 11.0000 	 0.0702 	 5.1921 	 9.7198 	 0.8046 	 0.0000 	 2.1065 	 0.0299 
4.0000 	 0.2490 	 1.6194 	 6.4025 	 -0.3144 	 0.0000 	 0.0002 	 661.2039 	 4.0000 	 1.6522 	 1.6230 	 -7.5652 	 -0.5580 	 0.0000 	 2.6608 	 0.1330 
12.0000 	 0.5962 	 2.4056 	 4.7056 	 -0.3738 	 0.0000 	 0.4211 	 618.2876 	 12.0000 	 2.2535 	 8.9754 	 -2.0004 	 -2.0689 	 0.0000 	 1.2895 	 0.0179 
5.0000 	 0.2479 	 2.0697 	 5.7693 	 -0.9768 	 0.0000 	 0.8413 	 633.6900 	 5.0000 	 1.4874 	 0.3690 	 -9.8610 	 -0.5406 	 0.0000 	 1.2481 	 0.0326 
4.0000 	 0.1713 	 2.1117 	 5.8263 	 -1.1629 	 0.0000 	 0.9027 	 637.3555 	 4.0000 	 0.6848 	 0.1385 	 5.6503 	 2.5252 	 0.0000 	 0.3622 	 0.0152 
9.0000 	 1.4670 	 11.0029 	 7.1579 	 16.1906 	 0.0000 	 1.8551 	 793.8047 	 9.0000 	 2.3383 	 4.0235 	 1.8075 	 -2.4472 	 0.0000 	 0.1094 	 0.2296 
1.0000 	 0.0167 	 1.0402 	 7.9470 	 -0.4354 	 0.0000 	 0.0280 	 699.1590 	 1.0000 	 2.8802 	 2.6582 	 7.5068 	 -0.3341 	 0.0000 	 1.8138 	 0.3404 
3.0000 	 0.0785 	 23.0813 	 1.6835 	 -4.2624 	 0.0000 	 1.0541 	 652.6306 	 3.0000 	 0.0726 	 9.1413 	 0.7505 	 -4.6412 	 0.0000 	 2.5960 	 0.0168 
10.0000 	 0.5161 	 2.3139 	 4.9411 	 -0.4385 	 0.0000 	 0.5278 	 621.2326 	 10.0000 	 2.7882 	 7.5613 	 -8.7871 	 -2.0893 	 0.0000 	 2.9974 	 0.0164 
8.0000 	 0.4114 	 4.5410 	 3.2922 	 -0.6503 	 0.0000 	 0.1365 	 643.3870 	 8.0000 	 0.1772 	 0.1651 	 -9.7171 	 2.3006 	 0.0000 	 2.9944 	 0.3565 
1.0000 	 0.0454 	 0.5579 	 8.3350 	 -0.8533 	 0.0000 	 0.0037 	 710.5611 	 1.0000 	 1.5207 	 5.4868 	 4.9292 	 3.9859 	 0.0000 	 1.2017 	 0.2995 
1.0000 	 0.0195 	 0.9780 	 7.9423 	 -0.4890 	 0.0000 	 0.0000 	 698.8345 	 1.0000 	 0.5818 	 6.6644 	 -1.3825 	 -0.8529 	 0.0000 	 0.8210 	 0.3754 
2.0000 	 0.0318 	 2.6459 	 5.9034 	 -1.9835 	 0.0000 	 1.0319 	 648.8689 	 2.0000 	 2.3607 	 2.0138 	 6.2272 	 2.8338 	 0.0000 	 0.9522 	 0.0228 
1.0000 	 0.0143 	 1.1500 	 7.7344 	 -0.5574 	 0.0000 	 0.0046 	 700.2302 	 1.0000 	 1.7747 	 9.7696 	 3.1519 	 -4.2607 	 0.0000 	 0.0387 	 0.7385 
8.0000 	 0.4087 	 6.8845 	 2.0518 	 -0.9338 	 0.0000 	 0.0000 	 655.9504 	 8.0000 	 0.0359 	 1.1984 	 -2.4177 	 1.5076 	 0.0000 	 1.1467 	 0.0755 
7.0000 	 0.3669 	 2.3293 	 5.4161 	 -0.8073 	 0.0000 	 0.7342 	 627.6334 	 7.0000 	 0.3294 	 8.8238 	 3.2332 	 3.7780 	 0.0000 	 2.2007 	 0.0183 
5.0000 	 0.1803 	 0.0000 	 6.6547 	 25.3506 	 0.0000 	 1.5338 	 707.3141 	 5.0000 	 0.8803 	 7.6755 	 4.3055 	 1.9984 	 0.0000 	 2.2791 	 0.1222 
7.0000 	 0.3651 	 2.4326 	 5.3323 	 -0.8159 	 0.0000 	 0.7318 	 627.5986 	 7.0000 	 2.9848 	 7.1566 	 -1.9055 	 4.5143 	 0.0000 	 0.6876 	 0.0171 
4.0000 	 0.1734 	 2.0972 	 5.8725 	 -1.2285 	 0.0000 	 0.9179 	 637.3577 	 4.0000 	 2.3926 	 5.1808 	 7.1373 	 -1.7145 	 0.0000 	 2.9814 	 0.0208 
3.0000 	 0.0922 	 3.3506 	 5.4293 	 -1.6713 	 0.0000 	 0.9346 	 642.7111 	 3.0000 	 0.5404 	 8.6031 	 -8.6193 	 -0.8297 	 0.0000 	 1.5128 	 0.0133 
4.0000 	 0.1450 	 1.1584 	 6.7310 	 -4.7083 	 0.0000 	 1.2294 	 653.4195 	 4.0000 	 0.2942 	 5.8514 	 -8.1676 	 -3.6725 	 0.0000 	 1.4608 	 0.0116 
2.0000 	 0.7755 	 8.8777 	 8.1193 	 5.2627 	 0.0000 	 1.7886 	 776.7353 	 2.0000 	 1.0962 	 0.4955 	 6.7312 	 -1.8139 	 0.0000 	 0.8633 	 0.8064 
2.0000 	 0.1246 	 1.0952 	 7.6299 	 -0.4670 	 0.0000 	 0.0000 	 688.6475 	 2.0000 	 1.8069 	 1.5064 	 5.8229 	 2.9829 	 0.0000 	 0.2191 	 0.3149 
50.0000 	 0.0222 	 2.9272 	 6.2870 	 -5.2616 	 0.0000 	 1.3531 	 741.5221 	 50.0000 	 1.1509 	 9.1621 	 4.8052 	 0.3469 	 0.0000 	 2.3119 	 0.0000 
49.0000 	 3.7345 	 29.5780 	 8.8052 	 12.4347 	 0.0000 	 1.8342 	 797.8432 	 49.0000 	 1.5312 	 1.7086 	 -8.4613 	 1.1036 	 0.0000 	 1.7087 	 0.0677 
46.0000 	 1.4854 	 3.1918 	 4.2841 	 -0.4703 	 0.0000 	 0.0000 	 637.7721 	 46.0000 	 0.5405 	 0.8683 	 0.4268 	 2.8381 	 0.0000 	 1.0758 	 0.0262 
50.0000 	 1.4780 	 2.7843 	 4.6803 	 -0.6418 	 0.0000 	 0.6906 	 620.8151 	 50.0000 	 2.4341 	 4.5185 	 -3.0073 	 -4.7442 	 0.0000 	 2.1546 	 0.0071 
49.0000 	 1.4556 	 2.9346 	 4.5621 	 -0.6679 	 0.0000 	 0.7007 	 620.6636 	 49.0000 	 1.4259 	 0.9840 	 -7.7851 	 3.7121 	 0.0000 	 2.1374 	 0.0072 
50.0000 	 1.4755 	 3.1817 	 4.5219 	 -0.7681 	 0.0000 	 0.7082 	 620.8593 	 50.0000 	 0.1522 	 9.9389 	 4.7312 	 4.8416 	 0.0000 	 2.3041 	 0.0053 
49.0000 	 1.4478 	 3.0203 	 4.4763 	 -0.6736 	 0.0000 	 0.6914 	 620.6684 	 49.0000 	 2.7717 	 0.2578 	 8.1705 	 -4.7470 	 0.0000 	 1.3752 	 0.0070 
49.0000 	 1.4825 	 2.9053 	 4.8271 	 -0.7860 	 0.0000 	 0.7241 	 621.0415 	 49.0000 	 0.8896 	 0.4771 	 -2.3447 	 -4.0924 	 0.0000 	 0.9132 	 0.0060 
49.0000 	 1.4387 	 3.5786 	 4.1795 	 -0.7980 	 0.0000 	 0.7035 	 620.9673 	 49.0000 	 2.9975 	 4.0730 	 2.3308 	 4.2272 	 0.0000 	 1.3029 	 0.0087 
47.0000 	 1.3651 	 0.2576 	 6.7976 	 -25.7576 	 0.0000 	 1.2924 	 661.0682 	 47.0000 	 2.1185 	 5.7538 	 -7.6096 	 -0.3898 	 0.0000 	 1.4744 	 0.0099 
49.0000 	 1.4518 	 3.0155 	 4.4990 	 -0.6818 	 0.0000 	 0.6995 	 620.6784 	 49.0000 	 2.7717 	 0.2578 	 8.1705 	 -4.7470 	 0.0000 	 1.3752 	 0.0063 
47.0000 	 0.0131 	 0.1021 	 6.8268 	 -7.6824 	 0.0000 	 1.3546 	 741.5227 	 47.0000 	 1.1629 	 0.3883 	 -8.4664 	 -0.3198 	 0.0000 	 0.9664 	 0.0000 
47.0000 	 1.3589 	 3.5285 	 3.1895 	 -0.3879 	 0.0000 	 0.0003 	 634.1813 	 47.0000 	 0.8976 	 7.4612 	 7.4339 	 2.2428 	 0.0000 	 1.1711 	 0.0267 
46.0000 	 0.0138 	 0.0000 	 6.8463 	 -4.1091 	 0.0000 	 1.3392 	 741.5324 	 46.0000 	 0.2337 	 3.5766 	 -1.6956 	 2.1599 	 0.0000 	 0.6396 	 0.0011 
45.0000 	 1.5240 	 5.7410 	 3.3838 	 -0.9668 	 0.0000 	 0.1185 	 653.1936 	 45.0000 	 1.9323 	 0.3004 	 3.7371 	 -0.4604 	 0.0000 	 2.0464 	 0.0812 
47.0000 	 1.4162 	 2.9805 	 4.5111 	 -0.6683 	 0.0000 	 0.6872 	 620.4406 	 47.0000 	 0.5534 	 9.6362 	 -9.2809 	 3.5737 	 0.0000 	 0.0770 	 0.0083 
46.0000 	 0.0045 	 9.0161 	 5.0150 	 -4.9323 	 0.0000 	 1.3536 	 741.5221 	 46.0000 	 0.3250 	 4.5627 	 2.8162 	 0.3314 	 0.0000 	 2.9225 	 0.0000 
46.0000 	 1.3051 	 4.5491 	 2.1654 	 -0.4850 	 0.0000 	 0.0000 	 636.2311 	 46.0000 	 1.2815 	 9.2169 	 -1.0013 	 0.2479 	 0.0000 	 0.1739 	 0.0273 
47.0000 	 1.4242 	 2.9087 	 4.5858 	 -0.6637 	 0.0000 	 0.6944 	 620.4361 	 47.0000 	 2.2645 	 7.1936 	 2.2133 	 2.0091 	 0.0000 	 2.1572 	 0.0061 
47.0000 	 1.3677 	 2.7915 	 3.7383 	 -0.2500 	 0.0000 	 0.0039 	 632.8189 	 47.0000 	 1.5129 	 0.0767 	 -8.7598 	 -2.5142 	 0.0000 	 1.1697 	 0.0254 
43.0000 	 1.3444 	 2.9724 	 4.4761 	 -0.6458 	 0.0000 	 0.6730 	 619.9397 	 43.0000 	 0.6585 	 0.2518 	 0.0219 	 -0.2013 	 0.0000 	 2.7449 	 0.0067 
47.0000 	 1.4224 	 2.9584 	 4.5705 	 -0.6795 	 0.0000 	 0.6867 	 620.4452 	 47.0000 	 2.7799 	 8.7121 	 -5.0926 	 0.0996 	 0.0000 	 0.4954 	 0.0059 
46.0000 	 1.0473 	 9.9604 	 -5.4557 	 -0.5658 	 0.0000 	 0.0022 	 657.9777 	 46.0000 	 1.3161 	 9.7304 	 -9.8991 	 -0.1157 	 0.0000 	 0.9593 	 0.0321 
46.0000 	 1.3857 	 3.2218 	 4.2950 	 -0.6908 	 0.0000 	 0.6837 	 620.4058 	 46.0000 	 2.6165 	 2.6181 	 4.1207 	 4.8517 	 0.0000 	 2.1422 	 0.0063 
47.0000 	 1.4133 	 3.1099 	 4.4433 	 -0.7047 	 0.0000 	 0.7072 	 620.4701 	 47.0000 	 1.7672 	 8.7353 	 4.0124 	 -3.9795 	 0.0000 	 2.9635 	 0.0056 
42.0000 	 1.2670 	 0.0000 	 6.5320 	 7.8264 	 0.0000 	 1.7307 	 703.6488 	 42.0000 	 0.4636 	 3.5875 	 6.5652 	 2.1051 	 0.0000 	 0.6627 	 0.0050 
42.0000 	 1.2719 	 2.2970 	 4.0909 	 -0.1496 	 0.0000 	 0.0000 	 630.0823 	 42.0000 	 0.8268 	 5.9795 	 -6.1601 	 -2.9800 	 0.0000 	 2.3770 	 0.0229 
40.0000 	 1.2779 	 2.7753 	 4.4769 	 -0.5579 	 0.0000 	 0.6459 	 619.5610 	 40.0000 	 1.2436 	 0.3154 	 6.5244 	 -2.4309 	 0.0000 	 1.7226 	 0.0072 
44.0000 	 1.3657 	 2.8318 	 4.6075 	 -0.6362 	 0.0000 	 0.6792 	 620.0901 	 44.0000 	 2.6765 	 1.9304 	 -5.8039 	 -0.7881 	 0.0000 	 2.4089 	 0.0079 
44.0000 	 1.3668 	 2.1523 	 4.4788 	 -0.1309 	 0.0000 	 0.0016 	 632.2483 	 44.0000 	 0.3352 	 4.8887 	 8.7922 	 -2.2864 	 0.0000 	 0.7561 	 0.0292 
44.0000 	 1.3598 	 2.9561 	 4.4685 	 -0.6317 	 0.0000 	 0.6581 	 620.0778 	 44.0000 	 0.5024 	 0.6071 	 9.2008 	 -3.9942 	 0.0000 	 0.4342 	 0.0081 
44.0000 	 1.3602 	 3.0984 	 4.4006 	 -0.6679 	 0.0000 	 0.6684 	 620.1088 	 44.0000 	 0.9885 	 0.4969 	 7.7703 	 0.4055 	 0.0000 	 2.9646 	 0.0069 
44.0000 	 1.3824 	 2.7366 	 4.7375 	 -0.6427 	 0.0000 	 0.6863 	 620.1850 	 44.0000 	 2.4445 	 7.4926 	 3.4297 	 -4.3239 	 0.0000 	 0.8714 	 0.0065 
37.0000 	 0.2884 	 11.8161 	 3.7553 	 -3.8261 	 0.0000 	 1.3521 	 741.5222 	 37.0000 	 0.1963 	 6.9655 	 4.6261 	 1.3253 	 0.0000 	 0.4288 	 0.0000 
41.0000 	 0.0154 	 2.1238 	 6.5645 	 -7.6337 	 0.0000 	 1.3536 	 741.5221 	 41.0000 	 1.6070 	 0.6404 	 8.1656 	 2.4579 	 0.0000 	 0.3414 	 0.0000 
40.0000 	 1.2991 	 2.9311 	 4.5401 	 -0.6413 	 0.0000 	 0.6519 	 619.5437 	 40.0000 	 1.9444 	 0.3615 	 6.7782 	 -3.3908 	 0.0000 	 0.9694 	 0.0069 
40.0000 	 0.0010 	 0.0000 	 6.7831 	 -0.4659 	 0.0000 	 1.4645 	 736.7744 	 40.0000 	 1.5704 	 2.5193 	 7.9073 	 0.1769 	 0.0000 	 1.5765 	 0.0000 
40.0000 	 1.2981 	 2.8614 	 4.5670 	 -0.6224 	 0.0000 	 0.6516 	 619.5229 	 40.0000 	 2.6252 	 0.5132 	 7.0033 	 -4.7074 	 0.0000 	 1.6082 	 0.0069 
46.0000 	 1.4131 	 2.7853 	 4.6889 	 -0.6433 	 0.0000 	 0.6909 	 620.3715 	 46.0000 	 1.5202 	 0.8607 	 -3.8032 	 2.9878 	 0.0000 	 2.3771 	 0.0073 
40.0000 	 1.1847 	 1.8726 	 6.7253 	 -10.7486 	 0.0000 	 1.2037 	 657.6542 	 40.0000 	 0.3738 	 1.4091 	 6.5179 	 -3.2563 	 0.0000 	 1.2576 	 0.0133 
42.0000 	 1.3322 	 2.8949 	 4.5404 	 -0.6293 	 0.0000 	 0.6679 	 619.7931 	 42.0000 	 0.1100 	 8.4140 	 2.9889 	 4.1294 	 0.0000 	 2.5588 	 0.0072 
38.0000 	 1.1928 	 2.6656 	 3.6748 	 -0.2086 	 0.0000 	 0.0064 	 626.7388 	 38.0000 	 0.3553 	 8.2439 	 -4.5665 	 0.6385 	 0.0000 	 2.8692 	 0.0247 
41.0000 	 1.3043 	 2.8320 	 4.5036 	 -0.5929 	 0.0000 	 0.6756 	 619.6807 	 41.0000 	 0.9213 	 4.0813 	 9.3637 	 -4.9948 	 0.0000 	 0.5768 	 0.0079 
41.0000 	 1.3061 	 2.9177 	 4.4607 	 -0.6117 	 0.0000 	 0.6626 	 619.6348 	 41.0000 	 1.8571 	 6.7803 	 7.8061 	 -4.7894 	 0.0000 	 0.2695 	 0.0082 
37.0000 	 1.2341 	 2.8051 	 4.5158 	 -0.5700 	 0.0000 	 0.6322 	 619.0196 	 37.0000 	 2.3982 	 6.8169 	 8.1483 	 4.7100 	 0.0000 	 0.9539 	 0.0062 
36.0000 	 1.1996 	 3.0437 	 4.2451 	 -0.5789 	 0.0000 	 0.6204 	 618.8685 	 36.0000 	 2.1886 	 2.5433 	 -1.0309 	 -0.7892 	 0.0000 	 2.5081 	 0.0074 
38.0000 	 0.0526 	 8.6915 	 3.4364 	 -2.5681 	 0.0000 	 1.3561 	 741.5123 	 38.0000 	 2.2835 	 8.8735 	 4.9013 	 -3.3754 	 0.0000 	 2.8648 	 0.0017 
38.0000 	 1.1746 	 6.4236 	 2.1659 	 -1.0083 	 0.0000 	 0.6405 	 623.7200 	 38.0000 	 2.0376 	 2.2881 	 -5.1889 	 0.8187 	 0.0000 	 2.6103 	 0.0090 
42.0000 	 1.2570 	 7.8872 	 1.9896 	 -1.2982 	 0.0000 	 0.7228 	 625.4464 	 42.0000 	 1.3673 	 1.8134 	 -0.7407 	 4.0861 	 0.0000 	 2.4453 	 0.0110 
37.0000 	 1.2073 	 3.3283 	 4.0345 	 -0.6298 	 0.0000 	 0.6332 	 619.2458 	 37.0000 	 2.5765 	 0.6226 	 1.0084 	 -4.3506 	 0.0000 	 2.0948 	 0.0080 
35.0000 	 1.1913 	 2.9117 	 4.4376 	 -0.5920 	 0.0000 	 0.6343 	 618.6207 	 35.0000 	 1.0011 	 7.2222 	 9.7066 	 2.8377 	 0.0000 	 0.3150 	 0.0457 
38.0000 	 1.2417 	 3.3341 	 4.1748 	 -0.6795 	 0.0000 	 0.6485 	 619.3819 	 38.0000 	 1.5550 	 0.3321 	 -7.7749 	 -1.4458 	 0.0000 	 1.8417 	 0.0063 
38.0000 	 1.2465 	 2.8874 	 4.4107 	 -0.5710 	 0.0000 	 0.6371 	 619.1749 	 38.0000 	 2.2711 	 3.8169 	 8.1652 	 0.1635 	 0.0000 	 0.2931 	 0.0069 
40.0000 	 1.2875 	 2.9079 	 4.4738 	 -0.6139 	 0.0000 	 0.6666 	 619.5023 	 40.0000 	 0.6470 	 3.6142 	 -3.0809 	 -0.7451 	 0.0000 	 0.8522 	 0.0064 
38.0000 	 1.2508 	 2.8454 	 4.4782 	 -0.5780 	 0.0000 	 0.6407 	 619.1856 	 38.0000 	 1.0520 	 5.5170 	 -8.7217 	 -2.5968 	 0.0000 	 0.5977 	 0.0065 
37.0000 	 1.2290 	 2.4135 	 4.2230 	 -0.1938 	 0.0000 	 0.0002 	 626.5884 	 37.0000 	 0.3924 	 4.7347 	 -2.1581 	 -1.7906 	 0.0000 	 0.7050 	 0.0227 
36.0000 	 1.2522 	 2.5010 	 4.8856 	 -0.5496 	 0.0000 	 0.6340 	 619.3303 	 36.0000 	 1.9608 	 8.5434 	 -6.9122 	 4.5598 	 0.0000 	 1.7307 	 0.0185 
37.0000 	 1.2206 	 2.9374 	 4.3040 	 -0.5518 	 0.0000 	 0.6334 	 619.0591 	 37.0000 	 2.6926 	 0.4264 	 1.0585 	 4.7954 	 0.0000 	 0.9220 	 0.0067 
38.0000 	 1.2522 	 2.7986 	 4.4854 	 -0.5555 	 0.0000 	 0.6344 	 619.1869 	 38.0000 	 0.3234 	 2.3543 	 -8.7996 	 -3.3009 	 0.0000 	 0.4046 	 0.0059 
37.0000 	 1.2394 	 2.8530 	 4.5648 	 -0.6169 	 0.0000 	 0.6558 	 619.0586 	 37.0000 	 1.6514 	 3.6845 	 8.4795 	 1.0688 	 0.0000 	 1.5076 	 0.0078 
34.0000 	 1.1646 	 3.0750 	 4.2722 	 -0.6013 	 0.0000 	 0.6224 	 618.5143 	 34.0000 	 2.1495 	 4.4479 	 -5.2071 	 0.4488 	 0.0000 	 0.7326 	 0.0060 
36.0000 	 1.1944 	 3.2081 	 4.1290 	 -0.6105 	 0.0000 	 0.6314 	 618.9766 	 36.0000 	 0.8906 	 3.3159 	 9.6151 	 3.3533 	 0.0000 	 0.4889 	 0.0054 
35.0000 	 1.1803 	 3.0360 	 4.2928 	 -0.5940 	 0.0000 	 0.6274 	 618.6924 	 35.0000 	 1.6121 	 4.4903 	 8.3588 	 -1.6881 	 0.0000 	 2.3659 	 0.0088 
38.0000 	 1.2547 	 2.7930 	 4.5610 	 -0.5879 	 0.0000 	 0.6500 	 619.1972 	 38.0000 	 2.6109 	 3.0104 	 5.0268 	 3.8073 	 0.0000 	 0.7730 	 0.0061 
34.0000 	 1.1581 	 2.9678 	 4.2640 	 -0.5508 	 0.0000 	 0.6051 	 618.4676 	 34.0000 	 0.8138 	 7.6702 	 5.1380 	 -4.0915 	 0.0000 	 0.2097 	 0.0065 
36.0000 	 1.2086 	 2.7517 	 4.4964 	 -0.5355 	 0.0000 	 0.6123 	 618.8640 	 36.0000 	 1.2550 	 8.6769 	 6.2391 	 4.5601 	 0.0000 	 0.5227 	 0.0076 
32.0000 	 0.0010 	 4.8563 	 2.7430 	 -1.1832 	 0.0000 	 1.3554 	 741.5629 	 32.0000 	 1.9546 	 7.9729 	 -7.6912 	 -4.5381 	 0.0000 	 0.1792 	 0.0000 
37.0000 	 1.1828 	 2.4219 	 3.9499 	 -0.1674 	 0.0000 	 0.0000 	 626.1364 	 37.0000 	 1.4091 	 5.5057 	 -9.9059 	 3.8923 	 0.0000 	 0.2839 	 0.0249 
35.0000 	 1.1799 	 2.8743 	 4.3387 	 -0.5360 	 0.0000 	 0.6013 	 618.6455 	 35.0000 	 0.1992 	 7.5906 	 -5.0232 	 1.5767 	 0.0000 	 1.5456 	 0.0105 
31.0000 	 1.0525 	 4.0068 	 2.6744 	 -0.4384 	 0.0000 	 0.0000 	 625.1462 	 31.0000 	 2.1965 	 5.8305 	 -9.0864 	 -4.7661 	 0.0000 	 0.5407 	 0.0183 
28.0000 	 1.0325 	 2.7997 	 4.3018 	 -0.4698 	 0.0000 	 0.5410 	 617.1014 	 28.0000 	 2.6512 	 6.6609 	 6.1926 	 2.4682 	 0.0000 	 2.3049 	 0.0074 
34.0000 	 0.0138 	 13.5498 	 4.8340 	 -6.5771 	 0.0000 	 1.3663 	 736.3325 	 34.0000 	 2.6811 	 6.4762 	 6.1055 	 2.5839 	 0.0000 	 2.4987 	 0.1182 
32.0000 	 0.0698 	 1.8204 	 5.6531 	 -1.5207 	 0.0000 	 1.3444 	 741.5354 	 32.0000 	 0.0833 	 7.7833 	 6.5397 	 3.9766 	 0.0000 	 2.4591 	 0.0000 
29.0000 	 1.0420 	 2.9639 	 4.0986 	 -0.4753 	 0.0000 	 0.5000 	 617.5769 	 29.0000 	 2.2706 	 6.6098 	 2.3659 	 1.5628 	 0.0000 	 0.7459 	 0.0090 
35.0000 	 1.1889 	 2.8296 	 4.4592 	 -0.5594 	 0.0000 	 0.6260 	 618.6385 	 35.0000 	 1.6884 	 1.7512 	 -2.3291 	 0.9212 	 0.0000 	 0.4422 	 0.0062 
35.0000 	 1.1927 	 2.9822 	 4.4159 	 -0.6120 	 0.0000 	 0.6334 	 618.6848 	 35.0000 	 1.6869 	 6.5761 	 -0.1312 	 0.9838 	 0.0000 	 0.1354 	 0.0089 
30.0000 	 1.1046 	 2.5710 	 4.7128 	 -0.5193 	 0.0000 	 0.6105 	 617.8697 	 30.0000 	 1.7924 	 0.2748 	 -6.7468 	 -1.5231 	 0.0000 	 1.2464 	 0.0077 
36.0000 	 1.2147 	 2.8703 	 4.4823 	 -0.5856 	 0.0000 	 0.6299 	 618.8329 	 36.0000 	 1.6712 	 5.1026 	 -7.9368 	 -2.5023 	 0.0000 	 0.6956 	 0.0075 
31.0000 	 1.0926 	 2.8772 	 4.2662 	 -0.5065 	 0.0000 	 0.5741 	 617.8090 	 31.0000 	 1.7271 	 0.8802 	 -2.0264 	 -1.8962 	 0.0000 	 2.9066 	 0.0072 
28.0000 	 0.9607 	 5.1466 	 1.5766 	 -0.5341 	 0.0000 	 0.0316 	 627.0293 	 28.0000 	 0.4837 	 6.1182 	 -6.5415 	 -0.3162 	 0.0000 	 0.4550 	 0.0185 
34.0000 	 1.1160 	 3.3090 	 6.5509 	 -13.3978 	 0.0000 	 1.2652 	 657.9414 	 34.0000 	 0.4158 	 4.8578 	 7.5734 	 2.7067 	 0.0000 	 1.1345 	 0.0117 
34.0000 	 1.0699 	 8.3227 	 4.9854 	 -4.6106 	 0.0000 	 1.2474 	 650.8859 	 34.0000 	 1.7003 	 0.4461 	 4.3652 	 4.1299 	 0.0000 	 0.2965 	 0.0271 
28.0000 	 1.0340 	 2.7092 	 4.4204 	 -0.4773 	 0.0000 	 0.5608 	 617.1492 	 28.0000 	 0.3257 	 3.9137 	 -2.7976 	 0.7137 	 0.0000 	 0.7515 	 0.0060 
26.0000 	 0.9601 	 2.5419 	 3.9468 	 -0.2198 	 0.0000 	 0.0001 	 618.5441 	 26.0000 	 1.8194 	 4.9589 	 -8.4244 	 3.2847 	 0.0000 	 1.7504 	 0.0159 
35.0000 	 1.2337 	 2.4456 	 4.9307 	 -0.5387 	 0.0000 	 0.6434 	 619.2162 	 35.0000 	 2.7720 	 3.3983 	 -8.3086 	 -4.9645 	 0.0000 	 0.4339 	 0.0094 
26.0000 	 0.9783 	 2.6075 	 4.3442 	 -0.4057 	 0.0000 	 0.5256 	 616.6593 	 26.0000 	 2.7748 	 8.9718 	 -8.1714 	 3.4975 	 0.0000 	 1.2895 	 0.0078 
32.0000 	 1.1232 	 2.7788 	 4.3989 	 -0.5043 	 0.0000 	 0.5859 	 618.0383 	 32.0000 	 2.7779 	 9.4264 	 -6.7155 	 0.1056 	 0.0000 	 2.4717 	 0.0070 
28.0000 	 1.0406 	 2.7555 	 4.4105 	 -0.4876 	 0.0000 	 0.5526 	 617.1435 	 28.0000 	 2.7687 	 8.4301 	 -5.7068 	 -4.6711 	 0.0000 	 1.5203 	 0.0067 
29.0000 	 0.0026 	 0.0000 	 6.7920 	 -10.1611 	 0.0000 	 1.3914 	 730.1609 	 29.0000 	 2.0036 	 7.1025 	 -9.3134 	 -2.2287 	 0.0000 	 2.4907 	 0.0454 
30.0000 	 1.0855 	 2.8528 	 4.3763 	 -0.5230 	 0.0000 	 0.5662 	 617.6213 	 30.0000 	 0.7512 	 9.5892 	 -3.1817 	 2.4801 	 0.0000 	 0.0447 	 0.0066 
27.0000 	 1.0120 	 2.6986 	 4.3489 	 -0.4395 	 0.0000 	 0.5225 	 616.8565 	 27.0000 	 1.6457 	 4.4197 	 4.6462 	 -0.4976 	 0.0000 	 1.4447 	 0.0069 
28.0000 	 1.0319 	 3.2664 	 4.1078 	 -0.6111 	 0.0000 	 0.5895 	 617.5263 	 28.0000 	 2.3706 	 5.1336 	 6.4245 	 -2.9220 	 0.0000 	 0.9437 	 0.0070 
26.0000 	 0.9906 	 2.6750 	 4.3992 	 -0.4458 	 0.0000 	 0.5375 	 616.6150 	 26.0000 	 0.4525 	 8.1453 	 7.9406 	 0.4062 	 0.0000 	 0.6771 	 0.0068 
23.0000 	 0.8989 	 2.5016 	 4.0117 	 -0.2104 	 0.0000 	 0.0000 	 616.8998 	 23.0000 	 0.4938 	 5.5448 	 -4.7714 	 -0.9669 	 0.0000 	 1.0611 	 0.0093 
28.0000 	 1.0282 	 2.8067 	 4.2363 	 -0.4578 	 0.0000 	 0.5419 	 617.1082 	 28.0000 	 1.8883 	 7.4983 	 -8.8514 	 4.2039 	 0.0000 	 1.5378 	 0.0082 
25.0000 	 0.9658 	 2.7170 	 4.3644 	 -0.4502 	 0.0000 	 0.5213 	 616.3816 	 25.0000 	 2.7564 	 5.3075 	 -9.2971 	 2.9777 	 0.0000 	 2.1327 	 0.0061 
33.0000 	 1.0602 	 4.2408 	 2.2689 	 -0.4413 	 0.0000 	 0.0001 	 627.0426 	 33.0000 	 2.3634 	 3.4421 	 -8.0109 	 2.1417 	 0.0000 	 0.2735 	 0.0150 
23.0000 	 0.0125 	 1.8684 	 6.1399 	 -2.6613 	 0.0000 	 1.3537 	 741.5222 	 23.0000 	 1.6494 	 2.0045 	 5.1753 	 -0.5077 	 0.0000 	 2.6522 	 0.0000 
26.0000 	 2.4498 	 6.5046 	 8.0018 	 3.8887 	 0.0000 	 1.8654 	 794.6172 	 26.0000 	 0.1633 	 3.2624 	 -1.7310 	 2.4853 	 0.0000 	 1.7861 	 0.0371 
27.0000 	 0.9838 	 2.5866 	 3.8664 	 -0.2181 	 0.0000 	 0.0000 	 619.1339 	 27.0000 	 2.2270 	 7.6489 	 -9.5795 	 -2.5214 	 0.0000 	 1.1766 	 0.0158 
28.0000 	 0.9902 	 3.1567 	 3.2510 	 -0.2982 	 0.0000 	 0.0002 	 620.8843 	 28.0000 	 0.2746 	 8.2512 	 -7.6444 	 4.5707 	 0.0000 	 1.9057 	 0.0135 
21.0000 	 0.8527 	 2.7715 	 4.1112 	 -0.3813 	 0.0000 	 0.4214 	 615.5448 	 21.0000 	 1.3600 	 6.8157 	 -8.9862 	 1.3919 	 0.0000 	 1.4244 	 0.0061 
19.0000 	 0.8086 	 2.5280 	 4.3430 	 -0.3292 	 0.0000 	 0.3861 	 615.1752 	 19.0000 	 1.8677 	 5.9070 	 -2.3540 	 2.3141 	 0.0000 	 1.0637 	 0.0042 
24.0000 	 0.8409 	 7.7021 	 -0.5088 	 -0.7044 	 0.0000 	 0.0000 	 633.1098 	 24.0000 	 0.7160 	 8.2419 	 -1.3038 	 -0.3443 	 0.0000 	 2.6233 	 0.0187 
25.0000 	 0.9469 	 2.7975 	 4.1233 	 -0.4177 	 0.0000 	 0.5075 	 616.4101 	 25.0000 	 2.4470 	 5.1895 	 -7.4939 	 -1.2912 	 0.0000 	 1.6074 	 0.0062 
20.0000 	 0.8341 	 2.5694 	 4.3201 	 -0.3500 	 0.0000 	 0.4170 	 615.2778 	 20.0000 	 2.0162 	 9.1779 	 -9.2101 	 4.3231 	 0.0000 	 2.6208 	 0.0044 
22.0000 	 0.8805 	 2.7003 	 4.0888 	 -0.3375 	 0.0000 	 0.3802 	 615.7796 	 22.0000 	 2.2041 	 2.5949 	 2.6697 	 4.8130 	 0.0000 	 2.2002 	 0.0052 
23.0000 	 0.0020 	 10.2181 	 -0.5283 	 -1.3857 	 0.0000 	 1.3551 	 741.5677 	 23.0000 	 1.4111 	 3.8121 	 -9.2975 	 3.9128 	 0.0000 	 0.0611 	 0.0000 
30.0000 	 1.0788 	 2.7864 	 4.3550 	 -0.4947 	 0.0000 	 0.5785 	 617.5800 	 30.0000 	 0.7744 	 3.2073 	 -3.4410 	 2.1444 	 0.0000 	 2.6809 	 0.0060 
21.0000 	 0.8050 	 7.8163 	 1.5412 	 -1.1526 	 0.0000 	 0.6586 	 624.4851 	 21.0000 	 1.2545 	 7.5290 	 3.5698 	 -2.9853 	 0.0000 	 0.4879 	 0.0140 
16.0000 	 0.6937 	 6.1115 	 2.0298 	 -0.8131 	 0.0000 	 0.0005 	 634.0672 	 16.0000 	 2.9024 	 8.7808 	 -7.1169 	 -3.4966 	 0.0000 	 1.0493 	 0.0341 
20.0000 	 0.7909 	 0.0000 	 6.5400 	 17.8282 	 0.0000 	 1.7083 	 703.6437 	 20.0000 	 0.1284 	 7.3042 	 4.1166 	 3.8077 	 0.0000 	 0.5395 	 0.2081 
24.0000 	 0.9244 	 2.4928 	 4.0013 	 -0.2047 	 0.0000 	 0.0001 	 617.4057 	 24.0000 	 2.4535 	 9.1935 	 -5.1796 	 4.6395 	 0.0000 	 1.1818 	 0.0101 
25.0000 	 0.9675 	 2.7128 	 4.3666 	 -0.4462 	 0.0000 	 0.5231 	 616.3843 	 25.0000 	 2.5457 	 1.7236 	 5.7572 	 -2.7776 	 0.0000 	 1.8257 	 0.0065 
18.0000 	 0.7748 	 2.6084 	 4.0402 	 -0.2498 	 0.0000 	 0.0001 	 615.8215 	 18.0000 	 1.5414 	 3.7418 	 2.4736 	 0.6206 	 0.0000 	 1.0867 	 0.0078 
25.0000 	 1.6697 	 0.8331 	 7.7854 	 -0.4943 	 0.0000 	 0.7418 	 694.9513 	 25.0000 	 2.1093 	 0.3360 	 9.6557 	 -0.5447 	 0.0000 	 1.7519 	 0.0562 
19.0000 	 0.8283 	 2.0458 	 4.6718 	 -0.1408 	 0.0000 	 0.0000 	 616.6001 	 19.0000 	 0.1563 	 9.1106 	 9.8556 	 1.7020 	 0.0000 	 2.5509 	 0.0081 
22.0000 	 0.8678 	 2.6828 	 3.8428 	 -0.2473 	 0.0000 	 0.0000 	 616.6625 	 22.0000 	 1.2919 	 8.8682 	 -5.1899 	 -1.8665 	 0.0000 	 1.2066 	 0.0101 
15.0000 	 0.6973 	 2.3687 	 4.5621 	 -0.3042 	 0.0000 	 0.3569 	 615.8642 	 15.0000 	 2.2783 	 9.9490 	 -1.0002 	 -2.3260 	 0.0000 	 0.2253 	 0.0072 
17.0000 	 0.7548 	 2.4206 	 4.4741 	 -0.3140 	 0.0000 	 0.3732 	 615.2610 	 17.0000 	 2.6009 	 7.6577 	 5.4611 	 -0.5202 	 0.0000 	 1.8643 	 0.0060 
15.0000 	 0.0218 	 0.8802 	 6.7392 	 -8.5263 	 0.0000 	 1.3538 	 741.5221 	 15.0000 	 1.2512 	 3.7230 	 7.7599 	 2.6231 	 0.0000 	 2.4501 	 0.0000 
20.0000 	 0.8364 	 2.5469 	 4.3461 	 -0.3422 	 0.0000 	 0.3997 	 615.2783 	 20.0000 	 0.3094 	 7.8831 	 1.4616 	 4.5283 	 0.0000 	 1.5055 	 0.0039 
16.0000 	 0.7234 	 2.2910 	 4.4406 	 -0.2154 	 0.0000 	 0.2044 	 615.7656 	 16.0000 	 0.1515 	 6.0244 	 -3.5769 	 4.5611 	 0.0000 	 0.4635 	 0.0088 
20.0000 	 0.8322 	 2.5912 	 4.2583 	 -0.3395 	 0.0000 	 0.4056 	 615.2910 	 20.0000 	 1.0431 	 8.7315 	 6.9751 	 2.9134 	 0.0000 	 2.2337 	 0.0041 
13.0000 	 0.6391 	 2.4659 	 4.7419 	 -0.4119 	 0.0000 	 0.4235 	 617.3034 	 13.0000 	 0.0344 	 0.3568 	 -2.4601 	 -3.8055 	 0.0000 	 1.3362 	 0.0127 
15.0000 	 0.6959 	 2.4707 	 4.5243 	 -0.3486 	 0.0000 	 0.3881 	 615.8728 	 15.0000 	 0.9068 	 0.5076 	 7.2429 	 1.7350 	 0.0000 	 2.5532 	 0.0057 
11.0000 	 0.5620 	 2.3688 	 4.9375 	 -0.4589 	 0.0000 	 0.4975 	 619.5165 	 11.0000 	 2.0614 	 6.6191 	 0.4054 	 3.9096 	 0.0000 	 0.2217 	 0.0149 
18.0000 	 0.7826 	 2.4126 	 4.2809 	 -0.2255 	 0.0000 	 0.0000 	 615.5538 	 18.0000 	 2.1512 	 0.5611 	 -5.7576 	 2.1406 	 0.0000 	 0.4335 	 0.0062 
6.0000 	 0.3148 	 2.1229 	 5.6998 	 -0.9135 	 0.0000 	 0.8035 	 630.6493 	 6.0000 	 0.2489 	 3.2635 	 -1.3623 	 2.7864 	 0.0000 	 2.5099 	 0.0150 
19.0000 	 0.8018 	 2.6232 	 4.2402 	 -0.3517 	 0.0000 	 0.4118 	 615.2324 	 19.0000 	 0.1982 	 3.2414 	 5.7182 	 3.9360 	 0.0000 	 0.2630 	 0.0032 
25.0000 	 0.9571 	 2.7091 	 4.2526 	 -0.4065 	 0.0000 	 0.5020 	 616.3409 	 25.0000 	 2.8854 	 8.4201 	 -8.2369 	 1.4343 	 0.0000 	 0.8503 	 0.0102 
17.0000 	 0.7588 	 2.3384 	 4.3685 	 -0.2089 	 0.0000 	 0.0002 	 615.6485 	 17.0000 	 2.1784 	 9.1554 	 6.5633 	 -1.3902 	 0.0000 	 1.5652 	 0.0076 
14.0000 	 0.6644 	 2.5087 	 4.5771 	 -0.3824 	 0.0000 	 0.4001 	 616.4730 	 14.0000 	 1.3316 	 1.6890 	 -8.1255 	 0.0162 	 0.0000 	 0.2321 	 0.0108 
3.0000 	 0.0778 	 13.7452 	 2.5245 	 -2.9262 	 0.0000 	 1.0136 	 648.9655 	 3.0000 	 2.8461 	 4.3568 	 2.5063 	 -4.1156 	 0.0000 	 2.0988 	 0.0207 
18.0000 	 0.0010 	 2.5091 	 4.5576 	 -1.0953 	 0.0000 	 1.3586 	 741.5931 	 18.0000 	 1.8360 	 2.6519 	 -9.4449 	 4.0177 	 0.0000 	 0.0863 	 0.0000 
15.0000 	 0.6911 	 2.5192 	 4.4209 	 -0.3389 	 0.0000 	 0.3718 	 615.9197 	 15.0000 	 1.8020 	 7.8694 	 -4.3391 	 4.6368 	 0.0000 	 1.0523 	 0.0097 
12.0000 	 0.6043 	 2.2843 	 4.9401 	 -0.4004 	 0.0000 	 0.4582 	 618.2805 	 12.0000 	 0.9557 	 6.9496 	 6.2089 	 4.5054 	 0.0000 	 1.4168 	 0.0125 
10.0000 	 0.6488 	 9.3969 	 5.4958 	 -4.6258 	 0.0000 	 0.0000 	 762.5439 	 10.0000 	 2.1327 	 4.7122 	 -9.2372 	 -4.1421 	 0.0000 	 2.7906 	 0.0944 
19.0000 	 0.0228 	 2.9720 	 5.8500 	 -2.9954 	 0.0000 	 1.3488 	 741.5236 	 19.0000 	 0.3727 	 3.9769 	 4.0418 	 3.6041 	 0.0000 	 1.6914 	 0.0000 
9.0000 	 0.4587 	 4.4832 	 3.1260 	 -0.6175 	 0.0000 	 0.0037 	 639.3734 	 9.0000 	 0.0357 	 9.6880 	 7.4579 	 -4.7854 	 0.0000 	 1.3115 	 0.0562 
6.0000 	 0.2346 	 0.0000 	 6.6094 	 3.2763 	 0.0000 	 1.6033 	 706.4105 	 6.0000 	 0.0673 	 8.8703 	 -1.4481 	 2.7934 	 0.0000 	 0.2002 	 0.0238 
6.0000 	 1.1690 	 4.1303 	 6.8624 	 10.2560 	 0.0000 	 1.8037 	 789.9716 	 6.0000 	 1.2299 	 8.0459 	 -4.8269 	 1.0422 	 0.0000 	 2.6430 	 0.2578 
2.0000 	 0.0818 	 1.2749 	 7.0960 	 -0.3489 	 0.0000 	 0.0000 	 695.0852 	 2.0000 	 2.5032 	 0.1544 	 8.3308 	 -3.5758 	 0.0000 	 1.7710 	 0.2358 
3.0000 	 0.2439 	 0.9424 	 7.7832 	 -0.4932 	 0.0000 	 0.0000 	 685.8267 	 3.0000 	 0.3207 	 9.4390 	 -0.5681 	 1.2633 	 0.0000 	 2.4817 	 0.2764 
13.0000 	 0.5710 	 0.0000 	 6.5431 	 5.1787 	 0.0000 	 1.7107 	 703.8700 	 13.0000 	 1.6460 	 6.0529 	 8.9306 	 1.5517 	 0.0000 	 2.2213 	 0.0034 
11.0000 	 0.5808 	 2.3491 	 4.8436 	 -0.2986 	 0.0000 	 0.0042 	 621.3386 	 11.0000 	 0.2881 	 8.4580 	 -6.6490 	 -3.9380 	 0.0000 	 2.9800 	 0.0398 
5.0000 	 0.3035 	 3.8574 	 4.5020 	 -0.7129 	 0.0000 	 0.0017 	 665.1011 	 5.0000 	 1.2901 	 1.4484 	 2.0201 	 3.5515 	 0.0000 	 2.4315 	 0.2767 
8.0000 	 0.4219 	 2.3818 	 5.2433 	 -0.6924 	 0.0000 	 0.6789 	 625.1492 	 8.0000 	 0.7724 	 2.4387 	 2.8096 	 -2.3738 	 0.0000 	 2.7401 	 0.0226 
18.0000 	 0.7847 	 2.4588 	 4.4329 	 -0.3186 	 0.0000 	 0.3786 	 615.1653 	 18.0000 	 2.7222 	 0.6772 	 -9.1303 	 -1.9559 	 0.0000 	 1.5566 	 0.0038 
9.0000 	 0.4977 	 2.3372 	 4.9907 	 -0.3299 	 0.0000 	 0.0001 	 626.8553 	 9.0000 	 2.4932 	 2.9345 	 -0.3896 	 1.8225 	 0.0000 	 1.9269 	 0.0317 
3.0000 	 0.0957 	 2.3987 	 5.8187 	 -1.5147 	 0.0000 	 0.9752 	 642.0223 	 3.0000 	 1.7553 	 9.7845 	 2.0000 	 0.8550 	 0.0000 	 1.7037 	 0.0135 
6.0000 	 0.3518 	 2.2824 	 5.3666 	 -0.3771 	 0.0000 	 0.0000 	 642.8416 	 6.0000 	 2.0111 	 9.7978 	 8.1973 	 -1.5996 	 0.0000 	 2.6906 	 0.0670 
2.0000 	 0.0325 	 2.3719 	 5.9966 	 -1.9014 	 0.0000 	 1.0472 	 648.8354 	 2.0000 	 2.7195 	 1.7855 	 -3.2372 	 4.4505 	 0.0000 	 2.3095 	 0.0138 
5.0000 	 0.3251 	 7.1084 	 5.6117 	 -3.5898 	 0.0000 	 0.0005 	 753.3134 	 5.0000 	 1.0521 	 1.7039 	 -9.8294 	 -4.3704 	 0.0000 	 0.5876 	 0.5239 
3.0000 	 0.0929 	 3.0095 	 5.6576 	 -1.7882 	 0.0000 	 0.9785 	 642.4317 	 3.0000 	 2.8112 	 1.6944 	 -6.9791 	 -3.5054 	 0.0000 	 0.0238 	 0.0164 
2.0000 	 0.1176 	 1.1544 	 7.5292 	 -0.4586 	 0.0000 	 0.0000 	 689.5889 	 2.0000 	 2.4470 	 4.2030 	 -2.3913 	 1.2942 	 0.0000 	 0.0789 	 0.2600 
8.0000 	 0.4101 	 2.7802 	 4.9073 	 -0.7425 	 0.0000 	 0.6989 	 625.5160 	 8.0000 	 1.0815 	 5.0754 	 9.7169 	 -2.9530 	 0.0000 	 0.9561 	 0.0194 
12.0000 	 0.6123 	 2.2373 	 4.7473 	 -0.2294 	 0.0000 	 0.0005 	 619.4054 	 12.0000 	 2.9445 	 8.8899 	 -3.0241 	 -1.0302 	 0.0000 	 2.6680 	 0.0200 
1.0000 	 0.0076 	 0.5413 	 7.2059 	 -1.0152 	 0.0000 	 0.8616 	 676.8494 	 1.0000 	 2.1680 	 6.1265 	 -4.9860 	 3.3679 	 0.0000 	 2.8944 	 0.1276 
5.0000 	 0.9674 	 2.9581 	 6.7077 	 12.4353 	 0.0000 	 1.8607 	 787.9658 	 5.0000 	 1.8970 	 1.2186 	 -6.9334 	 -1.0267 	 0.0000 	 1.4404 	 0.1929 
5.0000 	 0.2359 	 2.4923 	 5.4629 	 -1.0504 	 0.0000 	 0.8516 	 633.5852 	 5.0000 	 1.8069 	 7.6283 	 -2.3881 	 2.6369 	 0.0000 	 1.7788 	 0.0244 
11.0000 	 0.5147 	 4.0981 	 3.6015 	 -0.7763 	 0.0000 	 0.6338 	 623.3903 	 11.0000 	 1.8746 	 6.6707 	 4.8589 	 -1.1172 	 0.0000 	 2.6771 	 0.0150 
2.0000 	 0.0326 	 2.3102 	 6.0198 	 -1.8540 	 0.0000 	 1.0324 	 648.7784 	 2.0000 	 1.4370 	 5.9480 	 -0.1536 	 -2.3601 	 0.0000 	 2.7497 	 0.0208 
1.0000 	 0.0925 	 5.7785 	 12.8241 	 0.4108 	 0.0000 	 0.2451 	 788.2900 	 1.0000 	 0.2076 	 8.3643 	 4.8998 	 2.8463 	 0.0000 	 0.4587 	 0.1597 
5.0000 	 0.2418 	 2.2501 	 5.6990 	 -1.1011 	 0.0000 	 0.8614 	 633.5868 	 5.0000 	 0.0225 	 7.4549 	 7.3883 	 -2.0077 	 0.0000 	 1.0905 	 0.0197 
9.0000 	 1.3502 	 1.6539 	 6.5036 	 22.5367 	 0.0000 	 1.7995 	 792.5768 	 9.0000 	 1.1947 	 9.5781 	 7.8463 	 0.4271 	 0.0000 	 1.2732 	 0.1214 
14.0000 	 0.6373 	 5.3908 	 3.3997 	 -1.1154 	 0.0000 	 0.6736 	 623.1058 	 14.0000 	 0.9282 	 1.5276 	 9.4055 	 4.3306 	 0.0000 	 0.0505 	 0.0114 
8.0000 	 0.4673 	 2.0530 	 5.4138 	 -0.2955 	 0.0000 	 0.0002 	 630.2366 	 8.0000 	 1.8208 	 8.3968 	 6.3370 	 -2.7261 	 0.0000 	 0.9399 	 0.0800 
1.0000 	 0.0010 	 8.1108 	 4.6846 	 -3.3472 	 0.0000 	 1.1100 	 663.1528 	 1.0000 	 2.1817 	 6.0774 	 -7.1938 	 2.8803 	 0.0000 	 0.4986 	 0.0195 
3.0000 	 0.0969 	 2.1240 	 5.9191 	 -1.4151 	 0.0000 	 0.9726 	 642.0469 	 3.0000 	 1.7616 	 0.3580 	 4.7768 	 4.7370 	 0.0000 	 2.8296 	 0.0164 
3.0000 	 0.0794 	 10.6395 	 3.2706 	 -2.6851 	 0.0000 	 0.9997 	 647.7162 	 3.0000 	 1.7847 	 5.3596 	 -0.9614 	 -2.6008 	 0.0000 	 1.1453 	 0.0168 
6.0000 	 0.3048 	 2.4220 	 5.4600 	 -0.9766 	 0.0000 	 0.8174 	 630.4571 	 6.0000 	 0.2807 	 5.8942 	 -6.9425 	 3.4206 	 0.0000 	 2.3915 	 0.0144 
2.0000 	 0.0314 	 2.2945 	 6.0729 	 -1.9889 	 0.0000 	 1.0398 	 649.0871 	 2.0000 	 2.6529 	 6.4982 	 8.6794 	 -0.4578 	 0.0000 	 1.5676 	 0.0158 
2.0000 	 0.0315 	 2.7010 	 5.8225 	 -1.8631 	 0.0000 	 1.0243 	 648.8896 	 2.0000 	 0.4050 	 7.5969 	 7.2771 	 -2.8188 	 0.0000 	 1.0023 	 0.0162 
5.0000 	 0.2656 	 5.9715 	 3.4950 	 -1.0491 	 0.0000 	 0.0008 	 679.5331 	 5.0000 	 1.4554 	 7.6881 	 -6.6652 	 1.6436 	 0.0000 	 0.7016 	 0.1203 
50.0000 	 1.0998 	 8.2044 	 -4.1598 	 -0.4725 	 0.0000 	 0.0810 	 659.1704 	 50.0000 	 0.0076 	 3.6328 	 -5.3381 	 1.5628 	 0.0000 	 1.5261 	 0.0501 
48.0000 	 1.4240 	 3.0290 	 4.3843 	 -0.6345 	 0.0000 	 0.6767 	 620.6145 	 48.0000 	 1.2930 	 9.4055 	 5.9685 	 0.8142 	 0.0000 	 1.4973 	 0.0107 
48.0000 	 1.4532 	 2.7370 	 4.7513 	 -0.6405 	 0.0000 	 0.6927 	 620.6486 	 48.0000 	 2.4640 	 9.0090 	 -1.2982 	 -2.4821 	 0.0000 	 1.0142 	 0.0084 
48.0000 	 1.4200 	 3.4588 	 4.1837 	 -0.7421 	 0.0000 	 0.6932 	 620.7757 	 48.0000 	 2.3465 	 4.1538 	 -3.5017 	 3.0421 	 0.0000 	 1.5552 	 0.0065 
48.0000 	 0.0028 	 6.2865 	 6.3314 	 -12.2956 	 0.0000 	 1.3533 	 741.5221 	 48.0000 	 2.8351 	 8.0972 	 4.8495 	 -1.5022 	 0.0000 	 0.6782 	 0.0000 
47.0000 	 1.3560 	 0.0000 	 6.5430 	 6.0371 	 0.0000 	 1.7057 	 703.6229 	 47.0000 	 1.5254 	 0.4243 	 -1.5879 	 3.0084 	 0.0000 	 2.2796 	 0.0014 
46.0000 	 0.0385 	 11.4663 	 3.0923 	 -3.0573 	 0.0000 	 1.3541 	 741.5221 	 46.0000 	 1.9844 	 5.3718 	 -3.0162 	 0.8478 	 0.0000 	 2.8849 	 0.0000 
46.0000 	 1.3679 	 4.3270 	 3.7045 	 -0.8954 	 0.0000 	 0.6832 	 621.4883 	 46.0000 	 2.3896 	 0.7582 	 -2.8463 	 -1.6164 	 0.0000 	 2.6758 	 0.0106 
45.0000 	 1.3932 	 2.7748 	 4.6604 	 -0.6264 	 0.0000 	 0.6857 	 620.2371 	 45.0000 	 0.1197 	 4.3068 	 -3.6687 	 -3.7140 	 0.0000 	 2.3533 	 0.0052 
39.0000 	 1.2420 	 2.4454 	 4.0315 	 -0.1776 	 0.0000 	 0.0062 	 627.6106 	 39.0000 	 0.7149 	 5.7759 	 4.2442 	 1.9846 	 0.0000 	 2.2090 	 0.0283 
45.0000 	 1.3774 	 3.0458 	 4.4159 	 -0.6554 	 0.0000 	 0.6760 	 620.1989 	 45.0000 	 2.9736 	 1.6639 	 -5.2964 	 3.7276 	 0.0000 	 1.3006 	 0.0082 
38.0000 	 1.1919 	 2.3615 	 3.8680 	 -0.1256 	 0.0000 	 0.0001 	 627.2323 	 38.0000 	 2.6904 	 5.6975 	 -1.3635 	 -0.2785 	 0.0000 	 2.3050 	 0.0232 
39.0000 	 1.2747 	 2.8421 	 4.5552 	 -0.6083 	 0.0000 	 0.6525 	 619.3588 	 39.0000 	 2.0584 	 4.6596 	 -9.8529 	 -1.3937 	 0.0000 	 2.5134 	 0.0057 
35.0000 	 1.1906 	 2.6920 	 4.5253 	 -0.5246 	 0.0000 	 0.6233 	 618.6971 	 35.0000 	 1.9080 	 0.5446 	 -8.2506 	 2.3996 	 0.0000 	 1.3065 	 0.0069 
37.0000 	 1.2358 	 2.9850 	 4.4888 	 -0.6506 	 0.0000 	 0.6582 	 619.0906 	 37.0000 	 0.2360 	 6.4433 	 -3.2181 	 4.7827 	 0.0000 	 0.4600 	 0.0074 
32.0000 	 1.0815 	 2.7089 	 3.6916 	 -0.2294 	 0.0000 	 0.0000 	 622.5013 	 32.0000 	 2.3432 	 6.8947 	 -4.6954 	 -4.4642 	 0.0000 	 1.2026 	 0.0173 
35.0000 	 0.0012 	 0.1727 	 6.7566 	 -2.6025 	 0.0000 	 1.3990 	 741.6042 	 35.0000 	 2.5324 	 0.2549 	 6.6202 	 -2.4361 	 0.0000 	 2.2195 	 0.0001 
30.0000 	 1.0862 	 2.6811 	 4.4487 	 -0.4637 	 0.0000 	 0.5501 	 617.6451 	 30.0000 	 1.5030 	 0.8984 	 8.2291 	 3.2044 	 0.0000 	 0.2578 	 0.0100 
33.0000 	 1.1357 	 2.9727 	 4.2499 	 -0.5505 	 0.0000 	 0.6084 	 618.2727 	 33.0000 	 0.3943 	 9.8051 	 -6.9866 	 -4.4063 	 0.0000 	 0.1177 	 0.0071 
30.0000 	 1.0081 	 15.9815 	 -0.8821 	 -1.8647 	 0.0000 	 0.7975 	 631.4214 	 30.0000 	 0.7541 	 7.4019 	 -3.5228 	 -1.3434 	 0.0000 	 1.8962 	 0.0153 
29.0000 	 1.0602 	 2.7491 	 4.3944 	 -0.4818 	 0.0000 	 0.5601 	 617.3562 	 29.0000 	 2.3658 	 5.9689 	 9.7966 	 0.6603 	 0.0000 	 1.6966 	 0.0072 
27.0000 	 0.9866 	 2.5555 	 3.8927 	 -0.2083 	 0.0000 	 0.0001 	 619.1368 	 27.0000 	 0.8565 	 0.2831 	 -1.1658 	 -0.4660 	 0.0000 	 0.2066 	 0.0145 
28.0000 	 1.0381 	 2.7367 	 4.3730 	 -0.4647 	 0.0000 	 0.5417 	 617.1296 	 28.0000 	 2.7729 	 9.7529 	 9.4837 	 1.2410 	 0.0000 	 1.1114 	 0.0073 
26.0000 	 0.9796 	 2.5380 	 4.3470 	 -0.3715 	 0.0000 	 0.5321 	 616.7546 	 26.0000 	 2.5762 	 9.3967 	 -2.2194 	 -4.2445 	 0.0000 	 2.9005 	 0.0055 
27.0000 	 1.0107 	 2.6670 	 4.3851 	 -0.4395 	 0.0000 	 0.5343 	 616.8661 	 27.0000 	 2.5869 	 0.0954 	 -8.7446 	 1.3460 	 0.0000 	 2.1449 	 0.0072 
24.0000 	 0.9285 	 2.7617 	 4.1454 	 -0.3958 	 0.0000 	 0.4608 	 616.1508 	 24.0000 	 0.5011 	 2.8679 	 -4.4450 	 4.7981 	 0.0000 	 1.0633 	 0.0072 
27.0000 	 0.9925 	 2.6837 	 4.1498 	 -0.3757 	 0.0000 	 0.4927 	 616.9866 	 27.0000 	 2.6925 	 2.3434 	 1.7209 	 -1.0643 	 0.0000 	 0.1239 	 0.0196 
24.0000 	 0.9156 	 2.9363 	 3.6679 	 -0.3076 	 0.0000 	 0.2967 	 617.5715 	 24.0000 	 2.9258 	 2.1145 	 1.4220 	 -1.6503 	 0.0000 	 1.6834 	 0.0099 
24.0000 	 0.9393 	 2.2635 	 4.4915 	 -0.2678 	 0.0000 	 0.4644 	 616.6924 	 24.0000 	 2.2940 	 4.2864 	 -9.7126 	 -0.6775 	 0.0000 	 1.5874 	 0.0059 
23.0000 	 0.0012 	 5.5356 	 4.0686 	 -1.9952 	 0.0000 	 1.3531 	 741.5229 	 23.0000 	 2.6955 	 9.2081 	 4.4577 	 3.9594 	 0.0000 	 0.1725 	 0.0000 
24.0000 	 0.8825 	 8.4544 	 1.3728 	 -1.2340 	 0.0000 	 0.6757 	 625.0806 	 24.0000 	 0.5609 	 7.6139 	 -3.8263 	 3.5225 	 0.0000 	 2.3699 	 0.0160 
17.0000 	 0.7565 	 2.2058 	 4.5846 	 -0.2227 	 0.0000 	 0.2790 	 615.6158 	 17.0000 	 1.7090 	 6.7747 	 7.8578 	 -1.4904 	 0.0000 	 2.3999 	 0.0049 
22.0000 	 0.8863 	 2.5897 	 4.3314 	 -0.3663 	 0.0000 	 0.4410 	 615.6361 	 22.0000 	 2.2006 	 3.3641 	 6.2454 	 1.1810 	 0.0000 	 0.0176 	 0.0065 
17.0000 	 0.7602 	 2.3710 	 4.5324 	 -0.2997 	 0.0000 	 0.3636 	 615.2958 	 17.0000 	 0.5923 	 0.7703 	 7.2605 	 -1.2514 	 0.0000 	 1.0700 	 0.0038 
15.0000 	 0.0293 	 11.9851 	 1.6219 	 -2.2961 	 0.0000 	 1.3551 	 741.5264 	 15.0000 	 1.1749 	 4.0290 	 -2.4564 	 -2.3258 	 0.0000 	 0.4855 	 0.0000 
22.0000 	 0.8884 	 2.5240 	 4.3429 	 -0.3386 	 0.0000 	 0.4342 	 615.6485 	 22.0000 	 1.3789 	 7.3520 	 -7.2059 	 0.5065 	 0.0000 	 2.8127 	 0.0048 
13.0000 	 0.5719 	 0.0000 	 6.5416 	 7.1585 	 0.0000 	 1.7113 	 704.1204 	 13.0000 	 1.3932 	 5.8787 	 4.3814 	 -0.5593 	 0.0000 	 2.3963 	 0.0027 
6.0000 	 0.3878 	 1.7701 	 6.0414 	 -0.3089 	 0.0000 	 0.0166 	 642.2976 	 6.0000 	 1.2047 	 2.7742 	 6.8248 	 -4.3186 	 0.0000 	 1.8697 	 0.0658 
3.0000 	 0.0980 	 2.2507 	 5.9301 	 -1.5276 	 0.0000 	 0.9586 	 642.0478 	 3.0000 	 2.6166 	 4.4940 	 2.0189 	 4.5889 	 0.0000 	 1.7426 	 0.0176 
16.0000 	 0.7459 	 2.0231 	 4.7454 	 -0.1429 	 0.0000 	 0.0001 	 616.6979 	 16.0000 	 1.9371 	 2.2456 	 0.0067 	 -1.8379 	 0.0000 	 1.0843 	 0.0066 
1.0000 	 0.0340 	 0.8678 	 8.2925 	 -0.4257 	 0.0000 	 0.0016 	 702.1547 	 1.0000 	 2.3451 	 3.6560 	 4.2046 	 4.2330 	 0.0000 	 0.0239 	 0.3392 
15.0000 	 0.0284 	 10.6268 	 2.5110 	 -2.4530 	 0.0000 	 1.3536 	 741.5240 	 15.0000 	 0.5033 	 0.2119 	 -9.4581 	 3.6804 	 0.0000 	 0.1903 	 0.0000 
7.0000 	 0.3153 	 14.9904 	 1.7865 	 -2.7222 	 0.0000 	 0.9102 	 640.6072 	 7.0000 	 1.4984 	 4.1838 	 -7.9832 	 0.1949 	 0.0000 	 0.3934 	 0.0136 
7.0000 	 0.3408 	 2.8546 	 6.5154 	 -7.2949 	 0.0000 	 1.2414 	 654.6713 	 7.0000 	 2.9565 	 3.0743 	 -8.5443 	 3.2100 	 0.0000 	 2.0748 	 0.0162 
4.0000 	 0.2264 	 2.3789 	 5.8030 	 -0.5302 	 0.0000 	 0.0000 	 665.5757 	 4.0000 	 1.2666 	 9.7715 	 -7.9615 	 3.7613 	 0.0000 	 2.1026 	 0.1157 
1.0000 	 0.0014 	 2.2593 	 6.1566 	 -2.3830 	 0.0000 	 1.1028 	 661.2597 	 1.0000 	 0.1889 	 0.3270 	 -8.2980 	 1.6971 	 0.0000 	 2.2944 	 0.0324 
