50.0000 	 2.9771 	 0.0000 	 7.3542 	 5.8195 	 0.0000 	 5.6362 	 815.5974 	 50.0000 	 0.6605 	 2.2469 	 -5.4971 	 -3.3298 	 0.0000 	 1.0926 	 0.0008 
50.0000 	 3.1152 	 0.0000 	 7.3843 	 -18.1980 	 0.0000 	 5.5845 	 815.6653 	 50.0000 	 1.3845 	 2.5795 	 -7.7812 	 -0.1973 	 0.0000 	 0.0498 	 0.0043 
50.0000 	 3.3501 	 8.4380 	 8.6154 	 5.5174 	 0.0000 	 5.5414 	 816.7857 	 50.0000 	 2.7099 	 3.2812 	 -5.0017 	 -3.3807 	 0.0000 	 2.4494 	 0.0031 
48.0000 	 3.3240 	 27.3603 	 10.7484 	 7.3226 	 0.0000 	 5.4833 	 816.8987 	 48.0000 	 2.2414 	 4.2655 	 4.7925 	 2.8995 	 0.0000 	 1.6575 	 0.0029 
50.0000 	 3.5078 	 8.3691 	 8.4473 	 6.2549 	 0.0000 	 5.6529 	 816.8983 	 50.0000 	 0.9179 	 4.9059 	 9.6823 	 -2.5185 	 0.0000 	 0.3558 	 0.0033 
49.0000 	 3.3093 	 24.7462 	 8.6369 	 15.5619 	 0.0000 	 5.4821 	 816.6872 	 49.0000 	 2.1199 	 8.1408 	 7.8518 	 4.0972 	 0.0000 	 2.6300 	 0.0027 
50.0000 	 2.9541 	 0.0000 	 7.3263 	 -11.3386 	 0.0000 	 5.6354 	 816.6759 	 50.0000 	 0.7546 	 5.1391 	 -8.6907 	 -1.1599 	 0.0000 	 0.2643 	 0.0005 
49.0000 	 3.3263 	 44.1899 	 8.8862 	 24.1551 	 0.0000 	 5.4717 	 816.6491 	 49.0000 	 1.0441 	 9.1409 	 2.1730 	 -0.1844 	 0.0000 	 1.0315 	 0.0031 
49.0000 	 2.9534 	 0.0000 	 7.3548 	 3.2270 	 0.0000 	 5.6359 	 815.5975 	 49.0000 	 2.0082 	 1.4802 	 8.8261 	 0.0179 	 0.0000 	 2.6394 	 0.0005 
49.0000 	 3.3184 	 26.0861 	 9.1283 	 12.5750 	 0.0000 	 5.4761 	 816.7252 	 49.0000 	 0.9594 	 6.8753 	 2.3872 	 1.8146 	 0.0000 	 2.1648 	 0.0035 
49.0000 	 2.9567 	 0.0000 	 7.3584 	 10.1437 	 0.0000 	 5.6516 	 815.5980 	 49.0000 	 1.7259 	 0.4917 	 9.8623 	 0.0087 	 0.0000 	 2.8526 	 0.0021 
50.0000 	 3.3139 	 13.0923 	 7.9304 	 15.3581 	 0.0000 	 5.4836 	 816.6445 	 50.0000 	 1.2422 	 5.3300 	 -4.1842 	 1.6594 	 0.0000 	 0.2891 	 0.0023 
48.0000 	 3.3000 	 32.4937 	 9.5991 	 12.6828 	 0.0000 	 5.4500 	 816.7490 	 48.0000 	 0.7361 	 0.9461 	 -0.4959 	 -4.9100 	 0.0000 	 2.0086 	 0.0027 
49.0000 	 3.0846 	 22.1669 	 21.3146 	 1.0634 	 0.0000 	 1.7520 	 812.5498 	 49.0000 	 1.5198 	 4.9565 	 -9.9514 	 3.5083 	 0.0000 	 0.6846 	 0.0088 
48.0000 	 5.4467 	 25.0552 	 38.2460 	 0.6139 	 0.0000 	 0.0000 	 817.7282 	 48.0000 	 2.7795 	 2.6903 	 -3.2353 	 1.9688 	 0.0000 	 1.0529 	 0.0226 
47.0000 	 2.8852 	 0.0000 	 7.3580 	 10.9762 	 0.0000 	 5.6344 	 815.5975 	 47.0000 	 1.7192 	 7.9030 	 2.4323 	 3.5383 	 0.0000 	 2.4491 	 0.0005 
50.0000 	 3.0624 	 0.0000 	 7.3277 	 16.5978 	 0.0000 	 5.6903 	 815.6820 	 50.0000 	 1.7766 	 2.8182 	 -4.0438 	 0.7798 	 0.0000 	 2.3926 	 0.0141 
48.0000 	 3.3752 	 43.7162 	 13.1152 	 7.1458 	 0.0000 	 5.4919 	 816.9880 	 48.0000 	 0.3342 	 7.4142 	 -4.6350 	 -1.0478 	 0.0000 	 1.3773 	 0.0056 
50.0000 	 3.3517 	 38.5175 	 11.3866 	 8.7154 	 0.0000 	 5.4471 	 816.8732 	 50.0000 	 2.0847 	 4.0271 	 6.6942 	 3.9645 	 0.0000 	 2.0013 	 0.0025 
47.0000 	 3.2019 	 19.7554 	 8.3121 	 15.6344 	 0.0000 	 5.4671 	 816.6676 	 47.0000 	 2.6154 	 2.2896 	 -6.3444 	 1.5040 	 0.0000 	 0.9799 	 0.0031 
49.0000 	 3.3035 	 10.0170 	 7.5662 	 20.3923 	 0.0000 	 5.4737 	 816.6072 	 49.0000 	 1.9092 	 1.3326 	 5.0755 	 -2.4033 	 0.0000 	 0.4335 	 0.0023 
48.0000 	 2.9212 	 0.0000 	 7.3558 	 -1.2529 	 0.0000 	 5.6367 	 815.5968 	 48.0000 	 1.9408 	 5.7591 	 3.5242 	 -0.0194 	 0.0000 	 1.0931 	 0.0005 
47.0000 	 3.7242 	 18.0827 	 25.1948 	 0.6671 	 0.0000 	 0.0004 	 815.4125 	 47.0000 	 0.8882 	 7.4594 	 -0.0785 	 1.1956 	 0.0000 	 0.2858 	 0.0158 
49.0000 	 2.9510 	 0.0000 	 7.3522 	 4.4266 	 0.0000 	 5.6316 	 815.5975 	 49.0000 	 2.8271 	 5.9880 	 2.2093 	 3.3738 	 0.0000 	 1.2593 	 0.0004 
49.0000 	 2.9492 	 0.0000 	 7.3579 	 0.8883 	 0.0000 	 5.6367 	 815.5967 	 49.0000 	 2.0202 	 8.1204 	 -2.6472 	 -4.8520 	 0.0000 	 0.6555 	 0.0007 
48.0000 	 3.3396 	 15.8365 	 21.4720 	 0.6424 	 0.0000 	 0.0000 	 817.6520 	 48.0000 	 1.5743 	 9.5828 	 3.1801 	 -2.5402 	 0.0000 	 1.0740 	 0.0178 
47.0000 	 3.2215 	 5.3733 	 7.9888 	 6.5221 	 0.0000 	 5.5543 	 816.6501 	 47.0000 	 2.1175 	 1.3973 	 -2.8879 	 2.1822 	 0.0000 	 2.3661 	 0.0033 
47.0000 	 2.8935 	 0.0000 	 7.3523 	 1.6951 	 0.0000 	 5.6343 	 815.5978 	 47.0000 	 2.7861 	 2.3341 	 -0.9841 	 -4.0771 	 0.0000 	 2.6301 	 0.0005 
50.0000 	 3.3339 	 6.2847 	 7.8474 	 8.7559 	 0.0000 	 5.5401 	 816.6336 	 50.0000 	 2.0724 	 2.4151 	 -3.3752 	 0.9113 	 0.0000 	 0.3064 	 0.0027 
50.0000 	 3.4073 	 23.1762 	 13.6301 	 3.3134 	 0.0000 	 5.3709 	 817.3728 	 50.0000 	 2.7531 	 5.2797 	 -8.7746 	 1.2859 	 0.0000 	 2.9602 	 0.0039 
47.0000 	 3.0240 	 0.0290 	 7.3651 	 0.6288 	 0.0000 	 5.5104 	 815.7581 	 47.0000 	 1.0840 	 6.4883 	 5.8983 	 0.5112 	 0.0000 	 1.3907 	 0.0012 
44.0000 	 3.1668 	 21.4770 	 23.8550 	 0.8851 	 0.0000 	 0.0000 	 812.5502 	 44.0000 	 0.6689 	 7.4465 	 -8.9532 	 -0.4596 	 0.0000 	 0.3119 	 0.0148 
47.0000 	 2.8798 	 0.0000 	 7.3643 	 5.3531 	 0.0000 	 5.6437 	 815.5980 	 47.0000 	 2.2157 	 8.1405 	 6.9871 	 2.1028 	 0.0000 	 2.8959 	 0.0005 
46.0000 	 2.1410 	 8.0723 	 8.3343 	 0.7943 	 0.0000 	 0.0014 	 848.1545 	 46.0000 	 1.4733 	 2.3515 	 -9.1821 	 -1.6803 	 0.0000 	 1.7845 	 0.0312 
44.0000 	 2.7909 	 0.0000 	 7.3567 	 6.5571 	 0.0000 	 5.6332 	 815.5996 	 44.0000 	 1.3268 	 8.9750 	 -3.9121 	 -0.7782 	 0.0000 	 1.9577 	 0.0006 
47.0000 	 2.9601 	 13.9772 	 17.6589 	 0.7375 	 0.0000 	 0.0000 	 817.3957 	 47.0000 	 2.1803 	 6.7736 	 -9.8109 	 1.6438 	 0.0000 	 1.2023 	 0.0136 
49.0000 	 3.5520 	 9.5450 	 14.5100 	 0.9186 	 0.0000 	 5.1245 	 818.1570 	 49.0000 	 0.1898 	 5.2068 	 -7.9814 	 -3.0022 	 0.0000 	 2.5144 	 0.0053 
46.0000 	 3.3495 	 6.3384 	 12.6047 	 0.7383 	 0.0000 	 5.2500 	 818.1746 	 46.0000 	 2.6169 	 1.4736 	 -8.2175 	 -0.3319 	 0.0000 	 0.4065 	 0.0036 
46.0000 	 3.2360 	 12.1104 	 18.7966 	 0.5457 	 0.0000 	 0.3120 	 819.5263 	 46.0000 	 0.2790 	 9.0826 	 -2.3408 	 0.7441 	 0.0000 	 2.6878 	 0.0186 
45.0000 	 2.8176 	 0.0000 	 7.3618 	 1.6881 	 0.0000 	 5.6349 	 815.5989 	 45.0000 	 0.4188 	 9.4392 	 1.7938 	 3.4580 	 0.0000 	 1.0784 	 0.0004 
44.0000 	 2.7751 	 0.0000 	 7.3614 	 6.4064 	 0.0000 	 5.6423 	 815.5992 	 44.0000 	 1.6038 	 6.3535 	 -6.0008 	 -0.0524 	 0.0000 	 1.0158 	 0.0006 
44.0000 	 2.7854 	 0.0000 	 7.3571 	 1.2787 	 0.0000 	 5.6362 	 815.5983 	 44.0000 	 1.4868 	 0.4589 	 3.7570 	 4.2357 	 0.0000 	 1.5450 	 0.0007 
48.0000 	 2.6266 	 11.5991 	 13.9575 	 0.7312 	 0.0000 	 0.0000 	 823.4014 	 48.0000 	 2.8100 	 8.0794 	 3.0443 	 -4.8256 	 0.0000 	 2.4173 	 0.0601 
44.0000 	 3.1682 	 13.7396 	 10.5747 	 3.7317 	 0.0000 	 5.5073 	 817.1153 	 44.0000 	 0.7494 	 8.6209 	 -5.0389 	 -3.1130 	 0.0000 	 0.8012 	 0.0033 
46.0000 	 3.3766 	 10.8989 	 15.8886 	 0.8446 	 0.0000 	 4.7779 	 818.1454 	 46.0000 	 0.8230 	 9.9190 	 5.1688 	 -2.7268 	 0.0000 	 0.3413 	 0.0057 
45.0000 	 2.8270 	 0.0000 	 7.3484 	 8.9282 	 0.0000 	 5.6313 	 815.5988 	 45.0000 	 0.5661 	 9.3477 	 6.8646 	 4.6613 	 0.0000 	 1.3053 	 0.0005 
44.0000 	 3.0852 	 15.5450 	 7.7886 	 20.9192 	 0.0000 	 5.4445 	 816.6255 	 44.0000 	 1.7451 	 3.8831 	 6.7124 	 3.0457 	 0.0000 	 2.3458 	 0.0031 
45.0000 	 2.8406 	 19.8575 	 19.8284 	 0.9959 	 0.0000 	 0.0000 	 814.2338 	 45.0000 	 0.7749 	 2.3252 	 5.5504 	 3.3126 	 0.0000 	 0.3527 	 0.0134 
43.0000 	 2.9953 	 19.0812 	 21.5719 	 0.8668 	 0.0000 	 0.0000 	 813.6070 	 43.0000 	 0.8137 	 0.3411 	 4.2576 	 1.6219 	 0.0000 	 0.6657 	 0.0210 
47.0000 	 3.1999 	 7.2098 	 8.5854 	 4.7416 	 0.0000 	 5.5596 	 816.7972 	 47.0000 	 0.8263 	 6.6911 	 -6.2756 	 -1.3718 	 0.0000 	 1.8645 	 0.0024 
42.0000 	 1.8767 	 9.3359 	 7.4219 	 1.3672 	 0.0000 	 0.3905 	 853.6231 	 42.0000 	 1.4821 	 4.3446 	 9.7416 	 -2.3476 	 0.0000 	 1.3298 	 0.1689 
41.0000 	 3.2363 	 18.8782 	 23.9795 	 0.7427 	 0.0000 	 0.0013 	 813.5901 	 41.0000 	 0.7455 	 6.4014 	 7.4156 	 -4.9393 	 0.0000 	 2.7190 	 0.1602 
45.0000 	 3.2555 	 8.3835 	 9.3823 	 3.5808 	 0.0000 	 5.5261 	 816.9877 	 45.0000 	 2.3624 	 5.4200 	 -2.3374 	 3.8194 	 0.0000 	 0.5607 	 0.0025 
46.0000 	 3.2350 	 26.3486 	 11.0846 	 6.3988 	 0.0000 	 5.4834 	 816.9523 	 46.0000 	 1.5396 	 8.4412 	 2.8027 	 4.3164 	 0.0000 	 2.7740 	 0.0038 
48.0000 	 3.3719 	 19.1478 	 13.0309 	 2.9849 	 0.0000 	 5.4476 	 817.3835 	 48.0000 	 2.5381 	 6.4976 	 -5.7124 	 3.2930 	 0.0000 	 0.1229 	 0.0031 
45.0000 	 3.1410 	 9.6584 	 8.2592 	 8.0926 	 0.0000 	 5.5083 	 816.7119 	 45.0000 	 1.8342 	 0.7131 	 8.7318 	 -2.9302 	 0.0000 	 1.6191 	 0.0033 
43.0000 	 3.0427 	 8.6581 	 8.1570 	 7.9837 	 0.0000 	 5.4764 	 816.7092 	 43.0000 	 2.1448 	 0.8456 	 -1.3677 	 0.3154 	 0.0000 	 0.1847 	 0.0027 
43.0000 	 2.7616 	 0.0000 	 7.3482 	 5.9887 	 0.0000 	 5.6454 	 815.6013 	 43.0000 	 1.3422 	 4.0014 	 3.5370 	 -3.1612 	 0.0000 	 2.4793 	 0.0006 
45.0000 	 3.4111 	 19.9011 	 24.6963 	 0.7741 	 0.0000 	 0.0000 	 813.6034 	 45.0000 	 0.8429 	 5.2465 	 -6.7507 	 -3.7169 	 0.0000 	 2.5964 	 0.0197 
45.0000 	 3.2341 	 15.7541 	 20.6732 	 0.7215 	 0.0000 	 1.8212 	 815.3831 	 45.0000 	 0.6951 	 4.4172 	 1.1281 	 -1.8055 	 0.0000 	 2.0238 	 0.0102 
43.0000 	 2.7465 	 0.0000 	 7.3571 	 4.0485 	 0.0000 	 5.6358 	 815.5993 	 43.0000 	 2.3497 	 1.6451 	 6.8149 	 3.1337 	 0.0000 	 2.7316 	 0.0005 
48.0000 	 2.9400 	 0.0000 	 7.3482 	 -28.2276 	 0.0000 	 5.6897 	 812.1718 	 48.0000 	 1.8753 	 7.8265 	 7.4391 	 -0.7495 	 0.0000 	 2.8070 	 0.2620 
39.0000 	 2.9499 	 15.7051 	 9.7423 	 5.7424 	 0.0000 	 5.5009 	 816.9149 	 39.0000 	 0.9773 	 4.9006 	 3.0148 	 2.5862 	 0.0000 	 2.8872 	 0.0027 
41.0000 	 2.6746 	 0.0000 	 7.3525 	 6.4191 	 0.0000 	 5.6354 	 815.6013 	 41.0000 	 1.2529 	 7.4713 	 1.4042 	 0.7537 	 0.0000 	 2.0890 	 0.0006 
45.0000 	 2.8256 	 0.0000 	 7.3566 	 -3.7819 	 0.0000 	 5.6456 	 815.5997 	 45.0000 	 0.7629 	 3.5520 	 9.8644 	 -3.5103 	 0.0000 	 0.5501 	 0.0012 
42.0000 	 2.7174 	 0.0000 	 7.3545 	 -5.0405 	 0.0000 	 5.6337 	 815.5995 	 42.0000 	 0.6809 	 0.2697 	 6.5727 	 -1.6184 	 0.0000 	 2.7275 	 0.0005 
43.0000 	 2.7437 	 0.0000 	 7.3497 	 11.2406 	 0.0000 	 5.6381 	 815.6019 	 43.0000 	 1.8083 	 3.3665 	 -5.7769 	 1.7719 	 0.0000 	 1.1069 	 0.0008 
42.0000 	 3.0556 	 3.6799 	 9.7088 	 1.0841 	 0.0000 	 5.6206 	 817.2762 	 42.0000 	 1.3475 	 0.9919 	 6.6673 	 -2.7750 	 0.0000 	 0.3594 	 0.0027 
42.0000 	 2.7131 	 0.0000 	 7.3549 	 28.6118 	 0.0000 	 5.6340 	 815.6005 	 42.0000 	 2.7791 	 8.0683 	 -0.6306 	 -4.7744 	 0.0000 	 1.3095 	 0.0006 
42.0000 	 3.0136 	 19.5125 	 7.6952 	 29.9549 	 0.0000 	 5.4511 	 816.5957 	 42.0000 	 0.4488 	 7.7539 	 2.1677 	 -2.6875 	 0.0000 	 0.3797 	 0.0032 
38.0000 	 2.5787 	 0.0000 	 7.3571 	 2.9574 	 0.0000 	 5.6395 	 815.6067 	 38.0000 	 2.8658 	 6.8725 	 -9.2445 	 0.5262 	 0.0000 	 2.2780 	 0.0008 
44.0000 	 2.7924 	 0.0000 	 7.3539 	 3.1548 	 0.0000 	 5.6346 	 815.5998 	 44.0000 	 0.1795 	 9.4509 	 -8.5307 	 -4.2785 	 0.0000 	 0.0885 	 0.0005 
39.0000 	 2.8868 	 9.5739 	 7.8751 	 12.0110 	 0.0000 	 5.5003 	 816.6549 	 39.0000 	 2.4257 	 5.3081 	 -1.2817 	 3.4793 	 0.0000 	 2.7007 	 0.0028 
45.0000 	 3.5445 	 19.8398 	 25.6695 	 0.7288 	 0.0000 	 0.0000 	 814.1823 	 45.0000 	 2.4420 	 8.4732 	 -6.2576 	 0.0043 	 0.0000 	 0.3441 	 0.0231 
42.0000 	 2.7873 	 16.7409 	 18.8507 	 0.8668 	 0.0000 	 0.0009 	 815.1707 	 42.0000 	 1.4910 	 7.4513 	 -3.1116 	 0.7929 	 0.0000 	 2.5365 	 0.0134 
46.0000 	 3.1694 	 2.9790 	 7.2733 	 19.6065 	 0.0000 	 5.4961 	 816.5435 	 46.0000 	 2.0869 	 0.9214 	 1.9116 	 4.6990 	 0.0000 	 1.0848 	 0.0023 
40.0000 	 2.6375 	 0.0000 	 7.3587 	 5.4257 	 0.0000 	 5.6391 	 815.6041 	 40.0000 	 0.1660 	 9.8560 	 0.7286 	 -1.5967 	 0.0000 	 0.2107 	 0.0006 
42.0000 	 3.0021 	 30.5498 	 8.0472 	 29.9954 	 0.0000 	 5.4434 	 816.6041 	 42.0000 	 0.5569 	 9.9956 	 -7.2836 	 -0.9002 	 0.0000 	 1.8198 	 0.0035 
40.0000 	 3.0228 	 20.4561 	 13.7717 	 2.7893 	 0.0000 	 5.3719 	 817.4477 	 40.0000 	 0.3002 	 0.1203 	 -5.5036 	 1.3844 	 0.0000 	 1.0839 	 0.0034 
37.0000 	 2.8188 	 19.0391 	 9.0970 	 9.0852 	 0.0000 	 5.4586 	 816.7794 	 37.0000 	 0.1480 	 3.6899 	 -9.6204 	 1.0537 	 0.0000 	 0.6956 	 0.0025 
43.0000 	 3.0432 	 14.8611 	 7.6026 	 26.3898 	 0.0000 	 5.4582 	 816.6044 	 43.0000 	 2.2948 	 8.6654 	 6.7889 	 3.4360 	 0.0000 	 0.9257 	 0.0029 
37.0000 	 2.8496 	 10.4928 	 8.6911 	 6.6004 	 0.0000 	 5.5243 	 816.7942 	 37.0000 	 0.2474 	 1.8812 	 3.5517 	 2.6328 	 0.0000 	 0.3387 	 0.0035 
40.0000 	 2.6448 	 0.0000 	 7.3581 	 2.5388 	 0.0000 	 5.6355 	 815.6039 	 40.0000 	 2.0595 	 9.3364 	 1.1662 	 -0.2972 	 0.0000 	 1.4252 	 0.0006 
38.0000 	 2.6769 	 20.8944 	 21.0328 	 0.9953 	 0.0000 	 0.0000 	 813.3112 	 38.0000 	 0.8839 	 6.9640 	 7.4949 	 2.7032 	 0.0000 	 0.9327 	 0.0289 
37.0000 	 2.5275 	 0.0000 	 7.3570 	 3.4520 	 0.0000 	 5.6350 	 815.6102 	 37.0000 	 2.4401 	 0.5290 	 -5.2769 	 0.7712 	 0.0000 	 2.0094 	 0.0008 
39.0000 	 2.7980 	 7.4907 	 14.9876 	 0.2772 	 0.0000 	 0.0000 	 829.2028 	 39.0000 	 0.1957 	 7.7134 	 3.1206 	 4.6093 	 0.0000 	 2.2264 	 0.0213 
38.0000 	 2.8515 	 9.9238 	 8.2405 	 8.3312 	 0.0000 	 5.4950 	 816.7243 	 38.0000 	 1.1311 	 0.9502 	 8.6188 	 2.3289 	 0.0000 	 2.4793 	 0.0023 
39.0000 	 1.8336 	 9.6031 	 6.0597 	 1.9606 	 0.0000 	 0.0002 	 863.1720 	 39.0000 	 2.8975 	 5.3650 	 1.7234 	 -4.0228 	 0.0000 	 1.8240 	 0.0437 
38.0000 	 2.5611 	 0.0000 	 7.3579 	 5.0765 	 0.0000 	 5.6364 	 815.6067 	 38.0000 	 1.5833 	 3.0602 	 4.4085 	 2.3003 	 0.0000 	 1.8710 	 0.0006 
42.0000 	 3.0739 	 20.4846 	 9.5376 	 8.2077 	 0.0000 	 5.4952 	 816.8205 	 42.0000 	 1.8050 	 0.3195 	 -5.4115 	 1.4178 	 0.0000 	 1.4955 	 0.0030 
42.0000 	 2.8755 	 18.2103 	 20.4564 	 0.8685 	 0.0000 	 0.0000 	 814.0592 	 42.0000 	 2.8709 	 2.1659 	 -6.9734 	 3.1080 	 0.0000 	 1.3708 	 0.0205 
47.0000 	 3.8355 	 22.3347 	 28.6098 	 0.7476 	 0.0000 	 0.4190 	 813.5629 	 47.0000 	 0.6913 	 3.5959 	 -4.4790 	 4.8232 	 0.0000 	 2.3286 	 0.0137 
32.0000 	 2.6068 	 9.4468 	 8.3667 	 7.2618 	 0.0000 	 5.5114 	 816.7521 	 32.0000 	 2.7977 	 7.6045 	 -5.2489 	 4.6084 	 0.0000 	 2.2904 	 0.0044 
34.0000 	 3.2187 	 7.6611 	 18.3008 	 0.1318 	 0.0000 	 0.0058 	 826.3347 	 34.0000 	 2.0777 	 8.3347 	 8.8966 	 -1.0398 	 0.0000 	 0.8144 	 0.2844 
36.0000 	 2.4892 	 0.0000 	 7.3584 	 0.1395 	 0.0000 	 5.6402 	 815.6101 	 36.0000 	 2.6947 	 9.3193 	 -8.8027 	 -4.3904 	 0.0000 	 0.5093 	 0.0008 
40.0000 	 2.6395 	 0.0000 	 7.3633 	 29.6763 	 0.0000 	 5.6395 	 815.6034 	 40.0000 	 0.9552 	 0.9599 	 1.3731 	 1.6003 	 0.0000 	 2.3878 	 0.0008 
36.0000 	 2.4863 	 0.0000 	 7.3614 	 0.1364 	 0.0000 	 5.6366 	 815.6129 	 36.0000 	 2.7687 	 4.8105 	 1.9335 	 1.8389 	 0.0000 	 1.7293 	 0.0007 
35.0000 	 2.7022 	 23.8602 	 8.4513 	 16.3906 	 0.0000 	 5.4353 	 816.6688 	 35.0000 	 2.6007 	 5.1422 	 9.9551 	 2.1063 	 0.0000 	 1.5473 	 0.0030 
46.0000 	 2.8577 	 0.0000 	 7.3799 	 -13.2221 	 0.0000 	 5.6469 	 815.5984 	 46.0000 	 1.4211 	 0.5317 	 7.1384 	 -0.3379 	 0.0000 	 2.8118 	 0.0054 
38.0000 	 2.5738 	 0.0000 	 7.3541 	 13.3291 	 0.0000 	 5.6393 	 815.6073 	 38.0000 	 2.1072 	 2.6623 	 6.5572 	 -3.3774 	 0.0000 	 2.1895 	 0.0006 
40.0000 	 2.9613 	 20.7373 	 23.2100 	 0.8769 	 0.0000 	 0.0040 	 812.8182 	 40.0000 	 0.8917 	 7.0901 	 1.7963 	 -4.2897 	 0.0000 	 2.2845 	 0.0201 
46.0000 	 3.2890 	 23.8435 	 25.5634 	 0.9206 	 0.0000 	 0.0012 	 811.8857 	 46.0000 	 0.3698 	 8.9966 	 -6.4222 	 -1.2805 	 0.0000 	 0.4971 	 0.0205 
36.0000 	 3.0225 	 9.3271 	 18.0397 	 0.3625 	 0.0000 	 0.0000 	 824.4117 	 36.0000 	 2.7849 	 9.7495 	 7.1268 	 -4.5910 	 0.0000 	 1.5023 	 0.0405 
33.0000 	 2.3806 	 0.0000 	 7.3557 	 8.0144 	 0.0000 	 5.6424 	 815.6279 	 33.0000 	 0.6849 	 5.9095 	 1.7247 	 -4.3431 	 0.0000 	 1.8972 	 0.0013 
40.0000 	 2.7579 	 8.8897 	 15.1685 	 0.4371 	 0.0000 	 0.2992 	 825.1571 	 40.0000 	 2.3563 	 8.0456 	 -1.5449 	 4.6749 	 0.0000 	 0.3364 	 0.0200 
37.0000 	 2.5112 	 0.0000 	 7.2555 	 20.4744 	 0.0000 	 5.7199 	 815.6955 	 37.0000 	 2.6654 	 1.1059 	 -4.1851 	 -3.7876 	 0.0000 	 0.6201 	 0.0018 
31.0000 	 2.5228 	 3.5049 	 7.2969 	 14.3840 	 0.0000 	 5.4430 	 816.5926 	 31.0000 	 0.2277 	 0.2271 	 6.8551 	 -3.1356 	 0.0000 	 0.1266 	 0.0031 
36.0000 	 2.8998 	 12.4265 	 13.2877 	 1.6807 	 0.0000 	 5.3376 	 817.7361 	 36.0000 	 0.3967 	 1.9472 	 1.0518 	 -0.4029 	 0.0000 	 1.4755 	 0.0039 
40.0000 	 3.0517 	 18.9815 	 12.8144 	 3.0877 	 0.0000 	 5.4313 	 817.3483 	 40.0000 	 1.0203 	 9.1661 	 9.2561 	 -4.9503 	 0.0000 	 1.1875 	 0.0039 
35.0000 	 2.4483 	 0.0000 	 7.3567 	 5.2425 	 0.0000 	 5.6388 	 815.6156 	 35.0000 	 1.2023 	 1.3629 	 -5.8401 	 -1.4483 	 0.0000 	 1.1133 	 0.0009 
39.0000 	 2.5833 	 8.5730 	 14.6630 	 0.3735 	 0.0000 	 2.9407 	 826.6710 	 39.0000 	 2.9259 	 2.8415 	 -0.6545 	 -1.1189 	 0.0000 	 1.6567 	 0.1528 
32.0000 	 2.2008 	 18.0211 	 15.5840 	 1.2792 	 0.0000 	 2.4960 	 817.1629 	 32.0000 	 2.2668 	 8.8270 	 7.1159 	 -0.0042 	 0.0000 	 1.1768 	 0.0140 
33.0000 	 2.6325 	 7.5592 	 8.0002 	 8.2125 	 0.0000 	 5.5090 	 816.6999 	 33.0000 	 2.4285 	 8.2338 	 5.3033 	 -4.2688 	 0.0000 	 2.0740 	 0.0031 
36.0000 	 2.4995 	 0.0000 	 7.3572 	 0.5630 	 0.0000 	 5.6416 	 815.6122 	 36.0000 	 0.9566 	 4.7125 	 -6.2685 	 0.1928 	 0.0000 	 1.4796 	 0.0007 
39.0000 	 2.6142 	 0.0000 	 7.3574 	 9.9911 	 0.0000 	 5.6568 	 815.6078 	 39.0000 	 2.9541 	 9.5218 	 -4.3160 	 1.8772 	 0.0000 	 0.0879 	 0.0030 
38.0000 	 2.8852 	 0.0000 	 7.5254 	 -23.9011 	 0.0000 	 6.4154 	 817.7741 	 38.0000 	 2.3352 	 6.6370 	 -5.2139 	 2.1883 	 0.0000 	 1.5572 	 0.1139 
33.0000 	 2.3643 	 0.0000 	 7.3616 	 0.4081 	 0.0000 	 5.6412 	 815.6236 	 33.0000 	 1.8499 	 9.7758 	 7.5183 	 -1.4937 	 0.0000 	 0.8037 	 0.0010 
31.0000 	 2.2883 	 0.0000 	 7.3523 	 15.4861 	 0.0000 	 5.6162 	 815.6340 	 31.0000 	 1.6329 	 7.6214 	 9.5687 	 -4.6548 	 0.0000 	 2.6932 	 0.0011 
28.0000 	 2.1570 	 0.0000 	 7.3554 	 2.1045 	 0.0000 	 5.6381 	 815.6570 	 28.0000 	 2.3251 	 9.1483 	 -7.3283 	 0.8950 	 0.0000 	 0.4959 	 0.0015 
32.0000 	 2.5492 	 3.3044 	 7.8208 	 4.7496 	 0.0000 	 5.5612 	 816.6212 	 32.0000 	 1.5148 	 3.9865 	 7.1880 	 -4.0286 	 0.0000 	 2.3740 	 0.0030 
46.0000 	 2.6255 	 12.2914 	 14.3920 	 0.8155 	 0.0000 	 0.0000 	 821.2150 	 46.0000 	 0.2871 	 8.7820 	 1.2262 	 -3.4489 	 0.0000 	 1.6395 	 0.0178 
33.0000 	 2.3713 	 0.0000 	 7.3528 	 28.6748 	 0.0000 	 5.6431 	 815.6221 	 33.0000 	 2.1820 	 4.4772 	 -1.9994 	 1.2393 	 0.0000 	 0.2551 	 0.0009 
33.0000 	 2.5670 	 20.2065 	 21.6502 	 0.9220 	 0.0000 	 0.0000 	 813.0375 	 33.0000 	 0.0863 	 1.0176 	 -9.8171 	 -3.5899 	 0.0000 	 1.3105 	 0.0168 
35.0000 	 2.2830 	 13.3874 	 14.2941 	 0.9600 	 0.0000 	 1.9698 	 819.1187 	 35.0000 	 2.1962 	 3.5247 	 -2.0540 	 0.4896 	 0.0000 	 1.3217 	 0.0204 
36.0000 	 2.9079 	 20.7904 	 13.4153 	 3.0747 	 0.0000 	 5.4371 	 817.3928 	 36.0000 	 1.5608 	 4.4614 	 -6.7473 	 1.5553 	 0.0000 	 0.8420 	 0.0038 
44.0000 	 2.7862 	 0.0000 	 7.3554 	 24.8895 	 0.0000 	 5.6337 	 815.5984 	 44.0000 	 1.5746 	 5.9492 	 -8.1084 	 2.9452 	 0.0000 	 2.6454 	 0.0016 
39.0000 	 2.6022 	 0.0000 	 7.3535 	 14.8906 	 0.0000 	 5.6323 	 815.6044 	 39.0000 	 2.8793 	 5.7795 	 -0.4545 	 -2.8046 	 0.0000 	 2.2272 	 0.0010 
30.0000 	 2.4901 	 28.2457 	 9.3340 	 11.8406 	 0.0000 	 5.4474 	 816.7443 	 30.0000 	 1.4563 	 9.1055 	 3.0115 	 3.7191 	 0.0000 	 2.5343 	 0.0033 
34.0000 	 2.4206 	 0.0000 	 7.3760 	 5.0573 	 0.0000 	 5.6582 	 815.6220 	 34.0000 	 0.8723 	 6.1550 	 -6.6971 	 2.3343 	 0.0000 	 0.4771 	 0.0011 
33.0000 	 2.7150 	 4.7517 	 7.9096 	 6.0403 	 0.0000 	 5.6117 	 816.7336 	 33.0000 	 1.9775 	 5.2492 	 6.0930 	 2.7760 	 0.0000 	 0.5019 	 0.0032 
33.0000 	 2.6084 	 10.2099 	 10.3625 	 2.7396 	 0.0000 	 5.5238 	 817.3136 	 33.0000 	 1.9495 	 5.5189 	 -9.3962 	 -0.4580 	 0.0000 	 2.1493 	 0.0030 
28.0000 	 2.4233 	 24.2699 	 24.5041 	 0.9899 	 0.0000 	 0.1171 	 811.6194 	 28.0000 	 2.4739 	 4.1201 	 6.2792 	 -1.9892 	 0.0000 	 0.8028 	 0.0148 
28.0000 	 2.4658 	 12.2666 	 10.2942 	 3.5602 	 0.0000 	 5.4691 	 817.1540 	 28.0000 	 0.1071 	 3.7190 	 3.9230 	 -4.2461 	 0.0000 	 0.6753 	 0.0033 
36.0000 	 2.4834 	 0.0000 	 7.3726 	 -0.1063 	 0.0000 	 5.6491 	 815.6141 	 36.0000 	 2.7722 	 0.1734 	 2.7779 	 3.3172 	 0.0000 	 0.8520 	 0.0013 
31.0000 	 2.5133 	 2.3269 	 7.5819 	 6.5034 	 0.0000 	 5.5689 	 816.5500 	 31.0000 	 2.4531 	 6.9344 	 8.3845 	 2.6957 	 0.0000 	 2.2673 	 0.0026 
37.0000 	 3.0083 	 19.8765 	 24.1427 	 0.7948 	 0.0000 	 0.0000 	 813.3321 	 37.0000 	 2.2313 	 7.6518 	 -9.8853 	 1.1403 	 0.0000 	 0.4431 	 0.0152 
29.0000 	 2.2061 	 0.0000 	 7.3493 	 2.9485 	 0.0000 	 5.6311 	 815.6482 	 29.0000 	 0.6742 	 3.8279 	 -4.9477 	 -0.0139 	 0.0000 	 0.9017 	 0.0013 
30.0000 	 2.2421 	 0.0000 	 7.3494 	 6.6219 	 0.0000 	 5.6390 	 815.6392 	 30.0000 	 2.8578 	 0.5871 	 7.4621 	 -2.5972 	 0.0000 	 0.3594 	 0.0013 
30.0000 	 2.2476 	 0.0000 	 7.3637 	 1.6242 	 0.0000 	 5.6322 	 815.6401 	 30.0000 	 0.9263 	 6.0853 	 -7.2735 	 -1.4407 	 0.0000 	 1.9534 	 0.0011 
34.0000 	 2.3981 	 11.2642 	 15.4542 	 0.6490 	 0.0000 	 0.0000 	 820.5954 	 34.0000 	 0.7054 	 2.6825 	 -6.2151 	 -3.9689 	 0.0000 	 2.1601 	 0.0237 
36.0000 	 2.4865 	 0.0000 	 7.3633 	 1.1463 	 0.0000 	 5.6381 	 815.6109 	 36.0000 	 0.8820 	 2.3575 	 -0.6629 	 -4.3256 	 0.0000 	 0.6201 	 0.0007 
29.0000 	 2.4462 	 9.8378 	 7.9739 	 10.6782 	 0.0000 	 5.4981 	 816.6962 	 29.0000 	 1.8489 	 5.9715 	 -0.6719 	 -3.9474 	 0.0000 	 2.7963 	 0.0038 
28.0000 	 2.1583 	 0.0000 	 7.3502 	 3.0906 	 0.0000 	 5.6339 	 815.6551 	 28.0000 	 0.9019 	 3.4957 	 -4.0691 	 0.7851 	 0.0000 	 0.8292 	 0.0014 
25.0000 	 2.2694 	 11.1244 	 10.1291 	 3.3104 	 0.0000 	 5.4900 	 817.1975 	 25.0000 	 2.3481 	 3.7308 	 -5.8831 	 -1.8895 	 0.0000 	 1.6290 	 0.0031 
43.0000 	 3.0069 	 24.7458 	 24.1208 	 1.0249 	 0.0000 	 0.1076 	 812.0325 	 43.0000 	 1.0807 	 3.9072 	 3.6936 	 -0.9678 	 0.0000 	 0.4849 	 0.0160 
27.0000 	 2.1122 	 0.0000 	 7.3468 	 3.4485 	 0.0000 	 5.6560 	 815.6672 	 27.0000 	 0.8852 	 1.9952 	 0.3969 	 1.6335 	 0.0000 	 2.4061 	 0.0017 
37.0000 	 2.6025 	 20.0786 	 19.9274 	 1.0219 	 0.0000 	 1.5815 	 813.2826 	 37.0000 	 0.9192 	 4.4775 	 -0.0526 	 -1.5859 	 0.0000 	 2.5762 	 0.0117 
31.0000 	 2.5046 	 14.2953 	 18.8509 	 0.7080 	 0.0000 	 0.0001 	 816.4360 	 31.0000 	 1.9456 	 0.7877 	 2.9307 	 -0.7948 	 0.0000 	 0.0960 	 0.0166 
29.0000 	 2.4583 	 18.4674 	 9.1536 	 8.5020 	 0.0000 	 5.4523 	 816.8114 	 29.0000 	 0.7489 	 5.4765 	 3.7689 	 4.5229 	 0.0000 	 2.1597 	 0.0029 
27.0000 	 2.1113 	 0.0000 	 7.3532 	 3.1564 	 0.0000 	 5.6374 	 815.6659 	 27.0000 	 0.2823 	 4.2195 	 -2.1659 	 -2.1363 	 0.0000 	 0.9409 	 0.0012 
25.0000 	 2.2276 	 47.0772 	 11.9752 	 9.0941 	 0.0000 	 5.3585 	 816.8447 	 25.0000 	 0.1607 	 8.3305 	 -8.3224 	 -2.3162 	 0.0000 	 1.7933 	 0.0028 
26.0000 	 2.2862 	 15.6820 	 8.3871 	 11.3544 	 0.0000 	 5.4399 	 816.7266 	 26.0000 	 2.1974 	 3.0038 	 -4.4335 	 -3.8867 	 0.0000 	 2.5141 	 0.0043 
43.0000 	 3.1665 	 23.3286 	 12.6555 	 4.0035 	 0.0000 	 5.4506 	 817.2095 	 43.0000 	 0.4284 	 9.3121 	 -3.8451 	 -0.6570 	 0.0000 	 1.1810 	 0.0038 
33.0000 	 3.0002 	 18.0117 	 24.5201 	 0.6835 	 0.0000 	 0.0000 	 814.9071 	 33.0000 	 0.3075 	 9.2824 	 8.1161 	 4.3816 	 0.0000 	 2.5030 	 0.0140 
26.0000 	 2.4533 	 25.3902 	 26.7454 	 0.9426 	 0.0000 	 0.0694 	 811.2651 	 26.0000 	 0.8887 	 4.6807 	 9.9675 	 -0.8714 	 0.0000 	 0.6823 	 0.0366 
32.0000 	 2.3295 	 0.0000 	 7.3658 	 -6.2932 	 0.0000 	 5.6316 	 815.7616 	 32.0000 	 0.1973 	 8.1930 	 -7.9394 	 -3.1325 	 0.0000 	 0.0001 	 0.0288 
44.0000 	 2.7842 	 0.0000 	 7.3538 	 2.9601 	 0.0000 	 5.6361 	 815.5987 	 44.0000 	 1.0520 	 7.8916 	 -3.5964 	 4.9212 	 0.0000 	 2.4042 	 0.0005 
31.0000 	 2.2774 	 0.0000 	 7.3502 	 -0.0642 	 0.0000 	 5.6337 	 815.6356 	 31.0000 	 1.5587 	 7.1865 	 5.1733 	 -3.6383 	 0.0000 	 2.6488 	 0.0011 
36.0000 	 2.4884 	 0.0000 	 7.3517 	 8.1386 	 0.0000 	 5.6379 	 815.6114 	 36.0000 	 1.6108 	 9.9234 	 3.0494 	 3.5896 	 0.0000 	 1.4192 	 0.0007 
22.0000 	 1.8756 	 0.0000 	 7.3546 	 2.8790 	 0.0000 	 5.6442 	 815.7444 	 22.0000 	 0.8900 	 2.5175 	 0.3583 	 -3.7692 	 0.0000 	 2.5729 	 0.0027 
36.0000 	 2.7882 	 26.2453 	 10.0257 	 8.6359 	 0.0000 	 5.4545 	 816.8306 	 36.0000 	 0.2768 	 3.6517 	 -7.1499 	 4.9409 	 0.0000 	 2.3924 	 0.0029 
29.0000 	 2.8520 	 17.0665 	 24.6150 	 0.6317 	 0.0000 	 0.0000 	 815.8758 	 29.0000 	 1.3661 	 0.7382 	 9.5973 	 -2.8533 	 0.0000 	 0.9884 	 0.0149 
23.0000 	 2.1168 	 4.3860 	 7.4139 	 12.3096 	 0.0000 	 5.4905 	 816.6561 	 23.0000 	 1.2548 	 1.7338 	 -0.8104 	 3.8875 	 0.0000 	 2.2165 	 0.0030 
26.0000 	 2.2920 	 25.1387 	 9.1669 	 11.3227 	 0.0000 	 5.4172 	 816.7557 	 26.0000 	 1.3211 	 8.2937 	 -1.3162 	 -2.5820 	 0.0000 	 2.9504 	 0.0027 
33.0000 	 2.6560 	 14.2856 	 19.7221 	 0.6714 	 0.0000 	 1.3967 	 816.3851 	 33.0000 	 1.0043 	 2.1287 	 4.8236 	 -0.1259 	 0.0000 	 0.9989 	 0.0142 
24.0000 	 0.0011 	 12.8419 	 2.9693 	 -3.4429 	 0.0000 	 5.3489 	 1284.6934 	 24.0000 	 2.7732 	 8.2940 	 8.9873 	 -2.9291 	 0.0000 	 0.7052 	 0.0000 
31.0000 	 2.2881 	 0.0000 	 7.3551 	 7.7532 	 0.0000 	 5.6274 	 815.6322 	 31.0000 	 2.4485 	 7.5817 	 6.6045 	 4.7816 	 0.0000 	 2.8036 	 0.0013 
21.0000 	 1.7452 	 18.3299 	 16.4506 	 1.2236 	 0.0000 	 2.8469 	 816.4259 	 21.0000 	 1.5229 	 1.1103 	 -2.5628 	 -2.7611 	 0.0000 	 0.8392 	 0.0121 
24.0000 	 2.2681 	 15.6435 	 15.0746 	 1.5973 	 0.0000 	 5.1190 	 817.7705 	 24.0000 	 2.9650 	 3.2122 	 -9.4422 	 -3.5322 	 0.0000 	 0.5195 	 0.0045 
27.0000 	 2.3384 	 16.7365 	 20.5432 	 0.7741 	 0.0000 	 0.0000 	 814.4891 	 27.0000 	 0.0450 	 9.5089 	 -4.8611 	 3.7499 	 0.0000 	 1.8450 	 0.0174 
27.0000 	 2.3037 	 3.1607 	 8.0346 	 3.3225 	 0.0000 	 5.5741 	 816.7070 	 27.0000 	 0.5896 	 8.2282 	 -6.8487 	 4.6098 	 0.0000 	 2.2887 	 0.0029 
34.0000 	 2.4063 	 0.0000 	 7.3550 	 3.3376 	 0.0000 	 5.6352 	 815.6187 	 34.0000 	 1.6074 	 9.9837 	 3.2470 	 -2.5334 	 0.0000 	 2.7157 	 0.0010 
29.0000 	 2.1933 	 0.0000 	 7.3492 	 11.5996 	 0.0000 	 5.5924 	 815.6614 	 29.0000 	 0.4313 	 9.9851 	 -9.4810 	 -4.0797 	 0.0000 	 2.5579 	 0.0021 
33.0000 	 2.3699 	 0.0000 	 7.3574 	 2.2739 	 0.0000 	 5.6339 	 815.6208 	 33.0000 	 1.2687 	 1.5674 	 -3.6870 	 1.6234 	 0.0000 	 2.3032 	 0.0010 
45.0000 	 3.6591 	 13.7017 	 22.5078 	 0.5209 	 0.0000 	 0.0003 	 819.1500 	 45.0000 	 2.9139 	 8.9863 	 -1.3300 	 1.9029 	 0.0000 	 0.4961 	 0.0136 
26.0000 	 1.4193 	 12.2451 	 5.8180 	 1.6742 	 0.0000 	 0.0000 	 896.1132 	 26.0000 	 2.9013 	 4.1367 	 7.0865 	 -3.9054 	 0.0000 	 2.3030 	 0.0470 
35.0000 	 2.8770 	 13.5539 	 19.7720 	 0.6277 	 0.0000 	 2.1198 	 816.9338 	 35.0000 	 2.8240 	 2.0985 	 -0.3737 	 -2.5018 	 0.0000 	 0.3307 	 0.0099 
23.0000 	 2.2052 	 12.0453 	 10.2755 	 3.4978 	 0.0000 	 5.5027 	 817.2030 	 23.0000 	 0.4111 	 7.9721 	 8.5960 	 -0.2722 	 0.0000 	 1.0688 	 0.0059 
19.0000 	 1.6312 	 10.1999 	 13.8336 	 0.6542 	 0.0000 	 0.0000 	 822.4263 	 19.0000 	 1.2818 	 7.5643 	 -6.2191 	 -3.1436 	 0.0000 	 0.8556 	 0.0184 
23.0000 	 1.9977 	 12.9786 	 16.9868 	 0.7092 	 0.0000 	 0.1272 	 817.5171 	 23.0000 	 1.8787 	 8.9344 	 1.7822 	 -0.3217 	 0.0000 	 2.1696 	 0.0304 
30.0000 	 2.2431 	 0.0000 	 7.3508 	 7.9186 	 0.0000 	 5.6373 	 815.6422 	 30.0000 	 1.5265 	 4.7361 	 -2.1353 	 4.9471 	 0.0000 	 2.0845 	 0.0013 
22.0000 	 1.9893 	 17.3279 	 19.7447 	 0.8624 	 0.0000 	 0.0001 	 814.1931 	 22.0000 	 0.3206 	 3.9358 	 -3.0704 	 -3.6974 	 0.0000 	 1.8448 	 0.0171 
26.0000 	 2.1022 	 16.0616 	 18.0146 	 0.8744 	 0.0000 	 0.0000 	 815.4228 	 26.0000 	 2.5641 	 5.8752 	 8.6033 	 1.9152 	 0.0000 	 0.5236 	 0.0138 
27.0000 	 2.1125 	 0.0000 	 7.3137 	 0.4265 	 0.0000 	 5.6185 	 815.6718 	 27.0000 	 1.2828 	 9.9109 	 8.0014 	 2.6284 	 0.0000 	 2.0678 	 0.0015 
21.0000 	 1.7963 	 0.0000 	 6.8073 	 1.4789 	 0.0000 	 5.5459 	 816.9786 	 21.0000 	 0.0984 	 6.8718 	 8.1285 	 -2.9344 	 0.0000 	 2.9476 	 0.0028 
28.0000 	 2.3698 	 13.4188 	 18.4468 	 0.6639 	 0.0000 	 0.0002 	 817.1856 	 28.0000 	 0.9872 	 1.6710 	 -0.2733 	 3.3520 	 0.0000 	 1.3188 	 0.0138 
41.0000 	 2.6735 	 0.0000 	 7.3600 	 3.6035 	 0.0000 	 5.6360 	 815.6015 	 41.0000 	 2.0092 	 1.6916 	 -3.3507 	 -1.7235 	 0.0000 	 1.9941 	 0.0007 
18.0000 	 1.7544 	 0.0000 	 7.3392 	 14.7691 	 0.0000 	 5.6449 	 815.9828 	 18.0000 	 1.9438 	 0.5662 	 3.8334 	 4.1932 	 0.0000 	 0.2473 	 0.0070 
22.0000 	 1.8752 	 0.0000 	 7.3605 	 8.2160 	 0.0000 	 5.6300 	 815.7530 	 22.0000 	 1.8023 	 9.9952 	 9.6330 	 4.7508 	 0.0000 	 0.5186 	 0.0024 
41.0000 	 2.7438 	 0.0000 	 7.3544 	 -1.0911 	 0.0000 	 5.7051 	 815.6448 	 41.0000 	 0.1510 	 8.6157 	 -7.9844 	 -4.7018 	 0.0000 	 2.3791 	 0.0011 
24.0000 	 2.1601 	 13.4083 	 7.7358 	 18.0184 	 0.0000 	 5.4312 	 816.6523 	 24.0000 	 1.7134 	 2.8371 	 6.9702 	 -3.0436 	 0.0000 	 0.2990 	 0.0033 
20.0000 	 1.7725 	 0.0000 	 7.3492 	 6.9037 	 0.0000 	 5.6055 	 815.8104 	 20.0000 	 1.1894 	 5.1169 	 -8.0150 	 0.5333 	 0.0000 	 0.7669 	 0.0027 
31.0000 	 2.6050 	 19.8823 	 11.2363 	 4.5762 	 0.0000 	 5.4490 	 817.0966 	 31.0000 	 1.6164 	 1.1332 	 -2.6432 	 -2.4671 	 0.0000 	 0.9824 	 0.0042 
29.0000 	 2.4349 	 6.9336 	 7.6023 	 13.0500 	 0.0000 	 5.5015 	 816.6399 	 29.0000 	 2.2404 	 8.4371 	 5.2587 	 2.2515 	 0.0000 	 2.2114 	 0.0029 
24.0000 	 2.1824 	 5.7370 	 8.0052 	 6.3036 	 0.0000 	 5.5162 	 816.7736 	 24.0000 	 0.4768 	 5.8675 	 -7.8597 	 4.8131 	 0.0000 	 0.2306 	 0.0031 
19.0000 	 1.9329 	 19.2616 	 10.9803 	 4.6131 	 0.0000 	 5.4065 	 817.1665 	 19.0000 	 1.6686 	 1.9414 	 -0.7570 	 -2.9610 	 0.0000 	 1.0185 	 0.0044 
26.0000 	 2.0563 	 0.0000 	 7.3656 	 0.5759 	 0.0000 	 5.6402 	 815.6768 	 26.0000 	 1.7534 	 7.0287 	 0.3530 	 -4.8027 	 0.0000 	 1.3698 	 0.0016 
19.0000 	 1.7114 	 0.0000 	 7.3718 	 9.0746 	 0.0000 	 5.6521 	 815.8340 	 19.0000 	 2.6830 	 9.6987 	 3.7068 	 -4.6978 	 0.0000 	 1.1967 	 0.0028 
23.0000 	 1.9194 	 0.0000 	 7.3335 	 -0.5371 	 0.0000 	 5.6270 	 815.7274 	 23.0000 	 0.0171 	 0.1276 	 9.0953 	 3.2420 	 0.0000 	 2.2810 	 0.0020 
32.0000 	 2.5273 	 17.0566 	 19.9251 	 0.8469 	 0.0000 	 1.8786 	 814.1880 	 32.0000 	 1.9975 	 6.8808 	 -7.1698 	 2.1108 	 0.0000 	 1.9220 	 0.0112 
20.0000 	 1.7879 	 0.0000 	 7.3620 	 6.6940 	 0.0000 	 5.6349 	 815.8071 	 20.0000 	 0.4393 	 8.6047 	 8.8187 	 3.8957 	 0.0000 	 0.2225 	 0.0029 
15.0000 	 1.6715 	 12.3211 	 9.9015 	 3.9864 	 0.0000 	 5.4392 	 817.3147 	 15.0000 	 0.5822 	 5.9187 	 -3.1466 	 4.8019 	 0.0000 	 1.9905 	 0.0046 
34.0000 	 3.1881 	 19.3309 	 26.3324 	 0.6871 	 0.0000 	 0.0000 	 814.7037 	 34.0000 	 0.4938 	 5.7444 	 9.8065 	 -0.1664 	 0.0000 	 1.3679 	 0.0151 
28.0000 	 2.2734 	 12.6891 	 17.4221 	 0.6649 	 0.0000 	 0.0000 	 817.9824 	 28.0000 	 1.3812 	 6.3085 	 -3.4717 	 -1.0756 	 0.0000 	 1.9925 	 0.0396 
18.0000 	 1.6533 	 0.0000 	 7.3499 	 5.0951 	 0.0000 	 5.6275 	 815.8820 	 18.0000 	 1.3684 	 0.6373 	 4.0864 	 4.8391 	 0.0000 	 2.5551 	 0.0035 
31.0000 	 2.2831 	 0.0000 	 7.3540 	 5.1898 	 0.0000 	 5.6406 	 815.6339 	 31.0000 	 1.7963 	 9.8365 	 3.1455 	 4.0646 	 0.0000 	 0.1342 	 0.0012 
20.0000 	 2.0174 	 4.5740 	 8.5376 	 2.9138 	 0.0000 	 5.4707 	 817.0880 	 20.0000 	 0.0020 	 6.0170 	 -1.9491 	 4.3262 	 0.0000 	 1.3450 	 0.0045 
15.0000 	 1.6715 	 11.6595 	 8.8511 	 6.1355 	 0.0000 	 5.4520 	 817.1146 	 15.0000 	 2.4615 	 2.7029 	 2.5686 	 -4.0400 	 0.0000 	 1.9165 	 0.0051 
18.0000 	 1.8260 	 16.2918 	 9.0662 	 7.5421 	 0.0000 	 5.3965 	 816.9450 	 18.0000 	 0.3752 	 8.0890 	 7.7052 	 -0.1680 	 0.0000 	 1.0150 	 0.0034 
16.0000 	 1.7029 	 14.7556 	 8.9092 	 7.3560 	 0.0000 	 5.4182 	 817.0122 	 16.0000 	 2.8886 	 7.6216 	 0.4924 	 2.4915 	 0.0000 	 2.6732 	 0.0042 
24.0000 	 1.9617 	 0.0000 	 7.3450 	 0.0437 	 0.0000 	 5.6323 	 815.7053 	 24.0000 	 2.0050 	 3.1864 	 -3.6344 	 4.3093 	 0.0000 	 2.8429 	 0.0020 
27.0000 	 2.1182 	 0.0000 	 7.3587 	 1.8531 	 0.0000 	 5.6375 	 815.6676 	 27.0000 	 1.8835 	 8.6226 	 -1.6479 	 -1.7619 	 0.0000 	 2.9362 	 0.0013 
44.0000 	 2.7946 	 0.0000 	 7.3551 	 2.9562 	 0.0000 	 5.6347 	 815.6001 	 44.0000 	 0.9718 	 3.7015 	 -4.5369 	 4.7636 	 0.0000 	 1.8028 	 0.0004 
23.0000 	 2.6418 	 19.3110 	 27.0532 	 0.6720 	 0.0000 	 0.0462 	 814.9447 	 23.0000 	 1.3289 	 6.6309 	 1.5017 	 -4.7211 	 0.0000 	 0.5168 	 0.0184 
13.0000 	 1.3657 	 0.0000 	 7.3575 	 3.1719 	 0.0000 	 5.6410 	 816.2658 	 13.0000 	 0.4782 	 1.2657 	 -8.9476 	 3.8120 	 0.0000 	 1.4978 	 0.0071 
18.0000 	 1.6834 	 15.2132 	 16.7732 	 0.9396 	 0.0000 	 2.3270 	 815.9332 	 18.0000 	 1.8572 	 1.9695 	 0.3987 	 -1.5275 	 0.0000 	 1.6760 	 0.0181 
32.0000 	 2.2971 	 0.0003 	 7.3957 	 0.7788 	 0.0000 	 5.7620 	 815.6904 	 32.0000 	 2.2798 	 6.4219 	 3.6100 	 -3.7677 	 0.0000 	 0.5886 	 0.0016 
16.0000 	 1.5482 	 0.0000 	 7.3477 	 7.7951 	 0.0000 	 5.6261 	 816.0016 	 16.0000 	 2.1698 	 9.2294 	 0.2420 	 -2.9895 	 0.0000 	 0.8721 	 0.0044 
14.0000 	 1.4198 	 0.0000 	 7.3291 	 4.8567 	 0.0000 	 5.6261 	 816.1630 	 14.0000 	 1.7698 	 0.1465 	 -2.0570 	 2.3085 	 0.0000 	 1.6848 	 0.0069 
26.0000 	 2.2504 	 4.4680 	 7.3293 	 15.1357 	 0.0000 	 5.4466 	 816.6271 	 26.0000 	 2.1134 	 8.2707 	 4.1330 	 -0.1064 	 0.0000 	 1.7585 	 0.0029 
41.0000 	 2.9054 	 11.9510 	 17.5669 	 0.5881 	 0.0000 	 0.0001 	 819.4640 	 41.0000 	 0.6563 	 9.7745 	 8.4508 	 -2.2447 	 0.0000 	 1.4650 	 0.0161 
20.0000 	 1.7640 	 0.0000 	 7.3608 	 13.5563 	 0.0000 	 5.6257 	 815.8077 	 20.0000 	 2.3709 	 7.4841 	 -7.3685 	 -1.7023 	 0.0000 	 0.6929 	 0.0029 
31.0000 	 2.2858 	 0.0000 	 7.3579 	 11.7341 	 0.0000 	 5.6400 	 815.6327 	 31.0000 	 1.2006 	 8.9427 	 -1.9075 	 -3.7024 	 0.0000 	 0.1888 	 0.0011 
29.0000 	 2.2017 	 0.0000 	 7.3550 	 5.8062 	 0.0000 	 5.6366 	 815.6486 	 29.0000 	 0.0674 	 5.5631 	 0.3488 	 -4.6721 	 0.0000 	 2.9823 	 0.0015 
20.0000 	 1.7696 	 0.0000 	 7.3414 	 5.9289 	 0.0000 	 5.6238 	 815.8052 	 20.0000 	 2.7737 	 7.7909 	 -1.0660 	 0.4648 	 0.0000 	 1.3692 	 0.0030 
23.0000 	 1.9269 	 0.0000 	 7.3596 	 19.3708 	 0.0000 	 5.6468 	 815.7276 	 23.0000 	 1.5165 	 8.6788 	 -7.3240 	 -4.8225 	 0.0000 	 2.8430 	 0.0025 
26.0000 	 2.0768 	 0.0000 	 7.3524 	 0.0496 	 0.0000 	 5.6341 	 815.6796 	 26.0000 	 2.1909 	 4.4679 	 4.4928 	 1.5788 	 0.0000 	 0.4865 	 0.0017 
16.0000 	 1.5600 	 0.0000 	 7.3816 	 3.2508 	 0.0000 	 5.6197 	 816.0050 	 16.0000 	 0.6356 	 4.1341 	 6.8877 	 -0.0470 	 0.0000 	 0.5261 	 0.0052 
15.0000 	 1.5605 	 30.1310 	 9.2048 	 11.2532 	 0.0000 	 5.2123 	 817.0063 	 15.0000 	 0.0695 	 8.4460 	 6.7394 	 -0.0704 	 0.0000 	 1.5664 	 0.0063 
11.0000 	 1.3265 	 7.8289 	 7.1245 	 30.0000 	 0.0000 	 5.3143 	 817.0237 	 11.0000 	 0.4932 	 0.5507 	 6.5643 	 1.6380 	 0.0000 	 1.2943 	 0.0079 
13.0000 	 1.4158 	 0.0569 	 7.3146 	 1.1490 	 0.0000 	 5.6373 	 816.3659 	 13.0000 	 2.3874 	 2.3915 	 9.5585 	 -2.4185 	 0.0000 	 0.0660 	 0.0365 
41.0000 	 2.6747 	 0.0000 	 7.3545 	 3.4429 	 0.0000 	 5.6355 	 815.6020 	 41.0000 	 0.1220 	 5.8728 	 2.7024 	 -4.1636 	 0.0000 	 1.5296 	 0.0006 
18.0000 	 1.6654 	 0.0000 	 7.3406 	 1.8111 	 0.0000 	 5.6159 	 815.8869 	 18.0000 	 2.2802 	 0.7099 	 4.2829 	 -0.8803 	 0.0000 	 2.7433 	 0.0032 
12.0000 	 1.5214 	 8.5218 	 10.6584 	 2.1024 	 0.0000 	 5.4607 	 817.8992 	 12.0000 	 2.8666 	 0.8065 	 -9.0904 	 -4.7690 	 0.0000 	 0.5766 	 0.0095 
23.0000 	 1.9371 	 0.0000 	 7.3638 	 -6.3790 	 0.0000 	 5.6273 	 815.7891 	 23.0000 	 1.4516 	 4.6480 	 8.6268 	 -0.5108 	 0.0000 	 2.8835 	 0.0058 
21.0000 	 1.8186 	 0.0000 	 7.3472 	 2.8327 	 0.0000 	 5.6354 	 815.7733 	 21.0000 	 0.7764 	 2.3133 	 -2.6989 	 2.7043 	 0.0000 	 1.5988 	 0.0029 
10.0000 	 1.1276 	 0.0000 	 7.3971 	 -0.8728 	 0.0000 	 5.6510 	 816.7993 	 10.0000 	 2.0583 	 3.1454 	 5.6633 	 4.2644 	 0.0000 	 0.9149 	 0.0157 
20.0000 	 1.8605 	 13.0891 	 17.4429 	 0.6937 	 0.0000 	 0.0412 	 817.1379 	 20.0000 	 2.4773 	 2.4080 	 -9.7414 	 -4.8837 	 0.0000 	 1.1731 	 0.0200 
14.0000 	 1.5311 	 10.5736 	 16.5335 	 0.5435 	 0.0000 	 0.0000 	 820.0274 	 14.0000 	 0.6907 	 4.6130 	 2.4380 	 -2.5007 	 0.0000 	 0.0378 	 0.0174 
18.0000 	 1.8460 	 23.5629 	 23.8059 	 0.9882 	 0.0000 	 0.0000 	 811.9946 	 18.0000 	 2.5987 	 4.0660 	 -7.8618 	 1.9034 	 0.0000 	 1.5981 	 0.0158 
14.0000 	 1.5538 	 1.7434 	 7.5624 	 5.0764 	 0.0000 	 5.5988 	 816.9454 	 14.0000 	 0.6607 	 4.9537 	 -4.6938 	 2.3680 	 0.0000 	 1.1559 	 0.0063 
9.0000 	 1.3060 	 11.5479 	 19.4400 	 0.4933 	 0.0000 	 0.0001 	 818.6967 	 9.0000 	 0.1591 	 9.0447 	 5.3029 	 1.5696 	 0.0000 	 1.3713 	 0.0387 
19.0000 	 1.7856 	 14.4702 	 17.6660 	 0.7814 	 0.0000 	 0.0000 	 816.0580 	 19.0000 	 2.8497 	 7.3207 	 -1.8415 	 -3.2684 	 0.0000 	 2.5480 	 0.0193 
23.0000 	 2.3301 	 22.6980 	 25.8395 	 0.8595 	 0.0000 	 0.0027 	 811.9811 	 23.0000 	 0.1727 	 1.6352 	 -6.7142 	 -4.1932 	 0.0000 	 0.5904 	 0.0331 
7.0000 	 1.0309 	 2.6423 	 7.7259 	 4.1333 	 0.0000 	 5.4952 	 818.1801 	 7.0000 	 2.1290 	 6.8774 	 -0.2076 	 -3.7331 	 0.0000 	 1.3408 	 0.0232 
41.0000 	 2.6808 	 0.0000 	 7.3634 	 10.6038 	 0.0000 	 5.6419 	 815.6019 	 41.0000 	 2.9746 	 3.6075 	 1.1996 	 -3.2464 	 0.0000 	 1.4610 	 0.0007 
15.0000 	 1.4855 	 0.0000 	 7.3519 	 1.0074 	 0.0000 	 5.6377 	 816.0730 	 15.0000 	 2.8061 	 2.0246 	 -6.9741 	 1.4191 	 0.0000 	 1.4470 	 0.0059 
9.0000 	 1.2563 	 13.0198 	 13.4550 	 1.7117 	 0.0000 	 5.2393 	 818.3648 	 9.0000 	 0.3759 	 3.4572 	 -2.9582 	 -0.5713 	 0.0000 	 1.4465 	 0.0251 
11.0000 	 1.3922 	 16.0167 	 10.8217 	 3.9276 	 0.0000 	 5.4022 	 817.6306 	 11.0000 	 2.9400 	 1.3914 	 4.2478 	 1.4305 	 0.0000 	 0.1872 	 0.0087 
26.0000 	 2.0724 	 0.0000 	 7.3552 	 4.9407 	 0.0000 	 5.6449 	 815.6785 	 26.0000 	 1.0502 	 7.8048 	 -4.7549 	 -2.4172 	 0.0000 	 2.2361 	 0.0016 
23.0000 	 2.1146 	 1.7255 	 8.2708 	 1.4211 	 0.0000 	 5.6336 	 816.6868 	 23.0000 	 1.3114 	 0.1033 	 -5.4892 	 0.3484 	 0.0000 	 2.0525 	 0.0032 
27.0000 	 2.1232 	 0.0000 	 7.3531 	 2.7671 	 0.0000 	 5.6322 	 815.6648 	 27.0000 	 0.3592 	 7.9227 	 8.0041 	 -3.9651 	 0.0000 	 1.2696 	 0.0014 
4.0000 	 0.8558 	 0.0000 	 7.3264 	 0.8998 	 0.0000 	 5.5499 	 818.3672 	 4.0000 	 2.8737 	 1.9990 	 -1.5727 	 -3.4411 	 0.0000 	 1.9827 	 0.0549 
8.0000 	 1.1067 	 9.1540 	 16.4478 	 0.4303 	 0.0000 	 0.0000 	 822.1497 	 8.0000 	 0.0104 	 4.6158 	 -7.8455 	 3.8630 	 0.0000 	 2.5347 	 0.0402 
16.0000 	 1.7371 	 30.1729 	 12.3208 	 5.3633 	 0.0000 	 5.3326 	 817.1583 	 16.0000 	 2.5905 	 1.6302 	 -7.3272 	 -4.1579 	 0.0000 	 1.3338 	 0.0045 
41.0000 	 3.0418 	 27.8896 	 8.4029 	 21.0601 	 0.0000 	 5.5117 	 816.6634 	 41.0000 	 2.8843 	 9.3418 	 9.2231 	 2.7624 	 0.0000 	 1.4432 	 0.0025 
21.0000 	 1.8311 	 0.0000 	 7.3134 	 1.0897 	 0.0000 	 5.6132 	 815.7817 	 21.0000 	 0.2532 	 1.5664 	 8.6240 	 -2.0649 	 0.0000 	 0.8349 	 0.0024 
29.0000 	 2.4978 	 10.8819 	 9.1541 	 5.0693 	 0.0000 	 5.5146 	 816.9278 	 29.0000 	 2.8428 	 2.4896 	 4.3220 	 4.9060 	 0.0000 	 1.4009 	 0.0039 
9.0000 	 1.0680 	 0.0000 	 7.3817 	 1.6673 	 0.0000 	 5.6606 	 817.0392 	 9.0000 	 1.8228 	 7.9828 	 3.0855 	 -0.3943 	 0.0000 	 0.9278 	 0.0185 
12.0000 	 1.4564 	 13.2710 	 19.0050 	 0.6424 	 0.0000 	 0.0249 	 816.7252 	 12.0000 	 2.2977 	 9.8971 	 -1.0256 	 3.3691 	 0.0000 	 2.6142 	 0.0222 
4.0000 	 0.9947 	 5.0829 	 7.6245 	 19.8315 	 0.0000 	 5.6272 	 818.4515 	 4.0000 	 1.9873 	 2.4777 	 -4.8800 	 -2.4325 	 0.0000 	 1.0443 	 0.0403 
17.0000 	 1.6142 	 0.0000 	 7.2997 	 5.7695 	 0.0000 	 5.6253 	 815.9479 	 17.0000 	 0.8797 	 0.9755 	 4.5915 	 1.4833 	 0.0000 	 1.6987 	 0.0063 
9.0000 	 1.2312 	 6.4465 	 8.9876 	 3.0679 	 0.0000 	 5.4986 	 817.9160 	 9.0000 	 2.4359 	 0.2003 	 -9.1276 	 -4.6339 	 0.0000 	 2.7052 	 0.0152 
7.0000 	 0.9795 	 0.0403 	 7.4140 	 0.9239 	 0.0000 	 5.6425 	 817.6700 	 7.0000 	 0.3618 	 6.1497 	 -7.4890 	 -2.1961 	 0.0000 	 1.8939 	 0.0285 
15.0000 	 1.6283 	 13.8788 	 8.2439 	 10.1705 	 0.0000 	 5.4050 	 816.9491 	 15.0000 	 0.5225 	 6.8426 	 5.3063 	 -1.0971 	 0.0000 	 2.8235 	 0.0042 
24.0000 	 1.2166 	 5.9199 	 3.6765 	 1.6932 	 0.0000 	 0.0000 	 898.3468 	 24.0000 	 2.3093 	 8.6044 	 -4.5787 	 -0.4624 	 0.0000 	 1.5366 	 0.8189 
6.0000 	 1.0137 	 3.0392 	 8.6009 	 2.0569 	 0.0000 	 5.6671 	 818.4962 	 6.0000 	 0.9473 	 3.0733 	 -7.7415 	 3.8746 	 0.0000 	 0.3382 	 0.0508 
2.0000 	 1.0633 	 14.0766 	 11.2959 	 3.5912 	 0.0000 	 5.6807 	 817.8728 	 2.0000 	 1.6271 	 0.9230 	 8.5947 	 2.8366 	 0.0000 	 2.0224 	 0.0311 
19.0000 	 1.7230 	 0.0000 	 7.3283 	 -0.7026 	 0.0000 	 5.6106 	 815.8428 	 19.0000 	 0.3082 	 0.0206 	 2.7117 	 -0.6660 	 0.0000 	 0.7801 	 0.0029 
9.0000 	 1.2420 	 11.2588 	 18.4881 	 0.5107 	 0.0000 	 0.0000 	 818.7951 	 9.0000 	 1.6383 	 3.5363 	 2.5766 	 0.1368 	 0.0000 	 1.3113 	 0.0394 
5.0000 	 0.9374 	 11.2007 	 12.0454 	 2.0581 	 0.0000 	 5.3692 	 818.6982 	 5.0000 	 1.3299 	 0.1274 	 3.0740 	 2.5252 	 0.0000 	 1.6570 	 0.0387 
5.0000 	 0.8803 	 11.4292 	 8.3808 	 9.8770 	 0.0000 	 5.6132 	 818.4540 	 5.0000 	 0.0911 	 9.0825 	 -8.5523 	 2.6002 	 0.0000 	 2.2878 	 0.0464 
38.0000 	 2.5682 	 0.0000 	 7.3563 	 1.9542 	 0.0000 	 5.6337 	 815.6067 	 38.0000 	 1.3429 	 9.3080 	 -2.8440 	 2.1413 	 0.0000 	 1.3699 	 0.0006 
16.0000 	 1.7409 	 12.6631 	 9.2296 	 5.4771 	 0.0000 	 5.4455 	 817.1206 	 16.0000 	 1.0750 	 2.7524 	 -3.8110 	 0.9793 	 0.0000 	 1.7006 	 0.0066 
3.0000 	 0.4100 	 8.0893 	 16.1912 	 0.3273 	 0.0000 	 0.0000 	 828.0158 	 3.0000 	 1.7010 	 3.0767 	 3.1600 	 4.4985 	 0.0000 	 2.5552 	 0.2011 
20.0000 	 1.8739 	 13.8384 	 16.9294 	 0.8550 	 0.0000 	 3.2308 	 816.9298 	 20.0000 	 1.0236 	 8.3441 	 9.9909 	 -1.9356 	 0.0000 	 1.9318 	 0.0091 
3.0000 	 0.8620 	 10.2795 	 7.9712 	 13.4436 	 0.0000 	 5.5915 	 818.1917 	 3.0000 	 0.6487 	 1.9551 	 1.3967 	 4.6620 	 0.0000 	 1.1968 	 0.0448 
23.0000 	 2.1159 	 15.3006 	 8.1130 	 13.2483 	 0.0000 	 5.4108 	 816.7119 	 23.0000 	 0.4357 	 0.0981 	 7.7710 	 0.8123 	 0.0000 	 0.9158 	 0.0030 
12.0000 	 1.6324 	 14.2927 	 21.6931 	 0.5894 	 0.0000 	 0.0000 	 816.3954 	 12.0000 	 0.3486 	 2.7697 	 6.8876 	 2.5795 	 0.0000 	 2.3427 	 0.0271 
6.0000 	 0.9789 	 7.5135 	 8.0217 	 8.2531 	 0.0000 	 5.5158 	 818.2417 	 6.0000 	 2.3297 	 3.6287 	 -7.2244 	 1.7593 	 0.0000 	 2.7386 	 0.0252 
12.0000 	 1.3033 	 13.2857 	 16.4430 	 0.7868 	 0.0000 	 1.9028 	 816.8496 	 12.0000 	 0.8783 	 4.3207 	 -3.7586 	 -2.4240 	 0.0000 	 1.2295 	 0.0124 
5.0000 	 0.8590 	 14.5917 	 9.1771 	 6.4170 	 0.0000 	 5.3979 	 818.5412 	 5.0000 	 0.7309 	 8.6070 	 -2.5211 	 -0.2383 	 0.0000 	 0.1299 	 0.0446 
12.0000 	 1.3148 	 0.0000 	 7.2739 	 19.2214 	 0.0000 	 5.6019 	 816.4568 	 12.0000 	 0.3352 	 3.8265 	 6.8258 	 3.8339 	 0.0000 	 0.8333 	 0.0122 
3.0000 	 0.5563 	 10.5225 	 19.9187 	 0.4207 	 0.0000 	 0.0007 	 820.9918 	 3.0000 	 2.9242 	 3.1477 	 -1.9814 	 2.7112 	 0.0000 	 2.3628 	 0.2706 
2.0000 	 0.0749 	 6.3281 	 3.5938 	 3.5156 	 0.0000 	 0.0000 	 1124.6436 	 2.0000 	 1.2147 	 1.9558 	 -2.3119 	 -2.2507 	 0.0000 	 1.9605 	 0.9888 
10.0000 	 1.2672 	 8.8363 	 10.0638 	 2.5313 	 0.0000 	 5.4388 	 818.0284 	 10.0000 	 0.1172 	 8.5701 	 1.9770 	 2.1772 	 0.0000 	 2.2717 	 0.0133 
16.0000 	 1.5548 	 0.0000 	 7.3588 	 2.9411 	 0.0000 	 5.6376 	 815.9990 	 16.0000 	 2.8739 	 6.0692 	 5.4724 	 -4.3987 	 0.0000 	 0.0890 	 0.0039 
20.0000 	 2.0319 	 16.0686 	 20.6929 	 0.7407 	 0.0000 	 1.1922 	 814.4880 	 20.0000 	 0.9474 	 6.9309 	 -9.8586 	 -3.1335 	 0.0000 	 1.0431 	 0.0124 
19.0000 	 1.7158 	 0.0000 	 7.3622 	 2.9281 	 0.0000 	 5.6460 	 815.8402 	 19.0000 	 0.3151 	 1.5105 	 -1.9424 	 -0.6976 	 0.0000 	 2.0370 	 0.0032 
5.0000 	 0.9857 	 10.2254 	 8.8207 	 5.9751 	 0.0000 	 5.4115 	 818.5609 	 5.0000 	 0.3155 	 7.3895 	 3.4389 	 0.1401 	 0.0000 	 2.9432 	 0.0342 
37.0000 	 2.5308 	 0.0000 	 7.3564 	 5.0172 	 0.0000 	 5.6350 	 815.6101 	 37.0000 	 1.2223 	 4.2288 	 -8.8798 	 -0.4302 	 0.0000 	 2.0716 	 0.0009 
13.0000 	 1.6501 	 11.3229 	 19.2130 	 0.4871 	 0.0000 	 0.0000 	 819.3863 	 13.0000 	 0.4350 	 9.1817 	 -9.7122 	 4.0905 	 0.0000 	 1.0212 	 0.0309 
7.0000 	 1.0425 	 16.8944 	 9.8607 	 5.7198 	 0.0000 	 5.4071 	 818.0989 	 7.0000 	 0.5796 	 9.2835 	 -4.8868 	 1.8219 	 0.0000 	 0.2202 	 0.0294 
3.0000 	 0.4804 	 10.0330 	 18.3513 	 0.4170 	 0.0000 	 0.0097 	 822.4833 	 3.0000 	 1.9083 	 4.3241 	 8.3767 	 -1.0122 	 0.0000 	 0.9030 	 0.1785 
38.0000 	 2.9677 	 13.8398 	 13.7678 	 1.7541 	 0.0000 	 5.3189 	 817.7235 	 38.0000 	 2.9802 	 4.8684 	 1.5541 	 4.3800 	 0.0000 	 1.5115 	 0.0039 
25.0000 	 2.3584 	 12.8424 	 19.1390 	 0.6084 	 0.0000 	 2.2691 	 817.2333 	 25.0000 	 1.6217 	 6.5506 	 1.8599 	 0.5311 	 0.0000 	 2.9751 	 0.0116 
7.0000 	 1.0541 	 15.9967 	 8.8413 	 9.0610 	 0.0000 	 5.4696 	 817.9985 	 7.0000 	 1.0325 	 2.7293 	 -0.7589 	 -4.0371 	 0.0000 	 2.0431 	 0.0207 
11.0000 	 1.2989 	 23.2135 	 7.9791 	 18.5651 	 0.0000 	 5.2473 	 817.0833 	 11.0000 	 1.8088 	 1.8495 	 0.6926 	 1.3590 	 0.0000 	 2.6583 	 0.0077 
17.0000 	 1.8452 	 21.7016 	 14.1632 	 2.7497 	 0.0000 	 5.2689 	 817.5188 	 17.0000 	 1.4160 	 6.2976 	 -6.9768 	 -0.2307 	 0.0000 	 2.7703 	 0.0049 
18.0000 	 1.6774 	 0.0000 	 7.3876 	 3.4680 	 0.0000 	 5.6497 	 815.8801 	 18.0000 	 1.3401 	 3.6551 	 -7.7566 	 0.7137 	 0.0000 	 2.4462 	 0.0057 
2.0000 	 1.0660 	 2.1494 	 7.4807 	 15.7502 	 0.0000 	 5.8231 	 817.9938 	 2.0000 	 2.0295 	 9.9779 	 1.4558 	 1.8632 	 0.0000 	 1.8113 	 0.0406 
37.0000 	 2.5248 	 0.0000 	 7.3561 	 -0.2820 	 0.0000 	 5.6383 	 815.6093 	 37.0000 	 1.0011 	 0.7646 	 -1.2852 	 -4.8929 	 0.0000 	 0.1190 	 0.0008 
22.0000 	 1.9323 	 33.1673 	 24.7001 	 1.4285 	 0.0000 	 2.0139 	 811.0250 	 22.0000 	 2.2665 	 7.4960 	 -8.1878 	 4.2070 	 0.0000 	 0.7035 	 0.0113 
5.0000 	 1.0132 	 7.4556 	 15.8746 	 0.5342 	 0.0000 	 4.7535 	 818.9432 	 5.0000 	 2.6757 	 0.3164 	 6.9571 	 -4.8316 	 0.0000 	 0.4861 	 0.0516 
10.0000 	 1.1606 	 0.0000 	 7.3498 	 3.3625 	 0.0000 	 5.6288 	 816.7708 	 10.0000 	 0.8247 	 5.0007 	 -9.9711 	 -3.8779 	 0.0000 	 2.0563 	 0.0123 
25.0000 	 2.2111 	 6.1491 	 7.1976 	 30.0000 	 0.0000 	 5.4208 	 816.5836 	 25.0000 	 1.8781 	 8.9786 	 7.3406 	 1.4959 	 0.0000 	 1.3356 	 0.0025 
39.0000 	 5.9929 	 5.8447 	 22.2168 	 0.0537 	 0.0000 	 1.9240 	 833.9860 	 39.0000 	 2.6668 	 6.3198 	 7.2364 	 -1.0054 	 0.0000 	 0.4366 	 0.0190 
14.0000 	 1.6079 	 15.5130 	 20.4951 	 0.6996 	 0.0000 	 0.0000 	 815.1064 	 14.0000 	 0.1989 	 6.9305 	 -4.6266 	 -4.6242 	 0.0000 	 1.9993 	 0.0224 
16.0000 	 1.7485 	 15.1241 	 11.9068 	 2.7772 	 0.0000 	 5.3663 	 817.5457 	 16.0000 	 2.3004 	 5.8076 	 7.0463 	 0.9712 	 0.0000 	 0.5295 	 0.0044 
3.0000 	 0.9336 	 23.1579 	 8.1176 	 26.1867 	 0.0000 	 5.5200 	 818.1852 	 3.0000 	 1.8071 	 2.0843 	 7.7623 	 4.8434 	 0.0000 	 2.4691 	 0.0423 
16.0000 	 1.7751 	 15.8902 	 20.7725 	 0.7160 	 0.0000 	 0.0007 	 814.7783 	 16.0000 	 0.8741 	 1.5880 	 7.8910 	 4.9430 	 0.0000 	 0.5421 	 0.0330 
2.0000 	 0.3480 	 3.6694 	 15.5664 	 -0.2161 	 0.0000 	 0.1566 	 839.6480 	 2.0000 	 2.6989 	 3.2951 	 7.0865 	 -1.4276 	 0.0000 	 2.4014 	 0.2943 
8.0000 	 1.4003 	 6.1371 	 17.0001 	 0.2173 	 0.0000 	 3.5926 	 822.9001 	 8.0000 	 0.5974 	 8.8238 	 -5.5327 	 -4.8346 	 0.0000 	 1.7156 	 0.0379 
15.0000 	 1.5743 	 1.4429 	 7.0038 	 18.7160 	 0.0000 	 5.5636 	 816.9175 	 15.0000 	 2.7315 	 5.5518 	 2.1929 	 4.4682 	 0.0000 	 1.5293 	 0.0040 
6.0000 	 0.9354 	 0.0000 	 7.3519 	 15.4481 	 0.0000 	 5.6368 	 818.0216 	 6.0000 	 2.5551 	 4.9964 	 -6.0454 	 -4.0274 	 0.0000 	 1.5773 	 0.0244 
15.0000 	 1.5056 	 0.0000 	 7.3592 	 8.1482 	 0.0000 	 5.6504 	 816.0737 	 15.0000 	 1.3333 	 3.9664 	 5.1291 	 0.5168 	 0.0000 	 2.0412 	 0.0051 
13.0000 	 1.7664 	 23.0248 	 27.9476 	 0.8012 	 0.0000 	 0.0000 	 812.1966 	 13.0000 	 1.1321 	 1.4087 	 -5.6321 	 -4.8825 	 0.0000 	 0.2861 	 0.0214 
35.0000 	 2.7456 	 18.4830 	 10.1617 	 5.7507 	 0.0000 	 5.4624 	 816.9514 	 35.0000 	 1.7539 	 1.3452 	 -3.6198 	 -4.5752 	 0.0000 	 1.9436 	 0.0044 
22.0000 	 2.0701 	 18.2081 	 21.2963 	 0.8295 	 0.0000 	 0.0895 	 813.4993 	 22.0000 	 0.1290 	 3.3709 	 6.1653 	 3.8580 	 0.0000 	 2.2834 	 0.0150 
37.0000 	 2.8062 	 9.0606 	 7.7605 	 13.1728 	 0.0000 	 5.4878 	 816.6379 	 37.0000 	 2.3480 	 0.6937 	 -7.2745 	 2.5138 	 0.0000 	 1.8784 	 0.0025 
35.0000 	 2.4470 	 0.0000 	 7.3531 	 1.0872 	 0.0000 	 5.6350 	 815.6157 	 35.0000 	 1.4759 	 4.0596 	 1.3167 	 0.7134 	 0.0000 	 2.2280 	 0.0009 
22.0000 	 2.2443 	 13.2873 	 20.2534 	 0.5742 	 0.0000 	 0.0000 	 817.5861 	 22.0000 	 1.8348 	 0.3517 	 -5.7270 	 1.9318 	 0.0000 	 1.5957 	 0.0182 
5.0000 	 0.9333 	 8.5057 	 8.8865 	 5.1220 	 0.0000 	 5.5223 	 818.4136 	 5.0000 	 1.6024 	 7.6999 	 7.3339 	 -1.9942 	 0.0000 	 1.0857 	 0.0421 
12.0000 	 1.2995 	 0.0000 	 7.3540 	 1.9574 	 0.0000 	 5.6550 	 816.3910 	 12.0000 	 1.2118 	 0.8251 	 8.9289 	 -1.4125 	 0.0000 	 2.7908 	 0.0118 
12.0000 	 1.3849 	 3.9604 	 7.7449 	 5.3256 	 0.0000 	 5.4958 	 817.2765 	 12.0000 	 1.9526 	 1.9952 	 3.7925 	 -1.3566 	 0.0000 	 2.3339 	 0.0075 
37.0000 	 2.6240 	 0.0000 	 7.5781 	 5.4944 	 0.0000 	 5.4607 	 814.8203 	 37.0000 	 2.1742 	 7.3552 	 -3.2958 	 -0.4036 	 0.0000 	 0.3699 	 0.0913 
13.0000 	 1.5918 	 3.9674 	 9.2508 	 1.6302 	 0.0000 	 5.5836 	 817.6580 	 13.0000 	 2.5381 	 9.4992 	 -9.1219 	 2.2533 	 0.0000 	 0.0894 	 0.0092 
19.0000 	 1.6495 	 0.0000 	 6.9043 	 6.8457 	 0.0000 	 5.3720 	 816.8506 	 19.0000 	 0.4951 	 7.7255 	 7.7492 	 2.6702 	 0.0000 	 2.0805 	 0.0038 
4.0000 	 0.9737 	 0.8009 	 7.5535 	 4.7921 	 0.0000 	 5.5451 	 818.4768 	 4.0000 	 1.5019 	 8.7943 	 9.9282 	 4.7665 	 0.0000 	 2.0761 	 0.0564 
12.0000 	 1.4598 	 14.1028 	 11.6113 	 2.7539 	 0.0000 	 5.3622 	 817.7744 	 12.0000 	 0.1285 	 8.1044 	 1.9951 	 -2.7647 	 0.0000 	 1.7793 	 0.0069 
9.0000 	 1.1682 	 0.0000 	 7.1666 	 13.9822 	 0.0000 	 5.6491 	 817.2783 	 9.0000 	 0.0203 	 1.4845 	 3.0783 	 0.1201 	 0.0000 	 0.3907 	 0.0175 
1.0000 	 0.5098 	 2.4845 	 20.5068 	 -0.3977 	 0.0000 	 0.0006 	 862.4382 	 1.0000 	 2.7939 	 4.6278 	 -4.2696 	 4.0840 	 0.0000 	 2.1526 	 0.5960 
21.0000 	 2.0723 	 15.6360 	 20.3024 	 0.7261 	 0.0000 	 1.0285 	 814.7827 	 21.0000 	 1.6084 	 9.7806 	 8.2239 	 -3.0011 	 0.0000 	 1.0740 	 0.0179 
11.0000 	 1.2215 	 0.0000 	 7.3546 	 0.4368 	 0.0000 	 5.6483 	 816.5532 	 11.0000 	 0.7399 	 6.6794 	 -1.0278 	 -0.7140 	 0.0000 	 1.2370 	 0.0097 
8.0000 	 1.0680 	 10.8475 	 9.5817 	 3.6911 	 0.0000 	 5.4014 	 818.2167 	 8.0000 	 2.3940 	 3.5938 	 9.5627 	 0.3717 	 0.0000 	 2.8995 	 0.0262 
18.0000 	 1.8596 	 14.7231 	 10.3774 	 4.0889 	 0.0000 	 5.4329 	 817.2249 	 18.0000 	 0.5413 	 0.0420 	 -5.4092 	 0.6814 	 0.0000 	 2.6983 	 0.0052 
10.0000 	 1.2396 	 0.0000 	 7.6004 	 13.7864 	 0.0000 	 5.6541 	 817.0983 	 10.0000 	 2.3898 	 4.1987 	 -4.9724 	 -3.3152 	 0.0000 	 1.2998 	 0.0221 
10.0000 	 1.2483 	 12.1748 	 17.8381 	 0.6078 	 0.0000 	 0.0002 	 817.7048 	 10.0000 	 1.2970 	 4.5556 	 8.7188 	 1.5454 	 0.0000 	 0.0542 	 0.0307 
19.0000 	 1.7173 	 0.0000 	 7.3569 	 1.6241 	 0.0000 	 5.6305 	 815.8401 	 19.0000 	 1.3986 	 8.4182 	 5.8352 	 4.3287 	 0.0000 	 2.0868 	 0.0027 
35.0000 	 2.7528 	 10.4960 	 7.5586 	 21.9436 	 0.0000 	 5.4850 	 816.6071 	 35.0000 	 0.3667 	 1.9153 	 2.8533 	 -0.6859 	 0.0000 	 1.3683 	 0.0026 
7.0000 	 1.3046 	 0.0000 	 7.2461 	 2.2852 	 0.0000 	 5.4508 	 817.9393 	 7.0000 	 0.2344 	 8.7076 	 3.9915 	 0.2362 	 0.0000 	 2.1365 	 0.4466 
7.0000 	 0.8315 	 18.6031 	 17.1398 	 1.1800 	 0.0000 	 2.2442 	 817.0137 	 7.0000 	 2.1897 	 4.2722 	 2.9748 	 -4.4186 	 0.0000 	 0.2413 	 0.0341 
8.0000 	 1.2706 	 15.5510 	 22.6817 	 0.6335 	 0.0000 	 0.0000 	 815.1211 	 8.0000 	 2.8058 	 8.5522 	 -4.4108 	 -4.9085 	 0.0000 	 1.9832 	 0.0410 
34.0000 	 2.7128 	 20.1870 	 10.7409 	 5.2574 	 0.0000 	 5.4562 	 817.0133 	 34.0000 	 0.9337 	 5.2295 	 2.4712 	 -1.7105 	 0.0000 	 2.7686 	 0.0041 
5.0000 	 0.8152 	 30.1613 	 7.9554 	 29.7993 	 0.0000 	 5.4164 	 818.1988 	 5.0000 	 1.3563 	 6.3521 	 0.2824 	 -1.4100 	 0.0000 	 1.5950 	 0.0340 
16.0000 	 1.8576 	 13.1007 	 20.0280 	 0.5783 	 0.0000 	 0.0000 	 817.4007 	 16.0000 	 2.7390 	 3.6651 	 -8.6682 	 -3.0625 	 0.0000 	 0.2039 	 0.0162 
35.0000 	 2.4500 	 0.0000 	 7.3536 	 8.2400 	 0.0000 	 5.6364 	 815.6149 	 35.0000 	 2.6881 	 7.2677 	 -8.5802 	 -1.1482 	 0.0000 	 2.8452 	 0.0008 
7.0000 	 1.0033 	 9.0147 	 7.6072 	 12.7475 	 0.0000 	 5.3917 	 817.9239 	 7.0000 	 1.0593 	 5.3692 	 -3.9384 	 -0.1570 	 0.0000 	 0.5427 	 0.0223 
17.0000 	 1.9413 	 19.1771 	 23.7416 	 0.7789 	 0.0000 	 0.0066 	 813.2076 	 17.0000 	 2.8600 	 1.7969 	 -7.9700 	 -0.5268 	 0.0000 	 0.0470 	 0.0194 
34.0000 	 2.7939 	 12.0956 	 19.1138 	 0.5362 	 0.0000 	 0.0000 	 819.3395 	 34.0000 	 1.3973 	 7.9670 	 5.8233 	 -0.2563 	 0.0000 	 0.6224 	 0.0204 
3.0000 	 0.8406 	 5.1182 	 10.4898 	 1.5217 	 0.0000 	 5.7624 	 818.2375 	 3.0000 	 0.4924 	 4.6818 	 -9.2185 	 -3.5818 	 0.0000 	 2.5051 	 0.0427 
6.0000 	 1.6389 	 4.2757 	 16.0809 	 0.1976 	 0.0000 	 5.1483 	 821.2122 	 6.0000 	 1.4733 	 7.5373 	 -5.2433 	 2.0052 	 0.0000 	 0.2289 	 0.0874 
5.0000 	 0.9234 	 7.6506 	 9.5999 	 3.1766 	 0.0000 	 5.5974 	 818.5994 	 5.0000 	 2.2449 	 3.5002 	 0.9297 	 -1.2032 	 0.0000 	 0.1115 	 0.0319 
2.0000 	 0.1478 	 9.0714 	 13.1842 	 0.5902 	 0.0000 	 0.2339 	 835.5437 	 2.0000 	 0.6000 	 9.7592 	 -5.0210 	 -2.9425 	 0.0000 	 2.1078 	 0.5296 
17.0000 	 1.9994 	 18.0812 	 24.5209 	 0.6876 	 0.0000 	 0.0192 	 814.5950 	 17.0000 	 0.4589 	 8.2845 	 9.9275 	 0.9670 	 0.0000 	 2.1591 	 0.0198 
14.0000 	 1.9322 	 9.6071 	 19.2747 	 0.4163 	 0.0000 	 3.6215 	 820.2549 	 14.0000 	 2.9683 	 3.4408 	 7.3373 	 -4.0284 	 0.0000 	 2.4679 	 0.0153 
5.0000 	 0.8442 	 23.4178 	 8.2451 	 18.7251 	 0.0000 	 5.4149 	 818.2097 	 5.0000 	 0.1975 	 4.3488 	 -7.4686 	 -0.5395 	 0.0000 	 2.8586 	 0.0362 
3.0000 	 0.9367 	 13.0987 	 7.8894 	 22.6104 	 0.0000 	 5.5849 	 818.2006 	 3.0000 	 2.0811 	 6.7234 	 0.1377 	 -3.6437 	 0.0000 	 1.3594 	 0.0638 
32.0000 	 2.3216 	 0.0000 	 7.3704 	 -2.0093 	 0.0000 	 5.6791 	 815.6348 	 32.0000 	 1.3917 	 1.8971 	 -3.1231 	 4.9002 	 0.0000 	 0.0019 	 0.0023 
4.0000 	 0.8262 	 10.3666 	 8.2009 	 9.5540 	 0.0000 	 5.5142 	 818.3912 	 4.0000 	 1.6043 	 1.8146 	 4.1256 	 -2.4476 	 0.0000 	 0.0595 	 0.0426 
2.0000 	 0.5529 	 4.5613 	 18.1425 	 -0.0469 	 0.0000 	 0.0099 	 834.4384 	 2.0000 	 0.3642 	 8.7870 	 8.0169 	 -2.7474 	 0.0000 	 1.0339 	 0.3524 
14.0000 	 1.5489 	 9.5066 	 8.9592 	 4.3817 	 0.0000 	 5.4142 	 817.3050 	 14.0000 	 0.8720 	 8.0938 	 -1.1973 	 4.7818 	 0.0000 	 0.6343 	 0.0044 
1.0000 	 0.2087 	 10.8065 	 13.3976 	 1.7480 	 0.0000 	 6.0932 	 818.2209 	 1.0000 	 1.3182 	 4.8817 	 -1.3918 	 0.3171 	 0.0000 	 1.6108 	 0.1083 
13.0000 	 1.5320 	 14.7220 	 19.9693 	 0.6856 	 0.0000 	 0.0192 	 815.4635 	 13.0000 	 1.3163 	 1.6297 	 -5.2896 	 4.7151 	 0.0000 	 0.4476 	 0.0268 
34.0000 	 2.7627 	 13.4429 	 15.8193 	 1.1404 	 0.0000 	 4.8073 	 817.9062 	 34.0000 	 2.4134 	 9.8044 	 9.7156 	 -3.9345 	 0.0000 	 2.3974 	 0.0055 
14.0000 	 1.5545 	 16.4483 	 19.7316 	 0.8156 	 0.0000 	 1.3581 	 814.0954 	 14.0000 	 1.8571 	 3.1161 	 -6.6084 	 4.0172 	 0.0000 	 0.9462 	 0.0156 
32.0000 	 2.3193 	 0.0000 	 7.3573 	 9.9757 	 0.0000 	 5.6332 	 815.6270 	 32.0000 	 0.0621 	 5.9757 	 3.0588 	 -1.9896 	 0.0000 	 1.1623 	 0.0014 
34.0000 	 2.7455 	 22.2090 	 11.8214 	 4.4755 	 0.0000 	 5.4521 	 817.1245 	 34.0000 	 0.3671 	 1.8432 	 -2.5519 	 -3.2952 	 0.0000 	 0.4455 	 0.0028 
11.0000 	 1.3641 	 17.7343 	 9.4122 	 6.9205 	 0.0000 	 5.3918 	 817.3722 	 11.0000 	 0.8039 	 5.3120 	 -9.1464 	 2.9723 	 0.0000 	 1.8098 	 0.0089 
11.0000 	 1.3615 	 11.4943 	 17.7466 	 0.5582 	 0.0000 	 0.0002 	 818.5135 	 11.0000 	 0.8198 	 7.0500 	 -7.9583 	 1.7083 	 0.0000 	 2.7882 	 0.0232 
30.0000 	 2.5378 	 20.4358 	 9.1672 	 9.4977 	 0.0000 	 5.4712 	 816.7927 	 30.0000 	 1.5344 	 9.8180 	 6.9071 	 -4.6949 	 0.0000 	 2.4484 	 0.0028 
9.0000 	 1.1010 	 0.0000 	 7.3676 	 6.5988 	 0.0000 	 5.6570 	 817.0268 	 9.0000 	 0.8053 	 2.7694 	 -0.4640 	 2.2904 	 0.0000 	 1.8055 	 0.0148 
10.0000 	 0.8397 	 11.1828 	 10.7537 	 1.0698 	 0.0000 	 0.0003 	 835.4927 	 10.0000 	 1.9903 	 8.0692 	 5.1601 	 1.5777 	 0.0000 	 1.7642 	 0.0472 
8.0000 	 0.8488 	 14.7660 	 14.6638 	 1.0161 	 0.0000 	 0.0000 	 821.7288 	 8.0000 	 2.7404 	 4.5958 	 7.8688 	 0.2198 	 0.0000 	 0.2692 	 0.0317 
9.0000 	 1.4354 	 11.6179 	 20.9708 	 0.4550 	 0.0000 	 0.2497 	 819.2972 	 9.0000 	 1.4350 	 1.6512 	 7.9904 	 -0.5462 	 0.0000 	 0.2153 	 0.0482 
31.0000 	 2.2839 	 0.0000 	 7.3585 	 1.0232 	 0.0000 	 5.6361 	 815.6321 	 31.0000 	 0.1667 	 1.7939 	 -2.3034 	 -2.6315 	 0.0000 	 1.7827 	 0.0009 
32.0000 	 2.6755 	 9.1904 	 9.9133 	 3.1583 	 0.0000 	 5.5226 	 817.1375 	 32.0000 	 2.7267 	 3.5503 	 2.2024 	 -3.8486 	 0.0000 	 0.2870 	 0.0028 
32.0000 	 2.5879 	 23.3516 	 9.3712 	 9.7699 	 0.0000 	 5.4253 	 816.7849 	 32.0000 	 0.0975 	 4.5649 	 -1.3013 	 -1.6582 	 0.0000 	 0.4074 	 0.0028 
28.0000 	 2.1437 	 0.0000 	 7.3550 	 4.6657 	 0.0000 	 5.6903 	 815.6691 	 28.0000 	 1.0147 	 1.6710 	 -7.3881 	 -2.9970 	 0.0000 	 2.8847 	 0.0014 
30.0000 	 2.2356 	 0.0000 	 7.3619 	 3.5150 	 0.0000 	 5.6559 	 815.6416 	 30.0000 	 0.0763 	 5.1435 	 -0.6630 	 3.1670 	 0.0000 	 0.2217 	 0.0012 
30.0000 	 2.2650 	 0.0000 	 7.3461 	 -9.7072 	 0.0000 	 5.6246 	 816.4224 	 30.0000 	 0.2080 	 2.9645 	 4.9639 	 2.7157 	 0.0000 	 0.0690 	 0.0028 
28.0000 	 2.1626 	 0.0000 	 7.3534 	 7.4067 	 0.0000 	 5.6350 	 815.6568 	 28.0000 	 2.1319 	 8.5780 	 -9.3217 	 -1.7885 	 0.0000 	 2.1163 	 0.0014 
30.0000 	 2.2436 	 0.0000 	 7.3699 	 5.5052 	 0.0000 	 5.6458 	 815.6399 	 30.0000 	 2.6436 	 4.7020 	 7.7711 	 -4.7615 	 0.0000 	 0.3568 	 0.0010 
27.0000 	 2.1143 	 0.0000 	 7.3615 	 3.0914 	 0.0000 	 5.6367 	 815.6680 	 27.0000 	 0.9299 	 4.8860 	 -6.2394 	 2.6065 	 0.0000 	 1.5163 	 0.0015 
25.0000 	 2.0108 	 0.0000 	 7.3474 	 2.3482 	 0.0000 	 5.6403 	 815.6973 	 25.0000 	 2.2814 	 7.9324 	 4.8559 	 3.9953 	 0.0000 	 2.1405 	 0.0018 
25.0000 	 2.0197 	 0.0000 	 7.3559 	 -0.9751 	 0.0000 	 5.6325 	 815.6927 	 25.0000 	 0.3207 	 6.1608 	 5.1203 	 -3.1885 	 0.0000 	 0.0241 	 0.0022 
30.0000 	 2.6249 	 18.6472 	 22.9579 	 0.7795 	 0.0000 	 0.0041 	 813.6507 	 30.0000 	 2.0216 	 7.3816 	 -5.8276 	 -4.0398 	 0.0000 	 1.5775 	 0.0144 
29.0000 	 2.4980 	 22.3905 	 12.5647 	 3.7963 	 0.0000 	 5.3878 	 817.2385 	 29.0000 	 0.4753 	 2.8980 	 -6.3844 	 -4.2924 	 0.0000 	 2.3216 	 0.0045 
24.0000 	 2.1813 	 6.2555 	 7.4953 	 14.0567 	 0.0000 	 5.4657 	 816.6563 	 24.0000 	 0.7251 	 7.5606 	 -0.6160 	 2.9587 	 0.0000 	 2.8421 	 0.0033 
25.0000 	 2.4235 	 9.0174 	 12.6982 	 1.2878 	 0.0000 	 5.3827 	 817.9312 	 25.0000 	 0.2108 	 3.2270 	 5.9007 	 2.8183 	 0.0000 	 2.3560 	 0.0051 
27.0000 	 2.1157 	 0.0000 	 7.3640 	 1.3588 	 0.0000 	 5.6490 	 815.6692 	 27.0000 	 0.8078 	 4.7641 	 -2.1591 	 -3.9949 	 0.0000 	 1.8550 	 0.0018 
28.0000 	 2.2083 	 0.0000 	 7.3412 	 12.6697 	 0.0000 	 5.6536 	 815.6955 	 28.0000 	 1.3146 	 4.9033 	 -8.7539 	 -0.5014 	 0.0000 	 2.3260 	 0.0127 
22.0000 	 2.3928 	 14.1500 	 21.8791 	 0.5732 	 0.0000 	 0.0001 	 817.3852 	 22.0000 	 0.3646 	 5.8926 	 -3.7659 	 4.1013 	 0.0000 	 2.2559 	 0.0204 
22.0000 	 1.8866 	 0.0000 	 7.3760 	 3.3838 	 0.0000 	 5.6512 	 815.7513 	 22.0000 	 0.0990 	 6.8120 	 -4.1880 	 -0.6948 	 0.0000 	 0.9304 	 0.0024 
25.0000 	 2.1907 	 7.5060 	 7.2000 	 28.2480 	 0.0000 	 5.4036 	 816.5925 	 25.0000 	 1.8253 	 9.4967 	 2.7975 	 3.0316 	 0.0000 	 0.5129 	 0.0030 
21.0000 	 2.0613 	 4.2773 	 7.8809 	 7.7441 	 0.0000 	 5.5308 	 816.9304 	 21.0000 	 1.3917 	 4.3034 	 1.9406 	 1.8074 	 0.0000 	 2.0878 	 0.0032 
25.0000 	 2.2859 	 16.7846 	 10.4419 	 4.7105 	 0.0000 	 5.4203 	 817.0593 	 25.0000 	 2.9342 	 7.6870 	 3.6066 	 -2.0588 	 0.0000 	 2.1646 	 0.0054 
21.0000 	 1.8378 	 0.0000 	 7.3579 	 3.2560 	 0.0000 	 5.6256 	 815.7791 	 21.0000 	 0.2581 	 8.9545 	 3.2002 	 -1.4494 	 0.0000 	 2.3337 	 0.0026 
20.0000 	 1.9246 	 21.5822 	 7.9871 	 19.5519 	 0.0000 	 5.3690 	 816.6742 	 20.0000 	 1.6428 	 7.6936 	 -3.9072 	 3.5909 	 0.0000 	 0.1776 	 0.0033 
24.0000 	 1.8201 	 12.7278 	 14.1972 	 0.8738 	 0.0000 	 0.0007 	 820.2644 	 24.0000 	 2.3783 	 9.8709 	 -3.0990 	 -0.2646 	 0.0000 	 2.0971 	 0.0199 
25.0000 	 2.2438 	 14.4062 	 9.3112 	 6.0409 	 0.0000 	 5.4645 	 816.9268 	 25.0000 	 2.9007 	 2.3387 	 8.5519 	 3.1209 	 0.0000 	 1.6403 	 0.0030 
19.0000 	 1.8886 	 7.1291 	 8.1072 	 6.4464 	 0.0000 	 5.4779 	 816.8901 	 19.0000 	 2.5805 	 7.5872 	 8.1087 	 2.6956 	 0.0000 	 2.7608 	 0.0033 
17.0000 	 1.6147 	 0.0000 	 7.3436 	 0.3772 	 0.0000 	 5.6033 	 815.9400 	 17.0000 	 0.9764 	 4.1583 	 -0.3164 	 3.3332 	 0.0000 	 0.4071 	 0.0042 
22.0000 	 2.0567 	 13.8452 	 7.9077 	 15.3305 	 0.0000 	 5.3965 	 816.7039 	 22.0000 	 2.7789 	 9.4588 	 -8.1121 	 1.9439 	 0.0000 	 1.1339 	 0.0045 
22.0000 	 2.0818 	 12.9246 	 8.7150 	 7.4187 	 0.0000 	 5.4667 	 816.8648 	 22.0000 	 1.2655 	 1.0350 	 5.8913 	 1.7359 	 0.0000 	 1.2862 	 0.0028 
17.0000 	 1.6022 	 0.0000 	 7.3309 	 0.2959 	 0.0000 	 5.6214 	 815.9312 	 17.0000 	 0.2885 	 6.8395 	 5.2988 	 -2.6831 	 0.0000 	 0.1826 	 0.0046 
18.0000 	 1.8886 	 14.5783 	 10.9585 	 3.4279 	 0.0000 	 5.4411 	 817.3361 	 18.0000 	 2.0102 	 5.9712 	 6.7702 	 -3.5133 	 0.0000 	 1.3362 	 0.0039 
21.0000 	 1.7003 	 13.3746 	 15.1683 	 0.8622 	 0.0000 	 0.0000 	 818.7357 	 21.0000 	 1.9714 	 6.4737 	 -7.2786 	 -1.9998 	 0.0000 	 0.6968 	 0.0461 
21.0000 	 2.6763 	 24.7823 	 32.1703 	 0.7402 	 0.0000 	 0.0000 	 813.4070 	 21.0000 	 1.6001 	 5.5403 	 0.2436 	 -4.3927 	 0.0000 	 0.5392 	 0.0169 
14.0000 	 1.6232 	 11.1529 	 10.4146 	 2.9957 	 0.0000 	 5.4170 	 817.5439 	 14.0000 	 2.8966 	 2.7960 	 8.6435 	 -4.0758 	 0.0000 	 0.4235 	 0.0062 
15.0000 	 1.6079 	 31.3419 	 11.0877 	 7.0587 	 0.0000 	 5.2724 	 817.0609 	 15.0000 	 1.1751 	 5.5700 	 -3.2009 	 -4.8141 	 0.0000 	 0.6644 	 0.0059 
20.0000 	 1.9270 	 13.9627 	 7.8559 	 15.5231 	 0.0000 	 5.4103 	 816.7139 	 20.0000 	 2.6964 	 9.6286 	 -7.4122 	 0.3745 	 0.0000 	 1.6702 	 0.0058 
15.0000 	 1.5863 	 8.2666 	 8.9355 	 5.6445 	 0.0000 	 5.7778 	 815.7560 	 15.0000 	 1.2988 	 6.5565 	 5.5376 	 3.9609 	 0.0000 	 1.5496 	 0.2574 
13.0000 	 1.2553 	 11.6503 	 13.8207 	 0.8334 	 0.0000 	 1.2132 	 820.6105 	 13.0000 	 2.4063 	 2.0520 	 2.9357 	 1.8204 	 0.0000 	 2.8863 	 0.0165 
13.0000 	 1.3640 	 0.0000 	 7.3420 	 -13.7691 	 0.0000 	 5.6019 	 817.1114 	 13.0000 	 2.1751 	 1.2805 	 3.9831 	 4.9349 	 0.0000 	 1.5479 	 0.0118 
19.0000 	 1.7257 	 0.0000 	 7.3711 	 2.9370 	 0.0000 	 5.6494 	 815.8411 	 19.0000 	 2.8756 	 8.2091 	 0.0881 	 4.4228 	 0.0000 	 1.4928 	 0.0030 
17.0000 	 1.7833 	 9.5671 	 9.3032 	 3.8526 	 0.0000 	 5.4216 	 817.2196 	 17.0000 	 2.2038 	 8.1688 	 3.0772 	 4.6359 	 0.0000 	 1.6114 	 0.0039 
11.0000 	 1.3489 	 13.6214 	 18.8541 	 0.6644 	 0.0000 	 0.3530 	 816.1700 	 11.0000 	 1.7098 	 9.3765 	 3.9474 	 -4.1756 	 0.0000 	 2.7466 	 0.0235 
11.0000 	 1.3224 	 15.6825 	 7.7956 	 15.9856 	 0.0000 	 5.2783 	 817.1317 	 11.0000 	 0.1343 	 4.6400 	 -8.6214 	 0.9008 	 0.0000 	 0.5340 	 0.0083 
17.0000 	 1.7656 	 13.9624 	 8.4496 	 9.1393 	 0.0000 	 5.4203 	 816.8796 	 17.0000 	 0.7563 	 8.8995 	 1.3630 	 2.5738 	 0.0000 	 0.8738 	 0.0081 
10.0000 	 0.9555 	 8.0734 	 11.1374 	 0.6332 	 0.0000 	 0.1427 	 831.1297 	 10.0000 	 2.1482 	 0.8776 	 4.6139 	 -0.8650 	 0.0000 	 1.9991 	 0.0293 
10.0000 	 1.4431 	 15.7749 	 22.7453 	 0.6398 	 0.0000 	 0.0053 	 814.9875 	 10.0000 	 2.1646 	 0.1968 	 4.2824 	 -2.4436 	 0.0000 	 2.9852 	 0.0269 
17.0000 	 5.9915 	 7.1207 	 22.4530 	 0.2921 	 0.0000 	 4.9586 	 823.7296 	 17.0000 	 0.9252 	 6.6767 	 -7.7823 	 -3.1660 	 0.0000 	 1.8131 	 0.0245 
8.0000 	 1.2090 	 11.5912 	 9.8022 	 4.1404 	 0.0000 	 5.5161 	 818.1023 	 8.0000 	 0.5669 	 6.6092 	 -1.7175 	 4.9142 	 0.0000 	 1.9315 	 0.0212 
8.0000 	 1.1088 	 28.4137 	 10.3381 	 8.1298 	 0.0000 	 5.3756 	 817.7363 	 8.0000 	 1.4690 	 2.3397 	 3.4736 	 3.5965 	 0.0000 	 0.3366 	 0.0169 
17.0000 	 1.1421 	 6.4919 	 7.3010 	 0.8749 	 0.0000 	 0.0000 	 854.8501 	 17.0000 	 0.6946 	 2.4775 	 -5.0718 	 -1.3626 	 0.0000 	 1.0599 	 0.0371 
7.0000 	 0.9467 	 0.0000 	 7.3462 	 7.5627 	 0.0000 	 5.5825 	 817.6725 	 7.0000 	 1.5579 	 4.0318 	 1.2720 	 0.3924 	 0.0000 	 1.4136 	 0.0218 
7.0000 	 0.7912 	 13.6963 	 14.6355 	 0.9359 	 0.0000 	 0.0787 	 821.5638 	 7.0000 	 1.2746 	 9.7437 	 6.2713 	 3.7767 	 0.0000 	 2.1032 	 0.0439 
4.0000 	 0.7997 	 5.2459 	 16.3192 	 0.0658 	 0.0000 	 0.6600 	 831.4267 	 4.0000 	 2.8096 	 8.3659 	 -1.1119 	 2.2966 	 0.0000 	 1.3966 	 0.1263 
14.0000 	 1.4184 	 0.0000 	 7.3802 	 0.7555 	 0.0000 	 5.6327 	 816.1673 	 14.0000 	 2.3864 	 5.2980 	 9.8648 	 0.9229 	 0.0000 	 2.5886 	 0.0056 
14.0000 	 1.3756 	 21.7783 	 18.4359 	 1.2681 	 0.0000 	 2.0913 	 814.2967 	 14.0000 	 1.2887 	 6.5032 	 2.7042 	 2.4110 	 0.0000 	 0.3198 	 0.0142 
4.0000 	 0.7176 	 10.9901 	 18.3487 	 0.6071 	 0.0000 	 3.7698 	 818.2328 	 4.0000 	 2.0126 	 4.0676 	 -2.3439 	 1.0370 	 0.0000 	 2.1044 	 0.0647 
4.0000 	 0.5893 	 8.9676 	 15.9927 	 0.4420 	 0.0000 	 0.0000 	 824.2319 	 4.0000 	 1.9857 	 6.5514 	 7.8125 	 -1.4341 	 0.0000 	 0.8549 	 0.1081 
13.0000 	 1.5385 	 17.9359 	 12.9235 	 2.7040 	 0.0000 	 5.2793 	 817.6954 	 13.0000 	 2.7430 	 8.4856 	 -8.4714 	 4.1275 	 0.0000 	 1.8154 	 0.0111 
1.0000 	 0.0301 	 5.1709 	 12.8223 	 -0.1660 	 0.0000 	 0.0000 	 851.1506 	 1.0000 	 0.8679 	 3.4853 	 4.1709 	 2.1758 	 0.0000 	 0.0310 	 0.3052 
4.0000 	 1.0254 	 1.4646 	 9.7605 	 0.2641 	 0.0000 	 5.4940 	 818.7288 	 4.0000 	 0.3193 	 0.6528 	 -8.7043 	 0.4736 	 0.0000 	 2.2350 	 0.0381 
13.0000 	 1.5376 	 10.8174 	 17.5676 	 0.5090 	 0.0000 	 0.0000 	 819.6539 	 13.0000 	 1.6923 	 6.8069 	 -2.7191 	 1.3715 	 0.0000 	 1.3754 	 0.0207 
1.0000 	 0.0675 	 10.2991 	 2.9492 	 7.0618 	 0.0000 	 0.0000 	 1413.0682 	 1.0000 	 0.0423 	 1.9952 	 -3.0117 	 3.7382 	 0.0000 	 1.5619 	 0.8589 
11.0000 	 1.2531 	 0.0000 	 7.3303 	 1.3812 	 0.0000 	 5.6005 	 816.6014 	 11.0000 	 0.5637 	 2.2571 	 5.6693 	 4.5125 	 0.0000 	 1.6697 	 0.0079 
2.0000 	 0.1699 	 13.0973 	 15.8493 	 0.7934 	 0.0000 	 0.2587 	 826.5715 	 2.0000 	 1.2712 	 6.0340 	 -2.3417 	 -2.9240 	 0.0000 	 0.8530 	 0.3208 
10.0000 	 1.1349 	 10.5084 	 15.1637 	 0.6084 	 0.0000 	 0.1404 	 820.5974 	 10.0000 	 2.0744 	 8.3080 	 6.7368 	 -4.1273 	 0.0000 	 0.9766 	 0.0271 
11.0000 	 1.6055 	 12.9647 	 21.7313 	 0.5087 	 0.0000 	 0.0000 	 818.0128 	 11.0000 	 2.3297 	 3.3262 	 -2.3793 	 -1.9092 	 0.0000 	 1.1933 	 0.0223 
8.0000 	 1.0380 	 0.0150 	 7.3596 	 2.9174 	 0.0000 	 5.6106 	 817.2947 	 8.0000 	 2.7532 	 4.5371 	 9.4678 	 -4.8661 	 0.0000 	 2.6881 	 0.0194 
10.0000 	 1.2567 	 11.1763 	 17.4544 	 0.5437 	 0.0000 	 0.0001 	 818.9855 	 10.0000 	 0.0221 	 0.9291 	 3.0888 	 0.3738 	 0.0000 	 1.5134 	 0.0393 
7.0000 	 0.9970 	 0.6506 	 7.4049 	 8.0029 	 0.0000 	 5.8200 	 818.2450 	 7.0000 	 2.7783 	 3.0633 	 -8.7401 	 4.2560 	 0.0000 	 1.1825 	 0.0248 
8.0000 	 1.0256 	 0.0006 	 7.3600 	 6.7062 	 0.0000 	 5.6697 	 817.2914 	 8.0000 	 1.7041 	 6.7495 	 8.2035 	 2.8573 	 0.0000 	 2.0486 	 0.0167 
4.0000 	 0.9467 	 0.0623 	 7.4272 	 10.8099 	 0.0000 	 5.5804 	 818.4375 	 4.0000 	 1.1889 	 8.7616 	 4.0574 	 0.6800 	 0.0000 	 0.8830 	 0.0406 
6.0000 	 1.0428 	 14.7975 	 23.0400 	 0.5775 	 0.0000 	 0.0001 	 815.6956 	 6.0000 	 2.4052 	 1.8082 	 6.8064 	 -2.8284 	 0.0000 	 0.8860 	 0.0634 
4.0000 	 0.8311 	 5.2570 	 17.4579 	 0.0248 	 0.0000 	 0.0000 	 831.9615 	 4.0000 	 2.3669 	 0.4290 	 1.0817 	 -0.5286 	 0.0000 	 1.2934 	 0.1167 
1.0000 	 0.0313 	 2.2101 	 12.3677 	 -0.8597 	 0.0000 	 0.0014 	 871.4999 	 1.0000 	 2.7852 	 6.3085 	 -9.8423 	 -0.4059 	 0.0000 	 0.2300 	 0.3437 
6.0000 	 0.4423 	 7.2716 	 3.7208 	 3.0065 	 0.0000 	 0.0007 	 911.3294 	 6.0000 	 2.7103 	 3.3236 	 9.9039 	 -4.4776 	 0.0000 	 1.5011 	 0.0910 
1.0000 	 0.2506 	 7.4057 	 22.4232 	 0.1416 	 0.0000 	 1.4164 	 830.1945 	 1.0000 	 0.1965 	 7.1005 	 -5.1558 	 2.7215 	 0.0000 	 2.7283 	 0.3507 
3.0000 	 0.8051 	 0.0000 	 7.3313 	 -0.1526 	 0.0000 	 5.4958 	 818.2626 	 3.0000 	 2.1522 	 2.0193 	 -0.6372 	 -2.9367 	 0.0000 	 2.0179 	 0.0459 
1.0000 	 0.0948 	 6.8975 	 17.8135 	 0.1723 	 0.0000 	 0.0002 	 832.9196 	 1.0000 	 0.9290 	 3.7605 	 9.1367 	 -2.7004 	 0.0000 	 1.7506 	 0.3138 
1.0000 	 0.1675 	 0.0000 	 7.2318 	 4.5955 	 0.0000 	 5.6913 	 818.2381 	 1.0000 	 1.5258 	 3.3977 	 -0.7803 	 1.9315 	 0.0000 	 1.9688 	 0.0510 
46.0000 	 2.8515 	 0.0000 	 7.3513 	 18.5687 	 0.0000 	 5.6372 	 815.5992 	 46.0000 	 1.5499 	 0.0880 	 1.4951 	 2.7113 	 0.0000 	 2.6939 	 0.0006 
43.0000 	 2.7527 	 0.0000 	 7.3451 	 -4.1524 	 0.0000 	 5.6320 	 815.6007 	 43.0000 	 0.6756 	 4.3686 	 -4.6029 	 -0.9401 	 0.0000 	 2.8353 	 0.0011 
48.0000 	 3.3098 	 21.0318 	 8.4790 	 15.6819 	 0.0000 	 5.5285 	 816.6927 	 48.0000 	 0.5934 	 6.8261 	 4.4712 	 1.4038 	 0.0000 	 0.1328 	 0.0044 
43.0000 	 2.7467 	 0.0000 	 7.3588 	 -0.0541 	 0.0000 	 5.6393 	 815.5993 	 43.0000 	 1.9713 	 8.1660 	 8.3898 	 -2.0770 	 0.0000 	 2.9462 	 0.0005 
42.0000 	 2.9908 	 3.2095 	 7.3675 	 13.1482 	 0.0000 	 5.5346 	 816.5493 	 42.0000 	 1.1381 	 5.6451 	 -6.9115 	 -4.8512 	 0.0000 	 1.7835 	 0.0023 
40.0000 	 2.6354 	 0.0000 	 7.3528 	 9.1848 	 0.0000 	 5.6337 	 815.6036 	 40.0000 	 1.5752 	 4.7479 	 -7.1779 	 2.4939 	 0.0000 	 1.0638 	 0.0006 
41.0000 	 3.1421 	 8.2862 	 11.1682 	 1.7995 	 0.0000 	 5.4913 	 817.4923 	 41.0000 	 0.9230 	 3.6431 	 1.3673 	 -0.0580 	 0.0000 	 2.7729 	 0.0035 
40.0000 	 2.6410 	 0.0000 	 7.3515 	 8.4949 	 0.0000 	 5.6348 	 815.6048 	 40.0000 	 2.0376 	 2.0303 	 -6.8165 	 -3.2299 	 0.0000 	 1.6864 	 0.0010 
39.0000 	 2.9592 	 9.6544 	 10.5852 	 2.5440 	 0.0000 	 5.5222 	 817.2642 	 39.0000 	 0.0626 	 5.6123 	 -2.4474 	 3.0457 	 0.0000 	 2.0764 	 0.0030 
41.0000 	 3.6469 	 13.8349 	 23.3031 	 0.5057 	 0.0000 	 0.0006 	 819.4704 	 41.0000 	 0.9917 	 5.7562 	 -0.8332 	 0.5497 	 0.0000 	 1.9365 	 0.0160 
38.0000 	 2.5662 	 0.0000 	 7.3550 	 4.9936 	 0.0000 	 5.6383 	 815.6063 	 38.0000 	 0.3678 	 5.9098 	 3.3914 	 4.2524 	 0.0000 	 1.6335 	 0.0006 
39.0000 	 2.8213 	 3.4397 	 7.7026 	 6.1824 	 0.0000 	 5.5628 	 816.5884 	 39.0000 	 2.2057 	 0.5134 	 -1.8780 	 -3.5587 	 0.0000 	 0.9286 	 0.0042 
40.0000 	 2.9505 	 12.6628 	 8.6832 	 7.7358 	 0.0000 	 5.4916 	 816.7745 	 40.0000 	 1.0494 	 3.1253 	 -0.6136 	 -1.6879 	 0.0000 	 1.7014 	 0.0026 
38.0000 	 2.5496 	 0.0001 	 7.1763 	 4.7239 	 0.0000 	 5.9042 	 816.0516 	 38.0000 	 2.2275 	 0.0954 	 5.9709 	 -3.1664 	 0.0000 	 2.0967 	 0.0070 
35.0000 	 2.5835 	 16.2857 	 19.1600 	 0.8134 	 0.0000 	 0.1077 	 815.0852 	 35.0000 	 2.5157 	 1.0546 	 -7.4653 	 -4.2124 	 0.0000 	 0.2298 	 0.0176 
34.0000 	 2.6382 	 0.0000 	 7.3363 	 9.4676 	 0.0000 	 5.6359 	 815.9038 	 34.0000 	 0.3346 	 9.7628 	 5.2517 	 3.0912 	 0.0000 	 0.7435 	 0.0027 
35.0000 	 2.4414 	 0.0000 	 7.3606 	 0.7330 	 0.0000 	 5.6340 	 815.6135 	 35.0000 	 1.8653 	 3.4958 	 -7.4593 	 -1.0694 	 0.0000 	 2.3297 	 0.0008 
30.0000 	 2.4350 	 23.5880 	 23.3136 	 1.0159 	 0.0000 	 0.2236 	 812.0985 	 30.0000 	 2.4135 	 1.7276 	 6.5794 	 3.4310 	 0.0000 	 0.7488 	 0.0132 
28.0000 	 2.1592 	 0.0000 	 7.3539 	 9.1220 	 0.0000 	 5.6322 	 815.6579 	 28.0000 	 0.5036 	 9.2996 	 7.0335 	 -3.6171 	 0.0000 	 2.0763 	 0.0012 
27.0000 	 2.3058 	 13.0259 	 17.7148 	 0.6961 	 0.0000 	 2.3794 	 816.9133 	 27.0000 	 2.0227 	 1.9721 	 9.0515 	 1.4542 	 0.0000 	 0.3903 	 0.0120 
29.0000 	 2.4724 	 13.8495 	 8.5051 	 9.4054 	 0.0000 	 5.4710 	 816.7571 	 29.0000 	 1.2712 	 0.7514 	 9.0031 	 2.0382 	 0.0000 	 0.2466 	 0.0027 
24.0000 	 1.9714 	 0.0000 	 7.3578 	 0.6404 	 0.0000 	 5.6443 	 815.7088 	 24.0000 	 2.9747 	 0.3540 	 8.0777 	 -1.4425 	 0.0000 	 2.9115 	 0.0017 
24.0000 	 3.3358 	 13.8589 	 24.3364 	 0.5706 	 0.0000 	 4.3815 	 819.9616 	 24.0000 	 2.1220 	 2.6051 	 6.8146 	 3.6925 	 0.0000 	 1.4260 	 0.0133 
26.0000 	 2.0298 	 19.0021 	 18.1578 	 1.0621 	 0.0000 	 0.0561 	 815.3925 	 26.0000 	 0.3666 	 6.4698 	 -5.9507 	 2.3336 	 0.0000 	 1.5603 	 0.0303 
16.0000 	 1.5586 	 0.0000 	 7.3452 	 11.1057 	 0.0000 	 5.6483 	 816.0015 	 16.0000 	 1.3844 	 3.0468 	 -2.9754 	 2.5851 	 0.0000 	 2.8534 	 0.0044 
21.0000 	 1.8126 	 0.0000 	 7.3575 	 2.8644 	 0.0000 	 5.6375 	 815.7751 	 21.0000 	 1.6487 	 9.2017 	 0.1353 	 -1.7557 	 0.0000 	 2.1756 	 0.0024 
15.0000 	 1.4754 	 0.0000 	 7.3523 	 1.6204 	 0.0000 	 5.6328 	 816.0731 	 15.0000 	 0.2617 	 2.9577 	 3.3894 	 4.7730 	 0.0000 	 0.0257 	 0.0047 
18.0000 	 1.8771 	 10.3731 	 17.2992 	 0.4853 	 0.0000 	 0.2723 	 820.6950 	 18.0000 	 0.7895 	 7.8373 	 5.6733 	 4.6660 	 0.0000 	 2.2358 	 0.0442 
12.0000 	 1.5516 	 9.1731 	 11.9432 	 1.6007 	 0.0000 	 5.4347 	 818.1399 	 12.0000 	 0.7544 	 6.2356 	 -4.1258 	 -2.0156 	 0.0000 	 2.5644 	 0.0097 
9.0000 	 1.1720 	 9.7795 	 7.3150 	 20.5484 	 0.0000 	 5.2814 	 817.3963 	 9.0000 	 0.1710 	 8.8933 	 2.9735 	 0.6179 	 0.0000 	 2.6307 	 0.0174 
12.0000 	 1.6564 	 12.5715 	 20.8209 	 0.5230 	 0.0000 	 2.0530 	 817.8382 	 12.0000 	 1.9860 	 4.1943 	 -6.1821 	 -0.1991 	 0.0000 	 0.1940 	 0.0249 
6.0000 	 0.9944 	 0.1360 	 7.6077 	 0.3732 	 0.0000 	 5.6598 	 818.1272 	 6.0000 	 2.5815 	 1.6343 	 -0.0279 	 -2.4444 	 0.0000 	 1.3627 	 0.0459 
8.0000 	 1.1833 	 14.9181 	 21.3789 	 0.6484 	 0.0000 	 0.0000 	 815.2772 	 8.0000 	 2.1824 	 9.4862 	 -9.6535 	 1.3931 	 0.0000 	 2.6997 	 0.0411 
9.0000 	 1.1998 	 19.4633 	 9.3466 	 7.7347 	 0.0000 	 5.3682 	 817.6301 	 9.0000 	 2.0484 	 4.5016 	 9.0552 	 -4.0236 	 0.0000 	 2.2207 	 0.0201 
5.0000 	 0.9849 	 14.3579 	 8.4436 	 11.6136 	 0.0000 	 5.6438 	 818.4855 	 5.0000 	 1.3543 	 6.8041 	 -5.4092 	 -3.4208 	 0.0000 	 2.0786 	 0.0427 
6.0000 	 1.1064 	 9.2145 	 14.1000 	 1.0648 	 0.0000 	 5.2802 	 818.7913 	 6.0000 	 2.3193 	 5.3219 	 3.3920 	 4.7485 	 0.0000 	 2.5612 	 0.0335 
2.0000 	 0.8871 	 24.6485 	 11.1939 	 6.1174 	 0.0000 	 5.6444 	 817.9118 	 2.0000 	 1.6251 	 7.7453 	 -6.0775 	 -0.1953 	 0.0000 	 1.4196 	 0.0466 
3.0000 	 1.3092 	 0.0000 	 7.6066 	 -1.6126 	 0.0000 	 5.9246 	 818.6990 	 3.0000 	 2.1917 	 9.1468 	 7.0550 	 -0.1328 	 0.0000 	 1.0362 	 0.0774 
6.0000 	 1.1803 	 8.7858 	 9.6919 	 3.5674 	 0.0000 	 5.4941 	 818.7030 	 6.0000 	 0.1083 	 0.1095 	 -7.4747 	 -3.6049 	 0.0000 	 1.3866 	 0.0336 
3.0000 	 0.8024 	 23.6376 	 8.9199 	 13.8248 	 0.0000 	 5.5816 	 818.1678 	 3.0000 	 1.6960 	 7.0087 	 -0.9119 	 -1.4120 	 0.0000 	 2.6067 	 0.0406 
2.0000 	 0.4444 	 13.9625 	 24.5615 	 0.5060 	 0.0000 	 2.1924 	 817.4395 	 2.0000 	 2.9679 	 7.0779 	 -1.0064 	 2.4139 	 0.0000 	 0.7664 	 0.1858 
6.0000 	 0.9628 	 11.2246 	 19.1002 	 0.5015 	 0.0000 	 0.0001 	 818.9261 	 6.0000 	 2.2376 	 8.0661 	 -6.5924 	 1.5709 	 0.0000 	 2.5070 	 0.0518 
1.0000 	 0.4487 	 0.0000 	 7.3369 	 10.5754 	 0.0000 	 5.5698 	 817.9485 	 1.0000 	 1.7809 	 1.8777 	 -5.1676 	 -4.2300 	 0.0000 	 0.3593 	 0.0426 
2.0000 	 0.9192 	 0.2469 	 7.6747 	 0.7037 	 0.0000 	 5.7024 	 817.7518 	 2.0000 	 0.1164 	 3.3129 	 1.0031 	 4.9501 	 0.0000 	 0.7630 	 0.0448 
1.0000 	 0.2361 	 5.2749 	 19.1299 	 0.0243 	 0.0000 	 4.0516 	 826.2781 	 1.0000 	 1.7492 	 1.9001 	 3.1381 	 -1.5516 	 0.0000 	 0.0267 	 0.1723 
