50.0000 	 2.0189 	 3.5651 	 7.6428 	 2.9966 	 0.0000 	 1.2052 	 634.3326 	 50.0000 	 2.2418 	 8.2562 	 -2.0173 	 1.2776 	 0.0000 	 1.6446 	 0.0040 
50.0000 	 2.0112 	 3.3904 	 7.5984 	 3.0097 	 0.0000 	 1.2093 	 634.3409 	 50.0000 	 1.5327 	 4.9569 	 -1.1900 	 3.2320 	 0.0000 	 1.1238 	 0.0043 
50.0000 	 2.0865 	 3.3474 	 8.7783 	 0.7188 	 0.0000 	 0.0002 	 639.4441 	 50.0000 	 2.0228 	 3.2565 	 -5.7089 	 1.3932 	 0.0000 	 2.9926 	 0.0138 
50.0000 	 2.1322 	 3.8990 	 9.1402 	 0.7914 	 0.0000 	 0.0007 	 639.9700 	 50.0000 	 2.0894 	 9.4580 	 1.1967 	 0.3988 	 0.0000 	 1.2490 	 0.0119 
47.0000 	 2.0093 	 0.7015 	 7.0790 	 17.4158 	 0.0000 	 1.3922 	 635.3823 	 47.0000 	 0.8436 	 6.5192 	 -1.3292 	 2.7015 	 0.0000 	 2.8899 	 0.0227 
47.0000 	 1.9183 	 0.0330 	 7.0657 	 18.5565 	 0.0000 	 1.4003 	 635.1870 	 47.0000 	 1.2105 	 4.2328 	 8.5702 	 0.9687 	 0.0000 	 1.4053 	 0.0053 
47.0000 	 2.0598 	 4.0496 	 8.9955 	 0.8600 	 0.0000 	 0.0000 	 640.3144 	 47.0000 	 0.6738 	 6.2543 	 -8.7302 	 -0.3703 	 0.0000 	 2.1779 	 0.0165 
47.0000 	 2.3291 	 6.9566 	 11.3743 	 0.9793 	 0.0000 	 0.0000 	 649.1594 	 47.0000 	 1.3824 	 6.6700 	 6.0203 	 1.6102 	 0.0000 	 2.8475 	 0.0193 
45.0000 	 1.9132 	 3.7789 	 7.8329 	 2.5267 	 0.0000 	 1.1695 	 634.1597 	 45.0000 	 1.3485 	 8.2011 	 8.5559 	 -2.6261 	 0.0000 	 2.7176 	 0.0044 
45.0000 	 2.1205 	 23.5271 	 10.2510 	 6.8764 	 0.0000 	 1.3111 	 637.4855 	 45.0000 	 0.9262 	 1.5906 	 2.9857 	 -0.3589 	 0.0000 	 0.6441 	 0.0109 
44.0000 	 1.8960 	 3.8324 	 7.9917 	 2.1066 	 0.0000 	 1.1186 	 634.1824 	 44.0000 	 2.9048 	 3.5634 	 2.1195 	 -2.2643 	 0.0000 	 0.9489 	 0.0049 
44.0000 	 1.8684 	 2.9192 	 7.3778 	 3.9205 	 0.0000 	 1.2600 	 634.2458 	 44.0000 	 2.7190 	 5.1862 	 6.5502 	 -1.9850 	 0.0000 	 2.3129 	 0.0045 
42.0000 	 1.8239 	 3.4646 	 7.6644 	 2.7549 	 0.0000 	 1.1918 	 634.0526 	 42.0000 	 0.6450 	 6.3695 	 5.4033 	 -2.1835 	 0.0000 	 0.7680 	 0.0041 
43.0000 	 1.8480 	 3.0558 	 8.3720 	 0.7166 	 0.0000 	 0.0007 	 639.2575 	 43.0000 	 0.4742 	 5.5195 	 -6.2752 	 2.3230 	 0.0000 	 2.0206 	 0.0109 
44.0000 	 1.8723 	 2.5668 	 7.2785 	 4.8450 	 0.0000 	 1.2971 	 634.3587 	 44.0000 	 2.9764 	 3.9434 	 6.5435 	 -3.9630 	 0.0000 	 2.6736 	 0.0049 
44.0000 	 1.8880 	 3.7946 	 7.8497 	 2.4501 	 0.0000 	 1.1536 	 634.1222 	 44.0000 	 2.6975 	 9.6679 	 1.0445 	 -4.6966 	 0.0000 	 0.8003 	 0.0038 
39.0000 	 1.7573 	 3.5415 	 7.7659 	 2.4695 	 0.0000 	 1.1675 	 633.9348 	 39.0000 	 1.0183 	 4.0920 	 9.1055 	 -0.0538 	 0.0000 	 1.4923 	 0.0036 
43.0000 	 1.8426 	 3.1572 	 7.4725 	 3.4396 	 0.0000 	 1.2383 	 634.1545 	 43.0000 	 0.6735 	 7.4727 	 4.2285 	 3.8205 	 0.0000 	 1.0837 	 0.0043 
41.0000 	 1.8156 	 3.6872 	 7.7047 	 2.9325 	 0.0000 	 1.2004 	 634.0271 	 41.0000 	 0.5701 	 2.7589 	 -9.2962 	 -2.7965 	 0.0000 	 2.4604 	 0.0049 
42.0000 	 2.2095 	 10.9141 	 12.4597 	 1.5329 	 0.0000 	 0.0001 	 657.3977 	 42.0000 	 0.4898 	 0.6073 	 -9.7868 	 -1.3200 	 0.0000 	 1.6730 	 0.0261 
39.0000 	 1.8624 	 3.6676 	 9.0835 	 0.7507 	 0.0000 	 0.0000 	 639.1029 	 39.0000 	 2.1666 	 8.5435 	 -6.1681 	 -0.2654 	 0.0000 	 1.1710 	 0.0106 
42.0000 	 1.8067 	 0.0000 	 8.9031 	 -10.0101 	 0.0000 	 2.5241 	 663.8834 	 42.0000 	 2.2651 	 4.7572 	 -6.6658 	 -4.0957 	 0.0000 	 2.3666 	 0.0032 
37.0000 	 1.7042 	 2.7934 	 7.3259 	 4.6830 	 0.0000 	 1.2916 	 634.0652 	 37.0000 	 1.5401 	 9.1320 	 -9.1230 	 -1.6976 	 0.0000 	 1.7883 	 0.0034 
40.0000 	 1.7443 	 2.9299 	 8.2331 	 0.7137 	 0.0000 	 0.0000 	 639.3748 	 40.0000 	 0.5054 	 1.6319 	 -1.5141 	 -4.4066 	 0.0000 	 1.3467 	 0.0110 
41.0000 	 2.1804 	 5.7989 	 11.0672 	 0.8571 	 0.0000 	 0.0472 	 645.7819 	 41.0000 	 1.8301 	 1.5485 	 -4.8150 	 0.6699 	 0.0000 	 1.4014 	 0.0135 
41.0000 	 1.8075 	 3.1040 	 8.4349 	 0.7230 	 0.0000 	 0.0001 	 638.9854 	 41.0000 	 2.6285 	 2.0436 	 0.8434 	 -3.0201 	 0.0000 	 2.6666 	 0.0109 
35.0000 	 1.5972 	 2.9422 	 8.1490 	 0.7125 	 0.0000 	 0.0000 	 639.3783 	 35.0000 	 1.5617 	 3.1991 	 3.3503 	 0.4597 	 0.0000 	 1.2698 	 0.0142 
38.0000 	 1.7409 	 3.7578 	 7.8188 	 2.5759 	 0.0000 	 1.1754 	 633.8965 	 38.0000 	 2.8080 	 0.8992 	 4.2922 	 3.7523 	 0.0000 	 0.4866 	 0.0037 
41.0000 	 1.7894 	 3.1625 	 7.4762 	 3.3350 	 0.0000 	 1.2237 	 634.0797 	 41.0000 	 1.0797 	 1.2489 	 -2.7085 	 3.4662 	 0.0000 	 1.9776 	 0.0043 
37.0000 	 1.5305 	 0.5657 	 6.8268 	 5.7528 	 0.0000 	 1.5529 	 637.8909 	 37.0000 	 1.3402 	 6.3720 	 5.3294 	 3.2509 	 0.0000 	 2.4133 	 0.2148 
34.0000 	 1.6131 	 1.0030 	 7.0524 	 8.4671 	 0.0000 	 1.3620 	 634.2902 	 34.0000 	 0.9601 	 3.8178 	 -6.4818 	 -2.4823 	 0.0000 	 0.3262 	 0.0039 
39.0000 	 1.9454 	 5.1947 	 9.8357 	 1.0989 	 0.0000 	 0.0005 	 647.8997 	 39.0000 	 0.2052 	 6.7418 	 2.1793 	 1.6841 	 0.0000 	 2.3075 	 0.0084 
38.0000 	 1.7231 	 3.4101 	 7.6440 	 2.7988 	 0.0000 	 1.1946 	 633.9081 	 38.0000 	 1.7792 	 2.2810 	 8.0362 	 2.3144 	 0.0000 	 0.5017 	 0.0040 
36.0000 	 0.0438 	 5.0699 	 7.9551 	 -3.4159 	 0.0000 	 2.7134 	 892.3791 	 36.0000 	 0.4765 	 1.6780 	 8.8587 	 4.8255 	 0.0000 	 1.3115 	 0.0000 
40.0000 	 1.7617 	 0.6675 	 7.0135 	 9.4789 	 0.0000 	 1.3664 	 634.6326 	 40.0000 	 0.5856 	 5.2180 	 4.6519 	 2.5707 	 0.0000 	 2.1438 	 0.0045 
35.0000 	 1.6509 	 3.5796 	 7.7466 	 2.6028 	 0.0000 	 1.1750 	 633.7675 	 35.0000 	 0.7504 	 1.6479 	 6.8064 	 -0.2629 	 0.0000 	 1.3685 	 0.0060 
32.0000 	 1.6086 	 3.3744 	 8.6846 	 0.7459 	 0.0000 	 0.0957 	 638.1598 	 32.0000 	 1.0404 	 7.3940 	 2.3228 	 -4.9468 	 0.0000 	 2.1598 	 0.0112 
34.0000 	 0.0044 	 4.2470 	 6.1824 	 -1.3027 	 0.0000 	 2.7106 	 892.3931 	 34.0000 	 0.0540 	 8.2764 	 -6.7361 	 -1.3412 	 0.0000 	 1.9680 	 0.0007 
31.0000 	 0.0017 	 3.9288 	 6.6637 	 -1.4154 	 0.0000 	 2.7143 	 892.3848 	 31.0000 	 2.7234 	 5.9658 	 -7.0492 	 2.7070 	 0.0000 	 1.2429 	 0.0000 
37.0000 	 1.7259 	 3.9089 	 8.1669 	 1.7905 	 0.0000 	 1.0500 	 634.0489 	 37.0000 	 1.8890 	 5.1999 	 -9.3901 	 -1.5056 	 0.0000 	 2.6886 	 0.0052 
36.0000 	 1.7009 	 3.2983 	 8.5836 	 0.7456 	 0.0000 	 0.0001 	 638.4841 	 36.0000 	 0.0915 	 6.8709 	 5.7330 	 -4.2477 	 0.0000 	 0.5726 	 0.0101 
39.0000 	 1.7291 	 0.0000 	 8.9012 	 -2.8668 	 0.0000 	 2.5209 	 663.8492 	 39.0000 	 2.7355 	 9.3986 	 -1.9690 	 4.2859 	 0.0000 	 0.0571 	 0.0020 
32.0000 	 1.6782 	 5.8841 	 9.7045 	 1.1724 	 0.0000 	 0.0000 	 656.4462 	 32.0000 	 1.0014 	 0.9458 	 4.4252 	 -1.5852 	 0.0000 	 1.2342 	 0.0159 
34.0000 	 0.7117 	 1.0156 	 19.2188 	 -0.5469 	 0.0000 	 0.0000 	 1324.0320 	 34.0000 	 0.5090 	 1.4889 	 -5.7188 	 4.9134 	 0.0000 	 1.5853 	 0.3048 
28.0000 	 1.4194 	 3.0456 	 8.2119 	 0.7513 	 0.0000 	 0.0000 	 638.2678 	 28.0000 	 1.1160 	 9.4621 	 -3.2744 	 -0.3125 	 0.0000 	 0.2517 	 0.0080 
35.0000 	 1.7803 	 3.8728 	 9.2786 	 0.7603 	 0.0000 	 0.0000 	 639.2777 	 35.0000 	 2.7391 	 2.8355 	 -8.4231 	 -1.5444 	 0.0000 	 0.2678 	 0.0111 
31.0000 	 1.5326 	 3.3139 	 7.5983 	 2.9462 	 0.0000 	 1.2155 	 633.6164 	 31.0000 	 0.4417 	 2.8013 	 4.2900 	 -1.5618 	 0.0000 	 0.8283 	 0.0034 
28.0000 	 1.4400 	 3.4229 	 7.7009 	 2.5532 	 0.0000 	 1.1760 	 633.4700 	 28.0000 	 0.3861 	 6.1275 	 9.8223 	 0.0208 	 0.0000 	 2.5003 	 0.0039 
36.0000 	 1.7156 	 3.4251 	 8.6308 	 0.7705 	 0.0000 	 0.0042 	 638.5455 	 36.0000 	 1.5265 	 5.3666 	 0.8101 	 2.5546 	 0.0000 	 0.8158 	 0.0141 
31.0000 	 1.5210 	 3.0403 	 7.5421 	 2.8729 	 0.0000 	 1.2182 	 633.6412 	 31.0000 	 0.7540 	 9.1998 	 0.9375 	 4.1048 	 0.0000 	 0.5181 	 0.0033 
31.0000 	 1.5318 	 3.0152 	 8.2063 	 0.7066 	 0.0000 	 0.0001 	 639.0668 	 31.0000 	 2.5100 	 5.4149 	 5.6164 	 2.1171 	 0.0000 	 2.8447 	 0.1389 
36.0000 	 1.9843 	 67.0771 	 17.2412 	 6.4238 	 0.0000 	 1.2932 	 640.1980 	 36.0000 	 2.8164 	 6.1131 	 5.4493 	 0.1046 	 0.0000 	 0.3723 	 0.0080 
29.0000 	 1.4783 	 3.5431 	 7.7626 	 2.4884 	 0.0000 	 1.1592 	 633.4997 	 29.0000 	 2.0706 	 1.6821 	 -7.2281 	 -3.1689 	 0.0000 	 2.9166 	 0.0045 
27.0000 	 1.4217 	 3.5817 	 7.7853 	 2.4790 	 0.0000 	 1.1695 	 633.4143 	 27.0000 	 0.2051 	 8.6280 	 7.5805 	 2.3582 	 0.0000 	 0.1702 	 0.0025 
34.0000 	 1.6420 	 3.1904 	 8.5626 	 0.7183 	 0.0000 	 0.0028 	 638.3497 	 34.0000 	 0.3875 	 7.1468 	 -6.9533 	 -2.8896 	 0.0000 	 2.7277 	 0.0111 
28.0000 	 1.4382 	 3.2533 	 7.5926 	 2.8249 	 0.0000 	 1.2021 	 633.4812 	 28.0000 	 2.6046 	 3.2939 	 -5.2845 	 1.1683 	 0.0000 	 0.7520 	 0.0036 
21.0000 	 1.3066 	 4.2115 	 9.2897 	 0.8367 	 0.0000 	 0.0095 	 639.3861 	 21.0000 	 1.9443 	 3.6103 	 -4.3292 	 -4.8683 	 0.0000 	 1.0101 	 0.0116 
25.0000 	 1.3698 	 3.2392 	 8.5417 	 0.7396 	 0.0000 	 0.0019 	 637.5736 	 25.0000 	 1.8146 	 5.3411 	 -2.6944 	 4.9120 	 0.0000 	 2.1486 	 0.0087 
26.0000 	 1.3791 	 3.2803 	 7.6367 	 2.7345 	 0.0000 	 1.2037 	 633.3830 	 26.0000 	 0.7412 	 8.2946 	 -6.9432 	 -4.6132 	 0.0000 	 0.3870 	 0.0026 
19.0000 	 1.1298 	 3.2010 	 7.6305 	 2.6607 	 0.0000 	 1.1986 	 633.2110 	 19.0000 	 1.0319 	 4.7730 	 -6.7678 	 -4.5591 	 0.0000 	 2.1995 	 0.0025 
22.0000 	 1.3104 	 4.2292 	 7.3942 	 8.9328 	 0.0000 	 1.3461 	 634.5581 	 22.0000 	 0.1486 	 0.8572 	 -0.9093 	 -1.0384 	 0.0000 	 2.9132 	 0.0048 
28.0000 	 1.4375 	 2.2023 	 7.2177 	 5.0288 	 0.0000 	 1.3139 	 633.7423 	 28.0000 	 0.7934 	 3.7840 	 4.0260 	 -2.8649 	 0.0000 	 2.7073 	 0.0043 
31.0000 	 1.5360 	 3.4137 	 7.6547 	 2.8228 	 0.0000 	 1.2042 	 633.5989 	 31.0000 	 2.7172 	 4.1096 	 -0.3349 	 4.8146 	 0.0000 	 0.3941 	 0.0039 
18.0000 	 1.0933 	 0.2230 	 7.0665 	 12.9838 	 0.0000 	 1.3994 	 633.9561 	 18.0000 	 2.8850 	 2.5364 	 8.9567 	 0.8939 	 0.0000 	 1.6360 	 0.0030 
16.0000 	 0.0121 	 8.6610 	 5.7362 	 -0.2286 	 0.0000 	 0.0000 	 1384.4811 	 16.0000 	 2.2153 	 5.7996 	 -4.6267 	 -0.7078 	 0.0000 	 2.1501 	 0.0000 
25.0000 	 0.0012 	 6.3854 	 -18.3083 	 -0.0607 	 0.0000 	 0.0000 	 1353.9567 	 25.0000 	 2.1315 	 6.6408 	 -2.5501 	 2.8034 	 0.0000 	 0.9481 	 0.0025 
21.0000 	 1.1908 	 2.5910 	 7.3662 	 3.2901 	 0.0000 	 1.2504 	 633.3468 	 21.0000 	 2.2653 	 2.4003 	 -7.5425 	 2.4483 	 0.0000 	 2.9800 	 0.0019 
24.0000 	 1.3140 	 3.1521 	 7.5516 	 3.0651 	 0.0000 	 1.2284 	 633.3469 	 24.0000 	 0.3273 	 6.9543 	 6.8267 	 -4.1202 	 0.0000 	 2.0042 	 0.0024 
31.0000 	 1.5316 	 0.0000 	 8.9494 	 -14.8178 	 0.0000 	 2.5108 	 663.8312 	 31.0000 	 2.0975 	 0.5473 	 9.9627 	 -4.6184 	 0.0000 	 2.3101 	 0.0042 
14.0000 	 0.9103 	 1.9736 	 7.1971 	 4.4623 	 0.0000 	 1.3228 	 633.7918 	 14.0000 	 1.2723 	 6.9891 	 7.4697 	 -2.7126 	 0.0000 	 1.3553 	 0.0044 
25.0000 	 1.7381 	 7.9153 	 12.6807 	 0.9363 	 0.0000 	 0.0000 	 651.6047 	 25.0000 	 0.1295 	 8.8012 	 5.4204 	 -4.2446 	 0.0000 	 0.8389 	 0.4661 
19.0000 	 1.1403 	 2.9420 	 8.4436 	 0.6724 	 0.0000 	 0.0004 	 637.2607 	 19.0000 	 1.4763 	 7.1252 	 -5.8920 	 -2.0233 	 0.0000 	 0.5330 	 0.0078 
23.0000 	 6.0000 	 22.6552 	 41.3352 	 0.5975 	 0.0000 	 0.0481 	 695.7532 	 23.0000 	 2.3773 	 2.1714 	 2.4078 	 3.5058 	 0.0000 	 1.9785 	 0.0646 
13.0000 	 0.8804 	 2.9180 	 8.4919 	 0.6575 	 0.0000 	 0.0010 	 637.2836 	 13.0000 	 1.8998 	 8.0051 	 3.3569 	 2.7007 	 0.0000 	 1.2417 	 0.0118 
29.0000 	 1.5985 	 4.0196 	 9.3174 	 0.7820 	 0.0000 	 0.0000 	 639.1978 	 29.0000 	 0.6340 	 5.5823 	 -7.3500 	 -1.2590 	 0.0000 	 0.8052 	 0.0093 
18.0000 	 1.1165 	 3.1013 	 8.5600 	 0.7051 	 0.0000 	 0.1058 	 636.9992 	 18.0000 	 2.5748 	 2.7215 	 2.6590 	 -3.2506 	 0.0000 	 0.1543 	 0.0132 
21.0000 	 1.2892 	 3.6240 	 9.1254 	 0.7468 	 0.0000 	 0.0000 	 638.2007 	 21.0000 	 1.4799 	 2.1195 	 -9.4640 	 2.8911 	 0.0000 	 1.5102 	 0.0087 
22.0000 	 1.2488 	 3.0022 	 8.4084 	 0.7062 	 0.0000 	 0.0000 	 637.4399 	 22.0000 	 1.9576 	 8.8754 	 -6.6597 	 3.4803 	 0.0000 	 1.2378 	 0.0102 
27.0000 	 1.3200 	 5.7520 	 5.6055 	 -0.2441 	 0.0000 	 0.0923 	 740.3327 	 27.0000 	 2.2374 	 1.2563 	 1.6481 	 2.9049 	 0.0000 	 1.5378 	 0.3028 
12.0000 	 0.8306 	 3.4287 	 7.8979 	 2.1236 	 0.0000 	 1.1573 	 633.8631 	 12.0000 	 0.8197 	 5.1699 	 1.9588 	 -3.2946 	 0.0000 	 0.6015 	 0.0099 
19.0000 	 1.1512 	 0.0000 	 8.9545 	 -6.2690 	 0.0000 	 2.6557 	 665.6633 	 19.0000 	 1.7735 	 0.0324 	 8.5118 	 -4.9552 	 0.0000 	 1.5122 	 0.1699 
15.0000 	 0.9706 	 3.3040 	 7.7036 	 2.6042 	 0.0000 	 1.2023 	 633.3812 	 15.0000 	 0.3319 	 7.2664 	 -0.0916 	 -4.8693 	 0.0000 	 2.2508 	 0.0037 
9.0000 	 0.6675 	 3.2326 	 7.4999 	 4.2241 	 0.0000 	 1.3071 	 635.5447 	 9.0000 	 0.4900 	 2.0481 	 -5.6885 	 -4.8048 	 0.0000 	 2.9767 	 0.0138 
17.0000 	 1.0517 	 3.2255 	 7.7004 	 2.4332 	 0.0000 	 1.1861 	 633.2343 	 17.0000 	 2.7180 	 8.3618 	 -4.5523 	 -3.2839 	 0.0000 	 1.9293 	 0.0024 
8.0000 	 0.6580 	 15.0449 	 8.1411 	 13.6497 	 0.0000 	 1.4034 	 637.9668 	 8.0000 	 0.2760 	 1.0551 	 -8.1525 	 2.6698 	 0.0000 	 2.6551 	 0.0313 
21.0000 	 1.2127 	 3.4092 	 7.7108 	 2.5939 	 0.0000 	 1.1898 	 633.2177 	 21.0000 	 1.9041 	 4.6022 	 4.0941 	 -3.1284 	 0.0000 	 2.7644 	 0.0015 
26.0000 	 1.3779 	 3.2543 	 7.6080 	 2.8369 	 0.0000 	 1.2087 	 633.3943 	 26.0000 	 1.3201 	 4.1498 	 8.3471 	 -1.5503 	 0.0000 	 1.4744 	 0.0033 
15.0000 	 0.9619 	 2.7602 	 7.4340 	 3.3243 	 0.0000 	 1.2667 	 633.4835 	 15.0000 	 0.8016 	 6.0970 	 8.7465 	 2.9736 	 0.0000 	 0.2186 	 0.0035 
7.0000 	 0.5416 	 3.2480 	 8.7519 	 0.6951 	 0.0000 	 0.0004 	 640.4003 	 7.0000 	 0.9344 	 9.5628 	 -8.6450 	 1.7002 	 0.0000 	 1.5773 	 0.0648 
5.0000 	 0.2862 	 2.5122 	 6.8726 	 0.7275 	 0.0000 	 0.0000 	 652.6136 	 5.0000 	 2.2728 	 8.4375 	 -8.5250 	 -1.3520 	 0.0000 	 1.0172 	 0.3037 
19.0000 	 1.1220 	 2.7179 	 7.4165 	 3.2272 	 0.0000 	 1.2494 	 633.2930 	 19.0000 	 2.0686 	 5.3442 	 -2.8988 	 4.8356 	 0.0000 	 1.1991 	 0.0023 
13.0000 	 0.8867 	 3.5829 	 8.0168 	 1.9255 	 0.0000 	 1.1169 	 633.6555 	 13.0000 	 1.1681 	 5.4729 	 5.9623 	 2.0671 	 0.0000 	 0.6647 	 0.0069 
3.0000 	 0.2272 	 4.3005 	 10.2309 	 0.7058 	 0.0000 	 0.0003 	 651.6726 	 3.0000 	 2.6283 	 7.5460 	 -4.2458 	 3.2055 	 0.0000 	 1.5895 	 0.0890 
16.0000 	 1.0086 	 3.1527 	 7.6344 	 2.6202 	 0.0000 	 1.2033 	 633.2946 	 16.0000 	 2.1536 	 3.0731 	 8.4270 	 2.2721 	 0.0000 	 0.3964 	 0.0026 
24.0000 	 1.3409 	 4.0695 	 7.8397 	 2.9516 	 0.0000 	 1.2139 	 633.4682 	 24.0000 	 0.5383 	 4.1493 	 5.2619 	 -0.5864 	 0.0000 	 2.3519 	 0.0028 
15.0000 	 0.9737 	 3.5050 	 7.9516 	 1.9719 	 0.0000 	 1.1219 	 633.3653 	 15.0000 	 2.4317 	 1.8272 	 -3.0996 	 -1.0934 	 0.0000 	 2.6208 	 0.0041 
23.0000 	 1.2828 	 3.0306 	 8.3704 	 0.7176 	 0.0000 	 0.0005 	 637.5103 	 23.0000 	 2.1682 	 7.4054 	 2.0017 	 -3.6784 	 0.0000 	 2.8207 	 0.0070 
13.0000 	 0.8629 	 1.1706 	 7.0893 	 6.2163 	 0.0000 	 1.3582 	 634.1562 	 13.0000 	 1.1482 	 1.6573 	 -5.6268 	 1.1916 	 0.0000 	 2.5769 	 0.0059 
21.0000 	 1.2131 	 3.4270 	 7.6936 	 2.6846 	 0.0000 	 1.1887 	 633.2300 	 21.0000 	 1.2678 	 1.3967 	 4.1958 	 -0.8159 	 0.0000 	 0.5902 	 0.0033 
19.0000 	 1.1454 	 3.0400 	 8.4960 	 0.6911 	 0.0000 	 0.0034 	 637.1169 	 19.0000 	 2.0508 	 5.9442 	 4.3978 	 -0.9335 	 0.0000 	 1.2629 	 0.0088 
11.0000 	 0.7668 	 0.3103 	 7.0413 	 11.1385 	 0.0000 	 1.3846 	 634.9467 	 11.0000 	 1.5775 	 7.6886 	 -0.6295 	 -2.0825 	 0.0000 	 2.0639 	 0.0090 
11.0000 	 0.7915 	 3.0906 	 8.5842 	 0.6901 	 0.0000 	 0.0441 	 637.5707 	 11.0000 	 1.0283 	 6.1222 	 9.4893 	 -2.6272 	 0.0000 	 1.5977 	 0.0111 
17.0000 	 0.0032 	 16.3602 	 100.0000 	 -17.7390 	 0.0000 	 0.0000 	 1384.4811 	 17.0000 	 1.9683 	 9.3279 	 -0.5878 	 2.7538 	 0.0000 	 0.3137 	 0.0000 
10.0000 	 0.7353 	 3.1240 	 8.6399 	 0.6813 	 0.0000 	 0.0003 	 637.9753 	 10.0000 	 2.4855 	 6.4684 	 -9.0172 	 2.8711 	 0.0000 	 0.0409 	 0.0154 
10.0000 	 0.7254 	 3.4950 	 8.0309 	 1.8576 	 0.0000 	 1.1248 	 634.6451 	 10.0000 	 2.7695 	 6.5450 	 -3.9662 	 4.0661 	 0.0000 	 0.4126 	 0.0120 
8.0000 	 0.0024 	 6.7773 	 19.4922 	 -2.4023 	 0.0000 	 0.0004 	 1370.1603 	 8.0000 	 2.6770 	 2.2202 	 -3.8164 	 -2.5405 	 0.0000 	 2.1502 	 0.2826 
16.0000 	 1.0324 	 3.0873 	 8.5756 	 0.6895 	 0.0000 	 0.0012 	 636.9809 	 16.0000 	 2.7560 	 2.1432 	 9.2964 	 -0.7796 	 0.0000 	 2.8292 	 0.0067 
8.0000 	 0.6323 	 5.7183 	 8.1156 	 4.0839 	 0.0000 	 1.2804 	 636.6743 	 8.0000 	 1.4781 	 3.0531 	 -0.5183 	 -1.1559 	 0.0000 	 2.5702 	 0.0178 
6.0000 	 0.4596 	 3.8268 	 7.6253 	 4.1726 	 0.0000 	 1.2815 	 639.1272 	 6.0000 	 1.1605 	 7.0165 	 -1.0019 	 1.1617 	 0.0000 	 2.0532 	 0.0397 
15.0000 	 0.9702 	 3.4207 	 7.9007 	 1.9647 	 0.0000 	 1.1074 	 633.3707 	 15.0000 	 1.6875 	 0.4666 	 6.2516 	 0.1856 	 0.0000 	 1.9302 	 0.0043 
5.0000 	 0.4015 	 4.7997 	 9.1932 	 1.3600 	 0.0000 	 0.9539 	 641.2404 	 5.0000 	 2.3334 	 1.2062 	 -3.2930 	 2.5567 	 0.0000 	 2.8343 	 0.0336 
13.0000 	 0.8758 	 2.9492 	 8.3805 	 0.6880 	 0.0000 	 0.0000 	 637.3103 	 13.0000 	 0.5022 	 9.4531 	 -9.9575 	 -4.9642 	 0.0000 	 0.2359 	 0.0084 
4.0000 	 0.3023 	 2.5122 	 8.3612 	 0.4291 	 0.0000 	 0.0004 	 666.5512 	 4.0000 	 2.5361 	 7.8560 	 8.8555 	 -3.7151 	 0.0000 	 2.6170 	 0.0930 
11.0000 	 0.8160 	 3.1555 	 8.9342 	 0.6353 	 0.0000 	 0.0104 	 637.8970 	 11.0000 	 0.1569 	 0.5350 	 -5.0375 	 1.0302 	 0.0000 	 1.2849 	 0.0121 
1.0000 	 0.0100 	 2.2356 	 10.1510 	 -0.0098 	 0.0000 	 0.0000 	 690.9130 	 1.0000 	 2.3354 	 2.2388 	 5.1836 	 -1.7822 	 0.0000 	 1.5575 	 0.1989 
10.0000 	 0.7902 	 9.3388 	 9.1556 	 3.6423 	 0.0000 	 1.2332 	 636.5224 	 10.0000 	 0.6972 	 4.6895 	 -2.1809 	 4.1049 	 0.0000 	 2.1213 	 0.0154 
8.0000 	 0.5065 	 3.2861 	 6.7480 	 1.9092 	 0.0000 	 0.0000 	 684.2919 	 8.0000 	 1.5198 	 5.4619 	 -8.4592 	 2.5106 	 0.0000 	 0.8840 	 0.0382 
6.0000 	 0.4853 	 7.4523 	 9.8432 	 1.6680 	 0.0000 	 0.0000 	 660.3490 	 6.0000 	 1.3822 	 3.4471 	 6.9546 	 -2.7947 	 0.0000 	 2.7681 	 0.0505 
5.0000 	 0.4002 	 7.3991 	 8.1249 	 5.8558 	 0.0000 	 1.3359 	 641.4965 	 5.0000 	 2.6129 	 4.3960 	 -8.8570 	 3.9311 	 0.0000 	 1.4068 	 0.0304 
4.0000 	 0.3071 	 9.4006 	 7.4536 	 22.0728 	 0.0000 	 1.4222 	 644.9498 	 4.0000 	 1.1531 	 4.1381 	 7.0186 	 3.7207 	 0.0000 	 1.3879 	 0.1001 
1.0000 	 0.0195 	 2.0290 	 10.9865 	 -0.1107 	 0.0000 	 0.0016 	 695.2903 	 1.0000 	 1.4969 	 0.4386 	 -1.7026 	 3.3265 	 0.0000 	 1.1797 	 1.0161 
50.0000 	 0.0014 	 3.9970 	 7.0251 	 -1.6560 	 0.0000 	 2.7130 	 892.3797 	 50.0000 	 1.6429 	 2.3383 	 -4.3769 	 0.8418 	 0.0000 	 2.4716 	 0.0000 
50.0000 	 2.8280 	 8.1769 	 14.3122 	 0.8045 	 0.0000 	 0.0000 	 657.3484 	 50.0000 	 0.7835 	 8.9100 	 -5.8004 	 -0.9776 	 0.0000 	 0.2976 	 0.0480 
48.0000 	 1.9767 	 3.1422 	 8.4012 	 0.7408 	 0.0000 	 0.0000 	 639.4679 	 48.0000 	 0.5380 	 3.9938 	 7.6215 	 -3.5384 	 0.0000 	 2.3265 	 0.0210 
49.0000 	 1.9668 	 3.6169 	 8.0322 	 0.9924 	 0.0000 	 0.0136 	 643.6082 	 49.0000 	 0.0339 	 2.8397 	 -5.1842 	 -1.6268 	 0.0000 	 1.4222 	 0.1655 
49.0000 	 1.9864 	 3.2767 	 7.5221 	 3.2711 	 0.0000 	 1.2243 	 634.3317 	 49.0000 	 1.9666 	 5.4449 	 7.9038 	 3.3620 	 0.0000 	 0.8242 	 0.0047 
49.0000 	 2.0043 	 3.1307 	 8.4734 	 0.7071 	 0.0000 	 0.0017 	 639.6126 	 49.0000 	 1.4678 	 8.4278 	 -7.9383 	 0.4958 	 0.0000 	 2.6804 	 0.0099 
49.0000 	 1.8747 	 2.9422 	 7.7734 	 0.8276 	 0.0000 	 0.0017 	 641.6692 	 49.0000 	 0.4641 	 6.2155 	 -1.9990 	 -3.2839 	 0.0000 	 1.5938 	 0.0198 
49.0000 	 2.4055 	 6.8591 	 11.3222 	 0.9591 	 0.0000 	 0.0011 	 649.9697 	 49.0000 	 0.0339 	 2.8397 	 -5.1842 	 -1.6268 	 0.0000 	 1.4222 	 0.0243 
48.0000 	 1.9790 	 3.7360 	 7.8119 	 2.5032 	 0.0000 	 1.1570 	 634.2647 	 48.0000 	 1.7578 	 7.1811 	 9.0845 	 -2.9001 	 0.0000 	 0.1522 	 0.0049 
48.0000 	 2.2102 	 11.3345 	 11.2634 	 1.9342 	 0.0000 	 0.0008 	 662.0023 	 48.0000 	 1.9592 	 0.9818 	 5.6930 	 -0.6398 	 0.0000 	 1.4624 	 0.0184 
49.0000 	 2.0455 	 3.4241 	 8.7014 	 0.7598 	 0.0000 	 0.0000 	 639.2860 	 49.0000 	 0.8429 	 3.0247 	 -9.8888 	 4.3763 	 0.0000 	 1.7053 	 0.0101 
49.0000 	 2.1531 	 12.5329 	 8.0812 	 11.0053 	 0.0000 	 1.3438 	 636.5108 	 49.0000 	 1.9592 	 0.9818 	 5.6930 	 -0.6398 	 0.0000 	 1.4624 	 0.0071 
49.0000 	 2.1523 	 9.7078 	 8.6475 	 4.9859 	 0.0000 	 1.2668 	 635.9496 	 49.0000 	 1.9738 	 3.4568 	 1.0369 	 -1.4965 	 0.0000 	 0.8257 	 0.0054 
48.0000 	 2.0054 	 3.3230 	 8.6060 	 0.7456 	 0.0000 	 0.0001 	 639.2648 	 48.0000 	 1.2108 	 8.8944 	 -1.6890 	 -3.5007 	 0.0000 	 0.3819 	 0.0093 
49.0000 	 1.9876 	 2.7401 	 7.2968 	 4.7758 	 0.0000 	 1.2845 	 634.5015 	 49.0000 	 2.9999 	 0.5665 	 -6.6495 	 -2.1162 	 0.0000 	 0.7517 	 0.0046 
50.0000 	 1.9788 	 4.2646 	 7.7947 	 1.7655 	 0.0000 	 0.0052 	 655.1286 	 50.0000 	 2.9394 	 2.8941 	 3.8545 	 -3.5900 	 0.0000 	 0.9972 	 0.0160 
46.0000 	 0.0133 	 3.2829 	 8.8886 	 -5.9682 	 0.0000 	 2.7133 	 892.3791 	 46.0000 	 0.2558 	 3.7343 	 4.0127 	 0.3953 	 0.0000 	 2.6139 	 0.0000 
48.0000 	 0.7117 	 1.0156 	 19.2188 	 -0.5469 	 0.0000 	 0.0000 	 1366.1325 	 48.0000 	 0.9262 	 2.9331 	 -9.9693 	 -1.2760 	 0.0000 	 2.6254 	 0.3015 
47.0000 	 1.9493 	 3.5740 	 7.6842 	 2.8108 	 0.0000 	 1.1819 	 634.2329 	 47.0000 	 2.5215 	 8.6019 	 8.0479 	 -4.5833 	 0.0000 	 0.5310 	 0.0042 
48.0000 	 1.9684 	 3.5380 	 7.6973 	 2.6896 	 0.0000 	 1.1822 	 634.2605 	 48.0000 	 1.4544 	 1.6379 	 9.0178 	 -3.2646 	 0.0000 	 0.8807 	 0.0044 
47.0000 	 1.9378 	 3.0536 	 8.3369 	 0.7244 	 0.0000 	 0.0000 	 639.5379 	 47.0000 	 0.5065 	 6.8409 	 -8.6383 	 1.6286 	 0.0000 	 1.5669 	 0.0110 
48.0000 	 1.9576 	 2.5661 	 7.2768 	 4.4886 	 0.0000 	 1.2872 	 634.4559 	 48.0000 	 1.1288 	 8.9644 	 2.3885 	 -2.9829 	 0.0000 	 0.1914 	 0.0045 
46.0000 	 1.9477 	 3.2738 	 8.5235 	 0.7558 	 0.0000 	 0.0000 	 639.1496 	 46.0000 	 1.9182 	 9.0631 	 5.9905 	 1.2895 	 0.0000 	 2.1345 	 0.0103 
47.0000 	 1.9884 	 4.3021 	 8.0688 	 2.3883 	 0.0000 	 1.1351 	 634.3249 	 47.0000 	 2.2216 	 1.2543 	 -3.8631 	 1.4850 	 0.0000 	 2.2082 	 0.0048 
48.0000 	 2.0101 	 3.4690 	 8.6265 	 0.7771 	 0.0000 	 0.0000 	 639.3530 	 48.0000 	 0.8828 	 2.8652 	 -0.0613 	 -3.4104 	 0.0000 	 0.7619 	 0.0112 
47.0000 	 1.9509 	 3.7030 	 7.8255 	 2.3912 	 0.0000 	 1.1426 	 634.2436 	 47.0000 	 0.2171 	 4.6102 	 -5.4661 	 -4.4797 	 0.0000 	 1.6679 	 0.0057 
46.0000 	 1.9250 	 9.8675 	 8.8537 	 2.9003 	 0.0000 	 0.0000 	 682.1991 	 46.0000 	 0.3087 	 7.6264 	 0.3092 	 0.7932 	 0.0000 	 2.1190 	 0.0431 
43.0000 	 1.8785 	 3.3226 	 8.5581 	 0.7540 	 0.0000 	 0.0000 	 638.9621 	 43.0000 	 1.4021 	 4.1700 	 -9.5828 	 -3.1189 	 0.0000 	 0.6397 	 0.0113 
46.0000 	 1.9117 	 3.0050 	 7.4239 	 3.6763 	 0.0000 	 1.2445 	 634.2918 	 46.0000 	 2.7729 	 5.5159 	 -8.9277 	 2.7278 	 0.0000 	 2.8043 	 0.0047 
49.0000 	 2.0396 	 4.2328 	 7.6359 	 4.4476 	 0.0000 	 1.2541 	 634.6214 	 49.0000 	 1.8971 	 9.9366 	 -0.5559 	 0.9136 	 0.0000 	 2.3200 	 0.0058 
47.0000 	 1.9707 	 3.2565 	 8.5455 	 0.7399 	 0.0000 	 0.0000 	 639.2266 	 47.0000 	 1.3685 	 5.6488 	 3.7908 	 -4.0253 	 0.0000 	 2.8064 	 0.0116 
44.0000 	 1.9154 	 3.3288 	 8.5951 	 0.7500 	 0.0000 	 0.0027 	 639.0324 	 44.0000 	 2.4115 	 4.2913 	 4.2515 	 -4.7154 	 0.0000 	 0.7718 	 0.0094 
43.0000 	 1.8458 	 3.2263 	 7.5220 	 3.2308 	 0.0000 	 1.2276 	 634.1258 	 43.0000 	 2.8238 	 4.7799 	 -2.4125 	 2.4261 	 0.0000 	 0.2154 	 0.0046 
47.0000 	 1.9696 	 3.0720 	 8.5077 	 0.7031 	 0.0000 	 0.0000 	 639.5373 	 47.0000 	 1.8066 	 2.4307 	 -9.5419 	 -2.1883 	 0.0000 	 1.5755 	 0.0070 
43.0000 	 1.8469 	 3.0007 	 7.4201 	 3.6076 	 0.0000 	 1.2693 	 634.2071 	 43.0000 	 1.0489 	 3.8097 	 6.5593 	 -1.0315 	 0.0000 	 1.7297 	 0.0038 
45.0000 	 1.9165 	 3.2031 	 8.5288 	 0.7322 	 0.0000 	 0.0005 	 639.1335 	 45.0000 	 2.6586 	 6.2819 	 -0.9507 	 3.0563 	 0.0000 	 0.6027 	 0.0091 
45.0000 	 1.4843 	 0.9180 	 18.7109 	 3.1445 	 0.0000 	 0.1583 	 1281.9690 	 45.0000 	 0.1135 	 2.2776 	 -9.6266 	 -4.8290 	 0.0000 	 0.9872 	 0.3031 
45.0000 	 1.9110 	 3.1818 	 8.4698 	 0.7274 	 0.0000 	 0.0001 	 639.2342 	 45.0000 	 2.3631 	 4.8772 	 -8.6227 	 -1.6624 	 0.0000 	 1.1350 	 0.0093 
43.0000 	 1.8519 	 3.1929 	 7.4997 	 3.4508 	 0.0000 	 1.2429 	 634.1557 	 43.0000 	 2.9806 	 3.8328 	 2.1020 	 -2.7475 	 0.0000 	 1.7593 	 0.0046 
43.0000 	 1.8470 	 2.8965 	 7.3649 	 4.1926 	 0.0000 	 1.2723 	 634.2352 	 43.0000 	 1.9226 	 7.1414 	 9.0292 	 -3.7800 	 0.0000 	 1.5308 	 0.0045 
44.0000 	 1.8902 	 3.7681 	 7.9684 	 2.0781 	 0.0000 	 1.1088 	 634.1828 	 44.0000 	 0.2274 	 4.1231 	 6.4601 	 -3.7730 	 0.0000 	 1.7136 	 0.0045 
43.0000 	 1.8680 	 3.8167 	 7.8133 	 2.6554 	 0.0000 	 1.1753 	 634.0916 	 43.0000 	 1.7255 	 9.4379 	 7.5601 	 -2.4498 	 0.0000 	 0.4424 	 0.0042 
44.0000 	 1.9073 	 4.1495 	 7.8496 	 2.9733 	 0.0000 	 1.2025 	 634.1907 	 44.0000 	 2.3453 	 5.6262 	 -9.5504 	 -3.1641 	 0.0000 	 1.5340 	 0.0083 
41.0000 	 1.8397 	 3.2552 	 8.5620 	 0.7199 	 0.0000 	 0.0005 	 639.1021 	 41.0000 	 0.7229 	 4.1403 	 -9.6266 	 3.9868 	 0.0000 	 2.1592 	 0.0089 
42.0000 	 1.8665 	 4.0923 	 8.1295 	 2.0833 	 0.0000 	 1.1151 	 634.1734 	 42.0000 	 0.0741 	 7.6686 	 4.4763 	 1.6369 	 0.0000 	 2.2026 	 0.0045 
40.0000 	 1.7892 	 2.3819 	 7.2386 	 6.0226 	 0.0000 	 1.3160 	 634.3576 	 40.0000 	 1.6526 	 3.2242 	 -8.0577 	 -4.7318 	 0.0000 	 2.2932 	 0.0044 
43.0000 	 1.8322 	 2.8909 	 7.4120 	 3.5034 	 0.0000 	 1.2481 	 634.1969 	 43.0000 	 0.1888 	 2.2121 	 6.6225 	 2.2933 	 0.0000 	 1.3673 	 0.0042 
40.0000 	 1.9560 	 4.0287 	 9.4509 	 0.7607 	 0.0000 	 0.0000 	 640.0649 	 40.0000 	 0.4784 	 8.2595 	 7.6832 	 1.4123 	 0.0000 	 1.0805 	 0.0120 
44.0000 	 1.8884 	 3.6960 	 7.8228 	 2.4419 	 0.0000 	 1.1596 	 634.1266 	 44.0000 	 1.7324 	 6.9657 	 -7.0524 	 -2.8587 	 0.0000 	 0.7269 	 0.0067 
42.0000 	 1.7993 	 3.0180 	 8.2358 	 0.7166 	 0.0000 	 0.0000 	 639.6268 	 42.0000 	 2.5255 	 2.7648 	 -2.4162 	 1.2325 	 0.0000 	 1.1694 	 0.0107 
45.0000 	 1.9084 	 3.2334 	 8.4704 	 0.7563 	 0.0000 	 0.0002 	 639.1651 	 45.0000 	 0.1929 	 6.0926 	 4.9549 	 1.2749 	 0.0000 	 0.1355 	 0.0109 
44.0000 	 1.9376 	 3.3989 	 8.7304 	 0.7391 	 0.0000 	 0.0004 	 639.0160 	 44.0000 	 1.2216 	 1.2439 	 3.0508 	 4.6240 	 0.0000 	 1.5233 	 0.0109 
40.0000 	 1.7664 	 1.6555 	 7.1128 	 6.2895 	 0.0000 	 1.3343 	 634.3807 	 40.0000 	 0.9877 	 5.0304 	 9.0898 	 -3.8530 	 0.0000 	 2.4034 	 0.0040 
42.0000 	 1.8847 	 3.4581 	 8.7268 	 0.7633 	 0.0000 	 0.0001 	 638.8916 	 42.0000 	 0.7342 	 5.2475 	 -5.4609 	 2.3112 	 0.0000 	 1.0946 	 0.0078 
41.0000 	 1.8464 	 3.3308 	 8.6584 	 0.7380 	 0.0000 	 0.0001 	 638.8333 	 41.0000 	 0.9707 	 4.3198 	 0.2979 	 3.1874 	 0.0000 	 0.5623 	 0.0103 
41.0000 	 1.8146 	 3.7424 	 7.8847 	 2.2871 	 0.0000 	 1.1376 	 634.0238 	 41.0000 	 2.7144 	 9.7895 	 -4.6137 	 1.4479 	 0.0000 	 0.5091 	 0.0041 
41.0000 	 2.0486 	 6.9506 	 10.7573 	 1.2487 	 0.0000 	 0.0002 	 651.3826 	 41.0000 	 2.9113 	 7.0076 	 5.3615 	 -4.3012 	 0.0000 	 0.9284 	 0.0143 
40.0000 	 1.9383 	 0.0000 	 8.8979 	 30.0000 	 0.0000 	 2.4553 	 664.4484 	 40.0000 	 2.7204 	 0.2270 	 7.7883 	 4.2455 	 0.0000 	 1.3709 	 0.3277 
42.0000 	 1.8588 	 3.1938 	 8.5568 	 0.7216 	 0.0000 	 0.0000 	 638.9695 	 42.0000 	 1.6810 	 2.8585 	 -2.1846 	 2.5725 	 0.0000 	 1.5460 	 0.0086 
42.0000 	 1.8340 	 3.2130 	 7.4703 	 3.8614 	 0.0000 	 1.2595 	 634.1596 	 42.0000 	 0.9554 	 1.3415 	 -7.5512 	 3.5377 	 0.0000 	 1.9592 	 0.0035 
38.0000 	 1.7448 	 3.6286 	 7.7122 	 2.9676 	 0.0000 	 1.2198 	 633.9371 	 38.0000 	 1.4100 	 8.4481 	 1.7388 	 0.7717 	 0.0000 	 2.9448 	 0.0039 
42.0000 	 1.8129 	 3.0913 	 7.4833 	 3.1494 	 0.0000 	 1.2392 	 634.1149 	 42.0000 	 0.0817 	 9.3119 	 -9.5865 	 0.8709 	 0.0000 	 2.7556 	 0.0085 
46.0000 	 1.9895 	 4.8011 	 7.9602 	 3.3654 	 0.0000 	 1.2187 	 634.4752 	 46.0000 	 2.6210 	 0.6812 	 -6.4807 	 0.4569 	 0.0000 	 0.7709 	 0.0038 
37.0000 	 1.7516 	 3.3742 	 8.7290 	 0.7363 	 0.0000 	 0.0007 	 638.5567 	 37.0000 	 2.9380 	 3.1794 	 6.0405 	 4.3256 	 0.0000 	 0.5542 	 0.0099 
38.0000 	 1.6077 	 2.8421 	 8.1085 	 0.6311 	 0.0000 	 0.0793 	 643.2715 	 38.0000 	 2.8220 	 2.0484 	 3.0321 	 -1.5624 	 0.0000 	 2.5269 	 0.3711 
41.0000 	 1.7816 	 3.2465 	 7.8078 	 1.8272 	 0.0000 	 1.0709 	 634.2921 	 41.0000 	 0.4993 	 7.9085 	 8.2320 	 0.8672 	 0.0000 	 1.1581 	 0.0056 
38.0000 	 1.7014 	 2.9146 	 7.4284 	 3.2053 	 0.0000 	 1.2268 	 633.9922 	 38.0000 	 2.5833 	 5.5397 	 0.4712 	 -1.7402 	 0.0000 	 2.4756 	 0.0045 
38.0000 	 1.7697 	 3.6389 	 8.4777 	 1.1815 	 0.0000 	 0.8886 	 635.0632 	 38.0000 	 1.8411 	 2.9283 	 4.7000 	 -4.5002 	 0.0000 	 2.1095 	 0.0084 
33.0000 	 1.6062 	 3.6755 	 7.7797 	 2.6442 	 0.0000 	 1.1831 	 633.6936 	 33.0000 	 1.8976 	 2.1073 	 -0.5522 	 0.0622 	 0.0000 	 0.2518 	 0.0049 
38.0000 	 1.7315 	 3.6018 	 7.7904 	 2.4296 	 0.0000 	 1.1579 	 633.8943 	 38.0000 	 1.7179 	 4.3166 	 -0.4409 	 -3.1561 	 0.0000 	 0.8817 	 0.0034 
39.0000 	 1.7590 	 3.1711 	 8.4631 	 0.7375 	 0.0000 	 0.0000 	 638.7613 	 39.0000 	 1.5417 	 3.4125 	 -2.8266 	 -4.9400 	 0.0000 	 2.3722 	 0.0140 
37.0000 	 1.7468 	 3.4068 	 8.6850 	 0.7551 	 0.0000 	 0.0000 	 638.5656 	 37.0000 	 0.8881 	 4.5633 	 3.2963 	 1.5954 	 0.0000 	 2.5370 	 0.0091 
41.0000 	 2.9532 	 15.8356 	 20.6117 	 0.9723 	 0.0000 	 0.0001 	 668.8772 	 41.0000 	 2.2581 	 5.4803 	 8.6033 	 -0.5290 	 0.0000 	 1.5099 	 0.0281 
37.0000 	 1.7321 	 2.1952 	 7.1808 	 7.7081 	 0.0000 	 1.3321 	 634.4628 	 37.0000 	 2.9064 	 9.8991 	 -9.5161 	 4.8876 	 0.0000 	 0.0946 	 0.0037 
37.0000 	 1.6867 	 0.4957 	 7.0282 	 10.6773 	 0.0000 	 1.3657 	 634.5464 	 37.0000 	 1.0169 	 0.2416 	 7.0858 	 -0.9664 	 0.0000 	 1.3994 	 0.0037 
38.0000 	 1.7399 	 3.7475 	 7.8365 	 2.4940 	 0.0000 	 1.1678 	 633.8990 	 38.0000 	 0.4062 	 9.1969 	 -8.7756 	 1.4752 	 0.0000 	 0.3648 	 0.0036 
36.0000 	 1.8521 	 10.5575 	 11.0414 	 1.8794 	 0.0000 	 0.0012 	 661.0804 	 36.0000 	 0.3806 	 6.7794 	 -8.2818 	 3.8516 	 0.0000 	 1.9427 	 0.0193 
35.0000 	 1.6562 	 3.5239 	 7.5895 	 3.2804 	 0.0000 	 1.2216 	 633.8380 	 35.0000 	 1.8771 	 9.1001 	 -8.1162 	 -0.6527 	 0.0000 	 2.5851 	 0.0040 
38.0000 	 1.7435 	 3.8371 	 7.9147 	 2.3296 	 0.0000 	 1.1425 	 633.9212 	 38.0000 	 1.8377 	 4.1593 	 7.6748 	 2.4318 	 0.0000 	 0.2973 	 0.0041 
34.0000 	 1.6380 	 3.2572 	 8.4861 	 0.7542 	 0.0000 	 0.0000 	 638.3522 	 34.0000 	 1.7446 	 1.6295 	 7.5727 	 -4.2475 	 0.0000 	 1.4059 	 0.0143 
33.0000 	 1.5923 	 3.4047 	 7.6791 	 2.6680 	 0.0000 	 1.1948 	 633.6782 	 33.0000 	 1.0491 	 6.9847 	 0.2524 	 4.5118 	 0.0000 	 2.4215 	 0.0037 
35.0000 	 1.6300 	 1.9172 	 7.1646 	 5.2792 	 0.0000 	 1.3213 	 634.0962 	 35.0000 	 2.6614 	 0.6110 	 8.9392 	 3.1449 	 0.0000 	 1.6307 	 0.0039 
36.0000 	 1.2954 	 24.5911 	 -1.9671 	 -1.8827 	 0.0000 	 0.0000 	 800.1563 	 36.0000 	 2.8034 	 4.8540 	 -1.4525 	 4.1085 	 0.0000 	 0.1886 	 0.0661 
35.0000 	 1.8060 	 5.5751 	 9.2453 	 1.1030 	 0.0000 	 0.0000 	 651.3376 	 35.0000 	 0.1957 	 8.6077 	 4.6192 	 2.7169 	 0.0000 	 1.9039 	 0.0341 
35.0000 	 1.5805 	 2.5986 	 8.1199 	 0.6172 	 0.0000 	 0.0000 	 640.9008 	 35.0000 	 2.2816 	 4.5357 	 5.5509 	 -3.7038 	 0.0000 	 1.6416 	 0.0149 
45.0000 	 1.8850 	 1.4896 	 7.0938 	 6.7983 	 0.0000 	 1.3359 	 634.6024 	 45.0000 	 1.3178 	 2.7794 	 -3.7785 	 2.5597 	 0.0000 	 0.7205 	 0.0039 
35.0000 	 1.6593 	 3.7059 	 8.0140 	 1.9148 	 0.0000 	 1.0762 	 633.8571 	 35.0000 	 1.4416 	 3.8995 	 -5.5238 	 4.0041 	 0.0000 	 1.2769 	 0.0047 
33.0000 	 0.0015 	 3.9048 	 6.8276 	 -1.4946 	 0.0000 	 2.7135 	 892.3823 	 33.0000 	 1.7605 	 0.3949 	 6.5879 	 -2.2002 	 0.0000 	 0.2106 	 0.0000 
36.0000 	 1.6818 	 3.5689 	 7.7808 	 2.4914 	 0.0000 	 1.1653 	 633.8187 	 36.0000 	 1.4594 	 2.3647 	 -9.7563 	 3.2593 	 0.0000 	 2.8868 	 0.0034 
33.0000 	 1.5982 	 0.0000 	 8.8814 	 -20.0109 	 0.0000 	 2.5826 	 661.7149 	 33.0000 	 2.1801 	 6.3335 	 2.2603 	 -0.4835 	 0.0000 	 2.1937 	 0.1601 
33.0000 	 1.6586 	 0.0011 	 7.0358 	 29.9714 	 0.0000 	 2.3315 	 655.2020 	 33.0000 	 1.6764 	 8.6228 	 4.5723 	 3.9684 	 0.0000 	 2.7313 	 0.0266 
37.0000 	 1.7015 	 3.2633 	 7.5562 	 3.1348 	 0.0000 	 1.2281 	 633.8966 	 37.0000 	 0.8668 	 7.4363 	 7.6615 	 -2.0503 	 0.0000 	 0.4061 	 0.0035 
34.0000 	 1.7082 	 3.7521 	 9.0354 	 0.7739 	 0.0000 	 0.0001 	 638.8430 	 34.0000 	 0.2390 	 5.3920 	 -3.6361 	 2.9539 	 0.0000 	 0.7920 	 0.0101 
35.0000 	 1.6507 	 3.4807 	 7.6796 	 2.7663 	 0.0000 	 1.1940 	 633.7648 	 35.0000 	 0.4730 	 4.7335 	 6.2610 	 -2.0574 	 0.0000 	 2.2319 	 0.0040 
32.0000 	 1.6995 	 4.2741 	 9.4388 	 0.8231 	 0.0000 	 0.0084 	 640.0223 	 32.0000 	 2.0756 	 2.1691 	 8.9035 	 -4.1149 	 0.0000 	 0.5950 	 0.0168 
33.0000 	 0.0011 	 6.2085 	 5.7251 	 -1.6735 	 0.0000 	 2.7195 	 892.3818 	 33.0000 	 2.1266 	 7.7889 	 4.0744 	 -2.4195 	 0.0000 	 2.4074 	 0.0000 
29.0000 	 0.0026 	 8.7891 	 17.8906 	 -2.9297 	 0.0000 	 1.4067 	 1349.9410 	 29.0000 	 1.3534 	 4.8257 	 -0.1633 	 -0.4462 	 0.0000 	 2.8847 	 0.2786 
40.0000 	 1.7889 	 3.7064 	 7.9489 	 2.0530 	 0.0000 	 1.1066 	 634.0334 	 40.0000 	 1.9548 	 7.4915 	 9.3543 	 2.0250 	 0.0000 	 2.5122 	 0.0036 
35.0000 	 1.6628 	 3.1265 	 7.4068 	 4.5323 	 0.0000 	 1.3025 	 634.0097 	 35.0000 	 2.9262 	 0.1448 	 4.4400 	 2.8164 	 0.0000 	 0.6101 	 0.0035 
38.0000 	 1.7445 	 3.7822 	 7.7388 	 2.9807 	 0.0000 	 1.2115 	 633.9255 	 38.0000 	 1.3461 	 8.1522 	 -8.1512 	 -1.5055 	 0.0000 	 1.2899 	 0.0043 
30.0000 	 1.5408 	 4.6887 	 8.6185 	 1.1216 	 0.0000 	 0.0000 	 647.2274 	 30.0000 	 1.3991 	 8.8469 	 2.5135 	 -0.8513 	 0.0000 	 0.8488 	 0.0210 
28.0000 	 1.4184 	 0.0000 	 8.8960 	 -11.2191 	 0.0000 	 2.5428 	 664.1251 	 28.0000 	 2.9541 	 5.6540 	 -6.5933 	 3.6649 	 0.0000 	 2.5275 	 0.0042 
33.0000 	 1.6157 	 3.8484 	 8.0775 	 1.9886 	 0.0000 	 1.0990 	 633.7708 	 33.0000 	 2.4322 	 0.6296 	 2.3100 	 4.1480 	 0.0000 	 2.4704 	 0.0042 
28.0000 	 1.4569 	 3.6170 	 7.9844 	 1.9751 	 0.0000 	 1.1135 	 633.5205 	 28.0000 	 2.3683 	 5.5285 	 -2.6667 	 -0.4731 	 0.0000 	 1.8267 	 0.0032 
26.0000 	 1.3704 	 3.1453 	 8.3065 	 0.7659 	 0.0000 	 0.0000 	 637.9696 	 26.0000 	 2.4512 	 5.8382 	 -8.8599 	 -4.4662 	 0.0000 	 1.3755 	 0.0132 
33.0000 	 0.5006 	 3.9941 	 18.6523 	 1.5918 	 0.0000 	 0.0000 	 1352.2208 	 33.0000 	 0.4155 	 2.2330 	 -9.2203 	 -0.6436 	 0.0000 	 2.7533 	 0.2917 
39.0000 	 0.9431 	 4.2578 	 16.3281 	 3.4766 	 0.0000 	 2.8302 	 1265.9348 	 39.0000 	 0.4056 	 8.3455 	 -9.2824 	 -1.3651 	 0.0000 	 1.5009 	 0.2983 
33.0000 	 1.9807 	 8.8084 	 12.4463 	 1.2136 	 0.0000 	 0.0000 	 654.8805 	 33.0000 	 1.5846 	 4.8500 	 -1.6452 	 3.0398 	 0.0000 	 0.4348 	 0.0135 
31.0000 	 1.5203 	 3.2421 	 7.7114 	 2.2449 	 0.0000 	 1.1516 	 633.6309 	 31.0000 	 1.4788 	 8.1887 	 -9.7013 	 -4.7555 	 0.0000 	 1.0454 	 0.0031 
32.0000 	 1.6660 	 3.7091 	 9.1207 	 0.7427 	 0.0000 	 0.0027 	 638.7540 	 32.0000 	 0.0920 	 9.2583 	 -2.8498 	 2.3033 	 0.0000 	 1.2645 	 0.0105 
30.0000 	 1.4765 	 2.8884 	 8.2443 	 0.7000 	 0.0000 	 0.0000 	 638.5157 	 30.0000 	 2.6603 	 6.6560 	 -5.0069 	 -0.9508 	 0.0000 	 2.5129 	 0.0087 
29.0000 	 1.4692 	 2.6901 	 7.3586 	 3.9475 	 0.0000 	 1.2871 	 633.6573 	 29.0000 	 2.4773 	 5.7114 	 -4.8175 	 3.2371 	 0.0000 	 0.5105 	 0.0023 
27.0000 	 1.4408 	 3.2654 	 8.6346 	 0.7315 	 0.0000 	 0.0010 	 637.7618 	 27.0000 	 2.8689 	 0.7372 	 1.9189 	 1.5340 	 0.0000 	 2.1578 	 0.0111 
32.0000 	 1.5585 	 3.2729 	 7.5877 	 2.9060 	 0.0000 	 1.2103 	 633.6551 	 32.0000 	 1.7173 	 9.3057 	 8.9381 	 -4.3295 	 0.0000 	 2.2962 	 0.0041 
31.0000 	 1.5409 	 3.5957 	 7.9173 	 2.0423 	 0.0000 	 1.1131 	 633.6327 	 31.0000 	 0.0495 	 3.7755 	 9.5139 	 -0.0090 	 0.0000 	 1.6564 	 0.0034 
36.0000 	 1.6339 	 0.7626 	 7.0416 	 7.1349 	 0.0000 	 1.3690 	 634.5250 	 36.0000 	 1.1201 	 7.4548 	 5.9905 	 4.0613 	 0.0000 	 1.2659 	 0.0108 
30.0000 	 1.4898 	 0.0000 	 8.9044 	 -29.9996 	 0.0000 	 2.5201 	 663.7359 	 30.0000 	 0.5273 	 9.2382 	 5.9513 	 -4.8308 	 0.0000 	 2.5762 	 0.0115 
25.0000 	 1.3287 	 0.6458 	 7.0068 	 8.6375 	 0.0000 	 1.3515 	 633.9628 	 25.0000 	 2.7787 	 9.5444 	 7.6910 	 0.3508 	 0.0000 	 2.3956 	 0.0039 
28.0000 	 1.5765 	 3.8378 	 9.3479 	 0.7453 	 0.0000 	 0.0068 	 638.9431 	 28.0000 	 0.8715 	 2.2188 	 -6.0374 	 0.6976 	 0.0000 	 1.6786 	 0.0100 
34.0000 	 1.6343 	 3.8003 	 7.8776 	 2.3521 	 0.0000 	 1.1405 	 633.7471 	 34.0000 	 2.9918 	 0.7554 	 -7.2098 	 -1.3571 	 0.0000 	 0.2044 	 0.0039 
27.0000 	 1.4165 	 3.5240 	 7.7816 	 2.4082 	 0.0000 	 1.1605 	 633.4098 	 27.0000 	 2.4381 	 6.6361 	 -3.3767 	 1.6718 	 0.0000 	 2.4859 	 0.0030 
26.0000 	 1.7295 	 7.3924 	 12.0971 	 0.9529 	 0.0000 	 0.0000 	 649.8693 	 26.0000 	 0.7793 	 1.9135 	 -2.0820 	 4.4650 	 0.0000 	 1.2464 	 0.0202 
28.0000 	 1.6214 	 4.6339 	 9.8425 	 0.8311 	 0.0000 	 0.0000 	 640.9609 	 28.0000 	 2.8264 	 9.2084 	 9.0095 	 -0.3039 	 0.0000 	 2.9362 	 0.0181 
29.0000 	 1.4733 	 3.1016 	 8.3880 	 0.7298 	 0.0000 	 0.0000 	 638.0201 	 29.0000 	 2.4182 	 9.8206 	 -2.8720 	 4.6164 	 0.0000 	 1.4517 	 0.0081 
26.0000 	 1.3408 	 2.7637 	 7.9883 	 0.7520 	 0.0000 	 0.0034 	 639.6867 	 26.0000 	 0.2720 	 6.0080 	 5.4962 	 1.9776 	 0.0000 	 0.6587 	 0.0110 
30.0000 	 1.5568 	 3.4997 	 8.7990 	 0.7576 	 0.0000 	 0.0004 	 638.1668 	 30.0000 	 0.4168 	 2.6238 	 6.1194 	 -1.7833 	 0.0000 	 0.9455 	 0.0085 
29.0000 	 1.4512 	 1.7369 	 7.1254 	 5.3504 	 0.0000 	 1.3212 	 633.8594 	 29.0000 	 1.6837 	 4.4692 	 2.8924 	 -1.9175 	 0.0000 	 2.6734 	 0.0036 
25.0000 	 1.3300 	 1.8504 	 7.1455 	 5.0085 	 0.0000 	 1.3112 	 633.6536 	 25.0000 	 2.1042 	 7.9391 	 2.8546 	 -4.1675 	 0.0000 	 0.4074 	 0.0026 
28.0000 	 1.4235 	 2.1156 	 7.2072 	 4.4377 	 0.0000 	 1.2937 	 633.7215 	 28.0000 	 0.1061 	 9.4473 	 -2.9033 	 -1.6017 	 0.0000 	 1.7565 	 0.0027 
30.0000 	 1.5565 	 3.9669 	 7.4098 	 6.9375 	 0.0000 	 1.3291 	 634.4462 	 30.0000 	 2.0273 	 0.8512 	 -5.4239 	 2.3529 	 0.0000 	 1.2408 	 0.0048 
30.0000 	 1.4975 	 3.1504 	 7.5541 	 2.9678 	 0.0000 	 1.2155 	 633.5836 	 30.0000 	 0.2346 	 6.7008 	 -7.2908 	 -1.8641 	 0.0000 	 0.9682 	 0.0029 
31.0000 	 1.5362 	 3.5585 	 7.8591 	 2.1557 	 0.0000 	 1.1296 	 633.6115 	 31.0000 	 1.7451 	 3.3790 	 -3.7645 	 3.6410 	 0.0000 	 0.8503 	 0.0031 
23.0000 	 1.2795 	 3.3342 	 7.7046 	 2.5381 	 0.0000 	 1.1917 	 633.2668 	 23.0000 	 1.3199 	 1.7408 	 8.3575 	 1.8650 	 0.0000 	 0.5590 	 0.0028 
23.0000 	 1.3626 	 5.2948 	 7.5382 	 9.9991 	 0.0000 	 1.3540 	 635.0209 	 23.0000 	 2.6224 	 9.6622 	 2.4453 	 2.1255 	 0.0000 	 0.0372 	 0.0068 
33.0000 	 1.5805 	 2.6832 	 7.3383 	 3.9938 	 0.0000 	 1.2756 	 633.8327 	 33.0000 	 2.0881 	 1.3708 	 4.5179 	 4.5598 	 0.0000 	 2.2231 	 0.0036 
20.0000 	 1.1961 	 3.1996 	 8.5607 	 0.7271 	 0.0000 	 0.0000 	 637.1797 	 20.0000 	 2.3346 	 0.2347 	 7.2329 	 -2.1513 	 0.0000 	 1.3523 	 0.0083 
22.0000 	 0.0014 	 1.4762 	 9.2216 	 -6.6374 	 0.0000 	 2.7157 	 892.3794 	 22.0000 	 0.9123 	 3.5615 	 2.7360 	 -4.2428 	 0.0000 	 2.2361 	 0.0000 
26.0000 	 1.3740 	 3.2788 	 7.5684 	 3.1238 	 0.0000 	 1.1833 	 633.5229 	 26.0000 	 1.0807 	 0.6670 	 5.2308 	 -0.8796 	 0.0000 	 2.7192 	 0.0042 
24.0000 	 1.3243 	 3.5116 	 7.6804 	 2.8958 	 0.0000 	 1.2130 	 633.3387 	 24.0000 	 1.7547 	 5.7001 	 -0.0013 	 2.7545 	 0.0000 	 2.7718 	 0.0023 
28.0000 	 1.4435 	 3.3140 	 7.6466 	 2.7077 	 0.0000 	 1.1987 	 633.4676 	 28.0000 	 2.2964 	 2.3760 	 -9.8999 	 3.2855 	 0.0000 	 1.1391 	 0.0038 
30.0000 	 1.1061 	 23.3234 	 33.4923 	 11.7262 	 0.0000 	 0.0388 	 1328.1152 	 30.0000 	 0.6466 	 3.4873 	 8.5425 	 3.8641 	 0.0000 	 2.4490 	 0.0017 
26.0000 	 1.3870 	 3.5058 	 7.7457 	 2.5598 	 0.0000 	 1.1767 	 633.3699 	 26.0000 	 1.5912 	 1.7312 	 9.5333 	 2.1315 	 0.0000 	 0.1631 	 0.0023 
25.0000 	 1.3508 	 3.4213 	 7.7453 	 2.4979 	 0.0000 	 1.1853 	 633.3333 	 25.0000 	 1.8650 	 7.9523 	 1.0664 	 -4.4419 	 0.0000 	 0.3784 	 0.0023 
18.0000 	 1.1299 	 3.1599 	 8.6615 	 0.6894 	 0.0000 	 0.0016 	 637.0298 	 18.0000 	 1.3268 	 3.3134 	 2.2705 	 -4.5058 	 0.0000 	 2.2831 	 0.0176 
21.0000 	 0.5006 	 3.9941 	 18.6523 	 1.5918 	 0.0000 	 0.0000 	 1306.2370 	 21.0000 	 0.8861 	 5.5740 	 0.8807 	 -1.6181 	 0.0000 	 0.2224 	 0.3002 
27.0000 	 1.3186 	 2.8520 	 7.3394 	 0.8686 	 0.0000 	 0.0035 	 645.5189 	 27.0000 	 1.3743 	 3.5764 	 -1.0352 	 -0.5106 	 0.0000 	 1.1246 	 0.0180 
30.0000 	 1.4962 	 2.9663 	 7.4612 	 3.2878 	 0.0000 	 1.2403 	 633.6139 	 30.0000 	 1.2547 	 3.2826 	 9.9554 	 -2.2666 	 0.0000 	 1.0072 	 0.0037 
23.0000 	 1.2776 	 1.8696 	 7.1699 	 5.7494 	 0.0000 	 1.3221 	 633.6315 	 23.0000 	 0.7667 	 1.7518 	 -0.8149 	 2.1762 	 0.0000 	 2.1714 	 0.0027 
22.0000 	 1.4298 	 6.0844 	 10.5960 	 0.9623 	 0.0000 	 0.0000 	 646.2521 	 22.0000 	 1.4136 	 1.3575 	 -4.2420 	 -3.0331 	 0.0000 	 0.1916 	 0.0127 
26.0000 	 1.4019 	 3.8210 	 7.9780 	 2.2100 	 0.0000 	 1.1467 	 633.4198 	 26.0000 	 0.8794 	 3.4245 	 -1.1554 	 -0.6188 	 0.0000 	 1.9483 	 0.0032 
18.0000 	 1.0991 	 3.3900 	 7.7642 	 2.4279 	 0.0000 	 1.1819 	 633.1997 	 18.0000 	 1.1882 	 1.7401 	 -0.6920 	 -1.6715 	 0.0000 	 0.4169 	 0.0026 
24.0000 	 1.3508 	 3.4072 	 8.5910 	 0.7805 	 0.0000 	 0.0002 	 637.7844 	 24.0000 	 0.0729 	 6.9081 	 1.8256 	 4.9003 	 0.0000 	 0.7317 	 0.0085 
24.0000 	 1.4658 	 31.2363 	 10.0511 	 10.0268 	 0.0000 	 1.3365 	 636.9896 	 24.0000 	 0.7652 	 5.0572 	 -8.6548 	 -1.3547 	 0.0000 	 0.0754 	 0.0071 
17.0000 	 0.0519 	 12.4512 	 4.8633 	 -0.1855 	 0.0000 	 0.0000 	 1278.0110 	 17.0000 	 2.3675 	 6.0107 	 -0.0383 	 4.9603 	 0.0000 	 2.4177 	 0.3896 
25.0000 	 1.5085 	 6.7042 	 10.2917 	 1.3297 	 0.0000 	 0.0000 	 650.4242 	 25.0000 	 2.2778 	 1.0724 	 -4.6452 	 0.2682 	 0.0000 	 2.5031 	 0.0379 
26.0000 	 1.3976 	 3.0499 	 8.5546 	 0.6758 	 0.0000 	 0.0000 	 637.8287 	 26.0000 	 0.6345 	 5.7364 	 -9.5335 	 -1.8295 	 0.0000 	 0.3305 	 0.0100 
24.0000 	 1.3204 	 3.4964 	 7.7929 	 2.3872 	 0.0000 	 1.1674 	 633.2961 	 24.0000 	 2.4100 	 9.9300 	 -0.3163 	 -1.7467 	 0.0000 	 0.8219 	 0.0027 
20.0000 	 1.1507 	 2.9248 	 8.2427 	 0.6964 	 0.0000 	 0.0005 	 637.6654 	 20.0000 	 1.7351 	 9.8259 	 9.9900 	 -1.2495 	 0.0000 	 1.3990 	 0.0117 
21.0000 	 0.0018 	 2.8345 	 8.5514 	 -3.1904 	 0.0000 	 2.7129 	 892.3791 	 21.0000 	 1.8749 	 8.1920 	 1.2357 	 -1.2281 	 0.0000 	 1.4765 	 0.0000 
15.0000 	 0.9818 	 3.1100 	 8.5030 	 0.7148 	 0.0000 	 0.0000 	 637.0396 	 15.0000 	 2.5117 	 2.2116 	 -1.3887 	 -2.1967 	 0.0000 	 0.6423 	 0.0085 
23.0000 	 1.2283 	 0.8131 	 7.0188 	 6.3394 	 0.0000 	 1.3790 	 634.0442 	 23.0000 	 2.8610 	 2.0456 	 2.4039 	 0.0485 	 0.0000 	 0.2650 	 0.0053 
23.0000 	 1.2901 	 3.0114 	 8.4580 	 0.6924 	 0.0000 	 0.0695 	 637.4787 	 23.0000 	 2.4437 	 6.6461 	 -1.2586 	 -3.5621 	 0.0000 	 0.6523 	 0.0091 
14.0000 	 0.9386 	 3.6584 	 8.1347 	 1.7437 	 0.0000 	 1.0695 	 633.5437 	 14.0000 	 2.0984 	 4.2995 	 5.8135 	 -3.2916 	 0.0000 	 0.0734 	 0.0053 
18.0000 	 1.1561 	 3.5048 	 8.9124 	 0.7397 	 0.0000 	 0.0000 	 637.4006 	 18.0000 	 0.0106 	 8.9402 	 2.8578 	 -4.0865 	 0.0000 	 1.3837 	 0.0056 
16.0000 	 1.0177 	 3.4057 	 7.9107 	 1.9614 	 0.0000 	 1.1172 	 633.2888 	 16.0000 	 2.9084 	 9.7445 	 -4.7286 	 4.2541 	 0.0000 	 1.4306 	 0.0028 
27.0000 	 1.4506 	 3.7749 	 8.3495 	 1.5048 	 0.0000 	 1.0595 	 633.9191 	 27.0000 	 0.1692 	 1.7200 	 6.5364 	 -2.5253 	 0.0000 	 1.3841 	 0.0036 
22.0000 	 1.0857 	 2.5586 	 6.0547 	 1.8164 	 0.0000 	 0.0005 	 689.8541 	 22.0000 	 0.4339 	 6.1192 	 5.0418 	 -4.5165 	 0.0000 	 0.3920 	 0.1005 
19.0000 	 1.1853 	 5.4668 	 9.0421 	 1.4526 	 0.0000 	 0.0014 	 649.7630 	 19.0000 	 1.6403 	 0.3103 	 -6.0688 	 -0.4762 	 0.0000 	 1.0295 	 0.0443 
24.0000 	 1.3151 	 3.4051 	 7.8464 	 2.0508 	 0.0000 	 1.1177 	 633.3161 	 24.0000 	 0.2471 	 7.0889 	 1.9737 	 -0.6389 	 0.0000 	 2.2352 	 0.0028 
19.0000 	 0.0069 	 5.1404 	 8.4398 	 -5.1438 	 0.0000 	 2.7169 	 892.3791 	 19.0000 	 2.2609 	 3.7700 	 5.1086 	 3.6166 	 0.0000 	 1.7088 	 0.0000 
22.0000 	 1.2837 	 4.4962 	 7.9707 	 2.9300 	 0.0000 	 1.2121 	 633.5754 	 22.0000 	 1.6485 	 7.4564 	 2.3165 	 0.6639 	 0.0000 	 0.8041 	 0.0028 
8.0000 	 0.4876 	 2.2058 	 6.5552 	 2.5427 	 0.0000 	 0.8652 	 656.6234 	 8.0000 	 0.3937 	 5.2276 	 -4.4691 	 1.8353 	 0.0000 	 2.3775 	 0.3679 
18.0000 	 1.1015 	 3.4994 	 7.8841 	 2.1391 	 0.0000 	 1.1384 	 633.2021 	 18.0000 	 2.0345 	 1.0334 	 4.3962 	 -1.2439 	 0.0000 	 2.8166 	 0.0036 
26.0000 	 1.6330 	 6.9063 	 11.1589 	 1.0147 	 0.0000 	 0.0000 	 648.5826 	 26.0000 	 0.7986 	 5.9989 	 -3.1513 	 -2.7415 	 0.0000 	 1.5691 	 0.0123 
14.0000 	 0.9355 	 3.0926 	 8.5835 	 0.6902 	 0.0000 	 0.0007 	 637.3156 	 14.0000 	 0.2252 	 6.5350 	 4.8927 	 -3.9208 	 0.0000 	 1.0873 	 0.0219 
21.0000 	 1.3750 	 4.5523 	 9.9050 	 0.8016 	 0.0000 	 0.0006 	 640.5237 	 21.0000 	 0.3411 	 3.4412 	 1.4298 	 -0.0831 	 0.0000 	 2.1443 	 0.0102 
22.0000 	 1.3209 	 3.5345 	 8.9139 	 0.7384 	 0.0000 	 0.0006 	 637.7840 	 22.0000 	 1.1969 	 8.7076 	 2.5033 	 -1.5502 	 0.0000 	 0.3720 	 0.0116 
15.0000 	 0.0010 	 4.7772 	 6.4965 	 -1.6203 	 0.0000 	 2.7151 	 892.3855 	 15.0000 	 1.8038 	 7.1647 	 -2.9363 	 -2.4361 	 0.0000 	 2.5875 	 0.0000 
13.0000 	 0.8896 	 3.0070 	 8.5288 	 0.6781 	 0.0000 	 0.0001 	 637.1910 	 13.0000 	 1.2496 	 2.1758 	 -3.8974 	 2.0501 	 0.0000 	 0.5958 	 0.0116 
20.0000 	 1.1749 	 3.3297 	 7.6841 	 2.6314 	 0.0000 	 1.1906 	 633.2051 	 20.0000 	 1.1129 	 3.2072 	 -7.6532 	 -3.7347 	 0.0000 	 2.8195 	 0.0022 
16.0000 	 0.4349 	 1.6699 	 8.9258 	 8.7207 	 0.0000 	 0.0027 	 1251.2586 	 16.0000 	 1.8429 	 7.4222 	 -2.5553 	 -1.4996 	 0.0000 	 2.8761 	 0.2946 
12.0000 	 0.8356 	 3.0407 	 8.5331 	 0.6885 	 0.0000 	 0.0000 	 637.3210 	 12.0000 	 1.9281 	 7.6679 	 -0.0870 	 -0.5102 	 0.0000 	 0.0128 	 0.0165 
16.0000 	 1.0382 	 3.0660 	 8.6031 	 0.6805 	 0.0000 	 0.0038 	 637.0035 	 16.0000 	 2.7174 	 4.0182 	 4.2999 	 1.5509 	 0.0000 	 1.6728 	 0.0104 
25.0000 	 1.4317 	 3.5136 	 9.0478 	 0.7132 	 0.0000 	 0.0000 	 637.9871 	 25.0000 	 1.3218 	 3.6557 	 -8.1980 	 4.3833 	 0.0000 	 2.7008 	 0.0087 
9.0000 	 0.0010 	 0.9321 	 8.8401 	 -1.5566 	 0.0000 	 2.7126 	 892.3830 	 9.0000 	 2.6863 	 9.5714 	 -2.5795 	 3.2539 	 0.0000 	 1.0427 	 0.0000 
17.0000 	 1.3417 	 9.2245 	 13.0641 	 1.0716 	 0.0000 	 0.0000 	 656.3175 	 17.0000 	 0.3603 	 2.6226 	 -0.7248 	 -3.1147 	 0.0000 	 1.1559 	 0.0209 
23.0000 	 1.2824 	 3.4354 	 7.8698 	 2.0606 	 0.0000 	 1.1376 	 633.2776 	 23.0000 	 0.6796 	 7.9726 	 -5.9340 	 2.4706 	 0.0000 	 2.6890 	 0.0026 
17.0000 	 1.0421 	 0.0000 	 8.9046 	 26.3804 	 0.0000 	 2.5255 	 663.6366 	 17.0000 	 0.7546 	 0.1909 	 6.4482 	 1.0815 	 0.0000 	 1.0579 	 0.0017 
21.0000 	 1.2269 	 3.2187 	 8.5551 	 0.7648 	 0.0000 	 0.3052 	 636.8307 	 21.0000 	 1.5184 	 9.7072 	 -7.8000 	 4.4317 	 0.0000 	 1.9376 	 0.0066 
9.0000 	 0.6616 	 3.1375 	 7.6193 	 3.0379 	 0.0000 	 1.2577 	 635.3712 	 9.0000 	 0.8664 	 3.3746 	 -4.0862 	 2.7004 	 0.0000 	 2.8892 	 0.0169 
18.0000 	 1.1937 	 12.2210 	 8.2691 	 9.1328 	 0.0000 	 1.3443 	 635.7149 	 18.0000 	 1.2346 	 0.4925 	 5.8089 	 2.0701 	 0.0000 	 2.2334 	 0.0051 
12.0000 	 0.8190 	 2.0937 	 7.2455 	 4.6173 	 0.0000 	 1.3237 	 634.1875 	 12.0000 	 1.8161 	 3.1139 	 6.5787 	 0.0807 	 0.0000 	 2.4298 	 0.0075 
17.0000 	 1.0646 	 3.5695 	 7.9033 	 2.1902 	 0.0000 	 1.1536 	 633.2343 	 17.0000 	 0.4075 	 4.3076 	 5.6760 	 -2.3880 	 0.0000 	 2.5882 	 0.0022 
15.0000 	 0.9624 	 3.1633 	 7.7822 	 2.0120 	 0.0000 	 1.1374 	 633.3907 	 15.0000 	 0.4781 	 6.2194 	 3.6551 	 4.8660 	 0.0000 	 0.7029 	 0.0036 
24.0000 	 1.3164 	 3.3670 	 7.6709 	 2.6967 	 0.0000 	 1.1942 	 633.3066 	 24.0000 	 1.8767 	 2.8610 	 -6.3697 	 3.4191 	 0.0000 	 1.5251 	 0.0031 
10.0000 	 0.7258 	 3.0055 	 8.4986 	 0.6813 	 0.0000 	 0.0156 	 638.0462 	 10.0000 	 0.6453 	 8.1005 	 -3.4744 	 3.4610 	 0.0000 	 0.9189 	 0.0137 
7.0000 	 0.5518 	 3.1804 	 8.9153 	 0.6459 	 0.0000 	 0.0000 	 640.5321 	 7.0000 	 0.1944 	 7.2182 	 -6.2013 	 -4.8818 	 0.0000 	 2.7015 	 0.0225 
19.0000 	 1.1375 	 3.4703 	 7.9477 	 1.8736 	 0.0000 	 1.0972 	 633.2322 	 19.0000 	 0.3378 	 4.2513 	 -5.8110 	 3.4552 	 0.0000 	 0.0770 	 0.0023 
16.0000 	 1.0054 	 8.1353 	 8.1100 	 3.0842 	 0.0000 	 0.0000 	 687.4433 	 16.0000 	 2.6543 	 5.8766 	 -6.0504 	 4.3034 	 0.0000 	 2.4319 	 0.0703 
12.0000 	 0.8312 	 2.9096 	 8.4664 	 0.6618 	 0.0000 	 0.0004 	 637.4601 	 12.0000 	 0.1151 	 1.6357 	 -9.2873 	 -1.1019 	 0.0000 	 0.7173 	 0.0122 
11.0000 	 0.7799 	 3.5210 	 7.8232 	 2.3930 	 0.0000 	 1.1733 	 634.2249 	 11.0000 	 1.2529 	 0.7929 	 -7.3672 	 2.4681 	 0.0000 	 2.9955 	 0.0120 
16.0000 	 1.0026 	 0.0000 	 8.9073 	 -4.5702 	 0.0000 	 2.5247 	 663.6889 	 16.0000 	 2.0384 	 3.2571 	 -2.8334 	 4.1019 	 0.0000 	 0.8984 	 0.0041 
20.0000 	 1.1732 	 2.0431 	 7.1960 	 5.3382 	 0.0000 	 1.3226 	 633.5334 	 20.0000 	 2.6256 	 7.6811 	 -5.4250 	 -4.7827 	 0.0000 	 2.1048 	 0.0135 
22.0000 	 1.2424 	 3.1764 	 7.6136 	 2.7272 	 0.0000 	 1.2089 	 633.2540 	 22.0000 	 0.9601 	 5.2718 	 6.0322 	 -0.1192 	 0.0000 	 2.5421 	 0.0022 
6.0000 	 0.4740 	 5.3795 	 7.5420 	 10.6844 	 0.0000 	 1.4227 	 640.1873 	 6.0000 	 2.7144 	 5.0285 	 -3.5719 	 3.5021 	 0.0000 	 1.8456 	 0.0224 
7.0000 	 0.5466 	 1.8570 	 7.1566 	 11.3135 	 0.0000 	 1.3503 	 638.0328 	 7.0000 	 2.9929 	 1.5454 	 5.0193 	 0.9977 	 0.0000 	 1.4667 	 0.0181 
11.0000 	 0.8436 	 3.7752 	 9.3096 	 0.7343 	 0.0000 	 0.0000 	 638.5937 	 11.0000 	 0.4525 	 3.6249 	 0.2429 	 0.4082 	 0.0000 	 0.1166 	 0.0129 
4.0000 	 0.3245 	 3.7025 	 9.7038 	 0.6665 	 0.0000 	 0.0011 	 647.5106 	 4.0000 	 1.1883 	 4.6871 	 -3.1666 	 -4.2844 	 0.0000 	 0.7854 	 0.0581 
18.0000 	 1.0981 	 3.4755 	 7.9544 	 1.8825 	 0.0000 	 1.0912 	 633.2381 	 18.0000 	 2.0226 	 7.2733 	 4.5423 	 2.1985 	 0.0000 	 2.6239 	 0.0024 
15.0000 	 0.9719 	 3.3392 	 7.7671 	 2.3837 	 0.0000 	 1.1829 	 633.3588 	 15.0000 	 2.7072 	 8.0999 	 5.6980 	 1.9614 	 0.0000 	 1.1845 	 0.0033 
17.0000 	 1.0527 	 3.1092 	 7.5231 	 3.1332 	 0.0000 	 1.2379 	 633.3168 	 17.0000 	 0.2773 	 6.0094 	 0.6348 	 3.2056 	 0.0000 	 0.8053 	 0.0032 
9.0000 	 0.6830 	 3.7819 	 7.4894 	 5.9911 	 0.0000 	 1.3368 	 635.9060 	 9.0000 	 0.2357 	 0.3454 	 1.1489 	 0.9584 	 0.0000 	 1.6505 	 0.0161 
11.0000 	 0.8991 	 5.1402 	 10.3830 	 0.8399 	 0.0000 	 0.0621 	 642.9772 	 11.0000 	 2.5282 	 2.9481 	 -6.3323 	 -2.4646 	 0.0000 	 0.7310 	 0.0146 
10.0000 	 0.7120 	 0.0000 	 8.9054 	 -5.1363 	 0.0000 	 2.5271 	 664.2064 	 10.0000 	 0.1061 	 2.2759 	 6.5594 	 -1.2903 	 0.0000 	 1.4927 	 0.0041 
2.0000 	 0.3045 	 18.1548 	 25.6007 	 0.8533 	 0.0000 	 0.0002 	 669.2708 	 2.0000 	 2.8870 	 6.6217 	 -8.5463 	 1.8470 	 0.0000 	 0.8901 	 0.5360 
12.0000 	 0.8214 	 2.4746 	 7.3263 	 4.1654 	 0.0000 	 1.2984 	 634.1433 	 12.0000 	 2.2092 	 0.1587 	 7.8321 	 -2.3203 	 0.0000 	 2.7397 	 0.0072 
21.0000 	 1.1634 	 0.0000 	 8.8221 	 -6.8008 	 0.0000 	 2.4672 	 664.0489 	 21.0000 	 0.7445 	 1.8268 	 7.9926 	 1.1432 	 0.0000 	 1.6497 	 0.0343 
12.0000 	 0.0013 	 5.9424 	 6.9199 	 -2.3491 	 0.0000 	 2.7296 	 892.3826 	 12.0000 	 2.3900 	 3.4160 	 4.6163 	 0.0363 	 0.0000 	 0.2711 	 0.0000 
5.0000 	 0.3823 	 3.3279 	 8.7993 	 0.7187 	 0.0000 	 0.0004 	 644.6226 	 5.0000 	 0.3533 	 7.9709 	 -6.0556 	 4.7736 	 0.0000 	 0.3536 	 0.0506 
14.0000 	 0.9309 	 1.4546 	 7.0959 	 7.1798 	 0.0000 	 1.3792 	 634.0889 	 14.0000 	 0.9670 	 2.4002 	 6.0220 	 1.5506 	 0.0000 	 2.2933 	 0.0145 
12.0000 	 0.7607 	 1.3015 	 7.0034 	 3.3006 	 0.0000 	 1.2549 	 635.6973 	 12.0000 	 1.0780 	 0.8820 	 -8.4626 	 2.2873 	 0.0000 	 2.9373 	 0.0263 
18.0000 	 1.0983 	 3.1034 	 8.4443 	 0.7198 	 0.0000 	 0.0001 	 637.1266 	 18.0000 	 0.9645 	 2.5283 	 3.6229 	 0.8059 	 0.0000 	 1.7678 	 0.0080 
5.0000 	 0.4444 	 5.8946 	 10.4701 	 1.1539 	 0.0000 	 0.8513 	 642.9833 	 5.0000 	 0.9615 	 3.0496 	 -7.8106 	 -0.3390 	 0.0000 	 2.3682 	 0.0405 
6.0000 	 0.4672 	 3.0274 	 8.7454 	 0.6388 	 0.0000 	 0.0053 	 642.3071 	 6.0000 	 2.8838 	 6.9306 	 1.2404 	 -4.4508 	 0.0000 	 2.7922 	 0.0261 
17.0000 	 1.0822 	 3.2159 	 8.6353 	 0.7177 	 0.0000 	 0.0517 	 637.0007 	 17.0000 	 2.9419 	 2.0060 	 9.5925 	 3.6067 	 0.0000 	 0.6586 	 0.0074 
1.0000 	 0.0116 	 0.0000 	 8.8281 	 -4.1211 	 0.0000 	 2.7092 	 678.4211 	 1.0000 	 1.6026 	 5.0485 	 3.8536 	 1.2007 	 0.0000 	 1.7297 	 0.4357 
10.0000 	 0.7333 	 2.8683 	 8.4662 	 0.6453 	 0.0000 	 0.0002 	 638.4868 	 10.0000 	 1.0763 	 7.0318 	 -2.7422 	 0.7393 	 0.0000 	 0.9625 	 0.0511 
1.0000 	 0.0665 	 14.3821 	 42.9166 	 10.5887 	 0.0000 	 0.0000 	 1356.9583 	 1.0000 	 1.4009 	 2.5422 	 -6.0376 	 -0.4951 	 0.0000 	 2.0727 	 0.1489 
7.0000 	 0.5256 	 2.8437 	 8.4623 	 0.6412 	 0.0000 	 0.0000 	 641.0546 	 7.0000 	 2.5993 	 4.1919 	 7.1573 	 1.6182 	 0.0000 	 1.8877 	 0.0284 
1.0000 	 0.0158 	 1.7881 	 10.5242 	 -0.1296 	 0.0000 	 0.0000 	 698.5368 	 1.0000 	 2.7474 	 3.2316 	 7.4269 	 3.7562 	 0.0000 	 1.0916 	 0.2895 
16.0000 	 1.1131 	 15.0528 	 8.4218 	 10.3735 	 0.0000 	 1.3361 	 636.0763 	 16.0000 	 2.8350 	 7.3954 	 5.7237 	 -2.3295 	 0.0000 	 0.3653 	 0.0050 
8.0000 	 0.6136 	 3.6065 	 7.5163 	 4.8194 	 0.0000 	 1.3272 	 636.5000 	 8.0000 	 2.8143 	 1.1349 	 -0.4446 	 4.2589 	 0.0000 	 1.8581 	 0.0190 
11.0000 	 0.7687 	 2.8006 	 8.3473 	 0.6567 	 0.0000 	 0.0976 	 637.9582 	 11.0000 	 0.7018 	 5.1596 	 -4.4282 	 -4.7990 	 0.0000 	 0.7711 	 0.0136 
11.0000 	 0.7996 	 3.1852 	 8.6981 	 0.6959 	 0.0000 	 0.0004 	 637.5764 	 11.0000 	 1.9585 	 8.4969 	 -2.3270 	 -4.5462 	 0.0000 	 0.2536 	 0.0126 
19.0000 	 1.1376 	 3.3782 	 7.7607 	 2.3906 	 0.0000 	 1.1757 	 633.1865 	 19.0000 	 1.4356 	 7.4120 	 -6.8757 	 1.6811 	 0.0000 	 2.8424 	 0.0020 
14.0000 	 1.2359 	 8.1489 	 13.1313 	 0.9252 	 0.0000 	 0.0000 	 652.2578 	 14.0000 	 2.9158 	 9.2755 	 -5.8745 	 -4.3186 	 0.0000 	 2.5991 	 0.0188 
4.0000 	 0.3102 	 3.5943 	 9.3892 	 0.6708 	 0.0000 	 0.0000 	 647.5555 	 4.0000 	 2.7224 	 1.4405 	 0.0938 	 -4.9661 	 0.0000 	 1.9372 	 0.0773 
15.0000 	 1.0182 	 3.3109 	 8.8846 	 0.6922 	 0.0000 	 0.0005 	 637.1743 	 15.0000 	 0.7125 	 5.4740 	 -3.1437 	 -3.2143 	 0.0000 	 1.1386 	 0.0078 
6.0000 	 0.4787 	 5.1154 	 8.4699 	 2.5010 	 0.0000 	 1.2110 	 638.8004 	 6.0000 	 0.9866 	 5.4510 	 -6.9976 	 -2.9833 	 0.0000 	 2.1958 	 0.0252 
10.0000 	 0.7928 	 6.1269 	 9.3050 	 1.9061 	 0.0000 	 1.0535 	 636.1232 	 10.0000 	 1.3449 	 0.8017 	 4.3292 	 -4.9208 	 0.0000 	 1.2657 	 0.0172 
3.0000 	 0.2616 	 4.7157 	 11.1227 	 0.6599 	 0.0000 	 0.0000 	 652.4857 	 3.0000 	 1.0359 	 3.0035 	 6.7172 	 -1.1066 	 0.0000 	 1.7616 	 0.1160 
13.0000 	 0.1826 	 7.7539 	 19.5703 	 -0.4102 	 0.0000 	 0.0001 	 1368.6603 	 13.0000 	 1.9181 	 8.1088 	 6.8089 	 -1.5030 	 0.0000 	 2.1328 	 0.2823 
2.0000 	 0.0789 	 4.4926 	 9.2354 	 1.4349 	 0.0000 	 1.7318 	 667.1686 	 2.0000 	 0.5682 	 9.5207 	 9.2045 	 -2.5788 	 0.0000 	 0.5654 	 0.5965 
4.0000 	 0.3378 	 5.7843 	 10.1953 	 1.2654 	 0.0000 	 0.9387 	 644.6942 	 4.0000 	 1.8678 	 2.3096 	 -5.5107 	 4.3397 	 0.0000 	 1.6017 	 0.0491 
8.0000 	 0.6302 	 3.4188 	 8.9165 	 0.7173 	 0.0000 	 0.0014 	 639.4337 	 8.0000 	 2.3732 	 9.5556 	 8.1520 	 -3.6182 	 0.0000 	 0.4718 	 0.0185 
16.0000 	 1.0160 	 3.4289 	 7.9288 	 1.9061 	 0.0000 	 1.1086 	 633.2997 	 16.0000 	 0.4788 	 9.2722 	 -0.0828 	 1.9585 	 0.0000 	 0.5010 	 0.0032 
6.0000 	 0.4724 	 3.1457 	 8.8222 	 0.6656 	 0.0000 	 0.0000 	 642.0769 	 6.0000 	 1.1813 	 3.5283 	 -2.8143 	 3.6706 	 0.0000 	 2.6965 	 0.0249 
14.0000 	 0.9303 	 3.0337 	 8.4830 	 0.6954 	 0.0000 	 0.0017 	 637.0886 	 14.0000 	 0.0211 	 0.9495 	 8.8348 	 4.1110 	 0.0000 	 0.7963 	 0.0098 
5.0000 	 0.3652 	 0.0000 	 8.9115 	 -6.1772 	 0.0000 	 2.5414 	 666.6908 	 5.0000 	 0.9580 	 8.0164 	 -3.8284 	 3.3485 	 0.0000 	 0.8658 	 0.0130 
6.0000 	 0.4907 	 9.9118 	 10.1590 	 2.0962 	 0.0000 	 0.0003 	 670.2631 	 6.0000 	 2.9862 	 5.3946 	 -7.1426 	 -0.2458 	 0.0000 	 2.1747 	 0.1238 
2.0000 	 0.0939 	 0.0000 	 8.9007 	 -21.9566 	 0.0000 	 2.5287 	 675.0018 	 2.0000 	 2.2136 	 2.6934 	 5.4387 	 -3.0290 	 0.0000 	 2.5224 	 0.0397 
12.0000 	 0.8460 	 3.0570 	 8.6073 	 0.6722 	 0.0000 	 0.0000 	 637.3439 	 12.0000 	 1.8626 	 5.4429 	 -5.3461 	 -2.9767 	 0.0000 	 2.9172 	 0.0085 
10.0000 	 0.7315 	 3.5825 	 7.7084 	 3.1479 	 0.0000 	 1.2512 	 634.7846 	 10.0000 	 0.9983 	 3.6736 	 -9.3877 	 2.9120 	 0.0000 	 0.3663 	 0.0221 
3.0000 	 0.2190 	 3.7140 	 9.9837 	 0.6152 	 0.0000 	 0.0687 	 652.2306 	 3.0000 	 1.1921 	 2.0333 	 -6.7553 	 2.0584 	 0.0000 	 0.4347 	 0.0717 
12.0000 	 0.8471 	 5.8715 	 7.8943 	 2.3885 	 0.0000 	 0.0004 	 674.0743 	 12.0000 	 2.0014 	 6.4376 	 2.9415 	 -2.1780 	 0.0000 	 1.9411 	 0.0629 
9.0000 	 0.7646 	 4.8736 	 10.1350 	 0.8291 	 0.0000 	 0.0000 	 642.6598 	 9.0000 	 0.7182 	 4.0536 	 1.3497 	 -3.3244 	 0.0000 	 1.9797 	 0.0215 
2.0000 	 0.0928 	 5.2921 	 7.7404 	 13.2717 	 0.0000 	 1.6947 	 659.0317 	 2.0000 	 1.5525 	 7.5421 	 9.6662 	 -2.0288 	 0.0000 	 0.4829 	 0.6765 
8.0000 	 0.6155 	 4.1249 	 8.3124 	 1.9558 	 0.0000 	 1.1517 	 636.0073 	 8.0000 	 0.7499 	 1.3277 	 9.6590 	 -3.3698 	 0.0000 	 0.8873 	 0.0438 
4.0000 	 0.3821 	 5.9581 	 11.8003 	 0.7767 	 0.0000 	 0.0009 	 650.9615 	 4.0000 	 0.6746 	 4.0387 	 -9.4798 	 0.3591 	 0.0000 	 1.8028 	 0.0764 
9.0000 	 0.6576 	 3.1374 	 7.6338 	 2.8493 	 0.0000 	 1.2406 	 635.3673 	 9.0000 	 1.4577 	 0.4776 	 6.5230 	 1.5681 	 0.0000 	 2.9948 	 0.0152 
7.0000 	 0.5944 	 10.5511 	 9.6166 	 3.5061 	 0.0000 	 1.2526 	 638.7056 	 7.0000 	 2.1488 	 9.0608 	 -1.7835 	 1.7020 	 0.0000 	 0.1697 	 0.0366 
6.0000 	 0.4589 	 3.8573 	 7.9719 	 2.5592 	 0.0000 	 1.2312 	 638.8649 	 6.0000 	 0.7196 	 5.2435 	 -4.6526 	 1.3339 	 0.0000 	 1.4310 	 0.0251 
3.0000 	 0.1859 	 4.9314 	 7.6818 	 6.4922 	 0.0000 	 1.3967 	 650.7021 	 3.0000 	 1.0940 	 0.3220 	 9.3453 	 0.8347 	 0.0000 	 2.7706 	 0.0645 
3.0000 	 0.2883 	 4.6556 	 11.8267 	 0.5636 	 0.0000 	 0.0003 	 654.7748 	 3.0000 	 2.0109 	 9.7334 	 -2.7008 	 -2.1174 	 0.0000 	 1.6771 	 0.1085 
13.0000 	 0.9283 	 3.5148 	 9.0075 	 0.7182 	 0.0000 	 0.0001 	 637.6147 	 13.0000 	 1.2074 	 3.1483 	 1.6505 	 2.8123 	 0.0000 	 1.7198 	 0.0095 
10.0000 	 0.7288 	 3.0181 	 8.5577 	 0.6795 	 0.0000 	 0.0000 	 637.9528 	 10.0000 	 0.9581 	 0.4669 	 -7.8223 	 -2.8019 	 0.0000 	 0.3199 	 0.0174 
4.0000 	 0.3107 	 5.2477 	 9.2872 	 1.5526 	 0.0000 	 1.0309 	 644.0022 	 4.0000 	 1.1487 	 9.1282 	 -2.1679 	 4.7314 	 0.0000 	 0.7769 	 0.0582 
7.0000 	 0.5363 	 3.6978 	 8.2469 	 1.6629 	 0.0000 	 1.0737 	 637.2585 	 7.0000 	 1.2524 	 7.8689 	 -7.9499 	 -3.7998 	 0.0000 	 0.0182 	 0.0224 
1.0000 	 0.1727 	 2.9093 	 14.5220 	 0.1630 	 0.0000 	 0.0001 	 700.6885 	 1.0000 	 0.3082 	 8.6081 	 3.0519 	 -0.4025 	 0.0000 	 1.3815 	 0.5517 
3.0000 	 0.2566 	 4.3359 	 10.9253 	 0.6177 	 0.0000 	 0.0033 	 652.1236 	 3.0000 	 1.2350 	 3.6496 	 7.9592 	 -4.1546 	 0.0000 	 1.8355 	 0.0944 
8.0000 	 0.5981 	 1.9380 	 7.2168 	 6.4700 	 0.0000 	 1.3371 	 636.6202 	 8.0000 	 1.7034 	 6.8807 	 1.0989 	 3.8171 	 0.0000 	 1.2720 	 0.0198 
2.0000 	 0.0919 	 0.2168 	 9.1958 	 -0.3943 	 0.0000 	 2.5135 	 672.6526 	 2.0000 	 2.2977 	 2.4559 	 3.2210 	 1.9026 	 0.0000 	 0.9535 	 0.0453 
5.0000 	 0.4200 	 26.4143 	 8.0399 	 28.4884 	 0.0000 	 1.4110 	 642.2274 	 5.0000 	 1.9536 	 6.0942 	 2.6857 	 1.3454 	 0.0000 	 0.6568 	 0.0667 
7.0000 	 0.5169 	 2.0992 	 7.2714 	 4.2974 	 0.0000 	 1.3371 	 637.8578 	 7.0000 	 1.5891 	 9.1126 	 1.0852 	 3.3293 	 0.0000 	 1.7615 	 0.0195 
10.0000 	 0.7300 	 3.0673 	 8.5659 	 0.6887 	 0.0000 	 0.0092 	 637.9870 	 10.0000 	 1.7698 	 2.9307 	 8.8653 	 -1.1213 	 0.0000 	 0.4224 	 0.0140 
1.0000 	 0.0111 	 2.3304 	 10.3914 	 -0.0508 	 0.0000 	 0.0000 	 693.0552 	 1.0000 	 1.4993 	 2.7718 	 4.5668 	 -0.0112 	 0.0000 	 2.9561 	 0.2474 
4.0000 	 0.4230 	 8.5055 	 13.7031 	 0.9101 	 0.0000 	 0.0001 	 655.5062 	 4.0000 	 1.5661 	 8.8682 	 6.3596 	 -1.3160 	 0.0000 	 0.4679 	 0.0684 
3.0000 	 0.1981 	 4.6577 	 9.3562 	 1.1889 	 0.0000 	 0.8671 	 649.6065 	 3.0000 	 0.6725 	 6.9620 	 8.3503 	 -1.0048 	 0.0000 	 0.2116 	 0.0602 
6.0000 	 0.5253 	 9.2231 	 10.2089 	 2.3555 	 0.0000 	 1.1337 	 640.2954 	 6.0000 	 0.0561 	 2.5061 	 3.0984 	 -0.1657 	 0.0000 	 0.9702 	 0.0367 
2.0000 	 0.1241 	 1.9423 	 9.9691 	 0.2946 	 0.0000 	 1.7610 	 668.2787 	 2.0000 	 0.3612 	 6.1766 	 0.5762 	 3.6023 	 0.0000 	 1.2068 	 0.0781 
5.0000 	 0.4095 	 5.4086 	 9.1889 	 1.7151 	 0.0000 	 1.0841 	 640.9861 	 5.0000 	 0.3952 	 0.4012 	 3.4835 	 -4.7774 	 0.0000 	 2.1000 	 0.0555 
3.0000 	 0.1982 	 5.1025 	 9.9302 	 0.9089 	 0.0000 	 0.0000 	 655.9400 	 3.0000 	 1.4420 	 9.9003 	 -2.8138 	 2.4659 	 0.0000 	 1.4401 	 0.0759 
1.0000 	 0.0097 	 0.6476 	 9.2273 	 -0.1030 	 0.0000 	 2.3631 	 674.7451 	 1.0000 	 2.3748 	 5.6224 	 -1.3716 	 -2.6155 	 0.0000 	 1.4881 	 0.1713 
