50.0000 	 0.0099 	 0.3418 	 0.6383 	 19.1461 	 4.8885 	 5.5017 	 7.5411 	 0.2962 	 0.0000 	 1.7151 	 546.1631 	 50.0000 	 0.9652 	 0.5109 	 0.8302 	 5.1021 	 4.2983 	 7.6608 	 2.8208 	 0.6342 	 0.0000 	 2.8936 	 0.0000 
49.0000 	 0.0052 	 0.9999 	 0.4244 	 1.3178 	 9.8196 	 0.0003 	 6.5543 	 3.6933 	 0.0000 	 1.7151 	 546.1632 	 49.0000 	 0.4268 	 0.1323 	 0.7198 	 3.6622 	 0.1087 	 7.0560 	 1.6974 	 0.6291 	 0.0000 	 0.9868 	 0.0000 
49.0000 	 0.0021 	 1.0000 	 0.5774 	 8.5736 	 9.9951 	 6.5578 	 0.6162 	 7.2195 	 0.0000 	 1.7159 	 546.1631 	 49.0000 	 0.7952 	 0.2354 	 0.9034 	 6.4592 	 9.7670 	 3.6943 	 1.7060 	 -2.8585 	 0.0000 	 0.6589 	 0.0000 
50.0000 	 0.0010 	 0.4242 	 0.6138 	 5.0642 	 8.8977 	 5.6350 	 0.8502 	 6.9849 	 0.0000 	 1.7150 	 546.1630 	 50.0000 	 0.2545 	 0.3792 	 0.4052 	 9.8402 	 9.8611 	 4.5806 	 0.3717 	 -1.9459 	 0.0000 	 1.8437 	 0.0000 
49.0000 	 0.0027 	 0.7536 	 0.6320 	 1.2748 	 0.0198 	 9.6567 	 9.9940 	 -2.1580 	 0.0000 	 1.7147 	 546.1630 	 49.0000 	 0.9937 	 0.9538 	 0.9004 	 11.6037 	 6.5689 	 4.4302 	 2.6737 	 -2.2067 	 0.0000 	 2.8528 	 0.0000 
49.0000 	 0.0133 	 0.1137 	 0.9978 	 6.7104 	 8.6601 	 2.4599 	 0.9240 	 6.7244 	 0.0000 	 1.7147 	 542.1993 	 49.0000 	 0.1985 	 0.6264 	 0.5724 	 14.4180 	 5.4716 	 7.6645 	 1.9705 	 1.3185 	 0.0000 	 2.7694 	 0.0027 
50.0000 	 0.0011 	 0.6796 	 0.9935 	 1.6427 	 3.4872 	 0.4955 	 4.7678 	 3.0717 	 0.0000 	 1.7152 	 546.1627 	 50.0000 	 0.2545 	 0.3792 	 0.4052 	 9.8402 	 9.8611 	 4.5806 	 0.3717 	 -1.9459 	 0.0000 	 1.8437 	 0.0000 
50.0000 	 0.0019 	 0.8932 	 0.4430 	 1.9025 	 7.9561 	 0.0010 	 9.9484 	 1.5405 	 0.0000 	 1.7149 	 546.1626 	 50.0000 	 0.2545 	 0.3792 	 0.4052 	 9.8402 	 9.8611 	 4.5806 	 0.3717 	 -1.9459 	 0.0000 	 1.8437 	 0.0001 
49.0000 	 0.0310 	 0.0048 	 0.9916 	 48.0837 	 0.0073 	 5.6859 	 8.8839 	 -1.0583 	 0.0000 	 1.7375 	 546.2403 	 49.0000 	 0.2755 	 0.7937 	 0.0393 	 1.0357 	 0.4339 	 3.7687 	 0.2796 	 2.5671 	 0.0000 	 0.4290 	 0.0021 
50.0000 	 0.0860 	 0.2009 	 0.9068 	 2.4835 	 2.7471 	 4.5949 	 0.0024 	 7.8333 	 0.0000 	 1.7152 	 546.1633 	 50.0000 	 0.9514 	 0.1762 	 0.4692 	 10.2106 	 4.4655 	 4.2463 	 1.6647 	 -1.5544 	 0.0000 	 0.2870 	 0.0001 
49.0000 	 0.0538 	 0.0355 	 1.0000 	 6.2689 	 9.8255 	 9.9011 	 0.0024 	 7.8396 	 0.0000 	 1.7278 	 546.2201 	 49.0000 	 0.7952 	 0.2354 	 0.9034 	 6.4592 	 9.7670 	 3.6943 	 1.7060 	 -2.8585 	 0.0000 	 0.6589 	 0.0031 
50.0000 	 0.0130 	 0.1488 	 1.0000 	 4.6646 	 9.6978 	 7.4571 	 0.8664 	 6.9723 	 0.0000 	 1.7139 	 546.1634 	 50.0000 	 0.3122 	 0.2122 	 0.4612 	 9.4888 	 6.2803 	 6.0663 	 1.3022 	 -2.6961 	 0.0000 	 2.1276 	 0.0000 
48.0000 	 0.0125 	 0.3536 	 0.7822 	 9.8997 	 0.9651 	 2.3597 	 7.9383 	 -0.1030 	 0.0000 	 1.7144 	 546.1630 	 48.0000 	 0.5423 	 0.5010 	 0.6225 	 8.6671 	 8.6374 	 9.3132 	 1.1385 	 -1.6804 	 0.0000 	 0.4234 	 0.0000 
49.0000 	 0.0010 	 0.9999 	 0.7672 	 1.8159 	 9.9213 	 0.0000 	 0.0040 	 7.8329 	 0.0000 	 1.7144 	 546.1630 	 49.0000 	 0.2733 	 0.6905 	 0.9539 	 6.6054 	 1.7271 	 7.7441 	 1.7403 	 -1.6714 	 0.0000 	 0.2566 	 0.0000 
48.0000 	 0.0015 	 0.9077 	 0.7995 	 30.8214 	 6.3854 	 3.3592 	 5.1035 	 2.7188 	 0.0000 	 1.7480 	 546.2546 	 48.0000 	 0.8106 	 0.0928 	 0.5029 	 4.3087 	 7.9781 	 2.7045 	 2.4816 	 -1.0233 	 0.0000 	 2.4884 	 0.0001 
48.0000 	 0.0129 	 0.3438 	 0.5874 	 17.8391 	 4.4938 	 9.9450 	 6.9518 	 0.8841 	 0.0000 	 1.7144 	 546.1628 	 48.0000 	 0.1391 	 0.5452 	 0.9182 	 10.4035 	 7.7906 	 1.4636 	 0.3666 	 2.3428 	 0.0000 	 0.3497 	 0.0000 
49.0000 	 0.0759 	 0.6382 	 0.9800 	 9.1151 	 4.1306 	 4.2064 	 3.2724 	 4.5633 	 0.0000 	 1.7147 	 546.1629 	 49.0000 	 0.5753 	 0.2688 	 0.9638 	 14.9301 	 4.4228 	 6.0246 	 2.5901 	 -2.7184 	 0.0000 	 1.7006 	 0.0000 
47.0000 	 0.0010 	 0.1639 	 0.4684 	 17.7124 	 6.4719 	 4.1679 	 0.7641 	 7.0717 	 0.0000 	 1.7146 	 546.1630 	 47.0000 	 0.2533 	 0.9717 	 0.0990 	 8.7837 	 0.8133 	 7.4674 	 0.5921 	 -2.5224 	 0.0000 	 0.6806 	 0.0000 
47.0000 	 0.0010 	 0.0360 	 0.0014 	 1.5660 	 9.8375 	 9.2553 	 9.3344 	 7.8399 	 0.0000 	 1.7086 	 583.8086 	 47.0000 	 0.5150 	 0.0695 	 0.5369 	 12.1475 	 4.0513 	 0.7545 	 1.1497 	 0.9036 	 0.0000 	 1.5297 	 0.0493 
48.0000 	 0.0056 	 0.0559 	 0.9421 	 8.2652 	 0.0515 	 9.9073 	 0.6988 	 7.1388 	 0.0000 	 1.7187 	 546.1643 	 48.0000 	 0.6058 	 0.7176 	 0.8055 	 10.5149 	 6.5661 	 0.4642 	 1.6969 	 0.1065 	 0.0000 	 0.6873 	 0.0000 
46.0000 	 0.0010 	 0.0012 	 0.0010 	 50.0000 	 8.6221 	 4.9113 	 0.1671 	 7.8216 	 0.0000 	 1.7009 	 583.8452 	 46.0000 	 0.9278 	 0.7729 	 0.1035 	 2.0660 	 9.2959 	 9.1796 	 1.6345 	 2.1681 	 0.0000 	 0.3332 	 0.0433 
47.0000 	 0.0643 	 0.8821 	 0.5402 	 1.4767 	 3.5616 	 0.0000 	 0.0000 	 7.8406 	 0.0000 	 1.7180 	 546.1647 	 47.0000 	 0.7794 	 0.7239 	 0.3241 	 2.7735 	 8.7413 	 3.2236 	 1.8999 	 -0.6144 	 0.0000 	 0.7695 	 0.0004 
47.0000 	 0.0042 	 0.8956 	 0.3575 	 9.0340 	 5.0795 	 0.0042 	 8.9978 	 2.1143 	 0.0000 	 1.7160 	 546.1764 	 47.0000 	 0.6325 	 0.5020 	 0.4643 	 6.4912 	 6.9595 	 4.9669 	 2.7131 	 0.4653 	 0.0000 	 0.6024 	 0.0001 
46.0000 	 0.0607 	 0.1441 	 0.8122 	 10.5706 	 5.1201 	 3.2242 	 3.5270 	 4.3090 	 0.0000 	 1.7138 	 546.1630 	 46.0000 	 0.1773 	 0.3575 	 0.3610 	 13.8862 	 3.5110 	 3.6010 	 2.4666 	 -1.2354 	 0.0000 	 2.4744 	 0.0000 
47.0000 	 0.0179 	 0.0597 	 0.6380 	 14.7870 	 0.2426 	 8.1098 	 0.0000 	 7.8373 	 0.0000 	 1.7155 	 546.1639 	 47.0000 	 0.1469 	 0.5791 	 0.9005 	 10.2022 	 1.7502 	 1.8668 	 0.9873 	 0.8488 	 0.0000 	 0.5277 	 0.0001 
49.0000 	 0.8298 	 1.0000 	 0.9925 	 11.5701 	 4.5270 	 2.5653 	 1.2430 	 6.6067 	 0.0000 	 1.7064 	 546.0074 	 49.0000 	 0.8643 	 0.8467 	 0.7247 	 12.2077 	 7.6462 	 7.1177 	 0.4977 	 0.2572 	 0.0000 	 2.6836 	 0.0000 
49.0000 	 0.8079 	 0.0812 	 1.0000 	 43.6679 	 5.4806 	 1.2697 	 0.0076 	 7.8279 	 0.0000 	 1.7151 	 546.1633 	 49.0000 	 0.0638 	 0.7586 	 0.0467 	 1.7696 	 2.3895 	 4.8126 	 2.4252 	 -0.0829 	 0.0000 	 1.4062 	 0.0000 
46.0000 	 0.3876 	 0.3335 	 0.8598 	 3.8683 	 8.7297 	 0.5285 	 0.1922 	 7.6713 	 0.0000 	 1.7167 	 546.1670 	 46.0000 	 0.1486 	 0.7496 	 0.9936 	 1.6422 	 9.5328 	 0.0030 	 1.6363 	 0.2828 	 0.0000 	 1.5983 	 0.0002 
45.0000 	 0.0010 	 0.0269 	 0.0013 	 2.1709 	 9.2235 	 7.8991 	 3.3333 	 7.8278 	 0.0000 	 1.7025 	 583.8367 	 45.0000 	 0.6709 	 0.8989 	 0.3039 	 11.8138 	 1.4809 	 3.8009 	 0.3362 	 -1.0145 	 0.0000 	 1.0477 	 0.0393 
46.0000 	 0.0010 	 0.8216 	 0.2429 	 1.0200 	 9.9999 	 0.0002 	 9.9833 	 1.4927 	 0.0000 	 1.7249 	 546.2657 	 46.0000 	 0.4764 	 0.3754 	 0.8235 	 5.4985 	 5.6831 	 0.7331 	 0.3014 	 -1.8721 	 0.0000 	 2.5314 	 0.0012 
45.0000 	 0.0012 	 0.2830 	 0.6015 	 4.6513 	 2.7114 	 7.0849 	 4.0749 	 3.7609 	 0.0000 	 1.7146 	 546.1630 	 45.0000 	 0.2838 	 0.3360 	 0.0564 	 14.2658 	 0.4699 	 8.4544 	 2.4358 	 2.5733 	 0.0000 	 1.3244 	 0.0000 
45.0000 	 0.0153 	 0.9312 	 0.4883 	 4.1442 	 1.4164 	 2.6836 	 0.0100 	 7.8284 	 0.0000 	 1.7150 	 546.1633 	 45.0000 	 0.9774 	 0.0690 	 0.0477 	 13.8787 	 3.1625 	 1.1288 	 2.1560 	 0.0250 	 0.0000 	 1.3985 	 0.0001 
46.0000 	 0.2500 	 0.1042 	 0.9959 	 1.1015 	 9.9979 	 1.7864 	 9.4188 	 5.3640 	 0.0000 	 0.0000 	 626.4571 	 46.0000 	 0.9187 	 0.2900 	 0.4371 	 3.8481 	 5.0446 	 6.0217 	 2.2107 	 -0.3089 	 0.0000 	 1.1489 	 0.2971 
46.0000 	 0.0013 	 0.5772 	 0.3715 	 15.7957 	 0.0148 	 3.4743 	 3.9478 	 3.8879 	 0.0000 	 1.7146 	 546.1634 	 46.0000 	 0.3881 	 0.4793 	 0.6691 	 13.3517 	 0.1362 	 1.6942 	 2.8341 	 -0.4338 	 0.0000 	 1.5836 	 0.0000 
47.0000 	 0.0010 	 0.0144 	 0.9145 	 49.9986 	 7.3743 	 0.0000 	 9.9221 	 1.6523 	 0.0000 	 1.9416 	 540.5254 	 47.0000 	 0.2126 	 0.2954 	 0.7907 	 11.9013 	 4.1439 	 4.0213 	 1.3069 	 0.8626 	 0.0000 	 1.0207 	 0.3662 
45.0000 	 0.0053 	 0.0116 	 1.0000 	 43.0347 	 7.9455 	 6.2145 	 8.6978 	 -0.8608 	 0.0000 	 1.7147 	 546.1630 	 45.0000 	 0.1497 	 0.6228 	 0.1932 	 5.2290 	 9.7673 	 2.0847 	 1.8111 	 -1.7813 	 0.0000 	 0.0694 	 0.0001 
45.0000 	 0.0022 	 0.5405 	 0.4713 	 31.1961 	 3.7814 	 0.0031 	 5.2933 	 4.4695 	 0.0000 	 1.7166 	 546.1639 	 45.0000 	 0.8448 	 0.3809 	 0.5817 	 5.4650 	 4.1150 	 9.0095 	 1.8420 	 -2.1634 	 0.0000 	 2.0709 	 0.0000 
44.0000 	 0.0014 	 0.0857 	 0.9907 	 2.5461 	 6.2930 	 4.0636 	 0.0981 	 7.7528 	 0.0000 	 1.7159 	 546.1868 	 44.0000 	 0.2009 	 0.6403 	 0.2972 	 2.7837 	 6.5152 	 0.1862 	 0.2196 	 0.3541 	 0.0000 	 1.9574 	 0.0010 
45.0000 	 0.0159 	 0.0528 	 0.6214 	 17.6768 	 4.5800 	 0.0021 	 3.0959 	 5.8737 	 0.0000 	 1.7137 	 546.1635 	 45.0000 	 0.1502 	 0.0899 	 0.8743 	 3.2872 	 8.6642 	 9.8302 	 0.4076 	 -0.4610 	 0.0000 	 1.7801 	 0.0000 
44.0000 	 0.0560 	 0.6694 	 0.9532 	 39.4846 	 0.7615 	 2.5013 	 9.9980 	 -2.1624 	 0.0000 	 1.7144 	 546.1630 	 44.0000 	 0.0924 	 0.9959 	 0.0635 	 12.6528 	 3.2082 	 7.7258 	 2.2721 	 2.5648 	 0.0000 	 2.6996 	 0.0000 
43.0000 	 0.2983 	 0.2876 	 0.8444 	 6.7490 	 9.3037 	 9.1513 	 0.2103 	 7.6258 	 0.0000 	 1.7150 	 546.1630 	 43.0000 	 0.7464 	 0.0824 	 0.3093 	 7.5163 	 9.7694 	 9.5713 	 0.2954 	 2.6170 	 0.0000 	 1.8616 	 0.0000 
44.0000 	 0.0010 	 0.8588 	 0.9735 	 42.8256 	 8.9354 	 8.1786 	 0.3852 	 7.4502 	 0.0000 	 1.7147 	 546.1630 	 44.0000 	 0.9248 	 0.2993 	 0.0973 	 2.0964 	 1.4816 	 2.6601 	 2.3135 	 0.6849 	 0.0000 	 0.5166 	 0.0000 
46.0000 	 0.0029 	 0.7283 	 0.9055 	 9.9391 	 8.0818 	 2.0799 	 0.0075 	 7.8286 	 0.0000 	 1.7143 	 546.1630 	 46.0000 	 0.6171 	 0.6389 	 0.1231 	 7.4460 	 5.6425 	 2.7619 	 2.5877 	 -2.1124 	 0.0000 	 2.4379 	 0.0000 
47.0000 	 0.6445 	 0.0883 	 1.0000 	 11.5067 	 7.6624 	 1.1584 	 6.1890 	 1.9160 	 0.0000 	 1.7470 	 546.3123 	 47.0000 	 0.7292 	 0.0983 	 0.9703 	 12.7516 	 7.2482 	 6.1038 	 0.8170 	 1.4937 	 0.0000 	 2.9701 	 0.3529 
46.0000 	 0.0511 	 0.3747 	 0.9973 	 4.7925 	 2.1419 	 5.4002 	 0.1632 	 7.6726 	 0.0000 	 1.7142 	 546.1628 	 46.0000 	 0.3404 	 0.3500 	 0.3244 	 11.6993 	 9.9196 	 8.3383 	 2.4058 	 -0.6408 	 0.0000 	 0.9684 	 0.0000 
43.0000 	 0.0014 	 0.1211 	 0.9982 	 7.5388 	 8.7475 	 9.9968 	 0.0026 	 7.8354 	 0.0000 	 1.7092 	 546.1531 	 43.0000 	 0.1295 	 0.1271 	 0.2667 	 7.1742 	 5.5186 	 6.7616 	 0.4120 	 -2.1545 	 0.0000 	 0.4863 	 0.0026 
46.0000 	 0.0016 	 0.0255 	 0.7122 	 27.0291 	 4.8488 	 9.7447 	 1.5192 	 6.3159 	 0.0000 	 1.7148 	 546.1631 	 46.0000 	 0.4080 	 0.0684 	 0.5148 	 5.1035 	 4.9799 	 3.1362 	 1.1656 	 -1.5512 	 0.0000 	 0.8439 	 0.0000 
45.0000 	 0.0235 	 0.2790 	 0.8182 	 18.8244 	 3.8025 	 4.3750 	 9.5310 	 -1.7175 	 0.0000 	 1.7249 	 545.3725 	 45.0000 	 0.3978 	 0.8035 	 0.8247 	 4.4904 	 5.0023 	 9.9319 	 2.1056 	 -2.8516 	 0.0000 	 2.1489 	 0.0158 
45.0000 	 0.0012 	 0.2649 	 0.5043 	 3.6712 	 0.1743 	 0.2905 	 0.0000 	 7.8449 	 0.0000 	 1.7183 	 546.1657 	 45.0000 	 0.0095 	 0.9024 	 0.4859 	 6.6789 	 3.4556 	 6.2835 	 1.0363 	 1.1199 	 0.0000 	 1.7136 	 0.0037 
44.0000 	 0.0067 	 0.5379 	 0.3277 	 6.7929 	 10.0000 	 0.0006 	 4.8714 	 4.7472 	 0.0000 	 1.7081 	 546.1418 	 44.0000 	 0.0766 	 0.7823 	 0.4119 	 10.2848 	 6.1262 	 2.9365 	 1.9582 	 0.8606 	 0.0000 	 0.9890 	 0.0004 
43.0000 	 0.0010 	 0.0189 	 0.0010 	 3.3387 	 7.4553 	 6.5212 	 9.5598 	 7.8111 	 0.0000 	 1.6781 	 583.8754 	 43.0000 	 0.8858 	 0.1072 	 0.5883 	 8.7554 	 4.6373 	 2.9380 	 0.4186 	 -1.1856 	 0.0000 	 0.3607 	 0.0778 
43.0000 	 0.0013 	 0.8369 	 0.6254 	 1.0749 	 0.0313 	 8.9579 	 9.9407 	 -2.1047 	 0.0000 	 1.7148 	 546.1630 	 43.0000 	 0.7473 	 0.6488 	 0.0727 	 14.2624 	 1.8574 	 6.8261 	 1.6274 	 -1.4735 	 0.0000 	 0.6929 	 0.0000 
41.0000 	 0.1360 	 0.2254 	 0.8647 	 13.2569 	 9.1982 	 8.8483 	 1.2557 	 6.5798 	 0.0000 	 1.7143 	 546.1630 	 41.0000 	 0.6940 	 0.3413 	 0.1546 	 10.3099 	 9.7543 	 9.0419 	 0.4618 	 2.1549 	 0.0000 	 2.8405 	 0.0000 
42.0000 	 0.0067 	 0.3325 	 0.5254 	 7.8909 	 1.8006 	 0.0951 	 0.1161 	 7.7489 	 0.0000 	 1.7145 	 546.1627 	 42.0000 	 0.0879 	 0.6428 	 0.3428 	 13.6764 	 4.7183 	 1.5437 	 2.8624 	 0.1859 	 0.0000 	 1.8228 	 0.0000 
45.0000 	 0.0023 	 0.1881 	 0.3759 	 21.5325 	 2.8593 	 2.7542 	 0.9748 	 6.8639 	 0.0000 	 1.7139 	 546.1639 	 45.0000 	 0.0408 	 0.4475 	 0.6753 	 1.2490 	 8.6523 	 8.1078 	 0.0408 	 0.0795 	 0.0000 	 1.9781 	 0.0001 
43.0000 	 0.0011 	 0.9034 	 0.3591 	 21.1741 	 0.0626 	 2.5995 	 9.9338 	 -2.0972 	 0.0000 	 1.7159 	 546.1634 	 43.0000 	 0.9684 	 0.5374 	 0.5761 	 8.8283 	 1.7777 	 5.1446 	 2.7079 	 1.5034 	 0.0000 	 0.3049 	 0.0001 
42.0000 	 0.0014 	 0.0250 	 0.6851 	 49.8060 	 2.5681 	 7.1146 	 9.9997 	 -2.1648 	 0.0000 	 1.7147 	 546.1630 	 42.0000 	 0.1766 	 0.7401 	 0.5887 	 8.4271 	 8.4264 	 5.0978 	 0.0752 	 -1.6743 	 0.0000 	 2.6393 	 0.0000 
43.0000 	 0.0017 	 0.1183 	 0.9416 	 34.3439 	 9.7965 	 5.7289 	 9.9198 	 -2.1175 	 0.0000 	 1.7007 	 546.2231 	 43.0000 	 0.6632 	 0.9651 	 0.6061 	 14.0787 	 9.5182 	 9.2746 	 1.3804 	 -1.1238 	 0.0000 	 1.2110 	 0.0000 
45.0000 	 0.0543 	 0.7995 	 0.7212 	 11.8677 	 2.3360 	 1.6439 	 3.7320 	 4.1028 	 0.0000 	 1.7145 	 546.1630 	 45.0000 	 0.4304 	 0.9428 	 0.9598 	 7.6550 	 2.3318 	 1.7239 	 2.7875 	 2.9048 	 0.0000 	 2.1343 	 0.0000 
44.0000 	 0.0059 	 0.1313 	 0.6849 	 47.9010 	 7.5582 	 1.9262 	 0.2460 	 7.5928 	 0.0000 	 1.7160 	 546.1635 	 44.0000 	 0.3198 	 0.8311 	 0.2958 	 1.8187 	 7.4872 	 2.8880 	 0.4627 	 -1.3091 	 0.0000 	 0.0372 	 0.0000 
42.0000 	 0.0010 	 0.9389 	 0.4007 	 14.7425 	 9.2140 	 7.4188 	 0.0355 	 7.7999 	 0.0000 	 1.7146 	 546.1631 	 42.0000 	 0.8951 	 0.0175 	 0.4029 	 11.2955 	 3.9795 	 6.8548 	 2.4538 	 2.9440 	 0.0000 	 0.1883 	 0.0000 
41.0000 	 0.0010 	 0.1186 	 0.4185 	 15.4373 	 1.2034 	 0.0010 	 9.7170 	 1.6795 	 0.0000 	 1.7131 	 546.1634 	 41.0000 	 0.8096 	 0.1226 	 0.2665 	 11.4358 	 9.3255 	 3.3603 	 2.2515 	 -1.7553 	 0.0000 	 1.9545 	 0.0002 
43.0000 	 0.0127 	 0.7167 	 0.6835 	 1.1503 	 1.1244 	 0.0037 	 2.2731 	 6.3867 	 0.0000 	 1.7146 	 546.1626 	 43.0000 	 0.2584 	 0.2769 	 0.0923 	 5.3977 	 0.5029 	 2.1261 	 1.9795 	 1.8676 	 0.0000 	 1.1725 	 0.0000 
42.0000 	 0.0011 	 0.1037 	 0.4874 	 39.9882 	 9.4519 	 8.7934 	 0.0324 	 7.8039 	 0.0000 	 1.7146 	 546.1630 	 42.0000 	 0.8496 	 0.7926 	 0.0378 	 1.7207 	 3.9556 	 1.0635 	 1.3879 	 1.2099 	 0.0000 	 0.9782 	 0.0001 
43.0000 	 0.0014 	 0.4988 	 0.9708 	 11.4583 	 7.1768 	 10.0000 	 4.0315 	 3.8040 	 0.0000 	 1.7146 	 546.1630 	 43.0000 	 0.3099 	 0.9391 	 0.9702 	 6.0367 	 4.9359 	 9.9646 	 2.8788 	 1.9350 	 0.0000 	 1.7626 	 0.0000 
40.0000 	 0.0012 	 0.7911 	 0.7595 	 2.4808 	 1.0720 	 6.3509 	 0.6677 	 7.1681 	 0.0000 	 1.7146 	 546.1629 	 40.0000 	 0.6607 	 0.9986 	 0.7339 	 2.8713 	 9.9348 	 4.7057 	 2.2252 	 2.0928 	 0.0000 	 1.2183 	 0.0000 
40.0000 	 0.0048 	 0.1739 	 0.4072 	 46.3309 	 0.9715 	 2.2816 	 10.0000 	 -2.1638 	 0.0000 	 1.7151 	 546.1646 	 40.0000 	 0.5425 	 0.9627 	 0.0497 	 12.9520 	 2.4955 	 4.1066 	 2.4948 	 -2.0731 	 0.0000 	 2.2126 	 0.0001 
43.0000 	 0.0075 	 0.0833 	 0.0010 	 2.2255 	 2.5034 	 7.7348 	 8.6997 	 7.7742 	 0.0000 	 1.7135 	 621.4435 	 43.0000 	 0.8310 	 0.9604 	 0.7796 	 14.9297 	 3.9681 	 2.8830 	 1.9236 	 -1.3448 	 0.0000 	 1.1705 	 0.0384 
40.0000 	 0.0010 	 0.9911 	 0.3870 	 10.9154 	 8.5670 	 9.9443 	 0.0002 	 7.8344 	 0.0000 	 1.7139 	 546.1630 	 40.0000 	 0.8066 	 0.1966 	 0.0687 	 2.5891 	 7.8096 	 0.9571 	 2.3137 	 -2.5820 	 0.0000 	 0.1905 	 0.0019 
40.0000 	 0.0010 	 0.6177 	 0.4807 	 26.5285 	 0.7068 	 6.5804 	 0.0053 	 7.8301 	 0.0000 	 1.7145 	 546.1630 	 40.0000 	 0.9559 	 0.3309 	 0.3403 	 12.4277 	 8.4809 	 4.1212 	 0.0083 	 0.3576 	 0.0000 	 0.7711 	 0.0001 
43.0000 	 0.0094 	 0.2993 	 0.9858 	 36.5636 	 1.2527 	 0.0013 	 9.2947 	 1.9747 	 0.0000 	 1.6907 	 538.0917 	 43.0000 	 0.0511 	 0.9407 	 0.6374 	 12.1158 	 4.2836 	 4.6218 	 2.2744 	 0.3534 	 0.0000 	 2.1602 	 0.0000 
40.0000 	 0.0401 	 0.0814 	 0.7579 	 19.9102 	 0.1889 	 0.5574 	 9.9835 	 -2.1470 	 0.0000 	 1.7136 	 546.1630 	 40.0000 	 0.5304 	 0.9685 	 0.0812 	 3.3280 	 2.6555 	 1.1547 	 1.3893 	 -1.6838 	 0.0000 	 1.7651 	 0.0000 
41.0000 	 0.0010 	 0.8478 	 0.4492 	 1.4321 	 0.2291 	 8.0718 	 9.9615 	 -2.1376 	 0.0000 	 1.7124 	 546.1700 	 41.0000 	 0.9070 	 0.6088 	 0.9829 	 14.2390 	 3.2094 	 7.9747 	 2.5267 	 -2.6787 	 0.0000 	 0.2981 	 0.0005 
42.0000 	 0.0097 	 0.5834 	 1.0000 	 3.3377 	 4.7582 	 7.0194 	 1.2913 	 6.5431 	 0.0000 	 1.7144 	 546.1630 	 42.0000 	 0.6213 	 0.5683 	 0.4230 	 3.2016 	 9.5774 	 7.5289 	 1.8384 	 2.3941 	 0.0000 	 1.2757 	 0.0001 
38.0000 	 0.0029 	 0.3543 	 0.7351 	 7.3077 	 0.2395 	 3.6367 	 2.9696 	 4.8655 	 0.0000 	 1.7150 	 546.1630 	 38.0000 	 0.6904 	 0.6596 	 0.1443 	 10.2606 	 0.6200 	 7.7050 	 2.0306 	 2.8560 	 0.0000 	 1.4618 	 0.0000 
42.0000 	 0.0021 	 0.4122 	 0.4906 	 33.0043 	 4.0147 	 9.9841 	 4.1190 	 3.7169 	 0.0000 	 1.7146 	 546.1630 	 42.0000 	 0.7499 	 0.1484 	 0.4174 	 13.1256 	 4.7242 	 4.0443 	 1.9111 	 -0.7029 	 0.0000 	 2.5728 	 0.0001 
42.0000 	 0.0146 	 0.4085 	 0.5527 	 2.8965 	 1.0039 	 2.9534 	 0.0099 	 7.8241 	 0.0000 	 1.7126 	 546.1639 	 42.0000 	 0.8442 	 0.1893 	 0.5910 	 12.4883 	 9.1931 	 1.3987 	 2.1440 	 -0.9646 	 0.0000 	 0.7902 	 0.0001 
40.0000 	 0.4541 	 0.8635 	 0.9970 	 22.2812 	 0.1536 	 8.3866 	 1.9124 	 5.9238 	 0.0000 	 1.7146 	 546.1630 	 40.0000 	 0.3967 	 0.6005 	 0.9880 	 14.5767 	 0.9956 	 8.9117 	 2.0825 	 2.9147 	 0.0000 	 1.1556 	 0.0000 
38.0000 	 0.0714 	 1.0000 	 0.1513 	 1.0000 	 2.4390 	 1.7739 	 6.1065 	 6.1028 	 0.0000 	 0.0014 	 779.4444 	 38.0000 	 0.0303 	 0.9149 	 0.2373 	 1.9545 	 4.7863 	 2.5596 	 0.0089 	 -1.9693 	 0.0000 	 0.3951 	 0.0475 
40.0000 	 0.0010 	 0.8256 	 0.3956 	 17.4057 	 2.1364 	 9.6833 	 0.7945 	 7.0412 	 0.0000 	 1.7153 	 546.1631 	 40.0000 	 0.5721 	 0.7193 	 0.5039 	 11.7075 	 0.6067 	 1.0816 	 0.9949 	 1.0727 	 0.0000 	 2.7650 	 0.0000 
42.0000 	 0.0316 	 0.7335 	 0.5978 	 19.5636 	 2.0343 	 3.3604 	 0.5898 	 7.2460 	 0.0000 	 1.7149 	 546.1630 	 42.0000 	 0.5079 	 0.3898 	 0.2920 	 14.5892 	 9.4791 	 1.5350 	 1.8768 	 1.2736 	 0.0000 	 1.3150 	 0.0000 
39.0000 	 0.0010 	 0.0678 	 0.0010 	 1.0001 	 8.9940 	 0.0316 	 0.0000 	 7.8520 	 0.0000 	 1.7131 	 584.0220 	 39.0000 	 0.6823 	 0.9196 	 0.2207 	 6.2925 	 5.4804 	 5.5864 	 1.8578 	 -2.3927 	 0.0000 	 1.6919 	 0.0483 
42.0000 	 0.0077 	 0.4195 	 0.3663 	 6.6725 	 4.0426 	 3.8466 	 1.3955 	 6.4424 	 0.0000 	 1.7146 	 546.1714 	 42.0000 	 0.6788 	 0.9251 	 0.3945 	 12.4911 	 2.2859 	 0.9529 	 0.6966 	 -0.8644 	 0.0000 	 0.8560 	 0.0002 
39.0000 	 0.0019 	 0.6712 	 0.9422 	 1.0076 	 6.7294 	 0.9758 	 0.0000 	 7.8679 	 0.0000 	 1.6981 	 546.2380 	 39.0000 	 0.3345 	 0.2762 	 0.9506 	 11.6591 	 3.8787 	 1.9913 	 0.0650 	 1.3525 	 0.0000 	 0.3542 	 0.0000 
39.0000 	 0.0012 	 0.9732 	 0.7257 	 3.7654 	 1.6120 	 0.5622 	 0.0000 	 7.8359 	 0.0000 	 1.7147 	 546.1630 	 39.0000 	 0.3876 	 0.9690 	 0.7002 	 2.7612 	 1.1961 	 2.4579 	 1.0830 	 -0.2930 	 0.0000 	 0.4075 	 0.0000 
39.0000 	 0.0735 	 0.0576 	 0.9173 	 38.2975 	 5.5557 	 4.2277 	 9.9323 	 -2.0955 	 0.0000 	 1.7170 	 546.1634 	 39.0000 	 0.3189 	 0.5806 	 0.2068 	 7.6324 	 2.3572 	 8.1040 	 0.0817 	 -0.1354 	 0.0000 	 1.6387 	 0.0000 
38.0000 	 0.0019 	 0.1119 	 0.5812 	 48.3550 	 9.2332 	 6.4239 	 0.0198 	 7.8163 	 0.0000 	 1.7147 	 546.1629 	 38.0000 	 0.1220 	 0.0400 	 0.2976 	 7.1977 	 7.9139 	 5.9570 	 1.5423 	 2.8256 	 0.0000 	 2.9697 	 0.0000 
40.0000 	 0.0010 	 0.0013 	 0.0010 	 49.9825 	 8.6859 	 7.8091 	 9.3239 	 7.8180 	 0.0000 	 1.6920 	 583.8756 	 40.0000 	 0.2129 	 0.2819 	 0.1491 	 14.1388 	 8.0700 	 9.3096 	 0.4208 	 -1.8377 	 0.0000 	 0.5482 	 0.0474 
38.0000 	 0.0215 	 0.0197 	 0.8368 	 31.0505 	 2.8961 	 0.0000 	 0.0389 	 7.8120 	 0.0000 	 1.7141 	 546.1645 	 38.0000 	 0.8204 	 0.7060 	 0.8987 	 8.2502 	 4.4077 	 3.0058 	 1.4495 	 2.8481 	 0.0000 	 2.8272 	 0.0002 
44.0000 	 0.0064 	 0.0555 	 0.9436 	 40.2548 	 7.0061 	 3.6809 	 0.0228 	 7.8134 	 0.0000 	 1.7146 	 546.1630 	 44.0000 	 0.4644 	 0.4685 	 0.1093 	 3.8765 	 1.8791 	 6.7507 	 0.7834 	 -2.1363 	 0.0000 	 1.8182 	 0.0000 
41.0000 	 0.0012 	 0.6555 	 0.9564 	 4.5223 	 2.4143 	 8.7688 	 4.4248 	 3.4103 	 0.0000 	 1.7140 	 546.1630 	 41.0000 	 0.0025 	 0.9959 	 0.3524 	 7.3196 	 5.3996 	 3.6170 	 1.7736 	 1.1437 	 0.0000 	 2.5763 	 0.0000 
41.0000 	 0.0010 	 0.3287 	 0.0023 	 50.0000 	 10.0000 	 8.3358 	 4.5747 	 7.6585 	 0.0000 	 1.6262 	 620.3602 	 41.0000 	 0.5725 	 0.1917 	 0.3731 	 14.7870 	 5.9501 	 2.0807 	 0.6889 	 -2.3129 	 0.0000 	 0.0465 	 0.0322 
37.0000 	 0.1292 	 0.9988 	 0.7342 	 1.7927 	 3.1268 	 0.7966 	 0.2053 	 7.6312 	 0.0000 	 1.7131 	 546.1633 	 37.0000 	 0.7565 	 0.3151 	 0.9986 	 7.4237 	 1.5400 	 4.7513 	 0.0563 	 2.3587 	 0.0000 	 1.4398 	 0.0000 
39.0000 	 0.0409 	 0.2950 	 0.7067 	 4.9120 	 8.7499 	 9.9238 	 0.0078 	 7.8280 	 0.0000 	 1.7147 	 546.1629 	 39.0000 	 0.0262 	 0.4368 	 0.8986 	 2.9497 	 1.4923 	 8.8776 	 0.3242 	 1.5473 	 0.0000 	 0.7063 	 0.0000 
37.0000 	 0.2898 	 0.0675 	 1.0000 	 17.5872 	 8.0786 	 9.8828 	 9.9998 	 -2.1951 	 0.0000 	 1.6919 	 546.1611 	 37.0000 	 0.8798 	 0.6780 	 0.7281 	 14.9280 	 8.3064 	 7.8816 	 2.2669 	 0.9747 	 0.0000 	 1.6801 	 0.0001 
36.0000 	 0.0219 	 0.6051 	 0.9877 	 7.1833 	 5.8135 	 2.3552 	 3.4517 	 4.3844 	 0.0000 	 1.7150 	 546.1630 	 36.0000 	 0.7793 	 0.7198 	 0.9844 	 8.8009 	 2.2203 	 0.3623 	 1.9390 	 0.2271 	 0.0000 	 1.7353 	 0.0000 
37.0000 	 0.0220 	 0.5625 	 0.9754 	 1.4028 	 0.2436 	 7.6936 	 0.0162 	 7.8193 	 0.0000 	 1.7155 	 546.1630 	 37.0000 	 0.5112 	 0.6006 	 0.9572 	 11.8261 	 5.8010 	 4.9828 	 2.6451 	 -2.1940 	 0.0000 	 1.3206 	 0.0000 
36.0000 	 0.0010 	 0.3667 	 0.7884 	 2.3019 	 0.4887 	 5.7435 	 0.0168 	 7.8189 	 0.0000 	 1.7115 	 546.1550 	 36.0000 	 0.4960 	 0.8190 	 0.6284 	 4.3408 	 5.0100 	 2.8009 	 2.4387 	 -0.7613 	 0.0000 	 0.3244 	 0.0002 
40.0000 	 0.0010 	 0.0267 	 0.0013 	 2.4156 	 10.0000 	 4.8718 	 4.6626 	 7.8772 	 0.0000 	 1.7030 	 584.1451 	 40.0000 	 0.2174 	 0.3522 	 0.1431 	 8.1878 	 2.3734 	 0.9452 	 1.1429 	 -0.2304 	 0.0000 	 1.1422 	 0.0555 
35.0000 	 0.0010 	 0.0030 	 0.0010 	 25.2578 	 9.9935 	 9.8370 	 10.0000 	 7.8355 	 0.0000 	 1.7138 	 583.9468 	 35.0000 	 0.8983 	 0.0746 	 0.0508 	 14.8041 	 9.9449 	 4.4575 	 2.0570 	 1.5601 	 0.0000 	 0.4262 	 0.0717 
35.0000 	 0.0012 	 0.7973 	 0.6254 	 31.2744 	 9.8467 	 4.0396 	 0.6683 	 7.1672 	 0.0000 	 1.7146 	 546.1630 	 35.0000 	 0.4201 	 0.1611 	 0.4250 	 8.8561 	 9.1693 	 7.9009 	 0.3034 	 -2.4146 	 0.0000 	 2.2788 	 0.0000 
38.0000 	 0.0107 	 0.6142 	 0.8890 	 1.1397 	 9.7665 	 9.2726 	 7.0553 	 0.7808 	 0.0000 	 1.7149 	 546.1630 	 38.0000 	 0.7661 	 0.2008 	 0.5042 	 1.1062 	 2.0580 	 7.8766 	 1.6861 	 0.3110 	 0.0000 	 2.9429 	 0.0000 
40.0000 	 0.7049 	 0.3401 	 1.0000 	 44.9806 	 4.7134 	 8.9199 	 0.4880 	 7.3489 	 0.0000 	 1.7153 	 546.1632 	 40.0000 	 0.3386 	 0.3060 	 0.1280 	 5.5360 	 0.7039 	 2.0478 	 0.7636 	 -2.8148 	 0.0000 	 0.3848 	 0.0005 
37.0000 	 0.0518 	 0.3689 	 1.0000 	 1.6228 	 3.8473 	 4.6887 	 1.0810 	 6.7538 	 0.0000 	 1.7147 	 546.1630 	 37.0000 	 0.1149 	 0.2058 	 0.9100 	 4.1076 	 7.4163 	 4.2335 	 1.1471 	 0.7909 	 0.0000 	 2.8406 	 0.0000 
39.0000 	 0.0010 	 0.0066 	 0.0022 	 11.0081 	 9.4299 	 7.3022 	 5.8319 	 7.7446 	 0.0000 	 1.6999 	 584.2572 	 39.0000 	 0.8368 	 0.9212 	 0.3842 	 1.8567 	 9.2331 	 1.0401 	 0.7103 	 -2.0324 	 0.0000 	 2.3751 	 0.0652 
35.0000 	 0.0010 	 0.0016 	 0.0019 	 48.5988 	 9.8466 	 9.6524 	 5.5478 	 7.8108 	 0.0000 	 1.6981 	 583.9302 	 35.0000 	 0.1228 	 0.1140 	 0.1128 	 4.0334 	 9.3865 	 2.3310 	 1.6112 	 -1.4733 	 0.0000 	 0.7874 	 0.0412 
36.0000 	 0.0010 	 0.9203 	 0.8706 	 1.1897 	 3.0586 	 5.3414 	 2.3085 	 5.5272 	 0.0000 	 1.7146 	 546.1630 	 36.0000 	 0.8370 	 0.6481 	 0.8366 	 9.8223 	 9.0966 	 8.8338 	 0.3574 	 2.6669 	 0.0000 	 1.7214 	 0.0000 
36.0000 	 0.0295 	 0.0635 	 0.8339 	 46.7711 	 7.8371 	 8.2653 	 1.7604 	 6.0747 	 0.0000 	 1.7142 	 546.1630 	 36.0000 	 0.7875 	 0.6115 	 0.3511 	 8.3024 	 7.3130 	 3.2447 	 1.0370 	 -0.9602 	 0.0000 	 2.8459 	 0.0000 
36.0000 	 0.0815 	 0.3182 	 0.7033 	 7.3078 	 3.7114 	 9.8366 	 0.7332 	 7.1036 	 0.0000 	 1.7137 	 546.1632 	 36.0000 	 0.5655 	 0.5703 	 0.0335 	 12.2530 	 2.2480 	 8.7193 	 0.7678 	 1.4022 	 0.0000 	 1.5115 	 0.0000 
38.0000 	 0.0017 	 0.1571 	 0.5113 	 11.0464 	 5.1010 	 5.2692 	 0.0004 	 7.8349 	 0.0000 	 1.7155 	 546.1632 	 38.0000 	 0.2795 	 0.7778 	 0.8093 	 8.6297 	 0.7356 	 3.8813 	 0.6251 	 1.7522 	 0.0000 	 2.8179 	 0.0000 
34.0000 	 0.0010 	 0.0016 	 0.0056 	 50.0000 	 1.1472 	 1.2157 	 0.0000 	 7.8453 	 0.0000 	 1.7366 	 583.2394 	 34.0000 	 0.4839 	 0.8718 	 0.2157 	 2.2280 	 2.7846 	 3.0463 	 1.8932 	 -2.6299 	 0.0000 	 0.4521 	 0.1540 
41.0000 	 0.0012 	 0.1790 	 0.8992 	 2.5433 	 4.1887 	 0.2723 	 0.0004 	 7.8356 	 0.0000 	 1.7147 	 546.1630 	 41.0000 	 0.0334 	 0.2434 	 0.4673 	 1.2548 	 5.6696 	 4.7365 	 1.3389 	 2.2876 	 0.0000 	 0.4773 	 0.0000 
36.0000 	 0.4804 	 0.8056 	 0.9990 	 14.9050 	 4.2669 	 2.8513 	 9.9978 	 -2.1619 	 0.0000 	 1.7156 	 546.1630 	 36.0000 	 0.9927 	 0.9606 	 0.6449 	 2.9001 	 9.3100 	 5.8185 	 0.9458 	 -2.4930 	 0.0000 	 2.7344 	 0.0000 
33.0000 	 0.0011 	 0.2739 	 0.8343 	 1.9947 	 0.0528 	 2.0007 	 8.9781 	 -1.1343 	 0.0000 	 1.7274 	 546.1635 	 33.0000 	 0.7465 	 0.2982 	 0.9388 	 14.5809 	 8.0203 	 0.1528 	 0.9691 	 -2.4148 	 0.0000 	 0.4590 	 0.0001 
33.0000 	 0.1095 	 0.1895 	 0.7068 	 26.2665 	 5.4087 	 9.6385 	 0.0951 	 7.7404 	 0.0000 	 1.7144 	 546.1634 	 33.0000 	 0.3299 	 0.7267 	 0.3456 	 14.5053 	 9.4678 	 4.9884 	 1.0672 	 -1.5872 	 0.0000 	 1.4685 	 0.0001 
32.0000 	 0.0259 	 0.2380 	 0.6220 	 16.5798 	 0.7529 	 0.6036 	 7.1442 	 0.6934 	 0.0000 	 1.7151 	 546.1628 	 32.0000 	 0.8392 	 0.6122 	 0.8828 	 14.1144 	 5.5833 	 4.6099 	 2.9433 	 -1.3387 	 0.0000 	 1.6430 	 0.0000 
38.0000 	 0.0011 	 0.1881 	 0.9941 	 4.2073 	 0.0858 	 9.9533 	 9.9999 	 -2.1923 	 0.0000 	 1.7323 	 546.2268 	 38.0000 	 0.0817 	 0.2075 	 0.1698 	 6.5019 	 1.4852 	 5.4030 	 0.5287 	 1.0092 	 0.0000 	 0.0081 	 0.0000 
38.0000 	 0.2180 	 0.1049 	 0.9797 	 11.7690 	 3.3022 	 8.5147 	 2.7207 	 5.1160 	 0.0000 	 1.7145 	 546.1630 	 38.0000 	 0.5443 	 0.1561 	 0.3902 	 2.8647 	 1.4238 	 8.5723 	 2.8116 	 1.3590 	 0.0000 	 2.3948 	 0.0000 
36.0000 	 0.0010 	 0.0718 	 0.0013 	 1.0016 	 6.4859 	 4.9480 	 1.7206 	 7.8128 	 0.0000 	 1.7284 	 584.0296 	 36.0000 	 0.6328 	 0.8348 	 0.2382 	 14.3594 	 4.4130 	 4.5705 	 1.3898 	 -1.7653 	 0.0000 	 0.4864 	 0.0387 
34.0000 	 0.0130 	 0.8007 	 0.9443 	 23.4353 	 5.0431 	 9.0426 	 0.0899 	 7.7495 	 0.0000 	 1.7163 	 546.1637 	 34.0000 	 0.5116 	 0.5092 	 0.5893 	 7.3243 	 5.2049 	 3.1518 	 1.2243 	 1.9393 	 0.0000 	 2.3854 	 0.0000 
34.0000 	 0.0018 	 0.0111 	 0.7974 	 44.4082 	 0.2037 	 2.6149 	 1.5703 	 6.2665 	 0.0000 	 1.7147 	 546.1128 	 34.0000 	 0.6392 	 0.4931 	 0.9219 	 4.6237 	 5.8705 	 5.6063 	 0.7804 	 -0.8070 	 0.0000 	 2.3390 	 0.0000 
34.0000 	 0.1571 	 0.0309 	 0.9878 	 29.1911 	 6.3028 	 4.3517 	 3.9878 	 3.8473 	 0.0000 	 1.7146 	 546.1630 	 34.0000 	 0.9370 	 0.7227 	 0.7324 	 12.1021 	 6.0590 	 1.2639 	 2.1153 	 1.8274 	 0.0000 	 1.8416 	 0.0000 
38.0000 	 0.0020 	 0.5228 	 0.7213 	 1.0127 	 6.7996 	 3.4170 	 1.4739 	 6.3610 	 0.0000 	 1.7135 	 546.1634 	 38.0000 	 0.6520 	 0.8109 	 0.7567 	 12.9932 	 9.2157 	 1.5550 	 1.2670 	 0.2956 	 0.0000 	 2.9813 	 0.0000 
36.0000 	 0.0803 	 0.0869 	 0.9160 	 28.9113 	 5.5037 	 1.9558 	 9.3499 	 -1.5104 	 0.0000 	 1.7104 	 546.1651 	 36.0000 	 0.6810 	 0.5733 	 0.9286 	 3.5613 	 0.7671 	 7.2762 	 2.2128 	 -1.1090 	 0.0000 	 1.4177 	 0.0000 
37.0000 	 0.1241 	 0.5208 	 0.8241 	 6.1131 	 6.4801 	 3.5740 	 2.3190 	 5.5169 	 0.0000 	 1.7139 	 546.1631 	 37.0000 	 0.4551 	 0.5128 	 0.9284 	 5.3421 	 8.7753 	 2.0887 	 2.2633 	 2.2774 	 0.0000 	 2.5458 	 0.0000 
30.0000 	 0.0015 	 0.7878 	 0.7843 	 43.6241 	 2.2881 	 0.9609 	 0.0049 	 7.8297 	 0.0000 	 1.7149 	 546.1630 	 30.0000 	 0.4596 	 0.9689 	 0.2974 	 12.3774 	 4.9147 	 1.8123 	 1.6585 	 -1.8846 	 0.0000 	 0.3453 	 0.0009 
39.0000 	 0.5130 	 0.6506 	 0.9996 	 2.0173 	 9.4848 	 8.9177 	 0.0091 	 7.8264 	 0.0000 	 1.7158 	 546.1631 	 39.0000 	 0.4182 	 0.3192 	 0.2716 	 6.3052 	 0.1707 	 1.6686 	 2.3806 	 -0.2141 	 0.0000 	 0.4930 	 0.0000 
32.0000 	 0.0425 	 0.2045 	 0.7444 	 46.0542 	 2.7571 	 5.8426 	 0.6016 	 7.2347 	 0.0000 	 1.7134 	 546.1631 	 32.0000 	 0.3088 	 0.5500 	 0.5484 	 13.7487 	 6.5688 	 2.6185 	 0.1208 	 0.4062 	 0.0000 	 2.4988 	 0.0000 
31.0000 	 0.0021 	 0.1537 	 0.8813 	 14.4782 	 5.5974 	 7.9336 	 0.0204 	 7.8153 	 0.0000 	 1.7146 	 546.1630 	 31.0000 	 0.3028 	 0.7982 	 0.6175 	 6.3582 	 7.2268 	 5.6130 	 0.9281 	 1.1370 	 0.0000 	 1.6427 	 0.0000 
41.0000 	 0.0010 	 0.0530 	 0.9994 	 6.7099 	 0.3753 	 0.6217 	 0.0000 	 7.8357 	 0.0000 	 1.7139 	 546.1630 	 41.0000 	 0.1473 	 0.8031 	 0.7401 	 4.9087 	 9.2862 	 2.3996 	 2.2385 	 -0.8004 	 0.0000 	 1.6150 	 0.0000 
35.0000 	 0.0119 	 0.1411 	 0.6060 	 18.7120 	 1.8833 	 8.0018 	 10.0000 	 -2.1643 	 0.0000 	 1.7146 	 546.1631 	 35.0000 	 0.1412 	 0.1473 	 0.7105 	 6.7212 	 6.3668 	 7.9352 	 1.7328 	 -0.5474 	 0.0000 	 1.9841 	 0.0000 
37.0000 	 0.0010 	 0.0081 	 0.0012 	 9.2613 	 10.0000 	 9.7361 	 9.9026 	 7.8535 	 0.0000 	 1.7537 	 584.1032 	 37.0000 	 0.3225 	 0.3980 	 0.0916 	 5.2135 	 5.4993 	 5.4736 	 0.1983 	 -2.0037 	 0.0000 	 1.4979 	 0.0541 
33.0000 	 0.1350 	 0.5728 	 0.9920 	 1.0072 	 7.9403 	 9.8036 	 2.5428 	 5.2931 	 0.0000 	 1.7142 	 546.1621 	 33.0000 	 0.2093 	 0.5198 	 0.6089 	 6.4526 	 9.4523 	 0.5833 	 1.7125 	 -0.9958 	 0.0000 	 0.9557 	 0.0000 
31.0000 	 0.0222 	 0.9999 	 1.0000 	 3.1811 	 8.7921 	 7.7584 	 8.1451 	 -0.3781 	 0.0000 	 1.6756 	 538.4699 	 31.0000 	 0.3225 	 0.8264 	 0.8404 	 3.8562 	 9.8895 	 0.6278 	 1.8503 	 -0.6218 	 0.0000 	 2.6849 	 0.0001 
32.0000 	 0.0099 	 0.0995 	 0.9624 	 23.4360 	 0.9523 	 3.4172 	 4.8401 	 2.9956 	 0.0000 	 1.7146 	 546.1630 	 32.0000 	 0.9263 	 0.8456 	 0.5326 	 10.9079 	 3.8869 	 2.6794 	 1.4237 	 1.6265 	 0.0000 	 1.7706 	 0.0000 
29.0000 	 0.0477 	 0.9729 	 0.2961 	 2.2709 	 0.3831 	 3.2964 	 2.0704 	 5.7317 	 0.0000 	 1.8155 	 549.4853 	 29.0000 	 0.7041 	 0.5195 	 0.7014 	 4.9171 	 7.2371 	 9.5089 	 2.2836 	 -2.5350 	 0.0000 	 0.2751 	 0.0036 
36.0000 	 0.0010 	 0.1050 	 0.9031 	 5.6685 	 7.8791 	 5.2313 	 2.8655 	 4.9704 	 0.0000 	 1.7153 	 546.1631 	 36.0000 	 0.1208 	 0.5832 	 0.2974 	 5.6158 	 5.8891 	 9.8615 	 0.6635 	 -1.6056 	 0.0000 	 0.9941 	 0.0001 
33.0000 	 0.2425 	 0.6017 	 0.9698 	 7.4866 	 9.4016 	 9.7322 	 5.3947 	 2.4411 	 0.0000 	 1.7148 	 546.1630 	 33.0000 	 0.6666 	 0.6133 	 0.9520 	 5.4447 	 8.8772 	 9.2641 	 2.6767 	 1.7040 	 0.0000 	 1.6243 	 0.0000 
31.0000 	 0.2136 	 0.7529 	 0.7741 	 14.0465 	 0.5080 	 3.9691 	 1.7093 	 6.1307 	 0.0000 	 1.7195 	 546.1676 	 31.0000 	 0.4815 	 0.8551 	 0.7778 	 7.8815 	 2.7862 	 5.5926 	 0.9749 	 2.0514 	 0.0000 	 1.4783 	 0.0003 
33.0000 	 0.0026 	 0.4258 	 0.9782 	 30.0560 	 9.7871 	 3.1442 	 0.0000 	 7.8364 	 0.0000 	 1.7150 	 546.1630 	 33.0000 	 0.3187 	 0.1034 	 0.4399 	 8.8967 	 5.9135 	 9.6393 	 1.8132 	 -1.2024 	 0.0000 	 1.8287 	 0.0000 
30.0000 	 0.0010 	 0.8786 	 0.5917 	 22.9485 	 7.6880 	 9.7003 	 0.1047 	 7.7314 	 0.0000 	 1.7142 	 546.1630 	 30.0000 	 0.2713 	 0.5050 	 0.7314 	 4.8766 	 8.3115 	 8.2658 	 2.8624 	 1.1470 	 0.0000 	 1.0416 	 0.0000 
30.0000 	 0.0265 	 0.5561 	 0.7192 	 1.0351 	 9.9621 	 7.7601 	 0.0000 	 7.8722 	 0.0000 	 1.7238 	 546.2516 	 30.0000 	 0.1968 	 0.3675 	 0.7518 	 1.3386 	 8.9196 	 3.8265 	 1.1225 	 2.5277 	 0.0000 	 0.7816 	 0.0003 
36.0000 	 0.0640 	 0.2228 	 0.7437 	 13.9243 	 8.0345 	 1.3157 	 1.2569 	 6.5816 	 0.0000 	 1.7136 	 546.1627 	 36.0000 	 0.4975 	 0.6748 	 0.3947 	 13.5956 	 4.1786 	 0.7528 	 1.9943 	 2.8619 	 0.0000 	 1.6944 	 0.0000 
29.0000 	 0.0071 	 1.0000 	 1.0000 	 25.4066 	 9.1314 	 2.0441 	 1.7330 	 6.0580 	 0.0000 	 1.7066 	 546.2599 	 29.0000 	 0.0639 	 0.6581 	 0.6565 	 7.3532 	 7.9463 	 3.7014 	 1.6012 	 1.0369 	 0.0000 	 2.5609 	 0.0000 
31.0000 	 0.0839 	 0.1973 	 0.9855 	 43.6274 	 9.3659 	 0.0749 	 9.9921 	 0.8730 	 0.0000 	 1.7143 	 546.1627 	 31.0000 	 0.6477 	 0.7703 	 0.6587 	 8.0800 	 7.3957 	 3.1121 	 2.6384 	 -1.0016 	 0.0000 	 1.5101 	 0.0000 
38.0000 	 0.0351 	 0.7381 	 0.9500 	 27.6045 	 7.1592 	 8.9888 	 10.0000 	 -2.1634 	 0.0000 	 1.7140 	 546.1630 	 38.0000 	 0.9003 	 0.0189 	 0.1309 	 5.6479 	 5.9757 	 5.8561 	 0.1653 	 -1.1417 	 0.0000 	 2.6480 	 0.0000 
31.0000 	 0.2744 	 0.9824 	 0.8300 	 49.9986 	 5.1688 	 0.0000 	 6.8708 	 3.4893 	 0.0000 	 1.7678 	 545.1919 	 31.0000 	 0.1998 	 0.8336 	 0.8262 	 13.1809 	 9.0710 	 6.9298 	 0.3870 	 -2.4376 	 0.0000 	 1.2297 	 0.0173 
35.0000 	 0.0010 	 0.0080 	 0.9996 	 47.4448 	 9.9999 	 9.9433 	 2.2355 	 5.5989 	 0.0000 	 1.7148 	 546.1636 	 35.0000 	 0.7540 	 0.7956 	 0.0535 	 13.9570 	 7.5421 	 6.3186 	 2.1196 	 0.6207 	 0.0000 	 1.9749 	 0.0003 
28.0000 	 0.0102 	 0.7355 	 0.8189 	 1.4870 	 9.5052 	 5.4575 	 5.8090 	 2.0277 	 0.0000 	 1.7149 	 546.1631 	 28.0000 	 0.0842 	 0.4126 	 0.6625 	 3.2932 	 5.3383 	 1.9254 	 2.0088 	 -1.5650 	 0.0000 	 1.9588 	 0.0000 
33.0000 	 0.0156 	 0.1877 	 0.9976 	 29.4430 	 1.4942 	 8.2719 	 2.2472 	 5.5887 	 0.0000 	 1.7146 	 546.1630 	 33.0000 	 0.5983 	 0.9481 	 0.3044 	 5.9220 	 8.8690 	 7.1403 	 1.1934 	 -2.8216 	 0.0000 	 1.7513 	 0.0000 
33.0000 	 0.0010 	 1.0000 	 0.9985 	 1.3835 	 0.8287 	 0.2673 	 3.1218 	 4.7491 	 0.0000 	 1.7130 	 546.1629 	 33.0000 	 0.1501 	 0.8665 	 0.8280 	 14.5229 	 1.9318 	 5.2654 	 1.0381 	 1.0414 	 0.0000 	 2.4545 	 0.0001 
29.0000 	 0.0019 	 0.0994 	 0.7232 	 9.7399 	 8.9387 	 9.2168 	 0.0599 	 7.7772 	 0.0000 	 1.7149 	 546.1634 	 29.0000 	 0.0271 	 0.3631 	 0.1543 	 4.3026 	 8.5583 	 4.0348 	 1.4648 	 1.7200 	 0.0000 	 0.9538 	 0.0001 
29.0000 	 0.0152 	 0.8237 	 1.0000 	 1.7489 	 7.9528 	 0.0000 	 9.9079 	 1.5796 	 0.0000 	 1.7240 	 545.7719 	 29.0000 	 0.3188 	 0.4781 	 0.1955 	 8.3117 	 7.0264 	 0.0676 	 1.8540 	 -2.9688 	 0.0000 	 1.7727 	 0.0000 
27.0000 	 0.0012 	 0.4668 	 0.7589 	 15.4011 	 0.0004 	 2.3742 	 0.2560 	 7.5799 	 0.0000 	 1.7153 	 546.1630 	 27.0000 	 0.1771 	 0.0466 	 0.9424 	 13.3472 	 3.4450 	 4.2936 	 0.0052 	 2.7443 	 0.0000 	 0.9058 	 0.0000 
25.0000 	 0.0086 	 0.3365 	 0.6642 	 15.5902 	 5.9695 	 0.0000 	 3.5455 	 5.6009 	 0.0000 	 1.7188 	 546.1659 	 25.0000 	 0.0129 	 0.5449 	 0.0896 	 11.8030 	 7.2281 	 4.3515 	 1.2196 	 1.6516 	 0.0000 	 0.7276 	 0.0000 
33.0000 	 0.0017 	 0.5678 	 0.8846 	 1.0568 	 9.3845 	 6.4900 	 0.0027 	 7.8327 	 0.0000 	 1.7147 	 546.1629 	 33.0000 	 0.3390 	 0.1737 	 0.5119 	 2.9024 	 2.9149 	 7.3209 	 1.1248 	 2.7665 	 0.0000 	 0.4837 	 0.0001 
29.0000 	 0.0033 	 0.0265 	 0.9704 	 2.6872 	 9.6917 	 7.6291 	 5.1354 	 7.3469 	 0.0000 	 0.0001 	 1361.4275 	 29.0000 	 0.9412 	 0.8916 	 0.9944 	 8.0827 	 1.6762 	 5.5060 	 0.5270 	 0.3246 	 0.0000 	 0.1123 	 0.1281 
35.0000 	 0.1193 	 0.9340 	 0.8601 	 1.2270 	 8.6698 	 9.1255 	 0.0445 	 7.7916 	 0.0000 	 1.7143 	 546.1629 	 35.0000 	 0.6795 	 0.1108 	 0.0207 	 4.7399 	 8.6630 	 8.2188 	 1.3639 	 1.1542 	 0.0000 	 0.6592 	 0.0000 
30.0000 	 0.0038 	 0.0388 	 0.9997 	 12.7397 	 0.6812 	 9.4506 	 0.0017 	 7.8350 	 0.0000 	 1.7139 	 546.1630 	 30.0000 	 0.3070 	 0.5557 	 0.1972 	 7.0214 	 9.6759 	 9.1967 	 1.5765 	 -1.2027 	 0.0000 	 0.8490 	 0.0000 
29.0000 	 0.3300 	 0.7283 	 0.9642 	 49.2614 	 1.6743 	 4.8053 	 4.3515 	 3.4825 	 0.0000 	 1.7163 	 546.1633 	 29.0000 	 0.5094 	 0.1596 	 0.3203 	 8.6444 	 4.8439 	 6.7233 	 0.1805 	 0.3710 	 0.0000 	 1.9606 	 0.0000 
28.0000 	 0.0010 	 0.0085 	 0.7470 	 49.9656 	 6.5665 	 7.4245 	 0.0034 	 7.7946 	 0.0000 	 1.7574 	 546.4476 	 28.0000 	 0.7617 	 0.8180 	 0.7825 	 13.2205 	 1.2873 	 6.7791 	 0.7922 	 2.3769 	 0.0000 	 0.6001 	 0.0010 
25.0000 	 0.0927 	 0.9481 	 0.7728 	 27.0276 	 7.7512 	 1.8151 	 2.3888 	 5.4571 	 0.0000 	 1.7144 	 546.1651 	 25.0000 	 0.7652 	 0.9441 	 0.3689 	 11.6751 	 2.6544 	 2.2068 	 1.1520 	 1.7294 	 0.0000 	 2.3557 	 0.0001 
33.0000 	 0.0013 	 0.0489 	 0.8181 	 25.4797 	 7.1653 	 9.9971 	 0.0167 	 7.8148 	 0.0000 	 1.7165 	 546.1642 	 33.0000 	 0.2593 	 0.8617 	 0.1563 	 10.5570 	 7.7073 	 8.1686 	 1.8980 	 0.0797 	 0.0000 	 0.6968 	 0.0000 
33.0000 	 0.5766 	 0.9061 	 0.9986 	 29.6356 	 9.5008 	 5.5041 	 1.4351 	 6.4092 	 0.0000 	 1.7229 	 546.1707 	 33.0000 	 0.4634 	 0.3222 	 0.9641 	 5.8359 	 9.2354 	 6.4222 	 1.1788 	 -0.0275 	 0.0000 	 2.9291 	 0.0000 
26.0000 	 0.2184 	 0.8294 	 0.9885 	 19.4256 	 3.5581 	 5.2370 	 0.2983 	 7.5378 	 0.0000 	 1.7147 	 546.1630 	 26.0000 	 0.3661 	 0.4798 	 0.5288 	 7.8459 	 3.3018 	 7.5927 	 0.6144 	 2.6698 	 0.0000 	 1.0763 	 0.0000 
27.0000 	 0.0010 	 0.0314 	 0.6031 	 50.0000 	 8.0585 	 0.0361 	 0.1504 	 7.7401 	 0.0000 	 1.7154 	 546.1637 	 27.0000 	 0.9109 	 0.9976 	 0.3375 	 14.0074 	 9.2332 	 3.8457 	 2.9755 	 0.8155 	 0.0000 	 0.1394 	 0.0001 
30.0000 	 0.3712 	 0.4637 	 0.9795 	 5.9721 	 5.4071 	 3.7475 	 1.7505 	 6.0851 	 0.0000 	 1.7146 	 546.1630 	 30.0000 	 0.5703 	 0.2783 	 0.9762 	 14.5931 	 4.9941 	 3.6712 	 1.8535 	 2.4589 	 0.0000 	 2.8057 	 0.0001 
30.0000 	 0.0010 	 0.3791 	 1.0000 	 1.1997 	 1.2221 	 7.9964 	 0.0000 	 7.8503 	 0.0000 	 1.7472 	 546.2396 	 30.0000 	 0.5709 	 0.6358 	 0.3404 	 3.9289 	 3.9710 	 8.3242 	 2.9819 	 -2.2451 	 0.0000 	 1.1613 	 0.0122 
25.0000 	 0.0024 	 0.6287 	 0.6737 	 18.9661 	 3.8546 	 9.2077 	 9.8521 	 -2.0159 	 0.0000 	 1.7147 	 546.1631 	 25.0000 	 0.8951 	 0.6117 	 0.0598 	 7.9726 	 2.1256 	 5.3040 	 1.1468 	 -0.6078 	 0.0000 	 0.5560 	 0.0000 
27.0000 	 0.1048 	 0.6594 	 0.8250 	 18.7451 	 1.5731 	 9.3627 	 3.0423 	 4.7963 	 0.0000 	 1.7173 	 546.1639 	 27.0000 	 0.7104 	 0.1990 	 0.6330 	 14.8513 	 0.7366 	 8.4193 	 2.2995 	 1.9668 	 0.0000 	 0.0190 	 0.0000 
27.0000 	 0.4875 	 0.1258 	 1.0000 	 15.3072 	 8.5529 	 9.0525 	 0.9417 	 6.8890 	 0.0000 	 1.7116 	 546.1647 	 27.0000 	 0.4656 	 0.0350 	 0.7194 	 13.2408 	 3.3076 	 8.6057 	 2.5972 	 2.5437 	 0.0000 	 0.8171 	 0.0003 
30.0000 	 0.0024 	 0.4226 	 0.9457 	 26.2728 	 0.9692 	 3.1448 	 8.7237 	 -0.8895 	 0.0000 	 1.7139 	 546.1631 	 30.0000 	 0.7243 	 0.8182 	 0.0187 	 2.0383 	 7.5338 	 5.9516 	 2.8191 	 0.6254 	 0.0000 	 2.8903 	 0.0000 
22.0000 	 0.0016 	 0.0285 	 0.9567 	 33.1897 	 8.6134 	 8.3665 	 0.0873 	 7.7481 	 0.0000 	 1.7142 	 546.1630 	 22.0000 	 0.8244 	 0.1492 	 0.3819 	 2.8363 	 0.9843 	 9.0595 	 2.3265 	 -2.3879 	 0.0000 	 1.4968 	 0.0000 
24.0000 	 0.0010 	 0.0023 	 0.0036 	 49.9940 	 10.0000 	 8.7622 	 9.4891 	 7.7810 	 0.0000 	 1.6770 	 584.6854 	 24.0000 	 0.6603 	 0.7961 	 0.5535 	 13.6454 	 0.0215 	 3.3104 	 2.5693 	 -2.2039 	 0.0000 	 1.3224 	 0.0460 
25.0000 	 0.1388 	 0.9335 	 0.7934 	 41.9693 	 9.9867 	 6.5358 	 0.5090 	 7.3268 	 0.0000 	 1.7169 	 546.1645 	 25.0000 	 0.8785 	 0.7484 	 0.0672 	 1.1881 	 1.9688 	 5.0383 	 2.8561 	 -1.6362 	 0.0000 	 2.5197 	 0.0001 
21.0000 	 0.0033 	 0.7224 	 0.9327 	 1.0001 	 1.3147 	 8.5884 	 9.9385 	 -2.1021 	 0.0000 	 1.7143 	 546.1630 	 21.0000 	 0.8849 	 0.4630 	 0.0976 	 5.5566 	 5.9202 	 6.4761 	 1.6566 	 -0.3959 	 0.0000 	 1.1273 	 0.0000 
26.0000 	 0.0480 	 0.1314 	 0.7730 	 46.7267 	 6.9424 	 1.2840 	 0.0388 	 7.7973 	 0.0000 	 1.7148 	 546.1630 	 26.0000 	 0.6001 	 0.8022 	 0.4667 	 2.5499 	 1.6366 	 6.9904 	 1.6191 	 -0.5939 	 0.0000 	 0.4360 	 0.0000 
29.0000 	 0.0017 	 0.4020 	 0.6099 	 9.4772 	 3.2937 	 0.5765 	 0.1135 	 7.7230 	 0.0000 	 1.7151 	 546.1626 	 29.0000 	 0.5717 	 0.2394 	 0.2736 	 6.5103 	 0.2442 	 6.6878 	 0.9348 	 -2.9018 	 0.0000 	 2.0623 	 0.0000 
26.0000 	 0.0035 	 0.0269 	 0.9911 	 18.8258 	 8.8930 	 5.6102 	 1.1818 	 6.6568 	 0.0000 	 1.7189 	 546.1677 	 26.0000 	 0.6717 	 0.4179 	 0.3300 	 13.1144 	 0.5699 	 8.5418 	 2.1447 	 -1.0840 	 0.0000 	 1.8967 	 0.0011 
29.0000 	 0.0610 	 0.0645 	 0.9627 	 23.7551 	 7.6673 	 4.2864 	 1.4665 	 6.3669 	 0.0000 	 1.7180 	 546.1641 	 29.0000 	 0.8575 	 0.4430 	 0.3638 	 1.4234 	 2.0553 	 9.7126 	 1.8131 	 -1.7876 	 0.0000 	 1.4792 	 0.0000 
26.0000 	 0.0014 	 0.2493 	 0.5353 	 26.8703 	 0.0045 	 3.2308 	 9.5922 	 -1.7571 	 0.0000 	 1.7148 	 546.1631 	 26.0000 	 0.2134 	 0.8165 	 0.3279 	 8.7324 	 8.0827 	 0.9652 	 0.3282 	 1.0640 	 0.0000 	 1.2735 	 0.0000 
32.0000 	 0.0076 	 0.0061 	 1.0000 	 48.9044 	 6.6064 	 2.7111 	 2.4776 	 5.4372 	 0.0000 	 1.7631 	 546.6377 	 32.0000 	 0.9383 	 0.1558 	 0.2076 	 10.3875 	 4.5049 	 3.4051 	 0.7714 	 2.3866 	 0.0000 	 2.6395 	 0.0044 
29.0000 	 0.1161 	 0.1507 	 0.9316 	 46.4157 	 7.6645 	 9.5562 	 3.2774 	 4.5566 	 0.0000 	 1.7182 	 546.1627 	 29.0000 	 0.1896 	 0.0999 	 0.5117 	 2.8900 	 7.8945 	 6.8648 	 2.9135 	 -1.7370 	 0.0000 	 0.3107 	 0.0036 
23.0000 	 0.0977 	 0.2046 	 0.9736 	 4.8976 	 0.2735 	 2.9240 	 0.0121 	 7.8240 	 0.0000 	 1.7144 	 546.1633 	 23.0000 	 0.0298 	 0.6955 	 0.1230 	 9.5639 	 6.5003 	 0.9935 	 2.7064 	 -1.0117 	 0.0000 	 1.8112 	 0.0001 
22.0000 	 0.0026 	 0.3686 	 1.0000 	 6.5862 	 6.8148 	 9.0689 	 0.0003 	 7.8358 	 0.0000 	 1.7116 	 546.0507 	 22.0000 	 0.7274 	 0.3576 	 0.6842 	 9.5426 	 7.9113 	 5.2327 	 0.2570 	 2.3989 	 0.0000 	 0.6811 	 0.0001 
24.0000 	 0.0014 	 0.0611 	 0.9799 	 31.7363 	 1.8517 	 4.1103 	 2.5110 	 5.3202 	 0.0000 	 1.7152 	 546.1640 	 24.0000 	 0.6527 	 0.3807 	 0.1385 	 13.5391 	 8.4953 	 5.8517 	 0.7831 	 -2.1668 	 0.0000 	 1.0808 	 0.0000 
24.0000 	 0.0283 	 0.4687 	 0.6736 	 3.3491 	 0.0490 	 8.8606 	 9.9196 	 -2.0843 	 0.0000 	 1.7132 	 546.1684 	 24.0000 	 0.0851 	 0.1683 	 0.0202 	 2.8154 	 9.1239 	 2.2035 	 1.8588 	 -2.6386 	 0.0000 	 1.4268 	 0.0003 
19.0000 	 0.0043 	 0.0202 	 0.9892 	 39.4206 	 7.0275 	 9.9941 	 6.3699 	 1.4489 	 0.0000 	 1.7026 	 546.1944 	 19.0000 	 0.5949 	 0.7753 	 0.4230 	 10.7116 	 7.0051 	 6.0923 	 2.3726 	 -1.2650 	 0.0000 	 2.7504 	 0.0013 
24.0000 	 0.0166 	 0.5530 	 0.7041 	 41.5143 	 8.3139 	 7.6343 	 0.3870 	 7.4487 	 0.0000 	 1.7163 	 546.1632 	 24.0000 	 0.6860 	 0.4093 	 0.6617 	 10.8227 	 1.6205 	 8.3966 	 0.6987 	 1.8699 	 0.0000 	 2.2410 	 0.0000 
27.0000 	 0.0011 	 0.5460 	 0.9012 	 6.5749 	 10.0000 	 0.0013 	 9.0494 	 2.1062 	 0.0000 	 1.7148 	 546.1626 	 27.0000 	 0.8625 	 0.4095 	 0.5028 	 10.6872 	 4.9657 	 1.7974 	 1.4741 	 1.4739 	 0.0000 	 0.6943 	 0.0000 
27.0000 	 0.0256 	 0.4326 	 0.7994 	 3.5619 	 5.8424 	 7.4665 	 7.1992 	 0.6358 	 0.0000 	 1.7136 	 546.1636 	 27.0000 	 0.0626 	 0.1890 	 0.4226 	 9.5090 	 9.5766 	 2.7487 	 2.9246 	 -0.2832 	 0.0000 	 2.0390 	 0.0000 
21.0000 	 0.0186 	 0.5599 	 0.9722 	 7.1440 	 1.3394 	 1.8416 	 4.0261 	 3.8096 	 0.0000 	 1.7149 	 546.1630 	 21.0000 	 0.9634 	 0.6187 	 0.2860 	 11.2509 	 0.8285 	 2.7059 	 1.9498 	 2.0459 	 0.0000 	 2.6841 	 0.0000 
31.0000 	 0.0010 	 0.0999 	 0.7951 	 4.1534 	 8.4169 	 0.0000 	 9.9674 	 1.5417 	 0.0000 	 1.7136 	 546.1843 	 31.0000 	 0.3202 	 0.8106 	 0.3577 	 5.9096 	 2.6720 	 3.4640 	 0.4126 	 -2.4838 	 0.0000 	 1.1435 	 0.0004 
22.0000 	 0.0010 	 0.2975 	 0.7496 	 10.9589 	 1.3750 	 1.4484 	 4.0763 	 3.7550 	 0.0000 	 1.7255 	 545.3030 	 22.0000 	 0.9684 	 0.2570 	 0.9412 	 12.3800 	 1.3870 	 4.2335 	 2.4390 	 2.4408 	 0.0000 	 0.2881 	 0.0000 
21.0000 	 0.0408 	 0.0934 	 0.9928 	 10.0378 	 0.0000 	 8.7421 	 2.1488 	 5.6868 	 0.0000 	 1.7145 	 546.1630 	 21.0000 	 0.2340 	 0.0210 	 0.2590 	 11.9336 	 7.8638 	 9.0512 	 2.8142 	 -2.1214 	 0.0000 	 0.4038 	 0.0000 
17.0000 	 0.0378 	 0.1554 	 0.8089 	 24.2892 	 0.4881 	 5.7717 	 4.5823 	 3.2514 	 0.0000 	 1.7213 	 546.1684 	 17.0000 	 0.1087 	 0.0151 	 0.3485 	 7.5531 	 6.6176 	 8.1489 	 2.1219 	 -1.5988 	 0.0000 	 2.6748 	 0.0001 
27.0000 	 0.2091 	 0.8834 	 0.9988 	 1.2723 	 1.1039 	 9.7656 	 9.4755 	 -1.6402 	 0.0000 	 1.7148 	 546.1630 	 27.0000 	 0.3683 	 0.6969 	 0.6366 	 8.6073 	 2.3751 	 0.8288 	 2.5490 	 -1.3488 	 0.0000 	 2.8843 	 0.0000 
23.0000 	 0.0010 	 0.1109 	 0.0010 	 1.0013 	 9.9723 	 9.3077 	 8.0341 	 7.8531 	 0.0000 	 1.7003 	 584.9962 	 23.0000 	 0.4258 	 0.0553 	 0.4781 	 14.3844 	 9.0786 	 8.3720 	 1.6737 	 0.6276 	 0.0000 	 0.4389 	 0.0727 
26.0000 	 0.0241 	 0.0498 	 1.0000 	 41.1099 	 4.9746 	 9.3650 	 0.4031 	 7.4330 	 0.0000 	 1.7159 	 546.1631 	 26.0000 	 0.2152 	 0.3836 	 0.0497 	 13.9142 	 7.6863 	 7.8392 	 0.9468 	 2.3560 	 0.0000 	 2.7675 	 0.0000 
23.0000 	 0.2157 	 0.1825 	 0.9780 	 16.8133 	 5.6030 	 0.7497 	 2.8868 	 4.9706 	 0.0000 	 1.7151 	 546.1627 	 23.0000 	 0.9984 	 0.3812 	 0.7486 	 12.6494 	 8.0144 	 3.8636 	 1.2328 	 -1.9688 	 0.0000 	 2.4234 	 0.0000 
19.0000 	 0.0043 	 0.2976 	 0.8948 	 46.8670 	 1.3923 	 0.1898 	 0.0035 	 7.8322 	 0.0000 	 1.7148 	 546.1630 	 19.0000 	 0.1811 	 0.9911 	 0.1218 	 3.0532 	 6.6625 	 5.6381 	 0.2327 	 -0.8338 	 0.0000 	 0.5727 	 0.0000 
17.0000 	 0.0057 	 0.0462 	 0.8011 	 45.3253 	 0.0130 	 8.7209 	 9.9287 	 -2.0912 	 0.0000 	 1.7155 	 546.1637 	 17.0000 	 0.7740 	 0.7352 	 0.0684 	 10.8386 	 5.4883 	 9.0822 	 2.4139 	 0.7523 	 0.0000 	 1.3068 	 0.0001 
19.0000 	 0.1255 	 0.9041 	 0.9852 	 49.0449 	 8.1232 	 4.7953 	 0.1114 	 7.7252 	 0.0000 	 1.7146 	 546.1630 	 19.0000 	 0.9991 	 0.0505 	 0.2377 	 9.2877 	 3.8288 	 4.7801 	 1.2865 	 -2.7623 	 0.0000 	 1.1459 	 0.0000 
20.0000 	 0.0068 	 0.6715 	 0.7934 	 1.3789 	 9.9846 	 9.5076 	 0.0093 	 7.8263 	 0.0000 	 1.7144 	 546.1641 	 20.0000 	 0.3334 	 0.9079 	 0.9509 	 3.3347 	 8.6162 	 9.1385 	 1.4894 	 -0.6994 	 0.0000 	 2.4805 	 0.0001 
22.0000 	 0.0461 	 0.0809 	 0.8251 	 23.2963 	 8.8201 	 9.9868 	 2.1015 	 5.7379 	 0.0000 	 1.7148 	 546.1652 	 22.0000 	 0.5380 	 0.2423 	 0.9198 	 11.3182 	 6.7464 	 7.8348 	 0.5366 	 -2.9990 	 0.0000 	 2.9382 	 0.0001 
26.0000 	 0.0212 	 0.5011 	 1.0000 	 36.4216 	 6.1589 	 2.3285 	 2.0741 	 5.7638 	 0.0000 	 1.7156 	 546.1632 	 26.0000 	 0.4575 	 0.4948 	 0.6048 	 14.2068 	 9.3670 	 3.4901 	 2.4978 	 2.7029 	 0.0000 	 1.6988 	 0.0000 
29.0000 	 0.0018 	 0.0311 	 0.8051 	 49.7265 	 4.8552 	 8.3465 	 8.7507 	 -0.9154 	 0.0000 	 1.7147 	 546.1630 	 29.0000 	 0.1638 	 0.6859 	 0.1941 	 7.5556 	 9.2762 	 0.4637 	 0.5078 	 -2.7054 	 0.0000 	 1.1319 	 0.0000 
14.0000 	 0.0494 	 0.5616 	 0.9201 	 14.1680 	 0.9664 	 9.5422 	 9.8941 	 -2.0592 	 0.0000 	 1.7152 	 546.1635 	 14.0000 	 0.9196 	 0.0347 	 0.9905 	 7.9409 	 3.5812 	 6.9832 	 0.4084 	 -0.3048 	 0.0000 	 2.0024 	 0.0000 
17.0000 	 0.0013 	 0.1521 	 0.7758 	 16.1783 	 9.8630 	 2.1677 	 0.5733 	 7.2634 	 0.0000 	 1.7155 	 546.1559 	 17.0000 	 0.5824 	 0.2619 	 0.6993 	 13.5472 	 7.5533 	 4.0980 	 1.2513 	 -0.6858 	 0.0000 	 1.9267 	 0.0000 
19.0000 	 0.0041 	 0.0843 	 0.5263 	 49.1394 	 3.0511 	 6.4998 	 0.0360 	 7.8332 	 0.0000 	 1.7331 	 546.2682 	 19.0000 	 0.8210 	 0.5921 	 0.5613 	 1.2119 	 3.5981 	 0.0442 	 2.4975 	 -2.3728 	 0.0000 	 0.6158 	 0.0004 
21.0000 	 0.0010 	 0.0028 	 0.0031 	 48.2162 	 9.2831 	 9.0133 	 4.2675 	 7.7663 	 0.0000 	 1.6730 	 584.6512 	 21.0000 	 0.9853 	 0.4375 	 0.6304 	 11.9795 	 3.5965 	 9.9975 	 2.6685 	 0.4070 	 0.0000 	 1.7440 	 0.0768 
20.0000 	 0.0249 	 1.0000 	 0.9971 	 1.1885 	 0.2997 	 6.4290 	 7.4500 	 0.3855 	 0.0000 	 1.7145 	 546.1630 	 20.0000 	 0.1029 	 0.8027 	 0.1634 	 1.6589 	 1.0774 	 5.3704 	 2.1633 	 0.9580 	 0.0000 	 1.1473 	 0.0001 
26.0000 	 0.0040 	 0.0143 	 0.0010 	 21.3636 	 2.7879 	 3.6268 	 9.2217 	 7.6612 	 0.0000 	 1.7000 	 618.3549 	 26.0000 	 0.8789 	 0.0024 	 0.5499 	 10.6388 	 6.6782 	 1.4450 	 2.3478 	 0.0224 	 0.0000 	 1.5211 	 0.0376 
24.0000 	 0.3483 	 0.0473 	 0.9898 	 42.8394 	 1.0114 	 5.0180 	 0.0001 	 7.8344 	 0.0000 	 1.7141 	 546.1632 	 24.0000 	 0.0822 	 0.1328 	 0.2399 	 9.8856 	 2.1075 	 9.0290 	 0.8909 	 -1.0460 	 0.0000 	 2.7504 	 0.0001 
13.0000 	 0.0189 	 0.0213 	 1.0000 	 50.0000 	 8.0728 	 3.6102 	 0.0493 	 7.7817 	 0.0000 	 1.7147 	 546.1632 	 13.0000 	 0.1421 	 0.4905 	 0.4313 	 2.3233 	 9.8918 	 5.7098 	 1.6102 	 -1.6012 	 0.0000 	 1.7770 	 0.0009 
18.0000 	 0.0010 	 0.0686 	 0.7135 	 37.8084 	 6.2472 	 0.0003 	 1.2405 	 7.0519 	 0.0000 	 1.7153 	 546.1633 	 18.0000 	 0.8454 	 0.0772 	 0.2144 	 1.3085 	 2.5570 	 9.6062 	 0.3732 	 -0.0755 	 0.0000 	 1.6157 	 0.0001 
16.0000 	 0.9630 	 0.0010 	 0.9800 	 1.0125 	 7.1050 	 0.0000 	 9.9821 	 1.6479 	 0.0000 	 1.8535 	 612.8760 	 16.0000 	 0.1288 	 0.9471 	 0.2634 	 6.2844 	 5.7337 	 5.5357 	 2.7478 	 1.6625 	 0.0000 	 0.6562 	 4.0385 
24.0000 	 0.0010 	 0.0436 	 0.0039 	 2.6238 	 7.0717 	 9.3934 	 0.0887 	 7.8413 	 0.0000 	 1.7502 	 584.7628 	 24.0000 	 0.8174 	 0.0206 	 0.6465 	 1.6207 	 7.5724 	 8.2904 	 2.2655 	 -2.7088 	 0.0000 	 1.5346 	 0.0357 
28.0000 	 0.1316 	 1.0000 	 0.9767 	 34.2206 	 8.0371 	 0.8411 	 9.9928 	 -2.1262 	 0.0000 	 1.7726 	 544.6362 	 28.0000 	 0.0417 	 0.8370 	 0.2954 	 14.1738 	 0.4925 	 2.5011 	 2.5068 	 -2.0108 	 0.0000 	 2.1335 	 0.0977 
11.0000 	 0.0011 	 0.8044 	 0.9885 	 1.9497 	 0.3707 	 8.0487 	 10.0000 	 -2.1633 	 0.0000 	 1.7145 	 546.1630 	 11.0000 	 0.3800 	 0.4160 	 0.2040 	 5.2133 	 4.4279 	 6.8452 	 0.7271 	 -2.1678 	 0.0000 	 0.0893 	 0.0001 
18.0000 	 0.0128 	 0.5254 	 1.0000 	 34.8843 	 0.1975 	 6.2838 	 5.5118 	 2.3241 	 0.0000 	 1.7148 	 546.1630 	 18.0000 	 0.2388 	 0.3005 	 0.7778 	 7.2234 	 6.0200 	 7.3557 	 2.2845 	 -0.3166 	 0.0000 	 2.6570 	 0.0000 
17.0000 	 0.3084 	 0.2430 	 0.9989 	 1.3280 	 9.9681 	 9.5099 	 9.9399 	 7.3871 	 0.0000 	 1.5505 	 578.7783 	 17.0000 	 0.3194 	 0.7377 	 0.6290 	 4.8365 	 6.2645 	 2.9536 	 0.2971 	 -1.0717 	 0.0000 	 1.6374 	 0.0672 
19.0000 	 0.0010 	 0.0139 	 1.0000 	 49.9976 	 9.6240 	 3.4528 	 1.1110 	 6.7220 	 0.0000 	 1.7135 	 546.1645 	 19.0000 	 0.4501 	 0.0042 	 0.5996 	 14.9394 	 5.9221 	 9.5876 	 0.8874 	 -2.1440 	 0.0000 	 2.9366 	 0.0008 
16.0000 	 0.0011 	 0.4236 	 0.9326 	 2.4095 	 9.0613 	 3.2357 	 0.0076 	 7.8283 	 0.0000 	 1.7152 	 546.1630 	 16.0000 	 0.4106 	 0.3369 	 0.0381 	 2.4157 	 8.8521 	 6.9393 	 2.2593 	 -0.6441 	 0.0000 	 2.7951 	 0.0000 
10.0000 	 0.0016 	 0.0267 	 0.9945 	 46.0179 	 7.6127 	 4.0624 	 0.0034 	 7.8377 	 0.0000 	 1.7169 	 546.1677 	 10.0000 	 0.3450 	 0.4057 	 0.8784 	 3.5030 	 3.1179 	 9.2411 	 1.8429 	 0.2560 	 0.0000 	 0.8869 	 0.0005 
23.0000 	 0.0555 	 0.1847 	 0.8381 	 18.8755 	 1.2556 	 7.5362 	 7.6729 	 0.1636 	 0.0000 	 1.7155 	 546.1631 	 23.0000 	 0.9794 	 0.2205 	 0.4533 	 7.7897 	 1.6192 	 4.1255 	 1.3671 	 1.1152 	 0.0000 	 1.6041 	 0.0001 
15.0000 	 0.9945 	 0.0027 	 0.1590 	 2.8281 	 7.4179 	 1.7905 	 0.2013 	 7.9112 	 0.0000 	 2.8898 	 605.4986 	 15.0000 	 0.2383 	 0.8646 	 0.2556 	 3.5935 	 8.1358 	 9.4069 	 1.3851 	 2.9695 	 0.0000 	 0.1747 	 1.1567 
27.0000 	 0.0012 	 0.6128 	 0.9046 	 1.0045 	 0.0514 	 10.0000 	 9.0910 	 -1.2612 	 0.0000 	 1.7155 	 546.1645 	 27.0000 	 0.0747 	 0.2723 	 0.2618 	 11.0438 	 1.1439 	 2.7272 	 2.6421 	 -2.5637 	 0.0000 	 2.1580 	 0.0008 
16.0000 	 0.0010 	 0.0850 	 0.9015 	 22.2604 	 3.4869 	 10.0000 	 0.0022 	 7.8332 	 0.0000 	 1.7150 	 546.1630 	 16.0000 	 0.7211 	 0.7495 	 0.9037 	 6.8152 	 4.7414 	 6.7965 	 0.1867 	 -1.9240 	 0.0000 	 1.6238 	 0.0000 
8.0000 	 0.0016 	 0.9886 	 0.8914 	 31.8155 	 9.2523 	 9.1126 	 0.5334 	 7.3038 	 0.0000 	 1.7156 	 546.1636 	 8.0000 	 0.6123 	 0.3172 	 0.1287 	 11.3712 	 0.8071 	 5.3708 	 1.0764 	 -1.2656 	 0.0000 	 0.0960 	 0.0000 
23.0000 	 0.0010 	 0.0433 	 0.5907 	 37.4835 	 9.6854 	 9.9979 	 0.6465 	 7.1920 	 0.0000 	 1.7163 	 546.1460 	 23.0000 	 0.9219 	 0.4706 	 0.7071 	 12.1810 	 8.4531 	 2.2685 	 1.2816 	 1.6720 	 0.0000 	 1.8124 	 0.0000 
14.0000 	 0.0019 	 0.0270 	 0.9883 	 45.2456 	 8.9985 	 9.9962 	 0.0970 	 7.7364 	 0.0000 	 1.7145 	 546.1634 	 14.0000 	 0.7478 	 0.8215 	 0.9089 	 2.4601 	 4.3360 	 7.8033 	 2.5987 	 -0.7096 	 0.0000 	 0.0225 	 0.0003 
13.0000 	 0.0028 	 0.1495 	 0.9937 	 6.0476 	 4.8943 	 1.2631 	 0.0140 	 7.8192 	 0.0000 	 1.7114 	 546.1670 	 13.0000 	 0.4427 	 0.5125 	 0.5931 	 14.1321 	 5.3710 	 6.3682 	 1.0761 	 1.1858 	 0.0000 	 1.0204 	 0.0005 
20.0000 	 0.0055 	 0.4922 	 0.6218 	 3.5991 	 4.7196 	 0.7951 	 0.0024 	 7.8397 	 0.0000 	 1.7179 	 546.1709 	 20.0000 	 0.9848 	 0.0333 	 0.6054 	 9.3991 	 4.9179 	 0.7493 	 2.6528 	 -2.6254 	 0.0000 	 1.0448 	 0.0001 
6.0000 	 0.0010 	 0.1034 	 0.7826 	 41.0116 	 5.2870 	 0.0007 	 1.7763 	 6.7130 	 0.0000 	 1.7121 	 546.2446 	 6.0000 	 0.1060 	 0.6207 	 0.1688 	 4.3894 	 9.8484 	 9.2487 	 1.4444 	 -1.8428 	 0.0000 	 1.9012 	 0.0007 
15.0000 	 0.0185 	 0.7333 	 0.8963 	 16.7220 	 9.7263 	 2.2393 	 0.6635 	 7.1676 	 0.0000 	 1.7134 	 546.1641 	 15.0000 	 0.9035 	 0.9887 	 0.6006 	 12.4823 	 3.6940 	 0.8641 	 0.6490 	 2.8269 	 0.0000 	 1.8669 	 0.0000 
17.0000 	 0.3363 	 0.2431 	 0.9600 	 12.1623 	 2.3715 	 3.3531 	 2.8565 	 4.9521 	 0.0000 	 1.6972 	 546.2385 	 17.0000 	 0.0690 	 0.3106 	 0.5992 	 13.3381 	 6.9317 	 6.8097 	 2.2890 	 -2.1906 	 0.0000 	 2.4270 	 0.0003 
24.0000 	 0.4574 	 0.5724 	 0.9999 	 40.5458 	 9.9767 	 0.7431 	 0.0008 	 7.8341 	 0.0000 	 1.7148 	 546.1630 	 24.0000 	 0.8099 	 0.1021 	 0.0131 	 1.2746 	 8.3039 	 8.5825 	 2.9099 	 2.3184 	 0.0000 	 2.3183 	 0.0000 
17.0000 	 0.0929 	 0.9605 	 0.9680 	 1.0012 	 8.1232 	 9.6424 	 0.0043 	 7.8328 	 0.0000 	 1.7174 	 546.1635 	 17.0000 	 0.6064 	 0.3867 	 0.7033 	 6.9827 	 4.7697 	 9.5786 	 0.7267 	 -1.8796 	 0.0000 	 2.1993 	 0.0002 
26.0000 	 0.0010 	 0.6041 	 0.5437 	 2.8994 	 8.8305 	 9.9958 	 0.0226 	 7.8173 	 0.0000 	 1.7156 	 545.8299 	 26.0000 	 0.7868 	 0.1133 	 0.8236 	 13.0078 	 1.7498 	 6.5760 	 2.8221 	 0.7671 	 0.0000 	 0.3928 	 0.0001 
6.0000 	 0.0022 	 0.5127 	 0.9199 	 21.4891 	 9.0161 	 0.0000 	 9.9111 	 1.5674 	 0.0000 	 1.7486 	 543.8373 	 6.0000 	 0.4834 	 0.8622 	 0.9164 	 3.1932 	 6.5576 	 0.9215 	 1.7509 	 -1.6397 	 0.0000 	 2.0120 	 0.0946 
14.0000 	 0.0411 	 0.9564 	 0.9014 	 25.8244 	 8.1334 	 4.3671 	 0.1721 	 7.6653 	 0.0000 	 1.7158 	 546.1635 	 14.0000 	 0.6527 	 0.8595 	 0.7724 	 11.8839 	 4.0718 	 7.4780 	 2.7522 	 2.4554 	 0.0000 	 0.9436 	 0.0000 
11.0000 	 0.0011 	 0.0010 	 0.0467 	 1.0002 	 9.9703 	 9.9701 	 5.3638 	 9.9648 	 0.0000 	 3.1254 	 881.1609 	 11.0000 	 0.6405 	 0.3126 	 0.0812 	 14.3509 	 8.6108 	 0.8168 	 0.5493 	 1.0040 	 0.0000 	 2.0365 	 0.3858 
20.0000 	 0.0686 	 0.7976 	 0.8526 	 3.5156 	 2.8387 	 9.4398 	 0.5956 	 7.2497 	 0.0000 	 1.7280 	 546.1776 	 20.0000 	 0.8580 	 0.7976 	 0.5324 	 7.9066 	 9.4806 	 0.2959 	 1.5227 	 2.2553 	 0.0000 	 1.7964 	 0.0000 
3.0000 	 0.0025 	 1.0000 	 1.0000 	 2.4919 	 7.9019 	 1.0679 	 0.0009 	 7.8347 	 0.0000 	 1.7144 	 546.1630 	 3.0000 	 0.6424 	 0.5655 	 0.6519 	 14.9603 	 5.8324 	 0.9449 	 2.0123 	 -2.5907 	 0.0000 	 2.3794 	 0.0000 
12.0000 	 0.0010 	 0.8609 	 0.9712 	 1.2929 	 0.7105 	 9.9237 	 0.0002 	 7.8333 	 0.0000 	 1.7151 	 546.1633 	 12.0000 	 0.7983 	 0.9861 	 0.2262 	 9.9768 	 5.4357 	 6.9533 	 0.6894 	 -1.9198 	 0.0000 	 1.7659 	 0.0000 
1.0000 	 0.0081 	 0.0010 	 0.0011 	 1.0481 	 0.6210 	 0.0586 	 0.0000 	 8.2703 	 0.0000 	 1.9135 	 575.0476 	 1.0000 	 0.8703 	 0.1740 	 0.5870 	 14.7840 	 2.9145 	 9.3154 	 2.3348 	 1.5638 	 0.0000 	 0.6304 	 0.6090 
20.0000 	 0.0991 	 0.6501 	 0.8484 	 2.5425 	 1.7758 	 2.0258 	 0.0000 	 7.8065 	 0.0000 	 1.7412 	 546.2626 	 20.0000 	 0.2089 	 0.7904 	 0.6716 	 3.2298 	 7.0726 	 3.9334 	 0.4861 	 2.0273 	 0.0000 	 1.3737 	 0.0001 
1.0000 	 0.9775 	 0.0013 	 0.0047 	 3.7225 	 9.9967 	 8.9549 	 0.5173 	 8.7786 	 0.0000 	 5.3694 	 719.1297 	 1.0000 	 0.9508 	 0.4658 	 0.9563 	 14.3471 	 1.2391 	 9.9000 	 2.3319 	 -2.7004 	 0.0000 	 2.2461 	 1.0574 
14.0000 	 0.0143 	 0.2433 	 0.9408 	 7.0850 	 4.6071 	 7.1760 	 0.0043 	 7.8336 	 0.0000 	 1.7150 	 546.1634 	 14.0000 	 0.5075 	 0.4478 	 0.6138 	 1.8167 	 5.0772 	 2.7799 	 2.1131 	 0.8451 	 0.0000 	 2.0585 	 0.0000 
16.0000 	 0.0065 	 0.5217 	 0.9608 	 17.5601 	 1.1310 	 7.0542 	 9.4036 	 -1.5638 	 0.0000 	 1.7214 	 546.1642 	 16.0000 	 0.7049 	 0.4502 	 0.5197 	 11.2158 	 1.8792 	 0.2219 	 1.0422 	 -2.2202 	 0.0000 	 0.0050 	 0.0065 
11.0000 	 0.0032 	 0.0290 	 1.0000 	 35.3461 	 9.2248 	 2.7220 	 0.7891 	 7.0493 	 0.0000 	 1.7150 	 546.1718 	 11.0000 	 0.8672 	 0.3204 	 0.4688 	 9.3746 	 0.4525 	 0.5489 	 0.2939 	 -0.8519 	 0.0000 	 2.4721 	 0.0011 
10.0000 	 0.1441 	 0.5102 	 1.0000 	 45.5032 	 2.8064 	 8.1641 	 8.2789 	 -0.3779 	 0.0000 	 1.7986 	 541.8436 	 10.0000 	 0.6629 	 0.1133 	 0.4924 	 9.3642 	 4.5235 	 1.3528 	 1.4538 	 0.1017 	 0.0000 	 2.8418 	 0.2605 
12.0000 	 0.0010 	 0.6614 	 1.0000 	 1.1427 	 1.1645 	 0.3909 	 1.6992 	 6.1485 	 0.0000 	 1.7136 	 546.1658 	 12.0000 	 0.8810 	 0.6796 	 0.5366 	 2.0149 	 0.6926 	 9.9265 	 1.2496 	 1.5622 	 0.0000 	 0.7935 	 0.0003 
24.0000 	 0.0033 	 1.0000 	 0.5936 	 16.6586 	 5.1055 	 0.0000 	 0.0000 	 7.8374 	 0.0000 	 1.7136 	 546.1638 	 24.0000 	 0.7505 	 0.6937 	 0.8517 	 2.9423 	 6.8447 	 6.1040 	 0.1652 	 -0.8252 	 0.0000 	 1.2859 	 0.0000 
8.0000 	 0.0092 	 0.4138 	 0.9606 	 50.0000 	 4.9755 	 4.2408 	 0.0000 	 7.8349 	 0.0000 	 1.7131 	 546.1639 	 8.0000 	 0.7417 	 0.9232 	 0.4618 	 6.4691 	 9.2347 	 9.1585 	 2.9058 	 1.7630 	 0.0000 	 1.2947 	 0.0001 
20.0000 	 0.0010 	 0.8807 	 0.8358 	 3.6549 	 9.5762 	 6.9143 	 0.0000 	 7.8361 	 0.0000 	 1.7142 	 546.1630 	 20.0000 	 0.9731 	 0.2010 	 0.1869 	 11.6423 	 2.6465 	 6.8481 	 2.1451 	 -0.0981 	 0.0000 	 1.1664 	 0.0000 
9.0000 	 0.0283 	 0.0557 	 1.0000 	 24.6575 	 9.9892 	 0.0000 	 7.6537 	 2.9994 	 0.0000 	 1.7119 	 546.1780 	 9.0000 	 0.3457 	 0.2914 	 0.4856 	 6.5711 	 2.0450 	 6.8827 	 2.9868 	 -1.4860 	 0.0000 	 2.5384 	 0.0019 
15.0000 	 0.0012 	 0.9637 	 0.9177 	 9.4496 	 4.2984 	 8.3255 	 0.0001 	 7.8357 	 0.0000 	 1.7148 	 546.1630 	 15.0000 	 0.0375 	 0.8378 	 0.0660 	 11.6543 	 6.8069 	 4.9456 	 0.2148 	 -2.5086 	 0.0000 	 1.4596 	 0.0000 
23.0000 	 0.0010 	 0.0093 	 0.0019 	 13.1770 	 3.9878 	 8.8507 	 0.4249 	 7.7752 	 0.0000 	 1.7143 	 584.8104 	 23.0000 	 0.7695 	 0.5709 	 0.1495 	 9.9478 	 9.9696 	 0.7506 	 2.6168 	 -0.1350 	 0.0000 	 0.9386 	 0.0790 
13.0000 	 0.0324 	 0.3123 	 0.9999 	 8.5141 	 0.8347 	 9.1802 	 3.5442 	 4.2914 	 0.0000 	 1.7144 	 546.1630 	 13.0000 	 0.4314 	 0.3847 	 0.8394 	 4.0991 	 4.9026 	 9.3828 	 1.7999 	 -2.8181 	 0.0000 	 1.2537 	 0.0000 
9.0000 	 0.0036 	 0.0010 	 0.8815 	 1.2146 	 7.9674 	 3.1497 	 8.0475 	 8.1029 	 0.0000 	 2.0617 	 792.6704 	 9.0000 	 0.2530 	 0.8676 	 0.4232 	 6.6849 	 4.7856 	 5.6601 	 0.3711 	 -1.5797 	 0.0000 	 0.5452 	 0.1642 
6.0000 	 0.0033 	 0.9631 	 0.9984 	 1.3392 	 4.5926 	 0.9912 	 2.0223 	 5.8168 	 0.0000 	 1.7141 	 546.1629 	 6.0000 	 0.8891 	 0.7930 	 0.7037 	 8.9569 	 3.8176 	 8.8402 	 0.4401 	 -0.3802 	 0.0000 	 2.4796 	 0.0000 
11.0000 	 0.0040 	 0.4797 	 0.8626 	 50.0000 	 1.3166 	 8.6360 	 10.0000 	 -2.1646 	 0.0000 	 1.7137 	 546.1640 	 11.0000 	 0.3511 	 0.2312 	 0.4217 	 13.5428 	 9.2913 	 1.9998 	 0.0323 	 2.0174 	 0.0000 	 0.0438 	 0.0001 
9.0000 	 0.0026 	 0.1949 	 0.9458 	 19.4798 	 9.3077 	 9.9420 	 0.0004 	 7.8343 	 0.0000 	 1.7143 	 546.1632 	 9.0000 	 0.8816 	 0.2426 	 0.0320 	 12.0407 	 8.7385 	 1.6824 	 0.4301 	 1.4535 	 0.0000 	 1.3382 	 0.0001 
5.0000 	 0.0029 	 1.0000 	 0.9999 	 1.8388 	 6.9954 	 0.0211 	 0.0243 	 7.8200 	 0.0000 	 1.7140 	 546.1630 	 5.0000 	 0.3867 	 0.0792 	 0.4923 	 9.2763 	 6.8713 	 5.6312 	 2.7585 	 2.9298 	 0.0000 	 1.4028 	 0.0000 
9.0000 	 0.0010 	 0.0301 	 0.0026 	 10.7548 	 9.8864 	 3.9152 	 9.2255 	 7.8335 	 0.0000 	 1.7043 	 589.7367 	 9.0000 	 0.9365 	 0.0480 	 0.7257 	 12.1566 	 8.7128 	 0.6104 	 2.7195 	 2.4820 	 0.0000 	 2.5175 	 0.0404 
18.0000 	 0.1419 	 0.1582 	 0.8175 	 50.0000 	 9.8473 	 0.0000 	 10.0000 	 1.5133 	 0.0000 	 1.7141 	 543.7230 	 18.0000 	 0.1276 	 0.8441 	 0.4989 	 11.2694 	 9.4240 	 2.8630 	 0.4006 	 0.9209 	 0.0000 	 0.7764 	 0.0004 
13.0000 	 0.0880 	 0.9994 	 0.9803 	 39.5810 	 4.7294 	 9.8237 	 1.6088 	 6.2269 	 0.0000 	 1.7146 	 546.1627 	 13.0000 	 0.1758 	 0.1440 	 0.6634 	 13.1326 	 5.4794 	 9.0291 	 1.2427 	 0.3868 	 0.0000 	 1.6250 	 0.0001 
18.0000 	 0.0130 	 1.0000 	 0.9968 	 25.8798 	 0.2134 	 5.2336 	 0.0002 	 7.8354 	 0.0000 	 1.7145 	 546.1630 	 18.0000 	 0.0675 	 0.5499 	 0.4330 	 8.8043 	 7.5781 	 0.3489 	 0.6930 	 -1.6788 	 0.0000 	 1.9200 	 0.0000 
10.0000 	 0.0023 	 0.9756 	 0.8725 	 9.7327 	 4.7311 	 8.1567 	 5.0996 	 2.6995 	 0.0000 	 1.7470 	 546.3130 	 10.0000 	 0.5249 	 0.0289 	 0.9370 	 4.6637 	 7.8843 	 4.1265 	 2.9795 	 0.7670 	 0.0000 	 1.1608 	 0.0001 
22.0000 	 0.0021 	 0.0345 	 0.7502 	 49.3097 	 1.6016 	 2.6036 	 1.2442 	 6.5900 	 0.0000 	 1.7136 	 546.1629 	 22.0000 	 0.7651 	 0.1113 	 0.4916 	 14.6173 	 3.7103 	 3.7073 	 0.3466 	 -2.0053 	 0.0000 	 0.9564 	 0.0004 
4.0000 	 0.0011 	 0.0809 	 1.0000 	 41.4702 	 4.6369 	 5.8568 	 0.9470 	 6.8872 	 0.0000 	 1.7160 	 546.1649 	 4.0000 	 0.7762 	 0.1306 	 0.3509 	 13.4401 	 0.0639 	 8.9568 	 2.6882 	 -0.0944 	 0.0000 	 1.9825 	 0.0004 
6.0000 	 0.0804 	 0.5858 	 1.0000 	 6.9086 	 6.3780 	 4.1793 	 7.5066 	 0.3168 	 0.0000 	 1.7046 	 546.1770 	 6.0000 	 0.1072 	 0.3846 	 0.5826 	 5.2083 	 3.0703 	 3.5037 	 2.9940 	 1.9771 	 0.0000 	 1.4802 	 0.0003 
20.0000 	 0.0023 	 0.5726 	 0.8680 	 46.6953 	 0.7416 	 3.8683 	 9.9948 	 -2.1591 	 0.0000 	 1.7145 	 546.1630 	 20.0000 	 0.9420 	 0.2002 	 0.8427 	 11.9081 	 5.5253 	 9.4652 	 0.9598 	 -1.3867 	 0.0000 	 0.3333 	 0.0000 
6.0000 	 0.0011 	 0.0010 	 0.9088 	 1.0041 	 8.4863 	 1.1923 	 5.7370 	 7.3566 	 0.0000 	 1.8576 	 684.2378 	 6.0000 	 0.7864 	 0.7349 	 0.9256 	 14.1717 	 7.1147 	 4.9897 	 2.8332 	 1.8738 	 0.0000 	 0.9865 	 0.5332 
1.0000 	 0.0033 	 0.0010 	 0.0010 	 1.1092 	 4.5404 	 0.0314 	 0.0000 	 8.0713 	 0.0000 	 1.8920 	 575.1158 	 1.0000 	 0.3531 	 0.8498 	 0.3962 	 14.6119 	 0.7390 	 4.5285 	 1.9072 	 -2.8143 	 0.0000 	 1.1479 	 0.7673 
5.0000 	 0.0010 	 0.4082 	 0.0012 	 1.0305 	 3.7092 	 6.2634 	 3.4402 	 7.8184 	 0.0000 	 1.7270 	 603.8376 	 5.0000 	 0.4849 	 0.3566 	 0.3548 	 4.3269 	 3.2120 	 1.9514 	 1.8365 	 0.6303 	 0.0000 	 1.1502 	 0.0409 
5.0000 	 0.0011 	 0.5719 	 0.9986 	 48.9628 	 0.4686 	 4.2743 	 0.0009 	 7.8346 	 0.0000 	 1.7149 	 546.1630 	 5.0000 	 0.7805 	 0.7533 	 0.4563 	 14.7360 	 2.0901 	 1.1240 	 0.7597 	 -0.8175 	 0.0000 	 0.3427 	 0.0000 
11.0000 	 0.0013 	 0.1768 	 0.8832 	 42.5962 	 3.7151 	 0.0008 	 9.9998 	 1.5082 	 0.0000 	 1.7149 	 546.1627 	 11.0000 	 0.5048 	 0.4383 	 0.6234 	 6.2552 	 5.7666 	 0.3144 	 0.8916 	 -0.6266 	 0.0000 	 2.5202 	 0.0001 
8.0000 	 0.0011 	 0.5243 	 0.9366 	 35.0984 	 0.6784 	 6.5563 	 7.1626 	 0.6735 	 0.0000 	 1.7145 	 546.1632 	 8.0000 	 0.6329 	 0.5869 	 0.5040 	 8.4133 	 1.5401 	 6.4022 	 2.7102 	 1.0022 	 0.0000 	 2.4112 	 0.0000 
16.0000 	 0.0166 	 0.9803 	 0.8610 	 2.9611 	 0.0735 	 7.8835 	 2.0764 	 5.7586 	 0.0000 	 1.7152 	 546.1631 	 16.0000 	 0.1213 	 0.2696 	 0.3726 	 2.1458 	 1.0560 	 6.7824 	 2.0394 	 2.2925 	 0.0000 	 2.6437 	 0.0000 
3.0000 	 0.0011 	 0.0671 	 1.0000 	 49.9986 	 1.6931 	 9.5789 	 0.0000 	 7.8289 	 0.0000 	 1.7155 	 546.2033 	 3.0000 	 0.5210 	 0.3787 	 0.6446 	 11.2803 	 4.1044 	 3.2941 	 2.2726 	 -1.3914 	 0.0000 	 1.1037 	 0.0012 
3.0000 	 0.0087 	 0.1223 	 1.0000 	 49.7557 	 1.7604 	 10.0000 	 0.0000 	 7.8297 	 0.0000 	 1.7130 	 546.1692 	 3.0000 	 0.4249 	 0.3203 	 0.7329 	 12.9550 	 2.2880 	 7.3519 	 2.6168 	 2.3377 	 0.0000 	 0.4349 	 0.0007 
6.0000 	 0.0013 	 0.0380 	 1.0000 	 42.7834 	 2.0890 	 0.0428 	 0.0034 	 7.8543 	 0.0000 	 1.7224 	 546.2107 	 6.0000 	 0.2387 	 0.1220 	 0.9615 	 9.0624 	 1.6201 	 0.4999 	 2.5545 	 0.8784 	 0.0000 	 1.0700 	 0.0016 
2.0000 	 0.0023 	 0.6001 	 0.9963 	 24.3622 	 10.0000 	 2.9957 	 0.2353 	 7.6963 	 0.0000 	 1.7272 	 546.2212 	 2.0000 	 0.1377 	 0.2681 	 0.3516 	 1.9824 	 0.3216 	 4.7104 	 1.5345 	 -0.8296 	 0.0000 	 0.6582 	 0.0004 
2.0000 	 0.0010 	 0.0010 	 0.0010 	 1.0004 	 0.1317 	 9.9792 	 0.6813 	 7.9849 	 0.0000 	 1.8399 	 593.9254 	 2.0000 	 0.6634 	 0.1287 	 0.2569 	 12.0863 	 2.3997 	 0.2289 	 2.7207 	 -2.6149 	 0.0000 	 2.0074 	 0.9793 
16.0000 	 0.2812 	 0.9685 	 0.9962 	 1.2095 	 9.9039 	 0.0944 	 0.5374 	 7.4739 	 0.0000 	 1.7142 	 546.1652 	 16.0000 	 0.6148 	 0.6862 	 0.8591 	 2.3104 	 5.1383 	 3.1047 	 0.2851 	 2.8446 	 0.0000 	 1.3656 	 0.0000 
6.0000 	 0.0017 	 0.9933 	 1.0000 	 8.7950 	 7.1187 	 6.8913 	 5.7066 	 2.1293 	 0.0000 	 1.7143 	 546.1619 	 6.0000 	 0.5420 	 0.7276 	 0.3035 	 12.1132 	 2.5261 	 3.7616 	 1.5977 	 2.4737 	 0.0000 	 0.9427 	 0.0002 
22.0000 	 0.0011 	 0.0028 	 0.0010 	 49.9238 	 2.4389 	 5.3962 	 9.7124 	 7.6203 	 0.0000 	 1.6682 	 589.9031 	 22.0000 	 0.4410 	 0.1100 	 0.0296 	 11.5803 	 7.3116 	 7.7538 	 1.7428 	 1.3822 	 0.0000 	 0.5029 	 0.0457 
15.0000 	 0.0037 	 0.8328 	 0.9992 	 1.0769 	 3.5083 	 9.9976 	 0.0000 	 7.8354 	 0.0000 	 1.7249 	 546.1691 	 15.0000 	 0.4614 	 0.7058 	 0.8971 	 4.2207 	 4.3007 	 1.1385 	 0.5123 	 -0.7726 	 0.0000 	 1.7231 	 0.0000 
20.0000 	 0.0146 	 0.1900 	 0.3689 	 10.0981 	 4.9243 	 6.7624 	 2.1052 	 6.1817 	 0.0000 	 0.0002 	 1461.7212 	 20.0000 	 0.2597 	 0.1066 	 0.1968 	 13.2056 	 9.6347 	 0.6641 	 2.8174 	 -0.5584 	 0.0000 	 0.3256 	 0.0092 
10.0000 	 0.0010 	 0.5345 	 0.8368 	 46.7309 	 9.4525 	 0.0015 	 7.0630 	 3.3671 	 0.0000 	 1.7141 	 546.1630 	 10.0000 	 0.6372 	 0.6884 	 0.5842 	 12.6020 	 3.3836 	 5.6537 	 0.2995 	 0.6301 	 0.0000 	 0.3558 	 0.0000 
3.0000 	 0.9792 	 0.0012 	 0.0010 	 16.6198 	 6.7053 	 6.8685 	 0.7282 	 7.8053 	 0.0000 	 2.5581 	 610.0788 	 3.0000 	 0.4188 	 0.8434 	 0.1868 	 5.3378 	 5.8863 	 1.7497 	 2.5313 	 0.7861 	 0.0000 	 0.6868 	 1.6057 
1.0000 	 0.0107 	 0.0010 	 0.0030 	 1.0002 	 6.5828 	 0.0000 	 7.1049 	 3.6317 	 0.0000 	 1.9854 	 563.8864 	 1.0000 	 0.7974 	 0.1607 	 0.2419 	 8.5993 	 0.9059 	 2.2937 	 2.9317 	 -2.7775 	 0.0000 	 1.7124 	 1.0934 
12.0000 	 0.0016 	 0.2612 	 0.9151 	 4.4128 	 9.2350 	 9.3296 	 0.0001 	 7.8319 	 0.0000 	 1.7182 	 546.1682 	 12.0000 	 0.0619 	 0.7768 	 0.2040 	 2.7119 	 2.4056 	 6.3711 	 1.7609 	 2.1559 	 0.0000 	 1.0803 	 0.0002 
1.0000 	 0.6407 	 0.9837 	 0.9972 	 2.5894 	 7.5926 	 1.3524 	 8.8655 	 7.7922 	 0.0000 	 1.6444 	 651.7682 	 1.0000 	 0.1632 	 0.5460 	 0.4198 	 2.1219 	 2.5913 	 2.0550 	 2.4567 	 2.3792 	 0.0000 	 2.6097 	 0.7069 
19.0000 	 0.0010 	 0.1229 	 0.6186 	 21.6055 	 9.9737 	 0.1377 	 0.0001 	 7.8380 	 0.0000 	 1.7129 	 546.1654 	 19.0000 	 0.2576 	 0.8720 	 0.5563 	 1.7876 	 5.1929 	 3.0252 	 0.8299 	 -0.3545 	 0.0000 	 0.2899 	 0.0001 
8.0000 	 0.0067 	 0.1014 	 0.9906 	 44.7099 	 4.1274 	 3.1972 	 1.5027 	 6.3331 	 0.0000 	 1.7146 	 546.1630 	 8.0000 	 0.7597 	 0.0035 	 0.8121 	 10.2321 	 0.1229 	 4.9342 	 1.2300 	 2.4377 	 0.0000 	 1.8320 	 0.0000 
18.0000 	 0.0021 	 0.5602 	 1.0000 	 1.0598 	 9.2577 	 7.9970 	 0.0398 	 7.8024 	 0.0000 	 1.8101 	 546.7757 	 18.0000 	 0.6333 	 0.0986 	 0.0567 	 12.9694 	 7.9486 	 5.5407 	 2.1881 	 1.9277 	 0.0000 	 0.9821 	 0.0001 
15.0000 	 0.2144 	 0.4313 	 1.0000 	 3.4127 	 6.7676 	 5.5925 	 0.0063 	 7.8288 	 0.0000 	 1.7147 	 546.1630 	 15.0000 	 0.4583 	 0.2367 	 0.2929 	 4.1188 	 7.0879 	 6.4241 	 0.2056 	 2.4002 	 0.0000 	 1.6971 	 0.0000 
6.0000 	 0.0033 	 0.9999 	 1.0000 	 1.0001 	 1.5710 	 5.1108 	 0.0229 	 7.8125 	 0.0000 	 1.7144 	 546.1630 	 6.0000 	 0.0244 	 0.4398 	 0.3778 	 8.3528 	 4.3576 	 0.6444 	 0.1469 	 -2.5718 	 0.0000 	 0.3753 	 0.0001 
5.0000 	 0.6994 	 0.0010 	 0.0039 	 1.2587 	 0.3662 	 7.0605 	 0.3838 	 7.8223 	 0.0000 	 1.9240 	 607.4346 	 5.0000 	 0.6374 	 0.7121 	 0.6293 	 8.6118 	 0.9671 	 2.8748 	 2.4987 	 -2.6431 	 0.0000 	 2.2292 	 0.2823 
12.0000 	 0.9772 	 0.0010 	 0.7417 	 1.0001 	 7.9098 	 3.2852 	 3.1154 	 7.9404 	 0.0000 	 1.8278 	 572.5620 	 12.0000 	 0.3724 	 0.0649 	 0.9995 	 3.2697 	 7.0660 	 1.6535 	 1.7324 	 -1.9729 	 0.0000 	 2.7115 	 0.8709 
12.0000 	 0.0010 	 0.3786 	 0.8009 	 32.6648 	 2.7652 	 9.8419 	 4.3081 	 3.5266 	 0.0000 	 1.7152 	 546.1635 	 12.0000 	 0.0518 	 0.7547 	 0.9753 	 7.5286 	 9.6239 	 3.9846 	 2.9808 	 -2.2554 	 0.0000 	 2.8450 	 0.0000 
4.0000 	 0.7642 	 0.0010 	 0.9208 	 1.0206 	 7.1142 	 8.2846 	 7.7761 	 7.6934 	 0.0000 	 2.0011 	 601.3875 	 4.0000 	 0.6456 	 0.0553 	 0.9779 	 11.1716 	 3.2825 	 0.4949 	 1.4517 	 1.8766 	 0.0000 	 1.2439 	 0.6106 
16.0000 	 0.0019 	 0.9928 	 0.7493 	 49.1087 	 0.3946 	 8.6948 	 0.0719 	 7.7630 	 0.0000 	 1.7144 	 546.1631 	 16.0000 	 0.3389 	 0.9367 	 0.3683 	 6.4845 	 7.8008 	 9.5750 	 0.1152 	 -2.8782 	 0.0000 	 1.4503 	 0.0000 
1.0000 	 0.0010 	 1.0000 	 1.0000 	 2.6934 	 1.3037 	 8.4180 	 9.9772 	 -2.1108 	 0.0000 	 1.7071 	 556.9613 	 1.0000 	 0.3913 	 0.6220 	 0.4909 	 4.0211 	 1.0374 	 8.0729 	 2.0437 	 -1.4461 	 0.0000 	 0.6627 	 0.0115 
28.0000 	 0.0082 	 0.1754 	 0.9999 	 7.6739 	 4.1385 	 6.0100 	 0.0444 	 7.7894 	 0.0000 	 1.7060 	 546.0616 	 28.0000 	 0.4002 	 0.6224 	 0.9376 	 1.3049 	 6.6877 	 4.3029 	 1.0117 	 1.9033 	 0.0000 	 2.2604 	 0.0002 
4.0000 	 0.0010 	 0.1792 	 0.9085 	 43.8124 	 2.0104 	 0.0003 	 6.3356 	 3.8279 	 0.0000 	 1.7144 	 546.1974 	 4.0000 	 0.8926 	 0.6124 	 0.7296 	 4.9363 	 9.6939 	 8.2802 	 2.5717 	 -1.5863 	 0.0000 	 2.2434 	 0.0006 
18.0000 	 0.1053 	 0.2421 	 1.0000 	 47.3110 	 2.0366 	 7.2143 	 0.3707 	 7.4383 	 0.0000 	 1.8600 	 547.5940 	 18.0000 	 0.5487 	 0.4464 	 0.4151 	 12.0667 	 3.6666 	 6.4387 	 0.2028 	 0.1992 	 0.0000 	 2.9417 	 0.0000 
9.0000 	 0.0035 	 0.9820 	 0.9249 	 3.1670 	 0.0038 	 2.5224 	 9.9699 	 -2.1309 	 0.0000 	 1.7136 	 546.1638 	 9.0000 	 0.7987 	 0.6027 	 0.3651 	 3.2827 	 7.6876 	 3.4804 	 0.8940 	 -0.3215 	 0.0000 	 2.6959 	 0.0011 
28.0000 	 0.0011 	 0.4524 	 0.6619 	 2.6566 	 3.2594 	 3.0861 	 0.0034 	 7.8312 	 0.0000 	 1.7160 	 546.1632 	 28.0000 	 0.1775 	 0.9473 	 0.8188 	 3.6930 	 9.7475 	 8.4409 	 1.1465 	 -0.1294 	 0.0000 	 0.3310 	 0.0000 
4.0000 	 0.0278 	 0.9275 	 0.9738 	 46.4114 	 3.0365 	 0.0040 	 7.6698 	 2.9373 	 0.0000 	 1.6960 	 546.5028 	 4.0000 	 0.7889 	 0.6324 	 0.2852 	 12.7291 	 3.8212 	 5.6621 	 2.9161 	 -1.2400 	 0.0000 	 0.4276 	 0.0025 
25.0000 	 0.0029 	 0.0926 	 0.9964 	 13.4181 	 5.9991 	 9.8186 	 0.0000 	 7.8353 	 0.0000 	 1.7145 	 546.1630 	 25.0000 	 0.8986 	 0.3203 	 0.0794 	 4.5941 	 9.7014 	 3.6584 	 2.4810 	 -2.9239 	 0.0000 	 2.9891 	 0.0000 
12.0000 	 0.0430 	 0.0632 	 0.9979 	 17.4985 	 0.0236 	 9.2549 	 2.4924 	 5.3390 	 0.0000 	 1.7290 	 546.1921 	 12.0000 	 0.1675 	 0.3011 	 0.6204 	 9.1661 	 3.4814 	 8.7978 	 1.6869 	 -1.7352 	 0.0000 	 1.8362 	 0.0010 
9.0000 	 0.0019 	 0.5702 	 0.9434 	 46.1098 	 0.7466 	 1.0421 	 0.0106 	 7.8271 	 0.0000 	 1.7143 	 546.1631 	 9.0000 	 0.8810 	 0.4575 	 0.4575 	 12.8270 	 8.0097 	 7.0719 	 0.0888 	 1.0439 	 0.0000 	 0.9711 	 0.0000 
15.0000 	 0.0015 	 0.2912 	 0.9991 	 3.0461 	 5.9872 	 0.0000 	 3.9225 	 5.3562 	 0.0000 	 1.7119 	 546.1629 	 15.0000 	 0.6894 	 0.8239 	 0.6095 	 8.0873 	 5.7982 	 5.4558 	 0.8935 	 -2.3226 	 0.0000 	 1.1314 	 0.0000 
16.0000 	 0.0010 	 0.0036 	 0.0018 	 49.0472 	 9.9841 	 9.9717 	 7.7455 	 7.8241 	 0.0000 	 1.7016 	 585.3442 	 16.0000 	 0.0257 	 0.4556 	 0.0889 	 10.2425 	 0.2503 	 0.9577 	 0.1813 	 0.7260 	 0.0000 	 0.9849 	 0.0810 
6.0000 	 0.0010 	 0.8494 	 0.6921 	 3.0466 	 10.0000 	 0.0059 	 5.2539 	 4.5259 	 0.0000 	 1.7190 	 546.2731 	 6.0000 	 0.0552 	 0.6112 	 0.6649 	 2.6769 	 8.0568 	 0.0120 	 1.7636 	 -1.6374 	 0.0000 	 2.9066 	 0.0008 
10.0000 	 0.0016 	 1.0000 	 0.8844 	 2.9113 	 2.1127 	 6.6521 	 0.0000 	 7.8421 	 0.0000 	 1.7167 	 546.1544 	 10.0000 	 0.9788 	 0.8101 	 0.1379 	 11.7516 	 7.0882 	 8.8200 	 2.4180 	 -0.9511 	 0.0000 	 1.3896 	 0.0001 
5.0000 	 0.1161 	 0.3762 	 1.0000 	 49.6863 	 0.0330 	 1.2052 	 9.9894 	 -2.1586 	 0.0000 	 1.7154 	 546.1836 	 5.0000 	 0.0494 	 0.3247 	 0.6661 	 7.5340 	 1.6911 	 2.0157 	 2.6329 	 -2.1228 	 0.0000 	 2.3387 	 0.0003 
12.0000 	 0.0132 	 0.1061 	 0.9630 	 16.5793 	 1.6915 	 0.4293 	 0.0199 	 7.8168 	 0.0000 	 1.7146 	 546.1634 	 12.0000 	 0.4842 	 0.3657 	 0.2779 	 4.8816 	 1.9302 	 7.8292 	 2.1168 	 -2.2068 	 0.0000 	 1.5883 	 0.0000 
7.0000 	 0.0011 	 0.5679 	 1.0000 	 50.0000 	 0.6288 	 8.6803 	 0.0004 	 7.8385 	 0.0000 	 1.7175 	 546.1640 	 7.0000 	 0.3678 	 0.0788 	 0.8425 	 1.9998 	 5.1537 	 8.1687 	 2.3349 	 0.5313 	 0.0000 	 0.0131 	 0.0000 
3.0000 	 0.0310 	 0.0010 	 0.0041 	 1.0000 	 9.8868 	 10.0000 	 1.5966 	 7.7722 	 0.0000 	 1.6423 	 611.7111 	 3.0000 	 0.2726 	 0.7620 	 0.1265 	 9.8432 	 9.0412 	 0.5841 	 0.8803 	 0.1814 	 0.0000 	 2.1248 	 0.3646 
14.0000 	 0.0010 	 0.7360 	 0.8603 	 48.6311 	 0.1120 	 7.6845 	 1.1208 	 6.7151 	 0.0000 	 1.7149 	 546.1629 	 14.0000 	 0.7071 	 0.3077 	 0.7033 	 11.3787 	 8.1052 	 0.6916 	 0.8339 	 2.5238 	 0.0000 	 1.0403 	 0.0000 
7.0000 	 0.0088 	 0.9199 	 0.9632 	 49.5822 	 9.3398 	 9.0216 	 0.7724 	 7.0648 	 0.0000 	 1.7146 	 546.1638 	 7.0000 	 0.3704 	 0.4496 	 0.0977 	 3.0118 	 6.4921 	 2.0884 	 2.4700 	 2.4319 	 0.0000 	 0.7607 	 0.0001 
2.0000 	 0.0032 	 0.6767 	 0.9924 	 16.9183 	 7.5663 	 0.0410 	 2.9833 	 6.0600 	 0.0000 	 1.7667 	 546.9066 	 2.0000 	 0.6899 	 0.3558 	 0.3845 	 6.3547 	 4.7102 	 6.7194 	 0.5915 	 2.6174 	 0.0000 	 1.1050 	 0.0011 
12.0000 	 0.0027 	 0.0564 	 0.9966 	 35.9214 	 5.9434 	 7.7442 	 1.4894 	 6.3464 	 0.0000 	 1.7123 	 546.1634 	 12.0000 	 0.4167 	 0.1823 	 0.9907 	 14.4417 	 5.1601 	 2.7600 	 0.9855 	 -0.1825 	 0.0000 	 1.8118 	 0.0000 
5.0000 	 0.0012 	 0.0010 	 0.9628 	 1.0031 	 2.2361 	 7.5680 	 4.5080 	 9.9765 	 0.0000 	 3.1843 	 734.5282 	 5.0000 	 0.1135 	 0.4897 	 0.7195 	 5.5959 	 3.7666 	 4.1689 	 0.8581 	 -1.3506 	 0.0000 	 2.8487 	 0.7969 
14.0000 	 0.0022 	 0.2812 	 0.8893 	 21.2338 	 1.8135 	 1.2813 	 0.0452 	 7.7906 	 0.0000 	 1.7167 	 546.1633 	 14.0000 	 0.7367 	 0.9863 	 0.1680 	 5.9330 	 3.4447 	 1.7376 	 1.9271 	 -0.4816 	 0.0000 	 0.8881 	 0.0000 
10.0000 	 0.0513 	 0.3427 	 0.9483 	 9.8257 	 2.8110 	 7.3544 	 2.9957 	 4.8810 	 0.0000 	 1.7494 	 546.3177 	 10.0000 	 0.4066 	 0.6640 	 0.9634 	 3.7896 	 8.6512 	 8.6212 	 1.4635 	 -2.2687 	 0.0000 	 2.0315 	 0.0001 
3.0000 	 0.9321 	 0.0027 	 0.0011 	 1.1903 	 0.0641 	 6.4152 	 0.4665 	 8.1512 	 0.0000 	 1.8510 	 586.6642 	 3.0000 	 0.6565 	 0.3426 	 0.5262 	 4.0588 	 6.0280 	 8.5609 	 0.7417 	 0.8560 	 0.0000 	 0.5853 	 0.7212 
2.0000 	 0.9866 	 0.0016 	 0.0047 	 18.9305 	 0.6201 	 0.0000 	 7.8853 	 3.1289 	 0.0000 	 3.5990 	 640.0533 	 2.0000 	 0.7217 	 0.6702 	 0.8776 	 3.7445 	 7.1265 	 0.1844 	 2.6464 	 -2.1347 	 0.0000 	 2.1324 	 0.3810 
7.0000 	 0.0116 	 0.4489 	 0.8989 	 49.6967 	 8.3377 	 8.6596 	 0.0009 	 7.8316 	 0.0000 	 1.6826 	 546.3315 	 7.0000 	 0.6026 	 0.9213 	 0.0198 	 8.9326 	 4.0627 	 0.9019 	 1.6177 	 -1.9085 	 0.0000 	 0.2921 	 0.0005 
11.0000 	 0.0482 	 0.8317 	 0.9989 	 1.7387 	 9.3290 	 9.4017 	 0.0000 	 7.8344 	 0.0000 	 1.7134 	 546.1632 	 11.0000 	 0.0522 	 0.7015 	 0.0604 	 7.7100 	 7.7035 	 5.3558 	 2.9743 	 -2.5280 	 0.0000 	 2.7995 	 0.0000 
7.0000 	 0.0074 	 0.0933 	 0.9771 	 21.8354 	 4.3752 	 0.0000 	 0.9860 	 7.2281 	 0.0000 	 1.7132 	 546.0890 	 7.0000 	 0.4668 	 0.0937 	 0.2325 	 7.2842 	 6.8307 	 4.9696 	 0.4997 	 -2.7649 	 0.0000 	 2.5406 	 0.0032 
9.0000 	 0.0076 	 0.8381 	 0.9649 	 50.0000 	 0.0000 	 1.2411 	 0.2000 	 7.6362 	 0.0000 	 1.7141 	 546.1631 	 9.0000 	 0.2840 	 0.7650 	 0.8151 	 5.9449 	 7.5563 	 2.3680 	 1.7839 	 -0.2269 	 0.0000 	 1.1619 	 0.0000 
5.0000 	 0.9933 	 0.0013 	 0.0316 	 3.7421 	 1.4062 	 3.5107 	 2.1255 	 7.5410 	 0.0000 	 2.0997 	 575.4942 	 5.0000 	 0.3936 	 0.2216 	 0.9926 	 2.7508 	 2.1084 	 4.6287 	 0.8878 	 0.3176 	 0.0000 	 2.1445 	 1.0338 
26.0000 	 0.0021 	 0.1518 	 0.6323 	 42.3200 	 7.8610 	 0.0003 	 9.2716 	 1.9730 	 0.0000 	 1.7143 	 546.1627 	 26.0000 	 0.9696 	 0.4531 	 0.9500 	 7.2440 	 6.4238 	 1.0292 	 2.1301 	 0.5950 	 0.0000 	 2.7786 	 0.0000 
3.0000 	 0.0027 	 1.0000 	 1.0000 	 1.2587 	 1.3870 	 10.0000 	 0.0000 	 7.8361 	 0.0000 	 1.7136 	 546.1631 	 3.0000 	 0.4861 	 0.4670 	 0.1340 	 2.6072 	 5.3093 	 9.8674 	 0.9371 	 0.1898 	 0.0000 	 2.7298 	 0.0000 
22.0000 	 0.0018 	 0.1199 	 0.6806 	 45.9506 	 9.9926 	 1.3663 	 0.0000 	 7.8358 	 0.0000 	 1.7140 	 546.1603 	 22.0000 	 0.6772 	 0.0914 	 0.6240 	 7.8867 	 9.1995 	 9.7532 	 0.3481 	 -2.6689 	 0.0000 	 2.3702 	 0.0001 
9.0000 	 0.0276 	 0.0529 	 0.9989 	 45.8854 	 4.1853 	 9.6714 	 9.9401 	 -2.1046 	 0.0000 	 1.7146 	 546.1636 	 9.0000 	 0.2959 	 0.4581 	 0.7921 	 7.1812 	 1.5141 	 9.5857 	 2.1889 	 -1.8517 	 0.0000 	 2.8774 	 0.0000 
2.0000 	 0.0010 	 0.4200 	 1.0000 	 48.9987 	 1.5595 	 5.5794 	 0.1149 	 7.7208 	 0.0000 	 1.7139 	 546.1688 	 2.0000 	 0.7859 	 0.6572 	 0.2999 	 10.7846 	 7.0713 	 9.8613 	 2.3829 	 2.7698 	 0.0000 	 1.9535 	 0.0003 
25.0000 	 0.0262 	 0.2547 	 0.6459 	 41.6436 	 5.3886 	 1.4574 	 0.5598 	 7.2780 	 0.0000 	 1.7147 	 546.1638 	 25.0000 	 0.5026 	 0.8401 	 0.6749 	 12.7097 	 2.5134 	 2.0243 	 2.0105 	 0.5144 	 0.0000 	 0.8066 	 0.0000 
6.0000 	 0.0023 	 0.0010 	 0.0010 	 1.0000 	 0.9833 	 6.1509 	 0.1434 	 7.6956 	 0.0000 	 2.1944 	 667.4983 	 6.0000 	 0.0232 	 0.6472 	 0.2717 	 1.6631 	 8.6872 	 2.8175 	 1.1973 	 1.9277 	 0.0000 	 1.1065 	 0.4394 
5.0000 	 0.0010 	 0.1285 	 0.9997 	 42.6319 	 0.0912 	 1.7264 	 4.6143 	 3.2216 	 0.0000 	 1.7146 	 546.1630 	 5.0000 	 0.7361 	 0.4075 	 0.3550 	 4.6754 	 2.0895 	 0.0205 	 1.2381 	 1.3494 	 0.0000 	 2.5628 	 0.0000 
21.0000 	 0.3269 	 0.0612 	 0.9875 	 24.2693 	 6.8663 	 1.4218 	 0.9117 	 6.9232 	 0.0000 	 1.7144 	 546.1695 	 21.0000 	 0.2577 	 0.2729 	 0.7136 	 13.8069 	 6.9435 	 0.3137 	 1.4114 	 2.3703 	 0.0000 	 2.5732 	 0.0002 
3.0000 	 0.9708 	 0.0024 	 0.3676 	 3.9582 	 3.3345 	 3.4722 	 0.6740 	 7.2939 	 0.0000 	 2.0449 	 595.7259 	 3.0000 	 0.6632 	 0.1696 	 0.9548 	 13.4726 	 7.9388 	 3.9741 	 0.8082 	 -0.7244 	 0.0000 	 2.9842 	 1.2750 
23.0000 	 0.0010 	 0.2262 	 0.8340 	 44.4814 	 9.9037 	 7.9728 	 0.0011 	 7.8346 	 0.0000 	 1.7149 	 546.1630 	 23.0000 	 0.0138 	 0.5508 	 0.8206 	 3.5773 	 9.7790 	 7.1548 	 0.8197 	 -0.9133 	 0.0000 	 0.6165 	 0.0000 
2.0000 	 0.0045 	 0.4805 	 1.0000 	 49.9968 	 6.4535 	 0.0273 	 0.0060 	 7.8441 	 0.0000 	 1.7130 	 546.2825 	 2.0000 	 0.2466 	 0.2730 	 0.2869 	 9.0695 	 7.6532 	 6.5327 	 1.0542 	 -1.3349 	 0.0000 	 2.1087 	 0.0013 
21.0000 	 0.0039 	 0.6918 	 0.8134 	 1.8519 	 1.0486 	 8.0664 	 9.6570 	 -1.8069 	 0.0000 	 1.7217 	 546.1754 	 21.0000 	 0.8854 	 0.7120 	 0.0449 	 13.9868 	 0.0840 	 4.6579 	 0.6985 	 -2.4242 	 0.0000 	 1.5204 	 0.0000 
22.0000 	 0.0534 	 0.8564 	 0.8950 	 33.7372 	 1.7145 	 0.6367 	 0.0005 	 7.8351 	 0.0000 	 1.7143 	 546.1629 	 22.0000 	 0.5880 	 0.5936 	 0.2206 	 2.3578 	 5.6485 	 4.8244 	 0.8519 	 -2.3138 	 0.0000 	 0.9445 	 0.0001 
23.0000 	 0.0016 	 0.9430 	 0.7734 	 7.0781 	 1.8668 	 4.7368 	 0.0406 	 7.7949 	 0.0000 	 1.7143 	 546.1630 	 23.0000 	 0.7416 	 0.6797 	 0.4747 	 4.0435 	 5.5786 	 0.6959 	 0.7552 	 -1.0730 	 0.0000 	 0.2072 	 0.0000 
19.0000 	 0.0011 	 0.7945 	 0.8817 	 1.1445 	 0.8378 	 9.4259 	 0.0000 	 7.8362 	 0.0000 	 1.7146 	 546.1630 	 19.0000 	 0.1818 	 0.5642 	 0.1230 	 3.6241 	 2.4881 	 6.3567 	 0.0983 	 1.7000 	 0.0000 	 2.9215 	 0.0000 
21.0000 	 0.0294 	 0.7792 	 0.8784 	 4.2671 	 6.7892 	 0.0058 	 3.5258 	 5.5911 	 0.0000 	 1.7150 	 546.1626 	 21.0000 	 0.7879 	 0.9867 	 0.4080 	 6.1888 	 9.5472 	 2.7815 	 1.4400 	 -2.8523 	 0.0000 	 1.6977 	 0.0000 
18.0000 	 0.0014 	 0.9234 	 0.9800 	 10.1342 	 6.0526 	 9.1509 	 1.1965 	 6.6393 	 0.0000 	 1.7147 	 546.1630 	 18.0000 	 0.1425 	 0.1623 	 0.0503 	 12.8662 	 4.2343 	 9.8180 	 0.4034 	 2.8272 	 0.0000 	 2.8777 	 0.0000 
21.0000 	 0.0056 	 1.0000 	 1.0000 	 1.2071 	 9.9767 	 9.9962 	 3.3268 	 4.4908 	 0.0000 	 1.7533 	 545.4705 	 21.0000 	 0.6023 	 0.5170 	 0.7996 	 1.9758 	 2.5592 	 8.1124 	 1.2404 	 -1.8381 	 0.0000 	 0.0868 	 0.0000 
20.0000 	 0.4335 	 0.1899 	 1.0000 	 19.2624 	 1.9665 	 6.8086 	 0.0248 	 7.8120 	 0.0000 	 1.7149 	 546.1630 	 20.0000 	 0.9542 	 0.7599 	 0.5770 	 5.9515 	 3.1504 	 0.5507 	 1.2647 	 2.7749 	 0.0000 	 1.0695 	 0.0000 
15.0000 	 0.0106 	 0.6709 	 1.0000 	 3.7793 	 5.0088 	 3.3836 	 2.6378 	 5.1987 	 0.0000 	 1.7146 	 546.1630 	 15.0000 	 0.3763 	 0.8395 	 0.9992 	 2.1781 	 7.8367 	 3.2820 	 2.5995 	 1.5510 	 0.0000 	 0.9006 	 0.0001 
19.0000 	 0.0165 	 0.1986 	 0.7771 	 20.4840 	 3.3539 	 0.0223 	 0.6831 	 7.3901 	 0.0000 	 1.7136 	 546.1630 	 19.0000 	 0.7779 	 0.3799 	 0.3912 	 14.5078 	 7.6310 	 5.8826 	 0.3233 	 0.0272 	 0.0000 	 1.0202 	 0.0001 
19.0000 	 0.4610 	 0.9999 	 1.0000 	 33.6067 	 6.4949 	 1.5964 	 0.2871 	 7.5520 	 0.0000 	 1.7139 	 546.1634 	 19.0000 	 0.6585 	 0.6717 	 0.0665 	 14.4963 	 6.9375 	 0.9357 	 1.5515 	 2.6894 	 0.0000 	 1.6154 	 0.0002 
15.0000 	 0.0238 	 0.8643 	 0.9280 	 1.2638 	 5.5519 	 0.1954 	 0.0142 	 7.8236 	 0.0000 	 1.7149 	 546.1631 	 15.0000 	 0.4524 	 0.4001 	 0.1871 	 2.9287 	 7.1002 	 6.0924 	 1.7556 	 2.2327 	 0.0000 	 1.1042 	 0.0000 
17.0000 	 0.0384 	 0.3057 	 0.9565 	 4.7844 	 0.6013 	 9.0268 	 8.2799 	 -0.4445 	 0.0000 	 1.7149 	 546.1631 	 17.0000 	 0.6854 	 0.1879 	 0.5144 	 10.9201 	 7.0027 	 5.4125 	 1.7124 	 -0.4300 	 0.0000 	 2.8922 	 0.0000 
13.0000 	 0.0010 	 0.0048 	 0.0015 	 45.5228 	 7.1547 	 8.9048 	 8.8071 	 7.7909 	 0.0000 	 1.6682 	 586.4895 	 13.0000 	 0.4279 	 0.0205 	 0.7540 	 7.6866 	 8.9865 	 6.6716 	 2.3895 	 1.3912 	 0.0000 	 0.0053 	 0.0451 
11.0000 	 0.0015 	 0.1937 	 0.9919 	 7.5531 	 4.6285 	 0.3463 	 0.0001 	 7.8491 	 0.0000 	 1.7235 	 546.1760 	 11.0000 	 0.0339 	 0.5709 	 0.7196 	 4.3177 	 9.7427 	 3.6608 	 0.0252 	 0.3852 	 0.0000 	 0.4050 	 0.0005 
17.0000 	 0.0010 	 0.1028 	 0.0041 	 1.5750 	 1.1152 	 7.2939 	 0.0000 	 7.8291 	 0.0000 	 1.7245 	 585.6832 	 17.0000 	 0.7652 	 0.1384 	 0.2241 	 2.6090 	 8.9675 	 3.6586 	 1.0251 	 0.2864 	 0.0000 	 0.4033 	 0.0471 
15.0000 	 0.0376 	 0.0409 	 0.9446 	 42.8410 	 7.8832 	 1.5236 	 0.0897 	 7.7472 	 0.0000 	 1.7141 	 546.1636 	 15.0000 	 0.8746 	 0.7396 	 0.5664 	 7.2283 	 3.7260 	 5.4601 	 0.7581 	 1.3306 	 0.0000 	 0.1822 	 0.0001 
14.0000 	 0.0010 	 0.1795 	 0.0013 	 1.0348 	 4.4721 	 8.4890 	 0.1119 	 7.8513 	 0.0000 	 1.7105 	 586.5864 	 14.0000 	 0.9807 	 0.1256 	 0.3736 	 13.5957 	 9.5949 	 7.9595 	 0.8106 	 -1.3560 	 0.0000 	 0.4340 	 0.0426 
10.0000 	 0.0010 	 0.0836 	 0.0017 	 3.4344 	 10.0000 	 8.3874 	 9.9999 	 7.8382 	 0.0000 	 1.7149 	 588.8643 	 10.0000 	 0.4651 	 0.5941 	 0.2449 	 13.8656 	 7.6444 	 6.0581 	 1.9673 	 1.4216 	 0.0000 	 0.9281 	 0.0345 
15.0000 	 0.0230 	 0.0409 	 0.9069 	 49.9797 	 9.1075 	 9.9993 	 3.1972 	 4.5773 	 0.0000 	 1.7004 	 546.3614 	 15.0000 	 0.2776 	 0.0150 	 0.8168 	 11.9669 	 6.6867 	 9.2295 	 2.8875 	 1.2410 	 0.0000 	 1.9661 	 0.0001 
14.0000 	 0.0132 	 0.2928 	 0.8630 	 5.0150 	 9.9257 	 9.8298 	 0.0000 	 7.8337 	 0.0000 	 1.7179 	 546.1693 	 14.0000 	 0.5830 	 0.0347 	 0.3938 	 8.6333 	 2.0005 	 1.6188 	 2.5834 	 -2.3387 	 0.0000 	 2.2081 	 0.0001 
8.0000 	 0.0020 	 0.1898 	 0.9074 	 35.7899 	 3.6945 	 2.0198 	 0.4058 	 7.4282 	 0.0000 	 1.7137 	 546.1644 	 8.0000 	 0.4595 	 0.6915 	 0.7843 	 1.9640 	 5.5764 	 1.7204 	 1.0066 	 1.7355 	 0.0000 	 1.6722 	 0.0001 
13.0000 	 0.9141 	 0.0010 	 0.0010 	 1.0134 	 9.1327 	 0.0000 	 7.1936 	 3.5441 	 0.0000 	 1.9567 	 608.7863 	 13.0000 	 0.9938 	 0.1640 	 0.5301 	 11.8543 	 5.5767 	 6.0782 	 2.3555 	 0.3589 	 0.0000 	 0.1272 	 0.9835 
7.0000 	 0.0011 	 0.9993 	 0.9713 	 9.5447 	 0.0051 	 4.0317 	 8.9306 	 -1.0949 	 0.0000 	 1.7148 	 546.1630 	 7.0000 	 0.2629 	 0.8191 	 0.1019 	 10.5828 	 1.2945 	 4.7962 	 0.1823 	 -2.8806 	 0.0000 	 2.9671 	 0.0000 
13.0000 	 0.0010 	 0.0308 	 0.0103 	 7.2628 	 3.9790 	 6.8100 	 0.0183 	 7.8501 	 0.0000 	 1.7430 	 586.4708 	 13.0000 	 0.1046 	 0.0100 	 0.4897 	 7.3322 	 6.3121 	 4.4697 	 0.5567 	 2.1433 	 0.0000 	 1.4529 	 0.0448 
4.0000 	 0.0028 	 0.1211 	 1.0000 	 38.1097 	 7.6816 	 9.6652 	 0.0192 	 7.8161 	 0.0000 	 1.7139 	 546.1631 	 4.0000 	 0.1087 	 0.7932 	 0.1322 	 1.1158 	 4.3047 	 1.3289 	 1.1451 	 2.2397 	 0.0000 	 1.8152 	 0.0000 
13.0000 	 0.1687 	 0.7064 	 0.9994 	 26.9686 	 6.4579 	 4.2509 	 2.8942 	 4.9416 	 0.0000 	 1.7141 	 546.1627 	 13.0000 	 0.1623 	 0.0809 	 0.4873 	 11.6994 	 5.4995 	 5.1261 	 2.5928 	 1.8933 	 0.0000 	 2.9627 	 0.0001 
12.0000 	 0.0011 	 0.0436 	 0.9433 	 48.6622 	 8.9330 	 9.6254 	 0.0000 	 7.8363 	 0.0000 	 1.7148 	 546.1630 	 12.0000 	 0.5194 	 0.9603 	 0.3995 	 14.9456 	 9.2811 	 6.2956 	 1.2207 	 -0.3767 	 0.0000 	 2.2026 	 0.0001 
11.0000 	 0.0011 	 0.7596 	 0.9996 	 46.0303 	 9.7957 	 0.2774 	 9.8226 	 -0.3521 	 0.0000 	 1.7148 	 546.1628 	 11.0000 	 0.1344 	 0.8896 	 0.3308 	 11.5493 	 8.3318 	 9.1631 	 1.6653 	 -1.1454 	 0.0000 	 1.1403 	 0.0000 
4.0000 	 0.0010 	 0.2229 	 0.0031 	 2.4513 	 5.1457 	 3.9550 	 8.9459 	 7.7564 	 0.0000 	 1.7157 	 613.8564 	 4.0000 	 0.3211 	 0.0186 	 0.7891 	 10.8639 	 1.3779 	 2.5581 	 0.1728 	 0.8792 	 0.0000 	 1.6858 	 0.0619 
9.0000 	 0.1119 	 0.9458 	 1.0000 	 16.8268 	 2.6668 	 9.6353 	 7.8767 	 -0.0328 	 0.0000 	 1.7573 	 544.2653 	 9.0000 	 0.1280 	 0.9884 	 0.4080 	 11.2156 	 2.3612 	 7.8628 	 2.8636 	 -0.1422 	 0.0000 	 2.7833 	 0.0284 
11.0000 	 0.0643 	 0.2358 	 0.9985 	 9.0786 	 0.5453 	 3.4976 	 5.8125 	 2.0229 	 0.0000 	 1.7129 	 546.1633 	 11.0000 	 0.3142 	 0.1314 	 0.9292 	 10.9279 	 1.5113 	 3.2171 	 2.4414 	 1.2076 	 0.0000 	 2.6497 	 0.0001 
2.0000 	 0.9707 	 0.0494 	 0.0010 	 13.7422 	 0.1664 	 9.9980 	 0.3731 	 8.1693 	 0.0000 	 1.7707 	 627.4734 	 2.0000 	 0.4878 	 0.4399 	 0.0678 	 6.8869 	 9.3949 	 6.4082 	 2.7692 	 -1.4784 	 0.0000 	 2.7312 	 0.6180 
10.0000 	 0.0219 	 0.5573 	 0.9951 	 23.9016 	 6.3121 	 7.1838 	 5.9068 	 1.9295 	 0.0000 	 1.7147 	 546.1630 	 10.0000 	 0.0789 	 0.1739 	 0.8740 	 11.5252 	 5.2745 	 7.3985 	 2.9935 	 1.1172 	 0.0000 	 1.2213 	 0.0000 
8.0000 	 0.1132 	 0.3815 	 0.9968 	 10.9570 	 2.8378 	 0.0000 	 9.1629 	 2.0512 	 0.0000 	 1.7384 	 546.2109 	 8.0000 	 0.7862 	 0.1306 	 0.6083 	 13.8801 	 2.9060 	 4.2100 	 2.0719 	 -0.5828 	 0.0000 	 2.5186 	 0.0003 
8.0000 	 0.0010 	 0.0010 	 0.0010 	 1.0000 	 10.0000 	 10.0000 	 9.9990 	 9.9990 	 0.0000 	 0.0000 	 1923.8168 	 8.0000 	 0.9813 	 0.3463 	 0.2077 	 1.1093 	 6.3183 	 8.4741 	 0.5387 	 -0.1923 	 0.0000 	 1.0666 	 0.4530 
10.0000 	 0.0045 	 0.0480 	 1.0000 	 30.8640 	 6.5618 	 5.1411 	 0.0364 	 7.7994 	 0.0000 	 1.7134 	 546.1633 	 10.0000 	 0.4248 	 0.6246 	 0.5948 	 5.5316 	 7.8689 	 9.3542 	 1.2805 	 -0.2058 	 0.0000 	 2.6901 	 0.0001 
7.0000 	 0.0262 	 0.6620 	 0.9967 	 38.8959 	 0.6712 	 8.4578 	 6.8014 	 1.0359 	 0.0000 	 1.7147 	 546.1633 	 7.0000 	 0.5749 	 0.0810 	 0.8324 	 13.8696 	 5.7992 	 8.8158 	 2.5497 	 1.2463 	 0.0000 	 2.2903 	 0.0000 
7.0000 	 0.0022 	 0.0540 	 0.9948 	 48.5965 	 3.6058 	 0.0008 	 0.9722 	 7.2189 	 0.0000 	 1.7163 	 546.1635 	 7.0000 	 0.7046 	 0.6100 	 0.6836 	 10.3751 	 3.3568 	 0.9790 	 1.1907 	 1.1624 	 0.0000 	 2.3095 	 0.0001 
4.0000 	 0.0575 	 0.3871 	 1.0000 	 22.5222 	 1.2041 	 5.5239 	 5.1448 	 2.6969 	 0.0000 	 1.7108 	 546.1824 	 4.0000 	 0.7033 	 0.2395 	 0.7555 	 5.5081 	 2.7306 	 8.4181 	 2.4713 	 1.7292 	 0.0000 	 2.5592 	 0.0005 
5.0000 	 0.0016 	 0.3271 	 1.0000 	 23.8996 	 0.0263 	 4.4474 	 0.0036 	 7.8328 	 0.0000 	 1.7150 	 546.1630 	 5.0000 	 0.8467 	 0.7916 	 0.9808 	 12.4813 	 5.6485 	 5.0378 	 2.0373 	 -0.7086 	 0.0000 	 2.6519 	 0.0000 
8.0000 	 0.0408 	 0.8879 	 1.0000 	 42.8692 	 4.0046 	 1.3532 	 9.9992 	 -2.1630 	 0.0000 	 1.7143 	 546.1629 	 8.0000 	 0.6800 	 0.5121 	 0.9728 	 7.1699 	 8.7829 	 2.0759 	 1.7872 	 -2.1738 	 0.0000 	 2.7097 	 0.0001 
4.0000 	 0.0011 	 1.0000 	 1.0000 	 1.2381 	 0.6900 	 8.8450 	 2.6096 	 5.2365 	 0.0000 	 1.7136 	 546.1683 	 4.0000 	 0.1824 	 0.6473 	 0.9385 	 3.3128 	 4.7318 	 6.8598 	 1.7236 	 1.4290 	 0.0000 	 0.9282 	 0.0005 
1.0000 	 0.8460 	 0.0038 	 0.2233 	 9.4049 	 8.3759 	 0.0000 	 9.9926 	 0.4752 	 0.0000 	 3.4835 	 742.4568 	 1.0000 	 0.2633 	 0.0273 	 0.7604 	 4.8902 	 7.3704 	 1.6382 	 2.2738 	 -2.0051 	 0.0000 	 2.8096 	 0.8759 
3.0000 	 0.8863 	 0.0011 	 0.1028 	 1.3935 	 6.0177 	 0.0000 	 8.5369 	 2.2914 	 0.0000 	 1.7976 	 597.8254 	 3.0000 	 0.8400 	 0.8314 	 0.8564 	 14.3222 	 6.4655 	 0.6669 	 1.1252 	 1.9893 	 0.0000 	 0.3536 	 1.2849 
7.0000 	 0.0681 	 0.0010 	 0.0101 	 1.0002 	 9.9944 	 9.7521 	 4.2306 	 7.4903 	 0.0000 	 1.7787 	 692.3322 	 7.0000 	 0.0191 	 0.2164 	 0.2142 	 8.8415 	 0.7547 	 6.0127 	 2.7567 	 -2.7839 	 0.0000 	 1.4696 	 0.5630 
1.0000 	 0.0010 	 0.3177 	 0.2945 	 46.7197 	 8.8754 	 3.5669 	 9.9987 	 7.8008 	 0.0000 	 1.7367 	 557.0602 	 1.0000 	 0.6173 	 0.6825 	 0.0530 	 14.5600 	 5.0343 	 9.2434 	 2.7492 	 1.9850 	 0.0000 	 1.7261 	 0.0304 
2.0000 	 0.0010 	 0.0541 	 0.1357 	 44.3972 	 9.2168 	 5.4212 	 0.0012 	 7.8599 	 0.0000 	 1.7154 	 566.7853 	 2.0000 	 0.5649 	 0.0717 	 0.3992 	 9.6980 	 2.8777 	 6.9804 	 2.0746 	 -0.4552 	 0.0000 	 0.2124 	 0.0208 
4.0000 	 0.0012 	 0.1230 	 0.9999 	 44.8588 	 2.6698 	 4.7514 	 7.0715 	 0.7661 	 0.0000 	 1.7179 	 546.1640 	 4.0000 	 0.5486 	 0.8599 	 0.8088 	 3.4835 	 9.1108 	 6.4996 	 2.5353 	 0.2489 	 0.0000 	 1.1592 	 0.0007 
4.0000 	 0.0022 	 0.1780 	 1.0000 	 21.6101 	 0.5120 	 0.0002 	 0.0000 	 7.8351 	 0.0000 	 1.7167 	 546.1634 	 4.0000 	 0.4621 	 0.1589 	 0.7059 	 8.0516 	 2.5318 	 6.4106 	 2.1942 	 -2.4389 	 0.0000 	 2.9891 	 0.0002 
2.0000 	 0.0011 	 0.8266 	 0.9998 	 40.7245 	 9.6149 	 9.8310 	 0.0000 	 7.8378 	 0.0000 	 1.7167 	 546.1702 	 2.0000 	 0.3141 	 0.7423 	 0.0905 	 12.7020 	 4.8626 	 1.0595 	 0.4901 	 2.9788 	 0.0000 	 1.3731 	 0.0006 
50.0000 	 0.0010 	 0.0011 	 0.0010 	 50.0000 	 7.7103 	 2.5114 	 0.7378 	 7.8521 	 0.0000 	 1.7194 	 583.6874 	 50.0000 	 0.0457 	 0.7248 	 0.3034 	 9.0378 	 3.7667 	 7.3654 	 1.4918 	 -0.0732 	 0.0000 	 0.7750 	 0.0542 
50.0000 	 0.0046 	 0.7524 	 0.4146 	 2.0294 	 10.0000 	 9.9980 	 0.0000 	 7.8331 	 0.0000 	 1.7114 	 546.1641 	 50.0000 	 0.4651 	 0.4068 	 0.3720 	 13.8144 	 6.7197 	 1.6052 	 0.9196 	 1.1448 	 0.0000 	 1.7926 	 0.0000 
48.0000 	 0.0010 	 0.0264 	 0.0044 	 1.9728 	 9.9885 	 6.4877 	 0.0015 	 7.8096 	 0.0000 	 1.7057 	 583.8842 	 48.0000 	 0.8084 	 0.5365 	 0.2723 	 8.7497 	 8.8728 	 7.0333 	 1.9889 	 -1.1929 	 0.0000 	 2.4928 	 0.0430 
50.0000 	 0.0468 	 0.0307 	 0.7584 	 16.8303 	 5.3110 	 0.0005 	 2.9763 	 5.9510 	 0.0000 	 1.7149 	 546.1705 	 50.0000 	 0.2676 	 0.8519 	 0.2090 	 1.2979 	 3.5149 	 2.5948 	 1.4565 	 -1.7740 	 0.0000 	 0.7117 	 0.0002 
50.0000 	 0.0889 	 0.3499 	 0.0096 	 1.2041 	 5.4648 	 2.0291 	 8.5794 	 7.7897 	 0.0000 	 1.7006 	 633.3803 	 50.0000 	 0.2513 	 0.3661 	 0.0148 	 5.6241 	 0.1798 	 9.8055 	 0.0320 	 -0.1443 	 0.0000 	 1.1752 	 0.0484 
48.0000 	 0.1084 	 0.1201 	 1.0000 	 23.0872 	 0.0454 	 8.7265 	 7.9980 	 -0.1686 	 0.0000 	 1.7173 	 546.1471 	 48.0000 	 0.4051 	 0.8182 	 0.6824 	 13.8632 	 7.8058 	 6.6592 	 2.0975 	 0.4540 	 0.0000 	 2.9111 	 0.0001 
48.0000 	 0.0046 	 0.1647 	 0.6886 	 30.6756 	 6.7793 	 2.4103 	 1.1970 	 6.6382 	 0.0000 	 1.7146 	 546.1630 	 48.0000 	 0.2953 	 0.5041 	 0.7758 	 3.0813 	 7.3819 	 4.4615 	 0.7584 	 1.3981 	 0.0000 	 1.9648 	 0.0000 
47.0000 	 0.0017 	 0.1155 	 0.3460 	 45.7437 	 7.3659 	 2.9100 	 0.0000 	 7.8191 	 0.0000 	 1.7094 	 546.1782 	 47.0000 	 0.4580 	 0.6289 	 0.4156 	 8.5551 	 2.5598 	 7.6320 	 2.0049 	 1.0970 	 0.0000 	 0.5900 	 0.0001 
48.0000 	 0.0238 	 0.3244 	 0.9174 	 10.0961 	 1.7693 	 7.5960 	 6.3888 	 1.4458 	 0.0000 	 1.7139 	 546.1631 	 48.0000 	 0.2753 	 0.0477 	 0.5804 	 6.7222 	 7.3708 	 8.2951 	 1.9410 	 1.4451 	 0.0000 	 0.7531 	 0.0000 
47.0000 	 0.5378 	 0.0119 	 0.9986 	 16.5254 	 9.9885 	 9.3676 	 9.8312 	 7.1100 	 0.0000 	 1.3762 	 575.3641 	 47.0000 	 0.6895 	 0.6068 	 0.8190 	 11.6521 	 6.2028 	 0.2000 	 0.1978 	 -1.2330 	 0.0000 	 1.6077 	 0.0729 
44.0000 	 0.1961 	 0.6385 	 0.5340 	 13.8193 	 2.5098 	 6.3721 	 1.8823 	 5.8125 	 0.0000 	 1.5240 	 519.2836 	 44.0000 	 0.1963 	 0.6385 	 0.5343 	 13.8221 	 2.5080 	 6.3732 	 1.8821 	 2.8130 	 0.0000 	 1.5209 	 0.4422 
47.0000 	 0.1448 	 0.3635 	 0.6809 	 2.8226 	 8.7042 	 7.2526 	 0.0014 	 7.8321 	 0.0000 	 1.7148 	 546.1677 	 47.0000 	 0.2211 	 0.3763 	 0.1171 	 2.0057 	 7.2271 	 9.0655 	 0.4880 	 2.9314 	 0.0000 	 2.1275 	 0.0002 
44.0000 	 0.0010 	 0.6854 	 0.9679 	 42.3088 	 4.9405 	 1.2056 	 9.9913 	 -2.1557 	 0.0000 	 1.7143 	 546.1630 	 44.0000 	 0.0266 	 0.8627 	 0.8627 	 11.4851 	 4.5920 	 0.3081 	 0.3959 	 1.4083 	 0.0000 	 0.2748 	 0.0000 
44.0000 	 0.0046 	 1.0000 	 0.9007 	 4.5061 	 6.7334 	 0.5713 	 5.3159 	 2.5693 	 0.0000 	 1.7343 	 546.2358 	 44.0000 	 0.3837 	 0.0821 	 0.8855 	 1.0381 	 1.9407 	 3.7128 	 2.8335 	 -0.8677 	 0.0000 	 2.8010 	 0.0000 
44.0000 	 0.9966 	 0.0019 	 0.0064 	 1.6161 	 7.9297 	 3.1104 	 4.2070 	 7.9307 	 0.0000 	 1.9953 	 572.9143 	 44.0000 	 0.5623 	 0.0933 	 0.3787 	 13.9583 	 1.4890 	 2.0888 	 2.2543 	 -2.0260 	 0.0000 	 0.4953 	 0.8818 
47.0000 	 0.2146 	 0.9990 	 0.2583 	 1.8180 	 2.9781 	 2.6342 	 2.7798 	 6.2018 	 0.0000 	 0.0000 	 977.5316 	 47.0000 	 0.2631 	 0.8943 	 0.6645 	 5.5601 	 5.8080 	 1.8764 	 2.1639 	 -2.0353 	 0.0000 	 0.3898 	 0.0267 
44.0000 	 0.3176 	 0.0404 	 0.9267 	 36.0264 	 0.4490 	 9.8607 	 0.0060 	 7.8295 	 0.0000 	 1.7145 	 546.1630 	 44.0000 	 0.3606 	 0.1654 	 0.6039 	 7.8954 	 4.3286 	 0.6751 	 1.7897 	 -1.7927 	 0.0000 	 1.9333 	 0.0000 
44.0000 	 0.0046 	 0.6790 	 0.7296 	 4.3755 	 9.9558 	 8.0953 	 5.3975 	 2.4376 	 0.0000 	 1.7140 	 546.1630 	 44.0000 	 0.7774 	 0.6164 	 0.1634 	 13.2089 	 1.0285 	 8.1577 	 1.5839 	 -1.1372 	 0.0000 	 2.3324 	 0.0000 
41.0000 	 0.0094 	 0.0624 	 1.0000 	 23.3309 	 2.7610 	 7.8144 	 0.6261 	 7.2096 	 0.0000 	 1.7140 	 546.1630 	 41.0000 	 0.1472 	 0.3243 	 0.5894 	 6.5893 	 5.6264 	 8.4647 	 1.0224 	 2.4734 	 0.0000 	 2.6213 	 0.0000 
44.0000 	 0.3846 	 0.9994 	 0.8321 	 26.8723 	 0.0131 	 9.4125 	 3.4626 	 4.3737 	 0.0000 	 1.7156 	 546.1632 	 44.0000 	 0.9325 	 0.9457 	 0.3133 	 11.9953 	 0.3592 	 6.6578 	 0.8460 	 -2.4421 	 0.0000 	 2.8804 	 0.0000 
42.0000 	 0.0010 	 0.0081 	 0.0023 	 7.8016 	 5.3057 	 8.4088 	 0.0064 	 7.8043 	 0.0000 	 1.7118 	 583.9658 	 42.0000 	 0.3629 	 0.4156 	 0.9935 	 5.2243 	 7.5611 	 7.9736 	 0.9867 	 -0.6142 	 0.0000 	 1.3171 	 0.0455 
39.0000 	 0.0128 	 0.0865 	 0.5889 	 43.3562 	 4.2751 	 2.7339 	 2.2086 	 5.6232 	 0.0000 	 1.7162 	 546.1640 	 39.0000 	 0.2745 	 0.8878 	 0.8282 	 6.0695 	 0.9336 	 2.7574 	 1.9892 	 0.4697 	 0.0000 	 1.6289 	 0.0000 
44.0000 	 0.0010 	 0.0078 	 0.9970 	 29.7942 	 9.8420 	 6.5025 	 0.0010 	 7.8361 	 0.0000 	 1.7166 	 546.1730 	 44.0000 	 0.4779 	 0.7314 	 0.8127 	 3.1450 	 2.3362 	 2.1356 	 1.5035 	 -2.1617 	 0.0000 	 2.5152 	 0.0035 
41.0000 	 0.0427 	 0.0718 	 1.0000 	 14.0778 	 9.0884 	 7.5249 	 1.4311 	 6.4024 	 0.0000 	 1.7133 	 545.8908 	 41.0000 	 0.8057 	 0.4299 	 0.7701 	 1.2194 	 2.4921 	 3.4080 	 0.9877 	 -0.1849 	 0.0000 	 0.9096 	 0.0000 
41.0000 	 0.7254 	 0.9951 	 0.9998 	 5.4202 	 5.4408 	 8.9943 	 0.9063 	 6.9254 	 0.0000 	 1.7161 	 546.0764 	 41.0000 	 0.6853 	 0.5634 	 0.7839 	 2.0342 	 7.1935 	 4.2669 	 1.5676 	 1.9853 	 0.0000 	 1.0418 	 0.0000 
39.0000 	 0.6304 	 0.1983 	 0.9987 	 4.8292 	 2.5114 	 9.9812 	 5.5566 	 2.2949 	 0.0000 	 1.7103 	 546.1862 	 39.0000 	 0.4504 	 0.3958 	 0.8013 	 5.3526 	 8.8933 	 5.3305 	 2.8415 	 2.2761 	 0.0000 	 1.5221 	 0.0000 
38.0000 	 0.0355 	 0.0717 	 0.6667 	 43.0825 	 5.5769 	 0.0037 	 2.9152 	 5.9850 	 0.0000 	 1.7161 	 546.1629 	 38.0000 	 0.7572 	 0.9049 	 0.0555 	 11.3758 	 9.4847 	 8.8118 	 0.6208 	 -0.0478 	 0.0000 	 2.6861 	 0.0002 
42.0000 	 0.3895 	 0.4759 	 0.9111 	 25.6286 	 9.2863 	 2.7980 	 0.7600 	 7.0761 	 0.0000 	 1.7150 	 546.1630 	 42.0000 	 0.3548 	 0.1627 	 0.9596 	 14.6059 	 0.1393 	 5.3582 	 1.9750 	 -2.5709 	 0.0000 	 0.5989 	 0.0000 
41.0000 	 0.5326 	 0.8806 	 0.9648 	 2.9442 	 4.5336 	 1.0140 	 9.3796 	 -1.5429 	 0.0000 	 1.7148 	 546.1630 	 41.0000 	 0.3060 	 0.8865 	 0.0332 	 6.2199 	 1.6339 	 6.6833 	 2.7324 	 -1.6032 	 0.0000 	 2.6709 	 0.0000 
37.0000 	 0.2746 	 0.0521 	 0.9881 	 23.7129 	 0.1313 	 8.6943 	 5.3287 	 2.5059 	 0.0000 	 1.7145 	 546.1630 	 37.0000 	 0.1227 	 0.5232 	 0.7243 	 2.7972 	 9.7646 	 6.4500 	 0.8865 	 2.3647 	 0.0000 	 2.0694 	 0.0000 
38.0000 	 0.0010 	 0.0859 	 0.4547 	 24.0949 	 0.0324 	 1.3900 	 1.5920 	 6.2448 	 0.0000 	 1.7183 	 546.1642 	 38.0000 	 0.1828 	 0.9912 	 0.0309 	 7.8400 	 1.0267 	 0.8829 	 0.4702 	 1.6399 	 0.0000 	 1.2882 	 0.0000 
35.0000 	 0.0073 	 1.0000 	 0.6540 	 4.8309 	 10.0000 	 4.3937 	 8.3515 	 -0.5135 	 0.0000 	 1.7154 	 546.1633 	 35.0000 	 0.5824 	 0.6172 	 0.6253 	 11.6437 	 0.9369 	 5.9777 	 1.9740 	 1.1532 	 0.0000 	 0.0268 	 0.0000 
39.0000 	 0.5682 	 0.1044 	 0.9880 	 43.3614 	 4.5378 	 0.0000 	 5.1865 	 4.5619 	 0.0000 	 1.7155 	 545.6496 	 39.0000 	 0.1269 	 0.5644 	 0.6049 	 3.9334 	 2.2761 	 5.4455 	 1.5029 	 -2.0547 	 0.0000 	 1.6718 	 0.0000 
37.0000 	 0.0020 	 0.0122 	 0.8273 	 29.6701 	 1.1821 	 3.5054 	 0.0037 	 7.8449 	 0.0000 	 1.7295 	 546.2032 	 37.0000 	 0.0178 	 0.4239 	 0.6320 	 10.4317 	 7.6268 	 9.0696 	 1.1989 	 -1.5789 	 0.0000 	 0.9621 	 0.0003 
34.0000 	 0.0028 	 0.5075 	 0.3597 	 8.9895 	 4.8712 	 6.1675 	 0.4585 	 7.3736 	 0.0000 	 1.7134 	 546.1709 	 34.0000 	 0.5718 	 0.6633 	 0.8968 	 1.3513 	 2.0337 	 0.4313 	 1.0238 	 1.5908 	 0.0000 	 2.0589 	 0.0002 
37.0000 	 0.3322 	 0.0876 	 0.9859 	 8.4774 	 7.0597 	 3.2115 	 3.2841 	 4.5504 	 0.0000 	 1.7137 	 546.1664 	 37.0000 	 0.9476 	 0.9860 	 0.3404 	 8.5984 	 8.7141 	 3.8802 	 0.2052 	 -2.4195 	 0.0000 	 0.3612 	 0.0003 
35.0000 	 0.0033 	 0.2483 	 0.9742 	 12.8971 	 2.0291 	 8.3211 	 0.1853 	 7.6504 	 0.0000 	 1.7146 	 546.1629 	 35.0000 	 0.3412 	 0.0243 	 0.8600 	 2.9226 	 4.4107 	 7.9506 	 0.3166 	 0.6747 	 0.0000 	 1.8149 	 0.0000 
35.0000 	 0.0012 	 0.7613 	 0.7393 	 7.9003 	 9.0729 	 4.9877 	 0.1187 	 7.7171 	 0.0000 	 1.7146 	 546.1630 	 35.0000 	 0.1411 	 0.3957 	 0.5423 	 4.6645 	 9.9000 	 2.0598 	 0.6613 	 0.2159 	 0.0000 	 1.8121 	 0.0000 
32.0000 	 0.0313 	 0.4647 	 0.9459 	 12.0815 	 2.6277 	 9.9939 	 4.1762 	 3.6594 	 0.0000 	 1.7147 	 546.1630 	 32.0000 	 0.8978 	 0.1800 	 0.4078 	 1.9029 	 4.6750 	 6.3078 	 0.7724 	 -2.5987 	 0.0000 	 2.8082 	 0.0001 
39.0000 	 0.0043 	 0.3622 	 0.9998 	 1.0524 	 9.9991 	 3.6930 	 0.0001 	 7.7762 	 0.0000 	 1.6390 	 546.5777 	 39.0000 	 0.7985 	 0.0450 	 0.2695 	 9.5703 	 2.4750 	 3.4724 	 1.3385 	 -1.3104 	 0.0000 	 2.2015 	 0.0001 
34.0000 	 0.0457 	 0.5230 	 0.8363 	 43.0728 	 0.0987 	 8.2145 	 9.1246 	 -1.2887 	 0.0000 	 1.7146 	 546.1630 	 34.0000 	 0.7487 	 0.5255 	 0.5601 	 2.4112 	 0.8278 	 3.2946 	 2.4345 	 -2.7764 	 0.0000 	 2.7621 	 0.0000 
37.0000 	 0.0010 	 0.0010 	 0.0027 	 49.9994 	 3.4127 	 8.5324 	 0.2282 	 7.8165 	 0.0000 	 1.7469 	 589.2979 	 37.0000 	 0.3257 	 0.1208 	 0.5977 	 8.8495 	 6.6137 	 2.9505 	 2.5546 	 -1.9142 	 0.0000 	 0.7747 	 0.0508 
31.0000 	 0.0032 	 0.5869 	 0.9622 	 12.2653 	 6.3391 	 5.5204 	 0.0004 	 7.8303 	 0.0000 	 1.7142 	 546.1642 	 31.0000 	 0.5562 	 0.1512 	 0.9688 	 9.1758 	 8.2248 	 8.6028 	 2.9738 	 2.4500 	 0.0000 	 0.4941 	 0.0000 
34.0000 	 0.0055 	 0.0839 	 0.7539 	 14.1278 	 1.4540 	 0.0014 	 6.0031 	 4.0287 	 0.0000 	 1.7143 	 546.1626 	 34.0000 	 0.2733 	 0.3680 	 0.0465 	 6.2389 	 3.0414 	 5.7065 	 2.8432 	 0.4521 	 0.0000 	 0.0273 	 0.0000 
32.0000 	 0.0086 	 0.5996 	 0.5766 	 1.0000 	 6.7703 	 6.0861 	 0.3562 	 7.4678 	 0.0000 	 1.7686 	 546.4220 	 32.0000 	 0.8017 	 0.0580 	 0.9717 	 9.3466 	 9.9417 	 5.6820 	 0.7689 	 -2.3078 	 0.0000 	 1.6241 	 0.0004 
