50.0000 	 2.1624 	 2.7478 	 5.4199 	 4.6611 	 3.8650 	 0.0000 	 4.2475 	 849.6243 	 50.0000 	 1.7036 	 8.1683 	 5.0540 	 1.3306 	 -0.8967 	 0.0000 	 2.9272 	 0.0049 
50.0000 	 2.4852 	 1.9269 	 0.0000 	 4.3776 	 1.2611 	 0.0000 	 4.0283 	 855.4984 	 50.0000 	 2.7857 	 5.0023 	 0.2957 	 1.0670 	 1.7183 	 0.0000 	 1.3159 	 0.0017 
49.0000 	 2.3336 	 1.2987 	 1.7229 	 10.0000 	 0.7094 	 0.0000 	 1.5109 	 830.8829 	 49.0000 	 2.6215 	 6.9711 	 6.7979 	 2.5194 	 2.4475 	 0.0000 	 2.8390 	 0.0034 
48.0000 	 0.0016 	 2.3797 	 8.2074 	 2.5273 	 2.3972 	 0.0000 	 4.0559 	 1195.8154 	 48.0000 	 0.2513 	 5.2367 	 4.1191 	 2.9016 	 -0.9978 	 0.0000 	 1.8749 	 0.0000 
50.0000 	 2.3490 	 1.3288 	 1.7522 	 10.0000 	 0.7604 	 0.0000 	 1.5882 	 830.8896 	 50.0000 	 0.3382 	 4.3606 	 5.7387 	 1.1674 	 0.3846 	 0.0000 	 1.2734 	 0.0037 
48.0000 	 2.3007 	 1.3177 	 1.7267 	 9.9997 	 0.7245 	 0.0000 	 1.5486 	 830.8747 	 48.0000 	 0.7293 	 7.0747 	 4.3664 	 2.2716 	 -0.2251 	 0.0000 	 2.8444 	 0.0024 
49.0000 	 2.3556 	 1.2364 	 1.7443 	 9.9996 	 0.6545 	 0.0000 	 1.3521 	 830.9530 	 49.0000 	 2.5348 	 4.3364 	 7.1626 	 1.5857 	 1.6829 	 0.0000 	 2.9055 	 0.0035 
48.0000 	 2.3192 	 1.2958 	 1.7373 	 9.9997 	 0.7636 	 0.0000 	 1.5574 	 830.8793 	 48.0000 	 1.9652 	 8.6351 	 6.1438 	 1.9911 	 -1.1688 	 0.0000 	 1.8905 	 0.0030 
49.0000 	 2.3162 	 1.3448 	 1.7509 	 9.9989 	 0.7715 	 0.0000 	 1.5685 	 830.8881 	 49.0000 	 0.0541 	 9.6843 	 1.6853 	 0.5306 	 -0.5565 	 0.0000 	 1.4793 	 0.0036 
47.0000 	 2.2645 	 0.5634 	 0.7707 	 2.4943 	 2.5815 	 0.0000 	 3.9325 	 851.5687 	 47.0000 	 0.0794 	 8.1709 	 4.9561 	 2.8293 	 -2.6407 	 0.0000 	 0.7706 	 0.0023 
46.0000 	 2.2475 	 1.3183 	 1.7301 	 10.0000 	 0.7221 	 0.0000 	 1.5128 	 830.8535 	 46.0000 	 2.8663 	 6.6444 	 3.1617 	 2.8482 	 1.1524 	 0.0000 	 0.0030 	 0.0028 
46.0000 	 2.2440 	 1.3299 	 1.7230 	 9.9988 	 0.7379 	 0.0000 	 1.5680 	 830.8675 	 46.0000 	 0.9007 	 6.8814 	 4.5139 	 2.8007 	 0.3541 	 0.0000 	 0.0011 	 0.0030 
48.0000 	 2.3268 	 1.4038 	 1.8127 	 9.9998 	 1.0540 	 0.0000 	 1.6754 	 831.3381 	 48.0000 	 0.4771 	 5.8155 	 4.5195 	 2.2161 	 -1.6898 	 0.0000 	 0.2542 	 0.0046 
47.0000 	 2.2452 	 1.3563 	 1.7289 	 9.9989 	 0.7140 	 0.0000 	 1.5252 	 830.9008 	 47.0000 	 2.5193 	 9.1409 	 1.9000 	 1.0632 	 1.3977 	 0.0000 	 0.6528 	 0.0034 
50.0000 	 2.3623 	 1.2997 	 1.7543 	 10.0000 	 0.7429 	 0.0000 	 1.5047 	 830.8885 	 50.0000 	 2.6882 	 5.0257 	 7.9837 	 0.3193 	 1.5294 	 0.0000 	 1.7522 	 0.0034 
44.0000 	 2.1995 	 1.3051 	 1.7247 	 10.0000 	 0.7194 	 0.0000 	 1.5024 	 830.8431 	 44.0000 	 0.1829 	 9.3479 	 7.8235 	 0.5770 	 -2.8799 	 0.0000 	 2.5849 	 0.0025 
47.0000 	 2.2760 	 1.3200 	 1.7441 	 10.0000 	 0.7563 	 0.0000 	 1.5736 	 830.8699 	 47.0000 	 1.6865 	 2.3425 	 3.6703 	 2.7072 	 2.5057 	 0.0000 	 2.7921 	 0.0031 
46.0000 	 2.2248 	 1.3762 	 1.7174 	 9.9991 	 0.7702 	 0.0000 	 1.5432 	 830.9096 	 46.0000 	 0.4871 	 0.4041 	 0.2006 	 0.8393 	 0.5102 	 0.0000 	 2.7732 	 0.0034 
45.0000 	 2.2522 	 1.2408 	 1.7068 	 10.0000 	 0.6550 	 0.0000 	 1.4451 	 830.8953 	 45.0000 	 1.7093 	 7.4915 	 9.0953 	 1.5889 	 2.5062 	 0.0000 	 2.8040 	 0.0025 
44.0000 	 2.1699 	 1.3472 	 1.7082 	 10.0000 	 0.7104 	 0.0000 	 1.5323 	 830.8765 	 44.0000 	 1.7288 	 5.3358 	 2.8131 	 0.6289 	 1.0276 	 0.0000 	 2.4499 	 0.0031 
44.0000 	 2.1880 	 1.3313 	 1.7327 	 10.0000 	 0.7503 	 0.0000 	 1.5344 	 830.8519 	 44.0000 	 0.8840 	 3.5242 	 0.0045 	 2.4658 	 -1.4778 	 0.0000 	 2.5130 	 0.0027 
50.0000 	 2.4045 	 1.2012 	 1.7379 	 10.0000 	 0.6409 	 0.0000 	 1.3972 	 830.9918 	 50.0000 	 1.7508 	 2.8222 	 5.8692 	 0.7315 	 2.1463 	 0.0000 	 1.2257 	 0.0058 
43.0000 	 2.1118 	 1.6042 	 1.7220 	 10.0000 	 1.0648 	 0.0000 	 2.1854 	 831.7045 	 43.0000 	 1.4291 	 0.8426 	 5.2112 	 2.1632 	 -0.0863 	 0.0000 	 2.0779 	 0.0072 
41.0000 	 0.0035 	 5.6250 	 8.3350 	 1.8461 	 3.0330 	 0.0000 	 3.9492 	 1195.9162 	 41.0000 	 2.8178 	 1.9010 	 5.8518 	 0.2757 	 -1.7785 	 0.0000 	 2.4058 	 0.0000 
44.0000 	 2.2721 	 0.0159 	 0.0015 	 5.0085 	 0.9911 	 0.0000 	 3.9530 	 855.1550 	 44.0000 	 2.1890 	 4.5515 	 0.8331 	 1.7969 	 1.9224 	 0.0000 	 0.9011 	 0.0014 
43.0000 	 2.1620 	 1.3188 	 1.7271 	 10.0000 	 0.7216 	 0.0000 	 1.4986 	 830.8430 	 43.0000 	 0.5513 	 0.1563 	 7.9588 	 2.3581 	 -1.5150 	 0.0000 	 1.5462 	 0.0028 
45.0000 	 2.2319 	 1.3208 	 1.7531 	 9.9982 	 0.8001 	 0.0000 	 1.5486 	 830.8714 	 45.0000 	 1.4557 	 8.7288 	 2.9808 	 0.1390 	 2.3185 	 0.0000 	 1.0814 	 0.0024 
42.0000 	 2.1122 	 1.3645 	 1.7224 	 10.0000 	 0.7363 	 0.0000 	 1.5684 	 830.8683 	 42.0000 	 2.3103 	 0.7451 	 5.4239 	 2.9883 	 -1.8068 	 0.0000 	 2.8803 	 0.0024 
41.0000 	 2.1207 	 1.2870 	 1.7178 	 10.0000 	 0.7002 	 0.0000 	 1.4584 	 830.8455 	 41.0000 	 2.7674 	 5.7272 	 2.7365 	 2.3855 	 -0.9078 	 0.0000 	 2.6556 	 0.0023 
41.0000 	 2.1071 	 1.3195 	 1.6987 	 10.0000 	 0.7042 	 0.0000 	 1.4788 	 830.8412 	 41.0000 	 2.3677 	 5.4732 	 4.0859 	 0.5775 	 0.7602 	 0.0000 	 2.0820 	 0.0031 
41.0000 	 2.0782 	 1.3768 	 1.7393 	 10.0000 	 0.7528 	 0.0000 	 1.4960 	 830.8880 	 41.0000 	 0.1380 	 1.3940 	 6.9799 	 2.7373 	 -0.1540 	 0.0000 	 2.2442 	 0.0024 
38.0000 	 2.0372 	 1.2883 	 1.6988 	 10.0000 	 0.7066 	 0.0000 	 1.4919 	 830.8584 	 38.0000 	 0.7315 	 1.8611 	 7.5004 	 1.2098 	 -0.8415 	 0.0000 	 0.4881 	 0.0142 
41.0000 	 2.1202 	 1.2975 	 1.7188 	 10.0000 	 0.7262 	 0.0000 	 1.4437 	 830.8427 	 41.0000 	 0.4392 	 6.2221 	 3.0394 	 0.6534 	 -2.1355 	 0.0000 	 0.0655 	 0.0026 
40.0000 	 2.0660 	 1.3561 	 1.7226 	 10.0000 	 0.7581 	 0.0000 	 1.5544 	 830.8465 	 40.0000 	 1.4689 	 2.8427 	 9.5599 	 0.4833 	 -1.3535 	 0.0000 	 0.5645 	 0.0022 
43.0000 	 2.1019 	 1.5686 	 6.9099 	 7.0942 	 2.7230 	 0.0000 	 2.6629 	 835.5282 	 43.0000 	 2.9152 	 8.9562 	 4.0495 	 0.0430 	 1.2666 	 0.0000 	 2.5766 	 0.0028 
41.0000 	 2.1056 	 1.3248 	 1.7231 	 10.0000 	 0.7408 	 0.0000 	 1.4462 	 830.8499 	 41.0000 	 2.0099 	 4.5043 	 6.1329 	 2.2503 	 1.0550 	 0.0000 	 2.0502 	 0.0023 
38.0000 	 1.9086 	 2.5098 	 9.0851 	 1.3840 	 3.8738 	 0.0000 	 4.0882 	 853.1786 	 38.0000 	 0.4334 	 5.8765 	 3.8772 	 1.9702 	 1.9058 	 0.0000 	 2.1138 	 0.0060 
37.0000 	 1.9796 	 1.3566 	 1.7024 	 10.0000 	 0.7337 	 0.0000 	 1.5124 	 830.8523 	 37.0000 	 1.0188 	 3.9485 	 1.9625 	 2.9004 	 -0.2249 	 0.0000 	 0.8334 	 0.0024 
42.0000 	 2.1334 	 1.3306 	 1.7172 	 10.0000 	 0.7399 	 0.0000 	 1.5149 	 830.8430 	 42.0000 	 2.8677 	 0.7362 	 3.0802 	 2.9287 	 -1.6078 	 0.0000 	 1.4387 	 0.0028 
37.0000 	 1.9803 	 1.3460 	 1.6990 	 10.0000 	 0.7220 	 0.0000 	 1.4886 	 830.8434 	 37.0000 	 0.4696 	 2.2414 	 0.5615 	 2.7312 	 0.6328 	 0.0000 	 2.6240 	 0.0026 
38.0000 	 2.0285 	 1.3055 	 1.7103 	 10.0000 	 0.7118 	 0.0000 	 1.4585 	 830.8390 	 38.0000 	 2.7616 	 9.9181 	 5.8090 	 1.0069 	 2.5085 	 0.0000 	 0.9275 	 0.0029 
39.0000 	 1.9592 	 1.7623 	 5.3426 	 7.6770 	 2.6772 	 0.0000 	 2.7154 	 835.2089 	 39.0000 	 2.6284 	 3.8817 	 9.0918 	 1.4219 	 -0.5372 	 0.0000 	 2.3356 	 0.0030 
35.0000 	 1.9136 	 1.3724 	 1.6982 	 10.0000 	 0.7523 	 0.0000 	 1.5385 	 830.8782 	 35.0000 	 0.5190 	 5.3297 	 4.2711 	 1.4999 	 1.0209 	 0.0000 	 0.5814 	 0.0028 
36.0000 	 0.0131 	 7.9450 	 7.9704 	 0.0124 	 4.9129 	 0.0000 	 4.0574 	 1195.8154 	 36.0000 	 1.6929 	 8.4826 	 0.6386 	 1.5341 	 -2.5944 	 0.0000 	 0.4314 	 0.0000 
37.0000 	 1.9827 	 1.3125 	 1.6909 	 9.9992 	 0.6539 	 0.0000 	 1.4054 	 830.8683 	 37.0000 	 0.2856 	 3.9838 	 6.7226 	 1.3490 	 0.6060 	 0.0000 	 0.3943 	 0.0022 
47.0000 	 2.2914 	 1.2834 	 1.7318 	 10.0000 	 0.7178 	 0.0000 	 1.4918 	 830.8702 	 47.0000 	 0.0428 	 9.4348 	 4.1813 	 1.8072 	 1.8779 	 0.0000 	 1.1423 	 0.0025 
35.0000 	 1.8738 	 1.5935 	 1.8738 	 9.8940 	 1.1936 	 0.0000 	 1.9493 	 831.4915 	 35.0000 	 0.7032 	 2.1730 	 2.7702 	 0.8394 	 0.0890 	 0.0000 	 0.5030 	 0.0058 
40.0000 	 2.0552 	 1.3466 	 1.6984 	 10.0000 	 0.6564 	 0.0000 	 1.3999 	 830.9003 	 40.0000 	 2.1792 	 9.3272 	 8.1517 	 2.3660 	 -0.0685 	 0.0000 	 2.1482 	 0.0023 
34.0000 	 1.8226 	 1.7210 	 1.7563 	 10.0000 	 1.0849 	 0.0000 	 2.2062 	 832.0186 	 34.0000 	 2.2392 	 6.7192 	 6.0882 	 2.9280 	 -1.9856 	 0.0000 	 2.7561 	 0.0060 
38.0000 	 2.2425 	 0.0189 	 10.0000 	 1.4774 	 2.7598 	 0.0000 	 4.0864 	 855.8335 	 38.0000 	 2.0742 	 6.3528 	 0.9499 	 0.1108 	 -1.4805 	 0.0000 	 0.6219 	 0.0034 
36.0000 	 1.9583 	 1.3358 	 1.7150 	 9.9999 	 0.7521 	 0.0000 	 1.5192 	 830.8572 	 36.0000 	 0.5697 	 1.6117 	 3.5850 	 0.0050 	 0.3619 	 0.0000 	 1.5135 	 0.0025 
35.0000 	 1.9079 	 1.5491 	 3.9254 	 7.6666 	 2.4270 	 0.0000 	 2.5060 	 834.3749 	 35.0000 	 2.5079 	 1.8566 	 5.2869 	 2.2115 	 -0.5294 	 0.0000 	 2.3243 	 0.0030 
32.0000 	 1.8861 	 9.1518 	 7.9242 	 1.6414 	 4.1554 	 0.0000 	 3.9953 	 855.1043 	 32.0000 	 2.7629 	 4.0670 	 6.6362 	 2.7960 	 -1.9056 	 0.0000 	 0.7835 	 0.0006 
34.0000 	 1.8681 	 1.5098 	 2.2766 	 8.5156 	 1.7547 	 0.0000 	 2.2445 	 832.8546 	 34.0000 	 0.3661 	 7.6857 	 3.5700 	 0.6217 	 2.7550 	 0.0000 	 1.8866 	 0.0034 
48.0000 	 2.2601 	 1.5236 	 1.9246 	 9.9989 	 1.1681 	 0.0000 	 1.8680 	 831.4146 	 48.0000 	 2.5046 	 0.3923 	 1.4091 	 2.1286 	 -0.0305 	 0.0000 	 2.3121 	 0.0045 
47.0000 	 0.0016 	 5.5437 	 9.2102 	 2.7568 	 2.1676 	 0.0000 	 4.0599 	 1195.8154 	 47.0000 	 1.3870 	 9.7033 	 3.6801 	 2.4163 	 -2.6709 	 0.0000 	 0.7212 	 0.0000 
34.0000 	 1.8770 	 1.3895 	 1.6651 	 9.9998 	 0.7239 	 0.0000 	 1.5758 	 830.9134 	 34.0000 	 2.3789 	 3.9571 	 0.5278 	 2.1119 	 0.3240 	 0.0000 	 2.5655 	 0.0026 
37.0000 	 2.0025 	 1.3150 	 1.7181 	 10.0000 	 0.7516 	 0.0000 	 1.5075 	 830.8527 	 37.0000 	 1.4030 	 6.4771 	 3.9545 	 1.0265 	 -2.8469 	 0.0000 	 1.8198 	 0.0025 
33.0000 	 1.8468 	 1.3483 	 2.0424 	 9.1451 	 1.1487 	 0.0000 	 1.7422 	 831.7612 	 33.0000 	 2.7384 	 6.4393 	 1.4367 	 0.0524 	 -1.8487 	 0.0000 	 1.3034 	 0.0031 
31.0000 	 1.7960 	 1.3294 	 1.6776 	 10.0000 	 0.7070 	 0.0000 	 1.4106 	 830.9349 	 31.0000 	 1.3390 	 1.5318 	 8.9670 	 2.3639 	 -1.5791 	 0.0000 	 2.3443 	 0.0034 
32.0000 	 1.8208 	 1.3728 	 1.6967 	 10.0000 	 0.7571 	 0.0000 	 1.5084 	 830.9117 	 32.0000 	 1.3037 	 8.3662 	 4.0916 	 1.4015 	 -0.2296 	 0.0000 	 0.7598 	 0.0026 
36.0000 	 0.0010 	 6.3575 	 6.3149 	 3.2498 	 1.6555 	 0.0000 	 4.0627 	 1195.8176 	 36.0000 	 0.4343 	 3.8937 	 5.8089 	 0.7836 	 0.3431 	 0.0000 	 0.1166 	 0.0015 
32.0000 	 1.7046 	 1.9744 	 2.9733 	 8.6859 	 2.2156 	 0.0000 	 2.4936 	 834.0894 	 32.0000 	 0.8847 	 3.1671 	 4.9251 	 1.6519 	 2.3013 	 0.0000 	 0.3350 	 0.0199 
28.0000 	 1.7261 	 0.0948 	 2.8123 	 0.0110 	 4.1669 	 0.0000 	 3.9722 	 855.1038 	 28.0000 	 1.8898 	 2.1571 	 4.2171 	 1.8955 	 -1.0534 	 0.0000 	 2.9034 	 0.0007 
33.0000 	 1.8646 	 1.3365 	 1.7030 	 10.0000 	 0.7279 	 0.0000 	 1.4472 	 830.8890 	 33.0000 	 1.9164 	 8.8443 	 3.8466 	 0.6053 	 -2.7210 	 0.0000 	 1.5091 	 0.0032 
31.0000 	 1.7916 	 1.3363 	 1.6653 	 9.9951 	 0.6693 	 0.0000 	 1.4301 	 830.9416 	 31.0000 	 1.4235 	 7.2028 	 6.8910 	 0.7352 	 2.6837 	 0.0000 	 2.6983 	 0.0022 
28.0000 	 1.7031 	 1.3203 	 1.6581 	 10.0000 	 0.6877 	 0.0000 	 1.4323 	 831.0489 	 28.0000 	 0.4528 	 6.4933 	 8.2333 	 0.5186 	 -2.6800 	 0.0000 	 2.4151 	 0.0040 
30.0000 	 1.7641 	 1.3431 	 1.6675 	 10.0000 	 0.7108 	 0.0000 	 1.4257 	 830.9572 	 30.0000 	 0.5827 	 2.5316 	 1.1178 	 1.9785 	 -0.2969 	 0.0000 	 2.7070 	 0.0031 
30.0000 	 1.7745 	 10.0000 	 7.5721 	 0.0182 	 4.1627 	 0.0000 	 3.9736 	 855.1183 	 30.0000 	 0.3560 	 1.0723 	 7.8477 	 0.1435 	 0.4437 	 0.0000 	 2.0024 	 0.0008 
33.0000 	 1.8575 	 1.3506 	 1.7003 	 10.0000 	 0.7369 	 0.0000 	 1.4575 	 830.8905 	 33.0000 	 1.5672 	 3.2859 	 8.7211 	 1.2447 	 -2.8233 	 0.0000 	 0.4536 	 0.0026 
28.0000 	 1.6210 	 1.6596 	 1.7113 	 10.0000 	 0.9762 	 0.0000 	 1.8892 	 831.6078 	 28.0000 	 0.6761 	 7.6740 	 2.5422 	 0.6174 	 2.7718 	 0.0000 	 2.0364 	 0.0037 
29.0000 	 1.7333 	 1.3289 	 1.6646 	 10.0000 	 0.6939 	 0.0000 	 1.3924 	 830.9972 	 29.0000 	 0.5831 	 4.2230 	 5.5847 	 2.9157 	 2.7631 	 0.0000 	 0.1728 	 0.0029 
30.0000 	 1.7628 	 1.3431 	 1.6769 	 10.0000 	 0.7107 	 0.0000 	 1.4276 	 830.9604 	 30.0000 	 0.1808 	 4.3132 	 9.2478 	 0.0613 	 2.3927 	 0.0000 	 1.9958 	 0.0027 
25.0000 	 1.5808 	 1.3465 	 1.6007 	 10.0000 	 0.6871 	 0.0000 	 1.4429 	 831.2733 	 25.0000 	 2.3812 	 2.7536 	 7.5259 	 1.1503 	 -1.9757 	 0.0000 	 2.5781 	 0.0047 
27.0000 	 1.6222 	 1.4860 	 1.7068 	 10.0000 	 0.8487 	 0.0000 	 1.6107 	 831.2255 	 27.0000 	 1.1575 	 2.7971 	 3.5189 	 2.3330 	 -2.4963 	 0.0000 	 2.3906 	 0.0050 
32.0000 	 1.8219 	 1.3489 	 1.6888 	 9.9999 	 0.6919 	 0.0000 	 1.4325 	 830.9171 	 32.0000 	 2.8226 	 1.4342 	 6.6671 	 2.2137 	 -2.5228 	 0.0000 	 0.3683 	 0.0032 
45.0000 	 2.2135 	 1.3330 	 1.7360 	 10.0000 	 0.7506 	 0.0000 	 1.4943 	 830.8632 	 45.0000 	 2.5069 	 0.3744 	 5.4455 	 0.6051 	 -0.0086 	 0.0000 	 0.3298 	 0.0025 
27.0000 	 1.6481 	 1.3782 	 1.6630 	 9.9996 	 0.7202 	 0.0000 	 1.4299 	 831.0960 	 27.0000 	 0.9335 	 3.1094 	 3.2587 	 1.5232 	 0.1380 	 0.0000 	 0.7300 	 0.0033 
25.0000 	 1.5637 	 1.4346 	 1.6558 	 9.9954 	 0.7687 	 0.0000 	 1.4632 	 831.2852 	 25.0000 	 1.4988 	 1.8078 	 4.2426 	 0.2577 	 1.7825 	 0.0000 	 0.8980 	 0.0033 
26.0000 	 1.6176 	 1.4584 	 1.6003 	 9.9999 	 0.8536 	 0.0000 	 1.9790 	 831.6308 	 26.0000 	 1.2066 	 3.9233 	 4.4216 	 2.9543 	 2.7930 	 0.0000 	 2.1167 	 0.0538 
28.0000 	 1.6737 	 1.3867 	 1.6701 	 10.0000 	 0.6807 	 0.0000 	 1.4544 	 831.0744 	 28.0000 	 1.4019 	 7.3325 	 3.9470 	 0.2911 	 -2.6078 	 0.0000 	 0.3109 	 0.0031 
31.0000 	 1.8891 	 6.6867 	 0.0000 	 4.1165 	 1.5613 	 0.0000 	 4.0017 	 855.2153 	 31.0000 	 2.4894 	 3.0382 	 6.9764 	 0.7672 	 -2.2695 	 0.0000 	 0.6104 	 0.0015 
25.0000 	 1.5751 	 1.3803 	 1.6425 	 10.0000 	 0.7233 	 0.0000 	 1.4704 	 831.2209 	 25.0000 	 1.5906 	 4.1798 	 0.3208 	 2.5918 	 1.6348 	 0.0000 	 0.3490 	 0.0052 
43.0000 	 0.0015 	 4.9930 	 4.6334 	 1.3742 	 3.5522 	 0.0000 	 4.0545 	 1195.8154 	 43.0000 	 1.0175 	 1.5073 	 2.1537 	 0.8071 	 -2.2074 	 0.0000 	 0.8885 	 0.0000 
25.0000 	 1.5889 	 1.3462 	 1.6560 	 10.0000 	 0.7210 	 0.0000 	 1.4257 	 831.2227 	 25.0000 	 1.9431 	 4.6653 	 9.2235 	 2.6793 	 2.7423 	 0.0000 	 0.7956 	 0.0043 
46.0000 	 2.2336 	 1.3467 	 1.7240 	 9.9998 	 0.7439 	 0.0000 	 1.5232 	 830.8701 	 46.0000 	 0.0886 	 8.1043 	 1.0272 	 1.9117 	 0.4963 	 0.0000 	 0.4683 	 0.0030 
22.0000 	 1.3745 	 7.8615 	 0.7437 	 9.9999 	 2.2184 	 0.0000 	 3.6163 	 846.4585 	 22.0000 	 2.8411 	 9.8831 	 7.1327 	 1.8364 	 -0.7001 	 0.0000 	 2.7540 	 0.0063 
24.0000 	 1.5292 	 1.5205 	 2.6692 	 8.3757 	 1.8792 	 0.0000 	 2.3169 	 833.5185 	 24.0000 	 2.8362 	 7.3315 	 1.2829 	 0.6415 	 0.5261 	 0.0000 	 1.6418 	 0.0045 
24.0000 	 1.5430 	 1.3691 	 1.6558 	 9.9998 	 0.7327 	 0.0000 	 1.4560 	 831.3100 	 24.0000 	 0.9790 	 1.4591 	 5.9633 	 2.5786 	 -0.6152 	 0.0000 	 2.9343 	 0.0049 
29.0000 	 1.6959 	 1.3717 	 5.8217 	 6.8869 	 2.3594 	 0.0000 	 2.4131 	 835.4130 	 29.0000 	 2.2993 	 0.2799 	 5.8759 	 2.5236 	 1.0627 	 0.0000 	 2.6878 	 0.0029 
21.0000 	 1.4299 	 1.3848 	 1.6447 	 10.0000 	 0.7583 	 0.0000 	 1.5028 	 831.7039 	 21.0000 	 2.2485 	 9.4607 	 0.9057 	 0.1776 	 -1.7404 	 0.0000 	 0.4737 	 0.0091 
25.0000 	 1.6209 	 1.2407 	 1.6555 	 10.0000 	 0.6743 	 0.0000 	 1.1986 	 831.3711 	 25.0000 	 1.7765 	 6.2691 	 6.3110 	 1.0242 	 -0.8394 	 0.0000 	 2.6071 	 0.0038 
27.0000 	 1.8260 	 1.9678 	 9.9561 	 5.5986 	 3.6299 	 0.0000 	 4.1633 	 848.9393 	 27.0000 	 1.7982 	 7.5301 	 2.9386 	 0.4762 	 2.8410 	 0.0000 	 2.5097 	 0.0072 
23.0000 	 1.4874 	 1.4204 	 1.6425 	 9.9999 	 0.7192 	 0.0000 	 1.4811 	 831.4404 	 23.0000 	 1.1487 	 9.6379 	 6.4497 	 1.5524 	 -1.4019 	 0.0000 	 0.7630 	 0.0044 
22.0000 	 1.4827 	 1.3316 	 1.6196 	 9.9999 	 0.7169 	 0.0000 	 1.4349 	 831.5585 	 22.0000 	 0.3995 	 6.7642 	 2.1572 	 0.9528 	 2.3873 	 0.0000 	 2.4209 	 0.0066 
19.0000 	 1.3412 	 1.3391 	 1.5967 	 10.0000 	 0.6466 	 0.0000 	 1.2889 	 832.0669 	 19.0000 	 0.2512 	 1.2468 	 9.4056 	 0.5171 	 -0.8829 	 0.0000 	 0.5944 	 0.0087 
20.0000 	 1.6903 	 9.9329 	 0.8608 	 8.3775 	 4.0173 	 0.0000 	 3.7735 	 856.7416 	 20.0000 	 2.0904 	 0.3019 	 6.5875 	 1.3242 	 0.1956 	 0.0000 	 1.0234 	 0.0117 
22.0000 	 1.4811 	 1.4024 	 1.8667 	 9.7838 	 1.1336 	 0.0000 	 1.7038 	 832.1958 	 22.0000 	 2.7029 	 6.3308 	 5.6883 	 1.7846 	 0.7519 	 0.0000 	 2.7289 	 0.0041 
26.0000 	 1.6187 	 1.3582 	 1.6703 	 10.0000 	 0.7309 	 0.0000 	 1.4941 	 831.1510 	 26.0000 	 1.9038 	 4.7950 	 4.9842 	 0.8936 	 -1.6747 	 0.0000 	 1.9199 	 0.0052 
46.0000 	 1.9668 	 4.2444 	 6.0413 	 9.0245 	 3.1340 	 0.0000 	 3.3892 	 845.9927 	 46.0000 	 2.5143 	 3.4691 	 1.0398 	 2.5626 	 2.0938 	 0.0000 	 1.8982 	 0.0076 
18.0000 	 1.2851 	 1.4317 	 1.6121 	 10.0000 	 0.7746 	 0.0000 	 1.5065 	 832.3141 	 18.0000 	 1.7987 	 3.1753 	 1.7326 	 0.0729 	 2.2019 	 0.0000 	 0.6954 	 0.0096 
20.0000 	 1.3827 	 1.3495 	 1.6280 	 9.9999 	 0.6673 	 0.0000 	 1.3890 	 831.8568 	 20.0000 	 1.7643 	 4.6700 	 1.1053 	 0.1923 	 1.9152 	 0.0000 	 1.3270 	 0.0114 
21.0000 	 1.4260 	 1.4052 	 1.6872 	 9.9971 	 0.7995 	 0.0000 	 1.5933 	 831.7984 	 21.0000 	 0.3443 	 4.6883 	 4.7191 	 2.7966 	 0.2740 	 0.0000 	 0.7352 	 0.0071 
15.0000 	 1.1312 	 1.6026 	 5.9171 	 7.0482 	 2.7117 	 0.0000 	 2.5839 	 837.4444 	 15.0000 	 0.1187 	 7.7206 	 9.1989 	 0.0077 	 -2.9882 	 0.0000 	 2.3494 	 0.0110 
21.0000 	 1.4256 	 1.4319 	 1.7120 	 10.0000 	 0.8986 	 0.0000 	 1.6074 	 831.8178 	 21.0000 	 2.9488 	 4.9309 	 6.5238 	 0.8732 	 -1.0523 	 0.0000 	 0.0335 	 0.0058 
42.0000 	 2.1375 	 1.3129 	 1.7107 	 10.0000 	 0.7047 	 0.0000 	 1.4929 	 830.8374 	 42.0000 	 1.4793 	 4.0850 	 5.0777 	 2.6905 	 -0.7343 	 0.0000 	 2.6679 	 0.0027 
24.0000 	 1.5284 	 1.3757 	 1.6176 	 9.9998 	 0.6522 	 0.0000 	 1.2741 	 831.3743 	 24.0000 	 1.5919 	 9.9264 	 1.8274 	 1.0469 	 -2.9072 	 0.0000 	 0.4413 	 0.0038 
19.0000 	 1.3222 	 1.4245 	 1.6209 	 10.0000 	 0.7347 	 0.0000 	 1.4357 	 832.0884 	 19.0000 	 2.6462 	 0.0684 	 7.0135 	 2.4827 	 -2.1675 	 0.0000 	 1.7677 	 0.0074 
18.0000 	 1.2887 	 1.5218 	 1.6802 	 9.9996 	 0.9867 	 0.0000 	 1.8416 	 832.5952 	 18.0000 	 2.7387 	 8.6638 	 7.2708 	 0.1910 	 2.9596 	 0.0000 	 0.5153 	 0.0080 
20.0000 	 1.3466 	 1.5256 	 7.3827 	 6.7237 	 2.6497 	 0.0000 	 2.5691 	 836.5191 	 20.0000 	 2.1351 	 3.9403 	 8.2749 	 1.2294 	 1.6118 	 0.0000 	 2.8141 	 0.0084 
15.0000 	 1.0927 	 1.6173 	 8.6523 	 6.7959 	 2.6113 	 0.0000 	 2.5221 	 837.8752 	 15.0000 	 1.1979 	 6.5314 	 0.4741 	 0.8349 	 2.6262 	 0.0000 	 0.9603 	 0.0128 
16.0000 	 1.2312 	 1.2005 	 1.5298 	 10.0000 	 0.5486 	 0.0000 	 0.0000 	 832.3313 	 16.0000 	 2.9076 	 0.2036 	 5.4019 	 2.7542 	 -2.3860 	 0.0000 	 0.0323 	 0.0177 
17.0000 	 1.3461 	 10.0000 	 6.4404 	 0.3560 	 4.3330 	 0.0000 	 3.9853 	 855.8150 	 17.0000 	 2.1298 	 3.3142 	 7.2827 	 2.4949 	 -0.5706 	 0.0000 	 0.4496 	 0.0051 
13.0000 	 1.0379 	 1.3990 	 5.2382 	 7.2044 	 2.3161 	 0.0000 	 2.3895 	 837.9302 	 13.0000 	 0.3965 	 7.6177 	 9.9380 	 0.6965 	 1.2425 	 0.0000 	 1.0446 	 0.0161 
18.0000 	 1.2598 	 1.5132 	 1.6423 	 9.9230 	 0.8265 	 0.0000 	 1.6462 	 832.5396 	 18.0000 	 0.3571 	 8.2990 	 8.0098 	 0.1897 	 1.2581 	 0.0000 	 1.8551 	 0.0077 
15.0000 	 1.1561 	 1.3575 	 1.5798 	 9.9998 	 0.7031 	 0.0000 	 1.3211 	 833.3875 	 15.0000 	 1.3368 	 0.2583 	 7.0981 	 1.8493 	 2.1175 	 0.0000 	 2.9895 	 0.0148 
22.0000 	 1.4417 	 1.4782 	 2.2339 	 8.8105 	 1.4240 	 0.0000 	 2.0463 	 833.0181 	 22.0000 	 2.9599 	 5.4602 	 7.7854 	 0.1726 	 -1.7480 	 0.0000 	 2.2548 	 0.0053 
17.0000 	 1.2458 	 1.3444 	 1.5639 	 10.0000 	 0.6135 	 0.0000 	 1.2640 	 832.6132 	 17.0000 	 1.6866 	 5.7498 	 9.5874 	 1.0893 	 2.0757 	 0.0000 	 0.9566 	 0.0121 
11.0000 	 0.9209 	 1.3530 	 2.2299 	 8.2739 	 1.4374 	 0.0000 	 2.0805 	 837.6159 	 11.0000 	 0.6439 	 6.8110 	 5.3048 	 2.5765 	 1.9802 	 0.0000 	 1.1271 	 0.0200 
12.0000 	 0.9766 	 1.6838 	 1.6400 	 9.9565 	 1.1887 	 0.0000 	 1.9043 	 835.8577 	 12.0000 	 2.0906 	 2.5094 	 5.7571 	 2.6974 	 0.3410 	 0.0000 	 0.1823 	 0.0206 
15.0000 	 1.1538 	 9.2003 	 0.8347 	 2.9764 	 3.8514 	 0.0000 	 3.9008 	 853.6184 	 15.0000 	 1.6550 	 8.3856 	 5.6309 	 2.8624 	 2.8284 	 0.0000 	 1.7472 	 0.0041 
43.0000 	 2.1547 	 1.3508 	 1.7213 	 9.9995 	 0.7487 	 0.0000 	 1.5579 	 830.8497 	 43.0000 	 1.1334 	 4.4590 	 8.7907 	 2.9210 	 2.0825 	 0.0000 	 2.2033 	 0.0022 
10.0000 	 0.8588 	 1.5225 	 3.0467 	 7.9596 	 2.0595 	 0.0000 	 2.3299 	 839.1634 	 10.0000 	 0.0011 	 4.3302 	 1.5653 	 2.7926 	 -2.2666 	 0.0000 	 0.0135 	 0.0239 
14.0000 	 1.0986 	 1.4066 	 1.5979 	 10.0000 	 0.7741 	 0.0000 	 1.4967 	 833.9018 	 14.0000 	 2.1474 	 8.6824 	 7.9103 	 0.4212 	 2.1892 	 0.0000 	 0.4748 	 0.0182 
12.0000 	 0.9639 	 1.6011 	 1.6151 	 9.8447 	 0.9997 	 0.0000 	 1.8467 	 835.6354 	 12.0000 	 2.1481 	 2.7182 	 4.8309 	 0.8389 	 -2.1292 	 0.0000 	 2.4264 	 0.0193 
22.0000 	 1.4117 	 2.3036 	 2.3156 	 9.9854 	 2.4535 	 0.0000 	 2.7146 	 834.8430 	 22.0000 	 0.1442 	 2.8360 	 0.8527 	 0.1987 	 -2.9268 	 0.0000 	 1.8459 	 0.0052 
8.0000 	 0.7406 	 1.1976 	 5.1085 	 6.6752 	 2.3319 	 0.0000 	 2.4024 	 842.3622 	 8.0000 	 2.9611 	 3.3862 	 3.7437 	 1.9000 	 -1.7929 	 0.0000 	 2.0349 	 0.0296 
15.0000 	 1.1348 	 1.5264 	 1.6396 	 9.9982 	 0.9282 	 0.0000 	 1.6597 	 833.5237 	 15.0000 	 0.9763 	 6.1340 	 3.8574 	 1.8938 	 -2.1840 	 0.0000 	 1.6380 	 0.0118 
10.0000 	 0.8308 	 2.0465 	 2.2685 	 9.1029 	 2.2300 	 0.0000 	 2.6246 	 839.7026 	 10.0000 	 1.3576 	 1.8293 	 5.6489 	 1.7190 	 -0.6136 	 0.0000 	 0.6549 	 0.0211 
13.0000 	 1.0044 	 1.5647 	 5.8467 	 6.8309 	 2.4900 	 0.0000 	 2.4804 	 838.1443 	 13.0000 	 1.0827 	 2.7017 	 8.3675 	 1.2993 	 -0.9278 	 0.0000 	 2.8582 	 0.0110 
40.0000 	 2.0691 	 1.3254 	 1.7033 	 9.9991 	 0.6964 	 0.0000 	 1.4068 	 830.8548 	 40.0000 	 0.7862 	 2.4231 	 3.9465 	 1.1331 	 2.9155 	 0.0000 	 1.6772 	 0.0053 
19.0000 	 1.3328 	 1.3914 	 1.6188 	 9.9992 	 0.7332 	 0.0000 	 1.3499 	 832.0854 	 19.0000 	 2.1766 	 5.7161 	 3.8123 	 2.3165 	 2.5078 	 0.0000 	 2.4291 	 0.0074 
7.0000 	 0.6596 	 1.2509 	 8.6916 	 6.5227 	 2.5021 	 0.0000 	 2.4893 	 844.1087 	 7.0000 	 1.2683 	 8.5211 	 0.9949 	 2.9226 	 -2.6496 	 0.0000 	 2.1591 	 0.0334 
7.0000 	 0.6591 	 1.3220 	 4.9253 	 3.7353 	 3.2450 	 0.0000 	 3.5553 	 850.6091 	 7.0000 	 0.0496 	 1.0979 	 0.1482 	 0.0505 	 -2.5078 	 0.0000 	 1.5902 	 0.0213 
11.0000 	 0.9098 	 1.7077 	 1.8346 	 9.7160 	 1.4275 	 0.0000 	 2.0926 	 837.0471 	 11.0000 	 2.9398 	 2.2452 	 1.5181 	 2.8454 	 -1.7644 	 0.0000 	 1.9119 	 0.0198 
13.0000 	 1.0404 	 7.1777 	 0.9816 	 1.6301 	 4.0148 	 0.0000 	 3.9564 	 854.6485 	 13.0000 	 1.8893 	 5.4953 	 9.3538 	 2.5484 	 2.7075 	 0.0000 	 1.8697 	 0.0054 
4.0000 	 0.4316 	 5.1023 	 5.5305 	 2.2982 	 4.2162 	 0.0000 	 3.9479 	 860.2213 	 4.0000 	 1.5089 	 1.1032 	 4.1706 	 1.0988 	 -0.5852 	 0.0000 	 0.8364 	 0.0357 
7.0000 	 0.6230 	 1.4911 	 4.5860 	 4.7151 	 3.0534 	 0.0000 	 3.2532 	 848.8905 	 7.0000 	 0.2344 	 1.5931 	 3.8584 	 1.6054 	 -2.8755 	 0.0000 	 1.0707 	 0.0283 
11.0000 	 1.0079 	 3.2422 	 5.0732 	 6.7266 	 3.9873 	 0.0000 	 3.9853 	 851.5789 	 11.0000 	 0.4473 	 7.4467 	 4.1393 	 2.8423 	 0.5406 	 0.0000 	 2.1605 	 0.0288 
4.0000 	 0.5267 	 4.1943 	 4.1406 	 2.3262 	 3.7412 	 0.0000 	 4.0438 	 858.6632 	 4.0000 	 1.9871 	 7.1033 	 9.7602 	 1.0541 	 -0.5445 	 0.0000 	 2.1076 	 0.7630 
18.0000 	 1.2713 	 1.4833 	 4.0936 	 7.3083 	 2.2538 	 0.0000 	 2.4013 	 835.7255 	 18.0000 	 0.2105 	 8.0045 	 7.0881 	 2.6169 	 0.3417 	 0.0000 	 2.3189 	 0.0087 
10.0000 	 0.8595 	 1.2629 	 3.0078 	 1.9390 	 3.4392 	 0.0000 	 3.8719 	 852.2300 	 10.0000 	 2.0243 	 2.1383 	 1.2378 	 1.5534 	 -1.3745 	 0.0000 	 1.2837 	 0.0105 
2.0000 	 0.2200 	 2.8649 	 5.5331 	 3.4365 	 4.1810 	 0.0000 	 3.8877 	 862.0746 	 2.0000 	 1.6123 	 7.9927 	 7.0411 	 0.6134 	 -1.9744 	 0.0000 	 2.0966 	 0.1121 
5.0000 	 0.4913 	 1.5812 	 2.1646 	 6.8941 	 2.4479 	 0.0000 	 3.1185 	 850.8962 	 5.0000 	 2.7472 	 6.4602 	 9.3167 	 2.4412 	 1.8211 	 0.0000 	 2.8101 	 0.0438 
8.0000 	 0.7731 	 1.0756 	 1.7698 	 9.1234 	 0.9521 	 0.0000 	 0.0000 	 842.9997 	 8.0000 	 2.5967 	 3.7083 	 2.6055 	 2.3292 	 -0.4813 	 0.0000 	 0.4952 	 0.0556 
10.0000 	 0.8534 	 2.0676 	 2.2144 	 9.8453 	 2.2141 	 0.0000 	 2.5440 	 839.4694 	 10.0000 	 0.8876 	 2.8549 	 7.2641 	 2.3065 	 1.3321 	 0.0000 	 0.1619 	 0.0241 
3.0000 	 0.4470 	 8.2878 	 8.6065 	 2.0292 	 4.1627 	 0.0000 	 3.9976 	 861.2696 	 3.0000 	 1.3788 	 6.1765 	 8.2248 	 0.2871 	 0.6510 	 0.0000 	 1.2332 	 0.1373 
7.0000 	 0.6915 	 9.6705 	 9.3175 	 4.1788 	 4.1345 	 0.0000 	 3.9951 	 857.4707 	 7.0000 	 1.2227 	 5.4918 	 2.8839 	 2.7675 	 -1.8663 	 0.0000 	 1.1089 	 0.0335 
2.0000 	 0.3957 	 10.0000 	 3.9779 	 0.1266 	 4.1948 	 0.0000 	 3.9923 	 861.3420 	 2.0000 	 1.2005 	 0.5089 	 5.6764 	 0.5607 	 1.1498 	 0.0000 	 2.1488 	 0.0895 
8.0000 	 0.7335 	 1.3040 	 5.0427 	 6.6700 	 2.3693 	 0.0000 	 2.5474 	 842.4110 	 8.0000 	 1.3523 	 8.9666 	 9.5876 	 0.6182 	 -2.5228 	 0.0000 	 0.5837 	 0.0337 
16.0000 	 1.1685 	 1.5549 	 1.5584 	 9.9998 	 0.8284 	 0.0000 	 1.6093 	 833.2013 	 16.0000 	 1.5502 	 0.0012 	 1.1152 	 2.7037 	 0.9362 	 0.0000 	 0.6494 	 0.0113 
4.0000 	 0.4151 	 9.9999 	 8.2504 	 3.0143 	 4.1406 	 0.0000 	 4.0322 	 860.3367 	 4.0000 	 1.6067 	 7.4192 	 0.8640 	 0.9759 	 2.0476 	 0.0000 	 2.1731 	 0.0358 
4.0000 	 0.3831 	 1.0064 	 3.7033 	 5.4906 	 2.2318 	 0.0000 	 3.0784 	 853.0338 	 4.0000 	 1.4621 	 1.9840 	 6.7332 	 2.6083 	 2.8155 	 0.0000 	 0.4589 	 0.0544 
7.0000 	 0.6268 	 1.3124 	 2.1239 	 5.9528 	 2.0221 	 0.0000 	 2.9233 	 847.4221 	 7.0000 	 1.5590 	 1.3641 	 7.6873 	 0.5301 	 1.7895 	 0.0000 	 2.8436 	 0.0332 
1.0000 	 0.3446 	 0.0002 	 8.9615 	 0.0299 	 4.1431 	 0.0000 	 3.9476 	 860.5759 	 1.0000 	 2.4135 	 9.9677 	 7.7808 	 0.9996 	 -0.2305 	 0.0000 	 0.4351 	 0.1010 
41.0000 	 2.0862 	 9.3437 	 1.2076 	 2.3759 	 4.0826 	 0.0000 	 3.9306 	 853.8116 	 41.0000 	 1.6104 	 9.6917 	 6.4283 	 1.4613 	 2.4514 	 0.0000 	 0.8027 	 0.0015 
39.0000 	 2.0469 	 1.3425 	 1.7163 	 9.9999 	 0.7637 	 0.0000 	 1.4989 	 830.8390 	 39.0000 	 2.3060 	 1.7191 	 6.5124 	 0.0710 	 -2.5254 	 0.0000 	 0.1550 	 0.0028 
41.0000 	 2.1068 	 1.3248 	 1.7195 	 10.0000 	 0.7345 	 0.0000 	 1.5114 	 830.8368 	 41.0000 	 1.4549 	 0.4954 	 9.4902 	 1.6299 	 2.6826 	 0.0000 	 0.1329 	 0.0027 
36.0000 	 1.9799 	 1.2911 	 1.6791 	 10.0000 	 0.6973 	 0.0000 	 1.4686 	 830.8714 	 36.0000 	 1.6917 	 8.6881 	 5.9662 	 1.8336 	 0.4867 	 0.0000 	 2.4944 	 0.0036 
38.0000 	 0.0012 	 3.7069 	 5.6014 	 0.0000 	 4.9413 	 0.0000 	 4.0650 	 1195.8172 	 38.0000 	 2.2465 	 5.0060 	 0.7480 	 0.7868 	 2.4856 	 0.0000 	 0.6621 	 0.0000 
37.0000 	 1.9342 	 1.4685 	 1.7730 	 9.9432 	 0.8341 	 0.0000 	 1.6058 	 831.0672 	 37.0000 	 2.1006 	 7.1621 	 5.4625 	 2.1209 	 -0.1994 	 0.0000 	 0.3558 	 0.0027 
36.0000 	 1.9648 	 1.3175 	 1.7054 	 9.9941 	 0.7231 	 0.0000 	 1.4663 	 830.8541 	 36.0000 	 1.3213 	 8.6352 	 4.5719 	 0.8986 	 2.5869 	 0.0000 	 2.7532 	 0.0032 
34.0000 	 1.9013 	 1.3146 	 1.6919 	 10.0000 	 0.7148 	 0.0000 	 1.4813 	 830.8755 	 34.0000 	 1.5849 	 9.8739 	 4.1768 	 0.7243 	 -1.5523 	 0.0000 	 1.3406 	 0.0033 
35.0000 	 1.8814 	 1.5219 	 1.8021 	 9.8381 	 1.0502 	 0.0000 	 1.7962 	 831.2537 	 35.0000 	 2.1016 	 6.0628 	 7.6008 	 2.0676 	 -2.0084 	 0.0000 	 1.6193 	 0.0032 
31.0000 	 1.7780 	 1.4468 	 1.7191 	 9.9999 	 0.8906 	 0.0000 	 1.6474 	 831.0410 	 31.0000 	 2.1828 	 0.0057 	 7.4148 	 0.3672 	 0.0421 	 0.0000 	 1.1637 	 0.0029 
34.0000 	 1.8974 	 5.8630 	 5.2228 	 2.0696 	 4.1210 	 0.0000 	 3.7139 	 855.2287 	 34.0000 	 2.1092 	 8.5295 	 0.9715 	 0.6610 	 0.3527 	 0.0000 	 2.7901 	 0.0013 
31.0000 	 1.7946 	 1.3383 	 1.6775 	 10.0000 	 0.6891 	 0.0000 	 1.4294 	 830.9306 	 31.0000 	 1.9536 	 3.9414 	 4.7914 	 0.2391 	 0.0302 	 0.0000 	 0.9847 	 0.0029 
32.0000 	 1.8344 	 1.3228 	 1.6813 	 10.0000 	 0.7068 	 0.0000 	 1.4432 	 830.9052 	 32.0000 	 1.3536 	 6.6111 	 5.5552 	 0.3523 	 -2.0975 	 0.0000 	 0.1857 	 0.0027 
29.0000 	 1.7243 	 1.3564 	 1.6788 	 10.0000 	 0.7284 	 0.0000 	 1.4740 	 830.9942 	 29.0000 	 1.8482 	 1.5925 	 8.5553 	 0.0313 	 0.6723 	 0.0000 	 0.3591 	 0.0029 
30.0000 	 1.7651 	 1.3419 	 1.6739 	 10.0000 	 0.7178 	 0.0000 	 1.4637 	 830.9584 	 30.0000 	 1.4787 	 9.3928 	 9.2984 	 2.5355 	 -0.6090 	 0.0000 	 1.1384 	 0.0040 
27.0000 	 1.6765 	 9.2702 	 4.2027 	 0.2585 	 4.1558 	 0.0000 	 3.9250 	 855.1246 	 27.0000 	 1.5072 	 0.6476 	 5.4067 	 2.1454 	 -0.8893 	 0.0000 	 0.4880 	 0.0007 
30.0000 	 1.7487 	 1.3788 	 1.6751 	 10.0000 	 0.7163 	 0.0000 	 1.4690 	 830.9789 	 30.0000 	 2.5493 	 8.5786 	 7.1808 	 0.9803 	 -2.2019 	 0.0000 	 2.0193 	 0.0035 
26.0000 	 1.6130 	 1.3777 	 1.6608 	 10.0000 	 0.7268 	 0.0000 	 1.4839 	 831.1539 	 26.0000 	 1.1695 	 3.7270 	 0.2175 	 1.1702 	 -0.3625 	 0.0000 	 2.3744 	 0.0032 
24.0000 	 1.5229 	 1.4026 	 1.6159 	 9.9999 	 0.7291 	 0.0000 	 1.5234 	 831.4101 	 24.0000 	 2.5122 	 6.6961 	 7.3767 	 0.0473 	 1.2339 	 0.0000 	 2.6100 	 0.0064 
27.0000 	 1.6327 	 1.4280 	 1.6646 	 10.0000 	 0.7704 	 0.0000 	 1.5360 	 831.1329 	 27.0000 	 1.8962 	 2.8593 	 0.5225 	 0.6561 	 -0.2526 	 0.0000 	 2.1656 	 0.0039 
23.0000 	 1.6367 	 8.7256 	 1.4307 	 0.0718 	 3.7969 	 0.0000 	 3.9564 	 855.9189 	 23.0000 	 2.7467 	 6.6700 	 6.0036 	 2.3716 	 0.6958 	 0.0000 	 1.4521 	 0.3064 
21.0000 	 1.4570 	 10.0000 	 7.0630 	 0.3600 	 4.1721 	 0.0000 	 3.9555 	 855.1897 	 21.0000 	 2.5462 	 0.8779 	 6.8153 	 1.7820 	 2.9766 	 0.0000 	 1.4494 	 0.0017 
25.0000 	 1.5725 	 1.3910 	 1.6483 	 10.0000 	 0.6999 	 0.0000 	 1.4932 	 831.2441 	 25.0000 	 0.9935 	 1.0751 	 0.8612 	 0.3592 	 0.6729 	 0.0000 	 0.1999 	 0.0044 
