50.0000 	 0.0047 	 0.5751 	 4.1050 	 -4.9326 	 0.0000 	 2.3854 	 1119.6687 	 50.0000 	 1.6438 	 0.5203 	 -9.2285 	 1.1646 	 0.0000 	 2.0332 	 0.0000 
49.0000 	 2.2164 	 0.0080 	 4.2474 	 4.6788 	 0.0000 	 2.4559 	 834.3319 	 49.0000 	 1.9304 	 7.4856 	 0.1623 	 1.5791 	 0.0000 	 1.2525 	 0.0051 
50.0000 	 2.7610 	 5.2523 	 7.1221 	 0.8171 	 0.0000 	 0.0000 	 846.1785 	 50.0000 	 0.2519 	 8.6552 	 2.1074 	 -3.8170 	 0.0000 	 1.1756 	 0.0294 
50.0000 	 2.6176 	 5.1825 	 6.5561 	 0.9263 	 0.0000 	 0.0005 	 847.3897 	 50.0000 	 0.2519 	 8.6552 	 2.1074 	 -3.8170 	 0.0000 	 1.1756 	 0.0302 
50.0000 	 2.2160 	 0.0000 	 4.3884 	 -2.9173 	 0.0000 	 2.5543 	 835.2854 	 50.0000 	 0.0497 	 1.2530 	 9.2216 	 4.6787 	 0.0000 	 1.6096 	 0.0006 
50.0000 	 2.7857 	 7.8827 	 4.6539 	 8.7106 	 0.0000 	 1.7721 	 825.1811 	 50.0000 	 0.6497 	 7.6537 	 5.3462 	 -1.5775 	 0.0000 	 1.7581 	 0.0279 
50.0000 	 2.8734 	 11.0654 	 7.0026 	 2.9665 	 0.0000 	 1.6021 	 826.9277 	 50.0000 	 0.0721 	 8.7886 	 -6.8644 	 1.3939 	 0.0000 	 1.9153 	 0.0150 
48.0000 	 2.8783 	 5.5456 	 7.8893 	 0.7719 	 0.0000 	 0.0148 	 844.5207 	 48.0000 	 0.4651 	 8.3901 	 -1.1732 	 4.0167 	 0.0000 	 1.1656 	 0.0341 
48.0000 	 2.7008 	 5.2029 	 7.1738 	 0.8140 	 0.0000 	 0.1783 	 845.4170 	 48.0000 	 0.3115 	 9.1032 	 -8.5876 	 -1.9040 	 0.0000 	 2.1891 	 0.0292 
49.0000 	 2.2011 	 0.0000 	 4.3898 	 0.4815 	 0.0000 	 2.5558 	 835.2868 	 49.0000 	 1.7932 	 8.8737 	 -0.2960 	 3.0802 	 0.0000 	 2.2896 	 0.0005 
49.0000 	 2.8819 	 12.3421 	 7.2815 	 3.1521 	 0.0000 	 1.6379 	 826.3613 	 49.0000 	 0.0262 	 3.4924 	 -7.4802 	 -0.6470 	 0.0000 	 0.7555 	 0.0178 
48.0000 	 2.8715 	 6.2199 	 8.1360 	 0.8560 	 0.0000 	 0.0002 	 842.9940 	 48.0000 	 2.3963 	 3.3840 	 8.9527 	 0.4521 	 0.0000 	 0.4482 	 0.0269 
48.0000 	 2.1673 	 0.0000 	 4.3891 	 2.7757 	 0.0000 	 2.5549 	 835.2874 	 48.0000 	 1.0949 	 7.7345 	 -6.5312 	 1.5885 	 0.0000 	 1.3296 	 0.0005 
48.0000 	 0.0024 	 4.5152 	 0.9774 	 -1.3917 	 0.0000 	 2.3946 	 1119.6705 	 48.0000 	 1.7616 	 6.9336 	 -8.9329 	 3.9681 	 0.0000 	 1.9938 	 0.0000 
48.0000 	 2.7629 	 10.3487 	 6.1178 	 3.8618 	 0.0000 	 1.6588 	 826.1737 	 48.0000 	 2.3013 	 4.2778 	 8.8062 	 -4.5847 	 0.0000 	 2.7786 	 0.0212 
48.0000 	 2.3874 	 4.5528 	 5.7190 	 0.9501 	 0.0000 	 0.0012 	 851.5355 	 48.0000 	 2.7288 	 8.0239 	 -7.2525 	 4.4839 	 0.0000 	 2.6973 	 0.0319 
47.0000 	 2.1429 	 0.0000 	 4.3869 	 0.4043 	 0.0000 	 2.5550 	 835.2875 	 47.0000 	 0.6370 	 0.7207 	 -2.6062 	 -0.3612 	 0.0000 	 2.1229 	 0.0005 
46.0000 	 2.1234 	 0.0000 	 4.3904 	 2.9094 	 0.0000 	 2.5543 	 835.2878 	 46.0000 	 2.6293 	 8.2683 	 -7.7762 	 4.9892 	 0.0000 	 0.3128 	 0.0006 
48.0000 	 2.1682 	 0.0000 	 4.3837 	 11.9780 	 0.0000 	 2.5501 	 833.7026 	 48.0000 	 1.3770 	 0.8798 	 -5.7481 	 3.1075 	 0.0000 	 0.7479 	 0.0123 
49.0000 	 2.5076 	 4.5422 	 6.0179 	 0.8940 	 0.0000 	 0.0002 	 849.7549 	 49.0000 	 2.8556 	 0.9462 	 -7.5516 	 -3.8586 	 0.0000 	 0.3723 	 0.0404 
47.0000 	 2.5290 	 5.2577 	 6.5185 	 0.9500 	 0.0000 	 0.0000 	 847.3706 	 47.0000 	 2.4001 	 8.6885 	 -2.3476 	 -2.8147 	 0.0000 	 2.6067 	 0.0315 
46.0000 	 2.1187 	 0.0000 	 4.3900 	 -1.6327 	 0.0000 	 2.5545 	 835.2882 	 46.0000 	 2.9204 	 1.7806 	 -9.3495 	 2.2726 	 0.0000 	 1.0912 	 0.0079 
47.0000 	 2.7599 	 14.9808 	 5.7518 	 7.2788 	 0.0000 	 1.7715 	 824.6556 	 47.0000 	 0.9523 	 0.0417 	 -4.8595 	 -3.8472 	 0.0000 	 2.0364 	 0.0182 
46.0000 	 2.1207 	 0.0000 	 4.3896 	 -4.8541 	 0.0000 	 2.5546 	 835.2874 	 46.0000 	 2.4923 	 6.6113 	 -2.5242 	 -4.0120 	 0.0000 	 2.7284 	 0.0006 
46.0000 	 2.5159 	 4.4003 	 6.4267 	 0.7386 	 0.0000 	 0.0110 	 849.7075 	 46.0000 	 1.3144 	 8.1513 	 2.6496 	 4.4669 	 0.0000 	 0.6757 	 0.0305 
47.0000 	 2.9917 	 6.4624 	 8.8895 	 0.8004 	 0.0000 	 0.3446 	 842.0280 	 47.0000 	 2.9775 	 8.1970 	 0.6677 	 1.7773 	 0.0000 	 0.4638 	 0.0313 
47.0000 	 0.0046 	 6.1138 	 0.3902 	 -1.5958 	 0.0000 	 2.4134 	 1119.6881 	 47.0000 	 0.5718 	 7.8548 	 6.7159 	 -2.4711 	 0.0000 	 2.9620 	 0.0002 
46.0000 	 2.1256 	 0.0000 	 4.3864 	 2.5694 	 0.0000 	 2.5569 	 835.2888 	 46.0000 	 2.4661 	 6.8456 	 -3.4716 	 4.6999 	 0.0000 	 1.4813 	 0.0006 
47.0000 	 3.1676 	 9.4035 	 10.5765 	 0.9765 	 0.0000 	 0.0000 	 842.2206 	 47.0000 	 0.6608 	 0.0938 	 -4.8073 	 0.6056 	 0.0000 	 2.5395 	 0.0325 
45.0000 	 2.6840 	 11.5639 	 5.1637 	 8.0802 	 0.0000 	 1.7709 	 824.5237 	 45.0000 	 1.7991 	 0.9356 	 -9.9676 	 -0.4516 	 0.0000 	 0.5101 	 0.0179 
46.0000 	 2.7268 	 9.6040 	 4.4518 	 15.5177 	 0.0000 	 1.8185 	 824.2659 	 46.0000 	 2.3943 	 9.5460 	 6.3489 	 2.0264 	 0.0000 	 0.1000 	 0.0220 
45.0000 	 2.6789 	 12.1423 	 5.1334 	 9.0011 	 0.0000 	 1.7743 	 824.4475 	 45.0000 	 0.4843 	 0.0640 	 7.1405 	 -1.8450 	 0.0000 	 0.9449 	 0.0182 
45.0000 	 2.7207 	 6.6817 	 4.1702 	 22.0533 	 0.0000 	 1.8289 	 824.1096 	 45.0000 	 0.8964 	 0.0534 	 0.6714 	 2.3127 	 0.0000 	 0.6942 	 0.0219 
45.0000 	 2.7340 	 7.1472 	 8.2031 	 0.9775 	 0.0000 	 0.0004 	 843.2144 	 45.0000 	 0.1285 	 0.7127 	 -7.2674 	 -0.0213 	 0.0000 	 0.7159 	 0.3504 
45.0000 	 2.0934 	 0.0000 	 4.3885 	 -1.2449 	 0.0000 	 2.5541 	 835.2893 	 45.0000 	 1.6374 	 8.6982 	 2.3313 	 -1.1551 	 0.0000 	 1.5444 	 0.0006 
45.0000 	 2.0992 	 0.0000 	 4.3871 	 1.4692 	 0.0000 	 2.5596 	 835.2913 	 45.0000 	 0.1866 	 4.1390 	 -3.1881 	 1.5137 	 0.0000 	 1.0936 	 0.0009 
44.0000 	 2.6371 	 11.9243 	 5.6826 	 5.8147 	 0.0000 	 1.6884 	 824.8588 	 44.0000 	 2.3262 	 4.1530 	 -3.5699 	 1.0463 	 0.0000 	 1.2851 	 0.0240 
45.0000 	 2.1201 	 0.0000 	 4.2685 	 10.1611 	 0.0000 	 2.4202 	 833.2656 	 45.0000 	 0.4370 	 6.4368 	 -4.8601 	 4.7262 	 0.0000 	 1.6578 	 0.0027 
43.0000 	 2.0456 	 0.0000 	 4.3874 	 -1.0986 	 0.0000 	 2.5552 	 835.2917 	 43.0000 	 0.5352 	 2.1768 	 -5.8564 	 -3.1428 	 0.0000 	 2.9407 	 0.0012 
44.0000 	 2.7119 	 17.9229 	 5.1295 	 13.8166 	 0.0000 	 1.8076 	 823.9625 	 44.0000 	 2.6469 	 2.7483 	 6.1297 	 -2.3969 	 0.0000 	 1.8683 	 0.0177 
43.0000 	 2.0489 	 0.0000 	 4.3907 	 -0.5575 	 0.0000 	 2.5545 	 835.2927 	 43.0000 	 0.9712 	 2.8337 	 4.3217 	 0.6525 	 0.0000 	 2.6650 	 0.0007 
46.0000 	 2.7808 	 20.9200 	 6.1601 	 8.6846 	 0.0000 	 1.7732 	 824.1940 	 46.0000 	 2.0445 	 9.5153 	 -9.1386 	 -4.1951 	 0.0000 	 1.9225 	 0.0168 
46.0000 	 3.3224 	 7.7252 	 10.5325 	 0.7886 	 0.0000 	 0.0000 	 841.1610 	 46.0000 	 2.3829 	 6.8596 	 -7.8308 	 -4.8148 	 0.0000 	 2.0725 	 0.0657 
43.0000 	 2.0518 	 0.0000 	 4.3870 	 11.5216 	 0.0000 	 2.5702 	 833.8665 	 43.0000 	 2.2891 	 7.9854 	 -3.9940 	 2.3598 	 0.0000 	 1.3087 	 0.0317 
45.0000 	 2.6702 	 8.3396 	 4.5182 	 11.4143 	 0.0000 	 1.7769 	 824.4485 	 45.0000 	 2.5416 	 4.7286 	 8.2054 	 -1.0755 	 0.0000 	 2.4063 	 0.0174 
43.0000 	 2.6286 	 11.6627 	 6.3165 	 4.1627 	 0.0000 	 1.6952 	 825.3104 	 43.0000 	 0.4352 	 7.8025 	 -2.8474 	 -3.9232 	 0.0000 	 0.4768 	 0.0150 
43.0000 	 2.7014 	 14.0712 	 7.1956 	 3.8021 	 0.0000 	 1.6739 	 825.2536 	 43.0000 	 1.7313 	 8.2006 	 -4.2633 	 2.9048 	 0.0000 	 0.7631 	 0.0185 
43.0000 	 0.0024 	 4.5511 	 3.4009 	 -5.2924 	 0.0000 	 2.3452 	 1119.7455 	 43.0000 	 1.5592 	 1.2529 	 -6.1845 	 3.5062 	 0.0000 	 0.0848 	 0.0000 
45.0000 	 2.6959 	 13.1055 	 5.3820 	 7.9446 	 0.0000 	 1.7515 	 824.4602 	 45.0000 	 0.0805 	 6.9313 	 -9.3721 	 -3.3441 	 0.0000 	 1.8385 	 0.0189 
43.0000 	 2.9376 	 6.7900 	 8.6338 	 1.0026 	 0.0000 	 1.3396 	 835.6324 	 43.0000 	 2.9247 	 1.7791 	 0.8963 	 -0.1308 	 0.0000 	 1.4234 	 0.0216 
44.0000 	 2.6132 	 8.3704 	 4.6836 	 9.1840 	 0.0000 	 1.7811 	 824.5462 	 44.0000 	 0.6560 	 9.4507 	 6.5792 	 -4.1143 	 0.0000 	 0.6864 	 0.0178 
43.0000 	 2.0427 	 0.0000 	 4.3894 	 -8.9342 	 0.0000 	 2.5550 	 835.3266 	 43.0000 	 0.9866 	 5.9813 	 5.7580 	 -2.8769 	 0.0000 	 0.7508 	 0.0010 
44.0000 	 2.8107 	 21.5725 	 8.3614 	 4.4676 	 0.0000 	 1.6965 	 824.6101 	 44.0000 	 2.9928 	 7.6036 	 2.3788 	 0.9232 	 0.0000 	 2.4682 	 0.0212 
42.0000 	 2.8967 	 7.7761 	 9.6730 	 0.8927 	 0.0000 	 0.0000 	 840.7395 	 42.0000 	 0.7029 	 9.7126 	 -6.3800 	 -1.2277 	 0.0000 	 2.0202 	 0.0281 
45.0000 	 2.1471 	 0.0066 	 4.2605 	 4.8040 	 0.0000 	 2.4563 	 834.3040 	 45.0000 	 0.0061 	 1.6728 	 7.3037 	 2.1571 	 0.0000 	 1.7360 	 0.0024 
44.0000 	 2.1190 	 0.0029 	 4.2619 	 5.4335 	 0.0000 	 2.4568 	 834.0746 	 44.0000 	 0.7802 	 6.5616 	 -9.2512 	 -1.9105 	 0.0000 	 2.2041 	 0.0059 
44.0000 	 2.5873 	 5.0060 	 7.0796 	 0.8258 	 0.0000 	 0.7965 	 842.4276 	 44.0000 	 2.1972 	 3.6340 	 7.6070 	 -1.3509 	 0.0000 	 1.1517 	 0.0204 
44.0000 	 2.0905 	 0.0051 	 4.2676 	 4.9602 	 0.0000 	 2.4492 	 834.2064 	 44.0000 	 0.3282 	 2.5006 	 -1.3778 	 1.6351 	 0.0000 	 2.7457 	 0.0031 
42.0000 	 2.5462 	 7.3728 	 4.4933 	 10.3910 	 0.0000 	 1.7785 	 824.3104 	 42.0000 	 0.0722 	 9.5110 	 -8.8536 	 3.7018 	 0.0000 	 1.0685 	 0.0170 
44.0000 	 2.2596 	 4.0496 	 5.5191 	 0.8670 	 0.0000 	 0.0000 	 851.9700 	 44.0000 	 0.8070 	 0.8483 	 -2.1843 	 2.6304 	 0.0000 	 1.8803 	 0.0417 
42.0000 	 2.0257 	 0.0000 	 4.3739 	 -4.2396 	 0.0000 	 2.5446 	 835.3065 	 42.0000 	 0.9556 	 8.6683 	 -1.7321 	 -4.9772 	 0.0000 	 2.6898 	 0.0007 
42.0000 	 2.5134 	 7.1826 	 5.7086 	 3.0004 	 0.0000 	 1.6504 	 827.2576 	 42.0000 	 0.5472 	 9.8776 	 -4.8636 	 -2.6615 	 0.0000 	 0.3642 	 0.0182 
42.0000 	 2.0193 	 0.0000 	 4.3915 	 1.0137 	 0.0000 	 2.5547 	 835.2952 	 42.0000 	 1.2180 	 4.9812 	 5.9291 	 -0.3069 	 0.0000 	 0.8009 	 0.0007 
42.0000 	 2.4590 	 4.8353 	 6.7916 	 0.8017 	 0.0000 	 0.0180 	 845.8632 	 42.0000 	 0.8795 	 7.3764 	 -8.9106 	 4.7631 	 0.0000 	 1.3845 	 0.0687 
41.0000 	 1.9886 	 0.0000 	 4.3894 	 -3.6068 	 0.0000 	 2.5523 	 835.2944 	 41.0000 	 1.2366 	 8.1465 	 -9.5024 	 4.2524 	 0.0000 	 1.2640 	 0.0064 
41.0000 	 1.9894 	 0.0000 	 4.3891 	 -2.8235 	 0.0000 	 2.5533 	 835.2978 	 41.0000 	 0.4412 	 0.0958 	 6.9422 	 0.6715 	 0.0000 	 1.6489 	 0.0012 
40.0000 	 2.5397 	 12.8516 	 4.9871 	 10.8893 	 0.0000 	 1.7915 	 823.8329 	 40.0000 	 2.0708 	 4.0739 	 5.1946 	 3.5679 	 0.0000 	 2.5487 	 0.0168 
41.0000 	 2.3420 	 4.3472 	 6.2895 	 0.7897 	 0.0000 	 0.0003 	 848.2427 	 41.0000 	 0.6058 	 9.8355 	 -5.5947 	 -4.7905 	 0.0000 	 2.9398 	 0.0445 
41.0000 	 2.3536 	 5.1817 	 6.4968 	 0.9352 	 0.0000 	 0.0088 	 846.4837 	 41.0000 	 2.8997 	 8.3441 	 -4.6816 	 3.0498 	 0.0000 	 2.8087 	 0.0371 
42.0000 	 2.6179 	 4.8057 	 6.9736 	 0.9058 	 0.0000 	 1.4361 	 838.7533 	 42.0000 	 1.7512 	 5.2110 	 3.7080 	 0.9612 	 0.0000 	 0.4071 	 0.0167 
40.0000 	 1.8895 	 0.0000 	 4.3970 	 -10.9326 	 0.0000 	 2.6076 	 835.2996 	 40.0000 	 2.6693 	 8.8778 	 -1.7072 	 1.9947 	 0.0000 	 2.8330 	 0.2016 
43.0000 	 2.0428 	 0.0057 	 4.3090 	 4.7516 	 0.0000 	 2.4575 	 834.3582 	 43.0000 	 0.6760 	 2.1262 	 -8.0187 	 4.5490 	 0.0000 	 1.0967 	 0.0017 
41.0000 	 2.7481 	 6.0850 	 8.5554 	 0.7758 	 0.0000 	 0.0381 	 842.0489 	 41.0000 	 2.4897 	 9.9932 	 8.6782 	 3.6413 	 0.0000 	 0.8656 	 0.0306 
41.0000 	 2.4614 	 3.9270 	 4.1825 	 10.0739 	 0.0000 	 1.7818 	 824.6885 	 41.0000 	 0.3818 	 4.3588 	 0.5180 	 -4.2334 	 0.0000 	 2.1578 	 0.0163 
39.0000 	 1.9377 	 0.0000 	 4.3891 	 -2.5117 	 0.0000 	 2.5530 	 835.3053 	 39.0000 	 0.3608 	 5.7825 	 9.6963 	 -1.0596 	 0.0000 	 0.1738 	 0.0009 
40.0000 	 2.5890 	 11.7250 	 4.2789 	 30.0000 	 0.0000 	 1.8434 	 823.5450 	 40.0000 	 1.2690 	 9.3470 	 -2.8290 	 -4.5448 	 0.0000 	 1.7856 	 0.0230 
44.0000 	 2.7106 	 16.2885 	 4.9425 	 14.8466 	 0.0000 	 1.8007 	 823.9631 	 44.0000 	 2.0689 	 4.5203 	 -9.5853 	 3.2987 	 0.0000 	 0.4226 	 0.0250 
41.0000 	 2.5195 	 7.5314 	 4.5743 	 9.1705 	 0.0000 	 1.7862 	 824.3824 	 41.0000 	 1.7409 	 8.4723 	 2.4259 	 0.0666 	 0.0000 	 1.2639 	 0.0193 
40.0000 	 1.9682 	 0.0000 	 4.4092 	 1.8106 	 0.0000 	 2.5466 	 835.3129 	 40.0000 	 1.0014 	 6.9936 	 -0.7427 	 2.8717 	 0.0000 	 2.9621 	 0.0083 
40.0000 	 2.7615 	 6.6104 	 8.8733 	 0.7965 	 0.0000 	 0.0000 	 841.2016 	 40.0000 	 1.7682 	 1.2344 	 -8.4565 	 -1.5770 	 0.0000 	 1.6462 	 0.3107 
40.0000 	 2.5908 	 14.4500 	 7.2904 	 3.7467 	 0.0000 	 1.6573 	 824.9934 	 40.0000 	 0.0855 	 6.2631 	 -7.2045 	 0.9273 	 0.0000 	 2.2201 	 0.0171 
38.0000 	 2.4778 	 8.6452 	 4.3472 	 17.3511 	 0.0000 	 1.8069 	 823.5300 	 38.0000 	 2.6320 	 3.2568 	 3.6609 	 3.1938 	 0.0000 	 2.3153 	 0.0178 
38.0000 	 1.9250 	 0.0000 	 4.3726 	 1.9202 	 0.0000 	 2.5559 	 835.2962 	 38.0000 	 2.9656 	 6.5030 	 -9.6117 	 -4.6402 	 0.0000 	 2.2546 	 0.0081 
40.0000 	 1.9586 	 0.0000 	 4.3904 	 -6.8992 	 0.0000 	 2.5500 	 835.3008 	 40.0000 	 1.0480 	 3.1854 	 3.2522 	 -2.0586 	 0.0000 	 1.2459 	 0.0013 
43.0000 	 3.0529 	 20.2698 	 12.3567 	 2.1626 	 0.0000 	 1.5115 	 826.9986 	 43.0000 	 0.2767 	 4.4611 	 -7.1464 	 -2.8722 	 0.0000 	 0.4493 	 0.0176 
38.0000 	 1.9080 	 0.0000 	 4.3890 	 -1.7199 	 0.0000 	 2.5559 	 835.3090 	 38.0000 	 0.9037 	 7.2464 	 8.0471 	 -3.9133 	 0.0000 	 2.7511 	 0.0012 
42.0000 	 2.5502 	 5.2347 	 7.3955 	 0.7798 	 0.0000 	 0.0000 	 844.2803 	 42.0000 	 0.3082 	 5.5551 	 -1.3365 	 -4.3421 	 0.0000 	 1.3404 	 0.0748 
41.0000 	 2.5166 	 6.9837 	 4.4870 	 9.9337 	 0.0000 	 1.7978 	 824.3578 	 41.0000 	 1.8935 	 3.1001 	 -2.2260 	 1.1091 	 0.0000 	 2.3062 	 0.0159 
41.0000 	 2.0236 	 0.0052 	 4.2534 	 5.3847 	 0.0000 	 2.4469 	 834.1938 	 41.0000 	 1.4759 	 4.9652 	 -2.0416 	 -4.8463 	 0.0000 	 2.5109 	 0.0032 
39.0000 	 1.9442 	 0.0000 	 4.3918 	 -5.0064 	 0.0000 	 2.5554 	 835.3080 	 39.0000 	 1.2435 	 4.6308 	 6.4609 	 2.6889 	 0.0000 	 0.4627 	 0.0022 
38.0000 	 2.4683 	 13.2220 	 5.6656 	 6.7139 	 0.0000 	 1.7550 	 823.9993 	 38.0000 	 1.6019 	 6.7644 	 -8.9009 	 4.8425 	 0.0000 	 1.3845 	 0.0201 
37.0000 	 2.4867 	 5.7373 	 7.9785 	 0.8252 	 0.0000 	 0.0025 	 842.8254 	 37.0000 	 2.7819 	 8.5589 	 2.0360 	 -4.0683 	 0.0000 	 1.3108 	 0.1762 
39.0000 	 2.5455 	 8.4871 	 4.1925 	 27.1360 	 0.0000 	 1.8520 	 823.5378 	 39.0000 	 1.4967 	 4.5637 	 -6.0775 	 3.0231 	 0.0000 	 1.7061 	 0.0194 
42.0000 	 2.0147 	 0.0000 	 4.3882 	 0.4002 	 0.0000 	 2.5553 	 835.2950 	 42.0000 	 1.3492 	 6.8538 	 3.0826 	 -4.1906 	 0.0000 	 2.8753 	 0.0006 
40.0000 	 0.0125 	 3.8264 	 1.7163 	 -1.5272 	 0.0000 	 2.3874 	 1119.6687 	 40.0000 	 1.4346 	 1.8443 	 8.7501 	 0.9281 	 0.0000 	 1.9645 	 0.0000 
39.0000 	 2.5817 	 6.1827 	 8.1952 	 0.8422 	 0.0000 	 0.0006 	 841.6334 	 39.0000 	 0.6028 	 1.5383 	 -3.5346 	 2.2292 	 0.0000 	 1.5895 	 0.0304 
41.0000 	 1.9945 	 0.0019 	 4.2910 	 5.5418 	 0.0000 	 2.4619 	 834.0407 	 41.0000 	 1.4121 	 7.5216 	 -9.2036 	 3.4888 	 0.0000 	 0.9149 	 0.0026 
37.0000 	 1.8756 	 0.0000 	 4.3898 	 1.2802 	 0.0000 	 2.5552 	 835.3148 	 37.0000 	 1.1828 	 9.4327 	 5.6323 	 3.4664 	 0.0000 	 2.5420 	 0.0008 
38.0000 	 2.5372 	 18.0500 	 6.6206 	 6.1107 	 0.0000 	 1.7103 	 823.9466 	 38.0000 	 2.3468 	 2.1071 	 -5.0771 	 2.8100 	 0.0000 	 2.7734 	 0.0197 
40.0000 	 2.5929 	 19.4701 	 6.4289 	 7.1708 	 0.0000 	 1.7622 	 823.8614 	 40.0000 	 2.7663 	 7.0811 	 -9.8554 	 -0.0443 	 0.0000 	 1.9479 	 0.0185 
38.0000 	 1.9044 	 0.0000 	 4.3885 	 1.1634 	 0.0000 	 2.5560 	 835.3084 	 38.0000 	 0.7703 	 8.9180 	 -0.4802 	 3.6020 	 0.0000 	 1.8944 	 0.0008 
38.0000 	 1.9053 	 0.0000 	 4.3892 	 1.1367 	 0.0000 	 2.5546 	 835.3076 	 38.0000 	 1.8817 	 0.7457 	 3.2262 	 2.3131 	 0.0000 	 2.9566 	 0.0008 
42.0000 	 2.0553 	 0.0000 	 4.3561 	 -12.7079 	 0.0000 	 2.5588 	 835.7481 	 42.0000 	 0.8565 	 4.1987 	 -6.1492 	 4.0583 	 0.0000 	 2.0162 	 0.3466 
38.0000 	 2.6835 	 6.8782 	 8.0729 	 1.2131 	 0.0000 	 1.4829 	 833.0956 	 38.0000 	 1.4713 	 8.8733 	 -3.9823 	 -2.1694 	 0.0000 	 2.8258 	 0.0264 
36.0000 	 2.3722 	 9.5177 	 4.7047 	 10.3161 	 0.0000 	 1.7619 	 823.6592 	 36.0000 	 1.3882 	 6.9008 	 -2.3008 	 1.3811 	 0.0000 	 1.6531 	 0.0194 
36.0000 	 1.8468 	 0.0000 	 4.3854 	 -29.9805 	 0.0000 	 2.5569 	 835.0233 	 36.0000 	 2.5147 	 3.4205 	 2.8344 	 -4.5362 	 0.0000 	 1.2039 	 0.0177 
37.0000 	 1.8742 	 0.0000 	 4.3755 	 -1.2187 	 0.0000 	 2.5475 	 835.3185 	 37.0000 	 1.7812 	 9.7376 	 -0.2062 	 -1.9676 	 0.0000 	 0.9974 	 0.0021 
36.0000 	 1.8441 	 0.0000 	 4.3886 	 3.0698 	 0.0000 	 2.5610 	 835.3211 	 36.0000 	 0.5921 	 2.6033 	 4.6914 	 -0.4398 	 0.0000 	 1.0297 	 0.0034 
37.0000 	 2.3888 	 7.5022 	 4.5057 	 10.5240 	 0.0000 	 1.7828 	 823.8273 	 37.0000 	 2.4329 	 7.9978 	 4.3872 	 -3.2977 	 0.0000 	 0.3379 	 0.0177 
39.0000 	 2.1184 	 7.4951 	 5.5664 	 1.7383 	 0.0000 	 0.0001 	 886.1249 	 39.0000 	 2.2248 	 9.5321 	 -2.7368 	 4.7537 	 0.0000 	 0.6667 	 0.2290 
37.0000 	 0.0011 	 4.6614 	 0.1386 	 -1.1402 	 0.0000 	 2.3873 	 1119.6732 	 37.0000 	 0.3624 	 5.3442 	 0.3242 	 0.2926 	 0.0000 	 2.9562 	 0.0000 
37.0000 	 1.8761 	 0.0000 	 4.3879 	 0.8358 	 0.0000 	 2.5560 	 835.3124 	 37.0000 	 1.2012 	 8.8392 	 6.4547 	 -0.6865 	 0.0000 	 1.0235 	 0.0007 
38.0000 	 2.4923 	 6.0024 	 7.8742 	 0.8512 	 0.0000 	 0.0084 	 842.0872 	 38.0000 	 1.4746 	 9.1178 	 -5.3565 	 -0.4751 	 0.0000 	 0.7903 	 0.0282 
38.0000 	 2.4505 	 11.7228 	 5.1718 	 8.0772 	 0.0000 	 1.7704 	 823.9255 	 38.0000 	 1.3130 	 9.2766 	 -0.2985 	 1.3325 	 0.0000 	 1.4903 	 0.0203 
39.0000 	 2.4559 	 6.7414 	 4.4127 	 11.1611 	 0.0000 	 1.7844 	 824.0155 	 39.0000 	 0.7814 	 4.7271 	 1.2089 	 4.9333 	 0.0000 	 2.2558 	 0.0186 
35.0000 	 2.1727 	 4.8522 	 6.4615 	 0.8853 	 0.0000 	 0.0000 	 845.4410 	 35.0000 	 2.2830 	 0.9127 	 -8.5154 	 -0.7001 	 0.0000 	 0.5431 	 0.0297 
40.0000 	 2.4367 	 5.0490 	 7.0865 	 0.8004 	 0.0000 	 0.0000 	 844.5852 	 40.0000 	 1.1312 	 5.9399 	 -1.1610 	 -0.6495 	 0.0000 	 0.9576 	 0.0307 
39.0000 	 2.5640 	 19.6466 	 6.9086 	 6.0563 	 0.0000 	 1.7153 	 823.9479 	 39.0000 	 2.7401 	 0.5700 	 7.5782 	 1.6354 	 0.0000 	 1.8917 	 0.0151 
35.0000 	 1.8258 	 0.0000 	 4.3965 	 0.9137 	 0.0000 	 2.5539 	 835.3260 	 35.0000 	 1.8768 	 9.1964 	 8.3313 	 -1.6925 	 0.0000 	 0.3352 	 0.0010 
37.0000 	 2.6011 	 6.2171 	 8.5894 	 0.7784 	 0.0000 	 0.3518 	 841.3641 	 37.0000 	 0.5614 	 3.5055 	 9.9172 	 1.7830 	 0.0000 	 0.9210 	 0.0274 
35.0000 	 0.0188 	 3.7653 	 0.3689 	 -0.9735 	 0.0000 	 2.3844 	 1119.6932 	 35.0000 	 1.6392 	 1.5373 	 -7.3336 	 -4.8644 	 0.0000 	 2.6611 	 0.0000 
37.0000 	 1.8794 	 0.0000 	 4.3894 	 -10.4785 	 0.0000 	 2.5553 	 835.3019 	 37.0000 	 1.7670 	 9.1919 	 -1.1616 	 -2.5350 	 0.0000 	 0.5099 	 0.0012 
34.0000 	 1.7903 	 0.0000 	 4.3899 	 0.6067 	 0.0000 	 2.5548 	 835.3324 	 34.0000 	 0.3777 	 9.3900 	 -9.3315 	 4.7947 	 0.0000 	 1.2829 	 0.0009 
35.0000 	 2.6120 	 6.2661 	 9.0093 	 0.7485 	 0.0000 	 0.0000 	 840.9896 	 35.0000 	 2.8630 	 8.8905 	 -5.5056 	 -1.3618 	 0.0000 	 0.3284 	 0.0311 
34.0000 	 2.3147 	 5.9005 	 7.6711 	 0.8729 	 0.0000 	 0.0311 	 841.7947 	 34.0000 	 0.5142 	 6.4386 	 9.0429 	 2.3678 	 0.0000 	 0.8125 	 0.0254 
35.0000 	 1.8240 	 0.0000 	 4.3888 	 -22.6714 	 0.0000 	 2.5493 	 835.3273 	 35.0000 	 1.6422 	 9.2097 	 -8.0274 	 -1.1089 	 0.0000 	 1.7476 	 0.0047 
36.0000 	 2.7273 	 7.3225 	 9.5039 	 0.8414 	 0.0000 	 0.0312 	 840.3840 	 36.0000 	 1.4623 	 9.6183 	 -2.2206 	 0.9886 	 0.0000 	 2.2396 	 0.0333 
33.0000 	 0.0097 	 1.0423 	 3.9847 	 -4.3112 	 0.0000 	 2.3834 	 1119.6687 	 33.0000 	 0.8279 	 0.1745 	 -3.2363 	 -4.8027 	 0.0000 	 1.8251 	 0.0000 
34.0000 	 1.7938 	 0.0000 	 4.3900 	 1.1996 	 0.0000 	 2.5546 	 835.3305 	 34.0000 	 1.6672 	 2.1676 	 4.0968 	 3.5015 	 0.0000 	 2.0741 	 0.0010 
32.0000 	 2.2750 	 5.7272 	 4.1124 	 24.1742 	 0.0000 	 1.8274 	 822.9573 	 32.0000 	 2.0312 	 2.2476 	 0.9259 	 2.8384 	 0.0000 	 1.0112 	 0.0210 
34.0000 	 1.7985 	 0.0000 	 4.3932 	 3.5838 	 0.0000 	 2.5563 	 835.3336 	 34.0000 	 0.7890 	 8.1521 	 4.5029 	 4.4086 	 0.0000 	 2.6772 	 0.0014 
33.0000 	 2.2228 	 7.2403 	 4.7860 	 6.6199 	 0.0000 	 1.7494 	 823.9076 	 33.0000 	 1.6422 	 2.0315 	 0.9726 	 2.2016 	 0.0000 	 0.2274 	 0.0163 
32.0000 	 2.2774 	 14.4151 	 5.8582 	 6.7366 	 0.0000 	 1.7503 	 823.3193 	 32.0000 	 0.6011 	 2.7394 	 5.3870 	 -2.0486 	 0.0000 	 0.5586 	 0.0170 
37.0000 	 1.9429 	 3.9749 	 5.5035 	 0.7657 	 0.0000 	 0.1244 	 857.9511 	 37.0000 	 1.9703 	 3.4313 	 5.9456 	 -4.3774 	 0.0000 	 1.6700 	 0.1036 
33.0000 	 2.3272 	 17.0751 	 6.0020 	 7.4771 	 0.0000 	 1.7474 	 823.2585 	 33.0000 	 2.1932 	 9.0550 	 6.7569 	 -2.8964 	 0.0000 	 1.8106 	 0.0178 
34.0000 	 2.0828 	 4.5771 	 6.2692 	 0.8468 	 0.0000 	 0.0544 	 845.8707 	 34.0000 	 0.0665 	 9.2679 	 -3.9000 	 4.1691 	 0.0000 	 2.2246 	 0.0279 
36.0000 	 2.8756 	 16.6612 	 12.1788 	 1.7689 	 0.0000 	 1.4509 	 828.0491 	 36.0000 	 1.6862 	 5.1309 	 -3.2792 	 -4.9316 	 0.0000 	 2.0766 	 0.0232 
31.0000 	 2.2135 	 11.1425 	 6.4429 	 3.7158 	 0.0000 	 1.6512 	 824.3646 	 31.0000 	 2.1875 	 7.0638 	 5.1783 	 -3.7703 	 0.0000 	 0.5727 	 0.0203 
32.0000 	 2.7178 	 7.8794 	 10.4489 	 0.8483 	 0.0000 	 0.8809 	 836.8598 	 32.0000 	 1.9786 	 4.5854 	 -3.6534 	 4.4746 	 0.0000 	 2.0973 	 0.0178 
31.0000 	 2.2862 	 18.9672 	 6.9828 	 5.7496 	 0.0000 	 1.7425 	 823.2487 	 31.0000 	 1.0681 	 4.3677 	 -3.7042 	 -2.1113 	 0.0000 	 0.9175 	 0.0150 
30.0000 	 2.0862 	 5.8456 	 4.5958 	 6.5341 	 0.0000 	 1.7473 	 823.7123 	 30.0000 	 2.1281 	 0.0493 	 -6.8774 	 -0.9318 	 0.0000 	 2.1215 	 0.0173 
31.0000 	 2.2025 	 4.0380 	 4.0839 	 18.7982 	 0.0000 	 1.8113 	 822.9906 	 31.0000 	 2.9001 	 2.5221 	 0.6999 	 1.0445 	 0.0000 	 0.5964 	 0.0214 
29.0000 	 2.4343 	 6.1992 	 9.2464 	 0.7175 	 0.0000 	 0.4591 	 839.8534 	 29.0000 	 1.4286 	 0.9436 	 -6.7903 	 -3.7910 	 0.0000 	 0.1433 	 0.0332 
33.0000 	 2.2974 	 5.6806 	 4.1508 	 19.9545 	 0.0000 	 1.8186 	 823.1069 	 33.0000 	 2.6978 	 0.1616 	 -6.7851 	 -3.1672 	 0.0000 	 1.9904 	 0.0297 
34.0000 	 2.4071 	 5.9438 	 8.1397 	 0.8074 	 0.0000 	 0.0000 	 841.0285 	 34.0000 	 2.9381 	 0.9865 	 -3.2077 	 4.1433 	 0.0000 	 2.2131 	 0.0250 
30.0000 	 1.6589 	 0.0000 	 4.3957 	 -1.8042 	 0.0000 	 2.5565 	 835.3610 	 30.0000 	 0.2261 	 5.4942 	 -1.7992 	 -1.4729 	 0.0000 	 2.7154 	 0.0029 
30.0000 	 1.6666 	 0.0000 	 4.3904 	 2.3193 	 0.0000 	 2.5558 	 835.3709 	 30.0000 	 1.0224 	 1.0023 	 2.9063 	 0.4857 	 0.0000 	 1.7810 	 0.0011 
32.0000 	 2.4400 	 5.8931 	 8.6051 	 0.7408 	 0.0000 	 0.0000 	 840.8233 	 32.0000 	 0.3146 	 7.2873 	 -2.0420 	 2.1262 	 0.0000 	 1.2485 	 0.0456 
30.0000 	 1.6657 	 0.0000 	 4.3885 	 -0.3439 	 0.0000 	 2.5645 	 835.3733 	 30.0000 	 2.3156 	 3.8513 	 -5.2336 	 1.8112 	 0.0000 	 2.5470 	 0.0013 
34.0000 	 2.3348 	 9.7844 	 4.5410 	 13.4488 	 0.0000 	 1.7987 	 823.2789 	 34.0000 	 2.8479 	 7.3837 	 3.2401 	 -3.7101 	 0.0000 	 2.0090 	 0.0242 
31.0000 	 2.5433 	 6.6769 	 9.5584 	 0.7490 	 0.0000 	 0.0000 	 839.8979 	 31.0000 	 2.9436 	 4.0000 	 1.4210 	 -1.0245 	 0.0000 	 1.9053 	 0.0360 
31.0000 	 1.6988 	 0.0000 	 4.3917 	 -2.9654 	 0.0000 	 2.5569 	 835.3592 	 31.0000 	 1.0885 	 6.2223 	 -3.0267 	 4.9085 	 0.0000 	 2.6824 	 0.0022 
34.0000 	 2.3945 	 22.7195 	 6.3655 	 8.7422 	 0.0000 	 1.7872 	 823.1917 	 34.0000 	 2.0556 	 6.6814 	 6.2953 	 -3.2396 	 0.0000 	 1.8265 	 0.0175 
29.0000 	 2.0814 	 3.4187 	 4.0639 	 14.6796 	 0.0000 	 1.8094 	 822.8913 	 29.0000 	 2.0663 	 6.8842 	 -4.1977 	 -2.5229 	 0.0000 	 2.4331 	 0.0217 
36.0000 	 2.4491 	 5.5859 	 7.8823 	 0.7865 	 0.0000 	 0.0001 	 842.0490 	 36.0000 	 2.6220 	 7.9822 	 2.8059 	 -2.1736 	 0.0000 	 1.3410 	 0.0379 
28.0000 	 1.6057 	 0.0000 	 4.3911 	 -9.2951 	 0.0000 	 2.5545 	 835.3964 	 28.0000 	 0.1854 	 1.5245 	 9.7459 	 4.2928 	 0.0000 	 0.7448 	 0.0034 
27.0000 	 2.8022 	 10.2599 	 13.3352 	 0.8182 	 0.0000 	 0.0000 	 838.7474 	 27.0000 	 0.9199 	 1.2380 	 6.9716 	 -2.7584 	 0.0000 	 2.0417 	 0.0497 
29.0000 	 2.4208 	 6.6716 	 9.3413 	 0.7764 	 0.0000 	 0.0000 	 839.1675 	 29.0000 	 1.6237 	 6.3578 	 2.9251 	 1.0959 	 0.0000 	 2.1095 	 0.0592 
29.0000 	 2.0528 	 5.2687 	 4.3929 	 8.2098 	 0.0000 	 1.7645 	 823.2458 	 29.0000 	 1.3177 	 4.8356 	 -2.5743 	 -4.3772 	 0.0000 	 1.9716 	 0.0171 
31.0000 	 2.2730 	 12.0146 	 4.3345 	 28.3076 	 0.0000 	 1.8381 	 822.7385 	 31.0000 	 2.5670 	 2.9704 	 3.9523 	 3.6072 	 0.0000 	 1.1563 	 0.0206 
28.0000 	 2.6863 	 6.1841 	 11.6602 	 0.4211 	 0.0000 	 0.1937 	 860.7103 	 28.0000 	 2.1016 	 1.1217 	 -9.5726 	 -2.0914 	 0.0000 	 1.4309 	 0.3036 
30.0000 	 2.4992 	 7.3504 	 9.9391 	 0.8040 	 0.0000 	 0.0001 	 838.9577 	 30.0000 	 1.5865 	 9.0863 	 -4.5174 	 2.1919 	 0.0000 	 1.0712 	 0.0350 
31.0000 	 2.2833 	 5.8566 	 8.0766 	 0.8026 	 0.0000 	 0.0001 	 840.5239 	 31.0000 	 2.9651 	 2.7058 	 -1.7022 	 -1.9896 	 0.0000 	 0.4327 	 0.0249 
29.0000 	 1.6618 	 0.0055 	 4.3454 	 4.8121 	 0.0000 	 2.5090 	 834.5320 	 29.0000 	 1.0894 	 6.0678 	 9.7730 	 -4.0275 	 0.0000 	 0.6144 	 0.0021 
27.0000 	 2.0335 	 5.7156 	 4.2804 	 12.7594 	 0.0000 	 1.8032 	 822.6127 	 27.0000 	 2.6661 	 2.5564 	 0.4421 	 -4.9421 	 0.0000 	 1.0949 	 0.0227 
33.0000 	 1.7618 	 0.0000 	 4.3934 	 -0.0887 	 0.0000 	 2.5560 	 835.3379 	 33.0000 	 0.4617 	 5.5560 	 2.9334 	 3.7695 	 0.0000 	 0.7425 	 0.0019 
32.0000 	 2.2856 	 18.0582 	 5.1920 	 13.1257 	 0.0000 	 1.8065 	 822.9100 	 32.0000 	 2.9903 	 3.3045 	 3.6468 	 -4.6017 	 0.0000 	 0.3855 	 0.0175 
27.0000 	 2.4823 	 9.0355 	 11.1756 	 0.8771 	 0.0000 	 0.0000 	 838.7023 	 27.0000 	 1.8566 	 9.4521 	 -4.7911 	 1.1147 	 0.0000 	 2.1849 	 0.0272 
32.0000 	 2.2431 	 11.7357 	 5.5886 	 6.1888 	 0.0000 	 1.7410 	 823.5452 	 32.0000 	 2.3906 	 5.0837 	 9.8820 	 -3.2450 	 0.0000 	 2.8889 	 0.0156 
29.0000 	 2.0635 	 4.8734 	 7.1329 	 0.7540 	 0.0000 	 0.0000 	 842.3186 	 29.0000 	 2.4220 	 9.5607 	 4.0476 	 -0.1941 	 0.0000 	 0.0227 	 0.0499 
28.0000 	 2.0158 	 2.7298 	 4.0379 	 12.5574 	 0.0000 	 1.8050 	 822.9447 	 28.0000 	 0.3883 	 8.8563 	 6.3589 	 2.9405 	 0.0000 	 0.2922 	 0.0167 
26.0000 	 2.1915 	 6.6991 	 8.8778 	 0.8351 	 0.0000 	 0.0000 	 838.5361 	 26.0000 	 0.6091 	 6.2810 	 8.4752 	 4.7724 	 0.0000 	 0.3032 	 0.0970 
28.0000 	 1.9834 	 4.7141 	 6.8175 	 0.7737 	 0.0000 	 0.0001 	 842.6233 	 28.0000 	 0.6249 	 2.4384 	 7.5630 	 0.8403 	 0.0000 	 1.1996 	 0.0375 
29.0000 	 2.1784 	 11.4817 	 6.7500 	 3.5050 	 0.0000 	 1.6470 	 824.2589 	 29.0000 	 0.7279 	 7.6981 	 -6.9151 	 -1.0835 	 0.0000 	 0.9010 	 0.0293 
28.0000 	 1.6007 	 0.0000 	 4.3895 	 -1.4806 	 0.0000 	 2.5562 	 835.3991 	 28.0000 	 2.6947 	 2.9057 	 3.0207 	 -1.9224 	 0.0000 	 0.4161 	 0.0016 
25.0000 	 1.5011 	 0.0000 	 4.3917 	 -3.0345 	 0.0000 	 2.5535 	 835.4577 	 25.0000 	 1.0333 	 0.7706 	 5.6881 	 -1.0567 	 0.0000 	 2.5764 	 0.0024 
28.0000 	 2.0933 	 5.0303 	 7.4596 	 0.7362 	 0.0000 	 0.0000 	 841.5706 	 28.0000 	 0.7720 	 1.5894 	 -4.0636 	 1.1450 	 0.0000 	 0.4663 	 0.0374 
25.0000 	 1.4984 	 0.0000 	 4.3876 	 -1.9876 	 0.0000 	 2.5567 	 835.4604 	 25.0000 	 2.1332 	 3.4197 	 1.1030 	 0.2106 	 0.0000 	 0.1817 	 0.0021 
24.0000 	 1.9969 	 16.1382 	 7.3692 	 4.2437 	 0.0000 	 1.6986 	 822.9217 	 24.0000 	 2.4871 	 9.3707 	 8.2158 	 -3.4721 	 0.0000 	 1.8612 	 0.0173 
30.0000 	 2.1269 	 5.9718 	 4.4012 	 10.1436 	 0.0000 	 1.7934 	 823.1333 	 30.0000 	 1.3916 	 2.0886 	 5.2374 	 2.5301 	 0.0000 	 0.2974 	 0.0207 
27.0000 	 2.2527 	 30.8716 	 10.8575 	 4.2218 	 0.0000 	 1.6837 	 823.1373 	 27.0000 	 2.0479 	 3.2648 	 -6.2455 	 -0.7692 	 0.0000 	 1.1144 	 0.0165 
24.0000 	 1.4662 	 0.0000 	 4.3896 	 -3.3498 	 0.0000 	 2.5542 	 835.4866 	 24.0000 	 0.8689 	 7.7329 	 9.1767 	 3.4649 	 0.0000 	 2.0945 	 0.0027 
25.0000 	 1.9546 	 9.7068 	 5.0563 	 7.4004 	 0.0000 	 1.7631 	 822.5569 	 25.0000 	 1.2993 	 2.6553 	 5.1484 	 3.1522 	 0.0000 	 1.8977 	 0.0179 
27.0000 	 1.5658 	 0.0000 	 4.3865 	 -0.7739 	 0.0000 	 2.5535 	 835.4141 	 27.0000 	 1.3914 	 3.1550 	 -7.5266 	 -0.1464 	 0.0000 	 2.9806 	 0.0016 
25.0000 	 2.0053 	 5.8012 	 7.9942 	 0.8056 	 0.0000 	 0.0313 	 839.3766 	 25.0000 	 0.2046 	 7.5392 	 8.4469 	 -2.5784 	 0.0000 	 1.6773 	 0.0407 
29.0000 	 2.5387 	 17.9775 	 12.1147 	 1.9627 	 0.0000 	 1.5096 	 826.6572 	 29.0000 	 1.0064 	 1.0170 	 -3.4902 	 3.9546 	 0.0000 	 1.2986 	 0.0205 
30.0000 	 1.6663 	 0.0000 	 4.3896 	 14.6084 	 0.0000 	 2.5552 	 835.3684 	 30.0000 	 2.9131 	 6.6460 	 0.1810 	 -2.3488 	 0.0000 	 2.7001 	 0.0014 
26.0000 	 1.9323 	 3.9008 	 4.2011 	 9.3638 	 0.0000 	 1.7739 	 822.8657 	 26.0000 	 0.7343 	 5.4643 	 -4.8373 	 -4.9657 	 0.0000 	 0.1231 	 0.0180 
25.0000 	 1.9432 	 5.2340 	 7.4309 	 0.7902 	 0.0000 	 0.0415 	 840.2944 	 25.0000 	 2.6359 	 7.1417 	 -1.0636 	 -4.5059 	 0.0000 	 1.1500 	 0.0295 
22.0000 	 1.7981 	 5.6909 	 4.3391 	 10.4597 	 0.0000 	 1.7834 	 821.9871 	 22.0000 	 1.2294 	 3.4326 	 -3.0845 	 -4.0599 	 0.0000 	 2.4728 	 0.0208 
22.0000 	 1.5908 	 10.5165 	 6.2669 	 2.1691 	 0.0000 	 0.0000 	 913.2285 	 22.0000 	 2.9263 	 9.0945 	 -4.0668 	 -2.4117 	 0.0000 	 0.3041 	 0.1242 
30.0000 	 2.0128 	 4.9630 	 6.5634 	 0.8883 	 0.0000 	 0.0180 	 843.9954 	 30.0000 	 1.7896 	 7.7124 	 0.0311 	 -4.3500 	 0.0000 	 1.0428 	 0.0340 
25.0000 	 2.0086 	 14.7055 	 4.7760 	 15.9430 	 0.0000 	 1.8192 	 822.1191 	 25.0000 	 2.8205 	 4.7705 	 -7.0116 	 1.2272 	 0.0000 	 1.3525 	 0.0168 
22.0000 	 1.8159 	 9.7729 	 5.6432 	 4.8004 	 0.0000 	 1.7017 	 822.6318 	 22.0000 	 2.8597 	 5.5337 	 8.4173 	 2.9555 	 0.0000 	 2.8444 	 0.0214 
25.0000 	 1.9158 	 8.3003 	 5.2322 	 5.2784 	 0.0000 	 1.6847 	 823.1393 	 25.0000 	 1.3796 	 8.2767 	 -9.7590 	 -0.0443 	 0.0000 	 2.9263 	 0.0223 
29.0000 	 1.6377 	 0.0000 	 4.3846 	 -17.6428 	 0.0000 	 2.5564 	 835.6539 	 29.0000 	 1.1455 	 3.6885 	 -4.3555 	 -1.1521 	 0.0000 	 1.9772 	 0.0024 
25.0000 	 2.3365 	 10.8040 	 10.6580 	 1.3035 	 0.0000 	 1.3012 	 829.7951 	 25.0000 	 0.3126 	 0.1294 	 5.9053 	 -1.4150 	 0.0000 	 1.0749 	 0.0185 
28.0000 	 2.0478 	 8.6614 	 5.1308 	 5.9360 	 0.0000 	 1.7312 	 823.1923 	 28.0000 	 0.4081 	 1.6560 	 2.2689 	 0.2958 	 0.0000 	 2.2168 	 0.0409 
24.0000 	 1.9489 	 9.1624 	 4.3176 	 20.1078 	 0.0000 	 1.8145 	 822.0172 	 24.0000 	 0.0577 	 6.5188 	 0.2157 	 1.9530 	 0.0000 	 2.4979 	 0.0171 
21.0000 	 1.8270 	 6.4400 	 4.1202 	 28.5655 	 0.0000 	 1.8462 	 821.6560 	 21.0000 	 0.7175 	 3.4257 	 1.3320 	 -0.6287 	 0.0000 	 0.4025 	 0.0191 
22.0000 	 1.8439 	 8.3923 	 4.4667 	 13.2091 	 0.0000 	 1.7996 	 821.8546 	 22.0000 	 2.3139 	 3.0100 	 0.0049 	 -0.9317 	 0.0000 	 1.5277 	 0.0188 
22.0000 	 1.3884 	 0.0000 	 4.3903 	 -3.5747 	 0.0000 	 2.5550 	 835.5542 	 22.0000 	 0.8417 	 0.8081 	 5.6359 	 -4.2683 	 0.0000 	 1.1125 	 0.0025 
26.0000 	 1.5330 	 0.0000 	 4.3893 	 1.9992 	 0.0000 	 2.5574 	 835.4347 	 26.0000 	 2.3910 	 8.8380 	 -5.2421 	 -4.1561 	 0.0000 	 0.1273 	 0.0016 
24.0000 	 1.9203 	 12.2588 	 5.4185 	 7.2611 	 0.0000 	 1.7719 	 822.2770 	 24.0000 	 2.4426 	 1.9506 	 -8.0409 	 4.6224 	 0.0000 	 1.4613 	 0.0336 
27.0000 	 2.0765 	 15.1071 	 5.2255 	 10.6059 	 0.0000 	 1.7793 	 822.4529 	 27.0000 	 0.3879 	 4.3160 	 -7.0896 	 -1.6345 	 0.0000 	 0.9947 	 0.0144 
24.0000 	 1.9573 	 5.4724 	 7.8822 	 0.7752 	 0.0000 	 0.0005 	 839.5725 	 24.0000 	 0.9322 	 6.6355 	 7.9451 	 -2.2036 	 0.0000 	 2.2238 	 0.0360 
23.0000 	 1.4319 	 0.0000 	 4.3884 	 -9.7498 	 0.0000 	 2.5538 	 835.5231 	 23.0000 	 0.5613 	 6.4002 	 -8.8018 	 -4.7454 	 0.0000 	 2.1870 	 0.0026 
23.0000 	 1.8542 	 5.9285 	 4.3145 	 11.8714 	 0.0000 	 1.8038 	 822.0455 	 23.0000 	 2.9911 	 9.8545 	 -3.0288 	 1.2080 	 0.0000 	 2.9140 	 0.0199 
22.0000 	 1.8090 	 5.3285 	 4.2661 	 11.9576 	 0.0000 	 1.7982 	 821.9312 	 22.0000 	 2.1245 	 2.1038 	 3.7931 	 -4.6567 	 0.0000 	 1.3758 	 0.0180 
22.0000 	 1.6436 	 4.2120 	 6.3063 	 0.7412 	 0.0000 	 0.0000 	 842.8988 	 22.0000 	 1.5280 	 9.0488 	 -6.3814 	 -0.5579 	 0.0000 	 2.4806 	 0.0593 
28.0000 	 1.5974 	 0.0000 	 4.3923 	 -1.1426 	 0.0000 	 2.5536 	 835.3988 	 28.0000 	 2.7516 	 4.4194 	 -8.6123 	 -1.1329 	 0.0000 	 1.1540 	 0.0015 
21.0000 	 1.8587 	 5.1098 	 8.0802 	 0.6580 	 0.0000 	 0.0001 	 840.0321 	 21.0000 	 0.5595 	 4.0734 	 -9.3554 	 3.4406 	 0.0000 	 1.3467 	 0.0347 
19.0000 	 1.2695 	 0.0000 	 4.3896 	 -6.2793 	 0.0000 	 2.5543 	 835.7036 	 19.0000 	 2.6521 	 5.9879 	 -5.8398 	 2.3746 	 0.0000 	 0.1458 	 0.0029 
20.0000 	 1.6094 	 1.4388 	 3.9467 	 9.2968 	 0.0000 	 1.8072 	 822.2722 	 20.0000 	 2.7521 	 2.0763 	 8.6677 	 0.8153 	 0.0000 	 0.3812 	 0.0201 
27.0000 	 1.5628 	 0.0000 	 4.3933 	 -8.7306 	 0.0000 	 2.5633 	 835.3282 	 27.0000 	 1.0327 	 9.6209 	 5.3301 	 -0.3914 	 0.0000 	 1.1514 	 0.0120 
21.0000 	 1.8396 	 13.1393 	 7.2669 	 3.4725 	 0.0000 	 1.6482 	 823.0626 	 21.0000 	 0.0884 	 6.2809 	 -7.9081 	 0.0346 	 0.0000 	 1.2558 	 0.0149 
22.0000 	 1.8170 	 9.7169 	 5.7932 	 4.3745 	 0.0000 	 1.7033 	 822.8301 	 22.0000 	 2.3785 	 8.5716 	 7.5282 	 0.6098 	 0.0000 	 0.4651 	 0.0193 
24.0000 	 1.9286 	 5.0755 	 7.6557 	 0.7180 	 0.0000 	 0.0003 	 840.3428 	 24.0000 	 2.4131 	 3.2174 	 -7.9685 	 -2.2752 	 0.0000 	 2.3185 	 0.0236 
23.0000 	 1.9410 	 10.7658 	 7.4962 	 2.5248 	 0.0000 	 1.5941 	 824.5039 	 23.0000 	 1.3012 	 1.2580 	 0.5780 	 -4.9786 	 0.0000 	 1.3644 	 0.0336 
23.0000 	 1.4257 	 0.0000 	 4.3810 	 -0.5091 	 0.0000 	 2.5558 	 835.5142 	 23.0000 	 1.3648 	 7.3227 	 -4.4971 	 0.0626 	 0.0000 	 1.0550 	 0.0027 
21.0000 	 1.3548 	 0.0000 	 4.3780 	 -4.1222 	 0.0000 	 2.5518 	 835.5967 	 21.0000 	 1.2729 	 7.9654 	 -2.9175 	 4.2449 	 0.0000 	 2.6584 	 0.0028 
21.0000 	 1.8078 	 13.6650 	 6.0859 	 5.6522 	 0.0000 	 1.7176 	 822.1260 	 21.0000 	 1.7855 	 5.3305 	 -9.2527 	 1.3453 	 0.0000 	 1.3733 	 0.0198 
20.0000 	 1.6835 	 2.7466 	 4.0491 	 12.7938 	 0.0000 	 1.8139 	 821.7393 	 20.0000 	 2.3432 	 6.0399 	 6.4617 	 -2.9764 	 0.0000 	 1.1015 	 0.0239 
26.0000 	 1.5322 	 0.0000 	 4.3902 	 -8.6655 	 0.0000 	 2.5563 	 835.4855 	 26.0000 	 2.7916 	 2.6298 	 -0.5631 	 1.7741 	 0.0000 	 2.1870 	 0.0028 
23.0000 	 1.9971 	 5.5802 	 8.4229 	 0.7036 	 0.0000 	 0.0000 	 839.3417 	 23.0000 	 1.0083 	 1.5515 	 1.0427 	 2.8361 	 0.0000 	 0.1945 	 0.0395 
25.0000 	 2.5819 	 11.0367 	 13.2217 	 0.9000 	 0.0000 	 0.0001 	 838.8203 	 25.0000 	 1.2720 	 8.3621 	 8.4478 	 4.1593 	 0.0000 	 0.2741 	 0.0399 
23.0000 	 2.0971 	 12.9985 	 9.8142 	 1.8897 	 0.0000 	 1.5024 	 826.1209 	 23.0000 	 2.7588 	 1.3037 	 -6.5260 	 -3.4055 	 0.0000 	 1.8549 	 0.0191 
19.0000 	 0.0010 	 9.1391 	 2.3863 	 -4.9995 	 0.0000 	 2.3878 	 1119.6692 	 19.0000 	 0.2897 	 6.6301 	 2.1070 	 -4.9844 	 0.0000 	 1.7740 	 0.0000 
20.0000 	 1.7576 	 13.9701 	 5.5679 	 7.7532 	 0.0000 	 1.7637 	 821.7230 	 20.0000 	 1.3636 	 3.5826 	 -9.7445 	 3.0062 	 0.0000 	 2.4573 	 0.0225 
19.0000 	 1.4264 	 3.8779 	 5.6510 	 0.8116 	 0.0000 	 0.0000 	 844.6402 	 19.0000 	 2.9117 	 4.1921 	 4.9723 	 -3.1683 	 0.0000 	 1.2170 	 0.0347 
17.0000 	 1.7290 	 5.6474 	 8.6684 	 0.6977 	 0.0000 	 0.0006 	 837.0863 	 17.0000 	 2.8239 	 9.4685 	 -8.2635 	 0.1982 	 0.0000 	 2.7100 	 0.0346 
21.0000 	 1.9742 	 6.8388 	 9.2853 	 0.7892 	 0.0000 	 0.0003 	 838.0583 	 21.0000 	 1.4373 	 5.3027 	 8.4017 	 -0.8610 	 0.0000 	 1.7279 	 0.0548 
26.0000 	 2.0786 	 16.7175 	 7.3832 	 4.3478 	 0.0000 	 1.6901 	 823.0790 	 26.0000 	 2.9391 	 9.3673 	 7.6621 	 3.7239 	 0.0000 	 2.9781 	 0.0193 
19.0000 	 1.6770 	 10.6062 	 5.6027 	 5.4189 	 0.0000 	 1.7204 	 821.9153 	 19.0000 	 1.7871 	 2.3226 	 -9.5605 	 0.5647 	 0.0000 	 2.2116 	 0.0218 
20.0000 	 1.3351 	 0.0000 	 4.3863 	 0.5539 	 0.0000 	 2.5443 	 835.6915 	 20.0000 	 2.1818 	 7.4243 	 -6.0734 	 2.2468 	 0.0000 	 1.0361 	 0.0032 
19.0000 	 1.6686 	 9.7673 	 5.4721 	 5.4647 	 0.0000 	 1.7370 	 822.0209 	 19.0000 	 0.3189 	 5.4398 	 4.5943 	 3.5385 	 0.0000 	 2.4544 	 0.0164 
19.0000 	 2.1052 	 8.5788 	 11.2707 	 0.8212 	 0.0000 	 0.0000 	 837.0658 	 19.0000 	 1.9042 	 5.5533 	 -6.2769 	 0.9734 	 0.0000 	 2.1491 	 0.0391 
20.0000 	 1.3915 	 3.7318 	 5.2066 	 0.8703 	 0.0000 	 0.0630 	 847.7806 	 20.0000 	 0.6265 	 2.7690 	 0.0625 	 2.2410 	 0.0000 	 2.0475 	 0.1480 
20.0000 	 1.7509 	 12.1875 	 5.9735 	 5.2372 	 0.0000 	 1.7164 	 822.1410 	 20.0000 	 0.7313 	 9.8805 	 -5.4241 	 2.1320 	 0.0000 	 1.9855 	 0.0185 
18.0000 	 1.5582 	 2.5456 	 4.0566 	 10.0009 	 0.0000 	 1.7687 	 821.5838 	 18.0000 	 1.6841 	 8.5601 	 -4.0454 	 -1.9526 	 0.0000 	 2.7116 	 0.0250 
19.0000 	 0.0013 	 1.1729 	 4.0589 	 -7.0553 	 0.0000 	 2.3857 	 1119.6685 	 19.0000 	 2.8245 	 3.3096 	 0.6203 	 -3.1363 	 0.0000 	 2.6583 	 0.0000 
18.0000 	 1.2333 	 0.0000 	 4.3865 	 -18.6055 	 0.0000 	 2.5578 	 835.8044 	 18.0000 	 2.0568 	 3.8080 	 -0.7276 	 -1.3929 	 0.0000 	 0.3815 	 0.0076 
15.0000 	 1.4319 	 3.8308 	 4.1559 	 10.9876 	 0.0000 	 1.7972 	 820.9953 	 15.0000 	 2.7394 	 0.1577 	 3.0841 	 -0.9106 	 0.0000 	 2.4943 	 0.0230 
17.0000 	 1.6401 	 21.1567 	 6.8795 	 6.6939 	 0.0000 	 1.7449 	 821.3564 	 17.0000 	 2.6060 	 8.8191 	 7.7113 	 3.3488 	 0.0000 	 1.6011 	 0.0265 
22.0000 	 1.9047 	 21.7096 	 4.8921 	 21.3516 	 0.0000 	 1.8276 	 821.7728 	 22.0000 	 2.5019 	 1.7110 	 -0.3110 	 0.7157 	 0.0000 	 2.8394 	 0.0192 
14.0000 	 1.0437 	 0.0000 	 4.4064 	 -11.9123 	 0.0000 	 2.5527 	 836.0875 	 14.0000 	 0.8159 	 3.5312 	 -9.3046 	 -0.2253 	 0.0000 	 0.1448 	 0.0162 
19.0000 	 1.7722 	 7.1909 	 9.0152 	 0.8792 	 0.0000 	 0.0001 	 839.1836 	 19.0000 	 2.0021 	 0.6494 	 8.4008 	 0.5843 	 0.0000 	 1.2970 	 0.0464 
18.0000 	 1.5499 	 3.0833 	 4.1341 	 8.5486 	 0.0000 	 1.7836 	 821.6989 	 18.0000 	 1.9220 	 0.9048 	 2.9999 	 -0.2733 	 0.0000 	 2.0934 	 0.0243 
14.0000 	 1.2786 	 1.7920 	 4.0242 	 6.8502 	 0.0000 	 1.7969 	 821.6053 	 14.0000 	 2.3107 	 6.3119 	 -9.3842 	 0.7644 	 0.0000 	 0.3015 	 0.0428 
23.0000 	 1.9648 	 5.7192 	 8.1650 	 0.7758 	 0.0000 	 0.0000 	 838.7582 	 23.0000 	 0.3373 	 4.0835 	 6.4327 	 -3.3717 	 0.0000 	 0.2703 	 0.0336 
13.0000 	 1.6994 	 8.1635 	 11.2963 	 0.7745 	 0.0000 	 0.0000 	 835.2976 	 13.0000 	 2.0282 	 3.2731 	 -4.4053 	 4.3498 	 0.0000 	 1.5374 	 0.0860 
24.0000 	 1.8925 	 6.6551 	 4.4466 	 10.4922 	 0.0000 	 1.7935 	 822.2248 	 24.0000 	 2.6439 	 2.5794 	 -4.8300 	 -1.8428 	 0.0000 	 2.1844 	 0.0194 
17.0000 	 1.5718 	 8.9540 	 5.1561 	 6.3239 	 0.0000 	 1.7616 	 821.5299 	 17.0000 	 1.4225 	 7.7268 	 -6.1805 	 3.0303 	 0.0000 	 2.0673 	 0.0182 
16.0000 	 1.5313 	 10.9892 	 5.1125 	 8.1379 	 0.0000 	 1.7757 	 821.1756 	 16.0000 	 1.0830 	 4.2803 	 7.2636 	 2.8356 	 0.0000 	 2.4149 	 0.0244 
14.0000 	 1.0396 	 0.0000 	 4.3872 	 -0.3384 	 0.0000 	 2.5605 	 836.1851 	 14.0000 	 1.0887 	 2.4065 	 -3.5909 	 -1.1429 	 0.0000 	 0.8832 	 0.0053 
11.0000 	 1.2284 	 11.8273 	 5.3504 	 7.4174 	 0.0000 	 1.7716 	 820.5067 	 11.0000 	 1.3920 	 4.2079 	 6.7320 	 -0.9524 	 0.0000 	 1.6746 	 0.0352 
15.0000 	 1.3978 	 3.1538 	 4.1359 	 8.8895 	 0.0000 	 1.7932 	 821.1279 	 15.0000 	 1.6228 	 4.0242 	 -3.1354 	 -1.2626 	 0.0000 	 2.1630 	 0.0245 
13.0000 	 1.3270 	 5.5365 	 4.3861 	 9.4821 	 0.0000 	 1.7943 	 820.7353 	 13.0000 	 0.9287 	 5.2249 	 2.2855 	 -4.7619 	 0.0000 	 1.2248 	 0.0287 
15.0000 	 1.3842 	 2.2620 	 4.0322 	 9.7271 	 0.0000 	 1.7916 	 821.1830 	 15.0000 	 1.2456 	 5.1731 	 -9.0403 	 3.5327 	 0.0000 	 1.9077 	 0.0252 
17.0000 	 1.5568 	 6.6592 	 4.5645 	 8.5154 	 0.0000 	 1.7801 	 821.3696 	 17.0000 	 1.8422 	 7.6967 	 -8.4496 	 0.7064 	 0.0000 	 2.2337 	 0.0184 
16.0000 	 1.4369 	 2.3688 	 4.0495 	 8.9747 	 0.0000 	 1.8007 	 821.3944 	 16.0000 	 1.6433 	 2.8195 	 0.6365 	 2.8364 	 0.0000 	 2.8853 	 0.0223 
13.0000 	 1.2350 	 1.7593 	 3.9843 	 7.5291 	 0.0000 	 1.7803 	 821.2990 	 13.0000 	 1.7835 	 0.6968 	 -5.1553 	 4.7465 	 0.0000 	 1.7790 	 0.0224 
21.0000 	 1.8423 	 5.6808 	 8.0713 	 0.7813 	 0.0000 	 0.0000 	 838.3382 	 21.0000 	 2.1405 	 4.1669 	 -1.6414 	 3.4309 	 0.0000 	 1.2183 	 0.0266 
16.0000 	 1.1341 	 0.0000 	 4.3924 	 -0.4493 	 0.0000 	 2.5560 	 835.9400 	 16.0000 	 1.5268 	 1.6787 	 -6.7149 	 3.6724 	 0.0000 	 0.2570 	 0.0039 
9.0000 	 1.1378 	 5.4297 	 8.1641 	 0.6934 	 0.0000 	 0.0009 	 834.2846 	 9.0000 	 2.9481 	 8.5100 	 7.9501 	 0.8884 	 0.0000 	 1.0836 	 0.2141 
10.0000 	 1.0268 	 3.9600 	 6.4677 	 0.6731 	 0.0000 	 0.0071 	 837.9504 	 10.0000 	 0.4016 	 0.3726 	 -7.5422 	 -3.0373 	 0.0000 	 1.1473 	 0.0710 
13.0000 	 1.2726 	 4.3060 	 6.7589 	 0.7081 	 0.0000 	 0.1907 	 838.0759 	 13.0000 	 0.7725 	 0.5725 	 -7.3156 	 -2.5789 	 0.0000 	 2.3920 	 0.0432 
9.0000 	 1.0376 	 4.7429 	 4.2862 	 9.7655 	 0.0000 	 1.8142 	 820.4051 	 9.0000 	 2.5278 	 1.7829 	 -0.6931 	 -3.0734 	 0.0000 	 2.3279 	 0.0681 
11.0000 	 1.2600 	 15.8251 	 7.1597 	 4.5075 	 0.0000 	 1.7162 	 821.0047 	 11.0000 	 1.5598 	 1.1435 	 7.9801 	 -3.5760 	 0.0000 	 1.0670 	 0.0666 
12.0000 	 1.2320 	 5.4166 	 4.5896 	 6.2536 	 0.0000 	 1.7514 	 820.9394 	 12.0000 	 1.8513 	 1.4004 	 4.6786 	 2.5049 	 0.0000 	 1.3757 	 0.0324 
11.0000 	 1.1781 	 5.7793 	 4.5338 	 7.2029 	 0.0000 	 1.7622 	 820.6989 	 11.0000 	 0.7275 	 5.8182 	 8.8726 	 -4.3907 	 0.0000 	 1.4878 	 0.0345 
12.0000 	 1.3060 	 14.0197 	 6.1008 	 5.8803 	 0.0000 	 1.7353 	 820.8626 	 12.0000 	 0.6144 	 4.9194 	 -3.3868 	 -3.2611 	 0.0000 	 1.1867 	 0.0460 
14.0000 	 1.4454 	 12.9088 	 7.0500 	 3.6497 	 0.0000 	 1.6892 	 821.8456 	 14.0000 	 2.9638 	 9.9467 	 8.7196 	 1.3968 	 0.0000 	 2.3176 	 0.0334 
20.0000 	 1.6679 	 3.8792 	 4.2147 	 8.9115 	 0.0000 	 1.7795 	 821.9199 	 20.0000 	 0.8220 	 4.5911 	 -4.1191 	 1.3720 	 0.0000 	 1.0062 	 0.0177 
20.0000 	 1.9156 	 6.5771 	 9.1724 	 0.7757 	 0.0000 	 0.0000 	 837.3405 	 20.0000 	 0.7076 	 7.3948 	 -8.4315 	 2.3409 	 0.0000 	 1.3348 	 0.0365 
15.0000 	 1.4672 	 4.9732 	 7.5855 	 0.7184 	 0.0000 	 0.0002 	 837.1399 	 15.0000 	 0.2124 	 3.1603 	 -1.8543 	 -4.8922 	 0.0000 	 1.4157 	 0.0372 
9.0000 	 0.9249 	 3.5127 	 6.0666 	 0.6335 	 0.0000 	 0.0168 	 840.2889 	 9.0000 	 1.4734 	 8.9675 	 -9.6836 	 4.0824 	 0.0000 	 0.5967 	 0.0617 
10.0000 	 0.0011 	 5.1798 	 -0.2325 	 -1.1574 	 0.0000 	 2.3861 	 1119.6969 	 10.0000 	 2.1073 	 2.8179 	 -2.7793 	 -1.2002 	 0.0000 	 2.2947 	 0.0007 
11.0000 	 1.1573 	 5.1557 	 6.4254 	 1.3738 	 0.0000 	 1.3840 	 827.0457 	 11.0000 	 1.6063 	 6.0416 	 -8.9512 	 -0.6918 	 0.0000 	 0.6315 	 0.0524 
16.0000 	 1.5108 	 9.0221 	 5.2848 	 5.6945 	 0.0000 	 1.7151 	 821.4710 	 16.0000 	 0.5626 	 7.1078 	 6.5785 	 -1.2476 	 0.0000 	 0.8386 	 0.0367 
11.0000 	 1.0848 	 4.2664 	 6.2591 	 0.7866 	 0.0000 	 0.0012 	 839.8599 	 11.0000 	 0.0608 	 9.6616 	 8.1101 	 -1.4136 	 0.0000 	 1.2990 	 0.0650 
10.0000 	 1.1019 	 3.5456 	 4.1793 	 10.1656 	 0.0000 	 1.8325 	 820.5407 	 10.0000 	 1.8664 	 5.8919 	 -1.9321 	 -4.8607 	 0.0000 	 0.6080 	 0.0419 
9.0000 	 1.1428 	 13.9636 	 8.5714 	 2.6771 	 0.0000 	 1.6012 	 821.8051 	 9.0000 	 2.0889 	 9.9307 	 -2.1560 	 -3.1612 	 0.0000 	 0.8962 	 0.0811 
15.0000 	 1.4113 	 3.8473 	 4.2066 	 9.0794 	 0.0000 	 1.7757 	 821.0783 	 15.0000 	 2.2019 	 0.6560 	 0.6671 	 -2.4058 	 0.0000 	 2.3805 	 0.0229 
12.0000 	 0.9348 	 0.0000 	 4.3864 	 -19.4903 	 0.0000 	 2.5568 	 839.8310 	 12.0000 	 2.6732 	 3.6064 	 -8.7460 	 -2.0968 	 0.0000 	 2.5200 	 0.7429 
19.0000 	 1.6846 	 10.8372 	 5.2806 	 6.8942 	 0.0000 	 1.7473 	 821.6752 	 19.0000 	 0.4854 	 6.2807 	 -9.3215 	 -2.4411 	 0.0000 	 2.6929 	 0.0240 
12.0000 	 1.2711 	 4.0856 	 7.1188 	 0.5942 	 0.0000 	 0.0339 	 838.4343 	 12.0000 	 0.1035 	 9.2826 	 8.7105 	 -4.5374 	 0.0000 	 0.9656 	 0.1074 
8.0000 	 0.9231 	 3.9838 	 6.9963 	 0.5988 	 0.0000 	 0.0000 	 836.3189 	 8.0000 	 0.2621 	 4.1873 	 -6.3792 	 0.5647 	 0.0000 	 2.7217 	 0.0831 
6.0000 	 0.8028 	 5.9414 	 4.2761 	 14.4418 	 0.0000 	 1.8322 	 820.2323 	 6.0000 	 0.0799 	 2.2492 	 -8.1647 	 4.3258 	 0.0000 	 0.0733 	 0.1017 
17.0000 	 1.4224 	 3.8687 	 6.2647 	 0.6804 	 0.0000 	 0.0000 	 842.0469 	 17.0000 	 0.0269 	 2.0799 	 -8.3076 	 -2.9517 	 0.0000 	 0.7837 	 0.0335 
8.0000 	 1.0246 	 10.7099 	 7.5532 	 2.5391 	 0.0000 	 1.6533 	 821.7269 	 8.0000 	 0.2640 	 8.8667 	 -9.4313 	 4.6153 	 0.0000 	 2.1250 	 0.0919 
10.0000 	 1.0146 	 1.2480 	 3.9325 	 6.9443 	 0.0000 	 1.7547 	 821.4730 	 10.0000 	 0.1662 	 5.8194 	 4.0550 	 -2.7127 	 0.0000 	 0.5161 	 0.0321 
7.0000 	 0.6783 	 0.0000 	 4.4019 	 -11.5646 	 0.0000 	 2.5661 	 839.1067 	 7.0000 	 1.6539 	 4.5139 	 3.4559 	 -4.9290 	 0.0000 	 0.5877 	 0.0275 
7.0000 	 1.1276 	 6.0250 	 10.1486 	 0.6154 	 0.0000 	 0.0144 	 831.3055 	 7.0000 	 2.9678 	 3.1204 	 -1.0754 	 -4.4870 	 0.0000 	 0.2019 	 0.1274 
10.0000 	 1.1832 	 11.2679 	 7.3712 	 2.8288 	 0.0000 	 1.6231 	 821.8841 	 10.0000 	 0.3803 	 5.8818 	 -2.4811 	 -0.4538 	 0.0000 	 0.3123 	 0.0413 
8.0000 	 1.0194 	 5.4902 	 8.3375 	 0.7115 	 0.0000 	 0.0046 	 833.6425 	 8.0000 	 0.5139 	 2.3530 	 -8.2534 	 4.1414 	 0.0000 	 1.4931 	 0.1058 
17.0000 	 1.5790 	 9.4913 	 6.0409 	 3.8240 	 0.0000 	 1.6768 	 822.2777 	 17.0000 	 0.0487 	 1.3478 	 -0.6980 	 0.3715 	 0.0000 	 0.7508 	 0.0267 
4.0000 	 0.6233 	 14.1842 	 8.8537 	 2.6312 	 0.0000 	 1.6694 	 820.5270 	 4.0000 	 2.3948 	 6.6586 	 5.7188 	 -1.8490 	 0.0000 	 1.5393 	 0.1663 
18.0000 	 1.5024 	 1.2594 	 3.9258 	 9.0035 	 0.0000 	 1.7928 	 821.9956 	 18.0000 	 0.5730 	 5.9014 	 -9.0492 	 -3.5906 	 0.0000 	 2.3981 	 0.0169 
12.0000 	 1.2807 	 7.0637 	 6.6637 	 1.9732 	 0.0000 	 1.6011 	 824.1488 	 12.0000 	 2.5414 	 2.4867 	 3.4640 	 -4.5830 	 0.0000 	 0.3968 	 0.0344 
4.0000 	 0.6589 	 4.7525 	 9.0197 	 0.5250 	 0.0000 	 0.5379 	 829.7865 	 4.0000 	 2.2202 	 2.1523 	 1.4339 	 -0.5770 	 0.0000 	 1.3485 	 0.1871 
3.0000 	 0.3365 	 3.2423 	 4.5898 	 4.4966 	 0.0000 	 1.8493 	 826.3284 	 3.0000 	 2.3455 	 8.3328 	 -0.9335 	 -2.6433 	 0.0000 	 1.4627 	 0.1731 
9.0000 	 0.7769 	 0.0000 	 4.4275 	 -1.5561 	 0.0000 	 2.5428 	 837.5924 	 9.0000 	 2.3668 	 8.7438 	 -3.5625 	 -2.1815 	 0.0000 	 2.5302 	 0.0136 
3.0000 	 0.2226 	 7.6737 	 5.3375 	 1.9204 	 0.0000 	 0.0000 	 923.0183 	 3.0000 	 2.4345 	 5.0605 	 -6.2160 	 -1.8482 	 0.0000 	 2.2448 	 0.5923 
10.0000 	 1.1119 	 5.9737 	 4.5267 	 7.7290 	 0.0000 	 1.7700 	 820.5670 	 10.0000 	 1.0430 	 9.1579 	 6.1599 	 3.3912 	 0.0000 	 0.2730 	 0.0389 
6.0000 	 0.7965 	 10.8387 	 5.1687 	 7.9332 	 0.0000 	 1.7830 	 820.3900 	 6.0000 	 0.9236 	 6.0099 	 6.0486 	 3.1892 	 0.0000 	 1.8640 	 0.0839 
18.0000 	 1.6203 	 8.9287 	 4.8814 	 7.9705 	 0.0000 	 1.7665 	 821.4739 	 18.0000 	 2.5065 	 2.3905 	 7.4052 	 1.1181 	 0.0000 	 0.2142 	 0.0197 
7.0000 	 0.8910 	 9.6301 	 4.8305 	 9.7357 	 0.0000 	 1.8083 	 820.2958 	 7.0000 	 2.6084 	 2.2774 	 -0.6886 	 4.9457 	 0.0000 	 2.7895 	 0.1013 
4.0000 	 0.4623 	 10.8554 	 8.8572 	 1.4409 	 0.0000 	 0.0009 	 874.4433 	 4.0000 	 0.3161 	 3.2513 	 -2.3462 	 4.2939 	 0.0000 	 1.9796 	 0.4162 
4.0000 	 0.5324 	 4.1692 	 7.7222 	 0.5418 	 0.0000 	 0.0000 	 832.9791 	 4.0000 	 1.0810 	 5.6381 	 4.8317 	 1.8839 	 0.0000 	 0.3258 	 0.2912 
14.0000 	 1.3643 	 5.4693 	 7.4102 	 0.8332 	 0.0000 	 0.0000 	 838.1641 	 14.0000 	 0.9159 	 3.9571 	 -6.8985 	 2.8089 	 0.0000 	 1.5347 	 0.0861 
8.0000 	 0.9111 	 2.2756 	 4.0926 	 7.6290 	 0.0000 	 1.7819 	 820.9838 	 8.0000 	 1.4535 	 9.5875 	 -5.3620 	 4.0778 	 0.0000 	 1.0913 	 0.0536 
4.0000 	 0.6496 	 4.8677 	 8.9435 	 0.5525 	 0.0000 	 0.0012 	 829.2022 	 4.0000 	 0.3309 	 3.9216 	 8.4839 	 -1.5037 	 0.0000 	 0.0702 	 0.2487 
1.0000 	 0.0664 	 2.7163 	 8.9539 	 -0.1193 	 0.0000 	 0.0000 	 888.6645 	 1.0000 	 2.3943 	 7.3687 	 -4.5901 	 0.0699 	 0.0000 	 0.7652 	 0.4863 
2.0000 	 0.2099 	 2.1777 	 4.1037 	 12.3920 	 0.0000 	 1.8715 	 825.4398 	 2.0000 	 1.8022 	 9.7333 	 4.2420 	 2.5373 	 0.0000 	 1.4527 	 0.2217 
8.0000 	 0.9608 	 4.2417 	 7.3975 	 0.5960 	 0.0000 	 0.0001 	 835.1019 	 8.0000 	 2.5937 	 1.9055 	 9.5563 	 -2.5431 	 0.0000 	 0.9934 	 0.1012 
1.0000 	 0.0322 	 3.3495 	 8.0199 	 -0.0269 	 0.0000 	 0.0003 	 887.4071 	 1.0000 	 2.0720 	 5.8932 	 -2.4707 	 -0.7085 	 0.0000 	 0.8768 	 0.8170 
15.0000 	 0.7654 	 9.4354 	 3.9591 	 -15.4684 	 0.0000 	 2.2512 	 920.4707 	 15.0000 	 2.6551 	 5.7901 	 -8.6181 	 3.3545 	 0.0000 	 2.2354 	 0.0394 
5.0000 	 0.7784 	 5.4806 	 8.9944 	 0.7051 	 0.0000 	 1.1014 	 828.6837 	 5.0000 	 2.3094 	 7.7264 	 6.4289 	 1.6447 	 0.0000 	 0.9557 	 0.1715 
6.0000 	 0.9788 	 4.5748 	 9.1180 	 0.4751 	 0.0000 	 0.0026 	 833.7462 	 6.0000 	 1.3200 	 9.5141 	 -7.4897 	 -3.2309 	 0.0000 	 2.4166 	 0.2161 
6.0000 	 0.7641 	 3.9639 	 7.1727 	 0.5888 	 0.0000 	 0.5626 	 834.3825 	 6.0000 	 0.8872 	 4.9806 	 -0.9975 	 -1.1154 	 0.0000 	 0.6572 	 0.1431 
4.0000 	 0.5340 	 6.8237 	 5.6737 	 3.3535 	 0.0000 	 1.7760 	 822.5296 	 4.0000 	 2.5017 	 5.3284 	 -2.3002 	 -3.1649 	 0.0000 	 2.9300 	 0.1460 
1.0000 	 0.1574 	 0.0000 	 4.1797 	 0.8008 	 0.0000 	 2.4289 	 845.9760 	 1.0000 	 1.7669 	 3.5117 	 1.3580 	 4.1845 	 0.0000 	 0.1325 	 0.1444 
6.0000 	 1.1463 	 7.0807 	 11.8437 	 0.6130 	 0.0000 	 0.0000 	 830.6400 	 6.0000 	 0.9344 	 0.8760 	 -3.4618 	 -0.8199 	 0.0000 	 0.3541 	 0.1682 
2.0000 	 0.1859 	 1.2012 	 4.0396 	 14.9719 	 0.0000 	 1.8714 	 825.7192 	 2.0000 	 0.6572 	 3.5667 	 3.7516 	 4.5941 	 0.0000 	 2.5709 	 0.2394 
13.0000 	 1.2035 	 3.8875 	 6.2620 	 0.6840 	 0.0000 	 0.0000 	 840.0194 	 13.0000 	 2.4931 	 6.6354 	 8.2092 	 2.0576 	 0.0000 	 0.0195 	 0.0304 
5.0000 	 0.6061 	 3.8599 	 6.7824 	 0.5795 	 0.0000 	 0.0000 	 836.6077 	 5.0000 	 2.9245 	 2.0943 	 -5.5586 	 -0.3948 	 0.0000 	 0.5915 	 0.1637 
13.0000 	 1.4999 	 5.6977 	 8.9082 	 0.6758 	 0.0000 	 0.2041 	 835.4610 	 13.0000 	 2.1120 	 2.9362 	 8.0657 	 0.8132 	 0.0000 	 0.7179 	 0.0741 
3.0000 	 0.2998 	 4.7133 	 6.3691 	 0.7959 	 0.0000 	 0.0000 	 850.5023 	 3.0000 	 1.6762 	 2.3176 	 -3.9680 	 4.9803 	 0.0000 	 0.5236 	 0.2763 
5.0000 	 0.7467 	 5.2822 	 8.7823 	 0.6433 	 0.0000 	 0.4049 	 830.0912 	 5.0000 	 2.9954 	 3.2352 	 -5.7068 	 -0.9532 	 0.0000 	 0.8198 	 0.1691 
5.0000 	 0.6766 	 9.2666 	 5.4175 	 5.5739 	 0.0000 	 1.7525 	 820.7760 	 5.0000 	 1.5718 	 7.8644 	 -3.2734 	 0.8808 	 0.0000 	 1.7480 	 0.1075 
2.0000 	 0.2321 	 4.4657 	 8.3720 	 0.5302 	 0.0000 	 0.0000 	 832.8212 	 2.0000 	 0.4597 	 8.3008 	 -6.1869 	 1.9947 	 0.0000 	 1.6794 	 0.2870 
13.0000 	 1.2993 	 6.6195 	 4.9449 	 5.1541 	 0.0000 	 1.7223 	 821.2539 	 13.0000 	 2.6669 	 5.8375 	 9.7445 	 1.7879 	 0.0000 	 0.3994 	 0.0289 
11.0000 	 1.0345 	 0.0597 	 4.5024 	 9.9133 	 0.0000 	 2.2082 	 835.2684 	 11.0000 	 1.9035 	 0.4792 	 3.6723 	 -2.0250 	 0.0000 	 2.3807 	 0.0554 
3.0000 	 0.3746 	 3.7101 	 4.1780 	 10.1500 	 0.0000 	 1.8194 	 823.1093 	 3.0000 	 1.2956 	 9.1578 	 0.0387 	 -1.4511 	 0.0000 	 2.0630 	 0.2483 
15.0000 	 1.0870 	 0.0000 	 4.3942 	 -3.4677 	 0.0000 	 2.5550 	 836.0594 	 15.0000 	 2.5101 	 8.0284 	 -2.7092 	 1.9739 	 0.0000 	 2.4427 	 0.0058 
4.0000 	 0.5685 	 4.1550 	 7.8745 	 0.5342 	 0.0000 	 0.1472 	 832.1469 	 4.0000 	 2.5733 	 9.0206 	 8.5401 	 2.7949 	 0.0000 	 1.2304 	 0.1879 
2.0000 	 0.1930 	 6.8621 	 5.8936 	 2.9382 	 0.0000 	 1.7559 	 826.2964 	 2.0000 	 1.4929 	 3.1059 	 7.0678 	 3.2919 	 0.0000 	 1.7044 	 0.2883 
12.0000 	 0.9362 	 0.0000 	 4.3913 	 1.7506 	 0.0000 	 2.5567 	 836.5307 	 12.0000 	 2.8373 	 1.7563 	 -3.3445 	 -3.1527 	 0.0000 	 2.6413 	 0.0105 
3.0000 	 0.4199 	 5.6934 	 4.3555 	 15.9814 	 0.0000 	 1.7630 	 822.7449 	 3.0000 	 1.6170 	 4.5685 	 -9.6267 	 2.1332 	 0.0000 	 1.5730 	 0.1134 
1.0000 	 0.0849 	 4.1020 	 4.5659 	 16.2401 	 0.0000 	 2.0978 	 838.7189 	 1.0000 	 1.4404 	 3.8804 	 4.5495 	 4.8057 	 0.0000 	 1.8998 	 0.3624 
3.0000 	 0.4584 	 12.7231 	 8.8921 	 2.3623 	 0.0000 	 1.6897 	 821.0684 	 3.0000 	 1.7753 	 0.7677 	 -8.1138 	 2.1027 	 0.0000 	 0.6843 	 0.1964 
1.0000 	 0.6460 	 3.2140 	 4.6554 	 9.6774 	 0.0000 	 2.5681 	 843.5140 	 1.0000 	 2.2261 	 4.8831 	 -3.1207 	 -0.1246 	 0.0000 	 1.6907 	 0.1402 
10.0000 	 1.1626 	 13.4986 	 5.8226 	 6.4488 	 0.0000 	 1.7724 	 820.4704 	 10.0000 	 2.1265 	 2.1730 	 -3.2217 	 -4.1644 	 0.0000 	 1.4992 	 0.0612 
2.0000 	 0.2545 	 4.7697 	 9.0642 	 0.4748 	 0.0000 	 0.1484 	 833.4231 	 2.0000 	 2.6054 	 8.6690 	 -5.8333 	 -1.9693 	 0.0000 	 1.6188 	 0.3259 
11.0000 	 1.1681 	 2.1132 	 4.0300 	 10.8495 	 0.0000 	 1.8030 	 820.6219 	 11.0000 	 0.8061 	 5.3094 	 -0.8506 	 2.8664 	 0.0000 	 2.0772 	 0.0410 
12.0000 	 1.1551 	 3.8560 	 6.3739 	 0.6577 	 0.0000 	 0.0008 	 839.5899 	 12.0000 	 1.8375 	 3.4580 	 -9.1711 	 -0.7390 	 0.0000 	 0.2434 	 0.0583 
10.0000 	 1.1266 	 7.2610 	 6.0020 	 2.7796 	 0.0000 	 1.6803 	 822.3098 	 10.0000 	 0.5190 	 5.7112 	 0.5247 	 -4.7900 	 0.0000 	 0.7853 	 0.0424 
8.0000 	 0.9187 	 2.4209 	 4.0848 	 8.2715 	 0.0000 	 1.7979 	 820.8357 	 8.0000 	 2.9740 	 8.0276 	 5.4885 	 1.8317 	 0.0000 	 2.6827 	 0.0661 
12.0000 	 1.1193 	 0.2516 	 3.7945 	 10.7846 	 0.0000 	 1.7849 	 821.5564 	 12.0000 	 0.0155 	 2.0864 	 -2.8438 	 -2.2843 	 0.0000 	 2.8957 	 0.0226 
7.0000 	 0.7708 	 3.2264 	 5.9937 	 0.5454 	 0.0000 	 0.0002 	 842.3927 	 7.0000 	 2.3443 	 3.3490 	 -6.9784 	 -3.5623 	 0.0000 	 2.9343 	 0.0730 
4.0000 	 0.5231 	 4.6945 	 7.8381 	 0.6312 	 0.0000 	 0.1418 	 832.6076 	 4.0000 	 1.4502 	 4.9477 	 -7.6281 	 3.7048 	 0.0000 	 2.3799 	 0.1808 
10.0000 	 0.8241 	 0.0000 	 4.3923 	 -0.3027 	 0.0000 	 2.5591 	 837.1160 	 10.0000 	 0.7222 	 3.5004 	 6.0167 	 -0.9081 	 0.0000 	 0.3321 	 0.0093 
6.0000 	 0.6906 	 3.5428 	 4.6201 	 3.4096 	 0.0000 	 1.7425 	 823.3432 	 6.0000 	 2.7055 	 3.1812 	 -9.2698 	 -1.6482 	 0.0000 	 0.5186 	 0.0799 
5.0000 	 0.7269 	 6.9977 	 8.0323 	 1.3168 	 0.0000 	 1.4479 	 823.9531 	 5.0000 	 2.9378 	 4.4911 	 -2.1317 	 0.5143 	 0.0000 	 2.9074 	 0.1461 
4.0000 	 0.4398 	 3.4970 	 6.2031 	 0.6031 	 0.0000 	 0.0000 	 841.2409 	 4.0000 	 1.8148 	 6.4860 	 -0.2227 	 0.2149 	 0.0000 	 0.6384 	 0.1731 
5.0000 	 0.7055 	 14.8142 	 7.1872 	 4.1821 	 0.0000 	 1.7504 	 820.3420 	 5.0000 	 2.3711 	 7.4241 	 8.0258 	 3.3029 	 0.0000 	 1.2574 	 0.1279 
1.0000 	 0.1242 	 5.5689 	 8.6943 	 0.9505 	 0.0000 	 2.1205 	 833.7417 	 1.0000 	 0.4934 	 1.5014 	 -0.2116 	 4.0789 	 0.0000 	 1.4195 	 0.3412 
7.0000 	 0.8795 	 6.6144 	 8.2833 	 0.8998 	 0.0000 	 0.0015 	 839.9481 	 7.0000 	 0.2742 	 5.5969 	 0.9576 	 1.3885 	 0.0000 	 2.3397 	 0.1469 
3.0000 	 0.5149 	 14.2085 	 11.7186 	 1.6325 	 0.0000 	 1.5721 	 820.1378 	 3.0000 	 1.7075 	 3.0591 	 8.7905 	 -3.8663 	 0.0000 	 0.3059 	 0.1861 
1.0000 	 0.1594 	 11.4053 	 7.4780 	 3.4718 	 0.0000 	 2.2477 	 839.7595 	 1.0000 	 0.8227 	 2.8628 	 7.7504 	 2.7259 	 0.0000 	 1.6631 	 0.3009 
4.0000 	 0.7298 	 14.1099 	 11.2671 	 1.7462 	 0.0000 	 1.6630 	 820.7152 	 4.0000 	 2.2276 	 7.9543 	 -4.2147 	 3.3757 	 0.0000 	 2.1674 	 0.1589 
2.0000 	 0.2222 	 0.0000 	 4.4336 	 -5.7765 	 0.0000 	 2.5284 	 845.4937 	 2.0000 	 0.0799 	 2.3553 	 6.2357 	 -1.3910 	 0.0000 	 2.7664 	 0.1479 
7.0000 	 0.7693 	 3.4858 	 6.0960 	 0.6125 	 0.0000 	 0.2964 	 839.5906 	 7.0000 	 0.9742 	 5.4948 	 1.8187 	 -1.6889 	 0.0000 	 2.3440 	 0.1294 
1.0000 	 0.3379 	 3.6808 	 12.5068 	 0.0889 	 0.0000 	 0.0000 	 884.4810 	 1.0000 	 1.2818 	 8.8694 	 -5.0144 	 4.4283 	 0.0000 	 0.6192 	 0.9434 
5.0000 	 0.6019 	 2.5600 	 4.1824 	 5.9578 	 0.0000 	 1.7246 	 822.5085 	 5.0000 	 1.7987 	 8.2120 	 0.9003 	 -0.1166 	 0.0000 	 0.0177 	 0.1529 
3.0000 	 0.4651 	 4.6900 	 8.9815 	 0.5060 	 0.0000 	 0.0000 	 829.8831 	 3.0000 	 2.7428 	 9.8004 	 9.8497 	 -0.1425 	 0.0000 	 1.2206 	 0.2107 
2.0000 	 0.2087 	 4.0514 	 7.7150 	 0.4978 	 0.0000 	 0.0001 	 836.4199 	 2.0000 	 2.6219 	 3.8314 	 -3.3800 	 -0.0279 	 0.0000 	 2.0259 	 0.2581 
50.0000 	 0.0010 	 4.0311 	 -0.2821 	 -0.8935 	 0.0000 	 2.3880 	 1119.6862 	 50.0000 	 0.9157 	 6.3180 	 -2.9210 	 -4.9861 	 0.0000 	 2.2526 	 0.0000 
50.0000 	 3.1754 	 6.8312 	 9.1870 	 0.8163 	 0.0000 	 0.0001 	 842.2042 	 50.0000 	 0.7981 	 6.2910 	 8.1122 	 2.8365 	 0.0000 	 2.0027 	 0.0348 
50.0000 	 2.8785 	 14.4260 	 6.5274 	 4.9244 	 0.0000 	 1.7091 	 825.3110 	 50.0000 	 0.1721 	 0.3999 	 -8.7702 	 0.8663 	 0.0000 	 1.9306 	 0.0176 
49.0000 	 2.8686 	 18.2379 	 6.3216 	 6.9440 	 0.0000 	 1.7512 	 824.6020 	 49.0000 	 2.6982 	 6.2623 	 -0.0658 	 2.8491 	 0.0000 	 2.9628 	 0.0197 
49.0000 	 2.7549 	 7.2270 	 4.4503 	 10.7523 	 0.0000 	 1.7860 	 824.9316 	 49.0000 	 0.8588 	 1.3379 	 -8.8879 	 1.6334 	 0.0000 	 2.2164 	 0.0157 
47.0000 	 2.1429 	 0.0000 	 4.4083 	 -8.2059 	 0.0000 	 2.5582 	 835.3669 	 47.0000 	 1.7370 	 0.4420 	 -3.0263 	 -4.0958 	 0.0000 	 2.8727 	 0.0079 
49.0000 	 2.9863 	 10.5337 	 8.3259 	 1.9520 	 0.0000 	 1.5729 	 828.7884 	 49.0000 	 2.6982 	 6.2623 	 -0.0658 	 2.8491 	 0.0000 	 2.9628 	 0.0195 
49.0000 	 3.1712 	 7.3550 	 9.6164 	 0.8411 	 0.0000 	 0.0000 	 841.4496 	 49.0000 	 0.4115 	 7.6396 	 6.2527 	 -4.6428 	 0.0000 	 2.0353 	 0.0195 
47.0000 	 2.7844 	 13.8577 	 4.8491 	 13.7794 	 0.0000 	 1.8059 	 824.2665 	 47.0000 	 1.3889 	 0.1098 	 6.3832 	 -0.2576 	 0.0000 	 1.5248 	 0.0196 
49.0000 	 2.9083 	 6.1545 	 8.1634 	 0.8447 	 0.0000 	 0.0061 	 843.2051 	 49.0000 	 0.4177 	 4.9892 	 9.4795 	 0.1096 	 0.0000 	 1.8795 	 0.0319 
39.0000 	 1.9365 	 0.0000 	 4.3864 	 3.2768 	 0.0000 	 2.5550 	 835.3042 	 39.0000 	 1.4381 	 5.4396 	 2.6512 	 3.8716 	 0.0000 	 1.8576 	 0.0006 
48.0000 	 2.6570 	 4.9539 	 4.3852 	 7.4341 	 0.0000 	 1.7687 	 825.7040 	 48.0000 	 2.6109 	 5.2661 	 2.8660 	 -1.5893 	 0.0000 	 2.2434 	 0.0187 
49.0000 	 2.1948 	 0.0000 	 4.3924 	 -13.2820 	 0.0000 	 2.5536 	 835.4112 	 49.0000 	 2.8252 	 8.8259 	 -3.2889 	 -2.0843 	 0.0000 	 0.5911 	 0.0054 
47.0000 	 2.1281 	 0.0006 	 4.2744 	 6.3006 	 0.0000 	 2.4558 	 833.8511 	 47.0000 	 2.3695 	 8.3407 	 8.8435 	 4.2195 	 0.0000 	 0.2196 	 0.0023 
47.0000 	 2.1479 	 0.0000 	 4.3881 	 -7.5861 	 0.0000 	 2.5544 	 835.3081 	 47.0000 	 1.7730 	 2.2792 	 4.7130 	 -1.8635 	 0.0000 	 2.6630 	 0.0025 
39.0000 	 2.5414 	 10.0496 	 4.2734 	 26.6654 	 0.0000 	 1.8291 	 823.4978 	 39.0000 	 1.6764 	 2.7431 	 -3.5900 	 -3.6864 	 0.0000 	 0.3851 	 0.0206 
44.0000 	 2.5785 	 1.8547 	 3.9364 	 17.5155 	 0.0000 	 1.8160 	 824.6165 	 44.0000 	 0.3428 	 8.8150 	 7.0713 	 1.4310 	 0.0000 	 1.3103 	 0.0177 
36.0000 	 1.8533 	 0.0000 	 4.3887 	 -11.5108 	 0.0000 	 2.5567 	 835.3192 	 36.0000 	 0.4408 	 4.2002 	 -0.1045 	 -2.7048 	 0.0000 	 0.5561 	 0.0014 
36.0000 	 2.2875 	 5.1015 	 6.9865 	 0.8270 	 0.0000 	 0.0189 	 843.7224 	 36.0000 	 2.9423 	 4.0013 	 3.7766 	 -1.2772 	 0.0000 	 0.4676 	 0.0298 
39.0000 	 2.4535 	 10.0452 	 5.8743 	 4.2248 	 0.0000 	 1.6457 	 825.2089 	 39.0000 	 1.9281 	 1.4433 	 0.3414 	 2.7728 	 0.0000 	 0.4262 	 0.0259 
46.0000 	 2.9604 	 6.6735 	 8.9101 	 0.8198 	 0.0000 	 0.0091 	 841.8242 	 46.0000 	 1.9281 	 1.4433 	 0.3414 	 2.7728 	 0.0000 	 0.4262 	 0.0240 
35.0000 	 1.8169 	 0.0000 	 4.3964 	 -1.8781 	 0.0000 	 2.5547 	 835.3254 	 35.0000 	 2.7875 	 2.0274 	 -7.9533 	 4.6562 	 0.0000 	 0.8302 	 0.0013 
34.0000 	 2.4384 	 6.4984 	 8.0713 	 0.9059 	 0.0000 	 0.0207 	 842.6263 	 34.0000 	 2.6616 	 8.6108 	 -6.5691 	 -2.0687 	 0.0000 	 2.9574 	 0.3767 
35.0000 	 1.8196 	 0.0000 	 4.3883 	 -0.8171 	 0.0000 	 2.5552 	 835.3227 	 35.0000 	 0.7389 	 6.9845 	 3.2209 	 2.0637 	 0.0000 	 0.8194 	 0.0011 
37.0000 	 2.5671 	 5.9224 	 8.3014 	 0.7798 	 0.0000 	 0.0000 	 841.6218 	 37.0000 	 2.7907 	 4.7091 	 -0.0550 	 3.9318 	 0.0000 	 1.8340 	 0.0285 
36.0000 	 2.6530 	 6.3877 	 8.5515 	 0.9290 	 0.0000 	 1.2933 	 835.9477 	 36.0000 	 0.4495 	 9.9550 	 6.0329 	 3.7674 	 0.0000 	 2.6912 	 0.0179 
33.0000 	 2.5443 	 7.0598 	 9.3659 	 0.8256 	 0.0000 	 0.0175 	 839.6030 	 33.0000 	 1.7313 	 6.5910 	 -3.8266 	 4.1034 	 0.0000 	 1.7369 	 0.0317 
32.0000 	 2.2465 	 11.2067 	 6.3210 	 3.9757 	 0.0000 	 1.6779 	 824.2853 	 32.0000 	 2.1585 	 7.6206 	 2.7179 	 -4.7709 	 0.0000 	 2.7354 	 0.0199 
33.0000 	 2.3059 	 14.0257 	 5.5551 	 7.7529 	 0.0000 	 1.7663 	 823.3490 	 33.0000 	 2.3216 	 1.7139 	 -0.5533 	 2.0377 	 0.0000 	 0.6839 	 0.0179 
35.0000 	 1.8199 	 0.0000 	 4.3892 	 -6.3336 	 0.0000 	 2.5529 	 835.3258 	 35.0000 	 0.1301 	 4.7408 	 -7.4350 	 -0.6104 	 0.0000 	 0.8971 	 0.0023 
33.0000 	 1.7423 	 3.3105 	 4.5801 	 0.7471 	 0.0000 	 0.0017 	 861.5990 	 33.0000 	 0.8246 	 8.9180 	 8.2567 	 1.8769 	 0.0000 	 2.1272 	 0.0826 
35.0000 	 1.8182 	 0.0000 	 4.3896 	 1.0609 	 0.0000 	 2.5552 	 835.3222 	 35.0000 	 0.2367 	 1.6508 	 -4.7292 	 -0.2634 	 0.0000 	 1.3021 	 0.0009 
31.0000 	 2.2442 	 5.3479 	 7.7786 	 0.7440 	 0.0000 	 0.0071 	 841.7094 	 31.0000 	 2.7838 	 1.1119 	 -6.2072 	 4.4057 	 0.0000 	 1.1632 	 0.0253 
32.0000 	 2.1827 	 3.0670 	 4.0511 	 13.8350 	 0.0000 	 1.8048 	 823.3755 	 32.0000 	 1.5815 	 5.6099 	 2.5677 	 -4.2447 	 0.0000 	 1.2238 	 0.0171 
35.0000 	 2.1241 	 4.8638 	 6.2296 	 0.9245 	 0.0000 	 0.0000 	 846.3334 	 35.0000 	 1.1518 	 0.5016 	 4.8564 	 1.4797 	 0.0000 	 0.3315 	 0.0293 
30.0000 	 2.4254 	 7.8122 	 9.5310 	 0.9007 	 0.0000 	 0.0000 	 840.0397 	 30.0000 	 2.1350 	 4.6638 	 -3.4102 	 0.0911 	 0.0000 	 2.1828 	 0.0334 
32.0000 	 2.2518 	 10.6732 	 4.7005 	 12.0780 	 0.0000 	 1.7922 	 823.0838 	 32.0000 	 2.0718 	 3.4293 	 -3.8111 	 -1.7553 	 0.0000 	 2.7316 	 0.0165 
33.0000 	 1.7543 	 0.0000 	 4.3359 	 -10.7092 	 0.0000 	 2.4961 	 835.4830 	 33.0000 	 2.5580 	 1.6207 	 7.1097 	 -4.4124 	 0.0000 	 2.0883 	 0.0192 
30.0000 	 2.1490 	 6.9680 	 4.4148 	 11.5691 	 0.0000 	 1.7932 	 822.9638 	 30.0000 	 0.8828 	 0.4936 	 -5.7965 	 4.9998 	 0.0000 	 1.4974 	 0.0200 
33.0000 	 2.2850 	 8.8882 	 4.5168 	 13.1924 	 0.0000 	 1.7888 	 823.0969 	 33.0000 	 2.8083 	 1.2531 	 -3.8837 	 0.3161 	 0.0000 	 2.2381 	 0.0451 
28.0000 	 1.6511 	 0.0070 	 4.2547 	 5.1180 	 0.0000 	 2.4241 	 834.2476 	 28.0000 	 2.9250 	 7.9574 	 -5.8801 	 -1.9636 	 0.0000 	 1.7447 	 0.0028 
31.0000 	 2.1678 	 8.2574 	 4.7514 	 8.4693 	 0.0000 	 1.7669 	 823.2617 	 31.0000 	 1.1781 	 8.0059 	 -6.8925 	 2.3132 	 0.0000 	 1.0555 	 0.0324 
27.0000 	 1.9080 	 4.6336 	 6.5923 	 0.8069 	 0.0000 	 0.0000 	 843.0084 	 27.0000 	 0.7673 	 9.0406 	 8.3922 	 -4.3446 	 0.0000 	 0.3128 	 0.0279 
27.0000 	 1.5647 	 0.0000 	 4.3832 	 -12.3427 	 0.0000 	 2.5680 	 835.4245 	 27.0000 	 0.6578 	 3.3063 	 8.1980 	 2.9882 	 0.0000 	 1.1582 	 0.0027 
32.0000 	 2.2601 	 13.5140 	 5.1751 	 9.5697 	 0.0000 	 1.7685 	 823.0761 	 32.0000 	 2.9976 	 6.2997 	 5.0731 	 3.3629 	 0.0000 	 1.5010 	 0.0238 
29.0000 	 2.0312 	 4.8333 	 6.9305 	 0.7828 	 0.0000 	 0.0060 	 842.5293 	 29.0000 	 1.7082 	 5.0971 	 -0.1035 	 -1.5645 	 0.0000 	 0.0898 	 0.0339 
28.0000 	 2.0997 	 10.4754 	 4.7612 	 11.1143 	 0.0000 	 1.7895 	 822.6551 	 28.0000 	 1.0806 	 5.9053 	 -2.8250 	 -3.8921 	 0.0000 	 1.5491 	 0.0172 
26.0000 	 1.8835 	 0.9517 	 3.8802 	 12.5096 	 0.0000 	 1.8115 	 823.0487 	 26.0000 	 0.0449 	 0.5262 	 1.4696 	 4.5383 	 0.0000 	 0.5546 	 0.0204 
24.0000 	 1.9293 	 11.4369 	 6.2028 	 4.2976 	 0.0000 	 1.6930 	 823.0779 	 24.0000 	 1.0417 	 5.5552 	 -1.6839 	 1.5726 	 0.0000 	 1.2437 	 0.0164 
24.0000 	 1.8839 	 4.8689 	 7.1918 	 0.7462 	 0.0000 	 0.1831 	 840.7640 	 24.0000 	 0.6813 	 3.5660 	 -3.5692 	 3.6825 	 0.0000 	 0.2309 	 0.0490 
24.0000 	 1.9442 	 14.1379 	 6.6114 	 4.6341 	 0.0000 	 1.6902 	 822.8173 	 24.0000 	 0.3096 	 2.8997 	 0.7400 	 -1.6947 	 0.0000 	 0.2326 	 0.0163 
27.0000 	 1.5644 	 0.0000 	 4.3887 	 -12.7176 	 0.0000 	 2.5613 	 835.4197 	 27.0000 	 0.3301 	 3.7696 	 8.3580 	 -1.9242 	 0.0000 	 0.9402 	 0.0067 
23.0000 	 1.7950 	 4.0926 	 4.2514 	 8.1097 	 0.0000 	 1.7675 	 822.5063 	 23.0000 	 0.4647 	 5.6169 	 1.1179 	 -2.8836 	 0.0000 	 0.0622 	 0.0190 
25.0000 	 1.9722 	 11.0951 	 5.0581 	 8.6780 	 0.0000 	 1.7770 	 822.3366 	 25.0000 	 2.0929 	 1.2235 	 -5.8776 	 -4.6119 	 0.0000 	 1.9304 	 0.0252 
23.0000 	 1.8655 	 6.0200 	 4.3262 	 10.9767 	 0.0000 	 1.7510 	 822.2756 	 23.0000 	 2.8828 	 4.7491 	 -0.7706 	 -2.8980 	 0.0000 	 2.1095 	 0.0164 
23.0000 	 1.8653 	 10.0464 	 5.3894 	 5.9023 	 0.0000 	 1.7447 	 822.4825 	 23.0000 	 1.5802 	 8.3481 	 3.8641 	 -4.2807 	 0.0000 	 1.1998 	 0.0224 
26.0000 	 1.9825 	 7.2425 	 4.4554 	 11.1119 	 0.0000 	 1.7800 	 822.5193 	 26.0000 	 2.8745 	 5.3963 	 3.1198 	 -3.4336 	 0.0000 	 2.2784 	 0.0183 
26.0000 	 1.5516 	 0.0001 	 4.2485 	 8.3293 	 0.0000 	 2.4018 	 833.5201 	 26.0000 	 1.9255 	 4.8017 	 1.3464 	 1.3416 	 0.0000 	 2.3821 	 0.0030 
18.0000 	 1.2255 	 0.0000 	 4.3920 	 -13.9249 	 0.0000 	 2.5552 	 835.9290 	 18.0000 	 2.1779 	 3.2600 	 0.4729 	 -3.5427 	 0.0000 	 1.3780 	 0.0056 
18.0000 	 1.2304 	 0.0000 	 4.3880 	 -3.2645 	 0.0000 	 2.5392 	 835.6158 	 18.0000 	 2.6340 	 5.6967 	 3.4281 	 -0.6985 	 0.0000 	 0.6006 	 0.0313 
21.0000 	 0.0012 	 3.1002 	 0.8372 	 -0.9121 	 0.0000 	 2.3877 	 1119.6980 	 21.0000 	 1.9950 	 1.8465 	 0.8504 	 -2.3849 	 0.0000 	 2.5399 	 0.0021 
22.0000 	 1.8438 	 5.6170 	 7.8786 	 0.7907 	 0.0000 	 0.0113 	 838.8830 	 22.0000 	 1.4709 	 8.4431 	 1.1037 	 -4.2981 	 0.0000 	 1.0765 	 0.0338 
21.0000 	 1.6330 	 3.9667 	 4.5758 	 4.1622 	 0.0000 	 1.7442 	 823.9016 	 21.0000 	 1.1676 	 9.1226 	 -9.5949 	 2.1603 	 0.0000 	 1.2570 	 0.0202 
17.0000 	 1.2014 	 0.0000 	 4.3833 	 3.6860 	 0.0000 	 2.5641 	 835.8750 	 17.0000 	 0.6026 	 9.9386 	 2.5034 	 4.6048 	 0.0000 	 1.4979 	 0.0054 
18.0000 	 1.5384 	 2.9392 	 4.1447 	 7.7872 	 0.0000 	 1.7702 	 821.8556 	 18.0000 	 0.6702 	 8.0279 	 5.0644 	 -2.6180 	 0.0000 	 0.9879 	 0.0200 
17.0000 	 1.5575 	 7.9443 	 4.8532 	 7.0240 	 0.0000 	 1.7650 	 821.4338 	 17.0000 	 1.4070 	 2.1686 	 5.2647 	 4.6222 	 0.0000 	 1.9877 	 0.0222 
21.0000 	 1.6890 	 4.2926 	 6.5340 	 0.7480 	 0.0000 	 0.5175 	 841.1362 	 21.0000 	 2.6851 	 8.1550 	 1.7330 	 -4.9136 	 0.0000 	 0.4413 	 0.0565 
20.0000 	 1.7036 	 7.0061 	 4.5717 	 8.7935 	 0.0000 	 1.7755 	 821.7036 	 20.0000 	 2.6505 	 1.7970 	 -4.6037 	 0.3171 	 0.0000 	 0.1185 	 0.0212 
18.0000 	 1.6423 	 10.6170 	 6.4176 	 3.6104 	 0.0000 	 1.6695 	 822.5478 	 18.0000 	 2.3729 	 4.8573 	 0.3223 	 -1.5236 	 0.0000 	 0.7930 	 0.0234 
16.0000 	 1.5196 	 7.5126 	 4.5344 	 10.3554 	 0.0000 	 1.7919 	 821.0588 	 16.0000 	 1.9162 	 1.5192 	 -1.6463 	 4.0044 	 0.0000 	 2.1769 	 0.0268 
17.0000 	 1.1434 	 0.0000 	 4.3893 	 -9.9237 	 0.0000 	 2.5988 	 836.0583 	 17.0000 	 0.6141 	 5.0243 	 -8.1939 	 3.7733 	 0.0000 	 0.7680 	 0.0187 
20.0000 	 1.3067 	 0.0000 	 4.3901 	 -3.2712 	 0.0000 	 2.5573 	 835.6446 	 20.0000 	 1.1805 	 9.4216 	 1.4331 	 2.8599 	 0.0000 	 1.5388 	 0.0033 
16.0000 	 1.1346 	 0.0000 	 4.3815 	 -4.4806 	 0.0000 	 2.5536 	 835.9417 	 16.0000 	 0.6463 	 6.4599 	 7.9047 	 -0.7528 	 0.0000 	 2.2626 	 0.0074 
15.0000 	 1.3419 	 1.9496 	 4.0140 	 7.1934 	 0.0000 	 1.7557 	 821.6616 	 15.0000 	 2.6991 	 3.1922 	 -7.4752 	 4.3096 	 0.0000 	 1.8637 	 0.0203 
13.0000 	 1.3105 	 4.4874 	 7.2478 	 0.6664 	 0.0000 	 0.0798 	 837.3822 	 13.0000 	 1.0072 	 0.8955 	 -2.2907 	 2.8962 	 0.0000 	 2.9007 	 0.0358 
16.0000 	 1.5708 	 8.7782 	 4.2436 	 25.1669 	 0.0000 	 1.8317 	 821.0366 	 16.0000 	 0.7134 	 9.5390 	 5.1349 	 -2.2336 	 0.0000 	 2.1808 	 0.0216 
18.0000 	 1.6678 	 6.3395 	 7.2274 	 1.3661 	 0.0000 	 1.3890 	 828.3084 	 18.0000 	 0.9623 	 8.8177 	 -7.8806 	 4.3803 	 0.0000 	 0.9902 	 0.0262 
16.0000 	 1.4186 	 1.5039 	 3.9284 	 8.9703 	 0.0000 	 1.7849 	 821.5790 	 16.0000 	 0.4707 	 0.7433 	 -9.4907 	 -3.4206 	 0.0000 	 0.7796 	 0.0195 
14.0000 	 1.3623 	 4.1284 	 4.2851 	 8.5883 	 0.0000 	 1.7910 	 820.9543 	 14.0000 	 2.8426 	 7.3917 	 -3.5960 	 -3.4647 	 0.0000 	 2.1282 	 0.0261 
13.0000 	 0.9915 	 0.0000 	 4.3959 	 0.0268 	 0.0000 	 2.5586 	 836.3500 	 13.0000 	 1.2767 	 7.4497 	 -0.2820 	 -3.9612 	 0.0000 	 0.3580 	 0.0059 
12.0000 	 1.2206 	 5.3466 	 4.7625 	 4.9224 	 0.0000 	 1.7503 	 821.3398 	 12.0000 	 0.8267 	 9.1625 	 5.2137 	 1.5418 	 0.0000 	 2.7834 	 0.0225 
16.0000 	 1.4702 	 7.1835 	 5.3906 	 3.8153 	 0.0000 	 1.6819 	 822.3213 	 16.0000 	 0.3249 	 0.5152 	 -4.7841 	 3.8203 	 0.0000 	 1.8652 	 0.0194 
14.0000 	 1.5096 	 5.3258 	 8.3278 	 0.6749 	 0.0000 	 0.0000 	 836.4419 	 14.0000 	 2.5545 	 3.5533 	 5.1749 	 -4.9875 	 0.0000 	 0.3180 	 0.0418 
15.0000 	 1.4626 	 6.8066 	 4.4506 	 10.7190 	 0.0000 	 1.8053 	 820.9113 	 15.0000 	 1.5808 	 0.8870 	 3.3905 	 -1.6708 	 0.0000 	 2.5281 	 0.0278 
12.0000 	 1.2237 	 4.9911 	 4.5688 	 5.7330 	 0.0000 	 1.7571 	 821.0384 	 12.0000 	 2.9031 	 1.9033 	 -6.0881 	 -1.0983 	 0.0000 	 1.7966 	 0.0395 
13.0000 	 1.3226 	 4.7393 	 7.3884 	 0.6999 	 0.0000 	 0.0000 	 836.8449 	 13.0000 	 2.9514 	 6.2015 	 7.8423 	 -1.7246 	 0.0000 	 0.6394 	 0.0360 
9.0000 	 0.7442 	 0.0000 	 4.3854 	 -9.9109 	 0.0000 	 2.5470 	 837.5310 	 9.0000 	 1.2847 	 0.2018 	 -5.6355 	 -2.2165 	 0.0000 	 1.1505 	 0.0240 
8.0000 	 0.8827 	 4.1382 	 6.5252 	 0.7058 	 0.0000 	 0.0001 	 837.5326 	 8.0000 	 2.9435 	 4.1315 	 9.9887 	 4.8924 	 0.0000 	 1.2146 	 0.0805 
7.0000 	 0.8844 	 9.2389 	 5.0373 	 7.2334 	 0.0000 	 1.7824 	 820.3532 	 7.0000 	 2.3119 	 8.4920 	 1.9928 	 4.7121 	 0.0000 	 2.7230 	 0.1051 
14.0000 	 1.5364 	 6.0904 	 8.7967 	 0.7495 	 0.0000 	 0.0000 	 835.6994 	 14.0000 	 1.5171 	 3.4071 	 -1.2692 	 -3.8546 	 0.0000 	 1.0571 	 0.0627 
11.0000 	 1.1336 	 4.6846 	 4.6801 	 4.3211 	 0.0000 	 1.7064 	 821.5253 	 11.0000 	 0.3911 	 5.0529 	 -0.3479 	 1.7479 	 0.0000 	 2.3930 	 0.0323 
8.0000 	 0.8583 	 8.8292 	 7.0431 	 1.5390 	 0.0000 	 0.0001 	 882.8770 	 8.0000 	 0.3620 	 9.4298 	 -1.3598 	 4.6413 	 0.0000 	 1.5703 	 0.2162 
10.0000 	 0.9621 	 4.0680 	 6.0169 	 0.7678 	 0.0000 	 0.0020 	 840.6630 	 10.0000 	 2.8949 	 6.9237 	 5.3246 	 0.0582 	 0.0000 	 0.3850 	 0.0921 
16.0000 	 1.5357 	 10.2046 	 6.2130 	 3.8122 	 0.0000 	 1.6667 	 822.1447 	 16.0000 	 1.5738 	 5.5303 	 -9.8821 	 2.0293 	 0.0000 	 1.4946 	 0.0266 
6.0000 	 0.7242 	 3.5174 	 4.4370 	 4.7423 	 0.0000 	 1.7257 	 822.2716 	 6.0000 	 1.7042 	 0.1969 	 0.0889 	 -0.0781 	 0.0000 	 2.2495 	 0.0935 
8.0000 	 0.8656 	 11.2643 	 7.9622 	 1.7103 	 0.0000 	 0.0000 	 892.4074 	 8.0000 	 2.8451 	 0.8266 	 -1.9508 	 -2.3017 	 0.0000 	 2.6411 	 0.3526 
9.0000 	 0.9374 	 3.7402 	 6.3509 	 0.6318 	 0.0000 	 0.0000 	 838.7257 	 9.0000 	 1.9380 	 6.5953 	 -0.5010 	 -4.7242 	 0.0000 	 2.8636 	 0.0650 
5.0000 	 0.6610 	 6.2615 	 5.7273 	 2.8218 	 0.0000 	 1.6980 	 822.6493 	 5.0000 	 0.7166 	 1.5262 	 -7.3541 	 -1.3639 	 0.0000 	 0.2160 	 0.1298 
6.0000 	 0.0055 	 5.4517 	 -0.2282 	 -1.2182 	 0.0000 	 2.3881 	 1119.7551 	 6.0000 	 1.7449 	 5.6076 	 -8.4408 	 1.6671 	 0.0000 	 1.3624 	 0.0000 
2.0000 	 0.2535 	 6.1389 	 9.8661 	 0.6410 	 0.0000 	 0.0000 	 830.0284 	 2.0000 	 2.2884 	 4.0647 	 -5.7713 	 -1.4143 	 0.0000 	 1.5788 	 0.2886 
3.0000 	 0.3146 	 2.3210 	 4.1320 	 3.6844 	 0.0000 	 1.9001 	 830.5867 	 3.0000 	 0.0346 	 1.4786 	 -5.1096 	 -3.8235 	 0.0000 	 0.8339 	 0.1605 
1.0000 	 0.2939 	 0.0000 	 4.4460 	 -9.7127 	 0.0000 	 2.5442 	 843.8173 	 1.0000 	 0.9406 	 7.2978 	 7.4420 	 -2.4151 	 0.0000 	 1.6381 	 0.1916 
7.0000 	 0.8535 	 4.2822 	 7.3984 	 0.6078 	 0.0000 	 0.0019 	 834.7511 	 7.0000 	 0.1842 	 7.6210 	 -8.4120 	 -2.5663 	 0.0000 	 0.3135 	 0.1106 
9.0000 	 1.0532 	 4.1495 	 7.2940 	 0.6094 	 0.0000 	 0.0406 	 836.3190 	 9.0000 	 2.1189 	 9.9777 	 9.4298 	 -1.3475 	 0.0000 	 2.4211 	 0.0745 
14.0000 	 1.5558 	 6.2314 	 8.9431 	 0.7564 	 0.0000 	 0.0000 	 835.8244 	 14.0000 	 2.6693 	 4.4422 	 2.7645 	 -2.7720 	 0.0000 	 1.1893 	 0.0535 
3.0000 	 0.3672 	 3.1380 	 4.2027 	 8.8107 	 0.0000 	 1.8569 	 823.4380 	 3.0000 	 1.1754 	 4.0904 	 -3.1117 	 -2.9550 	 0.0000 	 2.0248 	 0.2090 
5.0000 	 0.6560 	 4.3685 	 4.4719 	 6.6431 	 0.0000 	 1.7783 	 821.7645 	 5.0000 	 2.1369 	 2.6771 	 6.0453 	 2.8752 	 0.0000 	 1.0419 	 0.1103 
8.0000 	 0.9524 	 5.9521 	 4.7876 	 5.9583 	 0.0000 	 1.7954 	 820.9405 	 8.0000 	 2.8013 	 4.8449 	 9.2614 	 -1.2328 	 0.0000 	 1.3996 	 0.0472 
1.0000 	 0.1104 	 6.8042 	 5.7227 	 4.4971 	 0.0000 	 2.4245 	 839.3144 	 1.0000 	 0.2285 	 5.9289 	 0.9749 	 3.9753 	 0.0000 	 2.7095 	 0.5526 
2.0000 	 0.2217 	 19.0244 	 5.6134 	 10.8215 	 0.0000 	 1.9301 	 822.4414 	 2.0000 	 0.1174 	 0.7393 	 -0.3129 	 4.8374 	 0.0000 	 1.6187 	 0.1727 
5.0000 	 0.5607 	 3.8344 	 6.2663 	 0.6730 	 0.0000 	 0.0006 	 839.2992 	 5.0000 	 2.9043 	 6.2506 	 -7.7091 	 -3.5600 	 0.0000 	 0.4897 	 0.1771 
2.0000 	 0.1201 	 4.2527 	 5.9681 	 0.7581 	 0.0000 	 0.0232 	 859.4915 	 2.0000 	 1.2599 	 0.6618 	 -0.3284 	 -2.2862 	 0.0000 	 2.8968 	 0.3099 
11.0000 	 0.9841 	 0.2681 	 3.8235 	 6.5899 	 0.0000 	 1.8436 	 823.5512 	 11.0000 	 1.8467 	 3.2484 	 3.6802 	 3.3779 	 0.0000 	 0.4482 	 0.0308 
9.0000 	 1.0390 	 7.2607 	 5.3635 	 4.2241 	 0.0000 	 1.7543 	 821.1528 	 9.0000 	 2.7013 	 4.1579 	 -1.9168 	 -3.6490 	 0.0000 	 2.5529 	 0.0439 
7.0000 	 0.9391 	 4.4968 	 8.0704 	 0.5658 	 0.0000 	 0.0000 	 833.4817 	 7.0000 	 2.7352 	 8.3559 	 -4.3695 	 2.9174 	 0.0000 	 0.5371 	 0.1159 
6.0000 	 0.5331 	 0.0000 	 4.3839 	 -2.5225 	 0.0000 	 2.5533 	 839.5270 	 6.0000 	 2.5206 	 0.9702 	 4.7139 	 3.0323 	 0.0000 	 0.8038 	 0.0180 
50.0000 	 2.8762 	 17.9114 	 5.3297 	 11.7719 	 0.0000 	 1.8012 	 824.4182 	 50.0000 	 1.9749 	 0.0215 	 -1.8963 	 4.8791 	 0.0000 	 2.7023 	 0.0209 
48.0000 	 2.8808 	 22.8926 	 6.9986 	 6.9014 	 0.0000 	 1.7328 	 824.4384 	 48.0000 	 2.0614 	 0.7085 	 -3.6768 	 3.3433 	 0.0000 	 1.6060 	 0.0165 
46.0000 	 2.9955 	 10.2753 	 9.0732 	 1.6194 	 0.0000 	 1.4211 	 829.8630 	 46.0000 	 1.2248 	 5.0596 	 -7.3804 	 -3.0984 	 0.0000 	 1.8077 	 0.0275 
36.0000 	 0.0019 	 5.8687 	 -0.0084 	 -1.3879 	 0.0000 	 2.3867 	 1119.6698 	 36.0000 	 1.0263 	 4.8141 	 -6.2058 	 -4.8328 	 0.0000 	 1.9388 	 0.0000 
34.0000 	 2.2751 	 7.3760 	 4.6172 	 8.7428 	 0.0000 	 1.7803 	 823.6334 	 34.0000 	 1.6071 	 4.7262 	 -5.9912 	 4.6187 	 0.0000 	 1.5630 	 0.0179 
31.0000 	 2.1667 	 6.5489 	 4.4244 	 10.5006 	 0.0000 	 1.7696 	 823.1775 	 31.0000 	 1.7761 	 5.0102 	 0.1244 	 -4.4551 	 0.0000 	 1.7842 	 0.0185 
26.0000 	 1.7861 	 4.4016 	 6.1024 	 0.8427 	 0.0000 	 0.0069 	 844.4175 	 26.0000 	 0.4772 	 9.8919 	 2.6333 	 0.8572 	 0.0000 	 0.5745 	 0.0280 
26.0000 	 2.0030 	 8.4563 	 4.5361 	 12.0432 	 0.0000 	 1.7901 	 822.4346 	 26.0000 	 0.0930 	 8.5090 	 1.6390 	 3.8769 	 0.0000 	 0.7867 	 0.0198 
19.0000 	 1.7265 	 18.2153 	 5.5848 	 10.1396 	 0.0000 	 1.7779 	 821.4175 	 19.0000 	 2.9917 	 8.6829 	 6.9401 	 -1.9295 	 0.0000 	 2.8795 	 0.0192 
17.0000 	 1.4903 	 4.5601 	 6.8565 	 0.7265 	 0.0000 	 0.0000 	 839.4054 	 17.0000 	 0.0854 	 8.0697 	 -8.7870 	 -4.5957 	 0.0000 	 0.9930 	 0.0320 
15.0000 	 1.3754 	 2.5663 	 4.1293 	 7.3583 	 0.0000 	 1.7941 	 821.5391 	 15.0000 	 0.3160 	 5.9428 	 -7.5640 	 -0.5540 	 0.0000 	 0.3048 	 0.0206 
14.0000 	 1.3553 	 2.4886 	 4.0315 	 10.8208 	 0.0000 	 1.7892 	 820.9336 	 14.0000 	 1.9548 	 4.1636 	 -1.3493 	 0.4085 	 0.0000 	 2.2195 	 0.0252 
11.0000 	 1.1355 	 4.3422 	 6.8465 	 0.6807 	 0.0000 	 0.0000 	 836.6815 	 11.0000 	 1.4302 	 2.0608 	 -8.8837 	 2.8227 	 0.0000 	 2.3845 	 0.1078 
9.0000 	 1.1636 	 5.8748 	 8.7055 	 0.7289 	 0.0000 	 0.0007 	 834.3830 	 9.0000 	 2.5948 	 9.5507 	 -4.9558 	 -1.1050 	 0.0000 	 1.0178 	 0.1037 
7.0000 	 0.8581 	 3.7255 	 4.1877 	 10.1077 	 0.0000 	 1.7855 	 820.6058 	 7.0000 	 1.2636 	 5.4135 	 -5.4139 	 2.6985 	 0.0000 	 1.0730 	 0.0698 
6.0000 	 0.7346 	 1.8841 	 4.0395 	 11.0185 	 0.0000 	 1.7819 	 821.0573 	 6.0000 	 2.9231 	 0.8128 	 1.4277 	 1.4055 	 0.0000 	 2.1444 	 0.0983 
