50.0000 	 2.9726 	 0.0000 	 7.9793 	 1.2579 	 0.6961 	 0.0000 	 1.0769 	 595.2568 	 50.0000 	 2.7962 	 0.2946 	 2.4091 	 2.1929 	 0.4252 	 0.0000 	 2.9401 	 0.0005 
50.0000 	 2.9170 	 3.2281 	 7.8556 	 5.3891 	 1.9402 	 0.0000 	 1.0522 	 593.2568 	 50.0000 	 0.9100 	 9.6046 	 6.7783 	 2.0697 	 -2.7246 	 0.0000 	 0.0148 	 0.0008 
50.0000 	 2.9591 	 5.8211 	 9.9969 	 0.6881 	 1.9556 	 0.0000 	 1.0774 	 595.2525 	 50.0000 	 2.5616 	 8.4262 	 1.8162 	 1.7538 	 -0.4797 	 0.0000 	 1.3760 	 0.0004 
50.0000 	 2.9301 	 3.2111 	 6.7277 	 5.5330 	 1.9370 	 0.0000 	 1.0518 	 593.2505 	 50.0000 	 2.4228 	 4.5937 	 8.6723 	 0.8416 	 -2.1764 	 0.0000 	 2.2172 	 0.0008 
50.0000 	 3.2052 	 3.3294 	 1.9545 	 6.9177 	 1.7661 	 0.0000 	 1.0209 	 594.2991 	 50.0000 	 2.9273 	 3.6664 	 8.3607 	 2.6215 	 0.9866 	 0.0000 	 0.4273 	 0.0026 
48.0000 	 2.8935 	 3.1372 	 7.3962 	 5.4236 	 1.9219 	 0.0000 	 1.0803 	 593.3846 	 48.0000 	 1.4162 	 7.1071 	 4.6524 	 2.4700 	 -2.5320 	 0.0000 	 1.7021 	 0.0275 
50.0000 	 2.9623 	 7.6153 	 3.3740 	 0.7982 	 1.9533 	 0.0000 	 1.0770 	 595.2458 	 50.0000 	 0.6839 	 6.9897 	 8.4017 	 0.1457 	 -2.1278 	 0.0000 	 1.4014 	 0.0005 
50.0000 	 2.9357 	 3.2530 	 5.7771 	 5.6854 	 1.9350 	 0.0000 	 1.0490 	 593.2572 	 50.0000 	 0.7239 	 6.0343 	 0.0379 	 1.3999 	 2.5513 	 0.0000 	 1.4436 	 0.0008 
50.0000 	 2.9311 	 3.1104 	 9.7228 	 5.3296 	 1.9422 	 0.0000 	 1.0539 	 593.2663 	 50.0000 	 0.7630 	 5.9233 	 1.8755 	 0.3684 	 -0.3866 	 0.0000 	 0.3090 	 0.0011 
48.0000 	 0.0094 	 5.3174 	 5.7056 	 0.6118 	 1.3581 	 0.0000 	 1.1163 	 1125.7668 	 48.0000 	 0.1482 	 1.2588 	 0.6971 	 1.7994 	 -2.0817 	 0.0000 	 1.1674 	 0.0000 
48.0000 	 2.8963 	 1.0888 	 8.4376 	 0.2410 	 1.9291 	 0.0000 	 1.0730 	 595.1363 	 48.0000 	 0.3103 	 5.9067 	 5.2290 	 0.7052 	 -2.2465 	 0.0000 	 0.8014 	 0.0006 
50.0000 	 3.1626 	 2.8983 	 9.9295 	 2.4152 	 1.9850 	 0.0000 	 1.0838 	 594.7969 	 50.0000 	 0.8359 	 6.6307 	 8.6764 	 0.5583 	 -0.3602 	 0.0000 	 0.2545 	 0.0266 
49.0000 	 2.9320 	 9.7570 	 7.2586 	 0.0051 	 1.9539 	 0.0000 	 1.0787 	 595.2567 	 49.0000 	 1.5123 	 5.3596 	 7.5321 	 1.1000 	 2.9208 	 0.0000 	 1.1476 	 0.0004 
48.0000 	 2.8316 	 3.4391 	 5.3167 	 6.0708 	 1.9359 	 0.0000 	 1.0434 	 593.2951 	 48.0000 	 0.0774 	 0.7895 	 5.5837 	 1.3636 	 0.3793 	 0.0000 	 0.4494 	 0.0009 
49.0000 	 3.0504 	 0.0000 	 4.0968 	 5.6791 	 -3.7357 	 0.0000 	 1.0842 	 595.3288 	 49.0000 	 1.5139 	 0.6318 	 1.9472 	 2.3909 	 -1.3998 	 0.0000 	 2.1266 	 0.0007 
47.0000 	 2.8791 	 0.7863 	 1.1023 	 0.8163 	 1.6454 	 0.0000 	 1.0611 	 595.0772 	 47.0000 	 2.2872 	 1.2412 	 9.7685 	 0.2294 	 0.9008 	 0.0000 	 1.1097 	 0.0007 
48.0000 	 2.8655 	 3.2168 	 6.9382 	 5.5808 	 1.9371 	 0.0000 	 1.0505 	 593.2514 	 48.0000 	 0.8584 	 9.3488 	 3.5162 	 1.6682 	 -1.9414 	 0.0000 	 1.9104 	 0.0010 
49.0000 	 2.9393 	 0.0015 	 1.3631 	 1.8541 	 0.1023 	 0.0000 	 1.0750 	 595.2550 	 49.0000 	 0.2882 	 7.0057 	 3.2348 	 0.6523 	 -2.1595 	 0.0000 	 1.0991 	 0.0005 
46.0000 	 2.8438 	 9.6314 	 8.9443 	 2.6092 	 1.9534 	 0.0000 	 1.0775 	 595.2593 	 46.0000 	 0.3029 	 9.1788 	 0.5896 	 2.9078 	 -1.5470 	 0.0000 	 1.0156 	 0.0004 
49.0000 	 2.9115 	 3.1842 	 6.1539 	 5.6168 	 1.9341 	 0.0000 	 1.0499 	 593.2547 	 49.0000 	 2.5172 	 1.4423 	 6.8608 	 1.8926 	 -1.7515 	 0.0000 	 1.2091 	 0.0007 
47.0000 	 2.8730 	 9.0953 	 4.1152 	 2.6811 	 1.9530 	 0.0000 	 1.0769 	 595.2476 	 47.0000 	 1.4409 	 6.3236 	 8.6011 	 2.9998 	 -1.6283 	 0.0000 	 1.7398 	 0.0005 
48.0000 	 2.8740 	 3.1924 	 6.2377 	 5.6877 	 1.9345 	 0.0000 	 1.0524 	 593.2535 	 48.0000 	 1.8085 	 1.4094 	 3.7734 	 1.7576 	 -1.3081 	 0.0000 	 0.7027 	 0.0007 
49.0000 	 2.9378 	 5.9595 	 0.0422 	 3.0638 	 0.1579 	 0.0000 	 1.0789 	 595.1932 	 49.0000 	 1.6185 	 2.4662 	 9.9823 	 0.2665 	 -2.2224 	 0.0000 	 0.4613 	 0.0005 
48.0000 	 2.9022 	 2.1952 	 0.4186 	 2.0459 	 1.1929 	 0.0000 	 1.0524 	 595.0818 	 48.0000 	 0.5078 	 0.9607 	 9.8894 	 2.6409 	 0.5898 	 0.0000 	 1.4713 	 0.0008 
49.0000 	 2.9330 	 7.7928 	 2.2429 	 0.3756 	 1.9523 	 0.0000 	 1.0763 	 595.2436 	 49.0000 	 1.4590 	 9.8118 	 9.4788 	 1.9917 	 -0.9185 	 0.0000 	 1.5993 	 0.0005 
47.0000 	 2.8654 	 3.2984 	 0.0179 	 3.3471 	 -0.1112 	 0.0000 	 1.0776 	 595.2262 	 47.0000 	 1.5790 	 2.2621 	 0.0535 	 0.8351 	 -0.6014 	 0.0000 	 2.9046 	 0.0006 
49.0000 	 2.8681 	 6.8842 	 2.5040 	 0.0000 	 1.9701 	 0.0000 	 1.0922 	 595.3485 	 49.0000 	 1.2129 	 8.0718 	 4.1504 	 0.1447 	 -0.7839 	 0.0000 	 2.2823 	 0.0007 
44.0000 	 2.7313 	 0.8081 	 0.9973 	 0.0000 	 1.9570 	 0.0000 	 1.0902 	 595.2956 	 44.0000 	 1.3848 	 2.7101 	 2.1690 	 2.8068 	 0.6970 	 0.0000 	 1.6517 	 0.0007 
46.0000 	 2.8171 	 3.1685 	 6.3481 	 5.6868 	 1.9344 	 0.0000 	 1.0512 	 593.2544 	 46.0000 	 1.2420 	 8.0101 	 7.5152 	 0.9291 	 -1.2318 	 0.0000 	 2.4620 	 0.0007 
44.0000 	 2.7388 	 3.2097 	 7.0540 	 5.3891 	 1.9356 	 0.0000 	 1.0583 	 593.2613 	 44.0000 	 1.1106 	 3.2209 	 3.6143 	 0.9392 	 -1.2183 	 0.0000 	 1.8657 	 0.0077 
44.0000 	 2.7584 	 6.5953 	 1.7988 	 0.7484 	 1.9442 	 0.0000 	 1.0755 	 595.2097 	 44.0000 	 1.0632 	 9.8690 	 7.7845 	 1.5920 	 1.6866 	 0.0000 	 2.5011 	 0.0005 
46.0000 	 0.0034 	 6.1398 	 9.8573 	 0.3602 	 1.6111 	 0.0000 	 1.1104 	 1125.7642 	 46.0000 	 0.0597 	 5.3261 	 8.0233 	 0.5575 	 -1.7919 	 0.0000 	 0.5546 	 0.0000 
46.0000 	 2.8363 	 0.0008 	 9.1182 	 1.5344 	 0.4212 	 0.0000 	 1.0762 	 595.2600 	 46.0000 	 0.5162 	 0.4177 	 0.9900 	 2.8179 	 -0.2961 	 0.0000 	 0.4557 	 0.0005 
43.0000 	 2.7097 	 3.2099 	 6.2923 	 5.6637 	 1.9345 	 0.0000 	 1.0509 	 593.2537 	 43.0000 	 2.8326 	 0.8770 	 1.5858 	 1.0068 	 1.1263 	 0.0000 	 1.3601 	 0.0009 
47.0000 	 2.8311 	 3.1511 	 8.0690 	 5.4602 	 1.9393 	 0.0000 	 1.0549 	 593.2538 	 47.0000 	 0.9867 	 7.9188 	 5.7892 	 2.9756 	 -2.7574 	 0.0000 	 1.7279 	 0.0009 
45.0000 	 2.8151 	 0.0000 	 3.0601 	 3.6152 	 -1.6618 	 0.0000 	 1.0776 	 595.2609 	 45.0000 	 0.4729 	 0.9878 	 5.6644 	 2.2941 	 1.0916 	 0.0000 	 1.5374 	 0.0005 
45.0000 	 2.8023 	 0.0670 	 9.5654 	 0.6168 	 1.3925 	 0.0000 	 1.0651 	 595.2411 	 45.0000 	 0.8057 	 1.4697 	 8.2964 	 1.2984 	 0.3373 	 0.0000 	 0.8602 	 0.0007 
44.0000 	 2.7667 	 0.0000 	 5.5184 	 1.0856 	 0.8633 	 0.0000 	 1.0786 	 595.2654 	 44.0000 	 0.3016 	 1.4144 	 1.5041 	 0.0147 	 -0.0525 	 0.0000 	 0.0072 	 0.0006 
46.0000 	 2.8029 	 3.1115 	 8.5250 	 5.3286 	 1.9404 	 0.0000 	 1.0527 	 593.2568 	 46.0000 	 0.0377 	 4.6095 	 8.3937 	 1.8473 	 -1.3598 	 0.0000 	 1.0119 	 0.0008 
47.0000 	 2.8143 	 3.1727 	 4.3798 	 4.7481 	 1.9243 	 0.0000 	 1.0518 	 593.5575 	 47.0000 	 0.5562 	 2.4797 	 5.3162 	 2.1308 	 -0.5313 	 0.0000 	 2.3512 	 0.0021 
42.0000 	 2.7051 	 4.6884 	 0.0000 	 0.2060 	 1.8234 	 0.0000 	 1.0781 	 595.2663 	 42.0000 	 0.6563 	 3.9055 	 2.2334 	 2.1048 	 1.7668 	 0.0000 	 0.8271 	 0.0008 
44.0000 	 2.7714 	 8.7370 	 7.3984 	 0.4088 	 1.9526 	 0.0000 	 1.0775 	 595.2621 	 44.0000 	 1.7844 	 7.6503 	 3.0323 	 2.7977 	 -2.5929 	 0.0000 	 1.3877 	 0.0006 
42.0000 	 2.6724 	 1.3398 	 2.4829 	 0.2398 	 1.9229 	 0.0000 	 1.0782 	 595.1647 	 42.0000 	 0.6499 	 6.0641 	 7.4476 	 0.1286 	 -1.4967 	 0.0000 	 2.4328 	 0.0006 
43.0000 	 2.7319 	 3.0192 	 8.5286 	 5.3633 	 1.9451 	 0.0000 	 1.0527 	 593.2627 	 43.0000 	 1.3291 	 3.5816 	 6.1957 	 0.2267 	 -1.8655 	 0.0000 	 1.9732 	 0.0023 
47.0000 	 2.8557 	 0.7342 	 0.5178 	 1.2565 	 1.3356 	 0.0000 	 1.0575 	 595.0956 	 47.0000 	 1.3147 	 3.9746 	 9.5508 	 1.6935 	 -2.6546 	 0.0000 	 0.1256 	 0.0005 
41.0000 	 3.1983 	 3.3263 	 9.9995 	 3.0209 	 2.0689 	 0.0000 	 1.0872 	 597.5949 	 41.0000 	 2.4602 	 7.6039 	 3.6511 	 0.3509 	 1.7396 	 0.0000 	 2.3156 	 0.0066 
43.0000 	 2.7668 	 0.0000 	 0.6775 	 2.6925 	 -0.7465 	 0.0000 	 1.0812 	 595.1664 	 43.0000 	 1.8509 	 0.8987 	 3.0973 	 2.9233 	 -0.4012 	 0.0000 	 2.2825 	 0.0009 
45.0000 	 2.8010 	 1.1490 	 0.1986 	 0.0103 	 1.9488 	 0.0000 	 1.0758 	 595.2602 	 45.0000 	 1.2571 	 8.6489 	 8.5478 	 2.8040 	 0.5468 	 0.0000 	 1.3681 	 0.0007 
45.0000 	 2.8049 	 0.9798 	 0.0538 	 4.3281 	 -0.6856 	 0.0000 	 1.0737 	 595.1601 	 45.0000 	 2.5417 	 3.1614 	 0.1114 	 2.5065 	 -0.1128 	 0.0000 	 2.5367 	 0.0008 
41.0000 	 2.6642 	 0.0000 	 7.2419 	 2.1502 	 -0.1953 	 0.0000 	 1.0762 	 595.2668 	 41.0000 	 2.6268 	 4.3847 	 3.4297 	 2.5281 	 -2.3508 	 0.0000 	 0.5173 	 0.0007 
44.0000 	 2.7315 	 2.0064 	 5.7369 	 1.1642 	 1.9323 	 0.0000 	 1.0645 	 594.8780 	 44.0000 	 2.7631 	 3.4679 	 8.4967 	 0.8047 	 -0.9118 	 0.0000 	 0.2531 	 0.0033 
45.0000 	 2.8171 	 8.0556 	 7.7941 	 0.7688 	 1.9544 	 0.0000 	 1.0775 	 595.2603 	 45.0000 	 2.1890 	 7.7181 	 6.0968 	 1.6726 	 2.7064 	 0.0000 	 2.5688 	 0.0006 
41.0000 	 2.6617 	 0.0000 	 5.8159 	 1.0647 	 0.8891 	 0.0000 	 1.0765 	 595.2665 	 41.0000 	 1.4980 	 8.1339 	 7.2042 	 2.9584 	 -1.4729 	 0.0000 	 0.7422 	 0.0007 
45.0000 	 2.7959 	 9.5947 	 5.9678 	 2.3018 	 1.9552 	 0.0000 	 1.0755 	 595.2591 	 45.0000 	 2.9485 	 7.0862 	 3.8521 	 2.5391 	 -1.9260 	 0.0000 	 1.6882 	 0.0005 
44.0000 	 2.7402 	 3.1456 	 7.0098 	 5.5313 	 1.9372 	 0.0000 	 1.0520 	 593.2508 	 44.0000 	 1.9965 	 1.7712 	 4.5029 	 1.4054 	 -0.4878 	 0.0000 	 2.0723 	 0.0007 
45.0000 	 2.9391 	 5.5249 	 6.1499 	 3.9906 	 1.9731 	 0.0000 	 1.0942 	 595.3379 	 45.0000 	 1.3172 	 8.3064 	 3.7905 	 1.4158 	 -2.8295 	 0.0000 	 2.8283 	 0.0015 
41.0000 	 2.6709 	 2.5346 	 1.2238 	 0.0000 	 1.9508 	 0.0000 	 1.0785 	 595.2669 	 41.0000 	 0.0160 	 8.6290 	 4.4707 	 1.8014 	 -1.0463 	 0.0000 	 0.2976 	 0.0006 
39.0000 	 2.5474 	 3.2078 	 7.6259 	 5.4802 	 1.9402 	 0.0000 	 1.0510 	 593.2568 	 39.0000 	 2.6059 	 5.5463 	 2.8079 	 1.5474 	 -0.3195 	 0.0000 	 1.6084 	 0.0012 
43.0000 	 2.7907 	 7.8687 	 3.3911 	 1.2294 	 1.9731 	 0.0000 	 1.1224 	 595.5850 	 43.0000 	 0.9805 	 3.0112 	 2.6741 	 2.2088 	 2.1689 	 0.0000 	 0.3136 	 0.0009 
43.0000 	 2.7268 	 8.8890 	 9.5809 	 0.6316 	 1.9550 	 0.0000 	 1.0766 	 595.2641 	 43.0000 	 1.9982 	 5.0693 	 6.6367 	 0.6652 	 1.6370 	 0.0000 	 2.5002 	 0.0006 
40.0000 	 2.6303 	 0.0000 	 6.7047 	 2.8243 	 -0.8699 	 0.0000 	 1.0765 	 595.2692 	 40.0000 	 1.2027 	 1.4515 	 9.4143 	 2.3568 	 -0.2511 	 0.0000 	 1.0373 	 0.0008 
43.0000 	 2.8963 	 3.7891 	 7.5049 	 0.0000 	 1.6377 	 0.0000 	 1.2704 	 604.7328 	 43.0000 	 2.3845 	 2.5550 	 5.8771 	 0.8121 	 1.7160 	 0.0000 	 1.8198 	 0.0012 
42.0000 	 2.6699 	 3.0996 	 7.9413 	 5.3518 	 1.9387 	 0.0000 	 1.0544 	 593.2550 	 42.0000 	 2.8147 	 7.9723 	 0.6658 	 2.4344 	 1.2926 	 0.0000 	 2.8752 	 0.0027 
39.0000 	 2.5955 	 6.3716 	 0.0006 	 1.6998 	 0.8792 	 0.0000 	 1.0765 	 595.2723 	 39.0000 	 2.6365 	 4.7371 	 0.0695 	 2.2343 	 -1.5349 	 0.0000 	 2.2783 	 0.0007 
41.0000 	 2.6566 	 3.2525 	 5.3103 	 5.6820 	 1.9291 	 0.0000 	 1.0524 	 593.2764 	 41.0000 	 2.0527 	 9.0685 	 0.8290 	 2.4184 	 -2.6518 	 0.0000 	 1.9588 	 0.0010 
40.0000 	 2.8808 	 1.5785 	 0.0008 	 0.6451 	 1.5178 	 0.0000 	 1.0885 	 595.6666 	 40.0000 	 0.9000 	 9.4594 	 0.5270 	 2.7314 	 1.2158 	 0.0000 	 1.1438 	 0.0026 
42.0000 	 2.7097 	 0.3706 	 1.0406 	 0.7199 	 1.5299 	 0.0000 	 1.0606 	 595.1435 	 42.0000 	 2.0609 	 2.9604 	 6.9242 	 2.3561 	 -1.5259 	 0.0000 	 1.1836 	 0.0009 
39.0000 	 2.5886 	 8.9220 	 4.6288 	 0.9194 	 1.9532 	 0.0000 	 1.0775 	 595.2694 	 39.0000 	 0.5456 	 5.7305 	 6.2597 	 2.4542 	 -2.8943 	 0.0000 	 2.7119 	 0.0008 
37.0000 	 2.8765 	 3.9294 	 6.7285 	 0.0000 	 1.9351 	 0.0000 	 1.0962 	 595.7585 	 37.0000 	 0.7106 	 5.1779 	 7.3011 	 1.8382 	 -1.6989 	 0.0000 	 1.0386 	 0.6654 
40.0000 	 2.5997 	 3.1984 	 6.6248 	 5.6050 	 1.9351 	 0.0000 	 1.0529 	 593.2535 	 40.0000 	 2.4702 	 0.2500 	 0.4159 	 1.6872 	 -2.6142 	 0.0000 	 1.1867 	 0.0008 
42.0000 	 2.6915 	 7.3261 	 1.2340 	 1.7189 	 1.8954 	 0.0000 	 1.0715 	 595.1079 	 42.0000 	 1.1453 	 1.6753 	 3.5174 	 0.6664 	 -2.0731 	 0.0000 	 1.5757 	 0.0007 
37.0000 	 2.4762 	 3.3504 	 5.2320 	 6.1299 	 1.9274 	 0.0000 	 1.0654 	 593.3273 	 37.0000 	 0.3614 	 1.6803 	 1.8939 	 1.2188 	 1.3831 	 0.0000 	 0.1755 	 0.0011 
41.0000 	 2.6248 	 3.2044 	 8.4392 	 5.5303 	 1.9401 	 0.0000 	 1.0548 	 593.2649 	 41.0000 	 1.0008 	 4.0122 	 2.3646 	 2.6424 	 -0.8814 	 0.0000 	 1.7513 	 0.0009 
38.0000 	 2.5660 	 2.2040 	 2.2487 	 0.8208 	 1.9309 	 0.0000 	 1.0730 	 595.1004 	 38.0000 	 2.8231 	 8.3078 	 4.5388 	 1.5061 	 0.5500 	 0.0000 	 2.0710 	 0.0008 
37.0000 	 3.1648 	 0.8523 	 1.1287 	 5.3980 	 0.8566 	 0.0000 	 0.0000 	 600.5040 	 37.0000 	 2.5286 	 5.9747 	 1.1352 	 2.6544 	 1.2202 	 0.0000 	 0.0172 	 0.0100 
40.0000 	 2.7237 	 1.9484 	 2.7347 	 0.7017 	 1.9023 	 0.0000 	 1.0937 	 595.2008 	 40.0000 	 2.5874 	 3.9253 	 3.7548 	 0.4641 	 -0.0771 	 0.0000 	 1.9566 	 0.0012 
47.0000 	 2.8180 	 3.1594 	 9.9563 	 5.1550 	 1.9421 	 0.0000 	 1.0544 	 593.2719 	 47.0000 	 0.2740 	 8.3485 	 0.2267 	 2.4415 	 2.4859 	 0.0000 	 2.1639 	 0.0009 
42.0000 	 2.5954 	 0.0000 	 0.0000 	 2.9220 	 0.1084 	 0.0000 	 1.0823 	 594.4094 	 42.0000 	 2.6187 	 5.8758 	 8.9035 	 2.4015 	 0.4128 	 0.0000 	 1.5705 	 0.0134 
40.0000 	 2.6062 	 3.1751 	 6.1229 	 5.6812 	 1.9332 	 0.0000 	 1.0524 	 593.2578 	 40.0000 	 1.8470 	 5.6502 	 4.2104 	 1.0476 	 -2.7222 	 0.0000 	 0.0312 	 0.0008 
38.0000 	 2.5385 	 8.1149 	 0.1524 	 0.4457 	 1.7520 	 0.0000 	 1.0763 	 595.2428 	 38.0000 	 0.5764 	 6.8877 	 0.2468 	 0.4981 	 2.5563 	 0.0000 	 2.5777 	 0.0011 
35.0000 	 2.4245 	 0.0193 	 5.6305 	 0.8679 	 1.1085 	 0.0000 	 1.0699 	 595.2820 	 35.0000 	 1.0805 	 0.3268 	 9.0578 	 0.8024 	 2.4012 	 0.0000 	 2.9543 	 0.0009 
39.0000 	 2.7853 	 2.8105 	 4.6357 	 1.0402 	 1.9293 	 0.0000 	 1.0474 	 595.4852 	 39.0000 	 0.7929 	 8.6871 	 2.4806 	 1.2212 	 1.0233 	 0.0000 	 0.7745 	 0.0028 
40.0000 	 2.6190 	 0.0000 	 4.8769 	 3.4605 	 -1.5069 	 0.0000 	 1.0771 	 595.2708 	 40.0000 	 0.8530 	 1.9137 	 2.2211 	 2.6836 	 0.9497 	 0.0000 	 2.3373 	 0.0007 
37.0000 	 2.5189 	 0.1852 	 0.8648 	 0.0747 	 1.8988 	 0.0000 	 1.0752 	 595.2627 	 37.0000 	 1.4588 	 1.6320 	 3.2533 	 2.4493 	 0.7214 	 0.0000 	 1.5963 	 0.0010 
39.0000 	 2.5919 	 9.8152 	 0.0084 	 2.4751 	 0.4143 	 0.0000 	 1.0771 	 595.2611 	 39.0000 	 2.2250 	 6.2611 	 7.4947 	 0.9249 	 2.9633 	 0.0000 	 0.6189 	 0.0006 
40.0000 	 4.3877 	 1.2610 	 9.0991 	 3.2882 	 1.9937 	 0.0000 	 1.1472 	 600.0956 	 40.0000 	 1.3114 	 3.2913 	 6.0660 	 0.4966 	 -0.4037 	 0.0000 	 2.5346 	 0.1392 
35.0000 	 2.5396 	 3.4804 	 4.3331 	 6.5215 	 1.9026 	 0.0000 	 1.0776 	 593.7081 	 35.0000 	 0.8808 	 3.3516 	 4.6125 	 1.6975 	 -0.2324 	 0.0000 	 0.3005 	 0.0057 
41.0000 	 2.6581 	 9.4061 	 8.5722 	 1.2179 	 1.9539 	 0.0000 	 1.0770 	 595.2670 	 41.0000 	 1.1921 	 5.9901 	 7.2956 	 0.1085 	 -2.8760 	 0.0000 	 2.7794 	 0.0005 
37.0000 	 2.5117 	 0.0000 	 5.8146 	 1.3304 	 0.6239 	 0.0000 	 1.0768 	 595.2786 	 37.0000 	 0.0172 	 5.7176 	 9.3462 	 1.3477 	 -0.7475 	 0.0000 	 1.2578 	 0.0008 
35.0000 	 2.4146 	 3.1962 	 6.2387 	 5.6712 	 1.9346 	 0.0000 	 1.0500 	 593.2670 	 35.0000 	 1.5651 	 5.0286 	 9.3672 	 0.5407 	 2.2223 	 0.0000 	 2.0665 	 0.0009 
37.0000 	 2.5212 	 7.6622 	 1.0694 	 0.7655 	 1.9291 	 0.0000 	 1.0727 	 595.2193 	 37.0000 	 1.7109 	 2.7894 	 6.8240 	 0.8629 	 0.0532 	 0.0000 	 1.0887 	 0.0008 
39.0000 	 2.5919 	 2.5450 	 0.0000 	 1.1094 	 1.2526 	 0.0000 	 1.0757 	 595.2681 	 39.0000 	 2.0607 	 4.0056 	 5.0218 	 0.5570 	 1.1133 	 0.0000 	 0.5395 	 0.0021 
35.0000 	 2.3223 	 2.6697 	 7.0227 	 0.7800 	 1.9072 	 0.0000 	 1.0962 	 595.2393 	 35.0000 	 2.4979 	 6.8504 	 1.8201 	 0.3399 	 -1.8387 	 0.0000 	 0.5821 	 0.0862 
34.0000 	 3.2157 	 1.5266 	 0.8654 	 8.9432 	 0.5708 	 0.0000 	 0.0000 	 599.1541 	 34.0000 	 2.4982 	 8.1898 	 6.3785 	 1.7629 	 0.3573 	 0.0000 	 0.5152 	 0.0161 
38.0000 	 0.0021 	 7.3019 	 4.9758 	 1.5882 	 0.3836 	 0.0000 	 1.1104 	 1125.7641 	 38.0000 	 0.7862 	 5.7037 	 6.6586 	 1.1010 	 2.0511 	 0.0000 	 0.2193 	 0.0000 
36.0000 	 2.4556 	 3.1990 	 5.9080 	 5.6013 	 1.9322 	 0.0000 	 1.0512 	 593.2657 	 36.0000 	 0.7546 	 1.7526 	 9.3696 	 1.8329 	 0.4429 	 0.0000 	 1.9541 	 0.0009 
37.0000 	 2.5085 	 7.7841 	 5.7267 	 0.1652 	 1.9548 	 0.0000 	 1.0780 	 595.2761 	 37.0000 	 2.0084 	 3.2880 	 2.3843 	 0.1016 	 1.2380 	 0.0000 	 1.3140 	 0.0012 
38.0000 	 2.5174 	 3.1351 	 7.6127 	 5.4062 	 1.9394 	 0.0000 	 1.0514 	 593.2577 	 38.0000 	 0.6043 	 0.9128 	 6.3076 	 0.6170 	 2.2692 	 0.0000 	 2.4014 	 0.0015 
35.0000 	 2.4420 	 9.7523 	 9.8342 	 1.9325 	 1.9537 	 0.0000 	 1.0772 	 595.2868 	 35.0000 	 0.2994 	 3.9433 	 5.0281 	 1.9792 	 -0.1337 	 0.0000 	 1.0254 	 0.0009 
34.0000 	 2.4128 	 9.5749 	 4.0044 	 0.6659 	 1.9542 	 0.0000 	 1.0793 	 595.2902 	 34.0000 	 0.4574 	 1.0370 	 5.4164 	 2.7219 	 -2.7967 	 0.0000 	 0.7857 	 0.0011 
36.0000 	 2.4671 	 0.3263 	 0.0080 	 1.1993 	 1.1983 	 0.0000 	 1.0759 	 595.2793 	 36.0000 	 1.1839 	 7.6838 	 0.4265 	 1.9939 	 0.5215 	 0.0000 	 1.0362 	 0.0009 
37.0000 	 2.5084 	 5.6653 	 1.9192 	 0.0846 	 1.9533 	 0.0000 	 1.0769 	 595.2726 	 37.0000 	 0.8861 	 2.3131 	 4.1931 	 1.7222 	 -1.5742 	 0.0000 	 1.7352 	 0.0007 
36.0000 	 2.4824 	 3.3537 	 4.3732 	 2.2958 	 1.9255 	 0.0000 	 1.0877 	 594.7697 	 36.0000 	 1.8748 	 7.9680 	 3.3177 	 0.5093 	 -0.0081 	 0.0000 	 1.2241 	 0.0019 
32.0000 	 2.2963 	 3.1232 	 7.7333 	 5.3540 	 1.9385 	 0.0000 	 1.0540 	 593.2792 	 32.0000 	 1.4456 	 1.3334 	 2.9778 	 0.1204 	 0.2250 	 0.0000 	 2.6956 	 0.0012 
38.0000 	 2.5483 	 5.0295 	 0.0022 	 3.1002 	 0.0011 	 0.0000 	 1.0743 	 595.2731 	 38.0000 	 2.2289 	 8.7041 	 0.2793 	 0.2340 	 0.8585 	 0.0000 	 0.5138 	 0.0007 
38.0000 	 2.4970 	 3.4764 	 8.2326 	 4.7892 	 1.9810 	 0.0000 	 1.0498 	 593.5960 	 38.0000 	 0.4454 	 0.1595 	 1.3609 	 1.0588 	 0.8335 	 0.0000 	 1.3968 	 0.0019 
37.0000 	 2.4979 	 7.6657 	 1.9818 	 0.7164 	 1.9430 	 0.0000 	 1.0818 	 595.2505 	 37.0000 	 2.4872 	 6.5268 	 4.5377 	 0.6018 	 -0.3841 	 0.0000 	 1.6523 	 0.0010 
32.0000 	 2.9364 	 0.4723 	 1.3655 	 3.2753 	 0.9478 	 0.0000 	 0.0705 	 604.6257 	 32.0000 	 0.7609 	 4.1184 	 8.7517 	 0.1583 	 0.1287 	 0.0000 	 0.0358 	 0.0079 
38.0000 	 2.5235 	 3.2762 	 5.6616 	 5.6616 	 1.9327 	 0.0000 	 1.0502 	 593.2634 	 38.0000 	 2.0329 	 7.1617 	 8.9164 	 0.7110 	 2.4106 	 0.0000 	 1.7005 	 0.0007 
35.0000 	 2.4152 	 3.0762 	 9.6467 	 5.2509 	 1.9411 	 0.0000 	 1.0553 	 593.2777 	 35.0000 	 0.4161 	 5.6962 	 5.8134 	 0.9328 	 -0.7891 	 0.0000 	 0.0622 	 0.0009 
32.0000 	 2.2883 	 3.2253 	 6.9019 	 5.5597 	 1.9375 	 0.0000 	 1.0499 	 593.2765 	 32.0000 	 2.2288 	 8.9658 	 9.9951 	 1.2835 	 1.1017 	 0.0000 	 2.2993 	 0.0012 
34.0000 	 2.4031 	 4.5768 	 1.4174 	 0.5034 	 1.9233 	 0.0000 	 1.0647 	 595.2459 	 34.0000 	 2.0210 	 2.0705 	 0.3458 	 2.8837 	 1.6293 	 0.0000 	 1.4423 	 0.0012 
32.0000 	 2.3535 	 4.0413 	 0.5536 	 3.3181 	 1.1812 	 0.0000 	 1.0222 	 595.1684 	 32.0000 	 0.5546 	 5.6866 	 4.9623 	 1.7675 	 -2.0341 	 0.0000 	 2.8344 	 0.0012 
34.0000 	 2.8160 	 1.7697 	 5.9189 	 4.8746 	 1.9285 	 0.0000 	 1.0570 	 594.3935 	 34.0000 	 2.7834 	 2.7369 	 6.6817 	 2.3283 	 -2.1099 	 0.0000 	 1.7412 	 0.0031 
33.0000 	 2.3360 	 3.0807 	 7.4165 	 5.4298 	 1.9353 	 0.0000 	 1.0501 	 593.2777 	 33.0000 	 2.6818 	 5.8764 	 2.9791 	 0.9826 	 1.2247 	 0.0000 	 2.2653 	 0.0010 
47.0000 	 2.8466 	 3.1209 	 7.5142 	 5.4714 	 1.9394 	 0.0000 	 1.0527 	 593.2516 	 47.0000 	 0.6974 	 4.2946 	 3.6939 	 1.6264 	 2.9722 	 0.0000 	 1.8038 	 0.0006 
35.0000 	 2.6395 	 9.8926 	 9.9121 	 1.4773 	 1.9724 	 0.0000 	 1.1184 	 595.7827 	 35.0000 	 2.3162 	 9.8995 	 6.0652 	 2.7655 	 -0.4233 	 0.0000 	 0.5119 	 0.0012 
35.0000 	 2.4555 	 2.4837 	 0.2243 	 2.8863 	 0.6046 	 0.0000 	 1.0540 	 595.1365 	 35.0000 	 2.7390 	 2.3097 	 2.1639 	 0.3992 	 0.9600 	 0.0000 	 2.8763 	 0.0013 
30.0000 	 2.2280 	 9.1642 	 7.7139 	 0.1159 	 1.9530 	 0.0000 	 1.0771 	 595.3209 	 30.0000 	 0.5671 	 3.3675 	 5.2705 	 2.1137 	 0.8345 	 0.0000 	 0.3751 	 0.0016 
36.0000 	 2.4594 	 3.2492 	 5.7868 	 5.6822 	 1.9364 	 0.0000 	 1.0500 	 593.2671 	 36.0000 	 2.8491 	 6.2382 	 1.7889 	 0.8848 	 1.5170 	 0.0000 	 2.6211 	 0.0010 
30.0000 	 2.2001 	 3.1875 	 9.3332 	 5.3910 	 1.9431 	 0.0000 	 1.0548 	 593.3036 	 30.0000 	 2.1815 	 3.7853 	 0.1970 	 2.9449 	 2.8384 	 0.0000 	 0.0183 	 0.0013 
32.0000 	 2.5758 	 8.6768 	 9.1272 	 1.0393 	 1.9292 	 0.0000 	 1.0745 	 595.7558 	 32.0000 	 0.9983 	 1.4588 	 8.0080 	 2.7241 	 1.7741 	 0.0000 	 0.9415 	 0.0021 
31.0000 	 2.2896 	 0.0076 	 1.8767 	 0.0586 	 1.8973 	 0.0000 	 1.0776 	 595.3110 	 31.0000 	 1.3665 	 8.5293 	 4.8557 	 2.3333 	 -2.9687 	 0.0000 	 1.0352 	 0.0014 
37.0000 	 2.5084 	 0.0000 	 4.9551 	 1.6320 	 0.3196 	 0.0000 	 1.0723 	 595.2734 	 37.0000 	 1.1745 	 0.8226 	 5.0063 	 1.0162 	 -0.5097 	 0.0000 	 0.0122 	 0.0036 
35.0000 	 2.4226 	 2.5670 	 0.0640 	 4.9573 	 -0.9323 	 0.0000 	 1.0706 	 595.1644 	 35.0000 	 1.2190 	 5.2750 	 0.8225 	 2.3758 	 -2.5636 	 0.0000 	 1.3855 	 0.0015 
32.0000 	 2.3228 	 6.5636 	 9.9652 	 1.4198 	 1.9532 	 0.0000 	 1.0774 	 595.2965 	 32.0000 	 2.3343 	 4.4865 	 9.9834 	 1.9903 	 2.3561 	 0.0000 	 2.3220 	 0.0011 
36.0000 	 2.4252 	 3.3368 	 8.0500 	 5.5382 	 1.9384 	 0.0000 	 1.0527 	 593.2767 	 36.0000 	 2.1099 	 7.7199 	 8.5770 	 0.6511 	 -1.7430 	 0.0000 	 1.8824 	 0.0014 
31.0000 	 2.2600 	 0.0000 	 5.0314 	 2.4658 	 -0.5113 	 0.0000 	 1.0740 	 595.3143 	 31.0000 	 2.5567 	 0.6703 	 8.3056 	 2.7320 	 -2.8843 	 0.0000 	 2.2711 	 0.0015 
33.0000 	 2.3524 	 4.1225 	 4.1554 	 0.0242 	 1.9544 	 0.0000 	 1.0766 	 595.2982 	 33.0000 	 1.3411 	 7.7113 	 0.3252 	 0.0615 	 1.1644 	 0.0000 	 0.1466 	 0.0010 
34.0000 	 2.3914 	 10.0000 	 0.0000 	 0.0708 	 1.9070 	 0.0000 	 1.0728 	 595.2957 	 34.0000 	 0.7172 	 7.0708 	 9.2766 	 0.1644 	 -1.0858 	 0.0000 	 2.9945 	 0.0010 
31.0000 	 2.2622 	 10.0000 	 3.1245 	 1.9571 	 1.9631 	 0.0000 	 1.0699 	 595.3105 	 31.0000 	 1.6464 	 3.2405 	 5.8724 	 2.0376 	 2.0900 	 0.0000 	 2.6260 	 0.0011 
30.0000 	 2.2420 	 4.8197 	 0.0020 	 3.5997 	 -0.3223 	 0.0000 	 1.0772 	 595.3255 	 30.0000 	 2.7797 	 7.2451 	 2.9692 	 0.4471 	 -1.0710 	 0.0000 	 0.1390 	 0.0016 
34.0000 	 2.3964 	 1.7050 	 0.0358 	 3.3862 	 -0.1055 	 0.0000 	 1.0787 	 595.2355 	 34.0000 	 0.0357 	 5.7019 	 6.5296 	 1.4779 	 -0.8013 	 0.0000 	 0.7451 	 0.0012 
36.0000 	 2.4692 	 3.1403 	 9.7116 	 3.6067 	 1.9233 	 0.0000 	 1.1102 	 594.2404 	 36.0000 	 0.6473 	 0.3283 	 3.8937 	 1.1737 	 -1.9550 	 0.0000 	 1.4010 	 0.0061 
29.0000 	 2.1649 	 3.1018 	 10.0000 	 5.2040 	 1.9411 	 0.0000 	 1.0559 	 593.3134 	 29.0000 	 0.5192 	 9.3360 	 3.4199 	 1.9758 	 0.4183 	 0.0000 	 0.5074 	 0.0014 
33.0000 	 2.3283 	 3.2485 	 6.5275 	 5.5236 	 1.9365 	 0.0000 	 1.0514 	 593.2699 	 33.0000 	 1.7625 	 2.1741 	 9.0574 	 0.8052 	 0.0061 	 0.0000 	 1.0727 	 0.0010 
30.0000 	 2.2329 	 0.0000 	 6.5961 	 1.4365 	 0.5182 	 0.0000 	 1.0771 	 595.3201 	 30.0000 	 1.4449 	 9.6772 	 6.0996 	 2.7787 	 -1.8737 	 0.0000 	 1.1004 	 0.0012 
28.0000 	 2.8820 	 2.0702 	 0.6177 	 9.2900 	 0.0463 	 0.0000 	 0.4481 	 598.3701 	 28.0000 	 0.8737 	 1.8003 	 4.8553 	 0.4084 	 -1.2675 	 0.0000 	 2.1875 	 0.0076 
28.0000 	 2.1410 	 6.9596 	 0.0000 	 0.2983 	 1.7649 	 0.0000 	 1.0777 	 595.3391 	 28.0000 	 1.9025 	 7.8597 	 3.4714 	 0.1460 	 -2.1744 	 0.0000 	 0.9605 	 0.0019 
33.0000 	 2.3435 	 3.2259 	 5.2471 	 5.8605 	 1.9291 	 0.0000 	 1.0507 	 593.2899 	 33.0000 	 0.2849 	 8.1215 	 3.7649 	 2.6361 	 -1.5521 	 0.0000 	 1.2428 	 0.0012 
30.0000 	 2.2088 	 4.6625 	 3.0790 	 9.6871 	 1.9001 	 0.0000 	 1.0470 	 593.6544 	 30.0000 	 1.2403 	 7.1689 	 7.5135 	 1.9679 	 -1.5756 	 0.0000 	 2.5064 	 0.0017 
33.0000 	 2.3335 	 3.2804 	 6.0096 	 5.7102 	 1.9343 	 0.0000 	 1.0530 	 593.2759 	 33.0000 	 2.1930 	 2.9619 	 4.6913 	 1.3264 	 -2.0013 	 0.0000 	 1.2981 	 0.0010 
34.0000 	 2.4167 	 3.8903 	 3.2737 	 7.8206 	 1.9041 	 0.0000 	 1.0435 	 593.5472 	 34.0000 	 1.0269 	 4.8959 	 2.9826 	 2.7598 	 2.3413 	 0.0000 	 0.8375 	 0.0013 
32.0000 	 2.3067 	 0.0000 	 0.2864 	 6.5450 	 -4.5947 	 0.0000 	 1.0738 	 595.3085 	 32.0000 	 0.2450 	 6.3929 	 0.1535 	 0.6097 	 2.0360 	 0.0000 	 0.4078 	 0.0012 
28.0000 	 2.1262 	 7.4424 	 0.8535 	 2.7117 	 1.7181 	 0.0000 	 1.0611 	 595.0775 	 28.0000 	 2.6467 	 8.7628 	 1.5415 	 2.4966 	 -0.2659 	 0.0000 	 2.9279 	 0.0016 
29.0000 	 2.2061 	 8.9862 	 7.8403 	 1.1761 	 1.9655 	 0.0000 	 1.0779 	 595.3428 	 29.0000 	 1.1917 	 7.8502 	 6.1952 	 1.7923 	 2.5142 	 0.0000 	 2.2425 	 0.0039 
28.0000 	 2.2072 	 0.5493 	 7.5000 	 0.5698 	 1.7520 	 0.0000 	 1.0304 	 595.3054 	 28.0000 	 0.2502 	 8.7976 	 5.0970 	 2.1671 	 1.5832 	 0.0000 	 0.2670 	 0.0058 
33.0000 	 2.3436 	 4.2975 	 0.0100 	 0.9130 	 1.3819 	 0.0000 	 1.0781 	 595.2968 	 33.0000 	 1.8379 	 3.1567 	 2.8018 	 1.6227 	 -1.9317 	 0.0000 	 2.4117 	 0.0014 
32.0000 	 0.0011 	 8.7795 	 8.4368 	 0.8612 	 1.1106 	 0.0000 	 1.1102 	 1125.7640 	 32.0000 	 0.4163 	 9.7475 	 0.6482 	 0.7295 	 -2.4010 	 0.0000 	 2.4074 	 0.0000 
33.0000 	 2.3550 	 8.3296 	 0.5185 	 1.3158 	 1.7097 	 0.0000 	 1.0741 	 595.1484 	 33.0000 	 0.5936 	 4.3620 	 2.0706 	 0.2627 	 -1.5288 	 0.0000 	 2.9179 	 0.0014 
33.0000 	 2.3140 	 8.0927 	 5.9200 	 0.5624 	 1.9368 	 0.0000 	 1.0323 	 595.6342 	 33.0000 	 0.7423 	 9.8208 	 7.2797 	 1.7567 	 2.5352 	 0.0000 	 0.2825 	 0.0011 
45.0000 	 2.8076 	 0.0000 	 3.2900 	 3.5886 	 -1.6343 	 0.0000 	 1.0760 	 595.2603 	 45.0000 	 2.7939 	 7.4177 	 2.4977 	 2.8786 	 -2.1059 	 0.0000 	 0.4197 	 0.0006 
32.0000 	 2.3180 	 8.9544 	 8.4428 	 1.3740 	 1.9539 	 0.0000 	 1.0752 	 595.3029 	 32.0000 	 1.7332 	 9.1981 	 4.4538 	 2.0416 	 -2.1360 	 0.0000 	 2.9412 	 0.0012 
27.0000 	 2.1137 	 2.5272 	 9.1716 	 3.1675 	 1.9258 	 0.0000 	 1.0533 	 594.1299 	 27.0000 	 2.3337 	 6.2213 	 7.7327 	 0.6605 	 2.4976 	 0.0000 	 0.2507 	 0.0014 
30.0000 	 2.2121 	 3.0791 	 9.9092 	 5.2189 	 1.9430 	 0.0000 	 1.0548 	 593.3060 	 30.0000 	 1.8400 	 8.1486 	 7.2268 	 0.5388 	 -2.8623 	 0.0000 	 1.9379 	 0.0012 
26.0000 	 2.3914 	 2.6709 	 0.0000 	 1.2305 	 1.1279 	 0.0000 	 1.1306 	 596.5192 	 26.0000 	 1.3316 	 4.5987 	 1.2236 	 0.5350 	 0.0820 	 0.0000 	 2.0950 	 0.0035 
30.0000 	 2.3268 	 5.1758 	 1.5186 	 6.3486 	 1.4297 	 0.0000 	 1.0436 	 606.1417 	 30.0000 	 2.7460 	 2.5278 	 6.0253 	 2.7778 	 1.5408 	 0.0000 	 0.3964 	 0.0182 
30.0000 	 2.2224 	 3.6438 	 1.5784 	 0.1578 	 1.9189 	 0.0000 	 1.0725 	 595.3759 	 30.0000 	 1.6931 	 4.9264 	 2.9265 	 1.8804 	 2.7268 	 0.0000 	 0.7639 	 0.0011 
25.0000 	 2.0063 	 4.7740 	 0.2184 	 1.8101 	 1.1799 	 0.0000 	 1.0684 	 595.2433 	 25.0000 	 2.2953 	 2.3722 	 0.2930 	 1.3415 	 1.5233 	 0.0000 	 1.7182 	 0.0021 
27.0000 	 2.0989 	 7.5218 	 8.5166 	 1.1932 	 1.9555 	 0.0000 	 1.0788 	 595.3477 	 27.0000 	 0.8178 	 2.2900 	 1.5163 	 1.7451 	 2.0272 	 0.0000 	 0.1894 	 0.0012 
31.0000 	 2.3068 	 2.9750 	 7.2851 	 5.6559 	 1.9445 	 0.0000 	 1.0513 	 593.3231 	 31.0000 	 0.9125 	 4.2416 	 3.5995 	 2.7165 	 -0.2903 	 0.0000 	 2.5351 	 0.0036 
26.0000 	 2.7613 	 1.7775 	 0.8441 	 9.6161 	 0.5714 	 0.0000 	 0.0002 	 598.9977 	 26.0000 	 0.4342 	 2.3406 	 7.7045 	 1.1647 	 2.9743 	 0.0000 	 1.0103 	 0.0105 
32.0000 	 2.3249 	 9.8960 	 5.9613 	 1.1718 	 1.9549 	 0.0000 	 1.0788 	 595.3053 	 32.0000 	 1.5789 	 8.4015 	 1.2711 	 1.7889 	 2.6110 	 0.0000 	 2.1955 	 0.0010 
28.0000 	 2.1317 	 3.2494 	 4.7037 	 5.3433 	 1.9215 	 0.0000 	 1.0515 	 593.3783 	 28.0000 	 2.1838 	 6.2566 	 0.9871 	 0.1575 	 -0.3900 	 0.0000 	 2.1037 	 0.0016 
31.0000 	 2.2988 	 2.9839 	 5.1658 	 5.5291 	 1.9264 	 0.0000 	 1.0473 	 593.3349 	 31.0000 	 2.3012 	 4.3534 	 3.0788 	 1.3080 	 -1.3233 	 0.0000 	 1.1701 	 0.0013 
25.0000 	 1.9838 	 3.2509 	 6.2523 	 5.6611 	 1.9362 	 0.0000 	 1.0499 	 593.3382 	 25.0000 	 2.6766 	 1.3556 	 8.8622 	 1.5856 	 -2.1117 	 0.0000 	 1.0759 	 0.0019 
27.0000 	 2.1052 	 9.1291 	 2.2959 	 0.7980 	 1.9471 	 0.0000 	 1.0735 	 595.3378 	 27.0000 	 2.0474 	 2.6221 	 2.8676 	 1.3103 	 -2.6487 	 0.0000 	 2.3908 	 0.0028 
23.0000 	 1.8977 	 3.4234 	 4.1498 	 6.2210 	 1.9146 	 0.0000 	 1.0449 	 593.4406 	 23.0000 	 2.0347 	 9.0892 	 9.8409 	 1.0483 	 2.6929 	 0.0000 	 2.4907 	 0.0053 
31.0000 	 2.2521 	 3.5165 	 4.4312 	 6.3659 	 1.9228 	 0.0000 	 1.0484 	 593.3478 	 31.0000 	 2.9350 	 2.9391 	 6.2670 	 0.6934 	 0.0416 	 0.0000 	 2.1728 	 0.0011 
26.0000 	 2.3984 	 1.4679 	 7.3822 	 5.1705 	 1.9578 	 0.0000 	 0.9585 	 596.0371 	 26.0000 	 1.6786 	 9.7298 	 1.2729 	 1.4492 	 2.6495 	 0.0000 	 2.4380 	 0.0101 
29.0000 	 2.1055 	 3.5233 	 7.2144 	 4.5524 	 1.9794 	 0.0000 	 1.0351 	 593.7586 	 29.0000 	 0.8962 	 6.3445 	 7.2419 	 1.5098 	 -0.0523 	 0.0000 	 1.8130 	 0.0021 
25.0000 	 1.9981 	 0.4007 	 0.1704 	 2.9098 	 0.1621 	 0.0000 	 1.0548 	 595.2522 	 25.0000 	 1.9136 	 1.0869 	 8.8202 	 1.4654 	 -0.9498 	 0.0000 	 1.2232 	 0.0029 
23.0000 	 1.9113 	 9.6118 	 2.3525 	 0.1390 	 1.9533 	 0.0000 	 1.0771 	 595.4183 	 23.0000 	 2.3955 	 9.3869 	 1.9511 	 1.8572 	 -2.4759 	 0.0000 	 1.2386 	 0.0019 
29.0000 	 2.1980 	 2.5218 	 1.5269 	 2.4067 	 1.7388 	 0.0000 	 1.0419 	 594.8848 	 29.0000 	 0.8559 	 2.9556 	 7.9604 	 1.7063 	 -1.0352 	 0.0000 	 1.4593 	 0.0012 
25.0000 	 2.0220 	 8.5857 	 7.5410 	 1.4350 	 1.9522 	 0.0000 	 1.0793 	 595.3823 	 25.0000 	 1.3803 	 9.1917 	 1.2829 	 2.2710 	 -0.8661 	 0.0000 	 2.8038 	 0.0021 
30.0000 	 2.1985 	 3.1596 	 9.8099 	 5.2849 	 1.9387 	 0.0000 	 1.0559 	 593.3073 	 30.0000 	 1.6809 	 9.8905 	 8.1308 	 1.4767 	 -0.7570 	 0.0000 	 2.3809 	 0.0014 
23.0000 	 1.9123 	 9.7543 	 8.7811 	 1.4517 	 1.9557 	 0.0000 	 1.0751 	 595.4207 	 23.0000 	 2.1985 	 8.8385 	 4.1526 	 0.8733 	 2.4173 	 0.0000 	 0.9378 	 0.0023 
24.0000 	 1.8840 	 8.2373 	 5.4932 	 0.1318 	 1.9629 	 0.0000 	 1.0982 	 595.5441 	 24.0000 	 2.0646 	 6.7101 	 5.7598 	 1.9752 	 -2.6492 	 0.0000 	 2.8573 	 0.0020 
24.0000 	 1.9422 	 2.1296 	 3.6587 	 0.6014 	 1.9300 	 0.0000 	 1.0748 	 595.2297 	 24.0000 	 0.3859 	 1.6993 	 9.5005 	 1.8126 	 -0.9467 	 0.0000 	 2.5437 	 0.0021 
29.0000 	 2.2000 	 0.0000 	 9.8783 	 3.5283 	 -1.5751 	 0.0000 	 1.0769 	 595.3282 	 29.0000 	 1.6218 	 5.4195 	 8.7433 	 1.0173 	 -2.5189 	 0.0000 	 0.0072 	 0.0015 
25.0000 	 2.0497 	 3.7698 	 9.1041 	 1.9001 	 1.9324 	 0.0000 	 1.0714 	 595.1844 	 25.0000 	 2.2474 	 1.9808 	 4.0694 	 1.7346 	 -0.5556 	 0.0000 	 1.5096 	 0.0048 
31.0000 	 2.2855 	 7.3155 	 0.7923 	 2.7939 	 1.6690 	 0.0000 	 1.0607 	 595.0480 	 31.0000 	 2.9276 	 5.4925 	 0.5862 	 2.6115 	 1.7096 	 0.0000 	 0.8444 	 0.0014 
28.0000 	 2.1260 	 3.2958 	 4.8563 	 5.7974 	 1.9279 	 0.0000 	 1.0482 	 593.3277 	 28.0000 	 1.5864 	 1.5203 	 7.0389 	 1.7065 	 0.5477 	 0.0000 	 0.8143 	 0.0014 
22.0000 	 1.8764 	 0.0129 	 8.6623 	 1.2144 	 0.7602 	 0.0000 	 1.0677 	 595.4510 	 22.0000 	 0.5358 	 3.3963 	 0.0534 	 0.5163 	 -1.9820 	 0.0000 	 1.5467 	 0.0024 
29.0000 	 2.1775 	 8.3004 	 4.7125 	 0.7659 	 1.9547 	 0.0000 	 1.0733 	 595.3271 	 29.0000 	 2.7863 	 4.4801 	 9.5274 	 1.1625 	 -0.1197 	 0.0000 	 1.4369 	 0.0014 
28.0000 	 2.1457 	 5.3928 	 5.8609 	 0.3227 	 1.9519 	 0.0000 	 1.0762 	 595.3325 	 28.0000 	 1.4572 	 7.1708 	 2.3714 	 0.0217 	 1.3032 	 0.0000 	 2.7908 	 0.0018 
27.0000 	 2.1067 	 8.8992 	 4.2005 	 0.0001 	 1.9541 	 0.0000 	 1.0770 	 595.3510 	 27.0000 	 0.1767 	 3.0012 	 1.1270 	 1.6742 	 2.9783 	 0.0000 	 1.7016 	 0.0017 
22.0000 	 1.8776 	 8.1754 	 7.2137 	 1.5350 	 1.9669 	 0.0000 	 1.0705 	 595.4637 	 22.0000 	 1.6360 	 8.9785 	 9.8217 	 2.0210 	 -0.4100 	 0.0000 	 2.5805 	 0.0023 
23.0000 	 1.9011 	 3.1186 	 9.6706 	 5.4930 	 1.9420 	 0.0000 	 1.0550 	 593.4168 	 23.0000 	 1.6326 	 3.0779 	 9.4456 	 2.5696 	 0.7296 	 0.0000 	 2.9538 	 0.0071 
23.0000 	 2.5133 	 0.9234 	 0.9220 	 5.9576 	 0.6405 	 0.0000 	 0.0000 	 599.3090 	 23.0000 	 2.7435 	 5.9625 	 6.7601 	 2.0108 	 -2.6799 	 0.0000 	 1.6841 	 0.0105 
25.0000 	 1.9893 	 2.2729 	 0.0151 	 3.0469 	 0.0558 	 0.0000 	 1.0806 	 595.3635 	 25.0000 	 2.1507 	 6.9561 	 3.5794 	 0.9112 	 -2.6379 	 0.0000 	 0.8454 	 0.0021 
26.0000 	 1.8548 	 0.0000 	 1.2354 	 2.4639 	 -0.5625 	 0.0000 	 1.0667 	 596.0560 	 26.0000 	 2.6565 	 5.4339 	 1.3017 	 2.3831 	 -2.2546 	 0.0000 	 1.0067 	 0.4237 
20.0000 	 1.6975 	 3.3348 	 5.0478 	 5.1215 	 1.9353 	 0.0000 	 1.0455 	 593.5995 	 20.0000 	 0.7838 	 4.4905 	 2.5934 	 1.5153 	 -0.2435 	 0.0000 	 0.2803 	 0.0027 
22.0000 	 1.8703 	 10.0000 	 6.6495 	 6.1984 	 1.9496 	 0.0000 	 1.0741 	 595.4412 	 22.0000 	 0.7324 	 5.4227 	 3.8149 	 1.1784 	 -1.0183 	 0.0000 	 2.6692 	 0.0034 
21.0000 	 1.8197 	 5.4010 	 1.4906 	 5.8485 	 1.7590 	 0.0000 	 1.0310 	 594.6260 	 21.0000 	 2.1666 	 8.4240 	 9.4524 	 0.5366 	 -1.1007 	 0.0000 	 1.3041 	 0.0026 
26.0000 	 2.0475 	 10.0000 	 0.6999 	 0.1753 	 1.9377 	 0.0000 	 1.0760 	 595.3430 	 26.0000 	 2.6708 	 5.7893 	 8.9035 	 2.8001 	 -2.4074 	 0.0000 	 0.7366 	 0.0019 
20.0000 	 1.7442 	 6.4206 	 8.9030 	 0.3889 	 1.9580 	 0.0000 	 1.0750 	 595.5121 	 20.0000 	 0.9974 	 6.9956 	 7.2246 	 1.5744 	 1.2158 	 0.0000 	 2.0678 	 0.0029 
25.0000 	 1.9951 	 3.4219 	 4.0202 	 5.9704 	 1.9126 	 0.0000 	 1.0419 	 593.4078 	 25.0000 	 2.6163 	 5.3930 	 5.6163 	 0.3333 	 2.4413 	 0.0000 	 1.4130 	 0.0022 
20.0000 	 2.1603 	 1.7322 	 3.3081 	 1.7889 	 1.8582 	 0.0000 	 1.1245 	 596.7077 	 20.0000 	 1.5315 	 0.6801 	 4.3892 	 1.9137 	 -0.4177 	 0.0000 	 0.8999 	 0.3679 
17.0000 	 1.5900 	 9.9966 	 5.3507 	 0.9742 	 1.9533 	 0.0000 	 1.0804 	 595.6503 	 17.0000 	 1.8449 	 9.2830 	 7.8504 	 0.7367 	 0.1626 	 0.0000 	 1.6722 	 0.0053 
18.0000 	 5.9987 	 7.5000 	 0.5798 	 9.0780 	 1.4722 	 0.0000 	 1.0173 	 603.2687 	 18.0000 	 1.4847 	 4.5680 	 7.2261 	 2.1876 	 -2.0537 	 0.0000 	 2.8281 	 0.0157 
24.0000 	 1.8731 	 3.3376 	 8.7607 	 4.5238 	 1.9789 	 0.0000 	 1.0518 	 593.7433 	 24.0000 	 2.4529 	 4.9489 	 4.0361 	 1.5875 	 2.6035 	 0.0000 	 0.9390 	 0.0025 
21.0000 	 1.8197 	 9.6367 	 1.1842 	 0.0000 	 1.9552 	 0.0000 	 1.0784 	 595.4712 	 21.0000 	 1.4615 	 9.2302 	 6.1541 	 2.1468 	 1.2504 	 0.0000 	 0.2749 	 0.0037 
26.0000 	 2.1267 	 1.8701 	 9.8718 	 2.3789 	 1.9211 	 0.0000 	 1.0570 	 594.6354 	 26.0000 	 1.5327 	 6.3485 	 9.4333 	 0.2005 	 -0.5901 	 0.0000 	 1.4315 	 0.0016 
27.0000 	 2.1990 	 2.6368 	 5.4722 	 5.0198 	 1.8974 	 0.0000 	 1.0644 	 593.6432 	 27.0000 	 1.4100 	 2.1986 	 5.3342 	 1.7443 	 -0.7436 	 0.0000 	 2.5855 	 0.0038 
26.0000 	 2.0307 	 3.1620 	 7.2462 	 5.5721 	 1.9381 	 0.0000 	 1.0506 	 593.3322 	 26.0000 	 2.1975 	 5.9869 	 4.6172 	 2.5446 	 1.8347 	 0.0000 	 0.9357 	 0.0021 
21.0000 	 1.8062 	 3.1540 	 7.2691 	 5.4094 	 1.9395 	 0.0000 	 1.0530 	 593.4233 	 21.0000 	 0.3523 	 7.5233 	 8.4209 	 2.1996 	 1.3433 	 0.0000 	 2.2668 	 0.0051 
22.0000 	 1.8449 	 3.1982 	 8.9782 	 5.3094 	 1.9431 	 0.0000 	 1.0557 	 593.4168 	 22.0000 	 1.1203 	 5.0908 	 5.0077 	 2.6244 	 0.7754 	 0.0000 	 1.6690 	 0.0027 
17.0000 	 1.5662 	 4.7754 	 2.5378 	 0.7500 	 1.9387 	 0.0000 	 1.0962 	 595.1609 	 17.0000 	 0.5279 	 7.5778 	 6.1890 	 1.3870 	 1.9063 	 0.0000 	 1.4188 	 0.1297 
19.0000 	 1.7079 	 7.6802 	 0.8301 	 2.7702 	 1.7036 	 0.0000 	 1.0578 	 595.2952 	 19.0000 	 2.5964 	 1.3526 	 0.8596 	 2.0507 	 0.2233 	 0.0000 	 2.0615 	 0.0038 
16.0000 	 3.1564 	 2.9443 	 7.4121 	 1.9087 	 1.9746 	 0.0000 	 1.1898 	 602.0744 	 16.0000 	 1.6972 	 2.3670 	 9.5699 	 1.5738 	 2.6959 	 0.0000 	 1.0870 	 0.1437 
24.0000 	 1.9745 	 2.3401 	 0.0980 	 2.3331 	 0.6487 	 0.0000 	 1.0727 	 595.3047 	 24.0000 	 1.1440 	 0.4609 	 5.3749 	 0.9553 	 -0.5042 	 0.0000 	 0.2772 	 0.0024 
25.0000 	 1.7767 	 5.0488 	 6.0742 	 5.9839 	 1.9395 	 0.0000 	 1.1143 	 589.2786 	 25.0000 	 1.0631 	 6.2967 	 9.2647 	 1.0398 	 1.1032 	 0.0000 	 2.5809 	 0.5886 
18.0000 	 1.9953 	 5.1520 	 6.9150 	 2.5709 	 1.9497 	 0.0000 	 1.0730 	 594.4678 	 18.0000 	 0.4975 	 1.1591 	 9.0516 	 1.4506 	 1.9182 	 0.0000 	 0.9774 	 0.0150 
17.0000 	 1.5853 	 3.2322 	 5.2144 	 5.7000 	 1.9223 	 0.0000 	 1.0486 	 593.6098 	 17.0000 	 0.0639 	 2.7467 	 5.5656 	 2.9884 	 -1.5750 	 0.0000 	 0.2268 	 0.0039 
23.0000 	 1.8925 	 3.1635 	 7.9774 	 5.3801 	 1.9386 	 0.0000 	 1.0559 	 593.3806 	 23.0000 	 2.1868 	 8.4611 	 7.1573 	 1.2301 	 1.0833 	 0.0000 	 1.0548 	 0.0021 
20.0000 	 1.7668 	 0.0023 	 7.6424 	 1.2666 	 0.6922 	 0.0000 	 1.0728 	 595.5077 	 20.0000 	 0.2742 	 7.2261 	 4.7525 	 1.9815 	 -0.2252 	 0.0000 	 1.9106 	 0.0036 
21.0000 	 1.8218 	 4.5943 	 0.0000 	 0.4483 	 1.6709 	 0.0000 	 1.0791 	 595.4735 	 21.0000 	 2.7651 	 4.0595 	 6.7810 	 0.0968 	 1.5860 	 0.0000 	 2.4561 	 0.0028 
24.0000 	 1.9625 	 7.8578 	 3.1864 	 0.1057 	 1.9539 	 0.0000 	 1.0768 	 595.3983 	 24.0000 	 0.3857 	 1.1577 	 3.5533 	 2.0638 	 0.0407 	 0.0000 	 2.5632 	 0.0022 
17.0000 	 1.5989 	 3.7959 	 0.0057 	 2.6103 	 0.3170 	 0.0000 	 1.0823 	 595.6498 	 17.0000 	 0.6147 	 5.3625 	 0.3956 	 1.8562 	 -1.4743 	 0.0000 	 2.0509 	 0.0044 
24.0000 	 1.9681 	 3.3494 	 8.7453 	 0.1116 	 1.9502 	 0.0000 	 1.0761 	 595.3870 	 24.0000 	 1.0848 	 7.3659 	 6.4897 	 2.2362 	 0.8129 	 0.0000 	 1.3817 	 0.0040 
26.0000 	 2.0576 	 7.0942 	 7.8799 	 0.7439 	 1.9553 	 0.0000 	 1.0735 	 595.3661 	 26.0000 	 1.9693 	 1.9729 	 3.7044 	 0.4221 	 -0.0166 	 0.0000 	 1.2296 	 0.0016 
19.0000 	 1.7036 	 0.0381 	 1.7655 	 0.8648 	 1.1324 	 0.0000 	 1.0680 	 595.5342 	 19.0000 	 0.0821 	 2.7330 	 2.6163 	 0.0225 	 0.1025 	 0.0000 	 0.5025 	 0.0038 
14.0000 	 1.5412 	 1.4426 	 7.9872 	 2.1120 	 1.8816 	 0.0000 	 1.0132 	 595.4279 	 14.0000 	 1.0533 	 8.5618 	 4.4962 	 0.9254 	 -0.7277 	 0.0000 	 0.5213 	 0.0079 
18.0000 	 1.6445 	 9.1247 	 2.2951 	 0.1581 	 1.9430 	 0.0000 	 1.0792 	 595.6013 	 18.0000 	 2.0303 	 2.7213 	 0.8802 	 0.8647 	 1.2419 	 0.0000 	 1.6552 	 0.0039 
42.0000 	 2.6991 	 7.7028 	 8.0135 	 0.1076 	 1.9520 	 0.0000 	 1.0761 	 595.2664 	 42.0000 	 1.4561 	 4.7077 	 2.6733 	 0.1026 	 2.8912 	 0.0000 	 0.9546 	 0.0007 
14.0000 	 1.5176 	 2.5635 	 8.4171 	 5.2016 	 1.9633 	 0.0000 	 1.0662 	 594.1784 	 14.0000 	 2.5481 	 5.0315 	 4.9471 	 1.9101 	 -2.9721 	 0.0000 	 0.5201 	 0.0067 
16.0000 	 1.5468 	 0.1188 	 2.1825 	 0.9975 	 1.1146 	 0.0000 	 1.0487 	 595.7520 	 16.0000 	 0.7377 	 8.0480 	 2.8475 	 1.4702 	 -0.5110 	 0.0000 	 0.2073 	 0.0054 
22.0000 	 1.8453 	 3.3207 	 5.2527 	 5.9673 	 1.9262 	 0.0000 	 1.0520 	 593.4130 	 22.0000 	 2.7462 	 8.3323 	 1.7500 	 1.9255 	 0.7757 	 0.0000 	 2.1927 	 0.0022 
23.0000 	 1.9287 	 9.1136 	 6.8507 	 0.8861 	 1.9550 	 0.0000 	 1.0756 	 595.4274 	 23.0000 	 2.7472 	 6.4517 	 7.8238 	 0.8760 	 2.0183 	 0.0000 	 1.0054 	 0.0021 
23.0000 	 2.0958 	 5.5518 	 5.3735 	 2.7484 	 1.9600 	 0.0000 	 1.0512 	 595.7278 	 23.0000 	 1.0888 	 7.2568 	 9.0384 	 1.8132 	 1.7623 	 0.0000 	 0.5577 	 0.0034 
20.0000 	 1.7723 	 9.9992 	 1.9363 	 4.5922 	 1.9464 	 0.0000 	 1.0973 	 595.4578 	 20.0000 	 0.2936 	 7.2968 	 1.4062 	 0.4255 	 -0.2252 	 0.0000 	 1.8358 	 0.0048 
18.0000 	 3.7196 	 8.5022 	 5.0256 	 3.7928 	 1.9329 	 0.0000 	 1.0667 	 601.3544 	 18.0000 	 2.5737 	 9.6628 	 2.4919 	 2.8745 	 0.2208 	 0.0000 	 1.1403 	 0.0119 
14.0000 	 1.4301 	 3.0060 	 7.8711 	 5.3180 	 1.9383 	 0.0000 	 1.0569 	 593.9064 	 14.0000 	 0.5617 	 7.0564 	 8.7272 	 2.0793 	 0.2803 	 0.0000 	 0.0927 	 0.0083 
17.0000 	 1.6085 	 3.0140 	 6.8346 	 4.0122 	 1.9312 	 0.0000 	 1.0625 	 594.0682 	 17.0000 	 2.2639 	 5.6589 	 4.3794 	 0.3507 	 0.6494 	 0.0000 	 2.0939 	 0.0080 
13.0000 	 1.3623 	 8.0237 	 9.1927 	 8.4662 	 1.9491 	 0.0000 	 1.0756 	 595.9549 	 13.0000 	 2.8733 	 3.2615 	 9.6979 	 0.9737 	 -0.2877 	 0.0000 	 1.2242 	 0.0071 
15.0000 	 1.4466 	 9.9975 	 0.5755 	 0.7388 	 1.8488 	 0.0000 	 1.0840 	 595.7508 	 15.0000 	 2.8532 	 7.1277 	 4.2743 	 2.6450 	 -1.5204 	 0.0000 	 1.0439 	 0.0057 
22.0000 	 2.5015 	 0.7240 	 0.9702 	 5.3914 	 0.6455 	 0.0000 	 0.0000 	 599.5205 	 22.0000 	 0.3576 	 6.0528 	 5.7664 	 0.1873 	 0.8622 	 0.0000 	 1.3424 	 0.0120 
13.0000 	 1.3503 	 3.3334 	 4.6171 	 5.5893 	 1.9215 	 0.0000 	 1.0442 	 594.0250 	 13.0000 	 0.8959 	 3.1852 	 7.8072 	 0.9602 	 -0.5208 	 0.0000 	 0.8536 	 0.0067 
24.0000 	 1.9522 	 1.4448 	 8.0841 	 0.7959 	 1.9186 	 0.0000 	 1.0664 	 595.1129 	 24.0000 	 0.5915 	 1.7706 	 7.7040 	 1.4104 	 -1.7531 	 0.0000 	 1.1395 	 0.0027 
20.0000 	 1.7571 	 7.4507 	 0.9592 	 0.1450 	 1.9356 	 0.0000 	 1.0815 	 595.5009 	 20.0000 	 1.8793 	 3.5296 	 0.5639 	 0.1759 	 -2.6354 	 0.0000 	 2.5570 	 0.0028 
16.0000 	 1.4973 	 3.4908 	 7.2168 	 6.2222 	 1.9365 	 0.0000 	 1.0555 	 593.7861 	 16.0000 	 1.6979 	 9.5769 	 6.3128 	 1.9793 	 0.0884 	 0.0000 	 0.6885 	 0.0049 
15.0000 	 1.5598 	 1.9570 	 2.0495 	 3.2698 	 1.7258 	 0.0000 	 1.0250 	 595.4756 	 15.0000 	 2.2200 	 0.0824 	 4.6547 	 1.5608 	 -1.8075 	 0.0000 	 1.5004 	 0.0037 
13.0000 	 1.3609 	 0.0000 	 5.3335 	 2.6896 	 -0.7400 	 0.0000 	 1.0774 	 596.0143 	 13.0000 	 1.0221 	 0.1436 	 4.5215 	 1.0371 	 -0.6789 	 0.0000 	 2.5750 	 0.0083 
19.0000 	 1.6980 	 3.2462 	 4.3279 	 5.7740 	 1.9109 	 0.0000 	 1.0425 	 593.5424 	 19.0000 	 1.9099 	 1.7415 	 4.6055 	 0.5115 	 -1.1794 	 0.0000 	 2.7081 	 0.0028 
17.0000 	 1.5653 	 3.2347 	 7.7937 	 5.4055 	 1.9347 	 0.0000 	 1.0572 	 593.6179 	 17.0000 	 0.7956 	 5.6668 	 0.9032 	 2.8726 	 1.4815 	 0.0000 	 2.0840 	 0.0043 
20.0000 	 1.7436 	 3.2561 	 6.2621 	 5.6429 	 1.9328 	 0.0000 	 1.0529 	 593.4551 	 20.0000 	 2.2187 	 5.6166 	 4.1295 	 1.7553 	 2.9124 	 0.0000 	 0.3092 	 0.0047 
12.0000 	 1.2791 	 9.6770 	 0.2715 	 2.1173 	 1.2554 	 0.0000 	 1.0668 	 596.0405 	 12.0000 	 1.8361 	 4.5424 	 2.9214 	 1.5662 	 -2.8436 	 0.0000 	 0.0912 	 0.0066 
14.0000 	 1.4213 	 5.6747 	 7.5460 	 0.6099 	 1.9579 	 0.0000 	 1.0812 	 595.8946 	 14.0000 	 2.2223 	 1.0505 	 0.9068 	 1.2969 	 -0.1571 	 0.0000 	 0.0071 	 0.0058 
15.0000 	 1.4827 	 0.0117 	 6.2140 	 0.2345 	 1.7219 	 0.0000 	 1.0786 	 595.7896 	 15.0000 	 1.5348 	 3.7139 	 8.9890 	 0.3869 	 -0.8099 	 0.0000 	 1.6723 	 0.0052 
12.0000 	 1.2807 	 5.2314 	 0.0144 	 2.4637 	 0.4244 	 0.0000 	 1.0761 	 596.1292 	 12.0000 	 2.7510 	 4.9943 	 9.1226 	 0.9313 	 0.3263 	 0.0000 	 0.4668 	 0.0097 
13.0000 	 1.3600 	 8.2138 	 6.5881 	 0.8333 	 1.9574 	 0.0000 	 1.0843 	 595.9952 	 13.0000 	 2.3962 	 8.3974 	 1.2536 	 2.2038 	 -2.1055 	 0.0000 	 1.4007 	 0.0152 
13.0000 	 1.3796 	 0.0000 	 7.3183 	 0.3825 	 1.5714 	 0.0000 	 1.0761 	 596.0100 	 13.0000 	 1.3705 	 3.0800 	 7.7841 	 1.6562 	 -2.3451 	 0.0000 	 2.5447 	 0.0079 
18.0000 	 1.6713 	 4.3915 	 2.4320 	 8.4679 	 1.8555 	 0.0000 	 1.0360 	 593.9037 	 18.0000 	 1.8889 	 7.7709 	 6.6574 	 1.8840 	 -2.0104 	 0.0000 	 1.7287 	 0.0034 
10.0000 	 1.1568 	 2.4449 	 9.4018 	 0.5110 	 1.9476 	 0.0000 	 1.0757 	 596.4559 	 10.0000 	 2.8060 	 4.9326 	 0.4183 	 0.4628 	 -1.9399 	 0.0000 	 2.0898 	 0.0116 
8.0000 	 1.0633 	 2.3196 	 5.6200 	 3.0624 	 1.9136 	 0.0000 	 1.0466 	 596.1388 	 8.0000 	 1.6420 	 1.9642 	 9.3771 	 0.8751 	 2.5215 	 0.0000 	 2.7137 	 0.0194 
10.0000 	 1.1736 	 9.5848 	 8.9340 	 2.0354 	 1.9468 	 0.0000 	 1.0770 	 596.5196 	 10.0000 	 0.2955 	 2.0751 	 0.4786 	 2.4027 	 -1.4260 	 0.0000 	 0.9108 	 0.0109 
19.0000 	 1.6463 	 3.3356 	 9.2455 	 5.9513 	 1.9458 	 0.0000 	 1.0573 	 593.6493 	 19.0000 	 1.9171 	 5.1293 	 0.0786 	 2.9413 	 2.6059 	 0.0000 	 1.4947 	 0.0026 
18.0000 	 1.6003 	 4.1413 	 6.5942 	 9.8526 	 1.9484 	 0.0000 	 1.0595 	 594.4883 	 18.0000 	 2.0545 	 1.5688 	 8.6093 	 1.1515 	 -1.2332 	 0.0000 	 2.1696 	 0.0150 
11.0000 	 1.1737 	 6.2222 	 0.0000 	 0.0409 	 1.9021 	 0.0000 	 1.0667 	 596.4874 	 11.0000 	 2.7079 	 6.7548 	 6.7734 	 1.2876 	 -1.6297 	 0.0000 	 2.1179 	 0.0093 
7.0000 	 0.9650 	 8.7320 	 9.7590 	 3.4994 	 1.9751 	 0.0000 	 1.0611 	 597.5217 	 7.0000 	 1.3651 	 1.0332 	 6.8963 	 0.5724 	 1.6456 	 0.0000 	 2.7038 	 0.0410 
12.0000 	 1.2671 	 3.6708 	 2.7710 	 6.4828 	 1.8708 	 0.0000 	 1.0180 	 594.3827 	 12.0000 	 2.7300 	 7.8922 	 7.8428 	 2.1928 	 0.1535 	 0.0000 	 0.3735 	 0.0065 
16.0000 	 1.5359 	 7.7808 	 7.2351 	 0.0000 	 1.9666 	 0.0000 	 1.0843 	 595.7215 	 16.0000 	 0.1758 	 5.2060 	 3.9464 	 1.2025 	 0.5120 	 0.0000 	 1.8391 	 0.0224 
10.0000 	 1.1054 	 8.4288 	 1.9416 	 10.0000 	 1.8680 	 0.0000 	 1.0607 	 595.6486 	 10.0000 	 2.0868 	 6.8827 	 8.9646 	 2.5920 	 0.8122 	 0.0000 	 2.9623 	 0.0126 
7.0000 	 1.0063 	 3.7450 	 8.6127 	 0.0000 	 1.9530 	 0.0000 	 1.0722 	 597.5246 	 7.0000 	 0.7981 	 8.8402 	 0.8825 	 1.5195 	 1.9945 	 0.0000 	 2.5924 	 0.0159 
15.0000 	 1.4959 	 7.6364 	 7.7075 	 7.8127 	 1.9389 	 0.0000 	 1.0628 	 595.7854 	 15.0000 	 0.7271 	 6.8267 	 8.4071 	 2.4091 	 -2.0848 	 0.0000 	 0.4724 	 0.0057 
9.0000 	 1.1113 	 6.7486 	 1.3487 	 3.2260 	 1.8653 	 0.0000 	 1.0688 	 596.5726 	 9.0000 	 0.8906 	 2.7948 	 3.9873 	 1.2237 	 -1.3175 	 0.0000 	 2.3936 	 0.0197 
5.0000 	 0.9392 	 9.1121 	 3.3022 	 1.7014 	 1.9535 	 0.0000 	 1.0803 	 598.2210 	 5.0000 	 1.6778 	 4.8275 	 5.1764 	 1.3231 	 -2.9735 	 0.0000 	 2.1149 	 0.0344 
8.0000 	 1.0870 	 2.7843 	 7.9104 	 5.2828 	 1.9271 	 0.0000 	 1.0611 	 595.6088 	 8.0000 	 1.9347 	 0.8843 	 4.5526 	 0.0119 	 2.6045 	 0.0000 	 1.8712 	 0.0168 
8.0000 	 1.0304 	 5.8654 	 2.5489 	 1.3768 	 1.9462 	 0.0000 	 1.0834 	 597.0160 	 8.0000 	 2.3661 	 7.1256 	 4.9115 	 2.2698 	 -1.8190 	 0.0000 	 2.6256 	 0.0304 
12.0000 	 1.3196 	 0.0016 	 1.5350 	 2.4099 	 -0.4440 	 0.0000 	 1.0715 	 596.1556 	 12.0000 	 0.5005 	 2.2100 	 6.7909 	 2.1620 	 -2.4132 	 0.0000 	 0.8684 	 0.0152 
3.0000 	 0.8691 	 5.4311 	 0.0027 	 3.7449 	 -0.4032 	 0.0000 	 1.0748 	 597.9937 	 3.0000 	 0.0675 	 4.2436 	 1.9654 	 2.8756 	 1.8843 	 0.0000 	 1.2268 	 0.0410 
7.0000 	 0.9649 	 6.4445 	 1.9489 	 0.6809 	 1.9422 	 0.0000 	 1.0721 	 597.4321 	 7.0000 	 0.5344 	 3.4964 	 6.7086 	 0.7600 	 0.7442 	 0.0000 	 2.1773 	 0.0185 
7.0000 	 0.9143 	 5.3686 	 7.7890 	 5.7217 	 1.9920 	 0.0000 	 1.0224 	 597.4473 	 7.0000 	 2.5186 	 3.6575 	 7.8270 	 0.6396 	 -2.9826 	 0.0000 	 1.2887 	 0.0373 
15.0000 	 1.5262 	 0.3804 	 0.0000 	 1.2198 	 1.1807 	 0.0000 	 1.0693 	 595.7856 	 15.0000 	 0.3512 	 1.6945 	 1.3367 	 1.7780 	 -2.6528 	 0.0000 	 0.9760 	 0.0096 
18.0000 	 1.6268 	 3.3273 	 5.8735 	 5.5966 	 1.9326 	 0.0000 	 1.0488 	 593.5480 	 18.0000 	 1.0713 	 1.9594 	 4.6218 	 2.3352 	 0.6599 	 0.0000 	 0.1183 	 0.0034 
15.0000 	 1.4519 	 3.2525 	 9.9999 	 5.2561 	 1.9382 	 0.0000 	 1.0575 	 593.7982 	 15.0000 	 1.0830 	 9.5980 	 1.0532 	 1.5379 	 -0.2212 	 0.0000 	 1.3444 	 0.0053 
11.0000 	 1.2537 	 7.0908 	 8.6523 	 1.4873 	 1.9675 	 0.0000 	 1.0745 	 596.3368 	 11.0000 	 1.6447 	 8.9591 	 6.1008 	 2.0551 	 -0.3943 	 0.0000 	 2.1748 	 0.0510 
4.0000 	 0.8657 	 6.6543 	 4.8110 	 0.4819 	 1.9607 	 0.0000 	 1.0855 	 598.2763 	 4.0000 	 2.1430 	 9.6741 	 8.6864 	 1.1038 	 0.2403 	 0.0000 	 2.7345 	 0.0422 
2.0000 	 0.6646 	 9.9988 	 1.7074 	 0.0000 	 1.9518 	 0.0000 	 1.0775 	 597.5660 	 2.0000 	 1.5462 	 2.5201 	 5.9372 	 1.0488 	 -2.9353 	 0.0000 	 0.3721 	 0.0329 
12.0000 	 1.2758 	 3.3386 	 5.0991 	 5.8402 	 1.9266 	 0.0000 	 1.0411 	 594.1682 	 12.0000 	 2.7822 	 3.9669 	 6.7926 	 2.1508 	 -2.4617 	 0.0000 	 2.0346 	 0.0085 
5.0000 	 0.7555 	 3.4431 	 4.5840 	 2.4466 	 1.9416 	 0.0000 	 1.0692 	 598.0060 	 5.0000 	 1.6205 	 8.3923 	 3.3464 	 1.7806 	 1.1462 	 0.0000 	 2.9246 	 0.0315 
4.0000 	 1.0366 	 7.3413 	 5.2655 	 0.0602 	 1.9459 	 0.0000 	 1.0893 	 598.3928 	 4.0000 	 0.8168 	 7.1667 	 4.1940 	 2.3255 	 1.0517 	 0.0000 	 0.4298 	 0.0546 
3.0000 	 0.8042 	 0.0000 	 8.1274 	 0.0000 	 1.9373 	 0.0000 	 1.0754 	 597.9330 	 3.0000 	 1.9098 	 9.6107 	 4.6005 	 1.2853 	 -1.6055 	 0.0000 	 0.7478 	 0.0378 
4.0000 	 1.0983 	 5.0870 	 0.0442 	 1.9177 	 0.8553 	 0.0000 	 1.0918 	 598.4376 	 4.0000 	 2.8715 	 9.8408 	 0.1359 	 0.3078 	 1.0368 	 0.0000 	 1.0177 	 0.0447 
9.0000 	 1.1247 	 2.2083 	 4.3074 	 2.8594 	 1.8822 	 0.0000 	 1.0359 	 595.8710 	 9.0000 	 0.6476 	 6.6666 	 8.5468 	 0.7560 	 0.8014 	 0.0000 	 0.9239 	 0.0157 
11.0000 	 1.1902 	 7.8800 	 2.9544 	 0.0003 	 1.9716 	 0.0000 	 1.0730 	 596.3730 	 11.0000 	 2.2931 	 7.6586 	 7.5427 	 1.0826 	 -2.0955 	 0.0000 	 1.4013 	 0.0094 
2.0000 	 2.2332 	 3.3301 	 3.1006 	 2.4434 	 1.9189 	 0.0000 	 1.0902 	 597.1859 	 2.0000 	 1.9592 	 0.8703 	 4.8036 	 2.8204 	 2.1699 	 0.0000 	 1.9626 	 0.1485 
11.0000 	 1.1940 	 3.9143 	 4.4783 	 0.1120 	 1.9250 	 0.0000 	 1.0771 	 596.4309 	 11.0000 	 1.5439 	 1.1777 	 8.5011 	 1.8882 	 -1.9474 	 0.0000 	 2.0549 	 0.0097 
8.0000 	 0.9867 	 2.4937 	 9.9939 	 0.4685 	 1.9457 	 0.0000 	 1.0818 	 597.0404 	 8.0000 	 2.0571 	 3.4775 	 9.7130 	 0.0513 	 -1.5442 	 0.0000 	 2.9930 	 0.0155 
14.0000 	 1.4336 	 0.0050 	 2.1945 	 3.2243 	 -1.2518 	 0.0000 	 1.0677 	 595.9030 	 14.0000 	 1.9127 	 0.9243 	 9.0468 	 2.1027 	 -1.9078 	 0.0000 	 0.9463 	 0.0063 
2.0000 	 0.7719 	 9.5921 	 9.9361 	 0.6766 	 1.9533 	 0.0000 	 1.0723 	 597.5625 	 2.0000 	 2.5001 	 1.8771 	 7.1982 	 0.5231 	 1.7141 	 0.0000 	 2.6245 	 0.0452 
11.0000 	 1.2752 	 2.2983 	 5.7755 	 3.2748 	 1.9173 	 0.0000 	 1.0458 	 595.1753 	 11.0000 	 2.2272 	 7.0512 	 7.5319 	 1.8839 	 1.8105 	 0.0000 	 2.2637 	 0.0099 
4.0000 	 0.7395 	 1.8490 	 0.0099 	 0.9535 	 1.3511 	 0.0000 	 1.0992 	 598.3753 	 4.0000 	 0.8408 	 4.0684 	 4.0757 	 1.8374 	 -2.7415 	 0.0000 	 0.7443 	 0.0487 
9.0000 	 1.0852 	 2.6756 	 0.0000 	 1.1472 	 1.2288 	 0.0000 	 1.0784 	 596.7778 	 9.0000 	 2.1912 	 0.7701 	 6.8046 	 0.9870 	 -1.1312 	 0.0000 	 0.8658 	 0.0132 
6.0000 	 0.9008 	 7.4323 	 5.6387 	 0.0000 	 1.9658 	 0.0000 	 1.0596 	 597.8682 	 6.0000 	 1.9515 	 7.7835 	 9.5503 	 0.4682 	 0.5408 	 0.0000 	 1.0095 	 0.0284 
9.0000 	 1.1333 	 2.5433 	 5.7496 	 3.1082 	 1.9277 	 0.0000 	 1.0556 	 595.7354 	 9.0000 	 2.8091 	 1.2804 	 5.2474 	 2.3091 	 -1.7925 	 0.0000 	 2.1053 	 0.0294 
9.0000 	 1.0886 	 0.0000 	 9.9998 	 2.6255 	 -0.6756 	 0.0000 	 1.0721 	 596.7832 	 9.0000 	 0.5009 	 8.7035 	 3.5124 	 1.6936 	 2.7209 	 0.0000 	 2.3152 	 0.0134 
14.0000 	 1.4384 	 8.3080 	 8.6122 	 1.3989 	 1.9407 	 0.0000 	 1.0901 	 595.9163 	 14.0000 	 1.6485 	 8.2762 	 7.7403 	 2.6683 	 -0.3802 	 0.0000 	 1.3791 	 0.0051 
6.0000 	 0.7848 	 9.5020 	 0.0000 	 0.8950 	 1.4473 	 0.0000 	 1.0982 	 596.9708 	 6.0000 	 0.7240 	 6.6646 	 2.0435 	 1.9181 	 0.5096 	 0.0000 	 0.4123 	 0.3613 
4.0000 	 0.7541 	 0.0002 	 9.9960 	 2.5589 	 -0.6079 	 0.0000 	 1.0997 	 598.2968 	 4.0000 	 1.9495 	 7.0171 	 1.9342 	 1.9014 	 -2.3680 	 0.0000 	 0.2827 	 0.0358 
10.0000 	 1.1056 	 6.0438 	 2.9371 	 8.3621 	 1.9297 	 0.0000 	 1.0633 	 595.4483 	 10.0000 	 0.3192 	 0.3491 	 6.7017 	 2.5838 	 0.3456 	 0.0000 	 0.6587 	 0.0130 
10.0000 	 1.1219 	 2.2880 	 4.4944 	 1.2576 	 1.9116 	 0.0000 	 1.0596 	 596.2019 	 10.0000 	 1.9265 	 1.6276 	 2.5209 	 2.7935 	 1.6359 	 0.0000 	 1.8937 	 0.0117 
36.0000 	 2.4794 	 3.5178 	 0.0017 	 2.4822 	 0.3870 	 0.0000 	 1.0774 	 595.2805 	 36.0000 	 0.6510 	 9.7815 	 7.2467 	 2.9358 	 -0.9600 	 0.0000 	 2.0762 	 0.0010 
6.0000 	 0.8522 	 6.5264 	 1.4923 	 0.1758 	 1.9437 	 0.0000 	 1.0927 	 597.8766 	 6.0000 	 0.0060 	 9.0511 	 5.6650 	 0.5158 	 1.8977 	 0.0000 	 0.7570 	 0.0269 
1.0000 	 0.4390 	 0.5851 	 0.0220 	 0.8766 	 1.4043 	 0.0000 	 1.0755 	 597.7369 	 1.0000 	 0.1039 	 1.0826 	 9.3042 	 0.4245 	 -0.1302 	 0.0000 	 2.3130 	 0.0606 
9.0000 	 1.1191 	 8.1704 	 8.8935 	 1.8026 	 1.9594 	 0.0000 	 1.0784 	 596.7314 	 9.0000 	 0.6450 	 4.8726 	 3.4847 	 0.1120 	 2.2850 	 0.0000 	 2.9925 	 0.0324 
5.0000 	 0.8495 	 0.3098 	 0.0000 	 0.6645 	 1.5372 	 0.0000 	 1.0770 	 598.1624 	 5.0000 	 1.9834 	 2.5411 	 0.6066 	 2.9381 	 -1.8569 	 0.0000 	 1.4839 	 0.0387 
6.0000 	 0.9219 	 1.7019 	 5.5997 	 2.5222 	 1.9140 	 0.0000 	 1.0312 	 597.1659 	 6.0000 	 0.0976 	 8.9290 	 8.0265 	 2.2845 	 2.3169 	 0.0000 	 2.7325 	 0.0257 
11.0000 	 1.2402 	 2.8842 	 6.9257 	 5.4992 	 1.9309 	 0.0000 	 1.0494 	 594.4034 	 11.0000 	 0.8038 	 8.5166 	 9.0501 	 2.1384 	 2.1861 	 0.0000 	 1.0464 	 0.0193 
8.0000 	 1.0172 	 10.0000 	 10.0000 	 3.6513 	 1.9577 	 0.0000 	 1.0719 	 597.1056 	 8.0000 	 2.9407 	 7.5227 	 4.7142 	 2.6048 	 0.1493 	 0.0000 	 0.8773 	 0.0178 
1.0000 	 0.3335 	 10.0000 	 8.5336 	 1.5125 	 1.9969 	 0.0000 	 1.0403 	 597.9636 	 1.0000 	 0.4750 	 5.1750 	 3.9382 	 0.9267 	 0.6968 	 0.0000 	 0.8511 	 0.0341 
8.0000 	 0.9922 	 4.8478 	 9.9988 	 0.0000 	 1.9583 	 0.0000 	 1.0768 	 597.1176 	 8.0000 	 0.1889 	 8.8066 	 4.6437 	 0.4080 	 -2.8923 	 0.0000 	 0.2166 	 0.0150 
3.0000 	 0.8026 	 0.0000 	 2.0615 	 1.2841 	 0.6712 	 0.0000 	 1.0870 	 597.9539 	 3.0000 	 0.0996 	 9.7913 	 0.8846 	 1.3672 	 2.1421 	 0.0000 	 0.3433 	 0.0483 
5.0000 	 0.8236 	 3.8236 	 5.4870 	 0.0000 	 1.9529 	 0.0000 	 1.0798 	 598.0942 	 5.0000 	 0.4374 	 7.2149 	 5.7652 	 0.0491 	 1.9992 	 0.0000 	 2.0691 	 0.0481 
3.0000 	 0.8573 	 3.8222 	 3.2494 	 3.1100 	 1.9284 	 0.0000 	 1.0727 	 598.0680 	 3.0000 	 0.0311 	 8.5590 	 2.4639 	 0.4286 	 -1.3208 	 0.0000 	 2.7067 	 0.0524 
9.0000 	 1.0885 	 0.0000 	 8.8768 	 7.1979 	 -5.2437 	 0.0000 	 1.0860 	 596.7727 	 9.0000 	 2.1417 	 2.8771 	 3.3609 	 2.8713 	 -2.3059 	 0.0000 	 1.5484 	 0.0127 
6.0000 	 1.0611 	 0.7345 	 1.2600 	 2.5858 	 1.3930 	 0.0000 	 0.9344 	 598.0977 	 6.0000 	 0.0579 	 0.4901 	 5.7836 	 0.0484 	 -0.2568 	 0.0000 	 2.9229 	 0.0349 
7.0000 	 0.9240 	 4.5421 	 4.1646 	 0.8200 	 1.9514 	 0.0000 	 1.0799 	 597.3951 	 7.0000 	 2.4549 	 6.1896 	 3.4662 	 0.3923 	 -1.3108 	 0.0000 	 1.8262 	 0.0182 
1.0000 	 0.2803 	 0.0000 	 4.2907 	 3.0584 	 -1.0948 	 0.0000 	 1.0748 	 597.6286 	 1.0000 	 2.7393 	 6.6597 	 1.5168 	 1.0867 	 -2.3098 	 0.0000 	 1.6302 	 0.0848 
2.0000 	 0.7762 	 3.6170 	 7.4110 	 3.2900 	 1.9231 	 0.0000 	 1.1015 	 597.6512 	 2.0000 	 0.7190 	 0.0059 	 5.9670 	 2.4398 	 2.9188 	 0.0000 	 0.9491 	 0.0421 
6.0000 	 0.9271 	 8.6229 	 4.9233 	 2.2117 	 1.9517 	 0.0000 	 1.0781 	 597.8852 	 6.0000 	 0.0477 	 5.9847 	 4.4110 	 2.3767 	 2.5462 	 0.0000 	 0.6513 	 0.0419 
3.0000 	 0.8631 	 1.6938 	 8.4482 	 2.5488 	 1.9496 	 0.0000 	 1.0753 	 597.8090 	 3.0000 	 2.7903 	 5.3616 	 2.8225 	 0.9632 	 -2.0626 	 0.0000 	 1.0460 	 0.0805 
1.0000 	 0.4054 	 7.6907 	 6.9285 	 0.2112 	 1.9518 	 0.0000 	 1.0799 	 597.6279 	 1.0000 	 1.2164 	 7.3958 	 5.5054 	 2.0512 	 -0.1509 	 0.0000 	 2.9867 	 0.0359 
5.0000 	 0.8160 	 6.3043 	 4.3376 	 1.3571 	 1.9538 	 0.0000 	 1.0726 	 598.1058 	 5.0000 	 0.7123 	 3.4181 	 2.7610 	 1.4246 	 -2.6266 	 0.0000 	 2.7647 	 0.0426 
9.0000 	 1.1267 	 2.6721 	 6.6101 	 4.7303 	 1.9636 	 0.0000 	 1.0118 	 595.3887 	 9.0000 	 0.7472 	 4.5067 	 1.8577 	 1.7181 	 1.2383 	 0.0000 	 1.4725 	 0.0129 
4.0000 	 0.7542 	 4.7427 	 0.0621 	 4.2277 	 -0.4066 	 0.0000 	 1.0682 	 598.2582 	 4.0000 	 0.2525 	 1.3208 	 3.3985 	 0.9826 	 -0.5023 	 0.0000 	 1.3667 	 0.0398 
2.0000 	 0.7962 	 2.1906 	 6.1302 	 1.1703 	 1.9857 	 0.0000 	 1.0571 	 597.6554 	 2.0000 	 1.7054 	 5.3576 	 5.1865 	 0.3491 	 -2.9464 	 0.0000 	 2.7042 	 0.0552 
5.0000 	 1.1474 	 1.1838 	 4.9225 	 3.7881 	 1.9120 	 0.0000 	 1.0493 	 597.7852 	 5.0000 	 0.3480 	 3.1347 	 3.5465 	 2.9599 	 -1.9788 	 0.0000 	 2.2037 	 0.0403 
36.0000 	 1.8171 	 1.2061 	 2.7234 	 2.8920 	 0.6687 	 0.0000 	 0.0001 	 666.3695 	 36.0000 	 0.4951 	 7.1799 	 8.8627 	 1.8849 	 1.4871 	 0.0000 	 2.8645 	 0.0480 
3.0000 	 1.0812 	 3.4462 	 9.5874 	 5.1206 	 1.9536 	 0.0000 	 1.0717 	 598.0147 	 3.0000 	 2.0274 	 0.5400 	 6.7149 	 1.1815 	 2.9681 	 0.0000 	 0.0721 	 0.0413 
6.0000 	 0.8998 	 7.0408 	 5.8126 	 2.3554 	 1.9673 	 0.0000 	 1.0842 	 597.8567 	 6.0000 	 1.2195 	 1.1451 	 3.0589 	 1.3279 	 -0.5768 	 0.0000 	 1.4488 	 0.0245 
4.0000 	 0.9603 	 8.0551 	 1.2534 	 0.9279 	 1.9411 	 0.0000 	 1.0784 	 597.8896 	 4.0000 	 2.5605 	 1.4385 	 0.8777 	 2.8096 	 -1.9231 	 0.0000 	 2.0423 	 0.1163 
2.0000 	 0.9795 	 1.1617 	 8.8282 	 0.3974 	 1.9565 	 0.0000 	 1.0779 	 597.5345 	 2.0000 	 0.8628 	 2.3600 	 8.7999 	 0.1365 	 2.5776 	 0.0000 	 1.6217 	 0.0385 
4.0000 	 0.8592 	 4.7276 	 1.7053 	 0.7279 	 1.9507 	 0.0000 	 1.0654 	 598.2367 	 4.0000 	 1.6149 	 8.4264 	 1.0232 	 2.7502 	 -2.5630 	 0.0000 	 1.6884 	 0.0340 
5.0000 	 0.9122 	 8.5313 	 6.7263 	 4.7925 	 1.9473 	 0.0000 	 1.0992 	 598.2187 	 5.0000 	 2.8915 	 8.5879 	 9.3634 	 1.6117 	 2.1433 	 0.0000 	 0.4464 	 0.0388 
2.0000 	 1.0068 	 9.9982 	 3.3823 	 3.2029 	 1.9625 	 0.0000 	 1.0755 	 597.5540 	 2.0000 	 1.7616 	 7.4886 	 5.6230 	 2.2182 	 -1.4526 	 0.0000 	 2.7927 	 0.0222 
1.0000 	 0.3094 	 3.3632 	 8.9607 	 1.7509 	 1.9577 	 0.0000 	 1.0816 	 597.5317 	 1.0000 	 0.5760 	 4.2926 	 3.3018 	 2.6840 	 1.7090 	 0.0000 	 0.0761 	 0.0384 
3.0000 	 0.8629 	 4.8300 	 6.5261 	 0.5286 	 1.9533 	 0.0000 	 1.0762 	 597.9193 	 3.0000 	 0.9042 	 3.3282 	 1.0140 	 0.9678 	 -0.3050 	 0.0000 	 1.4469 	 0.0662 
2.0000 	 0.7006 	 2.0206 	 4.2756 	 2.4933 	 2.0220 	 0.0000 	 1.0593 	 597.0228 	 2.0000 	 1.2798 	 3.7950 	 5.2628 	 0.5016 	 0.7304 	 0.0000 	 0.5530 	 0.0872 
34.0000 	 2.3630 	 3.2391 	 7.0302 	 5.5614 	 1.9368 	 0.0000 	 1.0535 	 593.2679 	 34.0000 	 0.2603 	 3.8684 	 5.1104 	 2.6513 	 1.1442 	 0.0000 	 2.4164 	 0.0010 
31.0000 	 2.3145 	 7.4901 	 4.9954 	 2.0983 	 1.9509 	 0.0000 	 1.0884 	 595.3264 	 31.0000 	 1.7214 	 7.7964 	 3.6166 	 1.2130 	 0.1325 	 0.0000 	 2.5578 	 0.0115 
31.0000 	 2.2836 	 6.5412 	 0.0004 	 3.0686 	 0.0134 	 0.0000 	 1.0790 	 595.3110 	 31.0000 	 0.0618 	 7.6478 	 5.2046 	 1.9269 	 -1.7978 	 0.0000 	 1.7883 	 0.0014 
29.0000 	 2.1179 	 1.1133 	 0.0000 	 6.8528 	 -2.3373 	 0.0000 	 1.0853 	 595.5551 	 29.0000 	 2.4190 	 0.4564 	 9.7910 	 2.8980 	 -0.2932 	 0.0000 	 0.4682 	 0.0059 
27.0000 	 2.1010 	 0.3765 	 5.4452 	 0.0767 	 1.9095 	 0.0000 	 1.0787 	 595.3205 	 27.0000 	 1.9956 	 3.6766 	 6.9596 	 0.6928 	 -1.9268 	 0.0000 	 0.4616 	 0.0027 
26.0000 	 2.0653 	 8.1931 	 0.2742 	 0.0174 	 1.9453 	 0.0000 	 1.0768 	 595.3668 	 26.0000 	 2.2109 	 7.5582 	 8.2332 	 1.8850 	 -2.5390 	 0.0000 	 1.6590 	 0.0025 
24.0000 	 1.9749 	 3.2071 	 4.5113 	 6.1425 	 1.9113 	 0.0000 	 1.0458 	 593.4216 	 24.0000 	 2.6142 	 2.9256 	 8.6422 	 2.7827 	 1.3196 	 0.0000 	 1.5142 	 0.0020 
23.0000 	 1.9156 	 0.0000 	 10.0000 	 2.2066 	 -0.2518 	 0.0000 	 1.0773 	 595.4215 	 23.0000 	 1.2516 	 7.4629 	 5.4013 	 0.2862 	 2.0441 	 0.0000 	 0.0657 	 0.0021 
21.0000 	 1.8335 	 8.9000 	 3.8942 	 0.7578 	 1.9533 	 0.0000 	 1.0799 	 595.4702 	 21.0000 	 0.8273 	 1.3474 	 2.9075 	 1.7195 	 1.5124 	 0.0000 	 1.2967 	 0.0030 
19.0000 	 1.7204 	 6.7658 	 8.6539 	 0.0000 	 1.9555 	 0.0000 	 1.0763 	 595.5511 	 19.0000 	 2.9953 	 7.7726 	 4.1569 	 1.8694 	 -2.6922 	 0.0000 	 1.8824 	 0.0036 
17.0000 	 1.5955 	 2.8346 	 6.4250 	 4.4993 	 1.9429 	 0.0000 	 1.0446 	 593.8545 	 17.0000 	 1.0200 	 9.5279 	 4.6737 	 1.9551 	 2.9438 	 0.0000 	 2.2305 	 0.0033 
16.0000 	 1.5526 	 9.0049 	 4.8133 	 0.6066 	 1.9563 	 0.0000 	 1.0751 	 595.7100 	 16.0000 	 2.2611 	 7.9929 	 2.8059 	 2.4917 	 -2.8689 	 0.0000 	 2.2218 	 0.0050 
15.0000 	 1.4704 	 3.3649 	 3.5698 	 5.9253 	 1.8960 	 0.0000 	 1.0362 	 593.8389 	 15.0000 	 2.1412 	 3.9167 	 4.5835 	 2.3140 	 2.2381 	 0.0000 	 1.7420 	 0.0057 
13.0000 	 1.3823 	 0.0000 	 9.9968 	 2.1799 	 -0.2298 	 0.0000 	 1.0812 	 596.0216 	 13.0000 	 2.2163 	 7.2398 	 3.4099 	 1.2130 	 0.6190 	 0.0000 	 0.2245 	 0.0089 
11.0000 	 1.2900 	 1.2967 	 9.3559 	 0.8232 	 1.9035 	 0.0000 	 1.0581 	 596.0485 	 11.0000 	 0.9041 	 4.7858 	 8.8519 	 1.0725 	 -1.5729 	 0.0000 	 1.7635 	 0.0214 
10.0000 	 1.1011 	 3.9259 	 8.7062 	 6.1928 	 1.9246 	 0.0000 	 1.0709 	 595.0177 	 10.0000 	 0.3399 	 3.8953 	 1.1904 	 1.0239 	 2.4477 	 0.0000 	 0.4179 	 0.0124 
8.0000 	 1.0202 	 0.0000 	 3.9626 	 2.9324 	 -0.9798 	 0.0000 	 1.0802 	 597.0563 	 8.0000 	 1.5150 	 9.0703 	 5.5103 	 1.1881 	 0.8121 	 0.0000 	 1.9525 	 0.0225 
6.0000 	 0.8328 	 0.0000 	 8.7036 	 3.1258 	 -1.1619 	 0.0000 	 1.0708 	 597.8714 	 6.0000 	 1.8135 	 8.1205 	 2.5155 	 0.0731 	 -1.1183 	 0.0000 	 0.2164 	 0.0296 
5.0000 	 0.8799 	 6.9153 	 8.2642 	 0.4556 	 2.0171 	 0.0000 	 1.0705 	 598.5239 	 5.0000 	 1.7769 	 0.3042 	 9.1919 	 0.8103 	 -2.9146 	 0.0000 	 2.8906 	 0.0265 
4.0000 	 0.8543 	 8.6971 	 9.9945 	 1.4090 	 1.9550 	 0.0000 	 1.0934 	 598.2670 	 4.0000 	 0.9032 	 2.1857 	 0.9353 	 0.8508 	 -0.3129 	 0.0000 	 1.8167 	 0.0303 
1.0000 	 1.2656 	 10.0000 	 10.0000 	 2.3424 	 1.9453 	 0.0000 	 1.0837 	 597.6428 	 1.0000 	 0.3106 	 9.4228 	 5.7287 	 1.1761 	 -0.7224 	 0.0000 	 1.5402 	 0.0350 
47.0000 	 2.8741 	 0.0000 	 8.2476 	 1.2066 	 0.7472 	 0.0000 	 1.0764 	 595.2590 	 47.0000 	 0.2994 	 4.8636 	 4.9489 	 0.8328 	 -1.8893 	 0.0000 	 2.4218 	 0.0006 
48.0000 	 2.8639 	 3.2207 	 7.4839 	 5.5764 	 1.9404 	 0.0000 	 1.0511 	 593.2557 	 48.0000 	 2.6665 	 8.4273 	 9.0885 	 1.4421 	 2.5064 	 0.0000 	 2.8457 	 0.0007 
47.0000 	 2.8816 	 9.2845 	 8.0448 	 1.2184 	 1.9550 	 0.0000 	 1.0755 	 595.2586 	 47.0000 	 1.5435 	 0.4881 	 2.2344 	 0.9819 	 -1.3014 	 0.0000 	 2.2099 	 0.0005 
46.0000 	 2.8061 	 3.2380 	 5.6072 	 5.5985 	 1.9313 	 0.0000 	 1.0493 	 593.2610 	 46.0000 	 0.5815 	 6.1523 	 0.4196 	 2.9794 	 -0.6019 	 0.0000 	 2.8124 	 0.0007 
44.0000 	 0.0010 	 9.2892 	 5.7719 	 2.1727 	 -0.2009 	 0.0000 	 1.1101 	 1125.7642 	 44.0000 	 0.4157 	 6.7459 	 8.4086 	 0.1631 	 -0.8315 	 0.0000 	 2.1364 	 0.0000 
43.0000 	 2.7324 	 3.2668 	 5.2203 	 5.9316 	 1.9298 	 0.0000 	 1.0482 	 593.2783 	 43.0000 	 0.2686 	 6.9637 	 3.8328 	 2.5090 	 0.2472 	 0.0000 	 1.8135 	 0.0009 
40.0000 	 2.6176 	 10.0000 	 9.7646 	 2.0228 	 1.9542 	 0.0000 	 1.0771 	 595.2696 	 40.0000 	 2.7376 	 3.4395 	 5.9403 	 0.1291 	 0.8592 	 0.0000 	 1.6591 	 0.0007 
41.0000 	 3.7931 	 7.3242 	 7.3926 	 2.1123 	 1.8926 	 0.0000 	 1.1472 	 597.9953 	 41.0000 	 2.3080 	 1.0346 	 8.2113 	 2.7501 	 2.6485 	 0.0000 	 2.7335 	 0.3087 
39.0000 	 2.5743 	 3.0926 	 8.6741 	 5.4911 	 1.9390 	 0.0000 	 1.0543 	 593.2695 	 39.0000 	 1.8652 	 6.1646 	 3.3083 	 1.9809 	 0.1142 	 0.0000 	 0.7151 	 0.0011 
39.0000 	 2.5523 	 3.1541 	 9.2380 	 5.2670 	 1.9423 	 0.0000 	 1.0537 	 593.2659 	 39.0000 	 2.3980 	 0.7956 	 3.6984 	 0.9420 	 -0.4860 	 0.0000 	 0.7130 	 0.0011 
30.0000 	 2.2320 	 9.3729 	 9.0618 	 0.3945 	 1.9539 	 0.0000 	 1.0775 	 595.3180 	 30.0000 	 2.9830 	 1.9219 	 4.2374 	 0.8884 	 1.7847 	 0.0000 	 0.6139 	 0.0011 
33.0000 	 2.3597 	 6.4381 	 0.2479 	 2.4434 	 1.0253 	 0.0000 	 1.0621 	 595.1378 	 33.0000 	 1.6237 	 6.2901 	 0.1236 	 2.4050 	 -0.6329 	 0.0000 	 1.7368 	 0.0013 
29.0000 	 2.3560 	 7.0908 	 4.3779 	 0.2932 	 1.9422 	 0.0000 	 1.0749 	 595.5337 	 29.0000 	 1.6328 	 0.3749 	 9.2125 	 2.2804 	 0.8407 	 0.0000 	 0.2291 	 0.0023 
28.0000 	 2.1424 	 7.9592 	 0.0000 	 0.8374 	 1.4251 	 0.0000 	 1.0787 	 595.3398 	 28.0000 	 2.7556 	 2.1097 	 0.1029 	 0.0168 	 1.1753 	 0.0000 	 2.1306 	 0.0019 
49.0000 	 2.9119 	 10.0000 	 8.0588 	 0.5171 	 1.9616 	 0.0000 	 1.0803 	 595.2689 	 49.0000 	 2.4404 	 6.3412 	 3.1312 	 0.3501 	 -2.9667 	 0.0000 	 1.9865 	 0.0012 
49.0000 	 2.7744 	 10.0000 	 1.7139 	 2.7891 	 1.9570 	 0.0000 	 1.0436 	 595.0116 	 49.0000 	 1.1907 	 6.6970 	 2.1568 	 2.3677 	 -1.7891 	 0.0000 	 0.9146 	 0.2754 
49.0000 	 2.9383 	 8.0766 	 2.9227 	 1.3020 	 1.9503 	 0.0000 	 1.0779 	 595.2358 	 49.0000 	 0.3611 	 8.3659 	 4.0409 	 2.5970 	 -2.9093 	 0.0000 	 0.8870 	 0.0005 
46.0000 	 2.8116 	 9.2159 	 3.7610 	 0.1829 	 1.9622 	 0.0000 	 1.0723 	 595.2544 	 46.0000 	 0.0532 	 2.4353 	 4.3490 	 0.2483 	 0.6725 	 0.0000 	 2.7968 	 0.0005 
48.0000 	 2.9085 	 0.0000 	 6.8850 	 2.4970 	 -0.5433 	 0.0000 	 1.0764 	 595.2575 	 48.0000 	 2.5465 	 8.8412 	 4.0963 	 1.6678 	 -2.5900 	 0.0000 	 0.5014 	 0.0005 
50.0000 	 2.9436 	 3.0925 	 8.5321 	 5.2858 	 1.9424 	 0.0000 	 1.0543 	 593.2585 	 50.0000 	 2.4251 	 2.5699 	 3.1136 	 1.7929 	 -1.2446 	 0.0000 	 0.8148 	 0.0007 
46.0000 	 2.8185 	 3.0780 	 9.0731 	 5.4197 	 1.9426 	 0.0000 	 1.0546 	 593.2642 	 46.0000 	 1.7861 	 6.2229 	 6.7316 	 1.3565 	 1.6356 	 0.0000 	 1.8556 	 0.0007 
48.0000 	 4.7297 	 1.0386 	 0.7244 	 9.3829 	 0.1048 	 0.0000 	 0.0001 	 600.2098 	 48.0000 	 1.8508 	 1.4752 	 8.1825 	 1.9106 	 -2.9001 	 0.0000 	 1.6619 	 0.0112 
46.0000 	 2.7916 	 3.1569 	 8.2921 	 5.3332 	 1.9409 	 0.0000 	 1.0535 	 593.2552 	 46.0000 	 0.6298 	 1.1282 	 9.6932 	 2.3121 	 -0.0201 	 0.0000 	 1.0838 	 0.0008 
45.0000 	 2.8850 	 6.0693 	 7.9187 	 4.2275 	 1.8735 	 0.0000 	 1.1062 	 595.8783 	 45.0000 	 1.9666 	 2.8607 	 7.8116 	 1.4163 	 0.6712 	 0.0000 	 1.1313 	 0.0012 
45.0000 	 3.0024 	 1.4779 	 7.1639 	 0.0026 	 1.9841 	 0.0000 	 1.0489 	 595.5974 	 45.0000 	 2.6564 	 7.0901 	 5.6845 	 0.8980 	 -1.8809 	 0.0000 	 2.9703 	 0.0026 
44.0000 	 2.7551 	 1.5854 	 5.3640 	 1.2051 	 1.8916 	 0.0000 	 1.0589 	 594.8951 	 44.0000 	 2.6673 	 1.4904 	 7.2190 	 0.2841 	 0.9892 	 0.0000 	 2.6508 	 0.0007 
46.0000 	 2.8064 	 9.9420 	 2.8689 	 1.6218 	 1.9398 	 0.0000 	 1.0877 	 595.2725 	 46.0000 	 1.9402 	 0.1220 	 8.0005 	 1.8932 	 2.3034 	 0.0000 	 1.3708 	 0.0013 
43.0000 	 2.7298 	 0.0000 	 6.6856 	 2.5638 	 -0.6100 	 0.0000 	 1.0772 	 595.2633 	 43.0000 	 0.8797 	 1.7228 	 9.2980 	 2.8008 	 -0.7159 	 0.0000 	 1.8517 	 0.0006 
43.0000 	 2.8172 	 7.9324 	 7.2798 	 1.2403 	 1.9488 	 0.0000 	 1.0531 	 595.3757 	 43.0000 	 2.8184 	 5.6064 	 1.4408 	 2.3756 	 -2.0677 	 0.0000 	 0.9180 	 0.0008 
43.0000 	 2.6992 	 3.1514 	 8.1167 	 5.4324 	 1.9404 	 0.0000 	 1.0537 	 593.2558 	 43.0000 	 2.6675 	 1.3511 	 5.3119 	 2.6177 	 1.8410 	 0.0000 	 2.8883 	 0.0007 
44.0000 	 0.0122 	 7.1759 	 2.9379 	 4.9149 	 -2.9268 	 0.0000 	 1.1107 	 1125.7813 	 44.0000 	 2.6840 	 6.8291 	 4.7033 	 2.6421 	 -1.5921 	 0.0000 	 0.8126 	 0.0013 
42.0000 	 2.7035 	 5.7627 	 0.0080 	 2.7043 	 0.2670 	 0.0000 	 1.0793 	 595.2543 	 42.0000 	 1.2882 	 7.4055 	 7.5852 	 0.5947 	 -1.0174 	 0.0000 	 0.6939 	 0.0007 
40.0000 	 2.5973 	 2.6123 	 4.8370 	 0.8224 	 1.9397 	 0.0000 	 1.0735 	 595.0837 	 40.0000 	 0.0680 	 1.9456 	 4.7285 	 1.8660 	 2.6055 	 0.0000 	 2.7691 	 0.0009 
42.0000 	 2.7852 	 2.1093 	 9.5508 	 1.9864 	 1.9424 	 0.0000 	 1.0589 	 594.5361 	 42.0000 	 1.5450 	 4.0671 	 9.4226 	 1.4327 	 -1.9403 	 0.0000 	 1.8039 	 0.0024 
42.0000 	 2.6071 	 8.0607 	 1.2916 	 3.5095 	 1.8438 	 0.0000 	 1.0678 	 595.0007 	 42.0000 	 0.0500 	 7.2906 	 6.5951 	 2.5105 	 -0.9134 	 0.0000 	 0.2601 	 0.0009 
41.0000 	 2.6562 	 3.2004 	 5.5354 	 5.7997 	 1.9336 	 0.0000 	 1.0481 	 593.2655 	 41.0000 	 1.6877 	 8.1356 	 7.0592 	 2.2897 	 1.4552 	 0.0000 	 2.8423 	 0.0008 
39.0000 	 2.5978 	 8.6552 	 6.3035 	 0.2119 	 1.9527 	 0.0000 	 1.0768 	 595.2709 	 39.0000 	 1.8947 	 9.0659 	 7.3818 	 1.3269 	 -2.6046 	 0.0000 	 0.6148 	 0.0008 
40.0000 	 2.8208 	 4.7399 	 5.7752 	 5.0230 	 1.9512 	 0.0000 	 1.0725 	 595.1099 	 40.0000 	 2.3892 	 9.8549 	 4.4710 	 0.2572 	 1.6470 	 0.0000 	 1.1019 	 0.0054 
41.0000 	 3.0135 	 1.8983 	 5.7591 	 5.0604 	 1.9265 	 0.0000 	 1.1262 	 594.7549 	 41.0000 	 0.6836 	 4.7089 	 9.6973 	 0.6665 	 -1.4197 	 0.0000 	 1.0040 	 0.0034 
38.0000 	 2.5570 	 2.4918 	 1.1452 	 0.3682 	 1.9108 	 0.0000 	 1.0683 	 595.1944 	 38.0000 	 2.9139 	 6.6124 	 9.4483 	 2.2313 	 -1.1305 	 0.0000 	 0.9947 	 0.0008 
36.0000 	 2.4774 	 0.0715 	 3.8653 	 0.6585 	 1.3555 	 0.0000 	 1.0640 	 595.2617 	 36.0000 	 2.1964 	 8.2196 	 6.3511 	 2.3266 	 0.6034 	 0.0000 	 2.9560 	 0.0010 
39.0000 	 2.5526 	 3.1378 	 9.6835 	 5.2724 	 1.9423 	 0.0000 	 1.0550 	 593.2692 	 39.0000 	 0.6355 	 0.7288 	 0.3309 	 0.0090 	 -2.5246 	 0.0000 	 0.5163 	 0.0007 
36.0000 	 2.4795 	 0.0398 	 8.9485 	 0.5587 	 1.4266 	 0.0000 	 1.0710 	 595.2657 	 36.0000 	 0.2927 	 5.4310 	 1.0570 	 2.5031 	 2.0239 	 0.0000 	 1.6519 	 0.0010 
38.0000 	 2.5041 	 3.3673 	 5.6565 	 5.8198 	 1.9330 	 0.0000 	 1.0507 	 593.2684 	 38.0000 	 1.9714 	 3.7915 	 6.0809 	 1.9001 	 -2.9789 	 0.0000 	 0.2027 	 0.0009 
33.0000 	 2.3459 	 3.4048 	 0.0097 	 2.1843 	 0.5870 	 0.0000 	 1.0789 	 595.2896 	 33.0000 	 1.0865 	 8.7888 	 1.1282 	 2.9726 	 -1.5089 	 0.0000 	 2.2708 	 0.0013 
35.0000 	 2.4444 	 0.0000 	 9.9447 	 2.6582 	 -0.7040 	 0.0000 	 1.0761 	 595.2882 	 35.0000 	 0.7541 	 7.7991 	 5.9501 	 1.0056 	 -1.6856 	 0.0000 	 2.4756 	 0.0009 
34.0000 	 2.3543 	 6.1121 	 1.9763 	 0.5867 	 1.8662 	 0.0000 	 1.0982 	 595.8982 	 34.0000 	 0.9932 	 2.7679 	 8.8073 	 1.8943 	 -1.8691 	 0.0000 	 1.8386 	 0.0009 
34.0000 	 2.7393 	 0.0000 	 6.4294 	 0.2247 	 1.6727 	 0.0000 	 1.0565 	 596.3216 	 34.0000 	 0.0951 	 5.8458 	 0.1878 	 2.9622 	 -1.3032 	 0.0000 	 2.8067 	 0.0032 
29.0000 	 2.1704 	 3.0857 	 10.0000 	 5.3574 	 1.9428 	 0.0000 	 1.0545 	 593.3178 	 29.0000 	 1.5405 	 4.7055 	 6.7520 	 2.8191 	 -0.4769 	 0.0000 	 2.2303 	 0.0013 
38.0000 	 2.5515 	 3.1090 	 0.4247 	 1.2725 	 1.5356 	 0.0000 	 1.0685 	 595.1157 	 38.0000 	 1.3007 	 5.7900 	 2.6107 	 2.4817 	 -1.9077 	 0.0000 	 2.9497 	 0.0011 
28.0000 	 2.2289 	 0.0000 	 8.7170 	 0.2142 	 1.7263 	 0.0000 	 1.0823 	 595.4162 	 28.0000 	 2.6515 	 3.5269 	 3.4058 	 2.7108 	 -1.1267 	 0.0000 	 1.6464 	 0.0020 
28.0000 	 2.1234 	 3.2953 	 5.1922 	 5.9610 	 1.9296 	 0.0000 	 1.0482 	 593.3232 	 28.0000 	 1.1358 	 7.3843 	 7.4976 	 2.5792 	 2.8419 	 0.0000 	 2.0480 	 0.0019 
27.0000 	 2.1004 	 9.1650 	 7.3492 	 2.6176 	 1.9534 	 0.0000 	 1.0779 	 595.3485 	 27.0000 	 0.2449 	 9.1218 	 3.5212 	 2.6627 	 -1.2127 	 0.0000 	 2.0435 	 0.0016 
27.0000 	 2.2464 	 6.1328 	 3.7158 	 1.0444 	 1.9043 	 0.0000 	 1.0902 	 595.7390 	 27.0000 	 1.8799 	 7.4019 	 1.9221 	 2.9204 	 -1.0832 	 0.0000 	 1.8747 	 0.0028 
27.0000 	 2.5105 	 7.0935 	 2.8448 	 5.9222 	 1.9396 	 0.0000 	 1.0779 	 595.8958 	 27.0000 	 0.5961 	 5.5398 	 8.8479 	 1.7780 	 -2.4799 	 0.0000 	 2.3327 	 0.0110 
31.0000 	 2.2283 	 3.3978 	 5.4905 	 5.6978 	 1.9363 	 0.0000 	 1.0491 	 593.2975 	 31.0000 	 1.5611 	 5.5877 	 0.3299 	 2.9283 	 -2.9696 	 0.0000 	 2.2125 	 0.0013 
24.0000 	 1.9696 	 8.4279 	 4.8559 	 0.0000 	 1.9540 	 0.0000 	 1.0808 	 595.3972 	 24.0000 	 0.4825 	 6.9774 	 2.3645 	 1.9663 	 -1.8290 	 0.0000 	 1.8434 	 0.0046 
25.0000 	 2.0062 	 4.9517 	 1.8635 	 0.0864 	 1.9523 	 0.0000 	 1.0794 	 595.3713 	 25.0000 	 0.8620 	 2.8983 	 5.8783 	 2.4744 	 0.2699 	 0.0000 	 2.4499 	 0.0020 
24.0000 	 1.9626 	 9.4025 	 6.8924 	 0.7602 	 1.9549 	 0.0000 	 1.0767 	 595.4006 	 24.0000 	 0.2629 	 2.1900 	 5.5323 	 0.4046 	 -2.5023 	 0.0000 	 2.5687 	 0.0019 
26.0000 	 2.0341 	 3.2919 	 5.5183 	 5.7647 	 1.9318 	 0.0000 	 1.0523 	 593.3325 	 26.0000 	 0.1266 	 3.0868 	 0.2848 	 2.0945 	 0.6951 	 0.0000 	 2.1747 	 0.0017 
29.0000 	 2.1872 	 5.1530 	 8.8248 	 2.6856 	 1.9969 	 0.0000 	 1.0514 	 595.4109 	 29.0000 	 0.0651 	 2.1897 	 3.8163 	 0.4182 	 -0.0826 	 0.0000 	 1.8848 	 0.0031 
21.0000 	 1.8284 	 9.0792 	 7.4930 	 1.4657 	 1.9536 	 0.0000 	 1.0804 	 595.4800 	 21.0000 	 2.7269 	 7.5276 	 1.3416 	 1.2438 	 2.3388 	 0.0000 	 1.8504 	 0.0026 
22.0000 	 1.8705 	 4.3655 	 1.2244 	 3.0956 	 1.7271 	 0.0000 	 1.0473 	 595.0029 	 22.0000 	 1.7853 	 3.4196 	 3.6048 	 1.5945 	 0.0035 	 0.0000 	 1.3067 	 0.0047 
27.0000 	 2.1690 	 0.7079 	 0.0025 	 0.4097 	 1.6860 	 0.0000 	 1.0746 	 595.4012 	 27.0000 	 0.2630 	 6.9145 	 2.8388 	 1.0578 	 2.2398 	 0.0000 	 0.5844 	 0.0022 
22.0000 	 1.8759 	 4.2189 	 5.8985 	 0.4847 	 1.9575 	 0.0000 	 1.0740 	 595.4262 	 22.0000 	 0.8397 	 5.8600 	 6.6742 	 2.1824 	 -2.3246 	 0.0000 	 0.7259 	 0.0025 
21.0000 	 1.8156 	 8.5739 	 9.8445 	 0.0275 	 1.9528 	 0.0000 	 1.0774 	 595.4705 	 21.0000 	 0.6344 	 7.7788 	 7.5192 	 2.4029 	 1.8264 	 0.0000 	 0.5427 	 0.0026 
25.0000 	 0.0011 	 4.9353 	 4.5874 	 0.0155 	 1.9565 	 0.0000 	 1.1100 	 1125.7642 	 25.0000 	 0.1416 	 2.3592 	 8.3004 	 1.0222 	 -1.7156 	 0.0000 	 1.0419 	 0.0000 
19.0000 	 1.6895 	 4.5650 	 0.0607 	 2.0697 	 0.7730 	 0.0000 	 1.0707 	 595.4975 	 19.0000 	 2.0911 	 0.8946 	 5.0075 	 2.5525 	 0.0792 	 0.0000 	 1.9929 	 0.0040 
22.0000 	 2.2989 	 3.3877 	 1.0018 	 9.7747 	 1.1838 	 0.0000 	 0.8647 	 596.4548 	 22.0000 	 0.5112 	 0.1008 	 1.6352 	 0.2505 	 0.6801 	 0.0000 	 1.2940 	 0.0069 
22.0000 	 2.0778 	 3.7133 	 1.4252 	 9.1339 	 1.5733 	 0.0000 	 0.9586 	 595.0248 	 22.0000 	 2.3263 	 4.9193 	 0.6734 	 1.7925 	 0.7725 	 0.0000 	 1.2181 	 0.0106 
23.0000 	 1.9114 	 4.6614 	 2.1483 	 0.2332 	 1.9505 	 0.0000 	 1.0786 	 595.3977 	 23.0000 	 1.3482 	 1.9733 	 7.0561 	 2.3292 	 -1.3421 	 0.0000 	 2.9023 	 0.0034 
19.0000 	 1.7102 	 0.5484 	 0.0000 	 2.4591 	 0.4027 	 0.0000 	 1.0770 	 595.5389 	 19.0000 	 0.4360 	 7.3743 	 8.3467 	 2.6952 	 0.5897 	 0.0000 	 1.7114 	 0.0046 
20.0000 	 1.7526 	 3.1976 	 4.9694 	 5.7873 	 1.9260 	 0.0000 	 1.0460 	 593.4780 	 20.0000 	 1.3610 	 8.5201 	 3.6777 	 0.3174 	 1.8904 	 0.0000 	 1.6140 	 0.0039 
21.0000 	 1.8192 	 8.0280 	 0.4328 	 0.0000 	 1.9566 	 0.0000 	 1.0765 	 595.4756 	 21.0000 	 1.3595 	 9.3323 	 9.4998 	 0.9465 	 -0.2609 	 0.0000 	 0.6009 	 0.0027 
17.0000 	 1.7338 	 4.4556 	 2.2559 	 0.0000 	 1.9900 	 0.0000 	 1.0823 	 596.0035 	 17.0000 	 1.4095 	 4.0709 	 0.7255 	 1.6635 	 2.2185 	 0.0000 	 1.1113 	 0.0037 
21.0000 	 1.8731 	 2.1750 	 10.0000 	 2.6983 	 1.9370 	 0.0000 	 1.0393 	 594.4690 	 21.0000 	 2.9071 	 8.2567 	 6.4757 	 1.8762 	 1.1224 	 0.0000 	 1.6682 	 0.0128 
20.0000 	 1.7439 	 3.1722 	 6.6110 	 5.4925 	 1.9361 	 0.0000 	 1.0521 	 593.4600 	 20.0000 	 2.6537 	 5.8518 	 5.5573 	 1.3595 	 -1.3551 	 0.0000 	 1.6790 	 0.0028 
19.0000 	 1.6593 	 3.7367 	 2.0132 	 1.6697 	 1.9281 	 0.0000 	 1.0744 	 595.4008 	 19.0000 	 2.9174 	 9.5154 	 6.3430 	 1.3133 	 2.1609 	 0.0000 	 2.8807 	 0.0031 
21.0000 	 2.1330 	 5.6604 	 4.0869 	 0.7273 	 1.8464 	 0.0000 	 1.1598 	 597.1058 	 21.0000 	 1.4970 	 5.7309 	 0.6755 	 0.6673 	 0.3239 	 0.0000 	 1.4560 	 0.9812 
17.0000 	 1.5981 	 4.2435 	 0.1385 	 1.0759 	 1.4119 	 0.0000 	 1.0787 	 595.5863 	 17.0000 	 2.6393 	 7.5230 	 1.8243 	 2.8368 	 1.0853 	 0.0000 	 1.2682 	 0.0048 
19.0000 	 1.7543 	 4.2932 	 2.5256 	 2.9026 	 1.8757 	 0.0000 	 1.1431 	 595.8014 	 19.0000 	 2.8965 	 5.7700 	 1.3677 	 1.3986 	 -2.1189 	 0.0000 	 1.8196 	 0.0722 
18.0000 	 1.7226 	 1.8502 	 0.7726 	 2.4756 	 1.3330 	 0.0000 	 1.0184 	 595.4990 	 18.0000 	 0.9868 	 9.4396 	 9.3526 	 0.7378 	 -2.4057 	 0.0000 	 2.0332 	 0.0049 
20.0000 	 1.7730 	 9.1521 	 3.0308 	 0.6949 	 1.9517 	 0.0000 	 1.0766 	 595.5050 	 20.0000 	 0.4883 	 6.2227 	 5.4148 	 1.5955 	 -1.8646 	 0.0000 	 2.7041 	 0.0030 
15.0000 	 1.5053 	 1.5312 	 5.6683 	 1.4032 	 1.8804 	 0.0000 	 1.0462 	 595.3113 	 15.0000 	 1.2016 	 5.7087 	 6.1722 	 1.5850 	 -2.0062 	 0.0000 	 1.8361 	 0.0067 
18.0000 	 1.6475 	 6.7711 	 1.0017 	 0.0871 	 1.9498 	 0.0000 	 1.0763 	 595.5855 	 18.0000 	 2.1375 	 5.2223 	 9.6292 	 0.6516 	 0.1728 	 0.0000 	 2.5943 	 0.0045 
19.0000 	 1.7178 	 7.0494 	 6.4359 	 0.2954 	 1.9526 	 0.0000 	 1.0781 	 595.5466 	 19.0000 	 0.4078 	 1.5447 	 6.7452 	 0.2051 	 -1.5298 	 0.0000 	 1.2807 	 0.0032 
18.0000 	 1.6235 	 3.7128 	 3.5793 	 6.2987 	 1.9127 	 0.0000 	 1.0413 	 593.6474 	 18.0000 	 2.9134 	 8.3473 	 1.0034 	 2.8615 	 1.3379 	 0.0000 	 0.1100 	 0.0031 
14.0000 	 1.4273 	 7.9787 	 8.0222 	 0.0000 	 1.9500 	 0.0000 	 1.0781 	 595.8973 	 14.0000 	 2.4016 	 2.6784 	 6.1946 	 1.8580 	 -1.6537 	 0.0000 	 0.4557 	 0.0064 
16.0000 	 1.5628 	 9.2192 	 7.7060 	 0.1401 	 1.9467 	 0.0000 	 1.0758 	 595.7176 	 16.0000 	 2.9442 	 8.0370 	 5.7311 	 1.6902 	 1.7331 	 0.0000 	 0.4849 	 0.0059 
17.0000 	 3.3340 	 6.8457 	 0.3223 	 4.3916 	 1.0488 	 0.0000 	 1.0063 	 600.9658 	 17.0000 	 2.7923 	 2.5354 	 0.9629 	 2.6235 	 1.8931 	 0.0000 	 0.3765 	 0.0213 
13.0000 	 1.4218 	 6.0107 	 2.4512 	 2.5723 	 1.8486 	 0.0000 	 1.1472 	 596.9610 	 13.0000 	 0.5773 	 9.7077 	 4.0119 	 0.9652 	 1.0485 	 0.0000 	 2.0572 	 0.0157 
16.0000 	 1.5350 	 8.1414 	 7.4140 	 0.0004 	 1.9549 	 0.0000 	 1.0789 	 595.7139 	 16.0000 	 1.0701 	 9.6527 	 4.8864 	 0.2158 	 2.1134 	 0.0000 	 1.9434 	 0.0048 
16.0000 	 2.0845 	 0.9173 	 0.8680 	 6.0114 	 0.5993 	 0.0000 	 0.0000 	 599.1227 	 16.0000 	 1.3861 	 9.5993 	 8.9026 	 2.0664 	 0.0072 	 0.0000 	 0.0049 	 0.0102 
15.0000 	 1.4283 	 3.7572 	 4.8557 	 6.1782 	 1.9343 	 0.0000 	 1.0425 	 593.8313 	 15.0000 	 2.2751 	 3.9553 	 4.7224 	 0.5014 	 1.8079 	 0.0000 	 2.5920 	 0.0074 
16.0000 	 1.5471 	 0.9074 	 2.4359 	 0.8226 	 1.7604 	 0.0000 	 1.0528 	 595.5438 	 16.0000 	 0.7453 	 5.1272 	 9.9317 	 1.6961 	 -1.0733 	 0.0000 	 0.2483 	 0.0070 
12.0000 	 1.2668 	 3.1690 	 7.8260 	 5.4979 	 1.9249 	 0.0000 	 1.0512 	 594.2092 	 12.0000 	 2.8776 	 0.6924 	 1.3338 	 0.2556 	 2.9557 	 0.0000 	 1.4538 	 0.0082 
14.0000 	 1.3959 	 0.8074 	 3.7888 	 0.0117 	 1.9512 	 0.0000 	 1.0711 	 595.9055 	 14.0000 	 1.2627 	 0.1636 	 0.5939 	 2.0150 	 1.8418 	 0.0000 	 2.1997 	 0.0059 
15.0000 	 2.3728 	 4.8486 	 10.0000 	 0.5054 	 2.0186 	 0.0000 	 1.0902 	 599.5049 	 15.0000 	 1.6104 	 6.9317 	 7.7613 	 0.0766 	 0.3049 	 0.0000 	 1.4294 	 0.0086 
16.0000 	 1.5543 	 7.3809 	 4.5885 	 0.4421 	 1.9600 	 0.0000 	 1.0745 	 595.7153 	 16.0000 	 1.4546 	 0.8424 	 9.1058 	 0.3749 	 -1.6604 	 0.0000 	 0.2236 	 0.0052 
12.0000 	 1.2747 	 3.3207 	 4.3784 	 5.9267 	 1.9100 	 0.0000 	 1.0397 	 594.1650 	 12.0000 	 1.1678 	 6.7419 	 8.3983 	 1.0517 	 -0.5020 	 0.0000 	 2.6431 	 0.0089 
13.0000 	 1.3494 	 7.2254 	 0.0289 	 1.7942 	 0.8773 	 0.0000 	 1.0572 	 596.0318 	 13.0000 	 0.0142 	 7.3054 	 0.1693 	 1.1034 	 -1.0810 	 0.0000 	 0.2943 	 0.0093 
13.0000 	 1.4189 	 2.1208 	 4.5592 	 2.0407 	 1.9420 	 0.0000 	 1.0843 	 595.6194 	 13.0000 	 1.8970 	 6.6701 	 7.1470 	 0.3876 	 -1.3819 	 0.0000 	 2.0881 	 0.0093 
14.0000 	 1.4145 	 3.4083 	 4.5497 	 6.2369 	 1.9167 	 0.0000 	 1.0479 	 593.8978 	 14.0000 	 2.6841 	 7.9033 	 3.7300 	 0.8560 	 1.7701 	 0.0000 	 2.9553 	 0.0074 
10.0000 	 1.1664 	 9.0034 	 7.5487 	 2.8332 	 1.9557 	 0.0000 	 1.0826 	 596.5230 	 10.0000 	 2.2274 	 9.3015 	 5.4202 	 1.2308 	 2.2212 	 0.0000 	 0.7759 	 0.0111 
12.0000 	 1.8417 	 1.0632 	 1.8699 	 3.9880 	 1.6705 	 0.0000 	 0.9796 	 597.5852 	 12.0000 	 1.4096 	 1.5488 	 7.1075 	 1.0840 	 -0.4098 	 0.0000 	 0.2133 	 0.0140 
13.0000 	 1.4176 	 0.5851 	 1.5396 	 1.1035 	 1.5204 	 0.0000 	 1.0255 	 596.0407 	 13.0000 	 2.6313 	 2.3991 	 5.1127 	 0.5063 	 -0.3361 	 0.0000 	 0.1821 	 0.0085 
14.0000 	 1.3580 	 1.7297 	 1.2903 	 4.7699 	 1.1506 	 0.0000 	 0.0019 	 607.6926 	 14.0000 	 2.6012 	 5.4287 	 4.9103 	 1.4432 	 -1.4884 	 0.0000 	 1.3348 	 0.0312 
9.0000 	 1.0762 	 0.0000 	 6.3078 	 1.7791 	 0.1749 	 0.0000 	 1.0800 	 596.8069 	 9.0000 	 0.4394 	 7.7217 	 4.0862 	 2.1620 	 0.7210 	 0.0000 	 2.7554 	 0.0171 
11.0000 	 1.1966 	 8.2232 	 8.5819 	 0.0000 	 1.9546 	 0.0000 	 1.0682 	 596.3588 	 11.0000 	 0.6950 	 7.2086 	 8.3872 	 2.1387 	 1.8904 	 0.0000 	 2.4945 	 0.0122 
8.0000 	 0.9580 	 3.8380 	 7.8524 	 5.2579 	 1.9714 	 0.0000 	 1.0246 	 595.9043 	 8.0000 	 2.2036 	 7.2277 	 8.4804 	 2.6877 	 -2.5778 	 0.0000 	 2.5471 	 0.0178 
12.0000 	 1.2612 	 3.0685 	 8.4368 	 5.1064 	 1.9357 	 0.0000 	 1.0460 	 594.2209 	 12.0000 	 0.0587 	 1.8668 	 4.2981 	 1.5485 	 2.0623 	 0.0000 	 0.6061 	 0.0085 
12.0000 	 1.2942 	 0.9997 	 0.0000 	 0.0989 	 1.8918 	 0.0000 	 1.0826 	 596.1463 	 12.0000 	 1.3248 	 9.3166 	 3.0089 	 1.7713 	 0.8922 	 0.0000 	 1.9655 	 0.0083 
10.0000 	 1.1298 	 0.0000 	 4.5835 	 1.2492 	 0.7143 	 0.0000 	 1.0808 	 596.5345 	 10.0000 	 2.9132 	 5.5315 	 8.9661 	 1.9063 	 -1.6033 	 0.0000 	 1.1364 	 0.0128 
6.0000 	 0.8775 	 9.7188 	 1.7083 	 0.3835 	 1.9333 	 0.0000 	 1.0962 	 597.8249 	 6.0000 	 1.7172 	 5.7276 	 4.8245 	 2.4332 	 -1.2271 	 0.0000 	 0.4082 	 0.0267 
11.0000 	 1.2424 	 0.0000 	 1.1987 	 2.7200 	 -0.7690 	 0.0000 	 1.0838 	 596.3337 	 11.0000 	 2.6395 	 7.9969 	 3.3068 	 2.4783 	 -1.3476 	 0.0000 	 1.1383 	 0.0135 
10.0000 	 1.1611 	 8.3880 	 1.8472 	 3.2266 	 1.9330 	 0.0000 	 1.0763 	 596.3845 	 10.0000 	 1.6703 	 2.5302 	 1.0563 	 2.1308 	 2.3389 	 0.0000 	 2.9076 	 0.0151 
10.0000 	 1.1452 	 3.4907 	 1.8336 	 3.1537 	 1.8322 	 0.0000 	 1.0469 	 595.8395 	 10.0000 	 0.3306 	 8.3092 	 8.2321 	 1.3208 	 1.1656 	 0.0000 	 2.6488 	 0.0133 
11.0000 	 1.8510 	 1.0948 	 2.1586 	 5.1071 	 1.7263 	 0.0000 	 1.0075 	 597.8533 	 11.0000 	 1.8527 	 3.1345 	 2.2217 	 0.4777 	 -1.9196 	 0.0000 	 2.9012 	 0.0183 
6.0000 	 0.8636 	 1.0312 	 0.0002 	 2.5312 	 0.3592 	 0.0000 	 1.0683 	 597.8378 	 6.0000 	 0.3340 	 9.1643 	 7.8158 	 0.8456 	 -2.9177 	 0.0000 	 1.5830 	 0.0309 
9.0000 	 1.0620 	 3.1839 	 4.6226 	 3.2293 	 1.9227 	 0.0000 	 1.0418 	 595.7654 	 9.0000 	 2.3111 	 7.8810 	 0.5253 	 2.3036 	 1.8910 	 0.0000 	 0.3907 	 0.0129 
2.0000 	 2.5551 	 0.9843 	 0.6760 	 2.9810 	 1.7453 	 0.0000 	 1.0450 	 598.6993 	 2.0000 	 0.0028 	 0.3866 	 0.9492 	 0.3292 	 -0.4705 	 0.0000 	 0.8597 	 0.0672 
7.0000 	 0.9305 	 2.1610 	 4.7801 	 2.1329 	 1.9078 	 0.0000 	 1.0428 	 596.7804 	 7.0000 	 0.6975 	 2.2991 	 8.2531 	 2.9470 	 -2.0124 	 0.0000 	 1.4033 	 0.0322 
8.0000 	 1.0283 	 8.0765 	 3.7230 	 1.6395 	 1.9441 	 0.0000 	 1.0778 	 597.1387 	 8.0000 	 1.0986 	 8.4917 	 7.5314 	 1.8910 	 -1.3376 	 0.0000 	 1.8044 	 0.0151 
7.0000 	 0.9157 	 9.2182 	 4.4867 	 2.8204 	 1.9504 	 0.0000 	 1.0777 	 597.4734 	 7.0000 	 2.0220 	 0.5521 	 4.3873 	 0.5294 	 1.0117 	 0.0000 	 1.5439 	 0.0186 
2.0000 	 0.7010 	 8.7387 	 9.0353 	 4.3531 	 1.9356 	 0.0000 	 1.0280 	 597.9383 	 2.0000 	 2.9738 	 9.6794 	 8.8094 	 0.5007 	 -2.0833 	 0.0000 	 0.0806 	 0.0323 
7.0000 	 1.0857 	 7.2461 	 5.5420 	 1.8926 	 1.9336 	 0.0000 	 1.0982 	 596.7722 	 7.0000 	 2.8101 	 3.0583 	 3.7673 	 2.6276 	 0.8669 	 0.0000 	 2.6601 	 0.0386 
8.0000 	 0.9907 	 9.9968 	 3.4807 	 4.0997 	 1.9535 	 0.0000 	 1.0849 	 597.0881 	 8.0000 	 0.6986 	 6.3462 	 0.4134 	 2.6373 	 2.6299 	 0.0000 	 2.0491 	 0.0141 
7.0000 	 0.9292 	 8.7181 	 8.3895 	 0.0000 	 1.9561 	 0.0000 	 1.0771 	 597.4506 	 7.0000 	 1.1122 	 8.8723 	 9.8927 	 2.7195 	 -0.6326 	 0.0000 	 2.3916 	 0.0192 
5.0000 	 1.0683 	 2.1307 	 9.5593 	 5.6226 	 1.9722 	 0.0000 	 1.0604 	 597.5874 	 5.0000 	 0.3147 	 8.3781 	 4.6824 	 2.7288 	 0.1775 	 0.0000 	 0.9486 	 0.0508 
7.0000 	 0.8792 	 6.7227 	 9.3181 	 0.0000 	 1.9515 	 0.0000 	 1.0812 	 597.5174 	 7.0000 	 2.1259 	 7.9973 	 5.7324 	 2.9980 	 -2.4452 	 0.0000 	 0.0826 	 0.0198 
3.0000 	 1.0268 	 6.8805 	 5.2905 	 3.6746 	 1.9612 	 0.0000 	 1.0647 	 598.0338 	 3.0000 	 0.9885 	 2.6494 	 6.5363 	 2.6293 	 -1.7053 	 0.0000 	 2.5129 	 0.0580 
5.0000 	 0.8495 	 2.9188 	 3.9446 	 4.9660 	 1.9146 	 0.0000 	 1.0679 	 597.2848 	 5.0000 	 1.9752 	 6.9100 	 3.6958 	 0.9463 	 2.4382 	 0.0000 	 2.3796 	 0.0429 
4.0000 	 0.7584 	 3.3054 	 9.0727 	 0.9191 	 1.9683 	 0.0000 	 1.0629 	 598.3065 	 4.0000 	 1.8790 	 2.8768 	 2.7030 	 1.0392 	 0.8598 	 0.0000 	 1.7849 	 0.0377 
3.0000 	 0.7721 	 7.9199 	 4.9670 	 1.2245 	 1.9666 	 0.0000 	 1.1052 	 598.1350 	 3.0000 	 2.5205 	 5.3173 	 9.4002 	 2.0195 	 -1.4399 	 0.0000 	 2.6390 	 0.1478 
1.0000 	 1.4375 	 9.2200 	 4.4506 	 0.0000 	 1.9596 	 0.0000 	 1.0868 	 597.6330 	 1.0000 	 1.3843 	 4.5612 	 8.2982 	 1.2916 	 2.5490 	 0.0000 	 2.5559 	 0.0452 
3.0000 	 1.2850 	 3.0924 	 9.4054 	 4.7541 	 1.9816 	 0.0000 	 1.0705 	 558.5091 	 3.0000 	 1.1361 	 6.6422 	 1.9456 	 2.0337 	 1.7259 	 0.0000 	 2.2505 	 0.1419 
1.0000 	 0.4664 	 7.0657 	 4.0935 	 0.0000 	 1.9571 	 0.0000 	 1.0641 	 597.5215 	 1.0000 	 2.5676 	 3.4669 	 7.5729 	 2.0942 	 -1.1070 	 0.0000 	 2.6228 	 0.0653 
1.0000 	 1.0756 	 4.2105 	 4.1259 	 0.1721 	 1.9583 	 0.0000 	 1.0784 	 597.5685 	 1.0000 	 1.8696 	 3.8627 	 8.2953 	 1.7777 	 -1.3728 	 0.0000 	 0.6926 	 0.0291 
1.0000 	 0.3788 	 0.8680 	 6.3451 	 5.0149 	 1.9366 	 0.0000 	 1.0755 	 597.1711 	 1.0000 	 0.8066 	 4.1728 	 3.8716 	 2.3520 	 1.7425 	 0.0000 	 0.7924 	 0.0409 
