48.0000 	 0.0025 	 33.9593 	 12.4839 	 0.0000 	 3.6203 	 813.4703 	 48.0000 	 1.9173 	 18.5495 	 4.3154 	 0.0000 	 3.2934 	 0.0000 
48.0000 	 0.0067 	 7.4557 	 12.4899 	 0.0000 	 3.6194 	 813.4706 	 48.0000 	 0.3686 	 2.4350 	 -3.4398 	 0.0000 	 0.9138 	 0.0000 
49.0000 	 0.0349 	 7.3314 	 12.4902 	 0.0000 	 3.6343 	 813.4734 	 49.0000 	 1.1740 	 11.0999 	 0.0318 	 0.0000 	 9.8404 	 0.0019 
48.0000 	 0.0044 	 8.3051 	 12.4846 	 0.0000 	 3.6211 	 813.4703 	 48.0000 	 1.0324 	 12.7151 	 -0.6305 	 0.0000 	 3.4914 	 0.0000 
48.0000 	 0.0065 	 84.6618 	 12.4862 	 0.0000 	 3.6281 	 813.4715 	 48.0000 	 1.8848 	 11.8577 	 -4.4294 	 0.0000 	 1.5586 	 0.0000 
49.0000 	 0.0765 	 6.2378 	 12.4829 	 0.0000 	 3.6154 	 813.4709 	 49.0000 	 0.7618 	 5.7402 	 3.8747 	 0.0000 	 0.8162 	 0.0000 
48.0000 	 0.0903 	 14.1455 	 12.4805 	 0.0000 	 3.6230 	 813.4706 	 48.0000 	 2.8560 	 15.8095 	 -0.2769 	 0.0000 	 8.3950 	 0.0000 
48.0000 	 0.0026 	 3.0309 	 12.4846 	 0.0000 	 3.6205 	 813.4703 	 48.0000 	 2.5427 	 15.7510 	 -4.6886 	 0.0000 	 5.5705 	 0.0000 
50.0000 	 0.0035 	 23.0333 	 12.4855 	 0.0000 	 3.6212 	 813.4703 	 50.0000 	 1.6166 	 5.6692 	 2.1360 	 0.0000 	 6.3218 	 0.0000 
50.0000 	 0.0083 	 0.2279 	 12.4851 	 0.0000 	 3.6207 	 813.4703 	 50.0000 	 0.9702 	 7.8388 	 -0.6505 	 0.0000 	 9.1326 	 0.0000 
50.0000 	 0.3123 	 4.1098 	 12.4973 	 0.0000 	 3.6444 	 813.4843 	 50.0000 	 1.6440 	 4.2233 	 -3.0360 	 0.0000 	 4.8538 	 0.0000 
49.0000 	 0.0728 	 6.0386 	 12.4883 	 0.0000 	 3.6192 	 813.4703 	 49.0000 	 2.8025 	 19.6875 	 -3.8730 	 0.0000 	 1.0034 	 0.0006 
49.0000 	 0.3312 	 47.0798 	 12.4853 	 0.0000 	 3.6199 	 813.4703 	 49.0000 	 1.9946 	 18.9045 	 4.9721 	 0.0000 	 5.7633 	 0.0000 
50.0000 	 0.0045 	 9.9024 	 12.4850 	 0.0000 	 3.6193 	 813.4701 	 50.0000 	 1.4786 	 11.5836 	 3.9710 	 0.0000 	 6.7641 	 0.0000 
50.0000 	 0.0172 	 28.4262 	 12.4872 	 0.0000 	 3.6252 	 813.4708 	 50.0000 	 0.0440 	 15.8609 	 4.6180 	 0.0000 	 2.4342 	 0.0000 
49.0000 	 0.4228 	 2.8380 	 12.4753 	 0.0000 	 3.5991 	 813.4815 	 49.0000 	 1.0742 	 2.9511 	 -0.1246 	 0.0000 	 6.6880 	 0.0000 
50.0000 	 0.0025 	 8.0969 	 12.4847 	 0.0000 	 3.6206 	 813.4703 	 50.0000 	 0.8750 	 6.7060 	 1.4389 	 0.0000 	 3.8930 	 0.0000 
48.0000 	 0.1362 	 23.3147 	 12.4846 	 0.0000 	 3.6201 	 813.4703 	 48.0000 	 1.4109 	 11.0177 	 -4.3193 	 0.0000 	 2.9255 	 0.0000 
50.0000 	 0.1046 	 68.6835 	 12.4939 	 0.0000 	 3.6264 	 813.4530 	 50.0000 	 1.2823 	 7.4712 	 4.0286 	 0.0000 	 7.7548 	 0.0020 
47.0000 	 0.0138 	 3.7369 	 12.4836 	 0.0000 	 3.6210 	 813.4703 	 47.0000 	 1.7969 	 4.0809 	 0.6669 	 0.0000 	 8.7631 	 0.0000 
46.0000 	 0.0026 	 33.8474 	 12.4849 	 0.0000 	 3.6205 	 813.4703 	 46.0000 	 1.9304 	 1.1491 	 -4.5237 	 0.0000 	 8.8989 	 0.0000 
46.0000 	 0.0031 	 15.9143 	 12.4852 	 0.0000 	 3.6206 	 813.4703 	 46.0000 	 0.6310 	 1.5044 	 3.5418 	 0.0000 	 9.4573 	 0.0000 
47.0000 	 0.1787 	 15.2972 	 12.4841 	 0.0000 	 3.5941 	 813.4856 	 47.0000 	 1.0262 	 18.9584 	 4.8390 	 0.0000 	 6.3112 	 0.0000 
45.0000 	 0.0044 	 19.0412 	 12.4851 	 0.0000 	 3.6211 	 813.4703 	 45.0000 	 2.0439 	 7.0287 	 3.6583 	 0.0000 	 3.9530 	 0.0000 
47.0000 	 0.1734 	 1.1018 	 12.4836 	 0.0000 	 3.6213 	 813.4703 	 47.0000 	 1.9023 	 5.6752 	 4.3607 	 0.0000 	 1.0563 	 0.0000 
45.0000 	 0.0066 	 5.3271 	 12.4609 	 0.0000 	 3.6328 	 813.4295 	 45.0000 	 2.2415 	 18.2285 	 -0.6167 	 0.0000 	 8.5665 	 0.0082 
46.0000 	 0.0137 	 3.7909 	 12.4823 	 0.0000 	 3.6292 	 813.4717 	 46.0000 	 1.6776 	 11.1756 	 4.3529 	 0.0000 	 5.3178 	 0.0004 
47.0000 	 0.6343 	 6.3924 	 12.5020 	 0.0000 	 3.5980 	 813.4839 	 47.0000 	 0.3423 	 16.4915 	 -3.7274 	 0.0000 	 7.7420 	 0.0002 
46.0000 	 0.0031 	 31.3556 	 12.4846 	 0.0000 	 3.6202 	 813.4703 	 46.0000 	 2.1033 	 4.1883 	 3.2485 	 0.0000 	 3.6130 	 0.0000 
46.0000 	 0.3037 	 57.1985 	 12.4463 	 0.0000 	 3.6841 	 810.7450 	 46.0000 	 2.0562 	 19.4833 	 -4.1470 	 0.0000 	 4.3781 	 0.0199 
47.0000 	 0.3985 	 18.1543 	 12.4756 	 0.0000 	 3.6169 	 812.7191 	 47.0000 	 2.1181 	 15.5588 	 3.3255 	 0.0000 	 5.4090 	 0.0184 
47.0000 	 0.0964 	 10.6683 	 12.5055 	 0.0000 	 3.6258 	 813.3860 	 47.0000 	 2.0521 	 0.2294 	 -2.4261 	 0.0000 	 0.2949 	 0.0004 
47.0000 	 0.4854 	 19.8549 	 12.4835 	 0.0000 	 3.6206 	 813.4703 	 47.0000 	 0.0195 	 17.1193 	 -2.9199 	 0.0000 	 8.2710 	 0.0000 
46.0000 	 0.1983 	 0.3709 	 12.4844 	 0.0000 	 3.6208 	 813.4703 	 46.0000 	 0.2503 	 2.9161 	 -2.9888 	 0.0000 	 9.8699 	 0.0000 
45.0000 	 0.0124 	 22.5815 	 12.4847 	 0.0000 	 3.6201 	 813.4703 	 45.0000 	 1.7623 	 1.5102 	 -2.8968 	 0.0000 	 4.9287 	 0.0000 
47.0000 	 0.6493 	 11.9971 	 12.4848 	 0.0000 	 3.6289 	 813.4700 	 47.0000 	 2.1602 	 8.0951 	 2.7629 	 0.0000 	 0.9353 	 0.0000 
45.0000 	 0.0127 	 0.1626 	 12.4820 	 0.0000 	 3.6196 	 813.4705 	 45.0000 	 0.6888 	 10.2680 	 -2.7017 	 0.0000 	 4.6636 	 0.0000 
47.0000 	 0.0281 	 4.3338 	 12.4855 	 0.0000 	 3.6206 	 813.4703 	 47.0000 	 0.1787 	 2.8980 	 0.2748 	 0.0000 	 0.9430 	 0.0000 
46.0000 	 0.2795 	 8.8536 	 12.4670 	 0.0000 	 3.6148 	 813.4745 	 46.0000 	 2.1627 	 2.1016 	 -3.8298 	 0.0000 	 5.8451 	 0.0000 
45.0000 	 0.0090 	 10.2303 	 12.4846 	 0.0000 	 3.6207 	 813.4703 	 45.0000 	 2.9382 	 7.0368 	 -3.5055 	 0.0000 	 4.2655 	 0.0000 
46.0000 	 0.6158 	 14.5916 	 12.4868 	 0.0000 	 3.6198 	 813.4694 	 46.0000 	 0.2909 	 16.3172 	 2.4001 	 0.0000 	 2.5403 	 0.0003 
45.0000 	 0.1587 	 41.7832 	 12.4808 	 0.0000 	 3.6190 	 813.4705 	 45.0000 	 0.7946 	 9.8189 	 -0.4860 	 0.0000 	 6.1348 	 0.0000 
46.0000 	 0.6917 	 18.6030 	 12.4873 	 0.0000 	 3.6199 	 813.4755 	 46.0000 	 1.9953 	 10.8774 	 0.0183 	 0.0000 	 6.6916 	 0.0005 
46.0000 	 0.3980 	 12.9603 	 12.4842 	 0.0000 	 3.6215 	 813.4703 	 46.0000 	 0.7859 	 3.9105 	 1.5862 	 0.0000 	 7.0549 	 0.0000 
45.0000 	 0.0026 	 0.0000 	 12.4829 	 0.0000 	 3.6218 	 813.4703 	 45.0000 	 1.3750 	 16.3491 	 -2.7796 	 0.0000 	 4.8985 	 0.0000 
47.0000 	 0.0087 	 15.7263 	 12.4829 	 0.0000 	 3.6188 	 813.4704 	 47.0000 	 2.2973 	 14.6271 	 -0.9804 	 0.0000 	 5.2563 	 0.0000 
42.0000 	 0.0728 	 1.0583 	 12.6318 	 0.0000 	 3.8879 	 813.0918 	 42.0000 	 0.4541 	 13.8469 	 -4.5641 	 0.0000 	 6.6404 	 0.0389 
42.0000 	 0.0025 	 16.9821 	 12.5098 	 0.0000 	 3.6193 	 813.4269 	 42.0000 	 0.9763 	 17.7784 	 -1.3252 	 0.0000 	 8.1424 	 0.0000 
44.0000 	 0.0184 	 3.2163 	 12.4846 	 0.0000 	 3.6213 	 813.4703 	 44.0000 	 1.1458 	 6.1870 	 0.2920 	 0.0000 	 9.4021 	 0.0000 
44.0000 	 0.0994 	 15.9741 	 12.4779 	 0.0000 	 3.6253 	 813.4712 	 44.0000 	 1.7543 	 11.6893 	 0.3738 	 0.0000 	 4.8151 	 0.0000 
42.0000 	 0.2421 	 10.1355 	 12.4854 	 0.0000 	 3.6560 	 813.4968 	 42.0000 	 1.4143 	 1.6481 	 -2.8554 	 0.0000 	 7.0366 	 0.0006 
42.0000 	 0.0527 	 21.8256 	 12.4872 	 0.0000 	 3.6227 	 813.4704 	 42.0000 	 2.6712 	 3.7810 	 4.9282 	 0.0000 	 0.0793 	 0.0000 
44.0000 	 0.0030 	 20.8518 	 12.4846 	 0.0000 	 3.6208 	 813.4703 	 44.0000 	 1.1631 	 8.8706 	 -1.1051 	 0.0000 	 1.1738 	 0.0000 
44.0000 	 0.0030 	 37.9204 	 12.4841 	 0.0000 	 3.6210 	 813.4703 	 44.0000 	 2.6646 	 7.5755 	 -3.9435 	 0.0000 	 6.4387 	 0.0000 
42.0000 	 0.0583 	 5.7568 	 12.4609 	 0.0000 	 3.6768 	 813.2894 	 42.0000 	 1.6738 	 6.2727 	 -3.3135 	 0.0000 	 8.2351 	 0.0273 
44.0000 	 0.0715 	 3.0450 	 12.4845 	 0.0000 	 3.6205 	 813.4703 	 44.0000 	 2.5569 	 14.3132 	 -4.5646 	 0.0000 	 4.1758 	 0.0000 
43.0000 	 0.0028 	 33.1983 	 12.4856 	 0.0000 	 3.6214 	 813.4703 	 43.0000 	 2.6438 	 18.8454 	 -1.7239 	 0.0000 	 8.6320 	 0.0000 
43.0000 	 0.0136 	 2.9675 	 12.4838 	 0.0000 	 3.6223 	 813.4702 	 43.0000 	 0.9522 	 2.4423 	 0.2686 	 0.0000 	 6.7622 	 0.0000 
43.0000 	 1.5548 	 0.0000 	 13.3319 	 0.0000 	 3.0209 	 809.1207 	 43.0000 	 0.4542 	 15.1239 	 -0.8727 	 0.0000 	 3.4724 	 0.0030 
42.0000 	 0.0034 	 50.6958 	 12.4854 	 0.0000 	 3.6206 	 813.4701 	 42.0000 	 2.6054 	 5.5118 	 3.3960 	 0.0000 	 1.3675 	 0.0000 
43.0000 	 0.0239 	 7.7246 	 12.4878 	 0.0000 	 3.6377 	 813.2193 	 43.0000 	 0.7994 	 19.7487 	 -3.7595 	 0.0000 	 4.1879 	 0.0102 
43.0000 	 0.0766 	 0.0000 	 12.4976 	 0.0000 	 3.6694 	 813.1613 	 43.0000 	 0.0372 	 0.4564 	 -2.5397 	 0.0000 	 3.0334 	 0.0367 
44.0000 	 0.0624 	 9.6436 	 12.2925 	 0.0000 	 3.6938 	 813.7505 	 44.0000 	 0.2308 	 19.3421 	 -4.8187 	 0.0000 	 0.4621 	 0.0290 
42.0000 	 0.1525 	 3.7091 	 12.3651 	 0.0000 	 3.6835 	 813.7018 	 42.0000 	 0.2217 	 16.0255 	 4.6994 	 0.0000 	 9.1895 	 0.0000 
44.0000 	 0.0038 	 3.7897 	 12.5067 	 0.0000 	 3.6270 	 813.4766 	 44.0000 	 2.8633 	 14.7424 	 -0.2826 	 0.0000 	 8.3854 	 0.0034 
44.0000 	 0.0910 	 2.4548 	 12.4755 	 0.0000 	 3.6195 	 813.4701 	 44.0000 	 0.8808 	 2.5502 	 4.1145 	 0.0000 	 3.5513 	 0.0000 
43.0000 	 0.2764 	 9.3761 	 12.4853 	 0.0000 	 3.6184 	 813.4704 	 43.0000 	 2.4247 	 6.5786 	 3.9896 	 0.0000 	 3.3076 	 0.0000 
45.0000 	 2.2346 	 14.9382 	 19.5742 	 0.0000 	 0.0530 	 777.0039 	 45.0000 	 2.1080 	 0.0479 	 4.9598 	 0.0000 	 3.1544 	 0.0605 
41.0000 	 0.0055 	 7.6859 	 12.4854 	 0.0000 	 3.6191 	 813.4704 	 41.0000 	 0.6138 	 18.5123 	 -2.1806 	 0.0000 	 1.9023 	 0.0000 
39.0000 	 0.0096 	 24.8292 	 12.4847 	 0.0000 	 3.6205 	 813.4703 	 39.0000 	 1.4817 	 9.0205 	 1.0939 	 0.0000 	 0.1715 	 0.0000 
42.0000 	 0.0120 	 5.0549 	 12.4902 	 0.0000 	 3.6182 	 813.4708 	 42.0000 	 1.5479 	 15.8024 	 2.5828 	 0.0000 	 4.5349 	 0.0000 
41.0000 	 0.0484 	 5.8842 	 12.4811 	 0.0000 	 3.6195 	 813.4705 	 41.0000 	 2.9457 	 19.4409 	 4.2800 	 0.0000 	 3.3445 	 0.0000 
39.0000 	 0.0064 	 4.5597 	 12.4846 	 0.0000 	 3.6205 	 813.4703 	 39.0000 	 0.5351 	 5.5819 	 -3.1883 	 0.0000 	 1.8176 	 0.0000 
39.0000 	 0.1463 	 10.7958 	 12.4845 	 0.0000 	 3.6205 	 813.4703 	 39.0000 	 2.9151 	 11.6682 	 1.8137 	 0.0000 	 2.1129 	 0.0000 
41.0000 	 0.1712 	 1.7245 	 12.4838 	 0.0000 	 3.6204 	 813.4703 	 41.0000 	 2.9850 	 9.1314 	 0.8485 	 0.0000 	 2.3783 	 0.0000 
40.0000 	 0.0208 	 3.1384 	 12.4809 	 0.0000 	 3.6203 	 813.4704 	 40.0000 	 0.9985 	 6.7898 	 -2.2048 	 0.0000 	 6.4695 	 0.0000 
39.0000 	 0.1726 	 92.7164 	 12.4786 	 0.0000 	 3.6319 	 813.4724 	 39.0000 	 2.7535 	 2.6525 	 -3.7342 	 0.0000 	 3.4922 	 0.0004 
40.0000 	 0.0615 	 6.1477 	 12.4831 	 0.0000 	 3.6210 	 813.4703 	 40.0000 	 2.9629 	 5.9444 	 3.9414 	 0.0000 	 6.8288 	 0.0000 
40.0000 	 0.1380 	 1.4264 	 12.4855 	 0.0000 	 3.6200 	 813.4702 	 40.0000 	 2.1268 	 6.2783 	 -0.5602 	 0.0000 	 9.1898 	 0.0002 
41.0000 	 0.0037 	 4.3104 	 12.4847 	 0.0000 	 3.6208 	 813.4703 	 41.0000 	 1.1896 	 2.2890 	 -3.5420 	 0.0000 	 7.2729 	 0.0000 
39.0000 	 0.0077 	 66.8509 	 12.4854 	 0.0000 	 3.6206 	 813.4703 	 39.0000 	 0.2923 	 14.5036 	 4.3763 	 0.0000 	 6.7031 	 0.0000 
40.0000 	 0.2795 	 9.5093 	 12.4292 	 0.0000 	 3.6194 	 813.5042 	 40.0000 	 0.4082 	 8.4563 	 1.8380 	 0.0000 	 8.1265 	 0.0000 
39.0000 	 0.0423 	 0.4327 	 12.4860 	 0.0000 	 3.6191 	 813.4702 	 39.0000 	 2.3339 	 11.0571 	 2.2790 	 0.0000 	 1.7978 	 0.0000 
41.0000 	 0.0032 	 1.1235 	 12.4841 	 0.0000 	 3.6239 	 813.4706 	 41.0000 	 2.2714 	 15.8409 	 1.8863 	 0.0000 	 0.7446 	 0.0000 
45.0000 	 2.2237 	 14.9325 	 19.5284 	 0.0000 	 0.0491 	 776.9627 	 45.0000 	 2.7425 	 17.9156 	 -0.1676 	 0.0000 	 6.5874 	 0.0700 
42.0000 	 2.1133 	 14.4942 	 19.3807 	 0.0000 	 0.2550 	 777.6469 	 42.0000 	 1.4800 	 8.2294 	 1.5304 	 0.0000 	 2.3137 	 0.0667 
45.0000 	 2.2191 	 14.7286 	 19.3996 	 0.0000 	 0.1863 	 777.2432 	 45.0000 	 0.8997 	 1.8478 	 1.7505 	 0.0000 	 0.2379 	 0.0451 
44.0000 	 2.1784 	 14.9158 	 19.4485 	 0.0000 	 0.1258 	 777.1252 	 44.0000 	 2.8993 	 19.2012 	 -0.7875 	 0.0000 	 3.6898 	 0.0568 
39.0000 	 0.1816 	 74.2328 	 12.4859 	 0.0000 	 3.6198 	 813.4703 	 39.0000 	 1.9476 	 10.4365 	 4.1436 	 0.0000 	 6.4630 	 0.0000 
39.0000 	 0.4311 	 8.8867 	 12.6880 	 0.0000 	 3.7012 	 809.8418 	 39.0000 	 2.7435 	 8.9878 	 1.9748 	 0.0000 	 4.0772 	 0.0563 
40.0000 	 0.0050 	 65.9250 	 12.4848 	 0.0000 	 3.6202 	 813.4703 	 40.0000 	 2.1409 	 2.2837 	 1.7026 	 0.0000 	 9.0885 	 0.0000 
36.0000 	 0.0426 	 5.5136 	 12.4939 	 0.0000 	 3.6151 	 813.4720 	 36.0000 	 1.4079 	 6.2353 	 2.1124 	 0.0000 	 8.1062 	 0.0000 
43.0000 	 2.1566 	 14.8051 	 19.4670 	 0.0000 	 0.1606 	 777.0186 	 43.0000 	 1.4580 	 11.8296 	 -0.8205 	 0.0000 	 9.4178 	 0.0233 
42.0000 	 2.1090 	 14.7868 	 19.3580 	 0.0000 	 0.2319 	 777.2186 	 42.0000 	 1.5188 	 4.2059 	 2.2533 	 0.0000 	 9.5012 	 0.0345 
41.0000 	 0.9051 	 9.9634 	 12.5540 	 0.0000 	 3.5802 	 813.3822 	 41.0000 	 0.6170 	 1.0973 	 2.5246 	 0.0000 	 9.7301 	 0.0044 
40.0000 	 0.1223 	 21.5165 	 12.5169 	 0.0000 	 3.6210 	 811.5592 	 40.0000 	 1.9108 	 9.1882 	 3.3347 	 0.0000 	 8.0041 	 0.0000 
38.0000 	 0.0064 	 9.0018 	 12.4809 	 0.0000 	 3.6215 	 813.4705 	 38.0000 	 1.0792 	 0.2556 	 1.2492 	 0.0000 	 6.0226 	 0.0000 
41.0000 	 1.5055 	 0.0001 	 13.2893 	 0.0000 	 3.0570 	 809.2067 	 41.0000 	 2.2047 	 17.8911 	 -3.0289 	 0.0000 	 1.1948 	 0.0037 
38.0000 	 0.0029 	 9.4222 	 12.4866 	 0.0000 	 3.6210 	 813.4704 	 38.0000 	 1.1745 	 5.2168 	 -1.6649 	 0.0000 	 8.1035 	 0.0000 
38.0000 	 0.0205 	 7.3101 	 12.4870 	 0.0000 	 3.6200 	 813.4655 	 38.0000 	 2.2814 	 11.5875 	 0.8254 	 0.0000 	 2.5677 	 0.0000 
44.0000 	 2.1700 	 15.0394 	 19.4566 	 0.0000 	 0.1169 	 777.1775 	 44.0000 	 1.7095 	 12.1807 	 -4.3288 	 0.0000 	 3.3380 	 0.0438 
43.0000 	 0.8600 	 12.6199 	 12.5916 	 0.0000 	 3.5785 	 813.2957 	 43.0000 	 1.9141 	 2.5025 	 0.8544 	 0.0000 	 3.6868 	 0.0142 
36.0000 	 0.1388 	 10.7163 	 12.4849 	 0.0000 	 3.6202 	 813.4703 	 36.0000 	 0.9407 	 14.4814 	 4.7367 	 0.0000 	 0.6444 	 0.0000 
37.0000 	 0.0105 	 41.5182 	 12.4971 	 0.0000 	 3.6275 	 813.4605 	 37.0000 	 1.2305 	 7.1227 	 -3.4381 	 0.0000 	 5.5437 	 0.0022 
41.0000 	 0.1195 	 7.7724 	 12.4868 	 0.0000 	 3.6212 	 813.4704 	 41.0000 	 1.6135 	 16.2843 	 0.9437 	 0.0000 	 1.5193 	 0.0000 
37.0000 	 0.0430 	 1.2531 	 12.4481 	 0.0000 	 3.7952 	 814.0913 	 37.0000 	 1.5145 	 16.2763 	 -2.9781 	 0.0000 	 7.7773 	 0.0000 
38.0000 	 0.0368 	 5.4017 	 12.4845 	 0.0000 	 3.6205 	 813.4703 	 38.0000 	 2.2527 	 9.8503 	 2.5608 	 0.0000 	 7.7382 	 0.0000 
37.0000 	 0.0025 	 5.8155 	 12.4853 	 0.0000 	 3.6207 	 813.4703 	 37.0000 	 1.4859 	 10.7824 	 -3.3768 	 0.0000 	 3.6820 	 0.0000 
36.0000 	 0.0638 	 1.0995 	 12.4233 	 0.0000 	 3.6096 	 813.5149 	 36.0000 	 0.3230 	 3.2904 	 -1.4962 	 0.0000 	 9.3158 	 0.0000 
37.0000 	 0.0033 	 17.9078 	 12.4858 	 0.0000 	 3.6206 	 813.4703 	 37.0000 	 0.1644 	 15.2226 	 0.7235 	 0.0000 	 3.0672 	 0.0000 
38.0000 	 0.0749 	 1.5274 	 12.4561 	 0.0000 	 3.6780 	 813.5475 	 38.0000 	 2.5928 	 14.3890 	 4.5404 	 0.0000 	 3.5820 	 0.0000 
38.0000 	 0.9022 	 8.3430 	 12.5937 	 0.0000 	 3.5756 	 813.3425 	 38.0000 	 0.2258 	 6.4086 	 1.8415 	 0.0000 	 5.4066 	 0.0015 
36.0000 	 0.4346 	 6.5795 	 12.4983 	 0.0000 	 3.6312 	 813.4747 	 36.0000 	 0.1691 	 1.7221 	 3.6675 	 0.0000 	 6.5625 	 0.0000 
38.0000 	 0.0034 	 18.0784 	 12.4857 	 0.0000 	 3.6183 	 813.4703 	 38.0000 	 1.9395 	 8.6157 	 1.8553 	 0.0000 	 2.2354 	 0.0000 
39.0000 	 0.0034 	 24.9318 	 12.4845 	 0.0000 	 3.6208 	 813.4703 	 39.0000 	 1.7629 	 16.7436 	 -0.7598 	 0.0000 	 2.8297 	 0.0000 
40.0000 	 0.0025 	 0.0000 	 12.4843 	 0.0000 	 3.6201 	 813.4703 	 40.0000 	 2.3397 	 1.4239 	 2.9495 	 0.0000 	 5.1395 	 0.0000 
34.0000 	 0.2078 	 53.8901 	 12.4698 	 0.0000 	 3.6230 	 813.4728 	 34.0000 	 0.3427 	 15.7329 	 2.3651 	 0.0000 	 0.5288 	 0.0000 
33.0000 	 0.1666 	 16.6232 	 12.4847 	 0.0000 	 3.6203 	 813.4703 	 33.0000 	 1.7571 	 17.9651 	 -3.0391 	 0.0000 	 1.2036 	 0.0000 
34.0000 	 0.0767 	 2.6418 	 12.4838 	 0.0000 	 3.6206 	 813.4701 	 34.0000 	 1.0022 	 0.5089 	 2.8905 	 0.0000 	 8.6538 	 0.0000 
33.0000 	 0.0030 	 19.9268 	 12.4805 	 0.0000 	 3.6230 	 813.4705 	 33.0000 	 0.2983 	 0.2353 	 -2.0122 	 0.0000 	 9.9508 	 0.0000 
34.0000 	 0.2385 	 0.0000 	 12.5195 	 0.0000 	 3.6084 	 813.1199 	 34.0000 	 2.9155 	 7.8426 	 -4.6979 	 0.0000 	 6.3905 	 0.1269 
34.0000 	 0.0634 	 8.2964 	 12.4728 	 0.0000 	 3.6293 	 813.4734 	 34.0000 	 1.6866 	 7.5133 	 4.0841 	 0.0000 	 1.4374 	 0.0000 
33.0000 	 0.0033 	 30.4456 	 12.4866 	 0.0000 	 3.6212 	 813.4702 	 33.0000 	 1.7673 	 18.4116 	 -1.1001 	 0.0000 	 2.4228 	 0.0000 
36.0000 	 0.0104 	 5.7834 	 12.4831 	 0.0000 	 3.6216 	 813.4703 	 36.0000 	 2.5694 	 2.9794 	 2.8261 	 0.0000 	 0.5588 	 0.0000 
35.0000 	 0.7040 	 0.0000 	 12.5165 	 0.0000 	 3.6240 	 813.4610 	 35.0000 	 0.3858 	 10.6192 	 -0.8505 	 0.0000 	 9.0784 	 0.0080 
31.0000 	 0.0054 	 7.1069 	 12.4414 	 0.0000 	 3.6536 	 813.5025 	 31.0000 	 2.5626 	 18.0667 	 4.1474 	 0.0000 	 1.3778 	 0.0010 
30.0000 	 0.0026 	 22.2757 	 12.4841 	 0.0000 	 3.6200 	 813.4703 	 30.0000 	 2.5656 	 2.0617 	 3.9235 	 0.0000 	 8.8380 	 0.0000 
34.0000 	 0.0051 	 47.1310 	 12.4854 	 0.0000 	 3.6203 	 813.4703 	 34.0000 	 2.6600 	 12.1851 	 4.5562 	 0.0000 	 0.5477 	 0.0000 
40.0000 	 0.0030 	 20.6206 	 12.4857 	 0.0000 	 3.6201 	 813.4703 	 40.0000 	 2.5351 	 6.5312 	 1.1364 	 0.0000 	 8.3775 	 0.0000 
33.0000 	 0.0062 	 10.2905 	 12.4872 	 0.0000 	 3.6194 	 813.4704 	 33.0000 	 1.5738 	 11.5204 	 3.4046 	 0.0000 	 0.8732 	 0.0000 
35.0000 	 0.4608 	 24.1003 	 12.5464 	 0.0000 	 3.6096 	 812.9808 	 35.0000 	 0.7919 	 15.5853 	 -3.8431 	 0.0000 	 1.1146 	 0.0102 
36.0000 	 0.0034 	 53.6925 	 12.4846 	 0.0000 	 3.6206 	 813.4703 	 36.0000 	 2.7183 	 12.0728 	 -1.7472 	 0.0000 	 4.3781 	 0.0000 
33.0000 	 0.0025 	 12.0627 	 12.4836 	 0.0000 	 3.6204 	 813.4703 	 33.0000 	 0.7585 	 8.2259 	 4.1401 	 0.0000 	 5.9293 	 0.0000 
38.0000 	 0.0037 	 98.3179 	 12.4846 	 0.0000 	 3.6208 	 813.4703 	 38.0000 	 1.8621 	 6.7422 	 -2.1660 	 0.0000 	 2.9706 	 0.0000 
30.0000 	 0.0034 	 28.5599 	 12.4863 	 0.0000 	 3.6178 	 813.4705 	 30.0000 	 2.0947 	 10.5316 	 -4.0977 	 0.0000 	 1.7586 	 0.0000 
40.0000 	 0.4412 	 14.2920 	 12.6270 	 0.0000 	 3.5449 	 813.8226 	 40.0000 	 2.9316 	 3.8372 	 -2.3608 	 0.0000 	 8.5602 	 0.0003 
32.0000 	 0.0969 	 6.8905 	 12.4838 	 0.0000 	 3.6206 	 813.4703 	 32.0000 	 1.5299 	 18.6801 	 0.3548 	 0.0000 	 7.9332 	 0.0000 
35.0000 	 0.0025 	 6.9511 	 12.4832 	 0.0000 	 3.6207 	 813.4703 	 35.0000 	 2.6635 	 1.8723 	 0.6290 	 0.0000 	 7.7865 	 0.0000 
31.0000 	 0.0042 	 13.7329 	 12.4866 	 0.0000 	 3.6209 	 813.4704 	 31.0000 	 2.6384 	 17.1296 	 -0.7717 	 0.0000 	 9.9342 	 0.0000 
31.0000 	 0.0032 	 0.0991 	 12.4937 	 0.0000 	 3.6223 	 813.4713 	 31.0000 	 1.7543 	 11.9852 	 -3.9982 	 0.0000 	 1.4868 	 0.0000 
36.0000 	 0.0081 	 17.8580 	 12.4908 	 0.0000 	 3.6096 	 813.4733 	 36.0000 	 2.1658 	 9.7307 	 -4.2880 	 0.0000 	 1.2883 	 0.0000 
34.0000 	 0.1314 	 14.2476 	 12.4832 	 0.0000 	 3.6203 	 813.4703 	 34.0000 	 2.0738 	 18.7517 	 4.7622 	 0.0000 	 2.5859 	 0.0000 
37.0000 	 0.0786 	 0.1173 	 12.4864 	 0.0000 	 3.6163 	 813.4708 	 37.0000 	 1.7436 	 5.5074 	 -0.6462 	 0.0000 	 3.7518 	 0.0000 
35.0000 	 0.1838 	 3.9308 	 12.4854 	 0.0000 	 3.6209 	 813.4703 	 35.0000 	 0.4139 	 14.5352 	 1.7354 	 0.0000 	 1.7944 	 0.0000 
32.0000 	 0.1278 	 11.5198 	 12.5635 	 0.0000 	 3.6145 	 812.1324 	 32.0000 	 0.3867 	 7.9693 	 0.8216 	 0.0000 	 3.5493 	 0.0151 
37.0000 	 0.3110 	 1.8164 	 12.5610 	 0.0000 	 3.6157 	 813.4598 	 37.0000 	 2.3548 	 11.1396 	 4.3138 	 0.0000 	 0.6566 	 0.0100 
28.0000 	 0.0179 	 10.9304 	 12.4846 	 0.0000 	 3.6203 	 813.4703 	 28.0000 	 0.7143 	 18.6971 	 -4.7765 	 0.0000 	 2.3611 	 0.0000 
33.0000 	 1.8583 	 14.6787 	 19.4324 	 0.0000 	 0.1431 	 776.5067 	 33.0000 	 2.5182 	 5.7132 	 3.8021 	 0.0000 	 0.8202 	 0.0345 
38.0000 	 0.2476 	 7.3196 	 12.4883 	 0.0000 	 3.6237 	 813.4707 	 38.0000 	 0.1378 	 10.9024 	 2.6363 	 0.0000 	 9.3983 	 0.0000 
31.0000 	 0.0091 	 0.0000 	 12.4908 	 0.0000 	 3.6185 	 813.4695 	 31.0000 	 1.1796 	 16.7404 	 -1.6776 	 0.0000 	 8.2123 	 0.0003 
30.0000 	 0.0032 	 30.5299 	 12.4844 	 0.0000 	 3.6206 	 813.4703 	 30.0000 	 2.4579 	 9.1560 	 -2.7338 	 0.0000 	 0.5443 	 0.0000 
32.0000 	 0.3668 	 48.2620 	 12.4851 	 0.0000 	 3.6192 	 813.4704 	 32.0000 	 2.4078 	 13.7001 	 -1.3961 	 0.0000 	 9.9004 	 0.0000 
32.0000 	 0.0917 	 10.6015 	 12.5345 	 0.0000 	 3.5981 	 813.5083 	 32.0000 	 0.2052 	 16.8126 	 3.0163 	 0.0000 	 7.4580 	 0.0000 
29.0000 	 0.1814 	 5.2393 	 12.4805 	 0.0000 	 3.6230 	 813.4706 	 29.0000 	 0.7426 	 11.7096 	 4.6364 	 0.0000 	 6.2479 	 0.0000 
32.0000 	 0.0290 	 0.0000 	 12.4829 	 0.0000 	 3.6670 	 813.1564 	 32.0000 	 2.8913 	 17.7979 	 3.8939 	 0.0000 	 6.9604 	 0.0040 
31.0000 	 0.1688 	 0.0879 	 12.5977 	 0.0000 	 3.5986 	 813.6211 	 31.0000 	 1.5651 	 1.2591 	 -4.9860 	 0.0000 	 9.9426 	 0.0000 
36.0000 	 1.9834 	 14.8093 	 19.5161 	 0.0000 	 0.1225 	 776.3933 	 36.0000 	 1.2424 	 1.2236 	 3.1387 	 0.0000 	 8.5851 	 0.0493 
35.0000 	 0.0025 	 51.5918 	 12.3950 	 0.0000 	 3.5583 	 813.2553 	 35.0000 	 1.8179 	 5.6645 	 -2.9368 	 0.0000 	 3.1877 	 0.0000 
30.0000 	 0.2690 	 4.8792 	 12.4585 	 0.0000 	 3.6426 	 813.4842 	 30.0000 	 1.8404 	 3.5873 	 -0.9062 	 0.0000 	 8.4652 	 0.0153 
29.0000 	 0.0092 	 11.5322 	 12.4864 	 0.0000 	 3.6147 	 813.4711 	 29.0000 	 1.6089 	 2.1446 	 -2.0971 	 0.0000 	 9.2831 	 0.0000 
31.0000 	 0.0667 	 8.5186 	 12.4841 	 0.0000 	 3.6217 	 813.4703 	 31.0000 	 1.2180 	 14.7062 	 2.7253 	 0.0000 	 4.8874 	 0.0000 
27.0000 	 0.0081 	 19.6567 	 12.4840 	 0.0000 	 3.6208 	 813.4703 	 27.0000 	 1.8437 	 15.4372 	 1.0930 	 0.0000 	 1.7043 	 0.0000 
33.0000 	 0.0026 	 3.1982 	 12.4805 	 0.0000 	 3.6230 	 813.4706 	 33.0000 	 2.5811 	 1.8825 	 -4.2777 	 0.0000 	 4.9837 	 0.0000 
27.0000 	 0.0037 	 8.0393 	 12.4842 	 0.0000 	 3.6206 	 813.4703 	 27.0000 	 0.5290 	 10.9589 	 -3.0210 	 0.0000 	 6.0737 	 0.0000 
34.0000 	 0.2596 	 1.8321 	 12.4855 	 0.0000 	 3.6207 	 813.4703 	 34.0000 	 2.7591 	 16.5126 	 4.9303 	 0.0000 	 2.4398 	 0.0000 
28.0000 	 0.0047 	 0.2103 	 12.4850 	 0.0000 	 3.6214 	 813.4703 	 28.0000 	 0.1700 	 18.7342 	 4.7953 	 0.0000 	 1.8200 	 0.0000 
27.0000 	 0.0299 	 1.5633 	 12.4852 	 0.0000 	 3.6218 	 813.4703 	 27.0000 	 0.1737 	 16.8901 	 2.9317 	 0.0000 	 3.2499 	 0.0000 
29.0000 	 0.3805 	 8.2935 	 12.5244 	 0.0000 	 3.6523 	 812.6714 	 29.0000 	 1.4763 	 5.8263 	 -4.3166 	 0.0000 	 6.1612 	 0.0496 
25.0000 	 0.0159 	 4.9099 	 12.4845 	 0.0000 	 3.6207 	 813.4703 	 25.0000 	 2.2255 	 17.6304 	 -4.2736 	 0.0000 	 6.5092 	 0.0000 
28.0000 	 1.1994 	 0.0066 	 13.2837 	 0.0000 	 3.0572 	 809.6900 	 28.0000 	 2.5339 	 4.6198 	 -3.6419 	 0.0000 	 9.2270 	 0.0039 
25.0000 	 0.0074 	 41.5039 	 12.4854 	 0.0000 	 3.6206 	 813.4703 	 25.0000 	 2.8109 	 14.1902 	 4.6563 	 0.0000 	 9.0449 	 0.0000 
27.0000 	 0.6683 	 7.4500 	 12.6099 	 0.0000 	 3.6072 	 813.0948 	 27.0000 	 1.5376 	 11.0098 	 -4.4438 	 0.0000 	 5.2075 	 0.0342 
35.0000 	 0.0235 	 93.2794 	 12.4701 	 0.0000 	 3.6209 	 813.3648 	 35.0000 	 1.9614 	 10.6463 	 -4.6474 	 0.0000 	 6.8649 	 0.0000 
28.0000 	 0.0471 	 1.5252 	 12.4859 	 0.0000 	 3.6209 	 813.4703 	 28.0000 	 1.4636 	 12.5998 	 0.3682 	 0.0000 	 7.6576 	 0.0000 
24.0000 	 0.0142 	 6.9075 	 12.4831 	 0.0000 	 3.6213 	 813.4703 	 24.0000 	 1.2758 	 12.0669 	 3.1332 	 0.0000 	 4.2244 	 0.0000 
26.0000 	 0.1862 	 14.6005 	 12.4844 	 0.0000 	 3.6208 	 813.4703 	 26.0000 	 2.5057 	 2.8585 	 1.9210 	 0.0000 	 4.8258 	 0.0000 
30.0000 	 0.0212 	 16.1523 	 12.4805 	 0.0000 	 3.6230 	 813.4705 	 30.0000 	 0.7756 	 19.6552 	 -2.9545 	 0.0000 	 1.7434 	 0.0000 
30.0000 	 0.0926 	 2.4109 	 12.5049 	 0.0000 	 3.6023 	 812.9334 	 30.0000 	 2.6981 	 9.7174 	 -4.2269 	 0.0000 	 4.5908 	 0.0426 
23.0000 	 0.1704 	 8.2190 	 12.4843 	 0.0000 	 3.6209 	 813.4703 	 23.0000 	 2.9199 	 14.8597 	 1.6211 	 0.0000 	 8.6456 	 0.0000 
35.0000 	 0.0033 	 59.7217 	 12.4854 	 0.0000 	 3.6206 	 813.4703 	 35.0000 	 2.2095 	 2.9408 	 2.7089 	 0.0000 	 9.2348 	 0.0000 
31.0000 	 0.1477 	 9.4912 	 12.5184 	 0.0000 	 3.7138 	 813.6634 	 31.0000 	 1.1225 	 1.6513 	 0.7279 	 0.0000 	 6.5073 	 0.0000 
26.0000 	 0.0393 	 4.7918 	 12.4844 	 0.0000 	 3.6203 	 813.4703 	 26.0000 	 2.7808 	 12.1620 	 2.4106 	 0.0000 	 4.2405 	 0.0000 
34.0000 	 0.0381 	 3.1883 	 12.4845 	 0.0000 	 3.6203 	 813.4703 	 34.0000 	 0.6510 	 16.6872 	 3.5609 	 0.0000 	 0.4121 	 0.0000 
29.0000 	 0.4969 	 0.1567 	 12.4854 	 0.0000 	 3.6197 	 813.4721 	 29.0000 	 2.9233 	 11.8918 	 0.1874 	 0.0000 	 7.0286 	 0.0002 
27.0000 	 0.0027 	 35.7458 	 12.4844 	 0.0000 	 3.6206 	 813.4703 	 27.0000 	 0.1335 	 9.2395 	 -2.2097 	 0.0000 	 4.1496 	 0.0000 
34.0000 	 0.1843 	 2.5772 	 12.4842 	 0.0000 	 3.6213 	 813.4703 	 34.0000 	 2.7432 	 2.6616 	 -3.5814 	 0.0000 	 4.7639 	 0.0000 
22.0000 	 0.0101 	 22.6688 	 12.4554 	 0.0000 	 3.6569 	 813.5065 	 22.0000 	 0.6117 	 17.5224 	 2.6562 	 0.0000 	 4.7161 	 0.0005 
28.0000 	 0.0103 	 1.8396 	 12.4896 	 0.0000 	 3.6267 	 813.4714 	 28.0000 	 1.9689 	 14.3848 	 -1.6256 	 0.0000 	 1.1020 	 0.0000 
24.0000 	 0.0064 	 7.3566 	 12.4878 	 0.0000 	 3.6111 	 813.4723 	 24.0000 	 1.0400 	 19.3195 	 1.7439 	 0.0000 	 5.5872 	 0.0000 
25.0000 	 0.2547 	 0.9408 	 12.4847 	 0.0000 	 3.6203 	 813.4703 	 25.0000 	 1.5464 	 12.0195 	 3.5039 	 0.0000 	 0.2101 	 0.0000 
31.0000 	 0.0044 	 2.5833 	 12.4845 	 0.0000 	 3.6207 	 813.4703 	 31.0000 	 1.7056 	 15.7321 	 -4.0702 	 0.0000 	 7.6594 	 0.0000 
26.0000 	 0.0177 	 11.4631 	 12.4844 	 0.0000 	 3.6210 	 813.4703 	 26.0000 	 1.6672 	 1.2816 	 3.2052 	 0.0000 	 4.0539 	 0.0000 
22.0000 	 0.0493 	 21.0357 	 12.4863 	 0.0000 	 3.6212 	 813.4704 	 22.0000 	 1.4574 	 6.4201 	 -1.9724 	 0.0000 	 7.6526 	 0.0000 
26.0000 	 0.0048 	 5.2583 	 12.4870 	 0.0000 	 3.6122 	 813.4722 	 26.0000 	 0.3079 	 3.8132 	 -3.8751 	 0.0000 	 1.6232 	 0.0004 
32.0000 	 0.0761 	 26.3157 	 12.4796 	 0.0000 	 3.6181 	 813.4707 	 32.0000 	 0.2406 	 7.7589 	 3.0373 	 0.0000 	 3.5326 	 0.0000 
21.0000 	 0.0456 	 19.0501 	 12.4786 	 0.0000 	 3.6182 	 813.4708 	 21.0000 	 2.3115 	 8.6301 	 -2.9277 	 0.0000 	 9.0067 	 0.0000 
30.0000 	 0.0204 	 9.7546 	 12.4854 	 0.0000 	 3.6206 	 813.4703 	 30.0000 	 1.9912 	 1.0963 	 -0.6969 	 0.0000 	 5.5280 	 0.0000 
31.0000 	 0.0717 	 7.9602 	 12.4805 	 0.0000 	 3.6194 	 813.1123 	 31.0000 	 1.2522 	 18.1246 	 0.1593 	 0.0000 	 1.3338 	 0.0000 
23.0000 	 0.0034 	 0.1850 	 12.4885 	 0.0000 	 3.6207 	 813.4704 	 23.0000 	 1.5721 	 2.4563 	 2.3166 	 0.0000 	 3.5104 	 0.0003 
32.0000 	 0.0476 	 9.1717 	 12.4858 	 0.0000 	 3.6203 	 813.4703 	 32.0000 	 1.8640 	 9.2206 	 -3.8896 	 0.0000 	 4.5359 	 0.0000 
19.0000 	 0.2750 	 7.9675 	 12.4838 	 0.0000 	 3.6213 	 813.4702 	 19.0000 	 0.0934 	 15.1612 	 -0.8056 	 0.0000 	 0.4716 	 0.0000 
29.0000 	 0.0028 	 5.4875 	 12.4847 	 0.0000 	 3.6208 	 813.4700 	 29.0000 	 1.3756 	 17.7114 	 -2.6975 	 0.0000 	 3.4266 	 0.0000 
24.0000 	 0.2750 	 0.8063 	 12.4852 	 0.0000 	 3.6209 	 813.4703 	 24.0000 	 2.1289 	 15.3267 	 1.4417 	 0.0000 	 8.9869 	 0.0000 
26.0000 	 0.0139 	 7.8696 	 12.4839 	 0.0000 	 3.6207 	 813.4703 	 26.0000 	 2.9990 	 1.9504 	 -2.7645 	 0.0000 	 4.4508 	 0.0000 
21.0000 	 0.4419 	 12.1584 	 12.5192 	 0.0000 	 3.5817 	 813.4778 	 21.0000 	 1.3443 	 9.3845 	 0.7840 	 0.0000 	 5.9699 	 0.0007 
28.0000 	 1.7026 	 14.8390 	 19.4557 	 0.0000 	 0.0949 	 776.3078 	 28.0000 	 1.9967 	 11.4528 	 -0.3142 	 0.0000 	 3.7644 	 0.0470 
30.0000 	 0.0027 	 13.0255 	 12.4835 	 0.0000 	 3.6191 	 813.4704 	 30.0000 	 2.1118 	 4.8126 	 3.4288 	 0.0000 	 8.5056 	 0.0000 
30.0000 	 0.0131 	 17.2302 	 12.4854 	 0.0000 	 3.6194 	 813.4703 	 30.0000 	 2.9031 	 10.5363 	 1.6085 	 0.0000 	 9.9268 	 0.0000 
21.0000 	 0.0029 	 16.9714 	 12.4848 	 0.0000 	 3.6206 	 813.4703 	 21.0000 	 0.6024 	 16.4827 	 0.1262 	 0.0000 	 0.1718 	 0.0000 
28.0000 	 0.0146 	 6.1226 	 12.4868 	 0.0000 	 3.6208 	 813.4721 	 28.0000 	 0.6112 	 9.5459 	 -4.0372 	 0.0000 	 7.8326 	 0.0000 
26.0000 	 0.0364 	 0.0000 	 12.4707 	 0.0000 	 3.6209 	 813.4724 	 26.0000 	 1.5487 	 7.9157 	 2.7808 	 0.0000 	 3.5165 	 0.0003 
21.0000 	 0.0176 	 4.0829 	 12.4837 	 0.0000 	 3.6207 	 813.4701 	 21.0000 	 0.9911 	 8.1100 	 2.4171 	 0.0000 	 6.4250 	 0.0000 
18.0000 	 0.0377 	 8.7918 	 12.4864 	 0.0000 	 3.6217 	 813.4704 	 18.0000 	 0.7771 	 14.1262 	 -3.6157 	 0.0000 	 3.2119 	 0.0000 
20.0000 	 0.0401 	 11.5589 	 12.4838 	 0.0000 	 3.6213 	 813.4704 	 20.0000 	 2.5154 	 9.6809 	 3.3119 	 0.0000 	 9.5034 	 0.0000 
24.0000 	 0.0051 	 17.1518 	 12.4823 	 0.0000 	 3.6179 	 813.4705 	 24.0000 	 1.1527 	 13.2668 	 0.8308 	 0.0000 	 3.7805 	 0.0000 
28.0000 	 0.0042 	 5.7352 	 12.4854 	 0.0000 	 3.6192 	 813.4701 	 28.0000 	 0.1947 	 15.7227 	 3.7475 	 0.0000 	 9.5199 	 0.0000 
24.0000 	 0.0031 	 17.3986 	 12.4850 	 0.0000 	 3.6213 	 813.4703 	 24.0000 	 1.1856 	 2.2061 	 -1.7569 	 0.0000 	 5.8214 	 0.0000 
23.0000 	 0.0676 	 5.8397 	 12.4669 	 0.0000 	 3.6086 	 813.4556 	 23.0000 	 1.6170 	 15.6882 	 1.8258 	 0.0000 	 6.8620 	 0.0016 
24.0000 	 0.0067 	 5.4779 	 12.4835 	 0.0000 	 3.6243 	 813.4719 	 24.0000 	 0.0029 	 11.3081 	 0.3465 	 0.0000 	 4.9283 	 0.0007 
21.0000 	 0.0620 	 0.1908 	 12.4817 	 0.0000 	 3.6184 	 813.4705 	 21.0000 	 0.2595 	 2.0790 	 1.6120 	 0.0000 	 3.9450 	 0.0000 
15.0000 	 0.0128 	 12.8501 	 12.4850 	 0.0000 	 3.6203 	 813.4703 	 15.0000 	 1.0081 	 4.4957 	 -1.7796 	 0.0000 	 7.3191 	 0.0000 
24.0000 	 0.1749 	 1.6246 	 12.4843 	 0.0000 	 3.6207 	 813.4703 	 24.0000 	 1.2996 	 19.8269 	 3.5022 	 0.0000 	 3.9579 	 0.0000 
12.0000 	 0.0119 	 0.0776 	 12.4831 	 0.0000 	 3.6205 	 813.4703 	 12.0000 	 1.4321 	 19.4058 	 -1.3615 	 0.0000 	 8.7279 	 0.0000 
13.0000 	 0.0035 	 96.4294 	 12.4854 	 0.0000 	 3.6206 	 813.4702 	 13.0000 	 1.0615 	 0.8613 	 4.8438 	 0.0000 	 5.8627 	 0.0000 
20.0000 	 0.5034 	 12.1021 	 12.5362 	 0.0000 	 3.5964 	 813.3954 	 20.0000 	 2.8002 	 10.4405 	 -2.9840 	 0.0000 	 7.0089 	 0.0022 
19.0000 	 0.0765 	 2.4778 	 12.4849 	 0.0000 	 3.6206 	 813.4703 	 19.0000 	 1.1237 	 16.0730 	 0.9258 	 0.0000 	 5.1328 	 0.0000 
15.0000 	 0.0139 	 5.6325 	 12.4847 	 0.0000 	 3.6285 	 813.4716 	 15.0000 	 1.5224 	 18.0520 	 -4.7604 	 0.0000 	 1.7763 	 0.0000 
15.0000 	 1.1926 	 14.5030 	 19.4427 	 0.0000 	 0.1672 	 777.3356 	 15.0000 	 1.5764 	 14.8033 	 -0.2573 	 0.0000 	 0.9108 	 0.0469 
19.0000 	 0.3538 	 15.6330 	 12.4884 	 0.0000 	 3.6204 	 813.4651 	 19.0000 	 0.5334 	 6.0124 	 -4.6877 	 0.0000 	 1.0374 	 0.0004 
24.0000 	 0.0814 	 42.6264 	 12.4751 	 0.0000 	 3.6171 	 813.4679 	 24.0000 	 2.3964 	 19.0099 	 -0.2563 	 0.0000 	 7.3177 	 0.0011 
14.0000 	 0.3037 	 15.8918 	 12.5057 	 0.0000 	 3.6135 	 813.4462 	 14.0000 	 2.7438 	 11.9365 	 0.8609 	 0.0000 	 5.6591 	 0.0008 
20.0000 	 0.0074 	 48.9081 	 12.5055 	 0.0000 	 3.6240 	 813.4751 	 20.0000 	 2.2212 	 3.1386 	 0.1678 	 0.0000 	 7.1229 	 0.0006 
15.0000 	 0.0048 	 0.2661 	 12.4849 	 0.0000 	 3.6209 	 813.4703 	 15.0000 	 1.0530 	 5.8562 	 4.1081 	 0.0000 	 1.4810 	 0.0000 
26.0000 	 0.0027 	 6.9766 	 12.4847 	 0.0000 	 3.6160 	 813.4705 	 26.0000 	 0.1286 	 17.9316 	 -0.8531 	 0.0000 	 6.1244 	 0.0005 
9.0000 	 0.0230 	 5.8331 	 12.5989 	 0.0000 	 3.6115 	 813.6143 	 9.0000 	 1.8620 	 3.3417 	 2.8153 	 0.0000 	 1.9795 	 0.0022 
22.0000 	 0.0300 	 5.1105 	 12.4811 	 0.0000 	 3.6221 	 813.4707 	 22.0000 	 0.1124 	 15.6528 	 3.9075 	 0.0000 	 0.5359 	 0.0003 
14.0000 	 0.0112 	 7.0723 	 12.4825 	 0.0000 	 3.6168 	 813.4706 	 14.0000 	 0.9072 	 4.1090 	 0.6620 	 0.0000 	 0.6643 	 0.0000 
25.0000 	 0.0044 	 5.4226 	 12.5035 	 0.0000 	 3.6211 	 813.4743 	 25.0000 	 2.2997 	 19.3476 	 -2.3156 	 0.0000 	 8.7176 	 0.0005 
21.0000 	 0.0141 	 4.7537 	 12.4844 	 0.0000 	 3.6192 	 813.4704 	 21.0000 	 1.2859 	 2.2225 	 -2.9827 	 0.0000 	 6.3100 	 0.0000 
5.0000 	 0.0094 	 6.9565 	 12.4886 	 0.0000 	 3.6223 	 813.4705 	 5.0000 	 2.3611 	 15.8360 	 2.5510 	 0.0000 	 1.3783 	 0.0000 
15.0000 	 0.0236 	 2.4722 	 12.4842 	 0.0000 	 3.6209 	 813.4703 	 15.0000 	 1.2062 	 5.6087 	 2.8274 	 0.0000 	 7.9391 	 0.0000 
11.0000 	 0.0187 	 15.1114 	 12.4848 	 0.0000 	 3.6203 	 813.4703 	 11.0000 	 2.6884 	 17.9230 	 3.5460 	 0.0000 	 6.1865 	 0.0000 
16.0000 	 0.0160 	 54.0787 	 12.4860 	 0.0000 	 3.6282 	 813.4751 	 16.0000 	 2.1747 	 16.9623 	 0.5539 	 0.0000 	 0.6941 	 0.0010 
25.0000 	 0.0226 	 19.2468 	 12.4843 	 0.0000 	 3.6205 	 813.4703 	 25.0000 	 0.2700 	 17.2506 	 -3.8237 	 0.0000 	 6.4722 	 0.0000 
8.0000 	 0.0216 	 14.9208 	 12.4855 	 0.0000 	 3.6211 	 813.4703 	 8.0000 	 1.5907 	 6.9380 	 -0.6394 	 0.0000 	 4.9259 	 0.0000 
25.0000 	 0.0106 	 21.3544 	 12.4812 	 0.0000 	 3.6214 	 813.4704 	 25.0000 	 2.8515 	 5.3249 	 -2.2526 	 0.0000 	 7.2686 	 0.0000 
19.0000 	 0.0065 	 13.5428 	 12.4852 	 0.0000 	 3.6205 	 813.4703 	 19.0000 	 0.4365 	 0.0533 	 1.5696 	 0.0000 	 8.1114 	 0.0000 
23.0000 	 0.0281 	 9.7900 	 12.5098 	 0.0000 	 3.6426 	 813.4877 	 23.0000 	 2.7803 	 10.0150 	 3.5976 	 0.0000 	 5.2106 	 0.0000 
14.0000 	 0.4463 	 13.2135 	 12.6751 	 0.0000 	 3.5114 	 813.1999 	 14.0000 	 1.5011 	 3.3033 	 -0.0457 	 0.0000 	 4.7871 	 0.0032 
26.0000 	 0.1731 	 4.0638 	 12.4844 	 0.0000 	 3.6211 	 813.4703 	 26.0000 	 2.5314 	 5.4752 	 3.2466 	 0.0000 	 9.5175 	 0.0000 
6.0000 	 0.0035 	 42.7244 	 12.4881 	 0.0000 	 3.6221 	 813.4703 	 6.0000 	 0.6673 	 18.6309 	 -4.9548 	 0.0000 	 6.1471 	 0.0000 
13.0000 	 0.8544 	 8.4909 	 15.4265 	 0.0000 	 2.7643 	 809.3400 	 13.0000 	 1.7368 	 10.4942 	 3.6426 	 0.0000 	 7.8077 	 0.0088 
3.0000 	 0.0067 	 13.6933 	 12.4881 	 0.0000 	 3.6178 	 813.4639 	 3.0000 	 2.1201 	 19.4615 	 -1.1202 	 0.0000 	 2.3129 	 0.0003 
9.0000 	 0.0264 	 12.2501 	 12.4839 	 0.0000 	 3.6240 	 813.4705 	 9.0000 	 2.2581 	 7.5853 	 -2.6331 	 0.0000 	 4.5815 	 0.0000 
17.0000 	 0.3930 	 8.6796 	 12.5102 	 0.0000 	 3.6193 	 813.4462 	 17.0000 	 0.1066 	 7.0910 	 1.4391 	 0.0000 	 2.7406 	 0.0007 
21.0000 	 0.0715 	 40.4435 	 12.4829 	 0.0000 	 3.6223 	 813.4703 	 21.0000 	 0.8921 	 2.6968 	 2.9678 	 0.0000 	 7.1235 	 0.0000 
14.0000 	 1.1269 	 14.4425 	 19.3434 	 0.0000 	 0.2257 	 777.8719 	 14.0000 	 1.4223 	 11.6838 	 -3.8012 	 0.0000 	 2.3246 	 0.0215 
22.0000 	 0.2909 	 22.8892 	 12.4847 	 0.0000 	 3.6201 	 813.4705 	 22.0000 	 1.6596 	 9.3343 	 -1.7047 	 0.0000 	 6.9889 	 0.0000 
2.0000 	 0.0025 	 2.3978 	 12.4908 	 0.0000 	 3.6195 	 813.5605 	 2.0000 	 0.6699 	 14.5219 	 -3.0575 	 0.0000 	 5.3701 	 0.0005 
19.0000 	 0.0045 	 22.7490 	 12.4805 	 0.0000 	 3.6230 	 813.4706 	 19.0000 	 1.0132 	 19.5680 	 2.9089 	 0.0000 	 4.7307 	 0.0000 
5.0000 	 0.0093 	 3.6042 	 12.4845 	 0.0000 	 3.6206 	 813.4703 	 5.0000 	 1.5643 	 5.0636 	 0.7248 	 0.0000 	 9.5864 	 0.0000 
18.0000 	 0.0042 	 4.9097 	 12.4848 	 0.0000 	 3.6205 	 813.4703 	 18.0000 	 0.0993 	 14.6486 	 -4.6654 	 0.0000 	 9.7418 	 0.0000 
23.0000 	 0.0311 	 5.4166 	 12.4845 	 0.0000 	 3.6206 	 813.4703 	 23.0000 	 2.1733 	 3.2433 	 -2.4963 	 0.0000 	 8.1839 	 0.0000 
13.0000 	 0.0216 	 55.0732 	 12.4805 	 0.0000 	 3.6621 	 812.6241 	 13.0000 	 0.2395 	 12.9620 	 -0.2857 	 0.0000 	 8.1115 	 0.0161 
8.0000 	 0.0025 	 38.8121 	 12.4832 	 0.0000 	 3.6213 	 813.4704 	 8.0000 	 0.1210 	 1.1007 	 4.3703 	 0.0000 	 8.1110 	 0.0000 
9.0000 	 0.0556 	 3.6258 	 12.4845 	 0.0000 	 3.6204 	 813.4702 	 9.0000 	 1.8050 	 14.9378 	 -3.1643 	 0.0000 	 4.3062 	 0.0000 
20.0000 	 0.0155 	 6.0131 	 12.4857 	 0.0000 	 3.6213 	 813.4703 	 20.0000 	 1.4604 	 15.3992 	 -3.7588 	 0.0000 	 8.0800 	 0.0000 
23.0000 	 1.5192 	 14.6441 	 19.3758 	 0.0000 	 0.1039 	 776.6660 	 23.0000 	 1.8208 	 12.5319 	 2.9988 	 0.0000 	 2.6512 	 0.0792 
10.0000 	 0.0063 	 3.9346 	 12.4890 	 0.0000 	 3.6188 	 813.4705 	 10.0000 	 0.2248 	 19.5468 	 3.6132 	 0.0000 	 7.7921 	 0.0000 
21.0000 	 0.0520 	 9.8540 	 12.4848 	 0.0000 	 3.6206 	 813.4703 	 21.0000 	 2.7787 	 9.7941 	 -3.9602 	 0.0000 	 2.3647 	 0.0000 
9.0000 	 0.0410 	 5.9851 	 12.5439 	 0.0000 	 3.6676 	 813.5570 	 9.0000 	 2.5162 	 13.1515 	 -3.4285 	 0.0000 	 8.0128 	 0.0004 
16.0000 	 0.0044 	 15.9654 	 12.4899 	 0.0000 	 3.6208 	 813.4699 	 16.0000 	 0.3758 	 2.9899 	 4.2190 	 0.0000 	 1.4060 	 0.0000 
14.0000 	 0.0888 	 6.9527 	 12.4844 	 0.0000 	 3.6210 	 813.4703 	 14.0000 	 1.2832 	 8.5108 	 0.4889 	 0.0000 	 2.1509 	 0.0000 
12.0000 	 0.0564 	 5.0092 	 12.4876 	 0.0000 	 3.6277 	 813.4714 	 12.0000 	 2.9410 	 18.7509 	 4.5810 	 0.0000 	 3.0987 	 0.0011 
17.0000 	 1.2780 	 14.7436 	 19.4624 	 0.0000 	 0.1410 	 776.8125 	 17.0000 	 2.0783 	 18.9908 	 -3.9755 	 0.0000 	 9.4554 	 0.0728 
19.0000 	 0.0078 	 1.1393 	 12.4825 	 0.0000 	 3.6230 	 813.4705 	 19.0000 	 1.2048 	 3.7626 	 -0.9664 	 0.0000 	 1.1480 	 0.0000 
14.0000 	 0.7805 	 1.2615 	 13.5085 	 0.0000 	 3.0645 	 810.9314 	 14.0000 	 1.8184 	 15.0040 	 0.5461 	 0.0000 	 0.3184 	 0.0053 
3.0000 	 0.0051 	 8.6754 	 12.4876 	 0.0000 	 3.6242 	 813.4716 	 3.0000 	 1.2668 	 4.9429 	 -0.2875 	 0.0000 	 7.7418 	 0.0002 
7.0000 	 0.0343 	 8.6624 	 12.4854 	 0.0000 	 3.6206 	 813.4703 	 7.0000 	 1.7035 	 10.9058 	 3.1912 	 0.0000 	 5.9762 	 0.0000 
8.0000 	 0.0095 	 13.5803 	 12.5488 	 0.0000 	 3.5803 	 813.5509 	 8.0000 	 1.8955 	 14.3678 	 1.2403 	 0.0000 	 0.4404 	 0.0003 
2.0000 	 0.0031 	 53.7760 	 12.6105 	 0.0000 	 3.5768 	 813.3480 	 2.0000 	 2.2955 	 5.9945 	 0.4653 	 0.0000 	 2.2815 	 0.0018 
10.0000 	 0.0678 	 1.1281 	 12.4844 	 0.0000 	 3.6213 	 813.4703 	 10.0000 	 0.1762 	 18.5978 	 -2.9341 	 0.0000 	 7.9135 	 0.0000 
22.0000 	 0.2268 	 4.9411 	 12.5488 	 0.0000 	 3.6377 	 813.5213 	 22.0000 	 1.2959 	 5.4485 	 -4.6200 	 0.0000 	 1.6000 	 0.0016 
9.0000 	 0.0054 	 0.6152 	 12.4858 	 0.0000 	 3.6224 	 813.4704 	 9.0000 	 2.5856 	 16.0870 	 1.4934 	 0.0000 	 4.7488 	 0.0000 
9.0000 	 0.0575 	 5.4993 	 12.5076 	 0.0000 	 3.6178 	 813.4762 	 9.0000 	 2.9920 	 3.6074 	 -2.6164 	 0.0000 	 7.0343 	 0.0000 
15.0000 	 0.0203 	 15.0404 	 12.4956 	 0.0000 	 3.6295 	 813.4734 	 15.0000 	 0.5796 	 2.4720 	 -2.7461 	 0.0000 	 5.9403 	 0.0000 
8.0000 	 0.0293 	 7.4963 	 12.4164 	 0.0000 	 3.5635 	 813.5979 	 8.0000 	 0.7331 	 2.2876 	 2.1719 	 0.0000 	 9.8440 	 0.0008 
8.0000 	 0.0650 	 3.3886 	 12.4828 	 0.0000 	 3.6201 	 813.4706 	 8.0000 	 2.7932 	 7.4429 	 1.2666 	 0.0000 	 5.5230 	 0.0002 
3.0000 	 0.0025 	 11.0359 	 12.4835 	 0.0000 	 3.6208 	 813.4701 	 3.0000 	 2.0607 	 7.7713 	 0.9630 	 0.0000 	 9.0075 	 0.0000 
3.0000 	 0.0048 	 7.7853 	 12.4877 	 0.0000 	 3.6196 	 813.4716 	 3.0000 	 1.2237 	 16.7317 	 -0.9084 	 0.0000 	 2.1089 	 0.0002 
1.0000 	 0.0025 	 6.6097 	 13.6597 	 0.0000 	 3.4965 	 821.5362 	 1.0000 	 1.5504 	 10.5988 	 4.5443 	 0.0000 	 1.8579 	 0.0080 
11.0000 	 0.4237 	 10.9537 	 12.8387 	 0.0000 	 3.4761 	 812.9662 	 11.0000 	 0.6776 	 17.1546 	 0.4388 	 0.0000 	 3.6848 	 0.0031 
15.0000 	 0.0618 	 1.8075 	 12.4042 	 0.0000 	 3.5134 	 813.8102 	 15.0000 	 2.5384 	 11.1783 	 1.1512 	 0.0000 	 0.4105 	 0.0000 
2.0000 	 0.0097 	 15.9529 	 12.7739 	 0.0000 	 3.4995 	 813.0446 	 2.0000 	 2.4594 	 7.5227 	 1.3514 	 0.0000 	 2.8571 	 0.0022 
17.0000 	 0.0028 	 24.0229 	 12.4843 	 0.0000 	 3.6204 	 813.4703 	 17.0000 	 1.9111 	 11.0316 	 0.5741 	 0.0000 	 4.7094 	 0.0000 
14.0000 	 0.0051 	 6.7402 	 12.4846 	 0.0000 	 3.6206 	 813.4703 	 14.0000 	 2.8007 	 9.1028 	 0.3825 	 0.0000 	 4.1995 	 0.0000 
18.0000 	 0.1007 	 8.7245 	 12.4847 	 0.0000 	 3.6206 	 813.4703 	 18.0000 	 2.5008 	 9.2702 	 -4.5498 	 0.0000 	 2.4110 	 0.0000 
13.0000 	 0.1772 	 5.0214 	 12.4845 	 0.0000 	 3.6205 	 813.4708 	 13.0000 	 0.4414 	 13.6755 	 -1.9503 	 0.0000 	 3.1692 	 0.0000 
18.0000 	 0.0241 	 10.8596 	 12.4824 	 0.0000 	 3.6212 	 813.4703 	 18.0000 	 1.0211 	 13.2394 	 3.7644 	 0.0000 	 3.5976 	 0.0000 
2.0000 	 0.3515 	 7.1527 	 17.5674 	 0.0000 	 2.9132 	 831.4480 	 2.0000 	 1.4867 	 7.0051 	 2.6697 	 0.0000 	 5.7384 	 0.2365 
7.0000 	 0.0043 	 14.0073 	 12.4847 	 0.0000 	 3.6215 	 813.4703 	 7.0000 	 0.5061 	 8.2159 	 2.1922 	 0.0000 	 1.3086 	 0.0000 
16.0000 	 0.0051 	 3.3582 	 12.4860 	 0.0000 	 3.6221 	 813.4704 	 16.0000 	 2.1989 	 5.0847 	 1.7318 	 0.0000 	 7.6403 	 0.0000 
13.0000 	 0.0029 	 3.2715 	 12.4854 	 0.0000 	 3.6209 	 813.4703 	 13.0000 	 2.3797 	 7.2640 	 -0.5886 	 0.0000 	 2.8208 	 0.0000 
22.0000 	 0.0303 	 37.5251 	 12.4861 	 0.0000 	 3.6150 	 813.4710 	 22.0000 	 2.8346 	 12.0745 	 -3.9353 	 0.0000 	 3.2650 	 0.0000 
11.0000 	 0.6154 	 0.0000 	 13.2153 	 0.0000 	 3.1165 	 811.8497 	 11.0000 	 2.0368 	 18.8040 	 -2.2119 	 0.0000 	 1.9699 	 0.0041 
6.0000 	 0.0079 	 67.4106 	 12.4848 	 0.0000 	 3.6206 	 813.4703 	 6.0000 	 2.6636 	 0.3091 	 0.7010 	 0.0000 	 5.9776 	 0.0000 
25.0000 	 0.0819 	 17.6811 	 12.4843 	 0.0000 	 3.6193 	 813.4703 	 25.0000 	 1.4264 	 9.3882 	 4.3949 	 0.0000 	 3.8145 	 0.0000 
20.0000 	 0.2850 	 0.0164 	 12.4857 	 0.0000 	 3.6207 	 813.4706 	 20.0000 	 0.2714 	 18.6101 	 2.8789 	 0.0000 	 7.4143 	 0.0001 
4.0000 	 0.0189 	 80.4358 	 12.4937 	 0.0000 	 3.6161 	 813.4591 	 4.0000 	 0.8618 	 16.5171 	 -4.9795 	 0.0000 	 3.8298 	 0.0008 
16.0000 	 0.0030 	 0.1588 	 12.4845 	 0.0000 	 3.6181 	 813.4705 	 16.0000 	 2.6555 	 9.2969 	 -3.0216 	 0.0000 	 4.3665 	 0.0000 
10.0000 	 0.0216 	 4.9937 	 12.4892 	 0.0000 	 3.6229 	 813.4703 	 10.0000 	 1.6546 	 12.3189 	 -4.9964 	 0.0000 	 5.9702 	 0.0000 
9.0000 	 0.0025 	 10.8991 	 12.4848 	 0.0000 	 3.6202 	 813.4703 	 9.0000 	 0.1827 	 8.4224 	 -4.6915 	 0.0000 	 6.2949 	 0.0000 
12.0000 	 1.0249 	 14.5345 	 19.4580 	 0.0000 	 0.1309 	 779.0392 	 12.0000 	 2.7719 	 9.2801 	 -1.4911 	 0.0000 	 5.5464 	 0.0499 
6.0000 	 0.0159 	 9.4260 	 12.4896 	 0.0000 	 3.6213 	 813.4699 	 6.0000 	 0.8267 	 19.3686 	 1.4595 	 0.0000 	 6.0134 	 0.0004 
5.0000 	 0.1146 	 14.0003 	 12.5903 	 0.0000 	 3.5445 	 813.0924 	 5.0000 	 0.1253 	 11.4371 	 -4.2118 	 0.0000 	 0.0042 	 0.0063 
12.0000 	 0.0940 	 10.8881 	 12.4829 	 0.0000 	 3.6212 	 813.4695 	 12.0000 	 2.0182 	 3.5562 	 0.1734 	 0.0000 	 6.7506 	 0.0002 
1.0000 	 0.6718 	 1.9515 	 14.5382 	 0.0000 	 3.1069 	 825.8082 	 1.0000 	 0.5520 	 2.0014 	 -0.7665 	 0.0000 	 6.0210 	 0.3447 
14.0000 	 0.0031 	 14.9548 	 12.4854 	 0.0000 	 3.6201 	 813.4704 	 14.0000 	 0.0822 	 13.6000 	 4.4608 	 0.0000 	 9.5621 	 0.0000 
10.0000 	 0.1593 	 20.0815 	 12.4881 	 0.0000 	 3.6209 	 813.4669 	 10.0000 	 0.7328 	 12.1428 	 4.7780 	 0.0000 	 7.7637 	 0.0006 
8.0000 	 0.0118 	 6.4536 	 12.4895 	 0.0000 	 3.6181 	 813.4707 	 8.0000 	 0.5314 	 15.6414 	 0.2681 	 0.0000 	 9.1198 	 0.0000 
15.0000 	 0.0097 	 5.0921 	 12.4846 	 0.0000 	 3.6207 	 813.4703 	 15.0000 	 1.3603 	 18.2669 	 -0.9393 	 0.0000 	 6.3168 	 0.0000 
13.0000 	 0.0052 	 5.5545 	 12.4845 	 0.0000 	 3.6207 	 813.4703 	 13.0000 	 2.4204 	 10.8177 	 2.4359 	 0.0000 	 8.9809 	 0.0000 
20.0000 	 1.4001 	 14.6337 	 19.4018 	 0.0000 	 0.1110 	 776.5004 	 20.0000 	 1.4576 	 11.6148 	 0.1200 	 0.0000 	 8.4883 	 0.0671 
7.0000 	 0.2981 	 12.0609 	 13.2249 	 0.0000 	 3.2802 	 812.6298 	 7.0000 	 0.4325 	 9.4855 	 -1.7256 	 0.0000 	 8.1729 	 0.0039 
5.0000 	 0.1709 	 12.9980 	 13.0773 	 0.0000 	 3.3364 	 812.7238 	 5.0000 	 0.3738 	 10.7181 	 4.6695 	 0.0000 	 3.3893 	 0.0030 
11.0000 	 0.0070 	 0.0000 	 12.4860 	 0.0000 	 3.6206 	 813.4703 	 11.0000 	 0.4521 	 13.1929 	 -4.5381 	 0.0000 	 4.4028 	 0.0000 
17.0000 	 0.0669 	 10.7622 	 12.4847 	 0.0000 	 3.6198 	 813.4703 	 17.0000 	 0.3749 	 11.4017 	 -0.7564 	 0.0000 	 2.9573 	 0.0000 
11.0000 	 0.0739 	 2.5430 	 12.4827 	 0.0000 	 3.6203 	 813.4703 	 11.0000 	 0.0329 	 10.2868 	 -4.0770 	 0.0000 	 9.7441 	 0.0000 
9.0000 	 0.0212 	 27.4138 	 12.4860 	 0.0000 	 3.6182 	 813.4704 	 9.0000 	 1.0242 	 6.0070 	 -2.0767 	 0.0000 	 1.6489 	 0.0000 
13.0000 	 0.2232 	 2.0075 	 12.4900 	 0.0000 	 3.6282 	 813.4765 	 13.0000 	 1.8305 	 6.6954 	 -4.8063 	 0.0000 	 6.5975 	 0.0002 
17.0000 	 0.1571 	 1.2885 	 12.4756 	 0.0000 	 3.6182 	 813.4702 	 17.0000 	 2.6416 	 11.3021 	 -3.8273 	 0.0000 	 7.4499 	 0.0018 
3.0000 	 0.0453 	 14.6350 	 12.8405 	 0.0000 	 3.4626 	 812.8917 	 3.0000 	 0.0487 	 4.8164 	 3.6480 	 0.0000 	 5.1214 	 0.0024 
7.0000 	 0.1429 	 14.7999 	 12.5293 	 0.0000 	 3.5933 	 813.3626 	 7.0000 	 0.7204 	 0.5509 	 -4.7507 	 0.0000 	 7.2652 	 0.0020 
4.0000 	 0.0025 	 15.2441 	 12.5391 	 0.0000 	 3.7146 	 813.6866 	 4.0000 	 1.2167 	 19.1143 	 0.8639 	 0.0000 	 0.7336 	 0.0014 
6.0000 	 0.0025 	 9.9255 	 12.4848 	 0.0000 	 3.6209 	 813.4703 	 6.0000 	 2.6160 	 14.7208 	 2.8158 	 0.0000 	 1.2433 	 0.0000 
18.0000 	 0.0606 	 7.1487 	 12.4782 	 0.0000 	 3.6224 	 813.4708 	 18.0000 	 0.0963 	 0.8882 	 3.3136 	 0.0000 	 1.8669 	 0.0000 
6.0000 	 0.0270 	 9.6814 	 12.6343 	 0.0000 	 3.5693 	 813.7758 	 6.0000 	 2.2621 	 15.7093 	 -4.1649 	 0.0000 	 8.3778 	 0.0000 
1.0000 	 1.3248 	 1.7448 	 8.8163 	 0.0000 	 2.9263 	 831.5660 	 1.0000 	 2.7486 	 14.8143 	 -0.9869 	 0.0000 	 0.9901 	 0.2447 
4.0000 	 0.0039 	 1.6962 	 12.4843 	 0.0000 	 3.6218 	 813.4703 	 4.0000 	 0.4856 	 10.1613 	 -2.2396 	 0.0000 	 0.1726 	 0.0000 
10.0000 	 0.0183 	 8.0444 	 12.4884 	 0.0000 	 3.6218 	 813.4624 	 10.0000 	 1.6177 	 7.3609 	 -3.2332 	 0.0000 	 0.4703 	 0.0006 
8.0000 	 0.0083 	 1.2560 	 12.4910 	 0.0000 	 3.6209 	 813.4708 	 8.0000 	 1.6392 	 8.6071 	 1.3240 	 0.0000 	 9.3213 	 0.0000 
22.0000 	 0.2473 	 0.0000 	 12.4849 	 0.0000 	 3.6206 	 813.4704 	 22.0000 	 0.8400 	 5.0752 	 -3.1865 	 0.0000 	 1.1839 	 0.0000 
2.0000 	 0.0092 	 14.9424 	 12.7386 	 0.0000 	 3.5211 	 813.0488 	 2.0000 	 2.3759 	 12.5982 	 3.3679 	 0.0000 	 9.1772 	 0.0022 
1.0000 	 0.0025 	 6.5550 	 13.6432 	 0.0000 	 3.4928 	 821.5303 	 1.0000 	 1.3874 	 6.5065 	 4.6796 	 0.0000 	 7.4069 	 0.0071 
5.0000 	 0.0049 	 4.6432 	 12.4872 	 0.0000 	 3.6217 	 813.4704 	 5.0000 	 0.5779 	 9.3402 	 -2.3879 	 0.0000 	 9.3380 	 0.0000 
14.0000 	 0.2459 	 4.1650 	 12.5269 	 0.0000 	 3.6536 	 813.5151 	 14.0000 	 1.2861 	 10.2382 	 2.9166 	 0.0000 	 6.4244 	 0.0001 
12.0000 	 0.0510 	 13.2480 	 12.4822 	 0.0000 	 3.6194 	 813.4704 	 12.0000 	 2.5352 	 10.5138 	 3.2396 	 0.0000 	 9.7437 	 0.0000 
3.0000 	 0.0060 	 4.1003 	 12.6367 	 0.0000 	 3.4509 	 814.4001 	 3.0000 	 0.1410 	 2.2169 	 -4.5609 	 0.0000 	 9.4206 	 0.0001 
5.0000 	 0.0599 	 9.9357 	 12.4956 	 0.0000 	 3.6227 	 813.4507 	 5.0000 	 0.0435 	 18.6388 	 -0.9728 	 0.0000 	 2.1988 	 0.0005 
15.0000 	 0.0059 	 11.9547 	 12.4852 	 0.0000 	 3.6211 	 813.4702 	 15.0000 	 2.8626 	 18.3610 	 2.1634 	 0.0000 	 8.9980 	 0.0000 
7.0000 	 0.0069 	 5.0833 	 12.4877 	 0.0000 	 3.6218 	 813.4704 	 7.0000 	 0.2904 	 15.6630 	 2.6202 	 0.0000 	 3.0905 	 0.0000 
2.0000 	 0.0025 	 15.7441 	 12.4707 	 0.0000 	 3.5905 	 813.4344 	 2.0000 	 0.8156 	 0.5542 	 -1.2935 	 0.0000 	 7.5193 	 0.0008 
11.0000 	 0.0248 	 0.0000 	 12.6251 	 0.0000 	 3.6227 	 813.6866 	 11.0000 	 2.7218 	 19.9901 	 3.5675 	 0.0000 	 2.4948 	 0.0002 
4.0000 	 0.0128 	 30.1368 	 12.4857 	 0.0000 	 3.6202 	 813.4688 	 4.0000 	 1.2397 	 1.9861 	 2.4455 	 0.0000 	 1.9504 	 0.0002 
9.0000 	 0.0596 	 0.2869 	 12.4800 	 0.0000 	 3.6197 	 813.4707 	 9.0000 	 2.8707 	 12.8938 	 0.6851 	 0.0000 	 8.5331 	 0.0001 
10.0000 	 0.8972 	 14.4412 	 19.3751 	 0.0000 	 0.1464 	 781.1942 	 10.0000 	 1.2633 	 12.6984 	 2.7041 	 0.0000 	 9.6784 	 0.0541 
1.0000 	 0.5650 	 3.0739 	 15.4462 	 0.0000 	 3.0351 	 825.6913 	 1.0000 	 1.1978 	 12.3882 	 -0.0680 	 0.0000 	 6.8680 	 0.2620 
17.0000 	 0.0056 	 19.7531 	 12.4839 	 0.0000 	 3.6212 	 813.4703 	 17.0000 	 2.8855 	 2.7474 	 1.5519 	 0.0000 	 3.8887 	 0.0000 
6.0000 	 0.0701 	 16.1761 	 12.4988 	 0.0000 	 3.6216 	 813.4541 	 6.0000 	 2.6991 	 5.4668 	 -2.1216 	 0.0000 	 6.6669 	 0.0004 
18.0000 	 0.0052 	 0.4091 	 12.4823 	 0.0000 	 3.6192 	 813.4704 	 18.0000 	 2.3306 	 10.4991 	 -4.8507 	 0.0000 	 4.0286 	 0.0000 
14.0000 	 0.1946 	 0.0000 	 12.4847 	 0.0000 	 3.6175 	 813.4713 	 14.0000 	 2.1784 	 4.8021 	 1.6934 	 0.0000 	 2.0072 	 0.0000 
8.0000 	 0.0166 	 4.0820 	 12.4848 	 0.0000 	 3.6208 	 813.4703 	 8.0000 	 0.0643 	 15.5000 	 -3.1917 	 0.0000 	 4.7936 	 0.0000 
3.0000 	 0.0026 	 9.8898 	 12.4874 	 0.0000 	 3.6205 	 813.4704 	 3.0000 	 2.0824 	 5.7466 	 2.1929 	 0.0000 	 5.8308 	 0.0000 
12.0000 	 1.0207 	 14.5661 	 19.4432 	 0.0000 	 0.1616 	 779.0058 	 12.0000 	 0.4036 	 7.5141 	 3.5338 	 0.0000 	 6.9189 	 0.0373 
7.0000 	 0.2972 	 12.2872 	 13.2310 	 0.0000 	 3.2685 	 812.6210 	 7.0000 	 0.7313 	 11.2268 	 -0.2766 	 0.0000 	 2.6917 	 0.0037 
2.0000 	 0.0109 	 14.9973 	 12.8133 	 0.0000 	 3.4884 	 813.0392 	 2.0000 	 0.2502 	 6.8266 	 3.1650 	 0.0000 	 9.6648 	 0.0025 
9.0000 	 0.0025 	 4.2648 	 12.4843 	 0.0000 	 3.6205 	 813.4703 	 9.0000 	 2.4325 	 1.1859 	 0.0453 	 0.0000 	 0.6815 	 0.0000 
5.0000 	 0.1660 	 13.1784 	 13.0357 	 0.0000 	 3.3533 	 812.7222 	 5.0000 	 2.5438 	 14.6880 	 -4.9585 	 0.0000 	 9.8611 	 0.0031 
12.0000 	 0.0066 	 7.7165 	 12.4810 	 0.0000 	 3.6203 	 813.4705 	 12.0000 	 0.9850 	 11.1340 	 -3.4197 	 0.0000 	 4.0805 	 0.0000 
4.0000 	 0.0961 	 13.8359 	 12.8741 	 0.0000 	 3.4192 	 812.8028 	 4.0000 	 1.3989 	 4.5715 	 -3.2265 	 0.0000 	 6.2485 	 0.0029 
8.0000 	 0.0045 	 0.0000 	 12.4811 	 0.0000 	 3.6218 	 813.4707 	 8.0000 	 1.5814 	 10.5857 	 0.0859 	 0.0000 	 0.0607 	 0.0004 
11.0000 	 0.0871 	 6.4791 	 12.4845 	 0.0000 	 3.6217 	 813.4703 	 11.0000 	 2.7688 	 19.9989 	 4.6852 	 0.0000 	 6.4145 	 0.0000 
17.0000 	 0.0025 	 6.7677 	 12.4844 	 0.0000 	 3.6214 	 813.4703 	 17.0000 	 1.5965 	 14.7203 	 -0.2589 	 0.0000 	 5.8614 	 0.0000 
1.0000 	 0.4263 	 6.0522 	 17.0581 	 0.0000 	 3.1311 	 826.3724 	 1.0000 	 0.4321 	 14.8858 	 3.2757 	 0.0000 	 3.4549 	 0.6052 
3.0000 	 0.0063 	 12.9175 	 12.5098 	 0.0000 	 3.7439 	 813.7869 	 3.0000 	 1.4634 	 9.3554 	 2.6915 	 0.0000 	 7.1592 	 0.0002 
6.0000 	 0.0043 	 7.1564 	 12.4839 	 0.0000 	 3.6203 	 813.4703 	 6.0000 	 0.8150 	 16.2348 	 -3.7138 	 0.0000 	 1.5494 	 0.0000 
2.0000 	 0.0096 	 15.3146 	 12.7591 	 0.0000 	 3.5108 	 813.0417 	 2.0000 	 1.2223 	 5.0950 	 -1.4086 	 0.0000 	 8.3682 	 0.0023 
11.0000 	 0.1578 	 6.8056 	 12.4851 	 0.0000 	 3.6205 	 813.4706 	 11.0000 	 1.1057 	 8.9636 	 2.2300 	 0.0000 	 9.1025 	 0.0001 
16.0000 	 1.2109 	 14.2517 	 19.2666 	 0.0000 	 0.0163 	 777.9266 	 16.0000 	 2.0896 	 18.7935 	 -3.8493 	 0.0000 	 2.1561 	 0.0505 
12.0000 	 0.0112 	 8.3483 	 12.4846 	 0.0000 	 3.6208 	 813.4703 	 12.0000 	 2.0728 	 8.1766 	 -1.8416 	 0.0000 	 3.7123 	 0.0000 
5.0000 	 0.1645 	 13.0607 	 13.0016 	 0.0000 	 3.3506 	 812.7249 	 5.0000 	 1.8203 	 5.1012 	 -3.3515 	 0.0000 	 3.8945 	 0.0042 
6.0000 	 0.0131 	 0.6131 	 12.4856 	 0.0000 	 3.6202 	 813.4703 	 6.0000 	 0.5184 	 13.8201 	 -3.6121 	 0.0000 	 4.7135 	 0.0000 
5.0000 	 0.0158 	 32.9010 	 12.4871 	 0.0000 	 3.6202 	 813.4701 	 5.0000 	 0.8386 	 0.9122 	 2.3387 	 0.0000 	 3.0180 	 0.0000 
11.0000 	 0.0259 	 10.2988 	 12.5024 	 0.0000 	 3.6905 	 813.5767 	 11.0000 	 0.5486 	 0.1238 	 3.7123 	 0.0000 	 7.9215 	 0.0013 
13.0000 	 0.7111 	 0.0000 	 13.2430 	 0.0000 	 3.0814 	 811.3529 	 13.0000 	 1.5958 	 7.9249 	 -3.7813 	 0.0000 	 3.4490 	 0.0049 
6.0000 	 0.0035 	 3.0199 	 12.4834 	 0.0000 	 3.6216 	 813.4703 	 6.0000 	 1.5557 	 7.2576 	 3.7184 	 0.0000 	 3.1455 	 0.0000 
5.0000 	 0.0121 	 5.0327 	 12.4817 	 0.0000 	 3.6209 	 813.4704 	 5.0000 	 2.0888 	 18.2180 	 1.7866 	 0.0000 	 2.5193 	 0.0000 
10.0000 	 0.0203 	 0.2592 	 12.4846 	 0.0000 	 3.6211 	 813.4703 	 10.0000 	 0.1744 	 5.2950 	 -1.5650 	 0.0000 	 4.3573 	 0.0000 
7.0000 	 0.0586 	 0.8221 	 12.4902 	 0.0000 	 3.7012 	 813.6073 	 7.0000 	 0.7465 	 14.0269 	 3.2708 	 0.0000 	 0.3537 	 0.0000 
4.0000 	 0.0029 	 4.6652 	 12.4866 	 0.0000 	 3.6206 	 813.4704 	 4.0000 	 0.0685 	 19.7741 	 -0.9746 	 0.0000 	 9.4071 	 0.0000 
1.0000 	 0.0025 	 7.0317 	 13.7143 	 0.0000 	 3.4821 	 821.5540 	 1.0000 	 2.4222 	 16.7360 	 0.6563 	 0.0000 	 9.3690 	 0.0081 
50.0000 	 0.0086 	 0.0000 	 12.4840 	 0.0000 	 3.6207 	 813.4703 	 50.0000 	 2.7513 	 19.5108 	 -0.2551 	 0.0000 	 3.0703 	 0.0000 
49.0000 	 0.0027 	 1.6641 	 12.4853 	 0.0000 	 3.6205 	 813.4703 	 49.0000 	 0.8811 	 13.4043 	 2.8473 	 0.0000 	 5.2846 	 0.0000 
50.0000 	 0.0383 	 13.4479 	 12.4921 	 0.0000 	 3.6298 	 813.4728 	 50.0000 	 2.7435 	 12.6810 	 -0.6560 	 0.0000 	 4.6544 	 0.0000 
50.0000 	 0.3233 	 22.0911 	 12.4854 	 0.0000 	 3.6222 	 813.4703 	 50.0000 	 1.2354 	 1.4531 	 -4.6009 	 0.0000 	 5.2643 	 0.0000 
48.0000 	 0.0476 	 2.9132 	 12.4855 	 0.0000 	 3.6195 	 813.4627 	 48.0000 	 0.5227 	 14.5546 	 2.6610 	 0.0000 	 9.5996 	 0.0016 
49.0000 	 0.0204 	 8.6747 	 12.4846 	 0.0000 	 3.6214 	 813.4703 	 49.0000 	 2.2206 	 9.8026 	 2.5669 	 0.0000 	 6.0697 	 0.0000 
49.0000 	 0.0025 	 3.4975 	 12.4813 	 0.0000 	 3.6187 	 813.4705 	 49.0000 	 1.1204 	 12.3162 	 3.2898 	 0.0000 	 8.9269 	 0.0000 
49.0000 	 2.3007 	 14.8099 	 19.3843 	 0.0000 	 0.2005 	 777.6226 	 49.0000 	 1.3551 	 12.6494 	 0.1687 	 0.0000 	 1.6872 	 0.0531 
48.0000 	 0.1107 	 5.6547 	 12.4843 	 0.0000 	 3.6196 	 813.4703 	 48.0000 	 1.0704 	 13.9849 	 -0.8254 	 0.0000 	 1.9293 	 0.0000 
48.0000 	 0.0058 	 3.4138 	 12.4830 	 0.0000 	 3.6193 	 813.4704 	 48.0000 	 1.3431 	 12.8105 	 -0.4546 	 0.0000 	 7.0345 	 0.0000 
41.0000 	 0.0345 	 1.2187 	 12.4850 	 0.0000 	 3.6200 	 813.4703 	 41.0000 	 0.4428 	 11.5914 	 2.3883 	 0.0000 	 3.5173 	 0.0000 
41.0000 	 0.0667 	 8.1964 	 12.4862 	 0.0000 	 3.5937 	 813.4861 	 41.0000 	 0.8673 	 10.9887 	 3.2770 	 0.0000 	 3.3272 	 0.0000 
43.0000 	 0.0742 	 4.1558 	 12.4836 	 0.0000 	 3.6177 	 813.4702 	 43.0000 	 1.4793 	 1.0311 	 2.8964 	 0.0000 	 6.6062 	 0.0000 
37.0000 	 0.0103 	 11.6861 	 12.4902 	 0.0000 	 3.6118 	 813.4728 	 37.0000 	 2.5516 	 9.6134 	 2.7746 	 0.0000 	 4.2267 	 0.0019 
39.0000 	 0.0025 	 18.4627 	 12.4842 	 0.0000 	 3.6209 	 813.4702 	 39.0000 	 1.9835 	 7.7934 	 -2.1912 	 0.0000 	 0.2290 	 0.0000 
40.0000 	 0.0243 	 1.6251 	 12.4853 	 0.0000 	 3.6206 	 813.4703 	 40.0000 	 1.6817 	 15.5705 	 4.8453 	 0.0000 	 8.9997 	 0.0000 
38.0000 	 0.0169 	 23.5052 	 12.4846 	 0.0000 	 3.6206 	 813.4703 	 38.0000 	 2.3198 	 16.4339 	 0.6379 	 0.0000 	 2.7738 	 0.0000 
43.0000 	 0.1195 	 27.4765 	 12.4956 	 0.0000 	 3.6244 	 813.4720 	 43.0000 	 2.1925 	 9.4712 	 1.9483 	 0.0000 	 7.5757 	 0.0000 
35.0000 	 0.0102 	 3.4950 	 12.4847 	 0.0000 	 3.6208 	 813.4703 	 35.0000 	 0.2670 	 16.1221 	 -0.9901 	 0.0000 	 0.7421 	 0.0000 
36.0000 	 0.0101 	 35.8928 	 12.4852 	 0.0000 	 3.6132 	 813.4715 	 36.0000 	 1.5422 	 15.0948 	 -3.0101 	 0.0000 	 9.5223 	 0.0000 
36.0000 	 0.0903 	 4.3791 	 12.4848 	 0.0000 	 3.6206 	 813.4678 	 36.0000 	 1.1540 	 14.0949 	 -4.0534 	 0.0000 	 1.6005 	 0.0000 
33.0000 	 0.0184 	 26.5267 	 12.4882 	 0.0000 	 3.6205 	 813.4704 	 33.0000 	 1.0351 	 6.7502 	 0.0473 	 0.0000 	 2.1472 	 0.0000 
34.0000 	 0.3432 	 14.2742 	 12.5608 	 0.0000 	 3.7024 	 813.6732 	 34.0000 	 2.1185 	 7.2072 	 3.4833 	 0.0000 	 1.0015 	 0.0000 
35.0000 	 0.3281 	 0.0481 	 12.4792 	 0.0000 	 3.6237 	 813.4709 	 35.0000 	 2.3363 	 13.9693 	 0.5721 	 0.0000 	 3.3909 	 0.0000 
31.0000 	 0.0452 	 11.9710 	 12.4847 	 0.0000 	 3.6212 	 813.4703 	 31.0000 	 2.2661 	 11.3975 	 -1.5380 	 0.0000 	 1.6961 	 0.0000 
32.0000 	 0.0184 	 1.0980 	 12.4868 	 0.0000 	 3.6188 	 813.4704 	 32.0000 	 1.3602 	 9.7389 	 -0.4492 	 0.0000 	 5.9858 	 0.0000 
32.0000 	 0.0026 	 98.6928 	 12.4931 	 0.0000 	 3.6087 	 813.4748 	 32.0000 	 1.7396 	 5.2588 	 4.1714 	 0.0000 	 4.5717 	 0.0012 
37.0000 	 1.9751 	 14.8440 	 19.3876 	 0.0000 	 0.2006 	 776.7894 	 37.0000 	 2.4517 	 6.7980 	 -1.6073 	 0.0000 	 2.3355 	 0.0502 
29.0000 	 0.1801 	 0.0000 	 12.4872 	 0.0000 	 3.6148 	 813.4713 	 29.0000 	 0.7171 	 2.6465 	 1.6986 	 0.0000 	 4.3563 	 0.0007 
29.0000 	 0.1734 	 8.6353 	 12.4756 	 0.0000 	 3.6499 	 813.4904 	 29.0000 	 0.9260 	 19.4008 	 4.5023 	 0.0000 	 3.3973 	 0.0037 
28.0000 	 0.1104 	 12.9131 	 12.4858 	 0.0000 	 3.6203 	 813.4702 	 28.0000 	 1.8528 	 12.0013 	 -1.9280 	 0.0000 	 2.5146 	 0.0000 
33.0000 	 0.0232 	 11.0745 	 12.4848 	 0.0000 	 3.6204 	 813.4703 	 33.0000 	 1.5768 	 9.7047 	 -1.3702 	 0.0000 	 4.8010 	 0.0000 
33.0000 	 0.0263 	 10.5875 	 12.4828 	 0.0000 	 3.6199 	 813.4703 	 33.0000 	 2.8648 	 10.5106 	 0.7676 	 0.0000 	 6.8961 	 0.0000 
27.0000 	 0.0058 	 13.6206 	 12.4847 	 0.0000 	 3.6204 	 813.4703 	 27.0000 	 1.0772 	 12.3427 	 -4.3554 	 0.0000 	 6.6005 	 0.0000 
35.0000 	 0.0426 	 0.4448 	 12.4848 	 0.0000 	 3.6215 	 813.4703 	 35.0000 	 1.6975 	 1.2557 	 -2.1189 	 0.0000 	 6.8149 	 0.0000 
24.0000 	 0.0025 	 11.9504 	 12.4840 	 0.0000 	 3.6218 	 813.4703 	 24.0000 	 1.7025 	 0.9913 	 3.7690 	 0.0000 	 7.2709 	 0.0000 
27.0000 	 0.2066 	 6.5242 	 12.5041 	 0.0000 	 3.6114 	 813.4763 	 27.0000 	 2.5069 	 0.6661 	 -1.1355 	 0.0000 	 9.7178 	 0.0000 
29.0000 	 0.0029 	 6.7690 	 12.4849 	 0.0000 	 3.6211 	 813.4703 	 29.0000 	 2.4065 	 5.8390 	 -4.6899 	 0.0000 	 6.8326 	 0.0000 
32.0000 	 0.0027 	 0.0781 	 12.4860 	 0.0000 	 3.6208 	 813.4703 	 32.0000 	 0.4621 	 5.9448 	 -4.0272 	 0.0000 	 7.0889 	 0.0000 
25.0000 	 0.0069 	 20.2771 	 12.4847 	 0.0000 	 3.6206 	 813.4702 	 25.0000 	 2.8477 	 1.0620 	 -1.5871 	 0.0000 	 7.5232 	 0.0000 
29.0000 	 0.0050 	 2.5421 	 12.4847 	 0.0000 	 3.5922 	 813.4927 	 29.0000 	 0.5804 	 6.8972 	 0.0370 	 0.0000 	 1.4805 	 0.0013 
22.0000 	 0.0108 	 8.3882 	 12.4836 	 0.0000 	 3.6240 	 813.4705 	 22.0000 	 0.4527 	 2.1004 	 -0.6305 	 0.0000 	 8.1449 	 0.0000 
27.0000 	 0.0411 	 18.0851 	 12.4848 	 0.0000 	 3.6204 	 813.4704 	 27.0000 	 0.7608 	 10.2014 	 -4.5317 	 0.0000 	 2.4145 	 0.0000 
22.0000 	 0.0801 	 0.0000 	 12.4922 	 0.0000 	 3.6214 	 813.4709 	 22.0000 	 0.1009 	 10.7199 	 -0.6129 	 0.0000 	 8.5906 	 0.0000 
21.0000 	 0.0289 	 0.7022 	 12.4846 	 0.0000 	 3.6206 	 813.4703 	 21.0000 	 1.8527 	 17.2003 	 3.0706 	 0.0000 	 0.9493 	 0.0000 
24.0000 	 0.0048 	 12.3924 	 12.4853 	 0.0000 	 3.6233 	 813.4705 	 24.0000 	 0.5362 	 12.6575 	 4.9946 	 0.0000 	 3.3371 	 0.0000 
19.0000 	 0.0124 	 14.7797 	 12.4847 	 0.0000 	 3.6203 	 813.4703 	 19.0000 	 1.3338 	 4.8376 	 -0.4207 	 0.0000 	 5.6353 	 0.0000 
25.0000 	 1.1167 	 0.0003 	 13.2657 	 0.0000 	 3.0579 	 809.8790 	 25.0000 	 0.3795 	 13.0974 	 -2.5839 	 0.0000 	 6.8194 	 0.0046 
27.0000 	 0.1162 	 32.3383 	 12.4995 	 0.0000 	 3.6172 	 813.4725 	 27.0000 	 0.5043 	 2.5724 	 -1.9942 	 0.0000 	 0.1212 	 0.0010 
23.0000 	 0.0077 	 3.0835 	 12.4561 	 0.0000 	 3.6023 	 813.4871 	 23.0000 	 1.8345 	 16.8942 	 -0.9015 	 0.0000 	 0.6300 	 0.0003 
20.0000 	 0.5342 	 10.4283 	 12.5644 	 0.0000 	 3.5804 	 813.3592 	 20.0000 	 2.4413 	 8.4446 	 -2.8028 	 0.0000 	 8.1116 	 0.0016 
19.0000 	 0.0054 	 1.3004 	 12.4838 	 0.0000 	 3.6201 	 813.4703 	 19.0000 	 2.4651 	 1.4262 	 0.9581 	 0.0000 	 0.8659 	 0.0000 
23.0000 	 0.0393 	 2.0805 	 12.4819 	 0.0000 	 3.6203 	 813.4706 	 23.0000 	 2.0475 	 4.4718 	 -0.5789 	 0.0000 	 1.2711 	 0.0000 
25.0000 	 0.0749 	 11.2850 	 12.4829 	 0.0000 	 3.6200 	 813.4703 	 25.0000 	 1.8338 	 6.3435 	 -4.8972 	 0.0000 	 4.2978 	 0.0000 
22.0000 	 0.0111 	 1.3870 	 12.4786 	 0.0000 	 3.6154 	 813.4713 	 22.0000 	 0.7039 	 15.0027 	 -4.1748 	 0.0000 	 1.2920 	 0.0000 
18.0000 	 0.0086 	 20.1974 	 12.4855 	 0.0000 	 3.6141 	 813.4712 	 18.0000 	 0.4409 	 15.8413 	 -2.9619 	 0.0000 	 4.0865 	 0.0000 
16.0000 	 0.0618 	 37.1533 	 12.5195 	 0.0000 	 3.7646 	 811.5744 	 16.0000 	 2.4518 	 6.6045 	 -1.7265 	 0.0000 	 5.6653 	 0.0851 
21.0000 	 0.0762 	 11.8141 	 12.4847 	 0.0000 	 3.6232 	 813.4704 	 21.0000 	 2.3062 	 16.1494 	 3.8088 	 0.0000 	 1.5504 	 0.0000 
23.0000 	 0.1199 	 5.5680 	 12.4859 	 0.0000 	 3.6206 	 813.4701 	 23.0000 	 1.6717 	 1.8790 	 0.5277 	 0.0000 	 3.2008 	 0.0000 
19.0000 	 0.0122 	 18.7036 	 12.4842 	 0.0000 	 3.6205 	 813.4703 	 19.0000 	 2.4483 	 4.1699 	 -3.3922 	 0.0000 	 3.1461 	 0.0000 
16.0000 	 0.0040 	 0.1975 	 12.4849 	 0.0000 	 3.6204 	 813.4703 	 16.0000 	 0.6705 	 18.6933 	 -1.4760 	 0.0000 	 3.4681 	 0.0000 
17.0000 	 0.1235 	 6.7860 	 12.4848 	 0.0000 	 3.6203 	 813.4703 	 17.0000 	 1.8086 	 10.7425 	 -3.7238 	 0.0000 	 3.3661 	 0.0000 
20.0000 	 0.0065 	 1.3599 	 12.4843 	 0.0000 	 3.6204 	 813.4703 	 20.0000 	 0.1218 	 7.4134 	 0.2138 	 0.0000 	 0.0509 	 0.0000 
20.0000 	 0.0042 	 0.4587 	 12.4622 	 0.0000 	 3.6298 	 813.4791 	 20.0000 	 0.9720 	 5.1058 	 3.6707 	 0.0000 	 1.9524 	 0.0064 
18.0000 	 0.0949 	 19.5305 	 12.4745 	 0.0000 	 3.6050 	 813.4768 	 18.0000 	 0.6374 	 3.1606 	 2.5494 	 0.0000 	 3.8060 	 0.0000 
13.0000 	 0.1635 	 17.6869 	 12.4852 	 0.0000 	 3.6226 	 813.4701 	 13.0000 	 2.8685 	 17.9535 	 3.3846 	 0.0000 	 1.6130 	 0.0000 
16.0000 	 0.1951 	 1.8960 	 12.4845 	 0.0000 	 3.6198 	 813.4704 	 16.0000 	 0.6095 	 1.0173 	 2.4122 	 0.0000 	 4.2460 	 0.0000 
18.0000 	 0.1289 	 14.9844 	 12.5285 	 0.0000 	 3.6188 	 813.4914 	 18.0000 	 0.1834 	 1.3353 	 4.1763 	 0.0000 	 9.5513 	 0.0000 
18.0000 	 0.0025 	 19.9467 	 12.4853 	 0.0000 	 3.6202 	 813.4703 	 18.0000 	 0.6271 	 10.1227 	 3.1276 	 0.0000 	 3.3737 	 0.0000 
12.0000 	 0.0802 	 0.0000 	 12.6147 	 0.0000 	 3.8123 	 814.3782 	 12.0000 	 0.4634 	 18.0137 	 0.3762 	 0.0000 	 1.8886 	 0.0000 
17.0000 	 0.0111 	 6.9853 	 12.4866 	 0.0000 	 3.6246 	 813.4706 	 17.0000 	 1.8190 	 14.4150 	 -3.1137 	 0.0000 	 5.5757 	 0.0000 
10.0000 	 0.0040 	 0.2456 	 12.4847 	 0.0000 	 3.6207 	 813.4703 	 10.0000 	 2.8583 	 5.4425 	 -1.0273 	 0.0000 	 4.7574 	 0.0000 
15.0000 	 0.0098 	 57.5122 	 12.5165 	 0.0000 	 3.6572 	 813.4496 	 15.0000 	 2.5217 	 16.2300 	 -4.0271 	 0.0000 	 9.9966 	 0.0279 
16.0000 	 0.1582 	 0.0612 	 12.4932 	 0.0000 	 3.6126 	 813.4726 	 16.0000 	 1.6948 	 4.7460 	 1.7706 	 0.0000 	 0.9684 	 0.0000 
13.0000 	 0.1506 	 25.2772 	 12.4843 	 0.0000 	 3.6199 	 813.4705 	 13.0000 	 0.4160 	 7.0076 	 -4.5691 	 0.0000 	 5.1971 	 0.0000 
4.0000 	 0.1041 	 13.6578 	 12.9621 	 0.0000 	 3.3985 	 812.7822 	 4.0000 	 2.5139 	 7.3147 	 0.2865 	 0.0000 	 2.5063 	 0.0028 
12.0000 	 0.0025 	 13.4128 	 12.4857 	 0.0000 	 3.6206 	 813.4702 	 12.0000 	 1.3209 	 0.1181 	 -0.9639 	 0.0000 	 6.7725 	 0.0000 
7.0000 	 0.0027 	 4.5335 	 12.4855 	 0.0000 	 3.6210 	 813.4703 	 7.0000 	 1.8438 	 3.2373 	 -4.5405 	 0.0000 	 5.2718 	 0.0000 
4.0000 	 0.0263 	 0.1142 	 12.4838 	 0.0000 	 3.6039 	 813.5043 	 4.0000 	 2.6444 	 16.9180 	 3.7995 	 0.0000 	 4.0246 	 0.0004 
7.0000 	 0.0343 	 1.8744 	 12.4832 	 0.0000 	 3.6224 	 813.4705 	 7.0000 	 2.2686 	 5.5554 	 1.3947 	 0.0000 	 0.0149 	 0.0000 
10.0000 	 0.1479 	 5.9404 	 12.4856 	 0.0000 	 3.6198 	 813.4715 	 10.0000 	 2.9082 	 4.0067 	 1.3446 	 0.0000 	 7.8454 	 0.0001 
1.0000 	 0.0025 	 6.5309 	 13.6417 	 0.0000 	 3.4987 	 821.5413 	 1.0000 	 1.8905 	 12.9881 	 -4.5840 	 0.0000 	 9.7114 	 0.0084 
4.0000 	 0.0025 	 48.0149 	 12.4849 	 0.0000 	 3.6215 	 813.4703 	 4.0000 	 1.3588 	 10.9198 	 3.2161 	 0.0000 	 5.5279 	 0.0000 
3.0000 	 0.0481 	 13.6901 	 12.8553 	 0.0000 	 3.4546 	 812.8930 	 3.0000 	 1.4341 	 9.5162 	 -3.5848 	 0.0000 	 1.1552 	 0.0032 
4.0000 	 0.0031 	 14.4037 	 12.4771 	 0.0000 	 3.6315 	 813.4688 	 4.0000 	 0.2682 	 2.0984 	 3.2462 	 0.0000 	 6.3718 	 0.0080 
11.0000 	 0.7710 	 8.0981 	 15.6053 	 0.0000 	 2.7395 	 810.1881 	 11.0000 	 0.6754 	 17.4384 	 0.1799 	 0.0000 	 2.0128 	 0.0096 
1.0000 	 0.0025 	 6.9755 	 13.7424 	 0.0000 	 3.4739 	 821.5617 	 1.0000 	 0.4325 	 13.7890 	 2.4894 	 0.0000 	 2.9687 	 0.0171 
10.0000 	 0.1073 	 1.8600 	 12.4843 	 0.0000 	 3.6209 	 813.4709 	 10.0000 	 0.5396 	 4.2643 	 -3.7519 	 0.0000 	 3.1869 	 0.0000 
6.0000 	 0.0293 	 7.5310 	 12.4835 	 0.0000 	 3.6205 	 813.4704 	 6.0000 	 2.3381 	 1.9494 	 -0.8440 	 0.0000 	 6.2144 	 0.0000 
3.0000 	 0.0491 	 14.0150 	 12.8811 	 0.0000 	 3.4425 	 812.8814 	 3.0000 	 0.8255 	 3.6399 	 4.6115 	 0.0000 	 5.8579 	 0.0024 
1.0000 	 0.9658 	 0.0000 	 13.3765 	 0.0000 	 2.9517 	 829.4690 	 1.0000 	 0.3974 	 4.5107 	 -0.0685 	 0.0000 	 2.4046 	 0.5019 
49.0000 	 0.0346 	 13.6019 	 12.4845 	 0.0000 	 3.6209 	 813.4703 	 49.0000 	 1.6747 	 1.5410 	 -1.8195 	 0.0000 	 8.0499 	 0.0000 
37.0000 	 0.0060 	 0.0000 	 12.4825 	 0.0000 	 3.6215 	 813.4703 	 37.0000 	 1.7883 	 4.8333 	 -4.2536 	 0.0000 	 5.8372 	 0.0004 
37.0000 	 0.0111 	 5.6515 	 12.4847 	 0.0000 	 3.6208 	 813.4703 	 37.0000 	 0.5470 	 9.6925 	 -0.6997 	 0.0000 	 5.7340 	 0.0000 
30.0000 	 0.0049 	 5.8289 	 12.4847 	 0.0000 	 3.6205 	 813.4703 	 30.0000 	 1.8075 	 16.5230 	 4.3468 	 0.0000 	 8.2182 	 0.0000 
29.0000 	 0.1505 	 17.4493 	 12.4851 	 0.0000 	 3.6205 	 813.4703 	 29.0000 	 2.7387 	 18.0045 	 -4.9710 	 0.0000 	 5.7764 	 0.0000 
49.0000 	 0.0034 	 79.0259 	 12.4854 	 0.0000 	 3.6221 	 813.4703 	 49.0000 	 1.6485 	 2.4796 	 -3.9968 	 0.0000 	 1.2114 	 0.0000 
50.0000 	 0.0044 	 0.0000 	 12.4857 	 0.0000 	 3.6198 	 813.4703 	 50.0000 	 1.6492 	 15.9129 	 -4.0537 	 0.0000 	 5.7955 	 0.0000 
50.0000 	 0.0183 	 3.1353 	 12.4814 	 0.0000 	 3.6162 	 813.4704 	 50.0000 	 0.3017 	 7.0355 	 2.2810 	 0.0000 	 7.4850 	 0.0000 
49.0000 	 0.0493 	 12.5477 	 12.4844 	 0.0000 	 3.6206 	 813.4703 	 49.0000 	 1.8590 	 13.1473 	 3.4867 	 0.0000 	 1.7597 	 0.0000 
48.0000 	 0.0736 	 0.0007 	 12.4855 	 0.0000 	 3.6218 	 813.4703 	 48.0000 	 2.2021 	 14.5671 	 4.9947 	 0.0000 	 0.1317 	 0.0000 
49.0000 	 0.0111 	 1.7437 	 12.4853 	 0.0000 	 3.6188 	 813.4704 	 49.0000 	 0.0996 	 13.5193 	 1.2725 	 0.0000 	 9.9214 	 0.0000 
48.0000 	 0.1407 	 1.8038 	 12.4843 	 0.0000 	 3.6206 	 813.4702 	 48.0000 	 1.5058 	 4.3528 	 2.4283 	 0.0000 	 9.9816 	 0.0000 
49.0000 	 0.0362 	 1.6223 	 12.4854 	 0.0000 	 3.6206 	 813.4703 	 49.0000 	 1.2653 	 13.5835 	 0.7154 	 0.0000 	 9.0628 	 0.0000 
48.0000 	 0.1248 	 9.8358 	 12.4774 	 0.0000 	 3.6493 	 813.4354 	 48.0000 	 0.8297 	 13.8356 	 2.5668 	 0.0000 	 0.8338 	 0.0214 
49.0000 	 0.1234 	 1.5484 	 12.4852 	 0.0000 	 3.6205 	 813.4702 	 49.0000 	 0.9952 	 6.8483 	 -4.1272 	 0.0000 	 4.7602 	 0.0000 
50.0000 	 0.4551 	 22.6796 	 12.4754 	 0.0000 	 3.5912 	 813.4902 	 50.0000 	 2.2299 	 17.9578 	 -1.5621 	 0.0000 	 2.1067 	 0.0000 
50.0000 	 0.0026 	 0.0013 	 12.4833 	 0.0000 	 3.6203 	 813.4704 	 50.0000 	 0.1266 	 3.1467 	 -0.6820 	 0.0000 	 3.9556 	 0.0000 
50.0000 	 0.0429 	 0.9402 	 12.4864 	 0.0000 	 3.6226 	 813.4704 	 50.0000 	 2.2021 	 14.5671 	 4.9947 	 0.0000 	 0.1317 	 0.0000 
48.0000 	 0.0091 	 6.4177 	 12.4850 	 0.0000 	 3.6207 	 813.4703 	 48.0000 	 0.7216 	 17.7013 	 -1.2745 	 0.0000 	 0.4334 	 0.0000 
48.0000 	 0.0025 	 33.7564 	 12.4500 	 0.0000 	 3.5989 	 813.4936 	 48.0000 	 1.3905 	 14.0455 	 4.8299 	 0.0000 	 2.7147 	 0.0025 
48.0000 	 0.5247 	 5.9619 	 12.4292 	 0.0000 	 3.6707 	 813.4193 	 48.0000 	 1.8298 	 17.9235 	 -0.8447 	 0.0000 	 5.3321 	 0.0096 
49.0000 	 0.1333 	 0.0183 	 12.4487 	 0.0000 	 3.7378 	 811.8421 	 49.0000 	 1.8298 	 17.9235 	 -0.8447 	 0.0000 	 5.3321 	 0.0349 
50.0000 	 0.0025 	 2.6097 	 12.4882 	 0.0000 	 3.6150 	 813.4711 	 50.0000 	 1.0585 	 17.8403 	 -1.6989 	 0.0000 	 2.3619 	 0.0000 
49.0000 	 0.5604 	 51.9397 	 12.4536 	 0.0000 	 3.6536 	 812.5164 	 49.0000 	 1.7658 	 14.8486 	 3.3192 	 0.0000 	 4.3895 	 0.0097 
49.0000 	 0.0761 	 21.5600 	 12.4846 	 0.0000 	 3.6211 	 813.4703 	 49.0000 	 1.3488 	 4.5491 	 -0.9768 	 0.0000 	 1.4754 	 0.0000 
50.0000 	 1.0004 	 0.0000 	 12.5214 	 0.0000 	 3.6087 	 813.3682 	 50.0000 	 1.3107 	 10.6000 	 -3.4009 	 0.0000 	 4.9012 	 0.0031 
46.0000 	 0.0069 	 10.4468 	 12.4848 	 0.0000 	 3.6205 	 813.4702 	 46.0000 	 2.8191 	 16.7262 	 -1.7525 	 0.0000 	 3.6109 	 0.0000 
45.0000 	 0.0150 	 9.5447 	 12.4854 	 0.0000 	 3.6209 	 813.4702 	 45.0000 	 2.2198 	 4.6819 	 -1.0366 	 0.0000 	 0.1285 	 0.0000 
45.0000 	 0.0058 	 19.9652 	 12.4854 	 0.0000 	 3.6197 	 813.4703 	 45.0000 	 1.6214 	 7.9636 	 3.1930 	 0.0000 	 5.8936 	 0.0000 
47.0000 	 0.0774 	 2.3328 	 12.4784 	 0.0000 	 3.6220 	 813.4707 	 47.0000 	 1.1522 	 11.0882 	 -3.7860 	 0.0000 	 9.2784 	 0.0000 
45.0000 	 0.0096 	 17.5525 	 12.4243 	 0.0000 	 3.7000 	 813.3201 	 45.0000 	 1.8459 	 2.8011 	 3.5009 	 0.0000 	 9.5913 	 0.0332 
47.0000 	 0.0090 	 8.6556 	 12.4847 	 0.0000 	 3.6198 	 813.4703 	 47.0000 	 2.1643 	 6.7233 	 2.3139 	 0.0000 	 6.1360 	 0.0000 
46.0000 	 0.0532 	 2.5322 	 12.4836 	 0.0000 	 3.6207 	 813.4703 	 46.0000 	 1.5141 	 5.6418 	 -4.4876 	 0.0000 	 9.6503 	 0.0000 
47.0000 	 0.0318 	 10.2063 	 12.4845 	 0.0000 	 3.6203 	 813.4703 	 47.0000 	 0.7416 	 17.8095 	 -4.0988 	 0.0000 	 0.0378 	 0.0000 
46.0000 	 0.2612 	 7.6209 	 12.4852 	 0.0000 	 3.6209 	 813.4703 	 46.0000 	 0.8917 	 9.3055 	 -2.3252 	 0.0000 	 1.7378 	 0.0000 
47.0000 	 0.0502 	 2.8239 	 12.4806 	 0.0000 	 3.6110 	 813.4725 	 47.0000 	 0.3204 	 9.8846 	 -0.2344 	 0.0000 	 6.3245 	 0.0000 
46.0000 	 0.0040 	 0.0000 	 12.4847 	 0.0000 	 3.6205 	 813.4703 	 46.0000 	 0.8192 	 17.4687 	 -3.8273 	 0.0000 	 0.0915 	 0.0000 
50.0000 	 2.3415 	 15.0428 	 19.5177 	 0.0000 	 0.1109 	 777.4041 	 50.0000 	 0.4682 	 14.8266 	 4.0205 	 0.0000 	 8.5904 	 0.0425 
28.0000 	 1.7031 	 14.5116 	 19.4558 	 0.0000 	 0.1018 	 776.5268 	 28.0000 	 2.9193 	 16.3446 	 1.8572 	 0.0000 	 7.1817 	 0.0477 
47.0000 	 0.0077 	 8.6367 	 12.4771 	 0.0000 	 3.6197 	 813.4694 	 47.0000 	 0.5574 	 7.0168 	 -1.4788 	 0.0000 	 6.3096 	 0.0000 
47.0000 	 0.0170 	 14.7229 	 12.4854 	 0.0000 	 3.6194 	 813.4703 	 47.0000 	 1.1898 	 19.8611 	 -1.1555 	 0.0000 	 4.4851 	 0.0000 
49.0000 	 2.2910 	 15.0291 	 19.4072 	 0.0000 	 0.1410 	 777.5977 	 49.0000 	 2.1153 	 15.8906 	 -1.7418 	 0.0000 	 0.2479 	 0.0815 
46.0000 	 0.0031 	 6.0277 	 12.4841 	 0.0000 	 3.6200 	 813.4703 	 46.0000 	 2.8618 	 19.1003 	 4.4829 	 0.0000 	 0.5661 	 0.0000 
46.0000 	 0.1491 	 0.0024 	 12.4870 	 0.0000 	 3.6206 	 813.4704 	 46.0000 	 2.6379 	 12.8838 	 0.4876 	 0.0000 	 7.4152 	 0.0000 
46.0000 	 1.0927 	 7.3954 	 12.6926 	 0.0000 	 3.5477 	 813.2339 	 46.0000 	 1.8121 	 17.0139 	 3.7215 	 0.0000 	 3.5944 	 0.0015 
44.0000 	 0.0057 	 30.4391 	 12.4838 	 0.0000 	 3.6206 	 813.4703 	 44.0000 	 2.0720 	 8.7889 	 1.2882 	 0.0000 	 1.3942 	 0.0000 
44.0000 	 0.0031 	 5.6632 	 12.4831 	 0.0000 	 3.6203 	 813.4703 	 44.0000 	 1.4823 	 8.1145 	 2.1811 	 0.0000 	 4.6016 	 0.0000 
44.0000 	 0.1546 	 9.1047 	 12.4851 	 0.0000 	 3.6220 	 813.4703 	 44.0000 	 1.3930 	 17.8900 	 -2.2236 	 0.0000 	 3.3110 	 0.0000 
44.0000 	 0.0036 	 3.7012 	 12.4854 	 0.0000 	 3.6160 	 813.4706 	 44.0000 	 2.2316 	 10.0319 	 -2.2921 	 0.0000 	 7.5739 	 0.0000 
44.0000 	 0.0521 	 14.9429 	 12.4841 	 0.0000 	 3.6200 	 813.4703 	 44.0000 	 2.2929 	 6.6773 	 -4.3180 	 0.0000 	 3.3618 	 0.0000 
44.0000 	 0.1632 	 1.9092 	 12.4902 	 0.0000 	 3.6182 	 813.4706 	 44.0000 	 0.9690 	 18.0939 	 0.7145 	 0.0000 	 5.2152 	 0.0000 
45.0000 	 0.0025 	 2.6613 	 12.4843 	 0.0000 	 3.6220 	 813.4703 	 45.0000 	 2.9802 	 19.4715 	 3.7880 	 0.0000 	 2.3817 	 0.0000 
42.0000 	 0.2193 	 9.2800 	 12.4860 	 0.0000 	 3.6190 	 813.4703 	 42.0000 	 2.6119 	 15.1768 	 0.1288 	 0.0000 	 8.5072 	 0.0000 
44.0000 	 0.5049 	 13.0322 	 12.4951 	 0.0000 	 3.6182 	 813.4735 	 44.0000 	 2.6777 	 13.2861 	 -4.1987 	 0.0000 	 2.8079 	 0.0015 
46.0000 	 0.0088 	 10.5208 	 12.4845 	 0.0000 	 3.6203 	 813.4703 	 46.0000 	 0.2808 	 14.0191 	 3.5758 	 0.0000 	 6.8343 	 0.0000 
44.0000 	 0.4519 	 13.9391 	 12.4848 	 0.0000 	 3.6220 	 813.4704 	 44.0000 	 0.0253 	 2.2209 	 4.1239 	 0.0000 	 9.9622 	 0.0000 
39.0000 	 0.0071 	 18.5831 	 12.4857 	 0.0000 	 3.6212 	 813.4703 	 39.0000 	 0.7903 	 7.6395 	 2.0182 	 0.0000 	 4.3553 	 0.0000 
39.0000 	 0.0231 	 1.2634 	 12.5244 	 0.0000 	 3.7134 	 813.1771 	 39.0000 	 1.5928 	 12.2317 	 0.6874 	 0.0000 	 0.4983 	 0.0191 
39.0000 	 0.0444 	 5.9375 	 12.4902 	 0.0000 	 3.6215 	 813.4707 	 39.0000 	 2.0010 	 4.3110 	 4.2331 	 0.0000 	 1.9822 	 0.0000 
44.0000 	 0.0059 	 28.9955 	 12.4848 	 0.0000 	 3.6218 	 813.4703 	 44.0000 	 0.4495 	 2.7183 	 -4.8401 	 0.0000 	 6.5172 	 0.0000 
39.0000 	 0.0318 	 31.0193 	 12.4707 	 0.0000 	 3.6719 	 813.4057 	 39.0000 	 0.2498 	 1.0498 	 -0.3337 	 0.0000 	 8.6858 	 0.0010 
39.0000 	 0.0557 	 32.1790 	 12.4850 	 0.0000 	 3.6207 	 813.4703 	 39.0000 	 1.5357 	 19.2005 	 -4.5978 	 0.0000 	 9.6855 	 0.0000 
41.0000 	 0.1176 	 5.0641 	 12.4701 	 0.0000 	 3.6356 	 813.4739 	 41.0000 	 1.2068 	 0.3377 	 -4.8947 	 0.0000 	 5.2396 	 0.0038 
39.0000 	 0.3580 	 6.9022 	 12.4213 	 0.0000 	 3.5226 	 813.7362 	 39.0000 	 2.1804 	 12.7534 	 -1.7311 	 0.0000 	 6.4185 	 0.0000 
39.0000 	 0.0066 	 10.1574 	 12.4845 	 0.0000 	 3.6211 	 813.4703 	 39.0000 	 0.0557 	 5.9925 	 -1.6060 	 0.0000 	 6.6954 	 0.0000 
38.0000 	 0.0025 	 32.2903 	 12.4896 	 0.0000 	 3.6298 	 813.4767 	 38.0000 	 0.7361 	 11.2102 	 -4.3837 	 0.0000 	 1.4713 	 0.0039 
38.0000 	 0.1302 	 0.5885 	 12.4750 	 0.0000 	 3.4986 	 813.8104 	 38.0000 	 0.3998 	 16.3847 	 -3.9451 	 0.0000 	 5.4172 	 0.0000 
38.0000 	 0.0081 	 17.0951 	 12.4848 	 0.0000 	 3.6206 	 813.4703 	 38.0000 	 1.2671 	 5.2505 	 -2.1729 	 0.0000 	 8.7457 	 0.0000 
38.0000 	 0.0107 	 8.2642 	 12.4870 	 0.0000 	 3.6250 	 813.4704 	 38.0000 	 1.6576 	 9.7061 	 4.3508 	 0.0000 	 9.8360 	 0.0007 
39.0000 	 0.1589 	 8.4676 	 12.4878 	 0.0000 	 3.6423 	 813.4811 	 39.0000 	 0.6739 	 14.2103 	 3.5597 	 0.0000 	 3.1484 	 0.0008 
40.0000 	 2.0660 	 14.9634 	 19.4471 	 0.0000 	 0.1615 	 776.9809 	 40.0000 	 1.6721 	 2.7231 	 -4.5017 	 0.0000 	 4.3004 	 0.0418 
26.0000 	 0.0316 	 8.9636 	 12.4854 	 0.0000 	 3.6206 	 813.4703 	 26.0000 	 2.4281 	 5.8513 	 4.3999 	 0.0000 	 1.9899 	 0.0000 
37.0000 	 0.0821 	 15.6738 	 12.7832 	 0.0000 	 3.8770 	 813.6920 	 37.0000 	 2.3635 	 7.4032 	 4.0691 	 0.0000 	 0.2903 	 0.1184 
33.0000 	 0.1501 	 9.0061 	 12.4843 	 0.0000 	 3.6205 	 813.4703 	 33.0000 	 2.4848 	 9.9245 	 -2.6396 	 0.0000 	 4.6451 	 0.0000 
36.0000 	 0.0082 	 2.8691 	 12.4863 	 0.0000 	 3.6395 	 813.4782 	 36.0000 	 0.5176 	 18.7590 	 2.6863 	 0.0000 	 2.9189 	 0.0005 
37.0000 	 0.1753 	 1.9736 	 12.5134 	 0.0000 	 3.6310 	 812.9911 	 37.0000 	 0.3821 	 17.3498 	 -4.7131 	 0.0000 	 8.1343 	 0.0034 
38.0000 	 0.2306 	 17.6759 	 12.4849 	 0.0000 	 3.6246 	 813.4564 	 38.0000 	 0.8770 	 0.1389 	 4.7114 	 0.0000 	 4.2673 	 0.0000 
36.0000 	 0.1751 	 3.9940 	 12.5003 	 0.0000 	 3.6190 	 813.4730 	 36.0000 	 2.0722 	 6.2982 	 -1.4299 	 0.0000 	 1.3891 	 0.0000 
43.0000 	 0.0094 	 9.0091 	 12.4857 	 0.0000 	 3.6155 	 813.4709 	 43.0000 	 2.8770 	 5.9771 	 3.2218 	 0.0000 	 4.4248 	 0.0000 
37.0000 	 0.0605 	 7.2761 	 12.4874 	 0.0000 	 3.6228 	 813.4704 	 37.0000 	 2.1167 	 10.3445 	 3.7076 	 0.0000 	 2.2277 	 0.0003 
37.0000 	 0.0069 	 13.8033 	 12.4845 	 0.0000 	 3.6204 	 813.4703 	 37.0000 	 1.2799 	 16.2980 	 -1.8430 	 0.0000 	 8.9536 	 0.0000 
33.0000 	 0.1150 	 11.2943 	 12.4839 	 0.0000 	 3.6205 	 813.4703 	 33.0000 	 2.4908 	 17.7754 	 -1.2468 	 0.0000 	 3.8422 	 0.0000 
43.0000 	 2.1500 	 14.8942 	 19.4150 	 0.0000 	 0.1588 	 777.0160 	 43.0000 	 0.4229 	 19.4418 	 -2.1459 	 0.0000 	 3.6212 	 0.0504 
37.0000 	 0.3114 	 16.8051 	 12.4844 	 0.0000 	 3.6207 	 813.4703 	 37.0000 	 2.3981 	 1.2219 	 1.0948 	 0.0000 	 1.5406 	 0.0000 
38.0000 	 0.0569 	 16.8042 	 12.4854 	 0.0000 	 3.6392 	 813.4392 	 38.0000 	 2.8593 	 17.3303 	 -2.9737 	 0.0000 	 1.2416 	 0.0015 
35.0000 	 0.0300 	 20.9287 	 12.4850 	 0.0000 	 3.6201 	 813.4703 	 35.0000 	 2.3159 	 1.6631 	 3.9137 	 0.0000 	 2.9837 	 0.0000 
31.0000 	 0.1858 	 12.5541 	 12.4850 	 0.0000 	 3.6201 	 813.4703 	 31.0000 	 1.1722 	 11.1064 	 3.5966 	 0.0000 	 5.3330 	 0.0000 
34.0000 	 0.3783 	 52.3926 	 12.5781 	 0.0000 	 3.6426 	 813.2803 	 34.0000 	 2.3503 	 16.5520 	 3.7167 	 0.0000 	 9.4995 	 0.0424 
33.0000 	 0.6407 	 0.0000 	 12.5020 	 0.0000 	 3.5906 	 813.4857 	 33.0000 	 2.1342 	 18.7303 	 1.7200 	 0.0000 	 6.5625 	 0.0005 
40.0000 	 1.3901 	 0.6258 	 13.1243 	 0.0000 	 3.1894 	 809.7728 	 40.0000 	 1.8210 	 13.3071 	 3.7177 	 0.0000 	 8.1824 	 0.0051 
34.0000 	 0.0030 	 8.5533 	 12.4845 	 0.0000 	 3.6201 	 813.4703 	 34.0000 	 2.2501 	 7.1294 	 -1.9483 	 0.0000 	 9.1493 	 0.0000 
40.0000 	 0.7064 	 1.2610 	 12.7576 	 0.0000 	 3.6591 	 814.2821 	 40.0000 	 1.1817 	 6.7508 	 0.0679 	 0.0000 	 6.5111 	 0.0004 
35.0000 	 0.1386 	 1.5997 	 12.3904 	 0.0000 	 3.5981 	 813.5810 	 35.0000 	 0.7254 	 16.0859 	 -2.0163 	 0.0000 	 5.0100 	 0.0000 
35.0000 	 0.0156 	 2.4797 	 12.4878 	 0.0000 	 3.6182 	 813.4705 	 35.0000 	 2.7284 	 3.3015 	 -2.8959 	 0.0000 	 9.7146 	 0.0000 
35.0000 	 0.5382 	 0.0000 	 12.4792 	 0.0000 	 3.5715 	 813.5242 	 35.0000 	 0.4848 	 16.1224 	 -2.1436 	 0.0000 	 2.8437 	 0.0001 
35.0000 	 0.0278 	 9.7915 	 12.4846 	 0.0000 	 3.6201 	 813.4703 	 35.0000 	 1.7847 	 9.4177 	 2.9280 	 0.0000 	 2.3171 	 0.0000 
31.0000 	 0.0037 	 98.7767 	 12.4847 	 0.0000 	 3.6228 	 813.4704 	 31.0000 	 1.4867 	 12.8243 	 2.7066 	 0.0000 	 8.1845 	 0.0000 
31.0000 	 0.0301 	 0.6719 	 12.4847 	 0.0000 	 3.6195 	 813.4703 	 31.0000 	 0.6873 	 12.8746 	 3.8541 	 0.0000 	 5.5168 	 0.0000 
31.0000 	 0.1555 	 26.5669 	 12.4898 	 0.0000 	 3.6164 	 813.4692 	 31.0000 	 0.5574 	 16.1793 	 -1.6393 	 0.0000 	 4.6403 	 0.0005 
33.0000 	 0.0036 	 25.0536 	 12.4844 	 0.0000 	 3.6212 	 813.4703 	 33.0000 	 1.2016 	 0.9793 	 -3.7168 	 0.0000 	 8.0792 	 0.0000 
31.0000 	 0.0256 	 7.7103 	 12.4850 	 0.0000 	 3.6209 	 813.4703 	 31.0000 	 0.3697 	 5.2174 	 4.9611 	 0.0000 	 5.9819 	 0.0000 
28.0000 	 0.0338 	 38.2576 	 12.4791 	 0.0000 	 3.6193 	 813.4665 	 28.0000 	 0.0109 	 6.7532 	 -1.4091 	 0.0000 	 8.8963 	 0.0000 
28.0000 	 0.0043 	 10.4232 	 12.4837 	 0.0000 	 3.6195 	 813.4703 	 28.0000 	 2.8745 	 11.2568 	 -2.6202 	 0.0000 	 2.5849 	 0.0000 
30.0000 	 0.1625 	 21.2125 	 12.4847 	 0.0000 	 3.6313 	 813.4727 	 30.0000 	 2.8573 	 16.7112 	 -0.0814 	 0.0000 	 3.2549 	 0.0000 
37.0000 	 0.0810 	 2.0032 	 12.4878 	 0.0000 	 3.6264 	 813.4709 	 37.0000 	 1.3253 	 13.8543 	 -1.4358 	 0.0000 	 4.8038 	 0.0014 
33.0000 	 1.8441 	 14.6942 	 19.3018 	 0.0000 	 0.2732 	 776.7295 	 33.0000 	 0.0591 	 16.6898 	 -2.1250 	 0.0000 	 6.6452 	 0.0440 
28.0000 	 0.0035 	 2.9046 	 12.4852 	 0.0000 	 3.6209 	 813.4702 	 28.0000 	 0.7789 	 0.9960 	 -4.8655 	 0.0000 	 3.0329 	 0.0000 
32.0000 	 0.0086 	 4.7010 	 12.4849 	 0.0000 	 3.6208 	 813.4686 	 32.0000 	 0.8407 	 17.5233 	 -3.8204 	 0.0000 	 6.4348 	 0.0000 
32.0000 	 0.0224 	 10.1147 	 12.4848 	 0.0000 	 3.6205 	 813.4703 	 32.0000 	 2.4962 	 1.2988 	 -1.2830 	 0.0000 	 5.8731 	 0.0000 
27.0000 	 0.0176 	 15.9864 	 12.4839 	 0.0000 	 3.6191 	 813.4702 	 27.0000 	 2.7736 	 2.2822 	 0.7560 	 0.0000 	 9.6191 	 0.0000 
25.0000 	 0.0025 	 25.3711 	 12.4841 	 0.0000 	 3.6200 	 813.4703 	 25.0000 	 0.6830 	 6.4114 	 -0.4464 	 0.0000 	 9.3488 	 0.0000 
37.0000 	 0.0163 	 3.0106 	 12.4844 	 0.0000 	 3.6204 	 813.4703 	 37.0000 	 1.2908 	 17.8080 	 0.2735 	 0.0000 	 0.1931 	 0.0000 
29.0000 	 0.2272 	 0.5236 	 12.4850 	 0.0000 	 3.6199 	 813.4704 	 29.0000 	 2.4305 	 0.3506 	 -0.7584 	 0.0000 	 6.2204 	 0.0000 
34.0000 	 0.0025 	 33.7658 	 12.4843 	 0.0000 	 3.6202 	 813.4703 	 34.0000 	 1.0714 	 3.1258 	 2.3375 	 0.0000 	 0.4324 	 0.0000 
25.0000 	 0.2766 	 5.0055 	 12.4838 	 0.0000 	 3.6255 	 813.4708 	 25.0000 	 0.6855 	 1.9014 	 1.5630 	 0.0000 	 9.0852 	 0.0000 
29.0000 	 0.1284 	 12.9643 	 12.4845 	 0.0000 	 3.6206 	 813.4703 	 29.0000 	 2.8812 	 19.6814 	 3.5103 	 0.0000 	 9.5510 	 0.0000 
32.0000 	 0.0058 	 1.0961 	 12.4823 	 0.0000 	 3.6219 	 813.4703 	 32.0000 	 0.8138 	 18.1959 	 4.5839 	 0.0000 	 5.1619 	 0.0000 
31.0000 	 0.0271 	 8.6430 	 12.4843 	 0.0000 	 3.6205 	 813.4703 	 31.0000 	 1.1997 	 1.7892 	 -4.0571 	 0.0000 	 0.0923 	 0.0000 
27.0000 	 0.0973 	 8.9291 	 12.4830 	 0.0000 	 3.6203 	 813.4703 	 27.0000 	 2.1111 	 13.1606 	 4.5461 	 0.0000 	 8.9011 	 0.0000 
24.0000 	 0.3077 	 0.3299 	 12.4854 	 0.0000 	 3.6218 	 813.4704 	 24.0000 	 0.6021 	 6.0234 	 2.4598 	 0.0000 	 0.1596 	 0.0000 
26.0000 	 0.0261 	 8.4739 	 12.4807 	 0.0000 	 3.6194 	 813.4705 	 26.0000 	 0.2620 	 11.5705 	 -2.6003 	 0.0000 	 7.0644 	 0.0000 
27.0000 	 0.0079 	 9.4406 	 12.4842 	 0.0000 	 3.6201 	 813.4703 	 27.0000 	 2.5912 	 10.1681 	 1.1602 	 0.0000 	 5.3127 	 0.0000 
34.0000 	 0.0025 	 30.6156 	 12.4846 	 0.0000 	 3.6210 	 813.4703 	 34.0000 	 0.8050 	 12.9658 	 3.6983 	 0.0000 	 0.7209 	 0.0000 
32.0000 	 0.1221 	 3.1503 	 12.4823 	 0.0000 	 3.6172 	 813.4706 	 32.0000 	 1.8515 	 5.5661 	 -4.3990 	 0.0000 	 7.5961 	 0.0000 
26.0000 	 0.0083 	 3.4224 	 12.4846 	 0.0000 	 3.6207 	 813.4703 	 26.0000 	 1.6926 	 9.5324 	 -1.4775 	 0.0000 	 2.7969 	 0.0000 
23.0000 	 0.0490 	 13.0320 	 12.4847 	 0.0000 	 3.6203 	 813.4703 	 23.0000 	 2.0336 	 5.1155 	 3.3102 	 0.0000 	 9.0822 	 0.0000 
22.0000 	 0.0381 	 0.3494 	 12.4851 	 0.0000 	 3.6255 	 813.4708 	 22.0000 	 1.3916 	 1.1707 	 -4.6807 	 0.0000 	 7.1245 	 0.0000 
28.0000 	 0.0889 	 16.3531 	 12.4843 	 0.0000 	 3.6208 	 813.4703 	 28.0000 	 2.8783 	 7.0328 	 2.3840 	 0.0000 	 8.9558 	 0.0000 
25.0000 	 0.1509 	 4.0810 	 12.4847 	 0.0000 	 3.6201 	 813.4703 	 25.0000 	 1.2290 	 16.1839 	 -1.2264 	 0.0000 	 0.4287 	 0.0000 
27.0000 	 0.0033 	 2.6803 	 12.4844 	 0.0000 	 3.6208 	 813.4702 	 27.0000 	 1.1255 	 2.2104 	 -2.5481 	 0.0000 	 5.7469 	 0.0000 
19.0000 	 0.0062 	 4.9019 	 12.4849 	 0.0000 	 3.6205 	 813.4702 	 19.0000 	 0.5097 	 0.1153 	 1.6009 	 0.0000 	 1.3304 	 0.0000 
23.0000 	 0.0915 	 1.9582 	 12.6250 	 0.0000 	 3.5822 	 813.7200 	 23.0000 	 2.9239 	 19.6205 	 1.4186 	 0.0000 	 2.0327 	 0.0000 
19.0000 	 0.1064 	 2.7026 	 12.4843 	 0.0000 	 3.6212 	 813.4703 	 19.0000 	 1.3077 	 10.5596 	 4.3749 	 0.0000 	 1.3393 	 0.0000 
16.0000 	 0.0235 	 2.2058 	 12.4838 	 0.0000 	 3.6190 	 813.4704 	 16.0000 	 0.7892 	 18.8840 	 -1.4186 	 0.0000 	 3.2173 	 0.0000 
22.0000 	 0.0037 	 2.0567 	 12.4856 	 0.0000 	 3.6200 	 813.4703 	 22.0000 	 1.3806 	 4.8248 	 -2.0286 	 0.0000 	 8.7817 	 0.0000 
23.0000 	 0.2209 	 1.1145 	 12.5020 	 0.0000 	 3.6333 	 813.4771 	 23.0000 	 1.6466 	 14.0300 	 -4.0938 	 0.0000 	 3.0728 	 0.0000 
27.0000 	 0.3094 	 54.5714 	 12.4840 	 0.0000 	 3.6230 	 813.4705 	 27.0000 	 2.7368 	 5.7179 	 0.9942 	 0.0000 	 2.7125 	 0.0000 
34.0000 	 1.9076 	 15.0671 	 19.5589 	 0.0000 	 0.0378 	 776.4993 	 34.0000 	 1.8793 	 15.7258 	 0.6894 	 0.0000 	 0.1806 	 0.0281 
32.0000 	 0.0063 	 38.2891 	 12.4847 	 0.0000 	 3.6220 	 813.4703 	 32.0000 	 2.3256 	 5.9866 	 4.1117 	 0.0000 	 2.7069 	 0.0000 
20.0000 	 0.0479 	 1.7805 	 12.4849 	 0.0000 	 3.6207 	 813.4703 	 20.0000 	 0.9791 	 19.8996 	 -0.2364 	 0.0000 	 7.5364 	 0.0000 
18.0000 	 0.0225 	 0.4189 	 12.4843 	 0.0000 	 3.6203 	 813.4703 	 18.0000 	 2.9466 	 17.2012 	 3.7484 	 0.0000 	 9.4714 	 0.0000 
23.0000 	 0.1050 	 10.5432 	 12.4756 	 0.0000 	 3.6377 	 813.4774 	 23.0000 	 0.3759 	 0.5408 	 0.0359 	 0.0000 	 5.2206 	 0.0000 
27.0000 	 0.0055 	 6.3680 	 12.4855 	 0.0000 	 3.6217 	 813.4703 	 27.0000 	 2.6492 	 17.6115 	 1.1783 	 0.0000 	 5.0987 	 0.0000 
16.0000 	 0.0398 	 0.9365 	 12.4842 	 0.0000 	 3.6208 	 813.4703 	 16.0000 	 1.7605 	 0.2922 	 -3.4515 	 0.0000 	 4.5622 	 0.0000 
18.0000 	 0.1154 	 0.0000 	 12.5555 	 0.0000 	 3.6691 	 813.5771 	 18.0000 	 2.7119 	 8.9459 	 3.0415 	 0.0000 	 5.8337 	 0.0022 
8.0000 	 0.0400 	 0.0012 	 12.4849 	 0.0000 	 3.6228 	 813.4704 	 8.0000 	 1.1253 	 18.5137 	 -0.0270 	 0.0000 	 0.9188 	 0.0000 
24.0000 	 0.0119 	 4.8071 	 12.4878 	 0.0000 	 3.6780 	 813.0568 	 24.0000 	 0.1531 	 1.4028 	 2.2193 	 0.0000 	 6.6913 	 0.0388 
21.0000 	 0.0290 	 28.9852 	 12.4854 	 0.0000 	 3.6109 	 813.4720 	 21.0000 	 2.1844 	 1.1793 	 4.7583 	 0.0000 	 5.4519 	 0.0007 
32.0000 	 0.0028 	 12.7045 	 12.4852 	 0.0000 	 3.6207 	 813.4702 	 32.0000 	 1.8078 	 6.7682 	 -4.1425 	 0.0000 	 0.3535 	 0.0000 
20.0000 	 0.0181 	 5.9320 	 12.4846 	 0.0000 	 3.6203 	 813.4703 	 20.0000 	 0.0765 	 13.4242 	 1.5338 	 0.0000 	 0.4038 	 0.0000 
16.0000 	 0.0132 	 44.1804 	 12.4849 	 0.0000 	 3.6204 	 813.4703 	 16.0000 	 2.6078 	 4.8063 	 1.6666 	 0.0000 	 6.1549 	 0.0000 
20.0000 	 0.0180 	 0.0000 	 12.5079 	 0.0000 	 3.7231 	 813.6938 	 20.0000 	 0.8856 	 6.7259 	 -3.5353 	 0.0000 	 9.9957 	 0.0000 
26.0000 	 0.0251 	 23.2031 	 12.4902 	 0.0000 	 3.6230 	 813.4708 	 26.0000 	 1.8875 	 5.8797 	 4.0160 	 0.0000 	 0.6977 	 0.0000 
23.0000 	 0.0035 	 6.4389 	 12.4847 	 0.0000 	 3.6206 	 813.4702 	 23.0000 	 1.8377 	 13.6461 	 2.8558 	 0.0000 	 0.3784 	 0.0000 
21.0000 	 0.0094 	 1.6171 	 12.4849 	 0.0000 	 3.6206 	 813.4703 	 21.0000 	 1.8124 	 0.4979 	 2.3236 	 0.0000 	 5.6437 	 0.0000 
18.0000 	 0.3618 	 9.9121 	 12.4902 	 0.0000 	 3.6230 	 813.4226 	 18.0000 	 2.3121 	 10.4660 	 3.2179 	 0.0000 	 1.1477 	 0.0000 
17.0000 	 1.2545 	 14.3230 	 19.2371 	 0.0000 	 0.1845 	 777.2459 	 17.0000 	 1.8902 	 0.1895 	 -3.3452 	 0.0000 	 3.3624 	 0.0597 
12.0000 	 0.1127 	 0.0836 	 12.4842 	 0.0000 	 3.6192 	 813.4704 	 12.0000 	 1.9790 	 1.1618 	 0.3209 	 0.0000 	 0.8605 	 0.0000 
16.0000 	 0.0282 	 60.9901 	 12.4824 	 0.0000 	 3.6161 	 813.4708 	 16.0000 	 1.7109 	 1.2652 	 1.2915 	 0.0000 	 0.1561 	 0.0000 
19.0000 	 0.0066 	 2.5357 	 12.4872 	 0.0000 	 3.6234 	 813.4705 	 19.0000 	 1.6269 	 11.4262 	 -1.4402 	 0.0000 	 0.9039 	 0.0007 
13.0000 	 0.0068 	 2.1134 	 12.4836 	 0.0000 	 3.6189 	 813.4704 	 13.0000 	 1.2272 	 1.5057 	 -3.7268 	 0.0000 	 8.3369 	 0.0000 
10.0000 	 0.0207 	 2.2049 	 12.4844 	 0.0000 	 3.6211 	 813.4702 	 10.0000 	 2.0322 	 0.8375 	 -2.6535 	 0.0000 	 7.8137 	 0.0000 
15.0000 	 0.0043 	 0.0256 	 12.4849 	 0.0000 	 3.6206 	 813.4703 	 15.0000 	 2.5112 	 14.6940 	 4.7052 	 0.0000 	 1.3862 	 0.0000 
19.0000 	 0.2220 	 1.9963 	 12.4832 	 0.0000 	 3.6200 	 813.4704 	 19.0000 	 2.5543 	 8.4863 	 2.0417 	 0.0000 	 9.2348 	 0.0002 
13.0000 	 0.0036 	 2.4652 	 12.4850 	 0.0000 	 3.6204 	 813.4702 	 13.0000 	 1.6616 	 8.1991 	 -3.4704 	 0.0000 	 2.3444 	 0.0000 
17.0000 	 0.0597 	 27.5342 	 12.5293 	 0.0000 	 3.7646 	 812.2914 	 17.0000 	 2.7704 	 8.3497 	 -4.3908 	 0.0000 	 4.2407 	 0.0408 
22.0000 	 0.0123 	 0.5743 	 12.4841 	 0.0000 	 3.6206 	 813.4703 	 22.0000 	 2.1470 	 19.1372 	 -0.3107 	 0.0000 	 6.8465 	 0.0000 
27.0000 	 0.1690 	 4.7265 	 12.4887 	 0.0000 	 3.6158 	 813.4710 	 27.0000 	 2.5019 	 19.3837 	 4.4173 	 0.0000 	 8.4738 	 0.0000 
10.0000 	 0.0029 	 7.6279 	 12.4825 	 0.0000 	 3.6198 	 813.4704 	 10.0000 	 0.5037 	 0.9801 	 0.3677 	 0.0000 	 3.0909 	 0.0000 
12.0000 	 0.1329 	 1.2481 	 12.4849 	 0.0000 	 3.6254 	 813.4710 	 12.0000 	 2.7346 	 3.0398 	 -4.8405 	 0.0000 	 8.2818 	 0.0000 
24.0000 	 0.3039 	 5.8255 	 12.4850 	 0.0000 	 3.6209 	 813.4702 	 24.0000 	 0.2853 	 12.7061 	 1.4759 	 0.0000 	 0.0365 	 0.0000 
2.0000 	 0.0106 	 15.0269 	 12.7954 	 0.0000 	 3.4893 	 813.0364 	 2.0000 	 2.1649 	 13.0011 	 1.6933 	 0.0000 	 9.5070 	 0.0022 
12.0000 	 0.1137 	 5.6129 	 12.4845 	 0.0000 	 3.6213 	 813.4703 	 12.0000 	 2.4332 	 6.3659 	 -2.4166 	 0.0000 	 9.5023 	 0.0000 
20.0000 	 0.0210 	 16.4214 	 12.4779 	 0.0000 	 3.6226 	 813.4710 	 20.0000 	 0.9801 	 9.7698 	 -3.4662 	 0.0000 	 1.0197 	 0.0004 
16.0000 	 0.0054 	 18.2964 	 12.4860 	 0.0000 	 3.6240 	 813.4595 	 16.0000 	 0.3293 	 18.2971 	 1.2025 	 0.0000 	 4.5230 	 0.0097 
11.0000 	 0.0639 	 7.6147 	 12.4916 	 0.0000 	 3.6181 	 813.4719 	 11.0000 	 2.4248 	 9.6191 	 -0.7464 	 0.0000 	 2.3295 	 0.0023 
12.0000 	 0.0027 	 11.1828 	 12.4949 	 0.0000 	 3.6311 	 813.4738 	 12.0000 	 0.9350 	 4.0994 	 3.3449 	 0.0000 	 5.8365 	 0.0000 
15.0000 	 0.0964 	 3.9209 	 12.4902 	 0.0000 	 3.6182 	 813.4707 	 15.0000 	 1.4794 	 9.6820 	 2.9123 	 0.0000 	 1.7991 	 0.0000 
26.0000 	 0.0026 	 8.4447 	 12.4859 	 0.0000 	 3.6194 	 813.4703 	 26.0000 	 0.0396 	 3.8162 	 0.6306 	 0.0000 	 0.7163 	 0.0000 
9.0000 	 0.0105 	 10.7280 	 12.4803 	 0.0000 	 3.6227 	 813.4706 	 9.0000 	 2.9250 	 17.6142 	 3.7493 	 0.0000 	 0.9173 	 0.0004 
20.0000 	 0.0568 	 42.3413 	 12.5171 	 0.0000 	 3.6157 	 812.9599 	 20.0000 	 1.9113 	 2.9987 	 -4.7538 	 0.0000 	 7.7551 	 0.0072 
8.0000 	 0.0079 	 0.3803 	 12.4862 	 0.0000 	 3.6028 	 813.4772 	 8.0000 	 0.8568 	 10.1585 	 -4.9294 	 0.0000 	 7.2250 	 0.0000 
32.0000 	 1.8428 	 14.8320 	 19.4840 	 0.0000 	 0.0612 	 776.2941 	 32.0000 	 1.4058 	 17.2197 	 -3.9485 	 0.0000 	 4.6746 	 0.0615 
15.0000 	 0.1158 	 23.9977 	 12.4882 	 0.0000 	 3.6194 	 813.4704 	 15.0000 	 0.5378 	 19.6409 	 -2.8052 	 0.0000 	 8.3575 	 0.0000 
2.0000 	 0.0106 	 13.4193 	 12.7634 	 0.0000 	 3.5096 	 813.0812 	 2.0000 	 0.9723 	 18.8510 	 3.7553 	 0.0000 	 3.5620 	 0.0021 
21.0000 	 0.0459 	 32.6228 	 12.4844 	 0.0000 	 3.6207 	 813.4703 	 21.0000 	 1.4788 	 14.0996 	 1.0720 	 0.0000 	 5.9938 	 0.0000 
18.0000 	 0.2802 	 6.4348 	 12.5627 	 0.0000 	 3.6343 	 813.5407 	 18.0000 	 2.6164 	 7.0872 	 4.0377 	 0.0000 	 1.8157 	 0.0000 
16.0000 	 0.0039 	 9.2468 	 12.4780 	 0.0000 	 3.5767 	 811.5607 	 16.0000 	 0.6595 	 18.4082 	 -0.1241 	 0.0000 	 3.6192 	 0.0492 
9.0000 	 0.1662 	 0.2579 	 12.5439 	 0.0000 	 3.6011 	 813.5376 	 9.0000 	 0.3244 	 19.5295 	 2.2122 	 0.0000 	 0.8221 	 0.0004 
14.0000 	 0.1685 	 10.3187 	 12.4865 	 0.0000 	 3.6204 	 813.4703 	 14.0000 	 2.8019 	 11.7956 	 0.1359 	 0.0000 	 2.3374 	 0.0000 
20.0000 	 0.2378 	 4.4173 	 12.5090 	 0.0000 	 3.6291 	 813.4785 	 20.0000 	 0.0448 	 13.6392 	 -0.7460 	 0.0000 	 7.9817 	 0.0000 
15.0000 	 0.0027 	 84.1794 	 12.4833 	 0.0000 	 3.6218 	 813.4703 	 15.0000 	 0.8640 	 16.3160 	 -0.2250 	 0.0000 	 7.8203 	 0.0000 
9.0000 	 0.0026 	 34.1404 	 12.4847 	 0.0000 	 3.6203 	 813.4703 	 9.0000 	 1.6423 	 7.0595 	 4.3349 	 0.0000 	 3.9181 	 0.0000 
21.0000 	 0.0281 	 30.0604 	 12.4731 	 0.0000 	 3.6188 	 813.4472 	 21.0000 	 1.9288 	 11.7562 	 -3.9461 	 0.0000 	 6.2270 	 0.0000 
11.0000 	 0.1056 	 5.0271 	 12.4853 	 0.0000 	 3.6210 	 813.4704 	 11.0000 	 2.5483 	 19.5097 	 2.2752 	 0.0000 	 0.1508 	 0.0000 
1.0000 	 0.5198 	 0.0395 	 13.4507 	 0.0000 	 2.9617 	 826.1443 	 1.0000 	 0.9817 	 16.7841 	 -1.4018 	 0.0000 	 5.4083 	 0.3370 
5.0000 	 0.0027 	 1.4621 	 12.4847 	 0.0000 	 3.6206 	 813.4703 	 5.0000 	 2.4451 	 3.2103 	 -3.4128 	 0.0000 	 1.6835 	 0.0000 
13.0000 	 0.0771 	 3.3677 	 12.4973 	 0.0000 	 3.6271 	 813.4724 	 13.0000 	 2.0009 	 17.6152 	 -0.6652 	 0.0000 	 9.6240 	 0.0007 
20.0000 	 0.0138 	 51.1884 	 12.4847 	 0.0000 	 3.6203 	 813.4703 	 20.0000 	 0.8015 	 17.4774 	 -1.1534 	 0.0000 	 6.6303 	 0.0000 
17.0000 	 0.0030 	 8.5461 	 12.4858 	 0.0000 	 3.6201 	 813.4703 	 17.0000 	 2.3149 	 17.2559 	 0.6812 	 0.0000 	 4.0535 	 0.0000 
5.0000 	 0.0114 	 1.2442 	 12.4837 	 0.0000 	 3.6201 	 813.4704 	 5.0000 	 2.3038 	 2.3147 	 -4.5858 	 0.0000 	 2.1215 	 0.0000 
7.0000 	 0.0722 	 31.8307 	 12.4863 	 0.0000 	 3.6208 	 813.4721 	 7.0000 	 2.9744 	 4.2090 	 2.8079 	 0.0000 	 2.5388 	 0.0005 
4.0000 	 0.1007 	 13.3816 	 12.9226 	 0.0000 	 3.3973 	 812.7853 	 4.0000 	 2.9608 	 2.6644 	 -4.9751 	 0.0000 	 0.8326 	 0.0062 
16.0000 	 0.0029 	 4.7667 	 12.4848 	 0.0000 	 3.6207 	 813.4703 	 16.0000 	 2.1339 	 17.6030 	 4.8654 	 0.0000 	 4.1627 	 0.0000 
4.0000 	 0.0093 	 12.2021 	 12.4855 	 0.0000 	 3.6193 	 813.4699 	 4.0000 	 2.3491 	 12.5436 	 0.8477 	 0.0000 	 1.4286 	 0.0000 
4.0000 	 0.1012 	 14.1437 	 12.9490 	 0.0000 	 3.3800 	 812.7913 	 4.0000 	 2.7877 	 4.5643 	 3.2362 	 0.0000 	 0.8805 	 0.0034 
12.0000 	 0.0527 	 1.3209 	 12.4848 	 0.0000 	 3.6207 	 813.4703 	 12.0000 	 0.7259 	 18.3377 	 4.3461 	 0.0000 	 9.5852 	 0.0000 
15.0000 	 0.0081 	 5.7947 	 12.4866 	 0.0000 	 3.6191 	 813.4703 	 15.0000 	 2.2314 	 0.0294 	 4.6565 	 0.0000 	 2.2428 	 0.0000 
1.0000 	 1.4650 	 0.0000 	 7.6847 	 0.0000 	 2.9989 	 831.6206 	 1.0000 	 0.5849 	 6.4632 	 -3.0461 	 0.0000 	 0.2649 	 0.2733 
2.0000 	 0.0100 	 15.9612 	 12.7702 	 0.0000 	 3.4999 	 813.0453 	 2.0000 	 2.2879 	 7.9431 	 -2.0800 	 0.0000 	 8.8171 	 0.0022 
10.0000 	 0.8881 	 14.3527 	 19.3197 	 0.0000 	 0.1225 	 781.4323 	 10.0000 	 1.0228 	 13.4123 	 2.4465 	 0.0000 	 4.8639 	 0.0739 
9.0000 	 0.0030 	 9.2630 	 12.4915 	 0.0000 	 3.6145 	 813.4716 	 9.0000 	 1.8820 	 1.2628 	 3.1414 	 0.0000 	 1.0470 	 0.0000 
9.0000 	 0.3869 	 12.4012 	 13.2230 	 0.0000 	 3.2825 	 812.5822 	 9.0000 	 2.9791 	 14.8425 	 1.7544 	 0.0000 	 4.3998 	 0.0034 
12.0000 	 0.2983 	 0.0564 	 12.4655 	 0.0000 	 3.5245 	 813.7127 	 12.0000 	 2.2877 	 0.0623 	 1.8464 	 0.0000 	 7.9298 	 0.0010 
10.0000 	 0.1464 	 9.9060 	 12.4384 	 0.0000 	 3.5361 	 813.6540 	 10.0000 	 1.9762 	 12.0282 	 1.0945 	 0.0000 	 1.9238 	 0.0003 
1.0000 	 1.2430 	 2.0051 	 8.9313 	 0.0000 	 2.9451 	 831.1293 	 1.0000 	 1.3637 	 1.8508 	 -1.4757 	 0.0000 	 5.8263 	 0.3342 
8.0000 	 0.0028 	 26.1290 	 12.4777 	 0.0000 	 3.6156 	 813.4704 	 8.0000 	 1.2854 	 16.5988 	 -2.5008 	 0.0000 	 5.1508 	 0.0009 
3.0000 	 0.0081 	 10.0455 	 12.4898 	 0.0000 	 3.6195 	 813.4678 	 3.0000 	 1.2298 	 4.3854 	 -0.7482 	 0.0000 	 9.9591 	 0.0002 
1.0000 	 0.0025 	 6.5971 	 13.6569 	 0.0000 	 3.4922 	 821.5397 	 1.0000 	 1.7949 	 18.2869 	 -1.1134 	 0.0000 	 0.0153 	 0.0065 
3.0000 	 1.6507 	 0.0000 	 7.6621 	 0.0000 	 3.0113 	 842.9649 	 3.0000 	 2.7396 	 16.6797 	 -0.7664 	 0.0000 	 6.1968 	 0.1443 
14.0000 	 0.3757 	 10.6404 	 12.5438 	 0.0000 	 3.5860 	 813.3627 	 14.0000 	 0.4634 	 4.5895 	 -0.0064 	 0.0000 	 5.5910 	 0.0012 
7.0000 	 0.0029 	 40.7773 	 12.4866 	 0.0000 	 3.6206 	 813.4704 	 7.0000 	 0.2690 	 13.5236 	 3.1396 	 0.0000 	 0.7119 	 0.0000 
3.0000 	 0.0026 	 2.6511 	 12.4844 	 0.0000 	 3.6210 	 813.4712 	 3.0000 	 0.5749 	 13.3657 	 1.2821 	 0.0000 	 9.4815 	 0.0000 
2.0000 	 0.0025 	 1.0220 	 12.4890 	 0.0000 	 3.6185 	 813.5730 	 2.0000 	 1.4572 	 17.6143 	 1.7870 	 0.0000 	 8.0687 	 0.0005 
2.0000 	 0.0096 	 16.2708 	 12.7699 	 0.0000 	 3.5035 	 813.0459 	 2.0000 	 2.7602 	 5.1155 	 2.9324 	 0.0000 	 0.7383 	 0.0022 
10.0000 	 0.0246 	 3.5269 	 12.4839 	 0.0000 	 3.6161 	 813.4707 	 10.0000 	 2.8613 	 10.7339 	 -3.5334 	 0.0000 	 3.6405 	 0.0000 
5.0000 	 0.0166 	 1.8669 	 12.4838 	 0.0000 	 3.6217 	 813.4706 	 5.0000 	 0.4050 	 7.6445 	 1.4672 	 0.0000 	 1.3471 	 0.0002 
4.0000 	 0.0058 	 9.1138 	 12.4701 	 0.0000 	 3.6630 	 813.5103 	 4.0000 	 2.8766 	 14.3398 	 1.3052 	 0.0000 	 0.9445 	 0.0000 
20.0000 	 1.4116 	 14.6734 	 19.4516 	 0.0000 	 0.1308 	 776.0767 	 20.0000 	 2.0721 	 0.6114 	 -4.3423 	 0.0000 	 8.0025 	 0.0587 
21.0000 	 0.1183 	 7.9067 	 12.4846 	 0.0000 	 3.6208 	 813.4703 	 21.0000 	 0.4853 	 0.8880 	 2.6563 	 0.0000 	 0.5326 	 0.0000 
9.0000 	 0.0054 	 27.7083 	 12.4849 	 0.0000 	 3.6203 	 813.4703 	 9.0000 	 0.4144 	 12.5273 	 4.3048 	 0.0000 	 7.3372 	 0.0000 
6.0000 	 0.5960 	 14.5467 	 19.5620 	 0.0000 	 0.0000 	 790.1956 	 6.0000 	 1.5836 	 16.5709 	 0.4045 	 0.0000 	 5.7401 	 0.0899 
4.0000 	 0.0026 	 0.3034 	 12.4849 	 0.0000 	 3.6214 	 813.4703 	 4.0000 	 2.8435 	 12.5896 	 -2.1726 	 0.0000 	 6.1038 	 0.0002 
4.0000 	 0.0058 	 0.0228 	 12.4875 	 0.0000 	 3.6207 	 813.4706 	 4.0000 	 0.4540 	 13.7741 	 0.2634 	 0.0000 	 2.6885 	 0.0000 
2.0000 	 0.0104 	 15.1370 	 12.7897 	 0.0000 	 3.4960 	 813.0431 	 2.0000 	 2.6084 	 15.6365 	 -1.4130 	 0.0000 	 4.5713 	 0.0021 
3.0000 	 0.0059 	 6.8528 	 12.4855 	 0.0000 	 3.6201 	 813.4737 	 3.0000 	 0.1070 	 18.5954 	 2.5329 	 0.0000 	 0.5180 	 0.0002 
4.0000 	 2.1965 	 0.3043 	 7.9907 	 0.0000 	 3.1162 	 845.7160 	 4.0000 	 1.5157 	 6.4006 	 -1.6954 	 0.0000 	 5.8267 	 0.1277 
6.0000 	 0.0025 	 0.5983 	 12.4849 	 0.0000 	 3.6205 	 813.4703 	 6.0000 	 0.7097 	 6.3032 	 3.5646 	 0.0000 	 7.2529 	 0.0000 
7.0000 	 0.0056 	 9.4570 	 12.4850 	 0.0000 	 3.6215 	 813.4703 	 7.0000 	 0.0349 	 17.2610 	 0.0479 	 0.0000 	 7.4204 	 0.0000 
3.0000 	 0.0474 	 14.4084 	 12.8558 	 0.0000 	 3.4460 	 812.8830 	 3.0000 	 2.2636 	 11.8685 	 1.5971 	 0.0000 	 4.4679 	 0.0027 
1.0000 	 0.0025 	 6.2760 	 13.5990 	 0.0000 	 3.4979 	 821.5416 	 1.0000 	 2.5332 	 8.4563 	 -0.3048 	 0.0000 	 2.1365 	 0.0069 
6.0000 	 0.2328 	 12.5813 	 13.1414 	 0.0000 	 3.3109 	 812.6686 	 6.0000 	 1.8651 	 10.4635 	 -3.4873 	 0.0000 	 4.8363 	 0.0040 
8.0000 	 0.0215 	 0.1924 	 12.4853 	 0.0000 	 3.6184 	 813.4704 	 8.0000 	 0.2375 	 4.5805 	 -3.0266 	 0.0000 	 1.2357 	 0.0000 
5.0000 	 0.0200 	 2.6334 	 12.4701 	 0.0000 	 3.5687 	 813.5331 	 5.0000 	 0.8199 	 1.0589 	 -4.8845 	 0.0000 	 8.3477 	 0.0011 
1.0000 	 0.0025 	 6.5936 	 13.6297 	 0.0000 	 3.5006 	 821.5384 	 1.0000 	 0.2293 	 9.9988 	 2.1445 	 0.0000 	 2.7206 	 0.0078 
5.0000 	 0.0056 	 8.2236 	 12.4982 	 0.0000 	 3.6212 	 813.4772 	 5.0000 	 1.8553 	 9.4177 	 -3.1651 	 0.0000 	 7.5224 	 0.0006 
2.0000 	 0.0099 	 15.4064 	 12.7724 	 0.0000 	 3.5054 	 813.0367 	 2.0000 	 0.8018 	 7.5100 	 -1.0445 	 0.0000 	 4.7772 	 0.0020 
15.0000 	 0.1332 	 3.6886 	 12.4850 	 0.0000 	 3.6226 	 813.4704 	 15.0000 	 2.3509 	 11.5935 	 -3.7441 	 0.0000 	 0.1500 	 0.0000 
2.0000 	 0.0025 	 1.9113 	 12.4904 	 0.0000 	 3.6197 	 813.5665 	 2.0000 	 1.4669 	 6.3052 	 4.8003 	 0.0000 	 0.1348 	 0.0006 
5.0000 	 0.0161 	 5.2658 	 12.4841 	 0.0000 	 3.6212 	 813.4678 	 5.0000 	 0.8693 	 13.0185 	 3.0178 	 0.0000 	 5.4733 	 0.0009 
1.0000 	 0.6993 	 4.9301 	 16.6959 	 0.0000 	 2.8745 	 825.9259 	 1.0000 	 2.0214 	 16.0728 	 3.4346 	 0.0000 	 1.1282 	 0.3993 
1.0000 	 1.7347 	 1.0509 	 14.1129 	 0.0000 	 2.9939 	 828.3658 	 1.0000 	 2.9673 	 11.3187 	 1.0280 	 0.0000 	 0.4651 	 0.3116 
4.0000 	 0.1025 	 13.0086 	 12.9196 	 0.0000 	 3.4153 	 812.7965 	 4.0000 	 0.6031 	 4.2067 	 -1.0452 	 0.0000 	 6.4662 	 0.0026 
3.0000 	 0.0242 	 16.8688 	 12.5986 	 0.0000 	 3.5852 	 813.1629 	 3.0000 	 1.8373 	 15.1174 	 -3.6870 	 0.0000 	 7.5852 	 0.0039 
9.0000 	 0.4196 	 12.6282 	 13.4739 	 0.0000 	 3.1573 	 812.4712 	 9.0000 	 0.4212 	 8.0387 	 -1.5296 	 0.0000 	 9.6117 	 0.0049 
14.0000 	 0.1543 	 3.6039 	 12.4840 	 0.0000 	 3.6210 	 813.4703 	 14.0000 	 1.0598 	 13.7383 	 -4.4675 	 0.0000 	 8.8307 	 0.0000 
2.0000 	 0.0099 	 15.7081 	 12.7743 	 0.0000 	 3.5000 	 813.0390 	 2.0000 	 1.4976 	 4.1792 	 -2.2360 	 0.0000 	 8.5128 	 0.0026 
1.0000 	 0.5568 	 19.7706 	 20.6595 	 0.0000 	 2.9014 	 828.7799 	 1.0000 	 1.5414 	 14.0100 	 0.0263 	 0.0000 	 6.8023 	 0.3389 
20.0000 	 1.4141 	 14.8503 	 19.4742 	 0.0000 	 0.0944 	 776.3157 	 20.0000 	 1.7449 	 6.8603 	 -3.1580 	 0.0000 	 6.0818 	 0.0646 
9.0000 	 0.0029 	 3.4549 	 12.4823 	 0.0000 	 3.6226 	 813.4706 	 9.0000 	 0.5634 	 14.1901 	 -2.2980 	 0.0000 	 1.9184 	 0.0005 
8.0000 	 0.1216 	 15.5031 	 12.4155 	 0.0000 	 3.6241 	 813.5183 	 8.0000 	 1.8242 	 13.4056 	 -1.6497 	 0.0000 	 8.9491 	 0.0004 
15.0000 	 0.0074 	 5.0124 	 12.4849 	 0.0000 	 3.6201 	 813.4703 	 15.0000 	 0.8059 	 11.2719 	 -2.8644 	 0.0000 	 4.3212 	 0.0000 
8.0000 	 0.0031 	 11.3123 	 12.4756 	 0.0000 	 3.6218 	 813.4712 	 8.0000 	 1.1246 	 3.5950 	 -1.7055 	 0.0000 	 0.3094 	 0.0000 
3.0000 	 0.0462 	 14.7933 	 12.8659 	 0.0000 	 3.4418 	 812.8979 	 3.0000 	 1.6590 	 0.9849 	 -0.4548 	 0.0000 	 2.8689 	 0.0028 
14.0000 	 0.0103 	 5.4996 	 12.4851 	 0.0000 	 3.6201 	 813.4703 	 14.0000 	 2.3721 	 0.6320 	 -4.0790 	 0.0000 	 6.2665 	 0.0000 
3.0000 	 0.0043 	 19.0508 	 12.4877 	 0.0000 	 3.6201 	 813.4678 	 3.0000 	 0.7422 	 10.7896 	 -3.3174 	 0.0000 	 6.4046 	 0.0002 
2.0000 	 0.0128 	 14.8950 	 12.9565 	 0.0000 	 3.4436 	 813.1463 	 2.0000 	 2.5776 	 11.3132 	 3.4988 	 0.0000 	 4.3879 	 0.0031 
9.0000 	 0.0085 	 8.7394 	 12.4833 	 0.0000 	 3.6208 	 813.4703 	 9.0000 	 2.6490 	 19.2637 	 -2.1182 	 0.0000 	 4.2995 	 0.0000 
2.0000 	 0.0097 	 15.0138 	 12.7511 	 0.0000 	 3.5113 	 813.0412 	 2.0000 	 0.1651 	 17.5811 	 -2.1956 	 0.0000 	 7.9553 	 0.0020 
8.0000 	 0.0722 	 28.3489 	 12.4852 	 0.0000 	 3.6203 	 813.4704 	 8.0000 	 2.5555 	 3.1879 	 -0.1991 	 0.0000 	 3.6323 	 0.0002 
3.0000 	 0.0025 	 0.3561 	 12.4844 	 0.0000 	 3.6200 	 813.4713 	 3.0000 	 0.5838 	 9.0144 	 1.7002 	 0.0000 	 4.9190 	 0.0000 
2.0000 	 0.0095 	 15.2080 	 12.7486 	 0.0000 	 3.5124 	 813.0403 	 2.0000 	 0.2876 	 15.3115 	 4.5597 	 0.0000 	 7.1041 	 0.0017 
