50.0000 	 0.0090 	 7.4412 	 12.5264 	 0.0000 	 4.5786 	 3.9749 	 839.3888 	 50.0000 	 2.6617 	 4.4210 	 -6.2857 	 0.0000 	 -2.0427 	 3.0405 	 0.0000 
50.0000 	 0.0140 	 8.2239 	 12.5806 	 0.0000 	 -3.6116 	 4.0564 	 839.3817 	 50.0000 	 0.6425 	 5.0687 	 -4.2677 	 0.0000 	 0.6738 	 1.5331 	 0.0386 
50.0000 	 0.0794 	 5.2426 	 12.5354 	 0.0000 	 1.9424 	 3.9923 	 839.3950 	 50.0000 	 2.1135 	 6.5530 	 8.3807 	 0.0000 	 1.4864 	 6.4876 	 0.0000 
50.0000 	 0.0186 	 1.7908 	 12.5165 	 0.0000 	 0.5764 	 3.9630 	 839.3918 	 50.0000 	 1.3902 	 9.8531 	 -4.2262 	 0.0000 	 -1.9242 	 5.3441 	 0.0007 
50.0000 	 0.0026 	 19.1937 	 12.5265 	 0.0000 	 2.8647 	 3.9739 	 839.3887 	 50.0000 	 1.5839 	 2.3974 	 -6.0219 	 0.0000 	 -0.8026 	 8.8103 	 0.0000 
50.0000 	 0.0454 	 5.9778 	 12.4365 	 0.0000 	 -0.1985 	 4.0320 	 839.5171 	 50.0000 	 1.7772 	 7.0376 	 -7.9601 	 0.0000 	 -0.7667 	 2.8631 	 0.0000 
50.0000 	 0.0078 	 7.4975 	 12.5265 	 0.0000 	 -3.2367 	 3.9744 	 839.3888 	 50.0000 	 0.6776 	 9.3017 	 7.2128 	 0.0000 	 0.2117 	 2.6053 	 0.0000 
49.0000 	 0.0254 	 11.7728 	 12.5268 	 0.0000 	 -5.7962 	 3.9738 	 839.3888 	 49.0000 	 1.4727 	 6.0279 	 7.0838 	 0.0000 	 -1.3379 	 9.1384 	 0.0000 
49.0000 	 0.0173 	 20.1849 	 12.5269 	 0.0000 	 1.1257 	 3.9746 	 839.3888 	 49.0000 	 2.9053 	 4.8642 	 9.4504 	 0.0000 	 -2.9659 	 9.5436 	 0.0000 
49.0000 	 0.0165 	 8.1104 	 12.5317 	 0.0000 	 -1.9475 	 3.9819 	 839.3899 	 49.0000 	 0.2905 	 9.4230 	 -6.0497 	 0.0000 	 -1.1414 	 8.8563 	 0.0000 
50.0000 	 0.0363 	 10.7263 	 12.8589 	 0.0000 	 -6.4175 	 4.3774 	 816.9041 	 50.0000 	 0.9069 	 6.1836 	 -0.3491 	 0.0000 	 -1.6648 	 0.2451 	 0.4458 
50.0000 	 0.0267 	 1.6538 	 12.5171 	 0.0000 	 9.9668 	 3.9741 	 839.3897 	 50.0000 	 1.7203 	 7.8334 	 -9.7674 	 0.0000 	 2.5165 	 6.9366 	 0.0000 
49.0000 	 0.1668 	 4.3235 	 12.5269 	 0.0000 	 -2.7044 	 3.9748 	 839.3888 	 49.0000 	 1.1674 	 2.9756 	 -4.6057 	 0.0000 	 -0.2879 	 8.3462 	 0.0000 
49.0000 	 0.0067 	 1.4159 	 12.5277 	 0.0000 	 -0.7593 	 3.9762 	 839.3889 	 49.0000 	 1.6145 	 8.2798 	 -1.1053 	 0.0000 	 -2.7433 	 0.8313 	 0.0000 
48.0000 	 0.0025 	 2.0755 	 12.5272 	 0.0000 	 -4.6576 	 3.9750 	 839.3888 	 48.0000 	 1.9367 	 6.2838 	 -4.7590 	 0.0000 	 0.0438 	 4.4941 	 0.0000 
49.0000 	 0.0342 	 3.1268 	 12.5342 	 0.0000 	 -8.4487 	 3.9685 	 839.3899 	 49.0000 	 1.5998 	 3.3677 	 1.1149 	 0.0000 	 -2.5064 	 7.4311 	 0.0004 
49.0000 	 0.1136 	 9.6387 	 12.6367 	 0.0000 	 -0.4629 	 4.0332 	 839.4371 	 49.0000 	 2.0762 	 9.5925 	 3.7546 	 0.0000 	 2.7562 	 7.3648 	 0.0266 
49.0000 	 0.0575 	 33.3600 	 12.5574 	 0.0000 	 8.0327 	 3.9969 	 839.3758 	 49.0000 	 1.7106 	 3.3595 	 -7.2505 	 0.0000 	 2.5555 	 9.7489 	 0.0023 
49.0000 	 0.3464 	 14.0659 	 12.5259 	 0.0000 	 0.7504 	 3.9753 	 839.3888 	 49.0000 	 2.6170 	 3.5708 	 -2.7787 	 0.0000 	 0.4932 	 5.0553 	 0.0000 
48.0000 	 0.0896 	 4.1135 	 12.5481 	 0.0000 	 -7.7135 	 3.9853 	 839.3951 	 48.0000 	 0.9791 	 6.7774 	 0.4008 	 0.0000 	 1.9501 	 4.1467 	 0.0004 
48.0000 	 0.0257 	 7.0850 	 12.5293 	 0.0000 	 2.4338 	 3.9722 	 839.3870 	 48.0000 	 2.7732 	 1.8383 	 -0.9689 	 0.0000 	 0.3923 	 0.5732 	 0.0000 
48.0000 	 0.0183 	 2.2252 	 12.5269 	 0.0000 	 -2.7991 	 3.9743 	 839.3888 	 48.0000 	 0.5216 	 4.8539 	 -8.9177 	 0.0000 	 1.6314 	 5.5305 	 0.0000 
48.0000 	 0.0240 	 2.2414 	 12.5268 	 0.0000 	 3.3783 	 3.9753 	 839.3888 	 48.0000 	 2.7732 	 1.8383 	 -0.9689 	 0.0000 	 0.3923 	 0.5732 	 0.0000 
48.0000 	 0.0221 	 7.4304 	 12.5275 	 0.0000 	 6.4397 	 3.9749 	 839.3888 	 48.0000 	 0.5676 	 7.4341 	 6.8842 	 0.0000 	 2.6025 	 2.8726 	 0.0000 
48.0000 	 0.1727 	 3.1417 	 12.5263 	 0.0000 	 -6.2176 	 3.9735 	 839.3887 	 48.0000 	 0.9791 	 6.7774 	 0.4008 	 0.0000 	 1.9501 	 4.1467 	 0.0000 
49.0000 	 0.9181 	 2.3764 	 12.5116 	 0.0000 	 2.3108 	 3.9392 	 839.4177 	 49.0000 	 0.5176 	 8.3841 	 -5.4273 	 0.0000 	 -0.5743 	 1.9957 	 0.0001 
50.0000 	 0.0174 	 5.7093 	 12.5266 	 0.0000 	 -1.1744 	 3.9743 	 839.3888 	 50.0000 	 2.5059 	 5.0819 	 6.4440 	 0.0000 	 1.6526 	 6.9654 	 0.0000 
45.0000 	 0.0756 	 41.3306 	 12.5244 	 0.0000 	 8.7264 	 3.9740 	 839.3871 	 45.0000 	 2.4545 	 9.1446 	 2.5589 	 0.0000 	 1.2264 	 6.6028 	 0.0014 
45.0000 	 0.0209 	 2.1005 	 12.5261 	 0.0000 	 -1.4496 	 3.9674 	 839.3902 	 45.0000 	 2.7526 	 0.6576 	 -8.2373 	 0.0000 	 0.9732 	 5.8261 	 0.0004 
48.0000 	 0.0683 	 5.6604 	 12.4291 	 0.0000 	 -7.2652 	 4.0413 	 831.9419 	 48.0000 	 0.7342 	 7.1658 	 -0.9903 	 0.0000 	 1.2361 	 3.8161 	 0.0126 
48.0000 	 0.5460 	 4.9720 	 12.5168 	 0.0000 	 -5.3539 	 3.9707 	 839.3903 	 48.0000 	 2.3761 	 6.1657 	 3.2079 	 0.0000 	 0.8454 	 3.1725 	 0.0000 
46.0000 	 0.0143 	 6.0065 	 12.5153 	 0.0000 	 -0.3254 	 3.9703 	 839.3904 	 46.0000 	 1.5634 	 4.7423 	 -0.6820 	 0.0000 	 -1.0939 	 5.2889 	 0.0000 
46.0000 	 0.1653 	 10.1856 	 12.5313 	 0.0000 	 1.3028 	 3.9737 	 839.3890 	 46.0000 	 1.7467 	 2.7013 	 -1.0958 	 0.0000 	 2.4537 	 5.1121 	 0.0000 
45.0000 	 0.6733 	 8.4568 	 12.5294 	 0.0000 	 4.8793 	 3.9771 	 839.3896 	 45.0000 	 1.7049 	 5.9560 	 2.0945 	 0.0000 	 2.6126 	 0.9880 	 0.0000 
47.0000 	 0.0041 	 11.1816 	 12.5266 	 0.0000 	 -2.5140 	 3.9762 	 839.3889 	 47.0000 	 0.0662 	 5.4926 	 -4.1616 	 0.0000 	 2.1626 	 4.5160 	 0.0000 
45.0000 	 0.8127 	 0.9338 	 12.5073 	 0.0000 	 3.7419 	 4.0210 	 839.3008 	 45.0000 	 1.5852 	 8.9571 	 8.6135 	 0.0000 	 -2.3376 	 0.6694 	 0.0539 
47.0000 	 0.0170 	 30.1153 	 12.5268 	 0.0000 	 9.8585 	 3.9744 	 839.3888 	 47.0000 	 0.8222 	 2.1216 	 -6.8183 	 0.0000 	 1.2051 	 3.5473 	 0.0000 
47.0000 	 0.0419 	 1.3916 	 12.5293 	 0.0000 	 2.7627 	 3.9746 	 839.3864 	 47.0000 	 1.6770 	 0.7432 	 -9.8642 	 0.0000 	 -2.4579 	 7.7036 	 0.0000 
46.0000 	 0.4797 	 14.3408 	 12.5255 	 0.0000 	 -6.8230 	 3.9729 	 839.3891 	 46.0000 	 0.9731 	 5.0354 	 -3.1706 	 0.0000 	 -2.3215 	 0.1929 	 0.0000 
46.0000 	 0.0667 	 8.1876 	 12.5271 	 0.0000 	 5.4457 	 3.9749 	 839.3888 	 46.0000 	 0.3595 	 5.9588 	 3.0163 	 0.0000 	 1.8356 	 4.8745 	 0.0000 
46.0000 	 0.0025 	 41.7089 	 12.5253 	 0.0000 	 -9.9380 	 3.9874 	 839.3917 	 46.0000 	 1.0170 	 5.6284 	 -0.2222 	 0.0000 	 2.1212 	 9.2823 	 0.0000 
46.0000 	 0.2619 	 9.3617 	 12.5257 	 0.0000 	 5.7801 	 3.9710 	 839.3891 	 46.0000 	 1.2012 	 1.4555 	 -7.9766 	 0.0000 	 2.2557 	 2.0677 	 0.0000 
47.0000 	 0.1028 	 6.9601 	 12.5250 	 0.0000 	 3.9915 	 3.9733 	 839.3888 	 47.0000 	 0.7586 	 3.5432 	 6.0880 	 0.0000 	 -1.8830 	 7.4878 	 0.0000 
47.0000 	 0.0064 	 6.0621 	 12.5271 	 0.0000 	 -2.3724 	 3.9746 	 839.3888 	 47.0000 	 2.6917 	 0.8950 	 2.1993 	 0.0000 	 1.9774 	 8.5684 	 0.0000 
47.0000 	 0.3453 	 0.0000 	 12.5287 	 0.0000 	 -2.4690 	 3.9722 	 839.3885 	 47.0000 	 2.1321 	 8.2154 	 -1.0562 	 0.0000 	 2.7544 	 2.1687 	 0.0005 
43.0000 	 0.0318 	 16.8747 	 12.5189 	 0.0000 	 0.8525 	 3.9761 	 839.3871 	 43.0000 	 2.0510 	 2.9791 	 -6.9919 	 0.0000 	 1.3072 	 9.0708 	 0.0021 
43.0000 	 0.0060 	 17.3452 	 12.5269 	 0.0000 	 -8.7346 	 3.9753 	 839.3888 	 43.0000 	 2.8853 	 3.2851 	 -2.7910 	 0.0000 	 -2.3739 	 8.3198 	 0.0000 
46.0000 	 0.5835 	 4.8536 	 12.5270 	 0.0000 	 6.2766 	 3.9756 	 839.3890 	 46.0000 	 1.9227 	 5.8181 	 6.4628 	 0.0000 	 2.1652 	 7.1371 	 0.0000 
45.0000 	 0.1419 	 10.0002 	 12.5271 	 0.0000 	 7.8331 	 3.9745 	 839.3888 	 45.0000 	 0.7424 	 9.7420 	 3.8276 	 0.0000 	 -0.2743 	 8.7416 	 0.0000 
47.0000 	 0.0714 	 7.9194 	 12.5262 	 0.0000 	 -5.2504 	 3.9762 	 839.3889 	 47.0000 	 0.6115 	 5.8196 	 9.7892 	 0.0000 	 -0.2933 	 8.7751 	 0.0000 
46.0000 	 0.9467 	 4.6062 	 12.5667 	 0.0000 	 -0.1847 	 3.9636 	 839.3864 	 46.0000 	 2.4696 	 1.4547 	 1.8611 	 0.0000 	 0.3328 	 6.3911 	 0.0002 
47.0000 	 0.0173 	 0.9922 	 12.5267 	 0.0000 	 2.0663 	 3.9747 	 839.3888 	 47.0000 	 1.8880 	 9.9584 	 6.7686 	 0.0000 	 1.3533 	 9.6321 	 0.0000 
47.0000 	 0.0523 	 16.5210 	 12.5273 	 0.0000 	 -2.4678 	 3.9747 	 839.3888 	 47.0000 	 0.6910 	 7.1596 	 2.7963 	 0.0000 	 -2.0123 	 4.6220 	 0.0000 
43.0000 	 0.0248 	 6.8799 	 12.5281 	 0.0000 	 3.5755 	 3.9716 	 839.3914 	 43.0000 	 1.0611 	 1.6408 	 6.8670 	 0.0000 	 1.4263 	 5.4555 	 0.0000 
47.0000 	 0.1655 	 0.9824 	 12.5136 	 0.0000 	 10.0000 	 4.0228 	 839.4307 	 47.0000 	 1.5450 	 3.1012 	 9.5886 	 0.0000 	 -0.9985 	 3.3800 	 0.0000 
44.0000 	 0.0512 	 6.3586 	 12.5098 	 0.0000 	 3.2227 	 3.9685 	 839.3922 	 44.0000 	 2.7622 	 0.5202 	 -6.3043 	 0.0000 	 -2.9048 	 8.3248 	 0.0000 
44.0000 	 0.1442 	 0.0000 	 12.4982 	 0.0000 	 -9.9999 	 3.9948 	 839.4030 	 44.0000 	 1.5142 	 8.9621 	 6.7249 	 0.0000 	 2.2242 	 1.9740 	 0.0010 
43.0000 	 0.0498 	 12.0154 	 12.6514 	 0.0000 	 -6.6072 	 4.1089 	 823.9562 	 43.0000 	 1.8256 	 6.4146 	 2.7293 	 0.0000 	 -1.3661 	 4.2751 	 0.0329 
44.0000 	 0.0031 	 6.6724 	 12.5269 	 0.0000 	 2.4412 	 3.9758 	 839.3889 	 44.0000 	 1.9332 	 3.8081 	 -1.5904 	 0.0000 	 0.4622 	 3.6953 	 0.0000 
42.0000 	 0.0231 	 24.9899 	 12.5267 	 0.0000 	 2.1662 	 3.9750 	 839.3888 	 42.0000 	 2.5424 	 5.1674 	 -5.4034 	 0.0000 	 1.2256 	 5.7696 	 0.0000 
43.0000 	 0.1232 	 0.6250 	 12.5386 	 0.0000 	 3.5473 	 3.9763 	 839.3901 	 43.0000 	 1.2166 	 1.2267 	 1.2875 	 0.0000 	 -2.9407 	 1.1734 	 0.0000 
44.0000 	 0.0169 	 39.8591 	 12.5290 	 0.0000 	 -0.2234 	 3.9745 	 839.3887 	 44.0000 	 0.2403 	 2.3463 	 -5.1667 	 0.0000 	 -1.9432 	 6.8058 	 0.0000 
43.0000 	 0.0177 	 1.4993 	 12.5265 	 0.0000 	 5.8890 	 3.9728 	 839.3888 	 43.0000 	 0.7569 	 1.9901 	 1.4942 	 0.0000 	 -2.8047 	 2.8728 	 0.0000 
43.0000 	 0.7879 	 0.5424 	 12.5338 	 0.0000 	 2.8748 	 3.9687 	 839.3887 	 43.0000 	 2.2963 	 4.3949 	 -9.9398 	 0.0000 	 -1.4085 	 7.6725 	 0.0003 
44.0000 	 0.1352 	 14.4263 	 12.5220 	 0.0000 	 2.6660 	 3.9758 	 839.3891 	 44.0000 	 0.9051 	 9.0697 	 9.5733 	 0.0000 	 2.5604 	 4.5936 	 0.0000 
40.0000 	 0.0036 	 1.4725 	 12.5298 	 0.0000 	 9.7421 	 3.9690 	 839.3895 	 40.0000 	 0.3714 	 6.5647 	 6.6624 	 0.0000 	 1.0795 	 2.6026 	 0.0018 
44.0000 	 0.0056 	 23.0966 	 12.5269 	 0.0000 	 1.0157 	 3.9743 	 839.3887 	 44.0000 	 1.4164 	 6.4243 	 -8.6708 	 0.0000 	 1.4921 	 0.8744 	 0.0000 
42.0000 	 0.3394 	 0.6181 	 12.5259 	 0.0000 	 0.9023 	 3.9768 	 839.3889 	 42.0000 	 0.8076 	 2.0349 	 -9.6718 	 0.0000 	 2.5221 	 3.8192 	 0.0000 
42.0000 	 0.0026 	 45.8265 	 12.5257 	 0.0000 	 3.2343 	 3.9740 	 839.3885 	 42.0000 	 2.1054 	 3.2900 	 0.4797 	 0.0000 	 -2.5346 	 5.9328 	 0.0000 
42.0000 	 0.0036 	 64.1652 	 12.5270 	 0.0000 	 -8.5366 	 3.9747 	 839.3888 	 42.0000 	 1.2792 	 0.8352 	 7.3157 	 0.0000 	 0.9094 	 6.6771 	 0.0000 
42.0000 	 0.0027 	 11.6357 	 12.5293 	 0.0000 	 0.4482 	 3.9746 	 839.3889 	 42.0000 	 0.5651 	 5.4820 	 3.3112 	 0.0000 	 -2.5219 	 1.0816 	 0.0000 
43.0000 	 0.0892 	 6.8279 	 12.5261 	 0.0000 	 -8.8249 	 3.9745 	 839.3888 	 43.0000 	 1.3355 	 3.8077 	 -9.9488 	 0.0000 	 2.3857 	 4.0270 	 0.0000 
42.0000 	 0.0039 	 34.4365 	 12.5274 	 0.0000 	 8.8808 	 3.9754 	 839.3889 	 42.0000 	 0.4521 	 7.1282 	 -2.2229 	 0.0000 	 2.0410 	 7.2571 	 0.0000 
44.0000 	 0.0100 	 1.0657 	 12.5269 	 0.0000 	 -2.8989 	 3.9758 	 839.3888 	 44.0000 	 2.9564 	 7.3338 	 6.2743 	 0.0000 	 1.8255 	 7.8707 	 0.0000 
42.0000 	 0.0064 	 3.4427 	 12.5277 	 0.0000 	 -4.1981 	 3.9744 	 839.3888 	 42.0000 	 0.7652 	 2.2555 	 -9.1424 	 0.0000 	 2.9807 	 8.6696 	 0.0000 
44.0000 	 0.0136 	 5.6982 	 12.5273 	 0.0000 	 -1.6523 	 3.9751 	 839.3888 	 44.0000 	 2.5669 	 1.5896 	 9.4329 	 0.0000 	 -2.3118 	 0.6715 	 0.0000 
44.0000 	 0.0151 	 0.5558 	 12.5266 	 0.0000 	 -4.1265 	 3.9750 	 839.3888 	 44.0000 	 1.6608 	 5.4045 	 -7.4247 	 0.0000 	 -0.3318 	 9.1995 	 0.0000 
42.0000 	 0.1305 	 0.0000 	 12.3633 	 0.0000 	 -0.6284 	 3.9441 	 838.9914 	 42.0000 	 1.8131 	 8.3102 	 7.0559 	 0.0000 	 -2.4468 	 4.7099 	 0.0216 
42.0000 	 0.1858 	 0.0000 	 12.6172 	 0.0000 	 -1.2393 	 4.0430 	 839.5434 	 42.0000 	 0.4447 	 1.1250 	 5.7742 	 0.0000 	 -1.8855 	 7.2250 	 0.0001 
45.0000 	 1.8917 	 28.8116 	 19.5184 	 0.0000 	 2.0246 	 0.0970 	 816.4010 	 45.0000 	 1.8020 	 7.9071 	 -6.4865 	 0.0000 	 -0.3404 	 2.7067 	 0.0285 
40.0000 	 0.2230 	 6.5265 	 12.5255 	 0.0000 	 -2.0369 	 3.9740 	 839.3887 	 40.0000 	 2.9984 	 8.7797 	 6.6562 	 0.0000 	 -0.2101 	 7.7213 	 0.0000 
44.0000 	 0.0112 	 4.4733 	 12.5269 	 0.0000 	 -7.8373 	 3.9749 	 839.3889 	 44.0000 	 0.0972 	 5.5264 	 -6.0029 	 0.0000 	 -1.2772 	 7.1862 	 0.0000 
42.0000 	 0.0027 	 25.3135 	 12.5266 	 0.0000 	 -8.5567 	 3.9752 	 839.3888 	 42.0000 	 1.7553 	 7.1415 	 -3.4293 	 0.0000 	 -2.8957 	 1.9966 	 0.0000 
39.0000 	 0.1095 	 4.0161 	 12.4780 	 0.0000 	 3.2029 	 3.9832 	 837.3160 	 39.0000 	 2.9958 	 3.1531 	 4.6013 	 0.0000 	 0.7738 	 4.4444 	 0.0202 
40.0000 	 0.0046 	 14.0392 	 12.5262 	 0.0000 	 8.9724 	 3.9747 	 839.3888 	 40.0000 	 1.4060 	 2.8643 	 3.9256 	 0.0000 	 -0.6545 	 2.4155 	 0.0000 
39.0000 	 0.0116 	 3.1336 	 12.5268 	 0.0000 	 -4.4239 	 3.9750 	 839.3888 	 39.0000 	 0.1570 	 6.3941 	 2.3280 	 0.0000 	 0.2884 	 4.2979 	 0.0000 
39.0000 	 0.1278 	 7.3448 	 12.5264 	 0.0000 	 -0.1931 	 3.9758 	 839.3888 	 39.0000 	 0.3308 	 5.4200 	 -0.1749 	 0.0000 	 -1.2146 	 8.7436 	 0.0000 
40.0000 	 0.0025 	 31.8759 	 12.5320 	 0.0000 	 6.8460 	 3.9732 	 839.3891 	 40.0000 	 1.9105 	 3.6066 	 0.6554 	 0.0000 	 -0.0854 	 7.7159 	 0.0000 
41.0000 	 0.0631 	 10.5933 	 12.5269 	 0.0000 	 -9.0461 	 3.9757 	 839.3887 	 41.0000 	 0.7063 	 6.1884 	 -8.5638 	 0.0000 	 -2.4166 	 9.5433 	 0.0000 
39.0000 	 0.0190 	 20.9549 	 12.5273 	 0.0000 	 8.0204 	 3.9759 	 839.3889 	 39.0000 	 2.0145 	 5.8998 	 -8.3361 	 0.0000 	 1.7281 	 1.1264 	 0.0000 
40.0000 	 0.3606 	 7.5122 	 12.6709 	 0.0000 	 0.4673 	 4.0198 	 839.6110 	 40.0000 	 0.6608 	 8.3307 	 -6.4059 	 0.0000 	 -0.3807 	 7.0447 	 0.0019 
40.0000 	 0.0025 	 27.5058 	 12.5183 	 0.0000 	 9.8036 	 3.9644 	 839.3864 	 40.0000 	 0.8052 	 1.9285 	 7.5068 	 0.0000 	 2.0166 	 3.5426 	 0.0000 
41.0000 	 0.0159 	 43.0045 	 12.5250 	 0.0000 	 -2.0202 	 3.9801 	 839.3894 	 41.0000 	 0.2405 	 7.9346 	 9.8097 	 0.0000 	 -1.8271 	 7.8050 	 0.0000 
37.0000 	 0.0977 	 0.4480 	 12.5275 	 0.0000 	 -4.0580 	 3.9742 	 839.3888 	 37.0000 	 2.8321 	 0.2540 	 4.3078 	 0.0000 	 -2.2540 	 3.6574 	 0.0000 
39.0000 	 0.0360 	 0.9865 	 12.5280 	 0.0000 	 -5.1358 	 3.9746 	 839.3888 	 39.0000 	 0.6349 	 8.1377 	 -4.0948 	 0.0000 	 -0.8075 	 5.0338 	 0.0000 
41.0000 	 0.0906 	 1.1022 	 12.5276 	 0.0000 	 8.3814 	 3.9741 	 839.3888 	 41.0000 	 1.1550 	 6.6905 	 8.9870 	 0.0000 	 -2.3769 	 5.9031 	 0.0000 
40.0000 	 0.1716 	 5.4164 	 12.6743 	 0.0000 	 -6.4790 	 3.9496 	 836.0482 	 40.0000 	 0.7235 	 3.1869 	 6.7568 	 0.0000 	 -0.5274 	 6.1648 	 0.0000 
41.0000 	 0.0025 	 1.4993 	 12.5273 	 0.0000 	 2.6273 	 3.9760 	 839.3889 	 41.0000 	 2.3933 	 6.1301 	 -4.8259 	 0.0000 	 2.0606 	 3.8846 	 0.0000 
40.0000 	 0.0207 	 2.0282 	 12.5262 	 0.0000 	 3.9435 	 3.9713 	 839.3890 	 40.0000 	 0.2232 	 2.8991 	 -1.6636 	 0.0000 	 1.8444 	 5.2943 	 0.0000 
41.0000 	 0.0099 	 5.4907 	 12.5284 	 0.0000 	 0.8514 	 3.9746 	 839.3888 	 41.0000 	 0.9203 	 8.4788 	 -2.5363 	 0.0000 	 1.3805 	 8.1270 	 0.0000 
39.0000 	 0.0039 	 2.0462 	 12.5262 	 0.0000 	 6.7099 	 3.9746 	 839.3889 	 39.0000 	 0.7331 	 9.1080 	 -8.2004 	 0.0000 	 -1.9382 	 7.5353 	 0.0000 
41.0000 	 0.7076 	 0.0114 	 12.5175 	 0.0000 	 1.1068 	 3.9654 	 839.3917 	 41.0000 	 0.2914 	 2.3149 	 -5.3472 	 0.0000 	 -2.5484 	 5.5929 	 0.0000 
41.0000 	 0.0107 	 6.8482 	 12.5270 	 0.0000 	 -3.1977 	 3.9745 	 839.3888 	 41.0000 	 2.6046 	 8.4518 	 8.2282 	 0.0000 	 1.1920 	 0.6312 	 0.0000 
39.0000 	 0.0656 	 0.2819 	 12.5528 	 0.0000 	 3.9151 	 3.9770 	 839.3950 	 39.0000 	 2.6053 	 1.5093 	 -9.4175 	 0.0000 	 1.2487 	 1.4107 	 0.0000 
39.0000 	 0.0052 	 0.9480 	 12.5282 	 0.0000 	 6.3309 	 3.9617 	 839.3918 	 39.0000 	 0.3701 	 1.8980 	 4.6817 	 0.0000 	 2.9463 	 0.1447 	 0.0003 
41.0000 	 0.0081 	 18.3656 	 12.5269 	 0.0000 	 -5.8862 	 3.9749 	 839.3888 	 41.0000 	 0.1663 	 0.6463 	 -6.2077 	 0.0000 	 2.3663 	 3.0863 	 0.0000 
43.0000 	 0.0836 	 7.1099 	 12.5270 	 0.0000 	 0.5752 	 3.9750 	 839.3888 	 43.0000 	 0.8339 	 4.3290 	 7.8742 	 0.0000 	 -1.5088 	 5.1611 	 0.0000 
39.0000 	 0.0037 	 7.6064 	 12.5253 	 0.0000 	 5.9090 	 3.9740 	 839.3889 	 39.0000 	 0.0264 	 2.7895 	 3.0495 	 0.0000 	 -2.7904 	 6.5139 	 0.0000 
41.0000 	 0.0632 	 1.5838 	 12.5269 	 0.0000 	 -0.1030 	 3.9634 	 839.3910 	 41.0000 	 1.6335 	 4.1627 	 -4.5124 	 0.0000 	 -0.7928 	 1.6324 	 0.0005 
39.0000 	 0.1586 	 4.2827 	 12.5296 	 0.0000 	 6.4483 	 3.9803 	 839.2978 	 39.0000 	 2.6486 	 9.5560 	 -3.3744 	 0.0000 	 -2.1307 	 8.0434 	 0.0000 
37.0000 	 0.1907 	 0.2380 	 12.5252 	 0.0000 	 -8.9527 	 3.9745 	 839.3882 	 37.0000 	 1.7663 	 1.9651 	 -2.2539 	 0.0000 	 1.7745 	 1.8387 	 0.0000 
38.0000 	 0.0038 	 2.9346 	 12.5293 	 0.0000 	 -8.6162 	 3.9746 	 839.3889 	 38.0000 	 1.1509 	 2.5997 	 -6.2432 	 0.0000 	 0.1880 	 7.0102 	 0.0000 
38.0000 	 0.0574 	 2.1063 	 12.5299 	 0.0000 	 4.0963 	 3.9703 	 839.3860 	 38.0000 	 0.3131 	 6.5692 	 5.3025 	 0.0000 	 -0.3121 	 0.2874 	 0.0005 
41.0000 	 0.0040 	 24.8873 	 12.5265 	 0.0000 	 3.2284 	 3.9748 	 839.3888 	 41.0000 	 2.8225 	 4.8923 	 -8.1612 	 0.0000 	 0.3274 	 3.1526 	 0.0000 
38.0000 	 0.0035 	 4.7322 	 12.5272 	 0.0000 	 4.6762 	 3.9747 	 839.3888 	 38.0000 	 0.7781 	 1.8829 	 0.9251 	 0.0000 	 -0.2648 	 1.6627 	 0.0000 
37.0000 	 0.0206 	 23.7216 	 12.5272 	 0.0000 	 -2.2620 	 3.9745 	 839.3888 	 37.0000 	 1.4910 	 3.4153 	 -0.2829 	 0.0000 	 -1.8509 	 1.3949 	 0.0000 
36.0000 	 0.0025 	 0.4711 	 12.5264 	 0.0000 	 5.7030 	 3.9749 	 839.3888 	 36.0000 	 1.2733 	 1.3713 	 7.3132 	 0.0000 	 2.9304 	 9.8472 	 0.0000 
36.0000 	 0.1592 	 10.9157 	 12.5384 	 0.0000 	 -0.0978 	 3.9752 	 839.3902 	 36.0000 	 0.3671 	 5.0440 	 -5.1915 	 0.0000 	 1.6574 	 1.7263 	 0.0008 
45.0000 	 1.9335 	 25.3438 	 19.5274 	 0.0000 	 1.3063 	 0.0000 	 813.8930 	 45.0000 	 0.4200 	 8.9319 	 3.3357 	 0.0000 	 -1.7411 	 4.9035 	 0.0276 
38.0000 	 0.0534 	 4.1956 	 12.5270 	 0.0000 	 -3.4236 	 3.9752 	 839.3887 	 38.0000 	 2.7560 	 0.5735 	 8.6790 	 0.0000 	 0.3413 	 4.5503 	 0.0000 
37.0000 	 0.4403 	 11.7310 	 12.5270 	 0.0000 	 -6.0922 	 3.9751 	 839.3894 	 37.0000 	 2.1624 	 4.3660 	 -8.4804 	 0.0000 	 0.6330 	 5.2043 	 0.0000 
34.0000 	 0.0273 	 21.1437 	 12.5368 	 0.0000 	 6.1671 	 3.9713 	 839.3900 	 34.0000 	 1.7994 	 8.5429 	 -8.7644 	 0.0000 	 2.6186 	 0.8243 	 0.0002 
37.0000 	 0.1681 	 7.1600 	 12.5275 	 0.0000 	 -1.4840 	 3.9719 	 839.3891 	 37.0000 	 1.6267 	 8.9997 	 3.8937 	 0.0000 	 -0.3402 	 5.1858 	 0.0000 
37.0000 	 0.0367 	 7.2604 	 12.5270 	 0.0000 	 6.6066 	 3.9748 	 839.3888 	 37.0000 	 1.6303 	 7.0349 	 0.8254 	 0.0000 	 1.5754 	 3.3413 	 0.0000 
37.0000 	 0.0030 	 9.6274 	 12.5276 	 0.0000 	 -2.1515 	 3.9745 	 839.3888 	 37.0000 	 2.2310 	 4.1853 	 -8.0742 	 0.0000 	 -0.9965 	 3.7615 	 0.0000 
36.0000 	 0.0476 	 6.7278 	 12.5280 	 0.0000 	 5.1260 	 3.9752 	 839.3888 	 36.0000 	 0.3010 	 4.6975 	 4.9637 	 0.0000 	 2.3058 	 0.0658 	 0.0000 
36.0000 	 0.6043 	 2.1167 	 12.5367 	 0.0000 	 0.9785 	 3.9732 	 839.3897 	 36.0000 	 0.0350 	 6.0883 	 -3.2479 	 0.0000 	 -2.7383 	 2.0513 	 0.0000 
36.0000 	 0.3752 	 2.1658 	 12.5299 	 0.0000 	 -9.2499 	 3.9780 	 839.3883 	 36.0000 	 1.3290 	 2.1073 	 2.3829 	 0.0000 	 -0.5801 	 4.2259 	 0.0000 
36.0000 	 0.0402 	 17.7987 	 12.5143 	 0.0000 	 -9.0391 	 3.9805 	 839.3908 	 36.0000 	 0.9348 	 5.9639 	 2.7814 	 0.0000 	 2.9043 	 0.8366 	 0.0000 
33.0000 	 0.0070 	 1.1942 	 12.5270 	 0.0000 	 -0.7261 	 3.9750 	 839.3888 	 33.0000 	 0.7215 	 8.2255 	 -3.1600 	 0.0000 	 -0.8760 	 0.9389 	 0.0000 
38.0000 	 0.0289 	 5.1212 	 12.5260 	 0.0000 	 0.1891 	 3.9748 	 839.3888 	 38.0000 	 0.3090 	 6.8943 	 -8.8107 	 0.0000 	 1.4457 	 9.1702 	 0.0000 
38.0000 	 0.0027 	 2.8145 	 12.5261 	 0.0000 	 -8.5255 	 3.9747 	 839.3888 	 38.0000 	 0.7314 	 1.9314 	 -0.7897 	 0.0000 	 0.4736 	 7.6266 	 0.0000 
36.0000 	 0.1221 	 38.1117 	 12.5275 	 0.0000 	 -10.0000 	 3.9754 	 839.3888 	 36.0000 	 2.5885 	 0.7729 	 2.2319 	 0.0000 	 -0.6022 	 0.9485 	 0.0000 
38.0000 	 0.0226 	 0.1475 	 12.5212 	 0.0000 	 -4.4534 	 3.9763 	 839.3892 	 38.0000 	 1.1671 	 7.9553 	 7.9368 	 0.0000 	 0.4816 	 2.1971 	 0.0000 
37.0000 	 0.0587 	 8.9681 	 12.5267 	 0.0000 	 1.4657 	 3.9750 	 839.3888 	 37.0000 	 0.3274 	 8.6642 	 -4.2381 	 0.0000 	 -1.8346 	 8.8560 	 0.0000 
36.0000 	 0.0057 	 6.7453 	 12.5262 	 0.0000 	 -1.6180 	 3.9752 	 839.3888 	 36.0000 	 1.6329 	 2.2815 	 6.9509 	 0.0000 	 -2.8737 	 9.3255 	 0.0000 
38.0000 	 0.1147 	 7.3242 	 12.5684 	 0.0000 	 -0.2637 	 3.8672 	 839.6190 	 38.0000 	 1.0422 	 4.1486 	 5.8916 	 0.0000 	 -2.1706 	 8.1269 	 0.0000 
38.0000 	 0.0686 	 12.7631 	 12.5098 	 0.0000 	 7.2106 	 3.9742 	 839.3915 	 38.0000 	 2.5746 	 9.5142 	 6.2487 	 0.0000 	 -2.1480 	 8.1851 	 0.0000 
40.0000 	 0.0193 	 0.7715 	 12.6758 	 0.0000 	 -4.9102 	 4.2139 	 821.1945 	 40.0000 	 0.0657 	 9.5846 	 2.0753 	 0.0000 	 2.8772 	 7.3028 	 0.1466 
38.0000 	 0.1096 	 2.4017 	 12.5140 	 0.0000 	 8.1196 	 3.9631 	 839.3928 	 38.0000 	 0.5590 	 5.5823 	 -6.0939 	 0.0000 	 2.9991 	 6.3414 	 0.0000 
34.0000 	 0.0074 	 24.7519 	 12.5263 	 0.0000 	 8.3516 	 3.9729 	 839.3889 	 34.0000 	 0.7942 	 7.1891 	 -9.1869 	 0.0000 	 0.6274 	 7.6438 	 0.0000 
36.0000 	 0.0035 	 0.2777 	 12.5273 	 0.0000 	 -5.3143 	 3.9754 	 839.3888 	 36.0000 	 1.5150 	 9.1523 	 6.7453 	 0.0000 	 2.7544 	 6.2853 	 0.0000 
36.0000 	 0.0173 	 5.6054 	 12.5260 	 0.0000 	 9.5791 	 3.9749 	 839.3888 	 36.0000 	 2.8180 	 6.1756 	 8.5876 	 0.0000 	 2.9522 	 6.7344 	 0.0000 
33.0000 	 0.0030 	 44.8972 	 12.5272 	 0.0000 	 -0.6134 	 3.9749 	 839.3888 	 33.0000 	 1.4223 	 1.4739 	 -4.4326 	 0.0000 	 0.3290 	 0.8126 	 0.0000 
35.0000 	 0.0025 	 28.3871 	 12.5252 	 0.0000 	 -10.0000 	 3.9639 	 838.1652 	 35.0000 	 1.5607 	 2.5317 	 2.4674 	 0.0000 	 -2.2953 	 9.3175 	 0.0000 
33.0000 	 0.1623 	 5.2094 	 12.5247 	 0.0000 	 4.2079 	 3.9747 	 839.3888 	 33.0000 	 1.0786 	 2.7987 	 -2.7489 	 0.0000 	 1.7419 	 5.6281 	 0.0000 
34.0000 	 0.1399 	 16.2561 	 12.5277 	 0.0000 	 -5.9160 	 3.9742 	 839.3887 	 34.0000 	 1.0646 	 1.3808 	 -1.1598 	 0.0000 	 -2.7949 	 7.6988 	 0.0000 
35.0000 	 0.0065 	 19.6643 	 12.5266 	 0.0000 	 -10.0000 	 3.9714 	 839.3891 	 35.0000 	 1.1616 	 1.5408 	 -1.2842 	 0.0000 	 -2.0421 	 2.8996 	 0.0000 
34.0000 	 0.0268 	 0.7902 	 12.5308 	 0.0000 	 2.6254 	 3.9730 	 839.3890 	 34.0000 	 2.7594 	 8.5158 	 3.5251 	 0.0000 	 -1.3863 	 3.5428 	 0.0000 
35.0000 	 0.0485 	 6.1349 	 12.5262 	 0.0000 	 2.9511 	 3.9767 	 839.3871 	 35.0000 	 2.6845 	 2.9369 	 -5.3538 	 0.0000 	 -0.6228 	 1.2075 	 0.0000 
33.0000 	 0.5585 	 15.8319 	 12.5891 	 0.0000 	 -0.1553 	 4.0042 	 839.4496 	 33.0000 	 2.4705 	 4.2224 	 -5.8337 	 0.0000 	 2.4584 	 0.4316 	 0.0003 
43.0000 	 0.0041 	 3.4708 	 12.5264 	 0.0000 	 -1.7240 	 3.9746 	 839.3888 	 43.0000 	 1.4906 	 5.5803 	 4.7633 	 0.0000 	 -1.5622 	 5.9850 	 0.0000 
33.0000 	 0.0027 	 20.6776 	 12.5269 	 0.0000 	 -5.0117 	 3.9754 	 839.3888 	 33.0000 	 2.8713 	 0.4342 	 5.9195 	 0.0000 	 0.4081 	 0.2534 	 0.0000 
35.0000 	 0.0090 	 11.0010 	 12.5269 	 0.0000 	 0.2300 	 3.9746 	 839.3888 	 35.0000 	 1.1342 	 3.8719 	 -2.7841 	 0.0000 	 -1.1964 	 8.1819 	 0.0000 
34.0000 	 0.2137 	 2.9872 	 12.5258 	 0.0000 	 1.8085 	 3.9745 	 839.3888 	 34.0000 	 2.9773 	 2.2870 	 -3.5717 	 0.0000 	 1.9609 	 3.4406 	 0.0000 
33.0000 	 0.0035 	 1.0645 	 12.5293 	 0.0000 	 9.3428 	 3.9746 	 839.3889 	 33.0000 	 2.5363 	 7.5553 	 -7.2650 	 0.0000 	 -0.7333 	 2.4573 	 0.0000 
31.0000 	 0.3617 	 34.6613 	 12.5282 	 0.0000 	 -0.8128 	 3.9738 	 839.3889 	 31.0000 	 2.1294 	 3.0996 	 3.6933 	 0.0000 	 -0.2319 	 4.2196 	 0.0004 
34.0000 	 0.0046 	 0.3796 	 12.5269 	 0.0000 	 3.2043 	 3.9746 	 839.3888 	 34.0000 	 1.2774 	 1.7477 	 1.0486 	 0.0000 	 2.3173 	 0.9675 	 0.0000 
34.0000 	 0.2614 	 0.0000 	 12.5757 	 0.0000 	 -4.7955 	 3.9487 	 839.2035 	 34.0000 	 0.8777 	 8.1731 	 4.1096 	 0.0000 	 -1.6210 	 8.1856 	 0.0279 
33.0000 	 0.0028 	 49.3387 	 12.5349 	 0.0000 	 9.1336 	 3.9745 	 839.3894 	 33.0000 	 0.2661 	 8.1492 	 2.2363 	 0.0000 	 2.1330 	 8.4900 	 0.0000 
33.0000 	 0.1229 	 4.8704 	 12.5186 	 0.0000 	 6.1204 	 4.0016 	 839.3877 	 33.0000 	 0.8972 	 1.1743 	 8.2749 	 0.0000 	 2.9741 	 3.5221 	 0.0185 
34.0000 	 0.0036 	 0.0000 	 12.5257 	 0.0000 	 6.6108 	 3.9754 	 839.3889 	 34.0000 	 0.3402 	 3.7801 	 -5.2567 	 0.0000 	 -1.6588 	 5.5162 	 0.0000 
33.0000 	 0.0261 	 1.7743 	 12.5073 	 0.0000 	 2.9330 	 3.9758 	 839.3915 	 33.0000 	 0.4006 	 8.5002 	 8.5167 	 0.0000 	 0.9208 	 0.3009 	 0.0015 
32.0000 	 0.6590 	 3.9355 	 12.5397 	 0.0000 	 2.4143 	 3.9960 	 839.4022 	 32.0000 	 1.2622 	 0.3788 	 4.6638 	 0.0000 	 2.4110 	 7.6032 	 0.0000 
35.0000 	 0.1056 	 8.5950 	 12.5266 	 0.0000 	 -9.1953 	 3.9744 	 839.3888 	 35.0000 	 1.9100 	 8.4333 	 -8.4268 	 0.0000 	 -2.2112 	 8.4141 	 0.0000 
35.0000 	 0.0147 	 10.8633 	 12.5261 	 0.0000 	 8.3450 	 3.9777 	 839.3890 	 35.0000 	 2.4851 	 9.7209 	 4.3429 	 0.0000 	 -0.9821 	 8.6567 	 0.0000 
35.0000 	 0.4296 	 6.7119 	 12.5246 	 0.0000 	 -0.9344 	 3.9784 	 839.3892 	 35.0000 	 1.1669 	 4.5627 	 -5.8784 	 0.0000 	 -2.5789 	 8.9900 	 0.0000 
35.0000 	 0.0150 	 4.6808 	 12.5269 	 0.0000 	 -4.3174 	 3.9752 	 839.3888 	 35.0000 	 2.4895 	 7.5829 	 6.6797 	 0.0000 	 -2.4509 	 5.6138 	 0.0000 
32.0000 	 0.0110 	 1.2640 	 12.5221 	 0.0000 	 0.9514 	 3.9611 	 839.3924 	 32.0000 	 1.9789 	 2.0597 	 -8.0427 	 0.0000 	 1.6477 	 9.9344 	 0.0000 
35.0000 	 0.0484 	 5.0100 	 12.5278 	 0.0000 	 -1.7829 	 3.9708 	 839.3891 	 35.0000 	 2.8600 	 9.7575 	 -3.3531 	 0.0000 	 -1.7254 	 5.9756 	 0.0000 
33.0000 	 0.0141 	 92.0984 	 12.5273 	 0.0000 	 -5.8961 	 3.9751 	 839.3888 	 33.0000 	 2.5664 	 0.8725 	 -7.3867 	 0.0000 	 -1.5874 	 1.4481 	 0.0000 
37.0000 	 0.1649 	 10.7789 	 12.5264 	 0.0000 	 0.0877 	 3.9743 	 839.3549 	 37.0000 	 1.7219 	 9.4246 	 -3.9277 	 0.0000 	 2.9943 	 7.3586 	 0.0000 
35.0000 	 0.0033 	 0.3186 	 12.5263 	 0.0000 	 4.1617 	 3.9744 	 839.3888 	 35.0000 	 1.9428 	 0.4879 	 -9.6711 	 0.0000 	 -1.6392 	 4.8971 	 0.0000 
32.0000 	 0.0039 	 5.0232 	 12.5226 	 0.0000 	 0.2082 	 3.9716 	 839.3892 	 32.0000 	 0.2295 	 1.2198 	 3.3993 	 0.0000 	 0.3504 	 2.2211 	 0.0000 
30.0000 	 0.1072 	 9.0088 	 12.5293 	 0.0000 	 -2.6748 	 3.9746 	 839.3889 	 30.0000 	 2.4401 	 3.6933 	 -2.3991 	 0.0000 	 2.7889 	 0.5531 	 0.0000 
30.0000 	 0.0777 	 39.2896 	 12.5043 	 0.0000 	 -9.5671 	 3.9847 	 839.2873 	 30.0000 	 2.0729 	 6.5542 	 4.5507 	 0.0000 	 0.7755 	 1.0382 	 0.0024 
31.0000 	 0.0079 	 23.2642 	 12.5274 	 0.0000 	 -4.7337 	 3.9748 	 839.3889 	 31.0000 	 1.3424 	 0.1857 	 -4.2386 	 0.0000 	 2.5959 	 7.4558 	 0.0000 
31.0000 	 0.1741 	 0.5580 	 12.5295 	 0.0000 	 2.7966 	 3.9758 	 839.3888 	 31.0000 	 1.6962 	 2.7724 	 -6.4242 	 0.0000 	 0.1765 	 4.2274 	 0.0000 
32.0000 	 0.0888 	 8.6245 	 12.5238 	 0.0000 	 -6.8394 	 3.9754 	 839.3888 	 32.0000 	 1.0474 	 6.3395 	 -6.2930 	 0.0000 	 -0.5965 	 1.9995 	 0.0000 
32.0000 	 0.0108 	 3.6533 	 12.5273 	 0.0000 	 -3.4621 	 3.9750 	 839.3888 	 32.0000 	 1.1469 	 5.1560 	 4.3221 	 0.0000 	 -1.5378 	 6.0261 	 0.0000 
32.0000 	 0.0101 	 0.7910 	 12.5244 	 0.0000 	 -8.5056 	 3.9795 	 839.3872 	 32.0000 	 1.2811 	 2.5271 	 6.4083 	 0.0000 	 2.0354 	 6.2991 	 0.0000 
30.0000 	 0.1351 	 7.4127 	 12.5281 	 0.0000 	 -0.9571 	 3.9789 	 839.3876 	 30.0000 	 0.9869 	 5.8580 	 -8.7468 	 0.0000 	 -0.6230 	 2.2620 	 0.0000 
31.0000 	 0.1287 	 12.0297 	 12.5305 	 0.0000 	 -1.3708 	 3.9775 	 839.3891 	 31.0000 	 0.9275 	 5.5922 	 -3.2519 	 0.0000 	 -1.0870 	 5.6460 	 0.0000 
31.0000 	 0.0257 	 3.3870 	 12.5265 	 0.0000 	 4.5553 	 3.9746 	 839.3888 	 31.0000 	 2.7295 	 4.4812 	 -4.9209 	 0.0000 	 1.4899 	 6.7825 	 0.0000 
28.0000 	 0.2781 	 4.4922 	 12.5781 	 0.0000 	 -6.2109 	 3.9795 	 838.4726 	 28.0000 	 2.3955 	 1.6212 	 -4.7262 	 0.0000 	 1.5059 	 6.1707 	 0.0576 
32.0000 	 0.0119 	 0.0000 	 12.4384 	 0.0000 	 -1.6040 	 3.9623 	 836.5634 	 32.0000 	 2.8986 	 0.5537 	 6.7301 	 0.0000 	 0.3774 	 0.5400 	 0.0078 
30.0000 	 0.0121 	 13.7616 	 12.5389 	 0.0000 	 -6.2215 	 3.9718 	 839.3902 	 30.0000 	 1.6116 	 2.2378 	 5.9410 	 0.0000 	 -1.3193 	 5.9377 	 0.0000 
32.0000 	 0.0033 	 12.8541 	 12.5299 	 0.0000 	 -0.3186 	 3.9742 	 839.3887 	 32.0000 	 0.2570 	 3.9391 	 -3.0028 	 0.0000 	 2.6495 	 6.5414 	 0.0000 
31.0000 	 0.0691 	 9.7667 	 12.5272 	 0.0000 	 3.5831 	 3.9750 	 839.3888 	 31.0000 	 1.5858 	 8.2950 	 7.2222 	 0.0000 	 2.4214 	 8.6267 	 0.0000 
30.0000 	 0.0037 	 0.0000 	 12.5269 	 0.0000 	 5.4412 	 3.9758 	 839.3888 	 30.0000 	 2.9417 	 1.1880 	 -4.2471 	 0.0000 	 -1.9876 	 2.2352 	 0.0000 
40.0000 	 0.3208 	 5.0061 	 12.6587 	 0.0000 	 -3.4395 	 4.0283 	 823.7502 	 40.0000 	 1.8894 	 1.4946 	 8.7871 	 0.0000 	 -2.7743 	 9.7811 	 0.0547 
30.0000 	 0.0054 	 3.2388 	 12.5266 	 0.0000 	 3.5315 	 3.9748 	 839.3888 	 30.0000 	 0.1070 	 1.2176 	 1.9503 	 0.0000 	 -1.3439 	 6.8256 	 0.0000 
31.0000 	 0.0028 	 35.7840 	 12.5264 	 0.0000 	 8.9632 	 3.9751 	 839.3888 	 31.0000 	 1.8113 	 6.9758 	 -4.1569 	 0.0000 	 -1.9720 	 0.0733 	 0.0000 
31.0000 	 0.0932 	 0.0977 	 12.5586 	 0.0000 	 -6.6475 	 4.0234 	 837.5502 	 31.0000 	 0.6645 	 2.8546 	 1.7639 	 0.0000 	 0.8436 	 4.7731 	 0.0808 
27.0000 	 0.0030 	 0.5832 	 12.5281 	 0.0000 	 9.8395 	 3.9734 	 839.3888 	 27.0000 	 1.4762 	 0.6951 	 0.5520 	 0.0000 	 2.7578 	 2.1390 	 0.0000 
34.0000 	 0.0065 	 10.0717 	 12.5281 	 0.0000 	 1.4689 	 3.9737 	 839.3889 	 34.0000 	 0.2723 	 6.1692 	 -9.0986 	 0.0000 	 2.2055 	 5.6641 	 0.0000 
27.0000 	 0.0499 	 2.6778 	 12.5208 	 0.0000 	 -3.8091 	 3.9676 	 839.3901 	 27.0000 	 2.9308 	 9.7578 	 -7.2495 	 0.0000 	 -0.6148 	 6.5583 	 0.0000 
28.0000 	 0.0059 	 43.2312 	 12.4884 	 0.0000 	 3.3651 	 3.9792 	 839.4027 	 28.0000 	 1.8971 	 4.7003 	 1.2777 	 0.0000 	 2.0283 	 4.2370 	 0.0000 
30.0000 	 0.2671 	 2.5000 	 12.4585 	 0.0000 	 1.3103 	 3.9709 	 839.4310 	 30.0000 	 1.8564 	 2.7553 	 -7.0611 	 0.0000 	 -1.4866 	 8.0124 	 0.0514 
29.0000 	 1.1887 	 1.8066 	 13.4766 	 0.0000 	 -0.5771 	 3.3740 	 840.7525 	 29.0000 	 1.9934 	 3.2629 	 -4.2920 	 0.0000 	 -1.6724 	 7.2392 	 0.0768 
31.0000 	 0.0069 	 7.8015 	 12.5269 	 0.0000 	 -1.4180 	 3.9746 	 839.3888 	 31.0000 	 1.2145 	 3.3671 	 7.5102 	 0.0000 	 2.6255 	 6.5745 	 0.0000 
29.0000 	 0.1365 	 3.7915 	 12.5269 	 0.0000 	 -0.4032 	 3.9758 	 839.3887 	 29.0000 	 1.0329 	 8.3519 	 -9.0306 	 0.0000 	 2.9601 	 5.9310 	 0.0000 
29.0000 	 0.0393 	 11.1927 	 12.5217 	 0.0000 	 -1.0917 	 3.9736 	 839.3891 	 29.0000 	 2.9420 	 2.8642 	 -3.4329 	 0.0000 	 2.3619 	 2.3512 	 0.0000 
28.0000 	 0.2519 	 12.2900 	 12.5244 	 0.0000 	 4.8611 	 3.9746 	 839.3345 	 28.0000 	 1.5932 	 8.4297 	 -0.7413 	 0.0000 	 -1.4019 	 2.5105 	 0.0000 
27.0000 	 0.0748 	 4.4372 	 12.5078 	 0.0000 	 0.5167 	 3.9987 	 839.4021 	 27.0000 	 1.7509 	 7.8706 	 8.6840 	 0.0000 	 1.5028 	 0.1865 	 0.0000 
27.0000 	 0.1080 	 1.8781 	 12.5261 	 0.0000 	 1.4157 	 3.9748 	 839.3888 	 27.0000 	 2.7129 	 9.0337 	 4.5668 	 0.0000 	 0.0791 	 4.0682 	 0.0000 
29.0000 	 0.0163 	 1.8079 	 12.5270 	 0.0000 	 4.7114 	 3.9742 	 839.3888 	 29.0000 	 2.0155 	 6.5300 	 -1.0196 	 0.0000 	 -2.9483 	 0.5099 	 0.0000 
27.0000 	 0.0984 	 9.3917 	 12.5275 	 0.0000 	 0.3647 	 3.9740 	 839.3888 	 27.0000 	 1.1010 	 7.1651 	 -3.5502 	 0.0000 	 -2.3781 	 4.9230 	 0.0000 
27.0000 	 0.4735 	 2.4856 	 12.5234 	 0.0000 	 5.0338 	 3.9771 	 839.3895 	 27.0000 	 2.7014 	 4.0103 	 5.7879 	 0.0000 	 2.4444 	 4.1380 	 0.0000 
28.0000 	 0.0025 	 0.0518 	 12.5269 	 0.0000 	 -3.7458 	 3.9745 	 839.3888 	 28.0000 	 1.1501 	 2.1021 	 4.4945 	 0.0000 	 -0.0514 	 5.9445 	 0.0000 
28.0000 	 0.0031 	 3.7973 	 12.5269 	 0.0000 	 1.0327 	 3.9761 	 839.3889 	 28.0000 	 1.5465 	 8.1248 	 -5.3903 	 0.0000 	 -0.1610 	 2.8913 	 0.0000 
29.0000 	 0.0032 	 10.9785 	 12.5267 	 0.0000 	 2.2706 	 3.9744 	 839.3888 	 29.0000 	 1.8666 	 4.5086 	 3.0855 	 0.0000 	 0.4817 	 6.6480 	 0.0000 
29.0000 	 0.0057 	 7.3591 	 12.5189 	 0.0000 	 7.9352 	 3.9751 	 839.3893 	 29.0000 	 0.7305 	 5.0851 	 9.4142 	 0.0000 	 -1.1948 	 6.0184 	 0.0000 
28.0000 	 0.0151 	 0.7010 	 12.5421 	 0.0000 	 7.6249 	 3.9328 	 839.4225 	 28.0000 	 1.3160 	 3.1121 	 4.9402 	 0.0000 	 2.1363 	 1.5379 	 0.0000 
27.0000 	 0.3551 	 2.6768 	 12.5235 	 0.0000 	 -10.0000 	 3.9842 	 839.3919 	 27.0000 	 0.1430 	 4.7398 	 3.7092 	 0.0000 	 1.4874 	 8.9020 	 0.0000 
28.0000 	 0.0312 	 1.4282 	 12.5348 	 0.0000 	 -8.8330 	 4.0393 	 836.4256 	 28.0000 	 1.4355 	 6.1382 	 -8.5823 	 0.0000 	 1.5308 	 5.4266 	 0.0000 
25.0000 	 0.0402 	 3.4311 	 12.5269 	 0.0000 	 -4.1243 	 3.9670 	 839.3891 	 25.0000 	 2.4468 	 8.7240 	 -2.7856 	 0.0000 	 0.3168 	 1.5616 	 0.0017 
37.0000 	 0.0031 	 4.6164 	 12.5452 	 0.0000 	 -0.7137 	 3.9987 	 839.4021 	 37.0000 	 1.5081 	 0.2149 	 -9.4828 	 0.0000 	 -1.3193 	 5.3290 	 0.0000 
24.0000 	 0.0540 	 3.7448 	 12.5265 	 0.0000 	 -2.7135 	 3.9748 	 839.3888 	 24.0000 	 1.6544 	 9.6999 	 -6.5953 	 0.0000 	 0.6952 	 7.7580 	 0.0000 
32.0000 	 0.0037 	 39.3311 	 12.5269 	 0.0000 	 -8.2756 	 3.9746 	 839.3888 	 32.0000 	 0.0886 	 4.9852 	 0.0301 	 0.0000 	 -1.9515 	 8.7634 	 0.0000 
29.0000 	 0.0406 	 3.7858 	 12.5272 	 0.0000 	 3.4322 	 3.9743 	 839.3888 	 29.0000 	 0.5704 	 5.4103 	 2.3077 	 0.0000 	 1.1915 	 0.1637 	 0.0000 
26.0000 	 0.1922 	 23.7333 	 12.5235 	 0.0000 	 0.9397 	 3.9829 	 839.3902 	 26.0000 	 2.5856 	 2.0939 	 -4.8346 	 0.0000 	 1.0798 	 6.9379 	 0.0000 
28.0000 	 0.1550 	 3.1288 	 12.5264 	 0.0000 	 -5.8471 	 3.9730 	 839.3889 	 28.0000 	 2.7357 	 8.2776 	 2.4630 	 0.0000 	 -1.2363 	 4.7201 	 0.0000 
26.0000 	 0.0943 	 4.1180 	 12.5291 	 0.0000 	 -3.8767 	 3.9782 	 839.3891 	 26.0000 	 1.5120 	 4.8270 	 3.9961 	 0.0000 	 -1.1218 	 1.8856 	 0.0000 
29.0000 	 0.3308 	 2.2208 	 12.5317 	 0.0000 	 0.3010 	 4.0344 	 839.4512 	 29.0000 	 1.2132 	 5.2996 	 6.2353 	 0.0000 	 1.6435 	 5.1625 	 0.0000 
25.0000 	 0.0454 	 27.8473 	 12.5295 	 0.0000 	 0.5893 	 3.9743 	 839.3889 	 25.0000 	 2.6790 	 1.3134 	 -8.9774 	 0.0000 	 -1.2096 	 9.7086 	 0.0000 
23.0000 	 0.1116 	 10.1153 	 12.5276 	 0.0000 	 -2.0273 	 3.9755 	 839.3888 	 23.0000 	 2.8824 	 5.6621 	 -6.9220 	 0.0000 	 -0.2147 	 7.1522 	 0.0000 
28.0000 	 0.0026 	 3.5206 	 12.5267 	 0.0000 	 -1.5963 	 3.9751 	 839.3889 	 28.0000 	 0.6607 	 2.9218 	 1.3469 	 0.0000 	 -0.6166 	 7.1569 	 0.0000 
29.0000 	 0.0077 	 6.9603 	 12.5280 	 0.0000 	 6.9872 	 3.9766 	 839.3889 	 29.0000 	 1.0967 	 5.5226 	 -4.5469 	 0.0000 	 1.6776 	 1.2639 	 0.0000 
26.0000 	 0.0575 	 21.1255 	 12.5270 	 0.0000 	 -1.3284 	 3.9746 	 839.3889 	 26.0000 	 2.5352 	 9.1451 	 6.8891 	 0.0000 	 -2.4044 	 8.2056 	 0.0000 
24.0000 	 0.0178 	 1.9383 	 12.5269 	 0.0000 	 3.7548 	 3.9751 	 839.3888 	 24.0000 	 1.9180 	 9.0475 	 -7.4528 	 0.0000 	 -0.7068 	 4.3239 	 0.0000 
26.0000 	 0.0025 	 11.1725 	 12.5134 	 0.0000 	 -5.1121 	 3.9548 	 839.3978 	 26.0000 	 2.3394 	 9.2070 	 6.6011 	 0.0000 	 -2.4501 	 9.3382 	 0.0000 
25.0000 	 0.0155 	 16.3201 	 12.5366 	 0.0000 	 3.9319 	 3.9749 	 839.3630 	 25.0000 	 0.4473 	 6.9130 	 3.3223 	 0.0000 	 -2.8287 	 7.9276 	 0.0000 
25.0000 	 0.0839 	 3.7984 	 12.5261 	 0.0000 	 0.8688 	 3.9755 	 839.3887 	 25.0000 	 0.4484 	 0.4005 	 3.1185 	 0.0000 	 0.5283 	 6.3870 	 0.0000 
26.0000 	 0.0842 	 1.4027 	 12.5248 	 0.0000 	 5.0265 	 3.9757 	 839.3888 	 26.0000 	 2.3809 	 9.6149 	 -9.9040 	 0.0000 	 -2.6969 	 3.5170 	 0.0000 
25.0000 	 0.0261 	 2.1100 	 12.5286 	 0.0000 	 1.6968 	 3.9751 	 839.3889 	 25.0000 	 0.5090 	 6.1081 	 4.6951 	 0.0000 	 -1.2841 	 8.3330 	 0.0000 
26.0000 	 0.1323 	 1.5527 	 12.5281 	 0.0000 	 -10.0000 	 3.9747 	 839.3889 	 26.0000 	 0.5552 	 6.7344 	 9.1456 	 0.0000 	 0.3295 	 5.3490 	 0.0000 
25.0000 	 0.0039 	 4.3248 	 12.5260 	 0.0000 	 -3.6667 	 3.9752 	 839.3887 	 25.0000 	 2.5476 	 5.7483 	 1.4361 	 0.0000 	 0.1345 	 7.2628 	 0.0000 
24.0000 	 0.0343 	 4.5524 	 12.5214 	 0.0000 	 2.7372 	 3.9729 	 839.3870 	 24.0000 	 1.6603 	 3.7577 	 -4.0706 	 0.0000 	 2.0561 	 8.2539 	 0.0003 
25.0000 	 0.1444 	 8.3650 	 12.5275 	 0.0000 	 9.8882 	 3.9751 	 839.3888 	 25.0000 	 0.8780 	 6.1444 	 -6.4132 	 0.0000 	 1.5139 	 7.2116 	 0.0000 
24.0000 	 0.4106 	 5.3815 	 12.5287 	 0.0000 	 7.6227 	 3.9621 	 839.3904 	 24.0000 	 0.3283 	 2.7755 	 -6.4718 	 0.0000 	 2.4542 	 5.3698 	 0.0008 
24.0000 	 0.1103 	 1.7859 	 12.5327 	 0.0000 	 9.2893 	 3.9699 	 839.3895 	 24.0000 	 0.7425 	 8.2321 	 -0.1947 	 0.0000 	 2.1060 	 9.6615 	 0.0000 
24.0000 	 0.2073 	 18.8477 	 12.4902 	 0.0000 	 -6.6182 	 3.9355 	 838.8556 	 24.0000 	 2.5785 	 4.2557 	 -6.1528 	 0.0000 	 -2.5843 	 6.5224 	 0.0261 
22.0000 	 0.2510 	 17.3226 	 12.5257 	 0.0000 	 5.0264 	 3.9724 	 839.3890 	 22.0000 	 2.5290 	 8.5789 	 -5.0775 	 0.0000 	 0.5091 	 8.9169 	 0.0000 
24.0000 	 0.3052 	 17.3425 	 12.4878 	 0.0000 	 1.4795 	 3.9758 	 839.3330 	 24.0000 	 1.0033 	 9.0302 	 1.7956 	 0.0000 	 -2.1916 	 1.0815 	 0.0134 
26.0000 	 0.1351 	 1.7097 	 12.4252 	 0.0000 	 0.5540 	 4.1008 	 839.5905 	 26.0000 	 2.0469 	 4.2030 	 -5.8647 	 0.0000 	 -0.2625 	 8.4113 	 0.2207 
19.0000 	 0.0031 	 2.1927 	 12.5250 	 0.0000 	 -3.3683 	 3.9735 	 839.3890 	 19.0000 	 0.7485 	 1.0260 	 -6.1200 	 0.0000 	 -2.2975 	 9.0470 	 0.0000 
24.0000 	 0.0358 	 25.9641 	 12.5122 	 0.0000 	 -6.2895 	 3.9776 	 839.3910 	 24.0000 	 1.6661 	 1.5861 	 -5.2095 	 0.0000 	 -2.8741 	 0.3013 	 0.0000 
21.0000 	 0.0038 	 4.6721 	 12.5266 	 0.0000 	 7.8449 	 3.9748 	 839.3888 	 21.0000 	 1.4720 	 9.6744 	 0.2567 	 0.0000 	 -2.6467 	 6.6934 	 0.0000 
21.0000 	 0.0025 	 6.3786 	 12.5330 	 0.0000 	 2.3646 	 3.9801 	 839.3893 	 21.0000 	 2.4358 	 4.6015 	 -4.8221 	 0.0000 	 2.5171 	 3.3736 	 0.0006 
25.0000 	 0.2840 	 0.0821 	 12.5279 	 0.0000 	 2.3541 	 3.9713 	 839.3890 	 25.0000 	 2.4986 	 0.7294 	 -2.9920 	 0.0000 	 -0.6726 	 5.8300 	 0.0000 
24.0000 	 0.0082 	 10.9338 	 12.5269 	 0.0000 	 -6.4277 	 3.9758 	 839.3887 	 24.0000 	 0.4178 	 0.3219 	 -8.4341 	 0.0000 	 -0.7294 	 7.3522 	 0.0000 
26.0000 	 0.6348 	 11.0001 	 12.4788 	 0.0000 	 1.9354 	 3.9919 	 839.5219 	 26.0000 	 0.4294 	 1.4883 	 2.4111 	 0.0000 	 -0.1411 	 1.3849 	 0.0003 
34.0000 	 0.1081 	 0.1701 	 12.5313 	 0.0000 	 -7.0932 	 3.9735 	 839.3890 	 34.0000 	 0.1768 	 5.4809 	 8.9882 	 0.0000 	 2.0487 	 0.7972 	 0.0000 
21.0000 	 0.0416 	 10.3052 	 12.5195 	 0.0000 	 -4.9380 	 3.9783 	 839.3895 	 21.0000 	 2.6335 	 5.5272 	 4.7105 	 0.0000 	 -0.1033 	 6.7046 	 0.0000 
21.0000 	 0.0155 	 12.7847 	 12.5273 	 0.0000 	 6.0577 	 3.9748 	 839.3888 	 21.0000 	 0.2811 	 2.6878 	 8.3326 	 0.0000 	 1.2834 	 4.4391 	 0.0000 
25.0000 	 0.1199 	 0.7343 	 12.5295 	 0.0000 	 3.5872 	 3.9730 	 839.3869 	 25.0000 	 0.8483 	 8.9140 	 -8.6050 	 0.0000 	 -0.9600 	 4.4246 	 0.0000 
22.0000 	 0.9900 	 3.2971 	 13.2837 	 0.0000 	 0.0322 	 4.0613 	 840.3900 	 22.0000 	 1.7880 	 8.6527 	 8.2438 	 0.0000 	 -2.4676 	 7.5254 	 0.0571 
23.0000 	 0.0216 	 10.8316 	 12.5266 	 0.0000 	 3.6156 	 3.9747 	 839.3888 	 23.0000 	 2.3485 	 6.8854 	 9.7017 	 0.0000 	 -0.5888 	 6.2089 	 0.0000 
22.0000 	 0.0057 	 7.3323 	 12.5281 	 0.0000 	 5.2373 	 3.9802 	 839.3894 	 22.0000 	 0.8487 	 4.7360 	 -4.5326 	 0.0000 	 -1.6644 	 4.9950 	 0.0000 
25.0000 	 0.0046 	 4.9162 	 12.5267 	 0.0000 	 -4.0869 	 3.9747 	 839.3888 	 25.0000 	 0.2519 	 4.4152 	 -0.5902 	 0.0000 	 0.5513 	 6.2710 	 0.0000 
21.0000 	 0.0135 	 5.4119 	 12.5278 	 0.0000 	 5.7128 	 3.9768 	 839.3889 	 21.0000 	 2.6625 	 5.9836 	 -0.3752 	 0.0000 	 1.5937 	 5.2374 	 0.0000 
22.0000 	 0.0029 	 10.5042 	 12.5269 	 0.0000 	 -2.2148 	 3.9746 	 839.3888 	 22.0000 	 2.4340 	 4.9951 	 -4.2420 	 0.0000 	 -0.9391 	 9.6017 	 0.0000 
27.0000 	 0.0032 	 40.8870 	 12.5281 	 0.0000 	 9.2907 	 3.9751 	 839.3888 	 27.0000 	 2.1351 	 1.5782 	 5.8948 	 0.0000 	 1.0674 	 5.9059 	 0.0000 
22.0000 	 0.0372 	 4.0006 	 12.5265 	 0.0000 	 -7.6204 	 3.9753 	 839.3887 	 22.0000 	 2.0726 	 9.7342 	 -6.9332 	 0.0000 	 -2.8246 	 4.2705 	 0.0000 
21.0000 	 0.0893 	 9.5467 	 12.5274 	 0.0000 	 1.7759 	 3.9745 	 839.3888 	 21.0000 	 1.4163 	 4.4549 	 1.9798 	 0.0000 	 1.1438 	 2.8986 	 0.0000 
16.0000 	 0.0025 	 0.6516 	 12.5260 	 0.0000 	 4.9371 	 3.9748 	 839.3888 	 16.0000 	 2.3477 	 3.7547 	 6.0111 	 0.0000 	 0.5377 	 5.9204 	 0.0000 
22.0000 	 0.0258 	 0.1462 	 12.5256 	 0.0000 	 5.9302 	 3.9750 	 839.3888 	 22.0000 	 1.6888 	 3.8181 	 -7.1462 	 0.0000 	 2.9060 	 9.5314 	 0.0000 
18.0000 	 0.0027 	 1.9508 	 12.5291 	 0.0000 	 -6.9414 	 3.9753 	 839.3889 	 18.0000 	 2.6410 	 3.6047 	 -3.5808 	 0.0000 	 2.8288 	 2.6189 	 0.0000 
23.0000 	 0.4999 	 4.3582 	 12.6666 	 0.0000 	 0.1633 	 3.8974 	 839.6409 	 23.0000 	 0.6125 	 1.5845 	 -1.0568 	 0.0000 	 0.6962 	 0.6833 	 0.0013 
22.0000 	 0.1252 	 1.9321 	 12.5271 	 0.0000 	 5.5483 	 3.9728 	 839.3889 	 22.0000 	 0.8905 	 7.0110 	 8.3878 	 0.0000 	 -2.1162 	 2.5849 	 0.0000 
23.0000 	 0.0819 	 0.3544 	 12.5275 	 0.0000 	 3.6590 	 3.9743 	 839.3888 	 23.0000 	 1.6007 	 8.0666 	 -4.0067 	 0.0000 	 0.2780 	 4.0776 	 0.0000 
23.0000 	 0.1125 	 8.4509 	 12.5378 	 0.0000 	 -3.8462 	 3.9769 	 839.3888 	 23.0000 	 0.5545 	 1.7500 	 -6.4036 	 0.0000 	 -0.9572 	 6.2980 	 0.0007 
20.0000 	 0.0026 	 25.5893 	 12.5275 	 0.0000 	 -8.9775 	 3.9746 	 839.3888 	 20.0000 	 1.4876 	 8.1364 	 9.9357 	 0.0000 	 -1.1139 	 5.4141 	 0.0000 
23.0000 	 0.0070 	 15.5768 	 12.5269 	 0.0000 	 -7.3691 	 3.9749 	 839.3888 	 23.0000 	 0.7422 	 8.2949 	 -9.9766 	 0.0000 	 1.1153 	 5.8059 	 0.0000 
23.0000 	 0.0055 	 7.4841 	 12.5256 	 0.0000 	 -4.3021 	 3.9758 	 839.3888 	 23.0000 	 1.5038 	 2.2373 	 6.8128 	 0.0000 	 0.2011 	 7.8813 	 0.0000 
23.0000 	 0.2170 	 25.2113 	 12.5263 	 0.0000 	 0.7492 	 3.9749 	 839.3888 	 23.0000 	 2.5063 	 7.7324 	 1.8489 	 0.0000 	 1.6890 	 6.3455 	 0.0000 
20.0000 	 0.0202 	 1.2447 	 12.5280 	 0.0000 	 0.0876 	 3.9732 	 839.3890 	 20.0000 	 2.8481 	 6.4527 	 -5.9863 	 0.0000 	 2.7198 	 6.9874 	 0.0000 
23.0000 	 0.2106 	 10.1045 	 12.5068 	 0.0000 	 2.4268 	 3.9674 	 839.3746 	 23.0000 	 1.0642 	 7.3742 	 4.1853 	 0.0000 	 -2.2467 	 6.4072 	 0.0000 
21.0000 	 0.1857 	 0.1683 	 12.5274 	 0.0000 	 -4.9264 	 3.9736 	 839.3888 	 21.0000 	 1.8100 	 9.6555 	 6.9655 	 0.0000 	 -2.8398 	 4.7491 	 0.0000 
20.0000 	 0.5397 	 0.6873 	 12.7612 	 0.0000 	 7.1895 	 3.9636 	 839.4046 	 20.0000 	 2.4177 	 3.0259 	 7.8176 	 0.0000 	 1.7823 	 8.0807 	 0.0318 
18.0000 	 0.0025 	 3.5687 	 12.5269 	 0.0000 	 -9.8583 	 3.9750 	 839.3888 	 18.0000 	 0.4110 	 3.6338 	 -3.9579 	 0.0000 	 0.9860 	 2.0092 	 0.0000 
13.0000 	 0.0344 	 0.0000 	 12.5223 	 0.0000 	 5.2593 	 3.9784 	 839.3892 	 13.0000 	 2.3909 	 5.0115 	 2.1153 	 0.0000 	 -2.4533 	 7.8390 	 0.0000 
22.0000 	 0.1412 	 10.3799 	 12.4664 	 0.0000 	 3.6363 	 3.9474 	 839.2737 	 22.0000 	 0.7184 	 8.8849 	 1.2156 	 0.0000 	 -1.2533 	 3.7382 	 0.0100 
22.0000 	 0.0181 	 0.9772 	 12.5276 	 0.0000 	 1.6944 	 3.9721 	 839.3890 	 22.0000 	 1.8678 	 7.4293 	 5.5116 	 0.0000 	 -1.6901 	 7.8497 	 0.0000 
18.0000 	 0.2528 	 0.0666 	 12.5281 	 0.0000 	 1.0701 	 3.9749 	 839.3889 	 18.0000 	 1.2809 	 6.2467 	 1.3191 	 0.0000 	 1.6356 	 5.1514 	 0.0000 
18.0000 	 0.0250 	 5.5118 	 12.5281 	 0.0000 	 -6.8353 	 3.9764 	 839.3889 	 18.0000 	 0.4315 	 9.9669 	 -4.4368 	 0.0000 	 1.2409 	 2.5698 	 0.0002 
20.0000 	 0.0025 	 10.9321 	 12.5328 	 0.0000 	 7.7946 	 3.9762 	 839.3892 	 20.0000 	 2.8291 	 5.3267 	 -1.9686 	 0.0000 	 -2.7404 	 1.4010 	 0.0000 
17.0000 	 0.0379 	 8.5680 	 12.5277 	 0.0000 	 -4.4485 	 3.9754 	 839.3888 	 17.0000 	 2.5173 	 8.5911 	 -6.5246 	 0.0000 	 2.1759 	 9.9018 	 0.0000 
22.0000 	 0.0133 	 7.1068 	 12.5258 	 0.0000 	 2.8635 	 3.9753 	 839.3889 	 22.0000 	 2.1789 	 2.9392 	 8.0954 	 0.0000 	 1.5464 	 5.3637 	 0.0000 
23.0000 	 0.0627 	 11.1004 	 12.5289 	 0.0000 	 5.7719 	 3.9748 	 839.3888 	 23.0000 	 0.8801 	 5.0444 	 -5.8950 	 0.0000 	 -1.0312 	 4.4963 	 0.0000 
19.0000 	 0.1114 	 18.9817 	 12.5258 	 0.0000 	 0.5787 	 3.9747 	 839.3889 	 19.0000 	 1.0759 	 4.0491 	 -8.1670 	 0.0000 	 -2.3631 	 3.9023 	 0.0000 
20.0000 	 0.2132 	 13.3477 	 12.5285 	 0.0000 	 -1.5499 	 3.9742 	 839.3887 	 20.0000 	 2.9627 	 9.2911 	 -4.9961 	 0.0000 	 2.6192 	 9.7250 	 0.0000 
21.0000 	 0.1047 	 33.4635 	 12.5293 	 0.0000 	 -9.0772 	 3.9826 	 839.3627 	 21.0000 	 1.5861 	 2.2157 	 -2.3582 	 0.0000 	 2.6606 	 8.6642 	 0.0005 
20.0000 	 0.0730 	 24.1910 	 12.5301 	 0.0000 	 -5.2866 	 3.9751 	 839.3889 	 20.0000 	 0.9570 	 0.6004 	 -2.4078 	 0.0000 	 -1.0695 	 4.7987 	 0.0000 
18.0000 	 0.0081 	 4.6044 	 12.5276 	 0.0000 	 -1.2224 	 3.9743 	 839.3887 	 18.0000 	 0.1595 	 9.0790 	 0.8752 	 0.0000 	 2.2934 	 5.1384 	 0.0000 
18.0000 	 0.2152 	 8.4766 	 12.5293 	 0.0000 	 -0.0498 	 3.9746 	 839.3888 	 18.0000 	 1.6840 	 3.3718 	 -7.7900 	 0.0000 	 0.0987 	 7.0792 	 0.0000 
15.0000 	 0.0078 	 0.0000 	 12.5264 	 0.0000 	 -6.4642 	 3.9749 	 839.3888 	 15.0000 	 2.3654 	 2.7620 	 5.1887 	 0.0000 	 2.5908 	 0.5682 	 0.0000 
32.0000 	 0.0956 	 7.3093 	 12.5116 	 0.0000 	 -3.2651 	 3.9740 	 839.3910 	 32.0000 	 2.5849 	 0.1543 	 9.0221 	 0.0000 	 2.7274 	 3.4388 	 0.0000 
10.0000 	 0.0071 	 30.8525 	 12.5261 	 0.0000 	 -7.0180 	 3.9773 	 839.3888 	 10.0000 	 1.9743 	 3.2524 	 -2.8647 	 0.0000 	 -0.6374 	 5.2875 	 0.0000 
18.0000 	 0.3867 	 2.2655 	 12.5340 	 0.0000 	 -2.1308 	 3.9729 	 839.3907 	 18.0000 	 2.3846 	 0.1439 	 -0.2828 	 0.0000 	 -2.5038 	 4.5509 	 0.0000 
19.0000 	 0.0267 	 6.0310 	 12.5276 	 0.0000 	 3.9013 	 3.9740 	 839.3888 	 19.0000 	 2.0732 	 8.0655 	 -5.4535 	 0.0000 	 2.6442 	 2.0295 	 0.0000 
19.0000 	 0.0027 	 6.1523 	 12.5269 	 0.0000 	 1.7216 	 3.9755 	 839.3889 	 19.0000 	 2.0110 	 4.6299 	 6.3958 	 0.0000 	 2.5065 	 7.3391 	 0.0000 
19.0000 	 0.1472 	 1.0159 	 12.5266 	 0.0000 	 -9.6905 	 3.9763 	 839.3889 	 19.0000 	 0.5591 	 9.0801 	 -2.5790 	 0.0000 	 -0.0773 	 6.9298 	 0.0000 
20.0000 	 0.0042 	 0.0075 	 12.5277 	 0.0000 	 -1.8674 	 3.9725 	 839.3888 	 20.0000 	 2.3911 	 2.5731 	 -0.9710 	 0.0000 	 1.5972 	 6.8952 	 0.0000 
15.0000 	 0.0105 	 15.2375 	 12.5271 	 0.0000 	 -5.1612 	 3.9748 	 839.3888 	 15.0000 	 2.1224 	 1.1526 	 -5.3772 	 0.0000 	 1.7216 	 3.9262 	 0.0000 
18.0000 	 0.1191 	 10.1288 	 12.5128 	 0.0000 	 3.3387 	 3.9868 	 839.3923 	 18.0000 	 0.0179 	 2.5744 	 -6.4790 	 0.0000 	 1.8944 	 8.7369 	 0.0000 
17.0000 	 0.0048 	 2.7432 	 12.5267 	 0.0000 	 3.9225 	 3.9748 	 839.3888 	 17.0000 	 0.4467 	 2.8892 	 -8.8307 	 0.0000 	 0.0191 	 6.6139 	 0.0000 
15.0000 	 0.1996 	 0.0063 	 12.5336 	 0.0000 	 -5.9737 	 3.9565 	 839.3918 	 15.0000 	 1.4418 	 5.8545 	 5.1825 	 0.0000 	 2.1983 	 1.6289 	 0.0024 
19.0000 	 0.0163 	 3.3376 	 12.5320 	 0.0000 	 -2.3205 	 3.9791 	 839.3894 	 19.0000 	 1.9186 	 5.4727 	 -5.2882 	 0.0000 	 -2.9054 	 1.3421 	 0.0000 
18.0000 	 0.0041 	 6.0943 	 12.5280 	 0.0000 	 -2.3321 	 3.9751 	 839.3888 	 18.0000 	 1.1362 	 1.7357 	 -2.3629 	 0.0000 	 0.9322 	 9.2903 	 0.0000 
15.0000 	 0.0030 	 0.6250 	 12.5281 	 0.0000 	 -0.7583 	 3.9798 	 839.3917 	 15.0000 	 0.8408 	 0.2771 	 -5.8983 	 0.0000 	 -0.0323 	 8.0208 	 0.0000 
19.0000 	 0.0595 	 13.1663 	 12.5215 	 0.0000 	 7.4320 	 3.9767 	 839.3894 	 19.0000 	 0.8506 	 2.2615 	 2.1480 	 0.0000 	 1.9452 	 6.2708 	 0.0013 
19.0000 	 0.3061 	 4.4589 	 12.5462 	 0.0000 	 -2.6171 	 3.9702 	 839.3905 	 19.0000 	 0.4854 	 8.4218 	 2.6713 	 0.0000 	 -0.1912 	 6.4923 	 0.0000 
19.0000 	 0.2412 	 5.2192 	 12.5219 	 0.0000 	 9.9941 	 3.9758 	 839.3853 	 19.0000 	 0.7018 	 5.5001 	 4.3533 	 0.0000 	 -0.4091 	 6.7341 	 0.0000 
16.0000 	 0.0281 	 1.3301 	 12.5264 	 0.0000 	 3.9180 	 3.9753 	 839.3888 	 16.0000 	 2.3928 	 4.6895 	 3.7840 	 0.0000 	 -1.3707 	 9.0049 	 0.0000 
7.0000 	 0.0025 	 18.9430 	 12.5273 	 0.0000 	 9.2009 	 3.9761 	 839.3889 	 7.0000 	 1.9120 	 3.5117 	 -7.1506 	 0.0000 	 2.8690 	 7.3348 	 0.0000 
12.0000 	 0.2589 	 0.1530 	 12.4542 	 0.0000 	 -6.6178 	 3.9604 	 839.4450 	 12.0000 	 0.9014 	 6.4188 	 2.0416 	 0.0000 	 0.1527 	 3.3351 	 0.0000 
4.0000 	 0.1005 	 0.0000 	 12.6541 	 0.0000 	 -8.7063 	 3.8908 	 839.3316 	 4.0000 	 1.4326 	 1.2077 	 1.2647 	 0.0000 	 -2.8486 	 0.8912 	 0.0001 
11.0000 	 0.0030 	 0.7278 	 12.5375 	 0.0000 	 2.4066 	 3.9062 	 839.4758 	 11.0000 	 1.1671 	 0.3352 	 6.7290 	 0.0000 	 -0.1460 	 4.4696 	 0.0004 
13.0000 	 0.0463 	 0.1189 	 12.5622 	 0.0000 	 -5.4353 	 3.9789 	 839.4005 	 13.0000 	 0.1969 	 6.9482 	 -0.0836 	 0.0000 	 -0.3252 	 1.3252 	 0.0000 
16.0000 	 0.0073 	 1.4969 	 12.5012 	 0.0000 	 -4.1362 	 4.0057 	 839.4121 	 16.0000 	 2.5599 	 4.6679 	 -5.2667 	 0.0000 	 -2.9370 	 2.9809 	 0.0010 
17.0000 	 0.0594 	 0.7270 	 12.5535 	 0.0000 	 6.5003 	 3.9392 	 839.4180 	 17.0000 	 0.9018 	 0.4539 	 1.8194 	 0.0000 	 -0.9093 	 8.9805 	 0.0000 
10.0000 	 0.0025 	 0.6972 	 12.5269 	 0.0000 	 7.6592 	 3.9741 	 839.3888 	 10.0000 	 2.9992 	 7.9999 	 -8.7215 	 0.0000 	 0.4846 	 4.7798 	 0.0000 
13.0000 	 0.0058 	 7.5719 	 12.5302 	 0.0000 	 -0.4348 	 3.9735 	 839.3890 	 13.0000 	 1.7299 	 4.5181 	 -2.3736 	 0.0000 	 -0.2389 	 5.5634 	 0.0000 
12.0000 	 0.0565 	 8.7854 	 12.5879 	 0.0000 	 7.7688 	 4.0137 	 839.4494 	 12.0000 	 1.9296 	 6.9565 	 6.1864 	 0.0000 	 2.7843 	 5.4479 	 0.0000 
11.0000 	 0.0361 	 2.6259 	 12.5268 	 0.0000 	 1.4241 	 3.9747 	 839.3888 	 11.0000 	 1.5189 	 4.1603 	 5.7877 	 0.0000 	 -1.1622 	 2.8217 	 0.0000 
14.0000 	 0.1128 	 1.9432 	 12.5268 	 0.0000 	 3.9693 	 3.9743 	 839.3888 	 14.0000 	 0.4414 	 3.6867 	 -6.6456 	 0.0000 	 0.4003 	 2.9421 	 0.0000 
9.0000 	 0.0040 	 0.7142 	 12.5270 	 0.0000 	 9.4766 	 3.9755 	 839.3888 	 9.0000 	 1.9265 	 7.9977 	 -1.0282 	 0.0000 	 2.3248 	 9.6946 	 0.0000 
14.0000 	 0.1523 	 6.3953 	 12.5270 	 0.0000 	 1.6530 	 3.9739 	 839.3888 	 14.0000 	 0.4262 	 8.4385 	 2.5702 	 0.0000 	 1.8704 	 7.5881 	 0.0000 
11.0000 	 0.0895 	 5.3215 	 12.5219 	 0.0000 	 3.7712 	 3.9751 	 839.3885 	 11.0000 	 1.5865 	 6.0472 	 -5.1934 	 0.0000 	 0.7394 	 2.7943 	 0.0000 
6.0000 	 0.1798 	 0.0009 	 12.6216 	 0.0000 	 7.4484 	 3.9257 	 839.3493 	 6.0000 	 1.0688 	 6.1156 	 1.0181 	 0.0000 	 -0.8815 	 0.4202 	 0.0002 
13.0000 	 0.1341 	 10.7829 	 12.5268 	 0.0000 	 -0.0631 	 3.9753 	 839.3889 	 13.0000 	 2.0103 	 8.7195 	 6.4128 	 0.0000 	 -2.3973 	 6.6151 	 0.0000 
9.0000 	 0.0514 	 0.5882 	 12.5250 	 0.0000 	 -2.7117 	 3.9738 	 839.3889 	 9.0000 	 1.1543 	 3.7061 	 7.2584 	 0.0000 	 2.1399 	 5.7667 	 0.0000 
13.0000 	 0.0264 	 5.0838 	 12.5317 	 0.0000 	 -0.5184 	 3.9738 	 839.3891 	 13.0000 	 2.6073 	 9.4979 	 6.4839 	 0.0000 	 -0.6246 	 9.7964 	 0.0000 
13.0000 	 0.0382 	 15.2441 	 12.6465 	 0.0000 	 -5.7275 	 4.2676 	 834.3118 	 13.0000 	 1.1740 	 7.0517 	 5.7767 	 0.0000 	 1.4522 	 3.7577 	 0.1039 
9.0000 	 0.0032 	 1.6553 	 12.5269 	 0.0000 	 3.2812 	 3.9746 	 839.3888 	 9.0000 	 0.3446 	 8.3896 	 -1.6910 	 0.0000 	 -1.1688 	 7.0119 	 0.0000 
13.0000 	 0.0069 	 2.1973 	 12.5293 	 0.0000 	 4.3477 	 3.9746 	 839.3889 	 13.0000 	 2.1556 	 8.0611 	 2.2812 	 0.0000 	 -1.3724 	 1.1794 	 0.0000 
8.0000 	 0.2533 	 0.0000 	 12.6021 	 0.0000 	 -1.4246 	 3.9345 	 839.3650 	 8.0000 	 2.0680 	 4.4508 	 -1.5644 	 0.0000 	 -1.0699 	 4.1293 	 0.0002 
12.0000 	 0.0049 	 5.1294 	 12.5586 	 0.0000 	 7.9622 	 3.9490 	 839.4098 	 12.0000 	 2.5908 	 9.8009 	 -8.7126 	 0.0000 	 -1.1035 	 7.0554 	 0.0000 
20.0000 	 0.0413 	 3.0920 	 12.5330 	 0.0000 	 0.4477 	 3.9520 	 839.4205 	 20.0000 	 0.3824 	 2.3131 	 -2.5449 	 0.0000 	 1.6200 	 3.5515 	 0.0005 
10.0000 	 0.0025 	 0.2737 	 12.5282 	 0.0000 	 -1.1692 	 3.9740 	 839.3888 	 10.0000 	 1.1668 	 1.1728 	 9.2039 	 0.0000 	 -2.1714 	 8.1635 	 0.0000 
8.0000 	 0.0201 	 1.0523 	 12.5273 	 0.0000 	 -5.5634 	 3.9748 	 839.3888 	 8.0000 	 2.6381 	 7.2147 	 3.2124 	 0.0000 	 2.4302 	 9.8854 	 0.0000 
11.0000 	 0.0153 	 1.6800 	 12.5391 	 0.0000 	 5.2079 	 3.9709 	 839.3904 	 11.0000 	 2.6501 	 0.3765 	 -4.3497 	 0.0000 	 -2.8057 	 9.1964 	 0.0000 
6.0000 	 0.0044 	 3.1018 	 12.5244 	 0.0000 	 -9.8123 	 3.9746 	 839.3889 	 6.0000 	 2.9155 	 2.6169 	 -9.9577 	 0.0000 	 1.4130 	 6.2996 	 0.0000 
9.0000 	 0.0121 	 7.4065 	 12.5288 	 0.0000 	 4.2479 	 3.9745 	 839.3889 	 9.0000 	 1.3021 	 5.5455 	 0.7215 	 0.0000 	 2.5108 	 0.0772 	 0.0000 
14.0000 	 0.0026 	 7.7151 	 12.5279 	 0.0000 	 -1.5145 	 3.9741 	 839.3889 	 14.0000 	 0.0452 	 2.3113 	 2.5798 	 0.0000 	 -1.7867 	 1.6454 	 0.0000 
10.0000 	 0.0028 	 5.4477 	 12.5183 	 0.0000 	 -6.7322 	 4.0216 	 839.4278 	 10.0000 	 1.1414 	 0.7171 	 -8.7054 	 0.0000 	 2.0103 	 8.8737 	 0.0000 
11.0000 	 0.0294 	 6.1231 	 12.5176 	 0.0000 	 -1.3488 	 3.9637 	 839.3919 	 11.0000 	 1.3866 	 1.6044 	 -9.0480 	 0.0000 	 1.9500 	 6.3067 	 0.0000 
7.0000 	 0.0613 	 2.5470 	 12.5266 	 0.0000 	 0.5877 	 3.9739 	 839.3890 	 7.0000 	 1.2254 	 3.7284 	 0.0970 	 0.0000 	 -2.1062 	 3.8654 	 0.0000 
3.0000 	 0.0097 	 0.0000 	 12.5315 	 0.0000 	 -3.3565 	 3.9720 	 839.3844 	 3.0000 	 1.2019 	 3.1389 	 1.4261 	 0.0000 	 2.1140 	 5.8367 	 0.0002 
11.0000 	 0.0032 	 99.8612 	 12.5271 	 0.0000 	 6.6704 	 3.9751 	 839.3888 	 11.0000 	 1.1135 	 4.7085 	 -6.7766 	 0.0000 	 -2.6043 	 7.5068 	 0.0000 
2.0000 	 0.0119 	 0.0000 	 12.6307 	 0.0000 	 5.1220 	 3.9191 	 839.2984 	 2.0000 	 2.4430 	 0.2469 	 8.1738 	 0.0000 	 -0.9341 	 1.1442 	 0.0000 
9.0000 	 0.0104 	 13.7146 	 12.5272 	 0.0000 	 8.9949 	 3.9746 	 839.3888 	 9.0000 	 2.8741 	 7.8902 	 8.8147 	 0.0000 	 -1.2447 	 5.3280 	 0.0000 
6.0000 	 0.0040 	 0.4419 	 12.5244 	 0.0000 	 -5.6814 	 3.9746 	 839.3889 	 6.0000 	 0.0275 	 5.1836 	 -6.0348 	 0.0000 	 0.9177 	 1.1709 	 0.0000 
6.0000 	 0.0599 	 0.9411 	 12.5283 	 0.0000 	 -1.3159 	 3.9736 	 839.3885 	 6.0000 	 1.0213 	 2.7153 	 -9.2132 	 0.0000 	 -0.7972 	 2.2726 	 0.0000 
15.0000 	 0.0204 	 11.3326 	 12.5257 	 0.0000 	 -4.5222 	 3.9749 	 839.3888 	 15.0000 	 0.5933 	 5.9427 	 -2.1820 	 0.0000 	 -1.2299 	 1.5728 	 0.0000 
16.0000 	 1.1099 	 20.6614 	 19.5467 	 0.0000 	 1.0121 	 0.0931 	 805.2053 	 16.0000 	 1.1852 	 4.2946 	 -1.9696 	 0.0000 	 0.4330 	 3.0719 	 0.0183 
3.0000 	 0.0467 	 0.0000 	 12.6370 	 0.0000 	 -2.6248 	 3.9167 	 839.3120 	 3.0000 	 1.4042 	 8.0746 	 -1.0796 	 0.0000 	 1.5124 	 6.4346 	 0.0001 
10.0000 	 0.0793 	 15.8172 	 12.5284 	 0.0000 	 7.8027 	 3.9750 	 839.3889 	 10.0000 	 1.0198 	 1.3222 	 0.7595 	 0.0000 	 1.5575 	 0.7245 	 0.0000 
14.0000 	 0.0821 	 0.7861 	 12.5293 	 0.0000 	 -8.5078 	 3.9697 	 839.3899 	 14.0000 	 1.3945 	 7.1762 	 0.0457 	 0.0000 	 2.2477 	 5.7153 	 0.0000 
7.0000 	 0.0262 	 5.2182 	 12.5208 	 0.0000 	 -0.6227 	 3.9655 	 839.3908 	 7.0000 	 2.4610 	 6.7062 	 -7.3685 	 0.0000 	 0.8333 	 7.0967 	 0.0000 
6.0000 	 0.1293 	 0.0000 	 12.6367 	 0.0000 	 -5.3657 	 3.9832 	 839.4390 	 6.0000 	 0.4613 	 5.8168 	 9.9370 	 0.0000 	 2.5246 	 6.4417 	 0.0002 
4.0000 	 0.0261 	 0.0085 	 12.5119 	 0.0000 	 0.5668 	 3.9480 	 839.3999 	 4.0000 	 0.0338 	 5.5647 	 -4.1961 	 0.0000 	 -2.8534 	 6.7737 	 0.0000 
5.0000 	 0.1362 	 0.0000 	 12.6235 	 0.0000 	 1.3576 	 3.9245 	 839.3385 	 5.0000 	 2.8968 	 9.7897 	 4.4091 	 0.0000 	 -0.3541 	 0.8857 	 0.0002 
4.0000 	 0.0090 	 4.2283 	 12.5279 	 0.0000 	 -0.0795 	 3.9754 	 839.3891 	 4.0000 	 0.8809 	 8.5353 	 8.7410 	 0.0000 	 -1.5643 	 9.8220 	 0.0000 
2.0000 	 0.0044 	 0.0000 	 12.5441 	 0.0000 	 6.8164 	 3.9597 	 839.3552 	 2.0000 	 2.6554 	 4.1350 	 -3.6136 	 0.0000 	 2.5887 	 3.1559 	 0.0001 
13.0000 	 0.0706 	 1.7920 	 12.5293 	 0.0000 	 -3.1553 	 3.9746 	 839.3889 	 13.0000 	 1.5688 	 4.3782 	 -9.9037 	 0.0000 	 1.7412 	 8.8513 	 0.0000 
3.0000 	 2.3410 	 0.3769 	 7.9931 	 0.0000 	 1.7043 	 3.6473 	 870.2514 	 3.0000 	 2.6691 	 2.3172 	 -8.0321 	 0.0000 	 -0.5520 	 6.0211 	 0.0819 
1.0000 	 0.0025 	 0.4028 	 13.2227 	 0.0000 	 9.2622 	 3.5962 	 842.6705 	 1.0000 	 2.7400 	 2.2310 	 5.9756 	 0.0000 	 -2.1993 	 0.7900 	 0.0056 
5.0000 	 0.1296 	 0.0000 	 12.6262 	 0.0000 	 6.9214 	 3.9451 	 839.3457 	 5.0000 	 1.4684 	 4.0630 	 9.1928 	 0.0000 	 1.0749 	 1.8199 	 0.0002 
1.0000 	 0.0025 	 1.6104 	 13.1093 	 0.0000 	 9.8362 	 3.6934 	 842.4113 	 1.0000 	 0.6300 	 0.8409 	 5.9201 	 0.0000 	 -2.9618 	 5.9539 	 0.0046 
20.0000 	 0.0164 	 0.0000 	 12.5293 	 0.0000 	 -0.9639 	 3.9746 	 839.3888 	 20.0000 	 0.1581 	 0.7925 	 6.2332 	 0.0000 	 1.6599 	 8.3447 	 0.0000 
1.0000 	 0.0025 	 0.9892 	 13.4204 	 0.0000 	 -4.4135 	 3.6992 	 841.9221 	 1.0000 	 0.8267 	 6.2135 	 0.4854 	 0.0000 	 0.2732 	 1.2388 	 0.0045 
2.0000 	 0.0088 	 0.0000 	 12.5270 	 0.0000 	 0.7761 	 3.9614 	 839.3520 	 2.0000 	 1.8704 	 7.8622 	 7.8629 	 0.0000 	 1.4286 	 3.7884 	 0.0001 
4.0000 	 0.0028 	 48.4026 	 12.5206 	 0.0000 	 -0.0144 	 3.9719 	 839.3894 	 4.0000 	 0.9064 	 9.4587 	 7.8634 	 0.0000 	 1.7824 	 3.4764 	 0.0000 
4.0000 	 0.0089 	 20.3157 	 12.5280 	 0.0000 	 7.0605 	 3.9736 	 839.3901 	 4.0000 	 0.1902 	 2.1592 	 8.0099 	 0.0000 	 1.5689 	 9.7210 	 0.0000 
9.0000 	 0.0176 	 9.7446 	 12.5266 	 0.0000 	 -0.5353 	 3.9750 	 839.3888 	 9.0000 	 1.5208 	 0.0762 	 0.5831 	 0.0000 	 1.0793 	 9.2464 	 0.0000 
2.0000 	 0.0048 	 0.0000 	 12.5540 	 0.0000 	 5.7581 	 3.9651 	 839.3500 	 2.0000 	 0.6119 	 2.4788 	 8.1472 	 0.0000 	 -0.2901 	 9.2542 	 0.0001 
1.0000 	 0.0025 	 7.6172 	 13.4375 	 0.0000 	 6.9646 	 3.9709 	 843.7469 	 1.0000 	 2.9091 	 3.7938 	 1.5816 	 0.0000 	 2.2183 	 8.1438 	 0.0037 
2.0000 	 0.0120 	 0.0000 	 12.6320 	 0.0000 	 -2.7728 	 3.9202 	 839.2983 	 2.0000 	 2.7656 	 2.1080 	 -5.6760 	 0.0000 	 1.7914 	 9.9591 	 0.0000 
3.0000 	 0.0468 	 0.0000 	 12.6364 	 0.0000 	 -2.2857 	 3.9168 	 839.3120 	 3.0000 	 0.0081 	 0.9592 	 -8.8030 	 0.0000 	 -1.7445 	 1.4160 	 0.0001 
5.0000 	 0.1008 	 0.0000 	 12.5638 	 0.0000 	 -4.9968 	 3.9631 	 839.3566 	 5.0000 	 0.7192 	 4.3038 	 8.2607 	 0.0000 	 0.8130 	 9.1158 	 0.0004 
1.0000 	 0.0025 	 1.5748 	 13.3008 	 0.0000 	 0.0444 	 3.6950 	 842.2393 	 1.0000 	 2.1206 	 7.6680 	 7.9002 	 0.0000 	 -0.7222 	 7.1943 	 0.0034 
10.0000 	 0.0036 	 15.6726 	 12.5342 	 0.0000 	 -5.6462 	 3.9429 	 839.4076 	 10.0000 	 1.5654 	 7.2358 	 -5.7781 	 0.0000 	 1.8922 	 4.0664 	 0.0000 
8.0000 	 0.0045 	 0.0000 	 12.5234 	 0.0000 	 9.8973 	 3.9755 	 839.3890 	 8.0000 	 1.2446 	 2.0297 	 -6.1477 	 0.0000 	 1.7954 	 1.9858 	 0.0000 
15.0000 	 0.0105 	 38.1106 	 12.5265 	 0.0000 	 -9.9975 	 3.9747 	 839.3888 	 15.0000 	 0.7690 	 1.2702 	 3.5239 	 0.0000 	 2.3944 	 3.1746 	 0.0000 
1.0000 	 0.0025 	 1.3319 	 13.1140 	 0.0000 	 8.6640 	 3.6658 	 842.4133 	 1.0000 	 0.5826 	 1.5750 	 8.0606 	 0.0000 	 2.3222 	 2.4431 	 0.0050 
2.0000 	 0.0071 	 4.3457 	 12.5488 	 0.0000 	 -2.1445 	 3.9209 	 839.6373 	 2.0000 	 2.5201 	 9.4094 	 0.8730 	 0.0000 	 2.0835 	 0.9228 	 0.0003 
1.0000 	 1.2563 	 0.4590 	 7.9218 	 0.0000 	 9.9637 	 3.6528 	 865.4355 	 1.0000 	 2.2953 	 2.3117 	 -7.8986 	 0.0000 	 -1.8096 	 8.8375 	 0.2486 
7.0000 	 0.1887 	 0.0000 	 12.5708 	 0.0000 	 -4.4106 	 3.9521 	 839.3628 	 7.0000 	 2.5662 	 4.6289 	 -8.8197 	 0.0000 	 -0.4961 	 9.2282 	 0.0001 
3.0000 	 0.0201 	 0.8777 	 12.5474 	 0.0000 	 -1.9594 	 3.9651 	 839.3815 	 3.0000 	 0.1098 	 6.7648 	 9.5457 	 0.0000 	 0.3534 	 7.9952 	 0.0000 
14.0000 	 0.0681 	 2.8906 	 12.1240 	 0.0000 	 4.5125 	 4.3225 	 841.2718 	 14.0000 	 1.2232 	 8.4344 	 -2.0489 	 0.0000 	 -0.5977 	 2.6369 	 0.0893 
9.0000 	 0.0278 	 6.8039 	 12.5275 	 0.0000 	 3.1904 	 3.9703 	 839.3887 	 9.0000 	 2.0734 	 4.2663 	 -0.0266 	 0.0000 	 -1.9321 	 9.0746 	 0.0000 
2.0000 	 0.0077 	 0.9763 	 12.6520 	 0.0000 	 4.1360 	 3.9352 	 839.4047 	 2.0000 	 2.8200 	 3.4655 	 -5.6763 	 0.0000 	 -2.9191 	 7.3602 	 0.0002 
4.0000 	 0.0090 	 2.0207 	 12.5269 	 0.0000 	 -2.3721 	 3.9744 	 839.3889 	 4.0000 	 0.1363 	 5.9114 	 -7.5814 	 0.0000 	 2.1687 	 4.2852 	 0.0000 
8.0000 	 0.0088 	 2.6060 	 12.5253 	 0.0000 	 4.6316 	 3.9699 	 839.3893 	 8.0000 	 0.8017 	 3.8619 	 -2.6785 	 0.0000 	 2.8044 	 4.5349 	 0.0000 
1.0000 	 0.0025 	 1.6282 	 13.2762 	 0.0000 	 0.6906 	 3.6932 	 842.2639 	 1.0000 	 0.9178 	 9.3413 	 -1.8106 	 0.0000 	 -0.3139 	 9.1355 	 0.0038 
3.0000 	 0.0456 	 0.0000 	 12.6305 	 0.0000 	 4.9844 	 3.9195 	 839.3121 	 3.0000 	 0.6849 	 4.3690 	 -7.8249 	 0.0000 	 -2.1528 	 2.2106 	 0.0001 
2.0000 	 2.4686 	 0.0000 	 7.6431 	 0.0000 	 2.6218 	 3.3759 	 868.2588 	 2.0000 	 2.1221 	 5.6766 	 -1.8817 	 0.0000 	 -0.8857 	 7.7723 	 0.1204 
