40.0000 	 4.6042 	 0.0098 	 0.0000 	 4.0587 	 848.2075 	 40.0000 	 1.1788 	 3.6306 	 0.0000 	 2.5559 	 0.0000 
50.0000 	 1.6285 	 0.8123 	 0.0000 	 2.6119 	 788.8685 	 50.0000 	 2.5399 	 1.4168 	 0.0000 	 2.8201 	 0.0176 
50.0000 	 1.6379 	 0.8279 	 0.0000 	 2.6108 	 788.8674 	 50.0000 	 1.6565 	 3.9623 	 0.0000 	 2.1724 	 0.0078 
50.0000 	 1.6413 	 0.8328 	 0.0000 	 2.5963 	 788.8682 	 50.0000 	 2.3127 	 1.5681 	 0.0000 	 1.2175 	 0.0057 
50.0000 	 1.6444 	 0.8382 	 0.0000 	 2.5773 	 788.8690 	 50.0000 	 0.3771 	 4.3479 	 0.0000 	 1.5211 	 0.0093 
50.0000 	 1.6484 	 0.8422 	 0.0000 	 2.5644 	 788.8819 	 50.0000 	 0.5679 	 3.4225 	 0.0000 	 1.8853 	 0.0071 
50.0000 	 1.6223 	 0.8054 	 0.0000 	 2.6124 	 788.8691 	 50.0000 	 0.3771 	 4.3479 	 0.0000 	 1.5211 	 0.0083 
50.0000 	 1.2426 	 0.3424 	 0.0000 	 3.0857 	 792.8619 	 50.0000 	 1.1903 	 4.2290 	 0.0000 	 0.4981 	 0.0218 
30.0000 	 1.2504 	 0.9112 	 0.0000 	 2.5517 	 790.8631 	 30.0000 	 0.1634 	 0.9938 	 0.0000 	 1.0242 	 0.0142 
30.0000 	 1.0278 	 0.0122 	 0.0000 	 4.4971 	 812.5303 	 30.0000 	 0.5141 	 1.7232 	 0.0000 	 1.9604 	 0.2433 
30.0000 	 1.2332 	 0.8730 	 0.0000 	 2.5909 	 790.8935 	 30.0000 	 2.1731 	 1.2621 	 0.0000 	 0.5697 	 0.0092 
30.0000 	 1.2582 	 0.9289 	 0.0000 	 2.5276 	 790.8446 	 30.0000 	 0.9330 	 2.4715 	 0.0000 	 0.2761 	 0.0070 
30.0000 	 1.2567 	 0.9201 	 0.0000 	 2.5263 	 790.8558 	 30.0000 	 2.0880 	 0.9137 	 0.0000 	 2.3813 	 0.0090 
30.0000 	 1.2060 	 0.7843 	 0.0000 	 2.8332 	 791.5983 	 30.0000 	 2.2139 	 2.0288 	 0.0000 	 1.3148 	 0.0113 
30.0000 	 1.2657 	 0.9506 	 0.0000 	 2.4961 	 790.8349 	 30.0000 	 0.5236 	 3.0334 	 0.0000 	 1.3128 	 0.0094 
25.0000 	 5.2285 	 0.0010 	 0.0000 	 4.0565 	 848.2135 	 25.0000 	 0.2097 	 1.9958 	 0.0000 	 2.5223 	 0.0000 
20.0000 	 1.6431 	 1.9861 	 0.0000 	 4.1338 	 825.0505 	 20.0000 	 1.3630 	 4.6067 	 0.0000 	 0.6820 	 0.3040 
20.0000 	 1.0113 	 1.0456 	 0.0000 	 2.4566 	 793.8498 	 20.0000 	 1.9430 	 4.0509 	 0.0000 	 1.9733 	 0.0180 
25.0000 	 5.6904 	 0.0011 	 0.0000 	 4.0564 	 848.2135 	 25.0000 	 2.5199 	 2.7558 	 0.0000 	 1.9498 	 0.0000 
25.0000 	 1.1661 	 1.0511 	 0.0000 	 2.4473 	 792.0644 	 25.0000 	 2.4506 	 1.1503 	 0.0000 	 2.6925 	 0.0247 
20.0000 	 1.0290 	 1.1022 	 0.0000 	 2.4047 	 793.9072 	 20.0000 	 0.7049 	 1.5510 	 0.0000 	 1.4879 	 0.0185 
15.0000 	 0.8601 	 1.1486 	 0.0000 	 2.4438 	 797.2712 	 15.0000 	 2.5201 	 2.0702 	 0.0000 	 2.4090 	 0.0154 
20.0000 	 1.0151 	 1.0564 	 0.0000 	 2.4412 	 793.8560 	 20.0000 	 0.5626 	 3.6961 	 0.0000 	 0.4170 	 0.0156 
15.0000 	 0.8519 	 1.1192 	 0.0000 	 2.4585 	 797.2118 	 15.0000 	 2.1547 	 0.2963 	 0.0000 	 1.6098 	 0.0299 
15.0000 	 0.5006 	 0.0300 	 0.0000 	 4.2979 	 813.6892 	 15.0000 	 2.9757 	 3.7548 	 0.0000 	 1.7562 	 0.1636 
20.0000 	 1.0065 	 1.0202 	 0.0000 	 2.4919 	 793.8662 	 20.0000 	 2.2672 	 2.3553 	 0.0000 	 1.1554 	 0.0101 
10.0000 	 1.0857 	 0.0030 	 0.0000 	 3.9082 	 829.4805 	 10.0000 	 0.0211 	 3.4058 	 0.0000 	 2.0441 	 0.2727 
10.0000 	 0.6593 	 1.2581 	 0.0000 	 2.5191 	 804.0804 	 10.0000 	 1.3332 	 3.8198 	 0.0000 	 1.3659 	 0.0385 
20.0000 	 5.5851 	 0.0031 	 0.0000 	 4.0575 	 848.2133 	 20.0000 	 0.2824 	 4.4044 	 0.0000 	 1.1111 	 0.0000 
20.0000 	 1.0053 	 1.0233 	 0.0000 	 2.5011 	 793.8689 	 20.0000 	 0.6565 	 3.6902 	 0.0000 	 2.3363 	 0.0130 
5.0000 	 2.6062 	 0.0132 	 0.0000 	 4.0488 	 840.6788 	 5.0000 	 2.4068 	 3.7126 	 0.0000 	 2.2880 	 0.3129 
20.0000 	 0.9940 	 0.9836 	 0.0000 	 2.5322 	 793.8969 	 20.0000 	 2.2487 	 0.5858 	 0.0000 	 1.6947 	 0.0136 
10.0000 	 0.6671 	 1.3060 	 0.0000 	 2.4813 	 804.1801 	 10.0000 	 2.8660 	 2.9569 	 0.0000 	 0.9314 	 0.0310 
10.0000 	 0.5330 	 0.0930 	 0.0000 	 4.3682 	 820.7010 	 10.0000 	 0.0998 	 0.4265 	 0.0000 	 1.2001 	 0.3051 
5.0000 	 0.3819 	 1.6292 	 0.0000 	 2.7573 	 820.2239 	 5.0000 	 0.1144 	 4.8856 	 0.0000 	 1.5432 	 0.0668 
7.0000 	 1.2018 	 0.0014 	 0.0000 	 4.4385 	 842.7507 	 7.0000 	 2.3197 	 4.6070 	 0.0000 	 1.0071 	 0.3135 
10.0000 	 0.6650 	 1.3071 	 0.0000 	 2.4688 	 804.2078 	 10.0000 	 2.4335 	 0.4781 	 0.0000 	 1.9034 	 0.0386 
10.0000 	 2.0774 	 0.0026 	 0.0000 	 3.9404 	 822.0536 	 10.0000 	 1.4989 	 1.9762 	 0.0000 	 0.9036 	 0.2550 
5.0000 	 0.4366 	 2.3359 	 0.0000 	 3.0820 	 781.3523 	 5.0000 	 0.4362 	 2.3368 	 0.0000 	 1.5823 	 0.1647 
10.0000 	 0.6329 	 1.1133 	 0.0000 	 2.8198 	 804.8947 	 10.0000 	 2.1323 	 0.8521 	 0.0000 	 2.9894 	 0.0241 
7.0000 	 0.5330 	 0.0930 	 0.0000 	 4.3682 	 833.7078 	 7.0000 	 0.3200 	 3.3590 	 0.0000 	 1.5089 	 0.3006 
5.0000 	 0.3804 	 1.5582 	 0.0000 	 2.7629 	 820.2974 	 5.0000 	 2.3162 	 4.8648 	 0.0000 	 0.6900 	 0.0901 
10.0000 	 0.6678 	 1.3193 	 0.0000 	 2.4770 	 804.1580 	 10.0000 	 0.2213 	 2.0666 	 0.0000 	 2.0623 	 0.0235 
4.0000 	 0.3200 	 2.0258 	 0.0000 	 2.6761 	 825.0885 	 4.0000 	 2.8113 	 2.4989 	 0.0000 	 2.6883 	 0.0807 
4.0000 	 0.3102 	 1.6217 	 0.0000 	 3.1961 	 826.1430 	 4.0000 	 1.0532 	 3.7727 	 0.0000 	 2.1092 	 0.0470 
10.0000 	 0.6857 	 1.4461 	 0.0000 	 2.3286 	 804.3449 	 10.0000 	 2.4684 	 4.6257 	 0.0000 	 2.2504 	 0.0322 
4.0000 	 0.4487 	 1.2260 	 0.0000 	 3.7178 	 786.3897 	 4.0000 	 2.3109 	 0.3041 	 0.0000 	 0.6167 	 0.1704 
2.0000 	 0.2453 	 9.9929 	 0.0000 	 1.0419 	 834.5264 	 2.0000 	 1.6047 	 2.9921 	 0.0000 	 2.2645 	 0.6593 
2.0000 	 2.4673 	 0.0037 	 0.0000 	 4.2627 	 832.6864 	 2.0000 	 1.2862 	 3.7014 	 0.0000 	 1.5462 	 0.3024 
5.0000 	 0.3846 	 1.6246 	 0.0000 	 2.7435 	 820.1346 	 5.0000 	 0.5018 	 4.7410 	 0.0000 	 0.4252 	 0.0519 
5.0000 	 0.4062 	 1.9021 	 0.0000 	 2.5646 	 820.2541 	 5.0000 	 1.5430 	 2.4777 	 0.0000 	 1.1120 	 0.0723 
2.0000 	 4.5404 	 4.3407 	 0.0000 	 4.2100 	 845.4909 	 2.0000 	 2.0786 	 3.2952 	 0.0000 	 2.3262 	 0.1228 
5.0000 	 0.3904 	 1.6491 	 0.0000 	 2.7614 	 820.2710 	 5.0000 	 2.1094 	 0.8429 	 0.0000 	 0.6056 	 0.0475 
3.0000 	 0.2508 	 2.4017 	 0.0000 	 3.0628 	 830.1057 	 3.0000 	 2.8716 	 3.0264 	 0.0000 	 1.5245 	 0.0982 
3.0000 	 0.2371 	 2.2215 	 0.0000 	 3.0566 	 830.1754 	 3.0000 	 2.2603 	 2.7736 	 0.0000 	 0.7158 	 0.0856 
3.0000 	 0.2311 	 2.3839 	 0.0000 	 2.8255 	 830.1154 	 3.0000 	 2.6786 	 3.6883 	 0.0000 	 0.5439 	 0.1334 
4.0000 	 0.3206 	 1.9132 	 0.0000 	 2.9473 	 825.1842 	 4.0000 	 2.8618 	 4.9824 	 0.0000 	 1.4366 	 0.0480 
5.0000 	 0.3968 	 1.7808 	 0.0000 	 2.6901 	 820.2126 	 5.0000 	 1.3551 	 0.8369 	 0.0000 	 0.8739 	 0.0452 
3.0000 	 0.8388 	 2.3849 	 0.0000 	 4.4209 	 832.3256 	 3.0000 	 1.1289 	 0.3215 	 0.0000 	 0.6328 	 0.3050 
7.0000 	 0.4171 	 0.6351 	 0.0000 	 3.7552 	 820.0414 	 7.0000 	 1.7201 	 3.1694 	 0.0000 	 1.4456 	 0.0417 
3.0000 	 0.3237 	 4.0229 	 0.0000 	 2.9509 	 832.7468 	 3.0000 	 1.7441 	 2.8953 	 0.0000 	 0.8255 	 0.1317 
3.0000 	 0.4349 	 0.0041 	 0.0000 	 4.3389 	 829.0065 	 3.0000 	 2.8595 	 2.7345 	 0.0000 	 0.5779 	 0.1722 
1.0000 	 1.3943 	 4.0276 	 0.0000 	 4.3770 	 828.2092 	 1.0000 	 0.2272 	 0.5103 	 0.0000 	 1.4563 	 0.2992 
2.0000 	 2.2202 	 2.7244 	 0.0000 	 4.1807 	 838.5179 	 2.0000 	 2.2183 	 2.7288 	 0.0000 	 2.6811 	 0.3090 
1.0000 	 3.8437 	 0.0669 	 0.0000 	 4.0582 	 848.2131 	 1.0000 	 1.3065 	 2.8202 	 0.0000 	 2.0001 	 0.0000 
4.0000 	 0.3269 	 2.0638 	 0.0000 	 2.7710 	 824.9884 	 4.0000 	 2.1006 	 2.7973 	 0.0000 	 0.2711 	 0.0686 
2.0000 	 0.2676 	 6.1349 	 0.0000 	 3.0923 	 835.5924 	 2.0000 	 1.6654 	 0.7748 	 0.0000 	 2.0304 	 0.0684 
2.0000 	 1.2112 	 0.4124 	 0.0000 	 4.2305 	 833.7324 	 2.0000 	 0.3956 	 0.1345 	 0.0000 	 1.4404 	 0.3063 
2.0000 	 0.2060 	 7.1034 	 0.0000 	 2.0326 	 834.4357 	 2.0000 	 1.8991 	 2.5413 	 0.0000 	 1.8579 	 0.2240 
3.0000 	 0.2340 	 2.2931 	 0.0000 	 2.8935 	 830.1317 	 3.0000 	 2.0091 	 0.6485 	 0.0000 	 0.9592 	 0.1396 
1.0000 	 0.0690 	 0.1863 	 0.0000 	 4.2772 	 847.7602 	 1.0000 	 1.2738 	 3.1739 	 0.0000 	 0.0714 	 0.0597 
1.0000 	 0.1029 	 9.9981 	 0.0000 	 3.4395 	 837.5812 	 1.0000 	 1.5352 	 4.0915 	 0.0000 	 2.8143 	 0.0655 
1.0000 	 0.0833 	 9.8664 	 0.0000 	 3.5869 	 801.6915 	 1.0000 	 0.9889 	 1.6156 	 0.0000 	 0.3085 	 0.2578 
2.0000 	 1.2018 	 0.0014 	 0.0000 	 4.4385 	 833.4773 	 2.0000 	 2.3306 	 2.6539 	 0.0000 	 1.6159 	 0.2952 
4.0000 	 0.8624 	 9.9994 	 0.0000 	 3.1596 	 840.7329 	 4.0000 	 2.3789 	 3.6555 	 0.0000 	 2.2952 	 0.0534 
1.0000 	 0.1121 	 10.0000 	 0.0000 	 3.1033 	 836.2472 	 1.0000 	 0.1530 	 4.0190 	 0.0000 	 1.5021 	 0.1667 
1.0000 	 0.2742 	 0.0012 	 0.0000 	 4.3301 	 843.5917 	 1.0000 	 0.1493 	 0.8480 	 0.0000 	 0.8478 	 0.3035 
3.0000 	 0.2113 	 2.1047 	 0.0000 	 2.8885 	 830.5809 	 3.0000 	 0.5078 	 4.1485 	 0.0000 	 2.0027 	 0.0435 
3.0000 	 0.1586 	 0.0084 	 0.0000 	 4.0778 	 833.7117 	 3.0000 	 2.1104 	 3.0916 	 0.0000 	 2.2936 	 0.2880 
1.0000 	 2.0937 	 1.8125 	 0.0000 	 4.3989 	 841.3986 	 1.0000 	 2.0976 	 1.8154 	 0.0000 	 2.8994 	 0.3053 
1.0000 	 0.6281 	 0.3267 	 0.0000 	 4.0547 	 833.9922 	 1.0000 	 0.8212 	 3.3031 	 0.0000 	 1.4629 	 0.1939 
49.0000 	 1.5981 	 0.7960 	 0.0000 	 2.6056 	 788.9077 	 49.0000 	 0.3448 	 2.4707 	 0.0000 	 2.1019 	 0.0158 
49.0000 	 1.6210 	 0.8331 	 0.0000 	 2.5776 	 788.9294 	 49.0000 	 2.9576 	 4.8827 	 0.0000 	 0.6714 	 0.0047 
49.0000 	 1.6147 	 0.8137 	 0.0000 	 2.6034 	 788.9182 	 49.0000 	 2.6980 	 4.3848 	 0.0000 	 1.7403 	 0.0054 
49.0000 	 1.6123 	 0.8140 	 0.0000 	 2.6091 	 788.9256 	 49.0000 	 2.6980 	 4.3848 	 0.0000 	 1.7403 	 0.0058 
49.0000 	 1.6202 	 0.8266 	 0.0000 	 2.5936 	 788.9195 	 49.0000 	 1.8931 	 0.6237 	 0.0000 	 2.0185 	 0.0066 
48.0000 	 1.6100 	 0.8454 	 0.0000 	 2.5704 	 788.9625 	 48.0000 	 0.9220 	 2.8274 	 0.0000 	 2.0826 	 0.0097 
48.0000 	 1.6043 	 0.8290 	 0.0000 	 2.6026 	 788.9557 	 48.0000 	 0.1607 	 1.1961 	 0.0000 	 0.2833 	 0.0082 
48.0000 	 1.5956 	 0.8138 	 0.0000 	 2.6120 	 788.9832 	 48.0000 	 1.0818 	 1.3786 	 0.0000 	 0.1290 	 0.0080 
49.0000 	 1.6098 	 0.8090 	 0.0000 	 2.6188 	 788.9235 	 49.0000 	 1.5745 	 2.6057 	 0.0000 	 0.7042 	 0.0107 
48.0000 	 1.6037 	 0.8333 	 0.0000 	 2.5807 	 788.9757 	 48.0000 	 2.5268 	 2.0693 	 0.0000 	 2.0906 	 0.0053 
49.0000 	 1.6139 	 0.7862 	 0.0000 	 2.7588 	 789.2739 	 49.0000 	 1.8400 	 2.2167 	 0.0000 	 0.5602 	 0.1301 
49.0000 	 1.6140 	 0.8204 	 0.0000 	 2.5919 	 788.9206 	 49.0000 	 0.4597 	 3.4145 	 0.0000 	 1.5030 	 0.0072 
49.0000 	 1.6143 	 0.8200 	 0.0000 	 2.5885 	 788.9201 	 49.0000 	 2.1414 	 1.6578 	 0.0000 	 2.5003 	 0.0049 
48.0000 	 1.6224 	 0.8656 	 0.0000 	 2.5647 	 788.9948 	 48.0000 	 1.5025 	 0.8031 	 0.0000 	 0.6460 	 0.0052 
49.0000 	 1.6211 	 0.8273 	 0.0000 	 2.5974 	 788.9273 	 49.0000 	 0.3687 	 2.8659 	 0.0000 	 2.9577 	 0.0089 
47.0000 	 1.5941 	 0.8521 	 0.0000 	 2.5514 	 789.0431 	 47.0000 	 1.9737 	 2.7380 	 0.0000 	 2.9913 	 0.0115 
47.0000 	 1.5771 	 0.8218 	 0.0000 	 2.5937 	 789.0357 	 47.0000 	 2.6056 	 1.9988 	 0.0000 	 2.4617 	 0.0093 
48.0000 	 1.5938 	 0.8167 	 0.0000 	 2.6051 	 788.9888 	 48.0000 	 2.6883 	 2.1373 	 0.0000 	 1.5668 	 0.0047 
47.0000 	 1.6404 	 0.9319 	 0.0000 	 2.4593 	 789.1491 	 47.0000 	 1.4352 	 0.9025 	 0.0000 	 0.7721 	 0.1159 
48.0000 	 1.5958 	 0.8185 	 0.0000 	 2.6102 	 788.9762 	 48.0000 	 2.4026 	 3.5475 	 0.0000 	 1.6128 	 0.0050 
48.0000 	 1.9854 	 2.1775 	 0.0000 	 0.0000 	 803.6873 	 48.0000 	 2.1846 	 4.0075 	 0.0000 	 1.6225 	 0.0538 
47.0000 	 1.5891 	 0.8405 	 0.0000 	 2.5866 	 789.0252 	 47.0000 	 2.4977 	 0.8728 	 0.0000 	 1.8026 	 0.0075 
47.0000 	 1.5887 	 0.8345 	 0.0000 	 2.6039 	 789.0399 	 47.0000 	 2.1727 	 4.0035 	 0.0000 	 2.6679 	 0.0131 
47.0000 	 1.5871 	 0.8367 	 0.0000 	 2.5814 	 789.0352 	 47.0000 	 1.4835 	 3.3653 	 0.0000 	 2.7336 	 0.0059 
47.0000 	 1.5831 	 0.8294 	 0.0000 	 2.5980 	 789.0384 	 47.0000 	 0.7631 	 0.9541 	 0.0000 	 0.6620 	 0.0088 
47.0000 	 1.5839 	 0.8314 	 0.0000 	 2.5931 	 789.0392 	 47.0000 	 1.7101 	 3.9737 	 0.0000 	 2.6764 	 0.0067 
47.0000 	 1.5894 	 0.8411 	 0.0000 	 2.5833 	 789.0290 	 47.0000 	 0.5781 	 4.4610 	 0.0000 	 0.2655 	 0.0085 
48.0000 	 1.6086 	 0.8423 	 0.0000 	 2.5836 	 788.9851 	 48.0000 	 1.8683 	 2.1681 	 0.0000 	 0.2980 	 0.0052 
48.0000 	 1.6050 	 0.8387 	 0.0000 	 2.5770 	 788.9795 	 48.0000 	 0.5196 	 0.2097 	 0.0000 	 2.0345 	 0.0062 
46.0000 	 1.5784 	 0.8575 	 0.0000 	 2.5601 	 789.1031 	 46.0000 	 2.3503 	 1.6934 	 0.0000 	 2.2732 	 0.0089 
46.0000 	 1.5618 	 0.8253 	 0.0000 	 2.5975 	 789.0978 	 46.0000 	 0.1223 	 3.3269 	 0.0000 	 0.5703 	 0.0049 
45.0000 	 1.5311 	 0.8078 	 0.0000 	 2.5986 	 789.1842 	 45.0000 	 2.3832 	 2.0460 	 0.0000 	 0.8555 	 0.0062 
46.0000 	 1.5713 	 0.8421 	 0.0000 	 2.5807 	 789.1011 	 46.0000 	 1.9510 	 4.2581 	 0.0000 	 1.8203 	 0.0087 
46.0000 	 1.5722 	 0.8489 	 0.0000 	 2.5569 	 789.1010 	 46.0000 	 1.8258 	 0.5731 	 0.0000 	 0.8862 	 0.0053 
46.0000 	 1.5548 	 0.8029 	 0.0000 	 2.6480 	 789.1354 	 46.0000 	 0.5006 	 2.3003 	 0.0000 	 1.2535 	 0.0139 
45.0000 	 1.5372 	 0.8183 	 0.0000 	 2.5966 	 789.1698 	 45.0000 	 2.4388 	 2.4022 	 0.0000 	 0.1351 	 0.0069 
44.0000 	 1.5197 	 0.8220 	 0.0000 	 2.5972 	 789.2558 	 44.0000 	 0.2509 	 4.8346 	 0.0000 	 1.3871 	 0.0143 
44.0000 	 1.5488 	 0.8702 	 0.0000 	 2.5812 	 789.2628 	 44.0000 	 2.0374 	 4.4603 	 0.0000 	 1.7684 	 0.0062 
44.0000 	 1.5317 	 0.8433 	 0.0000 	 2.5886 	 789.2215 	 44.0000 	 2.0252 	 4.6644 	 0.0000 	 2.2502 	 0.0086 
43.0000 	 1.9668 	 0.0070 	 0.0000 	 4.4824 	 832.4364 	 43.0000 	 0.8728 	 3.4716 	 0.0000 	 0.5475 	 0.3064 
44.0000 	 1.4084 	 0.7123 	 0.0000 	 2.6195 	 789.6417 	 44.0000 	 0.1199 	 2.5102 	 0.0000 	 1.2045 	 0.8208 
42.0000 	 1.4921 	 0.8493 	 0.0000 	 2.5522 	 789.3933 	 42.0000 	 2.9645 	 0.9427 	 0.0000 	 0.2438 	 0.0087 
44.0000 	 1.5299 	 0.8355 	 0.0000 	 2.6054 	 789.2484 	 44.0000 	 2.3263 	 4.4828 	 0.0000 	 1.8098 	 0.0067 
42.0000 	 1.5053 	 0.8755 	 0.0000 	 2.5408 	 789.4051 	 42.0000 	 2.3537 	 2.0219 	 0.0000 	 1.2427 	 0.0068 
41.0000 	 1.4857 	 0.8707 	 0.0000 	 2.5561 	 789.4796 	 41.0000 	 0.5602 	 0.7110 	 0.0000 	 0.5957 	 0.0109 
43.0000 	 1.4983 	 0.8191 	 0.0000 	 2.6021 	 789.3184 	 43.0000 	 1.2652 	 1.9947 	 0.0000 	 2.4562 	 0.0071 
43.0000 	 0.3129 	 0.0041 	 0.0000 	 3.7068 	 736.9796 	 43.0000 	 0.6533 	 0.6335 	 0.0000 	 0.7757 	 0.2785 
43.0000 	 1.5109 	 0.8444 	 0.0000 	 2.5779 	 789.3024 	 43.0000 	 1.8473 	 3.2635 	 0.0000 	 2.9025 	 0.0103 
42.0000 	 2.3177 	 0.8089 	 0.0000 	 4.3330 	 822.7498 	 42.0000 	 2.6307 	 1.1300 	 0.0000 	 0.6622 	 0.3114 
41.0000 	 1.4742 	 0.8475 	 0.0000 	 2.5761 	 789.4590 	 41.0000 	 1.4960 	 1.7445 	 0.0000 	 0.2685 	 0.0060 
41.0000 	 1.4774 	 0.8569 	 0.0000 	 2.5621 	 789.4820 	 41.0000 	 2.6935 	 4.8058 	 0.0000 	 2.1773 	 0.0289 
39.0000 	 0.2690 	 0.0061 	 0.0000 	 4.2325 	 825.4984 	 39.0000 	 0.8351 	 1.9101 	 0.0000 	 1.1746 	 0.4088 
41.0000 	 1.3988 	 0.7283 	 0.0000 	 2.6895 	 789.7486 	 41.0000 	 2.1241 	 4.3858 	 0.0000 	 0.8035 	 0.0122 
38.0000 	 1.4280 	 0.8903 	 0.0000 	 2.5405 	 789.7495 	 38.0000 	 2.8871 	 1.3322 	 0.0000 	 2.9493 	 0.0064 
39.0000 	 1.4366 	 0.8550 	 0.0000 	 2.5694 	 789.6500 	 39.0000 	 1.5873 	 3.0032 	 0.0000 	 2.4880 	 0.0097 
37.0000 	 1.4050 	 0.8843 	 0.0000 	 2.5506 	 789.8660 	 37.0000 	 1.8427 	 4.0459 	 0.0000 	 2.0237 	 0.0084 
39.0000 	 1.4443 	 0.8768 	 0.0000 	 2.5476 	 789.6467 	 39.0000 	 0.0079 	 4.9637 	 0.0000 	 1.4156 	 0.0067 
38.0000 	 1.4075 	 0.8466 	 0.0000 	 2.5810 	 789.7741 	 38.0000 	 0.1832 	 3.0386 	 0.0000 	 0.7305 	 0.0105 
39.0000 	 1.4407 	 0.8680 	 0.0000 	 2.5638 	 789.6551 	 39.0000 	 0.3932 	 3.0260 	 0.0000 	 0.5425 	 0.0105 
37.0000 	 1.4063 	 0.8900 	 0.0000 	 2.5450 	 789.8457 	 37.0000 	 0.6658 	 0.9951 	 0.0000 	 1.2034 	 0.0084 
38.0000 	 2.8850 	 0.5610 	 0.0000 	 2.5166 	 738.4976 	 38.0000 	 1.3613 	 0.6441 	 0.0000 	 0.3867 	 0.1631 
38.0000 	 1.4074 	 0.8390 	 0.0000 	 2.6208 	 789.7868 	 38.0000 	 0.3808 	 1.6014 	 0.0000 	 0.4684 	 0.0071 
39.0000 	 1.4468 	 0.8815 	 0.0000 	 2.5416 	 789.6186 	 39.0000 	 0.6979 	 3.3073 	 0.0000 	 0.5781 	 0.0118 
36.0000 	 1.3920 	 0.8947 	 0.0000 	 2.5589 	 789.9708 	 36.0000 	 1.9290 	 2.6407 	 0.0000 	 2.6940 	 0.0095 
39.0000 	 1.4241 	 0.8367 	 0.0000 	 2.6046 	 789.6663 	 39.0000 	 1.4945 	 3.9362 	 0.0000 	 0.0487 	 0.0117 
37.0000 	 1.4057 	 0.8830 	 0.0000 	 2.5793 	 789.8608 	 37.0000 	 0.4542 	 2.7220 	 0.0000 	 2.1890 	 0.0065 
36.0000 	 1.3888 	 0.8963 	 0.0000 	 2.5466 	 789.9648 	 36.0000 	 2.5650 	 3.8149 	 0.0000 	 1.4740 	 0.0079 
35.0000 	 1.3785 	 0.9233 	 0.0000 	 2.5179 	 790.0936 	 35.0000 	 1.1895 	 2.2485 	 0.0000 	 1.6896 	 0.0089 
37.0000 	 1.4040 	 0.8821 	 0.0000 	 2.5521 	 789.8527 	 37.0000 	 0.5291 	 3.1243 	 0.0000 	 1.7536 	 0.0069 
36.0000 	 1.8767 	 2.8401 	 0.0000 	 4.1133 	 802.3721 	 36.0000 	 1.9047 	 1.2469 	 0.0000 	 2.4168 	 0.2145 
36.0000 	 1.3737 	 0.8689 	 0.0000 	 2.5768 	 789.9815 	 36.0000 	 1.2155 	 3.5664 	 0.0000 	 0.2728 	 0.0131 
34.0000 	 1.3517 	 0.9093 	 0.0000 	 2.5483 	 790.2344 	 34.0000 	 0.8514 	 3.8974 	 0.0000 	 2.4581 	 0.0058 
35.0000 	 1.3671 	 0.8983 	 0.0000 	 2.5445 	 790.0891 	 35.0000 	 1.3162 	 0.0675 	 0.0000 	 1.8627 	 0.0060 
32.0000 	 2.3177 	 0.8089 	 0.0000 	 4.3330 	 834.2447 	 32.0000 	 0.7073 	 0.5471 	 0.0000 	 1.0856 	 0.3038 
34.0000 	 1.3434 	 0.8995 	 0.0000 	 2.5502 	 790.2288 	 34.0000 	 0.5318 	 0.7583 	 0.0000 	 0.0978 	 0.0075 
33.0000 	 1.3327 	 0.9300 	 0.0000 	 2.5188 	 790.3651 	 33.0000 	 0.4634 	 4.5854 	 0.0000 	 1.2487 	 0.0104 
35.0000 	 1.3502 	 0.8647 	 0.0000 	 2.5872 	 790.0987 	 35.0000 	 0.6891 	 3.8739 	 0.0000 	 2.9857 	 0.0682 
34.0000 	 1.3433 	 0.9039 	 0.0000 	 2.5286 	 790.2180 	 34.0000 	 2.2797 	 0.5294 	 0.0000 	 2.1457 	 0.0083 
31.0000 	 1.2828 	 0.9273 	 0.0000 	 2.5151 	 790.6660 	 31.0000 	 0.0095 	 1.8192 	 0.0000 	 0.7980 	 0.0088 
35.0000 	 1.3468 	 0.8629 	 0.0000 	 2.5539 	 790.1135 	 35.0000 	 1.0748 	 3.3406 	 0.0000 	 0.0929 	 0.0095 
32.0000 	 0.3440 	 0.0084 	 0.0000 	 4.1368 	 835.7748 	 32.0000 	 0.7993 	 2.0314 	 0.0000 	 1.3199 	 0.0038 
38.0000 	 1.4277 	 0.8875 	 0.0000 	 2.5348 	 789.7449 	 38.0000 	 1.3302 	 4.6847 	 0.0000 	 2.2900 	 0.0058 
34.0000 	 1.3409 	 0.8987 	 0.0000 	 2.5395 	 790.2228 	 34.0000 	 1.5498 	 2.7537 	 0.0000 	 1.9895 	 0.0057 
35.0000 	 4.8476 	 0.0010 	 0.0000 	 4.0564 	 848.2132 	 35.0000 	 0.0842 	 3.9610 	 0.0000 	 2.8465 	 0.0000 
35.0000 	 1.3709 	 0.9141 	 0.0000 	 2.5240 	 790.0945 	 35.0000 	 2.8190 	 2.8223 	 0.0000 	 1.7466 	 0.0074 
37.0000 	 1.4098 	 0.8994 	 0.0000 	 2.5176 	 789.8661 	 37.0000 	 0.4974 	 3.5906 	 0.0000 	 2.2772 	 0.0062 
39.0000 	 1.4349 	 0.8580 	 0.0000 	 2.5861 	 789.6572 	 39.0000 	 0.8481 	 3.2093 	 0.0000 	 2.6394 	 0.0073 
34.0000 	 1.3421 	 0.8939 	 0.0000 	 2.5345 	 790.2114 	 34.0000 	 2.7340 	 4.8156 	 0.0000 	 1.9732 	 0.0111 
31.0000 	 1.2920 	 0.9513 	 0.0000 	 2.5091 	 790.6637 	 31.0000 	 0.8984 	 0.1895 	 0.0000 	 1.8529 	 0.0115 
33.0000 	 1.3405 	 0.9392 	 0.0000 	 2.5253 	 790.3685 	 33.0000 	 1.2423 	 2.7243 	 0.0000 	 2.8858 	 0.0081 
33.0000 	 1.3238 	 0.9109 	 0.0000 	 2.5383 	 790.3521 	 33.0000 	 2.3211 	 4.6695 	 0.0000 	 1.1997 	 0.0086 
28.0000 	 1.2229 	 0.9716 	 0.0000 	 2.4890 	 791.2539 	 28.0000 	 1.1957 	 4.4498 	 0.0000 	 2.5579 	 0.0139 
31.0000 	 1.2892 	 0.9474 	 0.0000 	 2.4978 	 790.6787 	 31.0000 	 0.3108 	 2.4383 	 0.0000 	 1.2127 	 0.0123 
31.0000 	 1.2768 	 0.9233 	 0.0000 	 2.5071 	 790.6761 	 31.0000 	 0.0813 	 1.0321 	 0.0000 	 2.9101 	 0.0083 
29.0000 	 1.2347 	 0.9288 	 0.0000 	 2.5495 	 791.0447 	 29.0000 	 1.7770 	 4.5661 	 0.0000 	 1.7570 	 0.0105 
28.0000 	 1.1938 	 0.8970 	 0.0000 	 2.5711 	 791.2758 	 28.0000 	 2.4197 	 0.7971 	 0.0000 	 0.5534 	 0.0093 
29.0000 	 2.6062 	 9.9929 	 0.0000 	 0.7500 	 825.1484 	 29.0000 	 0.8079 	 3.2029 	 0.0000 	 2.2817 	 0.0752 
27.0000 	 1.1918 	 0.9593 	 0.0000 	 2.5130 	 791.4415 	 27.0000 	 2.8701 	 1.4159 	 0.0000 	 1.9230 	 0.0137 
29.0000 	 1.2242 	 0.9072 	 0.0000 	 2.5371 	 791.0621 	 29.0000 	 1.6344 	 2.4508 	 0.0000 	 0.7749 	 0.1574 
35.0000 	 1.3767 	 0.9156 	 0.0000 	 2.5328 	 790.0965 	 35.0000 	 1.1458 	 2.5019 	 0.0000 	 1.1703 	 0.0090 
26.0000 	 1.1558 	 0.9408 	 0.0000 	 2.5108 	 791.7320 	 26.0000 	 0.3366 	 3.6408 	 0.0000 	 2.5356 	 0.0083 
24.0000 	 1.1149 	 0.9818 	 0.0000 	 2.5008 	 792.3146 	 24.0000 	 2.2142 	 0.8259 	 0.0000 	 0.5964 	 0.0111 
34.0000 	 1.3256 	 0.8659 	 0.0000 	 2.5810 	 790.2517 	 34.0000 	 2.4629 	 1.1989 	 0.0000 	 1.8319 	 0.0141 
32.0000 	 1.3117 	 0.9342 	 0.0000 	 2.5136 	 790.5287 	 32.0000 	 1.2468 	 1.9066 	 0.0000 	 2.9564 	 0.0093 
32.0000 	 1.3023 	 0.9162 	 0.0000 	 2.5382 	 790.5226 	 32.0000 	 2.0548 	 3.4722 	 0.0000 	 0.4158 	 0.0083 
31.0000 	 1.3506 	 1.0871 	 0.0000 	 2.3177 	 791.1059 	 31.0000 	 1.7483 	 4.2090 	 0.0000 	 0.5885 	 0.3755 
36.0000 	 1.3906 	 0.9043 	 0.0000 	 2.5441 	 789.9741 	 36.0000 	 1.7936 	 0.6426 	 0.0000 	 0.1656 	 0.0074 
31.0000 	 1.2820 	 0.9233 	 0.0000 	 2.5252 	 790.6631 	 31.0000 	 0.2711 	 3.7405 	 0.0000 	 2.5415 	 0.0089 
27.0000 	 1.1862 	 0.9461 	 0.0000 	 2.5203 	 791.4696 	 27.0000 	 1.8611 	 0.9006 	 0.0000 	 1.7150 	 0.0116 
26.0000 	 1.1591 	 0.9392 	 0.0000 	 2.5434 	 791.7527 	 26.0000 	 1.0405 	 1.0967 	 0.0000 	 1.0444 	 0.0122 
27.0000 	 1.1660 	 0.9075 	 0.0000 	 2.5111 	 791.3950 	 27.0000 	 0.4019 	 3.0093 	 0.0000 	 2.6410 	 0.0226 
24.0000 	 1.1169 	 0.9875 	 0.0000 	 2.4924 	 792.2897 	 24.0000 	 0.3109 	 3.8697 	 0.0000 	 1.2407 	 0.0087 
23.0000 	 1.0968 	 1.0115 	 0.0000 	 2.4983 	 792.6226 	 23.0000 	 0.9198 	 1.4225 	 0.0000 	 2.1784 	 0.0126 
26.0000 	 1.1891 	 1.0245 	 0.0000 	 2.4740 	 791.7704 	 26.0000 	 1.1728 	 1.2146 	 0.0000 	 1.2487 	 0.0084 
26.0000 	 1.1782 	 1.0090 	 0.0000 	 2.4506 	 791.7285 	 26.0000 	 0.3864 	 2.9053 	 0.0000 	 1.9108 	 0.0171 
22.0000 	 1.0753 	 1.0312 	 0.0000 	 2.4814 	 792.9767 	 22.0000 	 0.5164 	 2.3367 	 0.0000 	 1.7751 	 0.0244 
23.0000 	 1.0929 	 1.0077 	 0.0000 	 2.4764 	 792.6472 	 23.0000 	 0.0437 	 4.8538 	 0.0000 	 1.5774 	 0.0348 
21.0000 	 1.0335 	 1.0230 	 0.0000 	 2.4646 	 793.4067 	 21.0000 	 0.5814 	 0.3964 	 0.0000 	 1.3961 	 0.0122 
23.0000 	 1.0751 	 0.9352 	 0.0000 	 2.5979 	 792.7404 	 23.0000 	 0.3014 	 0.9239 	 0.0000 	 1.2036 	 0.0111 
19.0000 	 0.9774 	 1.0380 	 0.0000 	 2.4881 	 794.4243 	 19.0000 	 0.9422 	 1.9806 	 0.0000 	 0.6145 	 0.0195 
28.0000 	 1.2067 	 0.9279 	 0.0000 	 2.5251 	 791.2606 	 28.0000 	 2.8711 	 3.4154 	 0.0000 	 1.0418 	 0.0088 
21.0000 	 1.0394 	 1.0271 	 0.0000 	 2.4922 	 793.4693 	 21.0000 	 1.9789 	 2.4967 	 0.0000 	 0.8355 	 0.0326 
21.0000 	 1.0354 	 1.0144 	 0.0000 	 2.4907 	 793.4214 	 21.0000 	 0.0330 	 2.9276 	 0.0000 	 0.1896 	 0.0113 
17.0000 	 5.8083 	 1.7605 	 0.0000 	 2.5811 	 912.3040 	 17.0000 	 0.7838 	 1.7580 	 0.0000 	 2.5808 	 0.2998 
18.0000 	 0.9551 	 1.0871 	 0.0000 	 2.4400 	 794.9470 	 18.0000 	 2.1322 	 2.3324 	 0.0000 	 1.1129 	 0.0156 
21.0000 	 2.8373 	 10.0000 	 0.0000 	 3.7571 	 842.7887 	 21.0000 	 0.0491 	 2.6859 	 0.0000 	 1.8269 	 0.0206 
16.0000 	 0.8928 	 1.1183 	 0.0000 	 2.4534 	 796.3737 	 16.0000 	 1.1726 	 3.2420 	 0.0000 	 1.0524 	 0.0194 
21.0000 	 1.0496 	 1.0591 	 0.0000 	 2.4597 	 793.4140 	 21.0000 	 1.8090 	 1.1387 	 0.0000 	 0.9543 	 0.0199 
17.0000 	 0.9367 	 1.1416 	 0.0000 	 2.4319 	 795.6275 	 17.0000 	 1.1626 	 0.0128 	 0.0000 	 1.6299 	 0.0204 
14.0000 	 0.8265 	 1.1871 	 0.0000 	 2.4235 	 798.2219 	 14.0000 	 0.6688 	 1.4903 	 0.0000 	 2.3107 	 0.0182 
17.0000 	 0.9272 	 1.1114 	 0.0000 	 2.4472 	 795.6274 	 17.0000 	 0.4670 	 3.8086 	 0.0000 	 0.9856 	 0.0118 
21.0000 	 1.0450 	 1.0290 	 0.0000 	 2.4930 	 793.3897 	 21.0000 	 0.8472 	 3.9415 	 0.0000 	 2.6743 	 0.0154 
29.0000 	 2.5303 	 9.2373 	 0.0000 	 0.1303 	 830.3865 	 29.0000 	 0.0236 	 1.6624 	 0.0000 	 0.3379 	 0.1601 
18.0000 	 4.5789 	 0.0082 	 0.0000 	 4.0575 	 848.2124 	 18.0000 	 0.0235 	 3.8499 	 0.0000 	 2.2662 	 0.0000 
13.0000 	 0.7228 	 1.4558 	 0.0000 	 0.7753 	 819.0485 	 13.0000 	 0.1595 	 0.3887 	 0.0000 	 1.3602 	 0.5553 
12.0000 	 0.7515 	 1.2449 	 0.0000 	 2.4553 	 800.7166 	 12.0000 	 0.6081 	 1.8332 	 0.0000 	 0.7562 	 0.0191 
16.0000 	 0.8922 	 1.1078 	 0.0000 	 2.4740 	 796.3526 	 16.0000 	 2.0607 	 4.5079 	 0.0000 	 0.8714 	 0.0243 
17.0000 	 0.9167 	 1.0709 	 0.0000 	 2.5023 	 795.6421 	 17.0000 	 2.9415 	 1.2315 	 0.0000 	 1.2402 	 0.0184 
13.0000 	 0.7873 	 1.1864 	 0.0000 	 2.4768 	 799.3786 	 13.0000 	 2.6202 	 2.2132 	 0.0000 	 2.5734 	 0.0217 
11.0000 	 0.6987 	 1.1853 	 0.0000 	 2.6288 	 802.4404 	 11.0000 	 2.7714 	 0.4416 	 0.0000 	 1.4566 	 0.0253 
9.0000 	 5.6973 	 0.0093 	 0.0000 	 4.0565 	 848.2130 	 9.0000 	 2.2287 	 1.5213 	 0.0000 	 0.1647 	 0.0000 
14.0000 	 0.8316 	 1.2040 	 0.0000 	 2.4282 	 798.2300 	 14.0000 	 1.6617 	 1.1733 	 0.0000 	 1.9019 	 0.0227 
16.0000 	 0.8855 	 1.1003 	 0.0000 	 2.4932 	 796.4018 	 16.0000 	 1.4542 	 3.6501 	 0.0000 	 2.8085 	 0.0198 
8.0000 	 0.5790 	 1.4758 	 0.0000 	 2.4946 	 808.9911 	 8.0000 	 0.2398 	 4.3076 	 0.0000 	 1.8668 	 0.0344 
14.0000 	 2.1943 	 0.0507 	 0.0000 	 4.1484 	 797.3755 	 14.0000 	 2.2168 	 2.1103 	 0.0000 	 1.0940 	 0.2507 
12.0000 	 0.7518 	 1.2421 	 0.0000 	 2.4313 	 800.7262 	 12.0000 	 2.8665 	 1.8114 	 0.0000 	 2.5643 	 0.0252 
19.0000 	 0.8640 	 0.6334 	 0.0000 	 3.3671 	 799.9889 	 19.0000 	 2.8480 	 2.0383 	 0.0000 	 2.0444 	 0.0265 
14.0000 	 0.8271 	 1.1636 	 0.0000 	 2.4878 	 798.2273 	 14.0000 	 0.8131 	 1.7674 	 0.0000 	 0.5004 	 0.0166 
24.0000 	 1.1305 	 1.0291 	 0.0000 	 2.4326 	 792.3057 	 24.0000 	 1.9457 	 2.1997 	 0.0000 	 2.9119 	 0.0195 
9.0000 	 0.6235 	 1.3695 	 0.0000 	 2.5264 	 806.3813 	 9.0000 	 0.1597 	 3.2644 	 0.0000 	 2.6343 	 0.0231 
18.0000 	 0.9621 	 1.1119 	 0.0000 	 2.4108 	 794.9803 	 18.0000 	 1.7645 	 2.6656 	 0.0000 	 0.8341 	 0.0137 
12.0000 	 1.0278 	 0.0122 	 0.0000 	 4.4971 	 845.7924 	 12.0000 	 2.6736 	 0.6690 	 0.0000 	 0.5503 	 0.3112 
6.0000 	 0.4859 	 1.7393 	 0.0000 	 2.7282 	 816.3297 	 6.0000 	 2.3973 	 4.4009 	 0.0000 	 2.0227 	 0.0499 
17.0000 	 0.9160 	 1.0629 	 0.0000 	 2.4884 	 795.6404 	 17.0000 	 1.1164 	 3.2254 	 0.0000 	 2.5132 	 0.0180 
11.0000 	 5.8499 	 0.1144 	 0.0000 	 4.0534 	 848.2084 	 11.0000 	 2.0195 	 3.4408 	 0.0000 	 2.9061 	 0.0000 
11.0000 	 2.4673 	 0.0037 	 0.0000 	 4.2627 	 844.4344 	 11.0000 	 2.0243 	 2.3398 	 0.0000 	 2.0711 	 0.3139 
6.0000 	 0.4506 	 1.4860 	 0.0000 	 2.7448 	 815.8210 	 6.0000 	 1.5453 	 3.4542 	 0.0000 	 0.1322 	 0.0488 
8.0000 	 0.5624 	 1.3448 	 0.0000 	 2.5876 	 808.9915 	 8.0000 	 2.8954 	 1.6762 	 0.0000 	 2.1551 	 0.0278 
8.0000 	 0.5698 	 1.3917 	 0.0000 	 2.6002 	 808.9720 	 8.0000 	 1.2341 	 1.6693 	 0.0000 	 2.1389 	 0.0451 
24.0000 	 1.5925 	 0.0645 	 0.0000 	 4.0986 	 788.6289 	 24.0000 	 2.9231 	 3.4367 	 0.0000 	 0.6213 	 0.1990 
18.0000 	 2.0135 	 0.0856 	 0.0000 	 4.2803 	 790.8051 	 18.0000 	 1.1841 	 0.5236 	 0.0000 	 0.7747 	 0.2022 
17.0000 	 0.9374 	 1.1516 	 0.0000 	 2.4102 	 795.6179 	 17.0000 	 0.9955 	 1.4191 	 0.0000 	 1.7388 	 0.0153 
13.0000 	 0.7871 	 1.1859 	 0.0000 	 2.4937 	 799.4280 	 13.0000 	 2.7015 	 2.1220 	 0.0000 	 1.2058 	 0.0192 
29.0000 	 1.2375 	 0.9416 	 0.0000 	 2.5055 	 791.0301 	 29.0000 	 2.8656 	 2.9016 	 0.0000 	 2.1968 	 0.0090 
14.0000 	 0.8175 	 1.1258 	 0.0000 	 2.5067 	 798.2663 	 14.0000 	 1.8331 	 4.7581 	 0.0000 	 2.2165 	 0.0222 
8.0000 	 0.5742 	 1.4569 	 0.0000 	 2.4742 	 809.0105 	 8.0000 	 0.6704 	 2.9725 	 0.0000 	 1.5671 	 0.0482 
13.0000 	 1.6821 	 0.8790 	 0.0000 	 4.4517 	 842.5641 	 13.0000 	 1.6813 	 0.8788 	 0.0000 	 2.9521 	 0.3187 
23.0000 	 1.0835 	 0.9784 	 0.0000 	 2.5278 	 792.7171 	 23.0000 	 1.4522 	 4.6410 	 0.0000 	 1.4166 	 0.1337 
17.0000 	 0.9306 	 1.1273 	 0.0000 	 2.4435 	 795.6453 	 17.0000 	 0.8412 	 1.0135 	 0.0000 	 2.4302 	 0.0139 
13.0000 	 1.4107 	 3.4104 	 0.0000 	 2.7437 	 770.1729 	 13.0000 	 1.4124 	 3.4087 	 0.0000 	 1.2431 	 0.1919 
12.0000 	 0.2832 	 0.0195 	 0.0000 	 3.7921 	 837.6610 	 12.0000 	 0.0698 	 4.7438 	 0.0000 	 1.2449 	 0.0047 
19.0000 	 0.9856 	 1.0673 	 0.0000 	 2.4566 	 794.3861 	 19.0000 	 2.4802 	 4.2957 	 0.0000 	 0.5169 	 0.0122 
16.0000 	 0.8907 	 1.1157 	 0.0000 	 2.4807 	 796.4048 	 16.0000 	 2.6158 	 1.4641 	 0.0000 	 1.3366 	 0.0167 
13.0000 	 2.6889 	 1.1761 	 0.0000 	 4.1777 	 839.7397 	 13.0000 	 0.6473 	 4.7395 	 0.0000 	 2.3361 	 0.3043 
9.0000 	 0.6207 	 1.3206 	 0.0000 	 2.5923 	 806.4971 	 9.0000 	 0.6075 	 2.7207 	 0.0000 	 2.0910 	 0.0378 
22.0000 	 1.0504 	 0.9758 	 0.0000 	 2.4947 	 793.0162 	 22.0000 	 1.0632 	 2.2238 	 0.0000 	 0.6666 	 0.0122 
6.0000 	 0.4601 	 1.5937 	 0.0000 	 2.6268 	 815.8001 	 6.0000 	 2.2748 	 4.5102 	 0.0000 	 0.5179 	 0.0492 
11.0000 	 5.7740 	 0.0352 	 0.0000 	 4.0576 	 848.2119 	 11.0000 	 0.2434 	 1.4763 	 0.0000 	 2.0762 	 0.0000 
13.0000 	 0.8728 	 1.2108 	 0.0000 	 2.6320 	 803.9424 	 13.0000 	 2.6475 	 3.0422 	 0.0000 	 2.1914 	 0.0513 
18.0000 	 0.9471 	 1.0545 	 0.0000 	 2.5061 	 794.9843 	 18.0000 	 1.5095 	 0.0100 	 0.0000 	 0.4264 	 0.0264 
21.0000 	 1.0533 	 1.0659 	 0.0000 	 2.4390 	 793.4290 	 21.0000 	 2.4813 	 0.2238 	 0.0000 	 2.2107 	 0.0153 
19.0000 	 0.2804 	 0.0147 	 0.0000 	 3.9635 	 827.8961 	 19.0000 	 2.4102 	 0.1366 	 0.0000 	 1.3327 	 0.0199 
9.0000 	 2.1943 	 0.0507 	 0.0000 	 4.1484 	 811.4295 	 9.0000 	 2.4476 	 2.5295 	 0.0000 	 1.9916 	 0.3366 
9.0000 	 0.6079 	 1.2483 	 0.0000 	 2.6315 	 806.4688 	 9.0000 	 0.8315 	 2.0803 	 0.0000 	 1.3043 	 0.0283 
8.0000 	 0.5836 	 1.5119 	 0.0000 	 2.4790 	 809.0162 	 8.0000 	 2.1296 	 0.2081 	 0.0000 	 1.4479 	 0.0617 
13.0000 	 0.7911 	 1.2083 	 0.0000 	 2.4326 	 799.4239 	 13.0000 	 1.0378 	 2.5021 	 0.0000 	 1.7140 	 0.0189 
14.0000 	 0.7745 	 0.9229 	 0.0000 	 2.8756 	 799.3894 	 14.0000 	 0.9900 	 2.3626 	 0.0000 	 2.8948 	 0.0193 
18.0000 	 0.3530 	 0.0488 	 0.0000 	 3.9751 	 824.6354 	 18.0000 	 0.3691 	 2.1717 	 0.0000 	 1.3506 	 0.0543 
27.0000 	 1.1810 	 0.9258 	 0.0000 	 2.5535 	 791.4843 	 27.0000 	 1.6260 	 3.3507 	 0.0000 	 0.9398 	 0.0106 
9.0000 	 0.6061 	 1.2526 	 0.0000 	 2.6092 	 806.4973 	 9.0000 	 0.3901 	 2.1461 	 0.0000 	 1.3361 	 0.0310 
16.0000 	 0.8976 	 1.1369 	 0.0000 	 2.4581 	 796.3692 	 16.0000 	 0.4951 	 4.6321 	 0.0000 	 1.3823 	 0.0173 
6.0000 	 0.4489 	 1.5171 	 0.0000 	 2.6461 	 815.8277 	 6.0000 	 1.6442 	 1.1150 	 0.0000 	 1.3565 	 0.0401 
12.0000 	 0.7584 	 1.2829 	 0.0000 	 2.4096 	 800.7701 	 12.0000 	 0.0055 	 3.5132 	 0.0000 	 2.2899 	 0.0447 
9.0000 	 0.6308 	 1.4353 	 0.0000 	 2.4592 	 806.4215 	 9.0000 	 2.8357 	 3.5741 	 0.0000 	 1.2516 	 0.0361 
6.0000 	 2.6062 	 0.0132 	 0.0000 	 4.0488 	 840.3253 	 6.0000 	 1.6350 	 1.8985 	 0.0000 	 1.8876 	 0.3001 
21.0000 	 1.0565 	 1.0857 	 0.0000 	 2.4421 	 793.4472 	 21.0000 	 0.8400 	 0.3649 	 0.0000 	 0.0233 	 0.0281 
9.0000 	 0.4666 	 0.5359 	 0.0000 	 4.4897 	 810.4442 	 9.0000 	 0.4667 	 0.5354 	 0.0000 	 2.9901 	 0.3163 
11.0000 	 2.0613 	 2.4554 	 0.0000 	 4.2773 	 836.2930 	 11.0000 	 2.0574 	 2.4599 	 0.0000 	 2.7778 	 0.3023 
17.0000 	 0.9341 	 1.1404 	 0.0000 	 2.4225 	 795.6274 	 17.0000 	 1.1575 	 3.8829 	 0.0000 	 1.2465 	 0.0160 
6.0000 	 1.0278 	 0.0122 	 0.0000 	 4.4971 	 830.7958 	 6.0000 	 2.7273 	 0.7599 	 0.0000 	 1.5467 	 0.2304 
14.0000 	 0.8266 	 1.1709 	 0.0000 	 2.4650 	 798.2218 	 14.0000 	 0.9419 	 2.4810 	 0.0000 	 0.3232 	 0.0187 
17.0000 	 0.9180 	 1.0700 	 0.0000 	 2.4987 	 795.6227 	 17.0000 	 0.2981 	 4.7376 	 0.0000 	 0.6183 	 0.0143 
13.0000 	 2.4673 	 0.0037 	 0.0000 	 4.2627 	 846.2896 	 13.0000 	 2.4641 	 2.8152 	 0.0000 	 2.4856 	 0.3072 
8.0000 	 0.5718 	 1.4281 	 0.0000 	 2.5189 	 808.9966 	 8.0000 	 2.3381 	 3.7373 	 0.0000 	 1.3766 	 0.0324 
26.0000 	 2.6369 	 0.2908 	 0.0000 	 4.0752 	 792.4289 	 26.0000 	 2.6410 	 0.2911 	 0.0000 	 2.5751 	 0.2232 
6.0000 	 0.8388 	 2.3849 	 0.0000 	 4.4209 	 817.5400 	 6.0000 	 0.6655 	 3.6146 	 0.0000 	 0.4776 	 0.3186 
13.0000 	 4.6804 	 0.0016 	 0.0000 	 4.0574 	 848.2123 	 13.0000 	 2.8601 	 2.6950 	 0.0000 	 1.7443 	 0.0000 
12.0000 	 0.7361 	 1.1191 	 0.0000 	 2.5985 	 800.8995 	 12.0000 	 0.0390 	 1.5549 	 0.0000 	 0.7284 	 0.1534 
16.0000 	 0.8257 	 0.8792 	 0.0000 	 2.6372 	 797.0809 	 16.0000 	 1.8928 	 0.5395 	 0.0000 	 2.5947 	 0.0144 
11.0000 	 0.4932 	 0.1847 	 0.0000 	 3.9961 	 824.5175 	 11.0000 	 0.1230 	 3.7074 	 0.0000 	 2.8059 	 0.0160 
23.0000 	 1.1007 	 1.0206 	 0.0000 	 2.4888 	 792.6600 	 23.0000 	 2.2572 	 4.4204 	 0.0000 	 0.2671 	 0.4119 
9.0000 	 0.6170 	 1.2962 	 0.0000 	 2.6132 	 806.4216 	 9.0000 	 0.8839 	 3.4999 	 0.0000 	 1.4241 	 0.0220 
8.0000 	 0.5411 	 1.1122 	 0.0000 	 2.8916 	 809.7854 	 8.0000 	 1.5071 	 0.8046 	 0.0000 	 1.8547 	 0.0333 
14.0000 	 2.8850 	 0.5610 	 0.0000 	 4.0166 	 792.2735 	 14.0000 	 0.0558 	 0.4264 	 0.0000 	 0.4881 	 0.2815 
22.0000 	 1.0666 	 1.0146 	 0.0000 	 2.4850 	 793.0125 	 22.0000 	 0.4510 	 3.5608 	 0.0000 	 1.9694 	 0.0099 
9.0000 	 0.6265 	 1.4202 	 0.0000 	 2.4307 	 806.4408 	 9.0000 	 2.9682 	 2.6373 	 0.0000 	 1.3658 	 0.0344 
6.0000 	 0.4530 	 1.5131 	 0.0000 	 2.7038 	 815.8731 	 6.0000 	 2.5536 	 4.9771 	 0.0000 	 2.4584 	 0.0377 
12.0000 	 0.7477 	 1.2240 	 0.0000 	 2.4637 	 800.7748 	 12.0000 	 1.3894 	 4.3447 	 0.0000 	 0.3979 	 0.0330 
6.0000 	 1.0605 	 2.4862 	 0.0000 	 4.1338 	 831.6809 	 6.0000 	 1.0602 	 2.4849 	 0.0000 	 2.6345 	 0.3009 
19.0000 	 0.9815 	 1.0483 	 0.0000 	 2.4968 	 794.4005 	 19.0000 	 2.0282 	 2.8690 	 0.0000 	 2.5525 	 0.0135 
11.0000 	 0.7098 	 1.2590 	 0.0000 	 2.4948 	 802.3060 	 11.0000 	 1.2424 	 3.8669 	 0.0000 	 1.3638 	 0.0235 
18.0000 	 0.9548 	 1.0862 	 0.0000 	 2.4337 	 794.9596 	 18.0000 	 0.1538 	 0.4459 	 0.0000 	 1.4935 	 0.0155 
8.0000 	 0.5607 	 1.3080 	 0.0000 	 2.6995 	 809.1357 	 8.0000 	 2.0626 	 3.5672 	 0.0000 	 0.6768 	 0.0499 
16.0000 	 0.8867 	 1.0957 	 0.0000 	 2.4879 	 796.3944 	 16.0000 	 0.6785 	 3.5175 	 0.0000 	 1.7905 	 0.0166 
14.0000 	 0.8250 	 1.1721 	 0.0000 	 2.4582 	 798.2272 	 14.0000 	 0.4473 	 3.0403 	 0.0000 	 0.5755 	 0.0177 
12.0000 	 0.7424 	 1.1813 	 0.0000 	 2.5210 	 800.7312 	 12.0000 	 2.0682 	 3.2539 	 0.0000 	 1.4719 	 0.0188 
11.0000 	 0.6964 	 1.2067 	 0.0000 	 2.4956 	 802.3420 	 11.0000 	 1.8683 	 4.9886 	 0.0000 	 0.9656 	 0.0306 
8.0000 	 2.6889 	 1.1761 	 0.0000 	 4.1777 	 832.8711 	 8.0000 	 2.0443 	 3.6135 	 0.0000 	 0.7950 	 0.2800 
6.0000 	 0.4583 	 1.5566 	 0.0000 	 2.6857 	 815.7872 	 6.0000 	 1.6249 	 4.6408 	 0.0000 	 2.3233 	 0.0366 
