50.0000 	 0.8659 	 0.0013 	 0.0082 	 1.7016 	 1.4008 	 0.1629 	 36.2752 	 2.0444 	 0.6695 	 5.7070 	 1129.3327 	 50.0000 	 0.1952 	 0.8520 	 0.7149 	 7.9432 	 0.0217 	 0.0304 	 20.5647 	 4.2091 	 1.7777 	 1.9075 	 0.1276 
49.0000 	 0.4002 	 0.0012 	 0.8164 	 2.6090 	 1.3095 	 0.0195 	 20.6734 	 2.2857 	 1.8229 	 3.4393 	 668.0089 	 49.0000 	 0.1165 	 0.2259 	 0.5794 	 12.4000 	 2.7005 	 0.2482 	 23.6495 	 4.4009 	 0.4144 	 1.3087 	 0.0193 
50.0000 	 0.0999 	 0.0011 	 0.9923 	 5.4538 	 0.7399 	 0.0526 	 16.0322 	 -1.7166 	 4.1749 	 0.3437 	 682.1585 	 50.0000 	 0.6082 	 0.9482 	 0.8234 	 8.7459 	 0.0368 	 0.3153 	 22.6410 	 6.0585 	 1.5781 	 1.5115 	 0.0867 
50.0000 	 0.2600 	 0.0010 	 0.0866 	 29.1825 	 1.1911 	 0.0024 	 25.6270 	 2.3759 	 2.4010 	 2.5971 	 664.1548 	 50.0000 	 0.8692 	 0.4522 	 0.4234 	 13.7937 	 2.8549 	 0.6109 	 22.8633 	 2.4487 	 0.3302 	 1.9685 	 0.0117 
50.0000 	 0.0249 	 0.0023 	 0.5590 	 2.9001 	 1.0290 	 0.1196 	 -3.6085 	 2.7454 	 0.5882 	 2.3337 	 651.3012 	 50.0000 	 0.3372 	 0.3641 	 0.0636 	 7.7962 	 2.6129 	 0.4035 	 24.2722 	 2.4230 	 1.1910 	 1.6372 	 0.0114 
50.0000 	 0.0384 	 0.0054 	 0.0226 	 1.9330 	 1.1829 	 0.0020 	 22.3399 	 2.3672 	 2.1225 	 2.4514 	 664.0515 	 50.0000 	 0.6082 	 0.9482 	 0.8234 	 8.7459 	 0.0368 	 0.3153 	 22.6410 	 6.0585 	 1.5781 	 1.5115 	 0.0233 
49.0000 	 0.1272 	 0.0077 	 0.0234 	 2.6242 	 1.1913 	 0.0010 	 21.5972 	 2.3835 	 1.5116 	 2.5770 	 664.1187 	 49.0000 	 0.6457 	 0.3695 	 0.2846 	 12.3863 	 2.7387 	 0.2289 	 21.8401 	 3.6797 	 0.6690 	 1.5811 	 0.0115 
49.0000 	 0.0288 	 0.6479 	 0.0083 	 4.3794 	 1.1970 	 0.0039 	 19.7074 	 2.3680 	 4.2215 	 2.9357 	 663.8739 	 49.0000 	 0.7592 	 0.9331 	 0.4258 	 14.8424 	 1.2746 	 0.1595 	 20.9069 	 2.5161 	 0.8990 	 0.5438 	 0.0027 
50.0000 	 0.0425 	 0.0037 	 0.5598 	 1.0009 	 0.9107 	 0.0134 	 21.4320 	 -2.0606 	 2.4755 	 0.4174 	 687.0186 	 50.0000 	 0.6168 	 0.9876 	 0.3112 	 4.6945 	 1.8853 	 0.3658 	 21.0463 	 5.3426 	 0.6629 	 0.9289 	 0.2049 
50.0000 	 0.0781 	 0.0041 	 0.0259 	 3.8870 	 1.1902 	 0.0013 	 24.7294 	 2.3811 	 1.9176 	 2.5475 	 664.1049 	 50.0000 	 0.1952 	 0.8520 	 0.7149 	 7.9432 	 0.0217 	 0.0304 	 20.5647 	 4.2091 	 1.7777 	 1.9075 	 0.0134 
50.0000 	 0.7260 	 0.0024 	 0.1579 	 7.1812 	 1.2197 	 0.0045 	 29.1610 	 2.3705 	 1.6994 	 1.9992 	 665.9026 	 50.0000 	 0.1599 	 0.2418 	 0.5770 	 2.6557 	 1.1545 	 0.4647 	 21.2846 	 4.2112 	 1.0937 	 1.9745 	 0.0216 
49.0000 	 0.0139 	 0.0119 	 0.9999 	 1.0026 	 0.9216 	 0.0161 	 5.4792 	 1.5621 	 4.7464 	 0.8409 	 670.9880 	 49.0000 	 0.0183 	 0.7492 	 0.5580 	 13.1821 	 1.9063 	 0.2395 	 23.0628 	 7.3175 	 1.3623 	 0.6419 	 0.1091 
49.0000 	 0.3835 	 0.0575 	 0.0047 	 1.1296 	 1.2182 	 0.0000 	 19.5798 	 2.3750 	 1.0025 	 2.8709 	 664.1635 	 49.0000 	 0.2026 	 0.1487 	 0.7406 	 3.8771 	 0.8551 	 0.7348 	 22.3519 	 1.0292 	 1.9248 	 1.6586 	 0.0047 
50.0000 	 0.9504 	 0.0167 	 0.9963 	 3.6642 	 1.1763 	 0.0388 	 18.4126 	 2.3183 	 2.7811 	 2.4432 	 664.6270 	 50.0000 	 0.9955 	 0.1900 	 0.8529 	 13.4778 	 2.2385 	 0.0443 	 21.3815 	 1.0510 	 1.6918 	 1.9477 	 0.0104 
50.0000 	 0.1004 	 1.0000 	 0.0056 	 8.7559 	 0.7427 	 -0.0016 	 49.6463 	 0.9019 	 2.4744 	 0.6962 	 666.7136 	 50.0000 	 0.3439 	 0.4176 	 0.0263 	 4.8646 	 2.0522 	 0.5203 	 22.3444 	 8.4907 	 0.1276 	 1.9231 	 0.0173 
49.0000 	 0.9435 	 0.2018 	 0.0329 	 1.0000 	 0.0417 	 0.0005 	 18.6875 	 -0.6469 	 0.1969 	 0.4668 	 676.3574 	 49.0000 	 0.4141 	 0.1938 	 0.5637 	 2.9287 	 2.5573 	 0.2979 	 22.3509 	 0.5068 	 1.3011 	 1.3951 	 0.1188 
48.0000 	 0.0282 	 0.0016 	 0.0274 	 6.4007 	 1.2025 	 0.0030 	 38.1702 	 2.3410 	 4.0536 	 2.7531 	 664.2253 	 48.0000 	 0.0631 	 0.2562 	 0.4154 	 2.4317 	 2.8593 	 0.5199 	 21.7128 	 0.8176 	 0.7954 	 1.2864 	 0.0335 
48.0000 	 0.0551 	 1.0000 	 0.0450 	 1.0158 	 1.0505 	 0.1302 	 -10.3665 	 2.7845 	 1.6635 	 2.0596 	 654.0642 	 48.0000 	 0.4575 	 0.4360 	 0.6129 	 8.4410 	 0.8469 	 0.7290 	 20.7505 	 2.4538 	 1.9778 	 1.0462 	 0.0024 
48.0000 	 0.0783 	 0.0026 	 0.1093 	 3.3768 	 1.2223 	 0.0081 	 46.6407 	 2.3596 	 2.7744 	 2.7690 	 664.7538 	 48.0000 	 0.3921 	 0.1365 	 0.2974 	 13.4193 	 2.4636 	 0.3145 	 22.5968 	 9.7550 	 1.0715 	 0.6148 	 0.0193 
48.0000 	 0.1012 	 0.0060 	 0.0781 	 2.7249 	 1.1905 	 0.0037 	 18.6575 	 2.3668 	 4.3954 	 2.8796 	 663.9695 	 48.0000 	 0.8693 	 0.4121 	 0.2248 	 6.4454 	 0.3845 	 0.9610 	 20.2583 	 2.3805 	 0.2074 	 1.4842 	 0.0161 
49.0000 	 0.0651 	 0.0069 	 0.1115 	 1.7629 	 1.1984 	 0.0080 	 35.2966 	 2.3696 	 5.4023 	 5.6235 	 664.1161 	 49.0000 	 0.1225 	 0.2391 	 0.6895 	 11.0969 	 0.0745 	 0.9490 	 22.3623 	 0.7432 	 0.2765 	 1.3334 	 0.0118 
47.0000 	 0.2597 	 0.0010 	 0.8681 	 18.7686 	 1.1900 	 0.0929 	 25.2786 	 2.3590 	 10.8345 	 3.0637 	 664.1962 	 47.0000 	 0.8228 	 0.9985 	 0.1276 	 3.3518 	 2.8896 	 0.9538 	 22.2587 	 7.5994 	 0.8766 	 1.3438 	 0.0097 
47.0000 	 0.6788 	 0.0017 	 0.4396 	 29.2872 	 1.1801 	 0.0178 	 4.2686 	 2.3447 	 1.0846 	 4.6841 	 663.3384 	 47.0000 	 0.3895 	 0.2393 	 0.9043 	 2.9144 	 2.4326 	 0.2327 	 23.9219 	 9.0965 	 0.3889 	 0.1221 	 0.0048 
49.0000 	 0.0415 	 0.0027 	 0.0035 	 3.3266 	 1.1964 	 0.0003 	 35.1499 	 2.3687 	 1.4047 	 1.3516 	 664.3647 	 49.0000 	 0.9658 	 0.5786 	 0.3506 	 2.3657 	 1.9386 	 0.1345 	 24.5239 	 0.6965 	 1.4650 	 0.1176 	 0.0140 
49.0000 	 0.2033 	 0.0014 	 0.0418 	 23.3447 	 1.1745 	 0.0008 	 4.4446 	 2.3728 	 0.4197 	 5.9366 	 662.7404 	 49.0000 	 0.6635 	 0.2495 	 0.4059 	 14.9794 	 1.5410 	 0.7887 	 20.8303 	 6.4915 	 1.9850 	 1.6130 	 0.0199 
48.0000 	 0.0186 	 0.0069 	 0.9942 	 1.5268 	 0.8802 	 0.0796 	 17.1424 	 -5.6956 	 2.6286 	 0.2321 	 666.2019 	 48.0000 	 0.1926 	 0.0225 	 0.3451 	 11.3603 	 0.6106 	 0.3637 	 23.8654 	 7.4186 	 0.4677 	 0.3602 	 0.1094 
48.0000 	 0.3568 	 0.0013 	 0.1276 	 8.4403 	 1.1090 	 0.0024 	 13.1126 	 1.3006 	 1.5340 	 0.5186 	 670.4238 	 48.0000 	 0.0314 	 0.5210 	 0.6966 	 13.2208 	 0.6506 	 0.1710 	 22.3408 	 3.3876 	 0.5545 	 0.9424 	 0.0246 
47.0000 	 0.0657 	 0.0107 	 1.0000 	 1.0000 	 0.8654 	 0.1064 	 32.7325 	 1.7822 	 1.7417 	 2.3369 	 692.2470 	 47.0000 	 0.3046 	 0.8226 	 0.5023 	 8.5814 	 2.5386 	 0.7152 	 20.6978 	 6.9134 	 0.7499 	 0.1015 	 0.4133 
48.0000 	 0.1797 	 0.0028 	 0.3938 	 5.4739 	 1.0336 	 0.0304 	 -17.1883 	 2.8809 	 1.0222 	 1.6307 	 653.8732 	 48.0000 	 0.8007 	 0.4988 	 0.8476 	 6.1983 	 2.2795 	 0.9085 	 22.3158 	 4.9971 	 1.0439 	 0.4945 	 0.0109 
49.0000 	 0.0080 	 0.5689 	 0.0022 	 12.5946 	 1.0161 	 0.0047 	 -49.9520 	 2.9921 	 0.7605 	 1.3119 	 655.3232 	 49.0000 	 0.7677 	 0.1456 	 0.5575 	 6.9239 	 2.3095 	 0.5790 	 24.9065 	 3.6367 	 1.3208 	 0.1932 	 0.0128 
48.0000 	 0.3092 	 0.0095 	 0.0033 	 5.6530 	 0.8916 	 -0.0002 	 33.8928 	 -0.2171 	 2.4450 	 0.3226 	 670.0868 	 48.0000 	 0.1743 	 0.7431 	 0.6671 	 10.4068 	 1.3193 	 0.5641 	 24.2054 	 3.5497 	 0.6304 	 1.7334 	 0.0274 
48.0000 	 0.8905 	 0.0173 	 0.5966 	 3.0894 	 1.1731 	 0.0263 	 25.6521 	 2.3439 	 3.6278 	 2.1028 	 665.3010 	 48.0000 	 0.3269 	 0.3278 	 0.2367 	 14.2949 	 1.2100 	 0.0428 	 21.4149 	 3.9089 	 0.4051 	 0.9607 	 0.0267 
47.0000 	 0.2076 	 0.0010 	 0.0306 	 29.8107 	 1.1906 	 0.0008 	 28.4292 	 2.3810 	 1.7906 	 2.3834 	 664.1291 	 47.0000 	 0.6775 	 0.3199 	 0.8834 	 6.3171 	 1.6193 	 0.9933 	 20.8092 	 6.5286 	 0.6685 	 1.0261 	 0.0110 
48.0000 	 0.0447 	 0.4564 	 0.0024 	 4.7546 	 1.2042 	 0.0001 	 22.2872 	 2.3746 	 2.7392 	 2.5451 	 664.0175 	 48.0000 	 0.6489 	 0.3136 	 0.0433 	 10.0487 	 2.9731 	 0.8823 	 24.8078 	 5.6155 	 0.3302 	 0.1854 	 0.0034 
47.0000 	 0.1393 	 0.0011 	 0.0217 	 41.8709 	 1.1988 	 -0.0009 	 19.0411 	 2.3371 	 6.1770 	 1.1838 	 665.5112 	 47.0000 	 0.5455 	 0.8489 	 0.9910 	 13.3334 	 1.4088 	 0.8650 	 23.6895 	 1.1798 	 1.3381 	 0.7143 	 0.0098 
47.0000 	 0.0110 	 0.0023 	 0.0117 	 5.6419 	 1.1807 	 0.0033 	 22.6098 	 2.3474 	 5.8729 	 2.8886 	 665.6224 	 47.0000 	 0.0818 	 0.8603 	 0.5807 	 5.9708 	 0.0891 	 0.9075 	 20.0502 	 4.4936 	 1.0045 	 0.6639 	 0.0145 
47.0000 	 0.0673 	 0.0081 	 0.3612 	 1.1047 	 1.1751 	 0.0321 	 10.1668 	 2.3573 	 4.1184 	 2.9493 	 664.1935 	 47.0000 	 0.2180 	 0.5714 	 0.0094 	 4.6316 	 0.8844 	 0.2350 	 21.4934 	 7.5861 	 0.8933 	 0.6818 	 0.0186 
46.0000 	 0.9559 	 0.0566 	 1.0000 	 1.4283 	 0.6665 	 0.0248 	 15.2918 	 -3.7819 	 1.6942 	 0.2219 	 667.0999 	 46.0000 	 0.5892 	 0.8938 	 0.4000 	 3.2791 	 1.8583 	 0.3005 	 23.5014 	 6.2210 	 0.7059 	 1.9279 	 0.1067 
47.0000 	 0.8350 	 0.0025 	 0.3656 	 3.4394 	 1.1322 	 0.0051 	 17.1938 	 1.6941 	 4.4554 	 0.5767 	 670.2271 	 47.0000 	 0.1602 	 0.5780 	 0.0131 	 8.5974 	 0.7395 	 0.3986 	 21.9023 	 2.4187 	 1.5047 	 1.1516 	 0.0611 
45.0000 	 0.2795 	 0.0054 	 0.9319 	 1.0324 	 1.1899 	 0.0419 	 18.4493 	 2.3573 	 7.2870 	 2.1333 	 665.7786 	 45.0000 	 0.0459 	 0.9419 	 0.8249 	 3.4574 	 1.6999 	 0.8459 	 24.9077 	 4.7999 	 1.5957 	 0.1841 	 0.0106 
46.0000 	 0.3412 	 0.7835 	 0.0224 	 3.9020 	 0.3539 	 -0.0027 	 17.8669 	 1.1853 	 0.3550 	 1.1701 	 663.1583 	 46.0000 	 0.4002 	 0.3797 	 0.0292 	 5.0844 	 1.0208 	 0.0151 	 21.7507 	 0.4540 	 0.2488 	 1.0826 	 0.0180 
46.0000 	 0.0010 	 0.6058 	 0.0018 	 8.5477 	 1.1687 	 0.0089 	 4.2469 	 2.3589 	 1.5697 	 6.5101 	 662.5952 	 46.0000 	 0.7849 	 0.0256 	 0.8365 	 1.5132 	 1.5681 	 0.8654 	 22.9835 	 9.2278 	 0.5949 	 1.5130 	 0.0008 
47.0000 	 0.2907 	 0.0010 	 0.5433 	 6.2313 	 1.1921 	 0.0211 	 24.1842 	 2.3672 	 2.8148 	 2.3729 	 665.9173 	 47.0000 	 0.3242 	 0.6218 	 0.0472 	 12.2900 	 2.4378 	 0.8731 	 24.6210 	 3.1235 	 1.7543 	 1.2858 	 0.0212 
46.0000 	 0.7621 	 0.0062 	 1.0000 	 4.7734 	 0.9960 	 0.0317 	 14.8353 	 1.5596 	 3.6744 	 0.8581 	 669.6781 	 46.0000 	 0.7524 	 0.4627 	 0.7312 	 3.9066 	 2.4206 	 0.0935 	 20.9080 	 8.4175 	 0.4916 	 1.4419 	 0.0442 
46.0000 	 0.9713 	 0.0340 	 0.1912 	 6.2004 	 0.8896 	 0.0008 	 19.4813 	 0.8873 	 2.6534 	 0.5360 	 661.3230 	 46.0000 	 0.9180 	 0.5528 	 0.1104 	 3.2790 	 0.4782 	 0.9861 	 20.6128 	 5.1898 	 1.1169 	 0.3744 	 0.2026 
44.0000 	 0.0632 	 0.0021 	 0.0966 	 3.4688 	 1.1914 	 0.0081 	 10.5522 	 2.3471 	 1.6454 	 2.3310 	 664.6315 	 44.0000 	 0.0286 	 0.8874 	 0.3533 	 7.9367 	 1.7997 	 0.1471 	 20.1713 	 7.4347 	 0.0463 	 1.8157 	 0.0109 
45.0000 	 0.6900 	 0.0124 	 0.4500 	 3.0903 	 0.2240 	 -0.0023 	 29.5562 	 0.8279 	 2.1999 	 0.8184 	 672.2594 	 45.0000 	 0.5523 	 0.7657 	 0.6064 	 13.8847 	 0.5877 	 0.1808 	 23.5094 	 3.2285 	 0.5697 	 0.6470 	 0.0625 
47.0000 	 0.0186 	 0.0074 	 0.2766 	 1.1444 	 1.1572 	 0.0762 	 5.2173 	 2.3340 	 5.3056 	 3.7510 	 663.7325 	 47.0000 	 0.9726 	 0.6299 	 0.6667 	 14.3079 	 2.5494 	 0.3855 	 22.6451 	 6.7253 	 1.5238 	 0.6519 	 0.0123 
46.0000 	 0.0257 	 0.0018 	 0.3786 	 3.5814 	 1.0566 	 0.0890 	 -8.4197 	 2.7512 	 0.7991 	 1.7858 	 650.8425 	 46.0000 	 0.1178 	 0.1314 	 0.0731 	 11.4586 	 0.9758 	 0.7175 	 20.9718 	 8.9070 	 1.3480 	 0.1391 	 0.0227 
45.0000 	 0.0492 	 0.0012 	 0.2794 	 7.3529 	 1.1905 	 0.0270 	 20.8963 	 2.3591 	 5.9116 	 4.2835 	 664.1626 	 45.0000 	 0.7198 	 0.6243 	 0.1928 	 9.2263 	 0.7046 	 0.8769 	 23.9204 	 9.5721 	 0.8289 	 1.4721 	 0.0136 
45.0000 	 0.0632 	 0.1398 	 0.0016 	 49.9717 	 1.2013 	 0.0001 	 18.3354 	 2.3703 	 1.3625 	 1.8201 	 664.0593 	 45.0000 	 0.9161 	 0.4728 	 0.6781 	 8.8029 	 1.9054 	 0.4603 	 20.1893 	 4.0824 	 1.3135 	 1.9632 	 0.0024 
45.0000 	 0.5475 	 0.0010 	 1.0000 	 5.5491 	 1.2256 	 0.0123 	 28.2415 	 2.0757 	 3.8087 	 1.3414 	 672.9910 	 45.0000 	 0.9061 	 0.1960 	 0.9442 	 13.7175 	 2.9008 	 0.6317 	 21.4460 	 1.3682 	 1.4362 	 1.7919 	 0.0471 
44.0000 	 0.0191 	 0.0093 	 0.0010 	 1.0000 	 1.2197 	 0.0001 	 10.5025 	 2.3669 	 1.9356 	 1.0030 	 664.5714 	 44.0000 	 0.0693 	 0.6384 	 0.9825 	 11.7814 	 2.8426 	 0.0050 	 20.7795 	 0.2032 	 1.6360 	 0.3973 	 0.0068 
45.0000 	 0.0035 	 0.8978 	 0.0031 	 6.8775 	 1.0260 	 0.0097 	 -28.5320 	 2.8541 	 0.4891 	 1.9118 	 654.0688 	 45.0000 	 0.8799 	 0.5753 	 0.9515 	 7.9562 	 1.9210 	 0.7251 	 23.0653 	 2.2552 	 1.4664 	 0.7400 	 0.0032 
43.0000 	 0.0563 	 0.0052 	 0.2417 	 1.1955 	 1.0030 	 0.0228 	 -36.3945 	 3.0054 	 0.9489 	 1.4034 	 651.3426 	 43.0000 	 0.5423 	 0.3441 	 0.0055 	 10.7057 	 0.2262 	 0.1209 	 23.4192 	 2.9304 	 0.3932 	 0.3791 	 0.0141 
44.0000 	 0.5508 	 0.0051 	 0.9947 	 5.7613 	 0.0000 	 0.0065 	 22.7291 	 1.1412 	 3.2964 	 1.0257 	 676.4484 	 44.0000 	 0.7777 	 0.5125 	 0.4816 	 3.9050 	 1.4551 	 0.3750 	 21.0382 	 7.6400 	 1.0441 	 1.6588 	 0.0990 
46.0000 	 0.6975 	 0.0928 	 0.0132 	 21.1033 	 1.2134 	 -0.0007 	 15.7232 	 2.3645 	 0.9683 	 2.5151 	 664.0045 	 46.0000 	 0.3740 	 0.4732 	 0.7653 	 8.3369 	 1.5538 	 0.6892 	 23.4241 	 9.5641 	 1.7148 	 0.7703 	 0.0180 
45.0000 	 0.2031 	 0.1067 	 0.0010 	 16.5838 	 1.2070 	 -0.0001 	 31.3697 	 2.3737 	 3.2560 	 1.4726 	 664.0860 	 45.0000 	 0.8856 	 0.4885 	 0.2051 	 14.8061 	 0.6843 	 0.2310 	 23.1000 	 6.1162 	 1.0339 	 0.5737 	 0.0045 
46.0000 	 0.0308 	 0.0061 	 0.2163 	 1.0000 	 1.0480 	 0.0319 	 -8.4418 	 3.2708 	 0.8620 	 0.7777 	 650.2737 	 46.0000 	 0.4471 	 0.2431 	 0.1935 	 9.8975 	 0.2608 	 0.3194 	 23.3161 	 6.4788 	 0.5498 	 0.2935 	 0.0155 
45.0000 	 0.0143 	 0.0085 	 0.5043 	 1.0083 	 0.9721 	 -0.0513 	 19.2028 	 1.4791 	 1.4659 	 1.6331 	 695.4939 	 45.0000 	 0.7842 	 0.7639 	 0.0207 	 3.3278 	 1.0123 	 0.6861 	 24.8769 	 8.4320 	 1.6865 	 0.3424 	 0.2517 
43.0000 	 0.0836 	 0.0022 	 0.3727 	 1.8688 	 1.1720 	 0.0248 	 21.0794 	 2.3523 	 2.6100 	 3.3884 	 665.4504 	 43.0000 	 0.3899 	 0.6534 	 0.2009 	 12.2840 	 1.5682 	 0.1719 	 23.2034 	 0.2491 	 0.5948 	 0.7415 	 0.0476 
46.0000 	 0.5861 	 0.9430 	 0.1405 	 1.2395 	 1.0212 	 0.0774 	 -16.5029 	 3.0407 	 3.9912 	 1.1561 	 656.7934 	 46.0000 	 0.3083 	 0.1303 	 0.5421 	 3.4277 	 1.9772 	 0.9350 	 22.6428 	 3.3001 	 1.2773 	 0.9238 	 0.0071 
43.0000 	 0.0364 	 0.0010 	 0.8983 	 8.2991 	 1.1931 	 0.1169 	 16.7286 	 2.3602 	 9.0609 	 4.7168 	 664.3556 	 43.0000 	 0.8715 	 0.9849 	 0.0701 	 12.8157 	 2.5468 	 0.8863 	 24.8996 	 3.1342 	 0.3901 	 1.6832 	 0.0111 
43.0000 	 0.0785 	 0.0033 	 0.5236 	 1.0388 	 1.1673 	 0.0373 	 12.5160 	 2.3562 	 2.3749 	 3.7567 	 665.5670 	 43.0000 	 0.1480 	 0.4317 	 0.1882 	 13.5825 	 1.7840 	 0.6221 	 20.8850 	 3.4640 	 0.6550 	 0.8207 	 0.0191 
43.0000 	 0.1385 	 0.0011 	 0.9956 	 1.9057 	 1.1981 	 0.0461 	 24.6979 	 2.3909 	 3.3007 	 3.4344 	 665.8706 	 43.0000 	 0.1094 	 0.3641 	 0.8386 	 13.2148 	 1.0298 	 0.5469 	 24.6455 	 7.9931 	 0.5363 	 1.2482 	 0.0208 
43.0000 	 0.2659 	 0.9906 	 0.1040 	 1.4621 	 1.2044 	 0.1259 	 12.8853 	 -5.7662 	 4.9743 	 0.0000 	 664.0987 	 43.0000 	 0.9882 	 0.9692 	 0.4444 	 13.9688 	 0.1366 	 0.9650 	 20.7215 	 0.4644 	 1.1525 	 1.4754 	 0.0005 
42.0000 	 0.2879 	 0.0017 	 0.2921 	 16.8668 	 1.1820 	 0.0125 	 21.2613 	 2.3715 	 5.6358 	 3.7377 	 663.9947 	 42.0000 	 0.1787 	 0.3615 	 0.1527 	 10.8139 	 1.6972 	 0.3804 	 22.8192 	 8.7249 	 1.3454 	 1.6842 	 0.0100 
45.0000 	 0.0277 	 0.0012 	 0.0282 	 8.7190 	 1.2188 	 0.0033 	 26.8375 	 2.3710 	 3.5412 	 3.1455 	 664.2230 	 45.0000 	 0.0088 	 0.1559 	 0.0031 	 5.3532 	 2.8394 	 0.9285 	 24.9953 	 8.7423 	 1.2691 	 0.5603 	 0.0082 
45.0000 	 0.9612 	 0.9964 	 0.1669 	 1.2657 	 0.6247 	 0.0108 	 15.1962 	 1.2085 	 1.5704 	 0.8439 	 655.5010 	 45.0000 	 0.2543 	 0.1699 	 0.0180 	 3.9095 	 1.9967 	 0.6464 	 23.9086 	 3.0530 	 0.5067 	 0.0360 	 0.1093 
43.0000 	 0.0303 	 0.0010 	 0.0390 	 9.9933 	 1.1706 	 0.0040 	 34.6086 	 2.3445 	 3.2259 	 4.2723 	 664.5135 	 43.0000 	 0.3801 	 0.1383 	 0.1943 	 9.5635 	 2.8289 	 0.0472 	 21.5555 	 8.9152 	 1.0217 	 1.7597 	 0.0118 
42.0000 	 0.0403 	 0.0045 	 0.2769 	 1.0003 	 1.0005 	 0.0083 	 20.6595 	 -3.3276 	 2.1426 	 0.2864 	 682.2486 	 42.0000 	 0.6666 	 0.4602 	 0.6957 	 7.9225 	 2.8722 	 0.6780 	 20.8216 	 5.5221 	 1.0905 	 0.5703 	 0.1726 
43.0000 	 0.0422 	 0.4535 	 0.0018 	 4.5854 	 1.2039 	 0.0000 	 5.8782 	 2.3721 	 3.1518 	 3.1703 	 664.0615 	 43.0000 	 0.9463 	 0.0827 	 0.6667 	 13.2824 	 2.3737 	 0.4947 	 22.2656 	 2.1853 	 1.4108 	 0.1786 	 0.0012 
43.0000 	 0.1162 	 0.9694 	 0.0430 	 1.0000 	 1.1693 	 0.0349 	 4.8548 	 2.3580 	 2.7498 	 4.2015 	 663.0167 	 43.0000 	 0.4181 	 0.2468 	 0.1627 	 9.3833 	 0.9300 	 0.2129 	 20.0952 	 3.2631 	 0.6355 	 1.6032 	 0.0008 
42.0000 	 0.0290 	 0.0012 	 0.1340 	 6.0243 	 1.1543 	 0.0200 	 22.5520 	 2.4215 	 3.1719 	 3.6271 	 665.3087 	 42.0000 	 0.2271 	 0.1416 	 0.0359 	 12.8906 	 0.7762 	 0.8437 	 23.0251 	 4.2477 	 0.3358 	 1.9931 	 0.0405 
44.0000 	 0.2255 	 0.9997 	 0.0246 	 5.7704 	 1.1921 	 0.0008 	 6.7975 	 2.3714 	 2.4726 	 3.3833 	 663.4878 	 44.0000 	 0.6953 	 0.4207 	 0.6976 	 8.3743 	 0.9813 	 0.1793 	 24.6898 	 7.1285 	 0.9628 	 0.1481 	 0.0022 
44.0000 	 0.1503 	 0.0051 	 0.9899 	 3.0050 	 1.0453 	 0.1581 	 -12.4666 	 2.8147 	 2.6837 	 1.5917 	 653.8411 	 44.0000 	 0.9756 	 0.4171 	 0.2285 	 10.0795 	 2.1421 	 0.1370 	 23.7746 	 9.1563 	 1.8461 	 0.2600 	 0.0157 
42.0000 	 0.2458 	 0.0010 	 0.9145 	 1.0000 	 1.2066 	 0.0223 	 27.8280 	 2.3898 	 1.5357 	 4.3242 	 666.0263 	 42.0000 	 0.2583 	 0.0657 	 0.6213 	 8.1874 	 1.1656 	 0.0835 	 24.4157 	 6.8355 	 0.1035 	 0.9206 	 0.0692 
44.0000 	 0.6290 	 0.9761 	 0.0998 	 2.3051 	 1.1644 	 0.0148 	 4.6296 	 2.3493 	 2.1986 	 5.0578 	 662.8491 	 44.0000 	 0.4422 	 0.0584 	 0.6556 	 6.6206 	 2.4208 	 0.6376 	 21.1806 	 5.8098 	 0.7084 	 1.5762 	 0.0013 
42.0000 	 0.0980 	 0.0010 	 0.9320 	 4.1991 	 1.1624 	 0.0640 	 16.1197 	 2.3658 	 6.2738 	 2.4322 	 665.3833 	 42.0000 	 0.2224 	 0.7355 	 0.8420 	 13.4088 	 2.5383 	 0.6817 	 22.6863 	 6.1787 	 0.5589 	 1.3382 	 0.0186 
44.0000 	 0.1215 	 0.0072 	 0.3640 	 1.8785 	 1.0424 	 0.0293 	 -33.7145 	 2.8801 	 1.9768 	 1.4632 	 653.6541 	 44.0000 	 0.1141 	 0.3310 	 0.6125 	 13.6353 	 1.2202 	 0.6845 	 24.1878 	 2.6321 	 1.2141 	 0.2556 	 0.0210 
44.0000 	 0.4686 	 0.0012 	 0.7576 	 3.3489 	 1.2240 	 0.0174 	 17.7770 	 2.3315 	 4.4876 	 3.3362 	 666.3516 	 44.0000 	 0.8324 	 0.1472 	 0.9456 	 14.3725 	 1.9156 	 0.4380 	 24.8785 	 3.9885 	 0.7008 	 0.7805 	 0.0338 
40.0000 	 0.0832 	 0.0044 	 0.5160 	 1.0481 	 1.2115 	 0.0355 	 31.7398 	 2.3649 	 3.6820 	 3.5496 	 665.3291 	 40.0000 	 0.8502 	 0.2205 	 0.6206 	 7.0885 	 0.7662 	 0.3199 	 20.7587 	 8.8447 	 0.4599 	 1.6204 	 0.0195 
44.0000 	 0.9589 	 0.0749 	 0.9580 	 2.7078 	 0.0000 	 0.0277 	 10.2192 	 0.9139 	 1.4119 	 0.8988 	 657.0527 	 44.0000 	 0.1513 	 0.6997 	 0.5049 	 12.3724 	 0.9417 	 0.0069 	 22.9593 	 0.3969 	 0.7881 	 1.4246 	 0.2027 
40.0000 	 0.0994 	 0.0017 	 0.9168 	 1.6798 	 1.2378 	 0.0520 	 36.2061 	 2.3511 	 2.2812 	 4.3320 	 666.4701 	 40.0000 	 0.5579 	 0.1285 	 0.5996 	 3.9294 	 2.9671 	 0.2699 	 20.2740 	 1.9719 	 0.6300 	 0.7068 	 0.0216 
46.0000 	 0.0028 	 0.0011 	 0.0570 	 14.0912 	 1.0818 	 -0.0814 	 35.9866 	 1.5047 	 2.2987 	 1.2646 	 736.7395 	 46.0000 	 0.4417 	 0.3383 	 0.4852 	 6.5971 	 2.1202 	 0.5916 	 21.5048 	 6.1848 	 1.8631 	 1.1749 	 0.1653 
41.0000 	 0.6928 	 0.0019 	 0.0017 	 8.6723 	 1.4006 	 0.1581 	 23.0100 	 1.7889 	 2.7541 	 1.6851 	 1297.4795 	 41.0000 	 0.8525 	 0.3947 	 0.2846 	 4.9658 	 1.9764 	 0.9290 	 24.5292 	 5.8070 	 0.2760 	 1.0149 	 0.0007 
42.0000 	 0.3759 	 0.0014 	 0.8862 	 1.3266 	 1.2124 	 0.0188 	 18.6133 	 2.3578 	 3.3347 	 1.7156 	 666.5517 	 42.0000 	 0.2161 	 0.0512 	 0.7207 	 5.7307 	 2.2733 	 0.0976 	 20.4487 	 9.7411 	 1.2677 	 0.7753 	 0.0226 
42.0000 	 0.1025 	 0.0019 	 0.3090 	 8.6776 	 1.1934 	 0.0248 	 25.5785 	 2.3667 	 7.4287 	 3.0993 	 664.0092 	 42.0000 	 0.7711 	 0.2745 	 0.8043 	 4.3992 	 2.1795 	 0.9655 	 24.8565 	 5.9947 	 0.8682 	 0.3349 	 0.0114 
40.0000 	 0.0014 	 0.9901 	 0.0025 	 6.6132 	 1.1893 	 0.0119 	 14.0798 	 2.3747 	 3.7311 	 2.9228 	 663.9415 	 40.0000 	 0.6053 	 0.2063 	 0.7866 	 8.0849 	 0.7268 	 0.1979 	 20.3226 	 0.9113 	 0.8511 	 0.2434 	 0.0033 
40.0000 	 0.0214 	 0.0084 	 0.4390 	 1.0004 	 1.0639 	 0.1208 	 -15.1633 	 2.7723 	 1.9037 	 1.5780 	 651.2625 	 40.0000 	 0.6412 	 0.3857 	 0.3391 	 5.0348 	 0.9383 	 0.4089 	 24.1722 	 8.6068 	 1.9451 	 1.9522 	 0.0282 
40.0000 	 0.6100 	 0.0299 	 0.0626 	 4.3376 	 1.8083 	 -0.0009 	 20.2393 	 2.1909 	 1.9772 	 2.2404 	 688.3547 	 40.0000 	 0.1368 	 0.8512 	 0.3075 	 5.2795 	 0.4012 	 0.1798 	 24.5528 	 5.3057 	 0.8444 	 0.0749 	 0.0135 
41.0000 	 0.0232 	 0.0022 	 0.9978 	 4.1832 	 0.9280 	 0.0408 	 15.8882 	 1.3469 	 2.3482 	 1.3491 	 675.6446 	 41.0000 	 0.8286 	 0.7890 	 0.8094 	 10.4519 	 1.5790 	 0.3605 	 21.1192 	 8.1717 	 0.6342 	 1.2500 	 0.1418 
42.0000 	 0.1623 	 0.0014 	 0.2233 	 6.9673 	 1.1965 	 0.0121 	 16.0998 	 2.3611 	 1.7949 	 2.6913 	 665.1117 	 42.0000 	 0.7624 	 0.4350 	 0.3700 	 1.1466 	 1.5431 	 0.1124 	 22.8847 	 6.7420 	 1.0805 	 0.6211 	 0.0140 
41.0000 	 0.3538 	 0.4301 	 0.0102 	 14.2907 	 1.1905 	 0.0007 	 33.1489 	 2.3499 	 0.9355 	 2.1895 	 664.6602 	 41.0000 	 0.1332 	 0.2018 	 0.8747 	 11.9288 	 1.1213 	 0.1192 	 22.0069 	 4.8260 	 1.1233 	 0.5324 	 0.0050 
42.0000 	 0.0517 	 0.0010 	 0.4034 	 8.2538 	 0.9746 	 0.0456 	 -40.2743 	 3.1512 	 3.5636 	 1.1018 	 651.8561 	 42.0000 	 0.4642 	 0.1685 	 0.8632 	 3.5508 	 1.9470 	 0.2384 	 20.0118 	 3.7559 	 0.4871 	 0.4625 	 0.0144 
41.0000 	 0.0216 	 1.0000 	 0.0445 	 1.3975 	 1.1904 	 0.1989 	 0.7918 	 1.6116 	 0.0000 	 0.0058 	 664.5205 	 41.0000 	 0.3266 	 0.7217 	 0.6211 	 1.3685 	 1.1940 	 0.5768 	 22.3341 	 8.5522 	 0.2418 	 1.9429 	 0.0508 
41.0000 	 0.7757 	 0.0060 	 0.9863 	 5.7906 	 1.1403 	 0.0427 	 9.8788 	 1.9881 	 3.4382 	 1.0005 	 668.1464 	 41.0000 	 0.6630 	 0.2885 	 0.3589 	 11.3946 	 1.3155 	 0.9240 	 21.4586 	 0.6939 	 0.5253 	 1.0334 	 0.0231 
43.0000 	 0.0710 	 0.0010 	 0.6791 	 8.0201 	 1.1671 	 0.0656 	 7.0787 	 2.3743 	 4.2844 	 2.9282 	 664.1741 	 43.0000 	 0.2825 	 0.7622 	 0.8867 	 10.1299 	 0.6430 	 0.5515 	 22.9192 	 7.0746 	 1.4073 	 1.8539 	 0.0083 
41.0000 	 0.1107 	 0.0010 	 1.0000 	 6.2887 	 0.1374 	 0.0158 	 22.4611 	 0.9842 	 1.6039 	 1.0941 	 681.4876 	 41.0000 	 0.3481 	 0.3365 	 0.0292 	 3.2836 	 0.6834 	 0.2091 	 24.8734 	 8.5011 	 1.3692 	 0.2683 	 0.1988 
39.0000 	 0.5746 	 0.0160 	 0.3993 	 1.3507 	 0.7172 	 0.0034 	 20.1604 	 -1.3577 	 3.6137 	 0.3526 	 676.2996 	 39.0000 	 0.4716 	 0.1772 	 0.2641 	 9.4290 	 2.4333 	 0.5738 	 22.2433 	 6.1108 	 1.7057 	 1.1041 	 0.0463 
41.0000 	 0.2200 	 0.0173 	 0.8453 	 1.2442 	 1.0569 	 0.1177 	 -9.0342 	 2.8247 	 1.8074 	 1.6441 	 654.1109 	 41.0000 	 0.5508 	 0.1068 	 0.8568 	 10.9335 	 0.1137 	 0.2824 	 20.8757 	 9.3119 	 1.3951 	 0.2729 	 0.0238 
38.0000 	 0.7549 	 0.0022 	 0.9633 	 14.7866 	 0.6073 	 0.0200 	 18.7602 	 0.5415 	 3.5558 	 0.6419 	 670.6326 	 38.0000 	 0.2048 	 0.7231 	 0.4431 	 14.0452 	 1.3150 	 0.0726 	 21.0890 	 7.4754 	 1.7520 	 1.7877 	 0.0660 
39.0000 	 0.7016 	 0.0162 	 0.0919 	 8.6195 	 1.2304 	 0.0012 	 19.8604 	 2.3533 	 1.9597 	 2.7798 	 664.3070 	 39.0000 	 0.2712 	 0.5131 	 0.1585 	 8.0917 	 1.3096 	 0.8576 	 23.5158 	 5.1073 	 1.3732 	 0.9322 	 0.0097 
40.0000 	 0.5769 	 0.0509 	 0.1482 	 1.0003 	 1.1902 	 0.0033 	 20.0971 	 2.3443 	 1.8448 	 1.7759 	 665.1022 	 40.0000 	 0.5035 	 0.7098 	 0.1413 	 9.8307 	 1.4915 	 0.0066 	 23.7102 	 2.8510 	 1.0790 	 1.9296 	 0.0137 
44.0000 	 0.0198 	 0.0026 	 0.7196 	 2.3714 	 1.0978 	 -0.0474 	 14.5636 	 1.2649 	 2.0056 	 1.1446 	 686.8950 	 44.0000 	 0.9448 	 0.9252 	 0.9474 	 5.5588 	 0.7831 	 0.9004 	 21.4720 	 3.7801 	 0.6941 	 1.2431 	 0.2104 
40.0000 	 0.5819 	 0.0245 	 0.2826 	 1.0215 	 0.7635 	 0.0016 	 17.9843 	 0.7408 	 1.1741 	 0.6497 	 671.4306 	 40.0000 	 0.4020 	 0.1125 	 0.4717 	 7.1238 	 0.9320 	 0.4421 	 24.4717 	 6.7066 	 0.0301 	 1.0642 	 0.0506 
38.0000 	 0.3764 	 0.5225 	 0.0182 	 2.4878 	 1.1950 	 -0.0001 	 16.1117 	 2.3537 	 1.5823 	 2.1310 	 664.0992 	 38.0000 	 0.7094 	 0.8293 	 0.0251 	 14.8472 	 2.1944 	 0.0482 	 24.5047 	 1.2788 	 0.4762 	 1.1349 	 0.0085 
40.0000 	 0.0172 	 0.0052 	 0.0140 	 2.4002 	 1.2050 	 0.0010 	 34.3661 	 2.3771 	 3.9842 	 3.2503 	 664.5381 	 40.0000 	 0.8751 	 0.9187 	 0.3537 	 4.3580 	 1.8400 	 0.3252 	 24.9625 	 8.4455 	 0.7459 	 0.3892 	 0.0102 
40.0000 	 0.0396 	 0.0031 	 0.2373 	 1.8310 	 1.0609 	 0.0378 	 -44.2834 	 2.7928 	 1.1979 	 1.5664 	 650.4622 	 40.0000 	 0.4156 	 0.5674 	 0.2736 	 5.9324 	 2.6598 	 0.5694 	 20.3611 	 3.2250 	 1.9958 	 1.2832 	 0.0202 
41.0000 	 0.0768 	 0.0027 	 0.7569 	 1.0595 	 1.0382 	 0.0639 	 -47.8691 	 2.7853 	 0.8956 	 2.1229 	 650.6998 	 41.0000 	 0.7958 	 0.5609 	 0.6756 	 7.2777 	 0.2141 	 0.5148 	 24.6484 	 5.4510 	 1.2294 	 0.9558 	 0.0481 
41.0000 	 0.1781 	 0.0010 	 0.2396 	 24.7162 	 1.1869 	 0.0115 	 22.3592 	 2.3841 	 8.5622 	 3.6453 	 664.0273 	 41.0000 	 0.6353 	 0.5739 	 0.7286 	 13.7761 	 1.3687 	 0.3800 	 22.1391 	 7.0581 	 1.5359 	 0.6997 	 0.0111 
38.0000 	 0.6067 	 0.3009 	 0.0249 	 6.5713 	 1.1543 	 -0.0007 	 18.3766 	 2.1140 	 1.6435 	 1.0067 	 665.3543 	 38.0000 	 0.6406 	 0.7780 	 0.6197 	 8.8006 	 0.3774 	 0.5582 	 21.3756 	 3.5476 	 1.7593 	 0.4507 	 0.0133 
40.0000 	 0.4629 	 0.0677 	 0.0027 	 19.3353 	 1.2086 	 -0.0001 	 14.0110 	 2.3776 	 1.8347 	 2.1025 	 664.0838 	 40.0000 	 0.4759 	 0.9649 	 0.2491 	 8.7116 	 0.1850 	 0.9027 	 24.9318 	 8.6935 	 0.0200 	 0.1081 	 0.0042 
38.0000 	 0.0420 	 0.0010 	 0.9289 	 6.1407 	 1.0090 	 0.0508 	 12.2736 	 1.6500 	 4.0844 	 0.8664 	 672.4116 	 38.0000 	 0.1434 	 0.1893 	 0.3089 	 14.5735 	 1.6030 	 0.7051 	 21.5096 	 3.4318 	 1.4455 	 0.2351 	 0.0912 
36.0000 	 0.9423 	 0.0010 	 0.1880 	 6.9843 	 1.3704 	 0.5373 	 23.5318 	 0.2939 	 1.2204 	 3.1750 	 1297.1151 	 36.0000 	 0.3575 	 0.3594 	 0.6004 	 13.0147 	 0.0196 	 0.9842 	 22.4274 	 0.0591 	 1.3789 	 0.7221 	 0.0129 
38.0000 	 0.1276 	 0.9122 	 0.0686 	 1.7406 	 1.1892 	 0.0840 	 5.3866 	 2.3510 	 4.6751 	 3.5630 	 663.4469 	 38.0000 	 0.7257 	 0.1489 	 0.5686 	 6.7700 	 0.8865 	 0.8352 	 23.0673 	 4.9629 	 0.9349 	 0.2672 	 0.0013 
39.0000 	 0.9216 	 0.1042 	 0.1608 	 4.8963 	 1.1715 	 -0.0002 	 6.4662 	 2.3556 	 2.9881 	 2.3750 	 663.7877 	 39.0000 	 0.1230 	 0.9614 	 0.9193 	 5.2389 	 0.7650 	 0.5456 	 24.1619 	 3.3296 	 0.5765 	 0.0382 	 0.0063 
38.0000 	 0.0182 	 0.9208 	 0.0128 	 1.4132 	 1.1628 	 0.0138 	 4.2090 	 2.3556 	 1.7159 	 13.8607 	 662.4504 	 38.0000 	 0.6407 	 0.5953 	 0.9364 	 3.4370 	 1.2637 	 0.1585 	 24.9270 	 9.8959 	 1.7260 	 1.2768 	 0.0006 
41.0000 	 0.0010 	 1.0000 	 0.0023 	 6.6348 	 1.1977 	 0.0128 	 14.8494 	 2.3679 	 4.1277 	 4.0574 	 663.9642 	 41.0000 	 0.4553 	 0.2136 	 0.3058 	 14.7900 	 2.8601 	 0.9368 	 22.7662 	 4.6735 	 0.7924 	 0.5979 	 0.0028 
39.0000 	 0.0348 	 0.0041 	 0.5410 	 1.6475 	 1.2077 	 0.0898 	 23.8663 	 2.3981 	 6.3396 	 3.7444 	 664.9120 	 39.0000 	 0.0211 	 0.8888 	 0.7573 	 7.1618 	 2.4453 	 0.3876 	 24.8777 	 8.6554 	 1.4370 	 0.3875 	 0.0157 
39.0000 	 0.3213 	 0.0012 	 0.4296 	 23.9843 	 1.1669 	 0.0248 	 24.3365 	 2.3588 	 4.6813 	 3.2704 	 664.3113 	 39.0000 	 0.4464 	 0.6919 	 0.6545 	 10.0181 	 2.9031 	 0.8069 	 22.0780 	 0.2942 	 0.3591 	 0.2664 	 0.0345 
37.0000 	 0.7551 	 0.0114 	 0.1273 	 12.1497 	 1.1778 	 0.0010 	 12.4052 	 2.1976 	 4.0086 	 0.9323 	 665.3484 	 37.0000 	 0.7304 	 0.3433 	 0.8344 	 12.7532 	 1.0601 	 0.0838 	 20.1970 	 7.4904 	 0.6503 	 0.7533 	 0.0104 
39.0000 	 0.5615 	 0.0079 	 0.5765 	 5.6296 	 1.2003 	 0.0333 	 10.1010 	 2.3303 	 3.3044 	 3.3689 	 664.3313 	 39.0000 	 0.0077 	 0.1181 	 0.9361 	 7.5557 	 2.1134 	 0.5093 	 20.0959 	 2.3698 	 0.4312 	 1.9205 	 0.0481 
42.0000 	 0.1285 	 0.0062 	 0.0331 	 3.9647 	 1.1898 	 0.0013 	 33.6750 	 2.3813 	 10.3150 	 2.1998 	 664.1637 	 42.0000 	 0.0859 	 0.4505 	 0.2503 	 1.6019 	 2.1912 	 0.7263 	 24.2988 	 9.8971 	 0.0917 	 1.7352 	 0.0040 
