50.0000 	 0.1572 	 0.1708 	 0.0677 	 0.0000 	 9.7466 	 -0.2014 	 1908.2938 	 50.0000 	 0.9237 	 0.6938 	 0.3433 	 0.0000 	 0.4117 	 -0.4458 	 0.0000 
45.0000 	 0.0482 	 0.0102 	 1.0000 	 0.0000 	 2.6353 	 -0.3918 	 1907.1034 	 45.0000 	 0.7937 	 0.0121 	 0.9809 	 0.0000 	 2.3180 	 -0.2106 	 0.0265 
42.0000 	 0.2446 	 0.0050 	 0.0425 	 0.0000 	 4.2337 	 -0.7263 	 1908.0025 	 42.0000 	 0.7172 	 0.4354 	 0.1668 	 0.0000 	 2.5067 	 0.3293 	 0.0104 
39.0000 	 0.1066 	 0.1592 	 0.0118 	 0.0000 	 0.8485 	 -0.0525 	 1907.9598 	 39.0000 	 0.6057 	 0.8779 	 0.1896 	 0.0000 	 0.1062 	 0.1455 	 0.0345 
36.0000 	 0.1423 	 0.7844 	 0.4303 	 0.0000 	 2.9240 	 -0.0342 	 1908.2645 	 36.0000 	 0.7993 	 0.7844 	 0.4310 	 0.0000 	 2.9179 	 -0.0341 	 0.0088 
32.0000 	 0.7254 	 0.1007 	 0.0040 	 0.0000 	 5.4382 	 -0.1263 	 1908.2942 	 32.0000 	 0.0802 	 0.1405 	 0.8322 	 0.0000 	 0.1464 	 -0.1500 	 0.0000 
29.0000 	 0.7725 	 0.3633 	 0.1084 	 0.0000 	 4.0255 	 -0.3516 	 1908.2942 	 29.0000 	 0.7528 	 0.8368 	 0.2926 	 0.0000 	 2.6110 	 -0.4063 	 0.0000 
26.0000 	 0.0030 	 0.4693 	 0.0032 	 0.0000 	 8.4132 	 -0.1990 	 1907.8523 	 26.0000 	 0.6491 	 0.8329 	 0.7826 	 0.0000 	 1.6049 	 -0.4661 	 0.0909 
22.0000 	 0.0043 	 1.0000 	 0.7687 	 0.0000 	 9.9929 	 -1.8591 	 1906.4514 	 22.0000 	 0.2049 	 0.5042 	 0.4988 	 0.0000 	 1.8864 	 -0.0878 	 0.2611 
20.0000 	 0.4560 	 0.0164 	 0.8694 	 0.0000 	 9.7397 	 -0.7707 	 1908.2942 	 20.0000 	 0.5549 	 0.3809 	 0.5092 	 0.0000 	 0.2880 	 -0.1758 	 0.0000 
15.0000 	 0.0253 	 0.4211 	 1.0000 	 0.0000 	 2.7010 	 -0.1983 	 1908.2942 	 15.0000 	 0.9040 	 0.8110 	 0.7093 	 0.0000 	 0.2978 	 -0.1655 	 0.0000 
13.0000 	 0.1435 	 0.0034 	 0.5347 	 0.0000 	 9.9833 	 -0.1797 	 1908.2942 	 13.0000 	 0.8593 	 0.1468 	 0.9229 	 0.0000 	 1.4514 	 0.4386 	 0.0000 
9.0000 	 0.0105 	 0.3186 	 0.1108 	 0.0000 	 3.8186 	 -0.4263 	 1908.2942 	 9.0000 	 0.0103 	 0.9934 	 0.2370 	 0.0000 	 1.4616 	 -0.1465 	 0.0000 
6.0000 	 0.1740 	 0.2363 	 0.0024 	 0.0000 	 9.7011 	 -1.2805 	 1908.2345 	 6.0000 	 0.8657 	 0.6999 	 0.8268 	 0.0000 	 0.2630 	 -0.4563 	 0.0000 
3.0000 	 0.0561 	 0.0776 	 0.0481 	 0.0000 	 0.7974 	 -0.0852 	 1908.2942 	 3.0000 	 0.7288 	 0.6509 	 0.3477 	 0.0000 	 0.0924 	 0.0272 	 0.0000 
50.0000 	 0.0702 	 0.0010 	 0.0029 	 6.6868 	 0.0010 	 0.0000 	 842.9193 	 50.0000 	 0.0910 	 0.1873 	 0.0281 	 9.0000 	 1.8687 	 0.0000 	 0.1081 
49.0000 	 0.2507 	 0.0012 	 0.9889 	 1.3881 	 0.0384 	 0.0000 	 337.2481 	 49.0000 	 0.1362 	 0.8171 	 0.5072 	 5.0000 	 1.5574 	 0.0000 	 1.0029 
49.0000 	 0.2866 	 0.0573 	 0.0013 	 2.7140 	 0.0011 	 0.0000 	 835.9763 	 49.0000 	 0.7949 	 0.2691 	 0.6126 	 12.0000 	 1.3972 	 0.0000 	 0.2190 
50.0000 	 0.0389 	 0.0016 	 0.3526 	 3.9266 	 0.0504 	 0.0000 	 613.3858 	 50.0000 	 0.2783 	 0.0582 	 0.9569 	 3.0000 	 0.8444 	 0.0000 	 0.7846 
50.0000 	 0.1137 	 0.0025 	 0.0765 	 1.0000 	 0.0055 	 0.0000 	 605.3644 	 50.0000 	 0.1876 	 0.2710 	 0.7194 	 15.0000 	 1.0940 	 0.0000 	 0.1012 
50.0000 	 0.0831 	 0.0051 	 0.2460 	 2.3520 	 0.0875 	 0.0000 	 831.4870 	 50.0000 	 0.1924 	 0.3575 	 0.2629 	 2.0000 	 0.1318 	 0.0000 	 0.3989 
50.0000 	 0.0863 	 0.0024 	 0.0134 	 1.0061 	 0.0010 	 0.0000 	 644.6085 	 50.0000 	 0.2889 	 0.3852 	 0.5260 	 2.0000 	 1.8927 	 0.0000 	 6.8293 
49.0000 	 0.0197 	 0.0061 	 0.4271 	 1.4732 	 0.2362 	 0.0000 	 806.0289 	 49.0000 	 0.8661 	 0.9552 	 0.8539 	 2.0000 	 0.6876 	 0.0000 	 0.9918 
50.0000 	 0.3709 	 0.0010 	 0.1196 	 1.1602 	 0.0038 	 0.0000 	 392.0462 	 50.0000 	 0.2964 	 0.0883 	 0.9544 	 6.0000 	 0.1825 	 0.0000 	 0.3483 
49.0000 	 0.0445 	 0.0077 	 0.0556 	 1.0000 	 0.0138 	 0.0000 	 797.7830 	 49.0000 	 0.4580 	 0.2124 	 0.4901 	 11.0000 	 2.8941 	 0.0000 	 2.1989 
50.0000 	 0.1149 	 0.0021 	 0.1268 	 1.0013 	 0.0096 	 0.0000 	 386.4017 	 50.0000 	 0.2964 	 0.0883 	 0.9544 	 6.0000 	 0.1825 	 0.0000 	 0.9806 
49.0000 	 0.1023 	 0.0023 	 0.5111 	 1.3341 	 0.0681 	 0.0000 	 444.6801 	 49.0000 	 0.4880 	 0.6932 	 0.9532 	 14.0000 	 1.1347 	 0.0000 	 0.9981 
49.0000 	 0.4469 	 0.0010 	 0.2000 	 1.0000 	 0.0038 	 0.0000 	 412.4952 	 49.0000 	 0.5971 	 0.9796 	 0.6053 	 12.0000 	 2.3550 	 0.0000 	 0.7708 
50.0000 	 0.2422 	 0.0778 	 0.0014 	 17.3715 	 0.0033 	 0.0000 	 835.6848 	 50.0000 	 0.2811 	 0.2176 	 0.7897 	 13.0000 	 0.2441 	 0.0000 	 0.1473 
50.0000 	 0.2626 	 0.0012 	 0.1656 	 1.0432 	 0.0087 	 0.0000 	 275.1945 	 50.0000 	 0.1924 	 0.3575 	 0.2629 	 2.0000 	 0.1318 	 0.0000 	 1.0982 
49.0000 	 0.0543 	 0.0109 	 0.0308 	 1.1876 	 0.0130 	 0.0000 	 822.9429 	 49.0000 	 0.6450 	 0.7402 	 0.1889 	 12.0000 	 2.5419 	 0.0000 	 0.1037 
49.0000 	 0.3248 	 0.1022 	 0.0023 	 1.1323 	 0.0016 	 0.0000 	 834.6573 	 49.0000 	 0.4157 	 0.4333 	 0.6530 	 2.0000 	 0.3267 	 0.0000 	 0.4055 
48.0000 	 0.9099 	 0.0600 	 0.1044 	 1.0000 	 0.0107 	 0.0000 	 831.2337 	 48.0000 	 0.1692 	 0.2554 	 0.6397 	 8.0000 	 1.1210 	 0.0000 	 0.3442 
49.0000 	 0.6071 	 0.0172 	 0.0117 	 5.5918 	 0.0046 	 0.0000 	 836.4615 	 49.0000 	 0.3295 	 0.5188 	 0.5710 	 12.0000 	 2.1324 	 0.0000 	 0.2678 
47.0000 	 0.1846 	 0.0179 	 0.0033 	 3.8620 	 0.0022 	 0.0000 	 836.8182 	 47.0000 	 0.2232 	 0.6117 	 0.2001 	 4.0000 	 2.2649 	 0.0000 	 0.3024 
48.0000 	 0.4571 	 0.0010 	 0.0353 	 1.0000 	 0.0010 	 0.0000 	 405.8369 	 48.0000 	 0.3857 	 0.3037 	 0.7959 	 13.0000 	 2.9380 	 0.0000 	 0.1192 
50.0000 	 0.7183 	 0.0010 	 0.0502 	 1.7669 	 0.0012 	 0.0000 	 372.7461 	 50.0000 	 0.2989 	 0.2571 	 0.4536 	 7.0000 	 2.1888 	 0.0000 	 1.0365 
46.0000 	 0.1594 	 0.0010 	 0.3190 	 1.8648 	 0.0188 	 0.0000 	 331.7361 	 46.0000 	 0.7290 	 0.7982 	 0.4561 	 7.0000 	 2.2944 	 0.0000 	 0.9956 
48.0000 	 0.1072 	 0.0026 	 0.3520 	 1.0000 	 0.0225 	 0.0000 	 390.5114 	 48.0000 	 0.4572 	 0.3491 	 0.9157 	 11.0000 	 1.2713 	 0.0000 	 0.9974 
48.0000 	 0.8004 	 0.0274 	 0.0092 	 4.2178 	 0.0031 	 0.0000 	 836.6461 	 48.0000 	 0.1678 	 0.9602 	 0.1546 	 15.0000 	 1.9426 	 0.0000 	 0.1581 
49.0000 	 0.0574 	 0.0010 	 0.0140 	 3.4601 	 0.0018 	 0.0000 	 762.3411 	 49.0000 	 0.2163 	 0.8017 	 0.7626 	 1.0000 	 1.3675 	 0.0000 	 0.0945 
48.0000 	 0.7520 	 0.1139 	 0.0213 	 1.1024 	 0.0095 	 0.0000 	 836.1697 	 48.0000 	 0.6032 	 0.2543 	 0.4731 	 1.0000 	 1.7120 	 0.0000 	 0.7982 
48.0000 	 0.3058 	 0.0250 	 0.0010 	 50.0000 	 0.0019 	 0.0000 	 835.1208 	 48.0000 	 0.8964 	 0.5308 	 0.5801 	 11.0000 	 0.0522 	 0.0000 	 0.1643 
46.0000 	 0.3521 	 0.0010 	 0.4365 	 1.2214 	 0.0143 	 0.0000 	 284.6760 	 46.0000 	 0.3347 	 0.9348 	 0.6478 	 5.0000 	 1.9366 	 0.0000 	 0.8618 
45.0000 	 0.0395 	 0.0047 	 0.7211 	 1.0000 	 0.1608 	 0.0000 	 536.9372 	 45.0000 	 0.1397 	 0.2437 	 0.8645 	 9.0000 	 0.8273 	 0.0000 	 0.9930 
46.0000 	 0.4007 	 0.5072 	 0.0139 	 2.2115 	 0.0232 	 0.0000 	 836.8319 	 46.0000 	 0.4310 	 0.1338 	 0.6010 	 10.0000 	 2.5972 	 0.0000 	 0.1434 
47.0000 	 0.0884 	 0.0013 	 1.0000 	 6.0500 	 0.2029 	 0.0000 	 769.2934 	 47.0000 	 0.4770 	 0.6054 	 0.9818 	 11.0000 	 0.0735 	 0.0000 	 0.1538 
48.0000 	 0.5496 	 0.0341 	 0.0037 	 6.6757 	 0.0021 	 0.0000 	 835.1192 	 48.0000 	 0.2152 	 0.8351 	 0.0030 	 1.0000 	 0.4001 	 0.0000 	 0.7187 
46.0000 	 0.1646 	 0.0015 	 0.0547 	 1.0000 	 0.0027 	 0.0000 	 344.5240 	 46.0000 	 0.3965 	 0.8653 	 0.5989 	 12.0000 	 1.8174 	 0.0000 	 1.0600 
48.0000 	 0.9690 	 0.0861 	 0.2994 	 2.3185 	 0.0579 	 0.0000 	 795.0830 	 48.0000 	 0.5754 	 0.9854 	 0.9149 	 1.0000 	 0.7607 	 0.0000 	 0.9798 
47.0000 	 0.0516 	 0.0010 	 0.0449 	 4.7011 	 0.0064 	 0.0000 	 560.7037 	 47.0000 	 0.2033 	 0.5731 	 0.6851 	 4.0000 	 0.3624 	 0.0000 	 1.0764 
47.0000 	 0.4521 	 0.0167 	 0.0025 	 6.9896 	 0.0013 	 0.0000 	 836.6348 	 47.0000 	 0.3413 	 0.2168 	 0.6592 	 1.0000 	 1.0375 	 0.0000 	 0.3247 
46.0000 	 0.0169 	 1.0000 	 0.0022 	 23.6947 	 0.0203 	 0.0000 	 843.1511 	 46.0000 	 0.9460 	 0.5606 	 0.8257 	 12.0000 	 1.9927 	 0.0000 	 0.1867 
47.0000 	 0.9693 	 0.0237 	 0.0684 	 1.0529 	 0.0026 	 0.0000 	 614.6116 	 47.0000 	 0.4199 	 0.5435 	 0.9519 	 4.0000 	 0.1110 	 0.0000 	 0.9762 
45.0000 	 0.1171 	 0.0025 	 0.8793 	 1.1299 	 0.0707 	 0.0000 	 386.6922 	 45.0000 	 0.0397 	 0.4845 	 0.2238 	 12.0000 	 0.3836 	 0.0000 	 1.0059 
47.0000 	 0.8984 	 0.1322 	 0.1279 	 3.3648 	 0.0755 	 0.0000 	 831.3027 	 47.0000 	 0.7770 	 0.4408 	 0.3677 	 8.0000 	 0.5507 	 0.0000 	 0.2820 
48.0000 	 0.6636 	 0.0222 	 0.1296 	 1.9617 	 0.0323 	 0.0000 	 837.4779 	 48.0000 	 0.6773 	 0.0748 	 0.9296 	 6.0000 	 1.8933 	 0.0000 	 0.3257 
46.0000 	 0.0729 	 0.0020 	 0.0092 	 1.0965 	 0.0010 	 0.0000 	 516.2995 	 46.0000 	 0.6888 	 0.8684 	 0.6726 	 11.0000 	 1.9144 	 0.0000 	 1.0091 
47.0000 	 0.3655 	 0.0010 	 0.0343 	 1.0000 	 0.0012 	 0.0000 	 320.0095 	 47.0000 	 0.1595 	 0.8414 	 0.6550 	 15.0000 	 2.6529 	 0.0000 	 0.8107 
45.0000 	 0.0271 	 0.6240 	 0.0055 	 8.0380 	 0.0385 	 0.0000 	 843.8492 	 45.0000 	 0.0597 	 0.6871 	 0.4328 	 15.0000 	 0.6036 	 0.0000 	 0.2286 
43.0000 	 0.2808 	 0.8307 	 0.0041 	 49.9913 	 0.0090 	 0.0000 	 836.6549 	 43.0000 	 0.6904 	 0.2548 	 0.2783 	 14.0000 	 2.8572 	 0.0000 	 0.1169 
44.0000 	 0.5631 	 0.0208 	 0.0165 	 3.6180 	 0.0054 	 0.0000 	 839.3570 	 44.0000 	 0.5135 	 0.9752 	 0.3171 	 7.0000 	 0.2335 	 0.0000 	 0.1231 
48.0000 	 0.0627 	 0.0033 	 0.5615 	 1.0000 	 0.0827 	 0.0000 	 547.8129 	 48.0000 	 0.5756 	 0.8994 	 0.6430 	 4.0000 	 2.3546 	 0.0000 	 0.9927 
43.0000 	 0.9674 	 0.0403 	 0.4532 	 3.0991 	 0.0572 	 0.0000 	 795.0192 	 43.0000 	 0.8522 	 0.9313 	 0.1992 	 12.0000 	 0.0893 	 0.0000 	 1.7673 
44.0000 	 0.2379 	 0.0019 	 0.0766 	 1.0000 	 0.0027 	 0.0000 	 438.4420 	 44.0000 	 0.7413 	 0.3805 	 0.2822 	 10.0000 	 1.3490 	 0.0000 	 0.9776 
44.0000 	 0.3576 	 0.0013 	 0.0284 	 1.0044 	 0.0011 	 0.0000 	 255.5031 	 44.0000 	 0.6281 	 0.3862 	 0.4960 	 5.0000 	 2.4281 	 0.0000 	 1.0293 
43.0000 	 0.0441 	 0.8825 	 0.0039 	 19.9428 	 0.0220 	 0.0000 	 840.1763 	 43.0000 	 0.9463 	 0.7425 	 0.8551 	 12.0000 	 1.4228 	 0.0000 	 0.1591 
46.0000 	 0.0825 	 0.0039 	 0.0087 	 1.0000 	 0.0010 	 0.0000 	 690.1460 	 46.0000 	 0.4047 	 0.7732 	 0.7341 	 8.0000 	 0.3487 	 0.0000 	 4.5205 
42.0000 	 0.9767 	 0.6012 	 0.0066 	 1.0389 	 0.0022 	 0.0000 	 782.5275 	 42.0000 	 0.9561 	 0.1812 	 0.8801 	 1.0000 	 2.7960 	 0.0000 	 0.3482 
44.0000 	 0.5722 	 0.0150 	 0.3716 	 2.0061 	 0.0880 	 0.0000 	 837.3983 	 44.0000 	 0.3795 	 0.4544 	 0.6885 	 4.0000 	 0.0483 	 0.0000 	 0.1708 
46.0000 	 0.7369 	 0.0927 	 0.0186 	 4.5360 	 0.0142 	 0.0000 	 831.9427 	 46.0000 	 0.7676 	 0.8038 	 0.6533 	 11.0000 	 2.4678 	 0.0000 	 0.2875 
47.0000 	 0.0474 	 0.0067 	 0.0034 	 3.7122 	 0.0025 	 0.0000 	 838.6692 	 47.0000 	 0.8459 	 0.9901 	 0.8953 	 9.0000 	 0.2528 	 0.0000 	 0.3465 
45.0000 	 0.1317 	 0.0022 	 1.0000 	 1.8678 	 0.1557 	 0.0000 	 456.2978 	 45.0000 	 0.6358 	 0.7871 	 0.4902 	 11.0000 	 0.0714 	 0.0000 	 0.9860 
42.0000 	 0.0675 	 0.6466 	 0.0127 	 3.1940 	 0.0594 	 0.0000 	 842.2523 	 42.0000 	 0.7873 	 0.6462 	 0.9971 	 14.0000 	 2.2342 	 0.0000 	 0.1889 
47.0000 	 0.1729 	 0.3530 	 0.0099 	 11.9306 	 0.0296 	 0.0000 	 838.6042 	 47.0000 	 0.7777 	 0.8781 	 0.5025 	 8.0000 	 1.6061 	 0.0000 	 0.2306 
47.0000 	 0.1105 	 0.0024 	 0.1683 	 1.0452 	 0.0111 	 0.0000 	 510.0203 	 47.0000 	 0.6972 	 0.3923 	 0.3147 	 5.0000 	 2.2903 	 0.0000 	 1.0046 
44.0000 	 0.2365 	 0.0011 	 0.3576 	 1.4172 	 0.0127 	 0.0000 	 310.4560 	 44.0000 	 0.0540 	 0.6684 	 0.3822 	 6.0000 	 1.6526 	 0.0000 	 0.9770 
44.0000 	 0.4612 	 0.0225 	 0.0402 	 1.4576 	 0.0105 	 0.0000 	 835.7232 	 44.0000 	 0.2818 	 0.6105 	 0.6029 	 10.0000 	 1.1360 	 0.0000 	 0.5265 
44.0000 	 0.1599 	 0.0227 	 0.0033 	 1.7410 	 0.0016 	 0.0000 	 837.4960 	 44.0000 	 0.9371 	 0.8993 	 0.9718 	 7.0000 	 2.3328 	 0.0000 	 0.3093 
45.0000 	 0.7401 	 0.1578 	 0.0041 	 4.7729 	 0.0027 	 0.0000 	 834.0670 	 45.0000 	 0.0772 	 0.2347 	 0.5657 	 3.0000 	 2.6373 	 0.0000 	 0.0900 
45.0000 	 0.3050 	 0.0346 	 0.0215 	 1.5110 	 0.0092 	 0.0000 	 837.0125 	 45.0000 	 0.0957 	 0.1094 	 0.9217 	 4.0000 	 1.0479 	 0.0000 	 0.2946 
40.0000 	 0.2686 	 0.0013 	 0.1700 	 1.0860 	 0.0065 	 0.0000 	 278.8807 	 40.0000 	 0.6666 	 0.3053 	 0.3479 	 3.0000 	 1.9040 	 0.0000 	 0.9642 
43.0000 	 0.7002 	 0.0299 	 1.0000 	 8.2343 	 2.1759 	 0.0000 	 794.7632 	 43.0000 	 0.7593 	 0.0321 	 0.8190 	 6.0000 	 1.8302 	 0.0000 	 0.3140 
44.0000 	 0.6505 	 0.0084 	 0.9996 	 1.0000 	 0.1125 	 0.0000 	 825.2268 	 44.0000 	 0.7018 	 0.5348 	 0.0896 	 12.0000 	 1.1576 	 0.0000 	 1.6366 
42.0000 	 0.1735 	 0.0045 	 0.0022 	 8.9553 	 0.0010 	 0.0000 	 837.3892 	 42.0000 	 0.8121 	 0.4245 	 0.5732 	 5.0000 	 1.5879 	 0.0000 	 0.3926 
42.0000 	 0.2693 	 0.0246 	 0.0222 	 3.4277 	 0.0137 	 0.0000 	 837.8030 	 42.0000 	 0.5891 	 0.1167 	 0.3812 	 3.0000 	 2.0861 	 0.0000 	 0.3539 
41.0000 	 0.1381 	 0.0042 	 0.9371 	 2.1905 	 0.2231 	 0.0000 	 814.2329 	 41.0000 	 0.5846 	 0.5488 	 0.2161 	 7.0000 	 2.4508 	 0.0000 	 0.3424 
41.0000 	 0.1138 	 0.0010 	 0.2228 	 2.5925 	 0.0164 	 0.0000 	 412.2842 	 41.0000 	 0.3715 	 0.4083 	 0.8244 	 15.0000 	 2.8682 	 0.0000 	 1.0362 
41.0000 	 0.1151 	 0.0021 	 0.0139 	 1.2121 	 0.0010 	 0.0000 	 486.5252 	 41.0000 	 0.4861 	 0.2211 	 0.3210 	 9.0000 	 1.2070 	 0.0000 	 0.7127 
39.0000 	 0.2078 	 0.0019 	 0.7323 	 1.0000 	 0.0340 	 0.0000 	 311.8396 	 39.0000 	 0.6326 	 0.8272 	 0.1425 	 9.0000 	 2.5733 	 0.0000 	 0.9116 
39.0000 	 0.9622 	 0.3032 	 0.1609 	 2.9819 	 0.0629 	 0.0000 	 793.6309 	 39.0000 	 0.9795 	 0.8395 	 0.2423 	 9.0000 	 0.3013 	 0.0000 	 1.9325 
41.0000 	 0.7803 	 0.0496 	 0.0095 	 2.6114 	 0.0032 	 0.0000 	 835.0881 	 41.0000 	 0.0541 	 0.0459 	 0.4284 	 10.0000 	 0.8895 	 0.0000 	 0.4133 
38.0000 	 0.4925 	 0.0039 	 0.7348 	 4.5983 	 0.1415 	 0.0000 	 834.4241 	 38.0000 	 0.3408 	 0.5699 	 0.9050 	 8.0000 	 2.2149 	 0.0000 	 0.5826 
39.0000 	 0.0112 	 0.1662 	 0.0015 	 20.7038 	 0.0141 	 0.0000 	 843.9195 	 39.0000 	 0.6629 	 0.9571 	 0.2284 	 15.0000 	 0.9231 	 0.0000 	 0.1952 
41.0000 	 0.9499 	 0.0492 	 0.1729 	 1.0515 	 0.0167 	 0.0000 	 802.3540 	 41.0000 	 0.6863 	 0.8984 	 0.1278 	 11.0000 	 2.8842 	 0.0000 	 0.6908 
35.0000 	 0.1528 	 0.0010 	 0.0248 	 3.7384 	 0.0032 	 0.0000 	 704.8787 	 35.0000 	 0.0860 	 0.5076 	 0.9760 	 8.0000 	 0.8842 	 0.0000 	 0.1950 
45.0000 	 0.9238 	 0.0872 	 0.6012 	 2.8832 	 0.2611 	 0.0000 	 820.2832 	 45.0000 	 0.9142 	 0.2596 	 0.5817 	 4.0000 	 1.3388 	 0.0000 	 0.2509 
41.0000 	 0.0602 	 0.0023 	 0.3805 	 1.7687 	 0.0449 	 0.0000 	 589.3367 	 41.0000 	 0.7254 	 0.5552 	 0.6195 	 5.0000 	 1.7900 	 0.0000 	 0.9901 
45.0000 	 0.1293 	 0.0010 	 0.0808 	 1.9512 	 0.0047 	 0.0000 	 560.5080 	 45.0000 	 0.7793 	 0.3429 	 1.0000 	 12.0000 	 2.6765 	 0.0000 	 3.6187 
43.0000 	 0.0558 	 0.0010 	 0.7243 	 3.2355 	 0.0966 	 0.0000 	 524.3211 	 43.0000 	 0.7759 	 0.6409 	 0.4783 	 14.0000 	 2.0826 	 0.0000 	 0.9827 
41.0000 	 0.9151 	 0.0969 	 0.1795 	 1.9380 	 0.0538 	 0.0000 	 830.6866 	 41.0000 	 0.9247 	 0.4755 	 0.5044 	 13.0000 	 1.4502 	 0.0000 	 0.4093 
39.0000 	 0.8486 	 0.0025 	 0.4557 	 1.2616 	 0.0087 	 0.0000 	 533.4560 	 39.0000 	 0.9972 	 0.1713 	 0.5581 	 9.0000 	 1.1202 	 0.0000 	 0.7024 
38.0000 	 0.4183 	 0.0114 	 0.0327 	 9.0884 	 0.0155 	 0.0000 	 835.6951 	 38.0000 	 0.8696 	 0.3999 	 0.5878 	 14.0000 	 2.8687 	 0.0000 	 0.2380 
35.0000 	 0.9572 	 0.8617 	 0.3942 	 1.0000 	 0.2522 	 0.0000 	 800.4527 	 35.0000 	 0.9337 	 0.8455 	 0.3601 	 2.0000 	 0.2367 	 0.0000 	 0.5752 
39.0000 	 0.5774 	 0.1097 	 0.0653 	 1.6988 	 0.0392 	 0.0000 	 834.4016 	 39.0000 	 0.4912 	 0.1500 	 0.4332 	 13.0000 	 0.8073 	 0.0000 	 0.3320 
33.0000 	 0.3747 	 0.0938 	 0.0138 	 1.1985 	 0.0063 	 0.0000 	 837.8479 	 33.0000 	 0.3898 	 0.9697 	 0.8158 	 6.0000 	 1.8536 	 0.0000 	 0.2721 
36.0000 	 0.3399 	 0.0011 	 0.0418 	 1.3542 	 0.0016 	 0.0000 	 394.0773 	 36.0000 	 0.7085 	 0.4295 	 0.6782 	 12.0000 	 0.4534 	 0.0000 	 0.1216 
43.0000 	 0.8333 	 0.0443 	 0.1244 	 1.3088 	 0.0184 	 0.0000 	 838.6329 	 43.0000 	 0.6034 	 0.6992 	 0.0690 	 2.0000 	 1.3260 	 0.0000 	 1.1602 
41.0000 	 0.3044 	 0.1207 	 0.0031 	 1.1494 	 0.0021 	 0.0000 	 836.4264 	 41.0000 	 0.1847 	 0.1242 	 0.0624 	 4.0000 	 2.9943 	 0.0000 	 0.2290 
42.0000 	 0.9726 	 0.0091 	 1.0000 	 6.3507 	 0.0510 	 0.0000 	 609.7222 	 42.0000 	 0.7645 	 0.6118 	 0.3375 	 10.0000 	 2.9777 	 0.0000 	 0.9453 
38.0000 	 0.8186 	 0.1910 	 0.1372 	 1.0000 	 0.0589 	 0.0000 	 834.0836 	 38.0000 	 0.5373 	 0.9344 	 0.7985 	 2.0000 	 1.8176 	 0.0000 	 0.3688 
45.0000 	 0.1786 	 0.0121 	 0.0527 	 1.7640 	 0.0188 	 0.0000 	 839.2903 	 45.0000 	 0.1052 	 0.1280 	 0.3836 	 11.0000 	 2.3650 	 0.0000 	 0.1886 
33.0000 	 0.2498 	 0.0017 	 0.0226 	 1.0000 	 0.0010 	 0.0000 	 461.2156 	 33.0000 	 0.2632 	 0.3657 	 0.6644 	 1.0000 	 0.8144 	 0.0000 	 0.1249 
36.0000 	 0.2467 	 0.0012 	 0.2237 	 1.0000 	 0.0094 	 0.0000 	 301.7123 	 36.0000 	 0.4354 	 0.1210 	 0.4605 	 4.0000 	 2.5406 	 0.0000 	 0.9991 
37.0000 	 0.4160 	 0.0025 	 0.2560 	 6.3339 	 0.0358 	 0.0000 	 846.8981 	 37.0000 	 0.3634 	 0.9499 	 0.8333 	 9.0000 	 2.4284 	 0.0000 	 0.4486 
33.0000 	 0.4806 	 0.1778 	 0.0010 	 3.4068 	 0.0010 	 0.0000 	 835.3121 	 33.0000 	 0.9768 	 0.3756 	 0.9111 	 12.0000 	 0.6679 	 0.0000 	 0.0747 
41.0000 	 0.3627 	 0.0103 	 0.5544 	 1.3864 	 0.1106 	 0.0000 	 837.0050 	 41.0000 	 0.1527 	 0.5023 	 0.4718 	 13.0000 	 1.4566 	 0.0000 	 0.9993 
38.0000 	 0.7844 	 0.0324 	 0.0321 	 7.4600 	 0.0100 	 0.0000 	 833.7453 	 38.0000 	 0.4767 	 0.1029 	 0.2723 	 5.0000 	 0.4016 	 0.0000 	 0.4600 
42.0000 	 0.2064 	 0.0017 	 0.0543 	 1.1255 	 0.0033 	 0.0000 	 268.4328 	 42.0000 	 0.5700 	 0.3614 	 0.9541 	 3.0000 	 1.5384 	 0.0000 	 1.0176 
43.0000 	 0.2163 	 0.0017 	 0.0196 	 1.0000 	 0.0011 	 0.0000 	 488.8137 	 43.0000 	 0.7876 	 0.9590 	 0.6770 	 11.0000 	 1.5279 	 0.0000 	 0.4289 
37.0000 	 0.0659 	 0.0122 	 0.1497 	 1.0000 	 0.0403 	 0.0000 	 802.9666 	 37.0000 	 0.4554 	 0.8618 	 0.2129 	 7.0000 	 0.0423 	 0.0000 	 0.6882 
37.0000 	 0.3933 	 0.0917 	 0.0205 	 1.3617 	 0.0116 	 0.0000 	 834.8074 	 37.0000 	 0.6731 	 0.6731 	 0.7932 	 11.0000 	 1.3372 	 0.0000 	 0.2519 
43.0000 	 0.1275 	 0.0015 	 0.9874 	 1.5901 	 0.1295 	 0.0000 	 426.4253 	 43.0000 	 0.5242 	 0.7240 	 0.9138 	 12.0000 	 1.8182 	 0.0000 	 0.9081 
30.0000 	 0.3685 	 0.1280 	 0.0013 	 2.5471 	 0.0010 	 0.0000 	 834.7369 	 30.0000 	 0.4575 	 0.9317 	 0.8536 	 6.0000 	 2.7843 	 0.0000 	 0.1725 
37.0000 	 0.0585 	 0.0028 	 0.0100 	 1.4803 	 0.0017 	 0.0000 	 652.9327 	 37.0000 	 0.2544 	 0.1094 	 0.9379 	 4.0000 	 2.2281 	 0.0000 	 0.6854 
38.0000 	 0.2049 	 0.0010 	 1.0000 	 1.9757 	 0.0584 	 0.0000 	 503.8698 	 38.0000 	 0.5872 	 0.8812 	 0.9264 	 10.0000 	 0.7553 	 0.0000 	 0.1707 
33.0000 	 0.2077 	 0.1026 	 0.0014 	 1.4526 	 0.0011 	 0.0000 	 835.4845 	 33.0000 	 0.5900 	 0.7944 	 0.5994 	 6.0000 	 1.0496 	 0.0000 	 0.3316 
33.0000 	 0.4022 	 0.5421 	 0.0089 	 1.0311 	 0.0106 	 0.0000 	 835.3763 	 33.0000 	 0.0694 	 0.2600 	 0.4496 	 3.0000 	 1.1931 	 0.0000 	 0.1847 
42.0000 	 0.2115 	 0.0017 	 0.3821 	 1.0000 	 0.0184 	 0.0000 	 376.4365 	 42.0000 	 0.0515 	 0.9619 	 0.6968 	 1.0000 	 2.1115 	 0.0000 	 0.5896 
35.0000 	 0.3423 	 0.0010 	 0.0301 	 1.2495 	 0.0011 	 0.0000 	 285.3529 	 35.0000 	 0.6622 	 0.4767 	 0.8417 	 13.0000 	 2.2140 	 0.0000 	 1.0073 
35.0000 	 0.0912 	 0.0015 	 0.2913 	 2.0472 	 0.0285 	 0.0000 	 486.9627 	 35.0000 	 0.7710 	 0.2754 	 0.4660 	 2.0000 	 0.3299 	 0.0000 	 0.9939 
37.0000 	 0.3110 	 0.0015 	 0.1043 	 1.0000 	 0.0038 	 0.0000 	 374.9150 	 37.0000 	 0.7863 	 0.6144 	 0.3001 	 4.0000 	 2.8637 	 0.0000 	 0.8121 
35.0000 	 0.2298 	 0.0013 	 0.4343 	 1.1033 	 0.0157 	 0.0000 	 396.1206 	 35.0000 	 0.4566 	 0.1245 	 0.9327 	 10.0000 	 2.6343 	 0.0000 	 0.6444 
35.0000 	 0.2279 	 0.0010 	 0.1036 	 1.9566 	 0.0041 	 0.0000 	 392.7442 	 35.0000 	 0.0508 	 0.9328 	 0.7540 	 11.0000 	 0.9023 	 0.0000 	 0.8650 
34.0000 	 0.3421 	 0.0284 	 0.0104 	 1.0806 	 0.0024 	 0.0000 	 842.4423 	 34.0000 	 0.2066 	 0.9594 	 0.4065 	 2.0000 	 2.7876 	 0.0000 	 0.4518 
35.0000 	 0.7005 	 0.2327 	 0.0482 	 1.0231 	 0.0248 	 0.0000 	 833.9847 	 35.0000 	 0.8060 	 0.7419 	 0.8244 	 9.0000 	 2.3077 	 0.0000 	 0.3563 
34.0000 	 0.1575 	 0.0015 	 1.0000 	 1.0000 	 0.0518 	 0.0000 	 422.0800 	 34.0000 	 0.9735 	 0.1632 	 0.2601 	 12.0000 	 0.7213 	 0.0000 	 0.9089 
44.0000 	 0.3539 	 0.0210 	 0.0010 	 47.4003 	 0.0015 	 0.0000 	 834.9934 	 44.0000 	 0.1752 	 0.9947 	 0.4068 	 9.0000 	 0.4446 	 0.0000 	 0.1157 
26.0000 	 0.4189 	 0.0021 	 0.1877 	 1.2721 	 0.0077 	 0.0000 	 470.3491 	 26.0000 	 0.0823 	 0.2936 	 0.6449 	 9.0000 	 2.0395 	 0.0000 	 0.1255 
40.0000 	 0.3720 	 0.0615 	 0.0067 	 37.8077 	 0.0118 	 0.0000 	 835.7648 	 40.0000 	 0.2719 	 0.0308 	 0.0567 	 8.0000 	 0.4235 	 0.0000 	 0.2893 
34.0000 	 0.6970 	 0.0361 	 0.0175 	 1.0655 	 0.0028 	 0.0000 	 838.5587 	 34.0000 	 0.0633 	 0.2503 	 0.0642 	 6.0000 	 2.5835 	 0.0000 	 0.2680 
30.0000 	 0.2153 	 0.0011 	 0.1113 	 2.0866 	 0.0042 	 0.0000 	 360.0119 	 30.0000 	 0.0202 	 0.1503 	 0.3491 	 11.0000 	 0.0808 	 0.0000 	 0.9854 
42.0000 	 0.0504 	 0.0075 	 0.0105 	 1.9962 	 0.0047 	 0.0000 	 810.6512 	 42.0000 	 0.7840 	 0.2341 	 0.5898 	 10.0000 	 2.2086 	 0.0000 	 0.3961 
24.0000 	 0.2427 	 0.0026 	 0.0656 	 1.3803 	 0.0028 	 0.0000 	 350.0219 	 24.0000 	 0.3672 	 0.8930 	 0.5561 	 12.0000 	 0.6321 	 0.0000 	 0.9285 
40.0000 	 0.2842 	 0.0888 	 0.0017 	 14.5699 	 0.0031 	 0.0000 	 835.0998 	 40.0000 	 0.4598 	 0.0940 	 0.2382 	 6.0000 	 2.2338 	 0.0000 	 0.2572 
35.0000 	 0.9702 	 0.1159 	 0.0397 	 1.8025 	 0.0075 	 0.0000 	 787.5134 	 35.0000 	 0.4146 	 0.7590 	 0.7771 	 5.0000 	 2.5631 	 0.0000 	 1.3483 
27.0000 	 0.1074 	 0.7071 	 0.0247 	 2.0774 	 0.0732 	 0.0000 	 841.8672 	 27.0000 	 0.0081 	 0.4935 	 0.2567 	 8.0000 	 1.7233 	 0.0000 	 0.1808 
40.0000 	 0.3783 	 0.0014 	 0.5721 	 1.0019 	 0.0181 	 0.0000 	 304.6233 	 40.0000 	 0.3413 	 0.1876 	 0.6724 	 1.0000 	 2.3647 	 0.0000 	 0.8265 
40.0000 	 0.0862 	 0.0049 	 0.0107 	 1.0000 	 0.0011 	 0.0000 	 528.9476 	 40.0000 	 0.9783 	 0.3358 	 0.7762 	 6.0000 	 1.7910 	 0.0000 	 1.0627 
40.0000 	 0.3409 	 0.0010 	 0.5997 	 1.5812 	 0.0296 	 0.0000 	 228.3778 	 40.0000 	 0.2492 	 0.1777 	 0.2401 	 2.0000 	 1.3790 	 0.0000 	 1.0421 
41.0000 	 0.5660 	 0.4257 	 0.0332 	 2.4421 	 0.0422 	 0.0000 	 836.6533 	 41.0000 	 0.5895 	 0.5213 	 0.0881 	 4.0000 	 0.3758 	 0.0000 	 0.1492 
39.0000 	 0.0468 	 0.0016 	 0.2977 	 7.5244 	 0.0626 	 0.0000 	 770.8444 	 39.0000 	 0.7521 	 0.5746 	 0.3919 	 15.0000 	 0.7906 	 0.0000 	 0.9956 
34.0000 	 0.3536 	 0.0016 	 0.0264 	 1.0008 	 0.0010 	 0.0000 	 261.3436 	 34.0000 	 0.3952 	 0.9888 	 0.0701 	 6.0000 	 1.7035 	 0.0000 	 1.0388 
32.0000 	 0.2084 	 0.0010 	 0.0653 	 2.5408 	 0.0037 	 0.0000 	 341.0946 	 32.0000 	 0.4151 	 0.1716 	 0.7442 	 10.0000 	 2.8153 	 0.0000 	 0.9885 
31.0000 	 0.9638 	 0.1597 	 0.0226 	 3.6252 	 0.0069 	 0.0000 	 783.3147 	 31.0000 	 0.3775 	 0.0005 	 0.3125 	 7.0000 	 2.6770 	 0.0000 	 2.7341 
24.0000 	 0.5210 	 0.0249 	 0.0913 	 3.3577 	 0.0280 	 0.0000 	 836.0887 	 24.0000 	 0.9572 	 0.6613 	 0.2211 	 3.0000 	 0.8708 	 0.0000 	 0.3479 
32.0000 	 0.2427 	 0.0020 	 0.8542 	 1.1458 	 0.0390 	 0.0000 	 315.3908 	 32.0000 	 0.0641 	 0.7928 	 0.5045 	 4.0000 	 0.1264 	 0.0000 	 0.9759 
20.0000 	 0.8667 	 0.1981 	 0.0463 	 2.9618 	 0.0200 	 0.0000 	 831.3894 	 20.0000 	 0.6539 	 0.1754 	 0.6838 	 12.0000 	 0.1137 	 0.0000 	 0.3420 
27.0000 	 0.5798 	 0.3921 	 0.0021 	 1.0000 	 0.0013 	 0.0000 	 835.2986 	 27.0000 	 0.5143 	 0.0642 	 0.2540 	 3.0000 	 2.6203 	 0.0000 	 0.2671 
39.0000 	 0.1085 	 0.0208 	 0.0021 	 1.5245 	 0.0010 	 0.0000 	 838.9712 	 39.0000 	 0.2055 	 0.3398 	 0.6730 	 13.0000 	 2.8443 	 0.0000 	 0.4781 
31.0000 	 0.1412 	 0.0020 	 0.1945 	 1.4528 	 0.0162 	 0.0000 	 476.0370 	 31.0000 	 0.8980 	 0.7113 	 0.1081 	 5.0000 	 2.0090 	 0.0000 	 0.4607 
30.0000 	 0.1638 	 0.4876 	 0.0035 	 1.9317 	 0.0073 	 0.0000 	 836.6072 	 30.0000 	 0.2234 	 0.7607 	 0.6496 	 15.0000 	 0.0165 	 0.0000 	 0.1594 
23.0000 	 0.9668 	 0.4761 	 0.0175 	 7.8990 	 0.0067 	 0.0000 	 775.8394 	 23.0000 	 0.6051 	 0.6483 	 0.1376 	 3.0000 	 1.0496 	 0.0000 	 0.3571 
38.0000 	 0.1038 	 0.0031 	 0.3220 	 1.0754 	 0.0260 	 0.0000 	 555.6852 	 38.0000 	 0.9320 	 0.5402 	 0.3230 	 10.0000 	 2.3469 	 0.0000 	 0.7075 
20.0000 	 0.3773 	 0.0010 	 0.3066 	 2.6604 	 0.0108 	 0.0000 	 383.9414 	 20.0000 	 0.3718 	 0.5590 	 0.2754 	 14.0000 	 2.4400 	 0.0000 	 0.1350 
26.0000 	 0.1309 	 0.0051 	 0.0514 	 1.0000 	 0.0040 	 0.0000 	 376.0621 	 26.0000 	 0.8745 	 0.5145 	 0.4620 	 7.0000 	 2.5196 	 0.0000 	 1.0001 
28.0000 	 0.0503 	 0.0095 	 1.0000 	 1.0000 	 0.1944 	 0.0000 	 720.3714 	 28.0000 	 0.7575 	 0.8056 	 0.3468 	 10.0000 	 2.5772 	 0.0000 	 0.8249 
31.0000 	 0.2710 	 0.0010 	 0.3020 	 2.0583 	 0.0117 	 0.0000 	 341.9377 	 31.0000 	 0.0266 	 0.3237 	 0.9729 	 13.0000 	 0.7042 	 0.0000 	 0.8616 
32.0000 	 0.1988 	 0.0023 	 0.2571 	 1.0000 	 0.0121 	 0.0000 	 305.8483 	 32.0000 	 0.4408 	 0.0505 	 0.5811 	 14.0000 	 1.6867 	 0.0000 	 1.0030 
31.0000 	 0.3527 	 0.0010 	 0.0237 	 1.1160 	 0.0010 	 0.0000 	 381.4027 	 31.0000 	 0.4791 	 0.7296 	 0.9434 	 5.0000 	 1.8522 	 0.0000 	 0.9871 
28.0000 	 0.3151 	 0.0024 	 0.6293 	 1.0000 	 0.0152 	 0.0000 	 345.1019 	 28.0000 	 0.9428 	 0.7498 	 0.3553 	 7.0000 	 1.2915 	 0.0000 	 0.9992 
37.0000 	 0.3759 	 0.0016 	 0.4457 	 1.0000 	 0.0179 	 0.0000 	 326.3684 	 37.0000 	 0.3398 	 0.5428 	 0.3669 	 12.0000 	 2.2403 	 0.0000 	 0.8929 
18.0000 	 0.2042 	 0.0042 	 0.0176 	 1.0103 	 0.0010 	 0.0000 	 328.5055 	 18.0000 	 0.7902 	 0.1002 	 0.6098 	 10.0000 	 2.5272 	 0.0000 	 0.9471 
20.0000 	 0.3080 	 0.1027 	 0.0222 	 4.7057 	 0.0206 	 0.0000 	 835.6044 	 20.0000 	 0.5681 	 0.2661 	 0.4087 	 7.0000 	 0.0807 	 0.0000 	 0.3442 
30.0000 	 0.4913 	 0.2124 	 0.0192 	 17.7107 	 0.0239 	 0.0000 	 835.7310 	 30.0000 	 0.2588 	 0.1368 	 0.0321 	 9.0000 	 2.6791 	 0.0000 	 0.1843 
24.0000 	 0.2878 	 0.0010 	 0.0259 	 2.1760 	 0.0010 	 0.0000 	 420.8302 	 24.0000 	 0.6292 	 0.0203 	 0.5751 	 11.0000 	 1.8201 	 0.0000 	 0.4789 
30.0000 	 0.5790 	 0.0294 	 0.3969 	 1.1813 	 0.0994 	 0.0000 	 842.2730 	 30.0000 	 0.8502 	 0.1612 	 0.1411 	 14.0000 	 0.6113 	 0.0000 	 0.6347 
28.0000 	 0.4515 	 0.0174 	 0.0306 	 5.7054 	 0.0095 	 0.0000 	 839.6479 	 28.0000 	 0.8332 	 0.8278 	 0.6187 	 8.0000 	 1.0042 	 0.0000 	 0.3746 
16.0000 	 0.0936 	 0.0084 	 0.0219 	 1.0000 	 0.0031 	 0.0000 	 710.4465 	 16.0000 	 0.7638 	 0.8786 	 0.8163 	 6.0000 	 0.2387 	 0.0000 	 7.0855 
28.0000 	 0.0248 	 1.0000 	 0.0013 	 49.0758 	 0.0069 	 0.0000 	 842.6504 	 28.0000 	 0.2178 	 0.0928 	 0.3206 	 1.0000 	 0.8502 	 0.0000 	 0.1819 
28.0000 	 0.0900 	 0.0014 	 1.0000 	 2.9514 	 0.0694 	 0.0000 	 625.7570 	 28.0000 	 0.8662 	 0.6957 	 0.5773 	 6.0000 	 1.4362 	 0.0000 	 0.6020 
23.0000 	 0.7137 	 0.2063 	 0.1202 	 2.6048 	 0.0695 	 0.0000 	 835.2472 	 23.0000 	 0.1450 	 0.2265 	 0.3785 	 14.0000 	 0.1705 	 0.0000 	 0.1385 
28.0000 	 0.3058 	 0.1667 	 0.0068 	 4.9925 	 0.0086 	 0.0000 	 835.5360 	 28.0000 	 0.9220 	 0.7883 	 0.6022 	 10.0000 	 0.7511 	 0.0000 	 0.1931 
20.0000 	 0.2974 	 0.0023 	 0.0252 	 1.0431 	 0.0010 	 0.0000 	 392.1192 	 20.0000 	 0.0669 	 0.2523 	 0.6629 	 7.0000 	 1.9449 	 0.0000 	 0.5803 
15.0000 	 0.2883 	 0.0031 	 0.0782 	 1.1376 	 0.0031 	 0.0000 	 382.7958 	 15.0000 	 0.9623 	 0.8543 	 0.4876 	 3.0000 	 0.9362 	 0.0000 	 0.3681 
20.0000 	 0.1649 	 0.0010 	 0.3412 	 3.6789 	 0.0243 	 0.0000 	 454.3670 	 20.0000 	 0.5157 	 0.2965 	 0.4722 	 4.0000 	 2.1926 	 0.0000 	 0.7066 
30.0000 	 0.2564 	 0.0010 	 0.0784 	 1.7988 	 0.0032 	 0.0000 	 368.1697 	 30.0000 	 0.8569 	 0.3539 	 0.2224 	 6.0000 	 0.9032 	 0.0000 	 0.9715 
12.0000 	 0.4278 	 0.1397 	 1.0000 	 1.7827 	 1.1883 	 0.0000 	 803.6624 	 12.0000 	 0.9139 	 0.8445 	 0.0660 	 6.0000 	 2.8231 	 0.0000 	 0.6690 
18.0000 	 0.9480 	 1.0000 	 0.2463 	 6.8634 	 0.0753 	 0.0000 	 757.2055 	 18.0000 	 0.1757 	 0.7078 	 0.5804 	 8.0000 	 1.0418 	 0.0000 	 6.1610 
27.0000 	 0.1964 	 0.0010 	 0.0163 	 4.2520 	 0.0010 	 0.0000 	 400.3816 	 27.0000 	 0.6152 	 0.5617 	 0.2753 	 3.0000 	 0.6805 	 0.0000 	 0.9951 
37.0000 	 0.0473 	 0.0024 	 0.0032 	 5.7413 	 0.0010 	 0.0000 	 795.7783 	 37.0000 	 0.0882 	 0.2096 	 0.8840 	 8.0000 	 1.1363 	 0.0000 	 2.1154 
25.0000 	 0.1764 	 0.0013 	 0.0160 	 2.5195 	 0.0010 	 0.0000 	 378.2989 	 25.0000 	 0.5454 	 0.7104 	 0.7593 	 1.0000 	 1.3028 	 0.0000 	 0.9887 
26.0000 	 0.9500 	 0.1769 	 0.0217 	 3.0632 	 0.0043 	 0.0000 	 764.4582 	 26.0000 	 0.8881 	 0.5131 	 0.7559 	 15.0000 	 1.1306 	 0.0000 	 1.8758 
28.0000 	 0.2349 	 0.0010 	 0.1094 	 2.3443 	 0.0035 	 0.0000 	 365.8826 	 28.0000 	 0.4395 	 0.5931 	 0.1705 	 2.0000 	 0.3632 	 0.0000 	 0.9743 
28.0000 	 0.3449 	 0.2550 	 0.0010 	 2.2555 	 0.0010 	 0.0000 	 834.4784 	 28.0000 	 0.5202 	 0.3185 	 0.3545 	 1.0000 	 0.5559 	 0.0000 	 0.2845 
12.0000 	 0.6994 	 0.0022 	 0.0314 	 2.1923 	 0.0010 	 0.0000 	 504.0081 	 12.0000 	 0.4782 	 0.9958 	 0.9586 	 8.0000 	 2.0934 	 0.0000 	 0.1667 
16.0000 	 0.1598 	 0.0064 	 0.7252 	 1.0000 	 0.0469 	 0.0000 	 318.8374 	 16.0000 	 0.1688 	 0.5983 	 0.2489 	 11.0000 	 1.7605 	 0.0000 	 1.0028 
20.0000 	 0.3520 	 0.2109 	 0.0178 	 21.4395 	 0.0222 	 0.0000 	 835.9044 	 20.0000 	 0.6885 	 0.5285 	 0.2824 	 15.0000 	 1.8055 	 0.0000 	 0.1386 
9.0000 	 0.5241 	 0.0041 	 0.3217 	 1.2576 	 0.0094 	 0.0000 	 348.0821 	 9.0000 	 0.8114 	 0.2973 	 0.4445 	 11.0000 	 1.3867 	 0.0000 	 0.5699 
39.0000 	 0.3673 	 0.0010 	 0.3009 	 1.0056 	 0.0114 	 0.0000 	 392.9948 	 39.0000 	 0.5086 	 0.2581 	 0.2482 	 3.0000 	 0.8503 	 0.0000 	 0.0996 
39.0000 	 0.4951 	 0.7024 	 0.0870 	 2.3567 	 0.1741 	 0.0000 	 839.3437 	 39.0000 	 0.7264 	 0.9330 	 0.1548 	 4.0000 	 0.7437 	 0.0000 	 0.2631 
36.0000 	 0.4196 	 0.2089 	 0.0059 	 2.8602 	 0.0068 	 0.0000 	 835.0095 	 36.0000 	 0.1991 	 0.4905 	 0.8848 	 10.0000 	 0.5879 	 0.0000 	 0.2150 
40.0000 	 0.4373 	 0.0424 	 0.0188 	 1.0000 	 0.0055 	 0.0000 	 838.3984 	 40.0000 	 0.0500 	 0.7195 	 0.1505 	 5.0000 	 0.7290 	 0.0000 	 1.3101 
33.0000 	 0.9783 	 0.1340 	 0.6241 	 11.4422 	 0.1742 	 0.0000 	 803.6690 	 33.0000 	 0.9312 	 0.1196 	 0.6299 	 10.0000 	 1.0018 	 0.0000 	 0.1169 
16.0000 	 0.7830 	 0.0342 	 0.0092 	 20.9618 	 0.0023 	 0.0000 	 823.4136 	 16.0000 	 0.0060 	 0.7870 	 0.8577 	 6.0000 	 1.8930 	 0.0000 	 0.4937 
12.0000 	 0.0955 	 0.0012 	 0.0346 	 9.5183 	 0.0029 	 0.0000 	 452.7646 	 12.0000 	 0.8929 	 0.7306 	 0.6562 	 11.0000 	 2.5641 	 0.0000 	 1.0282 
9.0000 	 0.1260 	 0.6400 	 0.0172 	 1.1605 	 0.0199 	 0.0000 	 838.4508 	 9.0000 	 0.2272 	 0.3057 	 0.5994 	 6.0000 	 0.6578 	 0.0000 	 0.1783 
15.0000 	 0.9038 	 0.3113 	 0.1443 	 1.3062 	 0.0198 	 0.0000 	 760.5322 	 15.0000 	 0.8819 	 0.1159 	 0.0151 	 10.0000 	 2.9964 	 0.0000 	 0.9887 
9.0000 	 0.1982 	 0.0010 	 0.3140 	 6.1219 	 0.0166 	 0.0000 	 323.7838 	 9.0000 	 0.0932 	 0.8066 	 0.3750 	 3.0000 	 1.0128 	 0.0000 	 1.0155 
6.0000 	 0.8520 	 0.3302 	 0.0700 	 1.0571 	 0.0059 	 0.0000 	 626.2157 	 6.0000 	 0.3452 	 0.7487 	 0.8021 	 9.0000 	 2.1996 	 0.0000 	 0.1595 
5.0000 	 0.3718 	 0.0101 	 0.0483 	 1.0000 	 0.0014 	 0.0000 	 291.6264 	 5.0000 	 0.0696 	 0.9328 	 0.7542 	 2.0000 	 2.3208 	 0.0000 	 0.6897 
12.0000 	 0.0308 	 0.0292 	 0.0064 	 1.2488 	 0.0019 	 0.0000 	 774.2948 	 12.0000 	 0.5600 	 0.2724 	 0.1726 	 10.0000 	 0.7583 	 0.0000 	 1.0033 
36.0000 	 0.2808 	 0.0751 	 0.0030 	 13.1639 	 0.0047 	 0.0000 	 835.7907 	 36.0000 	 0.1651 	 0.2950 	 0.2696 	 10.0000 	 0.2523 	 0.0000 	 0.1432 
21.0000 	 0.5816 	 0.0361 	 0.3708 	 2.5128 	 0.1065 	 0.0000 	 835.0117 	 21.0000 	 0.0173 	 0.0180 	 0.8628 	 8.0000 	 1.0334 	 0.0000 	 0.4684 
24.0000 	 0.9668 	 0.3146 	 0.0375 	 17.4500 	 0.0174 	 0.0000 	 713.6938 	 24.0000 	 0.7352 	 0.6823 	 0.6442 	 5.0000 	 1.4689 	 0.0000 	 5.8614 
3.0000 	 0.0578 	 0.0197 	 0.0107 	 18.8252 	 0.0047 	 0.0000 	 828.8375 	 3.0000 	 0.1691 	 0.5869 	 0.0131 	 6.0000 	 1.0468 	 0.0000 	 0.7770 
22.0000 	 0.2383 	 0.0014 	 0.4729 	 2.5485 	 0.0194 	 0.0000 	 288.0362 	 22.0000 	 0.2200 	 0.1294 	 0.4596 	 1.0000 	 0.1405 	 0.0000 	 0.9940 
2.0000 	 0.3305 	 0.0663 	 0.0077 	 21.5781 	 0.0010 	 0.0000 	 601.9585 	 2.0000 	 0.1055 	 0.4983 	 0.7700 	 7.0000 	 1.1768 	 0.0000 	 0.7093 
32.0000 	 0.0241 	 0.0184 	 0.0014 	 1.7511 	 0.0010 	 0.0000 	 847.0342 	 32.0000 	 0.9792 	 0.4504 	 0.4841 	 11.0000 	 2.2069 	 0.0000 	 0.2031 
36.0000 	 0.8404 	 0.5379 	 0.1074 	 4.3927 	 0.1073 	 0.0000 	 834.3895 	 36.0000 	 0.5774 	 0.7502 	 0.0716 	 3.0000 	 0.3108 	 0.0000 	 0.2500 
21.0000 	 0.5854 	 0.1926 	 0.0143 	 1.8925 	 0.0062 	 0.0000 	 836.1537 	 21.0000 	 0.3243 	 0.0863 	 0.0831 	 10.0000 	 0.6636 	 0.0000 	 0.2279 
33.0000 	 0.0438 	 0.0106 	 0.0423 	 1.5262 	 0.0152 	 0.0000 	 802.9938 	 33.0000 	 0.8870 	 0.2717 	 0.0654 	 6.0000 	 2.9273 	 0.0000 	 0.0964 
12.0000 	 0.2185 	 0.0089 	 0.0438 	 1.0432 	 0.0030 	 0.0000 	 362.5056 	 12.0000 	 0.2699 	 0.7040 	 0.6411 	 6.0000 	 1.1889 	 0.0000 	 0.9666 
22.0000 	 0.3499 	 0.0020 	 0.0377 	 1.1202 	 0.0016 	 0.0000 	 272.5021 	 22.0000 	 0.6782 	 0.7652 	 0.6421 	 2.0000 	 1.2390 	 0.0000 	 0.9109 
19.0000 	 0.0854 	 0.0010 	 0.1068 	 21.9877 	 0.0327 	 0.0000 	 829.0359 	 19.0000 	 0.7992 	 0.0495 	 0.0429 	 8.0000 	 1.3296 	 0.0000 	 0.1202 
19.0000 	 0.9411 	 0.1657 	 0.0053 	 12.1237 	 0.0010 	 0.0000 	 771.1913 	 19.0000 	 0.6494 	 0.8595 	 0.4589 	 15.0000 	 0.8972 	 0.0000 	 0.0926 
21.0000 	 0.0191 	 0.0021 	 0.2163 	 10.0615 	 0.0286 	 0.0000 	 885.1044 	 21.0000 	 0.3078 	 0.0601 	 0.6756 	 3.0000 	 0.5261 	 0.0000 	 0.3596 
23.0000 	 0.9567 	 0.4673 	 0.0689 	 1.2626 	 0.0209 	 0.0000 	 788.0085 	 23.0000 	 0.5191 	 0.6710 	 0.5317 	 9.0000 	 2.3866 	 0.0000 	 1.1612 
18.0000 	 0.9023 	 0.0552 	 0.1429 	 5.1289 	 0.0198 	 0.0000 	 778.4573 	 18.0000 	 0.6563 	 0.0101 	 0.0900 	 2.0000 	 1.8752 	 0.0000 	 1.8064 
21.0000 	 0.3269 	 0.0010 	 1.0000 	 2.7007 	 0.0370 	 0.0000 	 425.5981 	 21.0000 	 0.0379 	 0.2318 	 0.4784 	 13.0000 	 0.7647 	 0.0000 	 7.0445 
34.0000 	 0.2308 	 0.0431 	 0.0162 	 1.3753 	 0.0076 	 0.0000 	 835.6909 	 34.0000 	 0.0448 	 0.6330 	 0.0121 	 7.0000 	 2.7013 	 0.0000 	 0.3642 
18.0000 	 0.0945 	 0.0065 	 0.2879 	 1.0020 	 0.0204 	 0.0000 	 551.1121 	 18.0000 	 0.8545 	 0.4307 	 0.8100 	 8.0000 	 0.4570 	 0.0000 	 0.7050 
32.0000 	 0.4715 	 0.0807 	 0.0998 	 1.0000 	 0.0272 	 0.0000 	 831.1805 	 32.0000 	 0.1605 	 0.2494 	 0.8620 	 12.0000 	 0.9074 	 0.0000 	 1.1866 
20.0000 	 0.0798 	 0.0030 	 0.0065 	 2.9426 	 0.0011 	 0.0000 	 688.5969 	 20.0000 	 0.3331 	 0.8546 	 0.2527 	 14.0000 	 2.2722 	 0.0000 	 0.5303 
37.0000 	 0.7520 	 0.0197 	 0.1190 	 5.6326 	 0.0357 	 0.0000 	 834.7525 	 37.0000 	 0.4419 	 0.1544 	 0.4015 	 8.0000 	 1.3794 	 0.0000 	 0.3124 
15.0000 	 0.7137 	 0.2063 	 0.1202 	 2.6048 	 0.0695 	 0.0000 	 831.8985 	 15.0000 	 0.6560 	 0.8751 	 0.7160 	 1.0000 	 2.6749 	 0.0000 	 0.3812 
34.0000 	 0.1388 	 0.2260 	 0.0070 	 8.0111 	 0.0191 	 0.0000 	 838.0771 	 34.0000 	 0.0153 	 0.4643 	 0.1408 	 5.0000 	 1.8635 	 0.0000 	 0.1389 
20.0000 	 0.2370 	 0.0018 	 0.2944 	 2.1261 	 0.0145 	 0.0000 	 402.3595 	 20.0000 	 0.5311 	 0.4083 	 0.7755 	 6.0000 	 0.0754 	 0.0000 	 0.7346 
19.0000 	 0.0265 	 0.0163 	 0.4160 	 1.0053 	 0.0651 	 0.0000 	 751.1890 	 19.0000 	 0.6771 	 0.4702 	 0.4673 	 1.0000 	 0.8937 	 0.0000 	 0.9586 
21.0000 	 0.1095 	 0.0010 	 0.0173 	 6.0324 	 0.0013 	 0.0000 	 406.8467 	 21.0000 	 0.4674 	 0.6304 	 0.9212 	 5.0000 	 0.9655 	 0.0000 	 1.0780 
16.0000 	 0.2072 	 0.4920 	 0.0041 	 1.0001 	 0.0044 	 0.0000 	 835.8298 	 16.0000 	 0.0253 	 0.7645 	 0.1433 	 2.0000 	 2.8425 	 0.0000 	 0.2178 
17.0000 	 0.7674 	 0.5964 	 0.0634 	 1.0000 	 0.0332 	 0.0000 	 831.9928 	 17.0000 	 0.1609 	 0.4140 	 0.4672 	 9.0000 	 0.0673 	 0.0000 	 0.2540 
15.0000 	 0.3635 	 0.0016 	 0.0245 	 18.0505 	 0.0041 	 0.0000 	 835.6388 	 15.0000 	 0.0542 	 0.9540 	 0.8765 	 7.0000 	 1.3544 	 0.0000 	 0.3289 
18.0000 	 0.3177 	 0.0327 	 0.6337 	 1.0000 	 0.1279 	 0.0000 	 837.6997 	 18.0000 	 0.2812 	 0.0530 	 0.1409 	 3.0000 	 1.2991 	 0.0000 	 0.1148 
14.0000 	 0.1142 	 0.0063 	 0.2607 	 1.0583 	 0.0179 	 0.0000 	 450.5999 	 14.0000 	 0.1567 	 0.7714 	 0.9053 	 12.0000 	 0.9722 	 0.0000 	 0.7211 
19.0000 	 0.2094 	 0.1121 	 0.0025 	 7.8846 	 0.0032 	 0.0000 	 835.7591 	 19.0000 	 0.2174 	 0.8858 	 0.0514 	 8.0000 	 0.7035 	 0.0000 	 0.2287 
17.0000 	 0.3118 	 0.0012 	 0.2542 	 2.8523 	 0.0100 	 0.0000 	 320.7543 	 17.0000 	 0.3349 	 0.3361 	 0.7969 	 5.0000 	 0.5733 	 0.0000 	 0.9746 
13.0000 	 0.2318 	 0.1022 	 0.0176 	 7.6630 	 0.0182 	 0.0000 	 835.9289 	 13.0000 	 0.6475 	 0.4501 	 0.9413 	 5.0000 	 2.1251 	 0.0000 	 0.2024 
29.0000 	 0.3993 	 0.0010 	 0.0264 	 1.9926 	 0.0010 	 0.0000 	 318.5256 	 29.0000 	 0.8145 	 0.9514 	 0.7188 	 3.0000 	 0.8472 	 0.0000 	 0.8182 
15.0000 	 0.3710 	 0.1087 	 0.0154 	 4.0511 	 0.0092 	 0.0000 	 836.1564 	 15.0000 	 0.7360 	 0.2469 	 0.1989 	 7.0000 	 2.4730 	 0.0000 	 0.1901 
31.0000 	 0.3104 	 0.4239 	 0.0053 	 2.1545 	 0.0076 	 0.0000 	 836.2859 	 31.0000 	 0.9663 	 0.8770 	 0.6819 	 14.0000 	 1.4389 	 0.0000 	 0.1753 
31.0000 	 0.0767 	 0.0013 	 0.0328 	 4.8220 	 0.0063 	 0.0000 	 636.1172 	 31.0000 	 0.3214 	 0.8020 	 0.2891 	 2.0000 	 2.1640 	 0.0000 	 0.7037 
13.0000 	 0.5743 	 0.3981 	 0.0032 	 3.7151 	 0.0016 	 0.0000 	 838.8974 	 13.0000 	 0.7001 	 0.1244 	 0.6348 	 7.0000 	 0.9376 	 0.0000 	 0.3264 
30.0000 	 0.3424 	 0.0010 	 0.0908 	 1.5682 	 0.0027 	 0.0000 	 321.7815 	 30.0000 	 0.4884 	 0.0429 	 0.4736 	 12.0000 	 0.2429 	 0.0000 	 1.0027 
17.0000 	 0.9004 	 0.0010 	 0.0330 	 9.3325 	 0.0010 	 0.0000 	 561.7124 	 17.0000 	 0.1126 	 0.8037 	 0.3233 	 5.0000 	 0.0563 	 0.0000 	 0.6859 
11.0000 	 0.3502 	 0.0025 	 0.0943 	 1.4098 	 0.0034 	 0.0000 	 306.3276 	 11.0000 	 0.1290 	 0.5403 	 0.7332 	 2.0000 	 0.3081 	 0.0000 	 0.9934 
31.0000 	 0.5757 	 0.0544 	 0.0103 	 5.0915 	 0.0052 	 0.0000 	 836.0519 	 31.0000 	 0.0471 	 0.7616 	 0.8331 	 12.0000 	 1.1603 	 0.0000 	 0.3541 
14.0000 	 0.1947 	 0.0011 	 0.0711 	 3.7387 	 0.0034 	 0.0000 	 396.1192 	 14.0000 	 0.8956 	 0.0475 	 0.3868 	 5.0000 	 2.2730 	 0.0000 	 0.9984 
15.0000 	 0.9267 	 0.0081 	 0.0296 	 2.1800 	 0.0010 	 0.0000 	 639.8631 	 15.0000 	 0.2110 	 0.8101 	 0.7096 	 1.0000 	 0.0590 	 0.0000 	 4.3494 
30.0000 	 0.0659 	 0.0034 	 0.3629 	 1.0872 	 0.0426 	 0.0000 	 607.0914 	 30.0000 	 0.0385 	 0.0469 	 0.8529 	 12.0000 	 0.3461 	 0.0000 	 0.9998 
14.0000 	 0.4798 	 0.0022 	 0.6353 	 2.4293 	 0.0254 	 0.0000 	 525.8745 	 14.0000 	 0.1521 	 0.4795 	 0.2778 	 8.0000 	 2.5234 	 0.0000 	 0.1350 
34.0000 	 0.2984 	 0.0194 	 0.0157 	 1.5048 	 0.0045 	 0.0000 	 838.3829 	 34.0000 	 0.9605 	 0.6519 	 0.4944 	 3.0000 	 0.8776 	 0.0000 	 0.2852 
18.0000 	 0.5108 	 0.0939 	 0.0538 	 3.9383 	 0.0295 	 0.0000 	 834.5755 	 18.0000 	 0.9636 	 0.8604 	 0.3666 	 12.0000 	 2.0742 	 0.0000 	 0.2282 
12.0000 	 0.9196 	 0.4190 	 0.0320 	 1.9684 	 0.0042 	 0.0000 	 756.0876 	 12.0000 	 0.3763 	 0.8536 	 0.0536 	 2.0000 	 0.2832 	 0.0000 	 3.1057 
10.0000 	 0.3456 	 0.0016 	 0.0526 	 3.8781 	 0.0016 	 0.0000 	 340.8506 	 10.0000 	 0.7405 	 0.9751 	 0.1482 	 1.0000 	 0.4491 	 0.0000 	 0.5674 
13.0000 	 0.9395 	 0.4304 	 0.4076 	 3.0210 	 0.1092 	 0.0000 	 751.0014 	 13.0000 	 0.1701 	 0.1017 	 0.0253 	 14.0000 	 0.7035 	 0.0000 	 0.3312 
9.0000 	 0.3665 	 0.0026 	 0.0738 	 2.0732 	 0.0027 	 0.0000 	 319.9283 	 9.0000 	 0.4229 	 0.9089 	 0.9541 	 8.0000 	 0.3737 	 0.0000 	 0.4893 
8.0000 	 0.8963 	 0.3057 	 0.4731 	 7.6364 	 0.0635 	 0.0000 	 732.1456 	 8.0000 	 0.0199 	 0.8760 	 0.2412 	 4.0000 	 2.7371 	 0.0000 	 5.4446 
13.0000 	 0.4272 	 0.0010 	 0.0571 	 3.5733 	 0.0017 	 0.0000 	 365.8040 	 13.0000 	 0.6691 	 0.5257 	 0.6566 	 5.0000 	 0.3923 	 0.0000 	 0.6993 
8.0000 	 0.4421 	 0.0010 	 0.1348 	 5.0604 	 0.0045 	 0.0000 	 280.7445 	 8.0000 	 0.3049 	 0.8118 	 0.8825 	 7.0000 	 2.4695 	 0.0000 	 1.0554 
16.0000 	 0.2245 	 0.0043 	 0.0299 	 1.0076 	 0.0014 	 0.0000 	 440.0760 	 16.0000 	 0.6311 	 0.3311 	 0.1227 	 9.0000 	 2.1900 	 0.0000 	 0.2727 
7.0000 	 0.2128 	 0.0044 	 0.0230 	 2.1377 	 0.0010 	 0.0000 	 355.8891 	 7.0000 	 0.3390 	 0.4976 	 0.4523 	 15.0000 	 0.6994 	 0.0000 	 0.9968 
11.0000 	 0.3512 	 0.1194 	 0.0481 	 4.6783 	 0.0279 	 0.0000 	 835.0184 	 11.0000 	 0.6114 	 0.9663 	 0.5305 	 7.0000 	 1.9153 	 0.0000 	 0.8348 
4.0000 	 0.1933 	 0.0069 	 0.1116 	 4.0511 	 0.0074 	 0.0000 	 401.7195 	 4.0000 	 0.1331 	 0.0484 	 0.7152 	 3.0000 	 1.3421 	 0.0000 	 0.9759 
7.0000 	 0.2259 	 0.0069 	 0.0623 	 1.0662 	 0.0030 	 0.0000 	 450.0653 	 7.0000 	 0.2363 	 0.4380 	 0.7803 	 6.0000 	 2.4648 	 0.0000 	 0.7037 
29.0000 	 0.0349 	 0.0038 	 0.4628 	 2.7684 	 0.1061 	 0.0000 	 701.8183 	 29.0000 	 0.9785 	 0.7239 	 0.8733 	 2.0000 	 1.4189 	 0.0000 	 0.7679 
27.0000 	 0.0564 	 0.0041 	 0.1309 	 1.7878 	 0.0154 	 0.0000 	 684.5672 	 27.0000 	 0.4637 	 0.3200 	 0.1952 	 7.0000 	 0.7939 	 0.0000 	 0.7272 
11.0000 	 0.0780 	 0.0065 	 0.0094 	 1.7865 	 0.0010 	 0.0000 	 526.1648 	 11.0000 	 0.5512 	 0.9410 	 0.6328 	 9.0000 	 2.1675 	 0.0000 	 0.9950 
4.0000 	 0.2675 	 0.0150 	 0.0223 	 1.0000 	 0.0012 	 0.0000 	 317.6324 	 4.0000 	 0.8627 	 0.1855 	 0.4539 	 8.0000 	 1.5468 	 0.0000 	 0.9672 
10.0000 	 0.8864 	 0.4210 	 0.0749 	 15.3511 	 0.0151 	 0.0000 	 738.4884 	 10.0000 	 0.6922 	 0.5966 	 0.8526 	 9.0000 	 2.0032 	 0.0000 	 0.1299 
5.0000 	 0.2796 	 0.0083 	 0.0607 	 1.4825 	 0.0028 	 0.0000 	 332.1286 	 5.0000 	 0.5578 	 0.3914 	 0.3324 	 9.0000 	 1.0513 	 0.0000 	 0.5886 
10.0000 	 0.0826 	 0.0040 	 0.0111 	 2.9214 	 0.0010 	 0.0000 	 587.6755 	 10.0000 	 0.5172 	 0.2224 	 0.7103 	 6.0000 	 1.7189 	 0.0000 	 0.9379 
2.0000 	 0.4674 	 0.1849 	 0.9914 	 3.4827 	 0.1734 	 0.0000 	 595.3364 	 2.0000 	 0.5975 	 0.2140 	 0.9469 	 9.0000 	 0.2276 	 0.0000 	 0.5103 
29.0000 	 0.0728 	 0.0018 	 0.0045 	 4.7414 	 0.0010 	 0.0000 	 733.3695 	 29.0000 	 0.8358 	 0.1074 	 0.1207 	 10.0000 	 0.5637 	 0.0000 	 0.4440 
32.0000 	 0.9515 	 0.0643 	 0.1207 	 2.0822 	 0.0156 	 0.0000 	 786.1895 	 32.0000 	 0.6736 	 0.8601 	 0.5287 	 6.0000 	 1.9897 	 0.0000 	 1.3655 
26.0000 	 0.0538 	 0.0010 	 0.1594 	 10.2665 	 0.0177 	 0.0000 	 778.1680 	 26.0000 	 0.7905 	 0.1003 	 0.2724 	 4.0000 	 1.3982 	 0.0000 	 0.1067 
27.0000 	 0.2727 	 0.0022 	 1.0000 	 1.0000 	 0.0418 	 0.0000 	 419.3365 	 27.0000 	 0.1294 	 0.8720 	 0.6507 	 1.0000 	 2.7062 	 0.0000 	 0.5540 
28.0000 	 0.1229 	 0.0010 	 0.0987 	 3.6673 	 0.0069 	 0.0000 	 396.0980 	 28.0000 	 0.6692 	 0.5288 	 0.4846 	 6.0000 	 1.9456 	 0.0000 	 1.0858 
29.0000 	 0.5870 	 0.0010 	 0.0310 	 1.7425 	 0.0010 	 0.0000 	 279.7482 	 29.0000 	 0.7387 	 0.4738 	 0.3841 	 14.0000 	 1.4727 	 0.0000 	 0.9872 
30.0000 	 0.0241 	 0.1974 	 0.0018 	 41.8063 	 0.0106 	 0.0000 	 841.2748 	 30.0000 	 0.5263 	 0.7047 	 0.5004 	 1.0000 	 0.1444 	 0.0000 	 0.1440 
24.0000 	 0.4573 	 0.0013 	 0.2280 	 1.6897 	 0.0070 	 0.0000 	 368.2626 	 24.0000 	 0.1550 	 0.7086 	 0.3060 	 9.0000 	 1.2285 	 0.0000 	 0.5831 
25.0000 	 0.2703 	 0.0028 	 0.0253 	 1.0000 	 0.0014 	 0.0000 	 308.3287 	 25.0000 	 0.7175 	 0.3256 	 0.4597 	 8.0000 	 1.5688 	 0.0000 	 1.0192 
26.0000 	 0.5751 	 0.1662 	 0.0172 	 1.7061 	 0.0063 	 0.0000 	 833.7749 	 26.0000 	 0.2441 	 0.7264 	 0.8260 	 1.0000 	 2.9667 	 0.0000 	 0.2772 
27.0000 	 0.1518 	 0.0010 	 0.6158 	 3.3969 	 0.0378 	 0.0000 	 346.2665 	 27.0000 	 0.0450 	 0.2858 	 0.4223 	 7.0000 	 0.2086 	 0.0000 	 0.8348 
29.0000 	 0.3082 	 0.0238 	 0.0032 	 1.9732 	 0.0010 	 0.0000 	 837.8172 	 29.0000 	 0.8960 	 0.8813 	 0.5098 	 12.0000 	 0.1899 	 0.0000 	 0.3771 
23.0000 	 0.2452 	 0.0016 	 0.4100 	 2.1374 	 0.0235 	 0.0000 	 309.1593 	 23.0000 	 0.8466 	 0.6335 	 0.0559 	 15.0000 	 2.7459 	 0.0000 	 0.9855 
25.0000 	 0.4024 	 0.0123 	 0.0067 	 6.8241 	 0.0024 	 0.0000 	 837.0461 	 25.0000 	 0.1841 	 0.2218 	 0.0126 	 3.0000 	 0.9938 	 0.0000 	 0.1861 
26.0000 	 0.9618 	 0.0622 	 0.5502 	 1.3764 	 0.0412 	 0.0000 	 796.4470 	 26.0000 	 0.3518 	 0.0671 	 0.5182 	 2.0000 	 1.9544 	 0.0000 	 2.8290 
24.0000 	 0.0589 	 0.0055 	 0.4177 	 1.2872 	 0.0449 	 0.0000 	 463.7781 	 24.0000 	 0.3259 	 0.7118 	 0.3945 	 14.0000 	 1.2919 	 0.0000 	 1.0181 
26.0000 	 0.3393 	 0.0064 	 0.0090 	 7.9365 	 0.0027 	 0.0000 	 838.3819 	 26.0000 	 0.1704 	 0.7575 	 0.2965 	 8.0000 	 0.8545 	 0.0000 	 0.4775 
20.0000 	 0.6649 	 0.0010 	 1.0000 	 3.2259 	 0.0279 	 0.0000 	 372.6580 	 20.0000 	 0.1909 	 0.6858 	 0.3030 	 15.0000 	 2.2753 	 0.0000 	 0.9633 
28.0000 	 0.7237 	 0.3651 	 0.0226 	 1.1307 	 0.0104 	 0.0000 	 832.7464 	 28.0000 	 0.6706 	 0.3831 	 0.5548 	 8.0000 	 0.4028 	 0.0000 	 0.5974 
22.0000 	 0.1456 	 0.0010 	 0.0269 	 4.3321 	 0.0017 	 0.0000 	 545.1656 	 22.0000 	 0.6562 	 0.9522 	 0.6115 	 13.0000 	 0.1010 	 0.0000 	 5.6741 
22.0000 	 0.3615 	 0.0012 	 0.0561 	 1.7873 	 0.0022 	 0.0000 	 291.9710 	 22.0000 	 0.4603 	 0.4548 	 0.3338 	 6.0000 	 1.3454 	 0.0000 	 0.7071 
23.0000 	 0.4395 	 0.0019 	 0.0304 	 1.0261 	 0.0010 	 0.0000 	 359.6806 	 23.0000 	 0.5675 	 0.8240 	 0.0282 	 14.0000 	 2.7028 	 0.0000 	 0.4241 
24.0000 	 0.3740 	 0.0021 	 0.0185 	 1.1502 	 0.0010 	 0.0000 	 480.5439 	 24.0000 	 0.3098 	 0.0314 	 0.5770 	 8.0000 	 2.3389 	 0.0000 	 0.1923 
22.0000 	 0.1504 	 0.0010 	 0.0171 	 4.1720 	 0.0010 	 0.0000 	 415.9353 	 22.0000 	 0.4201 	 0.6064 	 0.1999 	 12.0000 	 1.0625 	 0.0000 	 0.5903 
22.0000 	 0.3532 	 0.0383 	 0.0051 	 22.5795 	 0.0040 	 0.0000 	 832.7156 	 22.0000 	 0.3197 	 0.2030 	 0.5608 	 5.0000 	 1.7738 	 0.0000 	 0.8453 
19.0000 	 0.1489 	 0.0053 	 0.2253 	 1.0000 	 0.0093 	 0.0000 	 464.7535 	 19.0000 	 0.6641 	 0.1374 	 0.9131 	 15.0000 	 1.3320 	 0.0000 	 0.7979 
18.0000 	 0.9371 	 0.9950 	 0.0048 	 3.1241 	 0.0010 	 0.0000 	 723.7437 	 18.0000 	 0.4482 	 0.5202 	 0.6864 	 5.0000 	 0.9091 	 0.0000 	 0.8071 
22.0000 	 0.5292 	 0.0086 	 0.0103 	 2.5880 	 0.0016 	 0.0000 	 834.5306 	 22.0000 	 0.0633 	 0.0070 	 0.3937 	 11.0000 	 0.0072 	 0.0000 	 0.1781 
21.0000 	 0.1164 	 0.0022 	 0.0208 	 2.3080 	 0.0021 	 0.0000 	 634.9315 	 21.0000 	 0.3577 	 0.7466 	 0.8373 	 12.0000 	 0.1795 	 0.0000 	 0.1050 
17.0000 	 0.7407 	 0.0045 	 0.1731 	 1.1145 	 0.0039 	 0.0000 	 441.8972 	 17.0000 	 0.4880 	 0.4891 	 0.2899 	 1.0000 	 2.9002 	 0.0000 	 0.9921 
16.0000 	 0.1262 	 0.0066 	 0.3952 	 1.1116 	 0.0194 	 0.0000 	 383.6663 	 16.0000 	 0.6188 	 0.6814 	 0.4371 	 4.0000 	 1.4165 	 0.0000 	 0.9965 
12.0000 	 0.9403 	 0.1112 	 0.0570 	 4.7697 	 0.0048 	 0.0000 	 679.2354 	 12.0000 	 0.8747 	 0.2012 	 0.0614 	 5.0000 	 0.3116 	 0.0000 	 0.6503 
19.0000 	 0.3866 	 0.0010 	 0.1658 	 4.4117 	 0.0057 	 0.0000 	 544.1333 	 19.0000 	 0.2823 	 0.0889 	 0.0212 	 1.0000 	 1.2513 	 0.0000 	 0.0977 
10.0000 	 0.0346 	 0.0915 	 0.0020 	 1.0000 	 0.0014 	 0.0000 	 837.6672 	 10.0000 	 0.8678 	 0.7818 	 0.4792 	 4.0000 	 2.3060 	 0.0000 	 2.4958 
14.0000 	 0.2408 	 0.3907 	 0.0071 	 1.2481 	 0.0057 	 0.0000 	 836.4813 	 14.0000 	 0.1271 	 0.5938 	 0.9026 	 7.0000 	 0.5743 	 0.0000 	 0.1671 
7.0000 	 0.3503 	 0.0027 	 0.0613 	 1.7940 	 0.0044 	 0.0000 	 404.2484 	 7.0000 	 0.5605 	 0.5416 	 0.8154 	 6.0000 	 0.4017 	 0.0000 	 0.9893 
15.0000 	 0.3205 	 0.0030 	 0.2948 	 1.0000 	 0.0114 	 0.0000 	 269.5907 	 15.0000 	 0.6997 	 0.5842 	 0.9205 	 6.0000 	 2.6614 	 0.0000 	 1.3520 
19.0000 	 0.0992 	 0.4841 	 0.0211 	 6.7175 	 0.0548 	 0.0000 	 840.9352 	 19.0000 	 0.7787 	 0.2155 	 0.5690 	 6.0000 	 0.1787 	 0.0000 	 0.1870 
17.0000 	 0.2933 	 0.0024 	 0.0193 	 1.3472 	 0.0010 	 0.0000 	 358.4173 	 17.0000 	 0.3903 	 0.9041 	 0.6017 	 2.0000 	 0.4496 	 0.0000 	 0.9777 
7.0000 	 0.3335 	 0.0013 	 0.6266 	 6.1379 	 0.0241 	 0.0000 	 306.6406 	 7.0000 	 0.8980 	 0.8637 	 0.4564 	 1.0000 	 0.4642 	 0.0000 	 0.8959 
13.0000 	 0.3340 	 0.2980 	 0.0040 	 1.5545 	 0.0026 	 0.0000 	 835.8406 	 13.0000 	 0.6546 	 0.1855 	 0.1749 	 4.0000 	 2.6198 	 0.0000 	 0.6387 
5.0000 	 0.7739 	 0.5849 	 0.1160 	 30.1510 	 0.0165 	 0.0000 	 630.0655 	 5.0000 	 0.7912 	 0.2525 	 0.2598 	 7.0000 	 0.6510 	 0.0000 	 0.6457 
3.0000 	 0.1325 	 0.0027 	 0.4600 	 12.6226 	 0.0413 	 0.0000 	 429.8251 	 3.0000 	 0.9064 	 0.2153 	 0.2901 	 5.0000 	 0.3805 	 0.0000 	 0.9924 
11.0000 	 0.3179 	 0.0010 	 0.0260 	 5.0890 	 0.0012 	 0.0000 	 409.9995 	 11.0000 	 0.7421 	 0.0033 	 0.9188 	 2.0000 	 2.8239 	 0.0000 	 0.1144 
2.0000 	 0.4299 	 0.5730 	 0.3575 	 1.0000 	 0.0548 	 0.0000 	 587.0901 	 2.0000 	 0.2218 	 0.4735 	 0.2160 	 12.0000 	 1.2965 	 0.0000 	 0.6917 
13.0000 	 0.3746 	 0.0036 	 0.0483 	 1.0114 	 0.0020 	 0.0000 	 244.2589 	 13.0000 	 0.9106 	 0.5145 	 0.6822 	 10.0000 	 1.1864 	 0.0000 	 0.9549 
16.0000 	 0.0591 	 0.0011 	 0.0146 	 11.7196 	 0.0023 	 0.0000 	 564.7014 	 16.0000 	 0.6131 	 0.6138 	 0.4302 	 2.0000 	 1.4752 	 0.0000 	 0.9581 
17.0000 	 0.4191 	 0.0243 	 0.0256 	 14.5379 	 0.0146 	 0.0000 	 834.5564 	 17.0000 	 0.4052 	 0.9009 	 0.2498 	 12.0000 	 2.0547 	 0.0000 	 0.2615 
10.0000 	 0.9277 	 0.1192 	 0.0054 	 49.9986 	 0.0014 	 0.0000 	 707.0940 	 10.0000 	 0.0347 	 0.3094 	 0.3451 	 7.0000 	 0.2466 	 0.0000 	 3.1315 
11.0000 	 0.4244 	 0.0017 	 0.1266 	 2.4667 	 0.0039 	 0.0000 	 345.4837 	 11.0000 	 0.3223 	 0.0348 	 0.3400 	 11.0000 	 2.0120 	 0.0000 	 0.6822 
8.0000 	 0.5591 	 0.0042 	 0.1538 	 1.0156 	 0.0047 	 0.0000 	 285.7751 	 8.0000 	 0.7055 	 0.9526 	 0.8998 	 7.0000 	 0.0373 	 0.0000 	 0.9856 
17.0000 	 0.3407 	 0.0010 	 1.0000 	 4.0178 	 0.0512 	 0.0000 	 349.9983 	 17.0000 	 0.6359 	 0.0625 	 0.3213 	 6.0000 	 2.7816 	 0.0000 	 0.9990 
15.0000 	 0.3002 	 0.0041 	 1.0000 	 1.0000 	 0.0449 	 0.0000 	 370.2042 	 15.0000 	 0.7607 	 0.6946 	 0.3112 	 1.0000 	 0.8526 	 0.0000 	 0.9068 
6.0000 	 0.5934 	 0.0031 	 0.2727 	 2.4804 	 0.0060 	 0.0000 	 354.9497 	 6.0000 	 0.3771 	 0.0285 	 0.7606 	 2.0000 	 0.8895 	 0.0000 	 0.4407 
10.0000 	 0.8477 	 0.1738 	 0.0453 	 1.9680 	 0.0041 	 0.0000 	 777.7304 	 10.0000 	 0.2675 	 0.9302 	 0.0681 	 1.0000 	 0.9256 	 0.0000 	 0.0936 
6.0000 	 0.2832 	 0.0011 	 0.0305 	 6.4951 	 0.0010 	 0.0000 	 352.9803 	 6.0000 	 0.3464 	 0.9990 	 0.7562 	 11.0000 	 0.9335 	 0.0000 	 0.9910 
3.0000 	 0.1270 	 0.0242 	 0.0191 	 1.4557 	 0.0013 	 0.0000 	 561.0691 	 3.0000 	 0.1722 	 0.7424 	 0.0056 	 3.0000 	 2.9032 	 0.0000 	 0.1322 
1.0000 	 0.1617 	 1.0000 	 0.0058 	 4.2725 	 0.0021 	 0.0000 	 633.9085 	 1.0000 	 0.3165 	 0.4932 	 0.8138 	 1.0000 	 1.3181 	 0.0000 	 0.8417 
14.0000 	 0.9038 	 0.0554 	 0.1443 	 13.9663 	 0.0198 	 0.0000 	 751.6493 	 14.0000 	 0.5012 	 0.2534 	 0.5797 	 15.0000 	 1.9404 	 0.0000 	 2.6916 
13.0000 	 0.9378 	 0.4579 	 0.0552 	 1.4414 	 0.0082 	 0.0000 	 756.0247 	 13.0000 	 0.8188 	 0.7528 	 0.3999 	 1.0000 	 1.7169 	 0.0000 	 3.8076 
1.0000 	 0.1174 	 0.9999 	 0.0278 	 3.1365 	 0.0065 	 0.0000 	 574.1532 	 1.0000 	 0.8607 	 0.0067 	 0.2345 	 1.0000 	 1.8545 	 0.0000 	 0.8443 
8.0000 	 0.2784 	 0.0022 	 0.0757 	 4.2892 	 0.0039 	 0.0000 	 377.3389 	 8.0000 	 0.5278 	 0.2520 	 0.9898 	 7.0000 	 1.3437 	 0.0000 	 0.7009 
6.0000 	 0.7023 	 0.0174 	 0.0305 	 1.4002 	 0.0010 	 0.0000 	 395.3833 	 6.0000 	 0.2157 	 0.6953 	 0.9697 	 14.0000 	 2.9477 	 0.0000 	 3.0167 
11.0000 	 0.3173 	 0.0457 	 0.0090 	 8.9705 	 0.0040 	 0.0000 	 836.4483 	 11.0000 	 0.0510 	 0.4710 	 0.3207 	 6.0000 	 2.9057 	 0.0000 	 0.3619 
5.0000 	 0.5170 	 0.0091 	 0.8554 	 1.7045 	 0.0328 	 0.0000 	 289.9374 	 5.0000 	 0.2710 	 0.2516 	 0.8152 	 14.0000 	 2.0366 	 0.0000 	 0.9952 
4.0000 	 0.6649 	 0.1334 	 0.0068 	 10.7421 	 0.0011 	 0.0000 	 597.2121 	 4.0000 	 0.6330 	 0.2472 	 0.0073 	 3.0000 	 0.5678 	 0.0000 	 0.6499 
14.0000 	 0.9459 	 0.0391 	 0.0396 	 3.7525 	 0.0029 	 0.0000 	 663.6370 	 14.0000 	 0.6417 	 0.6044 	 0.4970 	 8.0000 	 1.5554 	 0.0000 	 0.5582 
