40.0000 	 1.8101 	 6.7553 	 8.0695 	 0.0000 	 0.9013 	 729.6543 	 40.0000 	 2.4635 	 4.1917 	 3.6083 	 0.0000 	 1.7734 	 0.0130 
40.0000 	 1.8101 	 6.9862 	 8.1427 	 0.0000 	 0.8547 	 729.7202 	 40.0000 	 1.6344 	 2.6524 	 6.5566 	 0.0000 	 1.5836 	 0.0189 
50.0000 	 2.0546 	 6.9626 	 8.1505 	 0.0000 	 0.8896 	 729.9443 	 50.0000 	 2.6095 	 0.9443 	 -4.8055 	 0.0000 	 2.5991 	 0.0159 
40.0000 	 1.8024 	 6.8101 	 8.0643 	 0.0000 	 0.8886 	 729.6064 	 40.0000 	 1.3710 	 9.8306 	 9.4430 	 0.0000 	 0.6396 	 0.0188 
50.0000 	 2.0506 	 6.9301 	 8.1368 	 0.0000 	 0.8854 	 729.9381 	 50.0000 	 0.5696 	 7.8356 	 3.8081 	 0.0000 	 1.5865 	 0.0148 
50.0000 	 2.0426 	 6.7647 	 8.0678 	 0.0000 	 0.9107 	 729.9186 	 50.0000 	 2.7542 	 0.1819 	 -6.9471 	 0.0000 	 2.6531 	 0.0169 
40.0000 	 1.8236 	 6.8085 	 8.1107 	 0.0000 	 0.8981 	 729.6667 	 40.0000 	 2.4560 	 9.4771 	 -9.9254 	 0.0000 	 2.0049 	 0.0158 
50.0000 	 2.0399 	 6.8119 	 8.0739 	 0.0000 	 0.9161 	 729.9398 	 50.0000 	 1.0784 	 2.5815 	 -9.9418 	 0.0000 	 0.3790 	 0.0126 
40.0000 	 1.7961 	 6.7166 	 8.0225 	 0.0000 	 0.9184 	 729.6921 	 40.0000 	 1.4250 	 7.0142 	 -8.5970 	 0.0000 	 0.8623 	 0.0152 
50.0000 	 2.0544 	 6.8871 	 8.1291 	 0.0000 	 0.8977 	 729.9313 	 50.0000 	 1.0606 	 4.5056 	 5.0979 	 0.0000 	 0.5657 	 0.0157 
50.0000 	 2.0594 	 6.8713 	 8.1407 	 0.0000 	 0.8839 	 729.9386 	 50.0000 	 1.0075 	 9.4314 	 -8.1408 	 0.0000 	 2.1080 	 0.0166 
50.0000 	 2.0345 	 6.5564 	 7.9816 	 0.0000 	 0.9290 	 730.0405 	 50.0000 	 1.1184 	 5.7831 	 -2.8944 	 0.0000 	 0.1932 	 0.0159 
50.0000 	 2.0448 	 6.8513 	 8.0988 	 0.0000 	 0.8891 	 729.9384 	 50.0000 	 1.6725 	 7.9353 	 2.7493 	 0.0000 	 1.1550 	 0.0192 
40.0000 	 1.7997 	 6.9093 	 8.0931 	 0.0000 	 0.8806 	 729.6651 	 40.0000 	 0.4598 	 2.9175 	 9.7817 	 0.0000 	 2.6415 	 0.0165 
50.0000 	 2.0574 	 6.8602 	 8.1317 	 0.0000 	 0.8915 	 729.9370 	 50.0000 	 1.1459 	 0.7589 	 -3.9647 	 0.0000 	 2.6855 	 0.0168 
40.0000 	 1.8125 	 6.8836 	 8.1116 	 0.0000 	 0.8817 	 729.6222 	 40.0000 	 1.5606 	 7.4126 	 -4.7764 	 0.0000 	 1.6866 	 0.0163 
30.0000 	 1.5348 	 6.8058 	 8.0749 	 0.0000 	 0.8807 	 729.3230 	 30.0000 	 0.3092 	 3.1848 	 9.8966 	 0.0000 	 1.6739 	 0.0161 
30.0000 	 1.5408 	 6.8711 	 8.1035 	 0.0000 	 0.8688 	 729.3208 	 30.0000 	 2.8470 	 9.0318 	 -9.7011 	 0.0000 	 2.9938 	 0.0191 
40.0000 	 1.8052 	 6.8420 	 8.0828 	 0.0000 	 0.8939 	 729.6307 	 40.0000 	 1.5914 	 0.4414 	 -3.3286 	 0.0000 	 2.9749 	 0.0188 
30.0000 	 1.5376 	 6.7729 	 8.0750 	 0.0000 	 0.8813 	 729.3010 	 30.0000 	 0.3641 	 7.5888 	 -5.2246 	 0.0000 	 2.0133 	 0.0149 
30.0000 	 1.5384 	 6.7139 	 8.0442 	 0.0000 	 0.9045 	 729.3354 	 30.0000 	 2.0346 	 4.6451 	 -9.1214 	 0.0000 	 2.3379 	 0.0164 
30.0000 	 1.5298 	 6.7606 	 8.0475 	 0.0000 	 0.8810 	 729.3210 	 30.0000 	 0.7147 	 8.3589 	 0.2906 	 0.0000 	 0.0742 	 0.0178 
40.0000 	 1.8095 	 6.8649 	 8.1056 	 0.0000 	 0.8832 	 729.6259 	 40.0000 	 2.5544 	 9.4839 	 2.5821 	 0.0000 	 0.5286 	 0.0157 
50.0000 	 2.0486 	 6.7378 	 8.0688 	 0.0000 	 0.9336 	 729.9508 	 50.0000 	 2.1512 	 0.5712 	 -8.7450 	 0.0000 	 0.2048 	 0.0186 
30.0000 	 1.5414 	 6.7594 	 8.0795 	 0.0000 	 0.8982 	 729.3337 	 30.0000 	 1.1978 	 9.7836 	 3.4881 	 0.0000 	 0.0596 	 0.0166 
30.0000 	 1.5377 	 6.8217 	 8.0916 	 0.0000 	 0.8714 	 729.2684 	 30.0000 	 0.0187 	 7.6209 	 -8.5373 	 0.0000 	 1.4889 	 0.0183 
30.0000 	 1.5403 	 6.7695 	 8.0804 	 0.0000 	 0.8804 	 729.3110 	 30.0000 	 2.6586 	 4.2115 	 4.9864 	 0.0000 	 2.7945 	 0.0192 
25.0000 	 1.3727 	 6.8949 	 8.0833 	 0.0000 	 0.8470 	 729.2509 	 25.0000 	 0.3161 	 6.9175 	 9.9975 	 0.0000 	 2.7476 	 0.0156 
25.0000 	 1.3777 	 6.7623 	 8.0578 	 0.0000 	 0.8734 	 729.2162 	 25.0000 	 0.3321 	 3.4472 	 9.4389 	 0.0000 	 2.1732 	 0.0174 
25.0000 	 1.3858 	 6.8154 	 8.0898 	 0.0000 	 0.8697 	 729.2057 	 25.0000 	 0.1540 	 5.7636 	 -9.1345 	 0.0000 	 2.1967 	 0.0175 
40.0000 	 1.8109 	 6.8275 	 8.0981 	 0.0000 	 0.8853 	 729.6083 	 40.0000 	 1.4147 	 8.1894 	 5.9248 	 0.0000 	 1.9043 	 0.0141 
30.0000 	 1.5339 	 6.8437 	 8.0879 	 0.0000 	 0.8761 	 729.3129 	 30.0000 	 0.1054 	 4.3621 	 -6.7415 	 0.0000 	 2.5209 	 0.0179 
20.0000 	 1.2113 	 6.7363 	 8.0596 	 0.0000 	 0.8661 	 729.2098 	 20.0000 	 0.9539 	 0.6034 	 -2.6565 	 0.0000 	 1.9308 	 0.0203 
20.0000 	 1.2024 	 6.8092 	 8.0714 	 0.0000 	 0.8438 	 729.2397 	 20.0000 	 0.8666 	 1.8872 	 -7.5552 	 0.0000 	 2.8431 	 0.0181 
25.0000 	 1.3778 	 6.8435 	 8.0861 	 0.0000 	 0.8618 	 729.2092 	 25.0000 	 1.7582 	 3.9105 	 8.0823 	 0.0000 	 0.4854 	 0.0169 
20.0000 	 1.2059 	 6.7159 	 8.0429 	 0.0000 	 0.8699 	 729.2371 	 20.0000 	 1.1904 	 7.5941 	 -1.4303 	 0.0000 	 1.0546 	 0.0200 
25.0000 	 1.3923 	 6.8163 	 8.1072 	 0.0000 	 0.8701 	 729.2587 	 25.0000 	 0.8952 	 5.4267 	 -4.0561 	 0.0000 	 0.0786 	 0.0172 
20.0000 	 1.2105 	 6.6817 	 8.0452 	 0.0000 	 0.9029 	 729.3174 	 20.0000 	 0.8527 	 1.9854 	 3.7178 	 0.0000 	 1.5824 	 0.0157 
15.0000 	 0.9915 	 6.6164 	 7.9736 	 0.0000 	 0.8843 	 729.7415 	 15.0000 	 2.1672 	 1.3131 	 6.5038 	 0.0000 	 2.7887 	 0.0181 
25.0000 	 1.3733 	 6.7815 	 8.0371 	 0.0000 	 0.8561 	 729.2223 	 25.0000 	 0.7741 	 5.7011 	 4.4943 	 0.0000 	 0.5519 	 0.0169 
15.0000 	 0.9992 	 6.4920 	 7.9511 	 0.0000 	 0.8912 	 729.8015 	 15.0000 	 0.1893 	 1.5707 	 9.9237 	 0.0000 	 1.4414 	 0.0167 
25.0000 	 1.3836 	 6.8027 	 8.0775 	 0.0000 	 0.8607 	 729.1750 	 25.0000 	 0.7918 	 3.3704 	 -5.4966 	 0.0000 	 1.6046 	 0.0203 
20.0000 	 1.1994 	 6.7670 	 8.0379 	 0.0000 	 0.8621 	 729.2674 	 20.0000 	 0.3907 	 1.3988 	 -2.1228 	 0.0000 	 1.9636 	 0.0173 
15.0000 	 1.0006 	 6.8158 	 8.0664 	 0.0000 	 0.8257 	 729.7573 	 15.0000 	 2.6108 	 6.1422 	 -7.7988 	 0.0000 	 2.1777 	 0.0165 
25.0000 	 1.3864 	 6.8951 	 8.1120 	 0.0000 	 0.8553 	 729.2214 	 25.0000 	 1.0513 	 4.9829 	 -3.1441 	 0.0000 	 2.0605 	 0.0111 
20.0000 	 1.1983 	 6.6924 	 8.0111 	 0.0000 	 0.8820 	 729.2608 	 20.0000 	 2.3766 	 1.9031 	 -5.5206 	 0.0000 	 2.4599 	 0.0171 
25.0000 	 1.3835 	 6.7788 	 8.0778 	 0.0000 	 0.8650 	 729.2088 	 25.0000 	 0.5791 	 4.8306 	 -7.6852 	 0.0000 	 2.6117 	 0.0162 
15.0000 	 1.0028 	 6.7124 	 8.0370 	 0.0000 	 0.8610 	 729.6964 	 15.0000 	 2.0275 	 6.1606 	 -7.2594 	 0.0000 	 2.7728 	 0.0212 
20.0000 	 1.2088 	 6.6052 	 8.0377 	 0.0000 	 0.8941 	 729.3122 	 20.0000 	 1.1104 	 6.7041 	 -3.5010 	 0.0000 	 2.4743 	 0.0216 
20.0000 	 1.1973 	 6.6471 	 8.0015 	 0.0000 	 0.8797 	 729.2497 	 20.0000 	 1.1118 	 6.1443 	 -5.8872 	 0.0000 	 0.6508 	 0.0196 
7.0000 	 0.5500 	 6.1503 	 7.8278 	 0.0000 	 0.9721 	 734.8242 	 7.0000 	 1.7539 	 1.0501 	 -9.6174 	 0.0000 	 2.6800 	 0.0494 
15.0000 	 0.9978 	 6.6813 	 8.0082 	 0.0000 	 0.8533 	 729.7047 	 15.0000 	 1.0781 	 1.5742 	 6.1148 	 0.0000 	 0.2831 	 0.0184 
20.0000 	 1.1984 	 6.7346 	 8.0381 	 0.0000 	 0.8603 	 729.2528 	 20.0000 	 0.7162 	 4.7216 	 -2.3382 	 0.0000 	 0.6173 	 0.0178 
15.0000 	 1.0013 	 6.6887 	 8.0360 	 0.0000 	 0.8696 	 729.7149 	 15.0000 	 2.6663 	 6.4721 	 4.5158 	 0.0000 	 1.6082 	 0.0178 
10.0000 	 0.7449 	 6.4683 	 7.9313 	 0.0000 	 0.8924 	 731.6499 	 10.0000 	 1.6710 	 9.0076 	 2.0198 	 0.0000 	 0.7795 	 0.0283 
10.0000 	 0.7462 	 6.5076 	 7.9729 	 0.0000 	 0.8518 	 731.6583 	 10.0000 	 2.7702 	 5.7678 	 -0.5591 	 0.0000 	 0.7013 	 0.0251 
10.0000 	 0.0056 	 28.0386 	 6.1005 	 0.0000 	 1.6021 	 1000.4088 	 10.0000 	 2.4014 	 3.8217 	 -1.7778 	 0.0000 	 1.3926 	 0.0000 
20.0000 	 1.1960 	 6.5294 	 7.9613 	 0.0000 	 0.9014 	 729.3124 	 20.0000 	 2.8797 	 6.1551 	 -5.1350 	 0.0000 	 1.2123 	 0.0158 
7.0000 	 0.5419 	 5.9693 	 7.7295 	 0.0000 	 0.9694 	 734.9679 	 7.0000 	 0.8702 	 7.7018 	 -5.0486 	 0.0000 	 0.7985 	 0.0329 
15.0000 	 0.9933 	 6.6601 	 7.9992 	 0.0000 	 0.8563 	 729.7332 	 15.0000 	 0.1720 	 7.0290 	 7.1688 	 0.0000 	 1.6876 	 0.0236 
7.0000 	 0.5422 	 6.2290 	 7.8255 	 0.0000 	 0.9676 	 734.8797 	 7.0000 	 1.3398 	 7.2212 	 -7.0665 	 0.0000 	 0.2695 	 0.0821 
10.0000 	 0.7402 	 6.3512 	 7.8891 	 0.0000 	 0.9282 	 731.6080 	 10.0000 	 2.6116 	 8.7517 	 -4.5885 	 0.0000 	 2.7629 	 0.0272 
7.0000 	 0.5527 	 6.2700 	 7.8942 	 0.0000 	 0.9707 	 734.9654 	 7.0000 	 2.0155 	 8.9185 	 -7.1898 	 0.0000 	 0.0011 	 0.0436 
15.0000 	 0.9960 	 6.6733 	 8.0107 	 0.0000 	 0.8415 	 729.7176 	 15.0000 	 2.3369 	 9.1025 	 -2.4137 	 0.0000 	 2.0550 	 0.0201 
5.0000 	 0.3795 	 5.3385 	 7.5297 	 0.0000 	 1.1458 	 739.2244 	 5.0000 	 1.5817 	 0.3533 	 2.7836 	 0.0000 	 1.6583 	 0.0404 
10.0000 	 0.7501 	 6.5211 	 7.9846 	 0.0000 	 0.8967 	 731.6631 	 10.0000 	 2.9836 	 1.6607 	 2.0137 	 0.0000 	 0.3340 	 0.0220 
5.0000 	 0.3839 	 5.7829 	 7.6917 	 0.0000 	 1.0970 	 739.1675 	 5.0000 	 0.7814 	 2.9816 	 6.8465 	 0.0000 	 1.5939 	 0.0412 
10.0000 	 0.7375 	 6.5717 	 7.9432 	 0.0000 	 0.8721 	 731.5576 	 10.0000 	 1.2832 	 0.8126 	 5.4277 	 0.0000 	 2.6112 	 0.0299 
15.0000 	 0.9949 	 6.5435 	 7.9464 	 0.0000 	 0.8802 	 729.9224 	 15.0000 	 2.8821 	 6.1579 	 7.9713 	 0.0000 	 0.4802 	 0.0275 
5.0000 	 0.3934 	 5.7235 	 7.7167 	 0.0000 	 1.0595 	 739.1034 	 5.0000 	 0.7578 	 6.6661 	 1.5289 	 0.0000 	 0.9673 	 0.0510 
10.0000 	 0.7384 	 6.4159 	 7.8980 	 0.0000 	 0.8786 	 731.6392 	 10.0000 	 1.9282 	 1.7563 	 -8.1385 	 0.0000 	 1.3334 	 0.0218 
7.0000 	 0.5476 	 6.2136 	 7.8378 	 0.0000 	 0.9375 	 734.8481 	 7.0000 	 1.8199 	 6.2277 	 4.3197 	 0.0000 	 0.6341 	 0.0331 
7.0000 	 0.5447 	 6.2365 	 7.8357 	 0.0000 	 0.9037 	 734.8952 	 7.0000 	 1.9483 	 8.4198 	 2.8963 	 0.0000 	 2.8917 	 0.0277 
10.0000 	 0.7424 	 6.3415 	 7.8871 	 0.0000 	 0.8951 	 731.6147 	 10.0000 	 1.0776 	 0.4745 	 -7.3939 	 0.0000 	 1.0137 	 0.0247 
4.0000 	 0.3112 	 2.9041 	 6.8796 	 0.0000 	 1.5139 	 743.9397 	 4.0000 	 2.7038 	 4.8303 	 4.8396 	 0.0000 	 0.7371 	 0.0555 
4.0000 	 0.2919 	 4.3910 	 7.2791 	 0.0000 	 1.2942 	 742.4419 	 4.0000 	 0.4737 	 8.0986 	 7.8332 	 0.0000 	 1.6656 	 0.0385 
7.0000 	 0.5485 	 5.9849 	 7.7678 	 0.0000 	 1.0196 	 734.9287 	 7.0000 	 1.0762 	 4.5495 	 -5.5477 	 0.0000 	 1.1370 	 0.0356 
5.0000 	 0.3803 	 5.3851 	 7.5450 	 0.0000 	 1.1311 	 739.1627 	 5.0000 	 0.8801 	 1.5853 	 -1.7207 	 0.0000 	 0.7085 	 0.0424 
7.0000 	 0.5498 	 4.0331 	 7.1882 	 0.0000 	 1.3456 	 736.8896 	 7.0000 	 2.9064 	 3.4551 	 7.8497 	 0.0000 	 1.5956 	 0.0357 
3.0000 	 0.1934 	 4.5887 	 7.3773 	 0.0000 	 1.2895 	 746.5994 	 3.0000 	 1.2736 	 6.2193 	 0.0716 	 0.0000 	 0.3931 	 0.0667 
5.0000 	 0.3755 	 5.7916 	 7.6319 	 0.0000 	 1.0553 	 739.2410 	 5.0000 	 0.8537 	 9.6266 	 -7.5328 	 0.0000 	 2.3957 	 0.0369 
3.0000 	 0.1944 	 1.1421 	 6.2821 	 0.0000 	 1.5600 	 750.9553 	 3.0000 	 2.9887 	 8.4317 	 -4.9366 	 0.0000 	 1.6217 	 0.0473 
5.0000 	 0.3885 	 5.4237 	 7.5910 	 0.0000 	 1.0890 	 739.1849 	 5.0000 	 0.4001 	 1.1460 	 1.0841 	 0.0000 	 0.4467 	 0.0462 
