50.0000 	 1.0000 	 1.0000 	 1.0000 	 0.0000 	 9.9722 	 10.0000 	 2165.8394 	 50.0000 	 0.9319 	 0.5369 	 0.2504 	 0.0000 	 2.7491 	 0.1307 	 0.2397 
45.0000 	 0.0901 	 0.0535 	 0.0135 	 0.0000 	 3.6692 	 0.3586 	 1999.3905 	 45.0000 	 0.2080 	 0.7496 	 0.3709 	 0.0000 	 2.4842 	 0.1845 	 0.0000 
42.0000 	 1.0000 	 1.0000 	 0.8592 	 0.0000 	 9.6058 	 -10.0000 	 2128.8899 	 42.0000 	 0.1196 	 0.6546 	 0.6583 	 0.0000 	 2.2739 	 -0.0252 	 0.2557 
39.0000 	 0.8947 	 0.6050 	 0.6604 	 0.0000 	 2.5490 	 5.4053 	 2176.2897 	 39.0000 	 0.8950 	 0.6058 	 0.6613 	 0.0000 	 2.5501 	 0.4058 	 0.3518 
36.0000 	 0.0056 	 0.0010 	 0.0113 	 0.0000 	 3.3264 	 7.1191 	 2148.1077 	 36.0000 	 0.6321 	 0.1687 	 0.1527 	 0.0000 	 1.5275 	 -0.2640 	 0.4550 
32.0000 	 0.0017 	 0.0012 	 0.8883 	 0.0000 	 8.5054 	 -5.9308 	 2082.8954 	 32.0000 	 0.9226 	 0.4657 	 0.3515 	 0.0000 	 1.3488 	 -0.3594 	 0.0000 
29.0000 	 0.6973 	 1.0000 	 0.0011 	 0.0000 	 9.9353 	 -5.5170 	 2082.8954 	 29.0000 	 0.0533 	 0.6986 	 0.2249 	 0.0000 	 2.3842 	 -0.3350 	 0.0000 
26.0000 	 0.0011 	 0.0020 	 0.2078 	 0.0000 	 9.4988 	 -7.3388 	 2082.8942 	 26.0000 	 0.4202 	 0.1665 	 0.1517 	 0.0000 	 2.8127 	 -0.3419 	 0.0003 
22.0000 	 0.1265 	 0.0162 	 1.0000 	 0.0000 	 9.9722 	 10.0000 	 2096.0456 	 22.0000 	 0.8653 	 0.7995 	 0.6539 	 0.0000 	 1.9600 	 -0.3196 	 0.5064 
20.0000 	 0.3265 	 0.8269 	 0.7389 	 0.0000 	 9.5103 	 -7.4122 	 2082.8955 	 20.0000 	 0.5501 	 0.8568 	 0.5088 	 0.0000 	 2.0047 	 0.3814 	 0.0000 
15.0000 	 0.3492 	 0.0414 	 0.0287 	 0.0000 	 3.3367 	 0.6482 	 1999.3887 	 15.0000 	 0.8432 	 0.7167 	 0.4989 	 0.0000 	 2.7340 	 0.3466 	 0.0000 
13.0000 	 1.0000 	 1.0000 	 1.0000 	 0.0000 	 9.9722 	 10.0000 	 2190.6070 	 13.0000 	 0.1812 	 0.3271 	 0.4012 	 0.0000 	 1.2919 	 0.0050 	 0.1056 
9.0000 	 0.0010 	 1.0000 	 1.0000 	 0.0000 	 9.9722 	 10.0000 	 2191.6056 	 9.0000 	 0.4187 	 0.1761 	 0.6390 	 0.0000 	 2.9838 	 -0.3821 	 0.1032 
6.0000 	 0.0012 	 0.9356 	 0.5777 	 0.0000 	 9.9359 	 2.6825 	 1999.3905 	 6.0000 	 0.7828 	 0.6394 	 0.4198 	 0.0000 	 2.1588 	 0.2895 	 0.0000 
3.0000 	 0.0010 	 1.0000 	 1.0000 	 0.0000 	 0.0010 	 10.0000 	 2268.6460 	 3.0000 	 0.8501 	 0.1164 	 0.9950 	 0.0000 	 1.2367 	 -0.4360 	 0.1020 
49.0000 	 0.4140 	 0.0011 	 0.0889 	 1.0124 	 0.0032 	 0.0000 	 309.5503 	 49.0000 	 0.7301 	 0.9940 	 0.9124 	 1.0000 	 0.8392 	 0.0000 	 0.6668 
50.0000 	 0.1917 	 0.0241 	 0.0507 	 1.7509 	 0.0344 	 0.0000 	 792.1427 	 50.0000 	 0.1450 	 0.9623 	 0.0032 	 13.0000 	 2.8512 	 0.0000 	 0.2516 
49.0000 	 0.3663 	 0.0012 	 0.0262 	 1.0000 	 0.0011 	 0.0000 	 191.0745 	 49.0000 	 0.5309 	 0.5665 	 0.0297 	 5.0000 	 0.8207 	 0.0000 	 1.0339 
50.0000 	 0.3805 	 0.0804 	 0.0126 	 2.8763 	 0.0168 	 0.0000 	 784.6749 	 50.0000 	 0.1450 	 0.9623 	 0.0032 	 13.0000 	 2.8512 	 0.0000 	 0.3005 
49.0000 	 0.1445 	 0.0122 	 0.0239 	 2.2740 	 0.0161 	 0.0000 	 786.5627 	 49.0000 	 0.4168 	 0.1331 	 0.4830 	 1.0000 	 1.6217 	 0.0000 	 0.6595 
49.0000 	 0.0256 	 0.0042 	 0.0057 	 4.8291 	 0.0050 	 0.0000 	 765.8001 	 49.0000 	 0.5452 	 0.5769 	 0.0543 	 8.0000 	 1.0883 	 0.0000 	 1.9914 
50.0000 	 0.6652 	 0.0010 	 1.0000 	 1.7132 	 0.0207 	 0.0000 	 496.8942 	 50.0000 	 0.2280 	 0.2409 	 0.6346 	 10.0000 	 1.5245 	 0.0000 	 0.5240 
50.0000 	 0.9800 	 0.0332 	 0.1194 	 11.6676 	 0.0047 	 0.0000 	 721.9550 	 50.0000 	 0.8845 	 0.4456 	 0.3314 	 6.0000 	 2.6902 	 0.0000 	 0.9857 
50.0000 	 0.2766 	 0.0014 	 0.9922 	 1.0000 	 0.0467 	 0.0000 	 276.4359 	 50.0000 	 0.5796 	 0.3999 	 0.8187 	 14.0000 	 0.6329 	 0.0000 	 0.9341 
49.0000 	 0.3991 	 0.0260 	 0.0053 	 2.5260 	 0.0024 	 0.0000 	 792.9914 	 49.0000 	 0.5452 	 0.5769 	 0.0543 	 8.0000 	 1.0883 	 0.0000 	 0.3134 
50.0000 	 0.2632 	 0.0010 	 0.2194 	 1.0000 	 0.0116 	 0.0000 	 203.2043 	 50.0000 	 0.0645 	 0.5536 	 0.7622 	 6.0000 	 1.1619 	 0.0000 	 0.9023 
50.0000 	 0.0300 	 0.0022 	 0.0044 	 2.9151 	 0.0013 	 0.0000 	 675.3430 	 50.0000 	 0.1450 	 0.9623 	 0.0032 	 13.0000 	 2.8512 	 0.0000 	 2.1871 
49.0000 	 0.3027 	 0.0051 	 0.0110 	 1.3915 	 0.0013 	 0.0000 	 791.3368 	 49.0000 	 0.4761 	 0.6973 	 0.9292 	 13.0000 	 2.1440 	 0.0000 	 0.7340 
49.0000 	 0.5740 	 0.0569 	 0.0568 	 2.0321 	 0.0318 	 0.0000 	 793.5477 	 49.0000 	 0.8133 	 0.7906 	 0.3679 	 5.0000 	 2.5116 	 0.0000 	 0.2233 
49.0000 	 0.3035 	 0.0010 	 0.8230 	 1.1399 	 0.0598 	 0.0000 	 353.8933 	 49.0000 	 0.5038 	 0.6217 	 0.8052 	 6.0000 	 2.8061 	 0.0000 	 0.7222 
47.0000 	 0.0698 	 0.0024 	 0.5983 	 1.4425 	 0.1108 	 0.0000 	 515.6558 	 47.0000 	 0.2591 	 0.2789 	 0.9133 	 10.0000 	 0.9169 	 0.0000 	 0.7377 
48.0000 	 0.3828 	 0.0012 	 0.0868 	 1.0064 	 0.0028 	 0.0000 	 209.1960 	 48.0000 	 0.0206 	 0.5768 	 0.0174 	 1.0000 	 0.5758 	 0.0000 	 1.0383 
48.0000 	 0.3235 	 0.0013 	 0.0332 	 1.0000 	 0.0012 	 0.0000 	 235.0425 	 48.0000 	 0.0362 	 0.2531 	 0.1014 	 15.0000 	 2.7405 	 0.0000 	 0.9884 
48.0000 	 0.3336 	 0.1238 	 0.0194 	 1.2995 	 0.0230 	 0.0000 	 786.0689 	 48.0000 	 0.8886 	 0.3606 	 0.9246 	 14.0000 	 0.9128 	 0.0000 	 0.2347 
48.0000 	 0.1444 	 0.0252 	 0.0713 	 1.4711 	 0.0579 	 0.0000 	 786.7673 	 48.0000 	 0.6124 	 0.2050 	 0.0897 	 14.0000 	 2.2622 	 0.0000 	 0.4549 
48.0000 	 0.0961 	 0.0084 	 0.0020 	 7.5251 	 0.0023 	 0.0000 	 784.1170 	 48.0000 	 0.4611 	 0.2901 	 0.8791 	 6.0000 	 0.2538 	 0.0000 	 0.2312 
49.0000 	 0.0627 	 0.0034 	 0.5261 	 1.0000 	 0.0622 	 0.0000 	 476.2652 	 49.0000 	 0.2069 	 0.7877 	 0.3400 	 4.0000 	 0.5192 	 0.0000 	 0.7567 
48.0000 	 0.2058 	 0.6231 	 0.0043 	 1.0396 	 0.0133 	 0.0000 	 786.8724 	 48.0000 	 0.9243 	 0.3096 	 0.5681 	 7.0000 	 2.9429 	 0.0000 	 0.2288 
48.0000 	 0.4519 	 0.0011 	 0.0277 	 1.0106 	 0.0010 	 0.0000 	 281.2043 	 48.0000 	 0.1617 	 0.1166 	 0.8000 	 8.0000 	 1.0522 	 0.0000 	 0.5997 
48.0000 	 0.0896 	 0.0010 	 0.0358 	 4.0808 	 0.0046 	 0.0000 	 550.6692 	 48.0000 	 0.6690 	 0.5474 	 0.1939 	 11.0000 	 0.0386 	 0.0000 	 0.9825 
47.0000 	 0.5070 	 0.1459 	 0.0242 	 2.3317 	 0.0287 	 0.0000 	 787.7071 	 47.0000 	 0.8276 	 0.9678 	 0.1966 	 10.0000 	 0.9342 	 0.0000 	 0.2108 
49.0000 	 0.2929 	 0.0010 	 0.4368 	 1.0477 	 0.0203 	 0.0000 	 355.3344 	 49.0000 	 0.3327 	 0.9031 	 0.4119 	 15.0000 	 1.4007 	 0.0000 	 6.0140 
46.0000 	 0.2628 	 0.0011 	 0.0168 	 1.1681 	 0.0010 	 0.0000 	 294.3096 	 46.0000 	 0.4045 	 0.6783 	 0.5465 	 3.0000 	 1.5830 	 0.0000 	 0.9934 
47.0000 	 0.1855 	 0.0135 	 0.0034 	 11.0785 	 0.0045 	 0.0000 	 783.8936 	 47.0000 	 0.0901 	 0.5250 	 0.4130 	 12.0000 	 2.2638 	 0.0000 	 0.2507 
46.0000 	 0.1634 	 0.0010 	 0.2785 	 1.5822 	 0.0155 	 0.0000 	 442.8921 	 46.0000 	 0.6059 	 0.3241 	 0.6338 	 15.0000 	 2.5735 	 0.0000 	 0.1052 
47.0000 	 0.0220 	 0.0090 	 0.4849 	 1.0000 	 0.2174 	 0.0000 	 691.1047 	 47.0000 	 0.1538 	 0.4102 	 0.6009 	 10.0000 	 2.8706 	 0.0000 	 0.1449 
47.0000 	 0.0307 	 0.0046 	 0.0018 	 5.3992 	 0.0020 	 0.0000 	 763.8491 	 47.0000 	 0.3877 	 0.2355 	 0.3530 	 7.0000 	 2.0538 	 0.0000 	 1.8429 
46.0000 	 0.5115 	 0.0394 	 0.1468 	 2.9818 	 0.1207 	 0.0000 	 786.4477 	 46.0000 	 0.1901 	 0.2908 	 0.2737 	 10.0000 	 1.0951 	 0.0000 	 0.1143 
47.0000 	 0.0271 	 0.0038 	 0.0168 	 9.0770 	 0.0246 	 0.0000 	 786.5074 	 47.0000 	 0.2220 	 0.0732 	 0.4064 	 3.0000 	 2.4553 	 0.0000 	 1.5098 
46.0000 	 0.2205 	 0.0010 	 0.4204 	 1.2134 	 0.0226 	 0.0000 	 258.7139 	 46.0000 	 0.5888 	 0.1647 	 0.9792 	 2.0000 	 2.0137 	 0.0000 	 0.8989 
47.0000 	 0.2855 	 0.0220 	 0.1223 	 2.4205 	 0.0965 	 0.0000 	 786.7063 	 47.0000 	 0.1375 	 0.1081 	 0.0917 	 12.0000 	 2.0034 	 0.0000 	 0.4929 
46.0000 	 0.0894 	 0.0248 	 0.0024 	 1.7196 	 0.0025 	 0.0000 	 781.7228 	 46.0000 	 0.1225 	 0.9526 	 0.2316 	 4.0000 	 2.3880 	 0.0000 	 0.5370 
46.0000 	 0.0536 	 0.1971 	 0.0026 	 50.0000 	 0.0193 	 0.0000 	 787.3981 	 46.0000 	 0.0101 	 0.1345 	 0.7037 	 15.0000 	 1.3239 	 0.0000 	 0.1121 
46.0000 	 0.0276 	 0.0045 	 0.0030 	 5.5219 	 0.0027 	 0.0000 	 762.6528 	 46.0000 	 0.7075 	 0.8352 	 0.2207 	 6.0000 	 0.2950 	 0.0000 	 0.0832 
45.0000 	 0.2442 	 0.0010 	 0.0228 	 1.2554 	 0.0017 	 0.0000 	 335.8680 	 45.0000 	 0.6550 	 0.0809 	 0.4219 	 1.0000 	 2.2071 	 0.0000 	 0.9967 
45.0000 	 0.1514 	 0.0169 	 0.0506 	 1.9027 	 0.0369 	 0.0000 	 785.4330 	 45.0000 	 0.5077 	 0.6244 	 0.0162 	 14.0000 	 0.4314 	 0.0000 	 0.4141 
45.0000 	 0.0915 	 0.0027 	 0.0086 	 1.0183 	 0.0011 	 0.0000 	 434.1585 	 45.0000 	 0.8758 	 0.7776 	 0.0971 	 9.0000 	 0.9522 	 0.0000 	 0.9929 
43.0000 	 0.7752 	 0.0168 	 0.3333 	 2.5010 	 0.0890 	 0.0000 	 796.1043 	 43.0000 	 0.2204 	 0.5105 	 0.6967 	 3.0000 	 0.2169 	 0.0000 	 0.4401 
44.0000 	 0.3771 	 0.0010 	 0.9982 	 1.0000 	 0.0308 	 0.0000 	 193.5344 	 44.0000 	 0.9979 	 0.6195 	 0.8662 	 11.0000 	 2.0702 	 0.0000 	 0.9879 
43.0000 	 0.3309 	 0.0283 	 0.0338 	 2.1338 	 0.0156 	 0.0000 	 792.2801 	 43.0000 	 0.5702 	 0.8806 	 0.2608 	 15.0000 	 0.8910 	 0.0000 	 0.3197 
45.0000 	 0.3312 	 0.0010 	 0.2772 	 1.3998 	 0.0115 	 0.0000 	 331.5493 	 45.0000 	 0.3791 	 0.5988 	 0.3300 	 4.0000 	 2.8244 	 0.0000 	 0.4101 
45.0000 	 0.4077 	 0.0010 	 0.1257 	 1.2213 	 0.0043 	 0.0000 	 287.2115 	 45.0000 	 0.0448 	 0.4746 	 0.9171 	 15.0000 	 0.2557 	 0.0000 	 0.6445 
43.0000 	 0.1790 	 0.2517 	 0.0048 	 4.5721 	 0.0165 	 0.0000 	 787.2074 	 43.0000 	 0.0544 	 0.7888 	 0.3354 	 2.0000 	 2.3846 	 0.0000 	 0.1330 
44.0000 	 0.5563 	 0.0010 	 0.7609 	 1.4625 	 0.0207 	 0.0000 	 382.8061 	 44.0000 	 0.7954 	 0.3012 	 0.0288 	 10.0000 	 0.4524 	 0.0000 	 0.6015 
45.0000 	 0.2732 	 0.0423 	 0.0019 	 17.4756 	 0.0041 	 0.0000 	 784.3431 	 45.0000 	 0.9961 	 0.0641 	 0.3809 	 12.0000 	 2.3364 	 0.0000 	 0.1464 
43.0000 	 0.2722 	 0.0010 	 0.4228 	 1.2138 	 0.0196 	 0.0000 	 364.2853 	 43.0000 	 0.1468 	 0.6807 	 0.4414 	 11.0000 	 0.2314 	 0.0000 	 0.1906 
43.0000 	 0.0253 	 0.0189 	 0.0010 	 1.2659 	 0.0010 	 0.0000 	 732.8366 	 43.0000 	 0.2604 	 0.1195 	 0.8122 	 13.0000 	 1.2997 	 0.0000 	 4.3357 
44.0000 	 0.2842 	 0.0246 	 0.0555 	 3.0150 	 0.0398 	 0.0000 	 790.5462 	 44.0000 	 0.4100 	 0.6300 	 0.2974 	 14.0000 	 0.6957 	 0.0000 	 0.2271 
46.0000 	 0.3625 	 0.0010 	 0.1011 	 1.0687 	 0.0043 	 0.0000 	 199.3839 	 46.0000 	 0.0883 	 0.9775 	 0.3880 	 14.0000 	 2.8933 	 0.0000 	 1.0144 
43.0000 	 0.2273 	 0.0012 	 0.0312 	 1.0000 	 0.0014 	 0.0000 	 254.8563 	 43.0000 	 0.8132 	 0.0858 	 0.4160 	 3.0000 	 1.1239 	 0.0000 	 0.9917 
43.0000 	 0.3218 	 0.0010 	 0.1910 	 1.0000 	 0.0082 	 0.0000 	 330.9960 	 43.0000 	 0.4828 	 0.8598 	 0.2015 	 13.0000 	 2.9217 	 0.0000 	 0.2879 
44.0000 	 0.0704 	 0.0039 	 1.0000 	 3.3551 	 0.5534 	 0.0000 	 752.4244 	 44.0000 	 0.1611 	 0.0259 	 0.5137 	 10.0000 	 1.2731 	 0.0000 	 0.9109 
41.0000 	 0.1803 	 0.0012 	 0.0383 	 1.3836 	 0.0028 	 0.0000 	 431.7010 	 41.0000 	 0.8464 	 0.5471 	 0.5091 	 7.0000 	 0.5148 	 0.0000 	 0.0928 
44.0000 	 0.0317 	 0.0064 	 0.3811 	 1.0053 	 0.1016 	 0.0000 	 590.7539 	 44.0000 	 0.4813 	 0.1819 	 0.8669 	 6.0000 	 1.1470 	 0.0000 	 7.0531 
43.0000 	 0.8679 	 0.0076 	 0.2654 	 1.7282 	 0.0407 	 0.0000 	 780.8721 	 43.0000 	 0.5327 	 0.4195 	 0.7199 	 13.0000 	 1.3733 	 0.0000 	 0.5067 
42.0000 	 0.3204 	 0.0010 	 0.2122 	 1.0684 	 0.0083 	 0.0000 	 295.7047 	 42.0000 	 0.5356 	 0.9614 	 0.0888 	 13.0000 	 0.4523 	 0.0000 	 0.3846 
42.0000 	 0.0292 	 0.0065 	 0.0045 	 1.2528 	 0.0015 	 0.0000 	 580.0541 	 42.0000 	 0.9592 	 0.2262 	 0.3684 	 2.0000 	 2.5416 	 0.0000 	 0.8906 
43.0000 	 0.0284 	 0.0228 	 0.0031 	 1.9236 	 0.0046 	 0.0000 	 778.7690 	 43.0000 	 0.0649 	 0.8998 	 0.2594 	 13.0000 	 1.2396 	 0.0000 	 0.0984 
44.0000 	 0.0450 	 0.0570 	 0.0015 	 50.0000 	 0.0109 	 0.0000 	 786.1318 	 44.0000 	 0.3402 	 0.2983 	 0.0699 	 10.0000 	 1.3282 	 0.0000 	 0.2264 
41.0000 	 0.3598 	 0.0013 	 0.4220 	 1.0125 	 0.0175 	 0.0000 	 310.3526 	 41.0000 	 0.1394 	 0.9610 	 0.5067 	 2.0000 	 2.1953 	 0.0000 	 0.3328 
42.0000 	 0.1842 	 0.0015 	 0.3167 	 1.0456 	 0.0220 	 0.0000 	 396.6097 	 42.0000 	 0.2356 	 0.2826 	 0.3471 	 8.0000 	 1.8995 	 0.0000 	 0.7045 
41.0000 	 0.8694 	 0.0323 	 0.2881 	 4.9824 	 0.1428 	 0.0000 	 791.6575 	 41.0000 	 0.2391 	 0.0475 	 0.8349 	 8.0000 	 2.2425 	 0.0000 	 0.1751 
43.0000 	 0.0720 	 0.0010 	 0.0526 	 8.0086 	 0.0193 	 0.0000 	 681.1358 	 43.0000 	 0.1933 	 0.5217 	 0.1753 	 11.0000 	 0.7714 	 0.0000 	 0.7921 
42.0000 	 0.2783 	 0.0671 	 0.0883 	 1.0000 	 0.0705 	 0.0000 	 786.6897 	 42.0000 	 0.3925 	 0.4072 	 0.1693 	 2.0000 	 0.2410 	 0.0000 	 0.4022 
41.0000 	 0.0790 	 0.0030 	 0.2801 	 3.2240 	 0.1398 	 0.0000 	 709.9973 	 41.0000 	 0.8979 	 0.8447 	 0.8886 	 10.0000 	 2.5917 	 0.0000 	 1.0004 
42.0000 	 0.0355 	 0.0010 	 0.5233 	 6.8524 	 0.1095 	 0.0000 	 487.1974 	 42.0000 	 0.6628 	 0.5498 	 0.0680 	 8.0000 	 1.0543 	 0.0000 	 0.7689 
40.0000 	 0.0257 	 0.0043 	 0.3747 	 2.3371 	 0.1539 	 0.0000 	 517.4046 	 40.0000 	 0.3180 	 0.5440 	 0.2767 	 3.0000 	 0.2835 	 0.0000 	 0.8477 
42.0000 	 0.0657 	 0.0021 	 0.7045 	 1.9063 	 0.1196 	 0.0000 	 471.1556 	 42.0000 	 0.0682 	 0.4242 	 0.9019 	 2.0000 	 0.8337 	 0.0000 	 0.5869 
40.0000 	 0.5164 	 0.0175 	 0.3033 	 3.2224 	 0.1151 	 0.0000 	 795.2266 	 40.0000 	 0.1955 	 0.5321 	 0.4426 	 12.0000 	 1.5726 	 0.0000 	 1.5652 
42.0000 	 0.1889 	 0.0038 	 0.3969 	 8.5686 	 0.2692 	 0.0000 	 787.7474 	 42.0000 	 0.0152 	 0.1810 	 0.3027 	 7.0000 	 1.1927 	 0.0000 	 0.9297 
41.0000 	 0.1423 	 0.0013 	 0.1211 	 2.2285 	 0.0135 	 0.0000 	 376.2203 	 41.0000 	 0.4553 	 0.6750 	 0.4415 	 5.0000 	 0.9291 	 0.0000 	 0.9960 
40.0000 	 0.2889 	 0.0011 	 0.2085 	 1.3319 	 0.0123 	 0.0000 	 241.4466 	 40.0000 	 0.1099 	 0.5426 	 0.9697 	 8.0000 	 2.8809 	 0.0000 	 0.8333 
41.0000 	 0.1536 	 0.0891 	 0.0080 	 1.3251 	 0.0107 	 0.0000 	 784.7584 	 41.0000 	 0.4001 	 0.8919 	 0.3611 	 9.0000 	 1.3138 	 0.0000 	 0.2458 
41.0000 	 0.4399 	 0.0010 	 0.0313 	 1.1549 	 0.0010 	 0.0000 	 275.4171 	 41.0000 	 0.1607 	 0.6866 	 0.1161 	 11.0000 	 1.5010 	 0.0000 	 0.6692 
38.0000 	 0.8308 	 0.0473 	 0.9997 	 1.2562 	 0.1596 	 0.0000 	 798.5201 	 38.0000 	 0.4963 	 0.7705 	 0.3785 	 14.0000 	 2.0027 	 0.0000 	 1.2624 
41.0000 	 0.3878 	 0.0012 	 0.0302 	 1.1994 	 0.0013 	 0.0000 	 255.7561 	 41.0000 	 0.3553 	 0.9118 	 0.6164 	 4.0000 	 1.6441 	 0.0000 	 0.9026 
38.0000 	 0.0505 	 0.0034 	 0.4818 	 1.7646 	 0.1046 	 0.0000 	 550.7101 	 38.0000 	 0.4844 	 0.2763 	 0.9464 	 3.0000 	 0.7584 	 0.0000 	 0.3652 
38.0000 	 0.1102 	 0.0040 	 0.0097 	 1.0711 	 0.0016 	 0.0000 	 383.6931 	 38.0000 	 0.8423 	 0.6516 	 0.5258 	 10.0000 	 0.7908 	 0.0000 	 0.9903 
37.0000 	 0.0353 	 0.0985 	 0.0027 	 38.3861 	 0.0210 	 0.0000 	 788.3437 	 37.0000 	 0.6259 	 0.5027 	 0.9050 	 7.0000 	 2.4753 	 0.0000 	 0.1418 
37.0000 	 0.0309 	 0.0010 	 0.2117 	 8.2343 	 0.0528 	 0.0000 	 609.9368 	 37.0000 	 0.2419 	 0.9446 	 0.3123 	 14.0000 	 0.1245 	 0.0000 	 0.7044 
39.0000 	 0.0720 	 0.0142 	 0.0010 	 5.8731 	 0.0015 	 0.0000 	 781.3061 	 39.0000 	 0.1320 	 0.0537 	 0.2183 	 7.0000 	 2.8488 	 0.0000 	 0.2795 
41.0000 	 0.2666 	 0.0010 	 0.3302 	 1.8934 	 0.0155 	 0.0000 	 197.0927 	 41.0000 	 0.5107 	 0.4047 	 0.6433 	 8.0000 	 2.4684 	 0.0000 	 0.9998 
39.0000 	 0.0894 	 0.0271 	 0.0012 	 2.8138 	 0.0015 	 0.0000 	 781.3641 	 39.0000 	 0.8630 	 0.8685 	 0.4091 	 3.0000 	 1.7836 	 0.0000 	 0.2768 
38.0000 	 0.4160 	 0.0025 	 0.2560 	 6.3339 	 0.0358 	 0.0000 	 795.2828 	 38.0000 	 0.7004 	 0.1208 	 0.9193 	 6.0000 	 1.0754 	 0.0000 	 0.2094 
38.0000 	 0.2452 	 0.1611 	 0.0029 	 1.1685 	 0.0033 	 0.0000 	 784.9143 	 38.0000 	 0.1076 	 0.7665 	 0.8235 	 4.0000 	 1.2411 	 0.0000 	 0.2638 
35.0000 	 0.6361 	 0.6075 	 0.1237 	 2.2921 	 0.2376 	 0.0000 	 793.4284 	 35.0000 	 0.5611 	 0.9168 	 0.1566 	 2.0000 	 0.7650 	 0.0000 	 0.2258 
36.0000 	 0.3097 	 0.0012 	 0.0142 	 1.3669 	 0.0010 	 0.0000 	 310.1111 	 36.0000 	 0.6406 	 0.1818 	 0.2142 	 12.0000 	 0.0870 	 0.0000 	 1.0302 
36.0000 	 0.0475 	 0.0011 	 0.5390 	 4.6586 	 0.0688 	 0.0000 	 463.9833 	 36.0000 	 0.2066 	 0.1008 	 0.2198 	 2.0000 	 1.0394 	 0.0000 	 0.9147 
33.0000 	 0.1550 	 0.1040 	 0.0010 	 2.1532 	 0.0016 	 0.0000 	 783.3635 	 33.0000 	 0.1884 	 0.6382 	 0.7113 	 7.0000 	 0.1832 	 0.0000 	 0.2425 
38.0000 	 0.8977 	 0.3241 	 0.3061 	 2.1081 	 0.2944 	 0.0000 	 794.2146 	 38.0000 	 0.9277 	 0.3750 	 0.4118 	 9.0000 	 0.8650 	 0.0000 	 0.4012 
33.0000 	 0.0955 	 0.0012 	 0.1570 	 2.5007 	 0.0175 	 0.0000 	 449.2896 	 33.0000 	 0.8388 	 0.4820 	 0.7703 	 10.0000 	 0.8604 	 0.0000 	 0.9952 
35.0000 	 0.2395 	 0.0010 	 0.2115 	 1.9133 	 0.0134 	 0.0000 	 398.3542 	 35.0000 	 0.8641 	 0.8194 	 0.3521 	 14.0000 	 0.5553 	 0.0000 	 0.1126 
39.0000 	 0.0431 	 0.1253 	 0.0037 	 26.1846 	 0.0265 	 0.0000 	 788.9419 	 39.0000 	 0.6700 	 0.4415 	 0.9982 	 11.0000 	 1.3376 	 0.0000 	 0.1743 
34.0000 	 0.1443 	 0.0010 	 0.0085 	 3.5481 	 0.0016 	 0.0000 	 659.7219 	 34.0000 	 0.6480 	 0.9908 	 0.1483 	 9.0000 	 0.5831 	 0.0000 	 0.1073 
34.0000 	 0.2729 	 0.1370 	 0.0102 	 1.7613 	 0.0129 	 0.0000 	 786.0406 	 34.0000 	 0.6751 	 0.4092 	 0.3127 	 1.0000 	 1.9121 	 0.0000 	 0.1742 
37.0000 	 0.2865 	 0.0010 	 0.0395 	 1.3027 	 0.0024 	 0.0000 	 235.2387 	 37.0000 	 0.7035 	 0.7136 	 0.9758 	 14.0000 	 1.4626 	 0.0000 	 0.9135 
37.0000 	 0.3885 	 0.0016 	 0.0562 	 1.0999 	 0.0022 	 0.0000 	 275.4221 	 37.0000 	 0.9966 	 0.9772 	 0.0321 	 10.0000 	 0.1547 	 0.0000 	 0.6867 
37.0000 	 0.1295 	 0.0026 	 0.0461 	 1.1520 	 0.0042 	 0.0000 	 481.3489 	 37.0000 	 0.7537 	 0.9953 	 0.7350 	 14.0000 	 1.7875 	 0.0000 	 0.5424 
39.0000 	 0.1289 	 0.0011 	 0.1158 	 1.9201 	 0.0089 	 0.0000 	 391.7942 	 39.0000 	 0.8234 	 0.8144 	 0.6539 	 5.0000 	 0.4329 	 0.0000 	 0.6981 
36.0000 	 0.0883 	 0.0010 	 0.0485 	 4.4986 	 0.0074 	 0.0000 	 606.9791 	 36.0000 	 0.6513 	 0.8198 	 0.6816 	 6.0000 	 0.2963 	 0.0000 	 0.0963 
33.0000 	 0.1232 	 0.0014 	 0.0992 	 2.4196 	 0.0090 	 0.0000 	 341.8839 	 33.0000 	 0.5081 	 0.9050 	 0.7398 	 1.0000 	 0.9043 	 0.0000 	 0.7780 
35.0000 	 0.1058 	 0.0027 	 0.0765 	 9.2941 	 0.0433 	 0.0000 	 783.1293 	 35.0000 	 0.0361 	 0.9223 	 0.8852 	 10.0000 	 0.9843 	 0.0000 	 0.2463 
34.0000 	 0.0611 	 0.0010 	 0.5103 	 5.2284 	 0.0689 	 0.0000 	 398.7376 	 34.0000 	 0.0784 	 0.8792 	 0.2843 	 4.0000 	 1.7663 	 0.0000 	 0.8266 
36.0000 	 0.3760 	 0.0017 	 0.0321 	 1.0000 	 0.0010 	 0.0000 	 268.6676 	 36.0000 	 0.5973 	 0.8931 	 0.8436 	 10.0000 	 0.4309 	 0.0000 	 0.9559 
32.0000 	 0.3286 	 0.0648 	 0.0252 	 2.0811 	 0.0171 	 0.0000 	 790.0304 	 32.0000 	 0.9903 	 0.6897 	 0.2903 	 1.0000 	 2.4920 	 0.0000 	 0.3339 
32.0000 	 0.5780 	 0.8350 	 0.3318 	 1.5772 	 1.4914 	 0.0000 	 789.5139 	 32.0000 	 0.3823 	 0.5317 	 0.3229 	 2.0000 	 1.8168 	 0.0000 	 0.1801 
39.0000 	 0.1160 	 0.0016 	 0.0245 	 2.1652 	 0.0031 	 0.0000 	 429.7612 	 39.0000 	 0.1675 	 0.6097 	 0.9497 	 6.0000 	 1.6462 	 0.0000 	 0.9962 
34.0000 	 0.0605 	 0.6335 	 0.0010 	 1.5259 	 0.0051 	 0.0000 	 784.7489 	 34.0000 	 0.6756 	 0.7443 	 0.6022 	 4.0000 	 0.4908 	 0.0000 	 0.1614 
35.0000 	 0.2387 	 0.0010 	 0.0199 	 2.1977 	 0.0010 	 0.0000 	 289.0345 	 35.0000 	 0.1933 	 0.9136 	 0.1880 	 1.0000 	 1.9783 	 0.0000 	 0.9549 
36.0000 	 0.6064 	 0.0015 	 1.0000 	 1.4031 	 0.0409 	 0.0000 	 271.7634 	 36.0000 	 0.3815 	 0.1913 	 0.9115 	 13.0000 	 2.4334 	 0.0000 	 0.9797 
32.0000 	 0.9076 	 0.0512 	 0.0200 	 1.7816 	 0.0065 	 0.0000 	 784.3223 	 32.0000 	 0.4798 	 0.8868 	 0.5052 	 12.0000 	 0.7846 	 0.0000 	 0.3247 
35.0000 	 0.2263 	 0.0010 	 0.1572 	 1.7061 	 0.0056 	 0.0000 	 301.8991 	 35.0000 	 0.4163 	 0.0370 	 0.3562 	 9.0000 	 2.3159 	 0.0000 	 0.9786 
31.0000 	 0.5790 	 0.0124 	 0.3969 	 2.3248 	 0.0994 	 0.0000 	 795.8011 	 31.0000 	 0.4145 	 0.5215 	 0.2615 	 7.0000 	 2.1663 	 0.0000 	 0.3612 
32.0000 	 0.0255 	 0.0320 	 0.0010 	 1.0529 	 0.0010 	 0.0000 	 762.0201 	 32.0000 	 0.5807 	 0.8458 	 0.5033 	 14.0000 	 0.3656 	 0.0000 	 1.3084 
31.0000 	 0.0466 	 0.0187 	 0.0036 	 1.0000 	 0.0017 	 0.0000 	 752.7483 	 31.0000 	 0.1060 	 0.3557 	 0.2558 	 1.0000 	 0.0900 	 0.0000 	 0.3682 
33.0000 	 0.4133 	 0.0010 	 0.5469 	 1.3221 	 0.0159 	 0.0000 	 309.6431 	 33.0000 	 0.9087 	 0.4760 	 0.1694 	 3.0000 	 1.4047 	 0.0000 	 0.5850 
33.0000 	 0.3034 	 0.0010 	 1.0000 	 1.1260 	 0.0480 	 0.0000 	 369.3933 	 33.0000 	 0.5102 	 0.2587 	 0.3513 	 3.0000 	 2.5033 	 0.0000 	 0.4470 
32.0000 	 0.5090 	 0.0098 	 0.0295 	 2.1035 	 0.0039 	 0.0000 	 794.5032 	 32.0000 	 0.8074 	 0.1180 	 0.0925 	 1.0000 	 1.8339 	 0.0000 	 0.1317 
36.0000 	 0.2623 	 0.0017 	 0.5686 	 1.0069 	 0.0234 	 0.0000 	 302.8959 	 36.0000 	 0.3777 	 0.4478 	 0.7678 	 5.0000 	 2.5722 	 0.0000 	 0.8982 
33.0000 	 0.4164 	 0.0010 	 0.2054 	 1.0000 	 0.0099 	 0.0000 	 296.2747 	 33.0000 	 0.6754 	 0.4499 	 0.7416 	 12.0000 	 2.5371 	 0.0000 	 0.6014 
35.0000 	 0.1664 	 0.0011 	 0.3307 	 2.1811 	 0.0183 	 0.0000 	 307.7217 	 35.0000 	 0.7647 	 0.1740 	 0.4152 	 13.0000 	 1.4139 	 0.0000 	 1.0273 
33.0000 	 0.2625 	 0.1569 	 1.0000 	 1.0000 	 3.4228 	 0.0000 	 713.3613 	 33.0000 	 0.1377 	 0.1557 	 0.6548 	 1.0000 	 2.3924 	 0.0000 	 0.4220 
37.0000 	 0.0473 	 0.0033 	 0.5740 	 1.9215 	 0.1006 	 0.0000 	 415.3122 	 37.0000 	 0.5588 	 0.6949 	 0.6547 	 11.0000 	 1.6488 	 0.0000 	 0.9799 
32.0000 	 0.0473 	 0.0018 	 0.4766 	 3.0428 	 0.0783 	 0.0000 	 415.6750 	 32.0000 	 0.2932 	 0.6480 	 0.9188 	 2.0000 	 2.8071 	 0.0000 	 0.9908 
29.0000 	 0.2008 	 0.0014 	 0.3837 	 1.5187 	 0.0166 	 0.0000 	 350.9918 	 29.0000 	 0.3825 	 0.3029 	 0.4717 	 15.0000 	 0.1445 	 0.0000 	 0.6249 
34.0000 	 0.2046 	 0.0034 	 1.0000 	 1.0000 	 0.0780 	 0.0000 	 355.1494 	 34.0000 	 0.9525 	 0.4165 	 0.7772 	 1.0000 	 1.2949 	 0.0000 	 1.0297 
31.0000 	 0.0383 	 0.4755 	 0.0072 	 14.7167 	 0.0491 	 0.0000 	 792.0528 	 31.0000 	 0.8709 	 0.4786 	 0.6628 	 13.0000 	 2.6850 	 0.0000 	 0.1462 
31.0000 	 0.0460 	 0.0010 	 0.0391 	 7.2236 	 0.0079 	 0.0000 	 518.5755 	 31.0000 	 0.0654 	 0.1580 	 0.7960 	 15.0000 	 1.3186 	 0.0000 	 0.8004 
30.0000 	 0.1259 	 0.0625 	 0.0040 	 2.4733 	 0.0057 	 0.0000 	 783.7175 	 30.0000 	 0.9335 	 0.3537 	 0.1726 	 13.0000 	 1.0521 	 0.0000 	 0.3246 
34.0000 	 0.0978 	 0.0093 	 0.4399 	 1.6663 	 0.1762 	 0.0000 	 766.9968 	 34.0000 	 0.7202 	 0.5579 	 0.9564 	 1.0000 	 2.7648 	 0.0000 	 0.6306 
30.0000 	 0.4136 	 0.0011 	 0.9843 	 1.0953 	 0.0541 	 0.0000 	 255.2815 	 30.0000 	 0.0509 	 0.2196 	 0.2937 	 10.0000 	 2.3508 	 0.0000 	 0.7625 
28.0000 	 0.3156 	 0.0022 	 0.0523 	 1.0000 	 0.0022 	 0.0000 	 324.2306 	 28.0000 	 0.3052 	 0.8745 	 0.1435 	 3.0000 	 1.7755 	 0.0000 	 0.4796 
28.0000 	 0.1443 	 0.2025 	 0.0010 	 2.0714 	 0.0020 	 0.0000 	 783.5859 	 28.0000 	 0.3767 	 0.2941 	 0.7996 	 15.0000 	 1.9799 	 0.0000 	 0.2346 
27.0000 	 0.0280 	 0.0088 	 0.0224 	 1.6603 	 0.0098 	 0.0000 	 629.6157 	 27.0000 	 0.2204 	 0.2103 	 0.4133 	 6.0000 	 0.2205 	 0.0000 	 0.9986 
29.0000 	 0.0361 	 0.0200 	 0.0856 	 1.2793 	 0.0651 	 0.0000 	 755.8870 	 29.0000 	 0.5664 	 0.4509 	 0.9827 	 14.0000 	 1.6264 	 0.0000 	 0.5207 
34.0000 	 0.6407 	 0.0430 	 0.0021 	 4.7982 	 0.0011 	 0.0000 	 792.8903 	 34.0000 	 0.8939 	 0.2276 	 0.9136 	 9.0000 	 1.6043 	 0.0000 	 0.3100 
30.0000 	 0.2054 	 0.0946 	 0.0065 	 1.0000 	 0.0051 	 0.0000 	 790.1632 	 30.0000 	 0.8631 	 0.7103 	 0.5389 	 10.0000 	 2.8317 	 0.0000 	 0.2127 
30.0000 	 0.5731 	 0.0493 	 0.0359 	 5.9999 	 0.0218 	 0.0000 	 790.5066 	 30.0000 	 0.4960 	 0.9803 	 0.0758 	 13.0000 	 0.3364 	 0.0000 	 0.7042 
32.0000 	 0.3923 	 0.0010 	 0.0260 	 1.0000 	 0.0010 	 0.0000 	 245.5561 	 32.0000 	 0.1286 	 0.2798 	 0.0609 	 15.0000 	 0.8075 	 0.0000 	 0.9073 
31.0000 	 0.2317 	 0.0433 	 0.0038 	 15.9835 	 0.0071 	 0.0000 	 785.3039 	 31.0000 	 0.5383 	 0.9293 	 0.6937 	 11.0000 	 1.6018 	 0.0000 	 0.1330 
32.0000 	 0.0368 	 0.0010 	 0.0718 	 11.4016 	 0.0258 	 0.0000 	 688.7933 	 32.0000 	 0.7253 	 0.0900 	 0.3311 	 14.0000 	 2.6384 	 0.0000 	 3.5011 
30.0000 	 0.1294 	 0.0074 	 0.0037 	 18.9598 	 0.0044 	 0.0000 	 784.3026 	 30.0000 	 0.1005 	 0.4797 	 0.7095 	 14.0000 	 1.3245 	 0.0000 	 0.2304 
27.0000 	 0.1789 	 0.0010 	 0.9257 	 3.3610 	 0.0913 	 0.0000 	 487.3693 	 27.0000 	 0.2962 	 0.1232 	 0.4681 	 11.0000 	 2.6694 	 0.0000 	 0.6045 
26.0000 	 0.3313 	 0.0156 	 0.0802 	 1.6476 	 0.0267 	 0.0000 	 797.4464 	 26.0000 	 0.4569 	 0.5218 	 0.5769 	 4.0000 	 2.6386 	 0.0000 	 0.2392 
26.0000 	 0.9800 	 0.1864 	 0.0212 	 3.0126 	 0.0047 	 0.0000 	 716.1963 	 26.0000 	 0.4050 	 0.9964 	 0.2814 	 10.0000 	 0.8830 	 0.0000 	 0.6729 
24.0000 	 0.9443 	 0.0295 	 0.0138 	 4.8300 	 0.0015 	 0.0000 	 726.3240 	 24.0000 	 0.4481 	 0.2842 	 0.3962 	 9.0000 	 0.3625 	 0.0000 	 0.4412 
24.0000 	 0.9314 	 0.0840 	 0.8556 	 7.6871 	 0.4525 	 0.0000 	 772.6762 	 24.0000 	 0.9068 	 0.5039 	 0.7334 	 7.0000 	 2.9190 	 0.0000 	 0.1000 
25.0000 	 0.7924 	 0.1043 	 0.0205 	 1.8023 	 0.0083 	 0.0000 	 801.5312 	 25.0000 	 0.8689 	 0.6613 	 0.9344 	 9.0000 	 1.9202 	 0.0000 	 0.1254 
31.0000 	 0.0830 	 0.0028 	 0.4029 	 1.6968 	 0.0365 	 0.0000 	 364.8867 	 31.0000 	 0.3651 	 0.1620 	 0.8381 	 12.0000 	 1.8842 	 0.0000 	 0.9937 
26.0000 	 0.1091 	 0.0479 	 0.0021 	 4.4433 	 0.0031 	 0.0000 	 783.8643 	 26.0000 	 0.6848 	 0.8119 	 0.9796 	 1.0000 	 0.3536 	 0.0000 	 0.2338 
24.0000 	 0.0817 	 0.3892 	 0.0095 	 16.6352 	 0.0371 	 0.0000 	 792.1767 	 24.0000 	 0.6137 	 0.6017 	 0.5580 	 9.0000 	 2.2255 	 0.0000 	 0.0869 
30.0000 	 0.1351 	 0.0077 	 0.6380 	 2.1060 	 0.2769 	 0.0000 	 780.5057 	 30.0000 	 0.2794 	 0.7051 	 0.3249 	 14.0000 	 0.0617 	 0.0000 	 0.0961 
29.0000 	 0.0946 	 0.0041 	 0.0081 	 1.0236 	 0.0013 	 0.0000 	 438.0795 	 29.0000 	 0.2158 	 0.9236 	 0.2264 	 14.0000 	 0.1610 	 0.0000 	 0.9736 
28.0000 	 0.1634 	 0.0010 	 0.0075 	 3.0933 	 0.0010 	 0.0000 	 541.2277 	 28.0000 	 0.6401 	 0.6756 	 0.8598 	 10.0000 	 2.4425 	 0.0000 	 0.2534 
31.0000 	 0.0701 	 0.0040 	 0.0779 	 1.4039 	 0.0093 	 0.0000 	 490.2551 	 31.0000 	 0.1994 	 0.4328 	 0.0422 	 1.0000 	 1.2784 	 0.0000 	 0.9551 
27.0000 	 0.0259 	 0.8853 	 0.0107 	 8.7768 	 0.0831 	 0.0000 	 796.2201 	 27.0000 	 0.4916 	 0.7318 	 0.8124 	 7.0000 	 1.4175 	 0.0000 	 0.1871 
25.0000 	 0.9633 	 0.0196 	 0.0164 	 2.9454 	 0.0018 	 0.0000 	 752.3638 	 25.0000 	 0.2023 	 0.2788 	 0.4632 	 3.0000 	 0.5150 	 0.0000 	 2.6774 
27.0000 	 0.2844 	 0.2802 	 0.0052 	 1.7740 	 0.0080 	 0.0000 	 788.3317 	 27.0000 	 0.7629 	 0.9863 	 0.2566 	 13.0000 	 0.9348 	 0.0000 	 0.2245 
22.0000 	 0.1665 	 0.0558 	 0.2649 	 1.0000 	 0.1593 	 0.0000 	 791.2554 	 22.0000 	 0.3617 	 0.7794 	 0.3880 	 1.0000 	 1.4997 	 0.0000 	 1.8088 
28.0000 	 0.8644 	 0.0407 	 0.7176 	 11.0579 	 0.7085 	 0.0000 	 774.9026 	 28.0000 	 0.6449 	 0.0417 	 0.7034 	 9.0000 	 1.0155 	 0.0000 	 0.2643 
29.0000 	 0.1177 	 0.1042 	 0.0069 	 22.4572 	 0.0256 	 0.0000 	 788.1276 	 29.0000 	 0.4165 	 0.8506 	 0.9508 	 12.0000 	 0.4044 	 0.0000 	 0.2092 
32.0000 	 0.1711 	 0.0301 	 0.0012 	 13.3930 	 0.0021 	 0.0000 	 783.7689 	 32.0000 	 0.0796 	 0.9381 	 0.1639 	 2.0000 	 0.5528 	 0.0000 	 0.1536 
28.0000 	 0.7197 	 0.3066 	 0.1025 	 1.1727 	 0.0679 	 0.0000 	 794.5873 	 28.0000 	 0.6805 	 0.5837 	 0.2070 	 9.0000 	 0.2366 	 0.0000 	 0.3822 
30.0000 	 0.0323 	 0.0518 	 0.0010 	 1.0000 	 0.0013 	 0.0000 	 765.9084 	 30.0000 	 0.2144 	 0.8397 	 0.6244 	 6.0000 	 2.4601 	 0.0000 	 0.0889 
22.0000 	 0.6768 	 0.0017 	 0.3249 	 1.0078 	 0.0108 	 0.0000 	 184.2169 	 22.0000 	 0.2398 	 0.1216 	 0.4548 	 11.0000 	 2.1648 	 0.0000 	 0.9847 
31.0000 	 0.3826 	 0.1704 	 0.0076 	 3.4955 	 0.0091 	 0.0000 	 788.5651 	 31.0000 	 0.2437 	 0.6465 	 0.7418 	 7.0000 	 0.3150 	 0.0000 	 0.1868 
21.0000 	 0.2266 	 0.0026 	 0.0468 	 1.0037 	 0.0023 	 0.0000 	 382.7737 	 21.0000 	 0.4613 	 0.7596 	 0.0122 	 5.0000 	 0.3801 	 0.0000 	 1.0028 
26.0000 	 0.0138 	 0.0043 	 0.4001 	 5.6071 	 0.2010 	 0.0000 	 601.7927 	 26.0000 	 0.3642 	 0.1301 	 0.6469 	 8.0000 	 0.2233 	 0.0000 	 0.9924 
31.0000 	 0.1619 	 0.2365 	 0.0016 	 2.3918 	 0.0035 	 0.0000 	 784.6264 	 31.0000 	 0.5475 	 0.0301 	 0.6026 	 8.0000 	 0.1156 	 0.0000 	 0.1589 
22.0000 	 0.0435 	 0.0220 	 0.0538 	 2.6816 	 0.0517 	 0.0000 	 788.7251 	 22.0000 	 0.1676 	 0.0766 	 0.0700 	 7.0000 	 2.3061 	 0.0000 	 1.4107 
23.0000 	 0.2495 	 0.0010 	 0.9926 	 1.8505 	 0.0448 	 0.0000 	 420.6668 	 23.0000 	 0.9707 	 0.5827 	 0.4739 	 1.0000 	 1.5877 	 0.0000 	 0.4362 
23.0000 	 0.2485 	 0.0432 	 0.2131 	 1.0000 	 0.0868 	 0.0000 	 796.2217 	 23.0000 	 0.9576 	 0.7803 	 0.1687 	 1.0000 	 0.1206 	 0.0000 	 0.7231 
25.0000 	 0.0259 	 0.0108 	 0.0169 	 1.6931 	 0.0082 	 0.0000 	 655.0262 	 25.0000 	 0.7701 	 0.8470 	 0.0951 	 3.0000 	 1.8278 	 0.0000 	 0.7131 
28.0000 	 0.2052 	 0.0353 	 0.0401 	 2.3886 	 0.0329 	 0.0000 	 786.5559 	 28.0000 	 0.1918 	 0.5087 	 0.1024 	 15.0000 	 2.0236 	 0.0000 	 0.4312 
19.0000 	 0.1232 	 0.0020 	 1.0000 	 2.9001 	 0.1387 	 0.0000 	 384.6511 	 19.0000 	 0.1011 	 0.7209 	 0.5736 	 1.0000 	 0.5123 	 0.0000 	 1.1218 
22.0000 	 0.0333 	 0.0172 	 0.0041 	 3.9633 	 0.0049 	 0.0000 	 767.0699 	 22.0000 	 0.4213 	 0.5216 	 0.5193 	 3.0000 	 2.4342 	 0.0000 	 0.0898 
24.0000 	 0.5608 	 0.1683 	 0.0141 	 1.0251 	 0.0050 	 0.0000 	 797.1271 	 24.0000 	 0.7879 	 0.8078 	 0.5196 	 1.0000 	 2.6127 	 0.0000 	 0.3257 
24.0000 	 0.6130 	 0.0022 	 1.0000 	 1.0000 	 0.0284 	 0.0000 	 310.5770 	 24.0000 	 0.4023 	 0.8838 	 0.7581 	 13.0000 	 1.3992 	 0.0000 	 20.1612 
21.0000 	 0.0381 	 0.0140 	 0.0456 	 1.6279 	 0.0215 	 0.0000 	 723.1723 	 21.0000 	 0.6763 	 0.5984 	 0.4926 	 12.0000 	 2.4766 	 0.0000 	 0.0996 
21.0000 	 0.9435 	 0.3339 	 0.3614 	 3.8551 	 0.1598 	 0.0000 	 749.2223 	 21.0000 	 0.4474 	 0.8371 	 0.9672 	 7.0000 	 1.3397 	 0.0000 	 1.6391 
29.0000 	 0.1310 	 0.0015 	 0.0043 	 8.2693 	 0.0013 	 0.0000 	 763.4493 	 29.0000 	 0.2042 	 0.9398 	 0.9728 	 10.0000 	 0.2539 	 0.0000 	 2.0512 
25.0000 	 0.0477 	 0.0011 	 0.1296 	 8.1792 	 0.0183 	 0.0000 	 545.9405 	 25.0000 	 0.6638 	 0.6861 	 0.2362 	 15.0000 	 1.9941 	 0.0000 	 0.7008 
24.0000 	 0.7926 	 0.0502 	 0.5143 	 8.5944 	 0.5325 	 0.0000 	 785.8788 	 24.0000 	 0.7507 	 0.0759 	 0.4243 	 15.0000 	 1.1533 	 0.0000 	 0.6837 
18.0000 	 0.9403 	 0.3587 	 0.3645 	 3.5388 	 0.1072 	 0.0000 	 720.7312 	 18.0000 	 0.6144 	 0.9956 	 0.4692 	 6.0000 	 2.8578 	 0.0000 	 0.4780 
23.0000 	 0.2355 	 0.0014 	 0.4468 	 1.7710 	 0.0196 	 0.0000 	 300.4473 	 23.0000 	 0.7510 	 0.6741 	 0.6748 	 4.0000 	 1.5567 	 0.0000 	 0.9949 
20.0000 	 0.2875 	 0.0150 	 0.2784 	 7.6090 	 0.2218 	 0.0000 	 785.5729 	 20.0000 	 0.6519 	 0.9372 	 0.9677 	 13.0000 	 0.8139 	 0.0000 	 0.5341 
29.0000 	 0.2940 	 0.0404 	 0.0530 	 2.7801 	 0.0402 	 0.0000 	 789.0129 	 29.0000 	 0.8697 	 0.4048 	 0.0950 	 9.0000 	 0.7811 	 0.0000 	 0.3158 
24.0000 	 0.3617 	 0.0010 	 0.0191 	 1.4029 	 0.0010 	 0.0000 	 197.2187 	 24.0000 	 0.2667 	 0.7507 	 0.2586 	 6.0000 	 1.2590 	 0.0000 	 0.9878 
19.0000 	 0.1003 	 0.0024 	 0.5451 	 2.4418 	 0.0501 	 0.0000 	 416.7470 	 19.0000 	 0.3721 	 0.9137 	 0.8288 	 15.0000 	 2.0391 	 0.0000 	 0.5179 
20.0000 	 0.7059 	 0.0440 	 1.0000 	 17.7927 	 3.1390 	 0.0000 	 617.5575 	 20.0000 	 0.6811 	 0.0367 	 0.9206 	 13.0000 	 2.6379 	 0.0000 	 0.9899 
29.0000 	 0.3110 	 0.0010 	 0.1448 	 1.6252 	 0.0075 	 0.0000 	 242.6948 	 29.0000 	 0.7852 	 0.5385 	 0.4695 	 8.0000 	 1.0677 	 0.0000 	 0.9745 
19.0000 	 0.0710 	 0.0080 	 0.0119 	 1.0515 	 0.0020 	 0.0000 	 586.8926 	 19.0000 	 0.0441 	 0.9437 	 0.3530 	 2.0000 	 2.5536 	 0.0000 	 0.1063 
19.0000 	 0.9610 	 0.3393 	 0.0164 	 2.9652 	 0.0036 	 0.0000 	 736.8753 	 19.0000 	 0.5779 	 0.5524 	 0.3862 	 11.0000 	 1.3099 	 0.0000 	 0.1227 
16.0000 	 0.4952 	 0.0999 	 1.0000 	 5.1075 	 4.2758 	 0.0000 	 613.0050 	 16.0000 	 0.7301 	 0.1262 	 0.9341 	 8.0000 	 2.3138 	 0.0000 	 0.9484 
23.0000 	 0.0529 	 0.0299 	 0.1545 	 1.0000 	 0.0988 	 0.0000 	 774.3511 	 23.0000 	 0.2392 	 0.0814 	 0.5018 	 4.0000 	 2.7729 	 0.0000 	 1.0602 
26.0000 	 0.2850 	 0.0011 	 0.0911 	 2.0758 	 0.0036 	 0.0000 	 290.4528 	 26.0000 	 0.9958 	 0.2050 	 0.3656 	 6.0000 	 0.0249 	 0.0000 	 0.7073 
18.0000 	 0.9215 	 0.2327 	 0.0833 	 1.0585 	 0.0088 	 0.0000 	 718.1378 	 18.0000 	 0.1019 	 0.1340 	 0.2711 	 7.0000 	 2.8831 	 0.0000 	 0.3599 
17.0000 	 0.0555 	 0.0080 	 0.0058 	 11.3821 	 0.0064 	 0.0000 	 776.3175 	 17.0000 	 0.1925 	 0.6026 	 0.0158 	 3.0000 	 1.3280 	 0.0000 	 1.1300 
23.0000 	 0.3247 	 0.0010 	 1.0000 	 1.4448 	 0.0453 	 0.0000 	 198.0401 	 23.0000 	 0.1305 	 0.6546 	 0.3263 	 9.0000 	 0.5213 	 0.0000 	 0.9971 
21.0000 	 0.0192 	 0.0021 	 0.2163 	 10.0615 	 0.0828 	 0.0000 	 547.7388 	 21.0000 	 0.5213 	 0.3598 	 0.3216 	 12.0000 	 2.5652 	 0.0000 	 0.7039 
22.0000 	 0.1313 	 0.0367 	 0.0027 	 2.9878 	 0.0026 	 0.0000 	 786.3108 	 22.0000 	 0.2557 	 0.9644 	 0.6168 	 14.0000 	 2.3727 	 0.0000 	 0.1385 
28.0000 	 0.4305 	 0.0010 	 0.0673 	 1.7742 	 0.0037 	 0.0000 	 313.7799 	 28.0000 	 0.7126 	 0.5200 	 0.2418 	 12.0000 	 0.9654 	 0.0000 	 0.7774 
18.0000 	 0.6796 	 0.0032 	 0.8018 	 1.0000 	 0.0300 	 0.0000 	 224.4168 	 18.0000 	 0.4970 	 0.5473 	 0.6955 	 4.0000 	 2.4605 	 0.0000 	 0.9350 
18.0000 	 0.0404 	 0.0128 	 0.0110 	 1.0000 	 0.0023 	 0.0000 	 643.6461 	 18.0000 	 0.7160 	 0.4458 	 0.5516 	 10.0000 	 0.9461 	 0.0000 	 6.5842 
15.0000 	 0.1618 	 0.0017 	 0.7120 	 2.8736 	 0.0422 	 0.0000 	 392.5857 	 15.0000 	 0.3872 	 0.5494 	 0.4479 	 6.0000 	 1.2690 	 0.0000 	 0.6064 
17.0000 	 0.6277 	 0.0010 	 0.1974 	 1.3382 	 0.0062 	 0.0000 	 194.4032 	 17.0000 	 0.8276 	 0.8073 	 0.3741 	 4.0000 	 0.4602 	 0.0000 	 0.9805 
23.0000 	 0.3491 	 0.0027 	 1.0000 	 1.0000 	 0.0634 	 0.0000 	 318.6400 	 23.0000 	 0.3520 	 0.1688 	 0.0529 	 4.0000 	 1.8212 	 0.0000 	 0.9322 
20.0000 	 0.0283 	 0.3601 	 0.0013 	 3.6957 	 0.0067 	 0.0000 	 786.0936 	 20.0000 	 0.6852 	 0.6812 	 0.8708 	 9.0000 	 1.5089 	 0.0000 	 0.1617 
22.0000 	 0.7137 	 0.2063 	 0.1202 	 2.6048 	 0.0695 	 0.0000 	 792.5794 	 22.0000 	 0.9644 	 0.1487 	 0.9006 	 6.0000 	 1.9879 	 0.0000 	 0.0929 
14.0000 	 0.5960 	 0.0021 	 0.2627 	 2.1440 	 0.0080 	 0.0000 	 340.5346 	 14.0000 	 0.1227 	 0.3752 	 0.2521 	 3.0000 	 0.5599 	 0.0000 	 0.5208 
21.0000 	 0.9443 	 0.0521 	 0.0781 	 8.3205 	 0.0165 	 0.0000 	 731.3281 	 21.0000 	 0.4685 	 0.7509 	 0.0599 	 9.0000 	 0.3580 	 0.0000 	 0.2155 
18.0000 	 0.3028 	 0.0014 	 0.0768 	 2.1451 	 0.0043 	 0.0000 	 361.2755 	 18.0000 	 0.0793 	 0.4745 	 0.0315 	 15.0000 	 2.2580 	 0.0000 	 0.7128 
14.0000 	 0.0312 	 0.6216 	 0.0121 	 2.0011 	 0.0506 	 0.0000 	 794.6649 	 14.0000 	 0.3123 	 0.6376 	 0.9095 	 2.0000 	 0.1444 	 0.0000 	 0.1411 
20.0000 	 0.3333 	 0.0025 	 0.1141 	 1.0606 	 0.0059 	 0.0000 	 363.5513 	 20.0000 	 0.9151 	 0.4688 	 0.1891 	 11.0000 	 2.8837 	 0.0000 	 0.1973 
15.0000 	 0.3440 	 0.0014 	 0.9947 	 1.6670 	 0.0535 	 0.0000 	 236.9939 	 15.0000 	 0.2234 	 0.5581 	 0.9015 	 8.0000 	 2.2256 	 0.0000 	 0.8654 
25.0000 	 0.0356 	 0.0144 	 0.0087 	 1.0000 	 0.0031 	 0.0000 	 618.5922 	 25.0000 	 0.6207 	 0.7908 	 0.7839 	 5.0000 	 2.1275 	 0.0000 	 0.5652 
18.0000 	 0.3635 	 0.0016 	 0.0245 	 4.6606 	 0.0041 	 0.0000 	 761.5112 	 18.0000 	 0.9920 	 0.1737 	 0.2945 	 6.0000 	 0.9276 	 0.0000 	 0.0968 
15.0000 	 0.3016 	 0.0028 	 0.0715 	 1.3321 	 0.0043 	 0.0000 	 356.7935 	 15.0000 	 0.2006 	 0.6298 	 0.1649 	 13.0000 	 0.1549 	 0.0000 	 0.6861 
26.0000 	 0.0557 	 0.0010 	 0.2397 	 6.8320 	 0.0265 	 0.0000 	 472.6252 	 26.0000 	 0.6950 	 0.8424 	 0.8454 	 15.0000 	 2.0670 	 0.0000 	 0.9872 
14.0000 	 0.0640 	 0.0129 	 0.0945 	 1.1887 	 0.0212 	 0.0000 	 624.6338 	 14.0000 	 0.9893 	 0.7203 	 0.8617 	 5.0000 	 2.6352 	 0.0000 	 2.7846 
20.0000 	 0.2228 	 0.0010 	 0.1971 	 3.2508 	 0.0115 	 0.0000 	 347.6729 	 20.0000 	 0.7175 	 0.4007 	 0.9109 	 1.0000 	 2.2676 	 0.0000 	 0.9358 
11.0000 	 0.0863 	 0.0733 	 0.0049 	 8.0764 	 0.0079 	 0.0000 	 786.7147 	 11.0000 	 0.9419 	 0.2641 	 0.8861 	 7.0000 	 1.4351 	 0.0000 	 0.1797 
16.0000 	 0.4800 	 0.0013 	 0.0935 	 3.0513 	 0.0059 	 0.0000 	 331.3195 	 16.0000 	 0.8000 	 0.1333 	 0.5029 	 14.0000 	 0.2747 	 0.0000 	 0.7187 
26.0000 	 0.9538 	 0.2238 	 0.0422 	 1.5091 	 0.0061 	 0.0000 	 752.2713 	 26.0000 	 0.0010 	 0.8869 	 0.7139 	 13.0000 	 1.9997 	 0.0000 	 0.1645 
14.0000 	 0.2171 	 0.0261 	 0.0244 	 16.9146 	 0.0286 	 0.0000 	 787.1892 	 14.0000 	 0.4351 	 0.8315 	 0.0244 	 1.0000 	 0.9460 	 0.0000 	 0.2830 
15.0000 	 0.3557 	 0.0041 	 0.0799 	 1.0214 	 0.0024 	 0.0000 	 453.9820 	 15.0000 	 0.7860 	 0.8640 	 0.4523 	 2.0000 	 2.0775 	 0.0000 	 0.2096 
20.0000 	 0.5589 	 0.0010 	 0.0272 	 1.0213 	 0.0010 	 0.0000 	 219.4339 	 20.0000 	 0.5028 	 0.7534 	 0.7201 	 12.0000 	 1.1131 	 0.0000 	 0.9259 
13.0000 	 0.0365 	 0.0032 	 0.0057 	 7.8853 	 0.0019 	 0.0000 	 640.8875 	 13.0000 	 0.8745 	 0.8353 	 0.5938 	 14.0000 	 2.6929 	 0.0000 	 0.7037 
20.0000 	 0.0465 	 0.1985 	 0.0010 	 5.6087 	 0.0039 	 0.0000 	 784.8049 	 20.0000 	 0.8444 	 0.1291 	 0.9370 	 4.0000 	 0.0735 	 0.0000 	 0.1355 
9.0000 	 0.4093 	 0.0052 	 0.5602 	 1.2092 	 0.0259 	 0.0000 	 397.9195 	 9.0000 	 0.0218 	 0.6387 	 0.1157 	 11.0000 	 0.3078 	 0.0000 	 0.0892 
13.0000 	 0.1654 	 0.3226 	 0.0185 	 1.0169 	 0.0223 	 0.0000 	 788.0272 	 13.0000 	 0.0828 	 0.1351 	 0.7950 	 5.0000 	 1.6786 	 0.0000 	 0.4766 
16.0000 	 0.1986 	 0.0058 	 0.1181 	 1.0000 	 0.0085 	 0.0000 	 341.0248 	 16.0000 	 0.2293 	 0.1951 	 0.3244 	 15.0000 	 2.0757 	 0.0000 	 0.8673 
20.0000 	 0.4229 	 0.0010 	 0.0922 	 2.3483 	 0.0040 	 0.0000 	 328.7300 	 20.0000 	 0.9467 	 0.0409 	 0.7235 	 4.0000 	 0.5971 	 0.0000 	 1.0003 
11.0000 	 0.0417 	 0.1414 	 0.0021 	 2.0766 	 0.0038 	 0.0000 	 783.2636 	 11.0000 	 0.8068 	 0.3076 	 0.1133 	 4.0000 	 1.7429 	 0.0000 	 0.2742 
15.0000 	 0.0691 	 0.2666 	 0.0010 	 1.8053 	 0.0022 	 0.0000 	 784.1578 	 15.0000 	 0.1803 	 0.5041 	 0.9340 	 15.0000 	 1.7120 	 0.0000 	 0.1621 
13.0000 	 0.4921 	 0.0010 	 0.0160 	 2.3879 	 0.0010 	 0.0000 	 247.9230 	 13.0000 	 0.0660 	 0.2148 	 0.8630 	 12.0000 	 0.3335 	 0.0000 	 1.0301 
9.0000 	 0.2867 	 0.0045 	 0.8881 	 1.1614 	 0.0413 	 0.0000 	 206.9956 	 9.0000 	 0.9794 	 0.6376 	 0.6377 	 12.0000 	 0.9107 	 0.0000 	 0.9867 
18.0000 	 0.2857 	 0.0013 	 0.3970 	 1.1787 	 0.0172 	 0.0000 	 216.8566 	 18.0000 	 0.0520 	 0.7486 	 0.9226 	 9.0000 	 2.0525 	 0.0000 	 0.9869 
11.0000 	 0.9287 	 0.8449 	 0.0646 	 1.6649 	 0.0113 	 0.0000 	 636.7396 	 11.0000 	 0.0463 	 0.1481 	 0.1369 	 14.0000 	 2.8203 	 0.0000 	 0.4172 
24.0000 	 0.3048 	 0.0010 	 0.2957 	 2.5097 	 0.0147 	 0.0000 	 361.3771 	 24.0000 	 0.7262 	 0.9073 	 0.2982 	 15.0000 	 2.7294 	 0.0000 	 0.2323 
17.0000 	 0.9475 	 0.0300 	 0.0414 	 2.0969 	 0.0027 	 0.0000 	 698.8016 	 17.0000 	 0.5108 	 0.1447 	 0.8271 	 10.0000 	 2.5542 	 0.0000 	 0.5341 
11.0000 	 0.9334 	 0.0508 	 0.1007 	 29.7451 	 0.0175 	 0.0000 	 623.7688 	 11.0000 	 0.4152 	 0.5989 	 0.5017 	 6.0000 	 1.1866 	 0.0000 	 0.7982 
25.0000 	 0.0427 	 0.0026 	 0.3750 	 3.4595 	 0.0650 	 0.0000 	 538.8856 	 25.0000 	 0.7088 	 0.7532 	 0.2685 	 9.0000 	 0.6666 	 0.0000 	 0.9803 
9.0000 	 0.4260 	 0.0052 	 0.0308 	 1.0163 	 0.0010 	 0.0000 	 292.3408 	 9.0000 	 0.8524 	 0.4649 	 0.2977 	 7.0000 	 1.1116 	 0.0000 	 0.6953 
21.0000 	 0.0489 	 0.0119 	 0.0020 	 6.1606 	 0.0025 	 0.0000 	 776.0186 	 21.0000 	 0.7710 	 0.4565 	 0.1405 	 1.0000 	 2.3027 	 0.0000 	 0.4380 
24.0000 	 0.6831 	 0.0012 	 0.1675 	 1.0047 	 0.0054 	 0.0000 	 215.1458 	 24.0000 	 0.0674 	 0.9227 	 0.6696 	 3.0000 	 0.6309 	 0.0000 	 0.9850 
6.0000 	 0.1297 	 0.0567 	 0.0848 	 4.4119 	 0.0655 	 0.0000 	 787.1542 	 6.0000 	 0.9588 	 0.5965 	 0.0655 	 15.0000 	 2.3575 	 0.0000 	 0.6415 
11.0000 	 0.9269 	 0.4706 	 0.7984 	 17.3656 	 0.2240 	 0.0000 	 648.6816 	 11.0000 	 0.6621 	 0.1451 	 0.9610 	 9.0000 	 1.2454 	 0.0000 	 0.5598 
10.0000 	 0.8525 	 0.1034 	 0.0187 	 14.2602 	 0.0026 	 0.0000 	 707.9953 	 10.0000 	 0.7759 	 0.6773 	 0.9459 	 5.0000 	 2.1591 	 0.0000 	 0.1943 
10.0000 	 0.0674 	 0.1583 	 0.0093 	 2.6357 	 0.0160 	 0.0000 	 786.8152 	 10.0000 	 0.0818 	 0.9507 	 0.5099 	 15.0000 	 2.5438 	 0.0000 	 0.2123 
10.0000 	 0.0579 	 0.2756 	 0.0014 	 2.0282 	 0.0027 	 0.0000 	 785.3914 	 10.0000 	 0.5088 	 0.3443 	 0.0809 	 4.0000 	 2.8111 	 0.0000 	 0.1941 
8.0000 	 0.8937 	 0.5182 	 0.7856 	 21.8825 	 0.1870 	 0.0000 	 457.0642 	 8.0000 	 0.8999 	 0.2021 	 0.7831 	 3.0000 	 0.2400 	 0.0000 	 0.9125 
14.0000 	 0.0200 	 0.0305 	 0.0010 	 2.6145 	 0.0010 	 0.0000 	 740.3400 	 14.0000 	 0.3719 	 0.3941 	 0.0803 	 12.0000 	 0.5698 	 0.0000 	 0.1694 
6.0000 	 0.2581 	 0.0013 	 0.0110 	 5.2740 	 0.0010 	 0.0000 	 508.8351 	 6.0000 	 0.2080 	 0.4485 	 0.4032 	 11.0000 	 1.5981 	 0.0000 	 0.1050 
16.0000 	 0.3773 	 0.0035 	 0.0211 	 1.0000 	 0.0014 	 0.0000 	 282.5368 	 16.0000 	 0.6477 	 0.2709 	 0.1993 	 3.0000 	 0.8353 	 0.0000 	 0.9576 
8.0000 	 0.1749 	 0.0458 	 0.0715 	 8.3281 	 0.0637 	 0.0000 	 788.8077 	 8.0000 	 0.6072 	 0.9734 	 0.0688 	 8.0000 	 0.3879 	 0.0000 	 0.0934 
5.0000 	 0.1098 	 0.0191 	 0.3106 	 1.0000 	 0.0312 	 0.0000 	 471.8268 	 5.0000 	 0.1947 	 0.9876 	 0.4829 	 4.0000 	 0.9922 	 0.0000 	 0.1498 
7.0000 	 0.8920 	 0.0973 	 0.1363 	 13.0922 	 0.0259 	 0.0000 	 613.8874 	 7.0000 	 0.2792 	 0.3024 	 0.9805 	 15.0000 	 2.7540 	 0.0000 	 0.7190 
16.0000 	 0.2936 	 0.0010 	 1.0000 	 3.4453 	 0.0501 	 0.0000 	 362.5358 	 16.0000 	 0.3975 	 0.9583 	 0.9546 	 11.0000 	 1.5701 	 0.0000 	 0.1120 
8.0000 	 0.8872 	 1.0000 	 0.5311 	 21.1609 	 0.0942 	 0.0000 	 618.7015 	 8.0000 	 0.8787 	 0.7631 	 0.4809 	 13.0000 	 0.1453 	 0.0000 	 0.4641 
3.0000 	 0.1964 	 0.0030 	 1.0000 	 10.8855 	 0.0635 	 0.0000 	 284.2919 	 3.0000 	 0.1752 	 0.4358 	 0.5782 	 13.0000 	 2.2634 	 0.0000 	 0.9722 
17.0000 	 0.3297 	 0.0014 	 0.9114 	 2.1347 	 0.0406 	 0.0000 	 247.5352 	 17.0000 	 0.4929 	 0.2108 	 0.1792 	 2.0000 	 1.8203 	 0.0000 	 0.7042 
19.0000 	 0.4390 	 0.0013 	 0.3423 	 2.2840 	 0.0122 	 0.0000 	 327.4274 	 19.0000 	 0.8130 	 0.4240 	 0.7326 	 13.0000 	 0.8879 	 0.0000 	 0.5540 
23.0000 	 0.2612 	 0.2566 	 0.0185 	 1.3655 	 0.0240 	 0.0000 	 787.4682 	 23.0000 	 0.8976 	 0.7838 	 0.5309 	 9.0000 	 0.9267 	 0.0000 	 0.2451 
4.0000 	 0.3177 	 0.0026 	 0.1954 	 4.8108 	 0.0115 	 0.0000 	 257.3562 	 4.0000 	 0.5960 	 0.8169 	 0.9266 	 12.0000 	 0.8277 	 0.0000 	 0.9712 
2.0000 	 0.4958 	 0.9068 	 0.4462 	 8.3308 	 0.1111 	 0.0000 	 498.4111 	 2.0000 	 0.5691 	 0.9802 	 0.4496 	 13.0000 	 2.8957 	 0.0000 	 0.6926 
16.0000 	 0.6831 	 0.0672 	 0.0031 	 1.7170 	 0.0010 	 0.0000 	 797.2535 	 16.0000 	 0.3270 	 0.1108 	 0.9859 	 6.0000 	 2.1555 	 0.0000 	 1.0859 
23.0000 	 0.0147 	 0.0214 	 0.0013 	 6.0956 	 0.0033 	 0.0000 	 795.5562 	 23.0000 	 0.4685 	 0.2747 	 0.7733 	 3.0000 	 1.8769 	 0.0000 	 0.3128 
7.0000 	 0.0897 	 0.0596 	 1.0000 	 5.2862 	 1.5383 	 0.0000 	 744.4679 	 7.0000 	 0.6384 	 0.6875 	 0.2279 	 1.0000 	 1.0081 	 0.0000 	 0.1187 
7.0000 	 0.0185 	 0.0238 	 0.3244 	 2.8064 	 0.1676 	 0.0000 	 535.5889 	 7.0000 	 0.7222 	 0.3891 	 0.0850 	 15.0000 	 1.8362 	 0.0000 	 0.9821 
13.0000 	 0.5145 	 0.1154 	 0.0937 	 8.5352 	 0.1032 	 0.0000 	 788.6522 	 13.0000 	 0.6921 	 0.3913 	 0.1073 	 12.0000 	 0.6346 	 0.0000 	 0.6060 
4.0000 	 0.0607 	 0.1596 	 0.0505 	 10.3657 	 0.0938 	 0.0000 	 790.4707 	 4.0000 	 0.6719 	 0.5736 	 0.5083 	 8.0000 	 2.9669 	 0.0000 	 0.3790 
12.0000 	 0.0600 	 0.0151 	 0.0280 	 1.0000 	 0.0047 	 0.0000 	 520.0414 	 12.0000 	 0.8704 	 0.9963 	 0.9172 	 15.0000 	 2.1649 	 0.0000 	 1.0072 
15.0000 	 0.0531 	 0.0222 	 0.0161 	 1.3849 	 0.0073 	 0.0000 	 716.7967 	 15.0000 	 0.6481 	 0.5170 	 0.8554 	 6.0000 	 0.6173 	 0.0000 	 0.4027 
15.0000 	 0.9285 	 0.7018 	 0.8505 	 9.9952 	 0.1795 	 0.0000 	 722.8580 	 15.0000 	 0.9414 	 0.9459 	 0.7698 	 1.0000 	 0.6002 	 0.0000 	 0.1518 
15.0000 	 0.0606 	 0.0010 	 0.0629 	 10.5800 	 0.0109 	 0.0000 	 555.0234 	 15.0000 	 0.8202 	 0.2416 	 0.0397 	 4.0000 	 0.1611 	 0.0000 	 0.7079 
9.0000 	 0.1042 	 0.2004 	 0.0258 	 3.9620 	 0.0421 	 0.0000 	 790.7137 	 9.0000 	 0.3202 	 0.1127 	 0.3742 	 2.0000 	 1.9278 	 0.0000 	 0.1751 
12.0000 	 0.9191 	 1.0000 	 0.0028 	 20.6295 	 0.0010 	 0.0000 	 720.4532 	 12.0000 	 0.5894 	 0.3086 	 0.1395 	 6.0000 	 1.4984 	 0.0000 	 0.9894 
9.0000 	 0.1445 	 0.1645 	 0.0451 	 1.7630 	 0.0444 	 0.0000 	 788.8091 	 9.0000 	 0.4370 	 0.8612 	 0.7878 	 14.0000 	 0.1848 	 0.0000 	 0.2655 
12.0000 	 0.0392 	 0.0183 	 0.3280 	 1.1455 	 0.0565 	 0.0000 	 446.7714 	 12.0000 	 0.3499 	 0.2378 	 0.7914 	 1.0000 	 0.6515 	 0.0000 	 1.0217 
21.0000 	 0.1335 	 0.3751 	 0.0019 	 1.1853 	 0.0035 	 0.0000 	 784.4058 	 21.0000 	 0.5985 	 0.5411 	 0.0644 	 13.0000 	 0.6149 	 0.0000 	 0.1784 
13.0000 	 0.3763 	 0.0024 	 0.5064 	 1.2780 	 0.0225 	 0.0000 	 335.0851 	 13.0000 	 0.9812 	 0.5404 	 0.5150 	 14.0000 	 0.7089 	 0.0000 	 0.4396 
9.0000 	 0.5903 	 0.0011 	 0.0442 	 6.2213 	 0.0013 	 0.0000 	 202.9059 	 9.0000 	 0.0493 	 0.3678 	 0.0228 	 3.0000 	 0.4486 	 0.0000 	 0.9936 
12.0000 	 0.2718 	 0.0022 	 0.7811 	 1.7958 	 0.0420 	 0.0000 	 301.1436 	 12.0000 	 0.5021 	 0.2929 	 0.8014 	 8.0000 	 1.2659 	 0.0000 	 0.4089 
6.0000 	 0.2215 	 0.0017 	 0.3480 	 7.5803 	 0.0207 	 0.0000 	 346.3410 	 6.0000 	 0.3810 	 0.5080 	 0.4094 	 1.0000 	 2.9901 	 0.0000 	 0.8031 
12.0000 	 0.3515 	 0.0010 	 0.1737 	 4.6483 	 0.0045 	 0.0000 	 431.0190 	 12.0000 	 0.3681 	 0.5143 	 0.9234 	 13.0000 	 1.8949 	 0.0000 	 0.0977 
12.0000 	 0.9196 	 0.0941 	 0.1798 	 16.9549 	 0.0355 	 0.0000 	 659.7084 	 12.0000 	 0.8455 	 0.7157 	 0.8378 	 1.0000 	 2.4852 	 0.0000 	 0.5425 
5.0000 	 0.2092 	 0.0012 	 0.0305 	 12.4643 	 0.0020 	 0.0000 	 313.3265 	 5.0000 	 0.5382 	 0.9110 	 0.1146 	 9.0000 	 1.6594 	 0.0000 	 0.9137 
9.0000 	 0.3677 	 0.0038 	 0.2644 	 1.0117 	 0.0173 	 0.0000 	 365.8747 	 9.0000 	 0.4344 	 0.8122 	 0.9645 	 11.0000 	 1.9107 	 0.0000 	 0.6191 
3.0000 	 0.1798 	 0.0012 	 0.0164 	 26.1372 	 0.0018 	 0.0000 	 435.8329 	 3.0000 	 0.5929 	 0.1325 	 0.2099 	 5.0000 	 2.3283 	 0.0000 	 0.7270 
2.0000 	 0.3377 	 0.0179 	 0.0522 	 1.7765 	 0.0023 	 0.0000 	 372.7301 	 2.0000 	 0.9433 	 0.6485 	 0.9939 	 13.0000 	 2.5928 	 0.0000 	 6.5731 
7.0000 	 0.9068 	 0.0367 	 0.0222 	 27.7778 	 0.0022 	 0.0000 	 554.1127 	 7.0000 	 0.3788 	 0.0650 	 0.8241 	 10.0000 	 2.6817 	 0.0000 	 0.8597 
10.0000 	 0.4794 	 0.8223 	 0.4698 	 1.0000 	 0.8022 	 0.0000 	 787.6893 	 10.0000 	 0.4799 	 0.8229 	 0.4698 	 1.0000 	 0.8009 	 0.0000 	 0.2636 
10.0000 	 0.3544 	 0.0023 	 0.2728 	 1.1675 	 0.0125 	 0.0000 	 201.4217 	 10.0000 	 0.3246 	 0.9959 	 0.0698 	 14.0000 	 2.5701 	 0.0000 	 0.7982 
5.0000 	 0.1215 	 0.0394 	 0.9874 	 1.0000 	 0.2442 	 0.0000 	 645.9530 	 5.0000 	 0.5558 	 0.3823 	 0.5114 	 13.0000 	 0.6555 	 0.0000 	 0.9176 
9.0000 	 0.5472 	 0.0011 	 0.3688 	 4.8077 	 0.0101 	 0.0000 	 203.1519 	 9.0000 	 0.0532 	 0.6468 	 0.8556 	 11.0000 	 2.6670 	 0.0000 	 0.9802 
3.0000 	 0.1037 	 0.0149 	 0.8977 	 3.4113 	 0.1376 	 0.0000 	 515.6453 	 3.0000 	 0.2640 	 0.0168 	 0.9221 	 2.0000 	 2.0681 	 0.0000 	 0.4038 
12.0000 	 0.3969 	 0.2464 	 1.0000 	 2.0926 	 2.9952 	 0.0000 	 663.1173 	 12.0000 	 0.6344 	 0.3614 	 0.3209 	 4.0000 	 0.4870 	 0.0000 	 4.2314 
8.0000 	 0.5383 	 0.0021 	 0.0196 	 1.4776 	 0.0010 	 0.0000 	 384.0127 	 8.0000 	 0.4204 	 0.0116 	 0.1448 	 11.0000 	 1.1205 	 0.0000 	 0.9052 
16.0000 	 0.6897 	 0.0031 	 0.3339 	 1.0000 	 0.0072 	 0.0000 	 290.4130 	 16.0000 	 0.2703 	 0.9418 	 0.4655 	 9.0000 	 0.2842 	 0.0000 	 0.8301 
7.0000 	 0.0497 	 0.0953 	 0.0067 	 8.5662 	 0.0120 	 0.0000 	 788.9560 	 7.0000 	 0.8332 	 0.8138 	 0.3689 	 11.0000 	 2.8321 	 0.0000 	 0.1731 
19.0000 	 0.9211 	 0.9997 	 0.0038 	 1.0009 	 0.0010 	 0.0000 	 726.2142 	 19.0000 	 0.2345 	 0.7951 	 0.2498 	 15.0000 	 1.9544 	 0.0000 	 3.2844 
2.0000 	 0.2974 	 0.0020 	 0.1081 	 14.5844 	 0.0066 	 0.0000 	 269.9454 	 2.0000 	 0.5242 	 0.2788 	 0.0188 	 2.0000 	 2.2665 	 0.0000 	 0.9554 
19.0000 	 0.1324 	 0.2051 	 0.0053 	 2.4510 	 0.0089 	 0.0000 	 786.6578 	 19.0000 	 0.5892 	 0.8179 	 0.3550 	 8.0000 	 2.2568 	 0.0000 	 0.1764 
14.0000 	 0.9379 	 0.2612 	 0.1721 	 12.2851 	 0.0432 	 0.0000 	 688.5561 	 14.0000 	 0.0906 	 0.7594 	 0.4884 	 10.0000 	 1.0200 	 0.0000 	 0.4509 
17.0000 	 0.9335 	 0.1835 	 0.1798 	 4.1977 	 0.0351 	 0.0000 	 730.8642 	 17.0000 	 0.8527 	 0.2101 	 0.5351 	 12.0000 	 0.1779 	 0.0000 	 1.5400 
17.0000 	 0.3198 	 0.0472 	 0.0365 	 6.9318 	 0.0291 	 0.0000 	 790.8142 	 17.0000 	 0.1133 	 0.5030 	 0.9745 	 5.0000 	 0.4975 	 0.0000 	 0.2835 
17.0000 	 0.1321 	 0.1401 	 0.0144 	 2.1081 	 0.0206 	 0.0000 	 785.7679 	 17.0000 	 0.8568 	 0.6185 	 0.0096 	 8.0000 	 0.6861 	 0.0000 	 0.4184 
13.0000 	 0.4169 	 0.0016 	 0.1286 	 1.6986 	 0.0060 	 0.0000 	 179.4994 	 13.0000 	 0.4810 	 0.8720 	 0.2721 	 9.0000 	 1.1517 	 0.0000 	 1.0120 
7.0000 	 0.7555 	 0.3322 	 0.0307 	 2.0577 	 0.0064 	 0.0000 	 730.0356 	 7.0000 	 0.0305 	 0.1365 	 0.1749 	 9.0000 	 1.4687 	 0.0000 	 3.4378 
13.0000 	 0.4676 	 0.0020 	 0.5459 	 1.9867 	 0.0146 	 0.0000 	 234.4535 	 13.0000 	 0.7992 	 0.2975 	 0.6779 	 1.0000 	 0.6911 	 0.0000 	 0.6942 
5.0000 	 0.3335 	 0.0084 	 0.0276 	 1.3126 	 0.0010 	 0.0000 	 298.5729 	 5.0000 	 0.5751 	 0.1727 	 0.7974 	 1.0000 	 0.5626 	 0.0000 	 0.4180 
16.0000 	 0.1385 	 0.0052 	 0.1677 	 1.0000 	 0.0132 	 0.0000 	 462.1707 	 16.0000 	 0.1236 	 0.1249 	 0.3149 	 2.0000 	 1.9319 	 0.0000 	 0.4099 
3.0000 	 0.0221 	 0.3460 	 0.0010 	 1.0000 	 0.0010 	 0.0000 	 746.6165 	 3.0000 	 0.4651 	 0.5615 	 0.3374 	 1.0000 	 1.5622 	 0.0000 	 1.9846 
2.0000 	 0.2793 	 0.0043 	 0.0878 	 9.8778 	 0.0055 	 0.0000 	 394.2707 	 2.0000 	 0.1220 	 0.9900 	 0.0510 	 3.0000 	 2.6009 	 0.0000 	 0.0950 
12.0000 	 0.3741 	 0.0014 	 0.6004 	 2.4551 	 0.0227 	 0.0000 	 331.6826 	 12.0000 	 0.8787 	 0.7369 	 0.4663 	 3.0000 	 0.9431 	 0.0000 	 0.3707 
11.0000 	 0.0227 	 0.0085 	 0.0235 	 10.4194 	 0.0209 	 0.0000 	 744.8099 	 11.0000 	 0.1017 	 0.6917 	 0.8166 	 4.0000 	 1.0458 	 0.0000 	 3.0293 
17.0000 	 0.3357 	 0.0016 	 0.1525 	 1.5499 	 0.0064 	 0.0000 	 206.8882 	 17.0000 	 0.0742 	 0.5247 	 0.0647 	 1.0000 	 1.5237 	 0.0000 	 0.9956 
16.0000 	 0.0977 	 0.0240 	 0.0028 	 6.7295 	 0.0031 	 0.0000 	 784.6440 	 16.0000 	 0.9717 	 0.7260 	 0.0738 	 3.0000 	 0.5200 	 0.0000 	 0.3551 
15.0000 	 0.2061 	 0.2605 	 0.0343 	 1.3245 	 0.0395 	 0.0000 	 788.9456 	 15.0000 	 0.7133 	 0.4341 	 0.2124 	 10.0000 	 2.3893 	 0.0000 	 0.2323 
10.0000 	 0.1353 	 0.1320 	 0.0870 	 1.8114 	 0.0919 	 0.0000 	 786.1822 	 10.0000 	 0.7297 	 0.3840 	 0.3646 	 3.0000 	 2.0402 	 0.0000 	 0.1392 
15.0000 	 0.3969 	 0.0039 	 0.0502 	 1.0000 	 0.0035 	 0.0000 	 356.6540 	 15.0000 	 0.2681 	 0.2679 	 0.8602 	 7.0000 	 1.7230 	 0.0000 	 0.9938 
8.0000 	 0.9038 	 0.0554 	 0.1443 	 5.0588 	 0.0198 	 0.0000 	 680.7654 	 8.0000 	 0.2654 	 0.3618 	 0.5851 	 2.0000 	 1.3361 	 0.0000 	 0.1163 
14.0000 	 0.0292 	 0.0079 	 0.0131 	 4.1656 	 0.0065 	 0.0000 	 677.3917 	 14.0000 	 0.4824 	 0.1618 	 0.0254 	 9.0000 	 0.9450 	 0.0000 	 1.0216 
13.0000 	 0.8064 	 0.0040 	 0.4839 	 3.3072 	 0.0091 	 0.0000 	 615.6787 	 13.0000 	 0.1784 	 0.4017 	 0.4321 	 12.0000 	 1.7878 	 0.0000 	 0.1156 
6.0000 	 0.8512 	 0.7911 	 0.7851 	 1.0596 	 0.2367 	 0.0000 	 611.2195 	 6.0000 	 0.3807 	 0.2467 	 0.4662 	 8.0000 	 0.2262 	 0.0000 	 0.8097 
11.0000 	 0.9316 	 0.8592 	 0.7817 	 2.5808 	 0.1501 	 0.0000 	 675.0079 	 11.0000 	 0.9319 	 0.8598 	 0.7828 	 10.0000 	 1.2604 	 0.0000 	 0.5489 
6.0000 	 0.0209 	 0.0211 	 0.0103 	 11.5196 	 0.0123 	 0.0000 	 773.3194 	 6.0000 	 0.7357 	 0.3275 	 0.4833 	 12.0000 	 1.5960 	 0.0000 	 1.4791 
13.0000 	 0.0653 	 0.0408 	 0.0010 	 5.9613 	 0.0014 	 0.0000 	 784.5512 	 13.0000 	 0.3747 	 0.2127 	 0.2888 	 7.0000 	 1.4274 	 0.0000 	 0.1990 
13.0000 	 0.1083 	 0.0010 	 0.1356 	 9.9557 	 0.0159 	 0.0000 	 349.7460 	 13.0000 	 0.2546 	 0.2467 	 0.9065 	 11.0000 	 1.2332 	 0.0000 	 0.9937 
3.0000 	 0.3045 	 0.0030 	 0.0461 	 7.1556 	 0.0022 	 0.0000 	 345.5408 	 3.0000 	 0.3974 	 0.6476 	 0.8183 	 15.0000 	 1.9286 	 0.0000 	 0.5524 
1.0000 	 0.2676 	 0.2128 	 0.0140 	 20.6995 	 0.0041 	 0.0000 	 433.2924 	 1.0000 	 0.6363 	 0.6280 	 0.5023 	 1.0000 	 2.9409 	 0.0000 	 0.9245 
1.0000 	 0.1225 	 0.7457 	 0.0050 	 15.5556 	 0.0010 	 0.0000 	 341.1457 	 1.0000 	 0.1170 	 0.6720 	 0.3844 	 1.0000 	 0.6218 	 0.0000 	 1.0170 
11.0000 	 0.1360 	 0.0087 	 0.0568 	 1.0000 	 0.0041 	 0.0000 	 447.9246 	 11.0000 	 0.1313 	 0.3322 	 0.2996 	 9.0000 	 2.2961 	 0.0000 	 0.7089 
11.0000 	 0.2164 	 0.0025 	 0.5795 	 1.8813 	 0.0274 	 0.0000 	 401.9941 	 11.0000 	 0.0501 	 0.4078 	 0.2580 	 7.0000 	 2.5412 	 0.0000 	 6.5647 
10.0000 	 0.0309 	 0.0366 	 0.0390 	 1.0023 	 0.0139 	 0.0000 	 681.0993 	 10.0000 	 0.6242 	 0.4332 	 0.0917 	 11.0000 	 2.0117 	 0.0000 	 3.5869 
10.0000 	 0.0245 	 0.0577 	 0.0010 	 1.8029 	 0.0011 	 0.0000 	 766.0114 	 10.0000 	 0.4375 	 0.6544 	 0.8959 	 6.0000 	 0.0925 	 0.0000 	 0.2441 
8.0000 	 0.0486 	 0.0083 	 0.9411 	 5.8896 	 0.4107 	 0.0000 	 717.4953 	 8.0000 	 0.9061 	 0.5119 	 0.2810 	 11.0000 	 2.3651 	 0.0000 	 0.3608 
10.0000 	 0.4005 	 0.1663 	 0.0195 	 1.0014 	 0.0055 	 0.0000 	 794.8280 	 10.0000 	 0.0541 	 0.7885 	 0.9547 	 12.0000 	 2.2928 	 0.0000 	 0.5455 
6.0000 	 0.8500 	 0.7175 	 0.0288 	 32.4765 	 0.0028 	 0.0000 	 513.1188 	 6.0000 	 0.5026 	 0.6338 	 0.0874 	 6.0000 	 0.3020 	 0.0000 	 0.9826 
8.0000 	 0.0299 	 0.0012 	 0.0220 	 34.0626 	 0.0071 	 0.0000 	 546.0370 	 8.0000 	 0.4980 	 0.3865 	 0.1057 	 10.0000 	 1.7886 	 0.0000 	 0.9711 
8.0000 	 0.5472 	 0.0063 	 0.1234 	 1.6017 	 0.0031 	 0.0000 	 265.7253 	 8.0000 	 0.3161 	 0.4118 	 0.1144 	 3.0000 	 2.1649 	 0.0000 	 0.9472 
5.0000 	 0.6635 	 0.0047 	 0.4440 	 3.2409 	 0.0140 	 0.0000 	 452.3284 	 5.0000 	 0.7923 	 0.8002 	 0.1259 	 3.0000 	 0.7680 	 0.0000 	 0.0975 
6.0000 	 0.8688 	 0.4217 	 0.0851 	 1.4185 	 0.0129 	 0.0000 	 551.6528 	 6.0000 	 0.1890 	 0.6155 	 0.9808 	 7.0000 	 1.9528 	 0.0000 	 0.6997 
4.0000 	 0.5847 	 0.0018 	 0.1135 	 3.3634 	 0.0028 	 0.0000 	 229.4480 	 4.0000 	 0.3593 	 0.6168 	 0.5937 	 1.0000 	 2.1390 	 0.0000 	 0.9049 
6.0000 	 0.3833 	 0.0014 	 0.0321 	 6.1002 	 0.0013 	 0.0000 	 269.7180 	 6.0000 	 0.8059 	 0.0949 	 0.7690 	 5.0000 	 1.6207 	 0.0000 	 0.6588 
1.0000 	 0.2152 	 0.0228 	 0.0231 	 7.2602 	 0.0023 	 0.0000 	 353.9460 	 1.0000 	 0.5622 	 0.3497 	 0.3076 	 8.0000 	 1.3003 	 0.0000 	 0.9817 
5.0000 	 0.4907 	 0.0077 	 0.1978 	 1.0000 	 0.0060 	 0.0000 	 275.6746 	 5.0000 	 0.7545 	 0.7158 	 0.0096 	 13.0000 	 2.8645 	 0.0000 	 0.7699 
6.0000 	 0.4189 	 0.2032 	 1.0000 	 7.2455 	 2.3177 	 0.0000 	 683.8652 	 6.0000 	 0.4387 	 0.2718 	 0.9550 	 3.0000 	 2.9709 	 0.0000 	 0.5907 
4.0000 	 0.6752 	 0.0771 	 0.0514 	 9.3552 	 0.0055 	 0.0000 	 492.9850 	 4.0000 	 0.2907 	 0.9540 	 0.4308 	 7.0000 	 2.2074 	 0.0000 	 0.5459 
3.0000 	 0.2541 	 0.0137 	 0.7141 	 1.2944 	 0.0336 	 0.0000 	 306.3650 	 3.0000 	 0.7938 	 0.3635 	 0.0478 	 1.0000 	 2.9755 	 0.0000 	 0.5902 
1.0000 	 0.0900 	 0.3980 	 0.0037 	 9.3884 	 0.0010 	 0.0000 	 507.0171 	 1.0000 	 0.0121 	 0.7808 	 0.4372 	 6.0000 	 1.2392 	 0.0000 	 1.0007 
1.0000 	 0.1971 	 0.3305 	 0.9950 	 6.9850 	 0.3385 	 0.0000 	 323.9106 	 1.0000 	 0.9967 	 0.1356 	 0.0013 	 11.0000 	 2.2148 	 0.0000 	 0.9912 
1.0000 	 0.0885 	 1.0000 	 1.0000 	 12.0597 	 0.1802 	 0.0000 	 445.3782 	 1.0000 	 0.7375 	 0.3449 	 0.1678 	 3.0000 	 2.9667 	 0.0000 	 0.6672 
48.0000 	 0.4285 	 0.0010 	 0.0280 	 1.0000 	 0.0010 	 0.0000 	 346.5591 	 48.0000 	 0.3839 	 0.1012 	 0.7167 	 4.0000 	 2.2550 	 0.0000 	 0.1485 
46.0000 	 0.1660 	 0.0010 	 0.0144 	 2.2683 	 0.0016 	 0.0000 	 327.1150 	 46.0000 	 0.0232 	 0.7617 	 0.0185 	 15.0000 	 0.3994 	 0.0000 	 1.0192 
45.0000 	 0.1003 	 0.0010 	 0.0115 	 2.6884 	 0.0014 	 0.0000 	 490.6067 	 45.0000 	 0.5458 	 0.9449 	 0.2143 	 8.0000 	 2.9211 	 0.0000 	 0.5850 
50.0000 	 0.0599 	 0.0075 	 0.2242 	 2.2723 	 0.1482 	 0.0000 	 779.7079 	 50.0000 	 0.5530 	 0.2485 	 0.0362 	 13.0000 	 2.8602 	 0.0000 	 0.3302 
46.0000 	 0.0093 	 0.3611 	 0.0032 	 9.4928 	 0.0405 	 0.0000 	 700.5631 	 46.0000 	 0.4401 	 0.9010 	 0.3324 	 4.0000 	 2.0553 	 0.0000 	 0.9957 
47.0000 	 0.0227 	 1.0000 	 0.0023 	 5.4573 	 0.0590 	 0.0000 	 453.9955 	 47.0000 	 0.0232 	 0.7617 	 0.0185 	 15.0000 	 0.3994 	 0.0000 	 1.0683 
44.0000 	 0.1928 	 0.0010 	 0.5849 	 2.0127 	 0.0312 	 0.0000 	 438.6423 	 44.0000 	 0.2436 	 0.7340 	 0.5776 	 1.0000 	 2.4451 	 0.0000 	 0.4076 
47.0000 	 0.1175 	 0.0994 	 0.0076 	 1.1856 	 0.0128 	 0.0000 	 776.6976 	 47.0000 	 0.6944 	 0.1083 	 0.6410 	 14.0000 	 0.3963 	 0.0000 	 0.2550 
48.0000 	 0.0859 	 0.0067 	 0.0446 	 2.8507 	 0.0301 	 0.0000 	 778.0949 	 48.0000 	 0.8523 	 0.7947 	 0.0150 	 10.0000 	 2.2726 	 0.0000 	 0.6753 
41.0000 	 0.5077 	 0.0018 	 0.0322 	 1.1271 	 0.0015 	 0.0000 	 628.3071 	 41.0000 	 0.7992 	 0.3291 	 0.5677 	 10.0000 	 0.9393 	 0.0000 	 0.1212 
44.0000 	 0.1003 	 0.0267 	 0.0327 	 1.6387 	 0.0292 	 0.0000 	 783.8807 	 44.0000 	 0.1135 	 0.9468 	 0.3182 	 3.0000 	 1.3367 	 0.0000 	 0.2892 
45.0000 	 0.1308 	 0.0644 	 0.0055 	 36.2277 	 0.0266 	 0.0000 	 780.2088 	 45.0000 	 0.6944 	 0.1083 	 0.6410 	 14.0000 	 0.3963 	 0.0000 	 0.3355 
47.0000 	 0.8580 	 0.2915 	 1.0000 	 1.2162 	 2.3027 	 0.0000 	 756.8054 	 47.0000 	 0.9574 	 0.3162 	 0.9862 	 8.0000 	 1.1759 	 0.0000 	 0.3975 
40.0000 	 0.3014 	 0.0010 	 0.0760 	 1.0000 	 0.0042 	 0.0000 	 256.0561 	 40.0000 	 0.6463 	 0.1546 	 0.1478 	 9.0000 	 1.6768 	 0.0000 	 0.9733 
                                                                                                                                                                                                                                                                                                                                                                                                                                                            40.0000 	 0.8574 	 0.0010 	 1.0000 	 2.5429 	 0.0313 	 0.0000 	 568.0269 	 40.0000 	 0.4630 	 0.2006 	 0.3733 	 6.0000 	 2.8177 	 0.0000 	 3.9436 
50.0000 	 0.9682 	 0.6727 	 0.3130 	 2.9431 	 0.2924 	 0.0000 	 777.3927 	 50.0000 	 0.9292 	 0.7840 	 0.3627 	 8.0000 	 2.0420 	 0.0000 	 0.6592 
40.0000 	 0.6230 	 0.0011 	 0.8187 	 1.2841 	 0.0257 	 0.0000 	 281.3186 	 40.0000 	 0.3281 	 0.9093 	 0.1880 	 12.0000 	 2.6273 	 0.0000 	 0.8531 
39.0000 	 0.1524 	 0.0012 	 0.9203 	 2.2994 	 0.1091 	 0.0000 	 359.2707 	 39.0000 	 0.7056 	 0.2185 	 0.6969 	 14.0000 	 2.9317 	 0.0000 	 0.9836 
                                                                                                                                                                                                                                                                                                                                                                                                                                                                                                                                                                                                                                                                                                                                                                                                                                                                                                                                                                                                                                                                              40.0000 	 0.2354 	 0.0011 	 0.3961 	 1.0481 	 0.0210 	 0.0000 	 280.3514 	 40.0000 	 0.8479 	 0.9373 	 0.8839 	 2.0000 	 0.4808 	 0.0000 	 0.7697 
36.0000 	 0.2896 	 0.0012 	 0.0343 	 1.1290 	 0.0016 	 0.0000 	 368.2075 	 36.0000 	 0.5909 	 0.8863 	 0.7540 	 13.0000 	 0.2393 	 0.0000 	 0.1138 
40.0000 	 0.4303 	 0.0011 	 1.0000 	 1.0474 	 0.0540 	 0.0000 	 395.9216 	 40.0000 	 0.7638 	 0.3002 	 0.6540 	 2.0000 	 0.6944 	 0.0000 	 0.2190 
36.0000 	 0.2389 	 0.0015 	 0.0147 	 13.9679 	 0.0036 	 0.0000 	 795.5116 	 36.0000 	 0.2756 	 0.7655 	 0.6082 	 6.0000 	 1.0658 	 0.0000 	 0.5857 
30.0000 	 0.0490 	 0.0038 	 0.5633 	 1.5547 	 0.1015 	 0.0000 	 386.7700 	 30.0000 	 0.3830 	 0.9901 	 0.9078 	 12.0000 	 2.4606 	 0.0000 	 0.9906 
38.0000 	 0.5360 	 0.0010 	 0.3065 	 1.0583 	 0.0120 	 0.0000 	 251.5418 	 38.0000 	 0.0116 	 0.5461 	 0.8711 	 1.0000 	 1.9679 	 0.0000 	 0.5423 
38.0000 	 0.0320 	 0.0044 	 0.0246 	 1.7495 	 0.0056 	 0.0000 	 690.6822 	 38.0000 	 0.0264 	 0.8821 	 0.5789 	 10.0000 	 0.5313 	 0.0000 	 0.1495 
35.0000 	 0.0171 	 0.3375 	 0.0040 	 3.4934 	 0.2721 	 0.0000 	 658.3768 	 35.0000 	 0.9110 	 0.6574 	 0.0739 	 12.0000 	 2.3566 	 0.0000 	 0.9998 
35.0000 	 0.1102 	 0.0039 	 0.0132 	 18.8331 	 0.0155 	 0.0000 	 778.1210 	 35.0000 	 0.7576 	 0.8296 	 0.2018 	 14.0000 	 1.2950 	 0.0000 	 0.4560 
33.0000 	 0.1321 	 0.0010 	 0.0247 	 4.3847 	 0.0042 	 0.0000 	 486.9192 	 33.0000 	 0.5624 	 0.4525 	 0.5949 	 5.0000 	 2.4111 	 0.0000 	 0.8644 
39.0000 	 0.4700 	 0.0010 	 0.3895 	 1.0517 	 0.0138 	 0.0000 	 315.9665 	 39.0000 	 0.3006 	 0.1069 	 0.7081 	 14.0000 	 2.4383 	 0.0000 	 0.4511 
37.0000 	 0.1629 	 0.0224 	 0.0476 	 3.5729 	 0.0526 	 0.0000 	 788.0039 	 37.0000 	 0.6392 	 0.9530 	 0.9755 	 11.0000 	 2.0671 	 0.0000 	 0.1719 
39.0000 	 0.4159 	 0.0810 	 0.0202 	 1.4342 	 0.0112 	 0.0000 	 792.3476 	 39.0000 	 0.9290 	 0.1335 	 0.1030 	 9.0000 	 1.3888 	 0.0000 	 0.2290 
                                                                                                                                                                                                                                                                                                                                                                                                                                                             35.0000 	 0.1027 	 0.0558 	 0.0358 	 1.0004 	 0.0374 	 0.0000 	 780.0571 	 35.0000 	 0.6613 	 0.0226 	 0.3650 	 5.0000 	 2.5988 	 0.0000 	 0.6218 
                                                                                                                                                                                                                                                                                                           34.0000 	 0.3068 	 0.0011 	 0.0204 	 1.0000 	 0.0010 	 0.0000 	 261.1934 	 34.0000 	 0.4415 	 0.7837 	 0.8032 	 13.0000 	 2.4845 	 0.0000 	 0.8489 
36.0000 	 0.0616 	 0.0054 	 0.0965 	 1.0000 	 0.0178 	 0.0000 	 604.0113 	 36.0000 	 0.2263 	 0.2162 	 0.5133 	 12.0000 	 1.1876 	 0.0000 	 0.1258 
                                                                                                                                                                                                                                                                                                                                                                                                                                                                                                                                                                                                                                                                                                                                                                                                                                                                                                                           35.0000 	 0.2312 	 0.0173 	 1.0000 	 1.0097 	 0.4383 	 0.0000 	 780.7422 	 35.0000 	 0.0883 	 0.0129 	 0.7990 	 4.0000 	 2.6860 	 0.0000 	 1.1189 
34.0000 	 0.1270 	 0.0446 	 0.0043 	 13.3159 	 0.0123 	 0.0000 	 779.8797 	 34.0000 	 0.4660 	 0.2702 	 0.3283 	 1.0000 	 2.4589 	 0.0000 	 0.1512 
                                                                                                                                                                                                                                                                                                                                                                                                                                                             33.0000 	 0.1158 	 0.0096 	 0.0065 	 12.4526 	 0.0083 	 0.0000 	 779.6791 	 33.0000 	 0.5781 	 0.8363 	 0.4635 	 1.0000 	 0.9896 	 0.0000 	 0.1972 
                                                                                                                                                                                                                                                                                                                                                                                                                                                           27.0000 	 0.9693 	 0.2184 	 0.0101 	 2.5665 	 0.0022 	 0.0000 	 747.7590 	 27.0000 	 0.3767 	 0.5608 	 0.5648 	 11.0000 	 2.4648 	 0.0000 	 3.0290 
27.0000 	 0.0583 	 0.0078 	 0.0502 	 1.0000 	 0.0165 	 0.0000 	 567.6139 	 27.0000 	 0.2321 	 0.5277 	 0.1526 	 4.0000 	 2.5246 	 0.0000 	 0.9429 
4.0000 	 0.0516 	 0.0333 	 0.0659 	 1.1897 	 0.0088 	 0.0000 	 445.6928 	 4.0000 	 0.5742 	 0.5057 	 0.3189 	 11.0000 	 2.3309 	 0.0000 	 1.0217 
9.0000 	 0.0911 	 0.0011 	 0.0261 	 13.4609 	 0.0019 	 0.0000 	 538.4785 	 9.0000 	 0.0793 	 0.1717 	 0.1002 	 10.0000 	 2.8181 	 0.0000 	 0.3986 
                                                                                                                                                                                                                                                                                                                                                                                                                                                                                                                                                                                                                                                                                                                                                                                                                                                                                                                                                                                                                                                                              30.0000 	 0.9658 	 0.2258 	 0.0516 	 1.0000 	 0.0114 	 0.0000 	 741.9864 	 30.0000 	 0.1315 	 0.7291 	 0.0154 	 3.0000 	 0.1568 	 0.0000 	 2.3799 
                                                                                                                                                    8.0000 	 0.9207 	 0.5528 	 0.2102 	 1.3667 	 0.0263 	 0.0000 	 670.8950 	 8.0000 	 0.0335 	 0.7727 	 0.3111 	 10.0000 	 1.0605 	 0.0000 	 4.7888 
                                                                                                                                                                                                                                                                                                                                                                                                                                                            27.0000 	 0.7932 	 0.2996 	 0.3279 	 1.4902 	 0.3016 	 0.0000 	 794.5032 	 27.0000 	 0.9632 	 0.1963 	 0.0906 	 13.0000 	 2.4445 	 0.0000 	 0.2780 
4.0000 	 0.1840 	 0.0934 	 0.2167 	 1.0000 	 0.0730 	 0.0000 	 776.1429 	 4.0000 	 0.0357 	 0.6065 	 0.1074 	 2.0000 	 1.4695 	 0.0000 	 0.1021 
17.0000 	 0.0584 	 0.0033 	 0.2702 	 2.2079 	 0.0381 	 0.0000 	 474.3636 	 17.0000 	 0.8369 	 0.1180 	 0.1530 	 8.0000 	 0.7253 	 0.0000 	 0.9881 
8.0000 	 0.8211 	 0.0292 	 0.3595 	 9.3702 	 0.0936 	 0.0000 	 765.5734 	 8.0000 	 0.8750 	 0.4481 	 0.0359 	 3.0000 	 0.6290 	 0.0000 	 1.7139 
1.0000 	 0.1295 	 0.3863 	 0.0490 	 2.7975 	 0.0089 	 0.0000 	 494.6711 	 1.0000 	 0.7580 	 0.2575 	 0.8435 	 12.0000 	 1.5459 	 0.0000 	 0.9891 
27.0000 	 0.7027 	 0.9995 	 0.4899 	 1.0427 	 1.9361 	 0.0000 	 784.2598 	 27.0000 	 0.8967 	 0.8496 	 0.5435 	 13.0000 	 1.3393 	 0.0000 	 0.1550 
3.0000 	 0.3417 	 0.0211 	 0.9999 	 1.0001 	 0.0430 	 0.0000 	 218.8486 	 3.0000 	 0.0181 	 0.4952 	 0.6111 	 13.0000 	 0.6610 	 0.0000 	 0.9940 
2.0000 	 0.2175 	 0.0182 	 0.0537 	 2.9338 	 0.0042 	 0.0000 	 231.7293 	 2.0000 	 0.6809 	 0.2713 	 0.3590 	 10.0000 	 2.2710 	 0.0000 	 0.9937 
18.0000 	 0.1865 	 0.0010 	 0.0115 	 3.9441 	 0.0010 	 0.0000 	 377.9191 	 18.0000 	 0.3202 	 0.2151 	 0.9519 	 2.0000 	 1.3606 	 0.0000 	 0.6485 
5.0000 	 0.7684 	 0.0484 	 0.1216 	 36.4823 	 0.0195 	 0.0000 	 540.4087 	 5.0000 	 0.2971 	 0.4571 	 0.4055 	 14.0000 	 0.8858 	 0.0000 	 0.5920 
21.0000 	 0.1973 	 0.0030 	 0.0890 	 1.5038 	 0.0061 	 0.0000 	 477.3458 	 21.0000 	 0.5891 	 0.0652 	 0.7413 	 8.0000 	 2.0773 	 0.0000 	 0.1646 
2.0000 	 0.0830 	 0.0171 	 0.2521 	 4.2290 	 0.0267 	 0.0000 	 422.4539 	 2.0000 	 0.6692 	 0.3039 	 0.6089 	 3.0000 	 2.7996 	 0.0000 	 0.9919 
25.0000 	 0.4253 	 0.0011 	 0.3372 	 1.0111 	 0.0096 	 0.0000 	 177.5059 	 25.0000 	 0.9568 	 0.2326 	 0.6809 	 14.0000 	 2.2952 	 0.0000 	 0.9982 
19.0000 	 0.9596 	 0.3749 	 0.0231 	 1.0000 	 0.0041 	 0.0000 	 732.2229 	 19.0000 	 0.7032 	 0.5184 	 0.5904 	 3.0000 	 1.4040 	 0.0000 	 0.0994 
21.0000 	 0.1194 	 0.0643 	 1.0000 	 1.2542 	 1.3896 	 0.0000 	 747.6597 	 21.0000 	 0.1655 	 0.0621 	 0.8666 	 2.0000 	 1.1075 	 0.0000 	 0.8558 
11.0000 	 0.1125 	 0.2708 	 0.0271 	 1.2629 	 0.0356 	 0.0000 	 782.3926 	 11.0000 	 0.6015 	 0.1079 	 0.8663 	 11.0000 	 0.7412 	 0.0000 	 0.1972 
7.0000 	 0.3899 	 0.0023 	 0.0451 	 1.4539 	 0.0016 	 0.0000 	 203.2277 	 7.0000 	 0.7203 	 0.0771 	 0.4354 	 12.0000 	 1.7486 	 0.0000 	 0.9822 
12.0000 	 0.2282 	 0.0016 	 0.2070 	 2.7865 	 0.0101 	 0.0000 	 363.7896 	 12.0000 	 0.4322 	 0.8274 	 0.2181 	 2.0000 	 2.4173 	 0.0000 	 0.6398 
29.0000 	 0.7041 	 0.2035 	 0.0110 	 1.0106 	 0.0037 	 0.0000 	 735.1065 	 29.0000 	 0.3138 	 0.7891 	 0.7708 	 8.0000 	 2.0132 	 0.0000 	 0.4906 
                                                                                                                                                                                                                                                                                                       18.0000 	 0.6472 	 0.0012 	 0.3277 	 2.5663 	 0.0149 	 0.0000 	 291.1631 	 18.0000 	 0.2726 	 0.3342 	 0.9047 	 2.0000 	 2.4253 	 0.0000 	 0.9918 
23.0000 	 0.1265 	 0.0054 	 0.0061 	 42.8498 	 0.0087 	 0.0000 	 778.4680 	 23.0000 	 0.7242 	 0.3623 	 0.8435 	 12.0000 	 2.4955 	 0.0000 	 0.7146 
                                                                                                                                                                                                                                                                                                                                                                                                                                                                                                                                                                                                                                                                                                                                                                                                                                                                                                                                                                                                                                                                                                                                                                                                                                                                                                                                                                          25.0000 	 0.1772 	 0.0010 	 0.2997 	 2.6675 	 0.0314 	 0.0000 	 390.8318 	 25.0000 	 0.6307 	 0.4715 	 0.0300 	 15.0000 	 1.2758 	 0.0000 	 0.9731 
                                                                                                                                                   17.0000 	 0.1304 	 0.0042 	 0.1024 	 1.4457 	 0.0161 	 0.0000 	 470.1136 	 17.0000 	 0.1090 	 0.8170 	 0.7894 	 15.0000 	 0.8049 	 0.0000 	 0.7080 
4.0000 	 0.1201 	 0.0029 	 0.0812 	 9.6234 	 0.0075 	 0.0000 	 463.4002 	 4.0000 	 0.2234 	 0.3874 	 0.0867 	 4.0000 	 1.4310 	 0.0000 	 0.4973 
2.0000 	 0.3896 	 0.0390 	 0.4009 	 1.0000 	 0.0171 	 0.0000 	 201.7496 	 2.0000 	 0.9613 	 0.8396 	 0.2229 	 9.0000 	 2.9231 	 0.0000 	 0.6151 
2.0000 	 0.4761 	 0.1877 	 0.0100 	 30.6333 	 0.0022 	 0.0000 	 526.8237 	 2.0000 	 0.8282 	 0.4861 	 0.4052 	 15.0000 	 1.9032 	 0.0000 	 0.3419 
19.0000 	 0.5017 	 0.0014 	 0.0472 	 1.5584 	 0.0022 	 0.0000 	 336.1827 	 19.0000 	 0.6851 	 0.5799 	 0.6090 	 6.0000 	 1.2707 	 0.0000 	 0.9705 
20.0000 	 0.1502 	 0.1419 	 0.0045 	 1.0000 	 0.0045 	 0.0000 	 788.8995 	 20.0000 	 0.5767 	 0.7033 	 0.4484 	 5.0000 	 1.7595 	 0.0000 	 0.0912 
14.0000 	 0.1456 	 0.0080 	 0.0334 	 1.0000 	 0.0028 	 0.0000 	 422.7886 	 14.0000 	 0.2508 	 0.4775 	 0.2976 	 13.0000 	 0.0957 	 0.0000 	 0.9877 
12.0000 	 0.2609 	 0.0419 	 0.2221 	 4.1125 	 0.1603 	 0.0000 	 788.0567 	 12.0000 	 0.2283 	 0.6301 	 0.2188 	 5.0000 	 2.2994 	 0.0000 	 0.0955 
5.0000 	 0.8376 	 0.1036 	 0.0729 	 10.3230 	 0.0088 	 0.0000 	 593.1368 	 5.0000 	 0.1083 	 0.2571 	 0.5045 	 12.0000 	 0.0906 	 0.0000 	 7.8814 
7.0000 	 0.4084 	 0.0010 	 1.0000 	 3.4203 	 0.0557 	 0.0000 	 370.1098 	 7.0000 	 0.0350 	 0.8692 	 0.7648 	 1.0000 	 0.8513 	 0.0000 	 0.9748 
4.0000 	 0.6008 	 0.0059 	 0.3647 	 1.5658 	 0.0113 	 0.0000 	 198.8330 	 4.0000 	 0.9616 	 0.3235 	 0.4831 	 3.0000 	 0.8717 	 0.0000 	 0.9927 
1.0000 	 0.0983 	 0.0706 	 0.0306 	 12.9363 	 0.0048 	 0.0000 	 509.1642 	 1.0000 	 0.3335 	 0.9108 	 0.1807 	 4.0000 	 1.7778 	 0.0000 	 0.7262 
4.0000 	 0.8592 	 0.2222 	 0.5989 	 5.0023 	 0.2665 	 0.0000 	 626.6057 	 4.0000 	 0.8581 	 0.2223 	 0.5831 	 5.0000 	 0.2679 	 0.0000 	 0.9834 
