50.0000 	 0.9810 	 10.0000 	 5.1834 	 0.0000 	 1308.6407 	 50.0000 	 0.9188 	 1.4108 	 0.4380 	 0.0000 	 0.1929 
36.0000 	 3.1277 	 0.3594 	 -0.0797 	 0.0000 	 824.1040 	 36.0000 	 2.3930 	 0.0129 	 -0.0872 	 0.0000 	 0.0413 
35.0000 	 3.1612 	 0.3352 	 -0.0678 	 0.0000 	 824.4575 	 35.0000 	 2.8388 	 0.5398 	 0.2713 	 0.0000 	 0.0524 
21.0000 	 1.8913 	 0.5811 	 -0.1385 	 0.0000 	 829.2241 	 21.0000 	 2.2131 	 0.5293 	 0.2303 	 0.0000 	 0.0407 
20.0000 	 2.0811 	 0.4290 	 -0.1012 	 0.0000 	 829.0057 	 20.0000 	 0.3348 	 2.7662 	 0.2864 	 0.0000 	 0.0467 
6.0000 	 0.9159 	 0.4167 	 -0.1267 	 0.0000 	 845.2538 	 6.0000 	 1.7034 	 1.4893 	 0.3414 	 0.0000 	 0.1472 
5.0000 	 0.8047 	 0.3960 	 -0.1279 	 0.0000 	 845.9367 	 5.0000 	 2.2241 	 1.2398 	 -0.0352 	 0.0000 	 0.1860 
50.0000 	 3.9867 	 0.3106 	 -0.0696 	 0.0000 	 822.6651 	 50.0000 	 1.5165 	 1.7390 	 -0.3062 	 0.0000 	 0.0540 
49.0000 	 3.6635 	 0.3642 	 -0.0793 	 0.0000 	 822.3811 	 49.0000 	 1.8177 	 0.5095 	 0.3464 	 0.0000 	 0.0464 
36.0000 	 0.9353 	 0.7505 	 6.6019 	 0.0000 	 1705.9451 	 36.0000 	 0.3485 	 0.4302 	 -0.2471 	 0.0000 	 2.0478 
50.0000 	 3.3114 	 0.4714 	 -0.1007 	 0.0000 	 822.2438 	 50.0000 	 0.7218 	 2.8507 	 0.3377 	 0.0000 	 0.0444 
49.0000 	 3.0239 	 0.5761 	 -0.1286 	 0.0000 	 822.9642 	 49.0000 	 0.2802 	 1.8085 	 -0.1747 	 0.0000 	 0.0340 
50.0000 	 3.2238 	 0.5047 	 -0.1098 	 0.0000 	 822.3795 	 50.0000 	 0.0923 	 0.0872 	 -0.4296 	 0.0000 	 0.0332 
50.0000 	 3.4913 	 0.4162 	 -0.0899 	 0.0000 	 822.1724 	 50.0000 	 1.5638 	 2.4585 	 -0.0960 	 0.0000 	 0.0326 
50.0000 	 3.1461 	 0.5320 	 -0.1128 	 0.0000 	 822.5533 	 50.0000 	 1.5260 	 0.4392 	 -0.0109 	 0.0000 	 0.0318 
49.0000 	 3.0778 	 0.5486 	 -0.1220 	 0.0000 	 822.6126 	 49.0000 	 1.2064 	 2.8300 	 -0.0104 	 0.0000 	 0.0516 
50.0000 	 3.4292 	 0.4351 	 -0.0930 	 0.0000 	 822.2259 	 50.0000 	 1.9566 	 2.9375 	 0.1697 	 0.0000 	 0.0416 
50.0000 	 3.3833 	 0.4521 	 -0.0959 	 0.0000 	 822.2559 	 50.0000 	 0.7164 	 0.9746 	 -0.4416 	 0.0000 	 0.0352 
35.0000 	 3.0017 	 0.3826 	 -0.0843 	 0.0000 	 824.2817 	 35.0000 	 0.9576 	 2.9193 	 0.2436 	 0.0000 	 0.0454 
36.0000 	 2.7509 	 0.4815 	 -0.1041 	 0.0000 	 824.1584 	 36.0000 	 0.8439 	 2.2119 	 -0.2443 	 0.0000 	 0.0356 
37.0000 	 2.8784 	 0.4496 	 -0.1010 	 0.0000 	 823.8692 	 37.0000 	 2.1139 	 0.2270 	 -0.0683 	 0.0000 	 0.0351 
36.0000 	 5.3411 	 0.1250 	 -0.0226 	 0.0000 	 826.8716 	 36.0000 	 2.8952 	 1.4643 	 -0.0194 	 0.0000 	 0.4564 
21.0000 	 2.6612 	 0.2656 	 -0.0607 	 0.0000 	 828.3593 	 21.0000 	 1.6250 	 1.5857 	 -0.0634 	 0.0000 	 0.0681 
36.0000 	 3.0859 	 0.3690 	 -0.0815 	 0.0000 	 824.1043 	 36.0000 	 0.6606 	 2.9312 	 -0.3384 	 0.0000 	 0.0317 
37.0000 	 2.6172 	 0.5643 	 -0.1294 	 0.0000 	 824.4765 	 37.0000 	 2.8758 	 2.3254 	 -0.1420 	 0.0000 	 0.0404 
36.0000 	 2.8042 	 0.4666 	 -0.1047 	 0.0000 	 824.1393 	 36.0000 	 1.5595 	 1.8553 	 -0.3000 	 0.0000 	 0.0378 
37.0000 	 2.9156 	 0.4365 	 -0.0984 	 0.0000 	 823.8315 	 37.0000 	 0.2001 	 2.4310 	 -0.2914 	 0.0000 	 0.0336 
35.0000 	 2.9589 	 0.3935 	 -0.0865 	 0.0000 	 824.1265 	 35.0000 	 0.4458 	 1.8322 	 -0.0408 	 0.0000 	 0.0441 
20.0000 	 1.8778 	 0.5474 	 -0.1296 	 0.0000 	 829.4540 	 20.0000 	 0.2704 	 2.5574 	 0.2117 	 0.0000 	 0.0460 
50.0000 	 3.3597 	 0.4542 	 -0.0952 	 0.0000 	 822.1831 	 50.0000 	 1.2472 	 2.5654 	 0.4671 	 0.0000 	 0.0381 
35.0000 	 2.8210 	 0.4379 	 -0.1043 	 0.0000 	 824.2657 	 35.0000 	 2.6416 	 2.2466 	 -0.2433 	 0.0000 	 0.0500 
36.0000 	 3.1291 	 0.3576 	 -0.0899 	 0.0000 	 824.3132 	 36.0000 	 0.2394 	 2.2580 	 0.1125 	 0.0000 	 0.0549 
34.0000 	 2.6609 	 0.4871 	 -0.1071 	 0.0000 	 824.5752 	 34.0000 	 0.8410 	 1.4827 	 0.2375 	 0.0000 	 0.0355 
6.0000 	 4.8860 	 0.0379 	 -0.0112 	 0.0000 	 831.0830 	 6.0000 	 1.5217 	 0.9895 	 -0.3890 	 0.0000 	 0.1851 
36.0000 	 2.4345 	 0.6495 	 -0.1555 	 0.0000 	 825.2700 	 36.0000 	 1.5023 	 2.7501 	 -0.0963 	 0.0000 	 0.0392 
21.0000 	 2.0038 	 0.5013 	 -0.1137 	 0.0000 	 828.8402 	 21.0000 	 1.4311 	 1.5139 	 0.2875 	 0.0000 	 0.0401 
35.0000 	 2.7633 	 0.4542 	 -0.0973 	 0.0000 	 824.2802 	 35.0000 	 1.5287 	 0.5399 	 0.1962 	 0.0000 	 0.0341 
5.0000 	 0.8596 	 0.3658 	 -0.1234 	 0.0000 	 846.3269 	 5.0000 	 0.1836 	 2.2089 	 0.3178 	 0.0000 	 0.2111 
35.0000 	 5.9970 	 9.9929 	 -10.0000 	 0.0000 	 1960.6238 	 35.0000 	 0.0959 	 2.5242 	 0.1007 	 0.0000 	 0.2452 
22.0000 	 2.0214 	 0.5273 	 -0.1212 	 0.0000 	 828.4827 	 22.0000 	 1.9775 	 0.1080 	 -0.4576 	 0.0000 	 0.0448 
35.0000 	 2.6372 	 0.5174 	 -0.1199 	 0.0000 	 824.4404 	 35.0000 	 0.3271 	 1.0044 	 -0.0822 	 0.0000 	 0.0397 
21.0000 	 2.0781 	 0.4610 	 -0.1082 	 0.0000 	 828.5844 	 21.0000 	 0.6346 	 0.0233 	 0.2203 	 0.0000 	 0.0466 
34.0000 	 2.6642 	 0.4842 	 -0.1051 	 0.0000 	 824.5171 	 34.0000 	 0.5369 	 0.9328 	 0.2744 	 0.0000 	 0.0371 
21.0000 	 2.4430 	 0.3209 	 -0.0726 	 0.0000 	 828.3870 	 21.0000 	 1.9988 	 1.7460 	 0.3426 	 0.0000 	 0.0525 
34.0000 	 2.7016 	 0.4637 	 -0.1016 	 0.0000 	 824.4951 	 34.0000 	 0.4110 	 2.6209 	 -0.1554 	 0.0000 	 0.0547 
36.0000 	 2.5685 	 0.5714 	 -0.1285 	 0.0000 	 824.6157 	 36.0000 	 0.8448 	 2.6543 	 -0.4386 	 0.0000 	 0.0394 
21.0000 	 2.3765 	 0.3439 	 -0.0807 	 0.0000 	 828.4324 	 21.0000 	 0.8627 	 1.8936 	 -0.0426 	 0.0000 	 0.0757 
20.0000 	 2.0716 	 0.4365 	 -0.0984 	 0.0000 	 829.0758 	 20.0000 	 0.4116 	 1.2043 	 0.3909 	 0.0000 	 0.0650 
19.0000 	 1.9094 	 0.4862 	 -0.1137 	 0.0000 	 829.8145 	 19.0000 	 2.2914 	 2.1554 	 0.4720 	 0.0000 	 0.0522 
21.0000 	 2.3450 	 0.3488 	 -0.0823 	 0.0000 	 828.4408 	 21.0000 	 2.0016 	 0.5899 	 -0.3098 	 0.0000 	 0.0564 
6.0000 	 1.3426 	 0.2098 	 -0.0599 	 0.0000 	 840.5861 	 6.0000 	 0.3199 	 0.5933 	 -0.0865 	 0.0000 	 0.1527 
7.0000 	 0.9858 	 0.4792 	 -0.1446 	 0.0000 	 844.2931 	 7.0000 	 2.1724 	 2.5331 	 0.2084 	 0.0000 	 0.1078 
5.0000 	 1.5648 	 0.1412 	 -0.0388 	 0.0000 	 838.7875 	 5.0000 	 1.8426 	 0.6935 	 -0.3916 	 0.0000 	 0.2055 
35.0000 	 2.6941 	 0.4887 	 -0.1054 	 0.0000 	 824.3970 	 35.0000 	 2.4745 	 2.5640 	 0.3511 	 0.0000 	 0.0384 
22.0000 	 2.2051 	 0.4274 	 -0.0994 	 0.0000 	 828.0843 	 22.0000 	 0.6502 	 0.0911 	 -0.3963 	 0.0000 	 0.0567 
20.0000 	 1.8677 	 0.5540 	 -0.1286 	 0.0000 	 829.6146 	 20.0000 	 0.3810 	 0.6720 	 0.3134 	 0.0000 	 0.0512 
4.0000 	 2.1201 	 0.0758 	 -0.0207 	 0.0000 	 835.6230 	 4.0000 	 2.1873 	 0.0620 	 -0.0602 	 0.0000 	 0.3007 
20.0000 	 2.0086 	 0.4654 	 -0.1141 	 0.0000 	 829.2520 	 20.0000 	 2.9310 	 1.1825 	 -0.0619 	 0.0000 	 0.0539 
22.0000 	 2.1706 	 0.4453 	 -0.1075 	 0.0000 	 828.0786 	 22.0000 	 0.4203 	 1.5408 	 0.1627 	 0.0000 	 0.0402 
20.0000 	 1.8909 	 0.5437 	 -0.1307 	 0.0000 	 829.5036 	 20.0000 	 0.5266 	 1.9449 	 0.2885 	 0.0000 	 0.0442 
6.0000 	 0.9621 	 0.3755 	 -0.1109 	 0.0000 	 844.2200 	 6.0000 	 0.4141 	 0.3540 	 0.1010 	 0.0000 	 0.1484 
19.0000 	 2.9081 	 0.2006 	 -0.0525 	 0.0000 	 829.2398 	 19.0000 	 2.3660 	 0.9222 	 0.0158 	 0.0000 	 0.0848 
6.0000 	 0.8347 	 0.4882 	 -0.1486 	 0.0000 	 846.3666 	 6.0000 	 1.0562 	 2.4219 	 0.3457 	 0.0000 	 0.1170 
5.0000 	 1.2964 	 0.1779 	 -0.0487 	 0.0000 	 840.6710 	 5.0000 	 0.7373 	 0.2541 	 -0.1374 	 0.0000 	 0.2096 
6.0000 	 1.9635 	 0.1214 	 -0.0341 	 0.0000 	 835.9802 	 6.0000 	 0.1255 	 0.8965 	 0.2728 	 0.0000 	 0.1613 
20.0000 	 1.9152 	 0.5208 	 -0.1185 	 0.0000 	 829.3249 	 20.0000 	 1.3396 	 1.8282 	 0.2663 	 0.0000 	 0.0459 
5.0000 	 0.9825 	 0.2792 	 -0.0869 	 0.0000 	 844.1290 	 5.0000 	 0.2532 	 2.8998 	 0.2024 	 0.0000 	 0.2254 
21.0000 	 2.0864 	 0.4589 	 -0.1072 	 0.0000 	 828.6664 	 21.0000 	 1.4084 	 0.0492 	 0.1448 	 0.0000 	 0.0475 
5.0000 	 0.7540 	 0.4406 	 -0.1446 	 0.0000 	 846.7669 	 5.0000 	 2.1884 	 2.3036 	 -0.4237 	 0.0000 	 0.1575 
7.0000 	 1.1397 	 0.3504 	 -0.1073 	 0.0000 	 842.3695 	 7.0000 	 2.7147 	 2.2757 	 -0.2533 	 0.0000 	 0.1622 
6.0000 	 1.2277 	 0.2317 	 -0.0643 	 0.0000 	 842.1010 	 6.0000 	 2.3206 	 0.7777 	 0.3162 	 0.0000 	 0.1586 
19.0000 	 2.2486 	 0.3382 	 -0.0793 	 0.0000 	 829.4056 	 19.0000 	 0.1362 	 2.6516 	 0.2803 	 0.0000 	 0.0567 
4.0000 	 0.5963 	 0.4263 	 -0.1452 	 0.0000 	 847.8988 	 4.0000 	 2.3782 	 1.5827 	 -0.3520 	 0.0000 	 0.1832 
5.0000 	 3.6590 	 0.0468 	 -0.0117 	 0.0000 	 832.5297 	 5.0000 	 2.5916 	 1.7963 	 -0.1313 	 0.0000 	 0.1946 
35.0000 	 2.8032 	 0.3294 	 0.0732 	 0.0000 	 821.7565 	 35.0000 	 2.8018 	 0.3297 	 0.0741 	 0.0000 	 0.1002 
7.0000 	 1.0363 	 0.4195 	 -0.1251 	 0.0000 	 843.5607 	 7.0000 	 2.7921 	 1.8276 	 0.4990 	 0.0000 	 0.1716 
20.0000 	 1.7549 	 0.6416 	 -0.1542 	 0.0000 	 830.1699 	 20.0000 	 1.9278 	 2.3432 	 -0.0551 	 0.0000 	 0.0469 
4.0000 	 0.6009 	 0.4374 	 -0.1550 	 0.0000 	 847.2277 	 4.0000 	 2.8946 	 0.1691 	 0.2325 	 0.0000 	 0.1843 
48.0000 	 5.9868 	 9.9722 	 10.0000 	 0.0000 	 2150.6847 	 48.0000 	 0.3107 	 0.2333 	 0.3484 	 0.0000 	 0.1280 
6.0000 	 0.8922 	 0.4393 	 -0.1379 	 0.0000 	 845.5549 	 6.0000 	 1.8783 	 2.3444 	 0.0798 	 0.0000 	 0.1238 
49.0000 	 3.3251 	 0.4576 	 -0.1004 	 0.0000 	 822.3034 	 49.0000 	 1.7163 	 0.0636 	 0.0953 	 0.0000 	 0.0511 
48.0000 	 3.3771 	 0.4267 	 -0.0902 	 0.0000 	 822.4387 	 48.0000 	 1.7055 	 2.9192 	 -0.3444 	 0.0000 	 0.0364 
38.0000 	 3.0239 	 0.4153 	 -0.0919 	 0.0000 	 823.7374 	 38.0000 	 1.8692 	 2.5405 	 -0.0735 	 0.0000 	 0.0371 
48.0000 	 3.3519 	 0.4352 	 -0.0934 	 0.0000 	 822.4317 	 48.0000 	 1.3133 	 2.9856 	 0.3674 	 0.0000 	 0.0388 
5.0000 	 0.6079 	 0.6474 	 -0.2312 	 0.0000 	 850.3514 	 5.0000 	 0.2341 	 0.5754 	 0.4448 	 0.0000 	 0.1075 
33.0000 	 2.4372 	 0.5777 	 -0.1304 	 0.0000 	 825.2027 	 33.0000 	 2.4147 	 2.6488 	 -0.4958 	 0.0000 	 0.0510 
49.0000 	 3.1429 	 0.5246 	 -0.1170 	 0.0000 	 822.6389 	 49.0000 	 0.4249 	 1.1867 	 -0.1307 	 0.0000 	 0.0337 
38.0000 	 2.8305 	 0.4857 	 -0.1064 	 0.0000 	 823.8542 	 38.0000 	 1.8692 	 0.1906 	 0.3678 	 0.0000 	 0.0372 
23.0000 	 2.2427 	 0.4357 	 -0.0949 	 0.0000 	 827.6666 	 23.0000 	 2.9380 	 2.0517 	 0.4915 	 0.0000 	 0.0441 
37.0000 	 2.6389 	 0.5527 	 -0.1238 	 0.0000 	 824.2597 	 37.0000 	 0.9270 	 2.9686 	 -0.3810 	 0.0000 	 0.0403 
38.0000 	 2.9870 	 0.4250 	 -0.0957 	 0.0000 	 823.7041 	 38.0000 	 0.1136 	 2.7768 	 0.3851 	 0.0000 	 0.0394 
33.0000 	 2.8515 	 0.3965 	 -0.0885 	 0.0000 	 824.6169 	 33.0000 	 2.6488 	 0.6223 	 -0.1985 	 0.0000 	 0.0396 
18.0000 	 2.3533 	 0.2892 	 -0.0689 	 0.0000 	 829.8187 	 18.0000 	 0.8410 	 0.2696 	 0.4350 	 0.0000 	 0.0581 
21.0000 	 2.1132 	 0.4354 	 -0.1012 	 0.0000 	 828.5214 	 21.0000 	 2.9954 	 0.7804 	 0.4697 	 0.0000 	 0.0561 
37.0000 	 2.9153 	 0.4391 	 -0.0967 	 0.0000 	 823.8496 	 37.0000 	 0.2276 	 1.7321 	 0.1434 	 0.0000 	 0.0429 
34.0000 	 2.9106 	 0.3954 	 -0.0863 	 0.0000 	 824.4535 	 34.0000 	 1.8303 	 0.2833 	 -0.2007 	 0.0000 	 0.0405 
8.0000 	 1.0435 	 0.5211 	 -0.1551 	 0.0000 	 842.5552 	 8.0000 	 1.0508 	 0.8645 	 0.2970 	 0.0000 	 0.0895 
23.0000 	 2.3313 	 0.3989 	 -0.0939 	 0.0000 	 827.5482 	 23.0000 	 0.5243 	 0.8751 	 0.3301 	 0.0000 	 0.0412 
3.0000 	 0.6838 	 0.2143 	 -0.0616 	 0.0000 	 842.5730 	 3.0000 	 0.6421 	 2.3350 	 -0.2188 	 0.0000 	 0.2991 
34.0000 	 2.7809 	 0.4366 	 -0.0965 	 0.0000 	 824.4367 	 34.0000 	 2.4682 	 0.6954 	 -0.3179 	 0.0000 	 0.0395 
22.0000 	 2.1923 	 0.4324 	 -0.0977 	 0.0000 	 828.0535 	 22.0000 	 1.8174 	 2.4252 	 -0.0439 	 0.0000 	 0.0593 
33.0000 	 2.8091 	 0.4090 	 -0.0835 	 0.0000 	 824.6448 	 33.0000 	 0.8061 	 0.0766 	 0.2695 	 0.0000 	 0.0433 
18.0000 	 1.9387 	 0.4332 	 -0.0991 	 0.0000 	 830.3346 	 18.0000 	 2.2595 	 1.0497 	 -0.1073 	 0.0000 	 0.0530 
22.0000 	 2.0857 	 0.4891 	 -0.1179 	 0.0000 	 828.2909 	 22.0000 	 1.4297 	 0.6424 	 -0.1832 	 0.0000 	 0.0480 
19.0000 	 1.9436 	 0.4692 	 -0.1129 	 0.0000 	 829.5631 	 19.0000 	 0.6507 	 1.7429 	 0.4912 	 0.0000 	 0.0466 
23.0000 	 2.3741 	 0.3809 	 -0.0879 	 0.0000 	 827.5246 	 23.0000 	 1.8239 	 0.5432 	 0.4670 	 0.0000 	 0.0606 
8.0000 	 1.0393 	 0.5170 	 -0.1577 	 0.0000 	 842.5573 	 8.0000 	 0.1986 	 2.1553 	 0.1862 	 0.0000 	 0.0933 
3.0000 	 0.5204 	 0.3352 	 -0.1112 	 0.0000 	 844.2654 	 3.0000 	 2.1748 	 2.4200 	 -0.2604 	 0.0000 	 0.2764 
18.0000 	 2.9299 	 0.1883 	 -0.0455 	 0.0000 	 829.5057 	 18.0000 	 2.6488 	 0.1601 	 -0.2449 	 0.0000 	 0.0571 
7.0000 	 0.8781 	 0.5877 	 -0.1684 	 0.0000 	 845.5133 	 7.0000 	 1.0071 	 1.9577 	 0.3528 	 0.0000 	 0.1004 
19.0000 	 2.0817 	 0.4029 	 -0.0986 	 0.0000 	 829.6246 	 19.0000 	 2.4957 	 1.6002 	 -0.0117 	 0.0000 	 0.0486 
20.0000 	 1.8774 	 0.5435 	 -0.1282 	 0.0000 	 829.6243 	 20.0000 	 1.8784 	 1.3586 	 0.3247 	 0.0000 	 0.0505 
4.0000 	 1.0702 	 0.1878 	 -0.0513 	 0.0000 	 842.3677 	 4.0000 	 2.4803 	 0.6770 	 -0.0332 	 0.0000 	 0.2470 
7.0000 	 1.0572 	 0.4114 	 -0.1150 	 0.0000 	 843.3571 	 7.0000 	 1.5018 	 1.4694 	 0.0417 	 0.0000 	 0.1071 
8.0000 	 1.2867 	 0.3352 	 -0.0893 	 0.0000 	 840.7008 	 8.0000 	 1.7730 	 1.4841 	 -0.1530 	 0.0000 	 0.1013 
4.0000 	 0.5600 	 0.4963 	 -0.1695 	 0.0000 	 848.8550 	 4.0000 	 2.3790 	 2.5596 	 -0.4960 	 0.0000 	 0.1876 
6.0000 	 0.8240 	 0.5047 	 -0.1725 	 0.0000 	 846.4051 	 6.0000 	 0.0363 	 2.4827 	 -0.1512 	 0.0000 	 0.1289 
3.0000 	 0.3889 	 0.4760 	 -0.1696 	 0.0000 	 848.3981 	 3.0000 	 0.8620 	 1.5922 	 0.4882 	 0.0000 	 0.2198 
5.0000 	 1.4555 	 0.1551 	 -0.0392 	 0.0000 	 839.5202 	 5.0000 	 1.4202 	 2.0829 	 -0.3744 	 0.0000 	 0.1982 
49.0000 	 3.4227 	 0.4239 	 -0.0915 	 0.0000 	 822.3100 	 49.0000 	 2.8219 	 0.0190 	 -0.3553 	 0.0000 	 0.0567 
37.0000 	 3.3714 	 0.3160 	 -0.0696 	 0.0000 	 824.0273 	 37.0000 	 1.4226 	 1.3018 	 -0.0185 	 0.0000 	 0.0503 
34.0000 	 2.8847 	 0.3994 	 -0.0864 	 0.0000 	 824.4419 	 34.0000 	 2.3508 	 1.8007 	 -0.4792 	 0.0000 	 0.0357 
22.0000 	 2.1467 	 0.4508 	 -0.1031 	 0.0000 	 828.0895 	 22.0000 	 2.4038 	 2.1492 	 0.2872 	 0.0000 	 0.0399 
19.0000 	 1.9353 	 0.4706 	 -0.1091 	 0.0000 	 829.8300 	 19.0000 	 0.4909 	 0.6723 	 -0.3066 	 0.0000 	 0.0483 
7.0000 	 1.0997 	 0.3772 	 -0.1139 	 0.0000 	 842.4390 	 7.0000 	 0.3907 	 0.6027 	 -0.4429 	 0.0000 	 0.1076 
49.0000 	 3.4674 	 0.4174 	 -0.0923 	 0.0000 	 822.3305 	 49.0000 	 0.7310 	 2.2996 	 -0.0911 	 0.0000 	 0.0395 
4.0000 	 0.8943 	 0.2402 	 -0.0715 	 0.0000 	 842.8934 	 4.0000 	 0.7875 	 2.0251 	 -0.2230 	 0.0000 	 0.2466 
48.0000 	 6.0000 	 9.9999 	 -10.0000 	 0.0000 	 2054.4744 	 48.0000 	 0.0234 	 1.6160 	 0.2572 	 0.0000 	 0.1427 
49.0000 	 3.5870 	 0.3822 	 -0.0818 	 0.0000 	 822.4057 	 49.0000 	 0.7109 	 2.7781 	 0.4091 	 0.0000 	 0.0472 
48.0000 	 3.3684 	 0.4280 	 -0.0880 	 0.0000 	 822.4167 	 48.0000 	 2.6630 	 1.2241 	 0.4368 	 0.0000 	 0.0367 
49.0000 	 3.2628 	 0.4743 	 -0.0924 	 0.0000 	 822.4231 	 49.0000 	 0.4537 	 0.1634 	 -0.0593 	 0.0000 	 0.0409 
48.0000 	 3.1675 	 0.5039 	 -0.1098 	 0.0000 	 822.6226 	 48.0000 	 0.2274 	 2.9570 	 -0.4970 	 0.0000 	 0.0379 
37.0000 	 3.0998 	 0.3770 	 -0.0807 	 0.0000 	 823.8459 	 37.0000 	 0.7611 	 0.3055 	 0.4197 	 0.0000 	 0.0513 
47.0000 	 3.4214 	 0.4048 	 -0.0850 	 0.0000 	 822.5199 	 47.0000 	 0.9996 	 0.1695 	 0.0406 	 0.0000 	 0.0437 
38.0000 	 2.8654 	 0.4696 	 -0.1041 	 0.0000 	 823.7763 	 38.0000 	 2.5683 	 2.9616 	 0.4340 	 0.0000 	 0.0423 
47.0000 	 3.2856 	 0.4441 	 -0.0969 	 0.0000 	 822.4716 	 47.0000 	 2.3799 	 1.6153 	 0.1874 	 0.0000 	 0.0327 
48.0000 	 3.2651 	 0.4621 	 -0.0961 	 0.0000 	 822.4490 	 48.0000 	 2.8900 	 0.9950 	 -0.4327 	 0.0000 	 0.0432 
37.0000 	 2.7713 	 0.4955 	 -0.1086 	 0.0000 	 824.0457 	 37.0000 	 0.1012 	 2.9150 	 -0.1118 	 0.0000 	 0.0336 
48.0000 	 3.2400 	 0.4734 	 -0.0997 	 0.0000 	 822.4716 	 48.0000 	 2.1775 	 1.9816 	 -0.1541 	 0.0000 	 0.0406 
38.0000 	 3.1349 	 0.3827 	 -0.0838 	 0.0000 	 823.7018 	 38.0000 	 0.6674 	 0.2645 	 -0.0895 	 0.0000 	 0.0540 
48.0000 	 2.9475 	 0.6024 	 -0.1341 	 0.0000 	 823.2592 	 48.0000 	 0.1656 	 1.4456 	 -0.0663 	 0.0000 	 0.0456 
37.0000 	 2.8857 	 0.4451 	 -0.0975 	 0.0000 	 823.8338 	 37.0000 	 1.5380 	 0.9830 	 -0.1305 	 0.0000 	 0.0384 
38.0000 	 3.4026 	 0.3177 	 -0.0709 	 0.0000 	 823.8885 	 38.0000 	 2.4305 	 1.8282 	 0.4885 	 0.0000 	 0.0396 
48.0000 	 3.3359 	 0.4391 	 -0.0963 	 0.0000 	 822.5093 	 48.0000 	 2.6556 	 2.9825 	 -0.3370 	 0.0000 	 0.0433 
34.0000 	 2.9436 	 0.3819 	 -0.0828 	 0.0000 	 824.4208 	 34.0000 	 2.6382 	 1.3882 	 0.4016 	 0.0000 	 0.0427 
33.0000 	 2.7898 	 0.4175 	 -0.0938 	 0.0000 	 824.5511 	 33.0000 	 1.8198 	 1.6819 	 -0.1143 	 0.0000 	 0.0469 
39.0000 	 1.1657 	 0.1690 	 5.0253 	 0.0000 	 1867.7339 	 39.0000 	 0.3853 	 1.8858 	 -0.4983 	 0.0000 	 0.6285 
22.0000 	 2.9618 	 0.2314 	 -0.0519 	 0.0000 	 828.1411 	 22.0000 	 2.6038 	 0.8379 	 -0.1739 	 0.0000 	 0.0757 
33.0000 	 2.6926 	 0.4542 	 -0.0998 	 0.0000 	 824.6826 	 33.0000 	 2.6506 	 2.8792 	 -0.1967 	 0.0000 	 0.0405 
39.0000 	 2.7346 	 0.5514 	 -0.1267 	 0.0000 	 824.0147 	 39.0000 	 1.8690 	 1.9004 	 -0.2264 	 0.0000 	 0.0361 
23.0000 	 2.0107 	 0.5602 	 -0.1312 	 0.0000 	 828.1657 	 23.0000 	 1.6671 	 2.9032 	 0.2197 	 0.0000 	 0.0458 
38.0000 	 3.2787 	 0.3453 	 -0.0801 	 0.0000 	 823.8800 	 38.0000 	 1.4162 	 2.5339 	 -0.0478 	 0.0000 	 0.0545 
19.0000 	 2.5216 	 0.2678 	 -0.0601 	 0.0000 	 829.3531 	 19.0000 	 0.3538 	 1.1263 	 0.0325 	 0.0000 	 0.0886 
38.0000 	 3.1977 	 0.3618 	 -0.0839 	 0.0000 	 823.8554 	 38.0000 	 2.9917 	 0.0516 	 0.0593 	 0.0000 	 0.0556 
33.0000 	 2.6927 	 0.4542 	 -0.1010 	 0.0000 	 824.6578 	 33.0000 	 1.6262 	 1.3042 	 -0.1257 	 0.0000 	 0.0336 
47.0000 	 3.3913 	 0.4171 	 -0.0947 	 0.0000 	 822.5001 	 47.0000 	 1.0009 	 1.3003 	 -0.4141 	 0.0000 	 0.0372 
50.0000 	 3.3241 	 0.4642 	 -0.0975 	 0.0000 	 822.3172 	 50.0000 	 1.6963 	 2.4855 	 -0.2217 	 0.0000 	 0.0463 
23.0000 	 2.3057 	 0.4028 	 -0.0908 	 0.0000 	 827.6103 	 23.0000 	 1.3636 	 0.9669 	 0.4524 	 0.0000 	 0.0510 
49.0000 	 5.9868 	 9.9722 	 10.0000 	 0.0000 	 2149.0949 	 49.0000 	 0.5576 	 1.6454 	 -0.1442 	 0.0000 	 0.1271 
34.0000 	 2.6691 	 0.4847 	 -0.1093 	 0.0000 	 824.5577 	 34.0000 	 2.1254 	 0.0955 	 0.0281 	 0.0000 	 0.0324 
32.0000 	 2.9167 	 0.3619 	 -0.0803 	 0.0000 	 824.8303 	 32.0000 	 1.6302 	 1.2921 	 -0.2772 	 0.0000 	 0.0408 
7.0000 	 0.9943 	 0.4642 	 -0.1482 	 0.0000 	 843.8309 	 7.0000 	 1.5970 	 2.8024 	 -0.2425 	 0.0000 	 0.1224 
38.0000 	 2.9102 	 0.4508 	 -0.0949 	 0.0000 	 823.6717 	 38.0000 	 0.1249 	 0.7976 	 0.0852 	 0.0000 	 0.0349 
33.0000 	 5.9868 	 9.9722 	 10.0000 	 0.0000 	 2104.2591 	 33.0000 	 0.6200 	 2.7602 	 0.1143 	 0.0000 	 0.2829 
4.0000 	 1.3268 	 0.1449 	 -0.0332 	 0.0000 	 840.7671 	 4.0000 	 1.2122 	 1.2100 	 0.4002 	 0.0000 	 0.3716 
38.0000 	 2.8580 	 0.4718 	 -0.1034 	 0.0000 	 823.7425 	 38.0000 	 0.9889 	 1.5822 	 0.1038 	 0.0000 	 0.0345 
23.0000 	 1.9605 	 0.6022 	 -0.1423 	 0.0000 	 828.4420 	 23.0000 	 0.9734 	 0.4984 	 0.3158 	 0.0000 	 0.0545 
34.0000 	 2.7910 	 0.4363 	 -0.0996 	 0.0000 	 824.4589 	 34.0000 	 1.5754 	 0.3167 	 0.4938 	 0.0000 	 0.0409 
18.0000 	 1.9397 	 0.4345 	 -0.1032 	 0.0000 	 830.2739 	 18.0000 	 2.2874 	 0.7725 	 -0.2903 	 0.0000 	 0.0396 
18.0000 	 1.8229 	 0.4928 	 -0.1241 	 0.0000 	 830.6339 	 18.0000 	 0.6409 	 2.7372 	 0.3754 	 0.0000 	 0.0476 
32.0000 	 2.9591 	 0.3484 	 -0.0749 	 0.0000 	 824.9437 	 32.0000 	 0.0415 	 2.9037 	 0.2858 	 0.0000 	 0.0411 
47.0000 	 3.4826 	 0.3905 	 -0.0853 	 0.0000 	 822.4078 	 47.0000 	 2.6136 	 2.3098 	 -0.2482 	 0.0000 	 0.0380 
22.0000 	 2.5620 	 0.3051 	 -0.0731 	 0.0000 	 827.9194 	 22.0000 	 0.0987 	 0.9672 	 -0.3633 	 0.0000 	 0.0577 
8.0000 	 1.7319 	 0.1910 	 -0.0549 	 0.0000 	 837.5873 	 8.0000 	 0.6812 	 0.8977 	 -0.3465 	 0.0000 	 0.1183 
24.0000 	 2.1195 	 0.5331 	 -0.1301 	 0.0000 	 827.6296 	 24.0000 	 1.3293 	 0.2830 	 0.1939 	 0.0000 	 0.0392 
8.0000 	 2.2137 	 0.1369 	 -0.0340 	 0.0000 	 835.0553 	 8.0000 	 1.9623 	 0.3705 	 -0.1784 	 0.0000 	 0.1353 
3.0000 	 0.6591 	 0.2362 	 -0.0733 	 0.0000 	 842.4448 	 3.0000 	 1.5161 	 1.9494 	 -0.2634 	 0.0000 	 0.3275 
33.0000 	 2.5951 	 0.5007 	 -0.1163 	 0.0000 	 824.8060 	 33.0000 	 0.3307 	 2.8557 	 -0.1283 	 0.0000 	 0.0352 
47.0000 	 3.2690 	 0.4539 	 -0.0989 	 0.0000 	 822.4565 	 47.0000 	 0.0960 	 0.0315 	 0.0513 	 0.0000 	 0.0418 
18.0000 	 1.8872 	 0.4673 	 -0.1135 	 0.0000 	 830.3705 	 18.0000 	 0.9983 	 2.3828 	 -0.0163 	 0.0000 	 0.0527 
3.0000 	 0.5881 	 0.2832 	 -0.0820 	 0.0000 	 842.8462 	 3.0000 	 0.6728 	 0.3198 	 -0.4435 	 0.0000 	 0.3014 
22.0000 	 2.4294 	 0.3423 	 -0.0811 	 0.0000 	 827.9259 	 22.0000 	 2.0583 	 2.6777 	 0.0300 	 0.0000 	 0.0569 
19.0000 	 1.9111 	 0.4858 	 -0.1186 	 0.0000 	 829.8378 	 19.0000 	 2.2595 	 1.2451 	 -0.1366 	 0.0000 	 0.0597 
36.0000 	 3.0690 	 0.3691 	 -0.0767 	 0.0000 	 824.0448 	 36.0000 	 0.8406 	 1.4523 	 -0.1746 	 0.0000 	 0.0551 
8.0000 	 0.9254 	 0.6796 	 -0.2110 	 0.0000 	 844.2931 	 8.0000 	 2.3028 	 2.0155 	 0.2214 	 0.0000 	 0.1006 
23.0000 	 1.9449 	 0.6102 	 -0.1466 	 0.0000 	 828.4577 	 23.0000 	 0.4372 	 1.1377 	 0.1104 	 0.0000 	 0.0469 
17.0000 	 2.0267 	 0.3706 	 -0.0910 	 0.0000 	 830.7707 	 17.0000 	 1.3301 	 0.6998 	 -0.0412 	 0.0000 	 0.0475 
39.0000 	 5.9868 	 0.0010 	 10.0000 	 0.0000 	 2259.5212 	 39.0000 	 0.1659 	 1.4278 	 0.3694 	 0.0000 	 0.1311 
3.0000 	 0.4924 	 0.3649 	 -0.1220 	 0.0000 	 845.2844 	 3.0000 	 2.9429 	 0.6591 	 0.3324 	 0.0000 	 0.2488 
24.0000 	 2.3447 	 0.4191 	 -0.0925 	 0.0000 	 827.2395 	 24.0000 	 0.3783 	 1.4056 	 -0.1485 	 0.0000 	 0.0519 
33.0000 	 2.8647 	 0.3946 	 -0.0870 	 0.0000 	 824.6655 	 33.0000 	 0.4667 	 1.5288 	 0.1360 	 0.0000 	 0.0475 
7.0000 	 1.2473 	 0.2938 	 -0.0875 	 0.0000 	 841.4534 	 7.0000 	 0.8774 	 1.2945 	 0.1410 	 0.0000 	 0.1489 
19.0000 	 2.1736 	 0.3618 	 -0.0843 	 0.0000 	 829.5133 	 19.0000 	 1.1937 	 0.4604 	 -0.1580 	 0.0000 	 0.0460 
9.0000 	 1.2297 	 0.4457 	 -0.1173 	 0.0000 	 839.9833 	 9.0000 	 2.5658 	 1.1559 	 0.2124 	 0.0000 	 0.0904 
4.0000 	 0.6402 	 0.3973 	 -0.1339 	 0.0000 	 846.6580 	 4.0000 	 2.3381 	 2.9523 	 -0.0876 	 0.0000 	 0.2066 
39.0000 	 3.0637 	 0.4128 	 -0.0874 	 0.0000 	 823.5436 	 39.0000 	 2.2677 	 2.9422 	 0.3985 	 0.0000 	 0.0470 
18.0000 	 2.4950 	 0.2560 	 -0.0614 	 0.0000 	 829.7124 	 18.0000 	 1.3863 	 1.6136 	 -0.0892 	 0.0000 	 0.0602 
2.0000 	 0.3383 	 0.2948 	 -0.0975 	 0.0000 	 841.4690 	 2.0000 	 0.9938 	 2.9291 	 -0.1327 	 0.0000 	 0.2773 
23.0000 	 2.3186 	 0.4040 	 -0.0981 	 0.0000 	 827.5622 	 23.0000 	 2.2699 	 1.3003 	 0.3354 	 0.0000 	 0.0510 
7.0000 	 1.0636 	 0.4002 	 -0.1131 	 0.0000 	 843.1596 	 7.0000 	 0.5857 	 2.1796 	 -0.1106 	 0.0000 	 0.1183 
47.0000 	 1.2611 	 6.6297 	 -3.0953 	 0.0000 	 1082.5416 	 47.0000 	 1.0626 	 1.9122 	 -0.2602 	 0.0000 	 0.3532 
17.0000 	 2.1452 	 0.3210 	 -0.0799 	 0.0000 	 830.5958 	 17.0000 	 0.2289 	 0.0758 	 0.3821 	 0.0000 	 0.0625 
23.0000 	 2.6867 	 0.2903 	 -0.0681 	 0.0000 	 827.5935 	 23.0000 	 1.8967 	 0.8296 	 -0.0417 	 0.0000 	 0.0638 
8.0000 	 2.3981 	 0.1121 	 -0.0328 	 0.0000 	 834.3221 	 8.0000 	 2.0912 	 0.4961 	 -0.0504 	 0.0000 	 0.1265 
4.0000 	 1.1725 	 0.1629 	 -0.0405 	 0.0000 	 840.6900 	 4.0000 	 0.0895 	 1.1346 	 -0.0524 	 0.0000 	 0.2878 
39.0000 	 2.9199 	 0.4651 	 -0.1018 	 0.0000 	 823.5758 	 39.0000 	 2.6926 	 1.7870 	 0.2715 	 0.0000 	 0.0466 
18.0000 	 2.1213 	 0.3593 	 -0.0856 	 0.0000 	 830.0961 	 18.0000 	 1.7241 	 0.3427 	 -0.1318 	 0.0000 	 0.0525 
35.0000 	 3.0840 	 0.3572 	 -0.0770 	 0.0000 	 824.2678 	 35.0000 	 0.6424 	 1.6986 	 -0.3097 	 0.0000 	 0.0507 
3.0000 	 0.6591 	 0.2368 	 -0.0749 	 0.0000 	 841.8780 	 3.0000 	 2.2800 	 1.5839 	 0.1771 	 0.0000 	 0.2414 
33.0000 	 2.6116 	 0.4766 	 -0.0894 	 0.0000 	 824.8703 	 33.0000 	 0.4670 	 0.2760 	 0.0149 	 0.0000 	 0.0464 
9.0000 	 1.2213 	 0.4484 	 -0.1281 	 0.0000 	 840.2560 	 9.0000 	 0.7190 	 0.9370 	 -0.2888 	 0.0000 	 0.0749 
37.0000 	 2.8462 	 0.4581 	 -0.0994 	 0.0000 	 823.8662 	 37.0000 	 1.5472 	 0.0536 	 -0.4355 	 0.0000 	 0.0482 
2.0000 	 0.5671 	 0.1649 	 -0.0379 	 0.0000 	 840.3336 	 2.0000 	 0.6623 	 2.4597 	 0.3557 	 0.0000 	 0.4119 
8.0000 	 1.6261 	 0.2131 	 -0.0534 	 0.0000 	 838.2223 	 8.0000 	 0.3591 	 2.1759 	 -0.2194 	 0.0000 	 0.1080 
18.0000 	 1.8329 	 0.4974 	 -0.1191 	 0.0000 	 830.5915 	 18.0000 	 0.9489 	 2.4011 	 -0.1875 	 0.0000 	 0.0621 
3.0000 	 0.6799 	 0.2362 	 -0.0734 	 0.0000 	 842.2469 	 3.0000 	 1.7146 	 1.6209 	 0.2703 	 0.0000 	 0.3123 
32.0000 	 2.6922 	 0.4349 	 -0.0910 	 0.0000 	 824.8424 	 32.0000 	 1.8093 	 0.8948 	 0.0691 	 0.0000 	 0.0504 
32.0000 	 5.5909 	 8.7486 	 -9.6480 	 0.0000 	 1773.8355 	 32.0000 	 0.2735 	 2.8766 	 -0.2991 	 0.0000 	 0.0090 
8.0000 	 1.0097 	 0.5522 	 -0.1648 	 0.0000 	 842.8559 	 8.0000 	 2.8505 	 0.6513 	 0.2329 	 0.0000 	 0.0867 
39.0000 	 3.4035 	 0.3242 	 -0.0726 	 0.0000 	 823.8383 	 39.0000 	 2.8276 	 0.1941 	 0.1478 	 0.0000 	 0.0682 
21.0000 	 2.1107 	 0.4447 	 -0.1044 	 0.0000 	 828.5539 	 21.0000 	 2.9257 	 2.9341 	 -0.1631 	 0.0000 	 0.0512 
3.0000 	 0.5886 	 0.2787 	 -0.0896 	 0.0000 	 842.4407 	 3.0000 	 1.7230 	 1.2519 	 -0.3914 	 0.0000 	 0.2654 
24.0000 	 2.2640 	 0.4476 	 -0.0993 	 0.0000 	 827.2651 	 24.0000 	 1.5356 	 1.1054 	 -0.4469 	 0.0000 	 0.0699 
32.0000 	 2.7223 	 0.4257 	 -0.0966 	 0.0000 	 824.8640 	 32.0000 	 0.8121 	 2.4031 	 0.0210 	 0.0000 	 0.0396 
23.0000 	 1.9881 	 0.5735 	 -0.1275 	 0.0000 	 828.2926 	 23.0000 	 0.5589 	 2.8019 	 0.4419 	 0.0000 	 0.0442 
20.0000 	 2.2328 	 0.3680 	 -0.0973 	 0.0000 	 829.1329 	 20.0000 	 2.2385 	 0.4718 	 0.2205 	 0.0000 	 0.0587 
47.0000 	 5.9996 	 9.9981 	 10.0000 	 0.0000 	 2146.7897 	 47.0000 	 0.7851 	 0.2063 	 -0.4002 	 0.0000 	 0.1307 
24.0000 	 2.1782 	 0.5022 	 -0.1282 	 0.0000 	 827.6180 	 24.0000 	 0.1504 	 1.4417 	 -0.2828 	 0.0000 	 0.0566 
6.0000 	 1.0063 	 0.3558 	 -0.1013 	 0.0000 	 844.4121 	 6.0000 	 2.9462 	 1.2284 	 0.2564 	 0.0000 	 0.1570 
17.0000 	 1.8441 	 0.4591 	 -0.1156 	 0.0000 	 830.9780 	 17.0000 	 1.8578 	 1.7337 	 0.0287 	 0.0000 	 0.0480 
5.0000 	 1.1350 	 0.2243 	 -0.0708 	 0.0000 	 842.5215 	 5.0000 	 1.5053 	 1.3649 	 0.2488 	 0.0000 	 0.1420 
18.0000 	 1.8490 	 0.4904 	 -0.1224 	 0.0000 	 830.4637 	 18.0000 	 2.0988 	 1.7417 	 0.4618 	 0.0000 	 0.0452 
34.0000 	 2.4305 	 0.6122 	 -0.1463 	 0.0000 	 825.3780 	 34.0000 	 1.2686 	 2.0245 	 0.0569 	 0.0000 	 0.0447 
9.0000 	 1.6681 	 0.2410 	 -0.0627 	 0.0000 	 837.1050 	 9.0000 	 1.6892 	 0.2318 	 0.3382 	 0.0000 	 0.1056 
32.0000 	 2.7450 	 0.4179 	 -0.0933 	 0.0000 	 824.8483 	 32.0000 	 0.7958 	 1.0059 	 -0.4983 	 0.0000 	 0.0386 
17.0000 	 1.6612 	 0.5829 	 -0.1382 	 0.0000 	 831.7178 	 17.0000 	 1.0125 	 2.6798 	 -0.2852 	 0.0000 	 0.0560 
24.0000 	 2.2135 	 0.4750 	 -0.1034 	 0.0000 	 827.3373 	 24.0000 	 0.6105 	 2.2952 	 0.3759 	 0.0000 	 0.0485 
8.0000 	 2.8228 	 0.0975 	 -0.0290 	 0.0000 	 833.0428 	 8.0000 	 2.0840 	 2.1380 	 0.1866 	 0.0000 	 0.1755 
2.0000 	 0.2449 	 0.4037 	 -0.1308 	 0.0000 	 843.2667 	 2.0000 	 0.6190 	 2.8040 	 -0.1729 	 0.0000 	 0.2414 
3.0000 	 0.5947 	 0.2741 	 -0.0775 	 0.0000 	 842.9888 	 3.0000 	 2.6955 	 0.7125 	 0.3502 	 0.0000 	 0.2944 
9.0000 	 2.2836 	 0.1476 	 -0.0390 	 0.0000 	 834.6406 	 9.0000 	 0.2613 	 2.3839 	 0.1395 	 0.0000 	 0.1163 
22.0000 	 2.0694 	 0.4988 	 -0.1220 	 0.0000 	 828.2092 	 22.0000 	 2.5460 	 1.4963 	 0.4209 	 0.0000 	 0.0454 
2.0000 	 0.5908 	 0.1567 	 -0.0414 	 0.0000 	 839.9696 	 2.0000 	 0.8165 	 0.1781 	 0.0340 	 0.0000 	 0.5014 
17.0000 	 2.3937 	 0.2596 	 -0.0592 	 0.0000 	 830.3449 	 17.0000 	 1.5588 	 2.3629 	 -0.2417 	 0.0000 	 0.0699 
39.0000 	 2.8441 	 0.4980 	 -0.1129 	 0.0000 	 823.7084 	 39.0000 	 2.0605 	 1.1950 	 -0.3092 	 0.0000 	 0.0426 
9.0000 	 1.6600 	 0.2485 	 -0.0669 	 0.0000 	 837.4526 	 9.0000 	 2.3511 	 1.1414 	 -0.3100 	 0.0000 	 0.0893 
47.0000 	 3.0594 	 0.5265 	 -0.1125 	 0.0000 	 822.8148 	 47.0000 	 0.9271 	 1.2025 	 0.0578 	 0.0000 	 0.0380 
2.0000 	 0.3806 	 0.2515 	 -0.0703 	 0.0000 	 839.3155 	 2.0000 	 1.2702 	 1.9584 	 0.1714 	 0.0000 	 0.3454 
19.0000 	 2.0866 	 0.3979 	 -0.0920 	 0.0000 	 829.4401 	 19.0000 	 1.4207 	 2.3574 	 -0.4021 	 0.0000 	 0.0464 
24.0000 	 2.1743 	 0.4936 	 -0.1148 	 0.0000 	 827.4375 	 24.0000 	 0.6770 	 1.2671 	 0.2490 	 0.0000 	 0.0392 
7.0000 	 1.9798 	 0.1347 	 -0.0353 	 0.0000 	 835.8927 	 7.0000 	 2.5655 	 0.5965 	 -0.4528 	 0.0000 	 0.1484 
17.0000 	 1.8922 	 0.4331 	 -0.1087 	 0.0000 	 830.9314 	 17.0000 	 0.2525 	 1.1564 	 0.2993 	 0.0000 	 0.0671 
4.0000 	 0.5401 	 0.5296 	 -0.1963 	 0.0000 	 849.0860 	 4.0000 	 0.7533 	 1.7669 	 -0.2620 	 0.0000 	 0.2311 
32.0000 	 2.7848 	 0.4034 	 -0.0921 	 0.0000 	 824.8891 	 32.0000 	 2.7132 	 1.1658 	 -0.1290 	 0.0000 	 0.0489 
9.0000 	 1.5132 	 0.2881 	 -0.0758 	 0.0000 	 838.0804 	 9.0000 	 0.0116 	 1.1569 	 0.2132 	 0.0000 	 0.0858 
2.0000 	 0.3721 	 0.2540 	 -0.0753 	 0.0000 	 840.1442 	 2.0000 	 1.3380 	 1.9579 	 -0.4438 	 0.0000 	 0.3094 
39.0000 	 2.6954 	 0.5711 	 -0.1318 	 0.0000 	 824.0978 	 39.0000 	 0.4669 	 0.6029 	 -0.1905 	 0.0000 	 0.0356 
24.0000 	 2.1379 	 0.5088 	 -0.1071 	 0.0000 	 827.6105 	 24.0000 	 0.7305 	 1.2406 	 0.0071 	 0.0000 	 0.0494 
17.0000 	 1.8696 	 0.4402 	 -0.1077 	 0.0000 	 830.9284 	 17.0000 	 1.5032 	 0.1614 	 0.4271 	 0.0000 	 0.0462 
32.0000 	 2.7495 	 0.4168 	 -0.0921 	 0.0000 	 824.8418 	 32.0000 	 1.8695 	 2.9454 	 0.0869 	 0.0000 	 0.0405 
9.0000 	 1.7363 	 0.2267 	 -0.0696 	 0.0000 	 837.0361 	 9.0000 	 2.6435 	 2.7990 	 0.3320 	 0.0000 	 0.1151 
2.0000 	 0.2771 	 0.3600 	 -0.1162 	 0.0000 	 842.1610 	 2.0000 	 2.1187 	 1.6849 	 0.4428 	 0.0000 	 0.2662 
47.0000 	 3.3336 	 0.4334 	 -0.0941 	 0.0000 	 822.5263 	 47.0000 	 1.6657 	 1.3675 	 0.1244 	 0.0000 	 0.0365 
24.0000 	 2.2409 	 0.4598 	 -0.1058 	 0.0000 	 827.3148 	 24.0000 	 2.9853 	 2.4630 	 -0.1034 	 0.0000 	 0.0439 
46.0000 	 5.9868 	 9.9722 	 -10.0000 	 0.0000 	 2013.7024 	 46.0000 	 0.4707 	 0.8921 	 0.4118 	 0.0000 	 0.2675 
46.0000 	 3.5570 	 0.3654 	 -0.0833 	 0.0000 	 822.7572 	 46.0000 	 2.8472 	 1.4934 	 0.2836 	 0.0000 	 0.1314 
17.0000 	 2.2552 	 0.2942 	 -0.0692 	 0.0000 	 830.4944 	 17.0000 	 1.3585 	 1.3584 	 0.4582 	 0.0000 	 0.0606 
46.0000 	 3.3818 	 0.4104 	 -0.0959 	 0.0000 	 822.5853 	 46.0000 	 2.9831 	 0.1579 	 0.2010 	 0.0000 	 0.0516 
39.0000 	 5.3383 	 8.7516 	 9.6298 	 0.0000 	 2080.2183 	 39.0000 	 0.0379 	 0.1002 	 0.3315 	 0.0000 	 0.0170 
46.0000 	 3.1220 	 0.4913 	 -0.1093 	 0.0000 	 822.6475 	 46.0000 	 0.2837 	 1.3479 	 -0.2438 	 0.0000 	 0.0448 
9.0000 	 1.0856 	 0.5803 	 -0.1611 	 0.0000 	 841.2848 	 9.0000 	 0.8171 	 0.9520 	 0.2430 	 0.0000 	 0.0746 
46.0000 	 3.3410 	 0.4157 	 -0.0906 	 0.0000 	 822.6474 	 46.0000 	 1.0664 	 1.4650 	 0.3889 	 0.0000 	 0.0365 
2.0000 	 0.3245 	 0.2953 	 -0.1011 	 0.0000 	 841.7843 	 2.0000 	 0.4732 	 1.9529 	 0.3333 	 0.0000 	 0.3397 
46.0000 	 3.3851 	 0.4018 	 -0.0841 	 0.0000 	 822.6397 	 46.0000 	 1.9039 	 2.6133 	 -0.0591 	 0.0000 	 0.0352 
32.0000 	 2.7526 	 0.4173 	 -0.0938 	 0.0000 	 824.8191 	 32.0000 	 0.1013 	 2.4925 	 -0.2260 	 0.0000 	 0.0514 
47.0000 	 3.4316 	 0.4015 	 -0.0854 	 0.0000 	 822.4943 	 47.0000 	 1.6926 	 1.7738 	 0.0617 	 0.0000 	 0.0349 
40.0000 	 3.1662 	 0.3962 	 -0.0857 	 0.0000 	 823.3660 	 40.0000 	 1.6978 	 0.8953 	 -0.0955 	 0.0000 	 0.0506 
40.0000 	 2.8305 	 0.5149 	 -0.1067 	 0.0000 	 823.6685 	 40.0000 	 0.9103 	 1.3851 	 0.4543 	 0.0000 	 0.0456 
46.0000 	 3.2196 	 0.4560 	 -0.0990 	 0.0000 	 822.6162 	 46.0000 	 0.3594 	 2.3174 	 -0.0598 	 0.0000 	 0.0462 
31.0000 	 5.5783 	 9.9385 	 -6.1280 	 0.0000 	 1962.2722 	 31.0000 	 2.5366 	 2.9850 	 -0.3715 	 0.0000 	 0.0013 
46.0000 	 3.3866 	 0.4075 	 -0.0913 	 0.0000 	 822.6690 	 46.0000 	 0.6894 	 0.8814 	 -0.1728 	 0.0000 	 0.0378 
40.0000 	 3.1606 	 0.3990 	 -0.0881 	 0.0000 	 823.4395 	 40.0000 	 1.2101 	 0.2644 	 -0.2728 	 0.0000 	 0.0386 
40.0000 	 2.8494 	 0.5019 	 -0.1082 	 0.0000 	 823.5975 	 40.0000 	 2.0384 	 0.4569 	 0.4137 	 0.0000 	 0.0338 
24.0000 	 2.4341 	 0.3823 	 -0.0863 	 0.0000 	 827.1619 	 24.0000 	 0.9438 	 1.7726 	 -0.3246 	 0.0000 	 0.0553 
40.0000 	 3.0076 	 0.4508 	 -0.1015 	 0.0000 	 823.3827 	 40.0000 	 1.2465 	 0.3395 	 0.0211 	 0.0000 	 0.0347 
31.0000 	 2.3856 	 0.5551 	 -0.1212 	 0.0000 	 825.5242 	 31.0000 	 1.1683 	 2.4497 	 -0.2139 	 0.0000 	 0.0384 
17.0000 	 2.3673 	 0.2653 	 -0.0626 	 0.0000 	 830.3283 	 17.0000 	 2.7903 	 0.2700 	 0.3385 	 0.0000 	 0.0638 
39.0000 	 2.9948 	 0.4362 	 -0.0917 	 0.0000 	 823.5750 	 39.0000 	 2.2503 	 1.7822 	 -0.2964 	 0.0000 	 0.0412 
25.0000 	 2.5466 	 0.3618 	 -0.0818 	 0.0000 	 826.7812 	 25.0000 	 0.7404 	 2.9619 	 -0.2654 	 0.0000 	 0.0572 
40.0000 	 2.8794 	 0.4993 	 -0.1255 	 0.0000 	 823.5843 	 40.0000 	 1.3628 	 1.0963 	 -0.3655 	 0.0000 	 0.0624 
46.0000 	 3.2939 	 0.4301 	 -0.0944 	 0.0000 	 822.7228 	 46.0000 	 1.1251 	 1.5372 	 0.3980 	 0.0000 	 0.0411 
31.0000 	 2.3869 	 0.5557 	 -0.1203 	 0.0000 	 825.5676 	 31.0000 	 2.4433 	 0.6884 	 -0.4508 	 0.0000 	 0.0386 
9.0000 	 2.2882 	 0.1412 	 -0.0364 	 0.0000 	 834.1793 	 9.0000 	 2.4470 	 0.8485 	 0.0772 	 0.0000 	 0.1066 
14.0000 	 2.0434 	 0.2868 	 -0.0713 	 0.0000 	 832.5008 	 14.0000 	 2.1099 	 1.6195 	 -0.2246 	 0.0000 	 0.0621 
2.0000 	 0.2601 	 0.3605 	 -0.1178 	 0.0000 	 842.8754 	 2.0000 	 0.9003 	 1.2002 	 0.0375 	 0.0000 	 0.2383 
25.0000 	 2.4735 	 0.3924 	 -0.0937 	 0.0000 	 826.7394 	 25.0000 	 2.2080 	 2.3538 	 -0.4334 	 0.0000 	 0.0628 
46.0000 	 3.2263 	 0.4505 	 -0.0971 	 0.0000 	 822.6472 	 46.0000 	 1.9354 	 2.5549 	 -0.2743 	 0.0000 	 0.0363 
25.0000 	 2.3032 	 0.4542 	 -0.1048 	 0.0000 	 826.9590 	 25.0000 	 0.2028 	 0.6712 	 0.1531 	 0.0000 	 0.0507 
31.0000 	 2.5397 	 0.4768 	 -0.1044 	 0.0000 	 825.1621 	 31.0000 	 1.8232 	 1.7557 	 0.3114 	 0.0000 	 0.0513 
15.0000 	 1.5456 	 0.5761 	 -0.1497 	 0.0000 	 833.3674 	 15.0000 	 2.3890 	 2.3940 	 0.0022 	 0.0000 	 0.0527 
31.0000 	 2.4138 	 0.5425 	 -0.1182 	 0.0000 	 825.4667 	 31.0000 	 0.9830 	 2.7058 	 -0.4382 	 0.0000 	 0.0401 
40.0000 	 2.9485 	 0.4688 	 -0.1006 	 0.0000 	 823.4262 	 40.0000 	 2.0577 	 1.6404 	 0.4307 	 0.0000 	 0.0335 
40.0000 	 2.8743 	 0.4998 	 -0.1096 	 0.0000 	 823.5301 	 40.0000 	 2.6126 	 0.6874 	 0.4464 	 0.0000 	 0.0359 
12.0000 	 1.3449 	 0.5635 	 -0.1451 	 0.0000 	 836.4449 	 12.0000 	 0.0760 	 0.9956 	 0.1997 	 0.0000 	 0.0677 
31.0000 	 2.3759 	 0.5660 	 -0.1305 	 0.0000 	 825.5911 	 31.0000 	 2.0927 	 2.8272 	 -0.2062 	 0.0000 	 0.0373 
32.0000 	 2.7993 	 0.4013 	 -0.0898 	 0.0000 	 824.8367 	 32.0000 	 1.6439 	 1.3652 	 -0.0698 	 0.0000 	 0.0479 
15.0000 	 1.7803 	 0.4108 	 -0.0986 	 0.0000 	 832.3724 	 15.0000 	 2.6539 	 1.0894 	 0.3610 	 0.0000 	 0.0563 
11.0000 	 1.8411 	 0.3406 	 -0.1465 	 0.0000 	 833.6262 	 11.0000 	 1.1610 	 1.1304 	 0.0195 	 0.0000 	 0.1263 
25.0000 	 2.3327 	 0.4421 	 -0.1022 	 0.0000 	 826.8722 	 25.0000 	 2.1003 	 0.0700 	 -0.1430 	 0.0000 	 0.0509 
40.0000 	 3.0563 	 0.4250 	 -0.0897 	 0.0000 	 823.4137 	 40.0000 	 0.6481 	 1.8177 	 -0.4969 	 0.0000 	 0.0471 
25.0000 	 2.1017 	 0.5625 	 -0.1288 	 0.0000 	 827.4235 	 25.0000 	 1.5895 	 0.1959 	 -0.2807 	 0.0000 	 0.0381 
45.0000 	 3.1514 	 0.4615 	 -0.1006 	 0.0000 	 822.7245 	 45.0000 	 0.1128 	 0.6700 	 0.4445 	 0.0000 	 0.0356 
24.0000 	 2.0357 	 0.5719 	 -0.1416 	 0.0000 	 827.9403 	 24.0000 	 1.8377 	 0.6407 	 0.1975 	 0.0000 	 0.5016 
11.0000 	 2.0270 	 0.2115 	 -0.0562 	 0.0000 	 834.4422 	 11.0000 	 0.6165 	 1.1444 	 0.3737 	 0.0000 	 0.0782 
45.0000 	 3.1906 	 0.4537 	 -0.0954 	 0.0000 	 822.7748 	 45.0000 	 1.4538 	 0.2528 	 -0.3600 	 0.0000 	 0.0369 
25.0000 	 2.4318 	 0.3995 	 -0.0915 	 0.0000 	 826.7787 	 25.0000 	 2.2020 	 1.0033 	 0.1725 	 0.0000 	 0.0407 
15.0000 	 1.6311 	 0.4913 	 -0.1171 	 0.0000 	 832.8741 	 15.0000 	 0.9860 	 0.5166 	 -0.1889 	 0.0000 	 0.0552 
31.0000 	 2.7627 	 0.3957 	 -0.0873 	 0.0000 	 825.0415 	 31.0000 	 1.2685 	 0.6425 	 0.0988 	 0.0000 	 0.0521 
14.0000 	 1.8358 	 0.3517 	 -0.0923 	 0.0000 	 833.0812 	 14.0000 	 2.4930 	 1.5992 	 -0.0851 	 0.0000 	 0.0667 
17.0000 	 2.4570 	 0.2515 	 -0.0621 	 0.0000 	 830.3146 	 17.0000 	 2.7566 	 1.3117 	 -0.3437 	 0.0000 	 0.0596 
40.0000 	 3.1932 	 0.3768 	 -0.0821 	 0.0000 	 823.4840 	 40.0000 	 2.2734 	 1.1761 	 0.0408 	 0.0000 	 0.0642 
31.0000 	 2.8925 	 0.3569 	 -0.0798 	 0.0000 	 825.1232 	 31.0000 	 2.6416 	 2.5767 	 -0.3433 	 0.0000 	 0.0501 
31.0000 	 2.2768 	 0.6280 	 -0.1265 	 0.0000 	 826.3224 	 31.0000 	 0.1742 	 2.6551 	 0.4470 	 0.0000 	 0.0759 
11.0000 	 1.3157 	 0.5119 	 -0.1414 	 0.0000 	 837.4711 	 11.0000 	 0.8086 	 1.6868 	 -0.3043 	 0.0000 	 0.0615 
15.0000 	 2.4441 	 0.2171 	 -0.0547 	 0.0000 	 831.2813 	 15.0000 	 1.0592 	 0.3392 	 -0.2661 	 0.0000 	 0.0574 
45.0000 	 3.2420 	 0.4380 	 -0.0937 	 0.0000 	 822.7175 	 45.0000 	 0.9278 	 2.1699 	 0.3783 	 0.0000 	 0.0469 
12.0000 	 1.5499 	 0.4119 	 -0.1113 	 0.0000 	 835.4956 	 12.0000 	 0.7270 	 1.3726 	 0.0156 	 0.0000 	 0.0677 
9.0000 	 1.0751 	 0.6015 	 -0.1750 	 0.0000 	 841.2692 	 9.0000 	 2.3429 	 1.9058 	 -0.0781 	 0.0000 	 0.0768 
2.0000 	 0.2949 	 0.3358 	 -0.1166 	 0.0000 	 841.9778 	 2.0000 	 2.6730 	 0.4955 	 -0.1503 	 0.0000 	 0.3546 
25.0000 	 2.3974 	 0.4152 	 -0.0952 	 0.0000 	 826.8408 	 25.0000 	 2.3003 	 0.5407 	 -0.4673 	 0.0000 	 0.0440 
11.0000 	 2.0156 	 0.2187 	 -0.0555 	 0.0000 	 834.5982 	 11.0000 	 2.6502 	 2.9606 	 -0.2282 	 0.0000 	 0.0973 
14.0000 	 1.7272 	 0.3996 	 -0.0996 	 0.0000 	 833.3785 	 14.0000 	 0.6156 	 0.8869 	 0.3327 	 0.0000 	 0.0730 
25.0000 	 2.3338 	 0.4395 	 -0.0979 	 0.0000 	 826.9423 	 25.0000 	 2.0492 	 2.3581 	 0.1895 	 0.0000 	 0.0420 
45.0000 	 2.9414 	 0.5552 	 -0.1235 	 0.0000 	 823.2133 	 45.0000 	 0.6227 	 1.3756 	 0.3297 	 0.0000 	 0.0370 
41.0000 	 2.9261 	 0.4920 	 -0.1072 	 0.0000 	 823.3704 	 41.0000 	 1.3283 	 1.7553 	 -0.4248 	 0.0000 	 0.0386 
31.0000 	 2.6649 	 0.4227 	 -0.0914 	 0.0000 	 825.0645 	 31.0000 	 1.1886 	 1.0282 	 0.2654 	 0.0000 	 0.0493 
12.0000 	 1.3509 	 0.5580 	 -0.1434 	 0.0000 	 836.4791 	 12.0000 	 0.0558 	 0.6305 	 -0.0253 	 0.0000 	 0.0647 
41.0000 	 3.1279 	 0.4213 	 -0.0923 	 0.0000 	 823.2485 	 41.0000 	 1.5013 	 2.9089 	 0.1024 	 0.0000 	 0.0420 
15.0000 	 2.1415 	 0.2756 	 -0.0659 	 0.0000 	 831.7477 	 15.0000 	 0.2296 	 2.2310 	 -0.0837 	 0.0000 	 0.0553 
25.0000 	 2.2434 	 0.4891 	 -0.1153 	 0.0000 	 826.9918 	 25.0000 	 1.7907 	 1.7803 	 0.2466 	 0.0000 	 0.0435 
30.0000 	 2.6261 	 0.4271 	 -0.0946 	 0.0000 	 825.3367 	 30.0000 	 0.1923 	 2.8756 	 -0.0105 	 0.0000 	 0.0578 
11.0000 	 2.0445 	 0.2178 	 -0.0543 	 0.0000 	 834.4930 	 11.0000 	 0.1081 	 2.5205 	 -0.4692 	 0.0000 	 0.0895 
14.0000 	 1.9715 	 0.3105 	 -0.0835 	 0.0000 	 832.7212 	 14.0000 	 0.5021 	 2.1076 	 -0.2500 	 0.0000 	 0.0639 
25.0000 	 2.0765 	 0.5874 	 -0.1396 	 0.0000 	 827.5469 	 25.0000 	 1.3085 	 1.9925 	 -0.2499 	 0.0000 	 0.0405 
30.0000 	 2.5701 	 0.4515 	 -0.1039 	 0.0000 	 825.3614 	 30.0000 	 2.1125 	 0.8423 	 -0.1303 	 0.0000 	 0.0383 
14.0000 	 1.4520 	 0.6023 	 -0.1576 	 0.0000 	 834.3636 	 14.0000 	 2.8916 	 1.7803 	 0.1209 	 0.0000 	 0.0557 
12.0000 	 1.8884 	 0.2758 	 -0.0750 	 0.0000 	 834.3484 	 12.0000 	 2.1067 	 2.2721 	 0.4528 	 0.0000 	 0.0698 
45.0000 	 3.0676 	 0.4972 	 -0.1080 	 0.0000 	 822.8716 	 45.0000 	 0.7588 	 0.9825 	 0.3972 	 0.0000 	 0.0353 
41.0000 	 2.5940 	 0.6775 	 -0.1651 	 0.0000 	 824.8685 	 41.0000 	 0.9502 	 1.0694 	 -0.0421 	 0.0000 	 0.0401 
44.0000 	 3.2372 	 0.4255 	 -0.0924 	 0.0000 	 822.7858 	 44.0000 	 1.3638 	 2.5284 	 -0.0664 	 0.0000 	 0.0406 
26.0000 	 2.0411 	 0.6418 	 -0.1509 	 0.0000 	 827.5629 	 26.0000 	 1.1548 	 0.0641 	 -0.3147 	 0.0000 	 0.0368 
26.0000 	 2.6549 	 0.3471 	 -0.0815 	 0.0000 	 826.5770 	 26.0000 	 0.0556 	 0.9061 	 -0.3123 	 0.0000 	 0.0462 
12.0000 	 2.4397 	 0.1718 	 -0.0435 	 0.0000 	 832.5159 	 12.0000 	 0.2263 	 2.8020 	 -0.1374 	 0.0000 	 0.0984 
45.0000 	 3.0418 	 0.5038 	 -0.1118 	 0.0000 	 822.9459 	 45.0000 	 2.7817 	 0.0882 	 -0.3180 	 0.0000 	 0.0417 
45.0000 	 3.2031 	 0.4455 	 -0.0922 	 0.0000 	 822.7766 	 45.0000 	 2.7223 	 0.6752 	 -0.2589 	 0.0000 	 0.0399 
45.0000 	 3.0390 	 0.5116 	 -0.1148 	 0.0000 	 822.9350 	 45.0000 	 0.7752 	 1.4197 	 0.2021 	 0.0000 	 0.0395 
16.0000 	 2.1745 	 0.2924 	 -0.0710 	 0.0000 	 831.1610 	 16.0000 	 0.2543 	 0.3494 	 -0.1482 	 0.0000 	 0.0562 
16.0000 	 1.8172 	 0.4309 	 -0.1079 	 0.0000 	 831.5648 	 16.0000 	 1.4085 	 2.3548 	 0.2933 	 0.0000 	 0.0520 
30.0000 	 2.5110 	 0.4767 	 -0.1116 	 0.0000 	 825.4689 	 30.0000 	 1.5338 	 1.1365 	 0.4180 	 0.0000 	 0.0421 
10.0000 	 3.2267 	 0.0953 	 -0.0256 	 0.0000 	 831.3362 	 10.0000 	 2.8100 	 0.4889 	 0.0326 	 0.0000 	 0.0937 
10.0000 	 1.5472 	 0.3168 	 -0.0840 	 0.0000 	 837.2091 	 10.0000 	 0.5948 	 1.0388 	 0.1460 	 0.0000 	 0.0689 
1.0000 	 0.1155 	 0.2356 	 -0.0681 	 0.0000 	 841.6013 	 1.0000 	 1.2088 	 2.7014 	 0.4315 	 0.0000 	 0.7631 
1.0000 	 0.0511 	 0.3596 	 -0.1034 	 0.0000 	 841.4234 	 1.0000 	 1.1255 	 1.6181 	 0.2587 	 0.0000 	 0.3212 
41.0000 	 3.1168 	 0.4225 	 -0.0879 	 0.0000 	 823.1800 	 41.0000 	 0.8587 	 0.2861 	 -0.1989 	 0.0000 	 0.0384 
45.0000 	 3.1719 	 0.4580 	 -0.0986 	 0.0000 	 822.7776 	 45.0000 	 1.6253 	 2.8753 	 -0.3195 	 0.0000 	 0.0390 
41.0000 	 5.9868 	 9.9722 	 10.0000 	 0.0000 	 2112.9559 	 41.0000 	 0.4186 	 2.2640 	 -0.2572 	 0.0000 	 0.2774 
44.0000 	 3.4517 	 0.3671 	 -0.0789 	 0.0000 	 822.8683 	 44.0000 	 1.8593 	 0.2468 	 0.1886 	 0.0000 	 0.0484 
41.0000 	 3.2378 	 0.3890 	 -0.0838 	 0.0000 	 823.2130 	 41.0000 	 2.3161 	 1.5982 	 0.4095 	 0.0000 	 0.0337 
26.0000 	 2.4305 	 0.4187 	 -0.0929 	 0.0000 	 826.4412 	 26.0000 	 1.8307 	 2.2781 	 -0.1742 	 0.0000 	 0.0426 
45.0000 	 3.4502 	 0.3769 	 -0.0820 	 0.0000 	 822.7335 	 45.0000 	 2.1248 	 1.4725 	 -0.1476 	 0.0000 	 0.0412 
42.0000 	 3.0238 	 0.4713 	 -0.1020 	 0.0000 	 823.1407 	 42.0000 	 1.1730 	 0.0950 	 -0.1456 	 0.0000 	 0.0445 
41.0000 	 3.1205 	 0.4244 	 -0.0928 	 0.0000 	 823.2020 	 41.0000 	 0.5190 	 1.1755 	 0.4446 	 0.0000 	 0.0465 
41.0000 	 3.0442 	 0.4472 	 -0.1010 	 0.0000 	 823.2474 	 41.0000 	 2.6106 	 0.5598 	 0.4578 	 0.0000 	 0.0359 
30.0000 	 2.6779 	 0.4084 	 -0.0853 	 0.0000 	 825.3827 	 30.0000 	 2.0753 	 0.4880 	 0.2322 	 0.0000 	 0.0666 
30.0000 	 2.6029 	 0.4414 	 -0.1011 	 0.0000 	 825.3609 	 30.0000 	 0.4587 	 2.5078 	 -0.0884 	 0.0000 	 0.0429 
16.0000 	 2.5147 	 0.2216 	 -0.0551 	 0.0000 	 830.7035 	 16.0000 	 0.4354 	 2.4038 	 -0.4677 	 0.0000 	 0.0631 
10.0000 	 1.1886 	 0.5567 	 -0.1527 	 0.0000 	 839.3293 	 10.0000 	 2.5976 	 1.6173 	 0.0330 	 0.0000 	 0.0611 
1.0000 	 0.0415 	 0.3951 	 -0.1294 	 0.0000 	 842.7842 	 1.0000 	 0.3699 	 1.7350 	 -0.1161 	 0.0000 	 0.3518 
41.0000 	 3.3665 	 0.3671 	 -0.0887 	 0.0000 	 823.4208 	 41.0000 	 0.6169 	 2.0993 	 -0.3909 	 0.0000 	 0.0938 
30.0000 	 2.5599 	 0.4520 	 -0.1035 	 0.0000 	 825.3854 	 30.0000 	 2.4310 	 2.4810 	 0.3371 	 0.0000 	 0.0432 
29.0000 	 2.5281 	 0.4479 	 -0.1017 	 0.0000 	 825.6244 	 29.0000 	 2.4788 	 1.8140 	 -0.2569 	 0.0000 	 0.0401 
44.0000 	 3.1449 	 0.4575 	 -0.1016 	 0.0000 	 822.8822 	 44.0000 	 2.1859 	 2.5712 	 0.3952 	 0.0000 	 0.0422 
30.0000 	 2.7040 	 0.3998 	 -0.0906 	 0.0000 	 825.3101 	 30.0000 	 0.4651 	 0.6728 	 -0.3292 	 0.0000 	 0.0379 
30.0000 	 2.4641 	 0.4959 	 -0.1149 	 0.0000 	 825.4793 	 30.0000 	 1.3833 	 0.7632 	 0.0322 	 0.0000 	 0.0399 
42.0000 	 3.2752 	 0.3929 	 -0.0851 	 0.0000 	 823.1654 	 42.0000 	 1.6928 	 2.1476 	 0.3293 	 0.0000 	 0.0415 
26.0000 	 2.1871 	 0.5453 	 -0.1260 	 0.0000 	 827.0003 	 26.0000 	 1.0802 	 1.4822 	 -0.0939 	 0.0000 	 0.0501 
26.0000 	 2.1952 	 0.5360 	 -0.1189 	 0.0000 	 826.9005 	 26.0000 	 1.1615 	 1.0522 	 0.1564 	 0.0000 	 0.0314 
41.0000 	 3.0811 	 0.4255 	 -0.0920 	 0.0000 	 823.3178 	 41.0000 	 1.3957 	 2.1897 	 0.3968 	 0.0000 	 0.0455 
16.0000 	 1.8791 	 0.3941 	 -0.0976 	 0.0000 	 831.4731 	 16.0000 	 0.1486 	 1.6490 	 -0.0002 	 0.0000 	 0.0547 
30.0000 	 2.4849 	 0.4824 	 -0.1046 	 0.0000 	 825.4388 	 30.0000 	 0.4064 	 1.7324 	 0.1850 	 0.0000 	 0.0478 
26.0000 	 1.9825 	 0.6932 	 -0.1650 	 0.0000 	 828.2025 	 26.0000 	 0.6152 	 0.4307 	 -0.2990 	 0.0000 	 0.0479 
16.0000 	 1.9112 	 0.3845 	 -0.0898 	 0.0000 	 831.4251 	 16.0000 	 1.3147 	 1.5176 	 0.4023 	 0.0000 	 0.0536 
44.0000 	 5.9868 	 9.9722 	 10.0000 	 0.0000 	 2148.6326 	 44.0000 	 0.4360 	 1.9986 	 -0.1254 	 0.0000 	 0.1287 
26.0000 	 2.4356 	 0.4229 	 -0.0949 	 0.0000 	 826.4979 	 26.0000 	 1.2904 	 1.1304 	 -0.0589 	 0.0000 	 0.0466 
26.0000 	 2.2709 	 0.4964 	 -0.1147 	 0.0000 	 826.7795 	 26.0000 	 0.7312 	 0.4431 	 -0.1154 	 0.0000 	 0.0302 
10.0000 	 1.3557 	 0.4256 	 -0.1122 	 0.0000 	 838.3440 	 10.0000 	 2.0983 	 1.0097 	 0.3545 	 0.0000 	 0.0672 
27.0000 	 2.4628 	 0.4294 	 -0.0938 	 0.0000 	 826.2189 	 27.0000 	 1.3114 	 2.9796 	 0.4171 	 0.0000 	 0.0372 
1.0000 	 0.0769 	 0.2974 	 -0.0775 	 0.0000 	 840.1615 	 1.0000 	 1.6122 	 0.1450 	 0.2209 	 0.0000 	 0.4224 
29.0000 	 2.6590 	 0.3971 	 -0.0901 	 0.0000 	 825.5757 	 29.0000 	 1.0235 	 1.0552 	 0.3429 	 0.0000 	 0.0504 
10.0000 	 1.2881 	 0.4723 	 -0.1238 	 0.0000 	 838.6598 	 10.0000 	 1.8032 	 0.4819 	 0.4538 	 0.0000 	 0.0733 
1.0000 	 0.0453 	 0.3700 	 -0.1160 	 0.0000 	 841.8056 	 1.0000 	 1.7947 	 1.0318 	 0.1418 	 0.0000 	 0.4347 
16.0000 	 3.5019 	 0.1251 	 -0.0336 	 0.0000 	 829.8032 	 16.0000 	 2.2235 	 0.8804 	 0.2679 	 0.0000 	 0.0915 
16.0000 	 2.5174 	 0.2198 	 -0.0546 	 0.0000 	 830.7967 	 16.0000 	 0.7544 	 2.6475 	 -0.1515 	 0.0000 	 0.0618 
16.0000 	 1.9928 	 0.3544 	 -0.0863 	 0.0000 	 831.3796 	 16.0000 	 0.6857 	 1.3877 	 -0.0263 	 0.0000 	 0.0488 
14.0000 	 2.1889 	 0.2476 	 -0.0644 	 0.0000 	 832.4125 	 14.0000 	 1.3370 	 2.4445 	 0.1823 	 0.0000 	 0.0753 
26.0000 	 2.5005 	 0.3956 	 -0.0882 	 0.0000 	 826.4109 	 26.0000 	 0.2988 	 1.3596 	 -0.3133 	 0.0000 	 0.0502 
30.0000 	 2.5041 	 0.4790 	 -0.1093 	 0.0000 	 825.2630 	 30.0000 	 1.4557 	 0.2808 	 -0.4293 	 0.0000 	 0.0442 
10.0000 	 1.2758 	 0.4786 	 -0.1280 	 0.0000 	 838.6612 	 10.0000 	 0.6388 	 2.4325 	 0.3361 	 0.0000 	 0.0759 
44.0000 	 3.1636 	 0.4500 	 -0.0939 	 0.0000 	 822.8864 	 44.0000 	 2.6598 	 0.9073 	 0.4200 	 0.0000 	 0.0755 
1.0000 	 0.0364 	 0.4316 	 -0.1390 	 0.0000 	 844.5011 	 1.0000 	 0.4535 	 1.6773 	 0.3160 	 0.0000 	 0.3347 
10.0000 	 1.2049 	 0.5427 	 -0.1535 	 0.0000 	 839.2697 	 10.0000 	 0.4959 	 2.1171 	 0.2489 	 0.0000 	 0.0799 
27.0000 	 2.4537 	 0.4342 	 -0.0979 	 0.0000 	 826.1780 	 27.0000 	 1.5113 	 1.5782 	 -0.1221 	 0.0000 	 0.0428 
12.0000 	 1.8032 	 0.2995 	 -0.0724 	 0.0000 	 834.5605 	 12.0000 	 1.4030 	 2.7943 	 -0.4873 	 0.0000 	 0.0549 
10.0000 	 1.4413 	 0.3739 	 -0.1056 	 0.0000 	 837.7993 	 10.0000 	 2.2193 	 1.1208 	 -0.2109 	 0.0000 	 0.0670 
1.0000 	 0.0509 	 0.3503 	 -0.1222 	 0.0000 	 841.5639 	 1.0000 	 0.4385 	 1.1957 	 -0.0720 	 0.0000 	 0.3529 
16.0000 	 2.1137 	 0.3097 	 -0.0716 	 0.0000 	 831.1570 	 16.0000 	 1.7389 	 0.9182 	 0.3099 	 0.0000 	 0.0613 
1.0000 	 0.0379 	 0.4220 	 -0.1229 	 0.0000 	 843.6903 	 1.0000 	 0.1077 	 1.1648 	 0.4838 	 0.0000 	 0.3348 
26.0000 	 2.7526 	 0.3277 	 -0.0720 	 0.0000 	 826.6891 	 26.0000 	 2.6288 	 0.7671 	 0.0447 	 0.0000 	 0.0523 
42.0000 	 3.1671 	 0.4219 	 -0.0902 	 0.0000 	 823.1798 	 42.0000 	 1.0090 	 1.1456 	 -0.2947 	 0.0000 	 0.0355 
10.0000 	 2.6317 	 0.1265 	 -0.0337 	 0.0000 	 832.8868 	 10.0000 	 2.2089 	 1.1603 	 0.0037 	 0.0000 	 0.1256 
14.0000 	 1.7710 	 0.3822 	 -0.0969 	 0.0000 	 833.0847 	 14.0000 	 0.8375 	 0.8729 	 0.0512 	 0.0000 	 0.0647 
1.0000 	 0.0432 	 0.4132 	 -0.1514 	 0.0000 	 841.1281 	 1.0000 	 2.1423 	 0.2471 	 0.2698 	 0.0000 	 0.3581 
42.0000 	 3.0866 	 0.4488 	 -0.1011 	 0.0000 	 823.1264 	 42.0000 	 0.5568 	 2.3208 	 -0.0151 	 0.0000 	 0.0403 
16.0000 	 1.7377 	 0.4769 	 -0.1112 	 0.0000 	 831.8866 	 16.0000 	 1.2931 	 1.2054 	 0.1074 	 0.0000 	 0.0716 
44.0000 	 3.0833 	 0.4770 	 -0.1056 	 0.0000 	 822.9549 	 44.0000 	 0.9872 	 1.8968 	 0.1582 	 0.0000 	 0.0394 
12.0000 	 2.2080 	 0.2033 	 -0.0521 	 0.0000 	 833.3483 	 12.0000 	 0.3554 	 0.0348 	 -0.2375 	 0.0000 	 0.0673 
44.0000 	 3.1897 	 0.4367 	 -0.0935 	 0.0000 	 822.7787 	 44.0000 	 2.3685 	 0.5870 	 0.3905 	 0.0000 	 0.0461 
10.0000 	 1.6807 	 0.2766 	 -0.0725 	 0.0000 	 836.7497 	 10.0000 	 0.3079 	 0.4604 	 0.0312 	 0.0000 	 0.0748 
1.0000 	 0.0735 	 0.2952 	 -0.0832 	 0.0000 	 840.1260 	 1.0000 	 1.0916 	 0.8692 	 0.0927 	 0.0000 	 0.4633 
42.0000 	 3.1193 	 0.4381 	 -0.0951 	 0.0000 	 823.1171 	 42.0000 	 1.7056 	 0.4616 	 0.4430 	 0.0000 	 0.0382 
29.0000 	 2.8042 	 0.3487 	 -0.0772 	 0.0000 	 825.5958 	 29.0000 	 2.1602 	 1.5223 	 0.2132 	 0.0000 	 0.0447 
29.0000 	 2.7305 	 0.3746 	 -0.0859 	 0.0000 	 825.5984 	 29.0000 	 2.5671 	 2.1609 	 -0.2114 	 0.0000 	 0.0443 
44.0000 	 3.2527 	 0.4155 	 -0.0837 	 0.0000 	 822.9084 	 44.0000 	 2.5429 	 1.7264 	 -0.0159 	 0.0000 	 0.0501 
43.0000 	 3.2151 	 0.4155 	 -0.0876 	 0.0000 	 822.9532 	 43.0000 	 0.0488 	 2.3797 	 -0.0164 	 0.0000 	 0.0483 
43.0000 	 3.0501 	 0.4779 	 -0.1077 	 0.0000 	 823.0684 	 43.0000 	 0.9056 	 1.6470 	 -0.4847 	 0.0000 	 0.0379 
27.0000 	 2.5223 	 0.4151 	 -0.0969 	 0.0000 	 826.1397 	 27.0000 	 1.7670 	 0.4410 	 -0.4524 	 0.0000 	 0.0495 
44.0000 	 3.1504 	 0.4530 	 -0.0969 	 0.0000 	 822.8425 	 44.0000 	 0.9824 	 1.6343 	 -0.4252 	 0.0000 	 0.0436 
27.0000 	 2.6319 	 0.3723 	 -0.0852 	 0.0000 	 826.1876 	 27.0000 	 2.3103 	 0.3247 	 0.1378 	 0.0000 	 0.0412 
42.0000 	 3.2224 	 0.4074 	 -0.0904 	 0.0000 	 823.1301 	 42.0000 	 1.9443 	 2.2708 	 -0.3370 	 0.0000 	 0.0379 
29.0000 	 2.1334 	 0.6730 	 -0.1513 	 0.0000 	 827.0449 	 29.0000 	 1.9843 	 1.6367 	 -0.2811 	 0.0000 	 0.0386 
43.0000 	 3.0565 	 0.4713 	 -0.1009 	 0.0000 	 823.1137 	 43.0000 	 2.9485 	 2.3574 	 0.1907 	 0.0000 	 0.0378 
14.0000 	 1.7988 	 0.3705 	 -0.0918 	 0.0000 	 832.9977 	 14.0000 	 0.7765 	 1.8227 	 0.1411 	 0.0000 	 0.1077 
13.0000 	 2.0086 	 0.2681 	 -0.0677 	 0.0000 	 833.1662 	 13.0000 	 0.1125 	 2.5420 	 -0.1032 	 0.0000 	 0.0666 
43.0000 	 3.1398 	 0.4434 	 -0.0950 	 0.0000 	 823.0418 	 43.0000 	 2.9121 	 0.3714 	 -0.3145 	 0.0000 	 0.0380 
12.0000 	 1.4351 	 0.4920 	 -0.1299 	 0.0000 	 835.9635 	 12.0000 	 2.3019 	 2.8416 	 -0.2725 	 0.0000 	 0.0696 
42.0000 	 3.0090 	 0.4745 	 -0.0968 	 0.0000 	 823.1898 	 42.0000 	 1.8058 	 0.6516 	 0.3067 	 0.0000 	 0.0408 
13.0000 	 1.7143 	 0.3649 	 -0.0884 	 0.0000 	 833.9988 	 13.0000 	 2.6210 	 0.9290 	 -0.2311 	 0.0000 	 0.0728 
27.0000 	 2.2944 	 0.5131 	 -0.1182 	 0.0000 	 826.4062 	 27.0000 	 2.3113 	 0.6165 	 -0.4334 	 0.0000 	 0.0410 
29.0000 	 2.5653 	 0.4276 	 -0.0959 	 0.0000 	 825.5113 	 29.0000 	 2.0258 	 1.8191 	 -0.3893 	 0.0000 	 0.0470 
42.0000 	 3.0077 	 0.4784 	 -0.1064 	 0.0000 	 823.1967 	 42.0000 	 0.2218 	 1.6308 	 -0.3536 	 0.0000 	 0.0305 
43.0000 	 3.1106 	 0.4548 	 -0.0957 	 0.0000 	 822.9654 	 43.0000 	 2.5879 	 2.2886 	 0.4266 	 0.0000 	 0.0344 
43.0000 	 3.3062 	 0.3960 	 -0.0880 	 0.0000 	 823.0601 	 43.0000 	 2.2615 	 1.8146 	 0.1324 	 0.0000 	 0.0483 
27.0000 	 2.6627 	 0.3664 	 -0.0764 	 0.0000 	 825.9518 	 27.0000 	 2.1778 	 1.1320 	 0.0088 	 0.0000 	 0.1688 
13.0000 	 1.5710 	 0.4498 	 -0.1168 	 0.0000 	 834.4586 	 13.0000 	 2.0003 	 2.3798 	 -0.1138 	 0.0000 	 0.0536 
43.0000 	 2.9480 	 0.5198 	 -0.1163 	 0.0000 	 823.2051 	 43.0000 	 1.8833 	 0.1561 	 -0.2843 	 0.0000 	 0.0369 
29.0000 	 2.3293 	 0.5385 	 -0.1177 	 0.0000 	 825.9861 	 29.0000 	 2.5516 	 2.1833 	 0.4833 	 0.0000 	 0.0404 
42.0000 	 2.9897 	 0.4812 	 -0.1022 	 0.0000 	 823.1875 	 42.0000 	 0.2925 	 2.4239 	 -0.4134 	 0.0000 	 0.0375 
13.0000 	 2.3934 	 0.1912 	 -0.0455 	 0.0000 	 832.3305 	 13.0000 	 1.6124 	 0.2135 	 -0.0036 	 0.0000 	 0.0763 
13.0000 	 5.2556 	 0.0592 	 -0.0152 	 0.0000 	 829.4833 	 13.0000 	 2.4233 	 0.7055 	 -0.0612 	 0.0000 	 0.1224 
43.0000 	 2.9447 	 0.5162 	 -0.1127 	 0.0000 	 823.2221 	 43.0000 	 0.0380 	 1.7478 	 0.1525 	 0.0000 	 0.0363 
28.0000 	 2.5386 	 0.4186 	 -0.0907 	 0.0000 	 825.9204 	 28.0000 	 2.9508 	 0.7412 	 0.1684 	 0.0000 	 0.0523 
29.0000 	 2.5164 	 0.4563 	 -0.1058 	 0.0000 	 825.6388 	 29.0000 	 1.2934 	 0.0815 	 0.0606 	 0.0000 	 0.0375 
43.0000 	 2.9408 	 0.5224 	 -0.1142 	 0.0000 	 823.1991 	 43.0000 	 0.4439 	 0.2008 	 -0.2183 	 0.0000 	 0.0382 
28.0000 	 2.7326 	 0.3592 	 -0.0806 	 0.0000 	 825.8950 	 28.0000 	 0.5184 	 2.0537 	 -0.3348 	 0.0000 	 0.0618 
13.0000 	 2.0902 	 0.2490 	 -0.0612 	 0.0000 	 833.0762 	 13.0000 	 1.4439 	 1.6254 	 -0.0339 	 0.0000 	 0.0759 
27.0000 	 2.5618 	 0.3958 	 -0.0878 	 0.0000 	 826.0915 	 27.0000 	 1.8236 	 1.1306 	 -0.1317 	 0.0000 	 0.0643 
27.0000 	 5.9868 	 9.9722 	 10.0000 	 0.0000 	 2108.6114 	 27.0000 	 0.8254 	 0.4144 	 -0.1224 	 0.0000 	 0.2752 
43.0000 	 3.2910 	 0.4104 	 -0.0772 	 0.0000 	 823.4073 	 43.0000 	 1.6449 	 1.3121 	 0.2376 	 0.0000 	 0.2920 
13.0000 	 1.9821 	 0.2744 	 -0.0697 	 0.0000 	 833.1843 	 13.0000 	 2.4046 	 2.1254 	 -0.3889 	 0.0000 	 0.0691 
13.0000 	 1.3465 	 0.6229 	 -0.1671 	 0.0000 	 835.6892 	 13.0000 	 2.9367 	 1.6792 	 -0.0057 	 0.0000 	 0.0694 
29.0000 	 2.5687 	 0.4291 	 -0.0959 	 0.0000 	 825.5856 	 29.0000 	 2.9649 	 2.9538 	 -0.2806 	 0.0000 	 0.0422 
28.0000 	 2.7636 	 0.3483 	 -0.0799 	 0.0000 	 825.8619 	 28.0000 	 1.3393 	 2.9070 	 0.4422 	 0.0000 	 0.0516 
28.0000 	 2.3557 	 0.5074 	 -0.1152 	 0.0000 	 826.1855 	 28.0000 	 2.8193 	 0.7255 	 -0.3613 	 0.0000 	 0.0545 
13.0000 	 2.9158 	 0.1363 	 -0.0353 	 0.0000 	 831.0196 	 13.0000 	 1.0604 	 2.0634 	 -0.4304 	 0.0000 	 0.0915 
28.0000 	 2.3292 	 0.5149 	 -0.1101 	 0.0000 	 826.2576 	 28.0000 	 1.9230 	 2.8536 	 0.1748 	 0.0000 	 0.0361 
28.0000 	 2.3627 	 0.5016 	 -0.1180 	 0.0000 	 826.0816 	 28.0000 	 0.6015 	 0.3265 	 0.2112 	 0.0000 	 0.0430 
28.0000 	 2.6632 	 0.3789 	 -0.0869 	 0.0000 	 825.9160 	 28.0000 	 1.1597 	 1.7722 	 -0.3688 	 0.0000 	 0.0510 
13.0000 	 2.4125 	 0.1875 	 -0.0481 	 0.0000 	 832.2356 	 13.0000 	 1.1395 	 1.2953 	 0.0257 	 0.0000 	 0.0611 
15.0000 	 1.7639 	 0.4133 	 -0.0943 	 0.0000 	 832.4920 	 15.0000 	 2.9963 	 1.9616 	 -0.2989 	 0.0000 	 0.0500 
15.0000 	 1.8583 	 0.3780 	 -0.0913 	 0.0000 	 832.2163 	 15.0000 	 2.0523 	 2.5957 	 -0.0524 	 0.0000 	 0.0550 
27.0000 	 2.3024 	 0.5102 	 -0.1135 	 0.0000 	 826.4097 	 27.0000 	 1.0933 	 0.7814 	 -0.0954 	 0.0000 	 0.0461 
11.0000 	 2.5452 	 0.1436 	 -0.0311 	 0.0000 	 832.9410 	 11.0000 	 0.4791 	 0.3025 	 0.0944 	 0.0000 	 0.1030 
28.0000 	 2.5496 	 0.4188 	 -0.0921 	 0.0000 	 825.8493 	 28.0000 	 2.8961 	 1.8834 	 0.2179 	 0.0000 	 0.0441 
11.0000 	 1.9553 	 0.2352 	 -0.0641 	 0.0000 	 834.7109 	 11.0000 	 0.5667 	 0.0735 	 -0.3488 	 0.0000 	 0.0910 
28.0000 	 2.2439 	 0.5665 	 -0.1376 	 0.0000 	 826.4229 	 28.0000 	 1.5520 	 2.6907 	 -0.0577 	 0.0000 	 0.0430 
14.0000 	 1.9905 	 0.2955 	 -0.0756 	 0.0000 	 832.6595 	 14.0000 	 1.3046 	 0.6654 	 -0.3219 	 0.0000 	 0.0616 
15.0000 	 1.9580 	 0.3416 	 -0.0861 	 0.0000 	 832.1315 	 15.0000 	 0.2714 	 1.7625 	 0.3242 	 0.0000 	 0.0559 
12.0000 	 1.4548 	 0.4756 	 -0.1124 	 0.0000 	 836.0703 	 12.0000 	 2.8526 	 2.3053 	 -0.3179 	 0.0000 	 0.0554 
15.0000 	 3.8452 	 0.0995 	 -0.0249 	 0.0000 	 829.7504 	 15.0000 	 0.0094 	 0.9081 	 -0.1359 	 0.0000 	 0.0739 
28.0000 	 2.4155 	 0.4756 	 -0.1164 	 0.0000 	 825.9026 	 28.0000 	 0.1499 	 2.9904 	 0.3505 	 0.0000 	 0.0583 
11.0000 	 1.3739 	 0.4770 	 -0.1382 	 0.0000 	 837.2029 	 11.0000 	 0.7401 	 0.9856 	 -0.1468 	 0.0000 	 0.0792 
11.0000 	 1.3498 	 0.4877 	 -0.1309 	 0.0000 	 837.2270 	 11.0000 	 0.5648 	 0.6218 	 0.3170 	 0.0000 	 0.0604 
15.0000 	 3.3121 	 0.1275 	 -0.0317 	 0.0000 	 830.1215 	 15.0000 	 1.0464 	 0.9353 	 0.1986 	 0.0000 	 0.0841 
11.0000 	 1.7796 	 0.2791 	 -0.0706 	 0.0000 	 835.5904 	 11.0000 	 2.2655 	 1.0963 	 -0.3228 	 0.0000 	 0.0954 
44.0000 	 3.2347 	 0.4251 	 -0.0937 	 0.0000 	 822.8014 	 44.0000 	 0.5741 	 0.7380 	 0.1956 	 0.0000 	 0.0367 
42.0000 	 2.8980 	 0.5212 	 -0.1108 	 0.0000 	 823.3388 	 42.0000 	 0.2430 	 0.0443 	 0.0526 	 0.0000 	 0.0449 
29.0000 	 2.3648 	 0.5236 	 -0.1173 	 0.0000 	 825.8719 	 29.0000 	 0.6472 	 1.8818 	 0.0151 	 0.0000 	 0.0381 
27.0000 	 2.5837 	 0.3849 	 -0.0851 	 0.0000 	 826.1889 	 27.0000 	 2.4088 	 0.5715 	 -0.0927 	 0.0000 	 0.0481 
14.0000 	 1.4641 	 0.5863 	 -0.1535 	 0.0000 	 834.2976 	 14.0000 	 2.6019 	 1.3497 	 -0.0322 	 0.0000 	 0.0559 
12.0000 	 1.4412 	 0.4914 	 -0.1310 	 0.0000 	 836.0506 	 12.0000 	 0.7036 	 2.6489 	 0.3285 	 0.0000 	 0.0657 
75.0000 	 5.9868 	 9.9722 	 10.0000 	 0.0000 	 2081.9112 	 75.0000 	 1.2846 	 2.8280 	 -0.1825 	 0.0000 	 0.2316 
75.0000 	 5.9996 	 9.9981 	 -1.5329 	 0.0000 	 1941.2553 	 75.0000 	 0.0036 	 1.5681 	 0.2411 	 0.0000 	 0.1274 
74.0000 	 5.9868 	 0.0010 	 -10.0000 	 0.0000 	 2234.6185 	 74.0000 	 0.9352 	 0.9136 	 -0.1146 	 0.0000 	 0.1937 
74.0000 	 4.1059 	 0.4599 	 -0.0910 	 0.0000 	 820.7370 	 74.0000 	 0.7558 	 0.0113 	 -0.3986 	 0.0000 	 0.0329 
75.0000 	 4.0015 	 0.5027 	 -0.1089 	 0.0000 	 820.8327 	 75.0000 	 1.2810 	 2.3990 	 -0.2105 	 0.0000 	 0.0427 
65.0000 	 3.8286 	 0.4691 	 -0.1025 	 0.0000 	 821.1180 	 65.0000 	 0.0213 	 0.9628 	 0.4896 	 0.0000 	 0.0423 
66.0000 	 4.1281 	 0.3961 	 -0.0819 	 0.0000 	 821.0576 	 66.0000 	 2.5091 	 1.7937 	 0.4418 	 0.0000 	 0.0414 
66.0000 	 4.1310 	 0.3956 	 -0.0828 	 0.0000 	 821.0442 	 66.0000 	 1.6368 	 0.5679 	 -0.3457 	 0.0000 	 0.0358 
65.0000 	 3.9563 	 0.4308 	 -0.0917 	 0.0000 	 821.0948 	 65.0000 	 0.8227 	 2.9039 	 -0.1044 	 0.0000 	 0.0421 
75.0000 	 4.6225 	 0.3565 	 -0.0730 	 0.0000 	 820.8190 	 75.0000 	 0.5302 	 2.0907 	 -0.2701 	 0.0000 	 0.0511 
62.0000 	 5.9970 	 9.9929 	 -9.9988 	 0.0000 	 1988.9635 	 62.0000 	 0.0266 	 1.7042 	 -0.1203 	 0.0000 	 0.2765 
75.0000 	 4.2506 	 0.4281 	 -0.0869 	 0.0000 	 820.6453 	 75.0000 	 2.2589 	 1.8319 	 0.1790 	 0.0000 	 0.0490 
65.0000 	 3.9244 	 0.4351 	 -0.0903 	 0.0000 	 821.1396 	 65.0000 	 1.0666 	 1.4113 	 -0.3779 	 0.0000 	 0.0341 
62.0000 	 3.5828 	 0.5144 	 -0.1099 	 0.0000 	 821.5132 	 62.0000 	 1.7069 	 1.5500 	 0.4099 	 0.0000 	 0.0494 
75.0000 	 4.1760 	 0.4488 	 -0.0957 	 0.0000 	 820.6918 	 75.0000 	 1.2252 	 0.6329 	 -0.4092 	 0.0000 	 0.0364 
75.0000 	 4.1960 	 0.4490 	 -0.0969 	 0.0000 	 820.6725 	 75.0000 	 2.5843 	 2.1145 	 -0.2425 	 0.0000 	 0.0334 
62.0000 	 3.6031 	 0.5151 	 -0.1089 	 0.0000 	 821.6055 	 62.0000 	 1.4154 	 0.8096 	 0.2144 	 0.0000 	 0.0516 
56.0000 	 3.3493 	 0.5236 	 -0.1123 	 0.0000 	 822.0027 	 56.0000 	 2.9903 	 1.9816 	 0.2602 	 0.0000 	 0.0355 
56.0000 	 3.4133 	 0.5042 	 -0.1064 	 0.0000 	 821.9713 	 56.0000 	 2.6575 	 0.2898 	 -0.3949 	 0.0000 	 0.0439 
65.0000 	 4.1737 	 0.3833 	 -0.0835 	 0.0000 	 821.2259 	 65.0000 	 2.8558 	 1.8020 	 0.2533 	 0.0000 	 0.0419 
62.0000 	 3.3214 	 0.6268 	 -0.1478 	 0.0000 	 822.4974 	 62.0000 	 0.4169 	 2.6164 	 -0.0011 	 0.0000 	 0.0372 
63.0000 	 4.0336 	 0.3961 	 -0.0849 	 0.0000 	 821.2092 	 63.0000 	 2.6264 	 0.4591 	 -0.4803 	 0.0000 	 0.0273 
56.0000 	 3.6370 	 0.4388 	 -0.0943 	 0.0000 	 821.7122 	 56.0000 	 2.8818 	 2.9607 	 -0.2271 	 0.0000 	 0.0466 
65.0000 	 3.8172 	 0.4583 	 -0.0899 	 0.0000 	 821.2907 	 65.0000 	 0.9579 	 0.9390 	 0.4178 	 0.0000 	 0.0534 
65.0000 	 3.7444 	 0.4900 	 -0.1048 	 0.0000 	 821.2203 	 65.0000 	 2.2020 	 1.5298 	 -0.4709 	 0.0000 	 0.0282 
65.0000 	 3.7682 	 0.4851 	 -0.1042 	 0.0000 	 821.2392 	 65.0000 	 1.8060 	 1.4992 	 -0.2559 	 0.0000 	 0.0440 
56.0000 	 3.7317 	 0.4120 	 -0.0889 	 0.0000 	 821.7026 	 56.0000 	 2.9823 	 1.4330 	 0.3304 	 0.0000 	 0.0385 
63.0000 	 5.9868 	 9.9722 	 -10.0000 	 0.0000 	 2013.5429 	 63.0000 	 0.8566 	 1.4079 	 -0.2753 	 0.0000 	 0.2477 
55.0000 	 3.7665 	 0.3955 	 -0.0847 	 0.0000 	 821.7556 	 55.0000 	 2.9161 	 2.6942 	 -0.4347 	 0.0000 	 0.0391 
62.0000 	 3.8808 	 0.4272 	 -0.0894 	 0.0000 	 821.2509 	 62.0000 	 0.0156 	 1.3822 	 0.4094 	 0.0000 	 0.0417 
63.0000 	 4.0986 	 0.3824 	 -0.0797 	 0.0000 	 821.3226 	 63.0000 	 2.4040 	 2.1435 	 0.1142 	 0.0000 	 0.0315 
53.0000 	 3.7538 	 0.3808 	 -0.0817 	 0.0000 	 822.0086 	 53.0000 	 0.6858 	 0.8426 	 -0.3018 	 0.0000 	 0.0293 
63.0000 	 3.8955 	 0.4278 	 -0.0853 	 0.0000 	 821.2205 	 63.0000 	 1.5694 	 1.7627 	 -0.3543 	 0.0000 	 0.0390 
55.0000 	 3.6382 	 0.4293 	 -0.0945 	 0.0000 	 821.8020 	 55.0000 	 0.0076 	 1.7323 	 -0.3045 	 0.0000 	 0.0396 
55.0000 	 3.7405 	 0.3974 	 -0.0810 	 0.0000 	 821.7478 	 55.0000 	 0.9559 	 2.9454 	 0.3989 	 0.0000 	 0.0389 
56.0000 	 3.3250 	 0.5376 	 -0.1116 	 0.0000 	 822.1392 	 56.0000 	 1.5358 	 2.1831 	 -0.3255 	 0.0000 	 0.0482 
53.0000 	 3.5031 	 0.4420 	 -0.0956 	 0.0000 	 821.9407 	 53.0000 	 2.9321 	 2.6230 	 -0.0359 	 0.0000 	 0.0426 
55.0000 	 3.6051 	 0.4349 	 -0.0964 	 0.0000 	 821.7389 	 55.0000 	 1.8009 	 2.9690 	 0.4316 	 0.0000 	 0.0312 
53.0000 	 3.4350 	 0.4656 	 -0.1012 	 0.0000 	 822.0083 	 53.0000 	 1.1567 	 1.1733 	 -0.1935 	 0.0000 	 0.0320 
53.0000 	 5.9868 	 9.9722 	 -10.0000 	 0.0000 	 2046.7649 	 53.0000 	 0.9578 	 2.1485 	 -0.0691 	 0.0000 	 0.1282 
75.0000 	 4.0633 	 0.4805 	 -0.1007 	 0.0000 	 820.6911 	 75.0000 	 2.9179 	 0.2980 	 0.2655 	 0.0000 	 0.0294 
75.0000 	 3.8635 	 0.5413 	 -0.1112 	 0.0000 	 820.9709 	 75.0000 	 0.9389 	 1.4371 	 -0.0464 	 0.0000 	 0.0555 
75.0000 	 4.1827 	 0.4457 	 -0.0886 	 0.0000 	 820.6353 	 75.0000 	 1.3994 	 2.0663 	 -0.0190 	 0.0000 	 0.0351 
65.0000 	 3.6290 	 0.5275 	 -0.1037 	 0.0000 	 821.4761 	 65.0000 	 2.9909 	 0.4692 	 0.2854 	 0.0000 	 0.0328 
65.0000 	 1.4113 	 9.9996 	 -9.9187 	 0.0000 	 1313.5047 	 65.0000 	 1.2883 	 2.4842 	 0.4517 	 0.0000 	 0.7203 
62.0000 	 4.2629 	 0.3437 	 -0.0732 	 0.0000 	 821.5526 	 62.0000 	 2.8365 	 1.1280 	 0.1940 	 0.0000 	 0.0868 
65.0000 	 4.0420 	 0.4092 	 -0.0877 	 0.0000 	 821.1089 	 65.0000 	 0.6834 	 2.9783 	 0.2009 	 0.0000 	 0.0334 
62.0000 	 3.9693 	 0.3989 	 -0.0786 	 0.0000 	 821.3651 	 62.0000 	 1.3514 	 1.2697 	 -0.1143 	 0.0000 	 0.0400 
56.0000 	 3.4745 	 0.4856 	 -0.1046 	 0.0000 	 821.8358 	 56.0000 	 2.9008 	 2.8566 	 -0.0404 	 0.0000 	 0.0571 
63.0000 	 3.6694 	 0.4946 	 -0.1064 	 0.0000 	 821.3389 	 63.0000 	 0.8679 	 1.4657 	 -0.3266 	 0.0000 	 0.0360 
56.0000 	 3.4969 	 0.4788 	 -0.1023 	 0.0000 	 821.7550 	 56.0000 	 1.2813 	 2.1974 	 -0.0868 	 0.0000 	 0.0333 
55.0000 	 1.1414 	 1.8696 	 5.1351 	 0.0000 	 1547.1228 	 55.0000 	 0.2013 	 1.3005 	 -0.0746 	 0.0000 	 0.6788 
53.0000 	 3.5011 	 0.4435 	 -0.0939 	 0.0000 	 821.9722 	 53.0000 	 0.4399 	 2.2404 	 0.3794 	 0.0000 	 0.0309 
74.0000 	 4.3534 	 0.4037 	 -0.0860 	 0.0000 	 820.6620 	 74.0000 	 1.9866 	 1.6801 	 0.3969 	 0.0000 	 0.0326 
73.0000 	 4.2213 	 0.4213 	 -0.0884 	 0.0000 	 820.7374 	 73.0000 	 1.1943 	 0.5683 	 0.3962 	 0.0000 	 0.0344 
67.0000 	 4.1924 	 0.3892 	 -0.0810 	 0.0000 	 820.9896 	 67.0000 	 1.1309 	 2.7926 	 -0.0971 	 0.0000 	 0.0333 
66.0000 	 3.7349 	 0.4989 	 -0.0943 	 0.0000 	 821.3834 	 66.0000 	 1.7089 	 1.0635 	 -0.1016 	 0.0000 	 0.0374 
73.0000 	 1.4898 	 0.1519 	 8.7791 	 0.0000 	 1984.6612 	 73.0000 	 0.0115 	 0.7677 	 0.0684 	 0.0000 	 1.7636 
64.0000 	 3.9838 	 0.4126 	 -0.0859 	 0.0000 	 821.1568 	 64.0000 	 2.4949 	 2.0350 	 0.1529 	 0.0000 	 0.0417 
61.0000 	 3.9903 	 0.3891 	 -0.0834 	 0.0000 	 821.3613 	 61.0000 	 1.9358 	 1.0911 	 -0.0645 	 0.0000 	 0.0538 
67.0000 	 5.9868 	 9.9722 	 10.0000 	 0.0000 	 2138.7198 	 67.0000 	 0.6045 	 2.0117 	 0.1000 	 0.0000 	 0.1279 
54.0000 	 3.6063 	 0.4235 	 -0.0898 	 0.0000 	 821.8406 	 54.0000 	 2.1555 	 0.8432 	 -0.2627 	 0.0000 	 0.0388 
51.0000 	 3.3310 	 0.4781 	 -0.1026 	 0.0000 	 822.1522 	 51.0000 	 1.3142 	 2.2053 	 0.4555 	 0.0000 	 0.0351 
64.0000 	 3.6868 	 0.4965 	 -0.1030 	 0.0000 	 821.3264 	 64.0000 	 2.1950 	 0.2971 	 -0.2088 	 0.0000 	 0.0482 
57.0000 	 3.7327 	 0.4194 	 -0.0897 	 0.0000 	 821.5695 	 57.0000 	 2.3688 	 2.6634 	 0.2342 	 0.0000 	 0.0306 
52.0000 	 3.5003 	 0.4328 	 -0.0920 	 0.0000 	 821.9929 	 52.0000 	 2.1584 	 1.8192 	 -0.1229 	 0.0000 	 0.0345 
54.0000 	 3.6984 	 0.3958 	 -0.0788 	 0.0000 	 821.9220 	 54.0000 	 2.1811 	 2.7253 	 -0.4501 	 0.0000 	 0.0468 
52.0000 	 3.6033 	 0.4065 	 -0.0854 	 0.0000 	 821.9997 	 52.0000 	 2.8294 	 1.1737 	 0.0465 	 0.0000 	 0.0319 
74.0000 	 4.0572 	 0.4750 	 -0.0999 	 0.0000 	 820.7318 	 74.0000 	 2.6770 	 0.4523 	 -0.3384 	 0.0000 	 0.0308 
66.0000 	 3.8817 	 0.4595 	 -0.0982 	 0.0000 	 821.0821 	 66.0000 	 0.2036 	 1.3622 	 0.3735 	 0.0000 	 0.0463 
74.0000 	 3.8654 	 0.5223 	 -0.0940 	 0.0000 	 821.1407 	 74.0000 	 1.8379 	 1.6725 	 0.0384 	 0.0000 	 0.0412 
74.0000 	 4.3132 	 0.4126 	 -0.0854 	 0.0000 	 820.6545 	 74.0000 	 2.6308 	 1.1433 	 0.4480 	 0.0000 	 0.0493 
73.0000 	 4.0774 	 0.4637 	 -0.0980 	 0.0000 	 820.7865 	 73.0000 	 2.5779 	 0.8205 	 -0.2776 	 0.0000 	 0.0618 
74.0000 	 4.1372 	 0.4542 	 -0.0939 	 0.0000 	 820.7346 	 74.0000 	 2.9708 	 0.1243 	 -0.1403 	 0.0000 	 0.0377 
74.0000 	 4.2293 	 0.4248 	 -0.0912 	 0.0000 	 820.6816 	 74.0000 	 2.6030 	 2.4595 	 0.3268 	 0.0000 	 0.0381 
62.0000 	 4.0997 	 0.3768 	 -0.0820 	 0.0000 	 821.2955 	 62.0000 	 1.9872 	 1.3320 	 -0.2485 	 0.0000 	 0.0398 
73.0000 	 4.2372 	 0.4186 	 -0.0864 	 0.0000 	 820.6805 	 73.0000 	 2.0100 	 2.7665 	 0.2447 	 0.0000 	 0.0383 
73.0000 	 4.1565 	 0.4377 	 -0.0867 	 0.0000 	 820.7194 	 73.0000 	 1.7635 	 0.8869 	 -0.3590 	 0.0000 	 0.0351 
66.0000 	 4.0535 	 0.4113 	 -0.0849 	 0.0000 	 821.0677 	 66.0000 	 0.2069 	 1.9875 	 -0.0122 	 0.0000 	 0.0408 
67.0000 	 5.9970 	 9.9929 	 -10.0000 	 0.0000 	 1990.5845 	 67.0000 	 0.8785 	 0.5167 	 0.1932 	 0.0000 	 0.2367 
66.0000 	 4.1433 	 0.3909 	 -0.0812 	 0.0000 	 821.1030 	 66.0000 	 1.9244 	 1.5431 	 -0.0018 	 0.0000 	 0.0369 
74.0000 	 4.3380 	 0.4088 	 -0.0868 	 0.0000 	 820.6635 	 74.0000 	 0.5620 	 1.4113 	 -0.2089 	 0.0000 	 0.0451 
66.0000 	 3.9965 	 0.4264 	 -0.0878 	 0.0000 	 821.0324 	 66.0000 	 2.4002 	 1.3280 	 -0.0917 	 0.0000 	 0.0439 
66.0000 	 3.6345 	 0.5432 	 -0.1161 	 0.0000 	 821.4952 	 66.0000 	 2.1292 	 0.4430 	 0.0389 	 0.0000 	 0.0432 
73.0000 	 3.9877 	 0.4921 	 -0.1079 	 0.0000 	 820.8276 	 73.0000 	 1.4916 	 0.8288 	 -0.0894 	 0.0000 	 0.0321 
67.0000 	 4.1253 	 0.4069 	 -0.0868 	 0.0000 	 820.9754 	 67.0000 	 1.9994 	 1.0456 	 -0.3751 	 0.0000 	 0.0386 
61.0000 	 3.6255 	 0.4914 	 -0.1061 	 0.0000 	 821.4558 	 61.0000 	 1.7309 	 2.1854 	 0.1296 	 0.0000 	 0.0342 
56.0000 	 3.6389 	 0.4340 	 -0.0923 	 0.0000 	 821.6577 	 56.0000 	 2.1002 	 2.7157 	 0.0014 	 0.0000 	 0.0335 
73.0000 	 3.5619 	 0.6574 	 -0.1444 	 0.0000 	 822.3588 	 73.0000 	 1.4635 	 1.2586 	 0.3296 	 0.0000 	 0.0555 
73.0000 	 4.2050 	 0.4300 	 -0.0900 	 0.0000 	 820.6845 	 73.0000 	 1.9398 	 0.7804 	 -0.3880 	 0.0000 	 0.0295 
67.0000 	 3.8024 	 0.4891 	 -0.1064 	 0.0000 	 821.1644 	 67.0000 	 1.6475 	 1.1797 	 -0.0504 	 0.0000 	 0.0339 
64.0000 	 3.8083 	 0.4596 	 -0.0926 	 0.0000 	 821.2098 	 64.0000 	 1.4553 	 2.8324 	 -0.1012 	 0.0000 	 0.0350 
61.0000 	 3.8657 	 0.4198 	 -0.0891 	 0.0000 	 821.3469 	 61.0000 	 2.9747 	 2.4922 	 -0.2558 	 0.0000 	 0.0332 
57.0000 	 3.6525 	 0.4450 	 -0.0962 	 0.0000 	 821.6720 	 57.0000 	 2.6545 	 2.3140 	 0.4432 	 0.0000 	 0.0334 
62.0000 	 3.7116 	 0.4683 	 -0.0972 	 0.0000 	 821.3279 	 62.0000 	 0.9021 	 0.5773 	 -0.0325 	 0.0000 	 0.0381 
61.0000 	 3.8664 	 0.4193 	 -0.0880 	 0.0000 	 821.2945 	 61.0000 	 2.0438 	 0.0975 	 -0.0948 	 0.0000 	 0.0423 
67.0000 	 3.5472 	 0.5824 	 -0.1255 	 0.0000 	 821.7464 	 67.0000 	 1.6646 	 2.2145 	 -0.4542 	 0.0000 	 0.0364 
73.0000 	 4.2451 	 0.4178 	 -0.0901 	 0.0000 	 820.6115 	 73.0000 	 2.0636 	 2.9248 	 -0.2325 	 0.0000 	 0.1254 
66.0000 	 3.9784 	 0.4324 	 -0.0945 	 0.0000 	 820.9784 	 66.0000 	 1.6612 	 2.7987 	 0.4477 	 0.0000 	 0.0574 
67.0000 	 4.0300 	 0.4288 	 -0.0914 	 0.0000 	 820.9929 	 67.0000 	 2.6246 	 0.3092 	 0.2218 	 0.0000 	 0.0432 
64.0000 	 4.0051 	 0.4083 	 -0.0889 	 0.0000 	 821.1846 	 64.0000 	 0.1902 	 0.0611 	 0.4528 	 0.0000 	 0.0384 
64.0000 	 3.8656 	 0.4415 	 -0.1002 	 0.0000 	 821.1820 	 64.0000 	 1.1760 	 2.3119 	 0.0826 	 0.0000 	 0.0605 
64.0000 	 5.9868 	 9.9722 	 10.0000 	 0.0000 	 2137.5561 	 64.0000 	 2.7606 	 0.0109 	 -0.0241 	 0.0000 	 0.1281 
67.0000 	 3.7978 	 0.4948 	 -0.1066 	 0.0000 	 821.1194 	 67.0000 	 0.0672 	 0.4983 	 -0.3160 	 0.0000 	 0.0370 
57.0000 	 3.4023 	 0.5251 	 -0.1172 	 0.0000 	 821.9421 	 57.0000 	 0.8042 	 0.8327 	 -0.3302 	 0.0000 	 0.0351 
52.0000 	 3.4329 	 0.4549 	 -0.0960 	 0.0000 	 822.0304 	 52.0000 	 0.8110 	 2.6085 	 0.1757 	 0.0000 	 0.0517 
54.0000 	 3.3812 	 0.4957 	 -0.1014 	 0.0000 	 822.0114 	 54.0000 	 1.3578 	 1.8521 	 0.1738 	 0.0000 	 0.0385 
57.0000 	 3.7737 	 0.4124 	 -0.0925 	 0.0000 	 821.6614 	 57.0000 	 1.2690 	 2.0263 	 -0.0952 	 0.0000 	 0.0397 
54.0000 	 3.6451 	 0.4158 	 -0.0890 	 0.0000 	 821.8885 	 54.0000 	 0.9852 	 2.9259 	 0.3467 	 0.0000 	 0.0411 
64.0000 	 4.0449 	 0.4021 	 -0.0867 	 0.0000 	 821.1352 	 64.0000 	 2.5231 	 2.3239 	 -0.0457 	 0.0000 	 0.0333 
54.0000 	 3.6616 	 0.4117 	 -0.0875 	 0.0000 	 821.8091 	 54.0000 	 1.9942 	 1.3640 	 0.2465 	 0.0000 	 0.0368 
67.0000 	 3.9054 	 0.4654 	 -0.1014 	 0.0000 	 821.1563 	 67.0000 	 1.5553 	 0.2290 	 -0.1703 	 0.0000 	 0.0418 
62.0000 	 3.7723 	 0.4510 	 -0.0950 	 0.0000 	 821.2595 	 62.0000 	 0.9370 	 2.8873 	 -0.4929 	 0.0000 	 0.0326 
56.0000 	 3.4867 	 0.4868 	 -0.1064 	 0.0000 	 821.7765 	 56.0000 	 1.9400 	 0.9521 	 0.4210 	 0.0000 	 0.0378 
52.0000 	 3.4074 	 0.4685 	 -0.1050 	 0.0000 	 822.1231 	 52.0000 	 2.5896 	 1.3518 	 -0.4824 	 0.0000 	 0.0343 
64.0000 	 3.7546 	 0.4734 	 -0.0942 	 0.0000 	 821.1858 	 64.0000 	 2.7003 	 0.3488 	 0.3409 	 0.0000 	 0.0396 
56.0000 	 5.9868 	 9.9722 	 10.0000 	 0.0000 	 2144.2338 	 56.0000 	 1.4201 	 0.1821 	 -0.1535 	 0.0000 	 0.1277 
51.0000 	 3.4655 	 0.4292 	 -0.0868 	 0.0000 	 822.0791 	 51.0000 	 2.0524 	 1.7164 	 -0.4227 	 0.0000 	 0.0361 
54.0000 	 3.4164 	 0.4833 	 -0.1043 	 0.0000 	 821.9553 	 54.0000 	 1.0135 	 0.2536 	 0.3131 	 0.0000 	 0.0374 
52.0000 	 3.6463 	 0.3960 	 -0.0857 	 0.0000 	 822.0468 	 52.0000 	 1.7469 	 2.3085 	 0.3328 	 0.0000 	 0.0441 
52.0000 	 3.5260 	 0.4283 	 -0.0922 	 0.0000 	 821.9877 	 52.0000 	 2.0613 	 0.9639 	 -0.4397 	 0.0000 	 0.0402 
54.0000 	 3.2692 	 0.5351 	 -0.1147 	 0.0000 	 822.2619 	 54.0000 	 1.4551 	 2.3158 	 -0.0317 	 0.0000 	 0.0374 
54.0000 	 3.4260 	 0.4773 	 -0.1021 	 0.0000 	 821.9654 	 54.0000 	 2.8891 	 0.5542 	 -0.1532 	 0.0000 	 0.0346 
52.0000 	 3.0526 	 0.6296 	 -0.1684 	 0.0000 	 823.4991 	 52.0000 	 1.1987 	 1.1292 	 0.0607 	 0.0000 	 0.0412 
51.0000 	 3.3239 	 0.4765 	 -0.1014 	 0.0000 	 822.2105 	 51.0000 	 2.5571 	 1.4323 	 0.1430 	 0.0000 	 0.0425 
52.0000 	 3.3167 	 0.4947 	 -0.1062 	 0.0000 	 822.2245 	 52.0000 	 2.1541 	 1.8061 	 0.1676 	 0.0000 	 0.0377 
52.0000 	 3.5939 	 0.4064 	 -0.0850 	 0.0000 	 822.0082 	 52.0000 	 2.8112 	 0.4172 	 0.3886 	 0.0000 	 0.0376 
64.0000 	 3.6784 	 0.5013 	 -0.1097 	 0.0000 	 821.3087 	 64.0000 	 1.2258 	 2.3489 	 0.0737 	 0.0000 	 0.0364 
74.0000 	 1.2886 	 1.8594 	 4.7558 	 0.0000 	 1604.9434 	 74.0000 	 1.2775 	 1.8461 	 -0.2540 	 0.0000 	 0.7066 
54.0000 	 3.6700 	 0.4090 	 -0.0872 	 0.0000 	 821.8147 	 54.0000 	 1.3098 	 1.1199 	 0.1157 	 0.0000 	 0.0335 
51.0000 	 3.4024 	 0.4574 	 -0.1032 	 0.0000 	 822.1615 	 51.0000 	 2.0322 	 2.6424 	 -0.4005 	 0.0000 	 0.0385 
66.0000 	 3.7876 	 0.4902 	 -0.1086 	 0.0000 	 821.2443 	 66.0000 	 2.4396 	 2.8501 	 0.4764 	 0.0000 	 0.0392 
61.0000 	 3.7771 	 0.4415 	 -0.0919 	 0.0000 	 821.3671 	 61.0000 	 0.0756 	 2.7626 	 -0.4017 	 0.0000 	 0.0374 
57.0000 	 3.4935 	 0.4881 	 -0.0990 	 0.0000 	 821.7546 	 57.0000 	 1.1376 	 0.7615 	 0.2296 	 0.0000 	 0.0397 
72.0000 	 4.1410 	 0.4363 	 -0.0902 	 0.0000 	 820.7896 	 72.0000 	 0.8185 	 0.7329 	 0.3275 	 0.0000 	 0.0443 
72.0000 	 4.0997 	 0.4471 	 -0.0938 	 0.0000 	 820.7843 	 72.0000 	 2.6525 	 0.8255 	 -0.0715 	 0.0000 	 0.0345 
71.0000 	 5.9970 	 9.9929 	 -10.0000 	 0.0000 	 1981.9756 	 71.0000 	 0.2183 	 1.2843 	 0.3793 	 0.0000 	 0.2377 
73.0000 	 4.2080 	 0.4263 	 -0.0886 	 0.0000 	 820.7340 	 73.0000 	 1.7442 	 1.0792 	 -0.2923 	 0.0000 	 0.0342 
72.0000 	 4.2898 	 0.4012 	 -0.0809 	 0.0000 	 820.8215 	 72.0000 	 2.1999 	 2.2981 	 0.2237 	 0.0000 	 0.0519 
52.0000 	 3.5729 	 0.4153 	 -0.0895 	 0.0000 	 822.0087 	 52.0000 	 2.2815 	 2.7157 	 -0.0626 	 0.0000 	 0.0339 
69.0000 	 3.8336 	 0.4970 	 -0.1015 	 0.0000 	 821.0966 	 69.0000 	 1.4873 	 1.4028 	 0.2647 	 0.0000 	 0.0406 
71.0000 	 3.9303 	 0.4884 	 -0.1031 	 0.0000 	 820.9360 	 71.0000 	 0.0787 	 1.8593 	 0.0985 	 0.0000 	 0.0322 
60.0000 	 3.4921 	 0.5239 	 -0.1104 	 0.0000 	 821.6990 	 60.0000 	 2.5053 	 0.6256 	 -0.3375 	 0.0000 	 0.0415 
69.0000 	 4.0366 	 0.4379 	 -0.0902 	 0.0000 	 820.8814 	 69.0000 	 2.0477 	 1.3030 	 -0.2053 	 0.0000 	 0.0367 
58.0000 	 3.5879 	 0.4698 	 -0.0986 	 0.0000 	 821.6461 	 58.0000 	 0.3561 	 1.1735 	 0.3405 	 0.0000 	 0.0442 
60.0000 	 3.8267 	 0.4227 	 -0.0919 	 0.0000 	 821.4115 	 60.0000 	 0.2770 	 2.4922 	 0.0539 	 0.0000 	 0.0442 
72.0000 	 4.5348 	 0.3544 	 -0.0724 	 0.0000 	 820.9018 	 72.0000 	 1.6692 	 2.7302 	 -0.0932 	 0.0000 	 0.0459 
58.0000 	 3.5151 	 0.4981 	 -0.1074 	 0.0000 	 821.7172 	 58.0000 	 0.9831 	 1.1036 	 0.4895 	 0.0000 	 0.0351 
68.0000 	 4.0974 	 0.4195 	 -0.0889 	 0.0000 	 820.9167 	 68.0000 	 1.3772 	 2.9183 	 -0.4313 	 0.0000 	 0.0434 
67.0000 	 4.0158 	 0.4332 	 -0.0943 	 0.0000 	 820.9739 	 67.0000 	 0.6344 	 2.2146 	 0.3352 	 0.0000 	 0.0340 
68.0000 	 4.3105 	 0.3724 	 -0.0789 	 0.0000 	 821.0282 	 68.0000 	 0.2120 	 2.5110 	 -0.1746 	 0.0000 	 0.0356 
60.0000 	 4.3268 	 0.3223 	 -0.0713 	 0.0000 	 821.7203 	 60.0000 	 0.8078 	 2.2271 	 0.1217 	 0.0000 	 0.0441 
68.0000 	 4.2040 	 0.3951 	 -0.0844 	 0.0000 	 821.0595 	 68.0000 	 0.8959 	 0.4999 	 0.4938 	 0.0000 	 0.0355 
72.0000 	 4.0897 	 0.4465 	 -0.0932 	 0.0000 	 820.7603 	 72.0000 	 2.6089 	 1.4757 	 -0.2376 	 0.0000 	 0.0353 
68.0000 	 3.9226 	 0.4627 	 -0.0957 	 0.0000 	 821.0306 	 68.0000 	 1.7232 	 0.5210 	 0.4789 	 0.0000 	 0.0305 
61.0000 	 3.5716 	 0.5051 	 -0.1069 	 0.0000 	 821.5603 	 61.0000 	 1.9107 	 1.6012 	 0.3375 	 0.0000 	 0.0351 
64.0000 	 3.8982 	 0.4414 	 -0.0950 	 0.0000 	 821.1888 	 64.0000 	 2.1439 	 2.5503 	 0.1827 	 0.0000 	 0.0405 
72.0000 	 4.1533 	 0.4338 	 -0.0881 	 0.0000 	 820.7143 	 72.0000 	 1.0300 	 1.6408 	 -0.0179 	 0.0000 	 0.0430 
72.0000 	 4.2368 	 0.4140 	 -0.0853 	 0.0000 	 820.7234 	 72.0000 	 2.8741 	 0.0027 	 0.1800 	 0.0000 	 0.0457 
54.0000 	 5.9868 	 9.9722 	 -10.0000 	 0.0000 	 2050.6147 	 54.0000 	 0.7445 	 1.0226 	 -0.1071 	 0.0000 	 0.1279 
57.0000 	 5.9996 	 9.9981 	 -10.0000 	 0.0000 	 2035.9063 	 57.0000 	 0.9253 	 0.2237 	 0.2120 	 0.0000 	 0.1377 
61.0000 	 5.9185 	 9.9172 	 -10.0000 	 0.0000 	 1145.9695 	 61.0000 	 0.4620 	 0.7934 	 -0.4284 	 0.0000 	 1.9522 
58.0000 	 3.6834 	 0.4391 	 -0.0894 	 0.0000 	 821.5547 	 58.0000 	 1.2682 	 0.8894 	 0.2476 	 0.0000 	 0.0329 
60.0000 	 3.7808 	 0.4380 	 -0.0938 	 0.0000 	 821.4209 	 60.0000 	 0.3848 	 2.0720 	 -0.4111 	 0.0000 	 0.0373 
51.0000 	 3.4213 	 0.4496 	 -0.0962 	 0.0000 	 822.0969 	 51.0000 	 0.0906 	 0.9752 	 -0.3020 	 0.0000 	 0.0337 
51.0000 	 3.5090 	 0.4217 	 -0.0907 	 0.0000 	 822.1356 	 51.0000 	 1.3299 	 1.6606 	 0.1254 	 0.0000 	 0.0338 
68.0000 	 3.9476 	 0.4545 	 -0.0960 	 0.0000 	 821.0186 	 68.0000 	 1.2880 	 0.6780 	 0.1134 	 0.0000 	 0.0355 
68.0000 	 3.9473 	 0.4567 	 -0.0960 	 0.0000 	 820.9412 	 68.0000 	 2.2468 	 1.7651 	 0.4205 	 0.0000 	 0.0347 
58.0000 	 5.9868 	 9.9722 	 -10.0000 	 0.0000 	 2001.5302 	 58.0000 	 1.1085 	 0.7224 	 0.1691 	 0.0000 	 0.3298 
61.0000 	 1.1565 	 0.2068 	 5.1269 	 0.0000 	 1971.2550 	 61.0000 	 0.7050 	 2.4523 	 0.3485 	 0.0000 	 0.7860 
57.0000 	 3.6856 	 0.4331 	 -0.0967 	 0.0000 	 821.6002 	 57.0000 	 0.3741 	 1.3454 	 0.0711 	 0.0000 	 0.0363 
68.0000 	 4.1173 	 0.4133 	 -0.0855 	 0.0000 	 820.9767 	 68.0000 	 1.3111 	 0.0245 	 0.1073 	 0.0000 	 0.0351 
71.0000 	 3.9434 	 0.4825 	 -0.1001 	 0.0000 	 820.9160 	 71.0000 	 2.0980 	 2.0187 	 0.4974 	 0.0000 	 0.0317 
51.0000 	 3.5777 	 0.3998 	 -0.0822 	 0.0000 	 822.0387 	 51.0000 	 2.8572 	 2.3719 	 -0.4991 	 0.0000 	 0.0367 
57.0000 	 3.7594 	 0.4110 	 -0.0863 	 0.0000 	 821.5271 	 57.0000 	 0.5705 	 1.7764 	 -0.0536 	 0.0000 	 0.0526 
60.0000 	 3.8677 	 0.4087 	 -0.0872 	 0.0000 	 821.4513 	 60.0000 	 0.4838 	 0.2744 	 0.2266 	 0.0000 	 0.0350 
69.0000 	 5.9996 	 9.9981 	 -4.0924 	 0.0000 	 1909.2828 	 69.0000 	 1.8884 	 0.1359 	 0.3244 	 0.0000 	 0.1278 
60.0000 	 3.6228 	 0.4833 	 -0.1061 	 0.0000 	 821.5654 	 60.0000 	 1.4972 	 0.4173 	 0.2044 	 0.0000 	 0.0491 
71.0000 	 3.9048 	 0.4951 	 -0.1033 	 0.0000 	 820.9716 	 71.0000 	 1.4322 	 0.1442 	 -0.1112 	 0.0000 	 0.0352 
71.0000 	 4.1049 	 0.4474 	 -0.1032 	 0.0000 	 820.7516 	 71.0000 	 0.4681 	 2.2985 	 0.0809 	 0.0000 	 0.1190 
51.0000 	 3.6010 	 0.3951 	 -0.0822 	 0.0000 	 822.1136 	 51.0000 	 0.8068 	 2.4729 	 0.2930 	 0.0000 	 0.0386 
58.0000 	 3.7583 	 0.4225 	 -0.0887 	 0.0000 	 821.5484 	 58.0000 	 1.5764 	 0.6691 	 -0.1965 	 0.0000 	 0.0487 
58.0000 	 3.6979 	 0.4427 	 -0.0966 	 0.0000 	 821.5541 	 58.0000 	 1.0382 	 0.8367 	 0.1209 	 0.0000 	 0.0469 
60.0000 	 3.5180 	 0.5142 	 -0.1100 	 0.0000 	 821.6562 	 60.0000 	 0.1007 	 0.5355 	 -0.4580 	 0.0000 	 0.0303 
69.0000 	 3.8036 	 0.5088 	 -0.1077 	 0.0000 	 821.1296 	 69.0000 	 2.2551 	 0.6511 	 0.4586 	 0.0000 	 0.0302 
69.0000 	 3.9141 	 0.4667 	 -0.0908 	 0.0000 	 821.0672 	 69.0000 	 2.5358 	 0.2363 	 -0.3767 	 0.0000 	 0.0495 
72.0000 	 3.8853 	 0.5097 	 -0.1063 	 0.0000 	 820.9997 	 72.0000 	 1.1017 	 2.9665 	 -0.1940 	 0.0000 	 0.0369 
58.0000 	 3.7908 	 0.4141 	 -0.0888 	 0.0000 	 821.4930 	 58.0000 	 2.3230 	 1.6706 	 -0.0138 	 0.0000 	 0.0427 
71.0000 	 3.9821 	 0.4961 	 -0.1480 	 0.0000 	 822.0128 	 71.0000 	 0.5320 	 2.4950 	 0.3818 	 0.0000 	 0.3199 
60.0000 	 3.8186 	 0.4235 	 -0.0891 	 0.0000 	 821.3947 	 60.0000 	 1.2178 	 2.1478 	 0.3496 	 0.0000 	 0.0375 
68.0000 	 4.0335 	 0.4340 	 -0.0914 	 0.0000 	 820.9224 	 68.0000 	 2.0260 	 2.7241 	 -0.1504 	 0.0000 	 0.0347 
60.0000 	 3.7599 	 0.4415 	 -0.0964 	 0.0000 	 821.4241 	 60.0000 	 2.2632 	 1.5777 	 -0.3473 	 0.0000 	 0.0332 
58.0000 	 3.6690 	 0.4457 	 -0.0915 	 0.0000 	 821.5767 	 58.0000 	 1.5614 	 2.4426 	 0.1152 	 0.0000 	 0.0440 
69.0000 	 3.9351 	 0.4680 	 -0.1011 	 0.0000 	 820.9025 	 69.0000 	 0.7015 	 0.5483 	 -0.1904 	 0.0000 	 0.0490 
58.0000 	 3.6906 	 0.4385 	 -0.0893 	 0.0000 	 821.5358 	 58.0000 	 1.8027 	 1.2926 	 0.1138 	 0.0000 	 0.0459 
61.0000 	 3.8330 	 0.4253 	 -0.0889 	 0.0000 	 821.3183 	 61.0000 	 0.4843 	 0.3337 	 -0.2152 	 0.0000 	 0.0547 
70.0000 	 6.0000 	 9.9999 	 10.0000 	 0.0000 	 2140.4812 	 70.0000 	 0.5373 	 1.3227 	 0.3861 	 0.0000 	 0.1409 
70.0000 	 3.9926 	 0.4633 	 -0.1017 	 0.0000 	 820.9008 	 70.0000 	 2.7659 	 1.8275 	 -0.4156 	 0.0000 	 0.0457 
59.0000 	 2.8586 	 0.8823 	 -0.2553 	 0.0000 	 826.9844 	 59.0000 	 1.0385 	 1.0427 	 0.3178 	 0.0000 	 0.0514 
57.0000 	 3.7613 	 0.4107 	 -0.0876 	 0.0000 	 821.6063 	 57.0000 	 2.4259 	 0.9670 	 -0.0450 	 0.0000 	 0.0415 
70.0000 	 4.4537 	 0.3567 	 -0.0700 	 0.0000 	 820.9896 	 70.0000 	 2.5880 	 1.6845 	 0.0045 	 0.0000 	 0.1107 
63.0000 	 4.1306 	 0.3759 	 -0.0779 	 0.0000 	 821.2769 	 63.0000 	 0.8303 	 2.4369 	 -0.3691 	 0.0000 	 0.0450 
70.0000 	 3.8693 	 0.4941 	 -0.1000 	 0.0000 	 821.0438 	 70.0000 	 0.7632 	 1.7186 	 0.1038 	 0.0000 	 0.0500 
55.0000 	 3.7533 	 0.3983 	 -0.0891 	 0.0000 	 821.7061 	 55.0000 	 2.9614 	 2.9420 	 0.2316 	 0.0000 	 0.0417 
63.0000 	 3.7289 	 0.4779 	 -0.1034 	 0.0000 	 821.3327 	 63.0000 	 0.8283 	 2.1488 	 0.0114 	 0.0000 	 0.0354 
53.0000 	 3.5662 	 0.4240 	 -0.0895 	 0.0000 	 821.8926 	 53.0000 	 1.6977 	 0.8147 	 0.2077 	 0.0000 	 0.0421 
55.0000 	 5.9868 	 9.9722 	 10.0000 	 0.0000 	 2144.6287 	 55.0000 	 0.7188 	 0.8606 	 -0.0341 	 0.0000 	 0.1270 
59.0000 	 3.8195 	 0.4126 	 -0.0846 	 0.0000 	 821.5041 	 59.0000 	 2.9971 	 0.5459 	 0.4624 	 0.0000 	 0.0353 
51.0000 	 3.4082 	 0.4532 	 -0.0960 	 0.0000 	 822.0895 	 51.0000 	 0.0615 	 1.1209 	 0.4021 	 0.0000 	 0.0379 
53.0000 	 3.2045 	 0.5619 	 -0.1308 	 0.0000 	 822.6060 	 53.0000 	 0.2539 	 0.8414 	 -0.3212 	 0.0000 	 0.0337 
71.0000 	 4.1154 	 0.4408 	 -0.0948 	 0.0000 	 820.7527 	 71.0000 	 1.2715 	 2.2931 	 -0.0832 	 0.0000 	 0.0428 
71.0000 	 4.1051 	 0.4368 	 -0.0984 	 0.0000 	 820.8322 	 71.0000 	 1.4719 	 1.4637 	 0.1281 	 0.0000 	 0.0353 
72.0000 	 4.3368 	 0.3908 	 -0.0789 	 0.0000 	 820.7599 	 72.0000 	 0.0959 	 1.9766 	 0.4697 	 0.0000 	 0.0485 
69.0000 	 4.0562 	 0.4348 	 -0.0957 	 0.0000 	 820.9149 	 69.0000 	 2.1160 	 2.1824 	 -0.2834 	 0.0000 	 0.0363 
71.0000 	 4.3890 	 0.3742 	 -0.0766 	 0.0000 	 821.0203 	 71.0000 	 2.2302 	 2.5708 	 -0.1135 	 0.0000 	 0.0413 
69.0000 	 5.9103 	 8.6747 	 -9.5919 	 0.0000 	 1773.7183 	 69.0000 	 0.1807 	 0.0885 	 0.4435 	 0.0000 	 0.2151 
70.0000 	 5.9868 	 9.9722 	 -10.0000 	 0.0000 	 2046.2989 	 70.0000 	 0.4662 	 1.8859 	 0.3994 	 0.0000 	 0.1279 
69.0000 	 3.8786 	 0.4892 	 -0.1042 	 0.0000 	 821.0503 	 69.0000 	 2.6543 	 1.0547 	 -0.3152 	 0.0000 	 0.0331 
71.0000 	 5.9868 	 9.9722 	 -10.0000 	 0.0000 	 2022.4869 	 71.0000 	 0.9252 	 0.5367 	 0.4181 	 0.0000 	 0.2555 
59.0000 	 3.8552 	 0.4038 	 -0.0859 	 0.0000 	 821.4747 	 59.0000 	 1.6185 	 2.2833 	 0.2318 	 0.0000 	 0.0333 
68.0000 	 4.0491 	 0.4274 	 -0.0867 	 0.0000 	 820.9587 	 68.0000 	 1.1422 	 2.8905 	 0.0238 	 0.0000 	 0.0357 
70.0000 	 4.1926 	 0.4084 	 -0.0847 	 0.0000 	 820.7909 	 70.0000 	 0.3827 	 2.9636 	 0.1102 	 0.0000 	 0.0333 
59.0000 	 3.8778 	 0.4011 	 -0.0856 	 0.0000 	 821.5171 	 59.0000 	 2.5996 	 1.2585 	 0.3225 	 0.0000 	 0.0472 
59.0000 	 3.2244 	 0.6253 	 -0.1394 	 0.0000 	 822.6140 	 59.0000 	 1.7341 	 2.6188 	 0.4717 	 0.0000 	 0.0344 
59.0000 	 4.1872 	 0.3389 	 -0.0724 	 0.0000 	 821.7499 	 59.0000 	 0.9215 	 2.4941 	 0.1686 	 0.0000 	 0.0387 
70.0000 	 4.5734 	 0.3368 	 -0.0710 	 0.0000 	 821.1685 	 70.0000 	 1.9647 	 1.6161 	 0.3270 	 0.0000 	 0.0356 
60.0000 	 3.8035 	 0.4263 	 -0.0902 	 0.0000 	 821.4430 	 60.0000 	 2.7255 	 1.6236 	 -0.0064 	 0.0000 	 0.0368 
70.0000 	 1.6675 	 0.1062 	 -6.0875 	 0.0000 	 1999.6445 	 70.0000 	 0.6774 	 0.8789 	 0.1045 	 0.0000 	 0.8913 
70.0000 	 4.2250 	 0.3996 	 -0.0797 	 0.0000 	 820.8568 	 70.0000 	 1.8562 	 1.8510 	 -0.1847 	 0.0000 	 0.0330 
63.0000 	 5.9868 	 9.9722 	 10.0000 	 0.0000 	 2106.9816 	 63.0000 	 0.7791 	 0.8825 	 0.3552 	 0.0000 	 0.2838 
58.0000 	 3.7133 	 0.4333 	 -0.0912 	 0.0000 	 821.5196 	 58.0000 	 2.8122 	 1.1455 	 -0.1437 	 0.0000 	 0.0362 
59.0000 	 3.5489 	 0.4956 	 -0.1053 	 0.0000 	 821.6217 	 59.0000 	 2.0314 	 2.5332 	 -0.2009 	 0.0000 	 0.0322 
59.0000 	 3.7422 	 0.4382 	 -0.0944 	 0.0000 	 821.4810 	 59.0000 	 2.3383 	 1.9658 	 0.1063 	 0.0000 	 0.0319 
63.0000 	 3.8854 	 0.4312 	 -0.0887 	 0.0000 	 821.2294 	 63.0000 	 2.9970 	 0.2871 	 -0.3194 	 0.0000 	 0.0366 
69.0000 	 3.9653 	 0.4600 	 -0.1017 	 0.0000 	 820.9241 	 69.0000 	 1.1227 	 2.9724 	 0.2133 	 0.0000 	 0.0338 
55.0000 	 3.3713 	 0.5109 	 -0.1132 	 0.0000 	 822.0078 	 55.0000 	 0.3568 	 0.1544 	 0.0938 	 0.0000 	 0.0463 
70.0000 	 3.9420 	 0.4721 	 -0.0949 	 0.0000 	 820.9072 	 70.0000 	 1.2889 	 1.5236 	 0.2032 	 0.0000 	 0.0387 
53.0000 	 3.4815 	 0.4528 	 -0.1007 	 0.0000 	 821.9420 	 53.0000 	 0.0333 	 0.5859 	 -0.2645 	 0.0000 	 0.0394 
55.0000 	 3.3293 	 0.5289 	 -0.1168 	 0.0000 	 822.1421 	 55.0000 	 0.6487 	 1.1197 	 0.2579 	 0.0000 	 0.0426 
63.0000 	 3.7670 	 0.4644 	 -0.0971 	 0.0000 	 821.2744 	 63.0000 	 1.9021 	 0.9486 	 -0.4095 	 0.0000 	 0.0307 
59.0000 	 3.4278 	 0.5304 	 -0.1264 	 0.0000 	 822.0693 	 59.0000 	 1.1249 	 2.6129 	 0.0505 	 0.0000 	 0.0426 
59.0000 	 5.9868 	 9.9722 	 -10.0000 	 0.0000 	 2048.0826 	 59.0000 	 0.4303 	 2.0208 	 0.0407 	 0.0000 	 0.1281 
53.0000 	 3.3052 	 0.5092 	 -0.1079 	 0.0000 	 822.0770 	 53.0000 	 2.9878 	 2.6451 	 -0.3459 	 0.0000 	 0.0355 
55.0000 	 3.5432 	 0.4477 	 -0.0902 	 0.0000 	 821.7918 	 55.0000 	 0.6410 	 2.2153 	 -0.2147 	 0.0000 	 0.0334 
53.0000 	 3.5264 	 0.4345 	 -0.0912 	 0.0000 	 821.9109 	 53.0000 	 1.6343 	 2.9012 	 0.3005 	 0.0000 	 0.0589 
