50.0000 	 1.6431 	 1.9861 	 0.0000 	 4.1338 	 921.0723 	 50.0000 	 0.8912 	 2.4705 	 0.0000 	 1.6393 	 0.3038 
50.0000 	 3.5518 	 0.2422 	 0.0000 	 9.4125 	 983.7962 	 50.0000 	 1.0936 	 1.6690 	 0.0000 	 1.9328 	 0.2194 
50.0000 	 0.6840 	 0.1173 	 0.0000 	 5.4467 	 913.9418 	 50.0000 	 1.6694 	 0.0833 	 0.0000 	 2.7432 	 0.0046 
40.0000 	 1.7617 	 3.8475 	 0.0000 	 0.0003 	 913.4747 	 40.0000 	 1.8310 	 2.9559 	 0.0000 	 0.9627 	 0.1025 
40.0000 	 0.6576 	 0.1461 	 0.0000 	 5.4233 	 914.2120 	 40.0000 	 2.2422 	 2.5054 	 0.0000 	 0.5533 	 0.0032 
40.0000 	 0.6542 	 0.1445 	 0.0000 	 5.4356 	 914.2096 	 40.0000 	 2.2825 	 0.0467 	 0.0000 	 0.1937 	 0.0021 
40.0000 	 2.4462 	 9.9994 	 0.0000 	 0.3466 	 929.3688 	 40.0000 	 0.3102 	 4.5798 	 0.0000 	 1.9458 	 0.0533 
30.0000 	 1.2327 	 1.4164 	 0.0000 	 4.3816 	 914.3680 	 30.0000 	 2.7170 	 2.1055 	 0.0000 	 2.7634 	 0.0122 
30.0000 	 1.2493 	 1.4954 	 0.0000 	 4.2948 	 914.3364 	 30.0000 	 1.3321 	 2.4172 	 0.0000 	 2.3755 	 0.0098 
30.0000 	 5.9929 	 0.0038 	 0.0000 	 9.9990 	 888.2575 	 30.0000 	 2.3340 	 3.6445 	 0.0000 	 0.5007 	 0.4281 
30.0000 	 1.2587 	 1.5510 	 0.0000 	 4.2457 	 914.3337 	 30.0000 	 2.3049 	 3.0808 	 0.0000 	 2.5440 	 0.0098 
40.0000 	 0.6612 	 0.1486 	 0.0000 	 5.4311 	 914.2065 	 40.0000 	 0.3218 	 0.6414 	 0.0000 	 2.5775 	 0.0022 
20.0000 	 0.9337 	 1.2640 	 0.0000 	 4.6101 	 915.7658 	 20.0000 	 1.1185 	 4.9880 	 0.0000 	 1.4608 	 0.0098 
20.0000 	 0.5589 	 0.2883 	 0.0000 	 5.3912 	 915.9411 	 20.0000 	 0.1243 	 2.3471 	 0.0000 	 1.0743 	 0.0055 
25.0000 	 1.0973 	 1.3786 	 0.0000 	 4.4418 	 914.8470 	 25.0000 	 0.3171 	 1.0012 	 0.0000 	 2.2931 	 0.0112 
25.0000 	 1.0958 	 1.3772 	 0.0000 	 4.4125 	 914.8574 	 25.0000 	 0.5024 	 1.6673 	 0.0000 	 2.4561 	 0.0099 
30.0000 	 1.2574 	 1.5417 	 0.0000 	 4.2177 	 914.3065 	 30.0000 	 1.0293 	 3.0036 	 0.0000 	 1.8964 	 0.0135 
20.0000 	 1.2595 	 1.7459 	 0.0000 	 4.4531 	 910.5401 	 20.0000 	 1.2581 	 1.7435 	 0.0000 	 2.9535 	 0.1147 
20.0000 	 0.9398 	 1.2805 	 0.0000 	 4.6550 	 915.7965 	 20.0000 	 1.3545 	 3.7952 	 0.0000 	 0.6394 	 0.0126 
40.0000 	 1.5291 	 1.7344 	 0.0000 	 4.0734 	 913.7494 	 40.0000 	 1.5174 	 1.5883 	 0.0000 	 1.7016 	 0.0123 
25.0000 	 0.5911 	 0.2309 	 0.0000 	 5.4189 	 915.1707 	 25.0000 	 2.0948 	 3.5975 	 0.0000 	 2.4993 	 0.0040 
25.0000 	 1.1123 	 1.4533 	 0.0000 	 4.3704 	 914.8506 	 25.0000 	 0.8060 	 1.1088 	 0.0000 	 1.9801 	 0.0120 
25.0000 	 0.5936 	 0.2331 	 0.0000 	 5.3902 	 915.1659 	 25.0000 	 2.6934 	 2.2133 	 0.0000 	 0.3784 	 0.0036 
20.0000 	 0.9236 	 1.2133 	 0.0000 	 4.6193 	 915.7801 	 20.0000 	 2.6146 	 4.1835 	 0.0000 	 2.2492 	 0.0552 
15.0000 	 0.9731 	 3.3541 	 0.0000 	 4.2656 	 904.8295 	 15.0000 	 0.6459 	 0.9373 	 0.0000 	 0.6944 	 0.1542 
25.0000 	 0.5941 	 0.2339 	 0.0000 	 5.3995 	 915.1692 	 25.0000 	 2.1138 	 1.4208 	 0.0000 	 0.4711 	 0.0022 
10.0000 	 0.4506 	 0.6076 	 0.0000 	 5.2585 	 921.4322 	 10.0000 	 0.9305 	 3.1647 	 0.0000 	 2.1890 	 0.0111 
15.0000 	 0.5582 	 0.4817 	 0.0000 	 5.2773 	 917.4625 	 15.0000 	 2.7304 	 0.1560 	 0.0000 	 0.0206 	 0.0099 
5.0000 	 0.2852 	 0.8995 	 0.0000 	 5.5750 	 934.3096 	 5.0000 	 2.7161 	 2.6179 	 0.0000 	 2.8514 	 0.0292 
10.0000 	 0.4416 	 0.5703 	 0.0000 	 5.3125 	 921.3930 	 10.0000 	 2.3064 	 2.7963 	 0.0000 	 1.4402 	 0.0136 
25.0000 	 1.0972 	 1.3805 	 0.0000 	 4.4183 	 914.8516 	 25.0000 	 2.7319 	 4.4683 	 0.0000 	 1.6836 	 0.0107 
3.0000 	 0.1121 	 0.4089 	 0.0000 	 6.0809 	 942.2873 	 3.0000 	 2.8789 	 0.0416 	 0.0000 	 1.4237 	 0.6972 
10.0000 	 0.4667 	 0.6611 	 0.0000 	 5.3087 	 921.4548 	 10.0000 	 0.6129 	 4.4344 	 0.0000 	 0.2560 	 0.0124 
10.0000 	 0.4570 	 0.6231 	 0.0000 	 5.3412 	 921.4162 	 10.0000 	 0.0426 	 2.4172 	 0.0000 	 1.1978 	 0.0117 
10.0000 	 0.4294 	 0.5284 	 0.0000 	 5.3781 	 921.3710 	 10.0000 	 0.2078 	 3.2675 	 0.0000 	 1.6034 	 0.0135 
7.0000 	 0.2993 	 0.4412 	 0.0000 	 5.5338 	 926.9490 	 7.0000 	 1.1532 	 2.7147 	 0.0000 	 1.4524 	 0.0248 
5.0000 	 0.2479 	 0.5353 	 0.0000 	 5.6646 	 932.7589 	 5.0000 	 2.5705 	 2.1611 	 0.0000 	 0.2798 	 0.1129 
15.0000 	 0.5551 	 0.4768 	 0.0000 	 5.2893 	 917.4663 	 15.0000 	 2.4309 	 0.8582 	 0.0000 	 1.0176 	 0.0081 
15.0000 	 0.5703 	 0.5107 	 0.0000 	 5.2852 	 917.4702 	 15.0000 	 1.2074 	 1.3028 	 0.0000 	 0.3119 	 0.0100 
15.0000 	 0.5725 	 0.5162 	 0.0000 	 5.2577 	 917.4704 	 15.0000 	 2.9569 	 0.7025 	 0.0000 	 1.3467 	 0.0061 
3.0000 	 0.5374 	 10.0000 	 0.0000 	 5.2613 	 954.1230 	 3.0000 	 1.3786 	 3.4131 	 0.0000 	 0.4602 	 0.1601 
5.0000 	 0.2201 	 0.4455 	 0.0000 	 5.7027 	 933.4434 	 5.0000 	 0.2270 	 4.7504 	 0.0000 	 2.1549 	 0.0233 
3.0000 	 0.1216 	 0.0908 	 0.0000 	 4.4941 	 952.5978 	 3.0000 	 2.6182 	 1.1686 	 0.0000 	 2.0254 	 0.4505 
2.0000 	 0.2235 	 10.0000 	 0.0000 	 4.6377 	 954.1278 	 2.0000 	 2.4815 	 2.5147 	 0.0000 	 2.7688 	 0.3071 
4.0000 	 0.1383 	 0.2681 	 0.0000 	 5.8457 	 937.8994 	 4.0000 	 2.5174 	 3.4026 	 0.0000 	 2.2125 	 0.0765 
2.0000 	 0.1199 	 2.4420 	 0.0000 	 5.7641 	 951.7586 	 2.0000 	 2.0923 	 4.7403 	 0.0000 	 0.1134 	 0.1056 
3.0000 	 0.5426 	 10.0000 	 0.0000 	 5.3948 	 954.0020 	 3.0000 	 0.7315 	 4.2650 	 0.0000 	 2.4432 	 0.1368 
10.0000 	 0.4366 	 0.5548 	 0.0000 	 5.3217 	 921.4099 	 10.0000 	 0.4932 	 1.0614 	 0.0000 	 2.4197 	 0.0113 
4.0000 	 0.3789 	 8.4045 	 0.0000 	 0.0003 	 983.4585 	 4.0000 	 2.6882 	 2.7250 	 0.0000 	 0.4958 	 0.4893 
1.0000 	 0.1139 	 10.0000 	 0.0000 	 5.6379 	 953.5344 	 1.0000 	 1.2894 	 4.2608 	 0.0000 	 1.0903 	 0.3511 
4.0000 	 0.1543 	 0.3342 	 0.0000 	 5.8383 	 937.9820 	 4.0000 	 2.8782 	 1.4895 	 0.0000 	 2.9442 	 0.0224 
2.0000 	 0.2065 	 0.0206 	 0.0000 	 6.4984 	 948.1361 	 2.0000 	 1.7407 	 2.5304 	 0.0000 	 0.5943 	 0.0727 
7.0000 	 0.2929 	 0.4187 	 0.0000 	 5.5192 	 926.9919 	 7.0000 	 1.1338 	 1.7972 	 0.0000 	 1.8354 	 0.0133 
2.0000 	 1.4906 	 0.0050 	 0.0000 	 6.4790 	 960.5698 	 2.0000 	 1.9299 	 4.3651 	 0.0000 	 2.1026 	 0.0000 
3.0000 	 0.1734 	 1.2253 	 0.0000 	 5.6694 	 945.2389 	 3.0000 	 2.7729 	 0.8986 	 0.0000 	 0.8277 	 0.0564 
2.0000 	 4.8258 	 0.0014 	 0.0000 	 6.4795 	 960.5702 	 2.0000 	 2.6317 	 0.9625 	 0.0000 	 2.3583 	 0.0000 
1.0000 	 0.0933 	 9.9999 	 0.0000 	 5.6624 	 948.2165 	 1.0000 	 0.9278 	 4.4213 	 0.0000 	 1.7842 	 0.7277 
1.0000 	 0.5278 	 0.0064 	 0.0000 	 6.6497 	 960.7525 	 1.0000 	 2.4021 	 2.4870 	 0.0000 	 1.7424 	 0.0000 
7.0000 	 0.3199 	 0.5199 	 0.0000 	 5.4878 	 926.9460 	 7.0000 	 2.9738 	 4.8116 	 0.0000 	 2.5131 	 0.0226 
2.0000 	 0.2621 	 9.9994 	 0.0000 	 5.1613 	 952.9144 	 2.0000 	 0.8602 	 4.3551 	 0.0000 	 0.0543 	 0.1707 
7.0000 	 0.2962 	 0.4270 	 0.0000 	 5.5527 	 926.9771 	 7.0000 	 0.7265 	 3.8815 	 0.0000 	 1.6782 	 0.0147 
1.0000 	 0.2501 	 0.1446 	 0.0000 	 6.4907 	 960.4687 	 1.0000 	 0.3057 	 4.0812 	 0.0000 	 2.5020 	 0.0011 
1.0000 	 0.1519 	 9.9929 	 0.0000 	 5.7935 	 954.3627 	 1.0000 	 2.7431 	 1.4378 	 0.0000 	 0.7017 	 0.1562 
4.0000 	 0.1986 	 0.6114 	 0.0000 	 5.9800 	 938.9205 	 4.0000 	 2.4119 	 0.1189 	 0.0000 	 0.6976 	 0.0272 
5.0000 	 0.2557 	 0.6655 	 0.0000 	 5.5829 	 933.7239 	 5.0000 	 0.7833 	 3.9383 	 0.0000 	 0.4703 	 0.0278 
3.0000 	 0.2103 	 2.0555 	 0.0000 	 5.4920 	 946.7743 	 3.0000 	 2.2503 	 4.2526 	 0.0000 	 2.5508 	 0.0825 
7.0000 	 0.3144 	 0.5001 	 0.0000 	 5.5001 	 926.9537 	 7.0000 	 1.6102 	 1.6321 	 0.0000 	 0.1565 	 0.0126 
7.0000 	 0.3251 	 0.5443 	 0.0000 	 5.4886 	 926.8943 	 7.0000 	 2.4592 	 2.7113 	 0.0000 	 0.2573 	 0.0187 
4.0000 	 0.1752 	 0.4403 	 0.0000 	 5.6927 	 937.9689 	 4.0000 	 1.1596 	 3.5916 	 0.0000 	 2.0669 	 0.1156 
4.0000 	 0.1792 	 0.4984 	 0.0000 	 5.7891 	 938.1307 	 4.0000 	 0.4493 	 1.9740 	 0.0000 	 1.7654 	 0.0291 
4.0000 	 0.1567 	 0.3768 	 0.0000 	 5.6772 	 938.0660 	 4.0000 	 2.2076 	 4.3417 	 0.0000 	 0.4656 	 0.0778 
3.0000 	 3.8860 	 1.2923 	 0.0000 	 6.4734 	 960.5440 	 3.0000 	 2.7606 	 1.3367 	 0.0000 	 1.1132 	 0.0004 
3.0000 	 0.1514 	 0.8790 	 0.0000 	 5.6133 	 944.1673 	 3.0000 	 0.7746 	 3.5156 	 0.0000 	 1.8304 	 0.3356 
3.0000 	 0.1566 	 0.8671 	 0.0000 	 5.7684 	 944.2688 	 3.0000 	 0.2911 	 3.3381 	 0.0000 	 0.0160 	 0.0060 
1.0000 	 0.0764 	 0.0010 	 0.0000 	 6.4966 	 875.0136 	 1.0000 	 2.0474 	 3.5147 	 0.0000 	 0.9918 	 0.3796 
1.0000 	 0.0787 	 10.0000 	 0.0000 	 5.8594 	 900.8835 	 1.0000 	 1.9371 	 0.3824 	 0.0000 	 2.0039 	 0.5756 
1.0000 	 0.0940 	 8.2960 	 0.0000 	 6.4501 	 937.7872 	 1.0000 	 1.8181 	 4.2054 	 0.0000 	 1.7770 	 0.1813 
49.0000 	 2.0116 	 4.0686 	 0.0000 	 0.0000 	 909.0098 	 49.0000 	 2.2890 	 4.7921 	 0.0000 	 2.5831 	 0.0963 
49.0000 	 2.0673 	 4.3861 	 0.0000 	 0.3281 	 909.5066 	 49.0000 	 2.1501 	 3.4639 	 0.0000 	 1.3191 	 0.1374 
48.0000 	 1.6887 	 3.8316 	 0.0000 	 0.0996 	 874.5811 	 48.0000 	 1.6877 	 3.8378 	 0.0000 	 0.0991 	 0.2317 
47.0000 	 1.9015 	 3.5867 	 0.0000 	 1.4134 	 911.3119 	 47.0000 	 2.0831 	 1.0774 	 0.0000 	 1.0513 	 0.0647 
47.0000 	 1.7124 	 1.9361 	 0.0000 	 3.8595 	 913.4340 	 47.0000 	 2.5322 	 2.4474 	 0.0000 	 0.8451 	 0.0246 
47.0000 	 1.7019 	 1.8690 	 0.0000 	 3.9734 	 913.5018 	 47.0000 	 1.6979 	 1.8802 	 0.0000 	 0.5372 	 0.0142 
47.0000 	 2.2552 	 3.2851 	 0.0000 	 3.7354 	 900.9743 	 47.0000 	 2.2541 	 3.2801 	 0.0000 	 2.2355 	 0.1991 
47.0000 	 1.9018 	 3.6873 	 0.0000 	 0.3186 	 910.0448 	 47.0000 	 0.2217 	 0.4169 	 0.0000 	 1.9382 	 0.1027 
49.0000 	 1.9670 	 3.8404 	 0.0000 	 0.0000 	 908.9133 	 49.0000 	 1.3770 	 1.2258 	 0.0000 	 0.7920 	 0.0679 
47.0000 	 1.9313 	 3.8869 	 0.0000 	 0.0000 	 909.9876 	 47.0000 	 2.9623 	 4.5595 	 0.0000 	 1.2298 	 0.2463 
47.0000 	 1.8000 	 2.5801 	 0.0000 	 3.0730 	 913.4201 	 47.0000 	 1.7274 	 2.4297 	 0.0000 	 0.7129 	 0.0245 
48.0000 	 1.7403 	 2.0214 	 0.0000 	 3.6964 	 913.4132 	 48.0000 	 0.3796 	 3.5816 	 0.0000 	 2.1923 	 0.0116 
48.0000 	 1.7157 	 1.8851 	 0.0000 	 3.8425 	 913.4458 	 48.0000 	 2.4331 	 4.7344 	 0.0000 	 0.1713 	 0.0135 
48.0000 	 2.0088 	 4.2283 	 0.0000 	 0.0148 	 909.7197 	 48.0000 	 2.1205 	 3.5575 	 0.0000 	 1.2163 	 0.0964 
49.0000 	 2.0116 	 4.0999 	 0.0000 	 0.2550 	 909.2248 	 49.0000 	 2.0955 	 4.7023 	 0.0000 	 1.4926 	 0.1106 
46.0000 	 1.7078 	 1.9749 	 0.0000 	 3.8737 	 913.5180 	 46.0000 	 1.3952 	 1.3688 	 0.0000 	 1.3903 	 0.0113 
47.0000 	 5.6626 	 0.0010 	 0.0000 	 9.9998 	 980.1068 	 47.0000 	 0.8435 	 4.4304 	 0.0000 	 1.4960 	 0.1320 
46.0000 	 2.7260 	 0.0067 	 0.0000 	 6.0179 	 962.1319 	 46.0000 	 0.3497 	 1.7241 	 0.0000 	 2.9530 	 0.0000 
46.0000 	 1.8010 	 2.6867 	 0.0000 	 2.8719 	 913.6441 	 46.0000 	 1.4499 	 1.8816 	 0.0000 	 0.9795 	 0.2497 
46.0000 	 0.6762 	 0.1278 	 0.0000 	 5.4385 	 914.0311 	 46.0000 	 2.7456 	 4.3026 	 0.0000 	 1.9269 	 0.0014 
45.0000 	 1.8363 	 3.3341 	 0.0000 	 1.9818 	 912.9590 	 45.0000 	 1.5245 	 3.8844 	 0.0000 	 0.2163 	 0.0375 
46.0000 	 1.7356 	 2.2440 	 0.0000 	 3.4876 	 913.5007 	 46.0000 	 0.9291 	 3.1569 	 0.0000 	 1.2242 	 0.0184 
48.0000 	 1.7323 	 1.9315 	 0.0000 	 3.8603 	 913.4354 	 48.0000 	 1.0420 	 1.7085 	 0.0000 	 2.9583 	 0.0128 
46.0000 	 1.7067 	 2.0357 	 0.0000 	 3.7207 	 913.4693 	 46.0000 	 2.8282 	 3.2612 	 0.0000 	 1.5371 	 0.0169 
46.0000 	 2.3359 	 7.2925 	 0.0000 	 0.0000 	 919.8160 	 46.0000 	 1.0168 	 1.1283 	 0.0000 	 2.3674 	 0.1341 
45.0000 	 1.7070 	 2.1237 	 0.0000 	 3.6764 	 913.5637 	 45.0000 	 1.5033 	 0.6426 	 0.0000 	 0.2108 	 0.0215 
44.0000 	 0.4857 	 0.0079 	 0.0000 	 5.8422 	 948.8845 	 44.0000 	 0.5246 	 1.4498 	 0.0000 	 0.9283 	 0.1507 
44.0000 	 2.5062 	 3.2175 	 0.0000 	 3.8701 	 860.2841 	 44.0000 	 0.7096 	 4.6786 	 0.0000 	 0.7346 	 0.1697 
45.0000 	 1.6374 	 1.7747 	 0.0000 	 4.0167 	 913.5903 	 45.0000 	 1.4010 	 2.5432 	 0.0000 	 1.3209 	 0.0104 
46.0000 	 1.9237 	 3.9849 	 0.0000 	 0.5862 	 910.8103 	 46.0000 	 1.8884 	 2.5410 	 0.0000 	 1.9777 	 0.0801 
45.0000 	 1.6827 	 2.0194 	 0.0000 	 3.7482 	 913.5380 	 45.0000 	 2.9744 	 1.2766 	 0.0000 	 1.8516 	 0.0156 
47.0000 	 0.5846 	 0.0888 	 0.0000 	 5.5573 	 914.4868 	 47.0000 	 0.3800 	 3.0400 	 0.0000 	 0.5261 	 0.0024 
44.0000 	 0.3480 	 0.0081 	 0.0000 	 6.2622 	 938.3353 	 44.0000 	 1.0509 	 2.8653 	 0.0000 	 0.6243 	 0.1270 
46.0000 	 1.7061 	 2.0164 	 0.0000 	 3.7838 	 913.4931 	 46.0000 	 1.7618 	 2.5316 	 0.0000 	 1.7298 	 0.0111 
44.0000 	 1.6792 	 2.0252 	 0.0000 	 3.8849 	 913.6439 	 44.0000 	 2.0231 	 1.9746 	 0.0000 	 2.8192 	 0.0031 
43.0000 	 3.2187 	 9.9722 	 0.0000 	 8.4067 	 933.5330 	 43.0000 	 0.7916 	 0.5437 	 0.0000 	 2.2818 	 0.4811 
44.0000 	 0.6684 	 0.1328 	 0.0000 	 5.4396 	 914.0833 	 44.0000 	 0.6728 	 0.6078 	 0.0000 	 2.0234 	 0.0017 
45.0000 	 1.9647 	 4.2016 	 0.0000 	 0.8005 	 911.9814 	 45.0000 	 2.0620 	 0.9997 	 0.0000 	 1.4751 	 0.3547 
44.0000 	 1.8763 	 4.0331 	 0.0000 	 0.0000 	 911.3739 	 44.0000 	 0.6001 	 1.2813 	 0.0000 	 0.5158 	 0.1237 
45.0000 	 2.6395 	 9.9994 	 0.0000 	 0.0000 	 927.3315 	 45.0000 	 0.2129 	 2.0532 	 0.0000 	 2.8001 	 0.0575 
45.0000 	 5.9929 	 0.0010 	 0.0000 	 9.9990 	 912.3340 	 45.0000 	 1.3692 	 0.1581 	 0.0000 	 0.3912 	 0.3682 
44.0000 	 1.6322 	 1.8444 	 0.0000 	 3.9454 	 913.5613 	 44.0000 	 2.4842 	 3.0660 	 0.0000 	 1.1512 	 0.0118 
43.0000 	 1.6260 	 1.9041 	 0.0000 	 3.9106 	 913.5897 	 43.0000 	 1.5816 	 0.5280 	 0.0000 	 0.3331 	 0.0137 
45.0000 	 1.6276 	 1.7307 	 0.0000 	 4.0528 	 913.6218 	 45.0000 	 1.2510 	 0.6999 	 0.0000 	 2.5671 	 0.0515 
45.0000 	 0.6743 	 0.1312 	 0.0000 	 5.4354 	 914.0569 	 45.0000 	 2.8666 	 1.9364 	 0.0000 	 0.4583 	 0.0013 
44.0000 	 1.6721 	 2.0452 	 0.0000 	 3.7260 	 913.6347 	 44.0000 	 0.5885 	 3.9099 	 0.0000 	 2.4583 	 0.2051 
46.0000 	 4.6740 	 7.6786 	 0.0000 	 7.8399 	 968.9091 	 46.0000 	 2.1317 	 4.7969 	 0.0000 	 0.5813 	 0.0061 
43.0000 	 0.6659 	 0.1358 	 0.0000 	 5.4312 	 914.1119 	 43.0000 	 0.5365 	 1.9040 	 0.0000 	 1.9131 	 0.0049 
44.0000 	 1.6499 	 1.9383 	 0.0000 	 3.8522 	 913.5209 	 44.0000 	 0.9463 	 4.0401 	 0.0000 	 2.4898 	 0.0217 
41.0000 	 1.5380 	 1.6778 	 0.0000 	 4.0906 	 913.7238 	 41.0000 	 0.1342 	 3.2175 	 0.0000 	 0.5477 	 0.0173 
45.0000 	 1.7287 	 2.2361 	 0.0000 	 3.5442 	 913.6213 	 45.0000 	 1.5979 	 3.5213 	 0.0000 	 2.4664 	 0.0324 
43.0000 	 1.9228 	 4.4194 	 0.0000 	 0.6829 	 912.8832 	 43.0000 	 1.4248 	 2.8116 	 0.0000 	 1.0222 	 0.1008 
41.0000 	 5.4873 	 0.0010 	 0.0000 	 6.4975 	 960.5721 	 41.0000 	 2.6690 	 4.7843 	 0.0000 	 1.1312 	 0.0000 
43.0000 	 1.6079 	 1.7917 	 0.0000 	 4.0421 	 913.6684 	 43.0000 	 1.2916 	 1.7163 	 0.0000 	 1.2405 	 0.0106 
42.0000 	 5.9987 	 9.9981 	 0.0000 	 9.9999 	 991.5265 	 42.0000 	 0.0091 	 2.5018 	 0.0000 	 2.2722 	 0.1145 
43.0000 	 1.7989 	 3.6386 	 0.0000 	 0.7264 	 912.1821 	 43.0000 	 0.5698 	 0.2539 	 0.0000 	 1.1282 	 0.0755 
42.0000 	 0.6661 	 0.1404 	 0.0000 	 5.4388 	 914.1423 	 42.0000 	 2.4303 	 1.1645 	 0.0000 	 0.7955 	 0.0018 
42.0000 	 1.8123 	 3.8440 	 0.0000 	 0.5916 	 912.5509 	 42.0000 	 1.0619 	 0.4018 	 0.0000 	 2.7747 	 0.0855 
42.0000 	 1.6211 	 2.0102 	 0.0000 	 3.7896 	 913.6686 	 42.0000 	 1.5608 	 2.7520 	 0.0000 	 2.1893 	 0.0184 
43.0000 	 0.6700 	 0.1377 	 0.0000 	 5.4439 	 914.1134 	 43.0000 	 2.4646 	 1.3463 	 0.0000 	 1.6485 	 0.0017 
41.0000 	 1.6352 	 2.2542 	 0.0000 	 3.4734 	 913.9344 	 41.0000 	 1.4506 	 0.7657 	 0.0000 	 2.0156 	 0.0241 
43.0000 	 1.7573 	 2.9625 	 0.0000 	 2.5743 	 913.9497 	 43.0000 	 1.4225 	 2.3684 	 0.0000 	 0.3248 	 0.0271 
42.0000 	 0.6619 	 0.1384 	 0.0000 	 5.4400 	 914.1415 	 42.0000 	 0.9715 	 2.8802 	 0.0000 	 0.3454 	 0.0015 
41.0000 	 0.7614 	 0.0174 	 0.0000 	 6.4856 	 950.2604 	 41.0000 	 1.4119 	 0.2196 	 0.0000 	 1.1349 	 0.0047 
39.0000 	 1.7871 	 4.1427 	 0.0000 	 1.1066 	 914.5527 	 39.0000 	 0.3854 	 2.0905 	 0.0000 	 2.3445 	 0.2892 
42.0000 	 1.5705 	 1.7359 	 0.0000 	 4.0581 	 913.6672 	 42.0000 	 0.2488 	 4.8729 	 0.0000 	 0.4055 	 0.0165 
37.0000 	 1.4647 	 1.7367 	 0.0000 	 4.0914 	 913.8772 	 37.0000 	 1.2341 	 3.7001 	 0.0000 	 1.9588 	 0.0116 
39.0000 	 5.3245 	 0.0011 	 0.0000 	 9.9998 	 993.4056 	 39.0000 	 0.0115 	 1.6322 	 0.0000 	 0.2184 	 0.1315 
43.0000 	 1.8068 	 3.6630 	 0.0000 	 0.3559 	 911.8221 	 43.0000 	 0.7573 	 1.0780 	 0.0000 	 2.2481 	 0.0943 
37.0000 	 1.4369 	 1.5976 	 0.0000 	 4.2225 	 913.9297 	 37.0000 	 2.2077 	 0.0755 	 0.0000 	 1.0396 	 0.0118 
38.0000 	 0.6446 	 0.1499 	 0.0000 	 5.4254 	 914.2822 	 38.0000 	 2.6375 	 0.1122 	 0.0000 	 0.4097 	 0.0015 
38.0000 	 1.7376 	 3.8895 	 0.0000 	 1.0908 	 915.0890 	 38.0000 	 0.3569 	 1.8154 	 0.0000 	 1.3943 	 0.0748 
37.0000 	 1.4370 	 1.6090 	 0.0000 	 4.1837 	 913.8968 	 37.0000 	 2.7462 	 3.3230 	 0.0000 	 2.2285 	 0.0119 
38.0000 	 1.8767 	 1.2781 	 0.0000 	 4.1792 	 912.9668 	 38.0000 	 1.8761 	 1.2776 	 0.0000 	 2.6797 	 0.1464 
39.0000 	 0.6577 	 0.1521 	 0.0000 	 5.4305 	 914.2480 	 39.0000 	 0.6297 	 2.4877 	 0.0000 	 1.3702 	 0.0012 
37.0000 	 1.8767 	 2.8401 	 0.0000 	 4.1133 	 898.7134 	 37.0000 	 2.5008 	 4.8720 	 0.0000 	 2.2409 	 0.1435 
36.0000 	 1.4245 	 1.6815 	 0.0000 	 4.0736 	 913.8956 	 36.0000 	 1.0250 	 4.5325 	 0.0000 	 2.8630 	 0.0393 
37.0000 	 1.6347 	 3.2759 	 0.0000 	 1.8998 	 915.7765 	 37.0000 	 1.1144 	 0.9127 	 0.0000 	 0.8682 	 0.0432 
37.0000 	 1.4584 	 1.7205 	 0.0000 	 4.0763 	 913.8665 	 37.0000 	 0.0927 	 1.1256 	 0.0000 	 2.6475 	 0.0239 
36.0000 	 5.9987 	 9.9981 	 0.0000 	 9.0866 	 983.4932 	 36.0000 	 0.8637 	 1.2131 	 0.0000 	 1.2055 	 0.2258 
37.0000 	 2.2525 	 8.7956 	 0.0000 	 0.0000 	 928.2929 	 37.0000 	 2.5084 	 4.8954 	 0.0000 	 1.5924 	 0.2065 
38.0000 	 5.6153 	 9.4559 	 0.0000 	 6.7112 	 959.7452 	 38.0000 	 1.8458 	 2.8241 	 0.0000 	 1.4680 	 0.0064 
39.0000 	 1.8050 	 4.3255 	 0.0000 	 0.1779 	 914.2873 	 39.0000 	 1.9524 	 4.7523 	 0.0000 	 2.0240 	 0.0923 
41.0000 	 2.6164 	 4.8565 	 0.0000 	 3.7031 	 909.7548 	 41.0000 	 2.6175 	 4.8622 	 0.0000 	 2.2033 	 0.2226 
38.0000 	 1.4722 	 1.6782 	 0.0000 	 4.0941 	 913.8155 	 38.0000 	 1.9081 	 0.6797 	 0.0000 	 1.2151 	 0.0232 
36.0000 	 0.6550 	 0.1692 	 0.0000 	 5.4297 	 914.3746 	 36.0000 	 1.2612 	 1.9328 	 0.0000 	 1.9649 	 0.0014 
38.0000 	 1.4767 	 1.6977 	 0.0000 	 4.0646 	 913.8483 	 38.0000 	 2.6937 	 3.1769 	 0.0000 	 0.5283 	 0.0130 
37.0000 	 0.6380 	 0.1525 	 0.0000 	 5.4277 	 914.3239 	 37.0000 	 2.8043 	 0.7299 	 0.0000 	 2.8796 	 0.0015 
38.0000 	 1.7261 	 3.8732 	 0.0000 	 0.9735 	 914.9716 	 38.0000 	 1.8818 	 1.5936 	 0.0000 	 1.7451 	 0.0692 
38.0000 	 1.4734 	 1.6779 	 0.0000 	 4.0521 	 913.8210 	 38.0000 	 0.4178 	 3.2728 	 0.0000 	 1.9250 	 0.0161 
36.0000 	 1.4237 	 1.6645 	 0.0000 	 4.0916 	 913.9234 	 36.0000 	 2.0183 	 4.7202 	 0.0000 	 1.6895 	 0.0120 
34.0000 	 1.3813 	 1.6495 	 0.0000 	 4.2065 	 914.0511 	 34.0000 	 2.2265 	 0.8395 	 0.0000 	 1.4493 	 0.0159 
38.0000 	 1.4854 	 1.7366 	 0.0000 	 4.0489 	 913.8359 	 38.0000 	 1.9826 	 1.1359 	 0.0000 	 0.8083 	 0.0163 
34.0000 	 0.6293 	 0.1672 	 0.0000 	 5.4535 	 914.4706 	 34.0000 	 0.3270 	 1.4792 	 0.0000 	 2.9303 	 0.0027 
36.0000 	 1.4072 	 1.5849 	 0.0000 	 4.1997 	 913.9491 	 36.0000 	 2.7811 	 4.0917 	 0.0000 	 1.3190 	 0.0113 
36.0000 	 1.4269 	 1.6577 	 0.0000 	 4.1408 	 913.9306 	 36.0000 	 0.1561 	 3.7712 	 0.0000 	 2.0521 	 0.0124 
34.0000 	 1.7287 	 4.8163 	 0.0000 	 4.0239 	 909.5431 	 34.0000 	 1.7313 	 4.8260 	 0.0000 	 2.5244 	 0.2231 
35.0000 	 1.4029 	 1.6677 	 0.0000 	 4.1401 	 913.9659 	 35.0000 	 1.3350 	 0.8482 	 0.0000 	 1.8836 	 0.0106 
37.0000 	 1.4763 	 1.7652 	 0.0000 	 4.1107 	 913.9238 	 37.0000 	 1.0726 	 1.8399 	 0.0000 	 1.7078 	 0.0127 
35.0000 	 1.3712 	 1.5096 	 0.0000 	 4.3115 	 914.0385 	 35.0000 	 1.9724 	 4.4142 	 0.0000 	 2.7859 	 0.0137 
35.0000 	 1.3434 	 1.4562 	 0.0000 	 4.2041 	 914.1977 	 35.0000 	 0.7824 	 1.2361 	 0.0000 	 0.2491 	 0.1510 
34.0000 	 0.6284 	 0.1668 	 0.0000 	 5.4258 	 914.4661 	 34.0000 	 1.9961 	 0.4345 	 0.0000 	 0.5342 	 0.0019 
33.0000 	 1.3766 	 1.7416 	 0.0000 	 4.1374 	 914.1470 	 33.0000 	 2.5844 	 1.3538 	 0.0000 	 0.3030 	 0.0269 
38.0000 	 1.5026 	 1.8513 	 0.0000 	 3.8734 	 913.8662 	 38.0000 	 0.3122 	 4.2773 	 0.0000 	 0.2551 	 0.0147 
39.0000 	 1.5093 	 1.7423 	 0.0000 	 4.0770 	 913.8115 	 39.0000 	 0.5832 	 1.7115 	 0.0000 	 1.0378 	 0.0171 
36.0000 	 1.6913 	 4.0178 	 0.0000 	 0.7581 	 916.2190 	 36.0000 	 2.5329 	 4.0397 	 0.0000 	 0.6742 	 0.0891 
36.0000 	 1.6898 	 4.0721 	 0.0000 	 0.7406 	 916.0553 	 36.0000 	 1.7631 	 4.7167 	 0.0000 	 1.3108 	 0.0828 
35.0000 	 1.6861 	 4.0448 	 0.0000 	 1.0685 	 917.1597 	 35.0000 	 2.5376 	 0.2782 	 0.0000 	 1.2993 	 0.2275 
33.0000 	 1.3479 	 1.6064 	 0.0000 	 4.1603 	 914.1085 	 33.0000 	 0.9131 	 4.7068 	 0.0000 	 0.9026 	 0.0090 
33.0000 	 0.6279 	 0.1739 	 0.0000 	 5.4340 	 914.5219 	 33.0000 	 1.8988 	 0.1670 	 0.0000 	 1.9430 	 0.0024 
34.0000 	 1.3742 	 1.6287 	 0.0000 	 4.1616 	 914.0467 	 34.0000 	 1.4279 	 0.3299 	 0.0000 	 0.5674 	 0.0087 
34.0000 	 1.3357 	 1.4283 	 0.0000 	 4.3919 	 914.1657 	 34.0000 	 1.4812 	 0.4468 	 0.0000 	 1.0786 	 0.1911 
35.0000 	 1.5221 	 2.5315 	 0.0000 	 3.1226 	 915.2671 	 35.0000 	 2.6734 	 0.6874 	 0.0000 	 2.4764 	 0.0435 
35.0000 	 1.4213 	 1.7374 	 0.0000 	 4.0858 	 914.0042 	 35.0000 	 1.6719 	 2.5403 	 0.0000 	 1.1871 	 0.0103 
35.0000 	 1.4089 	 1.6968 	 0.0000 	 4.0967 	 913.9492 	 35.0000 	 2.2759 	 0.7491 	 0.0000 	 2.9953 	 0.0174 
33.0000 	 1.3379 	 1.5770 	 0.0000 	 4.1872 	 914.1226 	 33.0000 	 2.3445 	 0.6939 	 0.0000 	 0.7934 	 0.0116 
34.0000 	 1.3521 	 1.5570 	 0.0000 	 4.2223 	 914.0652 	 34.0000 	 0.8546 	 0.2549 	 0.0000 	 1.6511 	 0.0153 
31.0000 	 1.4877 	 3.1651 	 0.0000 	 2.5241 	 917.9087 	 31.0000 	 0.6012 	 2.1475 	 0.0000 	 2.4952 	 0.0427 
31.0000 	 2.2029 	 2.4966 	 0.0000 	 4.2832 	 906.9654 	 31.0000 	 2.2003 	 2.5002 	 0.0000 	 2.7828 	 0.1710 
34.0000 	 1.3703 	 1.6462 	 0.0000 	 4.0619 	 914.0894 	 34.0000 	 1.0693 	 4.6726 	 0.0000 	 1.3859 	 0.0201 
35.0000 	 0.6377 	 0.1657 	 0.0000 	 5.4297 	 914.4194 	 35.0000 	 2.4961 	 3.2763 	 0.0000 	 0.2858 	 0.0023 
31.0000 	 0.6243 	 0.1904 	 0.0000 	 5.4502 	 914.6438 	 31.0000 	 2.5923 	 0.0165 	 0.0000 	 1.1674 	 0.0361 
35.0000 	 1.3908 	 1.6029 	 0.0000 	 4.1923 	 914.0146 	 35.0000 	 0.4159 	 4.8944 	 0.0000 	 2.1294 	 0.0132 
36.0000 	 1.5678 	 4.6394 	 0.0000 	 0.6240 	 861.6371 	 36.0000 	 0.8759 	 3.6937 	 0.0000 	 2.9374 	 0.3319 
33.0000 	 0.6357 	 0.1804 	 0.0000 	 5.4250 	 914.5205 	 33.0000 	 1.6886 	 1.3710 	 0.0000 	 0.9207 	 0.0037 
37.0000 	 0.6417 	 0.1551 	 0.0000 	 5.4193 	 914.3273 	 37.0000 	 2.0637 	 1.1790 	 0.0000 	 1.3463 	 0.0027 
32.0000 	 1.6431 	 1.9861 	 0.0000 	 4.1338 	 904.4111 	 32.0000 	 1.5570 	 0.0466 	 0.0000 	 0.8293 	 0.1270 
33.0000 	 1.3370 	 1.5545 	 0.0000 	 4.2804 	 914.1337 	 33.0000 	 1.5047 	 0.0345 	 0.0000 	 2.0827 	 0.0198 
29.0000 	 2.7528 	 2.9979 	 0.0000 	 4.2920 	 877.7543 	 29.0000 	 2.7522 	 3.0037 	 0.0000 	 2.7914 	 0.2222 
33.0000 	 0.6288 	 0.1742 	 0.0000 	 5.4422 	 914.5210 	 33.0000 	 2.7106 	 1.4203 	 0.0000 	 2.6378 	 0.0023 
32.0000 	 1.3144 	 1.5688 	 0.0000 	 4.2702 	 914.1854 	 32.0000 	 1.6868 	 0.9716 	 0.0000 	 2.7451 	 0.0118 
29.0000 	 1.2348 	 1.5439 	 0.0000 	 4.2811 	 914.4158 	 29.0000 	 2.5529 	 2.7029 	 0.0000 	 1.8931 	 0.0108 
33.0000 	 1.3311 	 1.5652 	 0.0000 	 4.1459 	 914.1141 	 33.0000 	 0.0885 	 3.8208 	 0.0000 	 2.0073 	 0.0142 
32.0000 	 1.3060 	 1.5288 	 0.0000 	 4.2943 	 914.1636 	 32.0000 	 1.7915 	 4.1529 	 0.0000 	 0.3526 	 0.0108 
32.0000 	 0.6171 	 0.1690 	 0.0000 	 5.5726 	 914.8066 	 32.0000 	 2.3282 	 2.7251 	 0.0000 	 0.2770 	 0.0025 
35.0000 	 1.4027 	 1.6699 	 0.0000 	 4.0933 	 913.9890 	 35.0000 	 0.7934 	 3.0224 	 0.0000 	 0.5368 	 0.0164 
29.0000 	 1.2246 	 1.4903 	 0.0000 	 4.3457 	 914.4168 	 29.0000 	 1.1523 	 2.2261 	 0.0000 	 2.3290 	 0.0147 
31.0000 	 1.2788 	 1.5102 	 0.0000 	 4.2933 	 914.2356 	 31.0000 	 1.2547 	 0.4953 	 0.0000 	 1.6524 	 0.0243 
34.0000 	 0.6299 	 0.1675 	 0.0000 	 5.4336 	 914.4681 	 34.0000 	 2.7319 	 4.2456 	 0.0000 	 0.1633 	 0.0032 
31.0000 	 1.2953 	 1.5918 	 0.0000 	 4.2363 	 914.2522 	 31.0000 	 0.3219 	 3.3872 	 0.0000 	 2.8237 	 0.0604 
31.0000 	 1.2581 	 1.4250 	 0.0000 	 4.3682 	 914.2766 	 31.0000 	 2.7418 	 3.9764 	 0.0000 	 1.0384 	 0.0197 
32.0000 	 0.6194 	 0.1760 	 0.0000 	 5.4221 	 914.5780 	 32.0000 	 2.1309 	 1.7363 	 0.0000 	 0.9792 	 0.0023 
27.0000 	 1.1604 	 1.4334 	 0.0000 	 4.3563 	 914.6022 	 27.0000 	 1.3737 	 4.2760 	 0.0000 	 1.3507 	 0.0125 
36.0000 	 1.4495 	 1.7994 	 0.0000 	 3.9977 	 913.9452 	 36.0000 	 2.0564 	 1.5071 	 0.0000 	 0.9672 	 0.0118 
32.0000 	 1.5011 	 3.0316 	 0.0000 	 2.6014 	 917.2713 	 32.0000 	 1.7546 	 0.4156 	 0.0000 	 2.6480 	 0.0418 
31.0000 	 0.6227 	 0.1870 	 0.0000 	 5.4373 	 914.6440 	 31.0000 	 1.0504 	 4.4434 	 0.0000 	 0.1290 	 0.0127 
27.0000 	 0.6013 	 0.2128 	 0.0000 	 5.4192 	 914.9640 	 27.0000 	 1.1640 	 4.9669 	 0.0000 	 2.1920 	 0.0020 
32.0000 	 0.6284 	 0.1823 	 0.0000 	 5.4256 	 914.5821 	 32.0000 	 1.8258 	 0.0749 	 0.0000 	 0.4071 	 0.0013 
29.0000 	 0.6129 	 0.1992 	 0.0000 	 5.4383 	 914.7921 	 29.0000 	 0.3399 	 0.4633 	 0.0000 	 2.9179 	 0.0046 
32.0000 	 1.3216 	 1.6119 	 0.0000 	 4.1953 	 914.1752 	 32.0000 	 2.4714 	 0.6671 	 0.0000 	 2.4092 	 0.0234 
27.0000 	 1.1427 	 1.3398 	 0.0000 	 4.4907 	 914.6445 	 27.0000 	 0.9499 	 3.8894 	 0.0000 	 0.1935 	 0.0100 
33.0000 	 0.6336 	 0.1780 	 0.0000 	 5.4241 	 914.5212 	 33.0000 	 0.5183 	 1.5381 	 0.0000 	 0.5739 	 0.0015 
32.0000 	 1.3754 	 1.9439 	 0.0000 	 3.7161 	 914.6031 	 32.0000 	 2.7611 	 1.8872 	 0.0000 	 1.1271 	 0.1275 
29.0000 	 1.2279 	 1.4996 	 0.0000 	 4.3150 	 914.4063 	 29.0000 	 1.4165 	 4.4544 	 0.0000 	 2.8165 	 0.0148 
31.0000 	 1.5197 	 3.7952 	 0.0000 	 0.2410 	 919.6885 	 31.0000 	 1.9209 	 0.1720 	 0.0000 	 1.8186 	 0.0859 
28.0000 	 1.1995 	 1.5043 	 0.0000 	 4.3177 	 914.5082 	 28.0000 	 1.2644 	 1.5457 	 0.0000 	 2.8083 	 0.0101 
27.0000 	 1.2595 	 2.9731 	 0.0000 	 4.2949 	 934.5239 	 27.0000 	 1.2610 	 2.9718 	 0.0000 	 2.7950 	 0.3107 
28.0000 	 1.9439 	 3.7998 	 0.0000 	 4.3740 	 911.5331 	 28.0000 	 1.9406 	 3.8045 	 0.0000 	 2.8738 	 0.2347 
26.0000 	 0.5785 	 0.2038 	 0.0000 	 5.4651 	 915.1300 	 26.0000 	 0.6814 	 3.0384 	 0.0000 	 0.6406 	 0.0514 
26.0000 	 1.1301 	 1.4118 	 0.0000 	 4.4223 	 914.7265 	 26.0000 	 2.8272 	 2.1229 	 0.0000 	 0.3767 	 0.0102 
29.0000 	 1.2422 	 1.5811 	 0.0000 	 4.2432 	 914.4139 	 29.0000 	 1.0770 	 4.7090 	 0.0000 	 0.3010 	 0.0131 
28.0000 	 2.1518 	 3.2851 	 0.0000 	 3.8906 	 918.6577 	 28.0000 	 2.1556 	 3.2888 	 0.0000 	 2.3910 	 0.4160 
31.0000 	 3.6051 	 9.9722 	 0.0000 	 5.6133 	 929.3062 	 31.0000 	 2.8469 	 4.3612 	 0.0000 	 0.7899 	 0.2160 
29.0000 	 5.8840 	 0.0044 	 0.0000 	 6.4675 	 960.5707 	 29.0000 	 1.1027 	 1.5237 	 0.0000 	 2.6531 	 0.0012 
26.0000 	 0.6079 	 0.2312 	 0.0000 	 5.4246 	 915.0612 	 26.0000 	 1.5619 	 4.4193 	 0.0000 	 2.1220 	 0.0023 
32.0000 	 1.5117 	 3.6356 	 0.0000 	 0.6332 	 919.1189 	 32.0000 	 2.5436 	 4.7243 	 0.0000 	 0.3482 	 0.2957 
28.0000 	 0.5943 	 0.1953 	 0.0000 	 5.4237 	 914.8766 	 28.0000 	 2.5418 	 2.1979 	 0.0000 	 2.8877 	 0.0047 
34.0000 	 1.4116 	 1.8123 	 0.0000 	 4.0665 	 914.1059 	 34.0000 	 2.0047 	 1.3310 	 0.0000 	 1.6970 	 0.0121 
26.0000 	 5.8862 	 0.0032 	 0.0000 	 6.4844 	 960.5701 	 26.0000 	 0.4821 	 2.9722 	 0.0000 	 1.6830 	 0.0000 
27.0000 	 0.2231 	 0.0196 	 0.0000 	 5.6093 	 924.1675 	 27.0000 	 0.4882 	 1.6142 	 0.0000 	 2.0777 	 0.1540 
28.0000 	 1.2037 	 1.4974 	 0.0000 	 4.3564 	 914.4980 	 28.0000 	 1.6392 	 2.4643 	 0.0000 	 1.5812 	 0.0174 
27.0000 	 2.2467 	 9.9999 	 0.0000 	 3.9156 	 940.6479 	 27.0000 	 0.4882 	 1.6142 	 0.0000 	 2.0777 	 0.0195 
28.0000 	 0.6009 	 0.2005 	 0.0000 	 5.4225 	 914.8699 	 28.0000 	 0.8325 	 3.5309 	 0.0000 	 1.4061 	 0.0022 
29.0000 	 0.6108 	 0.1986 	 0.0000 	 5.4062 	 914.7921 	 29.0000 	 2.2226 	 1.0804 	 0.0000 	 1.1504 	 0.0141 
28.0000 	 0.6092 	 0.2070 	 0.0000 	 5.4008 	 914.8687 	 28.0000 	 0.5120 	 3.7388 	 0.0000 	 1.2476 	 0.0028 
28.0000 	 0.5441 	 0.1495 	 0.0000 	 5.4156 	 915.3719 	 28.0000 	 0.5722 	 3.6934 	 0.0000 	 1.7199 	 0.0863 
27.0000 	 0.6107 	 0.2221 	 0.0000 	 5.4159 	 914.9686 	 27.0000 	 2.7614 	 0.5355 	 0.0000 	 0.4147 	 0.0087 
23.0000 	 1.0365 	 1.3463 	 0.0000 	 4.5083 	 915.1432 	 23.0000 	 2.5660 	 3.1418 	 0.0000 	 2.6272 	 0.0103 
27.0000 	 1.1708 	 1.4806 	 0.0000 	 4.3019 	 914.6075 	 27.0000 	 1.8499 	 4.6094 	 0.0000 	 0.1260 	 0.0100 
23.0000 	 1.0534 	 1.4213 	 0.0000 	 4.4521 	 915.1412 	 23.0000 	 2.1105 	 4.8486 	 0.0000 	 1.1924 	 0.0230 
24.0000 	 0.5970 	 0.2528 	 0.0000 	 5.3838 	 915.2905 	 24.0000 	 1.9938 	 3.8984 	 0.0000 	 1.1520 	 0.0066 
23.0000 	 0.9662 	 1.0383 	 0.0000 	 4.8704 	 915.4812 	 23.0000 	 0.1625 	 3.5782 	 0.0000 	 2.5745 	 0.0120 
26.0000 	 1.1492 	 1.4993 	 0.0000 	 4.3140 	 914.7351 	 26.0000 	 1.9289 	 4.8783 	 0.0000 	 1.1196 	 0.0092 
28.0000 	 1.1992 	 1.4952 	 0.0000 	 4.3504 	 914.5046 	 28.0000 	 0.9238 	 2.8236 	 0.0000 	 2.8309 	 0.0091 
27.0000 	 0.5965 	 0.2087 	 0.0000 	 5.4157 	 914.9642 	 27.0000 	 1.8525 	 1.6155 	 0.0000 	 0.0187 	 0.0022 
24.0000 	 1.1115 	 1.5289 	 0.0000 	 4.3953 	 915.1056 	 24.0000 	 2.8796 	 3.4413 	 0.0000 	 0.4901 	 0.0644 
26.0000 	 1.3670 	 3.7909 	 0.0000 	 0.7930 	 924.4036 	 26.0000 	 1.6885 	 2.7586 	 0.0000 	 0.6551 	 0.0976 
23.0000 	 1.0259 	 1.3038 	 0.0000 	 4.5518 	 915.1718 	 23.0000 	 2.9022 	 4.0433 	 0.0000 	 0.1989 	 0.0087 
24.0000 	 0.5807 	 0.2354 	 0.0000 	 5.4124 	 915.2969 	 24.0000 	 2.1858 	 3.5956 	 0.0000 	 0.6955 	 0.0075 
21.0000 	 1.8767 	 2.8401 	 0.0000 	 4.1133 	 909.4149 	 21.0000 	 2.3964 	 2.7828 	 0.0000 	 2.2079 	 0.1942 
26.0000 	 1.0926 	 1.2567 	 0.0000 	 4.5667 	 914.7810 	 26.0000 	 2.2225 	 0.0255 	 0.0000 	 1.3153 	 0.0699 
26.0000 	 1.4146 	 4.2658 	 0.0000 	 0.0000 	 924.8725 	 26.0000 	 1.4433 	 4.5592 	 0.0000 	 0.1545 	 0.1164 
21.0000 	 0.9726 	 1.3094 	 0.0000 	 4.5493 	 915.5490 	 21.0000 	 2.2646 	 4.3403 	 0.0000 	 2.1027 	 0.0104 
33.0000 	 1.3616 	 1.7490 	 0.0000 	 3.8440 	 914.4190 	 33.0000 	 0.5690 	 1.5275 	 0.0000 	 1.6757 	 0.0466 
24.0000 	 0.5922 	 0.2475 	 0.0000 	 5.3963 	 915.2918 	 24.0000 	 2.1238 	 3.4522 	 0.0000 	 2.2244 	 0.0030 
24.0000 	 1.0878 	 1.4097 	 0.0000 	 4.4743 	 915.0155 	 24.0000 	 1.6402 	 4.2386 	 0.0000 	 0.4650 	 0.0158 
26.0000 	 5.9987 	 0.0010 	 0.0000 	 9.9998 	 986.3429 	 26.0000 	 1.2386 	 4.1870 	 0.0000 	 2.5669 	 0.1457 
24.0000 	 1.7086 	 3.1909 	 0.0000 	 4.0898 	 935.5121 	 24.0000 	 1.7058 	 3.1844 	 0.0000 	 2.5896 	 0.2984 
23.0000 	 1.0461 	 1.3894 	 0.0000 	 4.4627 	 915.1668 	 23.0000 	 2.4994 	 2.9188 	 0.0000 	 1.3666 	 0.0120 
24.0000 	 1.0035 	 1.0896 	 0.0000 	 4.7388 	 915.2349 	 24.0000 	 1.8464 	 4.6927 	 0.0000 	 2.4207 	 0.0093 
22.0000 	 1.0035 	 1.3029 	 0.0000 	 4.5392 	 915.3311 	 22.0000 	 1.0145 	 2.9294 	 0.0000 	 0.9139 	 0.0191 
28.0000 	 0.6083 	 0.2066 	 0.0000 	 5.4117 	 914.8695 	 28.0000 	 0.8026 	 0.4318 	 0.0000 	 0.1964 	 0.0031 
22.0000 	 1.0031 	 1.3228 	 0.0000 	 4.5319 	 915.3418 	 22.0000 	 0.3152 	 4.8947 	 0.0000 	 1.1219 	 0.0104 
21.0000 	 0.5610 	 0.2652 	 0.0000 	 5.3974 	 915.7183 	 21.0000 	 2.4475 	 0.1694 	 0.0000 	 2.7521 	 0.0257 
23.0000 	 0.5786 	 0.2498 	 0.0000 	 5.4124 	 915.4217 	 23.0000 	 2.5104 	 2.3728 	 0.0000 	 2.6964 	 0.0063 
22.0000 	 0.3541 	 0.0099 	 0.0000 	 5.5534 	 892.5352 	 22.0000 	 2.6962 	 1.6887 	 0.0000 	 0.9259 	 0.2431 
23.0000 	 1.0424 	 1.3721 	 0.0000 	 4.4449 	 915.1422 	 23.0000 	 2.5248 	 2.9651 	 0.0000 	 1.6361 	 0.0123 
24.0000 	 0.5969 	 0.2541 	 0.0000 	 5.3840 	 915.2983 	 24.0000 	 0.5114 	 0.1863 	 0.0000 	 2.9689 	 0.0026 
21.0000 	 0.9589 	 1.2433 	 0.0000 	 4.6188 	 915.5382 	 21.0000 	 1.8815 	 4.7691 	 0.0000 	 2.3204 	 0.0099 
23.0000 	 1.0233 	 1.2720 	 0.0000 	 4.5986 	 915.1766 	 23.0000 	 0.0147 	 4.2808 	 0.0000 	 2.2251 	 0.0187 
23.0000 	 1.0446 	 1.3710 	 0.0000 	 4.4959 	 915.1578 	 23.0000 	 1.5539 	 3.7366 	 0.0000 	 0.9552 	 0.0102 
22.0000 	 0.5612 	 0.2483 	 0.0000 	 5.4112 	 915.5941 	 22.0000 	 2.7766 	 0.8814 	 0.0000 	 1.6010 	 0.0050 
21.0000 	 1.3943 	 4.0276 	 0.0000 	 4.3770 	 906.3226 	 21.0000 	 0.1186 	 0.7318 	 0.0000 	 1.9871 	 0.1805 
19.0000 	 0.5725 	 0.3177 	 0.0000 	 5.2815 	 916.3866 	 19.0000 	 2.2655 	 0.3692 	 0.0000 	 1.2908 	 0.0052 
22.0000 	 1.0129 	 1.3594 	 0.0000 	 4.5582 	 915.3499 	 22.0000 	 2.4809 	 4.1615 	 0.0000 	 1.0770 	 0.0090 
17.0000 	 0.7687 	 0.9443 	 0.0000 	 4.9145 	 916.7173 	 17.0000 	 0.9714 	 1.8410 	 0.0000 	 2.5779 	 0.0140 
24.0000 	 1.0469 	 1.2635 	 0.0000 	 4.5658 	 915.0572 	 24.0000 	 2.9896 	 1.1134 	 0.0000 	 1.8917 	 0.0228 
19.0000 	 0.4298 	 0.1611 	 0.0000 	 5.4580 	 915.7611 	 19.0000 	 2.3796 	 4.2210 	 0.0000 	 1.1822 	 0.7459 
31.0000 	 1.2929 	 1.5771 	 0.0000 	 4.2029 	 914.2806 	 31.0000 	 0.9131 	 1.2887 	 0.0000 	 2.1079 	 0.0395 
21.0000 	 0.5725 	 0.2830 	 0.0000 	 5.3924 	 915.7473 	 21.0000 	 0.4944 	 2.5522 	 0.0000 	 0.9253 	 0.0035 
19.0000 	 0.9072 	 1.2842 	 0.0000 	 4.5717 	 916.0350 	 19.0000 	 0.8079 	 4.1331 	 0.0000 	 0.5013 	 0.0401 
22.0000 	 0.5750 	 0.2641 	 0.0000 	 5.4008 	 915.5747 	 22.0000 	 2.4543 	 2.2537 	 0.0000 	 0.6602 	 0.0036 
22.0000 	 0.5828 	 0.2742 	 0.0000 	 5.3823 	 915.5793 	 22.0000 	 2.5390 	 1.3948 	 0.0000 	 0.0925 	 0.0044 
17.0000 	 0.8143 	 1.1319 	 0.0000 	 4.7693 	 916.6739 	 17.0000 	 0.0528 	 3.3081 	 0.0000 	 0.1170 	 0.0094 
19.0000 	 0.8846 	 1.1757 	 0.0000 	 4.6728 	 916.0445 	 19.0000 	 1.4022 	 2.7639 	 0.0000 	 2.7517 	 0.0117 
21.0000 	 5.9929 	 9.9722 	 0.0000 	 9.9990 	 911.8315 	 21.0000 	 2.5217 	 4.5755 	 0.0000 	 2.3948 	 0.3691 
22.0000 	 0.9827 	 1.2147 	 0.0000 	 4.6040 	 915.3664 	 22.0000 	 2.2988 	 2.6151 	 0.0000 	 1.0437 	 0.0121 
21.0000 	 0.9686 	 1.2811 	 0.0000 	 4.6107 	 915.5604 	 21.0000 	 1.1485 	 1.8553 	 0.0000 	 2.2469 	 0.0120 
24.0000 	 1.0793 	 1.4150 	 0.0000 	 4.4197 	 915.0064 	 24.0000 	 1.2543 	 2.9184 	 0.0000 	 0.6233 	 0.0124 
21.0000 	 0.9843 	 1.3707 	 0.0000 	 4.4670 	 915.5658 	 21.0000 	 1.1680 	 3.6212 	 0.0000 	 0.2655 	 0.0101 
22.0000 	 0.9978 	 1.2862 	 0.0000 	 4.5970 	 915.3487 	 22.0000 	 1.1669 	 2.5661 	 0.0000 	 1.5223 	 0.0085 
17.0000 	 0.5812 	 0.4287 	 0.0000 	 5.3075 	 916.7347 	 17.0000 	 1.0609 	 0.9391 	 0.0000 	 0.4510 	 0.0239 
11.0000 	 0.4488 	 0.4892 	 0.0000 	 5.3471 	 920.2789 	 11.0000 	 0.1533 	 2.3032 	 0.0000 	 1.0192 	 0.0259 
17.0000 	 0.7831 	 1.0017 	 0.0000 	 4.8274 	 916.6936 	 17.0000 	 2.8780 	 0.3560 	 0.0000 	 2.8451 	 0.0076 
12.0000 	 0.4829 	 0.5006 	 0.0000 	 5.3654 	 919.3168 	 12.0000 	 1.5474 	 0.7234 	 0.0000 	 0.3147 	 0.0169 
16.0000 	 1.0854 	 4.8384 	 0.0000 	 1.5556 	 938.1251 	 16.0000 	 1.0846 	 4.8450 	 0.0000 	 1.5551 	 2.0261 
17.0000 	 0.8282 	 1.2005 	 0.0000 	 4.7399 	 916.6780 	 17.0000 	 1.6691 	 3.7071 	 0.0000 	 2.9630 	 0.0154 
14.0000 	 0.5399 	 0.5027 	 0.0000 	 5.2829 	 917.9672 	 14.0000 	 0.1644 	 2.6176 	 0.0000 	 0.0326 	 0.0181 
12.0000 	 0.8111 	 3.8366 	 0.0000 	 0.0679 	 951.3031 	 12.0000 	 2.9240 	 4.3381 	 0.0000 	 1.1018 	 0.1575 
11.0000 	 0.4996 	 0.6548 	 0.0000 	 5.2570 	 920.2549 	 11.0000 	 1.3518 	 0.7300 	 0.0000 	 0.0032 	 0.0139 
12.0000 	 0.5017 	 0.5558 	 0.0000 	 5.2376 	 919.3296 	 12.0000 	 0.5064 	 0.0660 	 0.0000 	 0.0327 	 0.0152 
8.0000 	 0.3710 	 0.5706 	 0.0000 	 5.4640 	 924.6703 	 8.0000 	 0.0681 	 3.9770 	 0.0000 	 1.9631 	 0.0560 
11.0000 	 0.4654 	 0.5379 	 0.0000 	 5.3539 	 920.2438 	 11.0000 	 0.0894 	 0.0537 	 0.0000 	 1.8085 	 0.0082 
12.0000 	 0.5960 	 0.9173 	 0.0000 	 5.0671 	 919.5079 	 12.0000 	 0.3247 	 0.0623 	 0.0000 	 1.5329 	 0.0324 
11.0000 	 0.4513 	 0.4953 	 0.0000 	 5.3706 	 920.2493 	 11.0000 	 0.6135 	 1.5999 	 0.0000 	 0.2516 	 0.0075 
12.0000 	 0.5150 	 0.5964 	 0.0000 	 5.2400 	 919.3075 	 12.0000 	 0.6337 	 1.5212 	 0.0000 	 2.7261 	 0.0124 
18.0000 	 0.8491 	 1.1495 	 0.0000 	 4.7469 	 916.3294 	 18.0000 	 1.7930 	 1.7752 	 0.0000 	 0.9412 	 0.0112 
13.0000 	 0.5015 	 0.4696 	 0.0000 	 5.3160 	 918.5709 	 13.0000 	 0.1581 	 2.5857 	 0.0000 	 1.8316 	 0.0552 
13.0000 	 0.4996 	 0.4679 	 0.0000 	 5.3343 	 918.5647 	 13.0000 	 0.1959 	 2.3322 	 0.0000 	 0.5679 	 0.0075 
13.0000 	 0.5488 	 0.6043 	 0.0000 	 5.2825 	 918.5876 	 13.0000 	 1.7940 	 1.0738 	 0.0000 	 2.6552 	 0.0089 
9.0000 	 1.2030 	 9.9929 	 0.0000 	 4.6714 	 949.8333 	 9.0000 	 2.8729 	 3.4996 	 0.0000 	 1.7746 	 0.0845 
14.0000 	 0.5271 	 0.4688 	 0.0000 	 5.2994 	 917.9628 	 14.0000 	 1.9109 	 2.9429 	 0.0000 	 2.0673 	 0.0062 
6.0000 	 0.2640 	 0.4522 	 0.0000 	 5.5716 	 929.8162 	 6.0000 	 2.0504 	 2.4065 	 0.0000 	 1.1048 	 0.0167 
8.0000 	 0.3781 	 0.6044 	 0.0000 	 5.4032 	 924.6813 	 8.0000 	 0.7339 	 1.0309 	 0.0000 	 0.9660 	 0.0145 
9.0000 	 0.1490 	 0.0099 	 0.0000 	 6.1128 	 929.8865 	 9.0000 	 2.0909 	 2.2655 	 0.0000 	 0.6937 	 0.1706 
11.0000 	 0.4925 	 0.6332 	 0.0000 	 5.2408 	 920.2457 	 11.0000 	 0.8450 	 4.3054 	 0.0000 	 2.3325 	 0.0576 
11.0000 	 0.4570 	 0.5137 	 0.0000 	 5.3912 	 920.2672 	 11.0000 	 2.9128 	 3.6802 	 0.0000 	 2.3597 	 0.0107 
8.0000 	 0.3489 	 0.4864 	 0.0000 	 5.4983 	 924.6711 	 8.0000 	 2.7548 	 3.1785 	 0.0000 	 0.8804 	 0.0116 
9.0000 	 0.3955 	 0.5230 	 0.0000 	 5.3919 	 922.8569 	 9.0000 	 1.3742 	 1.9764 	 0.0000 	 1.8409 	 0.0496 
12.0000 	 0.8955 	 2.9619 	 0.0000 	 4.5469 	 927.5801 	 12.0000 	 1.5859 	 1.8685 	 0.0000 	 1.2069 	 0.0922 
6.0000 	 0.2633 	 0.4527 	 0.0000 	 5.5673 	 929.7735 	 6.0000 	 1.0100 	 2.7906 	 0.0000 	 1.6534 	 0.0161 
8.0000 	 0.3557 	 0.5111 	 0.0000 	 5.4429 	 924.6755 	 8.0000 	 1.3899 	 0.0621 	 0.0000 	 2.3231 	 0.0156 
12.0000 	 0.5042 	 0.5604 	 0.0000 	 5.2907 	 919.3071 	 12.0000 	 2.6188 	 0.1845 	 0.0000 	 0.1841 	 0.0088 
9.0000 	 0.3928 	 0.5119 	 0.0000 	 5.4023 	 922.8563 	 9.0000 	 0.6908 	 3.3561 	 0.0000 	 0.0575 	 0.0140 
9.0000 	 0.4014 	 0.5482 	 0.0000 	 5.3932 	 922.8496 	 9.0000 	 2.6114 	 3.3075 	 0.0000 	 2.8673 	 0.0117 
17.0000 	 0.7761 	 0.9788 	 0.0000 	 4.8723 	 916.6868 	 17.0000 	 0.6950 	 2.8420 	 0.0000 	 0.5013 	 0.0092 
8.0000 	 0.4043 	 0.7052 	 0.0000 	 5.4274 	 924.8287 	 8.0000 	 0.0940 	 3.5025 	 0.0000 	 2.2545 	 0.0187 
9.0000 	 0.3952 	 0.5264 	 0.0000 	 5.3821 	 922.8547 	 9.0000 	 0.7147 	 1.6972 	 0.0000 	 1.8965 	 0.0141 
6.0000 	 0.2678 	 0.4713 	 0.0000 	 5.6184 	 929.7980 	 6.0000 	 2.5215 	 1.0891 	 0.0000 	 1.8924 	 0.0337 
6.0000 	 5.3910 	 0.0581 	 0.0000 	 6.4798 	 960.5692 	 6.0000 	 1.4177 	 1.0431 	 0.0000 	 0.6848 	 0.0000 
6.0000 	 0.0021 	 9.9981 	 0.0000 	 9.4812 	 1695.8829 	 6.0000 	 0.1349 	 3.4551 	 0.0000 	 1.7641 	 0.2545 
26.0000 	 0.6163 	 0.2408 	 0.0000 	 5.3801 	 915.0617 	 26.0000 	 1.4293 	 4.5617 	 0.0000 	 2.8250 	 0.0047 
9.0000 	 0.4034 	 0.5654 	 0.0000 	 5.3933 	 922.8513 	 9.0000 	 1.6282 	 0.6839 	 0.0000 	 1.7186 	 0.0184 
11.0000 	 0.4992 	 0.6477 	 0.0000 	 5.3003 	 920.2939 	 11.0000 	 0.1818 	 2.5179 	 0.0000 	 1.0978 	 0.0112 
6.0000 	 0.2683 	 0.4815 	 0.0000 	 5.5655 	 929.7908 	 6.0000 	 2.2467 	 3.3044 	 0.0000 	 2.8339 	 0.0151 
13.0000 	 2.3177 	 0.8089 	 0.0000 	 4.3330 	 908.4068 	 13.0000 	 2.2429 	 1.7711 	 0.0000 	 0.3956 	 0.2319 
11.0000 	 0.4897 	 0.6181 	 0.0000 	 5.2912 	 920.2529 	 11.0000 	 2.7769 	 3.1180 	 0.0000 	 0.5051 	 0.0069 
6.0000 	 5.4947 	 0.0031 	 0.0000 	 6.4796 	 960.5702 	 6.0000 	 2.2827 	 3.4804 	 0.0000 	 0.5266 	 0.0000 
8.0000 	 0.3620 	 0.5361 	 0.0000 	 5.4193 	 924.6415 	 8.0000 	 2.6449 	 2.7738 	 0.0000 	 2.5924 	 0.0160 
13.0000 	 0.5084 	 0.4891 	 0.0000 	 5.3208 	 918.5698 	 13.0000 	 0.8154 	 0.6299 	 0.0000 	 0.6421 	 0.0105 
8.0000 	 0.3584 	 0.5231 	 0.0000 	 5.4595 	 924.6609 	 8.0000 	 2.2344 	 0.1715 	 0.0000 	 0.3172 	 0.0148 
6.0000 	 0.2404 	 0.3553 	 0.0000 	 5.5395 	 929.9016 	 6.0000 	 0.0072 	 2.4359 	 0.0000 	 1.3198 	 0.0290 
9.0000 	 0.3877 	 0.4977 	 0.0000 	 5.4329 	 922.8155 	 9.0000 	 0.3220 	 3.1498 	 0.0000 	 0.6444 	 0.0343 
9.0000 	 0.3905 	 0.5077 	 0.0000 	 5.4426 	 922.8554 	 9.0000 	 2.3823 	 4.0138 	 0.0000 	 2.0702 	 0.0110 
6.0000 	 0.2517 	 0.4020 	 0.0000 	 5.6485 	 929.8131 	 6.0000 	 1.3780 	 0.6250 	 0.0000 	 2.1600 	 0.0349 
23.0000 	 1.0542 	 1.4279 	 0.0000 	 4.3804 	 915.1764 	 23.0000 	 0.4614 	 1.7554 	 0.0000 	 2.5541 	 0.0095 
22.0000 	 0.5718 	 0.2599 	 0.0000 	 5.4054 	 915.5815 	 22.0000 	 1.8688 	 1.7593 	 0.0000 	 1.1043 	 0.0066 
19.0000 	 0.8241 	 0.9331 	 0.0000 	 4.9070 	 916.1332 	 19.0000 	 1.9346 	 3.9096 	 0.0000 	 1.2602 	 0.1996 
18.0000 	 0.8546 	 1.1785 	 0.0000 	 4.7107 	 916.3395 	 18.0000 	 1.1940 	 3.5121 	 0.0000 	 1.2487 	 0.0088 
16.0000 	 0.7787 	 1.1085 	 0.0000 	 4.8044 	 917.0552 	 16.0000 	 0.0504 	 2.9459 	 0.0000 	 0.3528 	 0.0106 
14.0000 	 0.5373 	 0.4946 	 0.0000 	 5.2881 	 917.9657 	 14.0000 	 2.2867 	 1.5586 	 0.0000 	 1.5997 	 0.0056 
12.0000 	 0.4714 	 0.4675 	 0.0000 	 5.3445 	 919.3245 	 12.0000 	 0.5442 	 2.2558 	 0.0000 	 2.6841 	 0.0075 
11.0000 	 1.5987 	 3.5552 	 0.0000 	 4.3740 	 917.6853 	 11.0000 	 1.6015 	 3.5539 	 0.0000 	 2.8747 	 0.2262 
8.0000 	 0.3427 	 0.4623 	 0.0000 	 5.5061 	 924.6624 	 8.0000 	 2.3768 	 1.2175 	 0.0000 	 0.6378 	 0.0504 
6.0000 	 5.9929 	 0.0010 	 0.0000 	 9.9990 	 985.9668 	 6.0000 	 1.8793 	 1.4103 	 0.0000 	 2.7722 	 0.1352 
