50.0000 	 0.0025 	 2.0256 	 20.2607 	 0.0000 	 4.7791 	 1859.3583 	 50.0000 	 2.4764 	 8.4340 	 2.2179 	 0.0000 	 0.9941 	 0.0012 
50.0000 	 2.1167 	 16.5140 	 11.5314 	 0.0000 	 0.0000 	 836.8942 	 50.0000 	 1.6337 	 12.8021 	 0.9355 	 0.0000 	 3.4415 	 0.0547 
50.0000 	 1.8921 	 9.7756 	 15.8394 	 0.0000 	 7.0607 	 1028.2539 	 50.0000 	 0.4668 	 7.6289 	 -2.9871 	 0.0000 	 3.9869 	 1.0081 
50.0000 	 2.0964 	 14.1992 	 6.2207 	 0.0000 	 5.1416 	 875.6781 	 50.0000 	 1.9989 	 2.1562 	 2.8099 	 0.0000 	 9.6217 	 0.9533 
50.0000 	 2.3548 	 11.9384 	 18.7207 	 0.0000 	 7.4316 	 962.2530 	 50.0000 	 2.1094 	 11.9451 	 -0.5737 	 0.0000 	 8.3188 	 0.9937 
50.0000 	 2.1736 	 17.4551 	 12.2749 	 0.0000 	 0.4468 	 838.9646 	 50.0000 	 1.2961 	 2.0456 	 1.8941 	 0.0000 	 5.8638 	 0.1015 
50.0000 	 1.8383 	 17.3007 	 7.8534 	 0.0000 	 3.0209 	 850.5349 	 50.0000 	 1.7974 	 15.7626 	 -0.6835 	 0.0000 	 7.9786 	 0.9969 
50.0000 	 2.0482 	 16.1901 	 11.2532 	 0.0000 	 0.4147 	 836.1127 	 50.0000 	 1.9989 	 2.1562 	 2.8099 	 0.0000 	 9.6217 	 0.4202 
49.0000 	 1.8188 	 13.8343 	 4.6935 	 0.0000 	 4.3034 	 856.0687 	 49.0000 	 0.9805 	 2.9331 	 0.3075 	 0.0000 	 7.0736 	 0.9950 
48.0000 	 1.9429 	 14.6021 	 13.0493 	 0.0000 	 4.0015 	 852.4167 	 48.0000 	 2.2435 	 0.1011 	 -3.9254 	 0.0000 	 0.6134 	 0.9924 
49.0000 	 2.6359 	 23.4961 	 11.6602 	 0.0000 	 3.9844 	 850.9220 	 49.0000 	 2.2435 	 0.1011 	 -3.9254 	 0.0000 	 0.6134 	 0.9903 
50.0000 	 1.8164 	 8.5429 	 5.0270 	 0.0000 	 7.7523 	 1136.2506 	 50.0000 	 0.8568 	 12.9961 	 -2.3582 	 0.0000 	 8.4899 	 0.9740 
48.0000 	 1.8037 	 13.2373 	 8.7549 	 0.0000 	 1.3611 	 864.4209 	 48.0000 	 0.2677 	 4.0166 	 -3.3780 	 0.0000 	 0.2892 	 0.9884 
49.0000 	 1.9234 	 15.9912 	 16.0602 	 0.0000 	 2.5729 	 847.0711 	 49.0000 	 0.4728 	 15.7905 	 -2.8473 	 0.0000 	 1.6243 	 0.9964 
49.0000 	 1.7103 	 18.0618 	 12.7686 	 0.0000 	 5.7719 	 860.7141 	 49.0000 	 1.7859 	 17.9671 	 2.2601 	 0.0000 	 6.2549 	 0.9947 
49.0000 	 1.9563 	 11.0423 	 12.9174 	 0.0000 	 3.5922 	 957.2676 	 49.0000 	 1.7056 	 19.9075 	 1.5583 	 0.0000 	 8.8103 	 1.0050 
48.0000 	 2.0210 	 17.7460 	 12.1799 	 0.0000 	 0.8788 	 844.9702 	 48.0000 	 0.2537 	 0.1791 	 -3.3471 	 0.0000 	 7.6448 	 0.2486 
49.0000 	 2.2429 	 17.4145 	 12.6920 	 0.0000 	 0.4256 	 839.6141 	 49.0000 	 0.3920 	 1.3677 	 -1.7874 	 0.0000 	 9.3792 	 0.1547 
49.0000 	 1.8649 	 16.9203 	 11.8875 	 0.0000 	 3.1697 	 847.8194 	 49.0000 	 2.5481 	 14.2815 	 -0.3329 	 0.0000 	 5.1302 	 0.9448 
48.0000 	 2.0641 	 16.1290 	 11.4598 	 0.0000 	 0.0422 	 835.9626 	 48.0000 	 2.4188 	 3.5467 	 1.7579 	 0.0000 	 2.1244 	 0.0436 
49.0000 	 1.5786 	 16.3428 	 16.0352 	 0.0000 	 4.7412 	 901.6326 	 49.0000 	 2.2017 	 2.3059 	 0.4733 	 0.0000 	 0.3519 	 1.0024 
50.0000 	 2.1709 	 16.2509 	 11.7195 	 0.0000 	 0.0500 	 836.7570 	 50.0000 	 1.2412 	 15.2383 	 -3.7350 	 0.0000 	 9.3149 	 0.0528 
45.0000 	 1.8339 	 17.5691 	 13.2983 	 0.0000 	 5.5499 	 848.8785 	 45.0000 	 2.9908 	 10.2147 	 -3.4879 	 0.0000 	 2.4792 	 0.9930 
45.0000 	 1.9757 	 15.6883 	 11.2382 	 0.0000 	 0.0196 	 835.1641 	 45.0000 	 1.0565 	 1.3147 	 -2.6988 	 0.0000 	 9.8330 	 0.0476 
45.0000 	 2.0124 	 12.8369 	 9.9512 	 0.0000 	 12.6660 	 880.5522 	 45.0000 	 2.0371 	 10.9513 	 1.7788 	 0.0000 	 5.8985 	 0.9966 
45.0000 	 2.4534 	 10.8887 	 4.2383 	 0.0000 	 10.9863 	 1076.5395 	 45.0000 	 1.6954 	 19.9306 	 0.7145 	 0.0000 	 5.2958 	 0.9919 
45.0000 	 1.9744 	 18.2700 	 11.6902 	 0.0000 	 3.8570 	 850.2769 	 45.0000 	 1.3827 	 5.3347 	 1.1759 	 0.0000 	 2.4333 	 0.9831 
49.0000 	 1.8221 	 14.5784 	 9.2612 	 0.0000 	 2.4165 	 856.0676 	 49.0000 	 0.6820 	 1.2949 	 2.9974 	 0.0000 	 0.2393 	 0.9555 
44.0000 	 1.6503 	 11.8896 	 15.8594 	 0.0000 	 7.9980 	 947.5398 	 44.0000 	 2.6692 	 3.6588 	 -0.9598 	 0.0000 	 4.8755 	 0.9901 
44.0000 	 1.6731 	 8.0762 	 2.3633 	 0.0000 	 7.3145 	 1165.1971 	 44.0000 	 0.3802 	 1.4417 	 -0.3350 	 0.0000 	 0.7521 	 0.9927 
44.0000 	 1.6475 	 17.8284 	 5.1730 	 0.0000 	 10.0867 	 853.3874 	 44.0000 	 2.4974 	 15.9429 	 4.9060 	 0.0000 	 9.6965 	 1.0154 
44.0000 	 1.8921 	 15.6885 	 10.9082 	 0.0000 	 0.0000 	 834.4833 	 44.0000 	 0.7533 	 2.0924 	 -3.5270 	 0.0000 	 5.9638 	 0.0298 
44.0000 	 1.9740 	 16.4776 	 11.6251 	 0.0000 	 0.0005 	 835.3090 	 44.0000 	 2.1017 	 14.3843 	 -2.4561 	 0.0000 	 3.8405 	 0.0409 
46.0000 	 2.1472 	 14.7559 	 14.0625 	 0.0000 	 10.3223 	 852.8607 	 46.0000 	 1.9613 	 8.7629 	 2.2340 	 0.0000 	 8.5908 	 0.9961 
47.0000 	 1.9798 	 15.1626 	 8.4306 	 0.0000 	 3.3998 	 838.5054 	 47.0000 	 0.3596 	 1.8604 	 -4.4403 	 0.0000 	 6.3245 	 0.9884 
45.0000 	 1.8537 	 14.4574 	 9.9615 	 0.0000 	 2.6514 	 842.6718 	 45.0000 	 2.1684 	 2.9060 	 4.0875 	 0.0000 	 0.6095 	 0.9937 
47.0000 	 1.8744 	 16.3499 	 12.5610 	 0.0000 	 3.3364 	 842.7355 	 47.0000 	 2.6223 	 7.8945 	 3.1871 	 0.0000 	 7.6535 	 0.9843 
46.0000 	 2.2218 	 19.1211 	 15.9961 	 0.0000 	 2.1436 	 850.4576 	 46.0000 	 1.6585 	 15.1180 	 4.1363 	 0.0000 	 5.5445 	 0.5630 
44.0000 	 2.5631 	 10.6958 	 8.1610 	 0.0000 	 3.4904 	 1099.9751 	 44.0000 	 1.9801 	 15.6919 	 -1.9345 	 0.0000 	 1.6397 	 0.9602 
44.0000 	 1.9446 	 9.1016 	 8.0078 	 0.0000 	 1.5918 	 1190.6295 	 44.0000 	 0.3130 	 19.7922 	 -4.6344 	 0.0000 	 8.6248 	 0.6798 
46.0000 	 2.0360 	 15.5082 	 3.7311 	 0.0000 	 11.7839 	 840.3501 	 46.0000 	 2.6599 	 13.2763 	 3.1804 	 0.0000 	 1.9728 	 1.0009 
45.0000 	 2.0275 	 16.2867 	 11.6672 	 0.0000 	 0.0000 	 835.4026 	 45.0000 	 1.1752 	 12.9188 	 -1.1583 	 0.0000 	 6.9966 	 0.0462 
44.0000 	 2.2357 	 19.1398 	 13.4730 	 0.0000 	 2.9877 	 844.3717 	 44.0000 	 0.8190 	 8.4724 	 1.8365 	 0.0000 	 1.0920 	 0.5969 
46.0000 	 1.6845 	 19.0807 	 6.0877 	 0.0000 	 10.0528 	 861.4357 	 46.0000 	 1.6822 	 11.5806 	 3.5954 	 0.0000 	 7.5370 	 0.9946 
46.0000 	 2.0679 	 15.3369 	 6.6113 	 0.0000 	 12.7344 	 842.6868 	 46.0000 	 0.7617 	 0.9468 	 3.5458 	 0.0000 	 2.2422 	 0.9971 
47.0000 	 2.1114 	 17.8799 	 8.9450 	 0.0000 	 3.1659 	 839.0264 	 47.0000 	 0.4442 	 8.4653 	 3.2213 	 0.0000 	 5.6029 	 0.9572 
47.0000 	 2.0821 	 7.1387 	 1.5811 	 0.0000 	 7.6268 	 1191.9272 	 47.0000 	 1.2580 	 10.5849 	 3.3926 	 0.0000 	 2.4826 	 1.0065 
46.0000 	 2.6552 	 13.2388 	 3.1854 	 0.0000 	 6.1813 	 1107.8632 	 46.0000 	 0.1751 	 2.9495 	 -1.3931 	 0.0000 	 1.7214 	 0.6047 
39.0000 	 2.0715 	 18.4421 	 15.7330 	 0.0000 	 4.7034 	 845.5580 	 39.0000 	 1.4700 	 15.8740 	 0.5547 	 0.0000 	 2.6678 	 0.4837 
46.0000 	 2.5585 	 22.2519 	 13.3223 	 0.0000 	 3.4667 	 852.9135 	 46.0000 	 2.5151 	 5.3188 	 3.3008 	 0.0000 	 3.9811 	 0.9896 
39.0000 	 2.0345 	 19.5642 	 13.7589 	 0.0000 	 0.4193 	 841.1119 	 39.0000 	 1.0718 	 17.8231 	 3.7233 	 0.0000 	 0.1908 	 0.2122 
39.0000 	 1.6451 	 16.8351 	 7.9431 	 0.0000 	 7.5924 	 849.9555 	 39.0000 	 2.1726 	 15.3517 	 -2.9680 	 0.0000 	 9.9006 	 0.9816 
39.0000 	 1.4295 	 21.1518 	 23.9481 	 0.0000 	 10.6133 	 883.6660 	 39.0000 	 2.7353 	 7.2213 	 -3.4662 	 0.0000 	 7.8772 	 0.9569 
39.0000 	 1.4819 	 37.6990 	 29.2236 	 0.0000 	 11.7529 	 918.2398 	 39.0000 	 0.4770 	 10.7506 	 -1.7936 	 0.0000 	 4.8805 	 0.9944 
39.0000 	 0.0382 	 3.7292 	 18.6868 	 0.0000 	 0.5372 	 1862.7461 	 39.0000 	 2.4179 	 4.0456 	 -1.5131 	 0.0000 	 2.9785 	 0.0000 
46.0000 	 1.8662 	 6.0925 	 8.1274 	 0.0000 	 5.4565 	 1258.0770 	 46.0000 	 0.1634 	 19.7874 	 -4.6077 	 0.0000 	 3.9408 	 1.0011 
46.0000 	 2.0592 	 15.0069 	 8.6388 	 0.0000 	 2.4053 	 842.2910 	 46.0000 	 1.7951 	 12.1155 	 -0.3334 	 0.0000 	 2.3318 	 0.9929 
39.0000 	 0.0049 	 4.3333 	 17.8591 	 0.0000 	 4.9609 	 1862.7927 	 39.0000 	 0.1425 	 4.9563 	 0.5973 	 0.0000 	 9.9845 	 0.0197 
42.0000 	 1.3769 	 13.8928 	 6.0425 	 0.0000 	 7.7502 	 927.4377 	 42.0000 	 0.8080 	 6.0993 	 2.5872 	 0.0000 	 7.4815 	 0.9755 
39.0000 	 1.2555 	 9.5801 	 4.1992 	 0.0000 	 4.6776 	 1126.7549 	 39.0000 	 2.0182 	 5.2531 	 1.1634 	 0.0000 	 5.4149 	 1.0013 
38.0000 	 1.6788 	 13.8232 	 6.8848 	 0.0000 	 11.9287 	 848.8584 	 38.0000 	 2.9897 	 9.4681 	 4.9022 	 0.0000 	 7.7997 	 0.9924 
33.0000 	 2.0398 	 21.6699 	 11.6699 	 0.0000 	 9.8486 	 843.3404 	 33.0000 	 0.1756 	 17.5630 	 -1.4180 	 0.0000 	 1.1112 	 0.9945 
38.0000 	 1.2796 	 14.3648 	 7.9449 	 0.0000 	 4.1568 	 925.8510 	 38.0000 	 0.6432 	 12.6622 	 -4.4848 	 0.0000 	 4.1776 	 1.6797 
33.0000 	 1.6648 	 15.9518 	 11.4769 	 0.0000 	 0.3547 	 832.7806 	 33.0000 	 1.1380 	 9.2257 	 0.2318 	 0.0000 	 3.0078 	 0.1520 
38.0000 	 1.6705 	 15.0791 	 9.2038 	 0.0000 	 1.3123 	 822.7158 	 38.0000 	 1.6588 	 11.9814 	 -1.3131 	 0.0000 	 2.6703 	 0.6832 
33.0000 	 1.8130 	 16.6241 	 12.8638 	 0.0000 	 4.8914 	 834.6053 	 33.0000 	 2.5198 	 17.6264 	 4.6164 	 0.0000 	 3.7869 	 0.7760 
43.0000 	 1.4693 	 11.7639 	 5.4077 	 0.0000 	 7.7087 	 977.4493 	 43.0000 	 0.8990 	 17.2637 	 2.4368 	 0.0000 	 0.9694 	 1.0009 
33.0000 	 1.4455 	 12.8641 	 8.5499 	 0.0000 	 2.9606 	 862.3741 	 33.0000 	 1.3548 	 8.9946 	 2.4889 	 0.0000 	 6.0597 	 0.9914 
33.0000 	 1.7852 	 15.7000 	 13.8400 	 0.0000 	 12.1760 	 839.9894 	 33.0000 	 2.0760 	 14.2228 	 3.7571 	 0.0000 	 7.0708 	 0.9211 
41.0000 	 2.0933 	 14.0907 	 11.9985 	 0.0000 	 4.7772 	 868.7769 	 41.0000 	 0.4876 	 10.1195 	 -3.6179 	 0.0000 	 5.3501 	 0.9978 
33.0000 	 1.6074 	 15.0235 	 10.7059 	 0.0000 	 0.0000 	 831.1244 	 33.0000 	 0.5651 	 8.2897 	 -4.5433 	 0.0000 	 8.1201 	 0.1740 
41.0000 	 1.8270 	 15.6372 	 10.8301 	 0.0000 	 0.0000 	 835.2329 	 41.0000 	 0.8909 	 16.1942 	 -2.9845 	 0.0000 	 7.7486 	 0.0402 
41.0000 	 2.4496 	 25.7103 	 18.5231 	 0.0000 	 0.2983 	 851.0934 	 41.0000 	 1.8712 	 15.2756 	 3.9186 	 0.0000 	 0.2454 	 0.1676 
32.0000 	 2.2526 	 21.2695 	 11.0741 	 0.0000 	 9.1455 	 860.4759 	 32.0000 	 1.0403 	 7.4953 	 0.9550 	 0.0000 	 6.7409 	 0.9968 
33.0000 	 0.9816 	 15.7123 	 5.2148 	 0.0000 	 4.2480 	 1080.3692 	 33.0000 	 1.3311 	 12.4970 	 -2.3238 	 0.0000 	 7.4959 	 0.9943 
39.0000 	 1.1725 	 8.7402 	 17.1289 	 0.0000 	 8.0566 	 1286.4506 	 39.0000 	 2.8456 	 14.3687 	 -3.8323 	 0.0000 	 1.3424 	 0.9550 
39.0000 	 1.8378 	 15.9320 	 11.3050 	 0.0000 	 0.0088 	 833.4906 	 39.0000 	 0.1254 	 4.8321 	 1.2004 	 0.0000 	 5.9640 	 0.0457 
32.0000 	 1.6145 	 16.2579 	 11.1963 	 0.0000 	 0.2169 	 832.5416 	 32.0000 	 0.4992 	 2.6803 	 0.9645 	 0.0000 	 8.6615 	 0.0708 
40.0000 	 1.4895 	 18.4644 	 9.0308 	 0.0000 	 1.9299 	 868.2450 	 40.0000 	 1.4809 	 17.6343 	 4.2408 	 0.0000 	 3.0850 	 0.9737 
33.0000 	 1.5412 	 19.9222 	 8.4381 	 0.0000 	 11.0446 	 856.9335 	 33.0000 	 1.6233 	 16.8659 	 -4.5480 	 0.0000 	 6.1147 	 0.9452 
32.0000 	 1.5625 	 15.6738 	 13.3203 	 0.0000 	 2.6221 	 835.8290 	 32.0000 	 2.9160 	 12.8690 	 -4.8561 	 0.0000 	 4.1898 	 0.9898 
40.0000 	 2.6187 	 7.0761 	 7.3622 	 0.0000 	 1.7878 	 1318.6185 	 40.0000 	 1.3883 	 10.8887 	 0.2287 	 0.0000 	 1.7260 	 1.0129 
37.0000 	 1.8604 	 16.6625 	 5.0099 	 0.0000 	 3.3444 	 840.3005 	 37.0000 	 0.6455 	 8.7108 	 0.2703 	 0.0000 	 1.7238 	 0.9984 
40.0000 	 1.8285 	 15.8057 	 11.0645 	 0.0000 	 0.1953 	 834.6399 	 40.0000 	 0.7676 	 18.6547 	 3.1650 	 0.0000 	 1.9777 	 0.0515 
40.0000 	 2.0394 	 18.7207 	 12.9120 	 0.0000 	 0.4812 	 840.2835 	 40.0000 	 1.6622 	 17.4967 	 -1.3573 	 0.0000 	 3.9714 	 0.3973 
27.0000 	 1.4997 	 15.8105 	 12.3828 	 0.0000 	 1.3672 	 856.6194 	 27.0000 	 1.1174 	 11.0054 	 -1.3097 	 0.0000 	 2.4628 	 1.0889 
43.0000 	 1.8776 	 16.5002 	 14.1895 	 0.0000 	 3.5229 	 842.6491 	 43.0000 	 1.7518 	 18.4177 	 -1.5993 	 0.0000 	 1.0781 	 0.9674 
32.0000 	 2.6269 	 7.4316 	 11.7773 	 0.0000 	 11.2793 	 1362.6657 	 32.0000 	 0.5086 	 0.1653 	 -3.4856 	 0.0000 	 6.8061 	 0.9498 
40.0000 	 1.4857 	 12.3288 	 8.2922 	 0.0000 	 12.9523 	 914.4775 	 40.0000 	 0.0739 	 8.3282 	 -0.2679 	 0.0000 	 4.5927 	 0.9965 
32.0000 	 1.4693 	 14.6582 	 11.8848 	 0.0000 	 2.4318 	 838.2511 	 32.0000 	 2.0468 	 9.5829 	 -1.0692 	 0.0000 	 5.3803 	 0.9879 
27.0000 	 1.5413 	 17.7201 	 14.4043 	 0.0000 	 4.8756 	 833.8534 	 27.0000 	 1.5182 	 8.5663 	 4.6442 	 0.0000 	 4.3555 	 0.9957 
37.0000 	 2.6303 	 12.8974 	 7.2546 	 0.0000 	 4.4171 	 1084.3462 	 37.0000 	 2.7641 	 4.1976 	 -2.3552 	 0.0000 	 7.5691 	 0.8513 
40.0000 	 2.1178 	 20.1356 	 -3.7658 	 0.0000 	 13.5450 	 843.9114 	 40.0000 	 1.3650 	 19.6454 	 -1.7536 	 0.0000 	 7.6175 	 1.0032 
40.0000 	 1.9916 	 10.7031 	 9.9585 	 0.0000 	 20.3418 	 1030.1794 	 40.0000 	 2.5750 	 8.1428 	 1.1573 	 0.0000 	 7.6590 	 1.0057 
32.0000 	 1.5890 	 17.6952 	 13.4871 	 0.0000 	 4.2635 	 839.3963 	 32.0000 	 1.0653 	 0.1295 	 0.0083 	 0.0000 	 0.8379 	 0.9916 
32.0000 	 1.8921 	 15.4443 	 17.3340 	 0.0000 	 11.6166 	 853.1833 	 32.0000 	 1.7033 	 0.5495 	 1.0666 	 0.0000 	 7.1728 	 0.9916 
40.0000 	 1.0262 	 19.1017 	 5.3516 	 0.0000 	 8.6426 	 1215.2955 	 40.0000 	 1.0256 	 19.1036 	 2.8509 	 0.0000 	 8.6422 	 0.9961 
27.0000 	 1.6164 	 3.5590 	 8.9851 	 0.0000 	 11.5235 	 1574.2319 	 27.0000 	 0.1372 	 5.7899 	 1.8311 	 0.0000 	 8.2155 	 0.9922 
26.0000 	 1.4678 	 15.4942 	 11.7314 	 0.0000 	 0.6004 	 831.6365 	 26.0000 	 0.7373 	 2.3386 	 -4.7607 	 0.0000 	 1.1130 	 0.6694 
32.0000 	 1.5958 	 16.1281 	 12.2385 	 0.0000 	 2.6629 	 831.0051 	 32.0000 	 2.6458 	 12.5396 	 -4.7698 	 0.0000 	 1.3168 	 0.7493 
38.0000 	 1.8176 	 16.1862 	 8.6719 	 0.0000 	 2.1643 	 836.0636 	 38.0000 	 0.0545 	 2.6458 	 -4.6502 	 0.0000 	 5.8994 	 3.0394 
27.0000 	 0.9951 	 11.2402 	 -6.0742 	 0.0000 	 7.5879 	 1220.0117 	 27.0000 	 2.3445 	 10.1783 	 -0.3746 	 0.0000 	 1.3178 	 1.0107 
40.0000 	 1.8324 	 18.6603 	 6.9680 	 0.0000 	 13.2032 	 848.7980 	 40.0000 	 2.2131 	 14.1025 	 2.6674 	 0.0000 	 0.6786 	 1.0138 
26.0000 	 1.3216 	 11.0529 	 9.7537 	 0.0000 	 12.3861 	 944.2508 	 26.0000 	 0.4502 	 4.2050 	 2.0902 	 0.0000 	 3.2225 	 0.9950 
37.0000 	 1.9925 	 19.8779 	 15.3223 	 0.0000 	 4.7852 	 844.6503 	 37.0000 	 0.9896 	 18.6500 	 -1.3834 	 0.0000 	 7.5928 	 0.9890 
26.0000 	 2.3387 	 11.9727 	 1.7578 	 0.0000 	 4.4336 	 1259.7908 	 26.0000 	 2.9184 	 1.1777 	 1.3909 	 0.0000 	 8.3351 	 0.9945 
27.0000 	 1.4515 	 15.0496 	 10.8279 	 0.0000 	 0.1959 	 829.8282 	 27.0000 	 2.2302 	 9.1705 	 3.3126 	 0.0000 	 0.2469 	 0.3248 
27.0000 	 1.0726 	 8.6792 	 -1.7783 	 0.0000 	 8.7667 	 1182.2201 	 27.0000 	 0.7895 	 4.4971 	 0.7278 	 0.0000 	 3.8061 	 1.0011 
34.0000 	 1.5472 	 14.0860 	 1.6913 	 0.0000 	 9.8758 	 841.7336 	 34.0000 	 0.6899 	 13.9982 	 -1.5327 	 0.0000 	 0.3688 	 0.9868 
21.0000 	 1.0439 	 17.7442 	 8.8673 	 0.0000 	 3.2568 	 850.5884 	 21.0000 	 2.5039 	 13.4923 	 0.7787 	 0.0000 	 0.5887 	 1.1150 
37.0000 	 2.1204 	 7.8478 	 8.0965 	 0.0000 	 4.4289 	 1198.8685 	 37.0000 	 0.1714 	 2.5418 	 2.8371 	 0.0000 	 4.7292 	 0.9946 
21.0000 	 1.6961 	 3.0566 	 -1.9727 	 0.0000 	 4.4043 	 1645.9093 	 21.0000 	 2.5654 	 15.6455 	 -0.5110 	 0.0000 	 2.0437 	 1.0166 
38.0000 	 3.3606 	 12.9611 	 4.3329 	 0.0000 	 9.1623 	 1287.6475 	 38.0000 	 0.0845 	 9.0664 	 -3.0019 	 0.0000 	 2.5108 	 0.9957 
36.0000 	 1.6388 	 15.6102 	 8.2417 	 0.0000 	 11.0768 	 837.0460 	 36.0000 	 0.2891 	 9.7832 	 4.4939 	 0.0000 	 2.7088 	 0.9962 
36.0000 	 1.7835 	 15.5613 	 11.3040 	 0.0000 	 0.0304 	 833.0633 	 36.0000 	 0.4333 	 4.8850 	 0.6472 	 0.0000 	 6.6871 	 0.0598 
36.0000 	 1.7066 	 17.1676 	 13.8428 	 0.0000 	 5.7344 	 842.0573 	 36.0000 	 2.3287 	 8.4376 	 1.7481 	 0.0000 	 0.0063 	 0.9895 
36.0000 	 1.6961 	 15.0867 	 9.3335 	 0.0000 	 8.9673 	 837.2707 	 36.0000 	 2.1789 	 6.3570 	 -0.8567 	 0.0000 	 6.1814 	 0.9951 
30.0000 	 1.8031 	 19.5539 	 14.2677 	 0.0000 	 0.3485 	 838.7539 	 30.0000 	 1.0690 	 0.3626 	 -0.1567 	 0.0000 	 0.0738 	 0.2012 
20.0000 	 1.6773 	 20.0255 	 13.6807 	 0.0000 	 10.6012 	 860.8182 	 20.0000 	 0.9227 	 3.2007 	 2.9053 	 0.0000 	 5.3723 	 1.0626 
20.0000 	 1.3536 	 20.0378 	 15.8472 	 0.0000 	 2.4744 	 839.4659 	 20.0000 	 2.6530 	 12.8963 	 -4.0035 	 0.0000 	 7.2611 	 0.9995 
15.0000 	 0.9430 	 14.6460 	 4.5776 	 0.0000 	 13.3142 	 827.0975 	 15.0000 	 0.1454 	 8.3569 	 2.5026 	 0.0000 	 9.9898 	 0.9615 
15.0000 	 0.7727 	 22.0605 	 7.1582 	 0.0000 	 10.0049 	 878.3562 	 15.0000 	 1.8710 	 9.5356 	 4.3164 	 0.0000 	 0.5565 	 0.9885 
15.0000 	 1.0981 	 19.0988 	 13.9728 	 0.0000 	 2.1399 	 833.1267 	 15.0000 	 2.2760 	 13.0756 	 3.2102 	 0.0000 	 1.5042 	 0.5903 
14.0000 	 1.0664 	 12.7602 	 4.7754 	 0.0000 	 5.9448 	 869.2748 	 14.0000 	 2.1588 	 2.0246 	 -0.1057 	 0.0000 	 6.9105 	 0.9939 
9.0000 	 0.6674 	 16.4391 	 11.6963 	 0.0000 	 1.3964 	 823.7337 	 9.0000 	 0.1408 	 10.2405 	 -2.5018 	 0.0000 	 8.4940 	 0.9140 
14.0000 	 0.5715 	 8.4007 	 -1.8051 	 0.0000 	 7.8101 	 1268.0797 	 14.0000 	 1.5085 	 4.1522 	 -4.8241 	 0.0000 	 6.5401 	 0.9971 
20.0000 	 1.0192 	 8.8721 	 3.8086 	 0.0000 	 10.0146 	 1097.0855 	 20.0000 	 1.5437 	 5.2837 	 1.2848 	 0.0000 	 4.2839 	 0.9104 
15.0000 	 1.1978 	 19.8305 	 14.5089 	 0.0000 	 0.3625 	 834.3415 	 15.0000 	 1.4927 	 14.4109 	 1.8148 	 0.0000 	 6.6021 	 0.2774 
20.0000 	 1.7253 	 9.6484 	 -3.7109 	 0.0000 	 7.1045 	 1199.1548 	 20.0000 	 1.7343 	 12.3284 	 -3.9014 	 0.0000 	 8.3934 	 0.9875 
27.0000 	 1.5692 	 17.6538 	 21.2354 	 0.0000 	 11.3745 	 834.1255 	 27.0000 	 2.7324 	 3.0168 	 4.7887 	 0.0000 	 6.6064 	 0.9985 
14.0000 	 1.0062 	 15.8865 	 11.6827 	 0.0000 	 0.4153 	 822.3883 	 14.0000 	 2.5625 	 5.3948 	 -4.9537 	 0.0000 	 0.2050 	 0.6112 
15.0000 	 1.0195 	 15.7630 	 11.2238 	 0.0000 	 0.0000 	 822.8556 	 15.0000 	 0.9436 	 17.3397 	 3.9715 	 0.0000 	 9.6686 	 0.0443 
14.0000 	 1.4496 	 14.7507 	 2.6935 	 0.0000 	 5.7868 	 952.3620 	 14.0000 	 2.4316 	 15.9464 	 4.2492 	 0.0000 	 5.9899 	 0.9928 
15.0000 	 1.0765 	 10.0925 	 8.4849 	 0.0000 	 7.4096 	 1002.2724 	 15.0000 	 0.3508 	 7.3480 	 4.6542 	 0.0000 	 7.7145 	 0.9871 
9.0000 	 0.5960 	 16.6650 	 14.7754 	 0.0000 	 6.0008 	 831.9152 	 9.0000 	 0.0529 	 7.9656 	 2.9024 	 0.0000 	 5.6279 	 0.9968 
9.0000 	 0.5704 	 4.8292 	 8.3376 	 0.0000 	 2.9955 	 1317.4588 	 9.0000 	 0.2360 	 16.3005 	 -1.4967 	 0.0000 	 9.8572 	 0.9760 
14.0000 	 0.8786 	 12.0288 	 11.0327 	 0.0000 	 5.0317 	 874.3547 	 14.0000 	 0.1316 	 2.4805 	 -0.1655 	 0.0000 	 7.6619 	 0.9976 
8.0000 	 0.5924 	 14.5715 	 8.6182 	 0.0000 	 3.0905 	 816.3194 	 8.0000 	 0.5428 	 9.8868 	 1.6368 	 0.0000 	 1.4080 	 0.9949 
26.0000 	 1.3863 	 17.2559 	 12.2437 	 0.0000 	 2.2192 	 837.0044 	 26.0000 	 0.3582 	 19.8060 	 0.0380 	 0.0000 	 8.8540 	 0.7026 
8.0000 	 0.7596 	 22.4699 	 21.0407 	 0.0000 	 6.1661 	 835.1011 	 8.0000 	 0.9422 	 19.0892 	 3.9069 	 0.0000 	 5.4909 	 0.9989 
14.0000 	 1.1137 	 20.8523 	 20.8135 	 0.0000 	 9.0123 	 837.5440 	 14.0000 	 1.5786 	 4.8179 	 1.7470 	 0.0000 	 4.7912 	 1.0015 
36.0000 	 1.3126 	 13.4766 	 7.6172 	 0.0000 	 3.1885 	 902.6692 	 36.0000 	 0.8230 	 11.8575 	 -2.3052 	 0.0000 	 9.6291 	 0.9973 
9.0000 	 0.7162 	 15.2954 	 11.2378 	 0.0000 	 0.0000 	 821.1353 	 9.0000 	 0.1781 	 14.0295 	 -1.3890 	 0.0000 	 8.6741 	 0.2014 
24.0000 	 1.5679 	 14.8877 	 -9.4629 	 0.0000 	 14.0820 	 883.4266 	 24.0000 	 2.9654 	 10.7091 	 -0.3154 	 0.0000 	 0.4883 	 0.9915 
50.0000 	 1.3911 	 9.2090 	 10.0684 	 0.0000 	 9.5215 	 1222.0910 	 50.0000 	 0.9560 	 16.6140 	 -3.8154 	 0.0000 	 5.3609 	 0.9918 
50.0000 	 1.7136 	 13.9844 	 9.7266 	 0.0000 	 2.7637 	 877.1087 	 50.0000 	 2.0678 	 7.0470 	 -3.2957 	 0.0000 	 1.6209 	 1.0131 
47.0000 	 2.2447 	 18.1826 	 15.3389 	 0.0000 	 2.5023 	 872.4674 	 47.0000 	 2.9888 	 17.9183 	 2.0362 	 0.0000 	 7.3761 	 0.2231 
47.0000 	 2.2295 	 8.4473 	 2.8711 	 0.0000 	 14.3262 	 1563.4007 	 47.0000 	 1.9735 	 1.9615 	 1.3519 	 0.0000 	 4.8868 	 0.1551 
46.0000 	 1.6010 	 3.7808 	 9.6802 	 0.0000 	 6.8771 	 1399.8872 	 46.0000 	 1.7536 	 8.6740 	 0.1551 	 0.0000 	 6.7002 	 0.9916 
46.0000 	 2.0414 	 16.1541 	 11.6515 	 0.0000 	 0.0328 	 835.7149 	 46.0000 	 1.0202 	 2.6651 	 1.1002 	 0.0000 	 2.8671 	 0.0413 
41.0000 	 1.6634 	 14.0945 	 9.7921 	 0.0000 	 1.4237 	 848.8804 	 41.0000 	 0.9521 	 11.5719 	 -1.9645 	 0.0000 	 0.4992 	 0.9927 
40.0000 	 1.8905 	 16.8896 	 10.8667 	 0.0000 	 4.7766 	 838.2959 	 40.0000 	 0.1991 	 14.6597 	 3.6638 	 0.0000 	 2.1535 	 0.9921 
40.0000 	 1.1064 	 14.5801 	 -0.6250 	 0.0000 	 4.4482 	 1785.5751 	 40.0000 	 1.1077 	 14.5804 	 -0.6277 	 0.0000 	 4.4499 	 0.1243 
50.0000 	 2.0978 	 10.8713 	 -9.4141 	 0.0000 	 13.9584 	 977.0212 	 50.0000 	 0.1568 	 17.0818 	 0.8522 	 0.0000 	 1.1823 	 0.9967 
40.0000 	 1.5719 	 15.2162 	 8.6730 	 0.0000 	 3.4065 	 856.6561 	 40.0000 	 0.7442 	 10.5547 	 -2.2033 	 0.0000 	 7.7502 	 0.9929 
39.0000 	 1.2555 	 6.7383 	 -5.2734 	 0.0000 	 8.4180 	 1347.7424 	 39.0000 	 0.4795 	 8.2560 	 2.2917 	 0.0000 	 6.1959 	 0.7920 
37.0000 	 1.5299 	 9.8890 	 7.7497 	 0.0000 	 2.4907 	 1015.0084 	 37.0000 	 1.4238 	 11.1852 	 2.9248 	 0.0000 	 2.4485 	 1.0005 
47.0000 	 1.9951 	 15.8777 	 11.3062 	 0.0000 	 0.0330 	 835.3500 	 47.0000 	 0.2008 	 14.2215 	 1.6240 	 0.0000 	 8.6167 	 0.5063 
32.0000 	 1.5508 	 11.0969 	 10.0832 	 0.0000 	 4.1748 	 947.4636 	 32.0000 	 1.1069 	 10.0621 	 -4.8841 	 0.0000 	 0.5836 	 0.9964 
27.0000 	 1.5048 	 18.0029 	 13.0469 	 0.0000 	 1.0889 	 841.1883 	 27.0000 	 0.2548 	 5.8377 	 -0.7466 	 0.0000 	 1.5868 	 0.2846 
34.0000 	 1.6632 	 8.9075 	 7.1278 	 0.0000 	 4.2896 	 1109.3440 	 34.0000 	 0.0165 	 4.6981 	 4.6515 	 0.0000 	 7.6991 	 0.9748 
15.0000 	 0.4616 	 10.7520 	 5.6250 	 0.0000 	 8.4814 	 1367.0712 	 15.0000 	 0.8773 	 19.3053 	 -2.3280 	 0.0000 	 4.3320 	 0.9964 
24.0000 	 1.1332 	 13.7500 	 -5.0003 	 0.0000 	 11.2510 	 878.9929 	 24.0000 	 2.6103 	 6.5340 	 -3.9885 	 0.0000 	 6.6557 	 0.9948 
46.0000 	 2.1472 	 19.1650 	 19.8243 	 0.0000 	 17.0458 	 844.6779 	 46.0000 	 2.0740 	 8.5733 	 3.5044 	 0.0000 	 7.1612 	 1.0028 
14.0000 	 0.8829 	 24.6277 	 10.9717 	 0.0000 	 8.6841 	 889.6523 	 14.0000 	 2.0604 	 10.7424 	 -1.9793 	 0.0000 	 6.6912 	 0.7583 
21.0000 	 2.3149 	 14.5605 	 1.3475 	 0.0000 	 5.5760 	 1191.5139 	 21.0000 	 2.3172 	 14.5604 	 1.3496 	 0.0000 	 5.5768 	 0.9892 
50.0000 	 1.7136 	 18.6230 	 13.7036 	 0.0000 	 6.9324 	 870.0923 	 50.0000 	 0.4146 	 9.9539 	 0.0913 	 0.0000 	 6.0675 	 0.9928 
41.0000 	 1.9096 	 16.5905 	 14.2093 	 0.0000 	 3.7550 	 838.7178 	 41.0000 	 1.0893 	 7.1543 	 3.8463 	 0.0000 	 2.2823 	 0.9905 
48.0000 	 1.6279 	 17.7441 	 12.5391 	 0.0000 	 1.2598 	 909.8879 	 48.0000 	 0.0683 	 18.4902 	 -3.7131 	 0.0000 	 8.3706 	 0.4733 
40.0000 	 1.8573 	 16.0032 	 11.3685 	 0.0000 	 0.0784 	 833.9184 	 40.0000 	 1.8449 	 17.8586 	 -0.7217 	 0.0000 	 0.6792 	 0.0826 
50.0000 	 2.1248 	 15.9696 	 11.5082 	 0.0000 	 0.0000 	 836.4143 	 50.0000 	 1.4923 	 8.0134 	 0.7259 	 0.0000 	 4.8911 	 0.0638 
45.0000 	 1.9790 	 15.7527 	 11.2700 	 0.0000 	 0.0000 	 835.2597 	 45.0000 	 1.2043 	 6.8503 	 -0.9864 	 0.0000 	 6.7982 	 0.0467 
38.0000 	 1.9644 	 14.2541 	 18.7409 	 0.0000 	 11.5438 	 859.3013 	 38.0000 	 0.6865 	 2.3056 	 1.0764 	 0.0000 	 1.1660 	 1.0040 
48.0000 	 1.5360 	 19.5166 	 7.3340 	 0.0000 	 10.8740 	 912.0335 	 48.0000 	 1.6448 	 3.3977 	 -1.8803 	 0.0000 	 7.3970 	 0.9561 
41.0000 	 2.0965 	 8.0917 	 13.6719 	 0.0000 	 6.3963 	 1173.7657 	 41.0000 	 2.1066 	 1.3936 	 2.4041 	 0.0000 	 4.0006 	 0.9960 
32.0000 	 1.6399 	 15.7066 	 11.3184 	 0.0000 	 0.1539 	 831.4349 	 32.0000 	 0.6595 	 15.1523 	 -3.0740 	 0.0000 	 8.6114 	 0.0866 
40.0000 	 1.4379 	 7.2470 	 6.4929 	 0.0000 	 14.8453 	 1212.3696 	 40.0000 	 0.7511 	 15.0123 	 -2.8781 	 0.0000 	 1.6490 	 0.9965 
45.0000 	 2.2502 	 16.4286 	 13.1518 	 0.0000 	 8.3988 	 844.8716 	 45.0000 	 2.1893 	 11.3879 	 3.9193 	 0.0000 	 8.5483 	 0.9996 
50.0000 	 1.8861 	 9.5775 	 -1.7389 	 0.0000 	 8.5449 	 1071.4844 	 50.0000 	 2.5746 	 4.6840 	 -1.8303 	 0.0000 	 8.6006 	 0.9964 
27.0000 	 1.6168 	 17.1973 	 8.8965 	 0.0000 	 6.4746 	 844.7479 	 27.0000 	 1.9882 	 17.9022 	 -2.7794 	 0.0000 	 8.4217 	 0.7016 
20.0000 	 1.1319 	 9.3978 	 8.3256 	 0.0000 	 2.0148 	 1263.0711 	 20.0000 	 2.6603 	 18.2763 	 0.2958 	 0.0000 	 1.5739 	 10.4776 
38.0000 	 1.6276 	 8.4952 	 3.5062 	 0.0000 	 13.1478 	 1137.5394 	 38.0000 	 0.2512 	 0.2555 	 -4.6285 	 0.0000 	 1.4395 	 1.0032 
42.0000 	 1.8601 	 15.2100 	 5.8398 	 0.0000 	 2.3975 	 838.0133 	 42.0000 	 1.0890 	 16.8157 	 -1.3917 	 0.0000 	 7.5894 	 0.9962 
47.0000 	 2.1661 	 11.8550 	 12.7264 	 0.0000 	 8.9760 	 958.8603 	 47.0000 	 0.6762 	 12.0168 	 3.2259 	 0.0000 	 4.6548 	 0.9955 
32.0000 	 1.6312 	 14.8125 	 10.8786 	 0.0000 	 0.1659 	 831.4242 	 32.0000 	 0.7139 	 5.8099 	 2.0539 	 0.0000 	 3.9598 	 1.1821 
39.0000 	 1.8541 	 15.1840 	 11.0620 	 0.0000 	 2.1381 	 845.2023 	 39.0000 	 1.2431 	 15.4562 	 -4.9870 	 0.0000 	 7.8382 	 0.4104 
30.0000 	 1.3536 	 8.8452 	 7.0654 	 0.0000 	 8.7134 	 1135.5699 	 30.0000 	 2.4250 	 18.7792 	 -1.8364 	 0.0000 	 3.2717 	 0.9975 
45.0000 	 2.3388 	 6.3487 	 1.7657 	 0.0000 	 4.4411 	 1353.2095 	 45.0000 	 2.8153 	 0.5262 	 -0.4189 	 0.0000 	 2.9979 	 0.9401 
14.0000 	 1.3109 	 9.5918 	 25.6709 	 0.0000 	 11.6048 	 1197.6689 	 14.0000 	 0.3953 	 8.1251 	 0.1249 	 0.0000 	 8.1936 	 0.9945 
38.0000 	 1.7853 	 15.3599 	 12.0008 	 0.0000 	 3.9762 	 835.4607 	 38.0000 	 2.2416 	 15.3792 	 4.1091 	 0.0000 	 5.7119 	 0.9888 
9.0000 	 0.8920 	 9.1309 	 9.4727 	 0.0000 	 6.8848 	 1121.2198 	 9.0000 	 0.2580 	 15.8618 	 -0.6284 	 0.0000 	 6.6335 	 1.0016 
32.0000 	 1.9428 	 19.9961 	 15.4288 	 0.0000 	 2.6385 	 850.9970 	 32.0000 	 2.2822 	 16.2730 	 4.4615 	 0.0000 	 2.7460 	 0.9152 
44.0000 	 2.3313 	 25.5829 	 9.9884 	 0.0000 	 5.8072 	 857.3425 	 44.0000 	 1.1802 	 9.5889 	 -3.5885 	 0.0000 	 2.8906 	 1.0038 
39.0000 	 1.5949 	 14.4189 	 8.9258 	 0.0000 	 14.3896 	 854.6190 	 39.0000 	 1.9413 	 8.5843 	 -4.1265 	 0.0000 	 3.9131 	 0.9925 
32.0000 	 1.6256 	 17.8303 	 6.8173 	 0.0000 	 6.8285 	 836.8021 	 32.0000 	 2.3735 	 11.3967 	 -3.5279 	 0.0000 	 6.8381 	 0.9944 
14.0000 	 0.8831 	 14.1357 	 10.3486 	 0.0000 	 2.4106 	 820.9171 	 14.0000 	 0.1651 	 8.2262 	 -0.2776 	 0.0000 	 1.1836 	 0.9694 
37.0000 	 1.9546 	 9.5410 	 4.4629 	 0.0000 	 13.2275 	 1087.8609 	 37.0000 	 1.8496 	 9.8265 	 0.2740 	 0.0000 	 6.3870 	 0.9984 
8.0000 	 1.0368 	 7.0410 	 3.8086 	 0.0000 	 6.3965 	 1306.1994 	 8.0000 	 1.5861 	 5.1063 	 -1.3734 	 0.0000 	 9.5681 	 0.9999 
32.0000 	 1.9313 	 18.9648 	 13.8672 	 0.0000 	 11.0352 	 839.9668 	 32.0000 	 1.2871 	 4.2817 	 0.6507 	 0.0000 	 6.1885 	 0.9963 
27.0000 	 1.5759 	 16.1145 	 12.8857 	 0.0000 	 1.7139 	 869.1545 	 27.0000 	 0.2419 	 17.6928 	 -3.4062 	 0.0000 	 0.1056 	 0.1182 
15.0000 	 0.9074 	 15.7918 	 11.9531 	 0.0000 	 3.2179 	 829.7822 	 15.0000 	 0.1441 	 14.4904 	 0.5681 	 0.0000 	 7.1852 	 0.9921 
14.0000 	 0.7158 	 3.7888 	 6.7968 	 0.0000 	 4.9420 	 1413.0084 	 14.0000 	 1.9496 	 3.1108 	 2.4763 	 0.0000 	 3.7493 	 0.9600 
50.0000 	 2.0288 	 13.5978 	 14.4500 	 0.0000 	 6.0779 	 857.7928 	 50.0000 	 0.9292 	 1.4080 	 -1.4319 	 0.0000 	 5.5749 	 0.9902 
46.0000 	 1.6196 	 6.9873 	 -4.9902 	 0.0000 	 8.7695 	 1207.8809 	 46.0000 	 0.1367 	 4.9414 	 2.0670 	 0.0000 	 3.5996 	 0.9969 
46.0000 	 2.1472 	 16.9482 	 -0.1562 	 0.0000 	 10.1562 	 855.2794 	 46.0000 	 1.1737 	 13.9922 	 -3.2402 	 0.0000 	 8.0445 	 0.9885 
44.0000 	 2.0399 	 18.7988 	 9.8357 	 0.0000 	 6.1383 	 839.7688 	 44.0000 	 2.8751 	 14.8792 	 0.9350 	 0.0000 	 4.0032 	 0.9395 
39.0000 	 1.9781 	 10.6201 	 -1.1719 	 0.0000 	 6.0254 	 1649.5802 	 39.0000 	 2.6139 	 3.4493 	 -0.5462 	 0.0000 	 3.2415 	 0.1157 
36.0000 	 2.2756 	 9.0430 	 -2.5391 	 0.0000 	 5.0195 	 1354.6983 	 36.0000 	 2.5997 	 19.5654 	 3.5692 	 0.0000 	 8.1652 	 1.0194 
33.0000 	 1.4693 	 3.8513 	 9.4116 	 0.0000 	 3.2581 	 1398.8778 	 33.0000 	 2.1700 	 3.6798 	 4.3877 	 0.0000 	 4.9871 	 1.0342 
27.0000 	 2.7746 	 18.9453 	 8.2227 	 0.0000 	 5.0781 	 1092.2861 	 27.0000 	 2.0327 	 14.2192 	 1.8814 	 0.0000 	 1.2090 	 0.9713 
15.0000 	 1.8664 	 16.7090 	 1.9238 	 0.0000 	 9.3995 	 1070.4486 	 15.0000 	 1.7395 	 11.2315 	 -2.1523 	 0.0000 	 8.0229 	 1.0005 
14.0000 	 1.0667 	 18.5824 	 12.0197 	 0.0000 	 9.4548 	 828.1581 	 14.0000 	 1.5351 	 5.2860 	 -2.4220 	 0.0000 	 2.9729 	 0.9814 
50.0000 	 2.1959 	 17.1840 	 12.1818 	 0.0000 	 0.0001 	 837.4227 	 50.0000 	 1.0053 	 19.7004 	 -3.1038 	 0.0000 	 8.9290 	 0.0962 
46.0000 	 2.2822 	 19.3702 	 13.3312 	 0.0000 	 2.9751 	 842.6595 	 46.0000 	 0.0714 	 1.7305 	 1.8344 	 0.0000 	 7.0136 	 1.0050 
46.0000 	 1.9483 	 17.7826 	 12.0251 	 0.0000 	 0.5396 	 842.8647 	 46.0000 	 1.2883 	 9.4236 	 -2.4778 	 0.0000 	 2.3620 	 0.2424 
44.0000 	 1.9313 	 17.5049 	 4.7754 	 0.0000 	 9.3408 	 845.3988 	 44.0000 	 1.9493 	 12.1677 	 -4.3742 	 0.0000 	 8.9828 	 0.9927 
39.0000 	 1.7136 	 15.3174 	 10.8398 	 0.0000 	 0.0000 	 830.1021 	 39.0000 	 0.4265 	 13.6173 	 -2.0799 	 0.0000 	 0.2157 	 0.5089 
36.0000 	 2.4616 	 19.9259 	 8.6442 	 0.0000 	 5.3363 	 880.6454 	 36.0000 	 0.1003 	 2.0317 	 -3.0273 	 0.0000 	 6.8037 	 0.9989 
33.0000 	 1.6461 	 15.3683 	 5.2191 	 0.0000 	 11.2097 	 836.8294 	 33.0000 	 2.2974 	 11.7394 	 -3.3270 	 0.0000 	 2.1133 	 1.0139 
27.0000 	 1.3137 	 12.0215 	 5.3662 	 0.0000 	 7.0984 	 937.1480 	 27.0000 	 2.1592 	 10.7494 	 -2.5600 	 0.0000 	 7.7286 	 0.9899 
15.0000 	 1.4011 	 10.6173 	 5.7537 	 0.0000 	 7.8708 	 1088.6095 	 15.0000 	 1.7742 	 16.8203 	 -4.7219 	 0.0000 	 5.2662 	 0.9918 
9.0000 	 0.8935 	 16.6317 	 4.4736 	 0.0000 	 6.8848 	 848.6595 	 9.0000 	 1.2173 	 1.8364 	 2.9992 	 0.0000 	 2.7857 	 0.9997 
50.0000 	 1.9917 	 17.4170 	 13.1836 	 0.0000 	 12.3193 	 848.2494 	 50.0000 	 1.5801 	 2.3614 	 -0.8708 	 0.0000 	 2.7850 	 0.9908 
46.0000 	 1.9849 	 16.0596 	 11.0059 	 0.0000 	 0.0000 	 836.7604 	 46.0000 	 1.7724 	 15.7788 	 1.5697 	 0.0000 	 5.9057 	 0.2814 
46.0000 	 2.4367 	 19.4495 	 9.4922 	 0.0000 	 7.1350 	 845.6438 	 46.0000 	 2.9729 	 19.4884 	 1.0754 	 0.0000 	 1.4273 	 0.9868 
44.0000 	 2.0960 	 17.8766 	 13.0743 	 0.0000 	 2.4039 	 838.9532 	 44.0000 	 2.2562 	 10.0659 	 3.5271 	 0.0000 	 5.9525 	 0.9925 
39.0000 	 1.5990 	 13.8477 	 8.8501 	 0.0000 	 4.8254 	 853.9509 	 39.0000 	 1.3521 	 6.3826 	 -0.8265 	 0.0000 	 7.5644 	 0.9879 
36.0000 	 2.1767 	 12.8467 	 -6.7676 	 0.0000 	 8.4033 	 1057.0245 	 36.0000 	 1.0410 	 18.6379 	 -3.4080 	 0.0000 	 7.1313 	 0.9900 
33.0000 	 2.2601 	 8.1006 	 3.6719 	 0.0000 	 6.5234 	 1235.5494 	 33.0000 	 2.5565 	 6.4072 	 1.9066 	 0.0000 	 6.2680 	 1.0035 
27.0000 	 1.5421 	 9.8398 	 -5.8352 	 0.0000 	 5.7735 	 1512.6356 	 27.0000 	 1.2445 	 7.3224 	 3.0788 	 0.0000 	 0.8187 	 1.0078 
15.0000 	 1.0000 	 12.4581 	 9.1541 	 0.0000 	 2.3517 	 857.1449 	 15.0000 	 1.6773 	 12.9601 	 -1.9453 	 0.0000 	 6.0499 	 1.0241 
9.0000 	 0.4822 	 15.6013 	 10.2045 	 0.0000 	 5.8894 	 876.1699 	 9.0000 	 1.7002 	 14.9332 	 0.3204 	 0.0000 	 4.7869 	 0.9944 
49.0000 	 2.6426 	 14.2698 	 9.8342 	 0.0000 	 6.3771 	 937.2097 	 49.0000 	 2.6091 	 11.9415 	 0.0452 	 0.0000 	 6.4952 	 0.9979 
49.0000 	 1.9781 	 16.4014 	 11.1230 	 0.0000 	 1.1621 	 841.3058 	 49.0000 	 2.0421 	 10.8882 	 -1.2916 	 0.0000 	 2.5456 	 0.7029 
45.0000 	 1.6961 	 9.9951 	 11.9630 	 0.0000 	 11.5089 	 1017.8279 	 45.0000 	 1.0647 	 6.2343 	 4.7590 	 0.0000 	 1.7464 	 0.9968 
40.0000 	 0.0156 	 12.4842 	 8.0833 	 0.0000 	 5.3624 	 1863.3126 	 40.0000 	 0.4399 	 16.6166 	 2.0217 	 0.0000 	 1.8605 	 0.9908 
40.0000 	 1.7136 	 10.7422 	 19.6777 	 0.0000 	 3.9355 	 1113.8942 	 40.0000 	 0.1959 	 1.3680 	 2.0714 	 0.0000 	 1.5811 	 1.0833 
38.0000 	 3.2029 	 22.1289 	 3.7207 	 0.0000 	 15.0146 	 1000.3049 	 38.0000 	 0.8682 	 9.5060 	 0.4025 	 0.0000 	 2.7637 	 0.9967 
33.0000 	 2.3070 	 12.1826 	 10.7422 	 0.0000 	 8.6621 	 1063.8180 	 33.0000 	 2.0618 	 11.5613 	 0.4893 	 0.0000 	 1.8387 	 0.9908 
27.0000 	 1.2300 	 7.0703 	 8.2031 	 0.0000 	 6.9141 	 1198.3799 	 27.0000 	 0.7220 	 0.2351 	 4.9970 	 0.0000 	 1.5725 	 0.9992 
15.0000 	 1.3617 	 11.7200 	 8.7646 	 0.0000 	 2.5171 	 1020.3428 	 15.0000 	 1.5045 	 11.0433 	 -4.0265 	 0.0000 	 1.7274 	 0.9915 
9.0000 	 0.3408 	 7.8629 	 6.8213 	 0.0000 	 4.1376 	 1336.4720 	 9.0000 	 1.4719 	 12.9503 	 -4.8270 	 0.0000 	 6.3566 	 0.9723 
49.0000 	 1.5266 	 6.7964 	 -2.0594 	 0.0000 	 10.2719 	 1288.6140 	 49.0000 	 1.5284 	 6.7970 	 -2.0792 	 0.0000 	 7.7090 	 1.0199 
49.0000 	 2.7463 	 18.4863 	 0.9180 	 0.0000 	 9.2285 	 878.5816 	 49.0000 	 2.7432 	 19.1124 	 1.5410 	 0.0000 	 9.2280 	 0.9879 
45.0000 	 2.9608 	 21.5820 	 11.5625 	 0.0000 	 10.2100 	 896.8859 	 45.0000 	 2.0355 	 19.9227 	 -1.9532 	 0.0000 	 8.0180 	 0.9920 
40.0000 	 1.4436 	 9.7644 	 12.2666 	 0.0000 	 4.0993 	 1049.5020 	 40.0000 	 2.1269 	 10.0086 	 4.2923 	 0.0000 	 5.6981 	 1.0071 
49.0000 	 2.5555 	 19.2499 	 14.9396 	 0.0000 	 2.2879 	 848.3782 	 49.0000 	 2.0227 	 15.2890 	 1.3017 	 0.0000 	 1.8284 	 0.9952 
40.0000 	 1.4054 	 16.7715 	 9.1425 	 0.0000 	 0.6949 	 890.1148 	 40.0000 	 2.4376 	 14.7735 	 -0.9874 	 0.0000 	 1.0839 	 0.9872 
49.0000 	 2.4233 	 11.3902 	 10.5954 	 0.0000 	 7.1987 	 1003.4186 	 49.0000 	 2.1984 	 6.3091 	 3.0893 	 0.0000 	 0.9938 	 0.9981 
38.0000 	 2.1700 	 22.8546 	 8.8852 	 0.0000 	 5.4620 	 845.8216 	 38.0000 	 0.1989 	 19.9875 	 -1.2169 	 0.0000 	 2.7835 	 0.9969 
44.0000 	 2.1584 	 16.5605 	 14.1425 	 0.0000 	 2.5052 	 840.5291 	 44.0000 	 1.9490 	 13.9090 	 -4.2853 	 0.0000 	 6.2834 	 0.9938 
33.0000 	 1.6229 	 15.7982 	 11.0290 	 0.0000 	 0.0001 	 831.6360 	 33.0000 	 1.5669 	 6.7351 	 0.0968 	 0.0000 	 1.1875 	 0.0695 
26.0000 	 1.4605 	 13.4680 	 2.8296 	 0.0000 	 10.5493 	 881.2780 	 26.0000 	 2.3452 	 3.5592 	 -1.5880 	 0.0000 	 2.2253 	 0.7032 
49.0000 	 1.1409 	 3.8184 	 1.3477 	 0.0000 	 5.3271 	 1537.5861 	 49.0000 	 1.4555 	 2.3277 	 2.3824 	 0.0000 	 6.9349 	 0.9895 
21.0000 	 1.0809 	 6.3358 	 8.0194 	 0.0000 	 4.8642 	 1218.4252 	 21.0000 	 1.2120 	 7.9357 	 2.6453 	 0.0000 	 4.0093 	 0.9892 
44.0000 	 1.9754 	 15.9650 	 11.4552 	 0.0000 	 0.0000 	 834.9010 	 44.0000 	 2.5612 	 1.2099 	 -2.7688 	 0.0000 	 1.0396 	 0.0682 
49.0000 	 2.0019 	 15.3613 	 10.6836 	 0.0000 	 0.1050 	 838.3750 	 49.0000 	 1.6766 	 0.7840 	 4.1345 	 0.0000 	 0.5813 	 0.1905 
39.0000 	 1.8956 	 16.6926 	 11.9649 	 0.0000 	 0.0024 	 834.5380 	 39.0000 	 2.1665 	 18.3310 	 2.9772 	 0.0000 	 4.8628 	 0.0517 
36.0000 	 1.9438 	 18.3094 	 8.6729 	 0.0000 	 3.8423 	 838.7401 	 36.0000 	 1.3281 	 3.8138 	 -3.4389 	 0.0000 	 4.0305 	 0.9927 
33.0000 	 1.6324 	 16.7254 	 9.1658 	 0.0000 	 2.9231 	 835.4822 	 33.0000 	 0.3748 	 17.4592 	 2.4895 	 0.0000 	 3.7824 	 0.9896 
44.0000 	 1.7484 	 15.3781 	 9.4689 	 0.0000 	 6.3771 	 843.8991 	 44.0000 	 1.0925 	 0.6311 	 0.1424 	 0.0000 	 2.0868 	 0.9943 
26.0000 	 1.7048 	 9.5618 	 -2.2412 	 0.0000 	 6.5881 	 1126.7706 	 26.0000 	 2.6350 	 12.1411 	 -1.1814 	 0.0000 	 3.3084 	 1.0356 
49.0000 	 2.1173 	 16.1469 	 11.6138 	 0.0000 	 0.0000 	 836.2717 	 49.0000 	 1.6632 	 17.7784 	 -2.0513 	 0.0000 	 6.3354 	 0.0504 
20.0000 	 1.3320 	 16.6202 	 4.1769 	 0.0000 	 13.5661 	 831.1706 	 20.0000 	 1.3408 	 16.6586 	 4.6927 	 0.0000 	 8.7254 	 0.9507 
44.0000 	 1.9539 	 15.8359 	 11.1620 	 0.0000 	 0.1366 	 835.4044 	 44.0000 	 1.4872 	 7.6695 	 0.4527 	 0.0000 	 5.2400 	 0.0250 
39.0000 	 1.8099 	 15.5420 	 -1.9043 	 0.0000 	 11.8945 	 841.2867 	 39.0000 	 1.4647 	 4.1643 	 2.6236 	 0.0000 	 1.9835 	 0.9929 
48.0000 	 2.0428 	 15.9772 	 11.3949 	 0.0000 	 0.1449 	 836.3664 	 48.0000 	 2.7294 	 3.0969 	 -2.3614 	 0.0000 	 3.1323 	 0.0434 
36.0000 	 1.5255 	 9.2353 	 16.1366 	 0.0000 	 9.7675 	 1060.9724 	 36.0000 	 1.8586 	 16.5900 	 -3.4938 	 0.0000 	 8.5856 	 0.9911 
33.0000 	 2.5230 	 11.6502 	 5.4443 	 0.0000 	 14.6806 	 1157.8764 	 33.0000 	 0.6823 	 0.3374 	 2.9383 	 0.0000 	 6.5341 	 0.9883 
45.0000 	 1.5598 	 10.8191 	 0.0928 	 0.0000 	 5.5774 	 1140.3682 	 45.0000 	 0.7997 	 8.9172 	 -1.5693 	 0.0000 	 4.3673 	 0.9926 
26.0000 	 1.5571 	 18.4980 	 11.0592 	 0.0000 	 4.2392 	 833.6562 	 26.0000 	 0.1620 	 6.6414 	 2.0618 	 0.0000 	 5.1922 	 0.9881 
43.0000 	 1.9863 	 10.2721 	 6.2213 	 0.0000 	 4.2039 	 1022.1581 	 43.0000 	 2.3241 	 19.0862 	 0.6693 	 0.0000 	 9.4100 	 0.9775 
20.0000 	 1.2402 	 14.3483 	 11.4351 	 0.0000 	 2.6506 	 829.2967 	 20.0000 	 1.5309 	 11.8026 	 2.3535 	 0.0000 	 1.5316 	 0.9905 
39.0000 	 2.0375 	 10.7406 	 -3.8380 	 0.0000 	 14.0788 	 1065.9623 	 39.0000 	 1.3772 	 9.9886 	 -4.0053 	 0.0000 	 8.8463 	 0.9931 
37.0000 	 2.0053 	 18.2617 	 8.8965 	 0.0000 	 6.4014 	 838.1473 	 37.0000 	 0.4550 	 14.9873 	 -3.2436 	 0.0000 	 1.0732 	 0.9930 
33.0000 	 1.8411 	 25.3223 	 17.5879 	 0.0000 	 6.9775 	 1011.2275 	 33.0000 	 1.6497 	 19.4999 	 1.7670 	 0.0000 	 4.6268 	 0.1403 
26.0000 	 1.6003 	 17.6318 	 11.9531 	 0.0000 	 10.3760 	 834.2899 	 26.0000 	 1.4805 	 12.4085 	 2.1634 	 0.0000 	 9.7050 	 0.7363 
20.0000 	 1.2635 	 16.2950 	 10.8571 	 0.0000 	 1.2874 	 826.5654 	 20.0000 	 1.6278 	 11.5291 	 3.3797 	 0.0000 	 8.2849 	 0.9929 
