48.0000 	 0.0190 	 5.6125 	 13.3331 	 0.0000 	 -0.0347 	 3.3947 	 793.6491 	 48.0000 	 2.9164 	 9.5361 	 8.8918 	 0.0000 	 -2.1118 	 8.1477 	 0.0000 
48.0000 	 0.0220 	 14.0922 	 13.3322 	 0.0000 	 -5.7825 	 3.3953 	 793.6384 	 48.0000 	 1.2570 	 3.8519 	 7.7403 	 0.0000 	 1.0843 	 4.8034 	 0.0000 
50.0000 	 0.0346 	 7.5579 	 13.3399 	 0.0000 	 -7.1200 	 3.3877 	 793.6403 	 50.0000 	 1.1614 	 5.4125 	 -3.8758 	 0.0000 	 -2.6374 	 8.9945 	 0.0000 
48.0000 	 0.0063 	 0.8176 	 13.3267 	 0.0000 	 -5.8967 	 3.3941 	 793.6389 	 48.0000 	 0.4730 	 4.6386 	 4.9949 	 0.0000 	 -1.2446 	 9.2277 	 0.0000 
49.0000 	 0.0088 	 12.9961 	 13.3325 	 0.0000 	 4.8024 	 3.3951 	 793.6384 	 49.0000 	 2.4585 	 8.1988 	 -0.1710 	 0.0000 	 -1.2178 	 6.7594 	 0.0000 
48.0000 	 0.0026 	 4.8781 	 13.3330 	 0.0000 	 -5.1737 	 3.3943 	 793.6384 	 48.0000 	 1.3238 	 5.2464 	 -5.2574 	 0.0000 	 0.9539 	 0.5362 	 0.0000 
49.0000 	 0.0772 	 17.0264 	 13.3984 	 0.0000 	 0.7764 	 3.3496 	 793.2383 	 49.0000 	 1.4698 	 3.2528 	 -2.2878 	 0.0000 	 -1.9113 	 2.0233 	 0.1618 
49.0000 	 0.0094 	 1.7187 	 13.3326 	 0.0000 	 2.5981 	 3.3948 	 793.6384 	 49.0000 	 1.9955 	 5.9232 	 5.1990 	 0.0000 	 -2.3825 	 2.3838 	 0.0000 
49.0000 	 0.0674 	 2.8622 	 13.3320 	 0.0000 	 3.9837 	 3.3939 	 793.6385 	 49.0000 	 2.8169 	 1.3154 	 -7.9813 	 0.0000 	 -1.5178 	 8.8136 	 0.0000 
49.0000 	 0.1704 	 4.3100 	 13.3429 	 0.0000 	 -9.9999 	 3.4351 	 793.6783 	 49.0000 	 2.9795 	 1.5296 	 -4.6321 	 0.0000 	 -0.7910 	 7.5000 	 0.0000 
49.0000 	 0.0129 	 11.0604 	 13.3327 	 0.0000 	 -2.1572 	 3.3946 	 793.6384 	 49.0000 	 2.2690 	 1.9827 	 -0.8725 	 0.0000 	 2.4824 	 8.2025 	 0.0000 
49.0000 	 0.2568 	 1.4516 	 13.3334 	 0.0000 	 10.0000 	 3.3964 	 793.6385 	 49.0000 	 2.7001 	 8.4567 	 9.7413 	 0.0000 	 1.0789 	 9.0524 	 0.0000 
48.0000 	 0.0133 	 11.8300 	 13.3337 	 0.0000 	 -0.3102 	 3.3953 	 793.5970 	 48.0000 	 1.2570 	 3.8519 	 7.7403 	 0.0000 	 1.0843 	 4.8034 	 0.0000 
49.0000 	 0.0044 	 7.7163 	 13.3330 	 0.0000 	 -4.3793 	 3.3950 	 793.6384 	 49.0000 	 2.4914 	 2.2854 	 -5.5048 	 0.0000 	 -2.8343 	 0.6946 	 0.0000 
49.0000 	 0.1583 	 5.8279 	 13.3381 	 0.0000 	 8.7802 	 3.3970 	 793.6389 	 49.0000 	 0.2238 	 4.1659 	 -2.0080 	 0.0000 	 1.6266 	 5.7811 	 0.0000 
48.0000 	 0.0025 	 31.4014 	 13.3398 	 0.0000 	 2.6807 	 3.3887 	 792.0256 	 48.0000 	 2.0009 	 5.3714 	 -6.1409 	 0.0000 	 -0.7127 	 7.2986 	 0.0000 
50.0000 	 0.2325 	 18.1257 	 13.3338 	 0.0000 	 9.3606 	 3.3941 	 793.6384 	 50.0000 	 0.2252 	 4.9085 	 -3.7072 	 0.0000 	 -2.5499 	 0.7362 	 0.0000 
49.0000 	 0.1370 	 0.0016 	 13.3348 	 0.0000 	 -6.4014 	 3.3951 	 793.6305 	 49.0000 	 2.5114 	 3.6772 	 6.0014 	 0.0000 	 -2.9605 	 0.7383 	 0.0024 
48.0000 	 0.2862 	 12.0297 	 13.3202 	 0.0000 	 -3.3470 	 3.3904 	 793.6409 	 48.0000 	 2.7001 	 8.4567 	 9.7413 	 0.0000 	 1.0789 	 9.0524 	 0.0000 
50.0000 	 0.2575 	 3.9392 	 13.4033 	 0.0000 	 -5.5840 	 3.4119 	 788.2956 	 50.0000 	 2.1635 	 2.1921 	 -2.7329 	 0.0000 	 -1.9696 	 9.9381 	 0.0373 
50.0000 	 0.2906 	 12.9496 	 13.3328 	 0.0000 	 -6.9564 	 3.3952 	 793.6384 	 50.0000 	 2.1215 	 9.2232 	 1.0933 	 0.0000 	 -1.4491 	 3.8808 	 0.0000 
50.0000 	 0.0036 	 1.0849 	 13.3319 	 0.0000 	 9.7733 	 3.3952 	 793.6384 	 50.0000 	 2.7777 	 4.2449 	 -7.4404 	 0.0000 	 0.6560 	 9.4385 	 0.0000 
50.0000 	 0.0864 	 7.5858 	 13.3331 	 0.0000 	 -1.5565 	 3.3947 	 793.6384 	 50.0000 	 1.9955 	 5.9232 	 5.1990 	 0.0000 	 -2.3825 	 2.3838 	 0.0000 
47.0000 	 0.0032 	 6.9480 	 13.3312 	 0.0000 	 -7.6312 	 3.3909 	 793.6388 	 47.0000 	 1.8862 	 0.9647 	 7.4224 	 0.0000 	 -2.3338 	 9.9251 	 0.0000 
50.0000 	 0.1196 	 0.0238 	 13.3304 	 0.0000 	 -6.0442 	 3.3922 	 793.6386 	 50.0000 	 2.9795 	 1.5296 	 -4.6321 	 0.0000 	 -0.7910 	 7.5000 	 0.0000 
47.0000 	 0.0063 	 0.1562 	 13.3203 	 0.0000 	 -8.5840 	 3.3936 	 793.6404 	 47.0000 	 1.8096 	 9.6568 	 -0.6018 	 0.0000 	 -2.2603 	 9.8856 	 0.0000 
47.0000 	 0.0067 	 43.1519 	 13.3301 	 0.0000 	 1.5308 	 3.3960 	 793.6386 	 47.0000 	 0.9223 	 6.8901 	 9.6551 	 0.0000 	 0.3141 	 4.8726 	 0.0000 
47.0000 	 0.0191 	 30.9888 	 13.3325 	 0.0000 	 9.3801 	 3.3948 	 793.6384 	 47.0000 	 2.3689 	 0.6528 	 0.2344 	 0.0000 	 -2.6812 	 8.0559 	 0.0000 
47.0000 	 0.0347 	 0.1472 	 13.3324 	 0.0000 	 3.4337 	 3.3905 	 793.6391 	 47.0000 	 0.4036 	 7.7676 	 -2.0904 	 0.0000 	 2.0590 	 2.9289 	 0.0005 
47.0000 	 0.0423 	 1.5715 	 13.3338 	 0.0000 	 9.8909 	 3.3948 	 793.6384 	 47.0000 	 2.1095 	 9.2182 	 -4.6698 	 0.0000 	 2.1550 	 8.4834 	 0.0000 
48.0000 	 1.7225 	 69.3781 	 18.2744 	 0.0000 	 10.0000 	 0.7355 	 735.7963 	 48.0000 	 2.2690 	 1.9827 	 -0.8725 	 0.0000 	 2.4824 	 8.2025 	 0.0277 
42.0000 	 0.0054 	 2.0447 	 13.3350 	 0.0000 	 2.5840 	 3.3875 	 793.6400 	 42.0000 	 2.9701 	 7.3470 	 1.5740 	 0.0000 	 -0.5609 	 3.3075 	 0.0000 
42.0000 	 0.0029 	 30.1539 	 13.3328 	 0.0000 	 8.8674 	 3.3953 	 793.6384 	 42.0000 	 2.8849 	 3.2519 	 -1.8229 	 0.0000 	 2.7479 	 3.3925 	 0.0000 
45.0000 	 0.0608 	 11.3721 	 13.1689 	 0.0000 	 -7.1660 	 3.5107 	 785.4982 	 45.0000 	 0.0129 	 7.8541 	 -6.4150 	 0.0000 	 2.8013 	 3.3705 	 0.0855 
42.0000 	 0.1716 	 0.0676 	 13.3330 	 0.0000 	 7.6591 	 3.3952 	 793.6384 	 42.0000 	 1.4094 	 2.0230 	 -2.1946 	 0.0000 	 -1.8662 	 3.2451 	 0.0000 
42.0000 	 0.0037 	 57.8130 	 13.3321 	 0.0000 	 7.6198 	 3.3946 	 793.6384 	 42.0000 	 1.7833 	 2.5699 	 -9.8120 	 0.0000 	 2.2565 	 5.6181 	 0.0000 
44.0000 	 0.1623 	 13.4169 	 13.3294 	 0.0000 	 2.1820 	 3.3955 	 793.6386 	 44.0000 	 1.6833 	 4.5892 	 -2.5355 	 0.0000 	 1.6242 	 9.8646 	 0.0000 
44.0000 	 0.1020 	 9.3177 	 13.3323 	 0.0000 	 4.5286 	 3.3932 	 793.6384 	 44.0000 	 0.2288 	 3.2212 	 -1.4085 	 0.0000 	 0.0030 	 4.1611 	 0.0000 
44.0000 	 0.0060 	 67.4564 	 13.3331 	 0.0000 	 -2.4064 	 3.3942 	 793.6384 	 44.0000 	 0.9205 	 9.5539 	 -6.8239 	 0.0000 	 1.9495 	 1.4034 	 0.0000 
44.0000 	 0.0027 	 33.5791 	 13.3319 	 0.0000 	 -6.0764 	 3.3951 	 793.6384 	 44.0000 	 2.1232 	 9.1595 	 -5.3259 	 0.0000 	 2.2838 	 8.4409 	 0.0000 
44.0000 	 0.0161 	 13.1060 	 13.3322 	 0.0000 	 6.2568 	 3.3949 	 793.6384 	 44.0000 	 0.1549 	 3.3962 	 -2.5650 	 0.0000 	 2.8238 	 7.1584 	 0.0000 
43.0000 	 0.2778 	 0.9974 	 13.3329 	 0.0000 	 -7.6514 	 3.3936 	 793.6381 	 43.0000 	 0.2935 	 8.1307 	 1.1154 	 0.0000 	 2.2417 	 9.9572 	 0.0000 
43.0000 	 0.1372 	 3.1418 	 13.3329 	 0.0000 	 5.9475 	 3.3942 	 793.6384 	 43.0000 	 2.8206 	 6.9695 	 -8.8679 	 0.0000 	 0.6396 	 4.2262 	 0.0000 
43.0000 	 0.0772 	 76.6463 	 13.3335 	 0.0000 	 -2.9979 	 3.3943 	 793.6384 	 43.0000 	 2.3155 	 4.5876 	 -2.4516 	 0.0000 	 0.1632 	 0.4282 	 0.0000 
47.0000 	 0.4463 	 9.2149 	 13.3327 	 0.0000 	 -9.3369 	 3.3931 	 793.6382 	 47.0000 	 0.9842 	 5.7602 	 -3.2065 	 0.0000 	 1.4918 	 5.4485 	 0.0005 
44.0000 	 0.2689 	 10.5864 	 13.3463 	 0.0000 	 6.0856 	 3.3687 	 793.6571 	 44.0000 	 0.2895 	 5.1365 	 8.3666 	 0.0000 	 -0.4793 	 9.3998 	 0.0002 
43.0000 	 0.0871 	 25.1331 	 13.4741 	 0.0000 	 -9.2820 	 3.3972 	 779.9397 	 43.0000 	 0.1215 	 1.1440 	 -8.4693 	 0.0000 	 -1.6500 	 8.2673 	 0.0276 
41.0000 	 0.0166 	 8.4080 	 13.3317 	 0.0000 	 5.2395 	 3.3942 	 793.6383 	 41.0000 	 1.3710 	 8.2564 	 -8.3288 	 0.0000 	 -1.8072 	 3.1008 	 0.0000 
45.0000 	 1.7217 	 53.6900 	 18.4093 	 0.0000 	 7.2803 	 0.5735 	 734.4829 	 45.0000 	 2.4307 	 8.1682 	 -5.8408 	 0.0000 	 -1.6519 	 2.5797 	 0.0238 
39.0000 	 0.0053 	 8.4378 	 13.3429 	 0.0000 	 4.0126 	 3.3966 	 793.6400 	 39.0000 	 2.0596 	 2.4501 	 -5.8691 	 0.0000 	 0.7012 	 9.8435 	 0.0017 
41.0000 	 0.1125 	 10.2447 	 13.3325 	 0.0000 	 -2.4967 	 3.3948 	 793.6384 	 41.0000 	 2.1921 	 0.9667 	 -3.7339 	 0.0000 	 0.3455 	 2.5331 	 0.0000 
47.0000 	 1.7660 	 54.6498 	 18.4217 	 0.0000 	 7.4621 	 0.5794 	 734.0004 	 47.0000 	 2.6953 	 0.5475 	 6.2799 	 0.0000 	 -0.1958 	 3.4923 	 0.0315 
39.0000 	 0.0033 	 17.4026 	 13.3344 	 0.0000 	 7.3669 	 3.3951 	 793.6381 	 39.0000 	 0.9871 	 6.1501 	 9.1724 	 0.0000 	 -0.9065 	 0.2855 	 0.0000 
43.0000 	 0.0354 	 0.7254 	 13.3363 	 0.0000 	 -2.0956 	 3.3984 	 793.6389 	 43.0000 	 1.8024 	 0.1683 	 -8.2588 	 0.0000 	 -0.3021 	 3.0919 	 0.0000 
41.0000 	 0.3224 	 4.2749 	 13.3398 	 0.0000 	 -0.7830 	 3.6340 	 792.8336 	 41.0000 	 0.4926 	 8.4394 	 8.3093 	 0.0000 	 -0.3722 	 3.1211 	 0.1126 
45.0000 	 0.1044 	 49.0909 	 13.3377 	 0.0000 	 3.1923 	 3.3954 	 793.6387 	 45.0000 	 1.8787 	 6.6161 	 -4.0587 	 0.0000 	 1.1789 	 9.1264 	 0.0000 
39.0000 	 0.0300 	 15.5128 	 13.3342 	 0.0000 	 4.1963 	 3.3936 	 793.6384 	 39.0000 	 1.2253 	 3.3453 	 -9.5265 	 0.0000 	 -0.1707 	 7.3209 	 0.0000 
39.0000 	 0.0026 	 31.3147 	 13.3331 	 0.0000 	 -0.8597 	 3.3948 	 793.6384 	 39.0000 	 0.0597 	 6.9113 	 -1.0113 	 0.0000 	 -1.1787 	 9.2290 	 0.0000 
40.0000 	 0.0522 	 5.5621 	 13.3339 	 0.0000 	 3.6269 	 3.3945 	 793.6385 	 40.0000 	 1.9954 	 3.2552 	 -7.9691 	 0.0000 	 2.3321 	 0.5280 	 0.0000 
40.0000 	 0.3421 	 3.5318 	 13.3338 	 0.0000 	 -4.1695 	 3.3962 	 793.6384 	 40.0000 	 1.3944 	 1.9854 	 -4.9955 	 0.0000 	 -1.1756 	 1.5445 	 0.0000 
43.0000 	 0.0169 	 1.0773 	 13.3307 	 0.0000 	 -9.7570 	 3.3804 	 793.6434 	 43.0000 	 0.8876 	 6.4001 	 7.4628 	 0.0000 	 -1.7088 	 2.6361 	 0.0008 
40.0000 	 0.4134 	 54.3776 	 13.3056 	 0.0000 	 9.1605 	 3.3887 	 793.6487 	 40.0000 	 1.1165 	 9.1031 	 8.0593 	 0.0000 	 2.1992 	 7.1067 	 0.0000 
36.0000 	 0.0726 	 3.7808 	 13.3318 	 0.0000 	 0.5606 	 3.3946 	 793.6384 	 36.0000 	 1.3367 	 4.3836 	 9.1417 	 0.0000 	 1.7369 	 3.4618 	 0.0000 
38.0000 	 0.2912 	 2.5391 	 13.3105 	 0.0000 	 -9.5251 	 3.4045 	 793.6465 	 38.0000 	 1.6202 	 9.8482 	 -2.8643 	 0.0000 	 -0.7852 	 3.8481 	 0.0000 
38.0000 	 0.0082 	 2.8726 	 13.2928 	 0.0000 	 7.9517 	 3.4070 	 793.6610 	 38.0000 	 0.1745 	 4.3792 	 -1.7276 	 0.0000 	 1.4017 	 1.9123 	 0.0000 
42.0000 	 0.8639 	 29.7354 	 13.4344 	 0.0000 	 8.4807 	 3.3392 	 793.5975 	 42.0000 	 2.2799 	 4.8350 	 -5.9550 	 0.0000 	 2.4747 	 9.0011 	 0.0011 
40.0000 	 0.0033 	 15.8324 	 13.3321 	 0.0000 	 3.1809 	 3.3953 	 793.6387 	 40.0000 	 1.3759 	 8.7866 	 2.5192 	 0.0000 	 0.2359 	 3.6000 	 0.0000 
40.0000 	 0.0093 	 3.9487 	 13.3557 	 0.0000 	 7.2413 	 3.3939 	 793.6451 	 40.0000 	 1.5562 	 4.7527 	 9.8123 	 0.0000 	 2.3644 	 7.6255 	 0.0000 
40.0000 	 0.0476 	 3.5754 	 13.3276 	 0.0000 	 0.5215 	 3.3936 	 793.6387 	 40.0000 	 1.7543 	 1.0309 	 9.9194 	 0.0000 	 0.1724 	 1.1948 	 0.0000 
37.0000 	 0.0093 	 8.6484 	 13.3323 	 0.0000 	 9.2506 	 3.3953 	 793.6384 	 37.0000 	 1.5555 	 7.3996 	 9.7204 	 0.0000 	 0.0179 	 5.1456 	 0.0000 
40.0000 	 0.7361 	 1.3480 	 13.3418 	 0.0000 	 0.2028 	 3.3900 	 793.6244 	 40.0000 	 1.1863 	 6.0258 	 3.7761 	 0.0000 	 1.4874 	 0.8587 	 0.0002 
37.0000 	 0.0030 	 43.0688 	 13.3324 	 0.0000 	 -9.7319 	 3.3964 	 793.6385 	 37.0000 	 1.0876 	 5.1091 	 -0.4299 	 0.0000 	 1.3211 	 8.1467 	 0.0000 
37.0000 	 0.0027 	 8.0893 	 13.3326 	 0.0000 	 -8.5620 	 3.3950 	 793.6384 	 37.0000 	 1.9881 	 8.4674 	 2.0768 	 0.0000 	 0.6761 	 7.5938 	 0.0000 
38.0000 	 0.0032 	 3.6936 	 13.3313 	 0.0000 	 -7.6333 	 3.3974 	 793.6386 	 38.0000 	 0.8208 	 9.5700 	 3.3170 	 0.0000 	 -2.9309 	 4.7382 	 0.0000 
37.0000 	 0.1042 	 8.2267 	 13.3325 	 0.0000 	 7.7598 	 3.3950 	 793.6384 	 37.0000 	 1.9275 	 6.2836 	 9.8913 	 0.0000 	 1.8768 	 0.4827 	 0.0000 
37.0000 	 0.1503 	 0.6295 	 13.3313 	 0.0000 	 -0.9822 	 3.3962 	 793.6385 	 37.0000 	 0.7412 	 6.6933 	 -0.4553 	 0.0000 	 -0.3886 	 7.5264 	 0.0000 
31.0000 	 0.0055 	 4.1070 	 13.3334 	 0.0000 	 6.0748 	 3.3947 	 793.6384 	 31.0000 	 2.1370 	 6.9320 	 -3.8561 	 0.0000 	 1.3363 	 0.1044 	 0.0000 
30.0000 	 0.0103 	 0.3626 	 13.3333 	 0.0000 	 0.5827 	 3.3945 	 793.6384 	 30.0000 	 0.2452 	 6.2889 	 3.1079 	 0.0000 	 -1.3974 	 2.3152 	 0.0000 
37.0000 	 0.0287 	 15.7538 	 13.3301 	 0.0000 	 1.2786 	 3.3954 	 793.6385 	 37.0000 	 1.0025 	 5.2603 	 3.1046 	 0.0000 	 -1.3654 	 2.8518 	 0.0000 
34.0000 	 0.2297 	 8.5840 	 13.3691 	 0.0000 	 2.3057 	 3.3545 	 793.3897 	 34.0000 	 0.5539 	 8.7121 	 -3.7196 	 0.0000 	 -0.7926 	 0.2521 	 0.0813 
31.0000 	 0.0362 	 96.2424 	 13.3331 	 0.0000 	 9.4039 	 3.3963 	 793.6385 	 31.0000 	 2.9637 	 6.2517 	 8.8367 	 0.0000 	 2.1321 	 0.1660 	 0.0000 
29.0000 	 0.0028 	 15.1605 	 13.3311 	 0.0000 	 -2.0407 	 3.3940 	 793.6384 	 29.0000 	 2.5598 	 0.0061 	 -9.8706 	 0.0000 	 1.3149 	 2.5315 	 0.0000 
36.0000 	 0.0485 	 3.1500 	 13.3264 	 0.0000 	 9.4775 	 3.3804 	 793.6331 	 36.0000 	 2.0755 	 1.6086 	 -4.3248 	 0.0000 	 2.4119 	 8.1760 	 0.0114 
29.0000 	 0.2690 	 12.9629 	 13.3325 	 0.0000 	 5.2660 	 3.3955 	 793.6384 	 29.0000 	 1.2822 	 1.7933 	 -5.4561 	 0.0000 	 0.5436 	 9.0050 	 0.0000 
35.0000 	 0.3854 	 2.5000 	 13.3447 	 0.0000 	 0.2578 	 3.3826 	 793.6098 	 35.0000 	 0.2154 	 9.3723 	 3.8390 	 0.0000 	 0.9479 	 4.0688 	 0.0095 
30.0000 	 0.0044 	 1.7688 	 13.3326 	 0.0000 	 -5.9391 	 3.3949 	 793.6384 	 30.0000 	 0.5921 	 8.2842 	 -9.4288 	 0.0000 	 -1.7883 	 0.7092 	 0.0000 
36.0000 	 0.0032 	 34.3971 	 13.3326 	 0.0000 	 2.7709 	 3.3935 	 793.6374 	 36.0000 	 1.3097 	 1.7003 	 -6.4921 	 0.0000 	 1.7425 	 6.0259 	 0.0000 
34.0000 	 0.1539 	 67.7819 	 13.3349 	 0.0000 	 5.1198 	 3.3981 	 793.6387 	 34.0000 	 1.4241 	 5.7457 	 -8.1635 	 0.0000 	 1.9688 	 9.3918 	 0.0000 
33.0000 	 0.0520 	 30.7334 	 13.3331 	 0.0000 	 -1.5372 	 3.3949 	 793.6384 	 33.0000 	 1.0241 	 1.8524 	 8.0288 	 0.0000 	 0.2630 	 4.8167 	 0.0000 
28.0000 	 0.1079 	 35.4435 	 13.3322 	 0.0000 	 9.7999 	 3.3946 	 793.6384 	 28.0000 	 1.9155 	 3.1050 	 -9.5965 	 0.0000 	 2.5385 	 7.0502 	 0.0000 
28.0000 	 0.0216 	 11.0100 	 13.3317 	 0.0000 	 -2.6962 	 3.3928 	 793.6385 	 28.0000 	 1.8905 	 1.0917 	 -1.8165 	 0.0000 	 -1.4444 	 5.4338 	 0.0000 
34.0000 	 0.2079 	 3.3639 	 13.3331 	 0.0000 	 3.8462 	 3.3957 	 793.6385 	 34.0000 	 0.9174 	 9.4924 	 1.3370 	 0.0000 	 2.1867 	 0.1249 	 0.0000 
29.0000 	 0.0027 	 72.3657 	 13.3324 	 0.0000 	 -2.6440 	 3.3952 	 793.6384 	 29.0000 	 1.4022 	 7.8154 	 -4.2585 	 0.0000 	 -0.9653 	 3.7578 	 0.0000 
32.0000 	 0.0064 	 6.6736 	 13.3350 	 0.0000 	 6.3369 	 3.3923 	 793.6386 	 32.0000 	 0.2353 	 3.3809 	 -0.9732 	 0.0000 	 0.6793 	 9.1605 	 0.0000 
33.0000 	 0.7187 	 0.2891 	 13.3548 	 0.0000 	 -5.8560 	 3.3790 	 793.6317 	 33.0000 	 1.8574 	 4.2554 	 -7.2385 	 0.0000 	 -0.8377 	 2.7858 	 0.0004 
25.0000 	 0.0180 	 13.5925 	 13.3984 	 0.0000 	 9.4827 	 3.5156 	 793.4544 	 25.0000 	 1.9665 	 6.6361 	 -4.4788 	 0.0000 	 -1.9717 	 0.9045 	 0.0088 
29.0000 	 0.0050 	 29.0268 	 13.3350 	 0.0000 	 8.3901 	 3.3954 	 793.6385 	 29.0000 	 2.2828 	 2.6314 	 7.0393 	 0.0000 	 0.8964 	 7.5681 	 0.0000 
25.0000 	 0.0028 	 7.0117 	 13.3325 	 0.0000 	 6.8024 	 3.3951 	 793.6385 	 25.0000 	 2.3844 	 9.0875 	 -4.5490 	 0.0000 	 2.3698 	 7.1428 	 0.0000 
28.0000 	 0.0028 	 9.6237 	 13.3319 	 0.0000 	 -7.0988 	 3.3939 	 793.6384 	 28.0000 	 1.5489 	 6.9300 	 1.7425 	 0.0000 	 -2.2033 	 2.3061 	 0.0000 
32.0000 	 0.0270 	 36.0559 	 13.3325 	 0.0000 	 7.4927 	 3.3960 	 793.6231 	 32.0000 	 1.8873 	 7.5816 	 3.7526 	 0.0000 	 -1.9715 	 7.8540 	 0.0000 
35.0000 	 0.0167 	 3.3759 	 13.3319 	 0.0000 	 0.4662 	 3.3953 	 793.6384 	 35.0000 	 0.9350 	 1.4595 	 -4.9569 	 0.0000 	 2.6146 	 2.2225 	 0.0000 
28.0000 	 0.0143 	 3.9980 	 13.3333 	 0.0000 	 -0.3071 	 3.3949 	 793.6384 	 28.0000 	 0.6295 	 4.8630 	 -7.2088 	 0.0000 	 -1.7370 	 4.7861 	 0.0000 
30.0000 	 1.3547 	 57.3458 	 18.3880 	 0.0000 	 7.9590 	 0.5675 	 740.0521 	 30.0000 	 1.0185 	 1.9328 	 8.2744 	 0.0000 	 -1.7704 	 0.5370 	 0.0413 
40.0000 	 0.2281 	 8.7570 	 13.3621 	 0.0000 	 -4.1922 	 3.3819 	 793.6530 	 40.0000 	 0.0867 	 9.4447 	 -3.0188 	 0.0000 	 0.3905 	 9.4354 	 0.0000 
28.0000 	 0.0771 	 1.0043 	 13.3334 	 0.0000 	 -8.1999 	 3.3953 	 793.6385 	 28.0000 	 2.7114 	 7.0580 	 -4.5458 	 0.0000 	 2.3399 	 3.1432 	 0.0000 
24.0000 	 0.0038 	 95.9995 	 13.3130 	 0.0000 	 8.1079 	 3.3990 	 793.6435 	 24.0000 	 1.0043 	 4.3285 	 5.2119 	 0.0000 	 0.2961 	 9.2881 	 0.0000 
30.0000 	 0.0248 	 7.9358 	 13.3167 	 0.0000 	 -8.6541 	 3.3948 	 793.5900 	 30.0000 	 2.1770 	 8.2006 	 -6.6327 	 0.0000 	 -1.2107 	 3.6888 	 0.0015 
31.0000 	 1.5861 	 20.3769 	 18.4928 	 0.0000 	 1.4012 	 0.4894 	 746.9883 	 31.0000 	 1.0626 	 4.6423 	 -6.4369 	 0.0000 	 1.0356 	 4.6063 	 0.0451 
35.0000 	 0.0060 	 44.7845 	 13.3320 	 0.0000 	 8.7563 	 3.3963 	 793.6385 	 35.0000 	 0.7019 	 4.6611 	 -7.6264 	 0.0000 	 2.8136 	 3.1808 	 0.0000 
24.0000 	 0.0116 	 0.4896 	 13.3330 	 0.0000 	 -2.5418 	 3.3947 	 793.6384 	 24.0000 	 2.9439 	 5.5871 	 7.4321 	 0.0000 	 2.1181 	 5.7035 	 0.0000 
22.0000 	 0.0035 	 2.9007 	 13.3337 	 0.0000 	 -4.6835 	 3.3960 	 793.6385 	 22.0000 	 2.4889 	 1.4432 	 -3.0067 	 0.0000 	 -0.2593 	 3.1087 	 0.0000 
27.0000 	 0.5984 	 0.0000 	 13.3463 	 0.0000 	 0.9534 	 3.3843 	 793.6299 	 27.0000 	 1.6605 	 8.8055 	 6.5029 	 0.0000 	 -1.5017 	 3.3218 	 0.0005 
35.0000 	 0.0264 	 69.7881 	 13.3324 	 0.0000 	 -7.0386 	 3.3967 	 793.6382 	 35.0000 	 0.6442 	 7.7667 	 0.0762 	 0.0000 	 -2.0539 	 2.0698 	 0.0000 
25.0000 	 0.0028 	 30.2868 	 13.3319 	 0.0000 	 6.0967 	 3.3956 	 793.6385 	 25.0000 	 2.1747 	 2.6185 	 3.3575 	 0.0000 	 -2.5372 	 7.3785 	 0.0000 
27.0000 	 0.0336 	 0.0607 	 13.3328 	 0.0000 	 -2.6408 	 3.3949 	 793.6384 	 27.0000 	 0.8007 	 3.2274 	 -3.1496 	 0.0000 	 1.2716 	 6.3298 	 0.0000 
24.0000 	 0.0637 	 7.0215 	 13.2422 	 0.0000 	 1.3857 	 3.3936 	 792.9414 	 24.0000 	 1.0569 	 4.2072 	 8.5139 	 0.0000 	 0.2922 	 3.5399 	 0.1101 
32.0000 	 0.4471 	 17.0266 	 13.3260 	 0.0000 	 -5.6823 	 3.3906 	 793.4632 	 32.0000 	 2.4849 	 2.5044 	 0.4125 	 0.0000 	 1.0167 	 6.6390 	 0.0038 
22.0000 	 0.0513 	 0.6018 	 13.3321 	 0.0000 	 -3.0341 	 3.3941 	 793.6384 	 22.0000 	 0.2551 	 5.3876 	 -7.9069 	 0.0000 	 0.4019 	 9.7389 	 0.0000 
31.0000 	 0.1499 	 44.7305 	 13.4131 	 0.0000 	 8.8715 	 3.3911 	 793.7178 	 31.0000 	 0.5158 	 6.5369 	 -3.5981 	 0.0000 	 -0.8846 	 2.5106 	 0.0011 
30.0000 	 0.0127 	 22.1783 	 13.3302 	 0.0000 	 9.2554 	 3.3922 	 793.6386 	 30.0000 	 0.8927 	 4.4908 	 -7.4146 	 0.0000 	 1.7474 	 9.9864 	 0.0000 
27.0000 	 0.0240 	 0.4679 	 13.3322 	 0.0000 	 8.0775 	 3.3951 	 793.6384 	 27.0000 	 2.3435 	 0.8379 	 9.3976 	 0.0000 	 -1.2902 	 4.9955 	 0.0000 
24.0000 	 0.0089 	 15.7754 	 13.3328 	 0.0000 	 8.6214 	 3.3959 	 793.6385 	 24.0000 	 0.0567 	 8.6313 	 4.6214 	 0.0000 	 1.4252 	 3.9802 	 0.0000 
25.0000 	 0.5425 	 7.6404 	 13.3649 	 0.0000 	 2.4038 	 3.3774 	 793.6789 	 25.0000 	 0.9350 	 3.2009 	 0.5222 	 0.0000 	 2.9589 	 9.2345 	 0.0005 
32.0000 	 0.0565 	 8.8093 	 13.3328 	 0.0000 	 4.0658 	 3.3972 	 793.6386 	 32.0000 	 0.5468 	 7.5643 	 -3.3612 	 0.0000 	 -1.7832 	 0.7335 	 0.0000 
23.0000 	 0.0025 	 20.5533 	 13.3417 	 0.0000 	 -7.3925 	 3.3969 	 793.5911 	 23.0000 	 0.1339 	 1.0561 	 -7.3515 	 0.0000 	 1.3980 	 4.4203 	 0.0006 
29.0000 	 0.0027 	 6.9792 	 13.3323 	 0.0000 	 8.2595 	 3.3949 	 793.6384 	 29.0000 	 2.0124 	 7.1594 	 5.8624 	 0.0000 	 -1.2287 	 7.1725 	 0.0000 
23.0000 	 0.0051 	 5.7828 	 13.3329 	 0.0000 	 -8.2909 	 3.3949 	 793.6384 	 23.0000 	 1.4272 	 5.3117 	 -7.8991 	 0.0000 	 2.7014 	 9.9619 	 0.0000 
24.0000 	 0.1625 	 96.3843 	 13.3252 	 0.0000 	 3.3120 	 3.3813 	 793.5110 	 24.0000 	 0.7429 	 4.3269 	 3.1201 	 0.0000 	 2.9780 	 3.0743 	 0.0109 
23.0000 	 0.0954 	 0.0000 	 13.3301 	 0.0000 	 9.8994 	 3.3936 	 793.6385 	 23.0000 	 0.8755 	 2.9143 	 1.4116 	 0.0000 	 -2.5225 	 3.0280 	 0.0000 
28.0000 	 0.0044 	 10.0396 	 13.3328 	 0.0000 	 -1.9335 	 3.3953 	 793.6384 	 28.0000 	 0.1935 	 0.9915 	 5.5541 	 0.0000 	 -0.2697 	 4.2594 	 0.0000 
30.0000 	 0.3368 	 11.1621 	 13.3252 	 0.0000 	 -4.8252 	 3.4729 	 792.5157 	 30.0000 	 0.1059 	 5.4285 	 -8.8302 	 0.0000 	 -1.4401 	 1.7274 	 0.0145 
30.0000 	 0.0668 	 0.0648 	 13.3320 	 0.0000 	 -1.0462 	 3.4088 	 793.6431 	 30.0000 	 1.2136 	 2.2464 	 -8.1464 	 0.0000 	 -2.8266 	 7.7514 	 0.0000 
28.0000 	 1.5020 	 19.8440 	 18.6041 	 0.0000 	 1.0968 	 0.4010 	 748.2129 	 28.0000 	 1.9155 	 1.8972 	 -2.5896 	 0.0000 	 0.1717 	 9.5280 	 0.0390 
26.0000 	 0.0034 	 4.0200 	 13.3319 	 0.0000 	 -7.2754 	 3.3940 	 793.6383 	 26.0000 	 1.1701 	 7.5163 	 8.2041 	 0.0000 	 -2.9778 	 3.7305 	 0.0000 
19.0000 	 0.0675 	 2.0557 	 13.3321 	 0.0000 	 4.3353 	 3.3940 	 793.6384 	 19.0000 	 1.8691 	 4.1664 	 6.7531 	 0.0000 	 2.3767 	 8.1413 	 0.0000 
28.0000 	 0.0816 	 0.7849 	 13.3335 	 0.0000 	 -9.1021 	 3.3944 	 793.6384 	 28.0000 	 0.5160 	 3.8853 	 9.5487 	 0.0000 	 -1.7620 	 3.7917 	 0.0000 
22.0000 	 0.0033 	 38.2202 	 13.3325 	 0.0000 	 8.5283 	 3.3945 	 793.6384 	 22.0000 	 0.7200 	 6.0094 	 5.4456 	 0.0000 	 -1.3593 	 9.8219 	 0.0000 
33.0000 	 0.3600 	 7.1321 	 13.2927 	 0.0000 	 3.7032 	 3.4261 	 793.6801 	 33.0000 	 0.5185 	 8.8763 	 -8.3878 	 0.0000 	 -2.9883 	 3.7367 	 0.0000 
34.0000 	 0.0510 	 11.2085 	 13.5254 	 0.0000 	 3.2900 	 3.3008 	 794.3268 	 34.0000 	 1.2039 	 9.5106 	 9.4232 	 0.0000 	 -0.0219 	 6.4369 	 0.0000 
34.0000 	 0.0066 	 0.4449 	 13.3348 	 0.0000 	 -2.7256 	 3.3961 	 793.6385 	 34.0000 	 2.8209 	 5.9963 	 6.1491 	 0.0000 	 0.5999 	 1.0496 	 0.0000 
31.0000 	 0.2947 	 7.5635 	 13.3301 	 0.0000 	 0.1113 	 3.4033 	 793.6399 	 31.0000 	 2.8199 	 5.7211 	 4.6922 	 0.0000 	 2.1934 	 7.8089 	 0.0000 
34.0000 	 0.0453 	 1.2852 	 13.3299 	 0.0000 	 3.9406 	 3.3926 	 793.6387 	 34.0000 	 0.0827 	 2.7294 	 -8.6006 	 0.0000 	 2.2941 	 1.4542 	 0.0000 
29.0000 	 1.2923 	 69.4744 	 18.3393 	 0.0000 	 10.0000 	 0.7168 	 742.4729 	 29.0000 	 1.2117 	 5.1990 	 -0.8726 	 0.0000 	 0.2100 	 4.4461 	 0.0286 
27.0000 	 0.1283 	 11.0129 	 13.2869 	 0.0000 	 -1.1008 	 3.4200 	 793.6780 	 27.0000 	 0.0999 	 8.5533 	 0.0817 	 0.0000 	 -2.7006 	 5.5212 	 0.0000 
25.0000 	 0.0786 	 20.9274 	 13.2904 	 0.0000 	 7.9149 	 3.4213 	 793.6760 	 25.0000 	 0.3299 	 3.1961 	 7.8566 	 0.0000 	 0.1758 	 9.3193 	 0.0000 
17.0000 	 0.0935 	 6.2323 	 13.3320 	 0.0000 	 -4.5214 	 3.3943 	 793.6376 	 17.0000 	 2.3549 	 7.1090 	 4.2377 	 0.0000 	 -0.4110 	 2.7820 	 0.0000 
17.0000 	 0.0074 	 3.6783 	 13.3324 	 0.0000 	 9.6103 	 3.3947 	 793.6384 	 17.0000 	 1.3619 	 8.7460 	 3.9774 	 0.0000 	 2.0875 	 0.6712 	 0.0000 
25.0000 	 0.2614 	 9.9071 	 13.3382 	 0.0000 	 -3.6876 	 3.3922 	 793.6390 	 25.0000 	 1.2984 	 4.7283 	 7.9609 	 0.0000 	 -1.5340 	 3.7132 	 0.0000 
29.0000 	 0.0037 	 17.7718 	 13.3368 	 0.0000 	 -9.8404 	 3.3871 	 793.6402 	 29.0000 	 1.5160 	 3.1070 	 5.6448 	 0.0000 	 2.8137 	 5.7943 	 0.0000 
25.0000 	 0.0036 	 6.2022 	 13.3512 	 0.0000 	 -8.7593 	 3.3974 	 793.6378 	 25.0000 	 1.9542 	 9.6948 	 -5.5393 	 0.0000 	 -2.0190 	 9.3639 	 0.0000 
12.0000 	 0.0149 	 21.6556 	 13.3324 	 0.0000 	 9.9715 	 3.3955 	 793.6384 	 12.0000 	 1.0574 	 0.3673 	 -6.0456 	 0.0000 	 0.6052 	 8.0115 	 0.0000 
16.0000 	 0.0043 	 4.5098 	 13.3333 	 0.0000 	 8.5872 	 3.3962 	 793.6385 	 16.0000 	 1.6551 	 6.7718 	 -6.5375 	 0.0000 	 0.2760 	 9.5055 	 0.0000 
26.0000 	 0.1827 	 13.5235 	 13.3301 	 0.0000 	 2.5771 	 3.3939 	 793.6385 	 26.0000 	 1.2375 	 1.1294 	 1.6023 	 0.0000 	 -1.1925 	 1.5617 	 0.0000 
25.0000 	 0.0104 	 0.0724 	 13.3324 	 0.0000 	 -1.0569 	 3.3941 	 793.6384 	 25.0000 	 0.8947 	 6.3247 	 1.3574 	 0.0000 	 -1.1739 	 0.8131 	 0.0000 
18.0000 	 0.3131 	 5.7632 	 13.3376 	 0.0000 	 -2.9468 	 3.3931 	 793.6492 	 18.0000 	 2.7985 	 1.2705 	 6.8094 	 0.0000 	 -1.4953 	 6.1601 	 0.0002 
12.0000 	 0.1220 	 8.3344 	 13.3978 	 0.0000 	 6.5797 	 3.4045 	 793.6941 	 12.0000 	 0.5624 	 5.9292 	 -7.4255 	 0.0000 	 2.7582 	 5.2650 	 0.0000 
26.0000 	 0.0156 	 10.3860 	 13.3252 	 0.0000 	 8.0916 	 3.4004 	 793.6398 	 26.0000 	 2.0091 	 4.9210 	 -8.6436 	 0.0000 	 -0.4919 	 4.5847 	 0.0000 
37.0000 	 0.3748 	 4.1089 	 13.3328 	 0.0000 	 -1.0775 	 3.4023 	 793.6397 	 37.0000 	 2.8604 	 5.9292 	 2.2857 	 0.0000 	 2.7193 	 3.8137 	 0.0000 
20.0000 	 0.0110 	 23.7843 	 13.3318 	 0.0000 	 -4.8733 	 3.3978 	 793.6386 	 20.0000 	 0.8647 	 4.4484 	 -5.5102 	 0.0000 	 -1.1472 	 5.8878 	 0.0000 
17.0000 	 0.0060 	 18.8770 	 13.3496 	 0.0000 	 5.2207 	 3.3398 	 793.7158 	 17.0000 	 0.6172 	 4.7656 	 2.4534 	 0.0000 	 -0.3945 	 8.0540 	 0.0002 
22.0000 	 0.0025 	 3.3519 	 13.3327 	 0.0000 	 -8.6129 	 3.3945 	 793.6384 	 22.0000 	 0.7372 	 4.5978 	 6.2869 	 0.0000 	 1.7479 	 6.3894 	 0.0000 
22.0000 	 0.3914 	 0.0000 	 13.3350 	 0.0000 	 0.1970 	 3.3569 	 793.5832 	 22.0000 	 1.6221 	 6.1652 	 -3.4663 	 0.0000 	 2.3036 	 8.0667 	 0.0199 
23.0000 	 0.0478 	 9.4488 	 13.2422 	 0.0000 	 -5.9919 	 3.2666 	 793.3846 	 23.0000 	 1.1085 	 7.6652 	 -4.4474 	 0.0000 	 2.9772 	 5.3559 	 0.0000 
16.0000 	 0.0030 	 1.9348 	 13.3326 	 0.0000 	 -6.2621 	 3.3945 	 793.6384 	 16.0000 	 1.6357 	 9.2804 	 -5.4718 	 0.0000 	 -0.7722 	 5.4291 	 0.0000 
19.0000 	 0.0352 	 6.7481 	 13.3325 	 0.0000 	 9.8290 	 3.3966 	 793.6361 	 19.0000 	 2.6037 	 2.5351 	 -4.1294 	 0.0000 	 -0.3874 	 5.7770 	 0.0000 
23.0000 	 0.2703 	 2.2819 	 13.3348 	 0.0000 	 8.7734 	 3.4023 	 793.6398 	 23.0000 	 2.4179 	 5.1943 	 -4.4559 	 0.0000 	 1.2989 	 5.5749 	 0.0000 
13.0000 	 0.0379 	 2.1465 	 13.3325 	 0.0000 	 4.8018 	 3.3945 	 793.6384 	 13.0000 	 1.6470 	 5.1184 	 2.6770 	 0.0000 	 1.7717 	 5.1218 	 0.0000 
16.0000 	 0.1270 	 11.0686 	 13.3330 	 0.0000 	 3.3955 	 3.3935 	 793.6383 	 16.0000 	 1.6862 	 6.1209 	 8.2618 	 0.0000 	 1.3508 	 9.5743 	 0.0000 
24.0000 	 1.2622 	 39.7329 	 18.6067 	 0.0000 	 5.0737 	 0.3551 	 741.2297 	 24.0000 	 2.3050 	 3.9124 	 5.3799 	 0.0000 	 -2.3702 	 1.5300 	 0.0369 
16.0000 	 0.0143 	 1.9950 	 13.3530 	 0.0000 	 -4.7318 	 3.4038 	 793.6455 	 16.0000 	 2.8561 	 8.6486 	 5.4040 	 0.0000 	 -2.9457 	 8.3487 	 0.0000 
10.0000 	 0.0241 	 8.2900 	 13.3331 	 0.0000 	 -2.2131 	 3.3947 	 793.6384 	 10.0000 	 2.1632 	 2.3280 	 1.3276 	 0.0000 	 0.0159 	 0.2277 	 0.0000 
13.0000 	 0.0375 	 10.1562 	 13.4064 	 0.0000 	 7.9252 	 3.3966 	 793.6114 	 13.0000 	 2.9801 	 5.0835 	 4.4499 	 0.0000 	 2.7202 	 9.9218 	 0.0402 
37.0000 	 0.0049 	 36.8409 	 13.3320 	 0.0000 	 -8.4465 	 3.3969 	 786.8572 	 37.0000 	 2.7718 	 2.4188 	 6.7808 	 0.0000 	 1.1113 	 4.3280 	 0.0000 
31.0000 	 0.0427 	 0.0699 	 13.3273 	 0.0000 	 1.3031 	 3.3937 	 793.6388 	 31.0000 	 1.9244 	 4.2410 	 5.0748 	 0.0000 	 -0.8281 	 2.8040 	 0.0000 
28.0000 	 0.0057 	 28.2211 	 13.3333 	 0.0000 	 -3.7409 	 3.3945 	 793.6384 	 28.0000 	 0.9761 	 9.6918 	 -1.9342 	 0.0000 	 2.6706 	 2.1185 	 0.0000 
32.0000 	 0.0774 	 25.9239 	 13.3326 	 0.0000 	 -8.0041 	 3.3955 	 793.6384 	 32.0000 	 0.0014 	 6.9858 	 0.7718 	 0.0000 	 -0.0958 	 6.5910 	 0.0000 
32.0000 	 0.0053 	 14.6977 	 13.3313 	 0.0000 	 -2.1657 	 3.3939 	 793.6385 	 32.0000 	 2.3064 	 9.3803 	 1.0392 	 0.0000 	 2.1326 	 2.3727 	 0.0000 
18.0000 	 0.0357 	 9.3600 	 13.3324 	 0.0000 	 -3.0889 	 3.3952 	 793.6384 	 18.0000 	 0.7300 	 4.9813 	 -1.5690 	 0.0000 	 2.0240 	 3.0564 	 0.0000 
7.0000 	 0.0161 	 2.6685 	 13.3472 	 0.0000 	 9.9816 	 3.3854 	 793.6431 	 7.0000 	 1.5861 	 9.6264 	 8.9722 	 0.0000 	 -1.9380 	 2.9662 	 0.0000 
7.0000 	 0.1845 	 0.0001 	 13.3797 	 0.0000 	 -5.0629 	 3.3544 	 793.5468 	 7.0000 	 1.7838 	 3.4737 	 6.6123 	 0.0000 	 2.9323 	 9.8768 	 0.0004 
13.0000 	 0.3633 	 0.0000 	 13.3689 	 0.0000 	 9.9886 	 3.3662 	 793.5989 	 13.0000 	 0.5481 	 0.8645 	 0.2020 	 0.0000 	 2.3695 	 5.5528 	 0.0004 
17.0000 	 0.0846 	 36.7133 	 13.3252 	 0.0000 	 -3.5856 	 3.3447 	 793.5394 	 17.0000 	 0.8468 	 5.0185 	 0.2928 	 0.0000 	 -2.6612 	 3.4428 	 0.0000 
11.0000 	 0.0051 	 0.4118 	 13.3333 	 0.0000 	 -2.0062 	 3.3923 	 793.6386 	 11.0000 	 1.4817 	 0.0296 	 -4.9393 	 0.0000 	 0.4262 	 1.9241 	 0.0000 
32.0000 	 0.1791 	 4.2273 	 13.3331 	 0.0000 	 4.6276 	 3.3945 	 793.6384 	 32.0000 	 0.3152 	 6.9386 	 -8.1699 	 0.0000 	 1.4422 	 6.2523 	 0.0000 
10.0000 	 0.0028 	 15.9396 	 13.3333 	 0.0000 	 0.7652 	 3.3937 	 793.6385 	 10.0000 	 1.4647 	 6.4643 	 5.6706 	 0.0000 	 0.1862 	 9.2250 	 0.0000 
16.0000 	 0.0399 	 12.2250 	 13.3324 	 0.0000 	 -2.2309 	 3.3942 	 793.6384 	 16.0000 	 1.7571 	 2.9606 	 -2.7419 	 0.0000 	 -0.7644 	 1.2631 	 0.0000 
23.0000 	 0.1146 	 2.0303 	 13.3369 	 0.0000 	 -1.8261 	 3.4061 	 793.6041 	 23.0000 	 0.0827 	 5.7756 	 -0.5648 	 0.0000 	 -1.3701 	 4.6936 	 0.0000 
10.0000 	 0.0704 	 3.5094 	 13.3325 	 0.0000 	 -0.1458 	 3.3949 	 793.6385 	 10.0000 	 0.0590 	 5.2381 	 -2.0840 	 0.0000 	 -2.5053 	 7.4753 	 0.0000 
16.0000 	 0.0034 	 0.0631 	 13.3328 	 0.0000 	 -4.7666 	 3.3945 	 793.6383 	 16.0000 	 2.4559 	 2.7412 	 -6.5122 	 0.0000 	 -2.3072 	 5.7975 	 0.0000 
4.0000 	 0.0067 	 9.6984 	 13.3334 	 0.0000 	 -8.8723 	 3.3946 	 793.6405 	 4.0000 	 1.8042 	 7.4879 	 6.3714 	 0.0000 	 -2.3786 	 6.8077 	 0.0000 
12.0000 	 0.0025 	 5.4037 	 13.3330 	 0.0000 	 6.6107 	 3.3952 	 793.6384 	 12.0000 	 2.6346 	 6.7936 	 2.7673 	 0.0000 	 -2.3330 	 5.4438 	 0.0002 
14.0000 	 0.0787 	 90.6836 	 13.3032 	 0.0000 	 9.0293 	 3.4167 	 793.6617 	 14.0000 	 0.0501 	 0.3431 	 4.1769 	 0.0000 	 0.6544 	 4.6610 	 0.0011 
4.0000 	 0.0433 	 0.1116 	 13.3383 	 0.0000 	 8.7404 	 3.3932 	 793.5825 	 4.0000 	 2.5135 	 0.0746 	 8.3902 	 0.0000 	 1.5349 	 3.1123 	 0.0000 
10.0000 	 0.0038 	 19.9536 	 13.3374 	 0.0000 	 4.6589 	 3.3960 	 793.6387 	 10.0000 	 2.4036 	 7.6787 	 -3.6924 	 0.0000 	 1.1049 	 9.8364 	 0.0000 
34.0000 	 0.0057 	 11.1779 	 13.3314 	 0.0000 	 -6.3562 	 3.3945 	 793.6384 	 34.0000 	 2.5048 	 0.0041 	 -8.6757 	 0.0000 	 -1.3845 	 7.2403 	 0.0000 
28.0000 	 0.0030 	 3.3554 	 13.3317 	 0.0000 	 8.5887 	 3.3942 	 793.6384 	 28.0000 	 0.4370 	 0.5344 	 -4.2835 	 0.0000 	 -2.1750 	 5.3347 	 0.0000 
27.0000 	 0.0277 	 17.7036 	 13.3341 	 0.0000 	 -7.4508 	 3.3941 	 793.6385 	 27.0000 	 1.7878 	 3.9986 	 -1.3443 	 0.0000 	 -0.7269 	 8.6090 	 0.0000 
34.0000 	 0.0077 	 5.2574 	 13.3328 	 0.0000 	 -9.2471 	 3.3957 	 793.6385 	 34.0000 	 0.7893 	 7.0546 	 -4.1329 	 0.0000 	 -0.9659 	 3.7280 	 0.0000 
27.0000 	 0.0219 	 3.1073 	 13.3325 	 0.0000 	 3.0705 	 3.3965 	 793.6385 	 27.0000 	 0.9212 	 1.7519 	 -6.7782 	 0.0000 	 -2.8351 	 5.5173 	 0.0000 
6.0000 	 0.1470 	 0.0000 	 13.3876 	 0.0000 	 2.7570 	 3.3439 	 793.5341 	 6.0000 	 1.8964 	 2.2862 	 9.7164 	 0.0000 	 -1.3934 	 6.3617 	 0.0004 
17.0000 	 0.0067 	 4.9709 	 13.3330 	 0.0000 	 -2.4590 	 3.3946 	 793.6384 	 17.0000 	 0.4268 	 9.4126 	 -6.1154 	 0.0000 	 1.2472 	 2.2659 	 0.0000 
13.0000 	 0.0025 	 21.2830 	 13.3342 	 0.0000 	 4.9342 	 3.3945 	 793.6385 	 13.0000 	 1.6706 	 0.5033 	 1.0109 	 0.0000 	 -1.8407 	 9.8174 	 0.0000 
7.0000 	 0.0031 	 0.4790 	 13.3335 	 0.0000 	 2.3141 	 3.3958 	 793.6384 	 7.0000 	 0.2510 	 5.5923 	 -6.8587 	 0.0000 	 -2.9545 	 1.5827 	 0.0000 
1.0000 	 0.0025 	 0.0000 	 13.5943 	 0.0000 	 -1.8100 	 3.1708 	 803.3805 	 1.0000 	 2.2540 	 0.9914 	 -6.0369 	 0.0000 	 -0.8603 	 8.9785 	 0.0110 
9.0000 	 0.0193 	 40.7638 	 13.3319 	 0.0000 	 -9.0781 	 3.3958 	 793.6363 	 9.0000 	 1.6736 	 0.8107 	 0.8228 	 0.0000 	 2.1557 	 2.9715 	 0.0000 
24.0000 	 0.4960 	 0.1141 	 13.3240 	 0.0000 	 7.0188 	 3.3463 	 793.6820 	 24.0000 	 1.0657 	 0.0681 	 -9.8025 	 0.0000 	 1.8300 	 5.1378 	 0.0002 
1.0000 	 2.2730 	 2.9516 	 7.9465 	 0.0000 	 3.4658 	 3.1968 	 855.0095 	 1.0000 	 1.5093 	 8.8842 	 9.7590 	 0.0000 	 -2.5580 	 7.4188 	 0.3957 
19.0000 	 0.7525 	 0.2246 	 13.3569 	 0.0000 	 -2.5400 	 3.5437 	 786.2916 	 19.0000 	 2.8955 	 7.6003 	 6.7500 	 0.0000 	 1.6973 	 5.9696 	 0.2970 
17.0000 	 0.2756 	 0.0000 	 13.3320 	 0.0000 	 8.1963 	 3.3950 	 793.6373 	 17.0000 	 2.1743 	 0.9837 	 0.8612 	 0.0000 	 -0.0290 	 3.9219 	 0.0000 
11.0000 	 0.0970 	 2.2687 	 13.3298 	 0.0000 	 1.5521 	 3.3944 	 793.6386 	 11.0000 	 1.4581 	 8.5251 	 -0.7606 	 0.0000 	 -1.9768 	 7.0334 	 0.0002 
11.0000 	 0.0187 	 12.4778 	 13.3325 	 0.0000 	 -9.0666 	 3.3949 	 793.6384 	 11.0000 	 0.2311 	 2.4945 	 5.6485 	 0.0000 	 -0.7175 	 3.9243 	 0.0000 
12.0000 	 0.0618 	 7.0434 	 13.3323 	 0.0000 	 -3.7677 	 3.3947 	 793.6385 	 12.0000 	 1.6550 	 4.9994 	 -8.9847 	 0.0000 	 -2.9000 	 5.7636 	 0.0000 
10.0000 	 0.0219 	 9.9023 	 13.3336 	 0.0000 	 2.9348 	 3.3948 	 793.5928 	 10.0000 	 2.2644 	 4.5914 	 9.2686 	 0.0000 	 0.2332 	 6.5329 	 0.0049 
5.0000 	 0.0435 	 0.0000 	 13.3905 	 0.0000 	 -4.8803 	 3.3932 	 793.6677 	 5.0000 	 2.7263 	 9.8792 	 -5.8220 	 0.0000 	 2.1361 	 8.3749 	 0.0001 
15.0000 	 0.0757 	 18.5503 	 13.3336 	 0.0000 	 8.7750 	 3.3943 	 793.6383 	 15.0000 	 0.9194 	 4.4918 	 -3.9129 	 0.0000 	 1.0371 	 6.0414 	 0.0000 
12.0000 	 0.2057 	 7.5024 	 13.4888 	 0.0000 	 7.4641 	 3.3716 	 793.9590 	 12.0000 	 1.1176 	 1.6467 	 5.5657 	 0.0000 	 2.1820 	 7.5394 	 0.0002 
12.0000 	 0.0033 	 6.9135 	 13.3333 	 0.0000 	 -0.5385 	 3.3943 	 793.6384 	 12.0000 	 2.7834 	 4.8238 	 5.7404 	 0.0000 	 0.3829 	 1.4893 	 0.0000 
24.0000 	 0.0156 	 53.3030 	 13.3337 	 0.0000 	 -9.9033 	 3.3825 	 793.6421 	 24.0000 	 1.6277 	 2.3965 	 -4.0170 	 0.0000 	 -0.8682 	 7.2161 	 0.0000 
10.0000 	 0.0141 	 8.7842 	 13.3301 	 0.0000 	 -0.9170 	 3.3936 	 793.6389 	 10.0000 	 2.6296 	 9.6104 	 -8.0981 	 0.0000 	 -2.4017 	 2.3189 	 0.0000 
8.0000 	 0.0211 	 6.0289 	 13.3304 	 0.0000 	 -5.3987 	 3.3947 	 793.6385 	 8.0000 	 1.2216 	 5.2916 	 -5.7935 	 0.0000 	 1.4614 	 7.8359 	 0.0000 
4.0000 	 0.0712 	 0.0000 	 13.3952 	 0.0000 	 2.9055 	 3.3446 	 793.4926 	 4.0000 	 0.5000 	 1.6954 	 -5.9662 	 0.0000 	 -2.4929 	 8.6309 	 0.0004 
12.0000 	 0.0075 	 10.5034 	 13.3326 	 0.0000 	 3.1842 	 3.3954 	 793.6384 	 12.0000 	 0.7472 	 2.0813 	 6.4389 	 0.0000 	 0.1895 	 3.3800 	 0.0000 
32.0000 	 0.0051 	 0.7182 	 13.3325 	 0.0000 	 1.1565 	 3.3950 	 793.6384 	 32.0000 	 1.5441 	 0.0447 	 0.9354 	 0.0000 	 -0.6431 	 0.7547 	 0.0000 
26.0000 	 0.0025 	 4.7276 	 13.3328 	 0.0000 	 3.2563 	 3.3937 	 793.6384 	 26.0000 	 1.0437 	 9.6576 	 -2.2189 	 0.0000 	 -2.8434 	 0.2116 	 0.0000 
6.0000 	 0.0249 	 13.7318 	 13.3298 	 0.0000 	 -3.5119 	 3.3978 	 793.6399 	 6.0000 	 1.7156 	 2.5052 	 -1.2527 	 0.0000 	 1.7143 	 4.1191 	 0.0000 
14.0000 	 0.0941 	 4.3875 	 13.3327 	 0.0000 	 -7.0637 	 3.3961 	 793.6384 	 14.0000 	 1.2394 	 6.0465 	 -5.6887 	 0.0000 	 2.8060 	 9.4420 	 0.0000 
4.0000 	 0.0080 	 6.0938 	 13.3349 	 0.0000 	 4.5459 	 3.3941 	 793.6396 	 4.0000 	 0.5257 	 4.7024 	 -4.7845 	 0.0000 	 -2.3427 	 9.4534 	 0.0000 
16.0000 	 0.1210 	 6.8191 	 13.3340 	 0.0000 	 6.0098 	 3.3949 	 793.6383 	 16.0000 	 0.6665 	 3.9879 	 -1.4334 	 0.0000 	 0.1937 	 8.9065 	 0.0000 
1.0000 	 0.0025 	 0.0000 	 13.5955 	 0.0000 	 7.9109 	 3.1671 	 803.3908 	 1.0000 	 1.4788 	 9.9410 	 -9.9777 	 0.0000 	 2.0973 	 1.4591 	 0.0103 
7.0000 	 0.0039 	 22.7880 	 13.3324 	 0.0000 	 -8.0952 	 3.3948 	 793.6385 	 7.0000 	 2.8504 	 2.4911 	 3.6192 	 0.0000 	 0.9500 	 9.6567 	 0.0000 
7.0000 	 5.9472 	 0.4321 	 7.5304 	 0.0000 	 6.4192 	 3.1677 	 867.2977 	 7.0000 	 2.7331 	 0.7703 	 7.6285 	 0.0000 	 -1.4957 	 3.2559 	 0.0520 
1.0000 	 0.0025 	 0.0036 	 13.6174 	 0.0000 	 -9.9951 	 3.1525 	 803.3217 	 1.0000 	 1.1826 	 1.7797 	 -9.0308 	 0.0000 	 -1.0134 	 7.6018 	 0.0131 
1.0000 	 1.8517 	 0.0000 	 7.0711 	 0.0000 	 5.1420 	 2.8863 	 853.9355 	 1.0000 	 2.3621 	 7.6938 	 -6.3649 	 0.0000 	 -1.2795 	 5.5127 	 0.4232 
5.0000 	 0.1094 	 0.0000 	 13.3892 	 0.0000 	 2.9824 	 3.3488 	 793.5139 	 5.0000 	 0.1001 	 1.5129 	 -6.5732 	 0.0000 	 2.9104 	 0.9528 	 0.0004 
23.0000 	 0.1386 	 10.4174 	 13.3328 	 0.0000 	 7.0723 	 3.3949 	 793.6384 	 23.0000 	 2.0594 	 6.4499 	 4.6277 	 0.0000 	 0.1744 	 4.1266 	 0.0000 
21.0000 	 0.0344 	 89.6653 	 13.3377 	 0.0000 	 6.2052 	 3.3940 	 793.6387 	 21.0000 	 2.1216 	 2.9294 	 -1.1089 	 0.0000 	 2.7479 	 7.3602 	 0.0000 
5.0000 	 0.1131 	 0.0000 	 13.3944 	 0.0000 	 0.6314 	 3.3435 	 793.5148 	 5.0000 	 2.2912 	 1.8161 	 9.0332 	 0.0000 	 -1.3272 	 8.5476 	 0.0004 
21.0000 	 0.0344 	 0.3786 	 13.3318 	 0.0000 	 1.2142 	 3.3934 	 793.6371 	 21.0000 	 0.2143 	 0.8940 	 2.1697 	 0.0000 	 -1.5096 	 3.2065 	 0.0000 
9.0000 	 0.0036 	 3.1297 	 13.3327 	 0.0000 	 3.1285 	 3.3949 	 793.6384 	 9.0000 	 2.0242 	 4.0325 	 -3.9887 	 0.0000 	 1.3005 	 8.3465 	 0.0000 
13.0000 	 0.0035 	 19.8011 	 13.3328 	 0.0000 	 8.1849 	 3.3943 	 793.6385 	 13.0000 	 2.9100 	 0.3471 	 2.6864 	 0.0000 	 0.6578 	 1.5600 	 0.0000 
4.0000 	 0.0724 	 0.0000 	 13.3965 	 0.0000 	 2.2914 	 3.3429 	 793.4921 	 4.0000 	 2.4723 	 3.8409 	 0.4358 	 0.0000 	 0.6357 	 0.6248 	 0.0004 
4.0000 	 0.0044 	 22.6404 	 13.3374 	 0.0000 	 9.2446 	 3.3936 	 793.6393 	 4.0000 	 2.3839 	 5.3958 	 8.0616 	 0.0000 	 -0.2383 	 1.3098 	 0.0000 
1.0000 	 0.0025 	 0.0000 	 13.5727 	 0.0000 	 -6.8436 	 3.1701 	 803.4135 	 1.0000 	 0.5216 	 4.5774 	 -7.2115 	 0.0000 	 -0.0909 	 0.2076 	 0.0109 
10.0000 	 0.0625 	 28.4580 	 13.3337 	 0.0000 	 -2.4756 	 3.3939 	 793.6386 	 10.0000 	 1.8944 	 7.9458 	 -9.3236 	 0.0000 	 1.1652 	 7.7235 	 0.0000 
3.0000 	 0.0352 	 0.0000 	 13.3999 	 0.0000 	 -1.8933 	 3.3397 	 793.4661 	 3.0000 	 0.1403 	 4.4508 	 -3.6465 	 0.0000 	 2.7978 	 9.3521 	 0.0003 
16.0000 	 0.0192 	 16.7315 	 13.3311 	 0.0000 	 -7.2671 	 3.3938 	 793.6384 	 16.0000 	 0.7921 	 1.0774 	 4.4753 	 0.0000 	 0.2197 	 0.2202 	 0.0000 
26.0000 	 0.4638 	 6.0182 	 13.3630 	 0.0000 	 0.7296 	 3.3552 	 793.6561 	 26.0000 	 2.5315 	 2.4694 	 -7.9925 	 0.0000 	 2.8448 	 3.7432 	 0.0002 
15.0000 	 0.0030 	 11.4395 	 13.3331 	 0.0000 	 5.5402 	 3.3951 	 793.6384 	 15.0000 	 2.3103 	 8.4169 	 -2.3512 	 0.0000 	 2.1377 	 2.1680 	 0.0000 
16.0000 	 0.0679 	 2.2510 	 13.3321 	 0.0000 	 -9.1103 	 3.3978 	 793.6386 	 16.0000 	 2.3566 	 9.6098 	 1.9138 	 0.0000 	 -1.0573 	 3.7697 	 0.0000 
26.0000 	 0.0038 	 1.7177 	 13.3325 	 0.0000 	 -4.0677 	 3.3946 	 793.6384 	 26.0000 	 2.8219 	 2.5800 	 8.3107 	 0.0000 	 -2.6346 	 7.3373 	 0.0000 
13.0000 	 0.0422 	 22.9639 	 13.2910 	 0.0000 	 3.6035 	 3.3545 	 793.4889 	 13.0000 	 2.5561 	 8.4047 	 -0.8841 	 0.0000 	 0.0068 	 4.3487 	 0.0201 
26.0000 	 0.1166 	 24.6096 	 13.3333 	 0.0000 	 7.7325 	 3.3944 	 793.6384 	 26.0000 	 2.9661 	 1.1969 	 -1.9307 	 0.0000 	 -1.2732 	 8.7171 	 0.0000 
15.0000 	 0.1849 	 6.0409 	 13.3341 	 0.0000 	 -1.6358 	 3.3953 	 793.6390 	 15.0000 	 1.5749 	 1.5428 	 -4.0630 	 0.0000 	 -0.3281 	 2.1939 	 0.0000 
21.0000 	 0.0057 	 7.9251 	 13.3319 	 0.0000 	 3.2680 	 3.3975 	 793.6386 	 21.0000 	 2.5536 	 2.2297 	 6.3909 	 0.0000 	 -1.5637 	 5.2939 	 0.0000 
10.0000 	 0.0176 	 11.8982 	 13.3484 	 0.0000 	 -9.9999 	 3.3908 	 793.6422 	 10.0000 	 0.9771 	 9.8261 	 4.1816 	 0.0000 	 0.9411 	 2.2206 	 0.0003 
21.0000 	 0.0616 	 12.2737 	 13.3287 	 0.0000 	 9.0130 	 3.3804 	 793.6437 	 21.0000 	 2.9679 	 8.8625 	 -7.0989 	 0.0000 	 0.9195 	 0.9098 	 0.0000 
14.0000 	 0.3856 	 0.0329 	 13.3622 	 0.0000 	 -7.9553 	 3.3675 	 793.6017 	 14.0000 	 2.8372 	 6.5676 	 2.4974 	 0.0000 	 -1.7072 	 9.3204 	 0.0004 
14.0000 	 0.0244 	 0.0496 	 13.3335 	 0.0000 	 -4.0628 	 3.3948 	 793.6384 	 14.0000 	 2.5254 	 7.3675 	 1.9288 	 0.0000 	 -2.9494 	 9.0137 	 0.0000 
21.0000 	 0.0026 	 16.3677 	 13.3325 	 0.0000 	 3.7524 	 3.3947 	 793.6384 	 21.0000 	 1.8189 	 4.7309 	 3.2774 	 0.0000 	 2.0487 	 6.7552 	 0.0000 
13.0000 	 0.3606 	 0.0000 	 13.3664 	 0.0000 	 0.0310 	 3.3659 	 793.5979 	 13.0000 	 2.4315 	 5.0132 	 3.7667 	 0.0000 	 1.5310 	 0.3402 	 0.0004 
3.0000 	 0.0026 	 3.6832 	 13.3322 	 0.0000 	 10.0000 	 3.3962 	 793.6395 	 3.0000 	 2.3261 	 8.7702 	 7.1310 	 0.0000 	 -1.9330 	 7.5044 	 0.0001 
7.0000 	 0.0160 	 50.2490 	 13.3327 	 0.0000 	 4.9817 	 3.3956 	 793.6384 	 7.0000 	 2.4977 	 5.9992 	 5.6151 	 0.0000 	 -0.4948 	 1.7061 	 0.0000 
20.0000 	 0.0148 	 1.1437 	 13.3275 	 0.0000 	 5.6326 	 3.3961 	 793.6388 	 20.0000 	 2.4575 	 1.9393 	 1.2641 	 0.0000 	 0.1821 	 7.8199 	 0.0000 
9.0000 	 0.0714 	 0.2112 	 13.3313 	 0.0000 	 -4.7531 	 3.4000 	 793.6392 	 9.0000 	 1.0147 	 9.4473 	 -8.1459 	 0.0000 	 -2.1087 	 9.4756 	 0.0009 
20.0000 	 0.0032 	 8.5571 	 13.3325 	 0.0000 	 -3.4849 	 3.3948 	 793.6384 	 20.0000 	 1.5297 	 1.0376 	 -5.0931 	 0.0000 	 -2.0720 	 4.8865 	 0.0000 
9.0000 	 0.0067 	 2.1487 	 13.3328 	 0.0000 	 -5.2723 	 3.3950 	 793.6384 	 9.0000 	 0.4770 	 4.4953 	 -9.3600 	 0.0000 	 0.0269 	 0.7777 	 0.0000 
10.0000 	 0.0544 	 3.2205 	 13.3545 	 0.0000 	 -5.3260 	 3.4079 	 793.6487 	 10.0000 	 0.9693 	 8.8076 	 -9.9413 	 0.0000 	 -2.2427 	 3.1182 	 0.0000 
4.0000 	 0.0025 	 7.7463 	 13.3335 	 0.0000 	 -8.8341 	 3.3947 	 793.6384 	 4.0000 	 1.9618 	 4.7667 	 -2.6239 	 0.0000 	 -2.7252 	 6.4496 	 0.0000 
20.0000 	 0.0694 	 21.9762 	 13.3347 	 0.0000 	 6.2256 	 3.4013 	 793.6395 	 20.0000 	 2.7250 	 6.1575 	 -1.9922 	 0.0000 	 -0.4267 	 3.0625 	 0.0000 
8.0000 	 0.0025 	 7.9971 	 13.3154 	 0.0000 	 7.9277 	 3.3963 	 793.6423 	 8.0000 	 0.3774 	 7.4959 	 -4.9956 	 0.0000 	 1.5181 	 7.3075 	 0.0004 
8.0000 	 0.0027 	 4.8899 	 13.3320 	 0.0000 	 -9.8493 	 3.3946 	 793.6384 	 8.0000 	 2.0929 	 7.3096 	 1.5052 	 0.0000 	 -0.1204 	 8.4996 	 0.0000 
7.0000 	 0.0040 	 2.3029 	 13.3326 	 0.0000 	 -3.6257 	 3.3944 	 793.6384 	 7.0000 	 0.4380 	 1.4847 	 -2.9448 	 0.0000 	 -0.8799 	 1.2337 	 0.0000 
1.0000 	 0.0025 	 0.0000 	 13.5756 	 0.0000 	 5.5200 	 3.1392 	 803.4279 	 1.0000 	 2.3684 	 4.9801 	 -8.2788 	 0.0000 	 -1.6739 	 8.2052 	 0.0130 
15.0000 	 0.0231 	 6.9241 	 13.3332 	 0.0000 	 3.3992 	 3.3959 	 793.6384 	 15.0000 	 0.0987 	 0.7583 	 -9.2405 	 0.0000 	 -1.6490 	 7.0725 	 0.0000 
15.0000 	 0.4101 	 0.0000 	 13.3595 	 0.0000 	 -6.4072 	 3.3711 	 793.6084 	 15.0000 	 2.1106 	 8.5635 	 -2.4538 	 0.0000 	 1.1674 	 4.4614 	 0.0004 
3.0000 	 0.0025 	 36.8553 	 13.3322 	 0.0000 	 -7.4067 	 3.3939 	 793.6560 	 3.0000 	 2.4544 	 2.1208 	 -4.0825 	 0.0000 	 -1.4970 	 9.6590 	 0.0002 
15.0000 	 0.0267 	 5.6449 	 13.3322 	 0.0000 	 4.5556 	 3.3933 	 793.6385 	 15.0000 	 2.4995 	 1.3333 	 8.2467 	 0.0000 	 -1.2570 	 3.3432 	 0.0000 
3.0000 	 0.0061 	 16.6748 	 13.3496 	 0.0000 	 -9.9998 	 3.4265 	 793.7147 	 3.0000 	 2.3795 	 1.6415 	 -9.4329 	 0.0000 	 1.3426 	 0.6314 	 0.0131 
14.0000 	 0.0028 	 3.1050 	 13.3318 	 0.0000 	 2.9733 	 3.3953 	 793.6384 	 14.0000 	 0.3190 	 7.2774 	 -1.3138 	 0.0000 	 -0.6702 	 2.9885 	 0.0000 
4.0000 	 2.9231 	 0.0972 	 7.5006 	 0.0000 	 0.1619 	 3.2225 	 865.2123 	 4.0000 	 2.0369 	 4.4029 	 -7.0075 	 0.0000 	 -2.7920 	 3.0795 	 0.1320 
2.0000 	 1.9495 	 2.4425 	 7.6723 	 0.0000 	 6.7443 	 3.0223 	 859.3957 	 2.0000 	 1.9807 	 8.7301 	 6.6075 	 0.0000 	 0.8592 	 9.1003 	 0.2236 
14.0000 	 0.0272 	 28.3717 	 13.3315 	 0.0000 	 9.5448 	 3.3948 	 793.6384 	 14.0000 	 0.4221 	 1.2597 	 2.9052 	 0.0000 	 -1.8266 	 6.5938 	 0.0000 
2.0000 	 0.0078 	 0.0000 	 13.3915 	 0.0000 	 3.6708 	 3.3492 	 793.4359 	 2.0000 	 0.9651 	 8.3419 	 7.0488 	 0.0000 	 0.8909 	 1.0584 	 0.0003 
14.0000 	 0.0309 	 13.1863 	 13.3322 	 0.0000 	 3.2864 	 3.3953 	 793.6384 	 14.0000 	 2.3122 	 3.3970 	 -3.8514 	 0.0000 	 -2.0433 	 0.7403 	 0.0000 
9.0000 	 0.0336 	 1.5961 	 13.3319 	 0.0000 	 9.3265 	 3.3938 	 793.6384 	 9.0000 	 1.9476 	 3.1915 	 0.2727 	 0.0000 	 -1.3053 	 8.9622 	 0.0002 
1.0000 	 0.0025 	 0.0000 	 13.5862 	 0.0000 	 -0.1576 	 3.1606 	 803.3924 	 1.0000 	 1.1504 	 2.6005 	 5.9355 	 0.0000 	 0.7280 	 8.5520 	 0.0105 
9.0000 	 0.0133 	 29.9955 	 13.3340 	 0.0000 	 9.4293 	 3.3938 	 793.6385 	 9.0000 	 2.0530 	 3.2675 	 0.7475 	 0.0000 	 -2.9263 	 8.8497 	 0.0000 
9.0000 	 0.0037 	 33.8088 	 13.3307 	 0.0000 	 -3.3837 	 3.3960 	 793.6385 	 9.0000 	 2.6478 	 0.3735 	 -5.2181 	 0.0000 	 2.3838 	 9.4814 	 0.0000 
8.0000 	 0.0237 	 3.6030 	 13.3320 	 0.0000 	 1.0630 	 3.3950 	 793.6384 	 8.0000 	 2.3764 	 1.0624 	 4.9224 	 0.0000 	 0.6692 	 3.0120 	 0.0000 
8.0000 	 0.0447 	 0.0252 	 13.3289 	 0.0000 	 -4.6573 	 3.3989 	 793.6390 	 8.0000 	 2.7136 	 8.7291 	 -8.9230 	 0.0000 	 1.5425 	 2.2296 	 0.0000 
8.0000 	 0.0842 	 0.0359 	 13.3330 	 0.0000 	 -2.6507 	 3.3947 	 793.6373 	 8.0000 	 2.7920 	 0.2852 	 8.1771 	 0.0000 	 0.8497 	 8.2927 	 0.0000 
3.0000 	 0.0099 	 6.2024 	 13.3466 	 0.0000 	 4.6031 	 3.3728 	 793.7145 	 3.0000 	 1.9810 	 3.6380 	 2.3402 	 0.0000 	 -2.8159 	 9.4633 	 0.0002 
3.0000 	 0.0341 	 0.0000 	 13.3961 	 0.0000 	 8.8562 	 3.3452 	 793.4649 	 3.0000 	 2.6799 	 3.5966 	 -4.2111 	 0.0000 	 2.8439 	 2.0381 	 0.0003 
2.0000 	 0.0083 	 0.0000 	 13.3978 	 0.0000 	 6.7569 	 3.3412 	 793.4358 	 2.0000 	 1.6351 	 0.8734 	 3.0029 	 0.0000 	 -1.3447 	 3.7988 	 0.0003 
3.0000 	 2.8769 	 1.1466 	 7.6175 	 0.0000 	 4.1507 	 3.1144 	 862.3219 	 3.0000 	 1.7799 	 6.4829 	 -0.1234 	 0.0000 	 2.0586 	 3.4582 	 0.2412 
2.0000 	 0.0078 	 0.0000 	 13.3944 	 0.0000 	 -1.4335 	 3.3459 	 793.4358 	 2.0000 	 2.1390 	 6.9062 	 6.5862 	 0.0000 	 -1.4872 	 5.0676 	 0.0004 
2.0000 	 2.5833 	 22.6159 	 9.9584 	 0.0000 	 8.3271 	 2.9675 	 858.7169 	 2.0000 	 2.1722 	 2.3592 	 -3.1656 	 0.0000 	 -2.9585 	 4.9037 	 0.2211 
45.0000 	 0.0584 	 5.0269 	 13.3411 	 0.0000 	 -1.3253 	 3.3918 	 793.6395 	 45.0000 	 0.0295 	 8.9338 	 -9.7333 	 0.0000 	 1.2033 	 2.6138 	 0.0000 
46.0000 	 0.0739 	 2.3584 	 13.3337 	 0.0000 	 12.4539 	 3.3951 	 793.6384 	 46.0000 	 0.9174 	 0.4285 	 4.6724 	 0.0000 	 1.1557 	 2.7508 	 0.0000 
46.0000 	 0.0090 	 21.3284 	 13.3326 	 0.0000 	 -15.0154 	 3.3949 	 793.6384 	 46.0000 	 0.7459 	 4.0963 	 -0.6811 	 0.0000 	 -3.4752 	 0.7717 	 0.0000 
46.0000 	 0.1065 	 12.4365 	 13.3301 	 0.0000 	 19.3115 	 3.3940 	 793.5660 	 46.0000 	 1.9920 	 5.3024 	 -4.8523 	 0.0000 	 1.5111 	 0.9353 	 0.0145 
46.0000 	 0.0822 	 10.1663 	 13.3441 	 0.0000 	 6.5454 	 3.3982 	 793.6401 	 46.0000 	 0.1851 	 0.9946 	 -7.6983 	 0.0000 	 -0.6622 	 2.2492 	 0.0000 
46.0000 	 0.0216 	 7.3047 	 13.2812 	 0.0000 	 0.8923 	 3.4215 	 793.6428 	 46.0000 	 1.1094 	 3.8916 	 4.2075 	 0.0000 	 3.1503 	 2.7285 	 0.0394 
                                                                                                                                                                                                                                                                                                                                                                                                                                                                                                                                                                                                                                                                                                                                                                                                                                                                                                                                                                                                                                                                                                                                                                                                                                                                                                                                                                                                                                                                                                                                                                                                                                                                                                                                                                                                                                                                                                                                                                                                                                      44.0000 	 0.1317 	 0.0000 	 13.3350 	 0.0000 	 0.6519 	 3.4127 	 793.6463 	 44.0000 	 1.7674 	 7.0152 	 6.5087 	 0.0000 	 -2.9802 	 0.4999 	 0.0003 
44.0000 	 0.1069 	 0.1904 	 13.3398 	 0.0000 	 -12.8027 	 3.4438 	 793.6964 	 44.0000 	 2.3690 	 4.9270 	 8.3545 	 0.0000 	 4.7728 	 0.8231 	 0.0020 
44.0000 	 0.1129 	 6.7800 	 13.3407 	 0.0000 	 3.2018 	 3.3712 	 793.6527 	 44.0000 	 1.6655 	 2.8402 	 8.1769 	 0.0000 	 1.7112 	 2.6632 	 0.0000 
42.0000 	 0.1245 	 8.8232 	 13.3301 	 0.0000 	 -1.1816 	 3.4248 	 793.6598 	 42.0000 	 0.6349 	 8.1534 	 2.0696 	 0.0000 	 -1.9833 	 2.2330 	 0.0003 
42.0000 	 0.0011 	 25.9094 	 13.3325 	 0.0000 	 -1.5601 	 3.3944 	 793.6383 	 42.0000 	 2.2494 	 0.3505 	 -2.2649 	 0.0000 	 1.1562 	 2.0240 	 0.0000 
43.0000 	 0.0014 	 5.3818 	 13.3502 	 0.0000 	 5.0296 	 3.4069 	 793.6459 	 43.0000 	 0.5093 	 7.4090 	 -5.2458 	 0.0000 	 -0.7947 	 0.0317 	 0.0004 
43.0000 	 0.0489 	 18.3079 	 13.3321 	 0.0000 	 -20.2705 	 3.3893 	 793.6150 	 43.0000 	 1.3673 	 5.7274 	 -4.7482 	 0.0000 	 -4.2735 	 0.1098 	 0.0000 
45.0000 	 0.0577 	 4.5139 	 13.3320 	 0.0000 	 4.1605 	 3.3944 	 793.6384 	 45.0000 	 1.9400 	 5.6430 	 2.5576 	 0.0000 	 0.5674 	 1.0897 	 0.0000 
45.0000 	 0.0244 	 2.6700 	 13.3325 	 0.0000 	 0.1709 	 3.3957 	 793.6384 	 45.0000 	 1.3834 	 6.6169 	 0.6704 	 0.0000 	 -0.8767 	 2.9199 	 0.0000 
45.0000 	 0.0027 	 2.2845 	 13.3194 	 0.0000 	 -1.8581 	 3.3906 	 793.6411 	 45.0000 	 0.7485 	 8.7169 	 4.0417 	 0.0000 	 2.8620 	 1.1796 	 0.0003 
45.0000 	 0.0724 	 2.3557 	 13.3221 	 0.0000 	 25.5334 	 3.3949 	 793.6343 	 45.0000 	 2.2102 	 1.4798 	 8.0300 	 0.0000 	 0.7823 	 1.3256 	 0.0000 
44.0000 	 0.0106 	 2.0019 	 13.3327 	 0.0000 	 29.9668 	 3.3948 	 793.6384 	 44.0000 	 1.3659 	 3.9074 	 1.3800 	 0.0000 	 3.2221 	 2.3740 	 0.0000 
43.0000 	 0.5176 	 0.0360 	 13.3294 	 0.0000 	 1.6584 	 3.3981 	 793.6387 	 43.0000 	 2.5122 	 9.3636 	 2.1132 	 0.0000 	 -3.5007 	 0.8617 	 0.0000 
42.0000 	 0.0801 	 2.6820 	 13.3324 	 0.0000 	 0.2331 	 3.3942 	 793.6384 	 42.0000 	 2.9079 	 5.0714 	 9.2256 	 0.0000 	 1.4590 	 2.2483 	 0.0000 
41.0000 	 0.0040 	 11.5783 	 13.3327 	 0.0000 	 -3.5240 	 3.3952 	 793.6384 	 41.0000 	 1.4739 	 3.1892 	 -4.3839 	 0.0000 	 1.3811 	 1.9706 	 0.0000 
41.0000 	 0.0030 	 13.5446 	 13.3319 	 0.0000 	 8.9441 	 3.3974 	 793.6382 	 41.0000 	 1.1704 	 9.3150 	 -9.8203 	 0.0000 	 4.6270 	 2.1408 	 0.0007 
40.0000 	 0.6126 	 0.6906 	 13.3362 	 0.0000 	 7.1249 	 3.3985 	 793.6385 	 40.0000 	 2.5363 	 2.6632 	 -1.6434 	 0.0000 	 0.8388 	 2.9237 	 0.0000 
41.0000 	 0.7206 	 0.0000 	 13.3439 	 0.0000 	 -2.9924 	 3.3913 	 793.6361 	 41.0000 	 1.2698 	 9.9635 	 3.9727 	 0.0000 	 4.1989 	 1.5376 	 0.0002 
41.0000 	 0.0073 	 44.8499 	 13.3331 	 0.0000 	 -27.1829 	 3.3954 	 793.6384 	 41.0000 	 0.5080 	 2.4384 	 9.7840 	 0.0000 	 -2.3190 	 0.0112 	 0.0000 
41.0000 	 0.0116 	 4.4071 	 13.3316 	 0.0000 	 0.8660 	 3.3953 	 793.6384 	 41.0000 	 2.5408 	 0.8361 	 -9.7125 	 0.0000 	 3.4252 	 0.3586 	 0.0000 
39.0000 	 0.0149 	 4.8052 	 13.3331 	 0.0000 	 -0.3300 	 3.3954 	 793.6385 	 39.0000 	 1.3626 	 8.8546 	 -2.8954 	 0.0000 	 1.7980 	 2.2430 	 0.0000 
39.0000 	 0.3060 	 0.8136 	 13.3331 	 0.0000 	 0.0138 	 3.3930 	 793.6386 	 39.0000 	 0.1429 	 5.7722 	 -1.4732 	 0.0000 	 4.6835 	 1.2049 	 0.0000 
35.0000 	 0.0017 	 5.2642 	 13.3334 	 0.0000 	 1.0539 	 3.3952 	 793.6384 	 35.0000 	 2.9662 	 0.2119 	 0.7924 	 0.0000 	 0.6944 	 2.9943 	 0.0000 
37.0000 	 0.0012 	 5.2038 	 13.3322 	 0.0000 	 5.6684 	 3.3948 	 793.6384 	 37.0000 	 1.1438 	 7.5135 	 2.6519 	 0.0000 	 -4.5798 	 2.8199 	 0.0000 
38.0000 	 0.7298 	 0.0195 	 13.3416 	 0.0000 	 9.6184 	 3.3881 	 793.6351 	 38.0000 	 0.4071 	 9.6806 	 7.0994 	 0.0000 	 3.5148 	 1.5634 	 0.0002 
36.0000 	 0.0014 	 7.9541 	 13.3301 	 0.0000 	 -5.3906 	 3.3940 	 793.6385 	 36.0000 	 0.4986 	 5.0634 	 -6.6057 	 0.0000 	 4.4905 	 1.5751 	 0.0000 
40.0000 	 0.7007 	 0.0000 	 13.3359 	 0.0000 	 9.5332 	 3.3878 	 793.6360 	 40.0000 	 2.6136 	 8.5033 	 -2.3820 	 0.0000 	 2.4769 	 0.8671 	 0.0000 
38.0000 	 0.1670 	 15.5250 	 13.3366 	 0.0000 	 1.7619 	 3.3951 	 793.6386 	 38.0000 	 1.8199 	 9.8457 	 2.0298 	 0.0000 	 0.7998 	 0.3404 	 0.0000 
42.0000 	 1.9337 	 17.4721 	 18.5703 	 0.0000 	 0.5684 	 0.3995 	 746.8340 	 42.0000 	 1.4411 	 8.1395 	 -9.1464 	 0.0000 	 4.4672 	 2.1350 	 0.0411 
41.0000 	 5.8515 	 0.5646 	 7.8316 	 0.0000 	 1.1129 	 3.3878 	 872.1358 	 41.0000 	 0.8526 	 8.7527 	 -8.8800 	 0.0000 	 4.2083 	 1.5010 	 0.0194 
39.0000 	 0.7986 	 0.1746 	 13.3561 	 0.0000 	 6.8211 	 3.3859 	 793.6408 	 39.0000 	 1.8212 	 0.5376 	 -1.6868 	 0.0000 	 -3.9673 	 2.1169 	 0.0004 
36.0000 	 0.0010 	 11.8961 	 13.3302 	 0.0000 	 -7.9013 	 3.3944 	 793.6384 	 36.0000 	 0.6668 	 6.6551 	 -8.0960 	 0.0000 	 2.1855 	 2.6857 	 0.0000 
38.0000 	 0.0011 	 11.4424 	 13.3340 	 0.0000 	 9.4199 	 3.3960 	 793.6385 	 38.0000 	 2.1136 	 1.8370 	 -3.4145 	 0.0000 	 4.1001 	 0.1654 	 0.0000 
36.0000 	 0.0011 	 31.2451 	 13.3327 	 0.0000 	 8.6829 	 3.3952 	 793.6384 	 36.0000 	 2.6315 	 6.4273 	 -8.7702 	 0.0000 	 2.7771 	 2.7678 	 0.0000 
34.0000 	 0.0012 	 2.4652 	 13.3332 	 0.0000 	 -3.1634 	 3.3954 	 793.6384 	 34.0000 	 0.6539 	 3.7423 	 -6.2478 	 0.0000 	 -0.7713 	 1.3044 	 0.0000 
32.0000 	 0.0074 	 20.1215 	 13.3321 	 0.0000 	 -3.1798 	 3.3962 	 793.6385 	 32.0000 	 0.4068 	 4.6419 	 -6.8833 	 0.0000 	 -1.1471 	 0.8421 	 0.0000 
33.0000 	 0.0014 	 3.6567 	 13.3324 	 0.0000 	 -0.1864 	 3.3950 	 793.6384 	 33.0000 	 1.9774 	 8.3561 	 -7.6257 	 0.0000 	 0.7345 	 1.1457 	 0.0000 
36.0000 	 0.0013 	 8.4558 	 13.3325 	 0.0000 	 -0.0037 	 3.3944 	 793.6383 	 36.0000 	 2.2538 	 1.7405 	 0.7155 	 0.0000 	 -1.4663 	 2.8235 	 0.0000 
36.0000 	 0.0298 	 1.1458 	 13.3341 	 0.0000 	 -3.5196 	 3.3953 	 793.6384 	 36.0000 	 0.7784 	 3.1058 	 3.4170 	 0.0000 	 -4.3740 	 0.4749 	 0.0000 
42.0000 	 1.6414 	 56.2261 	 18.3279 	 0.0000 	 7.8660 	 0.6055 	 735.5296 	 42.0000 	 2.6810 	 5.2294 	 7.9109 	 0.0000 	 -3.9251 	 0.3533 	 0.0288 
37.0000 	 0.0021 	 0.0000 	 13.3328 	 0.0000 	 12.2129 	 3.3947 	 793.6384 	 37.0000 	 0.6120 	 8.0242 	 -3.1172 	 0.0000 	 -3.3442 	 2.5928 	 0.0000 
46.0000 	 1.7101 	 59.9365 	 18.2786 	 0.0000 	 8.4800 	 0.6757 	 735.1036 	 46.0000 	 2.2650 	 2.6073 	 -1.5970 	 0.0000 	 4.1271 	 1.3836 	 0.0282 
38.0000 	 0.0014 	 34.2207 	 13.3325 	 0.0000 	 8.4993 	 3.3945 	 793.6384 	 38.0000 	 2.9824 	 8.7337 	 -0.7379 	 0.0000 	 -0.3144 	 1.4950 	 0.0000 
41.0000 	 0.0466 	 10.3525 	 13.3273 	 0.0000 	 -0.0043 	 3.3816 	 793.6430 	 41.0000 	 2.5224 	 7.2049 	 2.8404 	 0.0000 	 4.7614 	 1.3761 	 0.0000 
31.0000 	 0.0640 	 55.9375 	 13.3398 	 0.0000 	 -1.9824 	 3.4878 	 791.9548 	 31.0000 	 0.8468 	 8.0500 	 2.0999 	 0.0000 	 0.6393 	 0.8940 	 0.0394 
38.0000 	 0.0742 	 1.3351 	 13.3405 	 0.0000 	 1.6138 	 3.3239 	 793.7636 	 38.0000 	 0.7697 	 0.3892 	 8.7589 	 0.0000 	 0.0382 	 0.6291 	 0.0009 
24.0000 	 0.0720 	 11.0938 	 13.4180 	 0.0000 	 -20.2295 	 3.5347 	 793.2405 	 24.0000 	 1.3990 	 9.3923 	 -3.9169 	 0.0000 	 4.6693 	 2.1311 	 0.1006 
36.0000 	 0.0015 	 1.4713 	 13.3313 	 0.0000 	 11.1322 	 3.3948 	 793.6384 	 36.0000 	 1.8743 	 6.8226 	 3.0600 	 0.0000 	 0.9366 	 1.1310 	 0.0000 
27.0000 	 0.0178 	 34.5789 	 13.3258 	 0.0000 	 -4.8438 	 3.3995 	 793.6379 	 27.0000 	 0.5954 	 8.0309 	 -0.3638 	 0.0000 	 2.4446 	 2.2739 	 0.0010 
33.0000 	 0.0018 	 4.8669 	 13.3154 	 0.0000 	 6.1932 	 3.3946 	 793.6420 	 33.0000 	 0.9671 	 1.4743 	 -5.7338 	 0.0000 	 3.1292 	 1.0322 	 0.0000 
39.0000 	 1.6248 	 45.6365 	 18.4722 	 0.0000 	 6.0225 	 0.5105 	 734.9097 	 39.0000 	 2.1296 	 5.1355 	 6.7170 	 0.0000 	 3.3192 	 1.2396 	 0.0401 
33.0000 	 0.2361 	 0.7130 	 13.3354 	 0.0000 	 3.1417 	 3.3856 	 793.6406 	 33.0000 	 2.3758 	 9.8723 	 2.8485 	 0.0000 	 2.9383 	 1.4794 	 0.0000 
35.0000 	 0.0010 	 18.5073 	 13.3323 	 0.0000 	 6.0815 	 3.3947 	 793.6384 	 35.0000 	 1.2064 	 6.4668 	 6.0680 	 0.0000 	 2.4673 	 1.3922 	 0.0000 
26.0000 	 0.1892 	 3.1057 	 13.3337 	 0.0000 	 -8.4411 	 3.3953 	 793.6383 	 26.0000 	 1.5896 	 9.3419 	 -2.2369 	 0.0000 	 3.9738 	 2.0128 	 0.0000 
21.0000 	 0.0066 	 23.1817 	 13.3355 	 0.0000 	 -2.1563 	 3.3976 	 793.6387 	 21.0000 	 0.6752 	 3.8246 	 9.2126 	 0.0000 	 0.8128 	 2.7244 	 0.0000 
36.0000 	 1.6467 	 29.4567 	 18.5274 	 0.0000 	 3.3079 	 0.4859 	 738.4998 	 36.0000 	 1.8138 	 0.3307 	 -9.6969 	 0.0000 	 -3.3129 	 1.6774 	 0.0420 
39.0000 	 1.6267 	 47.0064 	 18.4415 	 0.0000 	 6.2426 	 0.5247 	 735.0807 	 39.0000 	 2.3630 	 3.8293 	 5.4105 	 0.0000 	 4.8824 	 2.6531 	 0.0317 
33.0000 	 5.9987 	 10.5334 	 8.4717 	 0.0000 	 11.0620 	 3.2516 	 870.9892 	 33.0000 	 2.6955 	 5.1237 	 -3.0637 	 0.0000 	 1.6298 	 2.5531 	 0.0983 
33.0000 	 0.0522 	 37.0048 	 13.3310 	 0.0000 	 0.0691 	 3.3941 	 793.0557 	 33.0000 	 0.2715 	 3.0995 	 3.7037 	 0.0000 	 -4.2980 	 1.9108 	 0.0000 
32.0000 	 0.0542 	 8.5005 	 13.3442 	 0.0000 	 -5.7828 	 3.3951 	 793.4634 	 32.0000 	 1.9019 	 3.5832 	 0.4344 	 0.0000 	 -2.7867 	 2.9693 	 0.0000 
31.0000 	 0.0416 	 4.2365 	 13.3318 	 0.0000 	 -5.4334 	 3.3948 	 793.6384 	 31.0000 	 0.4381 	 1.8294 	 4.1330 	 0.0000 	 -4.5770 	 0.6823 	 0.0000 
29.0000 	 0.0011 	 2.9092 	 13.3289 	 0.0000 	 -9.3759 	 3.3927 	 793.6386 	 29.0000 	 2.2073 	 5.8012 	 -6.2318 	 0.0000 	 -2.4007 	 0.1390 	 0.0000 
30.0000 	 0.0034 	 1.9667 	 13.3332 	 0.0000 	 -1.2640 	 3.3944 	 793.6384 	 30.0000 	 1.4855 	 1.2326 	 -6.1550 	 0.0000 	 -2.7039 	 1.2657 	 0.0000 
35.0000 	 0.2708 	 3.6359 	 13.3343 	 0.0000 	 6.5472 	 3.3953 	 793.6385 	 35.0000 	 2.6981 	 0.9324 	 3.8583 	 0.0000 	 -3.4438 	 2.2090 	 0.0000 
22.0000 	 0.0010 	 89.8526 	 13.3335 	 0.0000 	 -8.7353 	 3.3939 	 793.6383 	 22.0000 	 0.1023 	 8.7924 	 -2.4934 	 0.0000 	 -3.9299 	 2.8196 	 0.0000 
25.0000 	 0.0063 	 5.4781 	 13.3265 	 0.0000 	 0.6789 	 3.3918 	 793.6391 	 25.0000 	 0.2163 	 9.4149 	 -0.5828 	 0.0000 	 -1.3747 	 1.3550 	 0.0000 
35.0000 	 0.0549 	 8.0570 	 13.3346 	 0.0000 	 1.4813 	 3.4051 	 793.6410 	 35.0000 	 1.2392 	 6.1972 	 1.3608 	 0.0000 	 4.7418 	 1.3842 	 0.0000 
18.0000 	 0.0082 	 12.9788 	 13.3328 	 0.0000 	 0.4030 	 3.3945 	 793.6382 	 18.0000 	 1.1189 	 2.9207 	 0.0724 	 0.0000 	 -4.2685 	 1.8113 	 0.0000 
33.0000 	 0.0149 	 0.9319 	 13.3336 	 0.0000 	 1.1036 	 3.3973 	 793.6386 	 33.0000 	 0.0408 	 4.4475 	 -4.4249 	 0.0000 	 -2.9596 	 1.8585 	 0.0000 
26.0000 	 0.4921 	 3.5644 	 13.3382 	 0.0000 	 0.0221 	 3.4147 	 793.6546 	 26.0000 	 1.9324 	 8.2297 	 -2.7307 	 0.0000 	 2.5328 	 0.1757 	 0.0002 
27.0000 	 0.0060 	 22.9111 	 13.3328 	 0.0000 	 -4.4068 	 3.3947 	 793.6384 	 27.0000 	 0.3334 	 5.6863 	 -3.6334 	 0.0000 	 -2.9859 	 2.3720 	 0.0000 
27.0000 	 0.0010 	 19.9213 	 13.3350 	 0.0000 	 6.2234 	 3.3943 	 793.6385 	 27.0000 	 1.1446 	 9.0860 	 9.0165 	 0.0000 	 -0.7772 	 1.7045 	 0.0000 
20.0000 	 0.0032 	 9.5181 	 13.3344 	 0.0000 	 -7.9849 	 3.3944 	 793.6384 	 20.0000 	 2.4253 	 2.6004 	 1.7622 	 0.0000 	 4.4643 	 1.4140 	 0.0000 
21.0000 	 0.0140 	 5.0072 	 13.3325 	 0.0000 	 4.5671 	 3.3946 	 793.6384 	 21.0000 	 0.4381 	 8.6822 	 -0.5531 	 0.0000 	 1.8793 	 0.5315 	 0.0000 
34.0000 	 0.2655 	 0.0000 	 13.3682 	 0.0000 	 -10.8450 	 3.3792 	 793.6262 	 34.0000 	 2.3244 	 3.8095 	 -7.1276 	 0.0000 	 -4.2845 	 0.2280 	 0.0175 
29.0000 	 0.0050 	 9.8508 	 13.3348 	 0.0000 	 -3.3357 	 3.3925 	 793.6386 	 29.0000 	 2.4325 	 8.4880 	 -2.2497 	 0.0000 	 0.7738 	 1.0489 	 0.0000 
33.0000 	 0.1198 	 10.9187 	 13.3325 	 0.0000 	 8.8733 	 3.3947 	 793.6148 	 33.0000 	 0.2138 	 7.0303 	 0.5145 	 0.0000 	 -4.5521 	 0.9982 	 0.0000 
                                                                                                                                                        22.0000 	 0.0124 	 0.4346 	 13.3301 	 0.0000 	 15.6543 	 3.3940 	 793.6386 	 22.0000 	 2.5627 	 3.1288 	 -9.6710 	 0.0000 	 -0.1290 	 1.5171 	 0.0000 
19.0000 	 0.0013 	 2.2949 	 13.3331 	 0.0000 	 9.4498 	 3.3950 	 793.6384 	 19.0000 	 0.8669 	 8.7827 	 8.6546 	 0.0000 	 0.0231 	 1.7314 	 0.0000 
35.0000 	 0.0058 	 10.0553 	 13.3328 	 0.0000 	 15.3345 	 3.3959 	 793.6384 	 35.0000 	 1.8702 	 7.0560 	 1.3667 	 0.0000 	 -2.8312 	 2.7745 	 0.0000 
27.0000 	 0.2183 	 1.7247 	 13.3326 	 0.0000 	 -0.8230 	 3.3944 	 793.6384 	 27.0000 	 2.6661 	 4.4178 	 -2.4367 	 0.0000 	 -3.9429 	 1.7257 	 0.0000 
17.0000 	 0.0027 	 9.9957 	 13.3325 	 0.0000 	 0.6561 	 3.3952 	 793.6384 	 17.0000 	 2.0375 	 4.8581 	 1.8528 	 0.0000 	 -4.4981 	 0.9179 	 0.0000 
35.0000 	 0.0010 	 10.8422 	 13.3334 	 0.0000 	 -21.7425 	 3.3944 	 793.6384 	 35.0000 	 0.0347 	 5.1422 	 -6.0386 	 0.0000 	 3.3537 	 2.6048 	 0.0000 
13.0000 	 0.0013 	 6.3086 	 13.3398 	 0.0000 	 2.0215 	 3.3926 	 793.6391 	 13.0000 	 0.6640 	 1.0366 	 0.3203 	 0.0000 	 0.0505 	 1.2763 	 0.0000 
45.0000 	 1.8505 	 34.2876 	 18.5731 	 0.0000 	 4.1186 	 0.4052 	 734.4737 	 45.0000 	 2.5447 	 8.0549 	 -0.3089 	 0.0000 	 -3.2429 	 0.5208 	 0.0327 
24.0000 	 0.0010 	 6.4244 	 13.3306 	 0.0000 	 -6.1397 	 3.3960 	 793.6385 	 24.0000 	 0.2572 	 0.4999 	 6.3630 	 0.0000 	 -1.0751 	 1.0169 	 0.0000 
18.0000 	 0.1353 	 5.0769 	 13.4521 	 0.0000 	 -14.7058 	 3.3838 	 793.5011 	 18.0000 	 1.3954 	 4.8649 	 -3.9880 	 0.0000 	 -1.9872 	 2.8606 	 0.1552 
26.0000 	 0.0039 	 7.1387 	 13.3301 	 0.0000 	 -15.8203 	 3.3794 	 793.6443 	 26.0000 	 0.2561 	 9.6063 	 -5.1222 	 0.0000 	 1.4794 	 1.8719 	 0.0000 
20.0000 	 0.0198 	 9.6003 	 13.3325 	 0.0000 	 4.1076 	 3.3947 	 793.6383 	 20.0000 	 0.4304 	 5.7143 	 -8.2666 	 0.0000 	 -4.1927 	 0.2110 	 0.0000 
18.0000 	 0.0249 	 27.5146 	 13.3341 	 0.0000 	 8.8054 	 3.3945 	 793.6384 	 18.0000 	 1.9883 	 8.5462 	 -7.9869 	 0.0000 	 1.4539 	 0.7454 	 0.0000 
21.0000 	 0.0884 	 21.0109 	 13.3333 	 0.0000 	 2.4004 	 3.3941 	 793.6384 	 21.0000 	 0.9599 	 3.3873 	 -1.4712 	 0.0000 	 0.5152 	 1.8764 	 0.0000 
23.0000 	 0.0030 	 14.8618 	 13.3331 	 0.0000 	 -3.7680 	 3.3925 	 793.6385 	 23.0000 	 1.6437 	 3.0359 	 -3.5218 	 0.0000 	 -1.4371 	 0.4016 	 0.0000 
20.0000 	 0.0043 	 20.9448 	 13.3325 	 0.0000 	 -4.2554 	 3.3951 	 793.6384 	 20.0000 	 0.6847 	 0.1609 	 -8.4123 	 0.0000 	 2.1966 	 2.2810 	 0.0000 
21.0000 	 0.2579 	 7.6109 	 13.3327 	 0.0000 	 -2.6828 	 3.3925 	 793.6384 	 21.0000 	 1.6481 	 4.0056 	 2.9103 	 0.0000 	 -4.6420 	 0.9895 	 0.0000 
8.0000 	 0.0167 	 6.0376 	 13.3459 	 0.0000 	 15.0223 	 3.3870 	 793.6417 	 8.0000 	 1.1101 	 5.6467 	 -7.8270 	 0.0000 	 1.7205 	 1.3415 	 0.0012 
20.0000 	 0.0016 	 4.2920 	 13.3105 	 0.0000 	 4.8145 	 3.4028 	 793.6458 	 20.0000 	 0.8867 	 6.0307 	 0.1169 	 0.0000 	 -4.5840 	 1.2255 	 0.0000 
15.0000 	 0.0138 	 4.5919 	 13.3330 	 0.0000 	 3.2022 	 3.3971 	 793.6385 	 15.0000 	 1.0711 	 5.8818 	 -3.0355 	 0.0000 	 2.5387 	 0.3737 	 0.0000 
20.0000 	 5.9996 	 0.0023 	 7.5324 	 0.0000 	 -2.9866 	 3.2720 	 869.7716 	 20.0000 	 1.2205 	 2.6843 	 -3.9873 	 0.0000 	 -4.6644 	 1.2667 	 0.0275 
12.0000 	 0.9178 	 15.1651 	 18.7754 	 0.0000 	 0.0740 	 0.3539 	 766.4905 	 12.0000 	 2.8531 	 2.3583 	 -9.6477 	 0.0000 	 -2.0209 	 0.5073 	 0.0610 
14.0000 	 0.0097 	 1.3679 	 13.3325 	 0.0000 	 2.1407 	 3.3945 	 793.6384 	 14.0000 	 1.3277 	 5.3373 	 4.9153 	 0.0000 	 -3.7533 	 1.5818 	 0.0000 
22.0000 	 0.0137 	 14.7623 	 13.3301 	 0.0000 	 -4.1278 	 3.3950 	 793.6385 	 22.0000 	 2.0884 	 5.9782 	 6.4164 	 0.0000 	 -2.8413 	 2.6446 	 0.0000 
13.0000 	 0.0358 	 3.6231 	 13.3325 	 0.0000 	 1.5197 	 3.3985 	 793.6387 	 13.0000 	 0.1427 	 3.9476 	 0.1676 	 0.0000 	 -2.8289 	 2.2960 	 0.0000 
21.0000 	 0.0334 	 3.2010 	 13.3328 	 0.0000 	 -5.8106 	 3.3949 	 793.6384 	 21.0000 	 2.4626 	 6.8869 	 2.7521 	 0.0000 	 2.5985 	 2.6409 	 0.0000 
25.0000 	 6.0000 	 1.6801 	 8.4312 	 0.0000 	 0.7155 	 3.2968 	 870.3778 	 25.0000 	 1.0211 	 5.6260 	 6.3530 	 0.0000 	 4.9961 	 1.3277 	 0.0221 
23.0000 	 0.1371 	 0.1193 	 13.3247 	 0.0000 	 -3.3820 	 3.4074 	 793.6421 	 23.0000 	 2.9081 	 6.0528 	 -1.4598 	 0.0000 	 -0.5216 	 2.8869 	 0.0025 
7.0000 	 0.0014 	 0.9456 	 13.3327 	 0.0000 	 -7.9286 	 3.3946 	 793.6384 	 7.0000 	 0.9787 	 9.5890 	 -2.5435 	 0.0000 	 -2.0672 	 2.8400 	 0.0000 
5.0000 	 0.0296 	 1.0232 	 13.3334 	 0.0000 	 1.2095 	 3.3948 	 793.6379 	 5.0000 	 0.5263 	 3.1387 	 -9.0222 	 0.0000 	 -2.5653 	 2.8571 	 0.0000 
18.0000 	 0.2829 	 3.7652 	 13.3320 	 0.0000 	 1.9905 	 3.3966 	 793.6397 	 18.0000 	 2.4499 	 5.7885 	 4.4948 	 0.0000 	 0.3833 	 2.5745 	 0.0000 
22.0000 	 0.0030 	 4.5556 	 13.3323 	 0.0000 	 15.0172 	 3.3943 	 793.6384 	 22.0000 	 2.6032 	 9.7659 	 8.6405 	 0.0000 	 2.6421 	 1.2778 	 0.0000 
9.0000 	 0.0369 	 9.7977 	 13.3450 	 0.0000 	 10.9396 	 3.3750 	 793.6497 	 9.0000 	 2.1355 	 5.0406 	 2.9904 	 0.0000 	 -1.7469 	 1.6488 	 0.0000 
19.0000 	 0.0418 	 1.1127 	 13.2361 	 0.0000 	 -2.7362 	 3.3400 	 793.8297 	 19.0000 	 1.8231 	 2.1888 	 -6.1404 	 0.0000 	 4.8004 	 0.4188 	 0.0000 
19.0000 	 0.0474 	 14.6673 	 13.3389 	 0.0000 	 7.7354 	 3.3950 	 793.6389 	 19.0000 	 1.5367 	 9.5833 	 -5.5985 	 0.0000 	 3.5761 	 2.1997 	 0.0000 
17.0000 	 0.2485 	 3.0089 	 13.3442 	 0.0000 	 0.8938 	 3.3945 	 793.6400 	 17.0000 	 2.3797 	 1.2135 	 -6.6221 	 0.0000 	 -1.0417 	 0.5738 	 0.0005 
39.0000 	 0.0893 	 62.2419 	 13.3301 	 0.0000 	 12.9536 	 3.3966 	 793.6386 	 39.0000 	 2.9472 	 7.5758 	 2.7867 	 0.0000 	 2.8250 	 1.4509 	 0.0000 
7.0000 	 0.0059 	 5.1852 	 13.3331 	 0.0000 	 -2.2672 	 3.3940 	 793.6384 	 7.0000 	 0.9352 	 5.6145 	 -0.8087 	 0.0000 	 -2.4430 	 1.4403 	 0.0000 
19.0000 	 0.0062 	 7.7335 	 13.3331 	 0.0000 	 -0.6795 	 3.3918 	 793.6387 	 19.0000 	 1.0538 	 5.1189 	 -7.4837 	 0.0000 	 -4.5273 	 1.6055 	 0.0000 
18.0000 	 0.2231 	 5.4132 	 13.3315 	 0.0000 	 -2.2110 	 3.3945 	 793.6386 	 18.0000 	 1.3459 	 4.9781 	 -2.2548 	 0.0000 	 -1.0606 	 0.8388 	 0.0000 
8.0000 	 0.0030 	 9.7566 	 13.3328 	 0.0000 	 -19.1175 	 3.3951 	 793.6384 	 8.0000 	 1.3722 	 1.6199 	 -7.6636 	 0.0000 	 -4.0635 	 0.7948 	 0.0000 
3.0000 	 0.0037 	 0.1391 	 13.3326 	 0.0000 	 18.4305 	 3.3938 	 793.6371 	 3.0000 	 2.3917 	 2.2446 	 -3.3114 	 0.0000 	 -0.9969 	 2.7209 	 0.0000 
22.0000 	 0.0033 	 16.1211 	 13.3333 	 0.0000 	 -2.4751 	 3.3928 	 793.6384 	 22.0000 	 2.9303 	 1.3158 	 1.9659 	 0.0000 	 -2.1234 	 2.5291 	 0.0005 
17.0000 	 1.1626 	 16.1085 	 18.7382 	 0.0000 	 0.5891 	 0.4458 	 760.0489 	 17.0000 	 0.5842 	 6.2193 	 -1.0258 	 0.0000 	 1.5217 	 2.2798 	 0.1061 
14.0000 	 0.0117 	 1.4554 	 13.3307 	 0.0000 	 -0.7831 	 3.3921 	 793.6386 	 14.0000 	 2.9207 	 8.0300 	 -1.5609 	 0.0000 	 0.2430 	 0.5025 	 0.0000 
6.0000 	 0.0019 	 10.4350 	 13.3330 	 0.0000 	 -2.0496 	 3.3965 	 793.6385 	 6.0000 	 1.3043 	 8.5569 	 -7.1694 	 0.0000 	 -2.5590 	 1.0744 	 0.0000 
23.0000 	 0.0073 	 9.4678 	 13.3301 	 0.0000 	 -3.5693 	 3.3955 	 793.6385 	 23.0000 	 2.9851 	 5.9210 	 0.8764 	 0.0000 	 3.3711 	 2.4978 	 0.0000 
5.0000 	 0.0878 	 1.7480 	 13.4302 	 0.0000 	 4.1248 	 3.4178 	 793.7690 	 5.0000 	 2.5050 	 4.5194 	 -3.7305 	 0.0000 	 1.9146 	 1.6541 	 0.0004 
12.0000 	 0.0027 	 9.0757 	 13.3307 	 0.0000 	 0.2587 	 3.3969 	 793.6386 	 12.0000 	 2.4704 	 6.5058 	 -7.8742 	 0.0000 	 -1.5204 	 1.0990 	 0.0000 
18.0000 	 0.1815 	 6.2399 	 13.3369 	 0.0000 	 10.7700 	 3.3938 	 793.6387 	 18.0000 	 0.9042 	 9.9728 	 5.8552 	 0.0000 	 0.4047 	 0.0153 	 0.0000 
12.0000 	 0.0172 	 0.2271 	 13.3448 	 0.0000 	 5.4633 	 3.4011 	 793.6413 	 12.0000 	 1.8954 	 5.0163 	 -1.7149 	 0.0000 	 4.7964 	 1.7340 	 0.0000 
2.0000 	 1.3140 	 1.8280 	 9.3408 	 0.0000 	 -1.5628 	 3.2889 	 861.4917 	 2.0000 	 0.2384 	 8.3864 	 2.4836 	 0.0000 	 -4.4290 	 0.1220 	 0.3787 
5.0000 	 0.0377 	 1.1763 	 13.3285 	 0.0000 	 8.0296 	 3.3941 	 793.6376 	 5.0000 	 0.8645 	 1.8243 	 -8.7941 	 0.0000 	 3.9205 	 1.5200 	 0.0001 
8.0000 	 0.0110 	 8.1093 	 13.3305 	 0.0000 	 6.2817 	 3.3963 	 793.6385 	 8.0000 	 1.4970 	 4.4780 	 9.5955 	 0.0000 	 2.3576 	 0.4822 	 0.0000 
19.0000 	 0.0433 	 15.4003 	 13.3317 	 0.0000 	 -0.8891 	 3.3940 	 793.6385 	 19.0000 	 2.3350 	 7.4120 	 1.3635 	 0.0000 	 4.2042 	 0.7489 	 0.0000 
18.0000 	 0.0028 	 0.0871 	 13.3351 	 0.0000 	 -6.7569 	 3.3940 	 793.6384 	 18.0000 	 0.7930 	 8.1027 	 -2.9343 	 0.0000 	 0.8966 	 0.6904 	 0.0008 
15.0000 	 0.0905 	 0.0000 	 13.2355 	 0.0000 	 14.0302 	 3.4004 	 793.7556 	 15.0000 	 2.9452 	 2.6562 	 -6.4926 	 0.0000 	 3.0975 	 1.8576 	 0.0000 
38.0000 	 1.6880 	 33.0121 	 18.6314 	 0.0000 	 3.8740 	 0.3289 	 736.3379 	 38.0000 	 0.7842 	 2.7176 	 6.0068 	 0.0000 	 -2.9615 	 2.6062 	 0.0379 
16.0000 	 0.0373 	 10.3450 	 13.3326 	 0.0000 	 23.9058 	 3.3954 	 793.6384 	 16.0000 	 0.0998 	 1.7385 	 7.3660 	 0.0000 	 1.2095 	 1.5104 	 0.0000 
19.0000 	 0.0202 	 6.2792 	 13.3312 	 0.0000 	 9.6873 	 3.3922 	 793.6386 	 19.0000 	 2.1377 	 6.4668 	 0.1357 	 0.0000 	 0.7486 	 0.5353 	 0.0000 
9.0000 	 0.0226 	 12.4611 	 13.3287 	 0.0000 	 -11.6581 	 3.3956 	 793.6386 	 9.0000 	 0.7387 	 6.0266 	 -3.5759 	 0.0000 	 -0.1527 	 0.1316 	 0.0000 
11.0000 	 0.8230 	 16.3167 	 18.6489 	 0.0000 	 0.3022 	 0.3833 	 767.6228 	 11.0000 	 0.5728 	 1.6696 	 3.6958 	 0.0000 	 -2.4097 	 0.7074 	 0.0745 
11.0000 	 0.8446 	 15.4681 	 18.8472 	 0.0000 	 -0.0982 	 0.3494 	 769.0690 	 11.0000 	 0.4146 	 1.3186 	 -4.3609 	 0.0000 	 3.2262 	 0.2182 	 0.0781 
9.0000 	 0.2543 	 0.0000 	 13.3808 	 0.0000 	 -2.5467 	 3.3553 	 793.5704 	 9.0000 	 0.8498 	 3.8453 	 -6.1577 	 0.0000 	 4.0920 	 0.7462 	 0.0005 
14.0000 	 0.0138 	 11.2364 	 13.3325 	 0.0000 	 16.1955 	 3.3951 	 793.6384 	 14.0000 	 0.9940 	 4.6447 	 0.8260 	 0.0000 	 -0.5908 	 2.1813 	 0.0000 
13.0000 	 0.0359 	 0.9564 	 13.3323 	 0.0000 	 3.6188 	 3.3949 	 793.6384 	 13.0000 	 2.3248 	 5.1734 	 -3.4243 	 0.0000 	 -3.6720 	 1.3702 	 0.0000 
4.0000 	 0.0699 	 0.0000 	 13.3905 	 0.0000 	 6.1761 	 3.3481 	 793.4921 	 4.0000 	 0.3759 	 0.5439 	 4.4974 	 0.0000 	 -0.7883 	 2.5318 	 0.0003 
15.0000 	 0.0162 	 9.0662 	 13.3321 	 0.0000 	 25.2971 	 3.3952 	 793.6384 	 15.0000 	 0.1769 	 8.0764 	 -1.3865 	 0.0000 	 -2.2173 	 2.9809 	 0.0000 
6.0000 	 0.0102 	 0.2434 	 13.3321 	 0.0000 	 -1.1402 	 3.4046 	 793.6407 	 6.0000 	 2.3606 	 6.3146 	 -3.0501 	 0.0000 	 -3.0156 	 1.4025 	 0.0000 
11.0000 	 0.0069 	 7.6342 	 13.3469 	 0.0000 	 -1.6183 	 3.4091 	 793.6460 	 11.0000 	 1.8242 	 0.5145 	 -6.6778 	 0.0000 	 -0.7216 	 1.0650 	 0.0000 
10.0000 	 0.0037 	 6.4454 	 13.3359 	 0.0000 	 1.7602 	 3.3918 	 793.6388 	 10.0000 	 2.9257 	 0.4919 	 2.0151 	 0.0000 	 -3.4445 	 1.4940 	 0.0000 
5.0000 	 0.0390 	 14.1211 	 13.3984 	 0.0000 	 2.4658 	 3.3398 	 793.8101 	 5.0000 	 0.2167 	 8.7550 	 9.1099 	 0.0000 	 3.5101 	 2.3738 	 0.0002 
8.0000 	 0.0049 	 4.2133 	 13.3423 	 0.0000 	 -2.6550 	 3.3742 	 793.6439 	 8.0000 	 0.1068 	 7.0660 	 5.0037 	 0.0000 	 -4.1294 	 2.6420 	 0.0063 
6.0000 	 5.1545 	 0.6753 	 7.4375 	 0.0000 	 12.4524 	 3.0817 	 866.8961 	 6.0000 	 2.4690 	 5.0808 	 -8.8242 	 0.0000 	 3.8180 	 2.5777 	 0.1016 
11.0000 	 0.0583 	 0.3335 	 13.3327 	 0.0000 	 8.3092 	 3.3976 	 793.6385 	 11.0000 	 2.2147 	 3.7351 	 -3.7648 	 0.0000 	 -2.5731 	 1.0305 	 0.0000 
31.0000 	 0.1679 	 4.7869 	 13.3290 	 0.0000 	 2.9991 	 3.3933 	 793.6387 	 31.0000 	 0.9462 	 5.7645 	 5.8959 	 0.0000 	 1.7148 	 1.3906 	 0.0000 
5.0000 	 0.0764 	 0.0000 	 13.3467 	 0.0000 	 -26.7400 	 3.3664 	 793.6215 	 5.0000 	 1.1228 	 8.5263 	 -5.1872 	 0.0000 	 -3.3218 	 2.4975 	 0.0103 
4.0000 	 0.0048 	 17.7607 	 13.3281 	 0.0000 	 1.5207 	 3.3963 	 793.6394 	 4.0000 	 2.7347 	 5.2680 	 2.4737 	 0.0000 	 1.4505 	 0.5337 	 0.0000 
7.0000 	 0.0538 	 3.4217 	 13.3327 	 0.0000 	 4.1662 	 3.3948 	 793.6392 	 7.0000 	 2.0324 	 5.4615 	 6.3226 	 0.0000 	 2.5010 	 2.1446 	 0.0000 
11.0000 	 0.0031 	 9.0228 	 13.3325 	 0.0000 	 7.3236 	 3.3930 	 793.6384 	 11.0000 	 0.0588 	 0.8599 	 3.2004 	 0.0000 	 -3.4246 	 0.6737 	 0.0000 
3.0000 	 0.0032 	 3.8231 	 13.3316 	 0.0000 	 -0.8312 	 3.3965 	 793.6408 	 3.0000 	 0.9658 	 3.5298 	 -7.3600 	 0.0000 	 0.7875 	 0.1819 	 0.0000 
6.0000 	 0.0030 	 8.7343 	 13.3330 	 0.0000 	 18.8400 	 3.3938 	 793.6384 	 6.0000 	 0.0954 	 3.6175 	 8.4477 	 0.0000 	 0.3479 	 0.4560 	 0.0000 
3.0000 	 0.0339 	 0.0000 	 13.3958 	 0.0000 	 -21.3899 	 3.3422 	 793.4570 	 3.0000 	 0.7146 	 9.7284 	 3.2863 	 0.0000 	 -1.3301 	 0.4940 	 0.0004 
5.0000 	 3.1896 	 6.6085 	 8.8856 	 0.0000 	 4.3164 	 3.2246 	 866.3138 	 5.0000 	 2.2367 	 2.2160 	 3.3173 	 0.0000 	 3.2665 	 0.8999 	 0.1018 
1.0000 	 1.4145 	 6.4434 	 8.5545 	 0.0000 	 4.1273 	 2.7162 	 855.0092 	 1.0000 	 0.6574 	 0.6418 	 8.6754 	 0.0000 	 3.2389 	 2.5031 	 0.3772 
2.0000 	 1.9255 	 4.3634 	 7.6547 	 0.0000 	 8.7289 	 2.9862 	 859.1442 	 2.0000 	 2.7146 	 1.1977 	 8.8336 	 0.0000 	 1.6138 	 0.5892 	 0.2192 
6.0000 	 0.5508 	 10.1781 	 18.9370 	 0.0000 	 -1.1407 	 0.1061 	 786.4041 	 6.0000 	 0.8390 	 0.8473 	 2.6134 	 0.0000 	 -2.8555 	 0.7861 	 0.1191 
38.0000 	 1.9103 	 13.8284 	 18.6341 	 0.0000 	 -0.0743 	 0.1952 	 752.8657 	 38.0000 	 2.1992 	 7.0294 	 8.8855 	 0.0000 	 -1.1542 	 1.5179 	 0.0582 
1.0000 	 6.0000 	 1.4334 	 7.8442 	 0.0000 	 1.0361 	 2.9066 	 855.3055 	 1.0000 	 2.1891 	 1.6540 	 8.8025 	 0.0000 	 0.1455 	 2.9295 	 0.2734 
29.0000 	 0.6177 	 0.3613 	 13.2788 	 0.0000 	 -2.0886 	 3.3658 	 793.6986 	 29.0000 	 2.5160 	 1.8975 	 8.6930 	 0.0000 	 1.9454 	 2.5614 	 0.0003 
6.0000 	 0.0192 	 34.6957 	 13.3319 	 0.0000 	 24.4510 	 3.3989 	 793.6395 	 6.0000 	 1.0079 	 1.6965 	 0.7863 	 0.0000 	 -1.1144 	 0.2801 	 0.0000 
2.0000 	 0.0016 	 0.0000 	 13.3424 	 0.0000 	 14.8465 	 3.3891 	 793.6117 	 2.0000 	 2.9034 	 8.7310 	 3.9041 	 0.0000 	 -0.2207 	 1.9149 	 0.0002 
5.0000 	 5.3586 	 10.3006 	 9.5145 	 0.0000 	 4.2975 	 3.1997 	 866.5482 	 5.0000 	 0.1527 	 1.5857 	 -5.4374 	 0.0000 	 2.9715 	 2.9735 	 0.0565 
20.0000 	 0.0324 	 3.8256 	 13.3313 	 0.0000 	 -0.6307 	 3.3976 	 793.6386 	 20.0000 	 2.8808 	 0.0226 	 -0.7073 	 0.0000 	 -3.4774 	 1.0880 	 0.0000 
31.0000 	 0.0081 	 6.7184 	 13.3334 	 0.0000 	 6.1222 	 3.3935 	 793.6385 	 31.0000 	 0.7483 	 2.0994 	 -0.9385 	 0.0000 	 1.1518 	 0.7475 	 0.0000 
17.0000 	 0.0111 	 1.5737 	 13.3318 	 0.0000 	 -7.3260 	 3.3961 	 793.6385 	 17.0000 	 1.6889 	 5.5036 	 2.8159 	 0.0000 	 -4.6710 	 1.5457 	 0.0000 
30.0000 	 0.0085 	 6.3947 	 13.3514 	 0.0000 	 11.0178 	 3.3900 	 792.3791 	 30.0000 	 2.2698 	 1.2110 	 0.7812 	 0.0000 	 1.0372 	 0.8216 	 0.0000 
15.0000 	 0.0015 	 7.1464 	 13.3315 	 0.0000 	 -11.9315 	 3.3940 	 793.6384 	 15.0000 	 0.9923 	 0.1903 	 -6.0573 	 0.0000 	 -0.8199 	 1.2148 	 0.0000 
6.0000 	 0.0139 	 6.8412 	 13.3261 	 0.0000 	 -1.7640 	 3.3902 	 793.6399 	 6.0000 	 1.3338 	 9.4580 	 -3.6171 	 0.0000 	 0.6359 	 0.8515 	 0.0000 
19.0000 	 0.1101 	 4.8492 	 13.3322 	 0.0000 	 2.5449 	 3.3942 	 793.6348 	 19.0000 	 2.2365 	 0.6687 	 8.0064 	 0.0000 	 -2.7841 	 1.0487 	 0.0009 
6.0000 	 5.3510 	 3.4883 	 10.0723 	 0.0000 	 -0.3794 	 3.1135 	 866.9183 	 6.0000 	 1.8625 	 7.7638 	 3.1835 	 0.0000 	 -1.3083 	 0.7129 	 0.0781 
18.0000 	 0.0017 	 0.0000 	 13.3177 	 0.0000 	 -0.8890 	 3.3652 	 793.6631 	 18.0000 	 1.8713 	 4.8213 	 -3.0397 	 0.0000 	 0.3637 	 2.3569 	 0.0000 
11.0000 	 0.0967 	 7.8582 	 13.3350 	 0.0000 	 0.1199 	 3.3955 	 793.6386 	 11.0000 	 1.5105 	 1.3033 	 -8.2605 	 0.0000 	 4.5446 	 1.4608 	 0.0000 
11.0000 	 0.0045 	 0.2670 	 13.3311 	 0.0000 	 4.4580 	 3.3942 	 793.6383 	 11.0000 	 0.3293 	 2.7815 	 8.6445 	 0.0000 	 -0.7016 	 2.4503 	 0.0000 
2.0000 	 5.8539 	 2.8076 	 7.5000 	 0.0000 	 18.7744 	 3.1406 	 860.4070 	 2.0000 	 1.5772 	 3.3269 	 9.0704 	 0.0000 	 3.7023 	 1.8947 	 0.1246 
2.0000 	 0.0011 	 0.0000 	 13.3356 	 0.0000 	 14.4443 	 3.3938 	 793.6228 	 2.0000 	 1.6677 	 9.7408 	 -2.2211 	 0.0000 	 -0.6419 	 2.8355 	 0.0001 
