50.0000 	 0.0064 	 0.1649 	 0.2687 	 0.0000 	 3.0004 	 4.4795 	 1908.2942 	 50.0000 	 0.4826 	 0.2748 	 0.0259 	 0.0000 	 2.6235 	 -0.1335 	 0.0000 
45.0000 	 0.0013 	 0.0025 	 0.0018 	 0.0000 	 0.1720 	 0.2759 	 1905.1363 	 45.0000 	 0.1709 	 0.6942 	 0.8365 	 0.0000 	 0.6498 	 0.3057 	 0.1788 
42.0000 	 0.0011 	 0.0251 	 1.0000 	 0.0000 	 2.6189 	 4.2810 	 1907.9436 	 42.0000 	 0.3228 	 0.6937 	 0.1482 	 0.0000 	 2.7845 	 0.2882 	 0.1006 
39.0000 	 0.0031 	 0.0101 	 0.6852 	 0.0000 	 1.7174 	 2.9487 	 1908.2929 	 39.0000 	 0.5213 	 0.4861 	 0.4027 	 0.0000 	 0.5260 	 0.2732 	 0.0000 
36.0000 	 0.3818 	 0.0048 	 0.0159 	 0.0000 	 1.2557 	 2.0166 	 1907.7658 	 36.0000 	 0.5092 	 0.4251 	 0.7761 	 0.0000 	 0.1119 	 0.3672 	 0.0590 
32.0000 	 0.0723 	 0.7550 	 0.0012 	 0.0000 	 3.7665 	 5.9687 	 1908.2942 	 32.0000 	 0.1249 	 0.5224 	 0.0487 	 0.0000 	 0.6399 	 -0.2154 	 0.0000 
29.0000 	 0.0614 	 0.0458 	 0.1936 	 0.0000 	 0.6689 	 1.0971 	 1908.2935 	 29.0000 	 0.9720 	 0.5774 	 0.0533 	 0.0000 	 1.8697 	 0.3422 	 0.0000 
26.0000 	 0.0013 	 0.0127 	 0.0265 	 0.0000 	 2.6469 	 4.3274 	 1908.2942 	 26.0000 	 0.9809 	 0.9405 	 0.0227 	 0.0000 	 1.0733 	 0.4801 	 0.0000 
22.0000 	 0.0133 	 0.4496 	 0.0675 	 0.0000 	 2.1494 	 3.4424 	 1907.4463 	 22.0000 	 0.1829 	 0.0169 	 0.8530 	 0.0000 	 1.9568 	 0.1568 	 0.1385 
20.0000 	 0.0078 	 0.0083 	 0.0017 	 0.0000 	 6.7520 	 -4.4602 	 2037.3473 	 20.0000 	 0.8902 	 0.9684 	 0.7596 	 0.0000 	 1.4665 	 0.2170 	 0.0000 
15.0000 	 0.8058 	 0.1355 	 0.0032 	 0.0000 	 0.4700 	 0.7224 	 1908.2942 	 15.0000 	 0.7957 	 0.6839 	 0.9448 	 0.0000 	 0.4680 	 0.0914 	 0.0000 
13.0000 	 0.0773 	 0.1407 	 0.0325 	 0.0000 	 3.8535 	 6.0620 	 1908.2942 	 13.0000 	 0.0012 	 0.9288 	 0.2839 	 0.0000 	 2.0385 	 -0.2137 	 0.0000 
9.0000 	 0.0010 	 0.0035 	 0.6536 	 0.0000 	 3.9842 	 5.6892 	 1908.2629 	 9.0000 	 0.4365 	 0.0926 	 0.5614 	 0.0000 	 0.5055 	 -0.2395 	 0.0066 
6.0000 	 0.0069 	 1.0000 	 0.0290 	 0.0000 	 2.1801 	 3.3609 	 1908.2942 	 6.0000 	 0.6989 	 0.9400 	 0.3954 	 0.0000 	 2.3230 	 0.0990 	 0.0000 
3.0000 	 0.1514 	 0.0055 	 0.0892 	 0.0000 	 1.8621 	 2.7222 	 1906.8286 	 3.0000 	 0.3262 	 0.1225 	 0.4702 	 0.0000 	 2.1525 	 0.4863 	 0.1876 
49.0000 	 0.2194 	 0.0023 	 0.0736 	 1.0000 	 0.0055 	 0.0000 	 313.9598 	 49.0000 	 0.3473 	 0.2610 	 0.7132 	 10.0000 	 2.3011 	 0.0000 	 0.1028 
49.0000 	 0.6051 	 0.0010 	 0.0108 	 5.8866 	 0.0010 	 0.0000 	 524.5299 	 49.0000 	 0.0933 	 0.9442 	 0.3038 	 10.0000 	 1.9195 	 0.0000 	 0.8526 
50.0000 	 0.2579 	 0.0011 	 0.0472 	 1.2267 	 0.0016 	 0.0000 	 272.3726 	 50.0000 	 0.5432 	 0.1460 	 0.1500 	 14.0000 	 1.5487 	 0.0000 	 0.1575 
49.0000 	 0.1190 	 0.0010 	 0.0387 	 3.6895 	 0.0046 	 0.0000 	 269.5140 	 49.0000 	 0.0616 	 0.4868 	 0.6337 	 10.0000 	 1.3905 	 0.0000 	 0.8939 
50.0000 	 0.2614 	 0.0022 	 0.9697 	 1.0000 	 0.0715 	 0.0000 	 290.9693 	 50.0000 	 0.6908 	 0.7316 	 0.2593 	 1.0000 	 2.2912 	 0.0000 	 0.1260 
50.0000 	 0.0094 	 0.0087 	 0.0012 	 6.9001 	 0.0018 	 0.0000 	 775.6400 	 50.0000 	 0.6677 	 0.8347 	 0.5074 	 8.0000 	 2.1600 	 0.0000 	 0.5005 
50.0000 	 0.9332 	 0.0809 	 0.0987 	 1.0000 	 0.0180 	 0.0000 	 807.6220 	 50.0000 	 0.5091 	 0.2658 	 0.9997 	 13.0000 	 2.0107 	 0.0000 	 0.1863 
50.0000 	 0.1297 	 0.0015 	 0.0302 	 1.7431 	 0.0031 	 0.0000 	 357.6577 	 50.0000 	 0.7788 	 0.7195 	 0.2674 	 11.0000 	 2.9405 	 0.0000 	 0.2289 
50.0000 	 0.0809 	 0.0056 	 1.0000 	 1.2836 	 0.2183 	 0.0000 	 354.1822 	 50.0000 	 0.8668 	 0.3768 	 0.5291 	 1.0000 	 1.7870 	 0.0000 	 0.8953 
50.0000 	 0.5394 	 0.0280 	 0.4496 	 1.3644 	 0.1113 	 0.0000 	 811.2126 	 50.0000 	 0.6908 	 0.7316 	 0.2593 	 1.0000 	 2.2912 	 0.0000 	 0.1931 
50.0000 	 0.2630 	 0.0015 	 0.0246 	 1.0618 	 0.0012 	 0.0000 	 157.2132 	 50.0000 	 0.5432 	 0.1460 	 0.1500 	 14.0000 	 1.5487 	 0.0000 	 0.9917 
49.0000 	 0.1089 	 0.0010 	 0.0255 	 3.7719 	 0.0026 	 0.0000 	 344.2854 	 49.0000 	 0.7788 	 0.7195 	 0.2674 	 11.0000 	 2.9405 	 0.0000 	 0.5026 
50.0000 	 0.9549 	 0.0165 	 0.1713 	 1.0030 	 0.0022 	 0.0000 	 596.5974 	 50.0000 	 0.4867 	 0.5359 	 0.1466 	 15.0000 	 1.6454 	 0.0000 	 0.3444 
49.0000 	 0.0043 	 0.0130 	 0.6809 	 3.3216 	 1.0090 	 0.0000 	 585.2828 	 49.0000 	 0.1813 	 0.2725 	 0.9521 	 1.0000 	 1.6791 	 0.0000 	 1.0152 
49.0000 	 0.0101 	 0.0099 	 0.6531 	 4.0108 	 0.7790 	 0.0000 	 562.7679 	 49.0000 	 0.1813 	 0.2725 	 0.9521 	 1.0000 	 1.6791 	 0.0000 	 0.9248 
48.0000 	 0.0182 	 0.0010 	 0.0069 	 30.0714 	 0.0056 	 0.0000 	 673.8703 	 48.0000 	 0.4501 	 0.9464 	 0.3777 	 10.0000 	 1.7820 	 0.0000 	 0.1869 
49.0000 	 0.1830 	 0.0032 	 0.9915 	 1.0000 	 0.0837 	 0.0000 	 201.0834 	 49.0000 	 0.0451 	 0.1693 	 0.1308 	 10.0000 	 0.1664 	 0.0000 	 0.9733 
47.0000 	 0.1780 	 0.0010 	 0.0293 	 1.6028 	 0.0016 	 0.0000 	 180.4241 	 47.0000 	 0.2200 	 0.3936 	 0.7962 	 14.0000 	 2.2131 	 0.0000 	 0.9624 
49.0000 	 0.0915 	 0.0059 	 0.9197 	 1.0027 	 0.1690 	 0.0000 	 278.5304 	 49.0000 	 0.3620 	 0.9796 	 0.1766 	 3.0000 	 1.3726 	 0.0000 	 0.8240 
50.0000 	 0.4815 	 0.0165 	 0.0114 	 1.1936 	 0.0022 	 0.0000 	 787.3542 	 50.0000 	 0.5091 	 0.2658 	 0.9997 	 13.0000 	 2.0107 	 0.0000 	 0.4966 
48.0000 	 0.2343 	 0.0035 	 0.1994 	 1.0080 	 0.0216 	 0.0000 	 274.4392 	 48.0000 	 0.9693 	 0.4994 	 0.0857 	 8.0000 	 1.7834 	 0.0000 	 0.9587 
48.0000 	 0.8043 	 0.0011 	 0.8204 	 2.1899 	 0.0252 	 0.0000 	 267.5649 	 48.0000 	 0.4960 	 0.1415 	 0.8970 	 10.0000 	 2.6795 	 0.0000 	 0.9538 
48.0000 	 0.0902 	 0.0101 	 1.0000 	 7.4427 	 1.5141 	 0.0000 	 388.7405 	 48.0000 	 0.1108 	 0.0101 	 0.9186 	 7.0000 	 2.4624 	 0.0000 	 0.9930 
49.0000 	 0.7028 	 0.0259 	 0.0135 	 1.1851 	 0.0021 	 0.0000 	 793.6595 	 49.0000 	 0.2059 	 0.6573 	 0.0742 	 14.0000 	 0.7615 	 0.0000 	 1.3988 
48.0000 	 0.0778 	 0.0023 	 0.0155 	 2.8449 	 0.0031 	 0.0000 	 395.0474 	 48.0000 	 0.2239 	 0.7455 	 0.0038 	 2.0000 	 2.4749 	 0.0000 	 0.4577 
48.0000 	 0.8921 	 0.0022 	 0.1253 	 4.7499 	 0.0091 	 0.0000 	 390.9491 	 48.0000 	 0.6808 	 0.8972 	 0.2715 	 8.0000 	 2.4147 	 0.0000 	 0.9596 
47.0000 	 0.0174 	 1.0000 	 0.0010 	 10.8734 	 0.0062 	 0.0000 	 846.1185 	 47.0000 	 0.6696 	 0.8252 	 0.8587 	 5.0000 	 2.6788 	 0.0000 	 0.3529 
47.0000 	 0.4177 	 0.0844 	 0.0152 	 1.2136 	 0.0069 	 0.0000 	 840.7986 	 47.0000 	 0.1126 	 0.7076 	 0.2261 	 11.0000 	 0.8917 	 0.0000 	 0.7367 
48.0000 	 0.1128 	 0.0025 	 0.0526 	 1.0026 	 0.0042 	 0.0000 	 192.4290 	 48.0000 	 0.4898 	 0.1767 	 0.1115 	 15.0000 	 1.5947 	 0.0000 	 0.9986 
48.0000 	 0.8345 	 0.0912 	 0.4063 	 1.0000 	 0.0962 	 0.0000 	 819.1307 	 48.0000 	 0.4832 	 0.7795 	 0.4949 	 14.0000 	 2.4881 	 0.0000 	 0.2419 
46.0000 	 0.5961 	 0.0193 	 0.0409 	 1.6865 	 0.0098 	 0.0000 	 818.5972 	 46.0000 	 0.6436 	 0.3108 	 0.2494 	 15.0000 	 1.5101 	 0.0000 	 0.0981 
49.0000 	 0.1123 	 0.0044 	 0.0084 	 1.0000 	 0.0011 	 0.0000 	 273.6228 	 49.0000 	 0.0385 	 0.2532 	 0.8950 	 6.0000 	 0.2059 	 0.0000 	 0.9022 
48.0000 	 0.0021 	 0.9877 	 0.0081 	 1.6811 	 0.1240 	 0.0000 	 834.3341 	 48.0000 	 0.3788 	 0.6513 	 0.5672 	 7.0000 	 2.4607 	 0.0000 	 0.2250 
46.0000 	 0.1602 	 0.0010 	 0.9854 	 3.0923 	 0.0835 	 0.0000 	 157.1098 	 46.0000 	 0.6930 	 0.8241 	 0.2015 	 4.0000 	 1.6214 	 0.0000 	 0.9949 
47.0000 	 0.0151 	 0.7722 	 0.0041 	 3.7559 	 0.0270 	 0.0000 	 844.2198 	 47.0000 	 0.2035 	 0.6749 	 0.3090 	 12.0000 	 0.2081 	 0.0000 	 0.2932 
46.0000 	 0.0662 	 0.0032 	 0.0070 	 2.7594 	 0.0017 	 0.0000 	 424.0348 	 46.0000 	 0.9718 	 0.9013 	 0.6104 	 7.0000 	 2.3447 	 0.0000 	 0.6318 
46.0000 	 0.0250 	 0.0145 	 0.5735 	 4.5242 	 1.0360 	 0.0000 	 735.0027 	 46.0000 	 0.8093 	 0.4407 	 0.2848 	 3.0000 	 2.3906 	 0.0000 	 0.9918 
