49.0000 	 0.0025 	 9.9929 	 49.9985 	 0.0000 	 1523.9704 	 49.0000 	 2.9406 	 2.4866 	 0.3026 	 0.0000 	 0.1234 
50.0000 	 0.0025 	 9.9929 	 0.0010 	 0.0000 	 2167.5819 	 50.0000 	 0.2243 	 2.7319 	 0.0430 	 0.0000 	 0.2145 
50.0000 	 0.0028 	 9.9981 	 0.7871 	 0.0000 	 2225.4643 	 50.0000 	 2.3911 	 2.3243 	 6.5292 	 0.0000 	 0.1327 
50.0000 	 0.0025 	 9.9981 	 49.9997 	 0.0000 	 1534.9387 	 50.0000 	 2.8478 	 2.7591 	 5.7474 	 0.0000 	 0.1215 
50.0000 	 0.0025 	 9.9929 	 0.0010 	 0.0000 	 2200.3753 	 50.0000 	 2.1190 	 0.2394 	 6.9529 	 0.0000 	 0.1366 
50.0000 	 0.0044 	 9.3558 	 0.0010 	 0.0000 	 2197.3187 	 50.0000 	 1.4379 	 1.0945 	 2.1983 	 0.0000 	 0.0007 
37.0000 	 0.0025 	 10.0000 	 0.0010 	 0.0000 	 2174.0141 	 37.0000 	 0.0488 	 1.4600 	 2.1327 	 0.0000 	 0.1345 
50.0000 	 0.0025 	 9.9981 	 0.0010 	 0.0000 	 2199.6568 	 50.0000 	 0.2317 	 2.0797 	 5.2482 	 0.0000 	 0.1313 
50.0000 	 0.0025 	 9.9929 	 49.9985 	 0.0000 	 1525.7343 	 50.0000 	 1.5451 	 2.7761 	 0.0301 	 0.0000 	 0.1242 
50.0000 	 0.0025 	 9.9722 	 49.9985 	 0.0000 	 1529.2233 	 50.0000 	 2.1593 	 1.3052 	 2.8129 	 0.0000 	 0.1191 
36.0000 	 0.0046 	 9.9999 	 27.2096 	 0.0000 	 1528.2641 	 36.0000 	 2.7726 	 0.5710 	 5.1690 	 0.0000 	 0.2600 
34.0000 	 5.9999 	 9.9994 	 0.0010 	 0.0000 	 2257.6394 	 34.0000 	 1.7949 	 1.1321 	 0.0251 	 0.0000 	 0.1211 
36.0000 	 5.9999 	 9.9994 	 0.0010 	 0.0000 	 2218.7208 	 36.0000 	 2.7860 	 0.2921 	 3.4725 	 0.0000 	 0.1991 
36.0000 	 0.0025 	 9.9929 	 49.9985 	 0.0000 	 1845.1297 	 36.0000 	 1.6572 	 0.7818 	 3.6599 	 0.0000 	 0.1358 
35.0000 	 0.6513 	 1.5735 	 25.1755 	 0.0000 	 1846.3404 	 35.0000 	 2.7164 	 1.7188 	 0.7157 	 0.0000 	 0.3065 
36.0000 	 0.0094 	 9.9999 	 28.4321 	 0.0000 	 1520.2639 	 36.0000 	 1.2175 	 0.3448 	 6.1254 	 0.0000 	 0.2393 
36.0000 	 1.1961 	 9.4047 	 49.8718 	 0.0000 	 827.6571 	 36.0000 	 0.6502 	 1.8125 	 2.7622 	 0.0000 	 0.2763 
21.0000 	 0.0420 	 6.3152 	 13.4619 	 0.0000 	 1474.4295 	 21.0000 	 2.3102 	 1.5745 	 6.4401 	 0.0000 	 0.2361 
36.0000 	 1.1806 	 9.3302 	 49.5981 	 0.0000 	 823.9508 	 36.0000 	 2.1421 	 2.5774 	 2.4240 	 0.0000 	 0.0762 
22.0000 	 1.6870 	 6.4842 	 40.3121 	 0.0000 	 825.1591 	 22.0000 	 2.4229 	 2.0461 	 1.1948 	 0.0000 	 0.5434 
36.0000 	 1.1975 	 9.4265 	 50.0000 	 0.0000 	 827.4530 	 36.0000 	 0.9107 	 0.8562 	 6.1074 	 0.0000 	 0.1467 
20.0000 	 1.1382 	 4.6241 	 21.5984 	 0.0000 	 830.7099 	 20.0000 	 0.5883 	 0.4346 	 1.9665 	 0.0000 	 0.0880 
19.0000 	 1.1669 	 4.4327 	 20.6978 	 0.0000 	 831.3809 	 19.0000 	 1.7324 	 2.1348 	 6.8858 	 0.0000 	 0.1047 
35.0000 	 1.2240 	 9.1088 	 50.0000 	 0.0000 	 824.5000 	 35.0000 	 1.3717 	 0.0432 	 2.3768 	 0.0000 	 0.1127 
6.0000 	 3.4095 	 3.1467 	 9.0906 	 0.0000 	 828.4799 	 6.0000 	 2.5175 	 1.4793 	 4.5368 	 0.0000 	 0.4759 
5.0000 	 2.5539 	 1.3009 	 3.3211 	 0.0000 	 849.9794 	 5.0000 	 2.4852 	 1.2585 	 5.4354 	 0.0000 	 0.3037 
35.0000 	 0.0051 	 7.1058 	 32.5524 	 0.0000 	 1535.3463 	 35.0000 	 1.7257 	 2.3088 	 1.9736 	 0.0000 	 0.2101 
36.0000 	 1.1858 	 9.2005 	 49.4108 	 0.0000 	 828.3736 	 36.0000 	 2.7789 	 2.6915 	 6.1155 	 0.0000 	 0.3520 
7.0000 	 2.3926 	 2.4046 	 7.3576 	 0.0000 	 833.0739 	 7.0000 	 2.4333 	 1.1630 	 0.7729 	 0.0000 	 0.2599 
4.0000 	 3.6943 	 1.4213 	 3.3744 	 0.0000 	 850.9420 	 4.0000 	 2.5322 	 1.2251 	 2.4012 	 0.0000 	 0.4308 
35.0000 	 1.2253 	 8.8828 	 50.0000 	 0.0000 	 824.4590 	 35.0000 	 1.8756 	 0.2248 	 5.7200 	 0.0000 	 0.2133 
21.0000 	 1.2151 	 5.0013 	 25.0353 	 0.0000 	 829.3314 	 21.0000 	 2.0089 	 1.9518 	 4.5132 	 0.0000 	 0.1222 
21.0000 	 1.3515 	 5.1961 	 28.5272 	 0.0000 	 829.1887 	 21.0000 	 2.8323 	 2.8847 	 0.6498 	 0.0000 	 0.1257 
35.0000 	 0.2113 	 0.3011 	 1.6067 	 0.0000 	 1577.0723 	 35.0000 	 2.1689 	 2.0367 	 1.1740 	 0.0000 	 0.0607 
49.0000 	 0.0025 	 9.9722 	 49.9985 	 0.0000 	 1525.0816 	 49.0000 	 0.7968 	 2.4473 	 0.3888 	 0.0000 	 0.1209 
35.0000 	 1.1909 	 8.9955 	 48.2128 	 0.0000 	 827.1142 	 35.0000 	 2.2470 	 1.1189 	 0.7727 	 0.0000 	 0.2149 
21.0000 	 1.2937 	 5.0627 	 27.1776 	 0.0000 	 829.6019 	 21.0000 	 1.3740 	 1.3710 	 0.3645 	 0.0000 	 0.1543 
35.0000 	 1.2198 	 9.1703 	 48.9141 	 0.0000 	 826.6387 	 35.0000 	 2.9319 	 0.3293 	 6.6380 	 0.0000 	 0.4059 
21.0000 	 1.3292 	 5.2813 	 27.7328 	 0.0000 	 829.1533 	 21.0000 	 2.5885 	 0.0168 	 1.9467 	 0.0000 	 0.1496 
20.0000 	 1.1417 	 4.6325 	 21.5783 	 0.0000 	 830.6798 	 20.0000 	 2.7505 	 1.7097 	 1.3436 	 0.0000 	 0.0962 
20.0000 	 1.8555 	 6.7741 	 39.2630 	 0.0000 	 824.8278 	 20.0000 	 2.4954 	 2.4976 	 5.8037 	 0.0000 	 0.2446 
20.0000 	 0.0442 	 9.9897 	 6.2209 	 0.0000 	 1464.6846 	 20.0000 	 0.7034 	 2.1563 	 1.6582 	 0.0000 	 0.0936 
6.0000 	 4.4592 	 5.1958 	 15.0887 	 0.0000 	 823.2576 	 6.0000 	 1.0538 	 2.1956 	 6.3287 	 0.0000 	 0.7895 
21.0000 	 1.2793 	 5.1671 	 26.6834 	 0.0000 	 829.3583 	 21.0000 	 0.4508 	 2.1157 	 6.0299 	 0.0000 	 0.0783 
6.0000 	 2.6337 	 2.0482 	 5.7296 	 0.0000 	 835.7822 	 6.0000 	 2.8103 	 0.8254 	 1.8660 	 0.0000 	 0.4018 
6.0000 	 1.8928 	 1.3131 	 3.5280 	 0.0000 	 847.2046 	 6.0000 	 1.8528 	 0.8691 	 0.1983 	 0.0000 	 0.2828 
35.0000 	 1.2216 	 9.0371 	 50.0000 	 0.0000 	 824.5342 	 35.0000 	 0.0995 	 2.7488 	 1.1930 	 0.0000 	 0.1302 
37.0000 	 1.1807 	 10.0000 	 50.0000 	 0.0000 	 833.0617 	 37.0000 	 2.8983 	 0.2430 	 2.9089 	 0.0000 	 0.4622 
5.0000 	 2.8552 	 1.5398 	 3.9605 	 0.0000 	 843.6979 	 5.0000 	 2.4125 	 0.2174 	 3.0291 	 0.0000 	 0.4140 
5.0000 	 5.2601 	 4.5018 	 12.5913 	 0.0000 	 825.1854 	 5.0000 	 2.8811 	 2.5181 	 6.3771 	 0.0000 	 0.9049 
5.0000 	 2.5917 	 1.4245 	 3.5195 	 0.0000 	 845.7929 	 5.0000 	 0.6986 	 2.9526 	 4.7679 	 0.0000 	 0.3257 
20.0000 	 1.2773 	 4.9552 	 24.7760 	 0.0000 	 830.0909 	 20.0000 	 2.3623 	 2.7157 	 2.8170 	 0.0000 	 0.1094 
20.0000 	 0.0195 	 5.9360 	 11.6196 	 0.0000 	 1477.3031 	 20.0000 	 0.6824 	 2.3602 	 3.3013 	 0.0000 	 0.1203 
6.0000 	 3.9649 	 4.1954 	 11.9413 	 0.0000 	 825.4894 	 6.0000 	 0.5342 	 1.1328 	 6.1989 	 0.0000 	 0.8031 
21.0000 	 1.2686 	 5.1371 	 26.5278 	 0.0000 	 829.4795 	 21.0000 	 0.3673 	 2.2076 	 6.3402 	 0.0000 	 0.1170 
5.0000 	 5.6124 	 4.8867 	 13.9161 	 0.0000 	 826.4867 	 5.0000 	 2.0631 	 1.4728 	 6.2140 	 0.0000 	 0.6360 
6.0000 	 3.2534 	 2.9073 	 8.2688 	 0.0000 	 829.8894 	 6.0000 	 1.8916 	 1.0882 	 6.4561 	 0.0000 	 0.3912 
5.0000 	 2.8618 	 1.6313 	 4.1069 	 0.0000 	 842.8131 	 5.0000 	 1.4402 	 0.6186 	 3.2620 	 0.0000 	 0.3355 
21.0000 	 1.8890 	 7.1318 	 42.4979 	 0.0000 	 824.8458 	 21.0000 	 0.1832 	 0.6077 	 4.4036 	 0.0000 	 0.2717 
34.0000 	 1.2258 	 9.9722 	 49.9985 	 0.0000 	 822.7500 	 34.0000 	 0.4244 	 1.4463 	 2.9853 	 0.0000 	 0.1924 
50.0000 	 0.6694 	 0.0097 	 29.9409 	 0.0000 	 2228.6846 	 50.0000 	 1.7164 	 1.2939 	 0.6058 	 0.0000 	 0.2956 
20.0000 	 1.1364 	 4.6373 	 21.6882 	 0.0000 	 830.7530 	 20.0000 	 1.7760 	 1.9149 	 6.9253 	 0.0000 	 0.1254 
6.0000 	 4.7895 	 5.6756 	 17.2219 	 0.0000 	 822.9119 	 6.0000 	 2.7554 	 0.0954 	 3.0242 	 0.0000 	 0.9183 
22.0000 	 1.1586 	 5.1852 	 25.3408 	 0.0000 	 828.6653 	 22.0000 	 1.5427 	 1.9601 	 5.1276 	 0.0000 	 0.1723 
36.0000 	 1.1987 	 9.2782 	 50.0000 	 0.0000 	 827.2610 	 36.0000 	 2.8409 	 0.4433 	 1.8057 	 0.0000 	 0.1699 
5.0000 	 6.0000 	 5.7907 	 15.9037 	 0.0000 	 824.0942 	 5.0000 	 0.7108 	 2.6274 	 5.6284 	 0.0000 	 0.6863 
49.0000 	 0.0025 	 9.9981 	 49.8789 	 0.0000 	 1524.4318 	 49.0000 	 2.6521 	 0.9334 	 2.8453 	 0.0000 	 0.1193 
35.0000 	 1.2385 	 9.9722 	 49.9985 	 0.0000 	 806.3485 	 35.0000 	 0.5304 	 0.9165 	 6.3584 	 0.0000 	 0.1899 
20.0000 	 1.2042 	 4.7653 	 23.1584 	 0.0000 	 830.2355 	 20.0000 	 0.2090 	 0.7696 	 5.4410 	 0.0000 	 0.0920 
21.0000 	 1.4276 	 5.5126 	 30.3051 	 0.0000 	 828.6869 	 21.0000 	 2.4481 	 0.9975 	 3.5610 	 0.0000 	 0.1593 
50.0000 	 0.0026 	 9.9998 	 50.0000 	 0.0000 	 1529.7961 	 50.0000 	 2.9224 	 1.9742 	 0.7543 	 0.0000 	 0.6515 
20.0000 	 1.3842 	 5.1729 	 27.3158 	 0.0000 	 829.6875 	 20.0000 	 1.2490 	 1.1769 	 6.9592 	 0.0000 	 0.1900 
37.0000 	 1.1666 	 9.9994 	 50.0000 	 0.0000 	 832.9308 	 37.0000 	 2.8180 	 0.3123 	 4.6076 	 0.0000 	 0.2986 
6.0000 	 3.0897 	 2.8775 	 7.9489 	 0.0000 	 831.7360 	 6.0000 	 1.9711 	 1.3685 	 5.9445 	 0.0000 	 0.4482 
5.0000 	 4.0729 	 2.9443 	 7.8121 	 0.0000 	 831.7243 	 5.0000 	 1.8943 	 1.4336 	 5.4363 	 0.0000 	 0.4904 
34.0000 	 0.0125 	 9.9981 	 27.6040 	 0.0000 	 1514.1054 	 34.0000 	 1.5762 	 1.3738 	 6.7165 	 0.0000 	 1.0342 
6.0000 	 1.4518 	 0.9750 	 2.6163 	 0.0000 	 856.1650 	 6.0000 	 1.0347 	 0.9773 	 1.2542 	 0.0000 	 0.2527 
36.0000 	 1.2023 	 10.0000 	 50.0000 	 0.0000 	 828.7354 	 36.0000 	 1.0520 	 0.6860 	 1.7497 	 0.0000 	 0.5582 
49.0000 	 0.0025 	 9.9722 	 49.9985 	 0.0000 	 1525.2505 	 49.0000 	 1.7813 	 1.8412 	 2.9241 	 0.0000 	 0.1213 
19.0000 	 1.0605 	 4.2784 	 18.2710 	 0.0000 	 832.9508 	 19.0000 	 2.0489 	 1.4553 	 1.1726 	 0.0000 	 0.0865 
22.0000 	 1.1390 	 5.1614 	 24.7908 	 0.0000 	 829.0442 	 22.0000 	 1.2312 	 0.1401 	 4.8904 	 0.0000 	 0.0710 
19.0000 	 1.4362 	 5.0196 	 25.8905 	 0.0000 	 830.5696 	 19.0000 	 2.7026 	 0.1482 	 2.0734 	 0.0000 	 0.2092 
35.0000 	 1.2365 	 10.0000 	 50.0000 	 0.0000 	 828.0264 	 35.0000 	 1.8052 	 1.2894 	 4.3811 	 0.0000 	 0.1323 
7.0000 	 2.4920 	 2.6043 	 7.6185 	 0.0000 	 832.6743 	 7.0000 	 1.1129 	 1.6044 	 0.8808 	 0.0000 	 0.2873 
21.0000 	 1.3712 	 5.3138 	 28.9313 	 0.0000 	 828.7247 	 21.0000 	 0.6830 	 2.4592 	 3.5667 	 0.0000 	 0.2502 
4.0000 	 4.0888 	 1.7579 	 4.0264 	 0.0000 	 848.3361 	 4.0000 	 1.6538 	 1.0283 	 4.9869 	 0.0000 	 0.5614 
50.0000 	 0.0025 	 9.9722 	 49.9985 	 0.0000 	 1527.0900 	 50.0000 	 2.3841 	 2.4299 	 6.2819 	 0.0000 	 0.1223 
7.0000 	 2.7138 	 2.9681 	 9.1079 	 0.0000 	 829.0776 	 7.0000 	 1.1543 	 1.1887 	 3.2989 	 0.0000 	 0.4742 
5.0000 	 1.9219 	 0.8946 	 2.1973 	 0.0000 	 856.8125 	 5.0000 	 2.0250 	 1.7822 	 5.9384 	 0.0000 	 0.2981 
20.0000 	 1.2825 	 4.9041 	 24.9540 	 0.0000 	 829.8182 	 20.0000 	 1.3340 	 2.7676 	 3.5255 	 0.0000 	 0.1092 
36.0000 	 0.0029 	 9.9999 	 28.5687 	 0.0000 	 1520.6969 	 36.0000 	 0.0583 	 2.8424 	 0.2651 	 0.0000 	 0.7984 
4.0000 	 6.0000 	 3.6107 	 8.6021 	 0.0000 	 834.2057 	 4.0000 	 2.2294 	 2.9292 	 4.0908 	 0.0000 	 0.9061 
6.0000 	 2.6618 	 2.1112 	 6.0433 	 0.0000 	 835.0839 	 6.0000 	 1.9805 	 2.9746 	 6.5148 	 0.0000 	 0.3726 
5.0000 	 2.4367 	 1.2913 	 3.3498 	 0.0000 	 847.6987 	 5.0000 	 1.4892 	 2.9796 	 5.6850 	 0.0000 	 0.4273 
35.0000 	 1.2206 	 9.0580 	 49.5580 	 0.0000 	 825.0561 	 35.0000 	 2.5303 	 0.4617 	 2.5333 	 0.0000 	 0.1405 
21.0000 	 1.7737 	 6.7760 	 39.3736 	 0.0000 	 825.5520 	 21.0000 	 0.1889 	 2.8155 	 4.3899 	 0.0000 	 0.2276 
20.0000 	 1.5722 	 5.7344 	 31.3815 	 0.0000 	 828.7229 	 20.0000 	 1.8367 	 0.5211 	 4.3190 	 0.0000 	 0.2530 
6.0000 	 1.9974 	 1.3533 	 3.7492 	 0.0000 	 845.8583 	 6.0000 	 1.0188 	 2.0060 	 2.1111 	 0.0000 	 0.3135 
5.0000 	 2.3281 	 1.1709 	 3.0709 	 0.0000 	 848.9624 	 5.0000 	 2.3405 	 0.3534 	 6.6939 	 0.0000 	 0.3922 
49.0000 	 0.0025 	 9.9981 	 49.9997 	 0.0000 	 1524.9652 	 49.0000 	 0.7538 	 1.7065 	 4.4417 	 0.0000 	 0.1220 
49.0000 	 5.9868 	 0.0010 	 49.9985 	 0.0000 	 2197.7668 	 49.0000 	 2.6809 	 1.3326 	 1.6629 	 0.0000 	 0.2895 
37.0000 	 1.1695 	 9.9572 	 49.9981 	 0.0000 	 832.6791 	 37.0000 	 1.3292 	 0.9805 	 4.7987 	 0.0000 	 0.2153 
49.0000 	 0.0025 	 9.9929 	 0.0010 	 0.0000 	 2197.8911 	 49.0000 	 2.0292 	 1.7095 	 2.0908 	 0.0000 	 0.1426 
49.0000 	 0.0025 	 9.9929 	 49.9985 	 0.0000 	 1523.3910 	 49.0000 	 1.7014 	 2.3387 	 6.0939 	 0.0000 	 0.1216 
37.0000 	 0.0067 	 7.7855 	 34.1033 	 0.0000 	 1534.1363 	 37.0000 	 0.7841 	 1.4899 	 4.1687 	 0.0000 	 0.1031 
49.0000 	 0.6209 	 0.0261 	 26.4059 	 0.0000 	 2195.0220 	 49.0000 	 0.0636 	 1.6012 	 3.0062 	 0.0000 	 0.2937 
49.0000 	 5.9868 	 0.0010 	 49.9985 	 0.0000 	 2172.6798 	 49.0000 	 2.3122 	 2.4245 	 3.9668 	 0.0000 	 0.2889 
49.0000 	 0.0034 	 9.9202 	 50.0000 	 0.0000 	 1532.6165 	 49.0000 	 1.0851 	 0.4242 	 4.2728 	 0.0000 	 0.0676 
34.0000 	 0.0025 	 9.9929 	 0.0010 	 0.0000 	 2140.7855 	 34.0000 	 2.6868 	 2.8897 	 5.4339 	 0.0000 	 0.1364 
34.0000 	 0.5416 	 0.0459 	 20.3906 	 0.0000 	 2225.5363 	 34.0000 	 1.5894 	 1.3284 	 6.7245 	 0.0000 	 0.2995 
37.0000 	 5.9868 	 0.0010 	 49.9985 	 0.0000 	 2187.3381 	 37.0000 	 2.3264 	 1.5983 	 0.0841 	 0.0000 	 0.2795 
22.0000 	 1.3189 	 5.4875 	 29.5953 	 0.0000 	 828.2811 	 22.0000 	 1.7016 	 2.2782 	 1.1861 	 0.0000 	 0.1508 
37.0000 	 0.0025 	 7.7921 	 33.9309 	 0.0000 	 1534.3137 	 37.0000 	 2.8089 	 1.2310 	 3.5079 	 0.0000 	 0.1437 
22.0000 	 1.1859 	 5.1702 	 26.1793 	 0.0000 	 828.6735 	 22.0000 	 0.6385 	 1.3620 	 0.6416 	 0.0000 	 0.1267 
37.0000 	 1.1716 	 10.0000 	 50.0000 	 0.0000 	 832.8506 	 37.0000 	 1.4928 	 1.5269 	 6.4871 	 0.0000 	 0.2809 
19.0000 	 1.4846 	 5.2436 	 27.1406 	 0.0000 	 829.8551 	 19.0000 	 2.8590 	 0.7857 	 2.0310 	 0.0000 	 0.2878 
37.0000 	 0.5971 	 9.9939 	 2.1029 	 0.0000 	 1870.6690 	 37.0000 	 2.9776 	 1.6523 	 1.7665 	 0.0000 	 0.8736 
7.0000 	 2.5796 	 2.8256 	 8.4230 	 0.0000 	 829.9181 	 7.0000 	 2.4902 	 0.9136 	 0.5031 	 0.0000 	 0.4515 
4.0000 	 6.0000 	 3.7846 	 8.8353 	 0.0000 	 837.0138 	 4.0000 	 1.3063 	 1.7755 	 3.6388 	 0.0000 	 0.7437 
34.0000 	 1.2552 	 8.7693 	 49.9955 	 0.0000 	 823.2257 	 34.0000 	 1.7927 	 0.3286 	 4.5259 	 0.0000 	 0.1732 
34.0000 	 0.0069 	 7.1776 	 30.0735 	 0.0000 	 1535.0268 	 34.0000 	 0.9930 	 0.2612 	 4.8678 	 0.0000 	 0.1985 
37.0000 	 1.1692 	 9.3471 	 50.0000 	 0.0000 	 832.5681 	 37.0000 	 1.1255 	 1.5070 	 2.2757 	 0.0000 	 0.3016 
19.0000 	 1.3324 	 4.6376 	 24.0872 	 0.0000 	 830.7910 	 19.0000 	 0.1231 	 2.0342 	 2.4201 	 0.0000 	 0.1247 
37.0000 	 1.1720 	 10.0000 	 50.0000 	 0.0000 	 832.8680 	 37.0000 	 0.9229 	 1.9424 	 0.1452 	 0.0000 	 0.4471 
7.0000 	 1.8886 	 1.7260 	 5.2241 	 0.0000 	 839.9777 	 7.0000 	 1.7610 	 1.7472 	 3.7682 	 0.0000 	 0.2890 
22.0000 	 1.3889 	 5.7240 	 31.5119 	 0.0000 	 828.0132 	 22.0000 	 1.2528 	 1.8750 	 6.2564 	 0.0000 	 0.1208 
4.0000 	 2.6640 	 0.7641 	 1.8293 	 0.0000 	 864.7385 	 4.0000 	 0.3576 	 1.1140 	 6.6864 	 0.0000 	 0.3142 
22.0000 	 1.9535 	 7.7200 	 48.9763 	 0.0000 	 822.8638 	 22.0000 	 2.4109 	 1.8627 	 3.5118 	 0.0000 	 0.3142 
34.0000 	 0.3556 	 0.8206 	 4.3090 	 0.0000 	 1576.2825 	 34.0000 	 1.5986 	 2.3402 	 2.8341 	 0.0000 	 0.0303 
34.0000 	 0.0039 	 7.1972 	 30.3639 	 0.0000 	 1534.7420 	 34.0000 	 2.0464 	 2.6194 	 0.2701 	 0.0000 	 0.1091 
48.0000 	 0.0025 	 0.0010 	 49.9985 	 0.0000 	 2180.6037 	 48.0000 	 1.0281 	 0.3760 	 2.9895 	 0.0000 	 0.2732 
34.0000 	 0.0025 	 10.0000 	 27.5432 	 0.0000 	 1518.1768 	 34.0000 	 1.2554 	 2.8799 	 4.6382 	 0.0000 	 0.2256 
19.0000 	 1.4049 	 4.9635 	 25.2702 	 0.0000 	 830.5831 	 19.0000 	 2.5106 	 2.3329 	 2.2143 	 0.0000 	 0.1859 
48.0000 	 0.0025 	 9.9929 	 49.9985 	 0.0000 	 1524.0048 	 48.0000 	 0.3960 	 2.6163 	 0.5499 	 0.0000 	 0.1188 
7.0000 	 2.0735 	 2.0522 	 6.0742 	 0.0000 	 836.9173 	 7.0000 	 0.1300 	 2.8328 	 1.7356 	 0.0000 	 0.4911 
19.0000 	 1.3074 	 4.6712 	 23.6700 	 0.0000 	 830.9626 	 19.0000 	 2.8374 	 2.4707 	 0.2383 	 0.0000 	 0.2033 
4.0000 	 6.0000 	 3.5652 	 8.5085 	 0.0000 	 834.6821 	 4.0000 	 0.0650 	 2.7274 	 3.4495 	 0.0000 	 1.3960 
22.0000 	 1.2612 	 5.4379 	 28.1681 	 0.0000 	 828.4261 	 22.0000 	 0.1633 	 2.2865 	 5.8100 	 0.0000 	 0.1013 
34.0000 	 1.2390 	 8.8838 	 48.9777 	 0.0000 	 823.5695 	 34.0000 	 0.6106 	 2.8933 	 5.5914 	 0.0000 	 0.3997 
7.0000 	 2.9969 	 3.3831 	 10.4197 	 0.0000 	 826.5762 	 7.0000 	 0.7688 	 0.4962 	 2.1380 	 0.0000 	 0.3283 
22.0000 	 1.3984 	 5.7955 	 31.5787 	 0.0000 	 828.2489 	 22.0000 	 2.1737 	 2.9788 	 6.6792 	 0.0000 	 0.1655 
4.0000 	 3.1495 	 1.1038 	 2.4794 	 0.0000 	 859.8989 	 4.0000 	 2.4037 	 1.4127 	 3.5164 	 0.0000 	 0.4250 
48.0000 	 0.0029 	 9.4983 	 49.7394 	 0.0000 	 1532.4514 	 48.0000 	 2.7908 	 2.2542 	 0.9778 	 0.0000 	 0.0761 
22.0000 	 1.4692 	 6.0314 	 33.8534 	 0.0000 	 827.8644 	 22.0000 	 1.3818 	 2.8699 	 6.9985 	 0.0000 	 0.1343 
19.0000 	 1.3429 	 4.6952 	 24.3083 	 0.0000 	 830.6297 	 19.0000 	 2.9393 	 1.2431 	 4.2141 	 0.0000 	 0.1278 
38.0000 	 0.0025 	 7.7816 	 35.6981 	 0.0000 	 1533.9915 	 38.0000 	 1.1469 	 0.1878 	 5.5315 	 0.0000 	 0.0607 
38.0000 	 0.0025 	 9.9929 	 28.9790 	 0.0000 	 1533.6712 	 38.0000 	 1.7642 	 0.3411 	 6.0398 	 0.0000 	 0.1762 
7.0000 	 1.4720 	 1.3494 	 3.8599 	 0.0000 	 849.5452 	 7.0000 	 0.2408 	 2.8498 	 1.9729 	 0.0000 	 0.2223 
4.0000 	 2.4424 	 0.7592 	 1.7219 	 0.0000 	 867.7703 	 4.0000 	 1.6284 	 0.6046 	 6.1252 	 0.0000 	 0.4469 
19.0000 	 1.3892 	 4.8949 	 25.0906 	 0.0000 	 830.5314 	 19.0000 	 2.8842 	 1.5765 	 0.1371 	 0.0000 	 0.1981 
22.0000 	 1.7342 	 6.7368 	 41.4388 	 0.0000 	 825.7192 	 22.0000 	 0.4903 	 0.2634 	 3.0185 	 0.0000 	 0.1551 
7.0000 	 2.6118 	 2.8418 	 8.5298 	 0.0000 	 830.2462 	 7.0000 	 1.8279 	 1.4891 	 1.3620 	 0.0000 	 0.3179 
19.0000 	 1.1113 	 4.3097 	 19.5669 	 0.0000 	 831.8315 	 19.0000 	 0.0876 	 0.4517 	 0.2913 	 0.0000 	 0.0860 
4.0000 	 5.5476 	 3.2951 	 7.9616 	 0.0000 	 837.7353 	 4.0000 	 0.7051 	 1.4355 	 2.4127 	 0.0000 	 1.3790 
7.0000 	 2.6064 	 2.6376 	 8.1789 	 0.0000 	 831.4929 	 7.0000 	 1.6549 	 0.3442 	 2.6237 	 0.0000 	 0.3878 
4.0000 	 2.1446 	 0.6188 	 1.3644 	 0.0000 	 872.3154 	 4.0000 	 2.1824 	 0.4272 	 5.6134 	 0.0000 	 0.4671 
48.0000 	 0.0025 	 9.9929 	 49.9985 	 0.0000 	 1523.7164 	 48.0000 	 2.1492 	 2.8285 	 4.8916 	 0.0000 	 0.1179 
48.0000 	 5.9868 	 0.0010 	 49.9985 	 0.0000 	 2184.6608 	 48.0000 	 1.1233 	 1.4012 	 0.0784 	 0.0000 	 0.2888 
19.0000 	 1.9652 	 6.6463 	 38.6664 	 0.0000 	 824.3648 	 19.0000 	 1.3730 	 2.6841 	 2.7624 	 0.0000 	 0.2382 
38.0000 	 1.1366 	 10.0000 	 50.0000 	 0.0000 	 840.5644 	 38.0000 	 2.8209 	 0.1956 	 4.6631 	 0.0000 	 0.4749 
7.0000 	 1.8309 	 1.6803 	 4.9911 	 0.0000 	 841.3494 	 7.0000 	 2.6374 	 1.1432 	 2.7338 	 0.0000 	 0.3532 
33.0000 	 1.2649 	 8.4785 	 48.9666 	 0.0000 	 822.7608 	 33.0000 	 2.2308 	 2.2261 	 0.8958 	 0.0000 	 0.1108 
4.0000 	 2.8845 	 1.0064 	 2.1450 	 0.0000 	 863.3399 	 4.0000 	 2.7795 	 2.1006 	 6.5028 	 0.0000 	 0.4028 
38.0000 	 0.0162 	 7.7722 	 35.7156 	 0.0000 	 1533.9306 	 38.0000 	 2.1562 	 1.4878 	 1.2740 	 0.0000 	 0.0620 
33.0000 	 0.0237 	 9.3608 	 26.7508 	 0.0000 	 1514.2564 	 33.0000 	 0.9134 	 0.6120 	 5.5077 	 0.0000 	 0.2800 
48.0000 	 0.0076 	 9.6786 	 49.3281 	 0.0000 	 1532.4356 	 48.0000 	 2.6110 	 2.4150 	 0.6638 	 0.0000 	 0.0626 
38.0000 	 1.1444 	 10.0000 	 50.0000 	 0.0000 	 840.1786 	 38.0000 	 0.1114 	 0.2755 	 6.8872 	 0.0000 	 0.5270 
23.0000 	 1.2578 	 5.6546 	 30.1083 	 0.0000 	 827.4666 	 23.0000 	 0.5383 	 0.5862 	 3.7222 	 0.0000 	 0.1066 
23.0000 	 1.2576 	 5.6526 	 29.7036 	 0.0000 	 827.7449 	 23.0000 	 1.4753 	 0.3155 	 4.9227 	 0.0000 	 0.2653 
33.0000 	 0.4539 	 1.8085 	 6.5305 	 0.0000 	 1604.3298 	 33.0000 	 2.3925 	 0.0885 	 5.6797 	 0.0000 	 0.0604 
18.0000 	 1.1312 	 3.9984 	 18.1764 	 0.0000 	 832.8843 	 18.0000 	 2.5403 	 1.7508 	 6.7242 	 0.0000 	 0.1016 
48.0000 	 0.0025 	 9.9722 	 49.9985 	 0.0000 	 1523.2145 	 48.0000 	 2.8859 	 0.4300 	 2.4285 	 0.0000 	 0.1206 
38.0000 	 0.0090 	 7.8686 	 35.4706 	 0.0000 	 1534.0175 	 38.0000 	 1.7311 	 1.8942 	 0.6545 	 0.0000 	 0.0767 
18.0000 	 1.1518 	 4.1506 	 18.7362 	 0.0000 	 832.5238 	 18.0000 	 0.8694 	 1.4648 	 4.3687 	 0.0000 	 0.1156 
48.0000 	 0.0025 	 9.9722 	 49.9985 	 0.0000 	 1521.2674 	 48.0000 	 2.3831 	 0.3980 	 3.2935 	 0.0000 	 0.1373 
33.0000 	 1.2890 	 8.7708 	 50.0000 	 0.0000 	 822.6640 	 33.0000 	 0.8284 	 2.8573 	 2.2156 	 0.0000 	 0.0925 
23.0000 	 1.2522 	 5.6167 	 29.6972 	 0.0000 	 827.5635 	 23.0000 	 0.4820 	 2.8230 	 0.7481 	 0.0000 	 0.1136 
8.0000 	 2.3363 	 2.8061 	 9.8725 	 0.0000 	 830.4499 	 8.0000 	 1.8539 	 2.6881 	 3.5423 	 0.0000 	 0.4885 
3.0000 	 3.0490 	 0.4105 	 0.7843 	 0.0000 	 893.1916 	 3.0000 	 1.6240 	 1.1852 	 4.2260 	 0.0000 	 0.5207 
8.0000 	 2.6100 	 3.4577 	 11.4462 	 0.0000 	 826.7188 	 8.0000 	 1.5843 	 1.6554 	 6.9446 	 0.0000 	 0.3786 
3.0000 	 6.0000 	 1.8016 	 3.6916 	 0.0000 	 853.3079 	 3.0000 	 1.5702 	 1.4959 	 2.1129 	 0.0000 	 1.0295 
18.0000 	 2.1499 	 6.9339 	 40.1497 	 0.0000 	 822.8632 	 18.0000 	 2.9826 	 2.2458 	 0.9516 	 0.0000 	 0.3520 
33.0000 	 0.3942 	 0.9975 	 5.1442 	 0.0000 	 1576.3234 	 33.0000 	 0.3925 	 1.5388 	 4.1029 	 0.0000 	 0.0243 
8.0000 	 1.9115 	 2.1796 	 7.1229 	 0.0000 	 836.7144 	 8.0000 	 2.5642 	 1.4496 	 1.6728 	 0.0000 	 0.2823 
3.0000 	 1.4487 	 0.1403 	 0.2791 	 0.0000 	 912.3232 	 3.0000 	 0.8026 	 2.7770 	 3.0607 	 0.0000 	 0.2924 
38.0000 	 0.0033 	 7.8223 	 35.6294 	 0.0000 	 1533.9500 	 38.0000 	 1.1527 	 0.9658 	 0.1181 	 0.0000 	 0.0722 
47.0000 	 0.0025 	 9.9722 	 49.9985 	 0.0000 	 1525.3912 	 47.0000 	 1.6425 	 1.0352 	 3.2263 	 0.0000 	 0.1220 
23.0000 	 1.2239 	 5.5624 	 29.0808 	 0.0000 	 827.6542 	 23.0000 	 1.5068 	 1.1954 	 3.5467 	 0.0000 	 0.0775 
48.0000 	 0.0025 	 9.9929 	 49.9985 	 0.0000 	 1533.2397 	 48.0000 	 2.8099 	 1.7978 	 1.6077 	 0.0000 	 0.1083 
38.0000 	 0.0673 	 7.7568 	 35.6240 	 0.0000 	 1534.0589 	 38.0000 	 1.5033 	 2.8298 	 5.6874 	 0.0000 	 0.0792 
23.0000 	 0.0036 	 9.9929 	 10.6206 	 0.0000 	 1493.8504 	 23.0000 	 0.8362 	 1.9808 	 4.8404 	 0.0000 	 0.6645 
33.0000 	 1.2704 	 8.5343 	 49.0313 	 0.0000 	 822.6424 	 33.0000 	 2.9951 	 0.6808 	 2.9712 	 0.0000 	 0.0831 
47.0000 	 0.0025 	 9.9929 	 49.9985 	 0.0000 	 1525.2330 	 47.0000 	 2.6763 	 1.4353 	 6.3026 	 0.0000 	 0.1217 
47.0000 	 0.0025 	 8.8392 	 49.9985 	 0.0000 	 1531.1947 	 47.0000 	 0.7981 	 0.2589 	 4.1361 	 0.0000 	 0.1203 
48.0000 	 0.1543 	 0.1854 	 1.1408 	 0.0000 	 1575.7362 	 48.0000 	 2.1845 	 1.8714 	 3.6770 	 0.0000 	 0.0460 
33.0000 	 0.0142 	 10.0000 	 26.9904 	 0.0000 	 1520.0369 	 33.0000 	 1.1013 	 0.5039 	 0.0850 	 0.0000 	 0.1147 
38.0000 	 5.9996 	 9.9981 	 0.0010 	 0.0000 	 2256.0314 	 38.0000 	 0.3052 	 0.6269 	 6.1849 	 0.0000 	 0.1216 
33.0000 	 0.1240 	 9.9981 	 49.9997 	 0.0000 	 2015.4399 	 33.0000 	 2.4883 	 2.7700 	 3.2552 	 0.0000 	 0.1436 
18.0000 	 1.7872 	 5.8208 	 30.3788 	 0.0000 	 828.4387 	 18.0000 	 1.2507 	 0.8091 	 2.0591 	 0.0000 	 0.2154 
18.0000 	 1.2188 	 4.2254 	 20.0158 	 0.0000 	 832.2250 	 18.0000 	 1.8751 	 2.4711 	 1.5882 	 0.0000 	 0.1032 
23.0000 	 1.1813 	 5.4828 	 27.5113 	 0.0000 	 827.8642 	 23.0000 	 2.9124 	 1.2368 	 2.5239 	 0.0000 	 0.0798 
39.0000 	 0.0228 	 8.0810 	 37.0674 	 0.0000 	 1533.8691 	 39.0000 	 2.8280 	 0.0039 	 6.5248 	 0.0000 	 0.0743 
8.0000 	 2.8715 	 4.0524 	 13.2944 	 0.0000 	 824.4080 	 8.0000 	 0.3517 	 0.9855 	 5.2356 	 0.0000 	 0.3529 
8.0000 	 4.0319 	 6.5042 	 23.9979 	 0.0000 	 819.3291 	 8.0000 	 2.5763 	 2.2522 	 4.0377 	 0.0000 	 0.5244 
3.0000 	 0.0025 	 9.9722 	 49.9985 	 0.0000 	 2215.9007 	 3.0000 	 1.7327 	 0.8812 	 5.1646 	 0.0000 	 0.2435 
33.0000 	 5.9996 	 9.9981 	 0.0010 	 0.0000 	 2225.5157 	 33.0000 	 0.4592 	 0.4502 	 0.0836 	 0.0000 	 0.1931 
3.0000 	 5.9996 	 1.2067 	 2.9269 	 0.0000 	 845.0175 	 3.0000 	 1.6883 	 0.9640 	 0.3203 	 0.0000 	 8.5297 
23.0000 	 1.8920 	 7.7733 	 49.8754 	 0.0000 	 823.7652 	 23.0000 	 1.5695 	 2.1550 	 1.6355 	 0.0000 	 0.2068 
23.0000 	 1.2613 	 5.6584 	 29.8796 	 0.0000 	 827.5622 	 23.0000 	 0.2016 	 0.1945 	 6.1365 	 0.0000 	 0.1065 
38.0000 	 0.9670 	 9.9299 	 37.8127 	 0.0000 	 958.2592 	 38.0000 	 2.6640 	 0.8867 	 1.0643 	 0.0000 	 1.3191 
18.0000 	 1.5735 	 5.1408 	 26.7839 	 0.0000 	 829.3740 	 18.0000 	 0.8712 	 1.1875 	 1.2984 	 0.0000 	 0.2054 
39.0000 	 1.1210 	 9.9855 	 50.0000 	 0.0000 	 851.8926 	 39.0000 	 1.6778 	 1.9332 	 5.3643 	 0.0000 	 0.4631 
47.0000 	 0.0025 	 9.9722 	 49.9985 	 0.0000 	 1525.7064 	 47.0000 	 1.1985 	 2.8917 	 0.3550 	 0.0000 	 0.1222 
23.0000 	 1.2117 	 5.5302 	 28.3779 	 0.0000 	 827.8448 	 23.0000 	 1.8821 	 2.1807 	 6.4245 	 0.0000 	 0.1443 
18.0000 	 1.1796 	 4.2008 	 19.1633 	 0.0000 	 832.3964 	 18.0000 	 1.1355 	 0.3527 	 0.9227 	 0.0000 	 0.1179 
8.0000 	 2.9397 	 4.1390 	 14.1376 	 0.0000 	 823.8884 	 8.0000 	 1.2079 	 1.7254 	 0.5062 	 0.0000 	 0.5571 
18.0000 	 1.5270 	 4.9172 	 25.6227 	 0.0000 	 830.1729 	 18.0000 	 1.4830 	 1.5954 	 5.6235 	 0.0000 	 0.1669 
32.0000 	 1.2411 	 8.1579 	 46.0869 	 0.0000 	 823.4806 	 32.0000 	 2.5697 	 1.3542 	 6.7892 	 0.0000 	 0.2899 
32.0000 	 5.9970 	 9.9929 	 0.0010 	 0.0000 	 2257.6103 	 32.0000 	 1.8620 	 0.6147 	 2.1834 	 0.0000 	 0.1221 
3.0000 	 1.6934 	 0.1668 	 0.3324 	 0.0000 	 907.7829 	 3.0000 	 2.0118 	 2.6197 	 0.4090 	 0.0000 	 0.3133 
8.0000 	 2.0886 	 2.4948 	 8.1692 	 0.0000 	 832.6454 	 8.0000 	 1.9821 	 0.4426 	 6.7148 	 0.0000 	 0.2963 
8.0000 	 2.5974 	 3.4210 	 11.3114 	 0.0000 	 826.9188 	 8.0000 	 2.3505 	 2.6178 	 1.8485 	 0.0000 	 0.3084 
3.0000 	 5.9999 	 1.5309 	 3.3459 	 0.0000 	 869.3937 	 3.0000 	 1.0929 	 0.0464 	 2.6717 	 0.0000 	 1.1710 
18.0000 	 1.8210 	 5.8211 	 31.6844 	 0.0000 	 827.0627 	 18.0000 	 2.0660 	 1.0562 	 3.3702 	 0.0000 	 0.2334 
3.0000 	 4.6280 	 1.1942 	 2.5033 	 0.0000 	 874.9333 	 3.0000 	 1.6163 	 2.2722 	 2.9629 	 0.0000 	 0.9948 
39.0000 	 1.1191 	 9.9653 	 49.9999 	 0.0000 	 848.6407 	 39.0000 	 2.0310 	 0.8466 	 3.0550 	 0.0000 	 1.4562 
8.0000 	 1.7950 	 2.1242 	 6.7898 	 0.0000 	 837.4392 	 8.0000 	 2.9773 	 0.5072 	 3.4574 	 0.0000 	 0.2620 
39.0000 	 0.0044 	 8.0011 	 36.8746 	 0.0000 	 1533.8181 	 39.0000 	 0.7463 	 0.1588 	 3.7340 	 0.0000 	 0.1790 
24.0000 	 1.2834 	 5.9156 	 32.6281 	 0.0000 	 826.8848 	 24.0000 	 1.8929 	 2.9500 	 4.6573 	 0.0000 	 0.1076 
3.0000 	 6.0000 	 1.5245 	 3.0681 	 0.0000 	 865.5262 	 3.0000 	 1.0067 	 1.2642 	 2.9618 	 0.0000 	 1.2757 
24.0000 	 1.2642 	 5.8888 	 32.1203 	 0.0000 	 826.9466 	 24.0000 	 1.6479 	 2.0460 	 4.9648 	 0.0000 	 0.1300 
33.0000 	 1.2715 	 8.6034 	 49.0138 	 0.0000 	 822.6463 	 33.0000 	 0.8230 	 2.2551 	 3.7973 	 0.0000 	 0.1030 
17.0000 	 1.0895 	 3.6803 	 16.1147 	 0.0000 	 833.6941 	 17.0000 	 2.6594 	 2.5780 	 5.5267 	 0.0000 	 0.2424 
17.0000 	 1.5033 	 4.5856 	 23.0770 	 0.0000 	 831.2471 	 17.0000 	 2.1222 	 2.9341 	 0.5377 	 0.0000 	 0.1770 
9.0000 	 3.4917 	 6.2076 	 23.8660 	 0.0000 	 819.2599 	 9.0000 	 2.6169 	 1.1826 	 5.7966 	 0.0000 	 0.4841 
9.0000 	 1.7777 	 2.5017 	 8.4100 	 0.0000 	 835.9609 	 9.0000 	 1.4949 	 0.5258 	 2.4929 	 0.0000 	 0.2739 
47.0000 	 5.9999 	 9.9994 	 0.0010 	 0.0000 	 2195.9978 	 47.0000 	 2.0650 	 1.8706 	 2.9939 	 0.0000 	 0.2344 
23.0000 	 1.3372 	 5.8942 	 32.2505 	 0.0000 	 827.5033 	 23.0000 	 2.9099 	 2.2805 	 6.7135 	 0.0000 	 0.1034 
2.0000 	 4.9297 	 0.1548 	 0.2859 	 0.0000 	 943.5185 	 2.0000 	 2.3393 	 0.3552 	 6.8942 	 0.0000 	 0.6676 
2.0000 	 5.9972 	 0.3286 	 0.4977 	 0.0000 	 952.8811 	 2.0000 	 0.3143 	 1.8840 	 1.8497 	 0.0000 	 0.8049 
32.0000 	 1.2351 	 8.1146 	 45.1447 	 0.0000 	 823.9840 	 32.0000 	 0.5303 	 2.9992 	 5.9221 	 0.0000 	 0.0884 
47.0000 	 5.9868 	 0.1751 	 49.9985 	 0.0000 	 2217.6910 	 47.0000 	 2.2509 	 2.1259 	 5.2636 	 0.0000 	 0.2797 
18.0000 	 1.6932 	 5.4864 	 28.9006 	 0.0000 	 827.5838 	 18.0000 	 0.1401 	 2.6254 	 2.0715 	 0.0000 	 0.2754 
8.0000 	 3.0073 	 4.1949 	 14.4264 	 0.0000 	 824.2419 	 8.0000 	 1.7388 	 1.3361 	 0.1455 	 0.0000 	 0.4511 
39.0000 	 0.0025 	 9.9929 	 49.9985 	 0.0000 	 1709.7605 	 39.0000 	 2.3916 	 0.1534 	 4.6653 	 0.0000 	 0.1345 
32.0000 	 1.2893 	 8.3116 	 48.2428 	 0.0000 	 822.5105 	 32.0000 	 2.2530 	 0.5530 	 1.1842 	 0.0000 	 0.2439 
3.0000 	 5.9970 	 1.6835 	 3.3797 	 0.0000 	 865.6576 	 3.0000 	 1.0944 	 1.0134 	 1.1819 	 0.0000 	 2.5295 
47.0000 	 0.0029 	 9.9722 	 49.9985 	 0.0000 	 1531.3497 	 47.0000 	 1.2792 	 2.1048 	 0.9577 	 0.0000 	 0.1229 
47.0000 	 5.9868 	 9.9722 	 0.0010 	 0.0000 	 2191.2313 	 47.0000 	 2.1802 	 1.4531 	 6.7525 	 0.0000 	 0.2590 
24.0000 	 1.1473 	 5.7410 	 28.4051 	 0.0000 	 827.9567 	 24.0000 	 1.9041 	 1.4335 	 4.4271 	 0.0000 	 0.1195 
39.0000 	 0.1507 	 10.0000 	 8.2660 	 0.0000 	 2085.2092 	 39.0000 	 0.1511 	 2.1807 	 1.1777 	 0.0000 	 0.1280 
17.0000 	 1.7127 	 5.1674 	 26.8785 	 0.0000 	 827.8560 	 17.0000 	 1.5049 	 1.8984 	 5.0800 	 0.0000 	 0.3170 
47.0000 	 5.9996 	 9.9981 	 0.0010 	 0.0000 	 2256.8387 	 47.0000 	 2.6389 	 2.4155 	 4.7992 	 0.0000 	 0.1227 
24.0000 	 1.2428 	 5.9275 	 31.0514 	 0.0000 	 827.1209 	 24.0000 	 2.1933 	 2.4744 	 1.8047 	 0.0000 	 0.1093 
9.0000 	 2.1651 	 3.2479 	 11.0761 	 0.0000 	 829.4155 	 9.0000 	 0.5907 	 0.7627 	 2.3596 	 0.0000 	 0.3844 
2.0000 	 0.1667 	 0.0107 	 0.0198 	 0.0000 	 988.6556 	 2.0000 	 1.3747 	 1.9547 	 5.9454 	 0.0000 	 0.6592 
39.0000 	 1.1204 	 9.9981 	 49.9997 	 0.0000 	 850.3601 	 39.0000 	 0.9887 	 1.1898 	 1.3810 	 0.0000 	 0.8463 
32.0000 	 1.3217 	 8.3026 	 50.0000 	 0.0000 	 822.2653 	 32.0000 	 2.1528 	 2.4977 	 0.4238 	 0.0000 	 0.0902 
17.0000 	 1.6640 	 5.0885 	 26.0323 	 0.0000 	 828.9668 	 17.0000 	 2.7385 	 1.9776 	 1.8381 	 0.0000 	 0.2105 
32.0000 	 1.3002 	 8.3062 	 48.7870 	 0.0000 	 822.5210 	 32.0000 	 2.0987 	 0.0755 	 2.7484 	 0.0000 	 0.0906 
39.0000 	 0.0031 	 7.9086 	 36.9228 	 0.0000 	 1533.7890 	 39.0000 	 2.9409 	 1.6027 	 1.8763 	 0.0000 	 0.0655 
9.0000 	 1.9649 	 2.7351 	 9.8852 	 0.0000 	 833.4818 	 9.0000 	 0.6523 	 1.5167 	 1.0721 	 0.0000 	 0.3769 
47.0000 	 0.0025 	 9.9929 	 49.9985 	 0.0000 	 1527.6858 	 47.0000 	 2.0874 	 0.7958 	 5.6512 	 0.0000 	 0.1221 
2.0000 	 5.7277 	 0.2172 	 0.4052 	 0.0000 	 936.1908 	 2.0000 	 1.3361 	 2.5917 	 1.0150 	 0.0000 	 0.8663 
24.0000 	 1.4548 	 6.5328 	 38.0940 	 0.0000 	 826.9211 	 24.0000 	 2.6203 	 0.7577 	 0.0430 	 0.0000 	 0.0853 
24.0000 	 1.2055 	 5.8527 	 30.0677 	 0.0000 	 827.1065 	 24.0000 	 2.7491 	 0.9136 	 1.6006 	 0.0000 	 0.1336 
32.0000 	 1.2947 	 8.1194 	 48.3885 	 0.0000 	 822.6321 	 32.0000 	 2.7538 	 0.2508 	 0.7097 	 0.0000 	 0.1205 
46.0000 	 0.0034 	 9.2524 	 46.3698 	 0.0000 	 1532.7432 	 46.0000 	 0.8429 	 0.1926 	 3.2157 	 0.0000 	 0.0691 
46.0000 	 0.0025 	 9.2071 	 46.6644 	 0.0000 	 1532.6489 	 46.0000 	 1.5290 	 2.4836 	 3.8099 	 0.0000 	 0.0862 
46.0000 	 0.0025 	 9.9722 	 49.9985 	 0.0000 	 1532.3603 	 46.0000 	 2.2440 	 0.6297 	 5.6462 	 0.0000 	 0.1235 
17.0000 	 1.2868 	 4.0787 	 19.3957 	 0.0000 	 833.0840 	 17.0000 	 1.6889 	 1.8024 	 5.5972 	 0.0000 	 0.1197 
17.0000 	 1.7450 	 5.3618 	 27.1449 	 0.0000 	 827.4789 	 17.0000 	 1.6329 	 1.8138 	 2.0680 	 0.0000 	 0.5472 
39.0000 	 0.3816 	 1.0372 	 5.6866 	 0.0000 	 1576.0506 	 39.0000 	 2.3795 	 2.4626 	 6.6367 	 0.0000 	 0.0348 
9.0000 	 1.6991 	 2.3112 	 8.0259 	 0.0000 	 837.2339 	 9.0000 	 1.1161 	 0.5418 	 1.1935 	 0.0000 	 0.3304 
9.0000 	 2.5460 	 3.9169 	 14.3082 	 0.0000 	 825.1131 	 9.0000 	 2.3975 	 1.8868 	 5.5123 	 0.0000 	 0.3829 
2.0000 	 0.0275 	 0.0010 	 0.0010 	 0.0000 	 1276.4086 	 2.0000 	 2.3984 	 0.2116 	 1.8217 	 0.0000 	 1.0579 
46.0000 	 0.0025 	 9.9981 	 49.9997 	 0.0000 	 1532.9674 	 46.0000 	 2.7474 	 2.2062 	 0.9314 	 0.0000 	 0.1240 
2.0000 	 2.5753 	 0.0533 	 0.0997 	 0.0000 	 954.2206 	 2.0000 	 1.2075 	 0.4256 	 3.0036 	 0.0000 	 1.0448 
40.0000 	 0.5234 	 0.0171 	 23.3006 	 0.0000 	 2225.8122 	 40.0000 	 2.8016 	 1.6929 	 5.3464 	 0.0000 	 0.2985 
32.0000 	 1.3192 	 8.3279 	 49.9475 	 0.0000 	 822.4096 	 32.0000 	 0.1939 	 2.4048 	 3.6385 	 0.0000 	 0.0657 
46.0000 	 5.9999 	 9.9994 	 0.0010 	 0.0000 	 2257.2294 	 46.0000 	 1.0793 	 1.7972 	 2.4532 	 0.0000 	 0.1208 
39.0000 	 0.7164 	 10.0000 	 22.7526 	 0.0000 	 1404.8593 	 39.0000 	 1.5786 	 2.4521 	 2.3003 	 0.0000 	 2.4797 
40.0000 	 0.1247 	 9.9994 	 35.1062 	 0.0000 	 1542.0019 	 40.0000 	 0.3896 	 1.2353 	 6.1931 	 0.0000 	 0.0791 
24.0000 	 1.2221 	 5.8650 	 30.6037 	 0.0000 	 826.9943 	 24.0000 	 2.3090 	 1.8326 	 2.9829 	 0.0000 	 0.0843 
32.0000 	 0.0102 	 10.0000 	 24.6659 	 0.0000 	 1522.9506 	 32.0000 	 0.6578 	 2.4242 	 3.0456 	 0.0000 	 0.3178 
40.0000 	 1.0969 	 10.0000 	 50.0000 	 0.0000 	 864.4138 	 40.0000 	 1.7921 	 1.6497 	 3.5877 	 0.0000 	 1.1047 
46.0000 	 0.0025 	 9.9929 	 49.9985 	 0.0000 	 1529.8267 	 46.0000 	 0.4923 	 0.5020 	 4.8653 	 0.0000 	 0.1241 
24.0000 	 1.3144 	 6.0184 	 33.6378 	 0.0000 	 826.9255 	 24.0000 	 2.5007 	 2.6810 	 5.1917 	 0.0000 	 0.1308 
32.0000 	 0.0030 	 10.0000 	 25.4718 	 0.0000 	 1522.3194 	 32.0000 	 2.1602 	 1.0920 	 3.1590 	 0.0000 	 0.1931 
40.0000 	 0.0128 	 8.3100 	 38.2911 	 0.0000 	 1533.5170 	 40.0000 	 0.7683 	 2.5662 	 0.9302 	 0.0000 	 0.0949 
31.0000 	 1.3576 	 8.1910 	 49.8818 	 0.0000 	 822.7308 	 31.0000 	 1.7156 	 0.3839 	 5.1375 	 0.0000 	 0.1143 
17.0000 	 1.2107 	 3.9233 	 18.0464 	 0.0000 	 833.6066 	 17.0000 	 0.5315 	 2.4296 	 4.9458 	 0.0000 	 0.1683 
40.0000 	 0.3042 	 1.1805 	 2.4516 	 0.0000 	 1787.2489 	 40.0000 	 0.3039 	 1.1786 	 2.4489 	 0.0000 	 0.5454 
17.0000 	 1.0226 	 3.6320 	 14.9911 	 0.0000 	 835.1364 	 17.0000 	 1.8983 	 2.1959 	 2.4971 	 0.0000 	 0.0672 
9.0000 	 2.2695 	 3.2889 	 11.9939 	 0.0000 	 828.6653 	 9.0000 	 1.4501 	 2.2700 	 0.1207 	 0.0000 	 0.3200 
40.0000 	 0.3420 	 0.8164 	 4.6678 	 0.0000 	 1576.0874 	 40.0000 	 2.2883 	 1.6918 	 0.1378 	 0.0000 	 0.0000 
2.0000 	 0.0031 	 9.5834 	 0.0010 	 0.0000 	 2155.2207 	 2.0000 	 1.4672 	 2.1427 	 4.1571 	 0.0000 	 0.1349 
46.0000 	 0.9977 	 10.0000 	 50.0000 	 0.0000 	 1014.5332 	 46.0000 	 2.6407 	 0.2444 	 5.3510 	 0.0000 	 2.0389 
9.0000 	 2.9198 	 4.8714 	 17.5346 	 0.0000 	 823.2777 	 9.0000 	 1.8002 	 2.5592 	 0.0859 	 0.0000 	 0.2218 
24.0000 	 0.2674 	 0.3835 	 1.7222 	 0.0000 	 1577.0842 	 24.0000 	 0.1062 	 2.9437 	 6.8308 	 0.0000 	 0.0363 
2.0000 	 0.0400 	 0.0017 	 0.0033 	 0.0000 	 1103.3490 	 2.0000 	 1.0914 	 0.7059 	 1.4402 	 0.0000 	 0.6559 
25.0000 	 1.2446 	 6.2376 	 33.2304 	 0.0000 	 826.2119 	 25.0000 	 0.1404 	 0.6835 	 0.1892 	 0.0000 	 0.0940 
24.0000 	 1.2857 	 6.0176 	 32.7904 	 0.0000 	 826.7687 	 24.0000 	 2.0605 	 0.6777 	 6.6246 	 0.0000 	 0.1154 
31.0000 	 1.3276 	 8.0521 	 48.2725 	 0.0000 	 822.7892 	 31.0000 	 0.2281 	 2.3569 	 4.2411 	 0.0000 	 0.0819 
17.0000 	 1.2550 	 4.0124 	 18.8657 	 0.0000 	 833.3698 	 17.0000 	 0.4485 	 1.1910 	 6.0536 	 0.0000 	 0.1645 
40.0000 	 0.0025 	 0.0010 	 49.9985 	 0.0000 	 2164.5041 	 40.0000 	 0.7074 	 2.4270 	 5.8218 	 0.0000 	 0.2923 
31.0000 	 1.3193 	 8.1482 	 47.9669 	 0.0000 	 822.8572 	 31.0000 	 1.0483 	 1.7215 	 4.8203 	 0.0000 	 0.2080 
31.0000 	 1.3625 	 8.1238 	 50.0000 	 0.0000 	 822.8615 	 31.0000 	 0.3139 	 0.5369 	 6.7503 	 0.0000 	 0.0837 
9.0000 	 0.8284 	 1.3522 	 4.1793 	 0.0000 	 855.1152 	 9.0000 	 1.0688 	 1.0101 	 1.1699 	 0.0000 	 0.2040 
2.0000 	 5.0119 	 0.2129 	 0.4014 	 0.0000 	 944.0091 	 2.0000 	 1.2345 	 1.8604 	 0.0140 	 0.0000 	 0.4022 
31.0000 	 1.3431 	 8.1287 	 48.9850 	 0.0000 	 822.7910 	 31.0000 	 1.3233 	 1.5744 	 0.7948 	 0.0000 	 0.0963 
17.0000 	 1.5861 	 4.8692 	 24.5460 	 0.0000 	 829.3482 	 17.0000 	 2.7936 	 0.9466 	 5.6132 	 0.0000 	 0.2560 
15.0000 	 1.0703 	 3.1695 	 13.0134 	 0.0000 	 836.9783 	 15.0000 	 2.0626 	 0.0860 	 1.5200 	 0.0000 	 0.0972 
11.0000 	 2.9530 	 6.2626 	 26.8629 	 0.0000 	 820.2477 	 11.0000 	 2.7445 	 0.6505 	 4.7774 	 0.0000 	 0.3690 
9.0000 	 2.9611 	 4.9914 	 17.9163 	 0.0000 	 822.4977 	 9.0000 	 1.8466 	 1.0068 	 0.6158 	 0.0000 	 0.3485 
31.0000 	 1.3654 	 7.9622 	 49.9999 	 0.0000 	 822.8939 	 31.0000 	 0.8940 	 1.2183 	 6.6702 	 0.0000 	 0.1787 
2.0000 	 0.0025 	 0.0012 	 0.0010 	 0.0000 	 1682.2710 	 2.0000 	 2.6030 	 0.3210 	 4.9235 	 0.0000 	 0.9616 
25.0000 	 1.2626 	 6.2435 	 33.9713 	 0.0000 	 826.1229 	 25.0000 	 1.5311 	 2.1544 	 0.4033 	 0.0000 	 0.1430 
25.0000 	 1.4744 	 6.7521 	 41.2537 	 0.0000 	 826.1292 	 25.0000 	 0.8482 	 2.3654 	 3.7444 	 0.0000 	 0.1752 
25.0000 	 1.3043 	 6.3181 	 35.2065 	 0.0000 	 826.1671 	 25.0000 	 1.7152 	 1.8045 	 3.7939 	 0.0000 	 0.1055 
14.0000 	 2.0427 	 5.1640 	 24.2999 	 0.0000 	 826.1730 	 14.0000 	 0.0635 	 0.7824 	 5.2272 	 0.0000 	 0.3354 
25.0000 	 1.3520 	 6.5159 	 36.7581 	 0.0000 	 825.9705 	 25.0000 	 1.1258 	 2.2848 	 0.9832 	 0.0000 	 0.1121 
25.0000 	 1.2969 	 6.3535 	 34.8534 	 0.0000 	 826.1924 	 25.0000 	 2.0566 	 0.7326 	 0.4217 	 0.0000 	 0.0919 
15.0000 	 1.1266 	 3.2127 	 13.7264 	 0.0000 	 836.7405 	 15.0000 	 0.7128 	 2.3704 	 3.9636 	 0.0000 	 0.1072 
15.0000 	 2.1367 	 5.8873 	 28.4442 	 0.0000 	 825.0823 	 15.0000 	 1.6525 	 2.9710 	 1.3272 	 0.0000 	 0.2530 
12.0000 	 3.7446 	 9.9994 	 48.2867 	 0.0000 	 816.3005 	 12.0000 	 1.4089 	 0.0083 	 0.4306 	 0.0000 	 0.5635 
14.0000 	 1.8952 	 4.7307 	 21.8207 	 0.0000 	 827.4465 	 14.0000 	 0.1626 	 2.7640 	 2.9477 	 0.0000 	 0.2076 
11.0000 	 2.1163 	 3.9981 	 16.5342 	 0.0000 	 827.5914 	 11.0000 	 2.8562 	 2.9478 	 0.5844 	 0.0000 	 0.3755 
15.0000 	 1.0198 	 3.0599 	 12.3780 	 0.0000 	 837.6612 	 15.0000 	 1.6806 	 2.4293 	 6.9236 	 0.0000 	 0.0797 
11.0000 	 1.3070 	 2.4255 	 9.0527 	 0.0000 	 840.8248 	 11.0000 	 1.7766 	 0.7422 	 6.1790 	 0.0000 	 0.2951 
12.0000 	 1.2037 	 2.5349 	 9.7264 	 0.0000 	 842.0730 	 12.0000 	 2.1426 	 1.8350 	 2.8803 	 0.0000 	 0.2007 
11.0000 	 2.0433 	 4.0123 	 14.9667 	 0.0000 	 830.5231 	 11.0000 	 2.9330 	 1.0972 	 5.9587 	 0.0000 	 0.3037 
46.0000 	 0.0031 	 9.2456 	 46.4745 	 0.0000 	 1532.7072 	 46.0000 	 1.3658 	 0.1158 	 2.1470 	 0.0000 	 0.0606 
46.0000 	 0.0049 	 9.9722 	 49.9985 	 0.0000 	 1524.9584 	 46.0000 	 1.6266 	 1.9569 	 0.7943 	 0.0000 	 0.1913 
40.0000 	 0.0025 	 0.0010 	 49.9985 	 0.0000 	 2185.5627 	 40.0000 	 2.6259 	 0.8427 	 4.0673 	 0.0000 	 0.2728 
31.0000 	 1.2573 	 7.9543 	 44.8637 	 0.0000 	 823.3041 	 31.0000 	 0.1411 	 0.1362 	 5.0030 	 0.0000 	 0.0790 
31.0000 	 1.2741 	 7.9086 	 45.5858 	 0.0000 	 823.0539 	 31.0000 	 2.1122 	 0.2308 	 4.0865 	 0.0000 	 0.1015 
46.0000 	 0.3826 	 2.3238 	 6.5504 	 0.0000 	 1694.6046 	 46.0000 	 0.1611 	 0.9704 	 4.6564 	 0.0000 	 0.1424 
45.0000 	 0.0259 	 9.1791 	 45.5829 	 0.0000 	 1530.4699 	 45.0000 	 0.2960 	 1.4049 	 4.1190 	 0.0000 	 0.1719 
40.0000 	 0.0303 	 8.2452 	 38.0993 	 0.0000 	 1533.6505 	 40.0000 	 1.6069 	 1.1050 	 5.0904 	 0.0000 	 0.0490 
45.0000 	 0.4855 	 0.5752 	 8.8292 	 0.0000 	 2166.4747 	 45.0000 	 2.5960 	 0.8048 	 6.3061 	 0.0000 	 0.2959 
45.0000 	 0.0025 	 9.9722 	 0.0010 	 0.0000 	 2200.2456 	 45.0000 	 0.4745 	 1.4516 	 4.1164 	 0.0000 	 0.1311 
25.0000 	 1.1733 	 5.9527 	 30.5024 	 0.0000 	 826.8980 	 25.0000 	 1.2014 	 0.4135 	 1.6287 	 0.0000 	 0.1178 
25.0000 	 1.6975 	 7.6929 	 48.7000 	 0.0000 	 824.8269 	 25.0000 	 1.7653 	 1.5356 	 6.3929 	 0.0000 	 0.2263 
31.0000 	 0.1354 	 10.0000 	 0.0010 	 0.0000 	 2117.9417 	 31.0000 	 1.6886 	 0.4421 	 3.1868 	 0.0000 	 0.0005 
45.0000 	 0.3443 	 0.1831 	 3.9535 	 0.0000 	 1834.0387 	 45.0000 	 0.7109 	 0.9301 	 0.7319 	 0.0000 	 0.2551 
41.0000 	 0.0025 	 9.9929 	 32.0429 	 0.0000 	 1574.5337 	 41.0000 	 2.2700 	 1.1311 	 0.5246 	 0.0000 	 0.3272 
