50.0000 	 5.9868 	 0.0010 	 49.9985 	 0.0000 	 2208.0492 	 50.0000 	 0.8956 	 2.4714 	 6.7818 	 0.0000 	 0.2638 
36.0000 	 1.1712 	 10.0000 	 49.8595 	 0.0000 	 838.1222 	 36.0000 	 1.7553 	 0.4377 	 4.3242 	 0.0000 	 0.6670 
50.0000 	 5.9868 	 0.0010 	 49.9985 	 0.0000 	 2205.5737 	 50.0000 	 0.5680 	 2.8751 	 5.9039 	 0.0000 	 0.2644 
36.0000 	 0.0026 	 7.9611 	 35.2409 	 0.0000 	 1541.4763 	 36.0000 	 2.2018 	 1.4245 	 0.8396 	 0.0000 	 0.0664 
50.0000 	 0.0051 	 9.8234 	 0.0011 	 0.0000 	 2118.8037 	 50.0000 	 2.6766 	 2.1337 	 4.3854 	 0.0000 	 0.0099 
35.0000 	 1.2045 	 9.9998 	 49.8594 	 0.0000 	 830.2640 	 35.0000 	 0.4496 	 0.5189 	 4.0176 	 0.0000 	 0.4353 
49.0000 	 0.1704 	 10.0000 	 50.0000 	 0.0000 	 1553.4395 	 49.0000 	 1.5599 	 1.2803 	 0.8215 	 0.0000 	 0.1970 
50.0000 	 0.0027 	 10.0000 	 50.0000 	 0.0000 	 1560.2302 	 50.0000 	 2.7152 	 0.4678 	 0.1413 	 0.0000 	 0.3312 
35.0000 	 0.0149 	 7.7441 	 33.9281 	 0.0000 	 1541.6528 	 35.0000 	 0.5185 	 2.4257 	 3.9046 	 0.0000 	 0.0604 
21.0000 	 1.4617 	 6.3467 	 31.5883 	 0.0000 	 824.0738 	 21.0000 	 2.4915 	 2.0913 	 2.1654 	 0.0000 	 0.0902 
36.0000 	 0.3732 	 1.0432 	 5.0338 	 0.0000 	 1570.0109 	 36.0000 	 2.5193 	 2.8069 	 3.8525 	 0.0000 	 0.0350 
21.0000 	 1.6788 	 6.9737 	 37.1183 	 0.0000 	 822.6689 	 21.0000 	 2.1823 	 2.3367 	 0.2308 	 0.0000 	 0.1100 
37.0000 	 0.0025 	 10.0000 	 29.0878 	 0.0000 	 1560.5865 	 37.0000 	 0.5232 	 2.8816 	 0.2624 	 0.0000 	 0.6437 
20.0000 	 1.3988 	 5.8332 	 27.8638 	 0.0000 	 825.0076 	 20.0000 	 0.2657 	 0.8298 	 4.6765 	 0.0000 	 0.0831 
20.0000 	 1.9963 	 7.8303 	 43.1753 	 0.0000 	 821.4398 	 20.0000 	 1.3148 	 2.8622 	 5.5998 	 0.0000 	 0.1852 
35.0000 	 0.0071 	 7.7116 	 34.0364 	 0.0000 	 1541.6899 	 35.0000 	 0.5569 	 0.3616 	 2.8514 	 0.0000 	 0.2119 
36.0000 	 1.1731 	 10.0000 	 50.0000 	 0.0000 	 838.1297 	 36.0000 	 0.9379 	 1.2259 	 0.5199 	 0.0000 	 0.4931 
6.0000 	 3.2914 	 3.2429 	 8.5186 	 0.0000 	 831.4119 	 6.0000 	 2.5410 	 2.2299 	 3.8808 	 0.0000 	 0.3166 
6.0000 	 2.2374 	 1.8095 	 4.6880 	 0.0000 	 838.2580 	 6.0000 	 1.0464 	 2.4359 	 5.3910 	 0.0000 	 0.2584 
21.0000 	 1.5612 	 6.6054 	 33.7853 	 0.0000 	 823.5511 	 21.0000 	 1.2889 	 0.0124 	 4.3977 	 0.0000 	 0.4943 
5.0000 	 3.1754 	 2.1745 	 5.2482 	 0.0000 	 841.3206 	 5.0000 	 0.4586 	 1.4452 	 1.3949 	 0.0000 	 0.2881 
34.0000 	 1.2466 	 10.0000 	 49.6813 	 0.0000 	 825.9604 	 34.0000 	 2.7870 	 0.1816 	 1.8956 	 0.0000 	 0.2242 
5.0000 	 5.3533 	 4.9625 	 12.2456 	 0.0000 	 835.4980 	 5.0000 	 2.9644 	 2.5666 	 1.3638 	 0.0000 	 0.4863 
35.0000 	 0.0103 	 10.0000 	 29.1465 	 0.0000 	 1528.4336 	 35.0000 	 1.2223 	 0.3644 	 2.5089 	 0.0000 	 0.5264 
21.0000 	 1.4358 	 6.0494 	 31.0630 	 0.0000 	 824.4782 	 21.0000 	 2.8261 	 2.0454 	 4.8945 	 0.0000 	 0.1204 
20.0000 	 1.3207 	 5.5806 	 25.9575 	 0.0000 	 825.5668 	 20.0000 	 1.5918 	 1.8100 	 2.6979 	 0.0000 	 0.0752 
22.0000 	 1.5547 	 6.8203 	 36.5167 	 0.0000 	 823.1213 	 22.0000 	 0.3393 	 2.3280 	 1.9811 	 0.0000 	 0.1180 
6.0000 	 3.4073 	 3.4621 	 9.1104 	 0.0000 	 830.5028 	 6.0000 	 2.9554 	 2.8906 	 6.4430 	 0.0000 	 0.3138 
20.0000 	 1.4424 	 5.8594 	 29.0701 	 0.0000 	 824.2814 	 20.0000 	 0.7853 	 1.1882 	 6.3085 	 0.0000 	 0.1486 
5.0000 	 2.9301 	 1.8516 	 4.4005 	 0.0000 	 842.9112 	 5.0000 	 1.4652 	 1.5397 	 6.5502 	 0.0000 	 0.5279 
19.0000 	 1.4267 	 5.6534 	 26.0818 	 0.0000 	 825.5905 	 19.0000 	 0.3348 	 0.8761 	 6.0824 	 0.0000 	 0.0806 
6.0000 	 2.5439 	 2.2835 	 5.8409 	 0.0000 	 835.6058 	 6.0000 	 1.4573 	 2.4753 	 6.2518 	 0.0000 	 0.2530 
5.0000 	 5.2659 	 4.9533 	 12.7038 	 0.0000 	 832.1160 	 5.0000 	 0.2699 	 1.1022 	 3.7205 	 0.0000 	 1.3026 
7.0000 	 1.8296 	 1.9411 	 5.3445 	 0.0000 	 837.0483 	 7.0000 	 1.1971 	 1.9406 	 3.4209 	 0.0000 	 0.2710 
4.0000 	 1.9733 	 0.6499 	 1.1989 	 0.0000 	 865.4440 	 4.0000 	 0.2548 	 2.8798 	 5.7592 	 0.0000 	 0.1981 
50.0000 	 5.6295 	 0.0010 	 49.9985 	 0.0000 	 2220.4105 	 50.0000 	 0.6435 	 1.1211 	 5.0435 	 0.0000 	 0.2458 
50.0000 	 0.0025 	 9.9929 	 49.9985 	 0.0000 	 1553.3757 	 50.0000 	 0.7569 	 1.0842 	 4.6373 	 0.0000 	 0.1163 
36.0000 	 0.2826 	 9.9995 	 3.8688 	 0.0000 	 2062.4665 	 36.0000 	 2.6840 	 1.7046 	 1.1441 	 0.0000 	 0.1273 
50.0000 	 0.0025 	 9.9929 	 49.9985 	 0.0000 	 1552.6941 	 50.0000 	 1.1932 	 0.1254 	 1.8586 	 0.0000 	 0.1216 
36.0000 	 0.0522 	 7.8614 	 35.2357 	 0.0000 	 1541.5267 	 36.0000 	 0.5259 	 1.3985 	 1.8019 	 0.0000 	 0.0576 
36.0000 	 0.3072 	 3.0549 	 5.1462 	 0.0000 	 1887.3357 	 36.0000 	 0.4391 	 2.1305 	 4.9671 	 0.0000 	 0.1248 
35.0000 	 0.5806 	 2.3808 	 11.6744 	 0.0000 	 1567.9593 	 35.0000 	 2.8916 	 2.4313 	 3.2825 	 0.0000 	 0.3072 
50.0000 	 0.0025 	 9.9722 	 49.9985 	 0.0000 	 1556.1896 	 50.0000 	 2.3071 	 1.0822 	 5.0510 	 0.0000 	 0.1197 
49.0000 	 0.8270 	 9.9339 	 39.1726 	 0.0000 	 1407.3473 	 49.0000 	 0.3969 	 0.4122 	 5.6312 	 0.0000 	 3.7292 
35.0000 	 1.2092 	 9.9722 	 49.9985 	 0.0000 	 832.4928 	 35.0000 	 2.8796 	 1.6241 	 5.1780 	 0.0000 	 0.2298 
35.0000 	 0.3906 	 1.1289 	 5.3606 	 0.0000 	 1570.1118 	 35.0000 	 1.2553 	 2.5489 	 1.3686 	 0.0000 	 0.0356 
50.0000 	 0.0045 	 10.0000 	 50.0000 	 0.0000 	 1559.5295 	 50.0000 	 0.8200 	 2.7105 	 6.6665 	 0.0000 	 0.2674 
50.0000 	 5.9970 	 0.0010 	 0.0010 	 0.0000 	 2257.5182 	 50.0000 	 0.9585 	 2.4273 	 3.2234 	 0.0000 	 0.1252 
21.0000 	 1.7458 	 7.4058 	 39.2627 	 0.0000 	 822.2992 	 21.0000 	 1.4065 	 0.5369 	 2.2725 	 0.0000 	 0.0906 
36.0000 	 0.0690 	 7.9980 	 35.0269 	 0.0000 	 1541.5830 	 36.0000 	 2.2529 	 1.7462 	 4.9977 	 0.0000 	 0.1938 
50.0000 	 0.0025 	 9.9929 	 49.9985 	 0.0000 	 1553.6517 	 50.0000 	 2.2953 	 2.1945 	 3.0388 	 0.0000 	 0.1242 
37.0000 	 1.1510 	 10.0000 	 50.0000 	 0.0000 	 849.6977 	 37.0000 	 2.2362 	 1.5846 	 5.6413 	 0.0000 	 1.0427 
21.0000 	 1.8238 	 7.7529 	 41.8955 	 0.0000 	 821.9185 	 21.0000 	 2.4755 	 0.8711 	 3.6549 	 0.0000 	 0.1172 
36.0000 	 0.0025 	 9.9929 	 0.0010 	 0.0000 	 2185.3598 	 36.0000 	 2.0582 	 2.2217 	 4.7271 	 0.0000 	 0.1435 
21.0000 	 1.2492 	 5.6711 	 26.1821 	 0.0000 	 825.4466 	 21.0000 	 0.9169 	 2.3956 	 6.8280 	 0.0000 	 0.0901 
35.0000 	 0.0025 	 9.9981 	 0.0010 	 0.0000 	 2187.5508 	 35.0000 	 2.3788 	 0.1614 	 1.7539 	 0.0000 	 0.1296 
20.0000 	 1.3800 	 5.7475 	 27.4947 	 0.0000 	 825.0910 	 20.0000 	 2.2080 	 0.2712 	 3.6922 	 0.0000 	 0.0903 
20.0000 	 1.4087 	 5.9606 	 28.2805 	 0.0000 	 825.0679 	 20.0000 	 2.4280 	 2.3856 	 3.2533 	 0.0000 	 0.1022 
6.0000 	 2.6620 	 2.3189 	 6.2061 	 0.0000 	 833.9993 	 6.0000 	 2.9612 	 1.0948 	 5.4932 	 0.0000 	 0.2735 
20.0000 	 1.6990 	 6.7334 	 35.1877 	 0.0000 	 822.8695 	 20.0000 	 0.5062 	 0.6499 	 5.8629 	 0.0000 	 0.0982 
36.0000 	 0.0025 	 8.0412 	 33.9446 	 0.0000 	 1531.1221 	 36.0000 	 2.2439 	 2.6881 	 2.2660 	 0.0000 	 0.1494 
49.0000 	 0.0025 	 9.9722 	 49.9985 	 0.0000 	 1541.1940 	 49.0000 	 0.3282 	 0.3229 	 1.1168 	 0.0000 	 0.1371 
6.0000 	 3.1785 	 3.1193 	 8.5790 	 0.0000 	 832.3289 	 6.0000 	 0.6215 	 0.2239 	 5.0501 	 0.0000 	 0.3658 
5.0000 	 2.6422 	 1.6326 	 3.8287 	 0.0000 	 845.6458 	 5.0000 	 2.4969 	 0.5678 	 4.0788 	 0.0000 	 0.3439 
36.0000 	 0.0044 	 7.8661 	 35.5804 	 0.0000 	 1541.6215 	 36.0000 	 2.4025 	 0.9709 	 3.0641 	 0.0000 	 0.0381 
5.0000 	 4.0947 	 3.2352 	 8.0354 	 0.0000 	 836.0292 	 5.0000 	 0.9911 	 2.5099 	 4.3666 	 0.0000 	 0.5377 
6.0000 	 2.5053 	 2.2303 	 5.8434 	 0.0000 	 836.4562 	 6.0000 	 0.3410 	 0.5611 	 6.1527 	 0.0000 	 0.2963 
21.0000 	 1.5480 	 6.6215 	 33.9387 	 0.0000 	 823.6266 	 21.0000 	 0.2209 	 2.6915 	 4.7389 	 0.0000 	 0.1356 
5.0000 	 5.2125 	 4.8087 	 12.3762 	 0.0000 	 832.8240 	 5.0000 	 0.5726 	 1.7525 	 5.1130 	 0.0000 	 0.5571 
35.0000 	 0.4633 	 1.6016 	 7.5480 	 0.0000 	 1570.1159 	 35.0000 	 1.4795 	 1.5433 	 6.4854 	 0.0000 	 0.0374 
20.0000 	 1.6818 	 6.6895 	 34.7531 	 0.0000 	 822.9333 	 20.0000 	 0.5468 	 0.5576 	 4.7646 	 0.0000 	 0.1225 
37.0000 	 0.3039 	 2.7817 	 4.2488 	 0.0000 	 2201.3083 	 37.0000 	 0.3042 	 2.7805 	 4.2442 	 0.0000 	 0.3822 
35.0000 	 0.3266 	 4.1639 	 5.1179 	 0.0000 	 2117.2873 	 35.0000 	 2.5034 	 2.5548 	 2.8065 	 0.0000 	 0.2868 
6.0000 	 3.2153 	 3.0451 	 8.2759 	 0.0000 	 831.3216 	 6.0000 	 2.5689 	 0.2881 	 5.0077 	 0.0000 	 0.2540 
5.0000 	 3.8846 	 2.9982 	 7.4312 	 0.0000 	 836.1559 	 5.0000 	 2.3474 	 2.3243 	 4.9871 	 0.0000 	 0.4298 
35.0000 	 1.2124 	 9.9998 	 50.0000 	 0.0000 	 829.7722 	 35.0000 	 0.5940 	 1.3460 	 5.7719 	 0.0000 	 0.4875 
21.0000 	 1.5103 	 6.4058 	 33.0271 	 0.0000 	 823.7691 	 21.0000 	 1.5151 	 2.2301 	 6.3540 	 0.0000 	 0.0818 
21.0000 	 1.3003 	 5.8086 	 27.8504 	 0.0000 	 825.2797 	 21.0000 	 2.7729 	 1.6851 	 5.4548 	 0.0000 	 0.0926 
21.0000 	 1.4855 	 6.4019 	 32.2286 	 0.0000 	 823.9030 	 21.0000 	 0.1389 	 2.7778 	 2.1561 	 0.0000 	 0.0984 
20.0000 	 1.8658 	 7.4068 	 39.1133 	 0.0000 	 822.4131 	 20.0000 	 1.9813 	 1.3651 	 3.5047 	 0.0000 	 0.1327 
20.0000 	 0.0244 	 5.0739 	 14.4988 	 0.0000 	 1507.7702 	 20.0000 	 1.6783 	 3.0008 	 3.6227 	 0.0000 	 0.0916 
6.0000 	 3.4573 	 3.5947 	 9.7229 	 0.0000 	 830.4512 	 6.0000 	 1.0959 	 0.1262 	 5.9087 	 0.0000 	 0.3575 
6.0000 	 2.4959 	 2.1392 	 5.5883 	 0.0000 	 836.0046 	 6.0000 	 1.7674 	 1.6297 	 4.7562 	 0.0000 	 0.3271 
34.0000 	 0.1850 	 0.2473 	 1.1684 	 0.0000 	 1570.2494 	 34.0000 	 0.8502 	 1.7192 	 6.9485 	 0.0000 	 0.0332 
5.0000 	 5.9868 	 6.5247 	 18.4473 	 0.0000 	 835.9047 	 5.0000 	 2.7104 	 1.7238 	 1.4837 	 0.0000 	 0.4393 
20.0000 	 2.0433 	 8.3095 	 45.0688 	 0.0000 	 820.8071 	 20.0000 	 2.9962 	 0.3015 	 1.9513 	 0.0000 	 0.1714 
5.0000 	 4.2195 	 3.1952 	 8.2166 	 0.0000 	 835.7812 	 5.0000 	 1.3090 	 0.5121 	 6.6083 	 0.0000 	 0.3021 
6.0000 	 2.7350 	 2.4036 	 6.2433 	 0.0000 	 834.9859 	 6.0000 	 0.0718 	 2.2567 	 2.3779 	 0.0000 	 0.2555 
5.0000 	 2.1288 	 1.0778 	 2.6099 	 0.0000 	 851.6278 	 5.0000 	 1.2825 	 1.9175 	 6.7571 	 0.0000 	 0.3093 
22.0000 	 1.3698 	 6.2103 	 31.3539 	 0.0000 	 824.1945 	 22.0000 	 1.1755 	 1.0190 	 5.9416 	 0.0000 	 0.0654 
50.0000 	 0.3143 	 0.8862 	 4.9374 	 0.0000 	 1568.9130 	 50.0000 	 0.3279 	 0.5900 	 5.5544 	 0.0000 	 0.0232 
19.0000 	 1.4589 	 5.7160 	 27.0384 	 0.0000 	 825.1210 	 19.0000 	 0.2208 	 1.9038 	 4.9831 	 0.0000 	 0.0969 
36.0000 	 1.1675 	 9.9929 	 49.6323 	 0.0000 	 838.3063 	 36.0000 	 1.1829 	 0.3366 	 1.6930 	 0.0000 	 0.1642 
7.0000 	 3.8124 	 5.3808 	 16.5140 	 0.0000 	 825.4745 	 7.0000 	 0.5824 	 2.3591 	 5.8267 	 0.0000 	 0.3389 
4.0000 	 2.2032 	 0.7398 	 1.4059 	 0.0000 	 863.0423 	 4.0000 	 2.5134 	 1.9947 	 1.9904 	 0.0000 	 0.2469 
35.0000 	 0.7286 	 1.6160 	 10.2691 	 0.0000 	 1914.7607 	 35.0000 	 2.9146 	 0.0129 	 6.4263 	 0.0000 	 0.1249 
21.0000 	 1.6530 	 6.8751 	 36.4715 	 0.0000 	 823.0113 	 21.0000 	 1.1569 	 2.3698 	 5.7568 	 0.0000 	 0.1548 
20.0000 	 1.3881 	 5.6901 	 27.6288 	 0.0000 	 825.1946 	 20.0000 	 0.2262 	 2.8501 	 6.9820 	 0.0000 	 0.0871 
6.0000 	 2.9254 	 2.7779 	 7.3669 	 0.0000 	 832.7867 	 6.0000 	 2.0273 	 2.2361 	 6.5481 	 0.0000 	 0.2906 
5.0000 	 2.0561 	 1.0971 	 2.5116 	 0.0000 	 852.9521 	 5.0000 	 2.2067 	 2.5878 	 3.8549 	 0.0000 	 0.3385 
49.0000 	 0.0025 	 0.0010 	 49.9985 	 0.0000 	 2207.4517 	 49.0000 	 2.3759 	 2.7204 	 6.7934 	 0.0000 	 0.2400 
49.0000 	 5.9970 	 9.9929 	 0.0010 	 0.0000 	 2257.5972 	 49.0000 	 1.2207 	 2.4848 	 1.7680 	 0.0000 	 0.1223 
37.0000 	 0.0040 	 8.0210 	 36.7047 	 0.0000 	 1541.2795 	 37.0000 	 1.0649 	 0.1709 	 3.1837 	 0.0000 	 0.0917 
49.0000 	 0.0025 	 9.9722 	 49.9985 	 0.0000 	 1542.2029 	 49.0000 	 0.7549 	 0.1170 	 4.4655 	 0.0000 	 0.1382 
49.0000 	 0.9311 	 9.9994 	 46.0204 	 0.0000 	 1178.4054 	 49.0000 	 2.9998 	 0.7887 	 6.6932 	 0.0000 	 0.9972 
49.0000 	 5.9996 	 0.0010 	 0.0010 	 0.0000 	 2255.6451 	 49.0000 	 2.0698 	 0.7131 	 1.1607 	 0.0000 	 0.1248 
49.0000 	 5.9970 	 9.9929 	 0.0010 	 0.0000 	 2258.9613 	 49.0000 	 2.1243 	 0.8967 	 4.9700 	 0.0000 	 0.1224 
49.0000 	 5.9868 	 0.0010 	 49.9985 	 0.0000 	 2194.5577 	 49.0000 	 0.1566 	 0.4417 	 6.8726 	 0.0000 	 0.2814 
34.0000 	 0.0093 	 7.4501 	 32.6880 	 0.0000 	 1541.8025 	 34.0000 	 2.7097 	 2.5290 	 2.6284 	 0.0000 	 0.0480 
37.0000 	 0.4855 	 0.5751 	 8.8287 	 0.0000 	 1546.4326 	 37.0000 	 2.7175 	 2.4790 	 5.0343 	 0.0000 	 0.2790 
37.0000 	 0.0025 	 9.9929 	 49.9985 	 0.0000 	 1723.3833 	 37.0000 	 1.3230 	 0.0603 	 1.7601 	 0.0000 	 0.1252 
49.0000 	 0.0025 	 9.9994 	 0.0010 	 0.0000 	 2200.4823 	 49.0000 	 1.2924 	 2.5109 	 0.1598 	 0.0000 	 0.1370 
37.0000 	 0.0025 	 9.9981 	 0.0010 	 0.0000 	 2191.8798 	 37.0000 	 0.8268 	 0.9736 	 4.4703 	 0.0000 	 0.1381 
22.0000 	 1.9573 	 8.5905 	 49.0694 	 0.0000 	 820.8670 	 22.0000 	 0.7246 	 2.4683 	 4.9321 	 0.0000 	 0.1594 
34.0000 	 0.0074 	 7.5065 	 32.5908 	 0.0000 	 1541.7066 	 34.0000 	 0.2543 	 2.5321 	 0.2511 	 0.0000 	 0.0537 
19.0000 	 1.6108 	 6.1319 	 30.2477 	 0.0000 	 824.0581 	 19.0000 	 0.5065 	 2.9175 	 0.3676 	 0.0000 	 0.0801 
37.0000 	 0.5259 	 2.1049 	 10.2580 	 0.0000 	 1569.8637 	 37.0000 	 2.2161 	 1.4472 	 3.7204 	 0.0000 	 0.0422 
34.0000 	 1.2451 	 9.9981 	 49.4651 	 0.0000 	 826.0794 	 34.0000 	 0.7059 	 1.8351 	 1.9154 	 0.0000 	 0.8289 
7.0000 	 2.6844 	 3.2221 	 9.2594 	 0.0000 	 829.0911 	 7.0000 	 0.8593 	 1.0865 	 1.0673 	 0.0000 	 0.2718 
34.0000 	 0.0025 	 9.9981 	 32.0941 	 0.0000 	 1529.7647 	 34.0000 	 2.2700 	 2.1479 	 0.2620 	 0.0000 	 0.7531 
4.0000 	 2.1382 	 0.7172 	 1.3864 	 0.0000 	 863.3556 	 4.0000 	 0.3794 	 2.5449 	 0.6474 	 0.0000 	 0.2471 
22.0000 	 1.6734 	 7.3454 	 40.2276 	 0.0000 	 822.3206 	 22.0000 	 1.5140 	 0.5478 	 4.4915 	 0.0000 	 0.1424 
37.0000 	 1.1464 	 9.9999 	 50.0000 	 0.0000 	 847.6412 	 37.0000 	 2.9760 	 0.1213 	 5.1732 	 0.0000 	 0.6785 
22.0000 	 1.6472 	 7.3425 	 38.9064 	 0.0000 	 823.0207 	 22.0000 	 1.2089 	 2.7147 	 4.8064 	 0.0000 	 0.1308 
22.0000 	 1.5227 	 6.9284 	 35.7675 	 0.0000 	 823.3319 	 22.0000 	 2.0375 	 0.6515 	 3.9924 	 0.0000 	 0.1014 
37.0000 	 1.1395 	 10.0000 	 50.0000 	 0.0000 	 849.5288 	 37.0000 	 1.4468 	 2.0370 	 1.1671 	 0.0000 	 0.8589 
19.0000 	 0.0025 	 4.8130 	 12.6298 	 0.0000 	 1511.3063 	 19.0000 	 2.0299 	 2.4789 	 4.8885 	 0.0000 	 0.0751 
34.0000 	 1.2595 	 9.9981 	 49.9997 	 0.0000 	 826.7034 	 34.0000 	 0.1933 	 0.4260 	 4.4538 	 0.0000 	 0.4469 
19.0000 	 1.2695 	 5.1483 	 23.0006 	 0.0000 	 826.4113 	 19.0000 	 0.9671 	 0.3487 	 5.2174 	 0.0000 	 0.0697 
7.0000 	 2.7022 	 3.2095 	 9.1559 	 0.0000 	 829.0005 	 7.0000 	 2.5294 	 1.0676 	 6.1136 	 0.0000 	 0.2378 
19.0000 	 1.2172 	 5.0267 	 21.9616 	 0.0000 	 826.9057 	 19.0000 	 1.1552 	 2.0311 	 3.4077 	 0.0000 	 0.0709 
34.0000 	 5.9868 	 0.0010 	 49.9985 	 0.0000 	 2187.8586 	 34.0000 	 0.9131 	 0.8317 	 5.3485 	 0.0000 	 0.2727 
37.0000 	 0.0025 	 9.9929 	 39.4839 	 0.0000 	 1540.0522 	 37.0000 	 1.9179 	 2.3899 	 0.4937 	 0.0000 	 0.1988 
7.0000 	 2.7200 	 3.2593 	 9.5744 	 0.0000 	 829.2392 	 7.0000 	 2.9510 	 0.4492 	 3.0926 	 0.0000 	 0.2908 
4.0000 	 2.3649 	 0.8264 	 1.6460 	 0.0000 	 862.0219 	 4.0000 	 0.7109 	 1.0816 	 0.6629 	 0.0000 	 0.2501 
7.0000 	 2.8928 	 3.4289 	 10.0964 	 0.0000 	 828.0176 	 7.0000 	 2.3618 	 2.7543 	 1.1807 	 0.0000 	 0.2495 
4.0000 	 5.6619 	 3.5129 	 8.3786 	 0.0000 	 845.4842 	 4.0000 	 2.0093 	 1.3826 	 2.7830 	 0.0000 	 0.8747 
4.0000 	 6.0000 	 3.7086 	 8.5241 	 0.0000 	 845.0903 	 4.0000 	 2.8887 	 1.2624 	 5.5663 	 0.0000 	 0.7495 
22.0000 	 1.8223 	 8.4264 	 44.5886 	 0.0000 	 822.2797 	 22.0000 	 0.2421 	 2.9949 	 3.4414 	 0.0000 	 0.2914 
34.0000 	 0.4531 	 2.9820 	 3.7279 	 0.0000 	 1803.6712 	 34.0000 	 0.4884 	 2.8648 	 3.6693 	 0.0000 	 0.1528 
22.0000 	 1.3905 	 6.5813 	 32.1469 	 0.0000 	 824.2784 	 22.0000 	 1.1154 	 1.5933 	 4.4627 	 0.0000 	 0.1262 
19.0000 	 1.7329 	 6.5355 	 33.2384 	 0.0000 	 823.0229 	 19.0000 	 1.4246 	 1.2476 	 3.6781 	 0.0000 	 0.0921 
48.0000 	 0.0025 	 9.9981 	 0.0010 	 0.0000 	 2205.7842 	 48.0000 	 1.7993 	 0.5764 	 6.0693 	 0.0000 	 0.1300 
7.0000 	 2.7205 	 3.1604 	 9.2072 	 0.0000 	 828.8820 	 7.0000 	 2.3461 	 0.8788 	 5.1083 	 0.0000 	 0.2539 
48.0000 	 0.0025 	 9.9929 	 49.9985 	 0.0000 	 1534.8674 	 48.0000 	 2.3657 	 1.7393 	 5.3836 	 0.0000 	 0.1214 
22.0000 	 1.5866 	 7.0386 	 37.5470 	 0.0000 	 822.9346 	 22.0000 	 1.1264 	 0.1845 	 6.7371 	 0.0000 	 0.0766 
4.0000 	 2.8814 	 1.0592 	 2.1292 	 0.0000 	 858.6339 	 4.0000 	 0.2011 	 2.5021 	 2.4818 	 0.0000 	 0.5823 
19.0000 	 1.7103 	 6.4994 	 32.7140 	 0.0000 	 823.1272 	 19.0000 	 2.9270 	 0.8622 	 5.4804 	 0.0000 	 0.1001 
34.0000 	 0.0308 	 7.5886 	 32.5358 	 0.0000 	 1541.8036 	 34.0000 	 1.5990 	 0.3339 	 1.2122 	 0.0000 	 0.1132 
48.0000 	 0.1971 	 10.0000 	 7.3819 	 0.0000 	 2162.5106 	 48.0000 	 0.0938 	 0.8119 	 0.0786 	 0.0000 	 0.1280 
7.0000 	 1.9917 	 2.0619 	 5.9748 	 0.0000 	 834.8351 	 7.0000 	 1.7691 	 0.7970 	 1.1743 	 0.0000 	 0.1064 
4.0000 	 5.7268 	 3.3633 	 7.5347 	 0.0000 	 848.8150 	 4.0000 	 2.6649 	 0.1414 	 3.9197 	 0.0000 	 1.0967 
38.0000 	 0.0025 	 9.9929 	 49.9985 	 0.0000 	 1683.5082 	 38.0000 	 1.1284 	 2.6619 	 4.1116 	 0.0000 	 0.1246 
19.0000 	 1.3753 	 5.5589 	 25.2840 	 0.0000 	 825.6284 	 19.0000 	 0.2085 	 0.8082 	 3.8046 	 0.0000 	 0.0835 
7.0000 	 2.6851 	 3.1510 	 9.0080 	 0.0000 	 829.2447 	 7.0000 	 0.6138 	 2.7309 	 1.5358 	 0.0000 	 0.2323 
4.0000 	 3.5473 	 1.5530 	 3.1942 	 0.0000 	 854.7001 	 4.0000 	 0.7032 	 2.0568 	 2.0635 	 0.0000 	 0.6940 
22.0000 	 1.3513 	 6.2534 	 30.6553 	 0.0000 	 824.2908 	 22.0000 	 1.2394 	 2.4592 	 4.5080 	 0.0000 	 0.0954 
38.0000 	 0.0056 	 0.4917 	 0.0010 	 0.0000 	 2117.5976 	 38.0000 	 0.9188 	 2.5224 	 4.3384 	 0.0000 	 0.0729 
33.0000 	 0.0060 	 10.0000 	 0.0010 	 0.0000 	 2080.9302 	 33.0000 	 0.2699 	 0.6844 	 3.3073 	 0.0000 	 0.7126 
38.0000 	 0.0071 	 8.2630 	 37.9748 	 0.0000 	 1541.2701 	 38.0000 	 0.5551 	 1.7289 	 2.0533 	 0.0000 	 0.0454 
19.0000 	 1.6391 	 6.1329 	 30.8637 	 0.0000 	 823.8812 	 19.0000 	 1.2533 	 2.7997 	 2.1553 	 0.0000 	 0.1111 
7.0000 	 2.9303 	 3.5070 	 10.4511 	 0.0000 	 827.6121 	 7.0000 	 0.4147 	 0.5633 	 4.6933 	 0.0000 	 0.1985 
4.0000 	 2.5046 	 0.8605 	 1.7204 	 0.0000 	 861.5739 	 4.0000 	 1.6580 	 1.1504 	 5.1396 	 0.0000 	 0.2561 
23.0000 	 1.8735 	 8.5930 	 49.9925 	 0.0000 	 820.9796 	 23.0000 	 2.5128 	 0.8930 	 6.4462 	 0.0000 	 0.1105 
33.0000 	 0.0061 	 10.0000 	 27.2529 	 0.0000 	 1526.2228 	 33.0000 	 2.2211 	 1.8557 	 1.2582 	 0.0000 	 0.2928 
23.0000 	 1.2792 	 6.5036 	 30.7959 	 0.0000 	 824.3700 	 23.0000 	 1.7964 	 1.9088 	 5.5790 	 0.0000 	 0.0944 
18.0000 	 2.4015 	 9.0424 	 47.3887 	 0.0000 	 819.6064 	 18.0000 	 0.6491 	 0.6763 	 1.2705 	 0.0000 	 0.1671 
48.0000 	 0.3622 	 1.1575 	 6.3179 	 0.0000 	 1569.0125 	 48.0000 	 0.9180 	 0.1644 	 1.7180 	 0.0000 	 0.0265 
8.0000 	 3.0040 	 4.7552 	 14.8053 	 0.0000 	 824.3975 	 8.0000 	 1.0195 	 1.3734 	 1.5184 	 0.0000 	 0.3397 
3.0000 	 2.6293 	 0.4133 	 0.6638 	 0.0000 	 886.2402 	 3.0000 	 1.6763 	 0.1397 	 0.0730 	 0.0000 	 0.3298 
18.0000 	 2.1925 	 8.1233 	 41.8044 	 0.0000 	 820.5518 	 18.0000 	 2.0864 	 2.3551 	 3.1736 	 0.0000 	 0.1739 
8.0000 	 1.8938 	 2.4966 	 7.3845 	 0.0000 	 832.4011 	 8.0000 	 0.1597 	 0.4128 	 5.0358 	 0.0000 	 0.1690 
38.0000 	 5.9970 	 0.0010 	 49.9985 	 0.0000 	 2230.8824 	 38.0000 	 1.5033 	 1.9861 	 3.7633 	 0.0000 	 0.1989 
3.0000 	 2.6981 	 0.4530 	 0.7085 	 0.0000 	 885.1314 	 3.0000 	 1.1447 	 1.2526 	 6.6959 	 0.0000 	 0.4530 
33.0000 	 1.2850 	 9.4669 	 49.9975 	 0.0000 	 823.2046 	 33.0000 	 2.9499 	 2.4171 	 3.9351 	 0.0000 	 0.1338 
48.0000 	 0.3008 	 0.3670 	 2.6962 	 0.0000 	 1902.1565 	 48.0000 	 2.0244 	 2.9013 	 1.2098 	 0.0000 	 0.0933 
23.0000 	 0.0076 	 6.1452 	 17.4818 	 0.0000 	 1509.7328 	 23.0000 	 0.3703 	 0.7579 	 4.1853 	 0.0000 	 0.0970 
48.0000 	 2.9056 	 9.9929 	 0.0010 	 0.0000 	 2203.9911 	 48.0000 	 2.4308 	 2.9850 	 4.5776 	 0.0000 	 0.2410 
33.0000 	 1.2554 	 9.9994 	 48.7919 	 0.0000 	 825.4392 	 33.0000 	 1.1011 	 2.6990 	 5.1862 	 0.0000 	 0.1634 
38.0000 	 1.1188 	 9.9999 	 50.0000 	 0.0000 	 864.5969 	 38.0000 	 2.3531 	 1.6557 	 6.5414 	 0.0000 	 0.8123 
18.0000 	 1.8492 	 6.6486 	 32.6502 	 0.0000 	 823.0678 	 18.0000 	 0.7252 	 2.3125 	 3.9232 	 0.0000 	 0.1725 
23.0000 	 1.7446 	 7.8486 	 45.3137 	 0.0000 	 821.7849 	 23.0000 	 2.6067 	 2.9824 	 5.4536 	 0.0000 	 0.1225 
8.0000 	 2.5516 	 3.6145 	 11.1804 	 0.0000 	 827.0769 	 8.0000 	 1.8875 	 2.0768 	 6.9695 	 0.0000 	 0.2072 
3.0000 	 5.8477 	 1.5842 	 2.9989 	 0.0000 	 868.1314 	 3.0000 	 2.0479 	 2.0064 	 3.5290 	 0.0000 	 0.9553 
48.0000 	 0.3690 	 4.5291 	 10.6647 	 0.0000 	 1890.4603 	 48.0000 	 2.9618 	 2.3503 	 4.6617 	 0.0000 	 0.1242 
48.0000 	 0.0025 	 9.9722 	 49.9985 	 0.0000 	 1536.0257 	 48.0000 	 2.6177 	 1.4790 	 5.5345 	 0.0000 	 0.1237 
33.0000 	 5.9996 	 0.0010 	 0.0010 	 0.0000 	 2216.2898 	 33.0000 	 2.2275 	 1.0966 	 4.1125 	 0.0000 	 0.2073 
38.0000 	 0.2337 	 8.2981 	 38.7273 	 0.0000 	 1541.0019 	 38.0000 	 1.7667 	 1.8019 	 5.3386 	 0.0000 	 0.1354 
48.0000 	 1.1390 	 9.9929 	 0.1402 	 0.0000 	 2194.4572 	 48.0000 	 2.5315 	 2.6968 	 5.8246 	 0.0000 	 0.2504 
18.0000 	 1.6019 	 5.6989 	 27.7728 	 0.0000 	 824.5059 	 18.0000 	 0.2427 	 2.7746 	 2.6930 	 0.0000 	 0.0888 
8.0000 	 2.2684 	 3.1397 	 9.5708 	 0.0000 	 828.1824 	 8.0000 	 2.7656 	 0.0295 	 2.2427 	 0.0000 	 0.2202 
3.0000 	 5.8406 	 1.6810 	 3.1565 	 0.0000 	 868.9771 	 3.0000 	 1.2798 	 1.6739 	 5.8474 	 0.0000 	 1.4604 
23.0000 	 1.6847 	 7.6536 	 43.0422 	 0.0000 	 822.2164 	 23.0000 	 0.1118 	 1.2863 	 0.4081 	 0.0000 	 0.2672 
48.0000 	 0.0027 	 10.0000 	 50.0000 	 0.0000 	 1543.7184 	 48.0000 	 1.8003 	 0.0113 	 0.8326 	 0.0000 	 0.1035 
38.0000 	 0.2310 	 10.0000 	 3.5352 	 0.0000 	 2101.8779 	 38.0000 	 1.7067 	 2.9230 	 6.7999 	 0.0000 	 0.1299 
38.0000 	 0.0028 	 7.9565 	 38.2212 	 0.0000 	 1541.4751 	 38.0000 	 1.9096 	 0.1675 	 6.1818 	 0.0000 	 0.0750 
33.0000 	 1.2923 	 10.0000 	 50.0000 	 0.0000 	 824.0610 	 33.0000 	 0.0984 	 2.5292 	 5.9364 	 0.0000 	 0.2384 
18.0000 	 1.5249 	 5.4015 	 26.1398 	 0.0000 	 825.3525 	 18.0000 	 2.8047 	 2.0734 	 2.3992 	 0.0000 	 0.1427 
38.0000 	 0.0489 	 8.2471 	 38.0862 	 0.0000 	 1541.1838 	 38.0000 	 0.6346 	 2.9402 	 5.9524 	 0.0000 	 0.0402 
47.0000 	 0.0025 	 9.9929 	 49.9985 	 0.0000 	 1530.0449 	 47.0000 	 1.7191 	 1.4528 	 4.0130 	 0.0000 	 0.1340 
8.0000 	 3.3312 	 5.2316 	 17.2602 	 0.0000 	 824.3007 	 8.0000 	 0.6111 	 0.0559 	 1.4488 	 0.0000 	 0.3996 
3.0000 	 5.4762 	 1.4132 	 2.5943 	 0.0000 	 869.4146 	 3.0000 	 0.3296 	 1.1601 	 4.5784 	 0.0000 	 0.6602 
47.0000 	 0.0025 	 9.9722 	 49.9985 	 0.0000 	 1530.4062 	 47.0000 	 2.4744 	 1.5728 	 3.3730 	 0.0000 	 0.1369 
38.0000 	 0.0045 	 8.0700 	 38.1110 	 0.0000 	 1535.1108 	 38.0000 	 1.7465 	 0.3780 	 0.8878 	 0.0000 	 0.2008 
23.0000 	 1.8791 	 8.5841 	 50.0000 	 0.0000 	 821.0979 	 23.0000 	 1.7678 	 0.0188 	 6.1435 	 0.0000 	 0.1574 
33.0000 	 0.4118 	 1.1909 	 5.6145 	 0.0000 	 1570.4685 	 33.0000 	 2.4581 	 0.1111 	 0.2680 	 0.0000 	 0.0399 
33.0000 	 0.2911 	 0.6041 	 2.7925 	 0.0000 	 1570.4055 	 33.0000 	 2.3308 	 0.8578 	 4.4809 	 0.0000 	 0.0197 
39.0000 	 5.9868 	 0.0010 	 49.9985 	 0.0000 	 2191.0053 	 39.0000 	 2.1697 	 1.5314 	 5.2757 	 0.0000 	 0.2808 
18.0000 	 1.5696 	 5.6203 	 27.0547 	 0.0000 	 824.9619 	 18.0000 	 2.7337 	 1.6118 	 6.1576 	 0.0000 	 0.1308 
8.0000 	 2.0901 	 2.7627 	 8.4539 	 0.0000 	 830.0192 	 8.0000 	 1.8334 	 1.7162 	 5.1765 	 0.0000 	 0.1583 
3.0000 	 5.9711 	 1.6499 	 3.0901 	 0.0000 	 863.3910 	 3.0000 	 2.7027 	 2.4186 	 3.4740 	 0.0000 	 1.5642 
33.0000 	 1.2826 	 9.9929 	 49.9985 	 0.0000 	 821.2551 	 33.0000 	 1.0246 	 0.5982 	 2.3834 	 0.0000 	 0.4197 
23.0000 	 1.4442 	 6.7381 	 35.8825 	 0.0000 	 823.2933 	 23.0000 	 1.4201 	 1.0016 	 1.9977 	 0.0000 	 0.0884 
39.0000 	 0.0100 	 8.3847 	 39.3665 	 0.0000 	 1541.0285 	 39.0000 	 1.3194 	 2.3012 	 2.1794 	 0.0000 	 0.0742 
33.0000 	 0.4017 	 1.1709 	 5.3420 	 0.0000 	 1570.3534 	 33.0000 	 1.5127 	 1.9431 	 2.6795 	 0.0000 	 0.0345 
23.0000 	 1.5616 	 7.4992 	 39.0021 	 0.0000 	 823.1667 	 23.0000 	 0.0842 	 2.5591 	 5.4917 	 0.0000 	 0.0734 
47.0000 	 0.0126 	 10.0000 	 50.0000 	 0.0000 	 1540.8448 	 47.0000 	 2.0851 	 1.4736 	 1.3779 	 0.0000 	 0.1201 
