50.0000 	 0.0276 	 13.6200 	 15.0134 	 0.0000 	 1.5661 	 5.6601 	 822.0544 	 50.0000 	 2.4349 	 4.4741 	 1.4944 	 0.0000 	 0.7470 	 3.6664 	 0.0000 
49.0000 	 0.0204 	 28.0485 	 15.0465 	 0.0000 	 2.4308 	 5.6511 	 822.0488 	 49.0000 	 0.6477 	 8.5717 	 2.2559 	 0.0000 	 2.5907 	 4.9840 	 0.0000 
50.0000 	 0.0028 	 28.2660 	 15.0421 	 0.0000 	 -9.9999 	 5.6464 	 822.0488 	 50.0000 	 2.4246 	 0.9576 	 1.5342 	 0.0000 	 -1.6897 	 3.0615 	 0.0000 
50.0000 	 0.0030 	 2.9276 	 15.0470 	 0.0000 	 -1.9463 	 5.6597 	 822.0496 	 50.0000 	 0.2534 	 4.9537 	 -4.0904 	 0.0000 	 0.0080 	 2.2891 	 0.0000 
49.0000 	 0.0112 	 9.2570 	 15.0348 	 0.0000 	 -0.7130 	 5.6488 	 822.0493 	 49.0000 	 0.9967 	 1.5458 	 3.4683 	 0.0000 	 -2.4365 	 6.5123 	 0.0000 
49.0000 	 0.1177 	 13.1394 	 15.0456 	 0.0000 	 -5.0182 	 5.6490 	 822.0488 	 49.0000 	 2.0715 	 6.1361 	 6.8547 	 0.0000 	 -1.0309 	 6.4484 	 0.0000 
50.0000 	 0.1367 	 13.1796 	 15.0422 	 0.0000 	 9.1109 	 5.6450 	 822.0489 	 50.0000 	 1.6271 	 2.8734 	 -0.0875 	 0.0000 	 -1.4377 	 8.5326 	 0.0000 
48.0000 	 0.0025 	 5.1864 	 15.0456 	 0.0000 	 -1.4195 	 5.6487 	 822.0488 	 48.0000 	 2.0295 	 4.1943 	 7.1557 	 0.0000 	 -0.3203 	 2.2163 	 0.0000 
49.0000 	 0.0227 	 9.6364 	 15.0443 	 0.0000 	 1.2293 	 5.6488 	 822.0488 	 49.0000 	 1.9832 	 4.7952 	 6.9217 	 0.0000 	 2.0304 	 7.4633 	 0.0000 
50.0000 	 0.9546 	 54.0789 	 15.2305 	 0.0000 	 -9.9106 	 5.3906 	 821.4678 	 50.0000 	 1.4827 	 2.4637 	 8.4759 	 0.0000 	 -1.8963 	 9.4723 	 0.0013 
49.0000 	 0.0120 	 13.7389 	 15.0470 	 0.0000 	 7.1655 	 5.6568 	 822.0492 	 49.0000 	 2.6333 	 7.2659 	 -0.0413 	 0.0000 	 0.3086 	 2.7149 	 0.0000 
48.0000 	 0.0025 	 26.4659 	 15.0475 	 0.0000 	 5.8042 	 5.6535 	 822.0489 	 48.0000 	 0.6583 	 2.8857 	 -5.0115 	 0.0000 	 -2.1724 	 1.2437 	 0.0000 
48.0000 	 0.0120 	 3.5928 	 15.0450 	 0.0000 	 -3.8161 	 5.6489 	 822.0488 	 48.0000 	 0.2698 	 6.6940 	 -9.0187 	 0.0000 	 -0.1324 	 9.6818 	 0.0000 
48.0000 	 0.0879 	 2.4882 	 15.0459 	 0.0000 	 3.1679 	 5.6479 	 822.0488 	 48.0000 	 2.6553 	 2.3074 	 9.1398 	 0.0000 	 -0.7166 	 2.3192 	 0.0000 
49.0000 	 0.4357 	 3.3105 	 15.0457 	 0.0000 	 1.6861 	 5.6462 	 822.0398 	 49.0000 	 0.6477 	 8.5717 	 2.2559 	 0.0000 	 2.5907 	 4.9840 	 0.0000 
48.0000 	 0.0121 	 8.9057 	 15.0464 	 0.0000 	 3.1358 	 5.6459 	 822.0488 	 48.0000 	 0.1991 	 2.5546 	 -5.8054 	 0.0000 	 2.1841 	 7.3657 	 0.0000 
48.0000 	 0.1690 	 0.0000 	 15.0391 	 0.0000 	 0.8595 	 5.6128 	 822.0573 	 48.0000 	 2.3698 	 1.2709 	 3.1562 	 0.0000 	 -1.5067 	 8.6638 	 0.0000 
48.0000 	 0.0045 	 15.5340 	 15.0455 	 0.0000 	 -4.4085 	 5.6484 	 822.0488 	 48.0000 	 1.7195 	 6.7165 	 -0.4238 	 0.0000 	 -0.6152 	 7.5652 	 0.0000 
45.0000 	 0.0035 	 10.9720 	 15.0558 	 0.0000 	 -5.3103 	 5.6488 	 822.0492 	 45.0000 	 2.0156 	 3.4462 	 -2.9748 	 0.0000 	 1.3824 	 0.2544 	 0.0000 
48.0000 	 0.0105 	 6.7406 	 15.0440 	 0.0000 	 6.6969 	 5.6477 	 822.0488 	 48.0000 	 1.9689 	 7.5118 	 5.3540 	 0.0000 	 2.0835 	 6.5460 	 0.0000 
46.0000 	 0.0047 	 13.9921 	 15.0390 	 0.0000 	 2.5132 	 5.6545 	 822.0490 	 46.0000 	 2.7177 	 8.9227 	 -0.9282 	 0.0000 	 2.0896 	 1.9728 	 0.0000 
45.0000 	 0.0102 	 5.5569 	 15.0482 	 0.0000 	 0.0383 	 5.6573 	 822.0459 	 45.0000 	 2.3199 	 9.4902 	 -2.6145 	 0.0000 	 -1.9727 	 9.4519 	 0.0000 
46.0000 	 0.0026 	 0.1660 	 15.0397 	 0.0000 	 6.2402 	 5.6419 	 822.0486 	 46.0000 	 1.3093 	 8.7577 	 1.2140 	 0.0000 	 -0.9384 	 2.7033 	 0.0000 
45.0000 	 0.0045 	 3.0713 	 15.0488 	 0.0000 	 -5.1240 	 5.6494 	 822.0488 	 45.0000 	 0.5674 	 1.1848 	 -8.5944 	 0.0000 	 0.9121 	 7.0375 	 0.0000 
45.0000 	 0.0053 	 68.8715 	 15.0447 	 0.0000 	 1.5503 	 5.6483 	 822.0488 	 45.0000 	 0.7505 	 7.0915 	 6.4362 	 0.0000 	 -2.4780 	 2.4846 	 0.0000 
45.0000 	 0.1536 	 1.1750 	 15.0468 	 0.0000 	 -0.3768 	 5.6537 	 822.0489 	 45.0000 	 0.4791 	 6.8518 	 4.4538 	 0.0000 	 1.5364 	 3.9063 	 0.0000 
46.0000 	 0.0060 	 2.6120 	 15.0441 	 0.0000 	 -2.1006 	 5.6474 	 822.0487 	 46.0000 	 1.8635 	 4.1679 	 -0.2723 	 0.0000 	 0.9684 	 1.9430 	 0.0000 
48.0000 	 0.7469 	 24.8325 	 15.0897 	 0.0000 	 -9.8324 	 5.6039 	 821.9909 	 48.0000 	 0.2763 	 3.7478 	 0.9327 	 0.0000 	 1.4114 	 2.9054 	 0.0005 
49.0000 	 1.4569 	 99.9999 	 18.9065 	 0.0000 	 7.3753 	 3.0814 	 807.4109 	 49.0000 	 0.8917 	 3.6525 	 -7.0237 	 0.0000 	 1.6705 	 5.9328 	 0.0048 
45.0000 	 0.1284 	 2.3814 	 15.0465 	 0.0000 	 -0.3101 	 5.6502 	 822.0487 	 45.0000 	 1.9629 	 9.4724 	 -2.9661 	 0.0000 	 2.3635 	 5.3344 	 0.0000 
47.0000 	 0.0237 	 0.2884 	 15.0448 	 0.0000 	 2.3594 	 5.6495 	 822.0488 	 47.0000 	 1.5970 	 4.6624 	 -4.4843 	 0.0000 	 0.0006 	 8.7704 	 0.0000 
46.0000 	 0.0026 	 2.9591 	 15.0541 	 0.0000 	 2.3422 	 5.6445 	 822.0492 	 46.0000 	 1.3686 	 5.7255 	 1.9507 	 0.0000 	 -2.9349 	 7.0289 	 0.0000 
46.0000 	 0.0371 	 6.2280 	 15.0562 	 0.0000 	 -0.5896 	 5.6458 	 822.0497 	 46.0000 	 0.5908 	 5.4925 	 -7.6496 	 0.0000 	 2.9332 	 9.8071 	 0.0000 
47.0000 	 0.0032 	 7.2646 	 15.0476 	 0.0000 	 -4.0678 	 5.6466 	 822.0488 	 47.0000 	 1.0315 	 1.4792 	 7.1496 	 0.0000 	 2.1421 	 9.2585 	 0.0000 
47.0000 	 0.0028 	 7.7268 	 15.0540 	 0.0000 	 -1.4886 	 5.6438 	 822.0492 	 47.0000 	 2.7420 	 3.8908 	 5.1245 	 0.0000 	 -2.2188 	 6.3410 	 0.0000 
50.0000 	 1.0589 	 19.0437 	 15.3099 	 0.0000 	 -5.3727 	 5.2947 	 821.2799 	 50.0000 	 0.2650 	 3.9594 	 1.6868 	 0.0000 	 -0.1349 	 2.9491 	 0.0017 
44.0000 	 0.0570 	 9.5718 	 15.0983 	 0.0000 	 -1.6707 	 5.5951 	 822.0826 	 44.0000 	 0.2191 	 9.4175 	 9.8858 	 0.0000 	 -0.3851 	 3.0524 	 0.0006 
43.0000 	 0.1712 	 0.2670 	 15.0415 	 0.0000 	 1.2433 	 5.6435 	 822.0490 	 43.0000 	 1.8250 	 2.4551 	 7.1756 	 0.0000 	 -2.0877 	 8.0484 	 0.0000 
47.0000 	 0.0978 	 37.7109 	 15.0443 	 0.0000 	 9.2993 	 5.7026 	 822.0676 	 47.0000 	 1.8574 	 1.9027 	 6.7701 	 0.0000 	 -0.4269 	 1.2511 	 0.0000 
43.0000 	 0.2852 	 9.5573 	 15.0447 	 0.0000 	 -0.7023 	 5.6466 	 822.0488 	 43.0000 	 2.1257 	 1.1656 	 -1.9789 	 0.0000 	 1.1434 	 2.5691 	 0.0000 
49.0000 	 1.5730 	 48.7388 	 18.9881 	 0.0000 	 2.5845 	 3.0754 	 808.6382 	 49.0000 	 2.4246 	 0.9576 	 1.5342 	 0.0000 	 -1.6897 	 3.0615 	 0.0070 
50.0000 	 1.5273 	 70.0498 	 18.9053 	 0.0000 	 4.6066 	 3.0810 	 807.7152 	 50.0000 	 0.5007 	 8.4631 	 -9.8155 	 0.0000 	 -1.0343 	 6.6239 	 0.0062 
43.0000 	 0.0765 	 10.4258 	 15.0552 	 0.0000 	 -1.9907 	 5.6609 	 822.0476 	 43.0000 	 2.1100 	 6.7663 	 -9.1660 	 0.0000 	 -0.2421 	 5.9933 	 0.0000 
44.0000 	 0.0324 	 2.9614 	 15.0433 	 0.0000 	 -3.5372 	 5.6470 	 822.0487 	 44.0000 	 0.0436 	 9.7889 	 4.0348 	 0.0000 	 -1.6472 	 1.5408 	 0.0000 
50.0000 	 1.5465 	 63.1078 	 18.9408 	 0.0000 	 4.0347 	 3.0813 	 807.9111 	 50.0000 	 0.7924 	 9.4927 	 -9.1426 	 0.0000 	 -0.2659 	 1.9017 	 0.0067 
43.0000 	 0.0297 	 6.2028 	 15.0456 	 0.0000 	 -5.6667 	 5.6478 	 822.0488 	 43.0000 	 1.7579 	 3.7385 	 -7.0300 	 0.0000 	 -0.0162 	 5.7614 	 0.0000 
47.0000 	 0.0083 	 9.9379 	 15.0628 	 0.0000 	 1.0240 	 5.6400 	 822.0507 	 47.0000 	 1.3178 	 4.5424 	 -9.9705 	 0.0000 	 -2.4571 	 7.9274 	 0.0000 
44.0000 	 0.0405 	 22.6300 	 15.0469 	 0.0000 	 7.9631 	 5.6531 	 822.0489 	 44.0000 	 1.3030 	 4.8582 	 -1.2984 	 0.0000 	 0.7502 	 6.9686 	 0.0000 
43.0000 	 0.2364 	 22.4933 	 15.0460 	 0.0000 	 1.8058 	 5.6483 	 822.0488 	 43.0000 	 2.1830 	 4.2687 	 9.3058 	 0.0000 	 -2.4419 	 4.3114 	 0.0000 
46.0000 	 1.4387 	 84.3267 	 18.9946 	 0.0000 	 5.8440 	 3.0178 	 807.7504 	 46.0000 	 2.3615 	 2.4359 	 4.1693 	 0.0000 	 1.2009 	 3.3730 	 0.0079 
47.0000 	 0.9743 	 12.0242 	 15.1764 	 0.0000 	 -9.6250 	 5.3944 	 821.4774 	 47.0000 	 1.4391 	 8.2987 	 -6.4489 	 0.0000 	 1.9251 	 2.7420 	 0.0017 
42.0000 	 0.0074 	 11.6227 	 15.0456 	 0.0000 	 6.0468 	 5.6485 	 822.0487 	 42.0000 	 0.8902 	 5.7757 	 -1.6197 	 0.0000 	 -2.2874 	 0.2645 	 0.0000 
47.0000 	 1.2926 	 0.0000 	 15.5948 	 0.0000 	 -8.8651 	 5.0327 	 820.8293 	 47.0000 	 2.0912 	 2.5533 	 -5.5485 	 0.0000 	 -0.6988 	 4.2345 	 0.0032 
44.0000 	 0.3426 	 49.5126 	 15.0983 	 0.0000 	 -9.2250 	 5.7709 	 822.1486 	 44.0000 	 0.6456 	 5.9716 	 1.9564 	 0.0000 	 -2.2548 	 6.0529 	 0.0019 
46.0000 	 1.5019 	 45.8630 	 18.7351 	 0.0000 	 2.4282 	 3.2008 	 809.0449 	 46.0000 	 0.1462 	 2.2237 	 -3.5495 	 0.0000 	 -0.4268 	 3.0755 	 0.0084 
39.0000 	 0.0100 	 8.4985 	 15.0451 	 0.0000 	 -5.5872 	 5.6478 	 822.0488 	 39.0000 	 1.4353 	 9.8558 	 -9.8175 	 0.0000 	 -0.5474 	 3.5922 	 0.0000 
44.0000 	 0.0256 	 0.0000 	 15.0429 	 0.0000 	 1.6982 	 5.6710 	 822.0521 	 44.0000 	 2.2612 	 3.3186 	 -4.6570 	 0.0000 	 0.0221 	 2.7038 	 0.0000 
39.0000 	 0.0486 	 13.7959 	 15.0469 	 0.0000 	 9.7401 	 5.6488 	 822.0488 	 39.0000 	 0.3730 	 3.2674 	 -9.1700 	 0.0000 	 0.4280 	 4.4671 	 0.0000 
46.0000 	 1.4578 	 70.2940 	 18.9402 	 0.0000 	 4.6158 	 3.0913 	 807.9589 	 46.0000 	 0.5591 	 6.0579 	 9.5890 	 0.0000 	 -1.7099 	 4.4801 	 0.0050 
43.0000 	 0.0430 	 1.5237 	 15.0488 	 0.0000 	 9.7405 	 5.6537 	 822.0490 	 43.0000 	 0.5089 	 7.5561 	 3.2346 	 0.0000 	 -1.3595 	 0.9361 	 0.0000 
41.0000 	 0.0122 	 1.0794 	 15.0468 	 0.0000 	 -3.8531 	 5.6488 	 822.0488 	 41.0000 	 2.4595 	 6.8396 	 9.2772 	 0.0000 	 -0.3824 	 3.6940 	 0.0000 
42.0000 	 0.0031 	 47.5830 	 15.0391 	 0.0000 	 6.9785 	 5.6494 	 822.0488 	 42.0000 	 2.1343 	 0.5978 	 3.5094 	 0.0000 	 1.0676 	 5.8218 	 0.0000 
37.0000 	 0.0025 	 34.8956 	 15.0519 	 0.0000 	 9.7712 	 5.7841 	 822.1642 	 37.0000 	 2.2854 	 5.2995 	 1.5939 	 0.0000 	 -1.5941 	 4.9842 	 0.0000 
42.0000 	 0.0088 	 26.2678 	 15.0463 	 0.0000 	 -4.1325 	 5.6466 	 822.0487 	 42.0000 	 2.8845 	 6.3162 	 -1.3374 	 0.0000 	 -2.9716 	 4.4506 	 0.0000 
41.0000 	 0.1371 	 8.2115 	 15.0034 	 0.0000 	 -1.1290 	 5.6100 	 822.0650 	 41.0000 	 1.0140 	 7.5109 	 -1.9362 	 0.0000 	 -0.0355 	 5.9485 	 0.0167 
37.0000 	 0.0052 	 13.0621 	 15.0446 	 0.0000 	 -2.5188 	 5.6439 	 822.0488 	 37.0000 	 1.4147 	 6.1641 	 9.2477 	 0.0000 	 2.9145 	 5.6444 	 0.0000 
44.0000 	 0.0025 	 8.8895 	 15.0446 	 0.0000 	 5.7209 	 5.6464 	 822.0488 	 44.0000 	 0.5885 	 7.8509 	 9.2846 	 0.0000 	 -1.0310 	 1.4040 	 0.0000 
38.0000 	 0.3216 	 1.1536 	 14.9951 	 0.0000 	 0.5127 	 5.6519 	 822.0599 	 38.0000 	 0.6489 	 0.8911 	 -9.6261 	 0.0000 	 -2.8823 	 4.4322 	 0.0002 
46.0000 	 1.4823 	 57.9699 	 18.9116 	 0.0000 	 3.4515 	 3.0128 	 808.3382 	 46.0000 	 0.6754 	 6.1383 	 -5.2980 	 0.0000 	 -0.1480 	 5.4573 	 0.0113 
46.0000 	 1.4989 	 64.9550 	 18.7968 	 0.0000 	 9.9994 	 4.0261 	 813.5944 	 46.0000 	 1.4728 	 4.7587 	 5.4716 	 0.0000 	 0.3415 	 9.2674 	 0.0060 
43.0000 	 1.4361 	 63.4055 	 19.2085 	 0.0000 	 4.0302 	 2.9397 	 808.3692 	 43.0000 	 2.1892 	 3.6723 	 -9.4635 	 0.0000 	 0.4816 	 0.1053 	 0.0069 
39.0000 	 0.0029 	 15.1505 	 15.0443 	 0.0000 	 -6.7835 	 5.6500 	 822.0488 	 39.0000 	 1.1659 	 0.8991 	 3.5391 	 0.0000 	 -0.2604 	 4.9225 	 0.0000 
38.0000 	 0.1436 	 3.0587 	 15.0467 	 0.0000 	 1.6137 	 5.6495 	 822.0488 	 38.0000 	 1.1887 	 2.6448 	 -6.6906 	 0.0000 	 0.8449 	 9.4506 	 0.0000 
40.0000 	 0.0396 	 8.7694 	 15.0463 	 0.0000 	 -0.7284 	 5.6594 	 822.0495 	 40.0000 	 0.6854 	 6.0448 	 7.2371 	 0.0000 	 -1.8554 	 0.4827 	 0.0000 
41.0000 	 0.0748 	 0.0002 	 15.0470 	 0.0000 	 -0.7761 	 5.6504 	 822.0488 	 41.0000 	 2.2343 	 2.8477 	 7.3949 	 0.0000 	 -2.3223 	 0.9843 	 0.0000 
34.0000 	 0.0280 	 3.0983 	 15.0464 	 0.0000 	 6.6610 	 5.6518 	 822.0488 	 34.0000 	 1.6687 	 7.6078 	 -4.2664 	 0.0000 	 -1.0030 	 0.3568 	 0.0000 
36.0000 	 0.0043 	 4.3087 	 15.0475 	 0.0000 	 -3.4321 	 5.6519 	 822.0489 	 36.0000 	 2.1792 	 1.3011 	 -4.2252 	 0.0000 	 -1.6448 	 5.0816 	 0.0000 
39.0000 	 0.0034 	 32.9102 	 15.0439 	 0.0000 	 8.6164 	 5.6488 	 822.0488 	 39.0000 	 1.2406 	 9.9856 	 3.6960 	 0.0000 	 -1.5852 	 5.8507 	 0.0000 
44.0000 	 0.0452 	 5.2370 	 15.0456 	 0.0000 	 -9.5669 	 5.6482 	 822.0488 	 44.0000 	 2.9990 	 4.9767 	 0.5110 	 0.0000 	 -1.6193 	 1.9110 	 0.0000 
34.0000 	 0.0051 	 7.4388 	 15.0452 	 0.0000 	 -5.7987 	 5.6477 	 822.0488 	 34.0000 	 1.5801 	 5.0780 	 -9.6874 	 0.0000 	 2.9864 	 3.7100 	 0.0000 
36.0000 	 0.0100 	 3.8283 	 15.0455 	 0.0000 	 -3.4325 	 5.6485 	 822.0488 	 36.0000 	 0.4991 	 3.2337 	 -5.7628 	 0.0000 	 0.2566 	 9.6556 	 0.0000 
47.0000 	 1.4875 	 68.5137 	 19.0534 	 0.0000 	 4.4718 	 3.0465 	 807.9378 	 47.0000 	 0.8513 	 4.4955 	 2.7880 	 0.0000 	 0.4567 	 0.1464 	 0.0053 
40.0000 	 1.3486 	 73.9659 	 19.0570 	 0.0000 	 5.0523 	 3.0388 	 808.3673 	 40.0000 	 2.2453 	 0.1353 	 2.8881 	 0.0000 	 2.1685 	 0.7598 	 0.0083 
33.0000 	 0.1937 	 33.5680 	 15.0203 	 0.0000 	 0.4776 	 5.6850 	 822.0316 	 33.0000 	 0.1426 	 4.2057 	 -3.6196 	 0.0000 	 0.5936 	 1.7602 	 0.0000 
33.0000 	 0.0029 	 23.5867 	 15.0456 	 0.0000 	 0.1347 	 5.6489 	 822.0488 	 33.0000 	 2.6014 	 9.6661 	 4.5755 	 0.0000 	 -2.6440 	 6.7008 	 0.0000 
34.0000 	 0.0110 	 7.8353 	 15.0454 	 0.0000 	 -0.8266 	 5.6489 	 822.0488 	 34.0000 	 1.6358 	 2.1703 	 6.9139 	 0.0000 	 -2.3923 	 0.2040 	 0.0000 
41.0000 	 0.0075 	 0.0413 	 15.0456 	 0.0000 	 2.3424 	 5.6479 	 822.0488 	 41.0000 	 0.6386 	 8.6713 	 -2.9545 	 0.0000 	 -0.4474 	 8.3570 	 0.0000 
42.0000 	 0.0164 	 0.9256 	 15.0445 	 0.0000 	 -2.7791 	 5.6462 	 822.0488 	 42.0000 	 2.0784 	 3.5770 	 0.3725 	 0.0000 	 -1.3381 	 9.4412 	 0.0000 
40.0000 	 0.0840 	 31.7722 	 15.0464 	 0.0000 	 -8.8711 	 5.6500 	 822.0488 	 40.0000 	 1.5207 	 6.8619 	 7.2294 	 0.0000 	 -1.5295 	 7.6520 	 0.0000 
40.0000 	 0.0590 	 7.6239 	 15.0491 	 0.0000 	 -0.8123 	 5.6488 	 822.0488 	 40.0000 	 2.7229 	 6.8236 	 -6.5480 	 0.0000 	 0.8131 	 9.5723 	 0.0000 
44.0000 	 0.0031 	 4.9627 	 15.0461 	 0.0000 	 8.2587 	 5.6479 	 822.0488 	 44.0000 	 0.2336 	 1.7602 	 -3.9083 	 0.0000 	 2.7687 	 4.8778 	 0.0000 
44.0000 	 1.4990 	 48.5436 	 19.2496 	 0.0000 	 2.6236 	 2.8513 	 808.9445 	 44.0000 	 1.0367 	 3.9863 	 6.1661 	 0.0000 	 -0.4808 	 5.8701 	 0.0057 
40.0000 	 0.0343 	 0.9286 	 15.0417 	 0.0000 	 -9.8426 	 5.6475 	 822.0488 	 40.0000 	 1.7437 	 4.9217 	 6.3053 	 0.0000 	 2.2604 	 4.3235 	 0.0000 
42.0000 	 1.4002 	 60.7843 	 18.9278 	 0.0000 	 3.8513 	 3.0591 	 808.4924 	 42.0000 	 1.7121 	 5.2195 	 -0.4229 	 0.0000 	 -1.7155 	 9.5016 	 0.0073 
38.0000 	 0.0025 	 3.8013 	 15.0464 	 0.0000 	 -6.9785 	 5.6543 	 822.0489 	 38.0000 	 2.2993 	 2.7957 	 -9.6799 	 0.0000 	 1.7225 	 0.5350 	 0.0000 
41.0000 	 0.0930 	 3.8466 	 15.0461 	 0.0000 	 2.8765 	 5.6490 	 822.0488 	 41.0000 	 2.6335 	 6.4624 	 -3.8491 	 0.0000 	 -0.0564 	 8.1953 	 0.0000 
45.0000 	 1.3878 	 99.9998 	 18.8631 	 0.0000 	 7.2375 	 3.0730 	 807.7090 	 45.0000 	 1.4449 	 0.2972 	 -6.0592 	 0.0000 	 0.9188 	 2.3757 	 0.0053 
32.0000 	 0.0033 	 6.6516 	 15.0620 	 0.0000 	 -7.7253 	 5.6587 	 822.0504 	 32.0000 	 2.1191 	 4.0325 	 2.2769 	 0.0000 	 -2.4713 	 4.8152 	 0.0000 
31.0000 	 0.1341 	 1.4620 	 15.0434 	 0.0000 	 -5.7831 	 5.6495 	 822.0488 	 31.0000 	 2.5464 	 6.5326 	 8.0072 	 0.0000 	 0.5286 	 0.2940 	 0.0000 
34.0000 	 1.2746 	 46.1431 	 18.8834 	 0.0000 	 5.4530 	 3.7224 	 814.4426 	 34.0000 	 0.9581 	 8.7304 	 3.0733 	 0.0000 	 -1.1649 	 4.8850 	 0.0091 
37.0000 	 0.0219 	 17.5983 	 15.0461 	 0.0000 	 -10.0000 	 5.6544 	 822.0489 	 37.0000 	 1.2015 	 3.4712 	 3.5491 	 0.0000 	 -2.3833 	 6.5240 	 0.0000 
35.0000 	 0.0062 	 34.5705 	 15.0453 	 0.0000 	 0.3737 	 5.6483 	 822.0488 	 35.0000 	 1.7456 	 9.1812 	 6.5199 	 0.0000 	 -2.5262 	 0.9199 	 0.0000 
41.0000 	 1.2085 	 0.0000 	 15.6288 	 0.0000 	 -7.0255 	 4.9688 	 820.7396 	 41.0000 	 2.1644 	 0.8719 	 -0.1118 	 0.0000 	 1.4868 	 9.2122 	 0.0027 
37.0000 	 0.0190 	 2.1894 	 15.0452 	 0.0000 	 8.6571 	 5.6475 	 822.0488 	 37.0000 	 2.6321 	 3.2366 	 -8.9520 	 0.0000 	 0.8778 	 6.5966 	 0.0000 
39.0000 	 0.0025 	 11.4322 	 15.0458 	 0.0000 	 9.7687 	 5.6488 	 822.0488 	 39.0000 	 2.0152 	 4.5082 	 -7.1574 	 0.0000 	 1.8189 	 7.8173 	 0.0000 
36.0000 	 0.0088 	 60.7173 	 15.0460 	 0.0000 	 9.4348 	 5.6478 	 822.0488 	 36.0000 	 0.0238 	 5.3027 	 7.1384 	 0.0000 	 -2.3894 	 0.8180 	 0.0000 
31.0000 	 1.0239 	 0.0000 	 15.6434 	 0.0000 	 -7.0431 	 4.9766 	 820.5342 	 31.0000 	 2.4670 	 1.6145 	 -2.0558 	 0.0000 	 -0.6800 	 0.9578 	 0.0036 
37.0000 	 0.2195 	 13.5711 	 15.0446 	 0.0000 	 -1.5807 	 5.6490 	 822.0488 	 37.0000 	 0.4647 	 3.6077 	 -5.6638 	 0.0000 	 -1.5689 	 6.5427 	 0.0000 
37.0000 	 0.0123 	 8.8809 	 15.0386 	 0.0000 	 -6.2661 	 5.6495 	 822.0490 	 37.0000 	 1.8113 	 9.3353 	 -2.9236 	 0.0000 	 2.2935 	 9.6462 	 0.0000 
39.0000 	 0.2408 	 5.0753 	 15.0452 	 0.0000 	 -1.0817 	 5.6469 	 822.0488 	 39.0000 	 2.1761 	 3.0169 	 6.1512 	 0.0000 	 -2.1694 	 9.8939 	 0.0000 
33.0000 	 0.0766 	 23.1436 	 15.0517 	 0.0000 	 4.8016 	 5.6522 	 822.0489 	 33.0000 	 2.3966 	 5.8245 	 3.2126 	 0.0000 	 1.2468 	 0.7388 	 0.0000 
28.0000 	 0.0711 	 10.5631 	 15.0459 	 0.0000 	 -0.6204 	 5.6521 	 822.0488 	 28.0000 	 1.8312 	 4.9709 	 -2.5852 	 0.0000 	 0.7775 	 7.7136 	 0.0000 
38.0000 	 0.0130 	 8.4439 	 15.0481 	 0.0000 	 0.1846 	 5.6499 	 822.0488 	 38.0000 	 2.3953 	 5.0055 	 6.1421 	 0.0000 	 0.7635 	 8.8689 	 0.0000 
33.0000 	 1.2788 	 44.4184 	 19.1697 	 0.0000 	 2.2065 	 2.9677 	 810.0127 	 33.0000 	 2.3509 	 5.0424 	 -8.3374 	 0.0000 	 -2.2743 	 7.9698 	 0.0089 
44.0000 	 1.3742 	 99.9918 	 18.9547 	 0.0000 	 7.3185 	 3.1044 	 807.7700 	 44.0000 	 2.4268 	 6.8893 	 2.7390 	 0.0000 	 2.3729 	 7.2171 	 0.0059 
38.0000 	 1.3606 	 53.5896 	 19.1692 	 0.0000 	 3.0441 	 2.9313 	 809.0744 	 38.0000 	 2.2103 	 7.9589 	 5.7183 	 0.0000 	 -0.9802 	 4.9653 	 0.0062 
36.0000 	 1.3243 	 68.5861 	 19.1738 	 0.0000 	 10.0000 	 3.9079 	 813.9259 	 36.0000 	 0.0247 	 0.7565 	 -6.1581 	 0.0000 	 -1.8719 	 0.1865 	 0.0048 
27.0000 	 0.0025 	 4.1349 	 15.0445 	 0.0000 	 1.4217 	 5.6477 	 822.0484 	 27.0000 	 2.9130 	 9.4193 	 -3.8699 	 0.0000 	 -1.8384 	 5.1099 	 0.0000 
37.0000 	 1.3007 	 66.8992 	 19.0660 	 0.0000 	 4.2863 	 3.0283 	 808.7924 	 37.0000 	 0.7430 	 6.5873 	 -9.9564 	 0.0000 	 1.2653 	 7.1086 	 0.0064 
28.0000 	 1.1987 	 34.9117 	 19.3868 	 0.0000 	 1.2078 	 2.7552 	 811.3136 	 28.0000 	 1.7791 	 2.3789 	 -1.9095 	 0.0000 	 2.6930 	 6.8769 	 0.0126 
40.0000 	 0.0965 	 5.0876 	 15.0456 	 0.0000 	 -8.2403 	 5.6488 	 822.0487 	 40.0000 	 2.4939 	 9.4570 	 3.3418 	 0.0000 	 -2.4127 	 0.0321 	 0.0000 
29.0000 	 0.0048 	 2.8621 	 15.0462 	 0.0000 	 2.9506 	 5.6511 	 822.0486 	 29.0000 	 1.1657 	 4.0688 	 -3.8560 	 0.0000 	 -1.9338 	 6.3597 	 0.0002 
31.0000 	 1.0346 	 0.0000 	 15.6603 	 0.0000 	 -8.2620 	 4.9227 	 820.5322 	 31.0000 	 1.4677 	 2.9434 	 -9.2861 	 0.0000 	 2.6209 	 6.8336 	 0.0029 
32.0000 	 0.0066 	 36.8518 	 15.0452 	 0.0000 	 -2.4505 	 5.6490 	 822.0488 	 32.0000 	 2.1025 	 3.5578 	 3.0403 	 0.0000 	 -1.5246 	 3.2433 	 0.0000 
26.0000 	 0.0032 	 10.6946 	 15.0464 	 0.0000 	 -9.6489 	 5.6470 	 822.0488 	 26.0000 	 1.3829 	 9.4157 	 -9.5920 	 0.0000 	 -0.9398 	 4.1198 	 0.0000 
38.0000 	 0.0599 	 0.0000 	 15.0415 	 0.0000 	 0.1545 	 5.6458 	 822.0489 	 38.0000 	 0.0399 	 4.5033 	 -4.7827 	 0.0000 	 0.6333 	 9.2492 	 0.0000 
30.0000 	 0.0050 	 11.8833 	 15.0459 	 0.0000 	 -0.6858 	 5.6448 	 822.0488 	 30.0000 	 2.1958 	 6.0242 	 -8.0125 	 0.0000 	 1.3405 	 5.7425 	 0.0000 
23.0000 	 0.0029 	 8.4802 	 15.0464 	 0.0000 	 9.4863 	 5.6494 	 822.0488 	 23.0000 	 0.1629 	 8.9725 	 -1.3594 	 0.0000 	 -0.1064 	 6.3602 	 0.0000 
26.0000 	 0.0603 	 17.5049 	 15.0474 	 0.0000 	 -1.7581 	 5.6528 	 822.0488 	 26.0000 	 1.3016 	 3.8896 	 -3.6040 	 0.0000 	 -0.1521 	 1.7399 	 0.0000 
35.0000 	 0.5356 	 2.3181 	 15.3076 	 0.0000 	 -7.4165 	 6.1133 	 823.4547 	 35.0000 	 2.1235 	 5.0872 	 -4.1844 	 0.0000 	 0.1606 	 8.1548 	 0.0001 
33.0000 	 0.0043 	 3.8464 	 15.0456 	 0.0000 	 0.7285 	 5.6475 	 822.0488 	 33.0000 	 2.0530 	 9.5740 	 9.2127 	 0.0000 	 0.5660 	 7.7944 	 0.0000 
35.0000 	 0.0037 	 10.8736 	 15.0460 	 0.0000 	 -9.8164 	 5.6475 	 822.0488 	 35.0000 	 0.1607 	 0.0339 	 -5.8480 	 0.0000 	 0.1592 	 1.5808 	 0.0000 
34.0000 	 1.1778 	 7.0030 	 16.5014 	 0.0000 	 -2.9060 	 4.5815 	 818.4051 	 34.0000 	 1.4646 	 4.7209 	 2.3104 	 0.0000 	 -0.8918 	 7.8435 	 0.0048 
24.0000 	 0.0032 	 34.1797 	 15.0441 	 0.0000 	 -9.9326 	 5.6486 	 822.0486 	 24.0000 	 0.7770 	 8.2684 	 9.9785 	 0.0000 	 -2.1921 	 9.2642 	 0.0000 
28.0000 	 0.0359 	 8.5840 	 15.0537 	 0.0000 	 7.1931 	 5.6702 	 822.0519 	 28.0000 	 2.7657 	 3.3832 	 -4.8596 	 0.0000 	 -1.0492 	 8.8546 	 0.0000 
27.0000 	 0.0100 	 3.0357 	 15.0446 	 0.0000 	 -2.0344 	 5.6474 	 822.0487 	 27.0000 	 2.6932 	 2.6141 	 0.3288 	 0.0000 	 2.4818 	 4.3171 	 0.0000 
33.0000 	 0.0056 	 1.9796 	 15.0453 	 0.0000 	 0.3812 	 5.6509 	 822.0489 	 33.0000 	 0.7287 	 3.7053 	 -1.3869 	 0.0000 	 0.6594 	 2.3612 	 0.0000 
35.0000 	 0.1047 	 15.4407 	 15.1318 	 0.0000 	 2.3555 	 5.7898 	 821.4135 	 35.0000 	 0.1901 	 9.5351 	 -7.0986 	 0.0000 	 -0.1806 	 8.5680 	 0.0034 
37.0000 	 0.2021 	 5.2785 	 15.0753 	 0.0000 	 5.8261 	 5.6129 	 822.0620 	 37.0000 	 1.7292 	 9.6808 	 5.7025 	 0.0000 	 0.6377 	 8.3555 	 0.0000 
25.0000 	 0.0084 	 2.2648 	 15.0441 	 0.0000 	 -2.3850 	 5.6475 	 822.0488 	 25.0000 	 1.6571 	 8.0088 	 -5.3265 	 0.0000 	 -1.8715 	 5.0644 	 0.0000 
21.0000 	 0.0627 	 0.9349 	 15.0346 	 0.0000 	 7.8581 	 5.6290 	 822.0516 	 21.0000 	 1.9124 	 7.1117 	 -5.5744 	 0.0000 	 -1.6864 	 6.8253 	 0.0000 
21.0000 	 0.0485 	 0.0206 	 15.0448 	 0.0000 	 -4.9656 	 5.6483 	 822.0410 	 21.0000 	 1.9786 	 2.7620 	 -4.7239 	 0.0000 	 2.8236 	 1.4008 	 0.0000 
34.0000 	 1.2483 	 63.4298 	 19.1051 	 0.0000 	 3.9732 	 3.0034 	 809.2091 	 34.0000 	 0.9310 	 0.7705 	 0.3282 	 0.0000 	 2.2446 	 4.5206 	 0.0064 
26.0000 	 1.1597 	 33.2702 	 19.4863 	 0.0000 	 1.1217 	 2.6872 	 811.7975 	 26.0000 	 1.7429 	 7.1156 	 7.3983 	 0.0000 	 -2.5464 	 0.7882 	 0.0093 
35.0000 	 0.0034 	 9.2966 	 15.0459 	 0.0000 	 5.4833 	 5.6510 	 822.0488 	 35.0000 	 0.4486 	 4.4345 	 4.3408 	 0.0000 	 -2.2970 	 8.6930 	 0.0000 
31.0000 	 1.1780 	 66.7200 	 19.1735 	 0.0000 	 4.3225 	 2.9446 	 809.5408 	 31.0000 	 1.8704 	 9.3539 	 -9.9288 	 0.0000 	 -0.1862 	 1.9790 	 0.0088 
36.0000 	 1.2978 	 54.4977 	 18.8882 	 0.0000 	 3.2705 	 3.1563 	 809.3634 	 36.0000 	 0.0710 	 3.1115 	 1.8770 	 0.0000 	 1.7409 	 9.5209 	 0.0103 
29.0000 	 0.0078 	 2.5223 	 15.0287 	 0.0000 	 -4.5046 	 5.6340 	 822.0512 	 29.0000 	 1.1827 	 4.0069 	 -8.2226 	 0.0000 	 -0.7577 	 6.7261 	 0.0000 
42.0000 	 1.4528 	 46.8249 	 19.1110 	 0.0000 	 2.4872 	 2.9617 	 809.0924 	 42.0000 	 0.9248 	 9.6327 	 9.7918 	 0.0000 	 -2.2295 	 5.9735 	 0.0073 
24.0000 	 0.0170 	 1.9406 	 15.0454 	 0.0000 	 9.7998 	 5.6475 	 822.0487 	 24.0000 	 1.4050 	 9.1951 	 2.5580 	 0.0000 	 0.8996 	 3.3238 	 0.0000 
31.0000 	 0.0139 	 57.8352 	 15.0448 	 0.0000 	 3.7933 	 5.6473 	 822.0487 	 31.0000 	 2.0890 	 5.8836 	 -7.4257 	 0.0000 	 0.5245 	 1.8411 	 0.0000 
39.0000 	 1.4053 	 66.3274 	 19.2760 	 0.0000 	 10.0000 	 3.8388 	 813.7267 	 39.0000 	 2.0810 	 9.6076 	 -3.6252 	 0.0000 	 2.2318 	 0.6738 	 0.0069 
31.0000 	 1.1373 	 86.2413 	 18.9881 	 0.0000 	 6.1793 	 3.0683 	 809.4481 	 31.0000 	 1.4917 	 0.3109 	 -7.4788 	 0.0000 	 -0.6532 	 5.3092 	 0.0076 
23.0000 	 0.1145 	 10.9827 	 15.0505 	 0.0000 	 -4.3443 	 5.6702 	 822.0517 	 23.0000 	 2.0738 	 4.3655 	 -3.2845 	 0.0000 	 0.3103 	 0.0529 	 0.0000 
30.0000 	 1.0067 	 0.0000 	 15.6437 	 0.0000 	 -5.0204 	 4.9200 	 820.4923 	 30.0000 	 2.7868 	 0.6371 	 -2.6810 	 0.0000 	 0.6202 	 5.4222 	 0.0028 
19.0000 	 0.9283 	 58.8664 	 19.3114 	 0.0000 	 9.9350 	 3.7225 	 815.5447 	 19.0000 	 1.3056 	 6.9515 	 9.4874 	 0.0000 	 -0.3115 	 0.2863 	 0.0092 
30.0000 	 0.1595 	 40.4684 	 15.0474 	 0.0000 	 2.9275 	 5.6514 	 822.0488 	 30.0000 	 1.4546 	 3.3672 	 8.3135 	 0.0000 	 -1.0247 	 3.2289 	 0.0000 
28.0000 	 1.1637 	 64.9703 	 19.3533 	 0.0000 	 10.0000 	 3.6465 	 814.3928 	 28.0000 	 1.6313 	 0.8220 	 1.7043 	 0.0000 	 1.2307 	 2.4458 	 0.0077 
19.0000 	 0.0472 	 7.2898 	 15.0455 	 0.0000 	 3.1595 	 5.6471 	 822.0487 	 19.0000 	 0.6691 	 3.5632 	 9.3809 	 0.0000 	 -2.9182 	 7.2992 	 0.0000 
34.0000 	 1.2714 	 52.7986 	 19.0809 	 0.0000 	 2.8963 	 2.9528 	 809.5887 	 34.0000 	 1.5696 	 3.2621 	 -5.9219 	 0.0000 	 0.9934 	 6.6971 	 0.0073 
32.0000 	 1.2391 	 49.8952 	 19.2602 	 0.0000 	 2.6961 	 2.8953 	 809.8567 	 32.0000 	 1.2044 	 0.8725 	 -9.7370 	 0.0000 	 2.4446 	 0.0043 	 0.0083 
32.0000 	 0.0386 	 5.0164 	 15.0362 	 0.0000 	 -0.9166 	 5.6808 	 822.0561 	 32.0000 	 1.2425 	 8.0951 	 -1.9581 	 0.0000 	 0.9690 	 7.0400 	 0.0000 
20.0000 	 0.0073 	 5.2394 	 15.0459 	 0.0000 	 -2.9500 	 5.6481 	 822.0488 	 20.0000 	 2.4150 	 9.4325 	 -1.8371 	 0.0000 	 2.0995 	 6.1850 	 0.0000 
20.0000 	 0.7822 	 0.0000 	 15.7087 	 0.0000 	 -9.3111 	 4.8653 	 820.0783 	 20.0000 	 1.1290 	 4.4519 	 8.5679 	 0.0000 	 -1.3743 	 1.7561 	 0.0043 
33.0000 	 1.2987 	 65.1257 	 19.4330 	 0.0000 	 10.0000 	 3.6765 	 814.0647 	 33.0000 	 2.0433 	 0.0477 	 7.4920 	 0.0000 	 0.5133 	 5.8949 	 0.0087 
19.0000 	 0.0419 	 0.8666 	 15.0459 	 0.0000 	 9.8094 	 5.6491 	 822.0487 	 19.0000 	 2.4201 	 7.6311 	 -6.8714 	 0.0000 	 1.6897 	 1.6068 	 0.0000 
29.0000 	 0.0072 	 1.6313 	 15.0485 	 0.0000 	 -5.3639 	 5.6548 	 822.0491 	 29.0000 	 1.3368 	 6.5744 	 -0.9835 	 0.0000 	 -0.2367 	 9.0223 	 0.0002 
41.0000 	 0.0287 	 23.1274 	 15.0469 	 0.0000 	 9.8311 	 5.6458 	 822.0481 	 41.0000 	 1.9352 	 4.4414 	 3.1574 	 0.0000 	 0.9649 	 3.9951 	 0.0000 
24.0000 	 0.0025 	 51.3109 	 15.0460 	 0.0000 	 -5.6111 	 5.6485 	 822.0487 	 24.0000 	 2.7280 	 3.7179 	 -3.8530 	 0.0000 	 2.0728 	 0.4310 	 0.0000 
16.0000 	 0.0705 	 16.7474 	 15.0453 	 0.0000 	 -1.7377 	 5.6487 	 822.0488 	 16.0000 	 2.8398 	 5.6284 	 -6.6368 	 0.0000 	 -0.8103 	 5.9920 	 0.0000 
36.0000 	 1.3256 	 49.3827 	 19.1253 	 0.0000 	 2.7211 	 2.8864 	 809.4358 	 36.0000 	 1.2623 	 4.7802 	 0.1936 	 0.0000 	 1.2661 	 5.4427 	 0.0071 
28.0000 	 0.0031 	 9.7617 	 15.0461 	 0.0000 	 -5.3849 	 5.6489 	 822.0488 	 28.0000 	 2.8561 	 9.3530 	 -7.7580 	 0.0000 	 -0.4735 	 2.8294 	 0.0000 
29.0000 	 0.0025 	 3.4223 	 15.0468 	 0.0000 	 -8.0895 	 5.6542 	 822.0490 	 29.0000 	 2.5572 	 3.7948 	 3.0985 	 0.0000 	 -0.8257 	 6.2119 	 0.0000 
30.0000 	 1.1410 	 66.9914 	 18.9966 	 0.0000 	 4.3472 	 3.0604 	 809.7625 	 30.0000 	 1.2040 	 3.0174 	 1.9780 	 0.0000 	 -0.0230 	 7.0569 	 0.0065 
30.0000 	 1.0040 	 0.0000 	 15.6447 	 0.0000 	 -10.0000 	 4.9309 	 820.4941 	 30.0000 	 0.0316 	 8.4017 	 -7.3346 	 0.0000 	 -2.2739 	 6.6308 	 0.0030 
21.0000 	 0.1000 	 25.9138 	 15.0442 	 0.0000 	 -9.9424 	 5.6453 	 822.0488 	 21.0000 	 1.0228 	 9.8788 	 -4.6704 	 0.0000 	 1.5058 	 7.7618 	 0.0000 
16.0000 	 0.1507 	 0.0209 	 15.0412 	 0.0000 	 1.0573 	 5.6592 	 822.0496 	 16.0000 	 1.3591 	 0.8142 	 7.7681 	 0.0000 	 2.8784 	 9.3784 	 0.0000 
16.0000 	 0.0042 	 2.8082 	 15.0485 	 0.0000 	 -4.2589 	 5.6487 	 822.0488 	 16.0000 	 1.2688 	 3.6427 	 1.6920 	 0.0000 	 2.1477 	 9.2634 	 0.0000 
38.0000 	 1.1479 	 0.0000 	 15.6068 	 0.0000 	 -0.2992 	 5.0044 	 820.6836 	 38.0000 	 2.9292 	 5.8500 	 8.9636 	 0.0000 	 0.4706 	 1.3280 	 0.0030 
28.0000 	 1.1759 	 63.7164 	 19.3650 	 0.0000 	 10.0000 	 3.7044 	 814.3739 	 28.0000 	 2.3665 	 7.9382 	 -3.1308 	 0.0000 	 0.6772 	 5.9841 	 0.0093 
23.0000 	 0.0032 	 6.2152 	 15.0455 	 0.0000 	 0.1076 	 5.6487 	 822.0488 	 23.0000 	 2.7161 	 1.8399 	 7.8575 	 0.0000 	 -1.8497 	 8.0082 	 0.0000 
14.0000 	 0.6867 	 1.5112 	 16.5334 	 0.0000 	 -5.4507 	 4.3557 	 819.0035 	 14.0000 	 1.5908 	 9.9067 	 -4.2234 	 0.0000 	 -0.7102 	 7.8424 	 0.0071 
14.0000 	 0.0025 	 9.5935 	 14.6216 	 0.0000 	 -0.9111 	 7.1753 	 830.9780 	 14.0000 	 2.8880 	 4.8277 	 0.2887 	 0.0000 	 1.3477 	 7.2541 	 0.1041 
30.0000 	 0.0067 	 17.7466 	 15.0464 	 0.0000 	 -9.8584 	 5.6482 	 822.0488 	 30.0000 	 2.4414 	 5.9339 	 4.0878 	 0.0000 	 -0.6743 	 1.4206 	 0.0000 
14.0000 	 0.6367 	 0.2674 	 15.9938 	 0.0000 	 -8.8315 	 4.7245 	 819.4199 	 14.0000 	 0.9095 	 9.3108 	 5.5581 	 0.0000 	 1.8331 	 1.6420 	 0.0042 
24.0000 	 0.2459 	 77.4902 	 15.0488 	 0.0000 	 -9.3105 	 5.6445 	 801.4827 	 24.0000 	 2.9212 	 3.8383 	 4.3935 	 0.0000 	 -0.2448 	 7.2877 	 0.0000 
25.0000 	 0.0026 	 0.9082 	 15.0488 	 0.0000 	 -6.6855 	 5.6494 	 822.0488 	 25.0000 	 0.4038 	 8.7574 	 -5.1997 	 0.0000 	 1.4599 	 9.9463 	 0.0000 
31.0000 	 0.0345 	 1.2500 	 15.0488 	 0.0000 	 -2.9355 	 5.6494 	 822.0487 	 31.0000 	 0.2204 	 7.2484 	 -3.5446 	 0.0000 	 -2.2812 	 6.0069 	 0.0000 
27.0000 	 0.9465 	 0.0000 	 15.6026 	 0.0000 	 4.3555 	 4.9671 	 820.4216 	 27.0000 	 1.2848 	 4.2377 	 -0.0205 	 0.0000 	 2.2762 	 9.1963 	 0.0053 
29.0000 	 0.0026 	 8.5115 	 15.0458 	 0.0000 	 -3.4528 	 5.6508 	 822.0488 	 29.0000 	 1.4011 	 6.5799 	 -5.3940 	 0.0000 	 1.4685 	 9.7665 	 0.0000 
25.0000 	 0.0070 	 12.4646 	 15.0464 	 0.0000 	 -4.2195 	 5.6580 	 822.0493 	 25.0000 	 1.3493 	 1.8732 	 -3.4028 	 0.0000 	 2.2581 	 1.1119 	 0.0000 
24.0000 	 1.0641 	 36.4195 	 19.1249 	 0.0000 	 1.4594 	 2.9167 	 811.7939 	 24.0000 	 0.6446 	 6.7130 	 -4.0829 	 0.0000 	 0.3804 	 5.4845 	 0.0086 
36.0000 	 0.0040 	 0.0363 	 15.0177 	 0.0000 	 -8.4434 	 5.6671 	 822.0551 	 36.0000 	 1.0723 	 9.2065 	 -4.6307 	 0.0000 	 1.8439 	 4.0308 	 0.0015 
32.0000 	 1.0415 	 0.0000 	 15.6123 	 0.0000 	 -9.9011 	 4.9523 	 820.5518 	 32.0000 	 2.4135 	 4.6889 	 -3.5345 	 0.0000 	 -0.3044 	 4.7015 	 0.0034 
14.0000 	 0.1019 	 30.8554 	 15.0457 	 0.0000 	 -0.1424 	 5.6486 	 822.0488 	 14.0000 	 2.4373 	 1.6888 	 -1.3742 	 0.0000 	 -1.7997 	 8.7909 	 0.0000 
9.0000 	 0.0038 	 33.6061 	 15.0553 	 0.0000 	 -2.6317 	 5.6289 	 822.0519 	 9.0000 	 2.5307 	 9.1208 	 3.1258 	 0.0000 	 2.0055 	 7.3297 	 0.0000 
24.0000 	 0.0044 	 0.8471 	 15.0460 	 0.0000 	 3.7220 	 5.6489 	 822.0488 	 24.0000 	 0.6594 	 6.5906 	 -2.0081 	 0.0000 	 -2.0261 	 9.7984 	 0.0000 
9.0000 	 0.0034 	 2.8506 	 15.0434 	 0.0000 	 -3.6372 	 5.6425 	 822.0490 	 9.0000 	 1.2758 	 0.7696 	 4.2613 	 0.0000 	 2.2795 	 9.4984 	 0.0000 
29.0000 	 0.0055 	 4.2068 	 15.0470 	 0.0000 	 -6.6612 	 5.6473 	 822.0488 	 29.0000 	 1.2383 	 0.1086 	 0.7872 	 0.0000 	 -2.9327 	 3.8261 	 0.0000 
22.0000 	 0.9002 	 99.9913 	 18.9373 	 0.0000 	 7.5425 	 3.1584 	 811.9992 	 22.0000 	 1.2613 	 7.8639 	 6.0589 	 0.0000 	 -1.6763 	 2.6233 	 0.0092 
25.0000 	 1.0744 	 47.9017 	 19.3268 	 0.0000 	 2.6343 	 2.8857 	 811.0138 	 25.0000 	 0.1421 	 0.7837 	 -6.6161 	 0.0000 	 0.2657 	 4.5662 	 0.0084 
33.0000 	 0.0056 	 2.4429 	 15.0421 	 0.0000 	 -8.0610 	 5.6488 	 822.0490 	 33.0000 	 1.9206 	 9.5477 	 2.1527 	 0.0000 	 2.4362 	 8.5385 	 0.0000 
19.0000 	 0.7809 	 0.0000 	 15.7815 	 0.0000 	 -10.0000 	 4.7011 	 820.0654 	 19.0000 	 0.7419 	 9.6626 	 5.6342 	 0.0000 	 1.7656 	 6.8933 	 0.0043 
23.0000 	 0.0028 	 7.1021 	 15.0465 	 0.0000 	 -2.1596 	 5.6487 	 822.0488 	 23.0000 	 0.5185 	 2.8469 	 -1.5497 	 0.0000 	 -2.2973 	 9.5617 	 0.0000 
9.0000 	 0.0133 	 8.3975 	 15.0447 	 0.0000 	 9.8840 	 5.6490 	 822.0488 	 9.0000 	 0.1952 	 0.5879 	 9.4382 	 0.0000 	 -0.0325 	 1.2223 	 0.0000 
9.0000 	 0.4280 	 0.0000 	 15.8031 	 0.0000 	 4.0128 	 4.6746 	 818.9053 	 9.0000 	 2.5277 	 5.2394 	 0.8608 	 0.0000 	 -2.2399 	 8.8466 	 0.0027 
8.0000 	 0.0071 	 6.3865 	 15.0485 	 0.0000 	 -7.9569 	 5.6451 	 822.0489 	 8.0000 	 1.6756 	 3.4151 	 1.5033 	 0.0000 	 2.1256 	 7.7856 	 0.0000 
20.0000 	 0.9104 	 3.3977 	 16.9033 	 0.0000 	 -4.1760 	 4.2753 	 818.7708 	 20.0000 	 0.1634 	 0.1111 	 -7.3264 	 0.0000 	 -1.9255 	 0.6897 	 0.0054 
8.0000 	 0.3825 	 0.0000 	 15.8185 	 0.0000 	 5.7248 	 4.6638 	 818.7043 	 8.0000 	 0.6326 	 9.4580 	 6.2534 	 0.0000 	 1.7754 	 4.6925 	 0.0030 
18.0000 	 0.0373 	 1.7147 	 15.0442 	 0.0000 	 -8.1979 	 5.6463 	 822.0488 	 18.0000 	 0.7132 	 2.8681 	 5.5391 	 0.0000 	 2.4353 	 6.4221 	 0.0000 
13.0000 	 0.6776 	 16.2855 	 17.3825 	 0.0000 	 2.8171 	 4.1687 	 818.3121 	 13.0000 	 2.3089 	 0.5962 	 -7.3156 	 0.0000 	 0.9101 	 0.4702 	 0.0060 
8.0000 	 0.3989 	 1.0453 	 16.0236 	 0.0000 	 -1.2853 	 4.5584 	 818.6623 	 8.0000 	 1.9036 	 7.2931 	 -8.0716 	 0.0000 	 -0.0561 	 3.7027 	 0.0033 
16.0000 	 0.0034 	 0.7031 	 15.0464 	 0.0000 	 -4.6121 	 5.6482 	 822.0488 	 16.0000 	 0.9096 	 1.8553 	 9.0666 	 0.0000 	 -0.5388 	 2.1421 	 0.0000 
26.0000 	 0.1981 	 18.2323 	 15.0452 	 0.0000 	 -6.6275 	 5.6471 	 822.0488 	 26.0000 	 1.8134 	 4.6364 	 1.1061 	 0.0000 	 2.4856 	 8.0146 	 0.0000 
4.0000 	 0.0039 	 13.5819 	 15.0450 	 0.0000 	 3.6316 	 5.6473 	 822.0488 	 4.0000 	 2.9014 	 1.4830 	 3.2295 	 0.0000 	 -2.9448 	 2.0508 	 0.0000 
19.0000 	 0.0245 	 3.0933 	 15.0470 	 0.0000 	 -9.2672 	 5.6479 	 822.0487 	 19.0000 	 1.1789 	 3.3930 	 2.9547 	 0.0000 	 2.5107 	 4.3625 	 0.0000 
26.0000 	 0.0324 	 0.0170 	 15.0464 	 0.0000 	 1.3698 	 5.6483 	 822.0488 	 26.0000 	 1.7905 	 3.6156 	 -4.6293 	 0.0000 	 1.6235 	 3.8942 	 0.0000 
26.0000 	 0.1008 	 10.3257 	 15.0441 	 0.0000 	 6.8369 	 5.6524 	 822.0489 	 26.0000 	 0.5676 	 1.9576 	 -8.7643 	 0.0000 	 -2.9039 	 0.4737 	 0.0000 
1.0000 	 0.8920 	 9.1309 	 9.4727 	 0.0000 	 1.1309 	 4.6387 	 876.6358 	 1.0000 	 0.9747 	 9.3335 	 -6.5518 	 0.0000 	 0.4053 	 0.0598 	 0.4731 
3.0000 	 0.0937 	 0.0000 	 15.9057 	 0.0000 	 -0.8645 	 4.4964 	 817.2160 	 3.0000 	 0.4088 	 6.5079 	 8.7099 	 0.0000 	 0.0858 	 6.1882 	 0.0013 
22.0000 	 0.0035 	 4.5581 	 15.0494 	 0.0000 	 -1.2885 	 5.6458 	 822.0489 	 22.0000 	 0.1525 	 2.0319 	 8.3571 	 0.0000 	 -0.8899 	 8.0441 	 0.0000 
7.0000 	 0.0043 	 13.9412 	 15.0410 	 0.0000 	 3.1231 	 5.6500 	 822.0486 	 7.0000 	 2.5654 	 0.9556 	 0.5530 	 0.0000 	 2.8841 	 9.8071 	 0.0000 
21.0000 	 0.0414 	 13.3984 	 15.0494 	 0.0000 	 4.0816 	 5.6700 	 822.0513 	 21.0000 	 2.2898 	 6.6524 	 -2.8706 	 0.0000 	 0.4474 	 4.7689 	 0.0019 
19.0000 	 0.2350 	 13.8135 	 15.1221 	 0.0000 	 1.4150 	 5.6958 	 822.0117 	 19.0000 	 2.7165 	 6.4151 	 -0.3686 	 0.0000 	 0.9507 	 2.7257 	 0.0100 
16.0000 	 0.0051 	 16.0560 	 15.0450 	 0.0000 	 -7.8598 	 5.6482 	 822.0487 	 16.0000 	 1.2647 	 3.1606 	 -1.0828 	 0.0000 	 1.6038 	 4.6518 	 0.0000 
10.0000 	 0.0037 	 5.4564 	 15.0446 	 0.0000 	 -4.8504 	 5.6473 	 822.0475 	 10.0000 	 2.9619 	 0.0777 	 3.9837 	 0.0000 	 1.1514 	 1.0474 	 0.0000 
16.0000 	 0.0108 	 1.6859 	 15.0485 	 0.0000 	 9.7718 	 5.6486 	 822.0488 	 16.0000 	 0.9462 	 4.7974 	 5.8310 	 0.0000 	 1.8089 	 5.3549 	 0.0000 
2.0000 	 0.0326 	 0.0000 	 15.9164 	 0.0000 	 1.5285 	 4.4767 	 816.9949 	 2.0000 	 2.2393 	 8.8819 	 7.8304 	 0.0000 	 -2.4511 	 9.4892 	 0.0006 
21.0000 	 0.0369 	 2.7805 	 15.0462 	 0.0000 	 -3.5855 	 5.6454 	 822.0488 	 21.0000 	 0.7335 	 9.1190 	 -9.2094 	 0.0000 	 -1.8867 	 7.7136 	 0.0000 
20.0000 	 0.4316 	 9.3736 	 15.0451 	 0.0000 	 2.3449 	 5.6439 	 822.0261 	 20.0000 	 2.8390 	 5.5018 	 0.9507 	 0.0000 	 0.3865 	 2.8851 	 0.0004 
20.0000 	 0.1548 	 6.2952 	 15.1288 	 0.0000 	 2.8685 	 5.7523 	 822.1384 	 20.0000 	 0.1537 	 6.2005 	 -0.5582 	 0.0000 	 1.9778 	 9.2393 	 0.0000 
13.0000 	 0.5809 	 0.0000 	 15.7578 	 0.0000 	 -0.5020 	 4.7652 	 819.5035 	 13.0000 	 0.6950 	 6.4935 	 -9.7984 	 0.0000 	 1.1889 	 9.9195 	 0.0025 
7.0000 	 0.3423 	 0.1322 	 15.9020 	 0.0000 	 -5.7301 	 4.5873 	 818.3982 	 7.0000 	 0.8966 	 9.1166 	 1.1864 	 0.0000 	 -1.6673 	 6.1351 	 0.0038 
24.0000 	 0.2767 	 97.1796 	 15.0483 	 0.0000 	 7.7107 	 5.6502 	 822.0490 	 24.0000 	 1.0516 	 8.7565 	 -0.0425 	 0.0000 	 -0.4791 	 4.8241 	 0.0000 
4.0000 	 0.0026 	 73.5356 	 15.0455 	 0.0000 	 6.2221 	 5.6498 	 822.0489 	 4.0000 	 1.8720 	 9.1239 	 9.2575 	 0.0000 	 -2.7624 	 5.6664 	 0.0000 
16.0000 	 0.8165 	 13.7777 	 18.0787 	 0.0000 	 -0.7661 	 3.7238 	 816.3902 	 16.0000 	 2.8730 	 4.4633 	 4.9972 	 0.0000 	 -2.6212 	 4.5617 	 0.0109 
1.0000 	 4.0838 	 4.6928 	 6.2433 	 0.0000 	 3.1651 	 4.5287 	 878.3650 	 1.0000 	 2.8250 	 8.7398 	 6.0470 	 0.0000 	 -0.2070 	 5.0172 	 0.4296 
13.0000 	 6.0000 	 2.4567 	 7.5380 	 0.0000 	 -1.1660 	 4.3513 	 890.4850 	 13.0000 	 0.7600 	 2.6163 	 -2.4890 	 0.0000 	 0.5358 	 2.5671 	 0.0444 
4.0000 	 0.1653 	 0.1853 	 16.0402 	 0.0000 	 -6.0769 	 4.4605 	 817.4797 	 4.0000 	 2.3465 	 0.0826 	 6.2913 	 0.0000 	 2.2870 	 4.8547 	 0.0025 
15.0000 	 0.1443 	 7.1973 	 15.1172 	 0.0000 	 2.6221 	 5.5371 	 822.1631 	 15.0000 	 0.4018 	 8.7152 	 6.8122 	 0.0000 	 -1.0936 	 1.4322 	 0.0005 
13.0000 	 0.0034 	 6.3237 	 15.0467 	 0.0000 	 -0.3070 	 5.6494 	 822.0488 	 13.0000 	 1.7787 	 5.1448 	 3.9268 	 0.0000 	 -2.9267 	 4.6558 	 0.0000 
7.0000 	 0.3325 	 0.0000 	 15.8345 	 0.0000 	 4.6281 	 4.6056 	 818.4722 	 7.0000 	 2.8535 	 1.7797 	 -7.8041 	 0.0000 	 -2.0970 	 2.3189 	 0.0032 
7.0000 	 0.0111 	 2.4438 	 15.0441 	 0.0000 	 -2.2948 	 5.6513 	 822.0488 	 7.0000 	 0.8827 	 9.1955 	 -6.0231 	 0.0000 	 -0.8017 	 2.0844 	 0.0000 
22.0000 	 0.9968 	 40.1276 	 19.2370 	 0.0000 	 2.0101 	 2.9061 	 812.0118 	 22.0000 	 2.7409 	 7.9260 	 -5.6683 	 0.0000 	 2.6812 	 4.3981 	 0.0124 
12.0000 	 0.0048 	 2.2659 	 15.0453 	 0.0000 	 -6.0004 	 5.6464 	 822.0488 	 12.0000 	 1.4053 	 9.4247 	 -5.6124 	 0.0000 	 -0.0692 	 0.8928 	 0.0000 
24.0000 	 1.0780 	 34.4778 	 19.1181 	 0.0000 	 1.1801 	 2.9092 	 812.0458 	 24.0000 	 1.6324 	 1.5501 	 -7.2338 	 0.0000 	 -0.3125 	 6.9932 	 0.0181 
1.0000 	 0.0025 	 0.0000 	 16.0194 	 0.0000 	 -5.1167 	 4.2972 	 819.1058 	 1.0000 	 0.6820 	 8.5258 	 4.5378 	 0.0000 	 0.8404 	 8.4615 	 0.0064 
25.0000 	 0.9842 	 100.0000 	 19.0738 	 0.0000 	 7.3716 	 3.0090 	 810.9253 	 25.0000 	 0.4403 	 7.1019 	 -5.7005 	 0.0000 	 -1.7537 	 3.8797 	 0.0063 
12.0000 	 0.5487 	 0.0000 	 15.7882 	 0.0000 	 5.8152 	 4.6921 	 819.3776 	 12.0000 	 1.5195 	 8.3949 	 -0.9668 	 0.0000 	 1.8946 	 8.4080 	 0.0034 
20.0000 	 0.0026 	 0.0000 	 15.0432 	 0.0000 	 -2.7026 	 5.6496 	 822.0488 	 20.0000 	 1.3174 	 1.1112 	 9.5985 	 0.0000 	 0.4381 	 9.8141 	 0.0000 
10.0000 	 0.0478 	 1.1699 	 15.0436 	 0.0000 	 -7.7436 	 5.6474 	 822.0488 	 10.0000 	 2.0518 	 7.9255 	 0.6219 	 0.0000 	 -1.9403 	 1.9774 	 0.0000 
7.0000 	 0.0025 	 7.1454 	 15.0433 	 0.0000 	 8.1367 	 5.6439 	 822.0489 	 7.0000 	 1.3323 	 6.5008 	 7.1793 	 0.0000 	 1.1038 	 9.3103 	 0.0000 
10.0000 	 0.1211 	 18.3506 	 15.0470 	 0.0000 	 -3.8465 	 5.6483 	 822.0490 	 10.0000 	 1.3135 	 5.8013 	 -7.0974 	 0.0000 	 2.5448 	 0.8605 	 0.0001 
4.0000 	 0.0067 	 22.4603 	 15.0468 	 0.0000 	 2.0225 	 5.6519 	 822.0495 	 4.0000 	 0.2007 	 5.1676 	 1.0081 	 0.0000 	 0.5771 	 2.5365 	 0.0000 
23.0000 	 1.0229 	 47.2860 	 19.3539 	 0.0000 	 2.5271 	 2.7389 	 811.5063 	 23.0000 	 0.2244 	 2.8993 	 -8.0522 	 0.0000 	 1.4238 	 6.6316 	 0.0091 
7.0000 	 0.0112 	 6.4746 	 15.0879 	 0.0000 	 -8.4023 	 5.7422 	 822.1087 	 7.0000 	 0.0879 	 7.9226 	 2.2346 	 0.0000 	 -0.1269 	 9.2659 	 0.0000 
22.0000 	 0.0042 	 68.8327 	 15.0427 	 0.0000 	 4.8094 	 5.6500 	 822.0489 	 22.0000 	 1.0675 	 0.7359 	 -2.8008 	 0.0000 	 -0.7285 	 8.9410 	 0.0000 
8.0000 	 0.3842 	 0.0000 	 15.8240 	 0.0000 	 -9.8589 	 4.6746 	 818.6915 	 8.0000 	 1.4289 	 3.8524 	 -8.3825 	 0.0000 	 0.0214 	 6.5387 	 0.0040 
5.0000 	 0.2245 	 0.0000 	 15.8767 	 0.0000 	 -9.9971 	 4.5441 	 817.8914 	 5.0000 	 2.7076 	 2.3974 	 4.1329 	 0.0000 	 -1.0838 	 8.9698 	 0.0023 
17.0000 	 0.0230 	 17.5159 	 15.0439 	 0.0000 	 -3.3265 	 5.6534 	 822.0490 	 17.0000 	 1.5600 	 8.1158 	 4.1925 	 0.0000 	 1.6611 	 9.7888 	 0.0000 
1.0000 	 0.0025 	 0.0000 	 16.0031 	 0.0000 	 -1.6112 	 4.2769 	 819.1023 	 1.0000 	 0.1588 	 2.4085 	 -4.8003 	 0.0000 	 -1.3017 	 3.6106 	 0.0059 
14.0000 	 0.6171 	 0.0000 	 15.7541 	 0.0000 	 -1.9973 	 4.7520 	 819.6052 	 14.0000 	 1.3259 	 4.3336 	 5.9457 	 0.0000 	 -1.7645 	 0.8649 	 0.0040 
14.0000 	 0.0066 	 2.8247 	 15.0724 	 0.0000 	 0.4928 	 5.6906 	 822.0622 	 14.0000 	 0.0093 	 0.1547 	 3.8626 	 0.0000 	 -2.5650 	 0.1543 	 0.0000 
20.0000 	 0.9671 	 39.7561 	 19.6192 	 0.0000 	 1.7606 	 2.5923 	 812.6343 	 20.0000 	 0.5032 	 2.0297 	 -5.6340 	 0.0000 	 -0.0030 	 2.2707 	 0.0113 
9.0000 	 0.0056 	 7.8881 	 15.0425 	 0.0000 	 -2.2945 	 5.6492 	 822.0488 	 9.0000 	 0.5328 	 5.8829 	 -7.8026 	 0.0000 	 -1.7046 	 1.0674 	 0.0002 
8.0000 	 0.3866 	 0.0000 	 15.8356 	 0.0000 	 3.8620 	 4.6062 	 818.6994 	 8.0000 	 1.1173 	 2.7031 	 5.6234 	 0.0000 	 0.5914 	 8.9979 	 0.0031 
9.0000 	 0.4328 	 0.0000 	 15.8198 	 0.0000 	 -0.3127 	 4.6298 	 818.8997 	 9.0000 	 2.1939 	 6.9506 	 -0.6828 	 0.0000 	 0.9200 	 7.5351 	 0.0029 
17.0000 	 0.0032 	 8.3714 	 15.0444 	 0.0000 	 9.3851 	 5.6440 	 822.0489 	 17.0000 	 1.5400 	 0.5730 	 -4.6691 	 0.0000 	 2.8626 	 8.1031 	 0.0000 
17.0000 	 0.9128 	 17.1371 	 19.2226 	 0.0000 	 -0.1786 	 2.9719 	 815.0920 	 17.0000 	 0.3716 	 1.8939 	 -2.9794 	 0.0000 	 -1.0174 	 7.7297 	 0.0120 
13.0000 	 0.0988 	 5.5061 	 15.0380 	 0.0000 	 4.9742 	 5.6495 	 822.0493 	 13.0000 	 0.5893 	 7.3857 	 6.5668 	 0.0000 	 -1.3500 	 9.9416 	 0.0000 
29.0000 	 0.0245 	 2.0367 	 15.0436 	 0.0000 	 0.6390 	 5.6489 	 822.0488 	 29.0000 	 0.0076 	 6.3035 	 8.9078 	 0.0000 	 2.5634 	 3.1738 	 0.0000 
5.0000 	 0.0036 	 8.2357 	 15.0451 	 0.0000 	 -7.4303 	 5.6456 	 822.0224 	 5.0000 	 1.1047 	 3.8895 	 -2.6365 	 0.0000 	 -1.6730 	 4.0459 	 0.0000 
3.0000 	 0.0025 	 16.8860 	 15.0244 	 0.0000 	 4.9664 	 5.6635 	 822.0535 	 3.0000 	 2.7447 	 2.9296 	 -8.2602 	 0.0000 	 0.0059 	 4.9259 	 0.0018 
15.0000 	 0.6507 	 1.5104 	 15.7596 	 0.0000 	 -0.1333 	 4.8353 	 819.6831 	 15.0000 	 1.4294 	 3.4440 	 5.1100 	 0.0000 	 -2.1305 	 4.9705 	 0.0021 
8.0000 	 0.0036 	 12.9290 	 15.0454 	 0.0000 	 4.3617 	 5.6484 	 822.0488 	 8.0000 	 0.4960 	 5.0010 	 -7.2255 	 0.0000 	 -2.6555 	 2.4107 	 0.0000 
5.0000 	 0.2243 	 0.0000 	 15.8763 	 0.0000 	 3.2904 	 4.5512 	 817.8960 	 5.0000 	 0.6063 	 5.4700 	 7.8233 	 0.0000 	 2.3903 	 0.8033 	 0.0024 
23.0000 	 1.0448 	 43.1489 	 19.0232 	 0.0000 	 6.4250 	 3.7488 	 815.1814 	 23.0000 	 0.0238 	 2.3851 	 -1.1610 	 0.0000 	 -1.0849 	 2.2822 	 0.0082 
5.0000 	 0.2413 	 1.3028 	 16.2061 	 0.0000 	 -1.2272 	 4.4061 	 818.1024 	 5.0000 	 0.7774 	 1.0984 	 -9.6888 	 0.0000 	 -2.3781 	 8.7525 	 0.0030 
9.0000 	 0.4302 	 0.0000 	 15.8047 	 0.0000 	 -6.9491 	 4.6843 	 818.9067 	 9.0000 	 0.4065 	 0.0774 	 -4.8897 	 0.0000 	 0.9514 	 8.6893 	 0.0030 
12.0000 	 0.0026 	 4.1533 	 15.0503 	 0.0000 	 -0.4395 	 5.6516 	 822.0483 	 12.0000 	 0.4670 	 6.4414 	 -0.1868 	 0.0000 	 1.6482 	 5.1309 	 0.0000 
17.0000 	 0.0605 	 11.5925 	 15.0439 	 0.0000 	 3.7868 	 5.6480 	 822.0488 	 17.0000 	 0.0467 	 2.5929 	 1.2059 	 0.0000 	 -1.9195 	 0.8302 	 0.0000 
8.0000 	 0.4994 	 9.1022 	 18.4813 	 0.0000 	 -1.4471 	 3.4083 	 817.8641 	 8.0000 	 1.2500 	 2.4083 	 8.5280 	 0.0000 	 1.0052 	 3.5637 	 0.0104 
11.0000 	 0.5534 	 18.1528 	 16.6811 	 0.0000 	 10.0000 	 4.4615 	 819.2319 	 11.0000 	 1.1495 	 1.8396 	 -6.6055 	 0.0000 	 1.3479 	 6.1840 	 0.0053 
2.0000 	 0.0326 	 0.0000 	 15.9180 	 0.0000 	 -9.4819 	 4.4668 	 816.9937 	 2.0000 	 1.1669 	 0.5661 	 0.7973 	 0.0000 	 1.2089 	 8.3377 	 0.0007 
10.0000 	 0.4732 	 0.0000 	 15.8054 	 0.0000 	 9.1733 	 4.6712 	 819.0758 	 10.0000 	 1.4478 	 3.8043 	 -2.6534 	 0.0000 	 2.7055 	 3.8493 	 0.0028 
3.0000 	 0.0936 	 0.0000 	 15.9130 	 0.0000 	 -5.2863 	 4.4905 	 817.2161 	 3.0000 	 1.6904 	 0.9912 	 -5.2229 	 0.0000 	 2.8618 	 4.4283 	 0.0015 
8.0000 	 0.0031 	 0.3775 	 15.0171 	 0.0000 	 -3.1677 	 5.6439 	 822.0523 	 8.0000 	 1.3221 	 9.7643 	 5.4121 	 0.0000 	 -0.6366 	 3.9730 	 0.0000 
25.0000 	 0.0027 	 43.4293 	 15.0436 	 0.0000 	 8.0451 	 5.6425 	 822.0490 	 25.0000 	 1.1489 	 6.3366 	 1.1705 	 0.0000 	 -2.8806 	 2.8349 	 0.0003 
17.0000 	 0.7030 	 0.0000 	 15.7066 	 0.0000 	 -10.0000 	 4.8280 	 819.8799 	 17.0000 	 0.8627 	 6.1167 	 -1.5219 	 0.0000 	 2.5291 	 9.8885 	 0.0036 
19.0000 	 0.0714 	 13.2520 	 15.0391 	 0.0000 	 2.4082 	 5.6396 	 821.6566 	 19.0000 	 1.5900 	 6.5541 	 7.7310 	 0.0000 	 0.3846 	 9.1494 	 0.1911 
12.0000 	 0.5497 	 0.0000 	 15.7866 	 0.0000 	 10.0000 	 4.7050 	 819.3709 	 12.0000 	 1.9537 	 4.8742 	 2.8877 	 0.0000 	 2.6533 	 3.3531 	 0.0020 
11.0000 	 0.0036 	 2.2576 	 15.0461 	 0.0000 	 -0.7736 	 5.6477 	 822.0488 	 11.0000 	 1.5358 	 7.7616 	 7.5022 	 0.0000 	 1.5902 	 7.8654 	 0.0000 
3.0000 	 0.0940 	 0.0000 	 15.9110 	 0.0000 	 2.3550 	 4.4863 	 817.2137 	 3.0000 	 2.3458 	 3.8380 	 4.7291 	 0.0000 	 -0.9237 	 2.8806 	 0.0010 
14.0000 	 0.6245 	 2.1211 	 15.8663 	 0.0000 	 5.2944 	 4.7331 	 819.5411 	 14.0000 	 0.8875 	 3.1847 	 -0.5553 	 0.0000 	 -2.9634 	 3.4496 	 0.0043 
12.0000 	 0.1723 	 18.6572 	 15.1562 	 0.0000 	 -9.8584 	 5.7666 	 821.7199 	 12.0000 	 0.1903 	 8.8058 	 9.4860 	 0.0000 	 -1.3222 	 8.2631 	 0.0109 
6.0000 	 0.2813 	 0.0000 	 15.8578 	 0.0000 	 1.5676 	 4.5994 	 818.1993 	 6.0000 	 1.6506 	 6.5313 	 -1.9271 	 0.0000 	 1.0047 	 9.9474 	 0.0026 
6.0000 	 0.0320 	 12.7621 	 15.0458 	 0.0000 	 0.2956 	 5.6503 	 822.0491 	 6.0000 	 2.7141 	 5.3075 	 -7.3401 	 0.0000 	 2.3151 	 5.9415 	 0.0000 
5.0000 	 0.0061 	 12.5317 	 15.0488 	 0.0000 	 -4.2100 	 5.6506 	 822.0486 	 5.0000 	 2.4220 	 7.6342 	 -9.1920 	 0.0000 	 -0.2097 	 0.9515 	 0.0000 
16.0000 	 0.0033 	 27.3995 	 15.0459 	 0.0000 	 1.4268 	 5.6490 	 822.0488 	 16.0000 	 1.4245 	 7.3563 	 -3.6178 	 0.0000 	 1.2567 	 0.4405 	 0.0000 
11.0000 	 0.0052 	 22.7660 	 15.0506 	 0.0000 	 4.2253 	 5.6500 	 822.0489 	 11.0000 	 2.5600 	 7.9255 	 0.7615 	 0.0000 	 -0.9640 	 0.2548 	 0.0000 
2.0000 	 0.0324 	 0.0000 	 15.9108 	 0.0000 	 9.3263 	 4.4769 	 816.9941 	 2.0000 	 2.8837 	 6.2085 	 -9.3342 	 0.0000 	 1.8711 	 1.5101 	 0.0004 
22.0000 	 0.0031 	 33.8365 	 15.0459 	 0.0000 	 5.6029 	 5.6473 	 822.0488 	 22.0000 	 0.3460 	 6.3190 	 0.5182 	 0.0000 	 2.3679 	 1.6856 	 0.0000 
2.0000 	 0.0323 	 0.0000 	 15.9105 	 0.0000 	 10.0000 	 4.4806 	 816.9942 	 2.0000 	 0.9540 	 2.0096 	 5.6887 	 0.0000 	 -0.8455 	 4.8246 	 0.0006 
4.0000 	 0.0050 	 16.2183 	 15.0415 	 0.0000 	 1.4998 	 5.6534 	 822.0491 	 4.0000 	 2.3369 	 2.0557 	 6.2461 	 0.0000 	 1.5872 	 7.1374 	 0.0000 
11.0000 	 0.0193 	 14.0287 	 15.0456 	 0.0000 	 1.7533 	 5.6486 	 822.0488 	 11.0000 	 1.8331 	 7.5697 	 4.3501 	 0.0000 	 1.4678 	 4.4010 	 0.0000 
13.0000 	 0.0025 	 7.7331 	 15.0269 	 0.0000 	 9.6073 	 5.6483 	 822.0502 	 13.0000 	 0.2340 	 1.3777 	 6.2364 	 0.0000 	 1.5633 	 4.1811 	 0.0000 
9.0000 	 0.4719 	 5.7313 	 16.5533 	 0.0000 	 0.4845 	 4.4449 	 818.8323 	 9.0000 	 1.4157 	 4.1741 	 -0.2688 	 0.0000 	 0.8619 	 8.4757 	 0.0041 
11.0000 	 0.3370 	 2.2713 	 15.3102 	 0.0000 	 -9.7071 	 5.4586 	 821.5002 	 11.0000 	 0.1358 	 6.3835 	 -9.4721 	 0.0000 	 -1.2429 	 9.2434 	 0.0012 
5.0000 	 0.2241 	 0.0000 	 15.8830 	 0.0000 	 -3.8533 	 4.5491 	 817.8949 	 5.0000 	 0.7186 	 2.7671 	 6.1255 	 0.0000 	 -0.6598 	 9.1061 	 0.0023 
1.0000 	 0.0025 	 0.0006 	 16.0002 	 0.0000 	 6.2676 	 4.3098 	 819.1181 	 1.0000 	 0.7292 	 9.7038 	 4.9371 	 0.0000 	 2.6399 	 1.9282 	 0.0057 
6.0000 	 0.2836 	 0.0000 	 15.8618 	 0.0000 	 2.7898 	 4.5761 	 818.1958 	 6.0000 	 0.8785 	 3.9429 	 -0.2110 	 0.0000 	 1.7412 	 8.7709 	 0.0030 
18.0000 	 0.0146 	 18.3887 	 15.0439 	 0.0000 	 -9.1692 	 5.6482 	 822.0488 	 18.0000 	 0.2293 	 7.5149 	 -5.8097 	 0.0000 	 0.5782 	 0.4177 	 0.0000 
6.0000 	 0.0090 	 0.0157 	 15.0438 	 0.0000 	 -4.5255 	 5.6496 	 822.0355 	 6.0000 	 1.1309 	 1.5603 	 6.5765 	 0.0000 	 -2.5742 	 4.8567 	 0.0000 
10.0000 	 0.0646 	 5.9798 	 15.0501 	 0.0000 	 7.9627 	 5.6513 	 822.0489 	 10.0000 	 2.8865 	 1.5392 	 -2.8945 	 0.0000 	 -1.5452 	 0.2628 	 0.0000 
6.0000 	 0.3112 	 2.0778 	 16.5486 	 0.0000 	 -2.9252 	 4.3715 	 818.2037 	 6.0000 	 0.8152 	 2.2453 	 -2.0798 	 0.0000 	 -2.2244 	 7.0891 	 0.0056 
5.0000 	 0.0175 	 39.0220 	 15.0497 	 0.0000 	 0.0396 	 5.6503 	 822.0506 	 5.0000 	 2.7500 	 3.1399 	 -3.3321 	 0.0000 	 -1.3204 	 7.4618 	 0.0000 
8.0000 	 0.3853 	 0.0000 	 15.8320 	 0.0000 	 6.5325 	 4.6244 	 818.7031 	 8.0000 	 1.5721 	 3.1974 	 4.4552 	 0.0000 	 1.6947 	 6.8984 	 0.0028 
5.0000 	 0.0056 	 15.8862 	 15.0409 	 0.0000 	 -2.8390 	 5.6515 	 822.0488 	 5.0000 	 2.0483 	 6.2774 	 5.1164 	 0.0000 	 -1.5947 	 0.3207 	 0.0000 
7.0000 	 0.0077 	 8.7346 	 15.0467 	 0.0000 	 -0.7915 	 5.6482 	 822.0493 	 7.0000 	 1.4861 	 1.5252 	 -8.6464 	 0.0000 	 -0.7874 	 0.8546 	 0.0000 
5.0000 	 0.2238 	 0.0000 	 15.8737 	 0.0000 	 8.5622 	 4.5584 	 817.8981 	 5.0000 	 1.5500 	 1.8509 	 6.7807 	 0.0000 	 1.1246 	 1.0257 	 0.0024 
17.0000 	 0.7117 	 0.0000 	 15.7562 	 0.0000 	 -8.8834 	 4.7586 	 819.8893 	 17.0000 	 0.0139 	 6.6386 	 4.1855 	 0.0000 	 0.4786 	 6.4255 	 0.0033 
3.0000 	 0.0039 	 2.4820 	 15.0458 	 0.0000 	 -7.3036 	 5.6477 	 822.0451 	 3.0000 	 0.8597 	 3.3273 	 1.6670 	 0.0000 	 2.8134 	 0.7843 	 0.0001 
12.0000 	 0.0028 	 37.1508 	 15.0462 	 0.0000 	 9.9300 	 5.6453 	 822.0489 	 12.0000 	 1.2187 	 6.2205 	 4.3524 	 0.0000 	 -2.4543 	 4.7047 	 0.0000 
4.0000 	 0.0134 	 14.1741 	 15.0418 	 0.0000 	 -4.1499 	 5.6542 	 822.0512 	 4.0000 	 2.5026 	 4.1722 	 -8.0202 	 0.0000 	 -0.4419 	 9.5965 	 0.0002 
2.0000 	 0.0325 	 0.0000 	 15.9114 	 0.0000 	 -4.7900 	 4.4761 	 816.9943 	 2.0000 	 0.1425 	 3.3275 	 -5.8536 	 0.0000 	 -0.6833 	 5.0021 	 0.0003 
11.0000 	 0.0566 	 22.7280 	 15.0472 	 0.0000 	 8.9875 	 5.6501 	 822.0488 	 11.0000 	 0.9899 	 0.2935 	 -2.8554 	 0.0000 	 1.2671 	 1.5458 	 0.0000 
1.0000 	 0.0025 	 0.0000 	 16.0092 	 0.0000 	 -2.1968 	 4.2862 	 819.0992 	 1.0000 	 2.4903 	 7.9166 	 9.7362 	 0.0000 	 1.8831 	 0.5630 	 0.0060 
6.0000 	 0.2858 	 0.0000 	 15.8768 	 0.0000 	 1.7806 	 4.5499 	 818.2035 	 6.0000 	 2.3651 	 6.0733 	 7.2434 	 0.0000 	 -2.3876 	 6.9917 	 0.0027 
5.0000 	 5.6682 	 0.0000 	 4.9769 	 0.0000 	 6.6475 	 4.5624 	 887.8088 	 5.0000 	 0.4500 	 3.4460 	 0.7747 	 0.0000 	 -1.3898 	 5.8115 	 0.1120 
48.0000 	 0.0019 	 5.7845 	 15.0444 	 0.0000 	 11.2321 	 5.6468 	 822.0488 	 48.0000 	 1.1678 	 5.3716 	 -4.7024 	 0.0000 	 -0.3636 	 0.3511 	 0.0000 
45.0000 	 0.1124 	 34.3436 	 15.0438 	 0.0000 	 1.8839 	 5.6496 	 822.0487 	 45.0000 	 0.5009 	 2.6161 	 2.1020 	 0.0000 	 -1.3536 	 1.8185 	 0.0000 
49.0000 	 0.7451 	 1.8684 	 14.9530 	 0.0000 	 4.0942 	 5.4979 	 822.2139 	 49.0000 	 0.5099 	 7.6306 	 -5.1521 	 0.0000 	 2.3152 	 2.3986 	 0.0002 
42.0000 	 0.0581 	 13.9262 	 15.0241 	 0.0000 	 2.7102 	 5.6436 	 822.0508 	 42.0000 	 1.4778 	 7.9303 	 3.3408 	 0.0000 	 1.1832 	 2.5824 	 0.0000 
41.0000 	 0.0223 	 50.3575 	 15.0416 	 0.0000 	 5.1380 	 5.6492 	 822.0489 	 41.0000 	 0.8153 	 9.5251 	 9.3676 	 0.0000 	 4.9211 	 0.2930 	 0.0000 
49.0000 	 1.5724 	 56.8259 	 19.2863 	 0.0000 	 3.1985 	 2.7762 	 808.4158 	 49.0000 	 1.3524 	 2.0060 	 2.2323 	 0.0000 	 -1.0711 	 0.9074 	 0.0073 
43.0000 	 1.4367 	 57.4428 	 19.0197 	 0.0000 	 3.5595 	 3.1071 	 808.5405 	 43.0000 	 2.2791 	 3.5325 	 -2.8183 	 0.0000 	 -4.3423 	 0.3816 	 0.0056 
47.0000 	 1.4795 	 71.7539 	 19.0221 	 0.0000 	 4.6634 	 3.0120 	 807.8721 	 47.0000 	 2.5315 	 7.1255 	 0.0238 	 0.0000 	 -3.3541 	 0.7990 	 0.0059 
45.0000 	 1.4819 	 56.8166 	 19.0778 	 0.0000 	 3.4005 	 2.9977 	 808.4075 	 45.0000 	 1.5232 	 9.7129 	 6.7814 	 0.0000 	 -3.2349 	 1.9334 	 0.0069 
39.0000 	 1.2050 	 5.6036 	 15.7976 	 0.0000 	 14.1595 	 4.8693 	 820.3118 	 39.0000 	 2.9812 	 3.4686 	 3.2004 	 0.0000 	 4.3295 	 1.4317 	 0.0034 
36.0000 	 0.0459 	 0.8174 	 15.0459 	 0.0000 	 4.5842 	 5.6486 	 822.0488 	 36.0000 	 0.3718 	 1.8574 	 -6.9832 	 0.0000 	 0.8275 	 1.7069 	 0.0000 
50.0000 	 1.4863 	 89.4031 	 18.8538 	 0.0000 	 6.4280 	 3.1347 	 807.4176 	 50.0000 	 0.7902 	 5.9732 	 -4.2168 	 0.0000 	 -4.0694 	 0.3985 	 0.0048 
47.0000 	 1.4909 	 67.1985 	 19.0513 	 0.0000 	 4.3083 	 3.0469 	 807.9673 	 47.0000 	 2.9567 	 0.0322 	 4.1430 	 0.0000 	 2.2805 	 2.6849 	 0.0061 
43.0000 	 1.4950 	 45.3128 	 19.2837 	 0.0000 	 2.2724 	 2.8228 	 809.2317 	 43.0000 	 2.3841 	 7.1876 	 -2.7388 	 0.0000 	 -0.0113 	 1.9525 	 0.0068 
45.0000 	 1.4612 	 66.5031 	 19.1130 	 0.0000 	 4.2356 	 2.9888 	 808.1100 	 45.0000 	 1.8676 	 8.4566 	 -6.5741 	 0.0000 	 -2.6132 	 0.7925 	 0.0058 
40.0000 	 1.3737 	 61.2812 	 19.0791 	 0.0000 	 3.7683 	 3.0678 	 808.6562 	 40.0000 	 1.1273 	 5.9520 	 -7.7362 	 0.0000 	 2.5297 	 2.6735 	 0.0065 
42.0000 	 1.3975 	 100.0000 	 18.8710 	 0.0000 	 17.0500 	 4.2158 	 813.3810 	 42.0000 	 2.7451 	 3.0897 	 3.4431 	 0.0000 	 -2.5557 	 0.4779 	 0.0068 
43.0000 	 1.4552 	 58.1192 	 19.2570 	 0.0000 	 3.3728 	 2.8721 	 808.5947 	 43.0000 	 2.6425 	 2.2687 	 7.3616 	 0.0000 	 1.3035 	 1.1883 	 0.0089 
50.0000 	 1.5897 	 54.0594 	 19.1835 	 0.0000 	 2.9833 	 2.9466 	 808.3724 	 50.0000 	 1.1098 	 7.6313 	 7.9386 	 0.0000 	 -0.9884 	 1.1403 	 0.0117 
42.0000 	 0.0459 	 4.1811 	 15.0530 	 0.0000 	 4.6851 	 5.6381 	 822.0451 	 42.0000 	 0.4975 	 7.3395 	 6.3335 	 0.0000 	 -1.8546 	 0.7806 	 0.0000 
32.0000 	 0.0515 	 5.4646 	 15.0451 	 0.0000 	 8.5058 	 5.6494 	 822.0488 	 32.0000 	 0.2289 	 1.9961 	 -8.9079 	 0.0000 	 3.2199 	 1.6360 	 0.0000 
38.0000 	 0.0062 	 0.0000 	 15.0436 	 0.0000 	 11.2320 	 5.6484 	 822.0488 	 38.0000 	 0.0718 	 0.5491 	 4.3749 	 0.0000 	 0.3705 	 0.7116 	 0.0000 
40.0000 	 0.0050 	 3.8170 	 15.0481 	 0.0000 	 -4.8823 	 5.6110 	 822.0583 	 40.0000 	 1.4823 	 9.9125 	 6.1356 	 0.0000 	 -1.9997 	 1.0315 	 0.0000 
42.0000 	 0.1854 	 1.9174 	 15.0463 	 0.0000 	 -4.7446 	 5.6485 	 822.0488 	 42.0000 	 1.1130 	 2.2151 	 5.7243 	 0.0000 	 -3.1142 	 2.6965 	 0.0000 
37.0000 	 0.3480 	 0.0000 	 15.1074 	 0.0000 	 3.9990 	 5.5298 	 822.0134 	 37.0000 	 2.1067 	 4.7777 	 -4.1718 	 0.0000 	 -2.6709 	 2.6625 	 0.2928 
39.0000 	 0.7743 	 32.5021 	 15.1642 	 0.0000 	 -29.9999 	 5.4490 	 821.6072 	 39.0000 	 0.4489 	 2.8813 	 -5.2319 	 0.0000 	 -2.9425 	 0.4367 	 0.0011 
41.0000 	 1.4298 	 80.4198 	 19.2343 	 0.0000 	 12.3958 	 3.9303 	 813.4448 	 41.0000 	 1.9917 	 0.1545 	 5.2287 	 0.0000 	 -1.0542 	 2.3792 	 0.0069 
40.0000 	 1.3104 	 94.7419 	 18.9934 	 0.0000 	 6.8567 	 3.0925 	 808.1797 	 40.0000 	 0.2136 	 7.1344 	 -1.4397 	 0.0000 	 2.6370 	 1.8522 	 0.0050 
34.0000 	 1.2922 	 86.4399 	 19.3626 	 0.0000 	 14.0730 	 3.8160 	 813.6827 	 34.0000 	 2.4777 	 0.1445 	 -5.8303 	 0.0000 	 1.3621 	 2.2998 	 0.0074 
35.0000 	 1.3345 	 60.7645 	 19.3398 	 0.0000 	 8.8588 	 3.8253 	 814.0355 	 35.0000 	 1.1308 	 1.2665 	 -7.6875 	 0.0000 	 -3.2350 	 1.9797 	 0.0087 
31.0000 	 0.0031 	 3.0200 	 15.0439 	 0.0000 	 -16.7920 	 5.6463 	 822.0488 	 31.0000 	 1.7676 	 2.4142 	 -9.4232 	 0.0000 	 -1.5716 	 2.3105 	 0.0000 
40.0000 	 1.4107 	 53.6616 	 19.2960 	 0.0000 	 2.9833 	 2.8176 	 808.9752 	 40.0000 	 2.6909 	 3.7928 	 4.1790 	 0.0000 	 -2.3065 	 0.5266 	 0.0064 
41.0000 	 1.3814 	 66.4536 	 19.0676 	 0.0000 	 4.2912 	 2.9985 	 808.3989 	 41.0000 	 2.0364 	 9.9533 	 9.8157 	 0.0000 	 0.2048 	 2.2517 	 0.0061 
29.0000 	 0.0011 	 0.1332 	 15.0468 	 0.0000 	 1.8071 	 5.6504 	 822.0488 	 29.0000 	 1.4193 	 5.1513 	 0.0422 	 0.0000 	 -3.4929 	 0.1790 	 0.0000 
27.0000 	 1.1118 	 54.5431 	 19.3027 	 0.0000 	 3.1332 	 2.9060 	 810.4957 	 27.0000 	 2.7526 	 8.9996 	 -9.6181 	 0.0000 	 2.3227 	 2.4069 	 0.0110 
39.0000 	 1.4000 	 44.2547 	 19.0510 	 0.0000 	 2.2034 	 2.9941 	 809.4778 	 39.0000 	 2.3327 	 7.7617 	 6.7711 	 0.0000 	 -1.1092 	 1.2954 	 0.0061 
38.0000 	 1.3586 	 52.9705 	 19.1343 	 0.0000 	 2.9575 	 2.9033 	 809.1071 	 38.0000 	 2.6317 	 5.4683 	 -2.9753 	 0.0000 	 -1.1416 	 2.2236 	 0.0091 
31.0000 	 1.1985 	 49.2952 	 18.9651 	 0.0000 	 2.7862 	 3.0202 	 810.0090 	 31.0000 	 0.3878 	 9.5358 	 -8.6593 	 0.0000 	 3.2018 	 2.4556 	 0.0069 
36.0000 	 1.3247 	 49.7203 	 19.1553 	 0.0000 	 2.7489 	 2.9207 	 809.4025 	 36.0000 	 1.5398 	 4.6087 	 -4.8730 	 0.0000 	 0.0219 	 2.1745 	 0.0095 
34.0000 	 1.1906 	 99.9981 	 19.0585 	 0.0000 	 7.2934 	 3.0244 	 808.9534 	 34.0000 	 2.7789 	 7.9986 	 -1.2102 	 0.0000 	 -2.5125 	 1.5028 	 0.0075 
38.0000 	 0.1248 	 8.1239 	 15.0459 	 0.0000 	 -8.9561 	 5.6491 	 822.0488 	 38.0000 	 2.4568 	 1.0064 	 3.5039 	 0.0000 	 -1.4525 	 2.7960 	 0.0000 
35.0000 	 1.3006 	 48.1964 	 19.1416 	 0.0000 	 2.6267 	 2.9422 	 809.5763 	 35.0000 	 1.5255 	 9.5372 	 7.2136 	 0.0000 	 0.1043 	 2.5347 	 0.0104 
28.0000 	 0.5319 	 7.2465 	 15.0358 	 0.0000 	 -3.5922 	 5.6223 	 822.0230 	 28.0000 	 0.7562 	 4.7205 	 4.1665 	 0.0000 	 -1.3589 	 2.0883 	 0.0004 
31.0000 	 0.0196 	 3.9154 	 15.0432 	 0.0000 	 -2.3696 	 5.6504 	 822.0488 	 31.0000 	 0.1829 	 5.8588 	 4.8781 	 0.0000 	 2.6005 	 0.5147 	 0.0000 
33.0000 	 0.0206 	 2.0201 	 15.0456 	 0.0000 	 0.5086 	 5.6489 	 822.0452 	 33.0000 	 0.7601 	 6.6219 	 9.6474 	 0.0000 	 3.6126 	 0.5661 	 0.0000 
36.0000 	 1.2963 	 61.1215 	 19.1185 	 0.0000 	 3.7746 	 2.9291 	 809.0063 	 36.0000 	 2.6966 	 7.1827 	 8.4570 	 0.0000 	 2.3644 	 1.7318 	 0.0061 
37.0000 	 1.3608 	 51.3820 	 19.2499 	 0.0000 	 2.7802 	 2.8780 	 809.3567 	 37.0000 	 0.1488 	 5.3916 	 -2.5657 	 0.0000 	 4.8113 	 1.3232 	 0.0084 
35.0000 	 1.3226 	 46.5280 	 19.2734 	 0.0000 	 2.3526 	 2.8734 	 809.6991 	 35.0000 	 1.9866 	 2.5764 	 -3.3932 	 0.0000 	 1.2016 	 1.1449 	 0.0068 
26.0000 	 1.0439 	 68.9473 	 19.0463 	 0.0000 	 4.6455 	 3.0283 	 810.5192 	 26.0000 	 1.8452 	 5.5248 	 -7.6886 	 0.0000 	 1.3297 	 0.3230 	 0.0077 
28.0000 	 0.0482 	 22.4367 	 15.0430 	 0.0000 	 10.0688 	 5.6461 	 822.0488 	 28.0000 	 1.1534 	 8.0512 	 3.5961 	 0.0000 	 2.0098 	 0.2870 	 0.0000 
35.0000 	 1.2592 	 69.3918 	 19.1622 	 0.0000 	 4.6123 	 3.0477 	 808.9900 	 35.0000 	 1.2019 	 3.0369 	 7.7648 	 0.0000 	 -1.9750 	 1.3016 	 0.0086 
26.0000 	 0.6314 	 23.3942 	 15.1825 	 0.0000 	 10.5267 	 5.6149 	 821.9459 	 26.0000 	 0.6277 	 4.7296 	 -1.7387 	 0.0000 	 -1.9280 	 0.1830 	 0.0008 
33.0000 	 1.3343 	 32.8563 	 19.3710 	 0.0000 	 0.9707 	 2.7753 	 811.0943 	 33.0000 	 0.5127 	 8.3035 	 -8.2406 	 0.0000 	 -2.2669 	 2.7984 	 0.0084 
35.0000 	 1.3085 	 70.4595 	 18.9995 	 0.0000 	 11.7942 	 3.9174 	 813.8980 	 35.0000 	 2.0652 	 9.5774 	 -2.1389 	 0.0000 	 -1.8110 	 2.4418 	 0.0065 
                                                                                                                                                                                                                                                                                                                                                                                                                                                                                                                                                                                                                           30.0000 	 0.1143 	 0.0989 	 15.0656 	 0.0000 	 2.5213 	 5.6872 	 822.0593 	 30.0000 	 2.0828 	 6.4772 	 -2.0264 	 0.0000 	 0.6819 	 0.1922 	 0.0003 
32.0000 	 1.2401 	 84.0600 	 19.3536 	 0.0000 	 13.3209 	 3.8534 	 813.8866 	 32.0000 	 1.0836 	 5.6638 	 4.1560 	 0.0000 	 2.7937 	 0.5225 	 0.0070 
34.0000 	 1.3461 	 36.6118 	 19.4227 	 0.0000 	 1.2651 	 2.7679 	 810.7497 	 34.0000 	 1.1257 	 0.8114 	 2.3470 	 0.0000 	 -0.6650 	 0.6392 	 0.0066 
32.0000 	 1.2785 	 33.8504 	 19.0015 	 0.0000 	 1.1481 	 2.9102 	 810.9783 	 32.0000 	 2.5486 	 9.3316 	 -9.5070 	 0.0000 	 2.5762 	 2.5165 	 0.0112 
32.0000 	 1.2128 	 61.1443 	 19.1935 	 0.0000 	 3.8198 	 2.9624 	 809.4898 	 32.0000 	 1.2099 	 2.4523 	 -4.6635 	 0.0000 	 -1.8383 	 1.3807 	 0.0076 
32.0000 	 1.2435 	 52.1297 	 19.3322 	 0.0000 	 2.9335 	 2.8479 	 809.7839 	 32.0000 	 2.9749 	 2.3174 	 2.3727 	 0.0000 	 3.0211 	 0.9228 	 0.0084 
29.0000 	 0.0011 	 6.3780 	 15.0439 	 0.0000 	 -15.5978 	 5.6477 	 822.0488 	 29.0000 	 2.3311 	 0.1080 	 6.6336 	 0.0000 	 4.8042 	 1.8553 	 0.0000 
26.0000 	 1.1585 	 26.1499 	 19.0652 	 0.0000 	 0.2950 	 2.9757 	 812.5633 	 26.0000 	 0.2552 	 0.5068 	 2.0221 	 0.0000 	 3.3230 	 0.2307 	 0.0132 
30.0000 	 0.0036 	 16.6823 	 15.0500 	 0.0000 	 -3.5258 	 5.6482 	 822.0489 	 30.0000 	 2.9469 	 6.4451 	 2.8893 	 0.0000 	 1.1910 	 2.8511 	 0.0000 
28.0000 	 0.0029 	 0.3150 	 15.0458 	 0.0000 	 -7.0532 	 5.6490 	 822.0488 	 28.0000 	 0.3777 	 3.8060 	 -5.6029 	 0.0000 	 -3.7467 	 1.2821 	 0.0000 
20.0000 	 0.9372 	 35.8902 	 19.0217 	 0.0000 	 1.5688 	 3.0397 	 812.8099 	 20.0000 	 0.2276 	 9.7544 	 5.8173 	 0.0000 	 -1.2111 	 0.5856 	 0.0096 
22.0000 	 5.9991 	 2.8873 	 5.5580 	 0.0000 	 5.2345 	 4.2783 	 891.9140 	 22.0000 	 2.7533 	 8.4465 	 8.3677 	 0.0000 	 0.2090 	 1.1370 	 0.0411 
20.0000 	 0.0010 	 4.1276 	 15.0464 	 0.0000 	 -4.2330 	 5.6475 	 822.0488 	 20.0000 	 0.6280 	 2.7511 	 -5.5864 	 0.0000 	 -3.1487 	 1.5983 	 0.0000 
27.0000 	 1.1968 	 24.2175 	 19.1498 	 0.0000 	 0.1653 	 3.0501 	 812.7646 	 27.0000 	 0.6737 	 1.5041 	 -7.0608 	 0.0000 	 1.8261 	 2.3964 	 0.0082 
18.0000 	 0.9144 	 25.3981 	 19.1781 	 0.0000 	 0.4810 	 2.9436 	 813.9453 	 18.0000 	 0.9979 	 5.9129 	 2.3219 	 0.0000 	 3.7516 	 2.8422 	 0.0118 
28.0000 	 0.0912 	 17.4070 	 15.0461 	 0.0000 	 7.1195 	 5.6483 	 822.0488 	 28.0000 	 2.2257 	 9.4579 	 2.3416 	 0.0000 	 0.4710 	 1.2632 	 0.0000 
27.0000 	 1.1011 	 45.9178 	 18.8004 	 0.0000 	 2.4654 	 3.1919 	 810.9624 	 27.0000 	 2.7559 	 6.9048 	 -2.4976 	 0.0000 	 -0.1042 	 2.7061 	 0.0081 
29.0000 	 1.1537 	 8.9657 	 16.9502 	 0.0000 	 0.1811 	 4.6159 	 818.6553 	 29.0000 	 0.5592 	 1.9286 	 -7.0843 	 0.0000 	 -0.2902 	 1.3997 	 0.0074 
19.0000 	 6.0000 	 1.0295 	 5.0462 	 0.0000 	 11.1326 	 4.4102 	 891.6419 	 19.0000 	 0.8412 	 5.2102 	 -6.5151 	 0.0000 	 4.2823 	 2.7477 	 0.0290 
19.0000 	 0.0095 	 0.0000 	 15.0463 	 0.0000 	 -5.8262 	 5.6496 	 822.0488 	 19.0000 	 0.3314 	 1.7846 	 2.7659 	 0.0000 	 0.4878 	 2.6929 	 0.0000 
25.0000 	 0.2619 	 4.3656 	 15.0470 	 0.0000 	 -8.3274 	 5.6475 	 822.0488 	 25.0000 	 0.4982 	 3.1480 	 -5.5995 	 0.0000 	 4.9839 	 2.2864 	 0.0000 
23.0000 	 1.0560 	 51.1251 	 19.4358 	 0.0000 	 7.4406 	 3.5576 	 814.9568 	 23.0000 	 2.3651 	 3.7999 	 -9.6470 	 0.0000 	 4.4231 	 2.1473 	 0.0099 
15.0000 	 0.5859 	 0.0000 	 15.7690 	 0.0000 	 1.9812 	 5.1603 	 820.3334 	 15.0000 	 2.1145 	 7.9861 	 -6.8376 	 0.0000 	 4.2445 	 0.3917 	 0.0027 
23.0000 	 0.0021 	 14.5252 	 15.0441 	 0.0000 	 1.0288 	 5.6487 	 822.0488 	 23.0000 	 0.2506 	 4.7437 	 3.3498 	 0.0000 	 -3.3176 	 0.9373 	 0.0000 
25.0000 	 1.0979 	 38.5878 	 19.2763 	 0.0000 	 1.8076 	 2.9438 	 811.4657 	 25.0000 	 0.8993 	 1.8471 	 -8.7846 	 0.0000 	 -1.7323 	 2.4195 	 0.0128 
23.0000 	 1.0712 	 24.9705 	 19.0817 	 0.0000 	 0.2013 	 2.9686 	 813.0985 	 23.0000 	 0.4007 	 8.6979 	 9.9137 	 0.0000 	 4.3394 	 1.5735 	 0.0114 
27.0000 	 0.9476 	 3.9081 	 15.6651 	 0.0000 	 21.5709 	 4.9014 	 820.2721 	 27.0000 	 2.9303 	 6.0719 	 6.2325 	 0.0000 	 -2.3874 	 1.1156 	 0.0027 
23.0000 	 0.0019 	 21.7744 	 15.0466 	 0.0000 	 9.7368 	 5.6487 	 822.0488 	 23.0000 	 0.1769 	 4.5274 	 -2.5416 	 0.0000 	 -1.6414 	 0.5798 	 0.0000 
27.0000 	 1.1658 	 28.8089 	 19.0532 	 0.0000 	 0.6241 	 3.0172 	 812.0947 	 27.0000 	 2.0585 	 1.6120 	 -5.6065 	 0.0000 	 4.5172 	 0.0755 	 0.0077 
11.0000 	 0.5093 	 0.0000 	 15.7844 	 0.0000 	 11.2552 	 4.7192 	 819.2336 	 11.0000 	 2.1279 	 8.1606 	 -4.5526 	 0.0000 	 -1.3862 	 0.1672 	 0.0039 
18.0000 	 0.9114 	 24.9396 	 19.0664 	 0.0000 	 0.3710 	 3.1102 	 814.0719 	 18.0000 	 2.1734 	 9.8411 	 -4.9097 	 0.0000 	 -2.5034 	 2.9113 	 0.0098 
21.0000 	 0.8846 	 3.9175 	 16.4794 	 0.0000 	 -4.1306 	 4.5948 	 819.0422 	 21.0000 	 1.5987 	 9.7802 	 6.5435 	 0.0000 	 2.6181 	 0.2402 	 0.0046 
14.0000 	 0.8215 	 17.9649 	 19.7015 	 0.0000 	 0.0897 	 2.5418 	 815.3318 	 14.0000 	 1.3949 	 1.0872 	 -9.6196 	 0.0000 	 3.4839 	 2.6425 	 0.0167 
25.0000 	 1.0610 	 53.0704 	 19.2580 	 0.0000 	 3.0957 	 2.8557 	 810.8932 	 25.0000 	 0.8105 	 9.9782 	 4.2440 	 0.0000 	 -1.9784 	 1.1403 	 0.0091 
16.0000 	 0.8851 	 16.1472 	 19.2760 	 0.0000 	 -0.6893 	 2.8553 	 815.4018 	 16.0000 	 2.5975 	 0.9555 	 5.1691 	 0.0000 	 -2.8366 	 1.4279 	 0.0155 
17.0000 	 0.0750 	 9.7007 	 15.0405 	 0.0000 	 -2.3909 	 5.6453 	 822.0489 	 17.0000 	 2.0205 	 6.7199 	 7.8005 	 0.0000 	 2.4004 	 1.3258 	 0.0000 
27.0000 	 1.1395 	 52.2694 	 19.2579 	 0.0000 	 7.2631 	 3.6820 	 814.6857 	 27.0000 	 1.3420 	 7.6290 	 1.4391 	 0.0000 	 -3.9084 	 1.0565 	 0.0083 
25.0000 	 1.1722 	 11.2883 	 18.5541 	 0.0000 	 -1.5798 	 3.2719 	 815.8618 	 25.0000 	 2.3609 	 1.6361 	 2.5621 	 0.0000 	 -2.0573 	 1.8045 	 0.0084 
18.0000 	 5.9998 	 2.4864 	 5.3545 	 0.0000 	 5.1081 	 4.4469 	 891.5785 	 18.0000 	 1.9682 	 6.5748 	 2.4522 	 0.0000 	 -1.5106 	 0.1214 	 0.0356 
10.0000 	 0.4929 	 3.7978 	 16.1518 	 0.0000 	 2.8390 	 4.5608 	 819.0698 	 10.0000 	 0.7569 	 6.2976 	 -0.3357 	 0.0000 	 3.9998 	 0.6358 	 0.0031 
22.0000 	 1.0048 	 42.1727 	 19.3853 	 0.0000 	 2.0933 	 2.7722 	 811.9055 	 22.0000 	 2.7410 	 7.2736 	 -7.6336 	 0.0000 	 -1.9051 	 2.9046 	 0.0078 
13.0000 	 0.7281 	 20.6273 	 19.1260 	 0.0000 	 0.3745 	 3.3131 	 816.0887 	 13.0000 	 1.0175 	 8.9398 	 2.8326 	 0.0000 	 -2.0777 	 1.4455 	 0.0163 
22.0000 	 1.0279 	 36.3964 	 19.3898 	 0.0000 	 1.4737 	 2.7923 	 812.1683 	 22.0000 	 0.6689 	 4.0899 	 9.4847 	 0.0000 	 -2.0512 	 2.1875 	 0.0128 
14.0000 	 0.7811 	 17.2531 	 18.9485 	 0.0000 	 -0.4599 	 3.1958 	 815.7665 	 14.0000 	 0.0200 	 1.1262 	 -8.3430 	 0.0000 	 2.1989 	 2.2945 	 0.0131 
1.0000 	 0.0013 	 0.0000 	 15.8556 	 0.0000 	 19.8225 	 4.5744 	 817.4033 	 1.0000 	 1.3333 	 0.3179 	 0.6608 	 0.0000 	 -3.5585 	 2.1517 	 0.0017 
10.0000 	 0.5625 	 2.9485 	 17.1205 	 0.0000 	 -4.0316 	 4.0215 	 818.3839 	 10.0000 	 1.1005 	 9.6693 	 -0.7215 	 0.0000 	 -3.8118 	 0.8000 	 0.0073 
21.0000 	 0.9835 	 45.2536 	 19.6096 	 0.0000 	 2.3488 	 2.6612 	 812.1400 	 21.0000 	 1.9624 	 0.6555 	 2.2417 	 0.0000 	 -1.4514 	 0.4698 	 0.0116 
22.0000 	 0.2442 	 0.8207 	 15.0525 	 0.0000 	 -0.8115 	 5.6467 	 822.0489 	 22.0000 	 0.2055 	 9.1524 	 -7.0453 	 0.0000 	 -0.4908 	 2.7566 	 0.0000 
6.0000 	 0.2851 	 0.0000 	 15.8681 	 0.0000 	 2.3610 	 4.5355 	 818.2011 	 6.0000 	 1.0253 	 8.0178 	 -9.1203 	 0.0000 	 -0.9010 	 1.2529 	 0.0031 
15.0000 	 5.9999 	 0.0000 	 5.0007 	 0.0000 	 7.5290 	 4.3752 	 890.9364 	 15.0000 	 1.5081 	 2.4626 	 -1.9803 	 0.0000 	 0.2274 	 1.4890 	 0.0265 
24.0000 	 1.1014 	 23.8400 	 19.0191 	 0.0000 	 0.1966 	 2.9909 	 813.0707 	 24.0000 	 1.5406 	 1.9084 	 1.6465 	 0.0000 	 1.7409 	 2.6900 	 0.0089 
16.0000 	 0.7367 	 48.8236 	 17.1025 	 0.0000 	 17.3405 	 4.6391 	 818.6085 	 16.0000 	 0.3202 	 9.4121 	 -1.5487 	 0.0000 	 3.0101 	 1.9097 	 0.0048 
27.0000 	 1.1288 	 48.0262 	 19.3115 	 0.0000 	 2.5086 	 2.7932 	 810.6660 	 27.0000 	 1.1441 	 6.6410 	 3.7753 	 0.0000 	 3.0854 	 2.1254 	 0.0104 
10.0000 	 0.6450 	 18.6377 	 20.0461 	 0.0000 	 0.2566 	 2.1948 	 816.1946 	 10.0000 	 0.7371 	 4.2747 	 6.4281 	 0.0000 	 1.0928 	 0.3681 	 0.0144 
13.0000 	 0.7624 	 11.0131 	 18.7437 	 0.0000 	 -1.0265 	 3.2415 	 816.6283 	 13.0000 	 0.4250 	 8.9202 	 -9.6605 	 0.0000 	 -0.4382 	 2.8055 	 0.0133 
3.0000 	 0.0944 	 0.0000 	 15.9129 	 0.0000 	 11.2456 	 4.4783 	 817.2150 	 3.0000 	 0.6962 	 5.1376 	 5.4329 	 0.0000 	 -2.4006 	 1.8066 	 0.0014 
19.0000 	 0.7600 	 1.9174 	 15.7600 	 0.0000 	 29.6152 	 4.8449 	 819.9949 	 19.0000 	 2.4358 	 9.6486 	 2.0420 	 0.0000 	 -0.5218 	 2.5426 	 0.0034 
21.0000 	 0.8713 	 12.3481 	 16.2715 	 0.0000 	 8.4421 	 4.5856 	 819.3148 	 21.0000 	 1.2445 	 7.9636 	 -9.5944 	 0.0000 	 -3.7901 	 0.7932 	 0.0039 
26.0000 	 1.0993 	 99.7754 	 19.3735 	 0.0000 	 17.6240 	 3.8398 	 814.3097 	 26.0000 	 1.1901 	 0.8068 	 2.3093 	 0.0000 	 2.5530 	 2.7283 	 0.0079 
18.0000 	 0.8993 	 38.4358 	 19.5670 	 0.0000 	 1.6559 	 2.7195 	 813.2234 	 18.0000 	 0.8540 	 9.0405 	 -7.4411 	 0.0000 	 2.6957 	 1.0970 	 0.0212 
12.0000 	 0.5536 	 2.0242 	 15.8584 	 0.0000 	 18.5943 	 4.6738 	 819.3900 	 12.0000 	 0.6147 	 0.0555 	 -4.2956 	 0.0000 	 2.3334 	 1.9591 	 0.0036 
2.0000 	 0.0324 	 0.0000 	 15.9084 	 0.0000 	 -5.2909 	 4.4824 	 816.9946 	 2.0000 	 1.5728 	 6.9038 	 7.2933 	 0.0000 	 2.7585 	 1.0349 	 0.0004 
11.0000 	 5.9941 	 6.0960 	 5.3622 	 0.0000 	 18.3521 	 4.5126 	 890.2238 	 11.0000 	 0.3797 	 4.7096 	 3.6271 	 0.0000 	 2.3345 	 2.0868 	 0.0342 
7.0000 	 0.3351 	 0.0000 	 15.8344 	 0.0000 	 10.0789 	 4.6315 	 818.4675 	 7.0000 	 0.0833 	 9.1410 	 8.9417 	 0.0000 	 -4.3999 	 0.1190 	 0.0036 
18.0000 	 0.8511 	 13.4832 	 17.6210 	 0.0000 	 -1.4540 	 3.8114 	 816.6449 	 18.0000 	 2.9098 	 3.7104 	 -4.3502 	 0.0000 	 -3.8733 	 0.3861 	 0.0087 
21.0000 	 0.0120 	 0.0027 	 15.0568 	 0.0000 	 2.6659 	 5.6476 	 822.0493 	 21.0000 	 1.6507 	 3.0929 	 1.9517 	 0.0000 	 1.1299 	 2.5621 	 0.0000 
7.0000 	 0.4262 	 9.9114 	 18.3209 	 0.0000 	 -1.0602 	 3.5416 	 818.3105 	 7.0000 	 1.1324 	 6.6640 	 -4.8628 	 0.0000 	 2.5760 	 0.7040 	 0.0135 
18.0000 	 6.0000 	 1.8860 	 5.1187 	 0.0000 	 14.1149 	 4.3369 	 891.3639 	 18.0000 	 0.3243 	 1.7468 	 1.8415 	 0.0000 	 -3.4087 	 0.5958 	 0.0332 
8.0000 	 0.4657 	 4.5529 	 17.4112 	 0.0000 	 -2.7901 	 3.9045 	 818.1861 	 8.0000 	 0.5368 	 4.9580 	 6.6971 	 0.0000 	 -1.0440 	 2.6886 	 0.0109 
20.0000 	 0.9811 	 24.6737 	 19.0380 	 0.0000 	 0.1402 	 3.0215 	 813.7230 	 20.0000 	 1.8093 	 1.3271 	 -9.6570 	 0.0000 	 0.0172 	 2.1643 	 0.0111 
14.0000 	 0.7535 	 12.1712 	 18.1690 	 0.0000 	 -1.2143 	 3.6174 	 816.7149 	 14.0000 	 2.7308 	 4.9720 	 8.5184 	 0.0000 	 -4.6088 	 2.8540 	 0.0119 
15.0000 	 0.6560 	 3.0114 	 15.8071 	 0.0000 	 16.1154 	 4.7320 	 819.6755 	 15.0000 	 1.7046 	 2.5546 	 -0.5155 	 0.0000 	 4.1013 	 0.4567 	 0.0035 
3.0000 	 2.8035 	 14.0065 	 5.4743 	 0.0000 	 29.0763 	 4.1648 	 884.2927 	 3.0000 	 2.1027 	 1.8018 	 7.9443 	 0.0000 	 0.4609 	 1.5413 	 0.1848 
18.0000 	 0.0351 	 5.7281 	 15.0500 	 0.0000 	 -5.3394 	 5.6469 	 822.0487 	 18.0000 	 0.4607 	 0.8927 	 8.6113 	 0.0000 	 -1.4275 	 2.3318 	 0.0000 
17.0000 	 0.8070 	 11.5527 	 17.3773 	 0.0000 	 -1.5810 	 4.1544 	 817.3042 	 17.0000 	 2.3044 	 6.3585 	 -1.1137 	 0.0000 	 4.5288 	 1.0110 	 0.0070 
2.0000 	 0.0324 	 0.0000 	 15.9127 	 0.0000 	 4.9363 	 4.4733 	 816.9942 	 2.0000 	 0.9049 	 0.5133 	 9.8926 	 0.0000 	 -1.0447 	 0.8928 	 0.0004 
22.0000 	 0.9583 	 98.5064 	 18.8101 	 0.0000 	 18.9525 	 4.0455 	 815.3000 	 22.0000 	 2.1009 	 2.0802 	 -9.6623 	 0.0000 	 1.2291 	 0.1970 	 0.0077 
3.0000 	 0.0937 	 0.0000 	 15.9141 	 0.0000 	 0.8052 	 4.4931 	 817.2175 	 3.0000 	 2.0433 	 2.9742 	 -4.2508 	 0.0000 	 -0.5105 	 0.6841 	 0.0015 
1.0000 	 0.0013 	 0.0000 	 15.8666 	 0.0000 	 18.5104 	 4.5650 	 817.4049 	 1.0000 	 1.6441 	 1.6747 	 7.6672 	 0.0000 	 2.2197 	 0.0409 	 0.0015 
13.0000 	 0.5839 	 0.0000 	 15.7675 	 0.0000 	 -7.3564 	 4.7282 	 819.4974 	 13.0000 	 2.2719 	 1.6018 	 -1.9114 	 0.0000 	 -1.3565 	 0.4105 	 0.0034 
15.0000 	 0.8546 	 19.4938 	 19.7239 	 0.0000 	 0.2255 	 2.5083 	 815.1024 	 15.0000 	 2.4233 	 2.1864 	 -3.0719 	 0.0000 	 -4.8869 	 1.8892 	 0.0130 
17.0000 	 0.0010 	 3.0978 	 15.0460 	 0.0000 	 21.3152 	 5.6492 	 822.0488 	 17.0000 	 2.0241 	 3.8295 	 2.6864 	 0.0000 	 3.3187 	 2.9288 	 0.0000 
18.0000 	 0.9171 	 15.4981 	 18.5733 	 0.0000 	 -0.6422 	 3.4357 	 815.4284 	 18.0000 	 0.7557 	 1.1146 	 -9.7331 	 0.0000 	 0.7954 	 0.3708 	 0.0097 
15.0000 	 0.8122 	 17.0142 	 18.8168 	 0.0000 	 -0.3986 	 3.2629 	 815.6021 	 15.0000 	 2.7304 	 6.5323 	 3.7355 	 0.0000 	 -2.9159 	 0.0720 	 0.0154 
15.0000 	 0.8253 	 22.0279 	 19.4434 	 0.0000 	 0.3235 	 2.8159 	 814.9727 	 15.0000 	 1.3069 	 0.1708 	 6.1722 	 0.0000 	 -1.9781 	 2.9630 	 0.0128 
4.0000 	 0.1605 	 0.0003 	 15.8994 	 0.0000 	 25.5920 	 4.5156 	 817.5601 	 4.0000 	 1.4439 	 6.9108 	 -7.3675 	 0.0000 	 1.7951 	 0.1285 	 0.0020 
15.0000 	 0.6746 	 11.7711 	 16.1460 	 0.0000 	 14.8020 	 4.6739 	 819.4834 	 15.0000 	 0.8052 	 1.4547 	 6.7117 	 0.0000 	 0.6591 	 2.6996 	 0.0046 
13.0000 	 0.7385 	 10.5785 	 18.3816 	 0.0000 	 -1.3936 	 3.4227 	 816.8193 	 13.0000 	 1.7884 	 0.5430 	 -8.8979 	 0.0000 	 -3.4917 	 2.4168 	 0.0123 
4.0000 	 0.1602 	 0.0000 	 15.8866 	 0.0000 	 -2.0967 	 4.5167 	 817.5570 	 4.0000 	 2.0314 	 2.7940 	 -6.0769 	 0.0000 	 -3.0534 	 0.8574 	 0.0021 
12.0000 	 0.7224 	 21.3214 	 19.8767 	 0.0000 	 0.9323 	 2.4272 	 815.6321 	 12.0000 	 0.9870 	 1.1874 	 -4.3747 	 0.0000 	 4.3657 	 1.9198 	 0.0243 
12.0000 	 0.5634 	 3.8101 	 15.9972 	 0.0000 	 6.2946 	 4.6283 	 819.3356 	 12.0000 	 0.0508 	 2.2792 	 8.0867 	 0.0000 	 1.9269 	 0.5817 	 0.0035 
11.0000 	 0.3006 	 0.5847 	 15.1630 	 0.0000 	 -13.9661 	 5.5540 	 821.5902 	 11.0000 	 1.8035 	 8.2597 	 -7.9997 	 0.0000 	 -3.6032 	 1.6202 	 0.0012 
15.0000 	 0.6734 	 13.1794 	 16.2546 	 0.0000 	 10.1532 	 4.7337 	 819.3742 	 15.0000 	 0.3591 	 9.2908 	 4.5654 	 0.0000 	 -2.8807 	 2.1036 	 0.0057 
12.0000 	 0.7076 	 20.3806 	 19.5450 	 0.0000 	 0.4417 	 2.7694 	 815.8623 	 12.0000 	 2.8758 	 4.2419 	 0.7837 	 0.0000 	 -2.2485 	 0.2091 	 0.0169 
1.0000 	 0.0013 	 0.0000 	 15.8597 	 0.0000 	 11.4740 	 4.5775 	 817.4052 	 1.0000 	 1.2964 	 4.1875 	 -1.2747 	 0.0000 	 -0.2628 	 2.8524 	 0.0014 
6.0000 	 0.2822 	 0.0000 	 15.8541 	 0.0000 	 10.1482 	 4.5768 	 818.1975 	 6.0000 	 0.4770 	 3.4308 	 -7.5867 	 0.0000 	 -0.5015 	 0.1829 	 0.0024 
17.0000 	 0.9060 	 23.3106 	 19.4711 	 0.0000 	 0.0953 	 2.7006 	 814.4056 	 17.0000 	 0.1390 	 3.1359 	 6.2325 	 0.0000 	 4.6648 	 1.3927 	 0.0181 
7.0000 	 0.3316 	 0.0000 	 15.8090 	 0.0000 	 -0.2032 	 4.6838 	 818.4888 	 7.0000 	 1.7966 	 0.0342 	 -6.3074 	 0.0000 	 -0.0120 	 0.3223 	 0.0027 
6.0000 	 0.2835 	 0.0000 	 15.8556 	 0.0000 	 2.5145 	 4.5676 	 818.2000 	 6.0000 	 0.7596 	 0.2345 	 3.2983 	 0.0000 	 -3.8175 	 1.8578 	 0.0026 
6.0000 	 0.0034 	 25.8713 	 15.0460 	 0.0000 	 8.2809 	 5.6440 	 822.0362 	 6.0000 	 1.6191 	 9.0746 	 -5.8055 	 0.0000 	 4.7789 	 1.7402 	 0.0000 
9.0000 	 0.4288 	 0.0258 	 15.8139 	 0.0000 	 9.1967 	 4.6708 	 818.9002 	 9.0000 	 0.0929 	 5.2203 	 6.6504 	 0.0000 	 1.2266 	 0.4027 	 0.0029 
4.0000 	 2.4428 	 4.0232 	 6.5002 	 0.0000 	 1.8546 	 4.1367 	 886.5818 	 4.0000 	 1.6488 	 9.8243 	 1.3067 	 0.0000 	 -2.7977 	 1.5009 	 0.1620 
3.0000 	 3.0007 	 8.9380 	 6.1169 	 0.0000 	 8.5385 	 4.1343 	 884.4262 	 3.0000 	 1.8885 	 8.2013 	 -4.2687 	 0.0000 	 -0.4095 	 0.9171 	 0.1989 
3.0000 	 0.0935 	 0.0002 	 15.8985 	 0.0000 	 -0.0340 	 4.4829 	 817.2143 	 3.0000 	 1.6528 	 4.7898 	 -0.8265 	 0.0000 	 3.1266 	 2.0206 	 0.0014 
10.0000 	 0.1087 	 10.7152 	 15.0346 	 0.0000 	 1.1548 	 5.6366 	 822.0503 	 10.0000 	 1.0244 	 1.1967 	 2.7740 	 0.0000 	 -0.6409 	 2.9243 	 0.0000 
2.0000 	 3.0515 	 8.4727 	 6.3194 	 0.0000 	 6.6780 	 4.1837 	 881.1305 	 2.0000 	 0.7561 	 1.1395 	 -7.5771 	 0.0000 	 1.9035 	 0.3507 	 0.2340 
11.0000 	 0.5753 	 2.0194 	 16.6654 	 0.0000 	 -4.5898 	 4.3109 	 818.6050 	 11.0000 	 2.3319 	 9.0679 	 1.7839 	 0.0000 	 -2.5228 	 2.9672 	 0.0065 
4.0000 	 0.1770 	 0.3878 	 16.3195 	 0.0000 	 -6.7272 	 4.3679 	 817.4105 	 4.0000 	 2.0161 	 5.6056 	 -6.7870 	 0.0000 	 -3.8074 	 0.0600 	 0.0036 
1.0000 	 0.9786 	 3.2053 	 5.0207 	 0.0000 	 9.3802 	 4.0243 	 880.7786 	 1.0000 	 2.5191 	 8.7208 	 6.5444 	 0.0000 	 1.8424 	 0.0260 	 0.4755 
9.0000 	 0.4308 	 0.0000 	 15.8153 	 0.0000 	 28.6236 	 4.6495 	 818.9011 	 9.0000 	 2.0656 	 4.7389 	 -2.4178 	 0.0000 	 -1.8434 	 2.8225 	 0.0031 
10.0000 	 0.5584 	 3.9013 	 17.1146 	 0.0000 	 -3.1624 	 4.0973 	 818.2680 	 10.0000 	 0.6889 	 4.1689 	 6.6747 	 0.0000 	 -0.5961 	 2.4424 	 0.0077 
2.0000 	 0.0321 	 0.0011 	 15.9089 	 0.0000 	 -15.3248 	 4.4867 	 816.9619 	 2.0000 	 1.0421 	 3.8330 	 -2.3684 	 0.0000 	 0.8531 	 0.7223 	 0.0009 
2.0000 	 2.2648 	 6.2631 	 5.4003 	 0.0000 	 10.5569 	 4.2868 	 881.5255 	 2.0000 	 0.4199 	 4.7745 	 -1.6006 	 0.0000 	 1.0402 	 2.0879 	 0.2690 
