50.0000 	 0.9810 	 10.0000 	 -5.1834 	 1308.6407 	50.0000 	 0.9188 	 1.4108 	 -0.4380 	 0.1929 
36.0000 	 3.1277 	 0.3594 	 0.0797 	 824.1040 	36.0000 	 2.3930 	 0.0129 	 0.0872 	 0.0413 
35.0000 	 3.1612 	 0.3352 	 0.0678 	 824.4575 	35.0000 	 2.8388 	 0.5398 	 -0.2713 	 0.0524 
21.0000 	 1.8913 	 0.5811 	 0.1385 	 829.2241 	21.0000 	 2.2131 	 0.5293 	 -0.2303 	 0.0407 
20.0000 	 2.0811 	 0.4290 	 0.1012 	 829.0057 	20.0000 	 0.3348 	 2.7662 	 -0.2864 	 0.0467 
6.0000 	 0.9159 	 0.4167 	 0.1267 	 845.2538 	6.0000 	 1.7034 	 1.4893 	 -0.3414 	 0.1472 
5.0000 	 0.8047 	 0.3960 	 0.1279 	 845.9367 	5.0000 	 2.2241 	 1.2398 	 0.0352 	 0.1860 
50.0000 	 3.9867 	 0.3106 	 0.0696 	 822.6651 	50.0000 	 1.5165 	 1.7390 	 0.3062 	 0.0540 
49.0000 	 3.6635 	 0.3642 	 0.0793 	 822.3811 	49.0000 	 1.8177 	 0.5095 	 -0.3464 	 0.0464 
36.0000 	 0.9353 	 0.7505 	 -6.6019 	 1705.9451 	36.0000 	 0.3485 	 0.4302 	 0.2471 	 2.0478 
50.0000 	 3.3114 	 0.4714 	 0.1007 	 822.2438 	50.0000 	 0.7218 	 2.8507 	 -0.3377 	 0.0444 
49.0000 	 3.0239 	 0.5761 	 0.1286 	 822.9642 	49.0000 	 0.2802 	 1.8085 	 0.1747 	 0.0340 
50.0000 	 3.2238 	 0.5047 	 0.1098 	 822.3795 	50.0000 	 0.0923 	 0.0872 	 0.4296 	 0.0332 
50.0000 	 3.4913 	 0.4162 	 0.0899 	 822.1724 	50.0000 	 1.5638 	 2.4585 	 0.0960 	 0.0326 
50.0000 	 3.1461 	 0.5320 	 0.1128 	 822.5533 	50.0000 	 1.5260 	 0.4392 	 0.0109 	 0.0318 
49.0000 	 3.0778 	 0.5486 	 0.1220 	 822.6126 	49.0000 	 1.2064 	 2.8300 	 0.0104 	 0.0516 
50.0000 	 3.4292 	 0.4351 	 0.0930 	 822.2259 	50.0000 	 1.9566 	 2.9375 	 -0.1697 	 0.0416 
50.0000 	 3.3833 	 0.4521 	 0.0959 	 822.2559 	50.0000 	 0.7164 	 0.9746 	 0.4416 	 0.0352 
35.0000 	 3.0017 	 0.3826 	 0.0843 	 824.2817 	35.0000 	 0.9576 	 2.9193 	 -0.2436 	 0.0454 
36.0000 	 2.7509 	 0.4815 	 0.1041 	 824.1584 	36.0000 	 0.8439 	 2.2119 	 0.2443 	 0.0356 
37.0000 	 2.8784 	 0.4496 	 0.1010 	 823.8692 	37.0000 	 2.1139 	 0.2270 	 0.0683 	 0.0351 
36.0000 	 5.3411 	 0.1250 	 0.0226 	 826.8716 	36.0000 	 2.8952 	 1.4643 	 0.0194 	 0.4564 
21.0000 	 2.6612 	 0.2656 	 0.0607 	 828.3593 	21.0000 	 1.6250 	 1.5857 	 0.0634 	 0.0681 
36.0000 	 3.0859 	 0.3690 	 0.0815 	 824.1043 	36.0000 	 0.6606 	 2.9312 	 0.3384 	 0.0317 
37.0000 	 2.6172 	 0.5643 	 0.1294 	 824.4765 	37.0000 	 2.8758 	 2.3254 	 0.1420 	 0.0404 
36.0000 	 2.8042 	 0.4666 	 0.1047 	 824.1393 	36.0000 	 1.5595 	 1.8553 	 0.3000 	 0.0378 
37.0000 	 2.9156 	 0.4365 	 0.0984 	 823.8315 	37.0000 	 0.2001 	 2.4310 	 0.2914 	 0.0336 
35.0000 	 2.9589 	 0.3935 	 0.0865 	 824.1265 	35.0000 	 0.4458 	 1.8322 	 0.0408 	 0.0441 
20.0000 	 1.8778 	 0.5474 	 0.1296 	 829.4540 	20.0000 	 0.2704 	 2.5574 	 -0.2117 	 0.0460 
50.0000 	 3.3597 	 0.4542 	 0.0952 	 822.1831 	50.0000 	 1.2472 	 2.5654 	 -0.4671 	 0.0381 
35.0000 	 2.8210 	 0.4379 	 0.1043 	 824.2657 	35.0000 	 2.6416 	 2.2466 	 0.2433 	 0.0500 
36.0000 	 3.1291 	 0.3576 	 0.0899 	 824.3132 	36.0000 	 0.2394 	 2.2580 	 -0.1125 	 0.0549 
34.0000 	 2.6609 	 0.4871 	 0.1071 	 824.5752 	34.0000 	 0.8410 	 1.4827 	 -0.2375 	 0.0355 
6.0000 	 4.8860 	 0.0379 	 0.0112 	 831.0830 	6.0000 	 1.5217 	 0.9895 	 0.3890 	 0.1851 
36.0000 	 2.4345 	 0.6495 	 0.1555 	 825.2700 	36.0000 	 1.5023 	 2.7501 	 0.0963 	 0.0392 
21.0000 	 2.0038 	 0.5013 	 0.1137 	 828.8402 	21.0000 	 1.4311 	 1.5139 	 -0.2875 	 0.0401 
35.0000 	 2.7633 	 0.4542 	 0.0973 	 824.2802 	35.0000 	 1.5287 	 0.5399 	 -0.1962 	 0.0341 
5.0000 	 0.8596 	 0.3658 	 0.1234 	 846.3269 	5.0000 	 0.1836 	 2.2089 	 -0.3178 	 0.2111 
35.0000 	 5.9970 	 9.9929 	 10.0000 	 1960.6238 	35.0000 	 0.0959 	 2.5242 	 -0.1007 	 0.2452 
22.0000 	 2.0214 	 0.5273 	 0.1212 	 828.4827 	22.0000 	 1.9775 	 0.1080 	 0.4576 	 0.0448 
35.0000 	 2.6372 	 0.5174 	 0.1199 	 824.4404 	35.0000 	 0.3271 	 1.0044 	 0.0822 	 0.0397 
21.0000 	 2.0781 	 0.4610 	 0.1082 	 828.5844 	21.0000 	 0.6346 	 0.0233 	 -0.2203 	 0.0466 
34.0000 	 2.6642 	 0.4842 	 0.1051 	 824.5171 	34.0000 	 0.5369 	 0.9328 	 -0.2744 	 0.0371 
21.0000 	 2.4430 	 0.3209 	 0.0726 	 828.3870 	21.0000 	 1.9988 	 1.7460 	 -0.3426 	 0.0525 
34.0000 	 2.7016 	 0.4637 	 0.1016 	 824.4951 	34.0000 	 0.4110 	 2.6209 	 0.1554 	 0.0547 
36.0000 	 2.5685 	 0.5714 	 0.1285 	 824.6157 	36.0000 	 0.8448 	 2.6543 	 0.4386 	 0.0394 
21.0000 	 2.3765 	 0.3439 	 0.0807 	 828.4324 	21.0000 	 0.8627 	 1.8936 	 0.0426 	 0.0757 
20.0000 	 2.0716 	 0.4365 	 0.0984 	 829.0758 	20.0000 	 0.4116 	 1.2043 	 -0.3909 	 0.0650 
19.0000 	 1.9094 	 0.4862 	 0.1137 	 829.8145 	19.0000 	 2.2914 	 2.1554 	 -0.4720 	 0.0522 
21.0000 	 2.3450 	 0.3488 	 0.0823 	 828.4408 	21.0000 	 2.0016 	 0.5899 	 0.3098 	 0.0564 
6.0000 	 1.3426 	 0.2098 	 0.0599 	 840.5861 	6.0000 	 0.3199 	 0.5933 	 0.0865 	 0.1527 
7.0000 	 0.9858 	 0.4792 	 0.1446 	 844.2931 	7.0000 	 2.1724 	 2.5331 	 -0.2084 	 0.1078 
5.0000 	 1.5648 	 0.1412 	 0.0388 	 838.7875 	5.0000 	 1.8426 	 0.6935 	 0.3916 	 0.2055 
35.0000 	 2.6941 	 0.4887 	 0.1054 	 824.3970 	35.0000 	 2.4745 	 2.5640 	 -0.3511 	 0.0384 
22.0000 	 2.2051 	 0.4274 	 0.0994 	 828.0843 	22.0000 	 0.6502 	 0.0911 	 0.3963 	 0.0567 
20.0000 	 1.8677 	 0.5540 	 0.1286 	 829.6146 	20.0000 	 0.3810 	 0.6720 	 -0.3134 	 0.0512 
4.0000 	 2.1201 	 0.0758 	 0.0207 	 835.6230 	4.0000 	 2.1873 	 0.0620 	 0.0602 	 0.3007 
20.0000 	 2.0086 	 0.4654 	 0.1141 	 829.2520 	20.0000 	 2.9310 	 1.1825 	 0.0619 	 0.0539 
22.0000 	 2.1706 	 0.4453 	 0.1075 	 828.0786 	22.0000 	 0.4203 	 1.5408 	 -0.1627 	 0.0402 
20.0000 	 1.8909 	 0.5437 	 0.1307 	 829.5036 	20.0000 	 0.5266 	 1.9449 	 -0.2885 	 0.0442 
6.0000 	 0.9621 	 0.3755 	 0.1109 	 844.2200 	6.0000 	 0.4141 	 0.3540 	 -0.1010 	 0.1484 
19.0000 	 2.9081 	 0.2006 	 0.0525 	 829.2398 	19.0000 	 2.3660 	 0.9222 	 -0.0158 	 0.0848 
6.0000 	 0.8347 	 0.4882 	 0.1486 	 846.3666 	6.0000 	 1.0562 	 2.4219 	 -0.3457 	 0.1170 
5.0000 	 1.2964 	 0.1779 	 0.0487 	 840.6710 	5.0000 	 0.7373 	 0.2541 	 0.1374 	 0.2096 
6.0000 	 1.9635 	 0.1214 	 0.0341 	 835.9802 	6.0000 	 0.1255 	 0.8965 	 -0.2728 	 0.1613 
20.0000 	 1.9152 	 0.5208 	 0.1185 	 829.3249 	20.0000 	 1.3396 	 1.8282 	 -0.2663 	 0.0459 
5.0000 	 0.9825 	 0.2792 	 0.0869 	 844.1290 	5.0000 	 0.2532 	 2.8998 	 -0.2024 	 0.2254 
21.0000 	 2.0864 	 0.4589 	 0.1072 	 828.6664 	21.0000 	 1.4084 	 0.0492 	 -0.1448 	 0.0475 
5.0000 	 0.7540 	 0.4406 	 0.1446 	 846.7669 	5.0000 	 2.1884 	 2.3036 	 0.4237 	 0.1575 
7.0000 	 1.1397 	 0.3504 	 0.1073 	 842.3695 	7.0000 	 2.7147 	 2.2757 	 0.2533 	 0.1622 
6.0000 	 1.2277 	 0.2317 	 0.0643 	 842.1010 	6.0000 	 2.3206 	 0.7777 	 -0.3162 	 0.1586 
19.0000 	 2.2486 	 0.3382 	 0.0793 	 829.4056 	19.0000 	 0.1362 	 2.6516 	 -0.2803 	 0.0567 
4.0000 	 0.5963 	 0.4263 	 0.1452 	 847.8988 	4.0000 	 2.3782 	 1.5827 	 0.3520 	 0.1832 
5.0000 	 3.6590 	 0.0468 	 0.0117 	 832.5297 	5.0000 	 2.5916 	 1.7963 	 0.1313 	 0.1946 
35.0000 	 2.8032 	 0.3294 	 -0.0732 	 821.7565 	35.0000 	 2.8018 	 0.3297 	 -0.0741 	 0.1002 
7.0000 	 1.0363 	 0.4195 	 0.1251 	 843.5607 	7.0000 	 2.7921 	 1.8276 	 -0.4990 	 0.1716 
20.0000 	 1.7549 	 0.6416 	 0.1542 	 830.1699 	20.0000 	 1.9278 	 2.3432 	 0.0551 	 0.0469 
4.0000 	 0.6009 	 0.4374 	 0.1550 	 847.2277 	4.0000 	 2.8946 	 0.1691 	 -0.2325 	 0.1843 
48.0000 	 5.9868 	 9.9722 	 -10.0000 	 2150.6847 	48.0000 	 0.3107 	 0.2333 	 -0.3484 	 0.1280 
6.0000 	 0.8922 	 0.4393 	 0.1379 	 845.5549 	6.0000 	 1.8783 	 2.3444 	 -0.0798 	 0.1238 
49.0000 	 3.3251 	 0.4576 	 0.1004 	 822.3034 	49.0000 	 1.7163 	 0.0636 	 -0.0953 	 0.0511 
48.0000 	 3.3771 	 0.4267 	 0.0902 	 822.4387 	48.0000 	 1.7055 	 2.9192 	 0.3444 	 0.0364 
38.0000 	 3.0239 	 0.4153 	 0.0919 	 823.7374 	38.0000 	 1.8692 	 2.5405 	 0.0735 	 0.0371 
48.0000 	 3.3519 	 0.4352 	 0.0934 	 822.4317 	48.0000 	 1.3133 	 2.9856 	 -0.3674 	 0.0388 
5.0000 	 0.6079 	 0.6474 	 0.2312 	 850.3514 	5.0000 	 0.2341 	 0.5754 	 -0.4448 	 0.1075 
33.0000 	 2.4372 	 0.5777 	 0.1304 	 825.2027 	33.0000 	 2.4147 	 2.6488 	 0.4958 	 0.0510 
49.0000 	 3.1429 	 0.5246 	 0.1170 	 822.6389 	49.0000 	 0.4249 	 1.1867 	 0.1307 	 0.0337 
38.0000 	 2.8305 	 0.4857 	 0.1064 	 823.8542 	38.0000 	 1.8692 	 0.1906 	 -0.3678 	 0.0372 
23.0000 	 2.2427 	 0.4357 	 0.0949 	 827.6666 	23.0000 	 2.9380 	 2.0517 	 -0.4915 	 0.0441 
37.0000 	 2.6389 	 0.5527 	 0.1238 	 824.2597 	37.0000 	 0.9270 	 2.9686 	 0.3810 	 0.0403 
38.0000 	 2.9870 	 0.4250 	 0.0957 	 823.7041 	38.0000 	 0.1136 	 2.7768 	 -0.3851 	 0.0394 
33.0000 	 2.8515 	 0.3965 	 0.0885 	 824.6169 	33.0000 	 2.6488 	 0.6223 	 0.1985 	 0.0396 
18.0000 	 2.3533 	 0.2892 	 0.0689 	 829.8187 	18.0000 	 0.8410 	 0.2696 	 -0.4350 	 0.0581 
21.0000 	 2.1132 	 0.4354 	 0.1012 	 828.5214 	21.0000 	 2.9954 	 0.7804 	 -0.4697 	 0.0561 
37.0000 	 2.9153 	 0.4391 	 0.0967 	 823.8496 	37.0000 	 0.2276 	 1.7321 	 -0.1434 	 0.0429 
34.0000 	 2.9106 	 0.3954 	 0.0863 	 824.4535 	34.0000 	 1.8303 	 0.2833 	 0.2007 	 0.0405 
8.0000 	 1.0435 	 0.5211 	 0.1551 	 842.5552 	8.0000 	 1.0508 	 0.8645 	 -0.2970 	 0.0895 
23.0000 	 2.3313 	 0.3989 	 0.0939 	 827.5482 	23.0000 	 0.5243 	 0.8751 	 -0.3301 	 0.0412 
3.0000 	 0.6838 	 0.2143 	 0.0616 	 842.5730 	3.0000 	 0.6421 	 2.3350 	 0.2188 	 0.2991 
34.0000 	 2.7809 	 0.4366 	 0.0965 	 824.4367 	34.0000 	 2.4682 	 0.6954 	 0.3179 	 0.0395 
22.0000 	 2.1923 	 0.4324 	 0.0977 	 828.0535 	22.0000 	 1.8174 	 2.4252 	 0.0439 	 0.0593 
33.0000 	 2.8091 	 0.4090 	 0.0835 	 824.6448 	33.0000 	 0.8061 	 0.0766 	 -0.2695 	 0.0433 
18.0000 	 1.9387 	 0.4332 	 0.0991 	 830.3346 	18.0000 	 2.2595 	 1.0497 	 0.1073 	 0.0530 
22.0000 	 2.0857 	 0.4891 	 0.1179 	 828.2909 	22.0000 	 1.4297 	 0.6424 	 0.1832 	 0.0480 
19.0000 	 1.9436 	 0.4692 	 0.1129 	 829.5631 	19.0000 	 0.6507 	 1.7429 	 -0.4912 	 0.0466 
23.0000 	 2.3741 	 0.3809 	 0.0879 	 827.5246 	23.0000 	 1.8239 	 0.5432 	 -0.4670 	 0.0606 
8.0000 	 1.0393 	 0.5170 	 0.1577 	 842.5573 	8.0000 	 0.1986 	 2.1553 	 -0.1862 	 0.0933 
3.0000 	 0.5204 	 0.3352 	 0.1112 	 844.2654 	3.0000 	 2.1748 	 2.4200 	 0.2604 	 0.2764 
18.0000 	 2.9299 	 0.1883 	 0.0455 	 829.5057 	18.0000 	 2.6488 	 0.1601 	 0.2449 	 0.0571 
7.0000 	 0.8781 	 0.5877 	 0.1684 	 845.5133 	7.0000 	 1.0071 	 1.9577 	 -0.3528 	 0.1004 
19.0000 	 2.0817 	 0.4029 	 0.0986 	 829.6246 	19.0000 	 2.4957 	 1.6002 	 0.0117 	 0.0486 
20.0000 	 1.8774 	 0.5435 	 0.1282 	 829.6243 	20.0000 	 1.8784 	 1.3586 	 -0.3247 	 0.0505 
4.0000 	 1.0702 	 0.1878 	 0.0513 	 842.3677 	4.0000 	 2.4803 	 0.6770 	 0.0332 	 0.2470 
7.0000 	 1.0572 	 0.4114 	 0.1150 	 843.3571 	7.0000 	 1.5018 	 1.4694 	 -0.0417 	 0.1071 
8.0000 	 1.2867 	 0.3352 	 0.0893 	 840.7008 	8.0000 	 1.7730 	 1.4841 	 0.1530 	 0.1013 
4.0000 	 0.5600 	 0.4963 	 0.1695 	 848.8550 	4.0000 	 2.3790 	 2.5596 	 0.4960 	 0.1876 
6.0000 	 0.8240 	 0.5047 	 0.1725 	 846.4051 	6.0000 	 0.0363 	 2.4827 	 0.1512 	 0.1289 
3.0000 	 0.3889 	 0.4760 	 0.1696 	 848.3981 	3.0000 	 0.8620 	 1.5922 	 -0.4882 	 0.2198 
5.0000 	 1.4555 	 0.1551 	 0.0392 	 839.5202 	5.0000 	 1.4202 	 2.0829 	 0.3744 	 0.1982 
49.0000 	 3.4227 	 0.4239 	 0.0915 	 822.3100 	49.0000 	 2.8219 	 0.0190 	 0.3553 	 0.0567 
37.0000 	 3.3714 	 0.3160 	 0.0696 	 824.0273 	37.0000 	 1.4226 	 1.3018 	 0.0185 	 0.0503 
34.0000 	 2.8847 	 0.3994 	 0.0864 	 824.4419 	34.0000 	 2.3508 	 1.8007 	 0.4792 	 0.0357 
22.0000 	 2.1467 	 0.4508 	 0.1031 	 828.0895 	22.0000 	 2.4038 	 2.1492 	 -0.2872 	 0.0399 
19.0000 	 1.9353 	 0.4706 	 0.1091 	 829.8300 	19.0000 	 0.4909 	 0.6723 	 0.3066 	 0.0483 
7.0000 	 1.0997 	 0.3772 	 0.1139 	 842.4390 	7.0000 	 0.3907 	 0.6027 	 0.4429 	 0.1076 
49.0000 	 3.4674 	 0.4174 	 0.0923 	 822.3305 	49.0000 	 0.7310 	 2.2996 	 0.0911 	 0.0395 
4.0000 	 0.8943 	 0.2402 	 0.0715 	 842.8934 	4.0000 	 0.7875 	 2.0251 	 0.2230 	 0.2466 
48.0000 	 6.0000 	 9.9999 	 10.0000 	 2054.4744 	48.0000 	 0.0234 	 1.6160 	 -0.2572 	 0.1427 
49.0000 	 3.5870 	 0.3822 	 0.0818 	 822.4057 	49.0000 	 0.7109 	 2.7781 	 -0.4091 	 0.0472 
48.0000 	 3.3684 	 0.4280 	 0.0880 	 822.4167 	48.0000 	 2.6630 	 1.2241 	 -0.4368 	 0.0367 
49.0000 	 3.2628 	 0.4743 	 0.0924 	 822.4231 	49.0000 	 0.4537 	 0.1634 	 0.0593 	 0.0409 
48.0000 	 3.1675 	 0.5039 	 0.1098 	 822.6226 	48.0000 	 0.2274 	 2.9570 	 0.4970 	 0.0379 
37.0000 	 3.0998 	 0.3770 	 0.0807 	 823.8459 	37.0000 	 0.7611 	 0.3055 	 -0.4197 	 0.0513 
47.0000 	 3.4214 	 0.4048 	 0.0850 	 822.5199 	47.0000 	 0.9996 	 0.1695 	 -0.0406 	 0.0437 
38.0000 	 2.8654 	 0.4696 	 0.1041 	 823.7763 	38.0000 	 2.5683 	 2.9616 	 -0.4340 	 0.0423 
47.0000 	 3.2856 	 0.4441 	 0.0969 	 822.4716 	47.0000 	 2.3799 	 1.6153 	 -0.1874 	 0.0327 
48.0000 	 3.2651 	 0.4621 	 0.0961 	 822.4490 	48.0000 	 2.8900 	 0.9950 	 0.4327 	 0.0432 
37.0000 	 2.7713 	 0.4955 	 0.1086 	 824.0457 	37.0000 	 0.1012 	 2.9150 	 0.1118 	 0.0336 
48.0000 	 3.2400 	 0.4734 	 0.0997 	 822.4716 	48.0000 	 2.1775 	 1.9816 	 0.1541 	 0.0406 
38.0000 	 3.1349 	 0.3827 	 0.0838 	 823.7018 	38.0000 	 0.6674 	 0.2645 	 0.0895 	 0.0540 
48.0000 	 2.9475 	 0.6024 	 0.1341 	 823.2592 	48.0000 	 0.1656 	 1.4456 	 0.0663 	 0.0456 
37.0000 	 2.8857 	 0.4451 	 0.0975 	 823.8338 	37.0000 	 1.5380 	 0.9830 	 0.1305 	 0.0384 
38.0000 	 3.4026 	 0.3177 	 0.0709 	 823.8885 	38.0000 	 2.4305 	 1.8282 	 -0.4885 	 0.0396 
48.0000 	 3.3359 	 0.4391 	 0.0963 	 822.5093 	48.0000 	 2.6556 	 2.9825 	 0.3370 	 0.0433 
34.0000 	 2.9436 	 0.3819 	 0.0828 	 824.4208 	34.0000 	 2.6382 	 1.3882 	 -0.4016 	 0.0427 
33.0000 	 2.7898 	 0.4175 	 0.0938 	 824.5511 	33.0000 	 1.8198 	 1.6819 	 0.1143 	 0.0469 
39.0000 	 1.1657 	 0.1690 	 -5.0253 	 1867.7339 	39.0000 	 0.3853 	 1.8858 	 0.4983 	 0.6285 
22.0000 	 2.9618 	 0.2314 	 0.0519 	 828.1411 	22.0000 	 2.6038 	 0.8379 	 0.1739 	 0.0757 
33.0000 	 2.6926 	 0.4542 	 0.0998 	 824.6826 	33.0000 	 2.6506 	 2.8792 	 0.1967 	 0.0405 
39.0000 	 2.7346 	 0.5514 	 0.1267 	 824.0147 	39.0000 	 1.8690 	 1.9004 	 0.2264 	 0.0361 
23.0000 	 2.0107 	 0.5602 	 0.1312 	 828.1657 	23.0000 	 1.6671 	 2.9032 	 -0.2197 	 0.0458 
38.0000 	 3.2787 	 0.3453 	 0.0801 	 823.8800 	38.0000 	 1.4162 	 2.5339 	 0.0478 	 0.0545 
19.0000 	 2.5216 	 0.2678 	 0.0601 	 829.3531 	19.0000 	 0.3538 	 1.1263 	 -0.0325 	 0.0886 
38.0000 	 3.1977 	 0.3618 	 0.0839 	 823.8554 	38.0000 	 2.9917 	 0.0516 	 -0.0593 	 0.0556 
33.0000 	 2.6927 	 0.4542 	 0.1010 	 824.6578 	33.0000 	 1.6262 	 1.3042 	 0.1257 	 0.0336 
47.0000 	 3.3913 	 0.4171 	 0.0947 	 822.5001 	47.0000 	 1.0009 	 1.3003 	 0.4141 	 0.0372 
50.0000 	 3.3241 	 0.4642 	 0.0975 	 822.3172 	50.0000 	 1.6963 	 2.4855 	 0.2217 	 0.0463 
23.0000 	 2.3057 	 0.4028 	 0.0908 	 827.6103 	23.0000 	 1.3636 	 0.9669 	 -0.4524 	 0.0510 
49.0000 	 5.9868 	 9.9722 	 -10.0000 	 2149.0949 	49.0000 	 0.5576 	 1.6454 	 0.1442 	 0.1271 
34.0000 	 2.6691 	 0.4847 	 0.1093 	 824.5577 	34.0000 	 2.1254 	 0.0955 	 -0.0281 	 0.0324 
32.0000 	 2.9167 	 0.3619 	 0.0803 	 824.8303 	32.0000 	 1.6302 	 1.2921 	 0.2772 	 0.0408 
7.0000 	 0.9943 	 0.4642 	 0.1482 	 843.8309 	7.0000 	 1.5970 	 2.8024 	 0.2425 	 0.1224 
38.0000 	 2.9102 	 0.4508 	 0.0949 	 823.6717 	38.0000 	 0.1249 	 0.7976 	 -0.0852 	 0.0349 
33.0000 	 5.9868 	 9.9722 	 -10.0000 	 2104.2591 	33.0000 	 0.6200 	 2.7602 	 -0.1143 	 0.2829 
4.0000 	 1.3268 	 0.1449 	 0.0332 	 840.7671 	4.0000 	 1.2122 	 1.2100 	 -0.4002 	 0.3716 
38.0000 	 2.8580 	 0.4718 	 0.1034 	 823.7425 	38.0000 	 0.9889 	 1.5822 	 -0.1038 	 0.0345 
23.0000 	 1.9605 	 0.6022 	 0.1423 	 828.4420 	23.0000 	 0.9734 	 0.4984 	 -0.3158 	 0.0545 
34.0000 	 2.7910 	 0.4363 	 0.0996 	 824.4589 	34.0000 	 1.5754 	 0.3167 	 -0.4938 	 0.0409 
18.0000 	 1.9397 	 0.4345 	 0.1032 	 830.2739 	18.0000 	 2.2874 	 0.7725 	 0.2903 	 0.0396 
18.0000 	 1.8229 	 0.4928 	 0.1241 	 830.6339 	18.0000 	 0.6409 	 2.7372 	 -0.3754 	 0.0476 
32.0000 	 2.9591 	 0.3484 	 0.0749 	 824.9437 	32.0000 	 0.0415 	 2.9037 	 -0.2858 	 0.0411 
47.0000 	 3.4826 	 0.3905 	 0.0853 	 822.4078 	47.0000 	 2.6136 	 2.3098 	 0.2482 	 0.0380 
22.0000 	 2.5620 	 0.3051 	 0.0731 	 827.9194 	22.0000 	 0.0987 	 0.9672 	 0.3633 	 0.0577 
8.0000 	 1.7319 	 0.1910 	 0.0549 	 837.5873 	8.0000 	 0.6812 	 0.8977 	 0.3465 	 0.1183 
24.0000 	 2.1195 	 0.5331 	 0.1301 	 827.6296 	24.0000 	 1.3293 	 0.2830 	 -0.1939 	 0.0392 
8.0000 	 2.2137 	 0.1369 	 0.0340 	 835.0553 	8.0000 	 1.9623 	 0.3705 	 0.1784 	 0.1353 
3.0000 	 0.6591 	 0.2362 	 0.0733 	 842.4448 	3.0000 	 1.5161 	 1.9494 	 0.2634 	 0.3275 
33.0000 	 2.5951 	 0.5007 	 0.1163 	 824.8060 	33.0000 	 0.3307 	 2.8557 	 0.1283 	 0.0352 
47.0000 	 3.2690 	 0.4539 	 0.0989 	 822.4565 	47.0000 	 0.0960 	 0.0315 	 -0.0513 	 0.0418 
18.0000 	 1.8872 	 0.4673 	 0.1135 	 830.3705 	18.0000 	 0.9983 	 2.3828 	 0.0163 	 0.0527 
3.0000 	 0.5881 	 0.2832 	 0.0820 	 842.8462 	3.0000 	 0.6728 	 0.3198 	 0.4435 	 0.3014 
22.0000 	 2.4294 	 0.3423 	 0.0811 	 827.9259 	22.0000 	 2.0583 	 2.6777 	 -0.0300 	 0.0569 
19.0000 	 1.9111 	 0.4858 	 0.1186 	 829.8378 	19.0000 	 2.2595 	 1.2451 	 0.1366 	 0.0597 
36.0000 	 3.0690 	 0.3691 	 0.0767 	 824.0448 	36.0000 	 0.8406 	 1.4523 	 0.1746 	 0.0551 
8.0000 	 0.9254 	 0.6796 	 0.2110 	 844.2931 	8.0000 	 2.3028 	 2.0155 	 -0.2214 	 0.1006 
23.0000 	 1.9449 	 0.6102 	 0.1466 	 828.4577 	23.0000 	 0.4372 	 1.1377 	 -0.1104 	 0.0469 
17.0000 	 2.0267 	 0.3706 	 0.0910 	 830.7707 	17.0000 	 1.3301 	 0.6998 	 0.0412 	 0.0475 
39.0000 	 5.9868 	 0.0010 	 -10.0000 	 2259.5212 	39.0000 	 0.1659 	 1.4278 	 -0.3694 	 0.1311 
3.0000 	 0.4924 	 0.3649 	 0.1220 	 845.2844 	3.0000 	 2.9429 	 0.6591 	 -0.3324 	 0.2488 
24.0000 	 2.3447 	 0.4191 	 0.0925 	 827.2395 	24.0000 	 0.3783 	 1.4056 	 0.1485 	 0.0519 
33.0000 	 2.8647 	 0.3946 	 0.0870 	 824.6655 	33.0000 	 0.4667 	 1.5288 	 -0.1360 	 0.0475 
7.0000 	 1.2473 	 0.2938 	 0.0875 	 841.4534 	7.0000 	 0.8774 	 1.2945 	 -0.1410 	 0.1489 
19.0000 	 2.1736 	 0.3618 	 0.0843 	 829.5133 	19.0000 	 1.1937 	 0.4604 	 0.1580 	 0.0460 
9.0000 	 1.2297 	 0.4457 	 0.1173 	 839.9833 	9.0000 	 2.5658 	 1.1559 	 -0.2124 	 0.0904 
4.0000 	 0.6402 	 0.3973 	 0.1339 	 846.6580 	4.0000 	 2.3381 	 2.9523 	 0.0876 	 0.2066 
39.0000 	 3.0637 	 0.4128 	 0.0874 	 823.5436 	39.0000 	 2.2677 	 2.9422 	 -0.3985 	 0.0470 
18.0000 	 2.4950 	 0.2560 	 0.0614 	 829.7124 	18.0000 	 1.3863 	 1.6136 	 0.0892 	 0.0602 
2.0000 	 0.3383 	 0.2948 	 0.0975 	 841.4690 	2.0000 	 0.9938 	 2.9291 	 0.1327 	 0.2773 
23.0000 	 2.3186 	 0.4040 	 0.0981 	 827.5622 	23.0000 	 2.2699 	 1.3003 	 -0.3354 	 0.0510 
7.0000 	 1.0636 	 0.4002 	 0.1131 	 843.1596 	7.0000 	 0.5857 	 2.1796 	 0.1106 	 0.1183 
47.0000 	 1.2611 	 6.6297 	 3.0953 	 1082.5416 	47.0000 	 1.0626 	 1.9122 	 0.2602 	 0.3532 
17.0000 	 2.1452 	 0.3210 	 0.0799 	 830.5958 	17.0000 	 0.2289 	 0.0758 	 -0.3821 	 0.0625 
23.0000 	 2.6867 	 0.2903 	 0.0681 	 827.5935 	23.0000 	 1.8967 	 0.8296 	 0.0417 	 0.0638 
8.0000 	 2.3981 	 0.1121 	 0.0328 	 834.3221 	8.0000 	 2.0912 	 0.4961 	 0.0504 	 0.1265 
4.0000 	 1.1725 	 0.1629 	 0.0405 	 840.6900 	4.0000 	 0.0895 	 1.1346 	 0.0524 	 0.2878 
39.0000 	 2.9199 	 0.4651 	 0.1018 	 823.5758 	39.0000 	 2.6926 	 1.7870 	 -0.2715 	 0.0466 
18.0000 	 2.1213 	 0.3593 	 0.0856 	 830.0961 	18.0000 	 1.7241 	 0.3427 	 0.1318 	 0.0525 
35.0000 	 3.0840 	 0.3572 	 0.0770 	 824.2678 	35.0000 	 0.6424 	 1.6986 	 0.3097 	 0.0507 
3.0000 	 0.6591 	 0.2368 	 0.0749 	 841.8780 	3.0000 	 2.2800 	 1.5839 	 -0.1771 	 0.2414 
33.0000 	 2.6116 	 0.4766 	 0.0894 	 824.8703 	33.0000 	 0.4670 	 0.2760 	 -0.0149 	 0.0464 
9.0000 	 1.2213 	 0.4484 	 0.1281 	 840.2560 	9.0000 	 0.7190 	 0.9370 	 0.2888 	 0.0749 
37.0000 	 2.8462 	 0.4581 	 0.0994 	 823.8662 	37.0000 	 1.5472 	 0.0536 	 0.4355 	 0.0482 
2.0000 	 0.5671 	 0.1649 	 0.0379 	 840.3336 	2.0000 	 0.6623 	 2.4597 	 -0.3557 	 0.4119 
8.0000 	 1.6261 	 0.2131 	 0.0534 	 838.2223 	8.0000 	 0.3591 	 2.1759 	 0.2194 	 0.1080 
18.0000 	 1.8329 	 0.4974 	 0.1191 	 830.5915 	18.0000 	 0.9489 	 2.4011 	 0.1875 	 0.0621 
3.0000 	 0.6799 	 0.2362 	 0.0734 	 842.2469 	3.0000 	 1.7146 	 1.6209 	 -0.2703 	 0.3123 
32.0000 	 2.6922 	 0.4349 	 0.0910 	 824.8424 	32.0000 	 1.8093 	 0.8948 	 -0.0691 	 0.0504 
32.0000 	 5.5909 	 8.7486 	 9.6480 	 1773.8355 	32.0000 	 0.2735 	 2.8766 	 0.2991 	 0.0090 
8.0000 	 1.0097 	 0.5522 	 0.1648 	 842.8559 	8.0000 	 2.8505 	 0.6513 	 -0.2329 	 0.0867 
39.0000 	 3.4035 	 0.3242 	 0.0726 	 823.8383 	39.0000 	 2.8276 	 0.1941 	 -0.1478 	 0.0682 
21.0000 	 2.1107 	 0.4447 	 0.1044 	 828.5539 	21.0000 	 2.9257 	 2.9341 	 0.1631 	 0.0512 
3.0000 	 0.5886 	 0.2787 	 0.0896 	 842.4407 	3.0000 	 1.7230 	 1.2519 	 0.3914 	 0.2654 
24.0000 	 2.2640 	 0.4476 	 0.0993 	 827.2651 	24.0000 	 1.5356 	 1.1054 	 0.4469 	 0.0699 
32.0000 	 2.7223 	 0.4257 	 0.0966 	 824.8640 	32.0000 	 0.8121 	 2.4031 	 -0.0210 	 0.0396 
23.0000 	 1.9881 	 0.5735 	 0.1275 	 828.2926 	23.0000 	 0.5589 	 2.8019 	 -0.4419 	 0.0442 
20.0000 	 2.2328 	 0.3680 	 0.0973 	 829.1329 	20.0000 	 2.2385 	 0.4718 	 -0.2205 	 0.0587 
47.0000 	 5.9996 	 9.9981 	 -10.0000 	 2146.7897 	47.0000 	 0.7851 	 0.2063 	 0.4002 	 0.1307 
24.0000 	 2.1782 	 0.5022 	 0.1282 	 827.6180 	24.0000 	 0.1504 	 1.4417 	 0.2828 	 0.0566 
6.0000 	 1.0063 	 0.3558 	 0.1013 	 844.4121 	6.0000 	 2.9462 	 1.2284 	 -0.2564 	 0.1570 
17.0000 	 1.8441 	 0.4591 	 0.1156 	 830.9780 	17.0000 	 1.8578 	 1.7337 	 -0.0287 	 0.0480 
5.0000 	 1.1350 	 0.2243 	 0.0708 	 842.5215 	5.0000 	 1.5053 	 1.3649 	 -0.2488 	 0.1420 
18.0000 	 1.8490 	 0.4904 	 0.1224 	 830.4637 	18.0000 	 2.0988 	 1.7417 	 -0.4618 	 0.0452 
34.0000 	 2.4305 	 0.6122 	 0.1463 	 825.3780 	34.0000 	 1.2686 	 2.0245 	 -0.0569 	 0.0447 
9.0000 	 1.6681 	 0.2410 	 0.0627 	 837.1050 	9.0000 	 1.6892 	 0.2318 	 -0.3382 	 0.1056 
32.0000 	 2.7450 	 0.4179 	 0.0933 	 824.8483 	32.0000 	 0.7958 	 1.0059 	 0.4983 	 0.0386 
17.0000 	 1.6612 	 0.5829 	 0.1382 	 831.7178 	17.0000 	 1.0125 	 2.6798 	 0.2852 	 0.0560 
24.0000 	 2.2135 	 0.4750 	 0.1034 	 827.3373 	24.0000 	 0.6105 	 2.2952 	 -0.3759 	 0.0485 
8.0000 	 2.8228 	 0.0975 	 0.0290 	 833.0428 	8.0000 	 2.0840 	 2.1380 	 -0.1866 	 0.1755 
2.0000 	 0.2449 	 0.4037 	 0.1308 	 843.2667 	2.0000 	 0.6190 	 2.8040 	 0.1729 	 0.2414 
3.0000 	 0.5947 	 0.2741 	 0.0775 	 842.9888 	3.0000 	 2.6955 	 0.7125 	 -0.3502 	 0.2944 
9.0000 	 2.2836 	 0.1476 	 0.0390 	 834.6406 	9.0000 	 0.2613 	 2.3839 	 -0.1395 	 0.1163 
22.0000 	 2.0694 	 0.4988 	 0.1220 	 828.2092 	22.0000 	 2.5460 	 1.4963 	 -0.4209 	 0.0454 
2.0000 	 0.5908 	 0.1567 	 0.0414 	 839.9696 	2.0000 	 0.8165 	 0.1781 	 -0.0340 	 0.5014 
17.0000 	 2.3937 	 0.2596 	 0.0592 	 830.3449 	17.0000 	 1.5588 	 2.3629 	 0.2417 	 0.0699 
39.0000 	 2.8441 	 0.4980 	 0.1129 	 823.7084 	39.0000 	 2.0605 	 1.1950 	 0.3092 	 0.0426 
9.0000 	 1.6600 	 0.2485 	 0.0669 	 837.4526 	9.0000 	 2.3511 	 1.1414 	 0.3100 	 0.0893 
47.0000 	 3.0594 	 0.5265 	 0.1125 	 822.8148 	47.0000 	 0.9271 	 1.2025 	 -0.0578 	 0.0380 
2.0000 	 0.3806 	 0.2515 	 0.0703 	 839.3155 	2.0000 	 1.2702 	 1.9584 	 -0.1714 	 0.3454 
19.0000 	 2.0866 	 0.3979 	 0.0920 	 829.4401 	19.0000 	 1.4207 	 2.3574 	 0.4021 	 0.0464 
24.0000 	 2.1743 	 0.4936 	 0.1148 	 827.4375 	24.0000 	 0.6770 	 1.2671 	 -0.2490 	 0.0392 
7.0000 	 1.9798 	 0.1347 	 0.0353 	 835.8927 	7.0000 	 2.5655 	 0.5965 	 0.4528 	 0.1484 
17.0000 	 1.8922 	 0.4331 	 0.1087 	 830.9314 	17.0000 	 0.2525 	 1.1564 	 -0.2993 	 0.0671 
4.0000 	 0.5401 	 0.5296 	 0.1963 	 849.0860 	4.0000 	 0.7533 	 1.7669 	 0.2620 	 0.2311 
32.0000 	 2.7848 	 0.4034 	 0.0921 	 824.8891 	32.0000 	 2.7132 	 1.1658 	 0.1290 	 0.0489 
9.0000 	 1.5132 	 0.2881 	 0.0758 	 838.0804 	9.0000 	 0.0116 	 1.1569 	 -0.2132 	 0.0858 
2.0000 	 0.3721 	 0.2540 	 0.0753 	 840.1442 	2.0000 	 1.3380 	 1.9579 	 0.4438 	 0.3094 
39.0000 	 2.6954 	 0.5711 	 0.1318 	 824.0978 	39.0000 	 0.4669 	 0.6029 	 0.1905 	 0.0356 
24.0000 	 2.1379 	 0.5088 	 0.1071 	 827.6105 	24.0000 	 0.7305 	 1.2406 	 -0.0071 	 0.0494 
17.0000 	 1.8696 	 0.4402 	 0.1077 	 830.9284 	17.0000 	 1.5032 	 0.1614 	 -0.4271 	 0.0462 
32.0000 	 2.7495 	 0.4168 	 0.0921 	 824.8418 	32.0000 	 1.8695 	 2.9454 	 -0.0869 	 0.0405 
9.0000 	 1.7363 	 0.2267 	 0.0696 	 837.0361 	9.0000 	 2.6435 	 2.7990 	 -0.3320 	 0.1151 
2.0000 	 0.2771 	 0.3600 	 0.1162 	 842.1610 	2.0000 	 2.1187 	 1.6849 	 -0.4428 	 0.2662 
47.0000 	 3.3336 	 0.4334 	 0.0941 	 822.5263 	47.0000 	 1.6657 	 1.3675 	 -0.1244 	 0.0365 
24.0000 	 2.2409 	 0.4598 	 0.1058 	 827.3148 	24.0000 	 2.9853 	 2.4630 	 0.1034 	 0.0439 
46.0000 	 5.9868 	 9.9722 	 10.0000 	 2013.7024 	46.0000 	 0.4707 	 0.8921 	 -0.4118 	 0.2675 
46.0000 	 3.5570 	 0.3654 	 0.0833 	 822.7572 	46.0000 	 2.8472 	 1.4934 	 -0.2836 	 0.1314 
17.0000 	 2.2552 	 0.2942 	 0.0692 	 830.4944 	17.0000 	 1.3585 	 1.3584 	 -0.4582 	 0.0606 
46.0000 	 3.3818 	 0.4104 	 0.0959 	 822.5853 	46.0000 	 2.9831 	 0.1579 	 -0.2010 	 0.0516 
39.0000 	 5.3383 	 8.7516 	 -9.6298 	 2080.2183 	39.0000 	 0.0379 	 0.1002 	 -0.3315 	 0.0170 
46.0000 	 3.1220 	 0.4913 	 0.1093 	 822.6475 	46.0000 	 0.2837 	 1.3479 	 0.2438 	 0.0448 
9.0000 	 1.0856 	 0.5803 	 0.1611 	 841.2848 	9.0000 	 0.8171 	 0.9520 	 -0.2430 	 0.0746 
46.0000 	 3.3410 	 0.4157 	 0.0906 	 822.6474 	46.0000 	 1.0664 	 1.4650 	 -0.3889 	 0.0365 
2.0000 	 0.3245 	 0.2953 	 0.1011 	 841.7843 	2.0000 	 0.4732 	 1.9529 	 -0.3333 	 0.3397 
46.0000 	 3.3851 	 0.4018 	 0.0841 	 822.6397 	46.0000 	 1.9039 	 2.6133 	 0.0591 	 0.0352 
32.0000 	 2.7526 	 0.4173 	 0.0938 	 824.8191 	32.0000 	 0.1013 	 2.4925 	 0.2260 	 0.0514 
47.0000 	 3.4316 	 0.4015 	 0.0854 	 822.4943 	47.0000 	 1.6926 	 1.7738 	 -0.0617 	 0.0349 
40.0000 	 3.1662 	 0.3962 	 0.0857 	 823.3660 	40.0000 	 1.6978 	 0.8953 	 0.0955 	 0.0506 
40.0000 	 2.8305 	 0.5149 	 0.1067 	 823.6685 	40.0000 	 0.9103 	 1.3851 	 -0.4543 	 0.0456 
46.0000 	 3.2196 	 0.4560 	 0.0990 	 822.6162 	46.0000 	 0.3594 	 2.3174 	 0.0598 	 0.0462 
31.0000 	 5.5783 	 9.9385 	 6.1280 	 1962.2722 	31.0000 	 2.5366 	 2.9850 	 0.3715 	 0.0013 
46.0000 	 3.3866 	 0.4075 	 0.0913 	 822.6690 	46.0000 	 0.6894 	 0.8814 	 0.1728 	 0.0378 
40.0000 	 3.1606 	 0.3990 	 0.0881 	 823.4395 	40.0000 	 1.2101 	 0.2644 	 0.2728 	 0.0386 
40.0000 	 2.8494 	 0.5019 	 0.1082 	 823.5975 	40.0000 	 2.0384 	 0.4569 	 -0.4137 	 0.0338 
24.0000 	 2.4341 	 0.3823 	 0.0863 	 827.1619 	24.0000 	 0.9438 	 1.7726 	 0.3246 	 0.0553 
40.0000 	 3.0076 	 0.4508 	 0.1015 	 823.3827 	40.0000 	 1.2465 	 0.3395 	 -0.0211 	 0.0347 
31.0000 	 2.3856 	 0.5551 	 0.1212 	 825.5242 	31.0000 	 1.1683 	 2.4497 	 0.2139 	 0.0384 
17.0000 	 2.3673 	 0.2653 	 0.0626 	 830.3283 	17.0000 	 2.7903 	 0.2700 	 -0.3385 	 0.0638 
39.0000 	 2.9948 	 0.4362 	 0.0917 	 823.5750 	39.0000 	 2.2503 	 1.7822 	 0.2964 	 0.0412 
25.0000 	 2.5466 	 0.3618 	 0.0818 	 826.7812 	25.0000 	 0.7404 	 2.9619 	 0.2654 	 0.0572 
40.0000 	 2.8794 	 0.4993 	 0.1255 	 823.5843 	40.0000 	 1.3628 	 1.0963 	 0.3655 	 0.0624 
46.0000 	 3.2939 	 0.4301 	 0.0944 	 822.7228 	46.0000 	 1.1251 	 1.5372 	 -0.3980 	 0.0411 
31.0000 	 2.3869 	 0.5557 	 0.1203 	 825.5676 	31.0000 	 2.4433 	 0.6884 	 0.4508 	 0.0386 
9.0000 	 2.2882 	 0.1412 	 0.0364 	 834.1793 	9.0000 	 2.4470 	 0.8485 	 -0.0772 	 0.1066 
14.0000 	 2.0434 	 0.2868 	 0.0713 	 832.5008 	14.0000 	 2.1099 	 1.6195 	 0.2246 	 0.0621 
2.0000 	 0.2601 	 0.3605 	 0.1178 	 842.8754 	2.0000 	 0.9003 	 1.2002 	 -0.0375 	 0.2383 
25.0000 	 2.4735 	 0.3924 	 0.0937 	 826.7394 	25.0000 	 2.2080 	 2.3538 	 0.4334 	 0.0628 
46.0000 	 3.2263 	 0.4505 	 0.0971 	 822.6472 	46.0000 	 1.9354 	 2.5549 	 0.2743 	 0.0363 
25.0000 	 2.3032 	 0.4542 	 0.1048 	 826.9590 	25.0000 	 0.2028 	 0.6712 	 -0.1531 	 0.0507 
31.0000 	 2.5397 	 0.4768 	 0.1044 	 825.1621 	31.0000 	 1.8232 	 1.7557 	 -0.3114 	 0.0513 
15.0000 	 1.5456 	 0.5761 	 0.1497 	 833.3674 	15.0000 	 2.3890 	 2.3940 	 -0.0022 	 0.0527 
31.0000 	 2.4138 	 0.5425 	 0.1182 	 825.4667 	31.0000 	 0.9830 	 2.7058 	 0.4382 	 0.0401 
40.0000 	 2.9485 	 0.4688 	 0.1006 	 823.4262 	40.0000 	 2.0577 	 1.6404 	 -0.4307 	 0.0335 
40.0000 	 2.8743 	 0.4998 	 0.1096 	 823.5301 	40.0000 	 2.6126 	 0.6874 	 -0.4464 	 0.0359 
12.0000 	 1.3449 	 0.5635 	 0.1451 	 836.4449 	12.0000 	 0.0760 	 0.9956 	 -0.1997 	 0.0677 
31.0000 	 2.3759 	 0.5660 	 0.1305 	 825.5911 	31.0000 	 2.0927 	 2.8272 	 0.2062 	 0.0373 
32.0000 	 2.7993 	 0.4013 	 0.0898 	 824.8367 	32.0000 	 1.6439 	 1.3652 	 0.0698 	 0.0479 
15.0000 	 1.7803 	 0.4108 	 0.0986 	 832.3724 	15.0000 	 2.6539 	 1.0894 	 -0.3610 	 0.0563 
11.0000 	 1.8411 	 0.3406 	 0.1465 	 833.6262 	11.0000 	 1.1610 	 1.1304 	 -0.0195 	 0.1263 
25.0000 	 2.3327 	 0.4421 	 0.1022 	 826.8722 	25.0000 	 2.1003 	 0.0700 	 0.1430 	 0.0509 
40.0000 	 3.0563 	 0.4250 	 0.0897 	 823.4137 	40.0000 	 0.6481 	 1.8177 	 0.4969 	 0.0471 
25.0000 	 2.1017 	 0.5625 	 0.1288 	 827.4235 	25.0000 	 1.5895 	 0.1959 	 0.2807 	 0.0381 
45.0000 	 3.1514 	 0.4615 	 0.1006 	 822.7245 	45.0000 	 0.1128 	 0.6700 	 -0.4445 	 0.0356 
24.0000 	 2.0357 	 0.5719 	 0.1416 	 827.9403 	24.0000 	 1.8377 	 0.6407 	 -0.1975 	 0.5016 
11.0000 	 2.0270 	 0.2115 	 0.0562 	 834.4422 	11.0000 	 0.6165 	 1.1444 	 -0.3737 	 0.0782 
45.0000 	 3.1906 	 0.4537 	 0.0954 	 822.7748 	45.0000 	 1.4538 	 0.2528 	 0.3600 	 0.0369 
25.0000 	 2.4318 	 0.3995 	 0.0915 	 826.7787 	25.0000 	 2.2020 	 1.0033 	 -0.1725 	 0.0407 
15.0000 	 1.6311 	 0.4913 	 0.1171 	 832.8741 	15.0000 	 0.9860 	 0.5166 	 0.1889 	 0.0552 
31.0000 	 2.7627 	 0.3957 	 0.0873 	 825.0415 	31.0000 	 1.2685 	 0.6425 	 -0.0988 	 0.0521 
14.0000 	 1.8358 	 0.3517 	 0.0923 	 833.0812 	14.0000 	 2.4930 	 1.5992 	 0.0851 	 0.0667 
17.0000 	 2.4570 	 0.2515 	 0.0621 	 830.3146 	17.0000 	 2.7566 	 1.3117 	 0.3437 	 0.0596 
40.0000 	 3.1932 	 0.3768 	 0.0821 	 823.4840 	40.0000 	 2.2734 	 1.1761 	 -0.0408 	 0.0642 
31.0000 	 2.8925 	 0.3569 	 0.0798 	 825.1232 	31.0000 	 2.6416 	 2.5767 	 0.3433 	 0.0501 
31.0000 	 2.2768 	 0.6280 	 0.1265 	 826.3224 	31.0000 	 0.1742 	 2.6551 	 -0.4470 	 0.0759 
11.0000 	 1.3157 	 0.5119 	 0.1414 	 837.4711 	11.0000 	 0.8086 	 1.6868 	 0.3043 	 0.0615 
15.0000 	 2.4441 	 0.2171 	 0.0547 	 831.2813 	15.0000 	 1.0592 	 0.3392 	 0.2661 	 0.0574 
45.0000 	 3.2420 	 0.4380 	 0.0937 	 822.7175 	45.0000 	 0.9278 	 2.1699 	 -0.3783 	 0.0469 
12.0000 	 1.5499 	 0.4119 	 0.1113 	 835.4956 	12.0000 	 0.7270 	 1.3726 	 -0.0156 	 0.0677 
9.0000 	 1.0751 	 0.6015 	 0.1750 	 841.2692 	9.0000 	 2.3429 	 1.9058 	 0.0781 	 0.0768 
2.0000 	 0.2949 	 0.3358 	 0.1166 	 841.9778 	2.0000 	 2.6730 	 0.4955 	 0.1503 	 0.3546 
25.0000 	 2.3974 	 0.4152 	 0.0952 	 826.8408 	25.0000 	 2.3003 	 0.5407 	 0.4673 	 0.0440 
11.0000 	 2.0156 	 0.2187 	 0.0555 	 834.5982 	11.0000 	 2.6502 	 2.9606 	 0.2282 	 0.0973 
14.0000 	 1.7272 	 0.3996 	 0.0996 	 833.3785 	14.0000 	 0.6156 	 0.8869 	 -0.3327 	 0.0730 
25.0000 	 2.3338 	 0.4395 	 0.0979 	 826.9423 	25.0000 	 2.0492 	 2.3581 	 -0.1895 	 0.0420 
45.0000 	 2.9414 	 0.5552 	 0.1235 	 823.2133 	45.0000 	 0.6227 	 1.3756 	 -0.3297 	 0.0370 
41.0000 	 2.9261 	 0.4920 	 0.1072 	 823.3704 	41.0000 	 1.3283 	 1.7553 	 0.4248 	 0.0386 
31.0000 	 2.6649 	 0.4227 	 0.0914 	 825.0645 	31.0000 	 1.1886 	 1.0282 	 -0.2654 	 0.0493 
12.0000 	 1.3509 	 0.5580 	 0.1434 	 836.4791 	12.0000 	 0.0558 	 0.6305 	 0.0253 	 0.0647 
41.0000 	 3.1279 	 0.4213 	 0.0923 	 823.2485 	41.0000 	 1.5013 	 2.9089 	 -0.1024 	 0.0420 
15.0000 	 2.1415 	 0.2756 	 0.0659 	 831.7477 	15.0000 	 0.2296 	 2.2310 	 0.0837 	 0.0553 
25.0000 	 2.2434 	 0.4891 	 0.1153 	 826.9918 	25.0000 	 1.7907 	 1.7803 	 -0.2466 	 0.0435 
30.0000 	 2.6261 	 0.4271 	 0.0946 	 825.3367 	30.0000 	 0.1923 	 2.8756 	 0.0105 	 0.0578 
11.0000 	 2.0445 	 0.2178 	 0.0543 	 834.4930 	11.0000 	 0.1081 	 2.5205 	 0.4692 	 0.0895 
14.0000 	 1.9715 	 0.3105 	 0.0835 	 832.7212 	14.0000 	 0.5021 	 2.1076 	 0.2500 	 0.0639 
25.0000 	 2.0765 	 0.5874 	 0.1396 	 827.5469 	25.0000 	 1.3085 	 1.9925 	 0.2499 	 0.0405 
30.0000 	 2.5701 	 0.4515 	 0.1039 	 825.3614 	30.0000 	 2.1125 	 0.8423 	 0.1303 	 0.0383 
14.0000 	 1.4520 	 0.6023 	 0.1576 	 834.3636 	14.0000 	 2.8916 	 1.7803 	 -0.1209 	 0.0557 
12.0000 	 1.8884 	 0.2758 	 0.0750 	 834.3484 	12.0000 	 2.1067 	 2.2721 	 -0.4528 	 0.0698 
45.0000 	 3.0676 	 0.4972 	 0.1080 	 822.8716 	45.0000 	 0.7588 	 0.9825 	 -0.3972 	 0.0353 
41.0000 	 2.5940 	 0.6775 	 0.1651 	 824.8685 	41.0000 	 0.9502 	 1.0694 	 0.0421 	 0.0401 
44.0000 	 3.2372 	 0.4255 	 0.0924 	 822.7858 	44.0000 	 1.3638 	 2.5284 	 0.0664 	 0.0406 
26.0000 	 2.0411 	 0.6418 	 0.1509 	 827.5629 	26.0000 	 1.1548 	 0.0641 	 0.3147 	 0.0368 
26.0000 	 2.6549 	 0.3471 	 0.0815 	 826.5770 	26.0000 	 0.0556 	 0.9061 	 0.3123 	 0.0462 
12.0000 	 2.4397 	 0.1718 	 0.0435 	 832.5159 	12.0000 	 0.2263 	 2.8020 	 0.1374 	 0.0984 
45.0000 	 3.0418 	 0.5038 	 0.1118 	 822.9459 	45.0000 	 2.7817 	 0.0882 	 0.3180 	 0.0417 
45.0000 	 3.2031 	 0.4455 	 0.0922 	 822.7766 	45.0000 	 2.7223 	 0.6752 	 0.2589 	 0.0399 
45.0000 	 3.0390 	 0.5116 	 0.1148 	 822.9350 	45.0000 	 0.7752 	 1.4197 	 -0.2021 	 0.0395 
16.0000 	 2.1745 	 0.2924 	 0.0710 	 831.1610 	16.0000 	 0.2543 	 0.3494 	 0.1482 	 0.0562 
16.0000 	 1.8172 	 0.4309 	 0.1079 	 831.5648 	16.0000 	 1.4085 	 2.3548 	 -0.2933 	 0.0520 
30.0000 	 2.5110 	 0.4767 	 0.1116 	 825.4689 	30.0000 	 1.5338 	 1.1365 	 -0.4180 	 0.0421 
10.0000 	 3.2267 	 0.0953 	 0.0256 	 831.3362 	10.0000 	 2.8100 	 0.4889 	 -0.0326 	 0.0937 
10.0000 	 1.5472 	 0.3168 	 0.0840 	 837.2091 	10.0000 	 0.5948 	 1.0388 	 -0.1460 	 0.0689 
1.0000 	 0.1155 	 0.2356 	 0.0681 	 841.6013 	1.0000 	 1.2088 	 2.7014 	 -0.4315 	 0.7631 
1.0000 	 0.0511 	 0.3596 	 0.1034 	 841.4234 	1.0000 	 1.1255 	 1.6181 	 -0.2587 	 0.3212 
41.0000 	 3.1168 	 0.4225 	 0.0879 	 823.1800 	41.0000 	 0.8587 	 0.2861 	 0.1989 	 0.0384 
45.0000 	 3.1719 	 0.4580 	 0.0986 	 822.7776 	45.0000 	 1.6253 	 2.8753 	 0.3195 	 0.0390 
41.0000 	 5.9868 	 9.9722 	 -10.0000 	 2112.9559 	41.0000 	 0.4186 	 2.2640 	 0.2572 	 0.2774 
44.0000 	 3.4517 	 0.3671 	 0.0789 	 822.8683 	44.0000 	 1.8593 	 0.2468 	 -0.1886 	 0.0484 
41.0000 	 3.2378 	 0.3890 	 0.0838 	 823.2130 	41.0000 	 2.3161 	 1.5982 	 -0.4095 	 0.0337 
26.0000 	 2.4305 	 0.4187 	 0.0929 	 826.4412 	26.0000 	 1.8307 	 2.2781 	 0.1742 	 0.0426 
45.0000 	 3.4502 	 0.3769 	 0.0820 	 822.7335 	45.0000 	 2.1248 	 1.4725 	 0.1476 	 0.0412 
42.0000 	 3.0238 	 0.4713 	 0.1020 	 823.1407 	42.0000 	 1.1730 	 0.0950 	 0.1456 	 0.0445 
41.0000 	 3.1205 	 0.4244 	 0.0928 	 823.2020 	41.0000 	 0.5190 	 1.1755 	 -0.4446 	 0.0465 
41.0000 	 3.0442 	 0.4472 	 0.1010 	 823.2474 	41.0000 	 2.6106 	 0.5598 	 -0.4578 	 0.0359 
30.0000 	 2.6779 	 0.4084 	 0.0853 	 825.3827 	30.0000 	 2.0753 	 0.4880 	 -0.2322 	 0.0666 
30.0000 	 2.6029 	 0.4414 	 0.1011 	 825.3609 	30.0000 	 0.4587 	 2.5078 	 0.0884 	 0.0429 
16.0000 	 2.5147 	 0.2216 	 0.0551 	 830.7035 	16.0000 	 0.4354 	 2.4038 	 0.4677 	 0.0631 
10.0000 	 1.1886 	 0.5567 	 0.1527 	 839.3293 	10.0000 	 2.5976 	 1.6173 	 -0.0330 	 0.0611 
1.0000 	 0.0415 	 0.3951 	 0.1294 	 842.7842 	1.0000 	 0.3699 	 1.7350 	 0.1161 	 0.3518 
41.0000 	 3.3665 	 0.3671 	 0.0887 	 823.4208 	41.0000 	 0.6169 	 2.0993 	 0.3909 	 0.0938 
30.0000 	 2.5599 	 0.4520 	 0.1035 	 825.3854 	30.0000 	 2.4310 	 2.4810 	 -0.3371 	 0.0432 
29.0000 	 2.5281 	 0.4479 	 0.1017 	 825.6244 	29.0000 	 2.4788 	 1.8140 	 0.2569 	 0.0401 
44.0000 	 3.1449 	 0.4575 	 0.1016 	 822.8822 	44.0000 	 2.1859 	 2.5712 	 -0.3952 	 0.0422 
30.0000 	 2.7040 	 0.3998 	 0.0906 	 825.3101 	30.0000 	 0.4651 	 0.6728 	 0.3292 	 0.0379 
30.0000 	 2.4641 	 0.4959 	 0.1149 	 825.4793 	30.0000 	 1.3833 	 0.7632 	 -0.0322 	 0.0399 
42.0000 	 3.2752 	 0.3929 	 0.0851 	 823.1654 	42.0000 	 1.6928 	 2.1476 	 -0.3293 	 0.0415 
26.0000 	 2.1871 	 0.5453 	 0.1260 	 827.0003 	26.0000 	 1.0802 	 1.4822 	 0.0939 	 0.0501 
26.0000 	 2.1952 	 0.5360 	 0.1189 	 826.9005 	26.0000 	 1.1615 	 1.0522 	 -0.1564 	 0.0314 
41.0000 	 3.0811 	 0.4255 	 0.0920 	 823.3178 	41.0000 	 1.3957 	 2.1897 	 -0.3968 	 0.0455 
16.0000 	 1.8791 	 0.3941 	 0.0976 	 831.4731 	16.0000 	 0.1486 	 1.6490 	 0.0002 	 0.0547 
30.0000 	 2.4849 	 0.4824 	 0.1046 	 825.4388 	30.0000 	 0.4064 	 1.7324 	 -0.1850 	 0.0478 
26.0000 	 1.9825 	 0.6932 	 0.1650 	 828.2025 	26.0000 	 0.6152 	 0.4307 	 0.2990 	 0.0479 
16.0000 	 1.9112 	 0.3845 	 0.0898 	 831.4251 	16.0000 	 1.3147 	 1.5176 	 -0.4023 	 0.0536 
44.0000 	 5.9868 	 9.9722 	 -10.0000 	 2148.6326 	44.0000 	 0.4360 	 1.9986 	 0.1254 	 0.1287 
26.0000 	 2.4356 	 0.4229 	 0.0949 	 826.4979 	26.0000 	 1.2904 	 1.1304 	 0.0589 	 0.0466 
26.0000 	 2.2709 	 0.4964 	 0.1147 	 826.7795 	26.0000 	 0.7312 	 0.4431 	 0.1154 	 0.0302 
10.0000 	 1.3557 	 0.4256 	 0.1122 	 838.3440 	10.0000 	 2.0983 	 1.0097 	 -0.3545 	 0.0672 
27.0000 	 2.4628 	 0.4294 	 0.0938 	 826.2189 	27.0000 	 1.3114 	 2.9796 	 -0.4171 	 0.0372 
1.0000 	 0.0769 	 0.2974 	 0.0775 	 840.1615 	1.0000 	 1.6122 	 0.1450 	 -0.2209 	 0.4224 
29.0000 	 2.6590 	 0.3971 	 0.0901 	 825.5757 	29.0000 	 1.0235 	 1.0552 	 -0.3429 	 0.0504 
10.0000 	 1.2881 	 0.4723 	 0.1238 	 838.6598 	10.0000 	 1.8032 	 0.4819 	 -0.4538 	 0.0733 
1.0000 	 0.0453 	 0.3700 	 0.1160 	 841.8056 	1.0000 	 1.7947 	 1.0318 	 -0.1418 	 0.4347 
16.0000 	 3.5019 	 0.1251 	 0.0336 	 829.8032 	16.0000 	 2.2235 	 0.8804 	 -0.2679 	 0.0915 
16.0000 	 2.5174 	 0.2198 	 0.0546 	 830.7967 	16.0000 	 0.7544 	 2.6475 	 0.1515 	 0.0618 
16.0000 	 1.9928 	 0.3544 	 0.0863 	 831.3796 	16.0000 	 0.6857 	 1.3877 	 0.0263 	 0.0488 
14.0000 	 2.1889 	 0.2476 	 0.0644 	 832.4125 	14.0000 	 1.3370 	 2.4445 	 -0.1823 	 0.0753 
26.0000 	 2.5005 	 0.3956 	 0.0882 	 826.4109 	26.0000 	 0.2988 	 1.3596 	 0.3133 	 0.0502 
30.0000 	 2.5041 	 0.4790 	 0.1093 	 825.2630 	30.0000 	 1.4557 	 0.2808 	 0.4293 	 0.0442 
10.0000 	 1.2758 	 0.4786 	 0.1280 	 838.6612 	10.0000 	 0.6388 	 2.4325 	 -0.3361 	 0.0759 
44.0000 	 3.1636 	 0.4500 	 0.0939 	 822.8864 	44.0000 	 2.6598 	 0.9073 	 -0.4200 	 0.0755 
1.0000 	 0.0364 	 0.4316 	 0.1390 	 844.5011 	1.0000 	 0.4535 	 1.6773 	 -0.3160 	 0.3347 
10.0000 	 1.2049 	 0.5427 	 0.1535 	 839.2697 	10.0000 	 0.4959 	 2.1171 	 -0.2489 	 0.0799 
27.0000 	 2.4537 	 0.4342 	 0.0979 	 826.1780 	27.0000 	 1.5113 	 1.5782 	 0.1221 	 0.0428 
12.0000 	 1.8032 	 0.2995 	 0.0724 	 834.5605 	12.0000 	 1.4030 	 2.7943 	 0.4873 	 0.0549 
10.0000 	 1.4413 	 0.3739 	 0.1056 	 837.7993 	10.0000 	 2.2193 	 1.1208 	 0.2109 	 0.0670 
1.0000 	 0.0509 	 0.3503 	 0.1222 	 841.5639 	1.0000 	 0.4385 	 1.1957 	 0.0720 	 0.3529 
16.0000 	 2.1137 	 0.3097 	 0.0716 	 831.1570 	16.0000 	 1.7389 	 0.9182 	 -0.3099 	 0.0613 
1.0000 	 0.0379 	 0.4220 	 0.1229 	 843.6903 	1.0000 	 0.1077 	 1.1648 	 -0.4838 	 0.3348 
26.0000 	 2.7526 	 0.3277 	 0.0720 	 826.6891 	26.0000 	 2.6288 	 0.7671 	 -0.0447 	 0.0523 
42.0000 	 3.1671 	 0.4219 	 0.0902 	 823.1798 	42.0000 	 1.0090 	 1.1456 	 0.2947 	 0.0355 
10.0000 	 2.6317 	 0.1265 	 0.0337 	 832.8868 	10.0000 	 2.2089 	 1.1603 	 -0.0037 	 0.1256 
14.0000 	 1.7710 	 0.3822 	 0.0969 	 833.0847 	14.0000 	 0.8375 	 0.8729 	 -0.0512 	 0.0647 
1.0000 	 0.0432 	 0.4132 	 0.1514 	 841.1281 	1.0000 	 2.1423 	 0.2471 	 -0.2698 	 0.3581 
42.0000 	 3.0866 	 0.4488 	 0.1011 	 823.1264 	42.0000 	 0.5568 	 2.3208 	 0.0151 	 0.0403 
16.0000 	 1.7377 	 0.4769 	 0.1112 	 831.8866 	16.0000 	 1.2931 	 1.2054 	 -0.1074 	 0.0716 
44.0000 	 3.0833 	 0.4770 	 0.1056 	 822.9549 	44.0000 	 0.9872 	 1.8968 	 -0.1582 	 0.0394 
12.0000 	 2.2080 	 0.2033 	 0.0521 	 833.3483 	12.0000 	 0.3554 	 0.0348 	 0.2375 	 0.0673 
44.0000 	 3.1897 	 0.4367 	 0.0935 	 822.7787 	44.0000 	 2.3685 	 0.5870 	 -0.3905 	 0.0461 
10.0000 	 1.6807 	 0.2766 	 0.0725 	 836.7497 	10.0000 	 0.3079 	 0.4604 	 -0.0312 	 0.0748 
1.0000 	 0.0735 	 0.2952 	 0.0832 	 840.1260 	1.0000 	 1.0916 	 0.8692 	 -0.0927 	 0.4633 
42.0000 	 3.1193 	 0.4381 	 0.0951 	 823.1171 	42.0000 	 1.7056 	 0.4616 	 -0.4430 	 0.0382 
29.0000 	 2.8042 	 0.3487 	 0.0772 	 825.5958 	29.0000 	 2.1602 	 1.5223 	 -0.2132 	 0.0447 
29.0000 	 2.7305 	 0.3746 	 0.0859 	 825.5984 	29.0000 	 2.5671 	 2.1609 	 0.2114 	 0.0443 
44.0000 	 3.2527 	 0.4155 	 0.0837 	 822.9084 	44.0000 	 2.5429 	 1.7264 	 0.0159 	 0.0501 
43.0000 	 3.2151 	 0.4155 	 0.0876 	 822.9532 	43.0000 	 0.0488 	 2.3797 	 0.0164 	 0.0483 
43.0000 	 3.0501 	 0.4779 	 0.1077 	 823.0684 	43.0000 	 0.9056 	 1.6470 	 0.4847 	 0.0379 
27.0000 	 2.5223 	 0.4151 	 0.0969 	 826.1397 	27.0000 	 1.7670 	 0.4410 	 0.4524 	 0.0495 
44.0000 	 3.1504 	 0.4530 	 0.0969 	 822.8425 	44.0000 	 0.9824 	 1.6343 	 0.4252 	 0.0436 
27.0000 	 2.6319 	 0.3723 	 0.0852 	 826.1876 	27.0000 	 2.3103 	 0.3247 	 -0.1378 	 0.0412 
42.0000 	 3.2224 	 0.4074 	 0.0904 	 823.1301 	42.0000 	 1.9443 	 2.2708 	 0.3370 	 0.0379 
29.0000 	 2.1334 	 0.6730 	 0.1513 	 827.0449 	29.0000 	 1.9843 	 1.6367 	 0.2811 	 0.0386 
43.0000 	 3.0565 	 0.4713 	 0.1009 	 823.1137 	43.0000 	 2.9485 	 2.3574 	 -0.1907 	 0.0378 
14.0000 	 1.7988 	 0.3705 	 0.0918 	 832.9977 	14.0000 	 0.7765 	 1.8227 	 -0.1411 	 0.1077 
13.0000 	 2.0086 	 0.2681 	 0.0677 	 833.1662 	13.0000 	 0.1125 	 2.5420 	 0.1032 	 0.0666 
43.0000 	 3.1398 	 0.4434 	 0.0950 	 823.0418 	43.0000 	 2.9121 	 0.3714 	 0.3145 	 0.0380 
12.0000 	 1.4351 	 0.4920 	 0.1299 	 835.9635 	12.0000 	 2.3019 	 2.8416 	 0.2725 	 0.0696 
42.0000 	 3.0090 	 0.4745 	 0.0968 	 823.1898 	42.0000 	 1.8058 	 0.6516 	 -0.3067 	 0.0408 
13.0000 	 1.7143 	 0.3649 	 0.0884 	 833.9988 	13.0000 	 2.6210 	 0.9290 	 0.2311 	 0.0728 
27.0000 	 2.2944 	 0.5131 	 0.1182 	 826.4062 	27.0000 	 2.3113 	 0.6165 	 0.4334 	 0.0410 
29.0000 	 2.5653 	 0.4276 	 0.0959 	 825.5113 	29.0000 	 2.0258 	 1.8191 	 0.3893 	 0.0470 
42.0000 	 3.0077 	 0.4784 	 0.1064 	 823.1967 	42.0000 	 0.2218 	 1.6308 	 0.3536 	 0.0305 
43.0000 	 3.1106 	 0.4548 	 0.0957 	 822.9654 	43.0000 	 2.5879 	 2.2886 	 -0.4266 	 0.0344 
43.0000 	 3.3062 	 0.3960 	 0.0880 	 823.0601 	43.0000 	 2.2615 	 1.8146 	 -0.1324 	 0.0483 
27.0000 	 2.6627 	 0.3664 	 0.0764 	 825.9518 	27.0000 	 2.1778 	 1.1320 	 -0.0088 	 0.1688 
13.0000 	 1.5710 	 0.4498 	 0.1168 	 834.4586 	13.0000 	 2.0003 	 2.3798 	 0.1138 	 0.0536 
43.0000 	 2.9480 	 0.5198 	 0.1163 	 823.2051 	43.0000 	 1.8833 	 0.1561 	 0.2843 	 0.0369 
29.0000 	 2.3293 	 0.5385 	 0.1177 	 825.9861 	29.0000 	 2.5516 	 2.1833 	 -0.4833 	 0.0404 
42.0000 	 2.9897 	 0.4812 	 0.1022 	 823.1875 	42.0000 	 0.2925 	 2.4239 	 0.4134 	 0.0375 
13.0000 	 2.3934 	 0.1912 	 0.0455 	 832.3305 	13.0000 	 1.6124 	 0.2135 	 0.0036 	 0.0763 
13.0000 	 5.2556 	 0.0592 	 0.0152 	 829.4833 	13.0000 	 2.4233 	 0.7055 	 0.0612 	 0.1224 
43.0000 	 2.9447 	 0.5162 	 0.1127 	 823.2221 	43.0000 	 0.0380 	 1.7478 	 -0.1525 	 0.0363 
28.0000 	 2.5386 	 0.4186 	 0.0907 	 825.9204 	28.0000 	 2.9508 	 0.7412 	 -0.1684 	 0.0523 
29.0000 	 2.5164 	 0.4563 	 0.1058 	 825.6388 	29.0000 	 1.2934 	 0.0815 	 -0.0606 	 0.0375 
43.0000 	 2.9408 	 0.5224 	 0.1142 	 823.1991 	43.0000 	 0.4439 	 0.2008 	 0.2183 	 0.0382 
28.0000 	 2.7326 	 0.3592 	 0.0806 	 825.8950 	28.0000 	 0.5184 	 2.0537 	 0.3348 	 0.0618 
13.0000 	 2.0902 	 0.2490 	 0.0612 	 833.0762 	13.0000 	 1.4439 	 1.6254 	 0.0339 	 0.0759 
27.0000 	 2.5618 	 0.3958 	 0.0878 	 826.0915 	27.0000 	 1.8236 	 1.1306 	 0.1317 	 0.0643 
27.0000 	 5.9868 	 9.9722 	 -10.0000 	 2108.6114 	27.0000 	 0.8254 	 0.4144 	 0.1224 	 0.2752 
43.0000 	 3.2910 	 0.4104 	 0.0772 	 823.4073 	43.0000 	 1.6449 	 1.3121 	 -0.2376 	 0.2920 
13.0000 	 1.9821 	 0.2744 	 0.0697 	 833.1843 	13.0000 	 2.4046 	 2.1254 	 0.3889 	 0.0691 
13.0000 	 1.3465 	 0.6229 	 0.1671 	 835.6892 	13.0000 	 2.9367 	 1.6792 	 0.0057 	 0.0694 
29.0000 	 2.5687 	 0.4291 	 0.0959 	 825.5856 	29.0000 	 2.9649 	 2.9538 	 0.2806 	 0.0422 
28.0000 	 2.7636 	 0.3483 	 0.0799 	 825.8619 	28.0000 	 1.3393 	 2.9070 	 -0.4422 	 0.0516 
28.0000 	 2.3557 	 0.5074 	 0.1152 	 826.1855 	28.0000 	 2.8193 	 0.7255 	 0.3613 	 0.0545 
13.0000 	 2.9158 	 0.1363 	 0.0353 	 831.0196 	13.0000 	 1.0604 	 2.0634 	 0.4304 	 0.0915 
28.0000 	 2.3292 	 0.5149 	 0.1101 	 826.2576 	28.0000 	 1.9230 	 2.8536 	 -0.1748 	 0.0361 
28.0000 	 2.3627 	 0.5016 	 0.1180 	 826.0816 	28.0000 	 0.6015 	 0.3265 	 -0.2112 	 0.0430 
28.0000 	 2.6632 	 0.3789 	 0.0869 	 825.9160 	28.0000 	 1.1597 	 1.7722 	 0.3688 	 0.0510 
13.0000 	 2.4125 	 0.1875 	 0.0481 	 832.2356 	13.0000 	 1.1395 	 1.2953 	 -0.0257 	 0.0611 
15.0000 	 1.7639 	 0.4133 	 0.0943 	 832.4920 	15.0000 	 2.9963 	 1.9616 	 0.2989 	 0.0500 
15.0000 	 1.8583 	 0.3780 	 0.0913 	 832.2163 	15.0000 	 2.0523 	 2.5957 	 0.0524 	 0.0550 
27.0000 	 2.3024 	 0.5102 	 0.1135 	 826.4097 	27.0000 	 1.0933 	 0.7814 	 0.0954 	 0.0461 
11.0000 	 2.5452 	 0.1436 	 0.0311 	 832.9410 	11.0000 	 0.4791 	 0.3025 	 -0.0944 	 0.1030 
28.0000 	 2.5496 	 0.4188 	 0.0921 	 825.8493 	28.0000 	 2.8961 	 1.8834 	 -0.2179 	 0.0441 
11.0000 	 1.9553 	 0.2352 	 0.0641 	 834.7109 	11.0000 	 0.5667 	 0.0735 	 0.3488 	 0.0910 
28.0000 	 2.2439 	 0.5665 	 0.1376 	 826.4229 	28.0000 	 1.5520 	 2.6907 	 0.0577 	 0.0430 
14.0000 	 1.9905 	 0.2955 	 0.0756 	 832.6595 	14.0000 	 1.3046 	 0.6654 	 0.3219 	 0.0616 
15.0000 	 1.9580 	 0.3416 	 0.0861 	 832.1315 	15.0000 	 0.2714 	 1.7625 	 -0.3242 	 0.0559 
12.0000 	 1.4548 	 0.4756 	 0.1124 	 836.0703 	12.0000 	 2.8526 	 2.3053 	 0.3179 	 0.0554 
15.0000 	 3.8452 	 0.0995 	 0.0249 	 829.7504 	15.0000 	 0.0094 	 0.9081 	 0.1359 	 0.0739 
28.0000 	 2.4155 	 0.4756 	 0.1164 	 825.9026 	28.0000 	 0.1499 	 2.9904 	 -0.3505 	 0.0583 
11.0000 	 1.3739 	 0.4770 	 0.1382 	 837.2029 	11.0000 	 0.7401 	 0.9856 	 0.1468 	 0.0792 
11.0000 	 1.3498 	 0.4877 	 0.1309 	 837.2270 	11.0000 	 0.5648 	 0.6218 	 -0.3170 	 0.0604 
15.0000 	 3.3121 	 0.1275 	 0.0317 	 830.1215 	15.0000 	 1.0464 	 0.9353 	 -0.1986 	 0.0841 
11.0000 	 1.7796 	 0.2791 	 0.0706 	 835.5904 	11.0000 	 2.2655 	 1.0963 	 0.3228 	 0.0954 
44.0000 	 3.2347 	 0.4251 	 0.0937 	 822.8014 	44.0000 	 0.5741 	 0.7380 	 -0.1956 	 0.0367 
42.0000 	 2.8980 	 0.5212 	 0.1108 	 823.3388 	42.0000 	 0.2430 	 0.0443 	 -0.0526 	 0.0449 
29.0000 	 2.3648 	 0.5236 	 0.1173 	 825.8719 	29.0000 	 0.6472 	 1.8818 	 -0.0151 	 0.0381 
27.0000 	 2.5837 	 0.3849 	 0.0851 	 826.1889 	27.0000 	 2.4088 	 0.5715 	 0.0927 	 0.0481 
14.0000 	 1.4641 	 0.5863 	 0.1535 	 834.2976 	14.0000 	 2.6019 	 1.3497 	 0.0322 	 0.0559 
12.0000 	 1.4412 	 0.4914 	 0.1310 	 836.0506 	12.0000 	 0.7036 	 2.6489 	 -0.3285 	 0.0657 
