50.0000 	 0.0042 	 0.0131 	 0.5609 	 0.0000 	 0.0047 	 3.1377 	 2029.2894 	 50.0000 	 0.1729 	 0.8740 	 0.0924 	 0.0000 	 2.6961 	 0.0904 	 0.0142 
45.0000 	 0.0063 	 0.0412 	 0.0872 	 0.0000 	 0.0517 	 3.7903 	 2029.7369 	 45.0000 	 0.2950 	 0.3331 	 0.4658 	 0.0000 	 0.3084 	 -0.3585 	 0.0000 
50.0000 	 0.0077 	 1.0000 	 0.0014 	 25.9602 	 0.0089 	 0.0000 	 853.1801 	 50.0000 	 0.6295 	 0.9757 	 0.8826 	 4.0000 	 0.7876 	 0.0000 	 0.1815 
50.0000 	 0.0429 	 0.0010 	 0.5787 	 4.9349 	 0.0506 	 0.0000 	 526.8423 	 50.0000 	 0.7480 	 0.1114 	 0.2010 	 3.0000 	 0.6881 	 0.0000 	 0.4305 
50.0000 	 0.3611 	 0.0010 	 0.0427 	 1.0000 	 0.0010 	 0.0000 	 336.3209 	 50.0000 	 0.5432 	 0.1460 	 0.1500 	 14.0000 	 1.5487 	 0.0000 	 0.3975 
50.0000 	 0.5820 	 0.0010 	 0.0931 	 1.5491 	 0.0027 	 0.0000 	 313.2921 	 50.0000 	 0.6390 	 0.7345 	 0.3255 	 6.0000 	 2.6820 	 0.0000 	 0.9560 
50.0000 	 0.0358 	 0.0195 	 0.0045 	 1.0000 	 0.0018 	 0.0000 	 700.6780 	 50.0000 	 0.4870 	 0.6610 	 0.2666 	 5.0000 	 1.3430 	 0.0000 	 0.9668 
50.0000 	 0.0212 	 0.0056 	 0.6188 	 1.6396 	 0.1068 	 0.0000 	 595.8841 	 50.0000 	 0.0773 	 0.7893 	 0.8458 	 8.0000 	 1.4877 	 0.0000 	 0.5792 
50.0000 	 0.0379 	 0.0325 	 0.0061 	 1.0000 	 0.0033 	 0.0000 	 783.8094 	 50.0000 	 0.4870 	 0.6610 	 0.2666 	 5.0000 	 1.3430 	 0.0000 	 0.3554 
49.0000 	 0.3899 	 0.0011 	 0.0187 	 19.1444 	 0.0029 	 0.0000 	 812.3885 	 49.0000 	 0.5236 	 0.4257 	 0.5971 	 10.0000 	 2.8864 	 0.0000 	 0.1552 
49.0000 	 0.3884 	 0.0012 	 0.0458 	 1.0000 	 0.0010 	 0.0000 	 316.6992 	 49.0000 	 0.5236 	 0.4257 	 0.5971 	 10.0000 	 2.8864 	 0.0000 	 0.5233 
49.0000 	 0.4458 	 0.5425 	 0.0057 	 49.9916 	 0.0051 	 0.0000 	 840.1711 	 49.0000 	 0.8401 	 0.8527 	 0.7874 	 9.0000 	 0.2635 	 0.0000 	 0.2862 
49.0000 	 0.2778 	 0.0010 	 0.0517 	 1.0000 	 0.0010 	 0.0000 	 287.5111 	 49.0000 	 0.8401 	 0.8527 	 0.7874 	 9.0000 	 0.2635 	 0.0000 	 0.9061 
49.0000 	 0.0819 	 0.0010 	 0.0257 	 5.0438 	 0.0025 	 0.0000 	 516.8413 	 49.0000 	 0.7788 	 0.7195 	 0.2674 	 11.0000 	 2.9405 	 0.0000 	 1.1275 
49.0000 	 0.0297 	 0.0010 	 0.0143 	 15.5558 	 0.0040 	 0.0000 	 579.1768 	 49.0000 	 0.8401 	 0.8527 	 0.7874 	 9.0000 	 0.2635 	 0.0000 	 0.9435 
50.0000 	 0.6142 	 0.0422 	 0.0028 	 10.7428 	 0.0012 	 0.0000 	 835.9103 	 50.0000 	 0.6717 	 0.4662 	 0.9912 	 12.0000 	 2.6256 	 0.0000 	 0.4367 
48.0000 	 0.0243 	 0.0120 	 0.0037 	 1.3918 	 0.0011 	 0.0000 	 563.9128 	 48.0000 	 0.1006 	 0.5003 	 0.5273 	 2.0000 	 1.3225 	 0.0000 	 1.0068 
48.0000 	 0.5116 	 0.1103 	 0.0179 	 1.2226 	 0.0048 	 0.0000 	 832.8803 	 48.0000 	 0.5914 	 0.9079 	 0.7928 	 7.0000 	 2.1632 	 0.0000 	 0.2674 
48.0000 	 0.7608 	 0.0020 	 0.2179 	 1.2285 	 0.0048 	 0.0000 	 493.3385 	 48.0000 	 0.4018 	 0.9728 	 0.3636 	 15.0000 	 1.6733 	 0.0000 	 0.7844 
48.0000 	 0.2691 	 0.0234 	 0.0199 	 2.3221 	 0.0055 	 0.0000 	 833.0998 	 48.0000 	 0.1527 	 0.0316 	 0.1169 	 14.0000 	 0.3920 	 0.0000 	 1.1153 
48.0000 	 0.0790 	 0.0053 	 0.0100 	 1.0000 	 0.0010 	 0.0000 	 542.3963 	 48.0000 	 0.3152 	 0.3386 	 0.1576 	 2.0000 	 2.2077 	 0.0000 	 0.5740 
47.0000 	 0.5481 	 0.0812 	 0.3144 	 1.0044 	 0.0803 	 0.0000 	 831.3683 	 47.0000 	 0.6773 	 0.1151 	 0.2522 	 5.0000 	 1.2149 	 0.0000 	 0.1255 
48.0000 	 0.4399 	 0.4029 	 0.0282 	 5.8007 	 0.0252 	 0.0000 	 843.2886 	 48.0000 	 0.9774 	 0.7392 	 0.1469 	 6.0000 	 1.8609 	 0.0000 	 0.2005 
48.0000 	 0.6408 	 0.0010 	 0.7565 	 1.1304 	 0.0130 	 0.0000 	 333.5750 	 48.0000 	 0.8330 	 0.2099 	 0.5064 	 13.0000 	 2.7290 	 0.0000 	 0.7762 
49.0000 	 0.6418 	 0.0010 	 0.1117 	 1.6884 	 0.0015 	 0.0000 	 506.2001 	 49.0000 	 0.6749 	 0.8475 	 0.1622 	 5.0000 	 0.1674 	 0.0000 	 0.6243 
47.0000 	 0.4928 	 0.0931 	 0.0071 	 2.8887 	 0.0028 	 0.0000 	 832.4649 	 47.0000 	 0.0529 	 0.5615 	 0.4658 	 5.0000 	 0.1471 	 0.0000 	 0.4530 
49.0000 	 0.2258 	 0.0012 	 0.0362 	 1.4187 	 0.0010 	 0.0000 	 258.9270 	 49.0000 	 0.9630 	 0.5633 	 0.8934 	 4.0000 	 2.4223 	 0.0000 	 0.9748 
47.0000 	 0.3697 	 0.0011 	 0.0443 	 1.0000 	 0.0010 	 0.0000 	 344.0614 	 47.0000 	 0.1114 	 0.8066 	 0.2918 	 5.0000 	 1.4120 	 0.0000 	 0.3004 
47.0000 	 0.0986 	 0.0011 	 0.0973 	 2.9259 	 0.0062 	 0.0000 	 326.1265 	 47.0000 	 0.6059 	 0.4313 	 0.3097 	 6.0000 	 0.9713 	 0.0000 	 0.9785 
47.0000 	 0.0405 	 0.0083 	 0.2508 	 1.0284 	 0.0378 	 0.0000 	 566.2116 	 47.0000 	 0.5917 	 0.3301 	 0.5749 	 7.0000 	 0.8091 	 0.0000 	 0.7036 
48.0000 	 0.0136 	 0.0028 	 0.0024 	 11.1703 	 0.0013 	 0.0000 	 605.2744 	 48.0000 	 0.7985 	 0.1769 	 0.0246 	 10.0000 	 1.5628 	 0.0000 	 1.0148 
44.0000 	 0.4732 	 0.0246 	 0.0091 	 6.4731 	 0.0030 	 0.0000 	 833.5633 	 44.0000 	 0.2900 	 0.0701 	 0.2211 	 10.0000 	 1.4724 	 0.0000 	 0.2937 
44.0000 	 0.0464 	 0.0059 	 0.0389 	 1.2933 	 0.0054 	 0.0000 	 494.0584 	 44.0000 	 0.3337 	 0.7586 	 0.0327 	 13.0000 	 1.6634 	 0.0000 	 0.9916 
44.0000 	 0.5730 	 0.0904 	 0.0454 	 1.6784 	 0.0117 	 0.0000 	 834.4905 	 44.0000 	 0.3586 	 0.8981 	 0.7352 	 3.0000 	 2.1000 	 0.0000 	 0.3549 
47.0000 	 0.0476 	 0.0037 	 0.3157 	 1.5424 	 0.0356 	 0.0000 	 388.6722 	 47.0000 	 0.5925 	 0.4773 	 0.7426 	 10.0000 	 2.8110 	 0.0000 	 0.9991 
47.0000 	 0.6350 	 0.0923 	 0.0650 	 1.5368 	 0.0169 	 0.0000 	 833.6947 	 47.0000 	 0.1230 	 0.3556 	 0.6431 	 8.0000 	 0.9051 	 0.0000 	 0.7004 
46.0000 	 0.5279 	 0.1007 	 0.0021 	 5.3368 	 0.0010 	 0.0000 	 836.6728 	 46.0000 	 0.0280 	 0.0279 	 0.1996 	 8.0000 	 0.1239 	 0.0000 	 0.2920 
46.0000 	 0.3395 	 0.0011 	 0.6452 	 12.1017 	 0.0828 	 0.0000 	 778.8307 	 46.0000 	 0.4850 	 0.7253 	 0.5236 	 11.0000 	 1.4473 	 0.0000 	 0.0983 
45.0000 	 0.1313 	 0.0121 	 0.0260 	 1.8617 	 0.0067 	 0.0000 	 802.5501 	 45.0000 	 0.7929 	 0.1517 	 0.0680 	 6.0000 	 1.2987 	 0.0000 	 0.0967 
47.0000 	 0.4267 	 0.4566 	 0.0174 	 1.8708 	 0.0134 	 0.0000 	 840.2781 	 47.0000 	 0.2040 	 0.6830 	 0.9077 	 2.0000 	 0.4180 	 0.0000 	 0.2625 
44.0000 	 0.3716 	 0.0010 	 0.0834 	 2.1825 	 0.0017 	 0.0000 	 265.9981 	 44.0000 	 0.7813 	 0.0338 	 0.1827 	 6.0000 	 0.9841 	 0.0000 	 0.9984 
46.0000 	 0.2560 	 0.0221 	 0.4680 	 1.5095 	 0.1204 	 0.0000 	 816.5286 	 46.0000 	 0.6498 	 0.9097 	 0.1867 	 12.0000 	 1.8771 	 0.0000 	 1.6566 
47.0000 	 0.0451 	 0.0090 	 0.0071 	 1.0011 	 0.0010 	 0.0000 	 588.2331 	 47.0000 	 0.1517 	 0.3667 	 0.1376 	 1.0000 	 0.1667 	 0.0000 	 0.9263 
44.0000 	 0.0179 	 0.5985 	 0.0010 	 49.9986 	 0.0040 	 0.0000 	 850.1320 	 44.0000 	 0.6499 	 0.0331 	 0.7859 	 3.0000 	 2.1183 	 0.0000 	 0.1669 
44.0000 	 0.3673 	 0.4600 	 0.0237 	 7.4798 	 0.0235 	 0.0000 	 843.6495 	 44.0000 	 0.3670 	 0.9996 	 0.2193 	 10.0000 	 2.7415 	 0.0000 	 0.2239 
45.0000 	 0.1416 	 0.0010 	 0.9234 	 3.4490 	 0.0483 	 0.0000 	 368.3384 	 45.0000 	 0.0406 	 0.2051 	 0.7078 	 4.0000 	 0.2018 	 0.0000 	 0.9676 
45.0000 	 0.2467 	 0.3716 	 0.0011 	 1.9896 	 0.0010 	 0.0000 	 839.4216 	 45.0000 	 0.7549 	 0.8115 	 0.6697 	 4.0000 	 1.7803 	 0.0000 	 0.2683 
44.0000 	 0.0870 	 0.0022 	 1.0000 	 2.6452 	 0.1044 	 0.0000 	 422.8746 	 44.0000 	 0.5360 	 0.4035 	 0.2734 	 4.0000 	 2.9228 	 0.0000 	 0.9324 
45.0000 	 0.0346 	 0.0015 	 0.0090 	 7.9016 	 0.0018 	 0.0000 	 583.7827 	 45.0000 	 0.9060 	 0.6409 	 0.8774 	 8.0000 	 1.2409 	 0.0000 	 0.9943 
46.0000 	 0.1119 	 0.0023 	 0.4363 	 1.0820 	 0.0194 	 0.0000 	 332.1898 	 46.0000 	 0.5625 	 0.6589 	 0.0860 	 14.0000 	 1.8370 	 0.0000 	 0.7168 
45.0000 	 0.0243 	 0.0191 	 0.0038 	 1.0000 	 0.0010 	 0.0000 	 689.0613 	 45.0000 	 0.2615 	 0.8836 	 0.3289 	 12.0000 	 0.3188 	 0.0000 	 0.1105 
45.0000 	 0.0484 	 0.0037 	 0.0799 	 1.8137 	 0.0101 	 0.0000 	 545.7525 	 45.0000 	 0.4355 	 0.5163 	 0.2218 	 10.0000 	 1.7365 	 0.0000 	 0.7033 
41.0000 	 0.0566 	 0.0065 	 0.0321 	 1.8043 	 0.0059 	 0.0000 	 608.0988 	 41.0000 	 0.3634 	 0.2859 	 0.5665 	 10.0000 	 1.3174 	 0.0000 	 0.7107 
44.0000 	 0.0731 	 0.0047 	 0.5542 	 1.0000 	 0.0457 	 0.0000 	 334.8830 	 44.0000 	 0.5450 	 0.3470 	 0.1547 	 9.0000 	 2.8891 	 0.0000 	 1.0007 
44.0000 	 0.0254 	 0.3793 	 0.0013 	 49.8700 	 0.0046 	 0.0000 	 848.0977 	 44.0000 	 0.7856 	 0.6438 	 0.7811 	 12.0000 	 2.6016 	 0.0000 	 0.2139 
45.0000 	 0.0268 	 0.0012 	 0.5579 	 6.6691 	 0.0743 	 0.0000 	 566.2091 	 45.0000 	 0.0791 	 0.3274 	 0.7797 	 6.0000 	 1.6124 	 0.0000 	 0.9918 
45.0000 	 0.9349 	 0.7414 	 0.7746 	 1.5290 	 0.7429 	 0.0000 	 854.4142 	 45.0000 	 0.9488 	 0.7634 	 0.8252 	 12.0000 	 1.4386 	 0.0000 	 0.5800 
42.0000 	 0.5183 	 0.0010 	 0.4623 	 1.5612 	 0.0060 	 0.0000 	 368.9759 	 42.0000 	 0.1155 	 0.3434 	 0.4065 	 1.0000 	 0.0428 	 0.0000 	 0.8441 
45.0000 	 0.6034 	 0.2000 	 0.0200 	 2.3485 	 0.0085 	 0.0000 	 835.9028 	 45.0000 	 0.7659 	 0.2665 	 0.4460 	 3.0000 	 2.3613 	 0.0000 	 0.4018 
42.0000 	 0.2601 	 0.0010 	 0.0110 	 17.7957 	 0.0017 	 0.0000 	 801.8945 	 42.0000 	 0.4046 	 0.1147 	 0.5034 	 6.0000 	 2.2885 	 0.0000 	 0.1227 
43.0000 	 0.0615 	 0.0037 	 0.0631 	 1.0883 	 0.0034 	 0.0000 	 382.4950 	 43.0000 	 0.2593 	 0.8317 	 0.6915 	 7.0000 	 0.5636 	 0.0000 	 0.9721 
43.0000 	 0.8534 	 0.0081 	 0.3263 	 1.9608 	 0.0195 	 0.0000 	 779.1323 	 43.0000 	 0.9547 	 0.6275 	 0.2063 	 5.0000 	 2.4374 	 0.0000 	 0.3575 
45.0000 	 0.0455 	 0.0049 	 0.0824 	 1.6709 	 0.0117 	 0.0000 	 540.8999 	 45.0000 	 0.0533 	 0.4686 	 0.3024 	 3.0000 	 1.9326 	 0.0000 	 0.9945 
43.0000 	 0.3306 	 0.0095 	 0.1679 	 1.9633 	 0.0233 	 0.0000 	 810.7201 	 43.0000 	 0.5802 	 0.9003 	 0.8678 	 9.0000 	 0.3760 	 0.0000 	 0.3269 
46.0000 	 0.8469 	 0.1791 	 0.1977 	 1.1236 	 0.0421 	 0.0000 	 837.3000 	 46.0000 	 0.4444 	 0.9045 	 0.9521 	 4.0000 	 2.2580 	 0.0000 	 0.5457 
41.0000 	 0.1855 	 0.0822 	 0.0031 	 1.0001 	 0.0012 	 0.0000 	 835.3752 	 41.0000 	 0.5654 	 0.5311 	 0.1331 	 14.0000 	 2.0427 	 0.0000 	 0.4582 
43.0000 	 0.4362 	 0.0024 	 0.0660 	 1.1627 	 0.0017 	 0.0000 	 328.2394 	 43.0000 	 0.5422 	 0.0949 	 0.1724 	 6.0000 	 1.1033 	 0.0000 	 0.9910 
41.0000 	 0.4794 	 0.0186 	 0.0400 	 6.0876 	 0.0114 	 0.0000 	 834.9603 	 41.0000 	 0.5531 	 0.6480 	 0.2793 	 3.0000 	 0.9565 	 0.0000 	 0.2519 
43.0000 	 0.0811 	 0.0011 	 0.3564 	 6.8512 	 0.0427 	 0.0000 	 620.6462 	 43.0000 	 0.0511 	 0.0957 	 0.9205 	 13.0000 	 0.8282 	 0.0000 	 0.1077 
39.0000 	 0.0617 	 0.0097 	 0.0453 	 1.0000 	 0.0065 	 0.0000 	 575.7555 	 39.0000 	 0.2114 	 0.1929 	 0.4314 	 8.0000 	 0.5807 	 0.0000 	 0.5637 
41.0000 	 0.0897 	 0.0038 	 0.4922 	 1.0000 	 0.0302 	 0.0000 	 316.3290 	 41.0000 	 0.4328 	 0.9379 	 0.1443 	 11.0000 	 0.1986 	 0.0000 	 0.9485 
43.0000 	 0.5751 	 0.1662 	 0.0172 	 1.7061 	 0.0063 	 0.0000 	 834.6205 	 43.0000 	 0.6486 	 0.1375 	 0.1812 	 4.0000 	 0.5777 	 0.0000 	 0.2364 
43.0000 	 0.0209 	 0.0115 	 0.0585 	 1.5951 	 0.0164 	 0.0000 	 644.0941 	 43.0000 	 0.4814 	 0.6643 	 0.1406 	 10.0000 	 1.7517 	 0.0000 	 0.4981 
42.0000 	 0.7429 	 0.0074 	 0.4159 	 1.0000 	 0.0174 	 0.0000 	 741.9340 	 42.0000 	 0.8566 	 0.4486 	 0.5980 	 2.0000 	 2.5605 	 0.0000 	 0.1545 
43.0000 	 0.0276 	 0.0136 	 0.7872 	 1.0000 	 0.1837 	 0.0000 	 576.6340 	 43.0000 	 0.4602 	 0.6721 	 0.0079 	 11.0000 	 2.5646 	 0.0000 	 0.6085 
42.0000 	 0.1377 	 0.0986 	 0.0034 	 40.4912 	 0.0055 	 0.0000 	 843.5465 	 42.0000 	 0.6640 	 0.9693 	 0.9320 	 13.0000 	 2.1918 	 0.0000 	 0.3005 
42.0000 	 0.8827 	 0.2577 	 0.2001 	 1.4140 	 0.0488 	 0.0000 	 839.0706 	 42.0000 	 0.7924 	 0.9982 	 0.5914 	 6.0000 	 1.8875 	 0.0000 	 0.3609 
42.0000 	 0.0402 	 0.0049 	 0.0431 	 1.8809 	 0.0055 	 0.0000 	 561.0589 	 42.0000 	 0.6338 	 0.7740 	 0.8535 	 4.0000 	 0.6252 	 0.0000 	 0.6467 
40.0000 	 0.0044 	 0.3231 	 0.0010 	 40.3311 	 0.0058 	 0.0000 	 860.0313 	 40.0000 	 0.4192 	 0.2414 	 0.3072 	 7.0000 	 1.1063 	 0.0000 	 0.2357 
42.0000 	 0.1297 	 0.0025 	 0.2955 	 1.0259 	 0.0124 	 0.0000 	 372.0521 	 42.0000 	 0.1197 	 0.0156 	 0.3697 	 7.0000 	 1.4040 	 0.0000 	 0.3284 
40.0000 	 0.0225 	 0.0024 	 0.5995 	 3.9699 	 0.0898 	 0.0000 	 579.3535 	 40.0000 	 0.7363 	 0.1695 	 0.7158 	 6.0000 	 2.1693 	 0.0000 	 0.5249 
42.0000 	 0.0353 	 0.0168 	 0.0857 	 1.0000 	 0.0218 	 0.0000 	 659.1686 	 42.0000 	 0.2840 	 0.1155 	 0.6188 	 8.0000 	 2.2304 	 0.0000 	 0.2184 
37.0000 	 0.0441 	 0.0118 	 0.1368 	 1.0000 	 0.0232 	 0.0000 	 570.4356 	 37.0000 	 0.6542 	 0.8299 	 0.9502 	 3.0000 	 0.0955 	 0.0000 	 0.5305 
37.0000 	 0.8327 	 0.3352 	 0.1396 	 1.6521 	 0.0471 	 0.0000 	 837.4256 	 37.0000 	 0.9121 	 0.9190 	 0.5617 	 14.0000 	 1.9387 	 0.0000 	 0.4438 
40.0000 	 0.0572 	 0.0061 	 0.0574 	 1.1703 	 0.0059 	 0.0000 	 535.7416 	 40.0000 	 0.1879 	 0.5513 	 0.3310 	 6.0000 	 2.2733 	 0.0000 	 0.6976 
35.0000 	 0.2682 	 0.0010 	 0.0756 	 1.9788 	 0.0017 	 0.0000 	 347.3004 	 35.0000 	 0.1124 	 0.4880 	 0.3509 	 9.0000 	 1.2645 	 0.0000 	 0.6984 
39.0000 	 0.0997 	 0.0015 	 0.0297 	 2.4713 	 0.0015 	 0.0000 	 326.9888 	 39.0000 	 0.9817 	 0.2308 	 0.8416 	 14.0000 	 1.4141 	 0.0000 	 0.9756 
41.0000 	 0.4009 	 0.0016 	 0.9467 	 1.0883 	 0.0243 	 0.0000 	 319.8552 	 41.0000 	 0.4874 	 0.9475 	 0.4804 	 10.0000 	 2.3620 	 0.0000 	 0.7061 
40.0000 	 0.1320 	 0.0022 	 0.7382 	 1.0108 	 0.0243 	 0.0000 	 380.7319 	 40.0000 	 0.2760 	 0.2147 	 0.2107 	 14.0000 	 0.5561 	 0.0000 	 0.3877 
37.0000 	 0.0637 	 0.0044 	 0.5681 	 1.2230 	 0.0450 	 0.0000 	 407.4866 	 37.0000 	 0.6749 	 0.1578 	 0.9554 	 7.0000 	 1.7654 	 0.0000 	 0.9955 
40.0000 	 0.3971 	 0.0514 	 0.0065 	 5.2008 	 0.0028 	 0.0000 	 835.2315 	 40.0000 	 0.8050 	 0.2058 	 0.8329 	 15.0000 	 2.4318 	 0.0000 	 0.4019 
35.0000 	 0.1790 	 0.0484 	 0.0025 	 2.3495 	 0.0010 	 0.0000 	 835.6912 	 35.0000 	 0.9664 	 0.0302 	 0.5473 	 9.0000 	 0.4108 	 0.0000 	 0.0912 
38.0000 	 0.1818 	 0.0020 	 0.3314 	 1.0000 	 0.0109 	 0.0000 	 311.7133 	 38.0000 	 0.0729 	 0.3822 	 0.7251 	 8.0000 	 2.7832 	 0.0000 	 0.5921 
35.0000 	 0.0791 	 0.0459 	 0.0014 	 3.3944 	 0.0010 	 0.0000 	 847.5944 	 35.0000 	 0.5872 	 0.1783 	 0.5521 	 12.0000 	 2.4282 	 0.0000 	 0.7441 
40.0000 	 0.0892 	 0.0041 	 0.2930 	 1.2019 	 0.0157 	 0.0000 	 404.0727 	 40.0000 	 0.0231 	 0.6285 	 0.6806 	 3.0000 	 1.3491 	 0.0000 	 0.9480 
39.0000 	 0.2629 	 0.0013 	 0.9910 	 1.0721 	 0.0272 	 0.0000 	 231.7862 	 39.0000 	 0.0829 	 0.9669 	 0.1847 	 11.0000 	 0.1874 	 0.0000 	 1.0058 
34.0000 	 0.8237 	 0.0133 	 0.2015 	 1.0000 	 0.0095 	 0.0000 	 768.1670 	 34.0000 	 0.9327 	 0.6036 	 0.2180 	 10.0000 	 2.3538 	 0.0000 	 0.3414 
38.0000 	 0.5128 	 0.1502 	 0.0962 	 1.0026 	 0.0305 	 0.0000 	 834.6093 	 38.0000 	 0.7037 	 0.4883 	 0.2663 	 7.0000 	 2.4231 	 0.0000 	 0.3412 
40.0000 	 0.3326 	 0.6582 	 0.0187 	 1.3657 	 0.0166 	 0.0000 	 841.5574 	 40.0000 	 0.0970 	 0.8010 	 0.1325 	 4.0000 	 0.7115 	 0.0000 	 0.3341 
40.0000 	 0.0199 	 0.0087 	 0.0253 	 3.4471 	 0.0111 	 0.0000 	 604.9685 	 40.0000 	 0.3146 	 0.8444 	 0.3993 	 10.0000 	 0.8392 	 0.0000 	 0.9564 
39.0000 	 0.1642 	 0.0012 	 0.5675 	 1.5075 	 0.0174 	 0.0000 	 273.2444 	 39.0000 	 0.4473 	 0.5258 	 0.3912 	 15.0000 	 1.9009 	 0.0000 	 0.9992 
34.0000 	 0.1246 	 0.0019 	 0.0391 	 1.8123 	 0.0025 	 0.0000 	 343.4182 	 34.0000 	 0.3738 	 0.6428 	 0.9678 	 3.0000 	 2.5474 	 0.0000 	 0.9970 
37.0000 	 0.1163 	 0.0010 	 0.0278 	 3.1519 	 0.0012 	 0.0000 	 342.2973 	 37.0000 	 0.7665 	 0.2076 	 0.6586 	 15.0000 	 2.0343 	 0.0000 	 0.9005 
34.0000 	 0.3395 	 0.1335 	 0.0537 	 1.0000 	 0.0219 	 0.0000 	 842.0760 	 34.0000 	 0.2849 	 0.6246 	 0.4356 	 10.0000 	 1.8669 	 0.0000 	 0.0888 
35.0000 	 0.7501 	 0.0640 	 0.2435 	 2.6980 	 0.0546 	 0.0000 	 834.0265 	 35.0000 	 0.1021 	 0.6094 	 0.5323 	 2.0000 	 0.2895 	 0.0000 	 0.1442 
39.0000 	 0.3630 	 0.0085 	 0.2254 	 2.5750 	 0.0299 	 0.0000 	 809.0714 	 39.0000 	 0.9750 	 0.4052 	 0.6173 	 5.0000 	 2.3589 	 0.0000 	 0.0982 
38.0000 	 0.2363 	 0.1592 	 0.0018 	 5.6526 	 0.0016 	 0.0000 	 839.1427 	 38.0000 	 0.8806 	 0.5740 	 0.7631 	 7.0000 	 2.3338 	 0.0000 	 0.2159 
32.0000 	 0.7533 	 0.0147 	 0.1954 	 1.2422 	 0.0115 	 0.0000 	 764.0329 	 32.0000 	 0.7455 	 0.3134 	 0.8408 	 2.0000 	 1.8311 	 0.0000 	 0.3963 
36.0000 	 0.5751 	 0.1662 	 0.0172 	 1.7061 	 0.0063 	 0.0000 	 834.2731 	 36.0000 	 0.6038 	 0.4912 	 0.9607 	 9.0000 	 1.7709 	 0.0000 	 0.2761 
39.0000 	 0.3633 	 0.0011 	 0.2414 	 1.0270 	 0.0040 	 0.0000 	 270.3915 	 39.0000 	 0.8325 	 0.5245 	 0.4450 	 11.0000 	 0.0291 	 0.0000 	 0.9834 
38.0000 	 0.2040 	 0.0247 	 0.2103 	 1.6669 	 0.0554 	 0.0000 	 818.6537 	 38.0000 	 0.9078 	 0.9986 	 0.4178 	 7.0000 	 2.8465 	 0.0000 	 0.2818 
38.0000 	 0.0506 	 0.0101 	 0.0379 	 1.0000 	 0.0057 	 0.0000 	 602.0781 	 38.0000 	 0.6086 	 0.8201 	 0.8500 	 5.0000 	 0.7742 	 0.0000 	 0.1688 
41.0000 	 0.0433 	 0.0013 	 0.4328 	 5.4099 	 0.0448 	 0.0000 	 399.4001 	 41.0000 	 0.3780 	 0.1362 	 0.6958 	 5.0000 	 2.5993 	 0.0000 	 1.0109 
37.0000 	 0.6111 	 0.1335 	 0.1000 	 1.8831 	 0.0364 	 0.0000 	 837.6646 	 37.0000 	 0.4669 	 0.5930 	 0.4359 	 3.0000 	 1.3533 	 0.0000 	 0.8784 
32.0000 	 0.1361 	 0.0376 	 0.0723 	 1.0000 	 0.0166 	 0.0000 	 821.4174 	 32.0000 	 0.4371 	 0.4019 	 0.7207 	 1.0000 	 0.6958 	 0.0000 	 0.5263 
31.0000 	 0.3241 	 0.0010 	 0.0431 	 1.6404 	 0.0010 	 0.0000 	 268.0657 	 31.0000 	 0.6711 	 0.8425 	 0.2548 	 10.0000 	 2.4881 	 0.0000 	 0.9942 
32.0000 	 0.5671 	 0.4102 	 0.0471 	 1.7053 	 0.0240 	 0.0000 	 837.4808 	 32.0000 	 0.6161 	 0.6352 	 0.1695 	 9.0000 	 1.0384 	 0.0000 	 0.3606 
34.0000 	 0.2939 	 0.3938 	 0.0027 	 1.0019 	 0.0016 	 0.0000 	 837.4879 	 34.0000 	 0.1042 	 0.2742 	 0.9305 	 2.0000 	 1.9750 	 0.0000 	 0.4231 
35.0000 	 0.3896 	 0.1521 	 0.0443 	 1.0000 	 0.0133 	 0.0000 	 835.6995 	 35.0000 	 0.5772 	 0.4624 	 0.5989 	 11.0000 	 2.0180 	 0.0000 	 0.2112 
38.0000 	 0.0490 	 0.0010 	 0.6031 	 6.0835 	 0.0579 	 0.0000 	 433.7117 	 38.0000 	 0.4936 	 0.3693 	 0.5493 	 8.0000 	 0.8569 	 0.0000 	 0.9922 
36.0000 	 0.2229 	 0.6651 	 0.0056 	 1.1415 	 0.0052 	 0.0000 	 841.5805 	 36.0000 	 0.9740 	 0.7975 	 0.2865 	 15.0000 	 1.8984 	 0.0000 	 0.3197 
36.0000 	 0.5268 	 0.0030 	 0.0286 	 8.0573 	 0.0035 	 0.0000 	 805.6180 	 36.0000 	 0.5495 	 0.8479 	 0.5491 	 10.0000 	 0.7209 	 0.0000 	 0.3282 
36.0000 	 0.5233 	 0.0165 	 0.0070 	 19.3353 	 0.0022 	 0.0000 	 834.7312 	 36.0000 	 0.7718 	 0.9916 	 0.0513 	 13.0000 	 2.6830 	 0.0000 	 0.1676 
38.0000 	 0.4244 	 0.0219 	 0.3087 	 1.7732 	 0.0533 	 0.0000 	 819.7300 	 38.0000 	 0.0324 	 0.1839 	 0.1040 	 12.0000 	 0.6412 	 0.0000 	 1.4089 
39.0000 	 0.0303 	 0.0022 	 0.0093 	 5.7880 	 0.0016 	 0.0000 	 510.8626 	 39.0000 	 0.0617 	 0.2859 	 0.8431 	 7.0000 	 2.5335 	 0.0000 	 1.0091 
37.0000 	 0.0420 	 0.0010 	 0.1036 	 8.0735 	 0.0114 	 0.0000 	 463.7277 	 37.0000 	 0.8250 	 0.4116 	 0.9143 	 9.0000 	 2.6335 	 0.0000 	 1.0132 
28.0000 	 0.3068 	 0.0010 	 0.0388 	 1.7003 	 0.0010 	 0.0000 	 433.1084 	 28.0000 	 0.0997 	 0.9230 	 0.1555 	 10.0000 	 2.7915 	 0.0000 	 0.1132 
35.0000 	 0.0274 	 0.0135 	 0.1763 	 1.4945 	 0.0467 	 0.0000 	 625.7395 	 35.0000 	 0.8748 	 0.1129 	 0.2518 	 12.0000 	 0.2580 	 0.0000 	 0.1080 
37.0000 	 0.5810 	 0.0010 	 0.1012 	 1.6837 	 0.0019 	 0.0000 	 356.2319 	 37.0000 	 0.7862 	 0.5043 	 0.0260 	 4.0000 	 2.4524 	 0.0000 	 0.6979 
31.0000 	 0.0278 	 0.0130 	 0.7713 	 1.0072 	 0.1134 	 0.0000 	 591.3503 	 31.0000 	 0.6542 	 0.0347 	 0.2071 	 4.0000 	 1.1552 	 0.0000 	 0.5009 
38.0000 	 0.7854 	 0.0427 	 0.0468 	 6.1416 	 0.0106 	 0.0000 	 834.3355 	 38.0000 	 0.1727 	 0.2045 	 0.3963 	 3.0000 	 2.7863 	 0.0000 	 0.1996 
32.0000 	 0.7301 	 0.0036 	 0.3201 	 2.8367 	 0.0161 	 0.0000 	 746.9627 	 32.0000 	 0.5097 	 0.1670 	 0.7438 	 5.0000 	 1.5540 	 0.0000 	 0.1098 
34.0000 	 0.2805 	 0.0010 	 0.0418 	 2.0108 	 0.0010 	 0.0000 	 359.5813 	 34.0000 	 0.0908 	 0.6851 	 0.3733 	 10.0000 	 1.9481 	 0.0000 	 0.3132 
31.0000 	 0.0566 	 0.0062 	 0.3608 	 1.0430 	 0.0320 	 0.0000 	 384.5908 	 31.0000 	 0.7991 	 0.7733 	 0.5310 	 3.0000 	 1.0220 	 0.0000 	 0.6799 
37.0000 	 0.2259 	 0.0723 	 0.0011 	 15.9196 	 0.0010 	 0.0000 	 839.3291 	 37.0000 	 0.7125 	 0.7744 	 0.9254 	 10.0000 	 0.0758 	 0.0000 	 0.1024 
34.0000 	 0.1178 	 0.0029 	 0.0203 	 1.0000 	 0.0010 	 0.0000 	 559.8471 	 34.0000 	 0.8460 	 0.9915 	 0.7254 	 8.0000 	 2.7183 	 0.0000 	 0.0964 
35.0000 	 0.5185 	 0.0030 	 0.5637 	 1.0035 	 0.0121 	 0.0000 	 312.6695 	 35.0000 	 0.6896 	 0.7394 	 0.3937 	 13.0000 	 2.6062 	 0.0000 	 0.9637 
28.0000 	 0.3680 	 0.0015 	 0.7234 	 1.3625 	 0.0169 	 0.0000 	 302.4144 	 28.0000 	 0.3869 	 0.1811 	 0.7123 	 4.0000 	 1.7908 	 0.0000 	 0.7061 
31.0000 	 0.6150 	 0.0270 	 0.0446 	 7.7413 	 0.0105 	 0.0000 	 827.6542 	 31.0000 	 0.6980 	 0.7487 	 0.9673 	 2.0000 	 0.7990 	 0.0000 	 0.5594 
28.0000 	 0.3386 	 0.4362 	 0.0018 	 1.0001 	 0.0010 	 0.0000 	 837.5206 	 28.0000 	 0.9296 	 0.6745 	 0.5805 	 4.0000 	 0.6921 	 0.0000 	 0.3484 
35.0000 	 0.0797 	 0.0328 	 0.0025 	 2.9035 	 0.0012 	 0.0000 	 843.1775 	 35.0000 	 0.4094 	 0.7408 	 0.1693 	 3.0000 	 0.3442 	 0.0000 	 0.4634 
36.0000 	 0.5648 	 0.0010 	 0.1711 	 1.0000 	 0.0020 	 0.0000 	 309.8235 	 36.0000 	 0.1649 	 0.4072 	 0.5694 	 11.0000 	 2.4142 	 0.0000 	 0.6088 
36.0000 	 0.1894 	 0.0010 	 0.0952 	 2.5146 	 0.0029 	 0.0000 	 288.9556 	 36.0000 	 0.1163 	 0.4763 	 0.1119 	 12.0000 	 0.4150 	 0.0000 	 0.9382 
33.0000 	 0.0333 	 0.0022 	 0.0079 	 6.9423 	 0.0017 	 0.0000 	 538.2052 	 33.0000 	 0.8162 	 0.8926 	 0.4892 	 13.0000 	 2.3050 	 0.0000 	 1.0152 
35.0000 	 0.2410 	 0.0119 	 0.0620 	 1.9596 	 0.0101 	 0.0000 	 807.3611 	 35.0000 	 0.3203 	 0.2079 	 0.3411 	 5.0000 	 2.4219 	 0.0000 	 0.1594 
36.0000 	 0.2826 	 0.2944 	 0.0023 	 1.0498 	 0.0013 	 0.0000 	 836.1377 	 36.0000 	 0.3410 	 0.1445 	 0.7257 	 2.0000 	 0.7374 	 0.0000 	 0.9615 
36.0000 	 0.0156 	 0.0144 	 0.0469 	 2.3253 	 0.0196 	 0.0000 	 725.0510 	 36.0000 	 0.0445 	 0.7597 	 0.7458 	 5.0000 	 1.2311 	 0.0000 	 0.5720 
33.0000 	 0.1804 	 0.0027 	 0.6631 	 1.0000 	 0.0230 	 0.0000 	 339.1689 	 33.0000 	 0.0431 	 0.8853 	 0.9411 	 5.0000 	 2.8926 	 0.0000 	 0.4844 
33.0000 	 0.5727 	 0.0121 	 0.1969 	 2.1737 	 0.0198 	 0.0000 	 808.7250 	 33.0000 	 0.2203 	 0.9696 	 0.9989 	 3.0000 	 0.9731 	 0.0000 	 0.3725 
33.0000 	 0.1047 	 0.0062 	 0.4466 	 1.0000 	 0.0321 	 0.0000 	 483.5534 	 33.0000 	 0.9017 	 0.3199 	 0.7697 	 2.0000 	 0.0933 	 0.0000 	 0.6830 
33.0000 	 0.0485 	 0.0012 	 0.5732 	 4.5390 	 0.0424 	 0.0000 	 493.8231 	 33.0000 	 0.1062 	 0.0855 	 0.2233 	 14.0000 	 1.2371 	 0.0000 	 0.7875 
33.0000 	 0.0237 	 0.0137 	 0.5654 	 1.0000 	 0.0926 	 0.0000 	 595.6014 	 33.0000 	 0.6432 	 0.0508 	 0.1217 	 8.0000 	 2.4079 	 0.0000 	 0.4528 
26.0000 	 0.5550 	 0.0673 	 0.0069 	 11.8450 	 0.0029 	 0.0000 	 839.0139 	 26.0000 	 0.5742 	 0.2277 	 0.1883 	 1.0000 	 2.0005 	 0.0000 	 0.4205 
23.0000 	 0.0015 	 0.6153 	 0.0020 	 6.8569 	 0.0134 	 0.0000 	 873.7707 	 23.0000 	 0.4034 	 0.1032 	 0.0288 	 15.0000 	 2.8626 	 0.0000 	 0.2253 
28.0000 	 0.3587 	 0.0402 	 0.4303 	 1.0698 	 0.0778 	 0.0000 	 810.7889 	 28.0000 	 0.2407 	 0.1903 	 0.9240 	 8.0000 	 0.9037 	 0.0000 	 0.1965 
25.0000 	 0.0813 	 0.0038 	 0.0249 	 2.5570 	 0.0026 	 0.0000 	 484.2894 	 25.0000 	 0.2882 	 0.0169 	 0.3337 	 14.0000 	 0.6365 	 0.0000 	 0.9920 
23.0000 	 0.8947 	 0.1280 	 0.1199 	 1.7916 	 0.0095 	 0.0000 	 841.7200 	 23.0000 	 0.4845 	 0.2405 	 0.4889 	 10.0000 	 2.3343 	 0.0000 	 0.3927 
21.0000 	 0.0753 	 0.0010 	 0.0143 	 8.1228 	 0.0010 	 0.0000 	 334.6415 	 21.0000 	 0.9872 	 0.7865 	 0.0418 	 11.0000 	 1.6350 	 0.0000 	 0.9763 
25.0000 	 0.2386 	 0.2637 	 0.0044 	 1.7636 	 0.0025 	 0.0000 	 837.2380 	 25.0000 	 0.5727 	 0.4892 	 0.0922 	 13.0000 	 1.8701 	 0.0000 	 0.5894 
25.0000 	 0.0231 	 0.0033 	 0.1652 	 9.4596 	 0.0457 	 0.0000 	 605.6983 	 25.0000 	 0.6127 	 0.6508 	 0.0780 	 6.0000 	 0.7191 	 0.0000 	 0.9948 
23.0000 	 0.1720 	 0.0020 	 0.2456 	 1.4210 	 0.0083 	 0.0000 	 243.1177 	 23.0000 	 0.1293 	 0.5537 	 0.5147 	 4.0000 	 0.3476 	 0.0000 	 0.7484 
19.0000 	 0.5158 	 0.0010 	 0.1094 	 5.1469 	 0.0026 	 0.0000 	 317.1300 	 19.0000 	 0.7830 	 0.6531 	 0.7592 	 9.0000 	 0.0747 	 0.0000 	 1.0049 
32.0000 	 0.2216 	 0.0340 	 0.0802 	 1.0000 	 0.0175 	 0.0000 	 817.0256 	 32.0000 	 0.8754 	 0.7567 	 0.1518 	 4.0000 	 2.6114 	 0.0000 	 0.1023 
34.0000 	 0.1135 	 0.0024 	 0.9997 	 2.2595 	 0.0891 	 0.0000 	 324.7149 	 34.0000 	 0.8149 	 0.6502 	 0.6660 	 9.0000 	 1.6075 	 0.0000 	 0.9924 
33.0000 	 0.1815 	 0.0015 	 0.0127 	 9.7591 	 0.0017 	 0.0000 	 764.7660 	 33.0000 	 0.6494 	 0.5457 	 0.7299 	 12.0000 	 0.5761 	 0.0000 	 2.2316 
29.0000 	 0.7432 	 0.0299 	 0.0927 	 5.1789 	 0.0163 	 0.0000 	 833.9297 	 29.0000 	 0.3060 	 0.1137 	 0.6463 	 1.0000 	 2.6438 	 0.0000 	 0.1347 
29.0000 	 0.2127 	 0.3146 	 0.0053 	 2.4261 	 0.0045 	 0.0000 	 839.9242 	 29.0000 	 0.3936 	 0.2294 	 0.1583 	 5.0000 	 2.8435 	 0.0000 	 0.2881 
30.0000 	 0.9038 	 0.0554 	 0.1443 	 2.5705 	 0.0198 	 0.0000 	 822.1519 	 30.0000 	 0.2926 	 0.3308 	 0.9198 	 13.0000 	 2.8073 	 0.0000 	 0.4617 
22.0000 	 0.2725 	 0.3158 	 0.0041 	 1.0000 	 0.0018 	 0.0000 	 836.5628 	 22.0000 	 0.3976 	 0.8882 	 0.7319 	 8.0000 	 1.0722 	 0.0000 	 0.4574 
18.0000 	 0.1155 	 0.2642 	 0.0066 	 4.3122 	 0.0062 	 0.0000 	 842.1811 	 18.0000 	 0.5856 	 0.0764 	 0.2283 	 15.0000 	 2.2010 	 0.0000 	 0.2681 
25.0000 	 0.0176 	 0.0151 	 0.7292 	 1.7339 	 0.1889 	 0.0000 	 600.1190 	 25.0000 	 0.7895 	 0.9797 	 0.6071 	 1.0000 	 1.6988 	 0.0000 	 0.6018 
30.0000 	 0.4904 	 0.0166 	 0.6527 	 1.0000 	 0.0570 	 0.0000 	 770.2939 	 30.0000 	 0.3644 	 0.2872 	 0.3413 	 14.0000 	 2.6102 	 0.0000 	 0.3867 
29.0000 	 0.3676 	 0.0012 	 0.2349 	 1.1151 	 0.0041 	 0.0000 	 237.3751 	 29.0000 	 0.9909 	 0.9052 	 0.6857 	 14.0000 	 2.6399 	 0.0000 	 0.9757 
34.0000 	 0.6337 	 0.6682 	 0.0609 	 1.0251 	 0.0294 	 0.0000 	 839.2331 	 34.0000 	 0.6461 	 0.9101 	 0.5133 	 14.0000 	 1.9100 	 0.0000 	 0.3234 
31.0000 	 0.1984 	 0.0023 	 0.0966 	 1.0000 	 0.0027 	 0.0000 	 361.7174 	 31.0000 	 0.4839 	 0.2905 	 0.4119 	 8.0000 	 2.5763 	 0.0000 	 3.2355 
27.0000 	 0.9475 	 0.0110 	 0.0297 	 46.0327 	 0.0041 	 0.0000 	 835.9120 	 27.0000 	 0.9864 	 0.5036 	 0.6142 	 6.0000 	 1.7538 	 0.0000 	 0.7930 
29.0000 	 0.0281 	 0.0031 	 0.4982 	 5.7893 	 0.0978 	 0.0000 	 533.8296 	 29.0000 	 0.0941 	 0.8837 	 0.5464 	 5.0000 	 0.0020 	 0.0000 	 0.9299 
30.0000 	 0.1925 	 0.0010 	 0.9961 	 2.2598 	 0.0329 	 0.0000 	 258.1709 	 30.0000 	 0.5999 	 0.4273 	 0.7685 	 5.0000 	 1.7304 	 0.0000 	 0.9923 
26.0000 	 0.5233 	 0.0165 	 0.0070 	 19.3353 	 0.0022 	 0.0000 	 834.1761 	 26.0000 	 0.3066 	 0.4512 	 0.1787 	 7.0000 	 2.0927 	 0.0000 	 0.0924 
32.0000 	 0.1334 	 0.0024 	 0.1899 	 1.4700 	 0.0086 	 0.0000 	 376.9261 	 32.0000 	 0.9073 	 0.0974 	 0.0683 	 8.0000 	 2.9453 	 0.0000 	 0.9929 
31.0000 	 0.2612 	 0.0010 	 0.1261 	 2.6675 	 0.0043 	 0.0000 	 388.4595 	 31.0000 	 0.4560 	 0.9375 	 0.0691 	 12.0000 	 2.4393 	 0.0000 	 0.1099 
27.0000 	 0.1039 	 0.0065 	 0.0139 	 1.0000 	 0.0010 	 0.0000 	 530.2049 	 27.0000 	 0.8067 	 0.4755 	 0.9791 	 4.0000 	 0.2632 	 0.0000 	 3.7663 
28.0000 	 0.0628 	 0.0010 	 0.0083 	 10.9834 	 0.0011 	 0.0000 	 465.5947 	 28.0000 	 0.6027 	 0.3201 	 0.3234 	 11.0000 	 1.2068 	 0.0000 	 1.1038 
12.0000 	 0.3645 	 0.1107 	 0.0524 	 6.3486 	 0.0201 	 0.0000 	 828.8256 	 12.0000 	 0.8719 	 0.4334 	 0.9720 	 12.0000 	 0.3065 	 0.0000 	 0.5011 
18.0000 	 0.2376 	 0.0033 	 0.0489 	 1.0000 	 0.0014 	 0.0000 	 234.5804 	 18.0000 	 0.2167 	 0.4608 	 0.0059 	 6.0000 	 1.8382 	 0.0000 	 0.9929 
18.0000 	 0.3352 	 0.0031 	 0.0468 	 1.0000 	 0.0010 	 0.0000 	 322.4434 	 18.0000 	 0.1657 	 0.5614 	 0.0286 	 9.0000 	 2.2696 	 0.0000 	 0.6520 
9.0000 	 0.7414 	 0.0595 	 0.1000 	 15.8148 	 0.0156 	 0.0000 	 822.1674 	 9.0000 	 0.6944 	 0.0034 	 0.4502 	 12.0000 	 0.4199 	 0.0000 	 1.0520 
16.0000 	 0.5601 	 0.1551 	 0.0574 	 1.0000 	 0.0120 	 0.0000 	 829.8790 	 16.0000 	 0.7260 	 0.2746 	 0.2411 	 1.0000 	 2.1163 	 0.0000 	 0.3734 
19.0000 	 0.7539 	 0.0027 	 0.3882 	 1.5754 	 0.0060 	 0.0000 	 374.3171 	 19.0000 	 0.9128 	 0.2423 	 0.0702 	 14.0000 	 0.8677 	 0.0000 	 1.0008 
15.0000 	 0.3773 	 0.0562 	 0.3147 	 1.5107 	 0.0625 	 0.0000 	 818.1445 	 15.0000 	 0.0665 	 0.5165 	 0.5868 	 5.0000 	 0.5020 	 0.0000 	 0.0884 
8.0000 	 0.0454 	 0.4035 	 0.0028 	 1.3712 	 0.0021 	 0.0000 	 842.4834 	 8.0000 	 0.7156 	 0.0353 	 0.6992 	 10.0000 	 2.2529 	 0.0000 	 0.4099 
7.0000 	 0.0397 	 0.0238 	 0.2077 	 3.1983 	 0.0419 	 0.0000 	 609.4090 	 7.0000 	 0.9092 	 0.0888 	 0.1917 	 7.0000 	 2.0065 	 0.0000 	 0.0942 
5.0000 	 0.2292 	 0.0279 	 0.0210 	 12.6938 	 0.0049 	 0.0000 	 828.5944 	 5.0000 	 0.2536 	 0.6224 	 0.2199 	 11.0000 	 0.8958 	 0.0000 	 0.3437 
14.0000 	 0.2815 	 0.0064 	 0.0450 	 1.0000 	 0.0016 	 0.0000 	 334.1521 	 14.0000 	 0.2478 	 0.4018 	 0.6150 	 5.0000 	 2.4805 	 0.0000 	 0.9467 
3.0000 	 0.3127 	 0.0485 	 0.0045 	 24.5325 	 0.0011 	 0.0000 	 833.5545 	 3.0000 	 0.2021 	 0.0852 	 0.4572 	 10.0000 	 0.9774 	 0.0000 	 1.0755 
15.0000 	 0.4472 	 0.0136 	 0.0076 	 50.0000 	 0.0025 	 0.0000 	 835.1223 	 15.0000 	 0.5835 	 0.8605 	 0.6640 	 10.0000 	 1.3660 	 0.0000 	 0.4917 
2.0000 	 0.1897 	 0.0273 	 0.1503 	 2.1145 	 0.0078 	 0.0000 	 316.9319 	 2.0000 	 0.1421 	 0.5602 	 0.2167 	 14.0000 	 2.9693 	 0.0000 	 0.9721 
26.0000 	 0.0452 	 0.0017 	 0.0065 	 9.3481 	 0.0010 	 0.0000 	 558.8763 	 26.0000 	 0.3535 	 0.0449 	 0.2000 	 15.0000 	 1.9217 	 0.0000 	 0.9564 
18.0000 	 0.0954 	 0.0083 	 0.0188 	 1.0000 	 0.0010 	 0.0000 	 329.3518 	 18.0000 	 0.7149 	 0.5039 	 0.6843 	 5.0000 	 2.8850 	 0.0000 	 1.0085 
13.0000 	 0.1242 	 0.4571 	 0.0018 	 1.2508 	 0.0012 	 0.0000 	 838.5517 	 13.0000 	 0.3800 	 0.0526 	 0.2749 	 10.0000 	 0.0499 	 0.0000 	 0.4739 
13.0000 	 0.0192 	 0.0613 	 0.0220 	 2.4083 	 0.0128 	 0.0000 	 756.0977 	 13.0000 	 0.9015 	 0.7230 	 0.7390 	 15.0000 	 2.2142 	 0.0000 	 0.5139 
15.0000 	 0.0583 	 0.0010 	 0.0136 	 50.0000 	 0.0032 	 0.0000 	 730.0844 	 15.0000 	 0.0987 	 0.9291 	 0.1236 	 7.0000 	 1.9194 	 0.0000 	 5.3265 
11.0000 	 0.0663 	 0.0113 	 0.0649 	 2.5376 	 0.0092 	 0.0000 	 467.9106 	 11.0000 	 0.9270 	 0.3862 	 0.7515 	 4.0000 	 2.9653 	 0.0000 	 0.9971 
12.0000 	 0.5549 	 0.0652 	 0.0260 	 3.0405 	 0.0046 	 0.0000 	 830.9464 	 12.0000 	 0.3035 	 0.2850 	 0.5412 	 10.0000 	 1.0168 	 0.0000 	 0.9928 
9.0000 	 0.0465 	 0.0052 	 0.1527 	 6.4886 	 0.0161 	 0.0000 	 535.8676 	 9.0000 	 0.8647 	 0.3783 	 0.6806 	 14.0000 	 0.9369 	 0.0000 	 0.7179 
10.0000 	 0.5910 	 0.0010 	 0.0704 	 6.7542 	 0.0011 	 0.0000 	 255.1972 	 10.0000 	 0.6820 	 0.7866 	 0.9560 	 9.0000 	 2.5787 	 0.0000 	 1.0128 
8.0000 	 0.1849 	 0.0073 	 0.0499 	 1.1748 	 0.0015 	 0.0000 	 291.4942 	 8.0000 	 0.1847 	 0.9494 	 0.5464 	 8.0000 	 1.8840 	 0.0000 	 0.7126 
8.0000 	 0.1354 	 0.0062 	 0.9589 	 2.4551 	 0.0451 	 0.0000 	 326.2522 	 8.0000 	 0.6663 	 0.2001 	 0.8743 	 9.0000 	 0.4265 	 0.0000 	 0.9395 
15.0000 	 0.1344 	 0.0071 	 0.9928 	 1.0054 	 0.0420 	 0.0000 	 381.5450 	 15.0000 	 0.2195 	 0.1298 	 0.3149 	 2.0000 	 1.8112 	 0.0000 	 0.4898 
7.0000 	 0.1750 	 0.0088 	 0.0393 	 1.2683 	 0.0013 	 0.0000 	 336.7419 	 7.0000 	 0.5472 	 0.7651 	 0.8222 	 5.0000 	 1.8604 	 0.0000 	 0.5908 
7.0000 	 0.1123 	 0.0028 	 0.3119 	 7.1870 	 0.0162 	 0.0000 	 287.5614 	 7.0000 	 0.0910 	 0.9941 	 0.9789 	 8.0000 	 2.4478 	 0.0000 	 0.9521 
4.0000 	 0.0344 	 0.0114 	 0.5000 	 9.9739 	 0.0903 	 0.0000 	 366.8529 	 4.0000 	 0.3542 	 0.1731 	 0.7118 	 2.0000 	 0.5820 	 0.0000 	 1.0156 
5.0000 	 0.5693 	 0.0029 	 0.3862 	 3.7515 	 0.0067 	 0.0000 	 311.9249 	 5.0000 	 0.8355 	 0.0323 	 0.4721 	 14.0000 	 2.9049 	 0.0000 	 0.9058 
4.0000 	 0.5843 	 0.0055 	 0.1513 	 2.5685 	 0.0024 	 0.0000 	 346.4528 	 4.0000 	 0.5829 	 0.0695 	 0.9668 	 9.0000 	 0.1865 	 0.0000 	 0.8724 
3.0000 	 0.2142 	 0.0197 	 0.6850 	 1.3289 	 0.0207 	 0.0000 	 378.5884 	 3.0000 	 0.2975 	 0.2004 	 0.0600 	 3.0000 	 1.9296 	 0.0000 	 0.1354 
13.0000 	 0.1120 	 0.0129 	 0.1639 	 6.2719 	 0.0436 	 0.0000 	 808.5719 	 13.0000 	 0.2672 	 0.2404 	 0.4097 	 1.0000 	 2.2886 	 0.0000 	 1.5024 
2.0000 	 0.1629 	 0.0445 	 0.3995 	 2.9031 	 0.0269 	 0.0000 	 501.0443 	 2.0000 	 0.8276 	 0.3469 	 0.2611 	 3.0000 	 0.0381 	 0.0000 	 0.6900 
2.0000 	 0.3343 	 0.0908 	 0.0175 	 8.9122 	 0.0015 	 0.0000 	 687.2947 	 2.0000 	 0.2136 	 0.9512 	 0.1890 	 10.0000 	 0.8314 	 0.0000 	 0.8000 
21.0000 	 0.4096 	 0.0291 	 0.1027 	 6.3775 	 0.0282 	 0.0000 	 829.3495 	 21.0000 	 0.4947 	 0.6747 	 0.8116 	 5.0000 	 1.6207 	 0.0000 	 0.9432 
26.0000 	 0.0586 	 0.0094 	 0.0127 	 1.0000 	 0.0011 	 0.0000 	 497.3035 	 26.0000 	 0.7264 	 0.5414 	 0.5360 	 4.0000 	 0.7900 	 0.0000 	 0.7168 
24.0000 	 0.0265 	 0.0163 	 0.4160 	 1.0053 	 0.0651 	 0.0000 	 567.1055 	 24.0000 	 0.8917 	 0.5733 	 0.0536 	 15.0000 	 1.2024 	 0.0000 	 11.6147 
22.0000 	 0.0954 	 0.0010 	 0.8550 	 6.1876 	 0.0376 	 0.0000 	 352.6395 	 22.0000 	 0.2545 	 0.9423 	 0.1594 	 15.0000 	 0.9038 	 0.0000 	 0.9952 
24.0000 	 0.0159 	 0.0035 	 0.8259 	 11.9454 	 0.3314 	 0.0000 	 619.6422 	 24.0000 	 0.6508 	 0.8835 	 0.7028 	 11.0000 	 2.4737 	 0.0000 	 0.7228 
11.0000 	 0.1162 	 0.0081 	 0.2135 	 1.1160 	 0.0079 	 0.0000 	 391.1302 	 11.0000 	 0.3183 	 0.4029 	 0.8598 	 9.0000 	 0.9106 	 0.0000 	 0.6105 
24.0000 	 0.3122 	 0.1010 	 0.0079 	 10.1881 	 0.0049 	 0.0000 	 839.3602 	 24.0000 	 0.3952 	 0.9255 	 0.2726 	 10.0000 	 2.1807 	 0.0000 	 0.3896 
25.0000 	 0.5866 	 0.0918 	 0.3765 	 1.3156 	 0.0845 	 0.0000 	 827.1133 	 25.0000 	 0.7324 	 0.3188 	 0.5291 	 13.0000 	 1.1042 	 0.0000 	 1.1949 
17.0000 	 0.2216 	 0.0048 	 0.0343 	 1.0000 	 0.0010 	 0.0000 	 358.6486 	 17.0000 	 0.2116 	 0.5522 	 0.9508 	 4.0000 	 2.6489 	 0.0000 	 0.1086 
24.0000 	 0.7152 	 0.4468 	 0.0423 	 1.0021 	 0.0135 	 0.0000 	 839.0822 	 24.0000 	 0.4313 	 0.0002 	 0.9234 	 3.0000 	 1.5935 	 0.0000 	 0.6762 
10.0000 	 0.0694 	 0.0050 	 0.1146 	 5.5818 	 0.0137 	 0.0000 	 428.1373 	 10.0000 	 0.8419 	 0.2095 	 0.9537 	 3.0000 	 2.4543 	 0.0000 	 1.0063 
23.0000 	 0.0420 	 0.0029 	 0.0265 	 4.9456 	 0.0034 	 0.0000 	 476.4347 	 23.0000 	 0.4808 	 0.3031 	 0.8094 	 8.0000 	 2.3990 	 0.0000 	 1.0497 
24.0000 	 0.0798 	 0.0016 	 0.2763 	 6.1742 	 0.0302 	 0.0000 	 354.7225 	 24.0000 	 0.5021 	 0.1724 	 0.9610 	 7.0000 	 2.9037 	 0.0000 	 1.0022 
25.0000 	 0.5957 	 0.0029 	 0.4958 	 1.0000 	 0.0108 	 0.0000 	 377.9571 	 25.0000 	 0.8807 	 0.8443 	 0.5733 	 1.0000 	 1.6890 	 0.0000 	 0.6464 
22.0000 	 0.2105 	 0.2475 	 0.0090 	 44.4182 	 0.0087 	 0.0000 	 840.8749 	 22.0000 	 0.6306 	 0.1215 	 0.2515 	 2.0000 	 1.1416 	 0.0000 	 0.0899 
23.0000 	 0.3519 	 0.5151 	 0.0125 	 1.0703 	 0.0069 	 0.0000 	 838.0422 	 23.0000 	 0.2039 	 0.5424 	 0.6960 	 7.0000 	 2.3378 	 0.0000 	 0.3355 
24.0000 	 0.1864 	 0.0022 	 0.0946 	 1.9398 	 0.0043 	 0.0000 	 331.9486 	 24.0000 	 0.5814 	 0.2787 	 0.0574 	 6.0000 	 1.9337 	 0.0000 	 0.9316 
23.0000 	 0.5470 	 0.0017 	 0.5968 	 1.0000 	 0.0070 	 0.0000 	 267.2559 	 23.0000 	 0.8301 	 0.7872 	 0.8290 	 9.0000 	 2.0968 	 0.0000 	 0.8428 
22.0000 	 0.2574 	 0.0815 	 0.0047 	 1.0719 	 0.0012 	 0.0000 	 832.3362 	 22.0000 	 0.7797 	 0.1063 	 0.7797 	 6.0000 	 2.4314 	 0.0000 	 1.4079 
20.0000 	 0.5978 	 0.2952 	 0.0161 	 1.0339 	 0.0041 	 0.0000 	 835.2327 	 20.0000 	 0.0189 	 0.6667 	 0.8003 	 5.0000 	 1.0914 	 0.0000 	 0.8208 
23.0000 	 0.4430 	 0.0021 	 0.0706 	 1.0140 	 0.0015 	 0.0000 	 321.7253 	 23.0000 	 0.0794 	 0.2770 	 0.9037 	 6.0000 	 1.1021 	 0.0000 	 0.5014 
20.0000 	 0.9001 	 0.6132 	 1.0000 	 1.2654 	 0.5781 	 0.0000 	 792.6107 	 20.0000 	 0.7794 	 0.6989 	 0.9888 	 1.0000 	 2.3786 	 0.0000 	 1.3167 
22.0000 	 0.0364 	 0.0043 	 0.0226 	 4.7414 	 0.0038 	 0.0000 	 522.7782 	 22.0000 	 0.2751 	 0.7554 	 0.2817 	 5.0000 	 2.7913 	 0.0000 	 0.9854 
17.0000 	 0.2054 	 0.5517 	 0.0212 	 1.2341 	 0.0136 	 0.0000 	 840.2542 	 17.0000 	 0.6074 	 0.4912 	 0.0083 	 13.0000 	 2.9523 	 0.0000 	 0.4472 
20.0000 	 0.0284 	 0.0333 	 0.0066 	 1.2234 	 0.0021 	 0.0000 	 568.8967 	 20.0000 	 0.2601 	 0.4199 	 0.6202 	 9.0000 	 0.7777 	 0.0000 	 0.7657 
21.0000 	 0.1116 	 0.0010 	 0.0284 	 9.9503 	 0.0023 	 0.0000 	 553.6043 	 21.0000 	 0.4357 	 0.4270 	 0.0704 	 6.0000 	 2.5659 	 0.0000 	 2.5545 
17.0000 	 0.5507 	 0.0304 	 0.0287 	 45.3680 	 0.0117 	 0.0000 	 833.6301 	 17.0000 	 0.7061 	 0.9907 	 0.6185 	 9.0000 	 0.7593 	 0.0000 	 0.8208 
19.0000 	 0.1142 	 0.1087 	 0.0039 	 1.9235 	 0.0020 	 0.0000 	 838.2409 	 19.0000 	 0.2755 	 0.2815 	 0.1470 	 1.0000 	 2.7591 	 0.0000 	 0.5434 
22.0000 	 0.0300 	 0.0615 	 0.9294 	 1.0409 	 0.5230 	 0.0000 	 665.7487 	 22.0000 	 0.9646 	 0.8771 	 0.7962 	 8.0000 	 1.7509 	 0.0000 	 0.9822 
11.0000 	 0.4096 	 0.0045 	 0.1771 	 1.0000 	 0.0039 	 0.0000 	 341.3243 	 11.0000 	 0.5414 	 0.4987 	 0.9426 	 13.0000 	 1.2185 	 0.0000 	 5.1518 
14.0000 	 0.1668 	 0.2600 	 0.0042 	 2.0516 	 0.0024 	 0.0000 	 837.3756 	 14.0000 	 0.4802 	 0.0813 	 0.4674 	 13.0000 	 2.6977 	 0.0000 	 0.3792 
17.0000 	 0.9043 	 0.0829 	 0.0287 	 23.7178 	 0.0054 	 0.0000 	 832.8745 	 17.0000 	 0.0872 	 0.1701 	 0.1183 	 15.0000 	 0.7729 	 0.0000 	 0.3249 
19.0000 	 0.0626 	 0.0184 	 0.1751 	 1.0000 	 0.0246 	 0.0000 	 567.7416 	 19.0000 	 0.7685 	 0.2799 	 0.8316 	 15.0000 	 1.3021 	 0.0000 	 0.3551 
10.0000 	 0.4231 	 0.0039 	 0.4246 	 1.0599 	 0.0055 	 0.0000 	 410.5160 	 10.0000 	 0.9701 	 0.3080 	 0.4557 	 2.0000 	 1.7779 	 0.0000 	 0.1050 
17.0000 	 0.9316 	 0.0765 	 1.0000 	 21.1823 	 0.2219 	 0.0000 	 833.2882 	 17.0000 	 0.9322 	 0.9715 	 0.7211 	 12.0000 	 0.3878 	 0.0000 	 0.1669 
8.0000 	 0.1206 	 0.0814 	 0.0074 	 3.3698 	 0.0031 	 0.0000 	 831.9750 	 8.0000 	 0.5043 	 0.4994 	 0.8974 	 2.0000 	 0.6786 	 0.0000 	 0.3547 
13.0000 	 0.0126 	 0.0617 	 0.0184 	 2.3050 	 0.0114 	 0.0000 	 739.1794 	 13.0000 	 0.7911 	 0.4089 	 0.5066 	 4.0000 	 2.2475 	 0.0000 	 0.4389 
6.0000 	 0.1097 	 0.0041 	 0.2060 	 5.5759 	 0.0115 	 0.0000 	 280.5421 	 6.0000 	 0.4724 	 0.6335 	 0.1761 	 5.0000 	 0.5704 	 0.0000 	 0.9768 
14.0000 	 0.0509 	 0.0047 	 0.3798 	 5.6061 	 0.0524 	 0.0000 	 588.9691 	 14.0000 	 0.6484 	 0.7085 	 0.7854 	 10.0000 	 0.5420 	 0.0000 	 0.1052 
11.0000 	 0.0232 	 0.0010 	 0.3732 	 49.4562 	 0.0698 	 0.0000 	 598.0629 	 11.0000 	 0.1074 	 0.5617 	 0.7714 	 8.0000 	 2.3563 	 0.0000 	 0.9698 
16.0000 	 0.4670 	 0.0030 	 0.0577 	 1.1879 	 0.0010 	 0.0000 	 363.1948 	 16.0000 	 0.7756 	 0.4561 	 0.4600 	 9.0000 	 2.9568 	 0.0000 	 0.5129 
5.0000 	 0.0087 	 0.5874 	 0.1334 	 1.0000 	 0.1373 	 0.0000 	 743.8561 	 5.0000 	 0.0900 	 0.8876 	 0.7618 	 4.0000 	 2.5156 	 0.0000 	 0.2585 
16.0000 	 0.0131 	 0.0175 	 0.3173 	 3.8133 	 0.1111 	 0.0000 	 699.7750 	 16.0000 	 0.8468 	 0.0700 	 0.6512 	 9.0000 	 0.1642 	 0.0000 	 0.5546 
17.0000 	 0.4146 	 0.0028 	 0.0537 	 1.0000 	 0.0010 	 0.0000 	 350.9013 	 17.0000 	 0.4430 	 0.0142 	 0.8025 	 5.0000 	 1.2273 	 0.0000 	 0.7110 
21.0000 	 0.2218 	 0.3541 	 0.0043 	 1.5769 	 0.0026 	 0.0000 	 837.6976 	 21.0000 	 0.7966 	 0.6162 	 0.5447 	 15.0000 	 2.3896 	 0.0000 	 0.4259 
4.0000 	 0.4911 	 0.6005 	 0.3054 	 20.1609 	 0.0596 	 0.0000 	 820.7734 	 4.0000 	 0.7318 	 0.8162 	 0.1190 	 6.0000 	 0.6728 	 0.0000 	 0.9768 
1.0000 	 0.1367 	 0.3000 	 0.4635 	 26.8036 	 0.0753 	 0.0000 	 759.6038 	 1.0000 	 0.2496 	 0.5345 	 0.4919 	 5.0000 	 0.1164 	 0.0000 	 0.0911 
13.0000 	 0.1205 	 0.0010 	 0.1313 	 12.5764 	 0.0098 	 0.0000 	 405.2497 	 13.0000 	 0.0723 	 0.4378 	 0.6848 	 3.0000 	 0.1625 	 0.0000 	 0.9929 
10.0000 	 0.0529 	 0.0116 	 0.0130 	 3.0913 	 0.0019 	 0.0000 	 449.9454 	 10.0000 	 0.3996 	 0.0587 	 0.9553 	 11.0000 	 0.1086 	 0.0000 	 1.0111 
15.0000 	 0.0664 	 0.0023 	 0.9999 	 10.4919 	 0.1317 	 0.0000 	 561.2073 	 15.0000 	 0.9160 	 0.2914 	 0.4338 	 4.0000 	 1.3304 	 0.0000 	 4.5863 
8.0000 	 0.2043 	 0.0061 	 0.8134 	 1.1495 	 0.0239 	 0.0000 	 333.7708 	 8.0000 	 0.6049 	 0.3139 	 0.3698 	 13.0000 	 1.4341 	 0.0000 	 0.3844 
11.0000 	 0.5865 	 0.0653 	 0.2818 	 3.8278 	 0.0540 	 0.0000 	 827.2339 	 11.0000 	 0.0110 	 0.3514 	 0.3967 	 14.0000 	 1.2069 	 0.0000 	 1.0834 
17.0000 	 0.0395 	 0.0013 	 0.0255 	 15.3446 	 0.0032 	 0.0000 	 487.9176 	 17.0000 	 0.9199 	 0.7370 	 0.5109 	 11.0000 	 1.1372 	 0.0000 	 0.9886 
6.0000 	 0.3286 	 0.0576 	 0.0129 	 7.0593 	 0.0032 	 0.0000 	 833.0305 	 6.0000 	 0.8567 	 0.8987 	 0.4149 	 9.0000 	 2.8657 	 0.0000 	 0.3614 
20.0000 	 0.0274 	 0.0191 	 0.3097 	 2.1150 	 0.0948 	 0.0000 	 570.9207 	 20.0000 	 0.9137 	 0.7994 	 0.1712 	 3.0000 	 2.3092 	 0.0000 	 1.0121 
6.0000 	 0.2370 	 0.0146 	 0.0070 	 37.0533 	 0.0020 	 0.0000 	 835.9165 	 6.0000 	 0.6694 	 0.0633 	 0.7839 	 6.0000 	 0.5410 	 0.0000 	 0.5927 
13.0000 	 0.1238 	 0.0014 	 0.0317 	 6.4902 	 0.0014 	 0.0000 	 326.0849 	 13.0000 	 0.2771 	 0.5749 	 0.2014 	 14.0000 	 1.5096 	 0.0000 	 0.8974 
15.0000 	 0.3678 	 0.0306 	 0.0250 	 1.0000 	 0.0022 	 0.0000 	 786.3045 	 15.0000 	 0.0276 	 0.3450 	 0.0460 	 6.0000 	 0.9263 	 0.0000 	 0.0997 
10.0000 	 0.0522 	 0.0182 	 0.4189 	 1.5405 	 0.0594 	 0.0000 	 387.0619 	 10.0000 	 0.9182 	 0.7203 	 0.8776 	 11.0000 	 0.4347 	 0.0000 	 1.0158 
16.0000 	 0.0340 	 0.0876 	 0.0165 	 1.4150 	 0.0097 	 0.0000 	 806.3738 	 16.0000 	 0.6201 	 0.2063 	 0.6112 	 14.0000 	 2.5950 	 0.0000 	 0.3937 
3.0000 	 0.1761 	 0.0204 	 0.2008 	 2.7245 	 0.0154 	 0.0000 	 460.9985 	 3.0000 	 0.9292 	 0.5682 	 0.5861 	 11.0000 	 2.2758 	 0.0000 	 0.7347 
1.0000 	 0.1596 	 0.0159 	 0.1807 	 17.1149 	 0.0134 	 0.0000 	 716.7285 	 1.0000 	 0.8275 	 0.8601 	 0.9797 	 11.0000 	 1.6321 	 0.0000 	 0.6646 
1.0000 	 0.1790 	 0.0959 	 0.0309 	 1.0290 	 0.0010 	 0.0000 	 593.6682 	 1.0000 	 0.0249 	 0.9504 	 0.4742 	 12.0000 	 2.3343 	 0.0000 	 1.0240 
14.0000 	 0.5414 	 0.0010 	 0.2334 	 2.7932 	 0.0024 	 0.0000 	 204.6928 	 14.0000 	 0.8543 	 0.7463 	 0.5041 	 14.0000 	 1.1965 	 0.0000 	 1.1135 
8.0000 	 0.2585 	 0.0040 	 0.0601 	 2.0587 	 0.0016 	 0.0000 	 270.6876 	 8.0000 	 0.7733 	 0.8882 	 0.8900 	 11.0000 	 1.7434 	 0.0000 	 0.8237 
11.0000 	 0.0792 	 0.0033 	 0.0754 	 6.0595 	 0.0073 	 0.0000 	 455.8547 	 11.0000 	 0.9940 	 0.2880 	 0.2104 	 4.0000 	 1.3010 	 0.0000 	 0.9944 
15.0000 	 0.3593 	 0.0010 	 0.1569 	 3.8842 	 0.0038 	 0.0000 	 326.4500 	 15.0000 	 0.1064 	 0.5209 	 0.3839 	 2.0000 	 2.2597 	 0.0000 	 0.1486 
12.0000 	 0.1790 	 0.0010 	 0.2989 	 8.4888 	 0.0114 	 0.0000 	 328.7369 	 12.0000 	 0.0762 	 0.3106 	 0.4739 	 8.0000 	 2.1003 	 0.0000 	 0.8840 
14.0000 	 0.1124 	 0.0054 	 0.2777 	 1.3030 	 0.0119 	 0.0000 	 302.5438 	 14.0000 	 0.0464 	 0.5318 	 0.8749 	 7.0000 	 2.7728 	 0.0000 	 0.9710 
16.0000 	 0.3897 	 0.0057 	 0.3911 	 1.0289 	 0.0082 	 0.0000 	 521.5808 	 16.0000 	 0.2915 	 0.4104 	 0.4612 	 6.0000 	 1.2508 	 0.0000 	 0.1260 
15.0000 	 0.6545 	 0.0362 	 0.0385 	 1.0166 	 0.0031 	 0.0000 	 791.8665 	 15.0000 	 0.3686 	 0.1270 	 0.7169 	 7.0000 	 1.3576 	 0.0000 	 0.0947 
15.0000 	 0.3134 	 0.0156 	 0.2888 	 5.2254 	 0.0564 	 0.0000 	 808.7267 	 15.0000 	 0.5798 	 0.6863 	 0.8620 	 4.0000 	 1.5524 	 0.0000 	 0.3142 
12.0000 	 0.7072 	 0.0525 	 0.0383 	 9.7355 	 0.0068 	 0.0000 	 836.1647 	 12.0000 	 0.4038 	 0.1389 	 0.9294 	 13.0000 	 1.6723 	 0.0000 	 0.8629 
12.0000 	 0.0923 	 0.0110 	 0.0365 	 1.0000 	 0.0022 	 0.0000 	 465.9390 	 12.0000 	 0.4270 	 0.6096 	 0.9376 	 6.0000 	 2.8645 	 0.0000 	 0.5398 
1.0000 	 0.0409 	 0.1604 	 0.1132 	 6.1155 	 0.0257 	 0.0000 	 618.9353 	 1.0000 	 0.8217 	 0.6396 	 0.4392 	 8.0000 	 2.3479 	 0.0000 	 0.5287 
1.0000 	 0.0598 	 0.0422 	 0.0371 	 7.9692 	 0.0038 	 0.0000 	 530.3048 	 1.0000 	 0.7527 	 0.5098 	 0.7908 	 12.0000 	 1.6267 	 0.0000 	 0.9959 
8.0000 	 0.0165 	 0.0238 	 0.0900 	 4.9999 	 0.0237 	 0.0000 	 659.4755 	 8.0000 	 0.4044 	 0.3347 	 0.5984 	 11.0000 	 2.5789 	 0.0000 	 1.0139 
14.0000 	 0.4731 	 0.0035 	 0.0516 	 1.9563 	 0.0013 	 0.0000 	 386.6219 	 14.0000 	 0.1843 	 0.8173 	 0.5286 	 14.0000 	 0.4096 	 0.0000 	 0.8086 
11.0000 	 0.1324 	 0.0010 	 0.6792 	 9.4527 	 0.0291 	 0.0000 	 302.2833 	 11.0000 	 0.6671 	 0.8652 	 0.1212 	 2.0000 	 2.7302 	 0.0000 	 0.9904 
11.0000 	 0.0320 	 0.0051 	 0.2876 	 14.0839 	 0.0863 	 0.0000 	 584.2719 	 11.0000 	 0.9664 	 0.7483 	 0.1432 	 4.0000 	 2.2566 	 0.0000 	 0.9834 
12.0000 	 0.3798 	 0.0034 	 0.5107 	 1.2150 	 0.0077 	 0.0000 	 305.0765 	 12.0000 	 0.8042 	 0.8654 	 0.5514 	 5.0000 	 2.1024 	 0.0000 	 0.7054 
6.0000 	 0.0305 	 0.0290 	 0.0788 	 3.8919 	 0.0202 	 0.0000 	 591.8819 	 6.0000 	 0.4133 	 0.3226 	 0.1086 	 10.0000 	 0.9356 	 0.0000 	 0.9932 
9.0000 	 0.2406 	 0.0087 	 0.0380 	 1.0000 	 0.0010 	 0.0000 	 357.6443 	 9.0000 	 0.4338 	 0.0434 	 0.1804 	 12.0000 	 0.6430 	 0.0000 	 0.4552 
17.0000 	 0.8090 	 0.0057 	 0.3470 	 2.3719 	 0.0121 	 0.0000 	 739.0476 	 17.0000 	 0.2396 	 0.9048 	 0.8687 	 11.0000 	 0.0059 	 0.0000 	 4.2410 
5.0000 	 0.3272 	 0.0025 	 0.0963 	 4.8212 	 0.0022 	 0.0000 	 336.8325 	 5.0000 	 0.8867 	 0.4100 	 0.4967 	 15.0000 	 1.6428 	 0.0000 	 0.5264 
10.0000 	 0.5526 	 0.1737 	 0.4133 	 1.6422 	 0.0991 	 0.0000 	 831.9081 	 10.0000 	 0.4720 	 0.1993 	 0.8356 	 6.0000 	 2.4290 	 0.0000 	 1.1711 
12.0000 	 0.0943 	 0.2008 	 0.0023 	 1.3590 	 0.0012 	 0.0000 	 832.8954 	 12.0000 	 0.1052 	 0.2895 	 0.0737 	 12.0000 	 0.5220 	 0.0000 	 0.2503 
9.0000 	 0.0300 	 0.0435 	 0.0653 	 1.3507 	 0.0110 	 0.0000 	 638.5774 	 9.0000 	 0.9593 	 0.3720 	 0.0899 	 9.0000 	 0.8671 	 0.0000 	 0.1140 
12.0000 	 0.0577 	 0.0389 	 0.0063 	 1.0216 	 0.0011 	 0.0000 	 599.9580 	 12.0000 	 0.4461 	 0.4725 	 0.8339 	 9.0000 	 1.7071 	 0.0000 	 8.6830 
14.0000 	 0.0278 	 0.0104 	 0.0087 	 4.1928 	 0.0017 	 0.0000 	 650.2911 	 14.0000 	 0.1572 	 0.9444 	 0.7008 	 13.0000 	 0.9420 	 0.0000 	 0.7008 
9.0000 	 0.1470 	 0.0131 	 0.0527 	 1.0000 	 0.0022 	 0.0000 	 319.5004 	 9.0000 	 0.6323 	 0.9057 	 0.6034 	 3.0000 	 2.4523 	 0.0000 	 0.9647 
12.0000 	 0.7778 	 0.0227 	 0.3852 	 1.7893 	 0.0241 	 0.0000 	 759.9416 	 12.0000 	 0.0053 	 0.3653 	 0.7916 	 12.0000 	 0.1127 	 0.0000 	 0.4261 
6.0000 	 0.3798 	 0.0222 	 0.0241 	 12.1397 	 0.0041 	 0.0000 	 828.7465 	 6.0000 	 0.2169 	 0.6807 	 0.3919 	 8.0000 	 1.1802 	 0.0000 	 0.1105 
9.0000 	 0.0939 	 0.0168 	 0.6482 	 1.0133 	 0.0422 	 0.0000 	 361.4450 	 9.0000 	 0.3243 	 0.4688 	 0.7760 	 8.0000 	 1.9027 	 0.0000 	 0.7003 
10.0000 	 0.3139 	 0.0031 	 0.1305 	 2.4196 	 0.0038 	 0.0000 	 308.9390 	 10.0000 	 0.4943 	 0.6126 	 0.4931 	 9.0000 	 1.4050 	 0.0000 	 0.7051 
12.0000 	 0.2503 	 0.2088 	 0.0359 	 11.8334 	 0.0214 	 0.0000 	 838.0009 	 12.0000 	 0.1632 	 0.2650 	 0.4455 	 1.0000 	 0.0394 	 0.0000 	 0.8762 
5.0000 	 0.1596 	 0.0315 	 0.0567 	 6.4951 	 0.0144 	 0.0000 	 814.0151 	 5.0000 	 0.7003 	 0.7099 	 0.6824 	 2.0000 	 0.6538 	 0.0000 	 0.1851 
11.0000 	 0.2644 	 0.0099 	 1.0000 	 1.0000 	 0.0430 	 0.0000 	 406.0746 	 11.0000 	 0.3103 	 0.0833 	 0.4929 	 15.0000 	 1.8375 	 0.0000 	 0.7693 
10.0000 	 0.5579 	 0.0041 	 0.1755 	 1.6665 	 0.0026 	 0.0000 	 295.6719 	 10.0000 	 0.1500 	 0.1201 	 0.3402 	 12.0000 	 1.1484 	 0.0000 	 0.9330 
6.0000 	 0.0153 	 0.3841 	 0.0087 	 1.0000 	 0.0067 	 0.0000 	 735.2214 	 6.0000 	 0.4552 	 0.8829 	 0.2850 	 14.0000 	 1.7940 	 0.0000 	 1.1725 
13.0000 	 0.3477 	 0.0198 	 1.0000 	 5.1240 	 0.3152 	 0.0000 	 772.3210 	 13.0000 	 0.5594 	 0.0337 	 0.9253 	 9.0000 	 0.7952 	 0.0000 	 0.3766 
3.0000 	 0.0499 	 0.0155 	 0.0477 	 9.9651 	 0.0077 	 0.0000 	 586.8471 	 3.0000 	 0.3285 	 0.5275 	 0.3946 	 14.0000 	 2.5367 	 0.0000 	 0.1338 
7.0000 	 0.0386 	 0.0125 	 0.0249 	 10.2818 	 0.0076 	 0.0000 	 697.4406 	 7.0000 	 0.1649 	 0.9863 	 0.7878 	 10.0000 	 1.5904 	 0.0000 	 0.0810 
2.0000 	 0.2630 	 0.1109 	 0.1235 	 12.3339 	 0.0178 	 0.0000 	 735.8335 	 2.0000 	 0.1896 	 0.6145 	 0.1109 	 15.0000 	 0.8181 	 0.0000 	 0.3371 
5.0000 	 0.1009 	 0.0055 	 0.2162 	 11.4224 	 0.0277 	 0.0000 	 608.4784 	 5.0000 	 0.8247 	 0.2757 	 0.3321 	 6.0000 	 0.1487 	 0.0000 	 0.4560 
7.0000 	 0.2663 	 0.0097 	 0.0639 	 1.0000 	 0.0018 	 0.0000 	 332.3635 	 7.0000 	 0.1079 	 0.9461 	 0.4215 	 9.0000 	 0.1597 	 0.0000 	 0.2784 
9.0000 	 0.7433 	 0.1550 	 0.2386 	 1.0021 	 0.0373 	 0.0000 	 827.0002 	 9.0000 	 0.3913 	 0.7944 	 0.1314 	 12.0000 	 2.4321 	 0.0000 	 0.4602 
3.0000 	 0.1000 	 0.0328 	 1.0000 	 16.6428 	 0.6166 	 0.0000 	 655.6482 	 3.0000 	 0.6672 	 0.5187 	 0.7125 	 6.0000 	 0.4189 	 0.0000 	 0.5346 
7.0000 	 0.1202 	 0.0165 	 0.0180 	 1.0026 	 0.0010 	 0.0000 	 296.5354 	 7.0000 	 0.4141 	 0.0507 	 0.3508 	 5.0000 	 1.5583 	 0.0000 	 0.9992 
2.0000 	 0.3410 	 0.1131 	 0.3468 	 45.9567 	 0.0523 	 0.0000 	 745.6165 	 2.0000 	 0.8177 	 0.5416 	 0.8466 	 8.0000 	 0.0179 	 0.0000 	 0.3043 
9.0000 	 0.0690 	 0.0126 	 0.3683 	 1.5729 	 0.0258 	 0.0000 	 343.9359 	 9.0000 	 0.9474 	 0.3937 	 0.3037 	 5.0000 	 1.7542 	 0.0000 	 0.9600 
5.0000 	 0.4341 	 0.0012 	 0.0529 	 14.5170 	 0.0013 	 0.0000 	 414.3949 	 5.0000 	 0.5403 	 0.2931 	 0.2597 	 8.0000 	 0.1212 	 0.0000 	 0.2820 
9.0000 	 0.0138 	 0.0100 	 0.0064 	 16.7663 	 0.0033 	 0.0000 	 682.2602 	 9.0000 	 0.8549 	 0.2916 	 0.1039 	 14.0000 	 2.6308 	 0.0000 	 0.8787 
7.0000 	 0.0575 	 0.0380 	 0.0514 	 1.0000 	 0.0054 	 0.0000 	 530.7179 	 7.0000 	 0.7364 	 0.5557 	 0.8664 	 1.0000 	 1.2168 	 0.0000 	 0.3942 
9.0000 	 0.0578 	 0.0506 	 0.1235 	 1.1384 	 0.0267 	 0.0000 	 777.0616 	 9.0000 	 0.0771 	 0.8161 	 0.3751 	 13.0000 	 2.6415 	 0.0000 	 0.1126 
3.0000 	 0.2749 	 0.0049 	 0.0903 	 6.5011 	 0.0026 	 0.0000 	 271.0907 	 3.0000 	 0.6883 	 0.0745 	 0.3857 	 6.0000 	 1.9283 	 0.0000 	 0.9833 
6.0000 	 0.6538 	 0.0139 	 0.0130 	 6.2439 	 0.0010 	 0.0000 	 786.9835 	 6.0000 	 0.6459 	 0.3664 	 0.6136 	 15.0000 	 2.4312 	 0.0000 	 1.4894 
2.0000 	 0.1922 	 0.0465 	 0.0794 	 1.1414 	 0.0035 	 0.0000 	 447.6541 	 2.0000 	 0.7754 	 0.6300 	 0.5705 	 8.0000 	 1.1966 	 0.0000 	 0.3787 
6.0000 	 0.3131 	 0.0018 	 0.0804 	 4.5781 	 0.0016 	 0.0000 	 394.4844 	 6.0000 	 0.7048 	 0.1354 	 0.6818 	 4.0000 	 0.3114 	 0.0000 	 0.5007 
5.0000 	 0.0792 	 0.0820 	 0.0116 	 2.2236 	 0.0034 	 0.0000 	 773.2316 	 5.0000 	 0.8212 	 0.3339 	 0.8736 	 10.0000 	 2.2177 	 0.0000 	 2.3851 
5.0000 	 0.0365 	 0.0514 	 0.0322 	 1.5973 	 0.0043 	 0.0000 	 530.9571 	 5.0000 	 0.4315 	 0.9081 	 0.5558 	 14.0000 	 0.1163 	 0.0000 	 0.8803 
5.0000 	 0.6900 	 0.0274 	 0.0797 	 13.6739 	 0.0022 	 0.0000 	 800.2171 	 5.0000 	 0.8933 	 0.6052 	 0.0869 	 4.0000 	 1.7255 	 0.0000 	 0.1646 
3.0000 	 0.0390 	 0.0164 	 0.0314 	 10.6202 	 0.0050 	 0.0000 	 536.2274 	 3.0000 	 0.8303 	 0.4418 	 0.1438 	 1.0000 	 1.4309 	 0.0000 	 0.8510 
3.0000 	 0.5124 	 0.0778 	 1.0000 	 29.1706 	 0.1887 	 0.0000 	 738.2838 	 3.0000 	 0.3302 	 0.1689 	 0.8739 	 4.0000 	 0.3353 	 0.0000 	 0.1039 
3.0000 	 0.0615 	 0.0180 	 0.3118 	 4.2575 	 0.0280 	 0.0000 	 464.6902 	 3.0000 	 0.8221 	 0.9724 	 0.1760 	 2.0000 	 1.5165 	 0.0000 	 0.7096 
2.0000 	 0.1556 	 0.0340 	 0.1410 	 1.7475 	 0.0062 	 0.0000 	 352.5968 	 2.0000 	 0.9864 	 0.0461 	 0.2212 	 6.0000 	 1.3212 	 0.0000 	 0.9496 
2.0000 	 0.2349 	 0.0081 	 0.0785 	 3.9587 	 0.0017 	 0.0000 	 407.4601 	 2.0000 	 0.9981 	 0.7497 	 0.1735 	 1.0000 	 2.9715 	 0.0000 	 0.6155 
2.0000 	 0.1250 	 0.0085 	 0.0810 	 8.2418 	 0.0048 	 0.0000 	 319.1883 	 2.0000 	 0.0256 	 0.9624 	 0.3686 	 5.0000 	 1.8763 	 0.0000 	 0.9902 
4.0000 	 0.0536 	 0.0295 	 0.3243 	 2.5340 	 0.0416 	 0.0000 	 399.7529 	 4.0000 	 0.2865 	 0.4460 	 0.3871 	 2.0000 	 0.0083 	 0.0000 	 1.0013 
1.0000 	 0.0851 	 1.0000 	 0.7675 	 6.6232 	 0.0829 	 0.0000 	 684.7985 	 1.0000 	 0.9728 	 0.7030 	 0.2100 	 6.0000 	 2.6327 	 0.0000 	 0.6930 
1.0000 	 0.0569 	 0.1261 	 0.0164 	 7.1344 	 0.0033 	 0.0000 	 651.2355 	 1.0000 	 0.6318 	 0.2508 	 0.0902 	 8.0000 	 1.1670 	 0.0000 	 0.1383 
44.0000 	 0.1741 	 0.0011 	 0.0396 	 1.6490 	 0.0015 	 0.0000 	 349.0589 	 44.0000 	 0.6711 	 0.3080 	 0.8759 	 2.0000 	 1.5024 	 0.0000 	 0.5746 
46.0000 	 0.3155 	 0.0010 	 0.0358 	 10.1149 	 0.0035 	 0.0000 	 783.4497 	 46.0000 	 0.4681 	 0.2754 	 0.7393 	 10.0000 	 2.9136 	 0.0000 	 0.0982 
46.0000 	 0.1640 	 0.0015 	 0.0766 	 2.3692 	 0.0058 	 0.0000 	 441.0690 	 46.0000 	 0.2750 	 0.8071 	 0.9240 	 3.0000 	 1.0882 	 0.0000 	 0.9922 
                                                                                                                                                    49.0000 	 0.0850 	 0.0024 	 0.0052 	 8.8562 	 0.0020 	 0.0000 	 818.8728 	 49.0000 	 0.5768 	 0.6345 	 0.1410 	 7.0000 	 0.4847 	 0.0000 	 0.3448 
49.0000 	 0.0334 	 0.0060 	 0.3203 	 1.1467 	 0.0553 	 0.0000 	 441.1400 	 49.0000 	 0.8653 	 0.5066 	 0.9558 	 1.0000 	 2.3379 	 0.0000 	 1.0020 
46.0000 	 0.3202 	 0.0011 	 0.4552 	 1.0883 	 0.0099 	 0.0000 	 282.7907 	 46.0000 	 0.9991 	 0.0528 	 0.1231 	 11.0000 	 2.3064 	 0.0000 	 0.8919 
48.0000 	 0.2345 	 0.0015 	 0.2731 	 1.0000 	 0.0072 	 0.0000 	 294.4833 	 48.0000 	 0.1387 	 0.1984 	 0.1517 	 4.0000 	 2.8631 	 0.0000 	 0.6812 
48.0000 	 0.0663 	 0.0191 	 0.0736 	 1.5833 	 0.0322 	 0.0000 	 802.5924 	 48.0000 	 0.2003 	 0.4531 	 0.8027 	 7.0000 	 2.1100 	 0.0000 	 0.3925 
43.0000 	 0.6100 	 0.0839 	 0.0407 	 2.2981 	 0.0114 	 0.0000 	 836.2700 	 43.0000 	 0.9101 	 0.7262 	 0.2374 	 10.0000 	 2.1114 	 0.0000 	 0.5085 
42.0000 	 0.0911 	 0.0073 	 0.0076 	 1.0000 	 0.0010 	 0.0000 	 625.5282 	 42.0000 	 0.7310 	 0.7770 	 0.3345 	 10.0000 	 2.1325 	 0.0000 	 0.4006 
                                                                                                                                                     41.0000 	 0.5237 	 0.0012 	 0.7351 	 1.0890 	 0.0149 	 0.0000 	 357.9694 	 41.0000 	 0.3521 	 0.1309 	 0.2025 	 7.0000 	 1.4144 	 0.0000 	 0.6580 
                                                                                                                                                                                                                                                                                                                                                                                                                                                                                                                                                                                                                  41.0000 	 0.0699 	 0.0052 	 0.1685 	 1.0022 	 0.0154 	 0.0000 	 352.1349 	 41.0000 	 0.8487 	 0.8670 	 0.6907 	 6.0000 	 0.3112 	 0.0000 	 0.9932 
                                                                                                                                                                                                                                                                                                                                                                                                                                                                                                                                                                                                                                                                                                                                                                     34.0000 	 0.1116 	 0.0013 	 0.3467 	 2.7346 	 0.0200 	 0.0000 	 291.5652 	 34.0000 	 0.3261 	 0.6082 	 0.8596 	 1.0000 	 0.9341 	 0.0000 	 1.0100 
43.0000 	 0.1312 	 0.0023 	 0.5086 	 1.0011 	 0.0176 	 0.0000 	 290.6595 	 43.0000 	 0.4401 	 0.5647 	 0.3549 	 9.0000 	 1.1245 	 0.0000 	 1.0990 
                                                                                                                                                                                                                                                                                                         37.0000 	 0.0484 	 0.2832 	 0.0411 	 15.6070 	 0.2524 	 0.0000 	 763.3139 	 37.0000 	 0.2288 	 0.5552 	 0.4218 	 6.0000 	 2.7811 	 0.0000 	 0.9977 
                                                                                                                                                                                                                                                                                                         34.0000 	 0.4181 	 0.0013 	 0.9643 	 1.9395 	 0.0333 	 0.0000 	 373.0687 	 34.0000 	 0.5498 	 0.7087 	 0.4304 	 5.0000 	 1.2562 	 0.0000 	 0.8354 
                                                                                                                                                                                                                                                                                                                                                                                                                                                                                                                                                                                                                   31.0000 	 0.3051 	 0.0284 	 0.0352 	 1.8865 	 0.0074 	 0.0000 	 832.8080 	 31.0000 	 0.6075 	 0.6101 	 0.2234 	 11.0000 	 1.6496 	 0.0000 	 0.3499 
38.0000 	 0.1380 	 0.0010 	 0.0173 	 5.0504 	 0.0017 	 0.0000 	 501.5751 	 38.0000 	 0.2144 	 0.5685 	 0.9829 	 4.0000 	 2.4087 	 0.0000 	 0.9713 
36.0000 	 0.3119 	 0.0710 	 0.0314 	 1.0004 	 0.0088 	 0.0000 	 833.1868 	 36.0000 	 0.6288 	 0.8220 	 0.6985 	 13.0000 	 0.0862 	 0.0000 	 0.3843 
31.0000 	 0.3785 	 0.0017 	 0.1722 	 1.0000 	 0.0026 	 0.0000 	 325.3607 	 31.0000 	 0.0247 	 0.7403 	 0.5177 	 4.0000 	 0.1666 	 0.0000 	 0.6477 
33.0000 	 0.2590 	 0.2937 	 0.0031 	 1.0000 	 0.0017 	 0.0000 	 840.4200 	 33.0000 	 0.5695 	 0.1331 	 0.7761 	 14.0000 	 2.5392 	 0.0000 	 0.2051 
                                                                                                                                                    32.0000 	 0.2671 	 0.0010 	 0.7018 	 2.2632 	 0.0192 	 0.0000 	 340.4562 	 32.0000 	 0.2946 	 0.8701 	 0.8994 	 12.0000 	 2.8997 	 0.0000 	 0.5707 
                                                                                                                                                                                                                                                                                                         30.0000 	 0.1426 	 0.0010 	 0.0742 	 3.9453 	 0.0035 	 0.0000 	 269.2269 	 30.0000 	 0.3038 	 0.4264 	 0.4817 	 9.0000 	 1.6418 	 0.0000 	 1.0078 
31.0000 	 0.0877 	 0.0043 	 0.0200 	 1.0017 	 0.0013 	 0.0000 	 361.5986 	 31.0000 	 0.0498 	 0.7251 	 0.1846 	 10.0000 	 0.6794 	 0.0000 	 0.9664 
35.0000 	 0.4980 	 0.5338 	 0.0077 	 1.0000 	 0.0039 	 0.0000 	 839.4469 	 35.0000 	 0.2606 	 0.5140 	 0.5404 	 14.0000 	 1.9805 	 0.0000 	 0.2464 
29.0000 	 0.1668 	 0.0010 	 1.0000 	 3.6214 	 0.0413 	 0.0000 	 262.6770 	 29.0000 	 0.5650 	 0.1421 	 0.8084 	 14.0000 	 1.2700 	 0.0000 	 1.0004 
30.0000 	 0.1512 	 0.0010 	 0.0660 	 3.9506 	 0.0034 	 0.0000 	 301.5140 	 30.0000 	 0.6110 	 0.5201 	 0.5993 	 2.0000 	 0.8556 	 0.0000 	 1.0033 
                                                                                                                                                    30.0000 	 0.4012 	 0.0877 	 0.0158 	 2.0843 	 0.0048 	 0.0000 	 836.8172 	 30.0000 	 0.6391 	 0.5012 	 0.5508 	 9.0000 	 0.9059 	 0.0000 	 0.4446 
29.0000 	 0.2263 	 0.0010 	 0.0165 	 21.3776 	 0.0024 	 0.0000 	 786.8466 	 29.0000 	 0.9832 	 0.8146 	 0.4913 	 2.0000 	 0.6846 	 0.0000 	 0.0998 
                                                                                                                                                    29.0000 	 0.0382 	 0.0017 	 0.3247 	 6.5166 	 0.0447 	 0.0000 	 485.7937 	 29.0000 	 0.4542 	 0.5242 	 0.5938 	 5.0000 	 1.2329 	 0.0000 	 0.9743 
28.0000 	 0.1407 	 0.0010 	 0.0260 	 3.9199 	 0.0010 	 0.0000 	 339.2363 	 28.0000 	 0.4878 	 0.1727 	 0.4850 	 9.0000 	 0.8753 	 0.0000 	 0.6538 
32.0000 	 0.7316 	 0.8534 	 0.0354 	 18.3153 	 0.0156 	 0.0000 	 840.3278 	 32.0000 	 0.1960 	 0.8245 	 0.0488 	 2.0000 	 2.7298 	 0.0000 	 0.2598 
                                                                                                                                                    27.0000 	 0.1035 	 0.0010 	 0.1956 	 5.3840 	 0.0087 	 0.0000 	 352.4550 	 27.0000 	 0.8555 	 0.6746 	 0.0191 	 11.0000 	 0.3180 	 0.0000 	 0.9878 
31.0000 	 0.3584 	 0.2126 	 0.0043 	 1.0009 	 0.0015 	 0.0000 	 837.9375 	 31.0000 	 0.3611 	 0.3658 	 0.6882 	 1.0000 	 1.6494 	 0.0000 	 0.4539 
30.0000 	 0.0972 	 0.0059 	 0.1247 	 1.0229 	 0.0087 	 0.0000 	 354.3791 	 30.0000 	 0.2432 	 0.5817 	 0.5572 	 3.0000 	 1.7714 	 0.0000 	 0.8641 
27.0000 	 0.1149 	 0.0037 	 0.0326 	 1.2714 	 0.0019 	 0.0000 	 385.9295 	 27.0000 	 0.9674 	 0.9080 	 0.6937 	 6.0000 	 2.2953 	 0.0000 	 0.8423 
28.0000 	 0.1542 	 0.0017 	 0.0247 	 2.3591 	 0.0010 	 0.0000 	 272.5406 	 28.0000 	 0.7704 	 0.9566 	 0.0581 	 5.0000 	 0.3383 	 0.0000 	 1.0478 
27.0000 	 0.6884 	 0.0189 	 0.1294 	 1.3283 	 0.0101 	 0.0000 	 797.3328 	 27.0000 	 0.9614 	 0.3703 	 0.6261 	 4.0000 	 0.7292 	 0.0000 	 0.2948 
27.0000 	 0.2343 	 0.0010 	 0.3548 	 1.9284 	 0.0085 	 0.0000 	 279.1893 	 27.0000 	 0.6953 	 0.8250 	 0.3476 	 15.0000 	 1.7988 	 0.0000 	 0.9878 
26.0000 	 0.2881 	 0.0975 	 0.0689 	 1.0225 	 0.0176 	 0.0000 	 835.6113 	 26.0000 	 0.2949 	 0.9295 	 0.9147 	 14.0000 	 0.8098 	 0.0000 	 0.6001 
29.0000 	 0.1316 	 0.0011 	 0.5507 	 4.4784 	 0.0279 	 0.0000 	 269.3148 	 29.0000 	 0.5896 	 0.2751 	 0.6087 	 13.0000 	 2.7919 	 0.0000 	 1.0657 
                                                                                                                                                                                                                                                                                                                                                                                                                                                              28.0000 	 0.0709 	 0.0064 	 0.7539 	 1.0687 	 0.0414 	 0.0000 	 563.6064 	 28.0000 	 0.8815 	 0.5763 	 0.5022 	 11.0000 	 2.1528 	 0.0000 	 0.1132 
29.0000 	 0.0517 	 0.0010 	 0.1228 	 8.5117 	 0.0098 	 0.0000 	 446.0028 	 29.0000 	 0.3527 	 0.7482 	 0.9992 	 11.0000 	 0.1410 	 0.0000 	 0.8790 
26.0000 	 0.0467 	 0.0026 	 0.0081 	 5.3974 	 0.0019 	 0.0000 	 720.2329 	 26.0000 	 0.8654 	 0.8082 	 0.5789 	 12.0000 	 0.0343 	 0.0000 	 0.6398 
26.0000 	 0.2558 	 0.0022 	 0.0907 	 1.3499 	 0.0021 	 0.0000 	 298.1757 	 26.0000 	 0.2684 	 0.3148 	 0.1149 	 2.0000 	 0.6836 	 0.0000 	 0.9308 
22.0000 	 0.0711 	 0.0011 	 0.0095 	 10.5094 	 0.0012 	 0.0000 	 489.5009 	 22.0000 	 0.5665 	 0.2666 	 0.0462 	 15.0000 	 2.6104 	 0.0000 	 0.9818 
                                                                                                                                                    24.0000 	 0.5233 	 0.0165 	 0.0070 	 19.3353 	 0.0022 	 0.0000 	 837.1017 	 24.0000 	 0.4857 	 0.1730 	 0.4617 	 8.0000 	 0.4313 	 0.0000 	 0.2151 
26.0000 	 0.8816 	 0.5888 	 0.5778 	 1.5439 	 0.2427 	 0.0000 	 840.2172 	 26.0000 	 0.7671 	 0.6193 	 0.7435 	 2.0000 	 1.3064 	 0.0000 	 0.2426 
26.0000 	 0.0512 	 0.0047 	 0.1395 	 3.1239 	 0.0216 	 0.0000 	 600.3706 	 26.0000 	 0.1638 	 0.9994 	 0.6488 	 6.0000 	 0.7301 	 0.0000 	 0.7431 
27.0000 	 0.0645 	 0.0010 	 0.0194 	 8.2972 	 0.0020 	 0.0000 	 595.0745 	 27.0000 	 0.4031 	 0.1020 	 0.1817 	 15.0000 	 0.3506 	 0.0000 	 0.4131 
                                                                                                                                                     25.0000 	 0.2214 	 0.0010 	 0.0519 	 2.6359 	 0.0013 	 0.0000 	 300.0124 	 25.0000 	 0.1130 	 0.4445 	 0.2076 	 8.0000 	 2.4714 	 0.0000 	 0.4267 
                                                                                                                                                      27.0000 	 0.5966 	 0.0018 	 0.1239 	 1.0645 	 0.0017 	 0.0000 	 344.6459 	 27.0000 	 0.9196 	 0.9921 	 0.1616 	 12.0000 	 0.7889 	 0.0000 	 0.8285 
24.0000 	 0.4729 	 0.0274 	 0.0219 	 4.8577 	 0.0048 	 0.0000 	 835.9988 	 24.0000 	 0.7038 	 0.8759 	 0.4072 	 9.0000 	 1.8103 	 0.0000 	 1.0682 
21.0000 	 0.1949 	 0.0034 	 0.2044 	 1.0000 	 0.0071 	 0.0000 	 261.0101 	 21.0000 	 0.7381 	 0.0074 	 0.2086 	 15.0000 	 2.6830 	 0.0000 	 0.9786 
22.0000 	 0.1040 	 0.5178 	 0.0103 	 1.4479 	 0.0107 	 0.0000 	 833.7896 	 22.0000 	 0.2710 	 0.0322 	 0.4923 	 5.0000 	 0.0097 	 0.0000 	 0.4401 
                                                                                                                                                    24.0000 	 0.0329 	 0.9866 	 0.0029 	 8.3391 	 0.0172 	 0.0000 	 962.5631 	 24.0000 	 0.0722 	 0.2641 	 0.0008 	 3.0000 	 1.5116 	 0.0000 	 1.0020 
20.0000 	 0.1264 	 0.0041 	 0.0389 	 1.1947 	 0.0016 	 0.0000 	 348.5258 	 20.0000 	 0.1683 	 0.5611 	 0.8595 	 7.0000 	 2.4042 	 0.0000 	 0.9930 
22.0000 	 0.1147 	 0.6626 	 0.0476 	 2.1259 	 0.0615 	 0.0000 	 847.6854 	 22.0000 	 0.8385 	 0.6187 	 0.9109 	 12.0000 	 2.0742 	 0.0000 	 0.1642 
24.0000 	 0.5617 	 0.1202 	 0.0095 	 6.1442 	 0.0041 	 0.0000 	 843.4099 	 24.0000 	 0.5899 	 0.8303 	 0.4071 	 13.0000 	 2.1377 	 0.0000 	 0.2574 
25.0000 	 0.0446 	 0.0021 	 0.2362 	 5.0856 	 0.0270 	 0.0000 	 446.2353 	 25.0000 	 0.7767 	 0.8578 	 0.1785 	 12.0000 	 2.9218 	 0.0000 	 1.0024 
21.0000 	 0.0779 	 0.0016 	 0.4133 	 6.0981 	 0.0299 	 0.0000 	 380.9872 	 21.0000 	 0.3171 	 0.3390 	 0.6170 	 2.0000 	 1.9491 	 0.0000 	 0.9273 
21.0000 	 0.6918 	 0.1369 	 0.0691 	 1.0000 	 0.0093 	 0.0000 	 834.4555 	 21.0000 	 0.2522 	 0.8005 	 0.2151 	 2.0000 	 0.8658 	 0.0000 	 0.5493 
23.0000 	 0.4635 	 0.0680 	 0.1026 	 5.2150 	 0.0501 	 0.0000 	 854.6620 	 23.0000 	 0.9063 	 0.4166 	 0.3807 	 14.0000 	 1.6310 	 0.0000 	 0.2302 
20.0000 	 0.3297 	 0.2632 	 0.0110 	 1.4248 	 0.0037 	 0.0000 	 842.4348 	 20.0000 	 0.8830 	 0.2189 	 0.7256 	 10.0000 	 0.2051 	 0.0000 	 0.4023 
18.0000 	 0.1073 	 0.0080 	 0.1493 	 1.0000 	 0.0088 	 0.0000 	 372.8877 	 18.0000 	 0.5729 	 0.8915 	 0.5544 	 3.0000 	 2.6685 	 0.0000 	 0.7194 
                                                                                                                                                                                                                                                                                                        17.0000 	 0.5468 	 0.1940 	 0.0102 	 1.0000 	 0.0024 	 0.0000 	 839.8732 	 17.0000 	 0.0027 	 0.8280 	 0.1548 	 15.0000 	 1.9512 	 0.0000 	 0.6099 
18.0000 	 0.7172 	 0.0102 	 0.0647 	 49.9999 	 0.0163 	 0.0000 	 826.2067 	 18.0000 	 0.9924 	 0.3501 	 0.7159 	 8.0000 	 2.2103 	 0.0000 	 1.1597 
                                                                                                                                                     21.0000 	 0.4641 	 0.0299 	 0.0477 	 8.8594 	 0.0130 	 0.0000 	 834.8631 	 21.0000 	 0.6266 	 0.3204 	 0.2202 	 5.0000 	 0.1478 	 0.0000 	 0.5346 
20.0000 	 0.8305 	 0.0254 	 1.0000 	 1.0342 	 0.0520 	 0.0000 	 800.9133 	 20.0000 	 0.2515 	 0.4921 	 0.6184 	 7.0000 	 2.7735 	 0.0000 	 0.1036 
19.0000 	 0.3894 	 0.0485 	 1.0000 	 1.0110 	 0.1967 	 0.0000 	 784.2771 	 19.0000 	 0.1983 	 0.1192 	 0.6547 	 14.0000 	 1.5598 	 0.0000 	 0.1114 
20.0000 	 0.5057 	 0.1208 	 0.0190 	 4.3714 	 0.0062 	 0.0000 	 838.7779 	 20.0000 	 0.4262 	 0.9548 	 0.4893 	 7.0000 	 2.0025 	 0.0000 	 0.3840 
16.0000 	 0.1269 	 0.0055 	 0.3250 	 1.0000 	 0.0121 	 0.0000 	 278.1239 	 16.0000 	 0.0298 	 0.9350 	 0.3297 	 7.0000 	 2.6754 	 0.0000 	 0.9905 
                                                                                                                                                    22.0000 	 0.8480 	 0.0049 	 0.1230 	 1.0000 	 0.0021 	 0.0000 	 489.2743 	 22.0000 	 0.8999 	 0.4163 	 0.8566 	 1.0000 	 2.2319 	 0.0000 	 1.6654 
21.0000 	 0.1100 	 0.0012 	 0.0386 	 5.1546 	 0.0021 	 0.0000 	 321.6765 	 21.0000 	 0.2766 	 0.6289 	 0.1320 	 11.0000 	 2.3113 	 0.0000 	 0.9910 
18.0000 	 0.6461 	 0.0084 	 0.0249 	 1.5765 	 0.0012 	 0.0000 	 721.6190 	 18.0000 	 0.5392 	 0.0229 	 0.8450 	 8.0000 	 1.8625 	 0.0000 	 0.6031 
                                                                                                                                                      4.0000 	 0.6994 	 0.5445 	 0.0216 	 1.2170 	 0.0029 	 0.0000 	 785.2716 	 4.0000 	 0.4808 	 0.0963 	 0.2304 	 14.0000 	 1.8534 	 0.0000 	 0.2756 
                                                                                                                                                     13.0000 	 0.0903 	 0.0458 	 0.0092 	 2.3396 	 0.0031 	 0.0000 	 824.0896 	 13.0000 	 0.7361 	 0.6258 	 0.1630 	 1.0000 	 1.4887 	 0.0000 	 0.9670 
17.0000 	 0.7819 	 0.0251 	 0.5869 	 2.3855 	 0.0503 	 0.0000 	 817.5798 	 17.0000 	 0.0734 	 0.0269 	 0.3889 	 14.0000 	 0.9926 	 0.0000 	 2.1997 
4.0000 	 0.1404 	 0.0069 	 0.2484 	 3.6747 	 0.0108 	 0.0000 	 360.9918 	 4.0000 	 0.1132 	 0.1502 	 0.8256 	 8.0000 	 2.5076 	 0.0000 	 0.5554 
14.0000 	 0.1526 	 0.0011 	 0.1441 	 5.2565 	 0.0053 	 0.0000 	 294.4863 	 14.0000 	 0.0840 	 0.6900 	 0.7747 	 10.0000 	 1.2267 	 0.0000 	 0.8973 
4.0000 	 0.1034 	 0.0464 	 0.0302 	 5.1417 	 0.0077 	 0.0000 	 782.8092 	 4.0000 	 0.0417 	 0.7767 	 0.3707 	 2.0000 	 2.3328 	 0.0000 	 0.2286 
14.0000 	 0.3217 	 0.0010 	 0.1309 	 6.8343 	 0.0031 	 0.0000 	 476.3839 	 14.0000 	 0.4015 	 0.4498 	 0.9847 	 11.0000 	 0.8316 	 0.0000 	 0.4890 
18.0000 	 0.1439 	 0.0059 	 0.0266 	 7.4452 	 0.0058 	 0.0000 	 791.5230 	 18.0000 	 0.5758 	 0.0187 	 0.3434 	 8.0000 	 2.6030 	 0.0000 	 0.3695 
21.0000 	 0.4434 	 0.0025 	 0.1786 	 1.1306 	 0.0041 	 0.0000 	 361.6717 	 21.0000 	 0.4097 	 0.1610 	 0.2803 	 2.0000 	 1.1443 	 0.0000 	 0.1423 
16.0000 	 0.2162 	 0.0341 	 0.9157 	 1.5097 	 0.1984 	 0.0000 	 758.3099 	 16.0000 	 0.3649 	 0.0467 	 0.5856 	 2.0000 	 0.1333 	 0.0000 	 0.3357 
19.0000 	 0.5928 	 0.1690 	 0.0708 	 1.0003 	 0.0132 	 0.0000 	 834.7402 	 19.0000 	 0.9786 	 0.6159 	 0.0542 	 15.0000 	 2.4424 	 0.0000 	 0.7105 
                                                                                                                                                   4.0000 	 0.4031 	 0.0030 	 0.0796 	 5.4987 	 0.0018 	 0.0000 	 317.2058 	 4.0000 	 0.8909 	 0.2594 	 0.5064 	 5.0000 	 0.2630 	 0.0000 	 0.7303 
8.0000 	 0.2948 	 0.0079 	 1.0000 	 1.0000 	 0.0315 	 0.0000 	 347.4122 	 8.0000 	 0.0887 	 0.0465 	 0.1851 	 13.0000 	 2.7560 	 0.0000 	 0.7109 
11.0000 	 0.5042 	 0.0405 	 0.0675 	 4.7226 	 0.0105 	 0.0000 	 820.9931 	 11.0000 	 0.6892 	 0.6193 	 0.9721 	 15.0000 	 0.1558 	 0.0000 	 0.2664 
                                                                                                                                                    19.0000 	 0.3198 	 0.1941 	 0.0600 	 1.1086 	 0.0165 	 0.0000 	 836.7519 	 19.0000 	 0.0687 	 0.0963 	 0.9174 	 2.0000 	 0.1253 	 0.0000 	 0.5653 
                                                                                                                                                                                                                                                                                                                                                                                                                                                         6.0000 	 0.1140 	 0.0020 	 0.2237 	 15.5503 	 0.0165 	 0.0000 	 321.6824 	 6.0000 	 0.3980 	 0.2013 	 0.6574 	 6.0000 	 1.5568 	 0.0000 	 0.9884 
4.0000 	 0.2473 	 0.0024 	 0.0811 	 9.0980 	 0.0025 	 0.0000 	 382.3763 	 4.0000 	 0.1849 	 0.0545 	 0.7263 	 5.0000 	 1.7486 	 0.0000 	 0.1100 
                                                                                                                                                  1.0000 	 0.1132 	 0.1361 	 0.1684 	 6.0088 	 0.0236 	 0.0000 	 691.3645 	 1.0000 	 0.3299 	 0.1125 	 0.7299 	 4.0000 	 0.6688 	 0.0000 	 0.5773 
16.0000 	 0.1028 	 0.0105 	 0.0174 	 1.0000 	 0.0015 	 0.0000 	 633.3798 	 16.0000 	 0.8533 	 0.8131 	 0.4140 	 8.0000 	 1.4306 	 0.0000 	 0.1839 
13.0000 	 0.0832 	 0.0163 	 0.0370 	 1.0000 	 0.0027 	 0.0000 	 552.0282 	 13.0000 	 0.5682 	 0.7502 	 0.3967 	 9.0000 	 2.0646 	 0.0000 	 0.2017 
                                                                                                                                                                                                                                                                                                      15.0000 	 0.0504 	 0.0086 	 0.2409 	 7.4822 	 0.0725 	 0.0000 	 761.9809 	 15.0000 	 0.6792 	 0.1167 	 0.8667 	 5.0000 	 1.4610 	 0.0000 	 0.4820 
7.0000 	 0.0366 	 0.0742 	 0.0405 	 1.8691 	 0.0164 	 0.0000 	 815.9369 	 7.0000 	 0.2238 	 0.3377 	 0.5503 	 12.0000 	 2.0270 	 0.0000 	 0.0947 
1.0000 	 0.0680 	 0.1838 	 0.0518 	 22.8632 	 0.0150 	 0.0000 	 715.4678 	 1.0000 	 0.3308 	 0.5562 	 0.7434 	 15.0000 	 1.0848 	 0.0000 	 0.1408 
7.0000 	 0.4087 	 0.0066 	 1.0000 	 1.0683 	 0.0216 	 0.0000 	 303.3954 	 7.0000 	 0.2880 	 0.9335 	 0.0367 	 14.0000 	 2.5111 	 0.0000 	 0.9880 
8.0000 	 0.0956 	 0.0037 	 0.0411 	 4.7540 	 0.0020 	 0.0000 	 382.4033 	 8.0000 	 0.0543 	 0.5210 	 0.2333 	 8.0000 	 1.4021 	 0.0000 	 0.9948 
1.0000 	 0.1142 	 0.0191 	 0.0233 	 13.2096 	 0.0017 	 0.0000 	 536.4150 	 1.0000 	 0.5169 	 0.5203 	 0.0060 	 11.0000 	 1.8426 	 0.0000 	 1.0442 
3.0000 	 0.3599 	 0.0088 	 0.0555 	 2.4156 	 0.0013 	 0.0000 	 345.9986 	 3.0000 	 0.7625 	 0.5209 	 0.4890 	 7.0000 	 1.3973 	 0.0000 	 0.8001 
19.0000 	 0.1030 	 0.0964 	 0.0058 	 6.3798 	 0.0049 	 0.0000 	 831.8380 	 19.0000 	 0.7263 	 0.1732 	 0.1401 	 8.0000 	 1.3387 	 0.0000 	 0.2629 
10.0000 	 0.3283 	 0.1381 	 0.0779 	 3.5131 	 0.0255 	 0.0000 	 833.3321 	 10.0000 	 0.9555 	 0.8759 	 0.9725 	 3.0000 	 1.1644 	 0.0000 	 0.3856 
13.0000 	 0.0997 	 0.0132 	 0.0154 	 1.4974 	 0.0017 	 0.0000 	 466.3096 	 13.0000 	 0.3766 	 0.5321 	 0.7980 	 11.0000 	 0.8837 	 0.0000 	 0.9927 
10.0000 	 0.1323 	 0.0088 	 0.4546 	 1.0000 	 0.0143 	 0.0000 	 302.7102 	 10.0000 	 0.5118 	 0.6142 	 0.8540 	 5.0000 	 0.6093 	 0.0000 	 0.9685 
