50.0000 	 5.9970 	 0.0010 	 -0.0010 	 2256.4840 	50.0000 	 1.4746 	 1.3509 	 -0.0891 	 0.1249 
50.0000 	 5.9868 	 0.0010 	 -49.9985 	 2176.2105 	50.0000 	 0.0885 	 1.7664 	 -1.9869 	 0.3169 
50.0000 	 0.0025 	 9.9981 	 -49.9997 	 1546.3291 	50.0000 	 1.4746 	 1.3509 	 -0.0891 	 0.1223 
49.0000 	 0.0025 	 9.9981 	 -49.9997 	 1536.3479 	49.0000 	 1.4746 	 1.3509 	 -0.0891 	 0.1227 
50.0000 	 5.9970 	 9.9929 	 -0.0010 	 2179.8476 	50.0000 	 2.3062 	 0.5504 	 -6.4590 	 0.2755 
50.0000 	 0.0025 	 9.9994 	 -49.9999 	 1555.7894 	50.0000 	 1.6996 	 1.1484 	 -3.4346 	 0.3910 
50.0000 	 0.0027 	 9.9994 	 -49.9999 	 1556.3536 	50.0000 	 1.9418 	 2.8921 	 -6.2365 	 0.3540 
50.0000 	 0.0028 	 9.9997 	 -50.0000 	 1556.4595 	50.0000 	 1.9224 	 1.1478 	 -6.0984 	 0.3317 
36.0000 	 0.0050 	 9.9929 	 -35.3874 	 1516.6617 	36.0000 	 1.2384 	 0.6963 	 -6.9436 	 0.1231 
37.0000 	 5.9996 	 9.9981 	 -0.0010 	 2213.0020 	37.0000 	 0.9273 	 1.1830 	 -3.7215 	 0.2127 
50.0000 	 0.5062 	 2.3541 	 -14.6131 	 1548.8933 	50.0000 	 1.8711 	 1.4338 	 -1.7532 	 0.0333 
36.0000 	 0.0025 	 9.9981 	 -0.0010 	 2210.4725 	36.0000 	 0.6354 	 0.9859 	 -5.5067 	 0.1320 
50.0000 	 0.3172 	 0.9366 	 -5.7457 	 1548.7935 	50.0000 	 1.1358 	 2.5067 	 -5.8251 	 0.0801 
36.0000 	 0.3050 	 10.0000 	 -9.8338 	 1913.3969 	36.0000 	 0.4909 	 2.7820 	 -6.5615 	 0.1206 
50.0000 	 5.9970 	 0.0010 	 -49.9985 	 2260.0467 	50.0000 	 2.5774 	 2.6670 	 -5.8710 	 0.1236 
50.0000 	 5.9868 	 9.9722 	 -49.9985 	 2176.9050 	50.0000 	 0.4129 	 2.7365 	 -1.4297 	 0.2810 
49.0000 	 5.9970 	 9.9929 	 -0.0010 	 2258.4720 	49.0000 	 0.7478 	 2.5855 	 -3.7904 	 0.1230 
49.0000 	 5.9996 	 9.9981 	 -0.0010 	 2257.4364 	49.0000 	 2.4758 	 2.3724 	 -5.2553 	 0.1223 
50.0000 	 0.0025 	 9.9722 	 -49.9985 	 1549.3997 	50.0000 	 1.6463 	 2.1385 	 -6.3587 	 0.1370 
50.0000 	 0.0025 	 9.9929 	 -49.9985 	 1549.1306 	50.0000 	 1.8772 	 1.4470 	 -4.6723 	 0.1225 
49.0000 	 0.0025 	 10.0000 	 -50.0000 	 1539.2967 	49.0000 	 2.4586 	 2.9683 	 -4.4958 	 0.3027 
36.0000 	 0.0143 	 9.9999 	 -35.8027 	 1516.4438 	36.0000 	 2.5207 	 0.2370 	 -0.4794 	 0.1054 
50.0000 	 0.0025 	 9.9722 	 -49.9985 	 1550.4787 	50.0000 	 0.5962 	 2.2469 	 -3.3070 	 0.1368 
50.0000 	 0.0025 	 9.9929 	 -49.9985 	 1549.5059 	50.0000 	 1.7918 	 2.4646 	 -4.8239 	 0.1223 
49.0000 	 0.0056 	 9.9994 	 -49.9999 	 1541.0727 	49.0000 	 0.6568 	 1.5845 	 -2.8756 	 0.3537 
35.0000 	 0.3200 	 0.7959 	 -4.2005 	 1549.8063 	35.0000 	 0.2694 	 1.8471 	 -4.4251 	 0.0381 
50.0000 	 0.0028 	 9.9987 	 -50.0000 	 1556.2641 	50.0000 	 0.5962 	 2.2469 	 -3.3070 	 0.3738 
36.0000 	 5.9970 	 0.0010 	 -0.0010 	 2256.9817 	36.0000 	 0.9703 	 2.1966 	 -3.7591 	 0.1244 
36.0000 	 0.0045 	 10.0000 	 -35.8291 	 1516.5386 	36.0000 	 1.9106 	 1.5908 	 -2.3538 	 0.0808 
21.0000 	 1.0356 	 5.5089 	 -24.4205 	 791.4774 	21.0000 	 0.4030 	 0.9068 	 -6.8093 	 0.1191 
35.0000 	 0.3735 	 1.0806 	 -5.7218 	 1549.7492 	35.0000 	 0.3366 	 1.4442 	 -5.8027 	 0.0276 
20.0000 	 1.0303 	 5.1865 	 -22.6156 	 793.1148 	20.0000 	 1.0493 	 1.8777 	 -5.5782 	 0.1546 
36.0000 	 0.3996 	 1.2648 	 -6.7123 	 1549.7316 	36.0000 	 2.9095 	 0.4608 	 -1.1830 	 0.0279 
37.0000 	 0.2202 	 0.3868 	 -2.0997 	 1549.6371 	37.0000 	 1.1560 	 1.8795 	 -4.1608 	 0.0411 
35.0000 	 1.1050 	 10.0000 	 -50.0000 	 788.7971 	35.0000 	 1.6311 	 1.8501 	 -3.1844 	 0.1310 
6.0000 	 2.7060 	 2.4336 	 -7.6209 	 814.6638 	6.0000 	 1.8000 	 1.9325 	 -2.2139 	 0.4509 
21.0000 	 1.0396 	 5.5316 	 -24.5252 	 791.5248 	21.0000 	 0.0353 	 1.2312 	 -0.8447 	 0.1539 
5.0000 	 2.8146 	 1.7260 	 -5.2241 	 825.8557 	5.0000 	 1.8513 	 2.6520 	 -3.5809 	 1.4325 
34.0000 	 0.0168 	 9.9792 	 -29.2557 	 1358.1884 	34.0000 	 0.8277 	 1.8947 	 -0.2647 	 0.4508 
35.0000 	 1.1092 	 9.9929 	 -49.9985 	 788.8689 	35.0000 	 1.7949 	 0.8970 	 -4.0677 	 0.1355 
21.0000 	 1.0695 	 5.6871 	 -25.4235 	 791.5802 	21.0000 	 0.2661 	 0.4524 	 -3.6770 	 0.1135 
20.0000 	 1.0387 	 5.2302 	 -22.8237 	 793.2874 	20.0000 	 0.8591 	 2.2728 	 -5.4372 	 0.1016 
22.0000 	 1.0964 	 5.9770 	 -28.1745 	 790.3544 	22.0000 	 2.5558 	 0.0719 	 -1.7412 	 0.1872 
21.0000 	 1.0712 	 5.5559 	 -25.2310 	 791.9437 	21.0000 	 0.3135 	 1.3773 	 -3.8445 	 0.1344 
6.0000 	 5.4649 	 7.9305 	 -26.9150 	 790.0852 	6.0000 	 2.7912 	 1.7902 	 -2.7764 	 0.8289 
20.0000 	 1.0054 	 5.0762 	 -22.1065 	 793.4391 	20.0000 	 2.6951 	 0.8433 	 -1.3632 	 0.1641 
19.0000 	 1.0128 	 4.7913 	 -20.6530 	 795.0398 	19.0000 	 1.1899 	 1.5967 	 -4.4324 	 0.1280 
5.0000 	 2.1251 	 1.1528 	 -3.3698 	 838.7179 	5.0000 	 1.7095 	 1.6626 	 -4.4097 	 0.3798 
6.0000 	 3.2971 	 3.2900 	 -11.1136 	 808.3200 	6.0000 	 2.2958 	 2.9743 	 -4.5827 	 0.6717 
20.0000 	 1.0132 	 5.1399 	 -22.4219 	 793.0582 	20.0000 	 2.9656 	 1.2130 	 -5.0451 	 0.1907 
5.0000 	 3.8290 	 2.9782 	 -9.0132 	 811.1350 	5.0000 	 2.3781 	 2.9757 	 -6.9582 	 0.5866 
7.0000 	 1.6269 	 1.6698 	 -5.2953 	 831.5547 	7.0000 	 0.0976 	 1.2167 	 -0.1809 	 0.3896 
4.0000 	 4.7895 	 2.6461 	 -7.5464 	 822.0767 	4.0000 	 0.0557 	 2.4894 	 -6.2992 	 0.9017 
6.0000 	 1.8130 	 1.3883 	 -4.3236 	 833.6321 	6.0000 	 2.7893 	 0.6631 	 -5.7013 	 0.4363 
5.0000 	 3.3629 	 2.3467 	 -6.9512 	 818.0442 	5.0000 	 2.1781 	 1.2619 	 -6.8761 	 0.6747 
50.0000 	 0.0025 	 9.9929 	 -49.9985 	 1547.7675 	50.0000 	 2.1973 	 0.3370 	 -2.8121 	 0.1228 
50.0000 	 0.0025 	 9.9929 	 -49.9985 	 1548.5474 	50.0000 	 2.0650 	 2.9130 	 -2.4457 	 0.1331 
36.0000 	 5.9868 	 0.0010 	 -49.9985 	 2204.9013 	36.0000 	 1.6528 	 1.4012 	 -1.7860 	 0.2681 
50.0000 	 0.0028 	 10.0000 	 -50.0000 	 1556.4979 	50.0000 	 2.6398 	 0.7069 	 -6.3921 	 0.4956 
35.0000 	 0.3863 	 1.1670 	 -6.1351 	 1549.7923 	35.0000 	 1.3692 	 0.0840 	 -2.7093 	 0.0490 
50.0000 	 0.0028 	 0.0710 	 -0.0010 	 2206.7917 	50.0000 	 1.2726 	 0.2910 	 -0.0434 	 0.2398 
21.0000 	 1.1241 	 5.8119 	 -26.7780 	 792.1254 	21.0000 	 1.7070 	 0.8188 	 -3.7219 	 0.1695 
36.0000 	 1.0736 	 10.0000 	 -50.0000 	 795.5969 	36.0000 	 2.4362 	 0.9795 	 -6.7425 	 0.2212 
50.0000 	 0.0025 	 9.9929 	 -49.9985 	 1549.4796 	50.0000 	 0.4430 	 0.1685 	 -0.4811 	 0.1336 
50.0000 	 0.0028 	 4.2074 	 -2.5009 	 2113.2609 	50.0000 	 0.8832 	 1.2249 	 -4.3593 	 0.1071 
49.0000 	 0.4989 	 2.4049 	 -14.5315 	 1540.2019 	49.0000 	 0.9003 	 0.0389 	 -2.3703 	 0.0771 
36.0000 	 0.2897 	 0.4569 	 -1.4205 	 2138.9875 	36.0000 	 2.2740 	 0.6039 	 -6.2370 	 0.1260 
20.0000 	 1.0185 	 5.1998 	 -22.4635 	 793.1007 	20.0000 	 0.4249 	 1.1187 	 -0.6400 	 0.1071 
36.0000 	 1.0755 	 9.9809 	 -50.0000 	 795.1163 	36.0000 	 0.0285 	 1.3488 	 -0.8338 	 0.2029 
36.0000 	 5.9996 	 9.9981 	 -0.0010 	 2257.6634 	36.0000 	 0.3007 	 0.4422 	 -4.9816 	 0.1246 
6.0000 	 3.0865 	 2.9717 	 -9.7800 	 809.7240 	6.0000 	 1.4394 	 2.3108 	 -2.0956 	 0.4980 
5.0000 	 3.0466 	 2.0932 	 -6.2048 	 821.6846 	5.0000 	 0.1470 	 0.4248 	 -3.9563 	 0.9389 
35.0000 	 0.0025 	 9.9392 	 -34.9029 	 1516.7769 	35.0000 	 0.5525 	 2.1192 	 -4.2752 	 0.3041 
50.0000 	 0.0025 	 9.9722 	 -49.9985 	 1539.3041 	50.0000 	 0.2262 	 1.5979 	 -1.7377 	 0.2463 
35.0000 	 0.4176 	 1.3467 	 -7.1510 	 1549.7965 	35.0000 	 1.8048 	 0.8259 	 -3.3356 	 0.0642 
21.0000 	 1.0647 	 5.6300 	 -25.1938 	 791.7575 	21.0000 	 0.5356 	 2.1774 	 -4.7597 	 0.1264 
35.0000 	 0.3619 	 1.0167 	 -5.3745 	 1549.7675 	35.0000 	 0.3317 	 1.6497 	 -5.9509 	 0.0348 
36.0000 	 1.0767 	 9.9999 	 -50.0000 	 794.8692 	36.0000 	 0.2027 	 0.7107 	 -0.3769 	 0.3424 
20.0000 	 0.0036 	 6.0026 	 -14.7955 	 1344.9728 	20.0000 	 1.4951 	 2.6139 	 -0.6591 	 0.2312 
35.0000 	 1.0995 	 9.9947 	 -49.9992 	 788.6345 	35.0000 	 0.7536 	 2.8173 	 -3.8034 	 0.2856 
21.0000 	 1.1294 	 5.8744 	 -27.1167 	 792.0583 	21.0000 	 2.4919 	 2.3973 	 -6.4996 	 0.1977 
6.0000 	 2.8607 	 2.6357 	 -8.4757 	 812.7960 	6.0000 	 2.7210 	 2.5063 	 -0.0274 	 0.5229 
21.0000 	 1.0172 	 5.4813 	 -23.8779 	 791.8400 	21.0000 	 0.8222 	 1.1331 	 -6.8476 	 0.0898 
36.0000 	 0.0125 	 0.0012 	 -0.0066 	 1549.6506 	36.0000 	 0.5061 	 1.7863 	 -4.9388 	 0.0423 
5.0000 	 1.4718 	 0.7071 	 -2.0397 	 857.2759 	5.0000 	 2.1049 	 0.4667 	 -0.5590 	 0.3358 
20.0000 	 1.0141 	 5.2765 	 -22.4918 	 793.1191 	20.0000 	 0.9169 	 2.4686 	 -4.1390 	 0.1054 
21.0000 	 1.0434 	 5.5599 	 -24.5548 	 791.7050 	21.0000 	 1.3077 	 2.4760 	 -5.6190 	 0.1192 
35.0000 	 0.5416 	 0.0459 	 -20.3906 	 2210.4729 	35.0000 	 2.7368 	 2.4405 	 -2.1251 	 0.4652 
20.0000 	 1.0738 	 5.2669 	 -23.7477 	 792.9979 	20.0000 	 1.7021 	 0.7241 	 -0.3109 	 0.1941 
35.0000 	 1.1022 	 10.0000 	 -49.8020 	 789.4271 	35.0000 	 0.6616 	 1.4620 	 -3.1542 	 0.1766 
6.0000 	 3.4392 	 3.6021 	 -11.1021 	 807.6898 	6.0000 	 1.7963 	 1.4403 	 -5.2587 	 0.7542 
5.0000 	 3.4767 	 2.5081 	 -7.3546 	 816.5348 	5.0000 	 1.2999 	 2.4786 	 -5.6162 	 0.6302 
6.0000 	 1.5916 	 1.1491 	 -3.5586 	 840.6210 	6.0000 	 0.8160 	 1.9520 	 -0.9934 	 0.4251 
20.0000 	 0.9956 	 5.1205 	 -21.9768 	 793.2760 	20.0000 	 0.4993 	 0.1223 	 -5.8169 	 0.1548 
49.0000 	 5.9970 	 0.0084 	 -0.4038 	 2241.3813 	49.0000 	 2.8974 	 0.1533 	 -2.7009 	 0.2634 
5.0000 	 1.7880 	 0.8558 	 -2.6010 	 848.6004 	5.0000 	 0.9482 	 0.5124 	 -0.4357 	 0.3629 
6.0000 	 3.9861 	 4.8295 	 -16.0885 	 798.9367 	6.0000 	 1.6151 	 1.5422 	 -1.0982 	 0.7647 
21.0000 	 1.0909 	 5.6077 	 -25.7804 	 791.6947 	21.0000 	 1.4685 	 0.0724 	 -6.1189 	 0.1361 
21.0000 	 1.0279 	 5.5750 	 -24.2186 	 791.5826 	21.0000 	 2.7997 	 1.1273 	 -2.0620 	 0.1460 
5.0000 	 1.3173 	 0.6232 	 -1.8363 	 862.1313 	5.0000 	 1.4950 	 2.7645 	 -5.0208 	 0.3665 
37.0000 	 5.9868 	 9.9722 	 -49.9985 	 2158.6953 	37.0000 	 2.5387 	 0.5088 	 -0.1127 	 0.2852 
50.0000 	 0.0027 	 9.9929 	 -49.9985 	 1540.4891 	50.0000 	 0.7304 	 0.6859 	 -0.8621 	 0.2283 
20.0000 	 1.0580 	 5.3230 	 -23.5046 	 793.1003 	20.0000 	 2.9906 	 1.6451 	 -0.2472 	 0.1730 
20.0000 	 1.0383 	 5.1769 	 -22.9148 	 793.4234 	20.0000 	 1.4401 	 0.8811 	 -4.9601 	 0.0941 
6.0000 	 0.5516 	 0.5791 	 -1.6672 	 864.4054 	6.0000 	 1.5754 	 0.0239 	 -5.2454 	 0.3401 
6.0000 	 2.5739 	 2.2845 	 -7.2724 	 816.7607 	6.0000 	 1.8522 	 2.5351 	 -5.4100 	 0.5640 
5.0000 	 2.7424 	 1.6374 	 -4.9917 	 827.8613 	5.0000 	 1.8705 	 1.5546 	 -2.7973 	 0.5117 
5.0000 	 1.7596 	 0.9083 	 -2.6363 	 848.1703 	5.0000 	 1.8384 	 1.1615 	 -1.4517 	 0.4437 
36.0000 	 0.0585 	 1.5676 	 -0.0010 	 2165.3498 	36.0000 	 2.5107 	 0.0647 	 -6.8020 	 0.1247 
34.0000 	 1.1377 	 9.9999 	 -50.0000 	 784.8460 	34.0000 	 0.7821 	 1.0570 	 -0.5337 	 0.1454 
35.0000 	 0.0032 	 10.0000 	 -34.5470 	 1516.6615 	35.0000 	 2.4356 	 0.7431 	 -4.0048 	 0.0651 
22.0000 	 1.0536 	 5.9012 	 -26.4480 	 790.2829 	22.0000 	 2.3534 	 1.8540 	 -3.1615 	 0.0909 
21.0000 	 1.0800 	 5.7144 	 -25.7554 	 791.2884 	21.0000 	 1.9093 	 1.8211 	 -6.6517 	 0.1664 
19.0000 	 1.0503 	 5.0154 	 -21.6260 	 795.1162 	19.0000 	 1.6750 	 1.6305 	 -3.0238 	 0.1783 
7.0000 	 1.6139 	 1.5775 	 -5.1883 	 832.2336 	7.0000 	 2.8658 	 0.5085 	 -0.1783 	 0.3415 
4.0000 	 2.6296 	 0.8872 	 -2.3466 	 852.8318 	4.0000 	 1.7276 	 0.3094 	 -3.8619 	 0.4909 
20.0000 	 1.0207 	 5.2381 	 -22.5040 	 793.1535 	20.0000 	 0.0727 	 0.6934 	 -3.0236 	 0.2262 
6.0000 	 3.3428 	 3.6745 	 -11.4744 	 804.1098 	6.0000 	 2.8155 	 2.1460 	 -2.8993 	 0.6944 
5.0000 	 3.9983 	 3.1358 	 -9.7320 	 810.8134 	5.0000 	 1.7058 	 2.1023 	 -4.5736 	 0.5758 
49.0000 	 5.9970 	 0.0010 	 -0.0010 	 2180.9127 	49.0000 	 1.5397 	 2.6167 	 -2.2178 	 0.2918 
37.0000 	 5.9999 	 9.9994 	 -0.0010 	 2215.1240 	37.0000 	 0.1961 	 0.1352 	 -1.8266 	 0.2016 
49.0000 	 0.1285 	 0.1542 	 -0.9292 	 1548.8690 	49.0000 	 0.1932 	 1.2913 	 -4.2602 	 0.0358 
49.0000 	 5.9868 	 0.0010 	 -49.9985 	 2202.2071 	49.0000 	 2.4827 	 1.8026 	 -4.2816 	 0.2684 
49.0000 	 0.0025 	 9.9929 	 -49.9985 	 1537.3152 	49.0000 	 0.7830 	 2.5753 	 -3.0619 	 0.1221 
37.0000 	 0.0025 	 9.9981 	 -0.0010 	 2213.8373 	37.0000 	 0.3254 	 0.8716 	 -2.7025 	 0.1307 
49.0000 	 0.0025 	 9.9722 	 -49.9985 	 1536.9390 	49.0000 	 2.1698 	 1.0109 	 -4.6192 	 0.1199 
49.0000 	 0.0025 	 9.9722 	 -49.9985 	 1534.9515 	49.0000 	 2.1717 	 2.5243 	 -5.1619 	 0.1201 
37.0000 	 1.0499 	 9.9994 	 -49.5261 	 805.9078 	37.0000 	 3.0007 	 0.1637 	 -4.4564 	 0.6605 
34.0000 	 1.1344 	 10.0000 	 -50.0000 	 784.6639 	34.0000 	 0.3421 	 0.0776 	 -2.7985 	 0.1075 
49.0000 	 0.0025 	 9.9981 	 -49.9997 	 1536.6820 	49.0000 	 0.9614 	 2.6997 	 -3.1100 	 0.1204 
37.0000 	 0.0898 	 10.0000 	 -6.4733 	 1989.5200 	37.0000 	 0.3096 	 2.0737 	 -6.6808 	 0.2969 
34.0000 	 0.0032 	 0.0010 	 -0.0010 	 1972.6728 	34.0000 	 0.4668 	 0.3404 	 -5.4895 	 0.2733 
34.0000 	 0.5374 	 0.6027 	 -6.6844 	 1835.0985 	34.0000 	 0.6050 	 1.2712 	 -1.1730 	 0.1190 
22.0000 	 1.1084 	 6.0256 	 -28.1353 	 790.2439 	22.0000 	 0.1802 	 2.4435 	 -2.4269 	 0.1256 
34.0000 	 0.1072 	 9.9994 	 -49.9999 	 1827.8906 	34.0000 	 0.5496 	 2.8574 	 -3.2479 	 0.2269 
37.0000 	 1.0505 	 9.9994 	 -49.9999 	 804.4784 	37.0000 	 0.9625 	 1.8162 	 -1.0071 	 0.3967 
22.0000 	 0.0690 	 6.4438 	 -16.8556 	 1343.0746 	22.0000 	 0.3705 	 2.3419 	 -1.2684 	 0.2070 
19.0000 	 1.0206 	 4.8448 	 -20.9444 	 795.1690 	19.0000 	 1.3770 	 0.6919 	 -2.8226 	 0.1230 
37.0000 	 1.0542 	 10.0000 	 -50.0000 	 804.4633 	37.0000 	 2.7551 	 2.7853 	 -2.0677 	 0.4341 
7.0000 	 1.2427 	 1.2290 	 -4.0716 	 843.1500 	7.0000 	 1.6099 	 0.9526 	 -2.0832 	 0.4255 
37.0000 	 1.0533 	 10.0000 	 -50.0000 	 804.4307 	37.0000 	 2.0126 	 1.7198 	 -4.0709 	 0.4575 
22.0000 	 1.0685 	 6.0103 	 -26.9663 	 790.1659 	22.0000 	 0.2253 	 2.8163 	 -1.9422 	 0.0830 
22.0000 	 1.0518 	 5.8810 	 -26.5452 	 790.2137 	22.0000 	 0.3009 	 2.7658 	 -1.6545 	 0.0740 
19.0000 	 1.0984 	 5.0122 	 -22.6118 	 795.7958 	19.0000 	 0.1624 	 2.1409 	 -3.4339 	 0.1748 
4.0000 	 6.0000 	 3.7807 	 -11.1011 	 813.2502 	4.0000 	 0.4642 	 2.4474 	 -4.4440 	 0.9384 
7.0000 	 0.5944 	 0.8333 	 -2.4644 	 851.3266 	7.0000 	 0.2392 	 1.1596 	 -3.4465 	 0.2568 
34.0000 	 1.1324 	 10.0000 	 -50.0000 	 784.8455 	34.0000 	 0.5768 	 0.9994 	 -3.1064 	 0.1478 
4.0000 	 5.8099 	 3.4056 	 -9.5025 	 817.4112 	4.0000 	 1.7336 	 1.0183 	 -2.9694 	 1.1835 
34.0000 	 5.9970 	 9.9929 	 -0.0010 	 2257.7111 	34.0000 	 0.7259 	 0.5603 	 -1.0896 	 0.1233 
49.0000 	 5.2576 	 0.0010 	 -40.2627 	 2252.6285 	49.0000 	 2.2295 	 1.2630 	 -4.2175 	 0.4182 
19.0000 	 1.0230 	 4.8812 	 -21.0631 	 794.9977 	19.0000 	 2.9736 	 0.1062 	 -3.3375 	 0.1544 
19.0000 	 1.0344 	 4.9476 	 -21.1620 	 794.8604 	19.0000 	 2.5439 	 2.9744 	 -4.7934 	 0.1285 
7.0000 	 0.7017 	 0.9238 	 -2.7709 	 852.8099 	7.0000 	 0.6210 	 2.1004 	 -4.6234 	 0.3860 
4.0000 	 3.8171 	 1.8161 	 -5.1600 	 834.1199 	4.0000 	 2.8969 	 1.9739 	 -0.1061 	 1.2004 
7.0000 	 1.3956 	 1.3443 	 -4.4819 	 838.3285 	7.0000 	 0.9723 	 2.4531 	 -4.1746 	 0.3204 
22.0000 	 0.0139 	 6.4673 	 -17.3710 	 1344.9112 	22.0000 	 0.1393 	 2.9148 	 -5.2991 	 0.0813 
4.0000 	 0.3890 	 0.2028 	 -0.5235 	 903.0846 	4.0000 	 1.1609 	 0.6658 	 -0.2294 	 0.4868 
34.0000 	 1.1340 	 10.0000 	 -50.0000 	 784.8634 	34.0000 	 0.6639 	 2.1567 	 -0.5796 	 0.1616 
22.0000 	 1.1012 	 6.0775 	 -28.0971 	 790.0906 	22.0000 	 1.4081 	 1.9080 	 -1.3633 	 0.1144 
19.0000 	 1.4401 	 5.7379 	 -29.9680 	 801.9371 	19.0000 	 1.4041 	 0.9732 	 -5.6142 	 0.3461 
37.0000 	 0.0080 	 9.9999 	 -37.6134 	 1516.6609 	37.0000 	 1.0694 	 1.9099 	 -6.9238 	 0.0995 
7.0000 	 3.4593 	 4.6075 	 -16.1989 	 799.9019 	7.0000 	 0.6117 	 2.2507 	 -0.3041 	 0.6522 
22.0000 	 1.0633 	 5.9157 	 -26.8765 	 789.9055 	22.0000 	 0.3137 	 1.0541 	 -1.1443 	 0.2271 
4.0000 	 3.2553 	 1.2865 	 -3.6101 	 840.6379 	4.0000 	 2.3498 	 2.0333 	 -0.6982 	 0.7281 
19.0000 	 0.9979 	 4.7562 	 -20.4508 	 795.0368 	19.0000 	 2.2856 	 0.2830 	 -1.1753 	 0.0868 
7.0000 	 1.8968 	 1.9174 	 -6.6196 	 823.2672 	7.0000 	 0.9447 	 1.6728 	 -3.9472 	 0.4666 
4.0000 	 5.9996 	 4.6575 	 -13.3042 	 819.2533 	4.0000 	 0.7993 	 0.2750 	 -6.1254 	 1.8282 
19.0000 	 1.0733 	 4.9316 	 -21.9447 	 795.4212 	19.0000 	 1.9829 	 2.6242 	 -5.2591 	 0.1410 
7.0000 	 1.0796 	 1.0842 	 -3.5700 	 849.1493 	7.0000 	 1.0886 	 0.2269 	 -2.0238 	 0.4674 
48.0000 	 0.0026 	 9.9929 	 -49.9985 	 1530.8655 	48.0000 	 1.2903 	 1.3075 	 -5.9118 	 0.1759 
4.0000 	 2.3728 	 0.7897 	 -2.1606 	 855.2324 	4.0000 	 1.2615 	 2.5083 	 -6.8380 	 0.1289 
34.0000 	 1.1298 	 10.0000 	 -50.0000 	 784.7043 	34.0000 	 2.6467 	 1.0745 	 -1.9357 	 0.2033 
48.0000 	 0.0069 	 9.9924 	 -49.9541 	 1530.2967 	48.0000 	 0.7152 	 2.8166 	 -2.5712 	 0.1315 
22.0000 	 1.1049 	 6.0652 	 -28.2519 	 790.2906 	22.0000 	 1.5689 	 2.5214 	 -4.0061 	 0.1909 
48.0000 	 0.0025 	 9.9929 	 -49.9985 	 1525.3898 	48.0000 	 2.8851 	 1.0891 	 -1.9511 	 0.1177 
38.0000 	 0.0042 	 9.9981 	 -38.7124 	 1516.4828 	38.0000 	 0.4080 	 1.7013 	 -3.6129 	 0.3136 
38.0000 	 1.0363 	 10.0000 	 -50.0000 	 817.9618 	38.0000 	 0.1389 	 1.2794 	 -1.7874 	 0.6611 
19.0000 	 1.0504 	 4.8502 	 -21.5833 	 795.0841 	19.0000 	 1.9659 	 0.8188 	 -4.8195 	 0.1616 
7.0000 	 0.8796 	 0.9558 	 -3.0977 	 854.5920 	7.0000 	 0.6916 	 0.0830 	 -2.4292 	 0.3449 
4.0000 	 6.0000 	 3.8111 	 -11.0093 	 811.8129 	4.0000 	 2.3826 	 2.9464 	 -3.4544 	 0.7605 
38.0000 	 0.0227 	 10.0000 	 -38.5379 	 1516.6074 	38.0000 	 1.1577 	 1.2454 	 -5.1766 	 0.0539 
33.0000 	 1.1472 	 9.9999 	 -49.2914 	 783.4618 	33.0000 	 0.0728 	 0.0386 	 -4.5789 	 0.1053 
33.0000 	 1.1599 	 9.6776 	 -50.0000 	 782.4147 	33.0000 	 0.0075 	 0.1832 	 -1.5875 	 0.0706 
48.0000 	 0.0025 	 9.9722 	 -49.9985 	 1524.5351 	48.0000 	 2.8876 	 2.2834 	 -4.7199 	 0.1221 
23.0000 	 1.0786 	 6.1717 	 -28.7920 	 788.9524 	23.0000 	 2.3544 	 0.6302 	 -4.6482 	 0.1392 
23.0000 	 1.0733 	 6.3182 	 -28.9848 	 788.8591 	23.0000 	 2.4424 	 1.0593 	 -0.1196 	 0.1193 
33.0000 	 1.1598 	 9.7443 	 -50.0000 	 782.4722 	33.0000 	 1.1918 	 0.0354 	 -6.9889 	 0.0716 
18.0000 	 1.0052 	 4.5278 	 -19.2202 	 796.9837 	18.0000 	 1.8863 	 1.9573 	 -5.2153 	 0.2554 
38.0000 	 0.0025 	 9.9999 	 -47.0852 	 1590.9540 	38.0000 	 2.2488 	 2.6787 	 -3.3428 	 0.1285 
18.0000 	 0.9930 	 4.4887 	 -18.7702 	 796.8980 	18.0000 	 2.4185 	 2.4278 	 -1.7679 	 0.1344 
48.0000 	 0.0102 	 9.9998 	 -49.9997 	 1530.6839 	48.0000 	 2.8085 	 2.9739 	 -0.8625 	 0.1586 
8.0000 	 1.9317 	 2.4888 	 -8.7826 	 818.1931 	8.0000 	 1.0598 	 2.4562 	 -6.5214 	 0.5525 
3.0000 	 5.8603 	 1.7327 	 -4.4365 	 848.9051 	3.0000 	 1.7227 	 2.5902 	 -4.4600 	 1.2874 
8.0000 	 1.7933 	 2.3667 	 -8.4000 	 819.6640 	8.0000 	 2.1846 	 0.0289 	 -6.7277 	 0.3914 
33.0000 	 0.2401 	 0.0574 	 -1.7783 	 2200.8161 	33.0000 	 0.8040 	 0.8388 	 -3.7644 	 0.4273 
3.0000 	 5.8271 	 1.6905 	 -4.3011 	 850.4293 	3.0000 	 1.5573 	 1.5761 	 -0.9433 	 1.7557 
48.0000 	 0.0182 	 9.9994 	 -49.9999 	 1530.4453 	48.0000 	 1.7435 	 0.6477 	 -6.5402 	 0.1438 
38.0000 	 0.0025 	 9.9981 	 -35.9214 	 1514.0753 	38.0000 	 2.8447 	 0.2858 	 -0.7890 	 0.1780 
23.0000 	 1.1084 	 6.3401 	 -29.9405 	 788.9063 	23.0000 	 1.9231 	 2.7938 	 -2.2919 	 0.2241 
23.0000 	 1.1035 	 6.3496 	 -29.6372 	 788.5671 	23.0000 	 2.3874 	 1.3150 	 -2.9920 	 0.0938 
48.0000 	 0.0100 	 9.9929 	 -49.9985 	 1530.5268 	48.0000 	 0.0251 	 1.7815 	 -1.5896 	 0.1075 
38.0000 	 0.0025 	 9.9981 	 -33.9117 	 1523.5511 	38.0000 	 0.0024 	 2.2192 	 -3.5381 	 0.2486 
18.0000 	 1.0987 	 4.8120 	 -21.0088 	 798.6920 	18.0000 	 1.3668 	 2.8614 	 -5.7744 	 0.1907 
33.0000 	 0.3159 	 0.7387 	 -3.8942 	 1550.1105 	33.0000 	 2.4884 	 0.8545 	 -1.9949 	 0.0519 
18.0000 	 0.9623 	 4.4133 	 -18.1779 	 797.1785 	18.0000 	 2.0360 	 0.1490 	 -3.9707 	 0.0827 
48.0000 	 0.0035 	 10.0000 	 -50.0000 	 1530.2413 	48.0000 	 1.9511 	 0.2465 	 -0.1740 	 0.2731 
8.0000 	 0.6448 	 1.0882 	 -3.3913 	 841.4634 	8.0000 	 0.2978 	 2.5445 	 -6.5349 	 0.2425 
8.0000 	 1.6397 	 2.0504 	 -7.1528 	 824.6207 	8.0000 	 1.2990 	 0.9293 	 -5.0649 	 0.3247 
3.0000 	 0.0031 	 0.2161 	 -0.1084 	 1437.3742 	3.0000 	 2.4595 	 0.0496 	 -2.2067 	 0.3619 
3.0000 	 6.0000 	 1.8282 	 -4.9539 	 854.5723 	3.0000 	 1.2843 	 0.2366 	 -5.5116 	 1.1286 
48.0000 	 0.0025 	 9.9929 	 -49.9985 	 1522.5795 	48.0000 	 2.8835 	 1.5466 	 -3.9292 	 0.1342 
38.0000 	 0.0025 	 9.9981 	 -49.9997 	 1641.3542 	38.0000 	 2.9235 	 0.8264 	 -5.9159 	 0.1225 
48.0000 	 0.0025 	 9.9722 	 -49.9985 	 1526.3259 	48.0000 	 0.7138 	 2.1246 	 -5.1624 	 0.1210 
23.0000 	 1.1351 	 6.5325 	 -30.7349 	 788.9293 	23.0000 	 2.1589 	 2.7677 	 -0.7573 	 0.1544 
38.0000 	 0.3286 	 4.1582 	 -5.1479 	 1829.3296 	38.0000 	 0.3752 	 0.0906 	 -0.5548 	 0.1815 
18.0000 	 0.9928 	 4.4953 	 -18.8528 	 796.8253 	18.0000 	 2.2690 	 0.3320 	 -3.1807 	 0.1581 
47.0000 	 0.0025 	 9.9929 	 -49.9985 	 1517.6369 	47.0000 	 2.4876 	 2.4605 	 -3.2064 	 0.1190 
33.0000 	 1.1602 	 9.8138 	 -50.0000 	 782.3834 	33.0000 	 2.7940 	 1.2738 	 -1.7126 	 0.1022 
38.0000 	 0.0025 	 10.0000 	 -38.5036 	 1516.6026 	38.0000 	 2.8955 	 0.3823 	 -5.6051 	 0.0959 
8.0000 	 1.8947 	 2.4237 	 -8.7324 	 817.5088 	8.0000 	 1.5646 	 0.0803 	 -4.2245 	 0.4718 
47.0000 	 5.9999 	 9.9994 	 -0.0010 	 2222.5215 	47.0000 	 1.4651 	 0.4405 	 -0.1350 	 0.1981 
3.0000 	 1.6717 	 0.1678 	 -0.4325 	 905.8316 	3.0000 	 0.3224 	 0.6931 	 -2.4401 	 0.4077 
33.0000 	 1.1634 	 9.9497 	 -49.8221 	 782.9715 	33.0000 	 1.9820 	 1.5961 	 -0.9336 	 0.2197 
38.0000 	 1.0315 	 10.0000 	 -50.0000 	 818.3654 	38.0000 	 1.0367 	 2.3306 	 -4.2944 	 0.7564 
23.0000 	 1.1089 	 6.3841 	 -30.0012 	 788.8283 	23.0000 	 0.1148 	 2.0583 	 -5.6382 	 0.1059 
33.0000 	 1.1539 	 9.9999 	 -50.0000 	 782.5996 	33.0000 	 2.7083 	 1.0750 	 -5.1781 	 0.1027 
23.0000 	 1.0827 	 6.2988 	 -29.1609 	 788.7236 	23.0000 	 2.6112 	 0.6238 	 -3.1432 	 0.1100 
39.0000 	 0.0220 	 10.0000 	 -40.0899 	 1516.8166 	39.0000 	 1.8693 	 0.1302 	 -6.8932 	 0.3420 
47.0000 	 0.0025 	 9.9722 	 -49.9985 	 1517.8878 	47.0000 	 2.9342 	 0.6877 	 -2.4849 	 0.1209 
18.0000 	 0.0061 	 5.1616 	 -12.6743 	 1346.8031 	18.0000 	 0.8665 	 1.0323 	 -6.9797 	 0.0678 
33.0000 	 0.6006 	 10.0000 	 -13.3044 	 1628.0990 	33.0000 	 2.8118 	 1.6968 	 -2.6134 	 0.0015 
8.0000 	 1.3391 	 1.6383 	 -5.7873 	 834.6928 	8.0000 	 1.1822 	 0.7153 	 -1.8052 	 0.4056 
33.0000 	 1.1508 	 9.6926 	 -49.6922 	 782.6156 	33.0000 	 1.7632 	 2.6011 	 -3.1267 	 0.3145 
18.0000 	 0.9966 	 4.4758 	 -18.9428 	 796.7269 	18.0000 	 1.2979 	 2.8498 	 -1.3107 	 0.1226 
3.0000 	 5.4571 	 1.4176 	 -3.6874 	 855.2072 	3.0000 	 1.9748 	 0.2768 	 -6.2998 	 1.0541 
8.0000 	 2.0289 	 2.7133 	 -9.3936 	 814.7243 	8.0000 	 2.6312 	 1.3376 	 -0.8888 	 0.3815 
23.0000 	 1.0939 	 6.4119 	 -29.5082 	 788.6712 	23.0000 	 1.7007 	 1.6758 	 -2.3237 	 0.0864 
3.0000 	 3.8655 	 0.6695 	 -1.7539 	 875.8688 	3.0000 	 0.2377 	 0.7774 	 -5.3326 	 1.1890 
39.0000 	 0.0025 	 9.9994 	 -40.2152 	 1516.7514 	39.0000 	 2.3552 	 1.1844 	 -3.3446 	 0.1570 
23.0000 	 1.1254 	 6.4783 	 -30.5731 	 788.8446 	23.0000 	 0.0553 	 0.7599 	 -6.4178 	 0.1903 
23.0000 	 1.0680 	 6.2310 	 -28.6044 	 788.9928 	23.0000 	 1.2617 	 0.6914 	 -2.6030 	 0.1228 
18.0000 	 1.0319 	 4.6280 	 -19.8185 	 797.2593 	18.0000 	 2.2518 	 1.6213 	 -4.9346 	 0.1959 
32.0000 	 1.1862 	 9.5077 	 -49.3300 	 781.7683 	32.0000 	 2.2391 	 1.3444 	 -6.8734 	 0.0774 
18.0000 	 0.9850 	 4.4363 	 -18.5030 	 797.0425 	18.0000 	 1.7629 	 1.9213 	 -5.8753 	 0.1507 
8.0000 	 0.6684 	 1.1017 	 -3.4697 	 841.2257 	8.0000 	 2.1910 	 0.2898 	 -1.5821 	 0.2426 
3.0000 	 1.1460 	 0.1012 	 -0.2677 	 926.5694 	3.0000 	 1.0765 	 2.8586 	 -2.6934 	 0.2308 
18.0000 	 0.9968 	 4.5458 	 -18.8832 	 797.0675 	18.0000 	 0.3384 	 2.4778 	 -5.1509 	 0.1285 
8.0000 	 2.3621 	 3.2658 	 -11.6533 	 808.2396 	8.0000 	 0.5330 	 2.1443 	 -5.2118 	 0.4365 
3.0000 	 5.9757 	 1.8395 	 -4.7021 	 846.3942 	3.0000 	 0.1661 	 0.7382 	 -6.6298 	 1.3856 
39.0000 	 0.1636 	 0.2046 	 -1.2013 	 1549.5932 	39.0000 	 1.1012 	 1.8337 	 -5.3798 	 0.0465 
8.0000 	 2.9205 	 4.7757 	 -16.7701 	 798.1379 	8.0000 	 2.8778 	 0.0666 	 -6.3011 	 0.6531 
3.0000 	 1.5966 	 0.1612 	 -0.4087 	 907.0053 	3.0000 	 1.2280 	 2.6326 	 -4.4707 	 0.2924 
24.0000 	 1.1094 	 6.7624 	 -31.7061 	 787.4562 	24.0000 	 1.9087 	 0.0303 	 -1.3771 	 0.0965 
32.0000 	 0.0222 	 9.9994 	 -29.2699 	 1342.9595 	32.0000 	 2.7093 	 2.3781 	 -3.6050 	 0.2654 
32.0000 	 0.0069 	 9.9999 	 -28.8954 	 1342.8759 	32.0000 	 1.1335 	 1.1332 	 -2.5066 	 0.3451 
17.0000 	 0.9378 	 4.0987 	 -16.3023 	 799.5157 	17.0000 	 1.6954 	 1.7837 	 -3.6106 	 0.1193 
24.0000 	 1.1111 	 6.8097 	 -31.8632 	 787.5318 	24.0000 	 2.9753 	 2.2346 	 -6.7303 	 0.0948 
9.0000 	 2.0429 	 3.3434 	 -12.1609 	 809.7477 	9.0000 	 1.9993 	 1.5202 	 -4.3986 	 0.4409 
2.0000 	 5.9874 	 0.2985 	 -0.7087 	 929.5167 	2.0000 	 1.8355 	 1.2751 	 -4.4336 	 1.0063 
24.0000 	 1.0881 	 6.7749 	 -31.1707 	 787.4805 	24.0000 	 2.6252 	 1.0373 	 -5.1015 	 0.1324 
17.0000 	 0.9558 	 4.1613 	 -16.6913 	 798.8538 	17.0000 	 1.3272 	 0.4475 	 -0.6614 	 0.1514 
17.0000 	 0.9618 	 4.1311 	 -16.8091 	 798.9493 	17.0000 	 2.2261 	 1.4549 	 -1.1576 	 0.2027 
9.0000 	 1.8271 	 2.7568 	 -10.6789 	 815.3627 	9.0000 	 2.9576 	 2.9349 	 -4.5944 	 0.4867 
2.0000 	 6.0000 	 0.3475 	 -0.8905 	 943.2079 	2.0000 	 1.8656 	 2.2080 	 -3.5475 	 1.9730 
9.0000 	 1.2324 	 1.8907 	 -6.8673 	 832.1494 	9.0000 	 1.7044 	 1.9176 	 -0.5104 	 0.3301 
2.0000 	 5.3685 	 0.2930 	 -0.7337 	 944.8558 	2.0000 	 0.8045 	 0.8079 	 -0.4029 	 1.3573 
47.0000 	 0.0025 	 9.9929 	 -49.9985 	 1515.9555 	47.0000 	 1.1644 	 0.5330 	 -4.7200 	 0.1235 
47.0000 	 0.0026 	 2.4657 	 -6.0748 	 2105.6837 	47.0000 	 2.2801 	 2.0306 	 -0.0519 	 0.3675 
47.0000 	 0.2478 	 0.9290 	 -3.7287 	 1599.3805 	47.0000 	 1.1752 	 2.1848 	 -4.9021 	 0.1335 
39.0000 	 0.0032 	 10.0000 	 -40.1945 	 1516.8238 	39.0000 	 0.9927 	 1.4270 	 -3.8283 	 0.0627 
32.0000 	 0.0052 	 9.9930 	 -28.2434 	 1345.7337 	32.0000 	 0.7240 	 1.6804 	 -3.5146 	 0.1148 
24.0000 	 1.1257 	 6.8588 	 -32.3998 	 787.5736 	24.0000 	 1.7653 	 2.3923 	 -1.6280 	 0.1420 
17.0000 	 0.0025 	 4.8113 	 -11.3884 	 1346.7079 	17.0000 	 0.9284 	 2.8833 	 -3.8352 	 0.1016 
9.0000 	 0.6793 	 1.3342 	 -4.3335 	 833.6570 	9.0000 	 0.3404 	 2.2993 	 -6.1060 	 0.1850 
2.0000 	 5.9999 	 9.9993 	 -0.0013 	 1649.8036 	2.0000 	 0.3325 	 2.3795 	 -6.1540 	 0.9957 
17.0000 	 0.9596 	 4.0461 	 -16.6717 	 799.3658 	17.0000 	 1.8909 	 2.9771 	 -3.7711 	 0.1102 
32.0000 	 1.1867 	 9.8238 	 -49.9997 	 781.7211 	32.0000 	 1.8418 	 1.6610 	 -3.9353 	 0.1351 
24.0000 	 1.1111 	 6.8177 	 -31.7932 	 787.5191 	24.0000 	 2.3284 	 1.1565 	 -3.7719 	 0.1718 
40.0000 	 0.0025 	 9.9981 	 -0.0010 	 2210.3184 	40.0000 	 1.7677 	 0.5781 	 -6.8254 	 0.1371 
9.0000 	 1.8308 	 2.7999 	 -10.6567 	 813.8076 	9.0000 	 1.5969 	 0.6879 	 -1.7637 	 0.3781 
17.0000 	 0.9854 	 4.1414 	 -17.0821 	 799.0975 	17.0000 	 2.0180 	 1.4473 	 -2.5420 	 0.2276 
2.0000 	 1.7369 	 0.0280 	 -0.0699 	 966.8108 	2.0000 	 2.0311 	 0.4240 	 -3.8545 	 0.7911 
39.0000 	 0.0025 	 9.9981 	 -40.1632 	 1516.8075 	39.0000 	 2.7049 	 0.0877 	 -1.1851 	 0.1195 
9.0000 	 2.7393 	 5.1864 	 -19.2579 	 796.5353 	9.0000 	 0.1239 	 0.5174 	 -5.0933 	 0.5735 
32.0000 	 1.1900 	 9.5978 	 -50.0000 	 781.2828 	32.0000 	 2.9448 	 1.9432 	 -4.0885 	 0.0976 
46.0000 	 0.0025 	 9.9929 	 -49.9985 	 1513.2315 	46.0000 	 2.3492 	 0.1780 	 -2.6840 	 0.1196 
2.0000 	 6.0000 	 0.2469 	 -0.6027 	 933.8402 	2.0000 	 1.0066 	 0.8936 	 -4.0976 	 1.0851 
17.0000 	 0.9258 	 4.0686 	 -16.1478 	 799.7325 	17.0000 	 2.8213 	 0.7668 	 -3.8407 	 0.0803 
9.0000 	 2.0280 	 3.0348 	 -12.0386 	 812.7680 	9.0000 	 1.8351 	 2.8720 	 -0.1660 	 0.6406 
31.0000 	 0.0064 	 10.0000 	 -27.8788 	 1345.3649 	31.0000 	 1.8230 	 2.1728 	 -4.5660 	 0.3927 
24.0000 	 1.1648 	 6.9230 	 -33.4747 	 787.6983 	24.0000 	 2.4904 	 0.7746 	 -6.9754 	 0.1417 
17.0000 	 0.9525 	 4.0619 	 -16.5933 	 799.3378 	17.0000 	 2.1282 	 0.8923 	 -1.0323 	 0.0992 
9.0000 	 1.2250 	 1.9063 	 -6.8439 	 831.4977 	9.0000 	 1.5729 	 0.1929 	 -2.4878 	 0.3775 
2.0000 	 0.0025 	 9.9994 	 -0.0010 	 1955.8766 	2.0000 	 1.6971 	 0.8306 	 -5.1209 	 0.1355 
40.0000 	 0.0028 	 10.0000 	 -41.5792 	 1517.1807 	40.0000 	 1.7452 	 2.8880 	 -0.2694 	 0.1262 
46.0000 	 0.0025 	 9.9994 	 -49.9999 	 1509.9812 	46.0000 	 1.9407 	 1.7875 	 -5.3032 	 0.1344 
32.0000 	 1.1854 	 10.0000 	 -49.0389 	 783.1033 	32.0000 	 2.6978 	 2.5818 	 -6.0215 	 0.6222 
17.0000 	 1.2230 	 4.4706 	 -21.2429 	 804.8135 	17.0000 	 2.2954 	 1.5561 	 -4.1677 	 0.3822 
25.0000 	 1.1168 	 7.0715 	 -33.7258 	 786.4275 	25.0000 	 2.7087 	 1.2592 	 -5.9179 	 0.0721 
46.0000 	 0.2234 	 4.4987 	 -1.2967 	 2071.2299 	46.0000 	 0.4873 	 1.5220 	 -2.6477 	 0.0599 
9.0000 	 2.1377 	 3.4929 	 -12.8170 	 809.0324 	9.0000 	 1.8205 	 2.1491 	 -5.1589 	 0.4998 
2.0000 	 5.9691 	 0.2805 	 -0.6921 	 935.3444 	2.0000 	 1.3646 	 0.1641 	 -6.8973 	 2.0680 
46.0000 	 0.0030 	 9.7275 	 -50.0000 	 1517.0228 	46.0000 	 2.0909 	 2.4924 	 -6.7802 	 0.1146 
15.0000 	 0.9280 	 3.4993 	 -13.5142 	 804.5639 	15.0000 	 0.4302 	 0.3980 	 -0.1962 	 0.1947 
11.0000 	 0.7738 	 1.9868 	 -6.9215 	 820.4231 	11.0000 	 1.1860 	 2.2652 	 -0.4044 	 0.1733 
24.0000 	 1.1399 	 6.7977 	 -32.9038 	 787.6191 	24.0000 	 0.5009 	 1.1267 	 -0.8754 	 0.1197 
40.0000 	 0.0479 	 10.0000 	 -4.1480 	 2033.6342 	40.0000 	 2.8777 	 2.5670 	 -0.9577 	 0.3550 
31.0000 	 1.1889 	 9.3911 	 -48.2986 	 781.7609 	31.0000 	 0.4754 	 1.7177 	 -1.4004 	 0.1289 
40.0000 	 0.2758 	 0.6338 	 -3.5385 	 1549.3776 	40.0000 	 0.2691 	 1.1019 	 -3.4449 	 0.0266 
17.0000 	 0.9905 	 4.1667 	 -17.3080 	 799.0107 	17.0000 	 2.8048 	 1.5476 	 -3.4337 	 0.1751 
40.0000 	 0.4486 	 1.6678 	 -9.3437 	 1549.3694 	40.0000 	 2.6813 	 1.3095 	 -0.3035 	 0.0299 
31.0000 	 1.2262 	 9.2957 	 -50.0000 	 781.4145 	31.0000 	 2.9178 	 0.8525 	 -3.6586 	 0.1203 
9.0000 	 2.3107 	 4.0358 	 -14.7822 	 804.0531 	9.0000 	 2.4505 	 2.5405 	 -3.7031 	 0.3740 
2.0000 	 5.3665 	 0.2674 	 -0.6390 	 933.5299 	2.0000 	 1.7065 	 2.7590 	 -0.4656 	 1.1139 
25.0000 	 1.1698 	 7.2100 	 -35.7650 	 786.7687 	25.0000 	 0.6302 	 0.9076 	 -2.4910 	 0.1001 
40.0000 	 0.9909 	 9.9981 	 -49.9997 	 857.6458 	40.0000 	 2.1560 	 1.5732 	 -3.3267 	 0.6128 
15.0000 	 0.9110 	 3.4460 	 -13.2356 	 804.6219 	15.0000 	 0.3541 	 2.9410 	 -5.4766 	 0.1486 
31.0000 	 0.2636 	 10.0000 	 -29.7470 	 1343.5163 	31.0000 	 1.1470 	 0.2384 	 -2.3908 	 0.0971 
31.0000 	 1.2178 	 9.1847 	 -49.1058 	 781.1361 	31.0000 	 0.4660 	 0.9987 	 -2.4428 	 0.2767 
46.0000 	 0.0075 	 9.9981 	 -0.0010 	 2167.4355 	46.0000 	 0.5362 	 1.0692 	 -3.7530 	 0.1656 
25.0000 	 1.1578 	 7.1500 	 -35.3146 	 786.5156 	25.0000 	 1.4530 	 1.3547 	 -1.5027 	 0.1099 
31.0000 	 0.0170 	 9.9981 	 -28.7062 	 1342.1018 	31.0000 	 1.1920 	 2.6944 	 -2.6710 	 0.1202 
11.0000 	 0.7912 	 2.1042 	 -7.1564 	 820.7975 	11.0000 	 1.8298 	 2.0804 	 -4.3608 	 0.2394 
15.0000 	 0.9192 	 3.3354 	 -13.1902 	 804.8166 	15.0000 	 2.2043 	 2.5844 	 -5.8532 	 0.1251 
25.0000 	 1.2025 	 7.2454 	 -36.5878 	 786.7050 	25.0000 	 0.1549 	 2.8955 	 -2.4243 	 0.1687 
25.0000 	 1.1780 	 7.1742 	 -35.8244 	 786.5206 	25.0000 	 1.5192 	 1.4933 	 -3.9210 	 0.1747 
11.0000 	 1.9649 	 4.1878 	 -17.4041 	 804.0527 	11.0000 	 0.3376 	 1.6602 	 -2.1872 	 0.6136 
14.0000 	 0.2798 	 0.3533 	 -1.3979 	 1543.1594 	14.0000 	 2.3396 	 2.7689 	 -3.0210 	 0.3627 
15.0000 	 0.9489 	 3.4930 	 -13.8060 	 804.6041 	15.0000 	 0.0169 	 2.8512 	 -3.5220 	 0.1693 
12.0000 	 0.8141 	 2.2893 	 -8.2535 	 816.1726 	12.0000 	 2.6822 	 0.7964 	 -2.4031 	 0.1787 
11.0000 	 0.7760 	 1.9542 	 -6.9021 	 820.9472 	11.0000 	 1.5093 	 1.1578 	 -2.4768 	 0.1856 
25.0000 	 1.1552 	 7.2621 	 -35.0416 	 786.3081 	25.0000 	 2.1273 	 2.7437 	 -1.7990 	 0.1060 
46.0000 	 0.0025 	 9.9994 	 -49.9999 	 1520.4847 	46.0000 	 1.2084 	 2.1287 	 -0.1793 	 0.0618 
14.0000 	 0.8949 	 3.0484 	 -11.6728 	 807.6661 	14.0000 	 2.6354 	 0.7135 	 -5.3615 	 0.1344 
12.0000 	 0.7773 	 2.2562 	 -8.0065 	 816.3661 	12.0000 	 1.1906 	 1.9123 	 -5.8082 	 0.2187 
40.0000 	 0.0025 	 9.9994 	 -0.0010 	 2213.1944 	40.0000 	 2.7812 	 0.8197 	 -4.0061 	 0.1429 
31.0000 	 0.0215 	 10.0000 	 -28.5148 	 1344.0474 	31.0000 	 0.6167 	 0.4935 	 -6.6251 	 0.1230 
46.0000 	 0.0025 	 9.9929 	 -49.9985 	 1512.5395 	46.0000 	 2.9995 	 0.2153 	 -1.4693 	 0.1226 
40.0000 	 0.9975 	 9.9919 	 -49.9999 	 855.1562 	40.0000 	 2.9699 	 1.8818 	 -2.6991 	 1.1400 
25.0000 	 1.1307 	 7.0748 	 -34.2218 	 786.5204 	25.0000 	 1.8529 	 2.5245 	 -3.4539 	 0.1365 
40.0000 	 5.9996 	 9.9981 	 -0.0010 	 2256.3786 	40.0000 	 1.5868 	 2.7713 	 -0.0935 	 0.1230 
14.0000 	 0.8687 	 3.0386 	 -11.3075 	 807.6911 	14.0000 	 2.1698 	 1.2766 	 -5.5798 	 0.1100 
31.0000 	 0.3005 	 0.6524 	 -3.3315 	 1549.9324 	31.0000 	 2.3640 	 2.1486 	 -0.1958 	 0.1081 
12.0000 	 0.8184 	 2.3316 	 -8.3745 	 815.7595 	12.0000 	 1.2624 	 2.8637 	 -1.0066 	 0.1692 
31.0000 	 0.0054 	 9.7893 	 -28.2101 	 1344.3723 	31.0000 	 1.2094 	 0.4878 	 -0.7743 	 0.1570 
25.0000 	 1.2087 	 7.4680 	 -36.9479 	 787.2058 	25.0000 	 0.1071 	 1.7114 	 -3.7461 	 0.1269 
45.0000 	 0.0025 	 9.9722 	 -49.9985 	 1510.8141 	45.0000 	 2.0418 	 1.5375 	 -5.6678 	 0.1216 
25.0000 	 1.1658 	 7.1249 	 -35.4825 	 786.5228 	25.0000 	 1.5577 	 1.1444 	 -3.2637 	 0.1045 
15.0000 	 0.9065 	 3.3720 	 -13.0207 	 804.6539 	15.0000 	 1.0107 	 1.0703 	 -1.6371 	 0.1261 
14.0000 	 0.9068 	 3.0665 	 -11.9370 	 808.0293 	14.0000 	 0.0199 	 2.7019 	 -6.7774 	 0.2933 
45.0000 	 0.1939 	 9.9981 	 -0.0010 	 2127.7472 	45.0000 	 0.6257 	 0.6833 	 -5.6931 	 0.2219 
45.0000 	 0.4253 	 1.6229 	 -9.4135 	 1549.0659 	45.0000 	 2.9583 	 1.9393 	 -3.4935 	 0.0350 
46.0000 	 0.0657 	 9.9994 	 -49.9999 	 1520.6376 	46.0000 	 1.2425 	 0.1699 	 -2.2611 	 0.0485 
12.0000 	 2.0053 	 4.6418 	 -20.2423 	 805.3691 	12.0000 	 1.1190 	 2.9963 	 -5.8704 	 0.2239 
41.0000 	 0.0034 	 10.0000 	 -42.9764 	 1517.5467 	41.0000 	 1.1385 	 2.9874 	 -4.5074 	 0.1007 
11.0000 	 1.8435 	 3.8149 	 -15.9647 	 806.6341 	11.0000 	 1.3999 	 2.3617 	 -4.8763 	 0.4726 
41.0000 	 0.0025 	 0.0010 	 -49.9985 	 2183.4384 	41.0000 	 1.6380 	 0.5818 	 -6.4468 	 0.2757 
41.0000 	 0.0025 	 9.9981 	 -49.9997 	 1549.7419 	41.0000 	 0.8078 	 2.8789 	 -0.5662 	 0.1397 
45.0000 	 0.0025 	 9.9722 	 -49.9985 	 1511.0381 	45.0000 	 2.7822 	 1.2318 	 -2.9122 	 0.1301 
30.0000 	 0.5815 	 0.7811 	 -6.9402 	 1802.3554 	30.0000 	 1.9401 	 0.7160 	 -5.2129 	 0.3163 
40.0000 	 0.0030 	 10.0000 	 -41.5050 	 1516.3506 	40.0000 	 2.2058 	 2.7249 	 -4.5823 	 0.1591 
30.0000 	 1.2407 	 9.2840 	 -48.5314 	 782.2314 	30.0000 	 1.9633 	 2.8730 	 -0.8684 	 0.1360 
30.0000 	 1.2250 	 9.0593 	 -48.0220 	 781.8988 	30.0000 	 0.5529 	 0.5891 	 -4.9757 	 0.1510 
41.0000 	 0.1490 	 0.8276 	 -0.0103 	 2185.9190 	41.0000 	 0.1827 	 0.8173 	 -1.5343 	 0.1200 
26.0000 	 1.1646 	 7.5634 	 -37.5480 	 785.4498 	26.0000 	 0.3393 	 2.5924 	 -2.5039 	 0.1095 
45.0000 	 5.9996 	 9.9981 	 -0.0010 	 2212.2569 	45.0000 	 2.8827 	 1.1074 	 -1.8318 	 0.2146 
45.0000 	 0.0233 	 10.0000 	 -49.1865 	 1519.7173 	45.0000 	 2.9609 	 2.0617 	 -6.9260 	 0.0509 
45.0000 	 0.4177 	 0.1108 	 -8.0084 	 2211.5340 	45.0000 	 2.6488 	 0.7142 	 -0.5059 	 0.3147 
41.0000 	 5.9868 	 0.0010 	 -49.9985 	 2191.6145 	41.0000 	 0.2912 	 2.5795 	 -1.0950 	 0.2806 
30.0000 	 1.1940 	 8.9880 	 -46.3080 	 782.1864 	30.0000 	 0.9068 	 2.0111 	 -2.6484 	 0.0837 
26.0000 	 1.1490 	 7.6038 	 -36.9832 	 785.3731 	26.0000 	 0.8450 	 2.5356 	 -2.8021 	 0.1247 
16.0000 	 0.8953 	 3.6777 	 -14.2129 	 802.3807 	16.0000 	 2.1245 	 1.3341 	 -0.2671 	 0.0992 
10.0000 	 0.7721 	 1.7734 	 -5.8649 	 826.0114 	10.0000 	 1.0110 	 2.1416 	 -0.0658 	 0.2366 
1.0000 	 5.5451 	 0.0014 	 -0.0032 	 1072.6402 	1.0000 	 2.3532 	 2.7433 	 -4.5436 	 2.5009 
10.0000 	 0.7049 	 1.6387 	 -5.4076 	 826.9115 	10.0000 	 2.7422 	 2.1067 	 -0.1191 	 0.1262 
1.0000 	 0.0025 	 10.0000 	 -0.0010 	 2040.9820 	1.0000 	 1.5743 	 1.6888 	 -6.2260 	 0.1301 
41.0000 	 5.9996 	 0.0010 	 -0.0010 	 2236.2087 	41.0000 	 2.0953 	 0.7318 	 -5.1769 	 0.1655 
30.0000 	 0.0089 	 9.9929 	 -27.1701 	 1343.6839 	30.0000 	 1.9516 	 1.0670 	 -0.7387 	 0.1366 
26.0000 	 1.2342 	 7.9183 	 -40.0736 	 786.0638 	26.0000 	 0.5651 	 1.4345 	 -2.1978 	 0.1222 
16.0000 	 0.9608 	 3.8668 	 -15.4054 	 801.5224 	16.0000 	 1.5819 	 1.9316 	 -5.7839 	 0.1190 
10.0000 	 0.9358 	 1.8705 	 -6.8288 	 829.4379 	10.0000 	 2.6757 	 1.2665 	 -2.5671 	 0.2965 
1.0000 	 3.5319 	 0.0011 	 -0.0010 	 1117.5637 	1.0000 	 2.5633 	 1.6255 	 -2.4255 	 0.8027 
29.0000 	 0.4447 	 1.3757 	 -6.8263 	 1549.9195 	29.0000 	 0.9784 	 2.2438 	 -0.5701 	 0.1620 
44.0000 	 0.5229 	 2.4003 	 -13.8981 	 1549.1133 	44.0000 	 1.5907 	 0.1591 	 -6.9024 	 0.0278 
27.0000 	 0.4289 	 1.2192 	 -5.9070 	 1549.8337 	27.0000 	 0.7775 	 0.5212 	 -6.3024 	 0.1777 
42.0000 	 0.0025 	 9.9929 	 -49.9985 	 1534.4854 	42.0000 	 2.4241 	 0.4674 	 -2.4832 	 0.1228 
14.0000 	 0.8825 	 3.1210 	 -11.5908 	 807.7582 	14.0000 	 1.7310 	 2.5901 	 -2.8177 	 0.1281 
12.0000 	 0.8206 	 2.3274 	 -8.3909 	 815.6906 	12.0000 	 0.4028 	 2.2038 	 -5.3397 	 0.1296 
42.0000 	 0.9643 	 10.0000 	 -49.9999 	 910.5175 	42.0000 	 0.6166 	 0.0111 	 -3.4245 	 1.2170 
29.0000 	 1.2451 	 8.8062 	 -46.9351 	 782.8766 	29.0000 	 1.3830 	 2.7338 	 -6.4875 	 0.1266 
44.0000 	 0.0025 	 9.9994 	 -49.9999 	 1512.6526 	44.0000 	 1.0462 	 0.2935 	 -6.3304 	 0.1278 
27.0000 	 1.1606 	 7.9255 	 -39.1333 	 784.5732 	27.0000 	 1.8925 	 1.5975 	 -4.2490 	 0.1036 
14.0000 	 0.8519 	 2.9365 	 -11.0341 	 808.4179 	14.0000 	 2.7108 	 1.4459 	 -0.4284 	 0.1089 
44.0000 	 0.3070 	 0.8231 	 -4.7795 	 1549.1324 	44.0000 	 0.3192 	 0.3288 	 -4.9610 	 0.0359 
44.0000 	 0.0025 	 9.9929 	 -49.9985 	 1514.7325 	44.0000 	 0.8125 	 2.7365 	 -0.3318 	 0.1172 
12.0000 	 0.0564 	 2.8197 	 -6.6999 	 1359.1518 	12.0000 	 1.5617 	 2.6641 	 -6.4090 	 0.3122 
29.0000 	 1.1338 	 8.4561 	 -41.6404 	 783.6172 	29.0000 	 1.4693 	 1.5331 	 -1.3403 	 0.0868 
44.0000 	 0.0025 	 9.9929 	 -49.9985 	 1513.0575 	44.0000 	 2.4737 	 2.5061 	 -1.4276 	 0.1218 
42.0000 	 0.0032 	 10.0000 	 -44.5003 	 1518.0687 	42.0000 	 0.8805 	 2.5466 	 -0.2512 	 0.1182 
44.0000 	 0.0025 	 9.9722 	 -49.9985 	 1515.9152 	44.0000 	 2.5533 	 0.3990 	 -1.4605 	 0.1192 
44.0000 	 0.0025 	 9.9618 	 -49.9997 	 1514.8298 	44.0000 	 1.5239 	 2.6032 	 -1.9308 	 0.1208 
42.0000 	 0.0130 	 10.0000 	 -44.9320 	 1518.0829 	42.0000 	 1.7650 	 0.5279 	 -5.1346 	 0.0825 
29.0000 	 0.2780 	 0.5393 	 -2.6652 	 1550.4103 	29.0000 	 0.5333 	 0.1543 	 -3.1634 	 0.0419 
43.0000 	 0.0026 	 10.0000 	 -46.3223 	 1517.1329 	43.0000 	 0.7460 	 2.7874 	 -2.3005 	 0.0808 
42.0000 	 0.1808 	 9.9722 	 -49.9985 	 1522.5600 	42.0000 	 1.8931 	 0.2368 	 -2.5927 	 0.2735 
27.0000 	 1.1452 	 7.8333 	 -38.3705 	 784.3852 	27.0000 	 0.6967 	 0.6967 	 -3.0199 	 0.0771 
42.0000 	 0.9683 	 9.9948 	 -50.0000 	 908.7627 	42.0000 	 2.7362 	 0.0329 	 -2.8618 	 2.0721 
42.0000 	 0.0025 	 9.9722 	 -49.9985 	 1536.0350 	42.0000 	 2.3234 	 2.9462 	 -3.5981 	 0.1222 
42.0000 	 0.0033 	 9.9981 	 -44.5056 	 1517.8844 	42.0000 	 0.0332 	 1.0410 	 -4.7882 	 0.2168 
14.0000 	 0.8739 	 3.0104 	 -11.4848 	 807.9385 	14.0000 	 2.4732 	 0.9570 	 -2.5379 	 0.4064 
44.0000 	 0.1739 	 1.1072 	 -1.1489 	 1916.3061 	44.0000 	 0.1921 	 1.0624 	 -1.8629 	 0.1337 
12.0000 	 0.8121 	 2.2852 	 -8.2682 	 816.1275 	12.0000 	 1.2438 	 1.7520 	 -3.6213 	 0.1607 
43.0000 	 0.0025 	 9.9722 	 -49.9985 	 1519.8850 	43.0000 	 2.9142 	 1.4187 	 -6.6331 	 0.1387 
29.0000 	 0.0033 	 9.9929 	 -26.6183 	 1345.9409 	29.0000 	 2.2079 	 1.6508 	 -3.2771 	 0.1119 
29.0000 	 0.4024 	 1.1200 	 -5.5549 	 1550.0508 	29.0000 	 2.3138 	 2.3522 	 -2.2877 	 0.0946 
27.0000 	 1.1455 	 7.7854 	 -38.4434 	 784.6254 	27.0000 	 1.2651 	 0.3427 	 -0.4231 	 0.0975 
29.0000 	 1.1804 	 8.7363 	 -43.8060 	 782.8309 	29.0000 	 2.0516 	 1.6142 	 -5.5842 	 0.1009 
43.0000 	 0.0031 	 9.9984 	 -46.0017 	 1518.6082 	43.0000 	 2.7001 	 2.7553 	 -0.2210 	 0.0954 
13.0000 	 2.3377 	 6.4724 	 -29.5491 	 794.8166 	13.0000 	 2.0094 	 1.0580 	 -5.0386 	 0.4329 
29.0000 	 1.1686 	 8.4265 	 -43.0560 	 783.0970 	29.0000 	 2.5281 	 2.8016 	 -2.5733 	 0.1085 
29.0000 	 1.2159 	 8.7255 	 -45.2339 	 782.6593 	29.0000 	 0.1984 	 0.2776 	 -5.0029 	 0.1003 
28.0000 	 1.3563 	 8.7489 	 -49.5545 	 786.5607 	28.0000 	 1.6048 	 2.6297 	 -2.0037 	 0.2091 
27.0000 	 1.1550 	 7.7504 	 -38.7158 	 784.5217 	27.0000 	 1.4426 	 2.1508 	 -1.7333 	 0.1315 
13.0000 	 0.8499 	 2.6640 	 -9.8697 	 811.0951 	13.0000 	 2.8993 	 1.9097 	 -3.7526 	 0.1938 
42.0000 	 0.0025 	 9.9929 	 -49.9985 	 1532.8142 	42.0000 	 1.7041 	 2.3858 	 -6.1691 	 0.1250 
43.0000 	 0.0025 	 9.9722 	 -49.9985 	 1521.1474 	43.0000 	 0.5138 	 0.1803 	 -6.6693 	 0.1322 
27.0000 	 1.1434 	 7.7387 	 -38.2834 	 784.5526 	27.0000 	 0.9818 	 0.8588 	 -6.8165 	 0.0873 
27.0000 	 1.1772 	 7.9005 	 -39.8280 	 784.4139 	27.0000 	 1.9748 	 0.5767 	 -4.5463 	 0.1302 
13.0000 	 1.2737 	 3.2951 	 -14.1182 	 815.8302 	13.0000 	 0.2596 	 2.3404 	 -5.0354 	 0.4100 
13.0000 	 1.7527 	 4.4002 	 -19.5596 	 807.6276 	13.0000 	 2.9602 	 1.1665 	 -3.9117 	 0.3170 
27.0000 	 1.1151 	 7.6638 	 -37.0717 	 785.0330 	27.0000 	 0.5330 	 1.4802 	 -6.6263 	 0.2717 
27.0000 	 1.1690 	 7.9383 	 -39.4124 	 784.4181 	27.0000 	 2.2591 	 1.3552 	 -6.0083 	 0.0934 
14.0000 	 0.9177 	 3.1620 	 -11.9255 	 807.9500 	14.0000 	 0.0521 	 0.6668 	 -1.2082 	 0.2137 
28.0000 	 0.0072 	 8.7470 	 -25.2121 	 1342.9581 	28.0000 	 1.9199 	 0.7851 	 -2.8219 	 0.0784 
43.0000 	 0.0025 	 9.9929 	 -49.9985 	 1521.9414 	43.0000 	 1.4761 	 1.4881 	 -5.7318 	 0.1226 
13.0000 	 1.0427 	 2.9432 	 -11.7920 	 815.1244 	13.0000 	 1.5816 	 2.4954 	 -2.2053 	 0.3076 
13.0000 	 0.8675 	 2.6931 	 -10.0434 	 811.6553 	13.0000 	 2.6589 	 1.4879 	 -6.8166 	 0.1651 
13.0000 	 0.9348 	 2.7362 	 -10.7727 	 812.6746 	13.0000 	 0.5179 	 1.0934 	 -4.5360 	 0.2765 
12.0000 	 0.8041 	 2.3194 	 -8.2642 	 815.8969 	12.0000 	 0.9660 	 2.1169 	 -5.9630 	 0.1962 
15.0000 	 0.9235 	 3.3414 	 -13.2622 	 804.7925 	15.0000 	 1.1631 	 0.7826 	 -3.6914 	 0.1612 
28.0000 	 1.1809 	 8.2905 	 -41.8076 	 783.5101 	28.0000 	 2.4704 	 0.1890 	 -6.1398 	 0.1632 
13.0000 	 0.8626 	 2.6751 	 -9.9768 	 811.3327 	13.0000 	 2.6043 	 2.3933 	 -4.4864 	 0.1466 
13.0000 	 0.8673 	 2.7036 	 -10.0545 	 811.3276 	13.0000 	 2.7392 	 1.8723 	 -4.6886 	 0.1566 
11.0000 	 0.7748 	 1.9833 	 -6.9241 	 820.7295 	11.0000 	 1.9329 	 0.8121 	 -5.5884 	 0.2727 
29.0000 	 1.2395 	 8.7189 	 -46.7049 	 782.9534 	29.0000 	 1.9110 	 0.6295 	 -1.0397 	 0.1093 
13.0000 	 0.9213 	 2.8021 	 -10.6523 	 811.8822 	13.0000 	 1.6955 	 0.0864 	 -5.7142 	 0.2046 
43.0000 	 0.0031 	 9.9981 	 -0.0010 	 2228.4353 	43.0000 	 2.6199 	 2.4525 	 -4.2315 	 0.1289 
43.0000 	 5.9868 	 0.0010 	 -49.9985 	 2200.6267 	43.0000 	 1.4782 	 2.9323 	 -3.7953 	 0.2875 
27.0000 	 1.1675 	 7.7611 	 -39.3278 	 784.4412 	27.0000 	 2.7230 	 2.3301 	 -4.6758 	 0.1215 
14.0000 	 0.8670 	 2.9569 	 -11.2961 	 808.0522 	14.0000 	 1.4855 	 2.3360 	 -4.1687 	 0.1585 
28.0000 	 1.1584 	 8.3233 	 -40.4330 	 784.3103 	28.0000 	 2.7764 	 2.3641 	 -4.2770 	 0.2525 
43.0000 	 0.0025 	 9.9981 	 -49.9997 	 1519.0918 	43.0000 	 0.9606 	 2.2550 	 -2.7038 	 0.1224 
12.0000 	 0.8519 	 2.3998 	 -8.6793 	 815.3105 	12.0000 	 1.8753 	 1.1133 	 -4.5328 	 0.2579 
28.0000 	 0.6356 	 3.0813 	 -14.4398 	 1378.5419 	28.0000 	 2.6687 	 1.9741 	 -5.6224 	 1.5536 
15.0000 	 1.9166 	 5.7820 	 -28.7242 	 799.2823 	15.0000 	 0.3361 	 0.7740 	 -2.9902 	 0.4910 
43.0000 	 0.0025 	 9.9981 	 -49.9997 	 1521.1180 	43.0000 	 0.9549 	 2.7293 	 -6.3613 	 0.1244 
28.0000 	 1.2015 	 8.3529 	 -42.8829 	 783.5488 	28.0000 	 1.9605 	 2.7544 	 -4.6061 	 0.1795 
11.0000 	 3.5134 	 9.7366 	 -42.5533 	 786.5658 	11.0000 	 2.8330 	 1.9560 	 -2.9817 	 0.6458 
15.0000 	 0.8987 	 3.3486 	 -13.0348 	 804.5111 	15.0000 	 2.3123 	 2.6933 	 -4.1900 	 0.1358 
28.0000 	 1.1976 	 8.1819 	 -42.4920 	 783.6948 	28.0000 	 2.6475 	 0.3144 	 -6.3415 	 0.0751 
11.0000 	 0.7853 	 2.0402 	 -7.0282 	 820.4248 	11.0000 	 2.7545 	 1.2688 	 -2.3251 	 0.1475 
43.0000 	 0.0174 	 9.9994 	 -46.0326 	 1518.4047 	43.0000 	 2.9510 	 0.3956 	 -4.6177 	 0.0814 
28.0000 	 1.1541 	 8.2317 	 -40.6647 	 783.8331 	28.0000 	 2.6869 	 2.1169 	 -1.7747 	 0.1248 
15.0000 	 0.9438 	 3.3949 	 -13.5903 	 804.9969 	15.0000 	 2.0319 	 0.0477 	 -0.4355 	 0.1570 
28.0000 	 1.3707 	 8.8153 	 -50.0000 	 786.7635 	28.0000 	 2.9139 	 2.8821 	 -0.1468 	 0.2086 
11.0000 	 0.7846 	 1.9939 	 -7.0407 	 820.9100 	11.0000 	 0.9694 	 1.6703 	 -2.3269 	 0.1828 
28.0000 	 1.2077 	 8.4126 	 -43.1391 	 783.4340 	28.0000 	 1.8024 	 0.2057 	 -4.3453 	 0.1143 
15.0000 	 0.9320 	 3.5090 	 -13.5320 	 804.4804 	15.0000 	 2.4925 	 0.5262 	 -2.8821 	 0.1099 
11.0000 	 0.9210 	 2.1785 	 -7.9921 	 822.6758 	11.0000 	 2.1884 	 2.9763 	 -2.6239 	 0.2371 
43.0000 	 0.0031 	 9.9722 	 -49.9985 	 1530.4360 	43.0000 	 0.1177 	 0.4307 	 -5.9157 	 0.1270 
46.0000 	 5.9868 	 0.0015 	 -49.9301 	 2206.7549 	46.0000 	 0.8014 	 2.6250 	 -2.7917 	 0.2789 
45.0000 	 5.9868 	 0.0010 	 -49.9985 	 2199.5631 	45.0000 	 0.8014 	 2.6250 	 -2.7917 	 0.2754 
49.0000 	 5.9868 	 0.0010 	 -49.9985 	 2196.9283 	49.0000 	 0.8014 	 2.6250 	 -2.7917 	 0.2860 
50.0000 	 5.9868 	 0.0010 	 -49.9985 	 2196.4117 	50.0000 	 0.8014 	 2.6250 	 -2.7917 	 0.2786 
48.0000 	 0.0025 	 0.0010 	 -49.9985 	 2183.5074 	48.0000 	 0.8014 	 2.6250 	 -2.7917 	 0.2786 
44.0000 	 0.0025 	 9.9722 	 -49.9985 	 1514.0198 	44.0000 	 0.1177 	 0.4307 	 -5.9157 	 0.1226 
47.0000 	 0.0025 	 10.0000 	 -50.0000 	 1523.8617 	47.0000 	 0.1177 	 0.4307 	 -5.9157 	 0.0864 
42.0000 	 0.0029 	 10.0000 	 -44.2956 	 1517.9990 	42.0000 	 2.5926 	 2.5751 	 -5.0058 	 0.1208 
44.0000 	 5.9996 	 0.0010 	 -0.0010 	 2256.2784 	44.0000 	 2.1237 	 1.5358 	 -5.3811 	 0.1236 
43.0000 	 0.0025 	 9.9981 	 -49.9997 	 1520.0626 	43.0000 	 0.1493 	 2.2661 	 -3.8001 	 0.1393 
45.0000 	 0.0025 	 9.9929 	 -49.9985 	 1511.8238 	45.0000 	 0.1493 	 2.2661 	 -3.8001 	 0.1237 
46.0000 	 0.0025 	 9.9929 	 -49.9985 	 1512.2577 	46.0000 	 1.7820 	 0.8775 	 -3.0480 	 0.1226 
44.0000 	 0.0025 	 10.0000 	 -49.9439 	 1523.8030 	44.0000 	 0.1493 	 2.2661 	 -3.8001 	 0.1399 
47.0000 	 0.0025 	 9.9929 	 -49.9985 	 1513.3249 	47.0000 	 2.8074 	 0.7300 	 -2.2572 	 0.1251 
49.0000 	 0.0025 	 9.9981 	 -49.9997 	 1531.0908 	49.0000 	 0.1493 	 2.2661 	 -3.8001 	 0.1381 
39.0000 	 0.0029 	 10.0000 	 -40.0700 	 1516.8872 	39.0000 	 1.2598 	 0.7985 	 -3.1078 	 0.0885 
48.0000 	 0.0030 	 9.9929 	 -49.9790 	 1530.6394 	48.0000 	 0.1493 	 2.2661 	 -3.8001 	 0.1287 
36.0000 	 0.0031 	 10.0000 	 -35.9570 	 1516.4566 	36.0000 	 1.0523 	 2.0387 	 -1.6584 	 0.0562 
50.0000 	 0.0025 	 9.9929 	 -49.9985 	 1548.5244 	50.0000 	 2.8074 	 0.7300 	 -2.2572 	 0.1257 
48.0000 	 0.0025 	 9.9722 	 -49.9985 	 1524.6453 	48.0000 	 0.4910 	 2.9243 	 -6.1332 	 0.1218 
46.0000 	 0.0036 	 9.9985 	 -49.9639 	 1520.4577 	46.0000 	 0.4910 	 2.9243 	 -6.1332 	 0.0787 
45.0000 	 0.0025 	 10.0000 	 -48.6248 	 1519.8241 	45.0000 	 1.4401 	 2.3415 	 -1.5051 	 0.0758 
41.0000 	 0.0025 	 9.9981 	 -0.0010 	 2211.1843 	41.0000 	 2.5197 	 1.6030 	 -5.0787 	 0.1389 
49.0000 	 0.5612 	 2.9479 	 -17.7665 	 1548.7887 	49.0000 	 0.4910 	 2.9243 	 -6.1332 	 0.0524 
38.0000 	 0.0025 	 0.0010 	 -49.9985 	 2182.5339 	38.0000 	 0.0294 	 1.3275 	 -6.9071 	 0.2850 
39.0000 	 0.3616 	 0.1792 	 -2.6838 	 2138.7674 	39.0000 	 0.9451 	 0.4130 	 -5.9949 	 0.1213 
44.0000 	 0.0025 	 9.9994 	 -49.9999 	 1524.3309 	44.0000 	 1.2920 	 0.0723 	 -0.5203 	 0.1264 
43.0000 	 0.0025 	 9.9722 	 -49.9985 	 1520.5898 	43.0000 	 1.5423 	 2.9472 	 -3.9511 	 0.1237 
45.0000 	 5.9868 	 0.0010 	 -49.9985 	 2206.4823 	45.0000 	 1.5423 	 2.9472 	 -3.9511 	 0.2643 
49.0000 	 5.9868 	 0.0010 	 -49.9985 	 2194.2832 	49.0000 	 2.4914 	 2.3644 	 -6.3231 	 0.2784 
37.0000 	 0.0025 	 9.9994 	 -0.0010 	 2213.6296 	37.0000 	 0.4129 	 0.9928 	 -3.8962 	 0.1292 
40.0000 	 1.0040 	 10.0000 	 -50.0000 	 857.5654 	40.0000 	 2.8646 	 0.8295 	 -2.9691 	 1.1129 
38.0000 	 0.0255 	 9.9994 	 -38.8019 	 1516.5608 	38.0000 	 2.1547 	 1.7963 	 -4.6615 	 0.1464 
35.0000 	 1.1065 	 10.0000 	 -50.0000 	 788.6279 	35.0000 	 1.0360 	 0.6329 	 -0.7216 	 0.1697 
40.0000 	 0.0025 	 9.9929 	 -49.9985 	 1577.4935 	40.0000 	 0.0801 	 0.4040 	 -5.7232 	 0.1246 
48.0000 	 0.0025 	 9.9722 	 -49.9985 	 1512.7529 	48.0000 	 0.8587 	 0.7530 	 -0.0751 	 0.2348 
37.0000 	 0.0051 	 9.9999 	 -29.1556 	 1419.7882 	37.0000 	 0.7446 	 1.2984 	 -2.6422 	 0.5933 
41.0000 	 0.0025 	 9.9981 	 -49.9997 	 1554.1588 	41.0000 	 2.2950 	 0.1514 	 -6.4085 	 0.1231 
37.0000 	 0.0027 	 9.9974 	 -37.1786 	 1516.4533 	37.0000 	 1.6335 	 0.9115 	 -2.6689 	 0.2884 
42.0000 	 0.0029 	 9.9981 	 -44.4958 	 1517.9724 	42.0000 	 1.6526 	 0.2530 	 -6.5084 	 0.0758 
43.0000 	 0.0030 	 10.0000 	 -45.9833 	 1518.5127 	43.0000 	 1.2920 	 0.0723 	 -0.5203 	 0.0468 
46.0000 	 0.0137 	 10.0000 	 -50.0000 	 1520.4677 	46.0000 	 0.8587 	 0.7530 	 -0.0751 	 0.0622 
49.0000 	 0.0025 	 9.9981 	 -49.9997 	 1540.8839 	49.0000 	 1.2920 	 0.0723 	 -0.5203 	 0.2557 
47.0000 	 0.8965 	 10.0000 	 -50.0000 	 1087.6541 	47.0000 	 0.8587 	 0.7530 	 -0.0751 	 1.9024 
30.0000 	 1.2149 	 9.1189 	 -47.5448 	 781.9238 	30.0000 	 1.7499 	 2.5375 	 -0.0135 	 0.1277 
28.0000 	 0.0076 	 9.4176 	 -24.5885 	 1346.0248 	28.0000 	 1.3716 	 0.9737 	 -5.1246 	 0.2789 
33.0000 	 1.1574 	 9.6819 	 -49.8365 	 782.8311 	33.0000 	 0.8672 	 2.2087 	 -5.6060 	 0.0987 
31.0000 	 1.2120 	 9.1883 	 -48.9911 	 781.5989 	31.0000 	 2.5340 	 1.6461 	 -2.8344 	 0.1091 
26.0000 	 1.1887 	 7.5873 	 -38.1711 	 785.5499 	26.0000 	 2.5167 	 0.9041 	 -4.1597 	 0.1410 
34.0000 	 0.5156 	 1.9519 	 -10.5680 	 1549.3451 	34.0000 	 1.1658 	 2.9830 	 -0.2270 	 0.2192 
22.0000 	 0.0118 	 6.2942 	 -17.4129 	 1344.5676 	22.0000 	 0.4250 	 2.7423 	 -0.9500 	 0.0851 
41.0000 	 5.9996 	 9.9981 	 -0.0010 	 2213.8305 	41.0000 	 0.6596 	 2.6270 	 -0.1150 	 0.2123 
28.0000 	 1.2761 	 8.7842 	 -46.1144 	 784.7217 	28.0000 	 1.0213 	 0.9516 	 -2.5970 	 0.1633 
37.0000 	 0.0036 	 9.9981 	 -36.8015 	 1516.4290 	37.0000 	 0.7114 	 0.8115 	 -6.2567 	 0.1575 
22.0000 	 0.0184 	 6.6861 	 -17.0845 	 1345.0417 	22.0000 	 1.9592 	 0.9556 	 -5.6530 	 0.0524 
33.0000 	 0.5844 	 9.2697 	 -14.1584 	 1584.8995 	33.0000 	 1.5058 	 2.0028 	 -4.3700 	 1.4396 
35.0000 	 1.1139 	 10.0000 	 -50.0000 	 789.4220 	35.0000 	 2.6923 	 0.1013 	 -5.8766 	 0.3105 
38.0000 	 5.9970 	 0.0010 	 -49.9985 	 2232.9749 	38.0000 	 1.9161 	 2.0185 	 -6.6298 	 0.1982 
12.0000 	 0.8024 	 2.2888 	 -8.1838 	 816.1739 	12.0000 	 1.2267 	 0.2900 	 -1.8399 	 0.1442 
28.0000 	 1.1966 	 8.3652 	 -42.5348 	 783.5685 	28.0000 	 2.6000 	 2.0347 	 -0.5474 	 0.0919 
45.0000 	 0.0025 	 9.9981 	 -0.0010 	 2212.3342 	45.0000 	 0.2169 	 1.4437 	 -4.0648 	 0.1335 
47.0000 	 5.9996 	 0.0010 	 -0.0010 	 2256.7516 	47.0000 	 1.5842 	 2.8322 	 -4.8168 	 0.1245 
43.0000 	 0.0025 	 9.9722 	 -49.9985 	 1522.5086 	43.0000 	 2.2678 	 2.0265 	 -1.6928 	 0.1223 
32.0000 	 0.0037 	 9.9994 	 -28.5894 	 1338.6459 	32.0000 	 2.1188 	 1.4325 	 -4.3987 	 0.9379 
35.0000 	 1.1057 	 10.0000 	 -50.0000 	 788.7618 	35.0000 	 0.2038 	 0.5085 	 -6.6347 	 0.1647 
39.0000 	 0.3911 	 0.9502 	 -4.5030 	 1793.0915 	39.0000 	 2.9402 	 0.7961 	 -4.8243 	 0.2845 
49.0000 	 5.9868 	 0.0010 	 -49.9985 	 2200.6049 	49.0000 	 2.2678 	 2.0265 	 -1.6928 	 0.2734 
48.0000 	 5.9996 	 0.0010 	 -0.0010 	 2257.0917 	48.0000 	 1.5842 	 2.8322 	 -4.8168 	 0.1226 
50.0000 	 5.9970 	 0.0010 	 -49.9985 	 2259.3311 	50.0000 	 1.5842 	 2.8322 	 -4.8168 	 0.1241 
31.0000 	 1.2180 	 9.2959 	 -49.4168 	 781.3274 	31.0000 	 1.2849 	 2.5750 	 -2.9281 	 0.0710 
23.0000 	 1.0575 	 6.2389 	 -28.3064 	 788.9706 	23.0000 	 0.5293 	 2.6360 	 -3.3836 	 0.2177 
26.0000 	 1.1970 	 7.7885 	 -38.7262 	 785.5310 	26.0000 	 2.6230 	 0.4087 	 -6.1867 	 0.1990 
20.0000 	 1.0106 	 5.0892 	 -22.2142 	 793.6596 	20.0000 	 0.5345 	 1.6456 	 -0.1474 	 0.1744 
32.0000 	 0.3390 	 0.8560 	 -4.3489 	 1550.1291 	32.0000 	 2.5930 	 1.3953 	 -3.1651 	 0.0324 
24.0000 	 1.0821 	 6.7017 	 -30.9616 	 787.6232 	24.0000 	 1.2449 	 0.3124 	 -3.0844 	 0.1218 
28.0000 	 1.2664 	 8.6333 	 -45.7952 	 784.3888 	28.0000 	 0.9499 	 1.7817 	 -5.5325 	 0.1673 
12.0000 	 0.8011 	 2.3212 	 -8.2309 	 815.8853 	12.0000 	 1.2974 	 1.0746 	 -4.6873 	 0.1663 
11.0000 	 0.7809 	 2.0292 	 -6.9328 	 820.3442 	11.0000 	 1.0362 	 1.5365 	 -6.6458 	 0.1650 
26.0000 	 1.1646 	 7.5246 	 -37.4377 	 785.2983 	26.0000 	 0.6046 	 0.8468 	 -6.8193 	 0.1394 
25.0000 	 1.1166 	 7.0660 	 -33.6514 	 786.5120 	25.0000 	 2.0810 	 0.5108 	 -2.8536 	 0.0825 
19.0000 	 1.0653 	 5.0698 	 -22.0576 	 795.2841 	19.0000 	 1.4692 	 1.1532 	 -6.9824 	 0.1521 
22.0000 	 1.0712 	 5.9719 	 -26.9637 	 790.0742 	22.0000 	 1.3689 	 1.1224 	 -0.9615 	 0.1031 
9.0000 	 0.7260 	 1.3803 	 -4.5613 	 833.7259 	9.0000 	 0.1156 	 1.2803 	 -2.9788 	 0.1238 
10.0000 	 2.6548 	 5.5508 	 -22.5303 	 794.7573 	10.0000 	 0.3369 	 2.4165 	 -5.2435 	 0.6122 
17.0000 	 0.9752 	 4.1185 	 -17.0326 	 799.2165 	17.0000 	 1.8181 	 1.3401 	 -0.3362 	 0.1373 
14.0000 	 0.9095 	 3.1057 	 -11.8167 	 807.5762 	14.0000 	 2.9820 	 2.8677 	 -6.2198 	 0.1386 
15.0000 	 0.9371 	 3.4254 	 -13.5619 	 804.4719 	15.0000 	 1.0132 	 1.2213 	 -0.0318 	 0.1488 
4.0000 	 2.3814 	 0.7535 	 -2.0835 	 856.6723 	4.0000 	 0.6755 	 0.5036 	 -1.1621 	 0.7258 
1.0000 	 6.0000 	 9.7594 	 -0.0010 	 1965.7828 	1.0000 	 0.2497 	 0.3985 	 -3.7034 	 0.0931 
34.0000 	 1.1323 	 9.9999 	 -50.0000 	 784.8828 	34.0000 	 1.4520 	 0.3723 	 -1.2823 	 0.1224 
21.0000 	 1.0817 	 5.8317 	 -25.9996 	 791.5385 	21.0000 	 1.0375 	 2.6028 	 -3.0889 	 0.1187 
6.0000 	 3.9782 	 4.4436 	 -15.3174 	 801.6517 	6.0000 	 2.6659 	 0.5380 	 -6.4540 	 0.8248 
7.0000 	 2.4318 	 2.6068 	 -9.1843 	 814.2790 	7.0000 	 0.7728 	 2.8355 	 -6.2640 	 0.3977 
25.0000 	 1.1239 	 7.0925 	 -34.0534 	 786.2663 	25.0000 	 1.9011 	 2.5957 	 -1.3713 	 0.0963 
40.0000 	 0.1802 	 0.0478 	 -1.1923 	 2170.0405 	40.0000 	 2.5647 	 1.2098 	 -2.7205 	 0.3026 
10.0000 	 1.6421 	 2.8535 	 -11.3170 	 817.6296 	10.0000 	 2.8516 	 2.9543 	 -2.5391 	 0.5083 
21.0000 	 0.9959 	 5.3914 	 -23.6018 	 792.5927 	21.0000 	 0.9657 	 2.7273 	 -2.0588 	 0.1342 
17.0000 	 0.0059 	 4.7715 	 -12.1354 	 1350.0010 	17.0000 	 1.8931 	 2.7621 	 -6.0412 	 0.1930 
31.0000 	 1.2270 	 9.5445 	 -50.0000 	 781.4444 	31.0000 	 2.7711 	 1.6921 	 -5.4573 	 0.0800 
9.0000 	 0.7475 	 1.4081 	 -4.7366 	 833.8367 	9.0000 	 0.2814 	 2.0056 	 -4.1755 	 0.2472 
4.0000 	 1.8105 	 0.4879 	 -1.3640 	 869.2788 	4.0000 	 1.0709 	 0.9458 	 -0.8018 	 0.4450 
1.0000 	 0.0025 	 9.9981 	 -0.0010 	 2030.3127 	1.0000 	 2.6132 	 0.0429 	 -2.2886 	 0.1359 
14.0000 	 0.9053 	 3.0245 	 -11.6764 	 807.7264 	14.0000 	 0.8046 	 1.3564 	 -2.1140 	 0.1259 
16.0000 	 0.9173 	 3.7083 	 -14.6055 	 801.7013 	16.0000 	 1.4938 	 0.3047 	 -6.7448 	 0.1116 
34.0000 	 1.1277 	 10.0000 	 -50.0000 	 785.0073 	34.0000 	 0.7684 	 1.1478 	 -1.9524 	 0.1040 
7.0000 	 1.5164 	 1.5107 	 -4.9681 	 833.6998 	7.0000 	 1.9811 	 1.2415 	 -2.9666 	 0.3692 
23.0000 	 1.0776 	 6.5321 	 -29.2004 	 788.9121 	23.0000 	 2.7705 	 0.2593 	 -6.6435 	 0.1178 
29.0000 	 1.2001 	 8.7230 	 -44.7737 	 782.8350 	29.0000 	 1.3713 	 1.3441 	 -2.3271 	 0.1688 
41.0000 	 0.0033 	 9.9994 	 -42.8631 	 1517.7350 	41.0000 	 1.9207 	 1.5926 	 -0.7226 	 0.1728 
16.0000 	 1.3667 	 4.5082 	 -21.5496 	 806.9318 	16.0000 	 1.7744 	 2.9201 	 -1.0454 	 0.2902 
23.0000 	 1.1209 	 6.4853 	 -30.3550 	 788.5126 	23.0000 	 1.7512 	 1.7271 	 -2.2217 	 0.3443 
5.0000 	 6.0000 	 7.0183 	 -21.6545 	 794.6744 	5.0000 	 0.8122 	 0.5878 	 -0.2433 	 1.0062 
33.0000 	 1.1576 	 10.0000 	 -50.0000 	 782.5463 	33.0000 	 0.9121 	 2.7624 	 -4.9368 	 0.0797 
11.0000 	 0.7960 	 2.0712 	 -7.1038 	 820.3938 	11.0000 	 0.7815 	 1.1748 	 -4.7189 	 0.1569 
20.0000 	 0.0157 	 5.9252 	 -14.7490 	 1345.7425 	20.0000 	 2.5108 	 0.6295 	 -1.0867 	 0.0825 
10.0000 	 2.3228 	 4.3227 	 -18.3204 	 801.3710 	10.0000 	 2.0130 	 2.8183 	 -0.9848 	 0.0947 
26.0000 	 1.1217 	 7.3802 	 -35.6519 	 785.6641 	26.0000 	 1.9566 	 2.0683 	 -5.3218 	 0.0826 
3.0000 	 6.0000 	 1.8095 	 -4.6877 	 848.0912 	3.0000 	 2.4153 	 0.9473 	 -2.6036 	 0.9149 
30.0000 	 0.2827 	 0.5676 	 -2.8349 	 1550.3069 	30.0000 	 0.7172 	 0.4662 	 -2.0784 	 0.0398 
31.0000 	 1.2094 	 9.5883 	 -48.9678 	 781.8464 	31.0000 	 1.0096 	 2.0337 	 -5.1309 	 0.1523 
42.0000 	 0.4979 	 2.1013 	 -12.0261 	 1549.2602 	42.0000 	 2.8585 	 1.6741 	 -3.8292 	 0.0522 
21.0000 	 0.0252 	 7.6105 	 -16.7376 	 1302.1519 	21.0000 	 1.6753 	 2.0059 	 -6.9216 	 0.1143 
19.0000 	 1.0388 	 4.8999 	 -21.2980 	 795.2314 	19.0000 	 1.9418 	 1.4703 	 -0.9620 	 0.1250 
28.0000 	 0.4723 	 1.5074 	 -7.3759 	 1547.7872 	28.0000 	 2.8218 	 2.9164 	 -4.7779 	 0.2874 
23.0000 	 1.1007 	 6.2655 	 -29.5234 	 788.9852 	23.0000 	 2.7002 	 2.2978 	 -5.8124 	 0.1114 
24.0000 	 1.1573 	 6.7742 	 -33.3562 	 787.6737 	24.0000 	 1.0439 	 0.7461 	 -6.8926 	 0.1673 
33.0000 	 0.5201 	 9.7765 	 -14.5608 	 1589.9071 	33.0000 	 1.9222 	 1.4706 	 -4.7536 	 1.5831 
22.0000 	 1.0811 	 5.9038 	 -27.2769 	 789.9514 	22.0000 	 2.3372 	 2.9154 	 -4.4588 	 0.1679 
16.0000 	 0.9909 	 3.7762 	 -15.7668 	 802.1806 	16.0000 	 0.8970 	 2.5433 	 -2.3509 	 0.1115 
18.0000 	 1.0341 	 4.5518 	 -19.7035 	 797.5225 	18.0000 	 1.5968 	 0.3717 	 -4.5761 	 0.2106 
27.0000 	 1.1623 	 7.8769 	 -38.9787 	 784.6739 	27.0000 	 0.2405 	 0.4797 	 -3.9049 	 0.1066 
5.0000 	 2.3428 	 1.3625 	 -3.8626 	 835.4613 	5.0000 	 1.6502 	 0.4142 	 -1.7487 	 0.7052 
3.0000 	 2.7424 	 0.3949 	 -1.0324 	 888.5725 	3.0000 	 1.0342 	 0.2468 	 -0.7758 	 0.6023 
21.0000 	 0.0030 	 6.1920 	 -16.1289 	 1343.8713 	21.0000 	 2.8365 	 0.7209 	 -1.6675 	 0.0422 
6.0000 	 2.7945 	 2.7219 	 -8.2819 	 812.5824 	6.0000 	 2.8348 	 1.0495 	 -4.1664 	 0.4792 
20.0000 	 1.0084 	 5.1471 	 -22.2590 	 793.3125 	20.0000 	 0.9301 	 0.2282 	 -0.6948 	 0.1230 
16.0000 	 0.9454 	 3.8395 	 -15.1931 	 801.7080 	16.0000 	 2.5956 	 2.6410 	 -5.3626 	 0.2696 
18.0000 	 0.9762 	 4.4219 	 -18.4022 	 797.0920 	18.0000 	 1.1308 	 1.0901 	 -4.8956 	 0.1330 
3.0000 	 0.0025 	 9.9981 	 -0.0010 	 1903.9443 	3.0000 	 1.3786 	 0.9630 	 -6.8018 	 0.1344 
5.0000 	 5.9996 	 9.9981 	 -23.9592 	 846.4117 	5.0000 	 2.3935 	 0.8075 	 -6.9120 	 5.3070 
2.0000 	 5.9999 	 0.5017 	 -1.2171 	 938.3955 	2.0000 	 0.7240 	 1.4155 	 -5.7556 	 0.8873 
24.0000 	 1.2457 	 7.0741 	 -36.2694 	 789.3156 	24.0000 	 0.5104 	 0.3628 	 -1.1157 	 0.1726 
17.0000 	 1.0966 	 4.2511 	 -19.0287 	 801.5608 	17.0000 	 0.1547 	 1.5034 	 -4.0684 	 0.2474 
4.0000 	 2.8645 	 1.0331 	 -2.9041 	 847.8399 	4.0000 	 1.5548 	 1.6961 	 -0.0974 	 0.7109 
1.0000 	 6.0000 	 9.9996 	 -0.0010 	 1965.7253 	1.0000 	 0.8148 	 2.7244 	 -1.9616 	 0.0760 
14.0000 	 0.8915 	 2.9965 	 -11.5589 	 808.1112 	14.0000 	 0.3540 	 0.5158 	 -0.8098 	 0.1499 
8.0000 	 1.6448 	 2.0761 	 -7.2981 	 823.7696 	8.0000 	 2.0955 	 2.6195 	 -5.3237 	 0.3392 
12.0000 	 2.0036 	 4.8150 	 -20.6598 	 802.1112 	12.0000 	 2.0762 	 2.4087 	 -6.8458 	 0.3786 
7.0000 	 1.2577 	 1.2308 	 -4.1241 	 842.5302 	7.0000 	 2.9489 	 1.4767 	 -3.0027 	 0.3759 
9.0000 	 2.0418 	 3.1612 	 -11.9482 	 812.4125 	9.0000 	 1.8188 	 0.9862 	 -4.3689 	 0.5651 
