50.0000 	 2.0304 	 1.8766 	 0.2916 	 0.0000 	 772.9696 	 50.0000 	 0.9053 	 1.9646 	 -0.4498 	 0.0000 	 0.0440 
36.0000 	 1.7193 	 1.8250 	 0.2604 	 0.0000 	 772.3841 	 36.0000 	 1.3593 	 1.2201 	 0.4598 	 0.0000 	 0.0473 
35.0000 	 1.7065 	 1.7754 	 0.2637 	 0.0000 	 772.5016 	 35.0000 	 0.5340 	 1.9361 	 -0.4593 	 0.0000 	 0.0402 
21.0000 	 1.2506 	 1.8455 	 0.2573 	 0.0000 	 774.6379 	 21.0000 	 1.4649 	 1.9757 	 -0.0121 	 0.0000 	 0.0451 
20.0000 	 1.2005 	 1.9079 	 0.2298 	 0.0000 	 775.2307 	 20.0000 	 0.9249 	 2.6188 	 -0.0530 	 0.0000 	 0.0455 
6.0000 	 0.5449 	 1.2950 	 0.0900 	 0.0000 	 800.0203 	 6.0000 	 2.2584 	 0.5954 	 -0.2543 	 0.0000 	 0.1196 
5.0000 	 0.4687 	 1.1879 	 0.0619 	 0.0000 	 805.3530 	 5.0000 	 1.6722 	 2.1687 	 -0.3056 	 0.0000 	 0.1893 
50.0000 	 5.9970 	 9.9929 	 7.0740 	 0.0000 	 2045.6990 	 50.0000 	 0.1920 	 1.5603 	 0.2048 	 0.0000 	 0.2532 
50.0000 	 2.0742 	 1.7754 	 0.2676 	 0.0000 	 772.8887 	 50.0000 	 0.9943 	 0.6828 	 0.2770 	 0.0000 	 0.0433 
50.0000 	 2.1083 	 1.6910 	 0.2596 	 0.0000 	 772.9192 	 50.0000 	 2.0333 	 2.0812 	 -0.4960 	 0.0000 	 0.0469 
49.0000 	 2.0894 	 1.6975 	 0.2426 	 0.0000 	 772.8934 	 49.0000 	 0.8710 	 1.2838 	 -0.1593 	 0.0000 	 0.0462 
50.0000 	 2.0570 	 1.8035 	 0.2642 	 0.0000 	 772.9288 	 50.0000 	 2.3545 	 1.5096 	 -0.2116 	 0.0000 	 0.0452 
49.0000 	 2.0815 	 1.7101 	 0.2572 	 0.0000 	 772.9481 	 49.0000 	 0.7171 	 2.4718 	 -0.2350 	 0.0000 	 0.0398 
50.0000 	 2.0354 	 1.8859 	 0.2430 	 0.0000 	 772.9725 	 50.0000 	 1.4513 	 0.8676 	 -0.2835 	 0.0000 	 0.0422 
36.0000 	 1.7163 	 1.8263 	 0.2688 	 0.0000 	 772.4388 	 36.0000 	 2.2045 	 2.6552 	 -0.0882 	 0.0000 	 0.0403 
49.0000 	 2.0368 	 1.8174 	 0.2612 	 0.0000 	 772.7159 	 49.0000 	 0.7797 	 0.3584 	 -0.3461 	 0.0000 	 0.0397 
36.0000 	 1.7017 	 1.8774 	 0.2683 	 0.0000 	 772.3979 	 36.0000 	 0.6321 	 0.7702 	 0.4766 	 0.0000 	 0.0383 
50.0000 	 2.0700 	 1.7925 	 0.2537 	 0.0000 	 772.8252 	 50.0000 	 0.0981 	 2.6860 	 0.4771 	 0.0000 	 0.0391 
36.0000 	 1.6974 	 1.8735 	 0.2836 	 0.0000 	 772.4096 	 36.0000 	 2.8136 	 0.0998 	 -0.4918 	 0.0000 	 0.0285 
37.0000 	 1.7115 	 1.9290 	 0.2807 	 0.0000 	 772.4141 	 37.0000 	 0.2794 	 1.5681 	 0.4781 	 0.0000 	 0.0393 
50.0000 	 2.0210 	 1.9214 	 0.2674 	 0.0000 	 772.9852 	 50.0000 	 1.9841 	 1.8798 	 0.3100 	 0.0000 	 0.0368 
36.0000 	 1.7176 	 1.8386 	 0.2644 	 0.0000 	 772.3558 	 36.0000 	 2.4335 	 1.8949 	 0.0705 	 0.0000 	 0.0192 
36.0000 	 1.7252 	 1.8156 	 0.2334 	 0.0000 	 772.4282 	 36.0000 	 1.9034 	 1.8573 	 0.0587 	 0.0000 	 0.0404 
37.0000 	 1.7270 	 1.8684 	 0.2603 	 0.0000 	 772.4126 	 37.0000 	 1.2134 	 2.5482 	 -0.3544 	 0.0000 	 0.0383 
50.0000 	 2.0466 	 1.8287 	 0.2634 	 0.0000 	 772.8102 	 50.0000 	 0.0451 	 2.3073 	 0.0613 	 0.0000 	 0.0444 
35.0000 	 1.6804 	 1.8584 	 0.2735 	 0.0000 	 772.4012 	 35.0000 	 1.4549 	 1.2258 	 -0.0353 	 0.0000 	 0.0359 
37.0000 	 1.7471 	 1.8177 	 0.2666 	 0.0000 	 772.4205 	 37.0000 	 2.6638 	 0.1564 	 -0.1571 	 0.0000 	 0.0571 
36.0000 	 1.7058 	 1.8814 	 0.2605 	 0.0000 	 772.4299 	 36.0000 	 1.3220 	 0.2214 	 -0.0803 	 0.0000 	 0.0408 
35.0000 	 1.7057 	 1.7886 	 0.2797 	 0.0000 	 772.4815 	 35.0000 	 2.8155 	 1.7164 	 0.4642 	 0.0000 	 0.0315 
36.0000 	 1.7094 	 1.8510 	 0.2731 	 0.0000 	 772.3858 	 36.0000 	 1.4011 	 1.5365 	 0.2666 	 0.0000 	 0.0448 
35.0000 	 1.6871 	 1.8564 	 0.2409 	 0.0000 	 772.4816 	 35.0000 	 2.4936 	 0.7909 	 -0.0269 	 0.0000 	 0.0349 
35.0000 	 1.7184 	 1.7465 	 0.2504 	 0.0000 	 772.5579 	 35.0000 	 1.3771 	 0.9856 	 0.4729 	 0.0000 	 0.0467 
21.0000 	 1.2452 	 1.8601 	 0.2722 	 0.0000 	 774.7532 	 21.0000 	 0.0486 	 1.8133 	 0.2374 	 0.0000 	 0.0431 
34.0000 	 1.6661 	 1.8086 	 0.2637 	 0.0000 	 772.3909 	 34.0000 	 2.9015 	 2.7241 	 0.4264 	 0.0000 	 0.0514 
35.0000 	 1.6988 	 1.8160 	 0.2487 	 0.0000 	 772.3791 	 35.0000 	 0.6426 	 0.8038 	 -0.3538 	 0.0000 	 0.0394 
36.0000 	 1.7193 	 1.8220 	 0.2638 	 0.0000 	 772.4543 	 36.0000 	 2.2899 	 0.2415 	 -0.4996 	 0.0000 	 0.0351 
34.0000 	 1.6579 	 1.8448 	 0.2611 	 0.0000 	 772.3527 	 34.0000 	 2.3913 	 1.3774 	 0.1448 	 0.0000 	 0.0545 
21.0000 	 1.2321 	 1.9214 	 0.2576 	 0.0000 	 774.6005 	 21.0000 	 0.8955 	 0.7280 	 0.2815 	 0.0000 	 0.0507 
21.0000 	 1.2577 	 1.8197 	 0.2498 	 0.0000 	 774.6405 	 21.0000 	 0.2779 	 1.7888 	 0.4789 	 0.0000 	 0.0469 
21.0000 	 1.2427 	 1.8761 	 0.2621 	 0.0000 	 774.6025 	 21.0000 	 1.9767 	 2.7471 	 0.4677 	 0.0000 	 0.0618 
35.0000 	 1.6718 	 1.8781 	 0.2891 	 0.0000 	 772.5045 	 35.0000 	 1.9418 	 2.5159 	 0.2102 	 0.0000 	 0.0530 
34.0000 	 1.6385 	 1.9137 	 0.2720 	 0.0000 	 772.4103 	 34.0000 	 1.3410 	 1.7022 	 -0.0478 	 0.0000 	 0.0446 
22.0000 	 1.2757 	 1.8860 	 0.2452 	 0.0000 	 774.2631 	 22.0000 	 2.0627 	 0.7074 	 0.0865 	 0.0000 	 0.0453 
22.0000 	 1.2871 	 1.8559 	 0.2496 	 0.0000 	 774.2857 	 22.0000 	 2.7896 	 1.7138 	 0.3363 	 0.0000 	 0.0459 
21.0000 	 1.2376 	 1.9126 	 0.2541 	 0.0000 	 774.6555 	 21.0000 	 0.0010 	 1.3695 	 -0.2599 	 0.0000 	 0.0378 
20.0000 	 1.1946 	 1.9233 	 0.2688 	 0.0000 	 775.0927 	 20.0000 	 1.2737 	 2.3865 	 -0.3017 	 0.0000 	 0.0438 
20.0000 	 1.2009 	 1.9100 	 0.2722 	 0.0000 	 775.0777 	 20.0000 	 2.9216 	 2.3574 	 0.3067 	 0.0000 	 0.0510 
35.0000 	 1.7156 	 1.7596 	 0.2509 	 0.0000 	 772.4630 	 35.0000 	 2.3567 	 2.9966 	 -0.2002 	 0.0000 	 0.0411 
6.0000 	 0.5281 	 1.3812 	 0.1077 	 0.0000 	 800.0941 	 6.0000 	 2.1021 	 1.4597 	 -0.0534 	 0.0000 	 0.1411 
20.0000 	 1.2306 	 1.8089 	 0.2337 	 0.0000 	 775.2377 	 20.0000 	 1.1932 	 1.2276 	 0.3150 	 0.0000 	 0.0581 
6.0000 	 0.5224 	 1.4318 	 0.1226 	 0.0000 	 800.1206 	 6.0000 	 0.7604 	 1.4385 	 -0.3163 	 0.0000 	 0.1370 
19.0000 	 1.1646 	 1.8875 	 0.2698 	 0.0000 	 775.5816 	 19.0000 	 1.0856 	 0.8462 	 0.4698 	 0.0000 	 0.0464 
21.0000 	 1.2656 	 1.7983 	 0.2470 	 0.0000 	 774.7415 	 21.0000 	 2.4884 	 1.9490 	 -0.4184 	 0.0000 	 0.0457 
20.0000 	 1.2038 	 1.8927 	 0.2466 	 0.0000 	 775.0481 	 20.0000 	 0.6019 	 2.1444 	 0.0018 	 0.0000 	 0.0441 
22.0000 	 1.2719 	 1.9044 	 0.2555 	 0.0000 	 774.2734 	 22.0000 	 1.3088 	 2.4928 	 -0.3803 	 0.0000 	 0.0435 
5.0000 	 0.4633 	 1.2145 	 0.0623 	 0.0000 	 804.7402 	 5.0000 	 1.8514 	 1.9769 	 0.1389 	 0.0000 	 0.1237 
5.0000 	 0.4508 	 1.2618 	 0.0843 	 0.0000 	 805.3210 	 5.0000 	 1.5549 	 1.5967 	 -0.1452 	 0.0000 	 0.1615 
19.0000 	 1.1704 	 1.8732 	 0.2587 	 0.0000 	 775.5878 	 19.0000 	 1.7888 	 2.9540 	 0.1180 	 0.0000 	 0.0454 
6.0000 	 0.5347 	 1.3556 	 0.1217 	 0.0000 	 800.0322 	 6.0000 	 0.5887 	 2.2680 	 -0.2261 	 0.0000 	 0.1329 
7.0000 	 0.6057 	 1.4550 	 0.1469 	 0.0000 	 795.9797 	 7.0000 	 0.1536 	 0.2601 	 -0.2134 	 0.0000 	 0.1124 
20.0000 	 1.2118 	 1.8700 	 0.2479 	 0.0000 	 775.0501 	 20.0000 	 1.0237 	 0.3592 	 -0.3481 	 0.0000 	 0.0343 
6.0000 	 1.4598 	 0.1923 	 0.0191 	 0.0000 	 820.8036 	 6.0000 	 1.9399 	 0.0253 	 -0.1204 	 0.0000 	 0.2336 
35.0000 	 1.6692 	 1.8928 	 0.2697 	 0.0000 	 772.4085 	 35.0000 	 0.2908 	 0.9379 	 -0.0292 	 0.0000 	 0.0381 
5.0000 	 0.4828 	 1.1131 	 0.0722 	 0.0000 	 805.0489 	 5.0000 	 2.4915 	 2.5789 	 -0.1955 	 0.0000 	 0.2023 
7.0000 	 0.5935 	 1.5090 	 0.1328 	 0.0000 	 796.0692 	 7.0000 	 0.4364 	 1.2251 	 0.1908 	 0.0000 	 0.0982 
49.0000 	 2.0426 	 1.7942 	 0.2650 	 0.0000 	 772.7380 	 49.0000 	 2.7048 	 0.1801 	 0.4353 	 0.0000 	 0.0345 
6.0000 	 0.5153 	 1.4620 	 0.1242 	 0.0000 	 800.4563 	 6.0000 	 0.4195 	 1.1885 	 0.4350 	 0.0000 	 0.1653 
4.0000 	 0.4100 	 0.9102 	 0.0299 	 0.0000 	 810.5365 	 4.0000 	 2.7957 	 1.0540 	 0.2238 	 0.0000 	 0.1950 
48.0000 	 2.0253 	 1.8033 	 0.2404 	 0.0000 	 772.7264 	 48.0000 	 2.7633 	 1.6683 	 0.1572 	 0.0000 	 0.0444 
49.0000 	 2.0063 	 1.8811 	 0.3150 	 0.0000 	 773.1038 	 49.0000 	 2.7633 	 1.6683 	 0.1572 	 0.0000 	 0.0458 
48.0000 	 2.0451 	 1.7391 	 0.2328 	 0.0000 	 772.7729 	 48.0000 	 2.7633 	 1.6683 	 0.1572 	 0.0000 	 0.0441 
21.0000 	 1.2414 	 1.8844 	 0.2698 	 0.0000 	 774.6749 	 21.0000 	 0.5805 	 1.5565 	 -0.0061 	 0.0000 	 0.0410 
19.0000 	 1.1720 	 1.8764 	 0.2378 	 0.0000 	 775.6105 	 19.0000 	 1.6928 	 1.7358 	 -0.3017 	 0.0000 	 0.0537 
20.0000 	 1.2104 	 1.8594 	 0.2622 	 0.0000 	 775.1029 	 20.0000 	 0.2911 	 1.7382 	 0.0910 	 0.0000 	 0.0460 
5.0000 	 0.4781 	 1.1383 	 0.0790 	 0.0000 	 804.8942 	 5.0000 	 0.1034 	 2.8531 	 -0.4964 	 0.0000 	 0.1361 
48.0000 	 2.0003 	 1.8498 	 0.2607 	 0.0000 	 772.7132 	 48.0000 	 0.5627 	 2.5970 	 0.3084 	 0.0000 	 0.0472 
4.0000 	 0.3754 	 1.0613 	 0.0469 	 0.0000 	 809.9685 	 4.0000 	 2.2612 	 2.4149 	 0.1677 	 0.0000 	 0.1674 
5.0000 	 0.4471 	 1.2876 	 0.0885 	 0.0000 	 804.8261 	 5.0000 	 1.0091 	 0.5444 	 -0.2990 	 0.0000 	 0.1719 
37.0000 	 1.7388 	 1.8580 	 0.2532 	 0.0000 	 772.4008 	 37.0000 	 0.9208 	 1.5418 	 -0.4468 	 0.0000 	 0.0395 
37.0000 	 1.7016 	 1.9479 	 0.2846 	 0.0000 	 772.4793 	 37.0000 	 1.4580 	 0.4308 	 0.2236 	 0.0000 	 0.0450 
38.0000 	 1.7551 	 1.8744 	 0.2694 	 0.0000 	 772.4200 	 38.0000 	 1.7736 	 2.4908 	 0.1054 	 0.0000 	 0.0436 
7.0000 	 0.6020 	 1.4630 	 0.1311 	 0.0000 	 795.9992 	 7.0000 	 2.9953 	 0.8107 	 0.1192 	 0.0000 	 0.1352 
38.0000 	 1.7820 	 1.8072 	 0.2524 	 0.0000 	 772.4083 	 38.0000 	 1.0796 	 0.8092 	 0.0825 	 0.0000 	 0.0369 
38.0000 	 1.7641 	 1.8402 	 0.2682 	 0.0000 	 772.4340 	 38.0000 	 1.9058 	 1.3113 	 -0.2688 	 0.0000 	 0.0365 
21.0000 	 1.2367 	 1.9316 	 0.2466 	 0.0000 	 774.6543 	 21.0000 	 1.2631 	 2.6069 	 -0.0607 	 0.0000 	 0.0398 
6.0000 	 0.5315 	 1.4117 	 0.1207 	 0.0000 	 800.0803 	 6.0000 	 1.4021 	 0.8985 	 -0.3694 	 0.0000 	 0.1400 
20.0000 	 1.2228 	 1.8242 	 0.2429 	 0.0000 	 775.1454 	 20.0000 	 1.5961 	 1.9428 	 0.0791 	 0.0000 	 0.0576 
4.0000 	 0.3545 	 1.1859 	 0.0598 	 0.0000 	 810.4578 	 4.0000 	 0.7079 	 2.8241 	 -0.1594 	 0.0000 	 0.1370 
34.0000 	 1.6161 	 1.9734 	 0.2791 	 0.0000 	 772.6182 	 34.0000 	 2.4620 	 0.5339 	 0.3743 	 0.0000 	 0.0431 
33.0000 	 1.6236 	 1.8722 	 0.2704 	 0.0000 	 772.4683 	 33.0000 	 2.4483 	 1.9777 	 0.3962 	 0.0000 	 0.0415 
34.0000 	 1.6925 	 1.7332 	 0.2522 	 0.0000 	 772.6075 	 34.0000 	 0.0569 	 1.6803 	 -0.3122 	 0.0000 	 0.0419 
33.0000 	 1.6281 	 1.8800 	 0.2595 	 0.0000 	 772.4594 	 33.0000 	 0.7667 	 1.1462 	 -0.2598 	 0.0000 	 0.0369 
6.0000 	 0.5093 	 1.4691 	 0.1135 	 0.0000 	 800.2355 	 6.0000 	 0.8685 	 1.5397 	 0.2073 	 0.0000 	 0.1801 
5.0000 	 0.4636 	 1.2256 	 0.1084 	 0.0000 	 805.0230 	 5.0000 	 2.9673 	 0.3192 	 -0.1798 	 0.0000 	 0.1520 
33.0000 	 1.6393 	 1.8124 	 0.2645 	 0.0000 	 772.4075 	 33.0000 	 2.4172 	 1.2763 	 -0.3262 	 0.0000 	 0.0369 
22.0000 	 1.2752 	 1.9016 	 0.2345 	 0.0000 	 774.3080 	 22.0000 	 0.0028 	 0.2033 	 0.4291 	 0.0000 	 0.0463 
23.0000 	 1.3448 	 1.7841 	 0.2237 	 0.0000 	 774.0539 	 23.0000 	 1.7279 	 0.1450 	 -0.2366 	 0.0000 	 0.0445 
22.0000 	 1.2902 	 1.8453 	 0.2510 	 0.0000 	 774.1799 	 22.0000 	 1.4872 	 0.0394 	 0.1655 	 0.0000 	 0.0437 
5.0000 	 0.4429 	 1.3434 	 0.1125 	 0.0000 	 805.2133 	 5.0000 	 1.2196 	 0.0202 	 0.0565 	 0.0000 	 0.1942 
23.0000 	 1.3130 	 1.8753 	 0.2544 	 0.0000 	 773.8855 	 23.0000 	 2.9794 	 2.2129 	 -0.0378 	 0.0000 	 0.0446 
18.0000 	 1.1425 	 1.8325 	 0.2551 	 0.0000 	 776.2396 	 18.0000 	 2.1394 	 0.7996 	 0.2317 	 0.0000 	 0.0438 
23.0000 	 1.3269 	 1.8367 	 0.2462 	 0.0000 	 773.9173 	 23.0000 	 1.9163 	 0.5889 	 -0.1721 	 0.0000 	 0.0429 
19.0000 	 1.0876 	 1.6403 	 -0.0977 	 0.0000 	 768.6903 	 19.0000 	 1.4272 	 2.8658 	 0.3730 	 0.0000 	 0.1258 
18.0000 	 1.1447 	 1.8004 	 0.2537 	 0.0000 	 776.2676 	 18.0000 	 2.0648 	 0.6687 	 -0.0747 	 0.0000 	 0.0546 
19.0000 	 1.1862 	 1.8480 	 0.2254 	 0.0000 	 775.6805 	 19.0000 	 1.8483 	 2.6820 	 -0.4989 	 0.0000 	 0.0503 
18.0000 	 1.1319 	 1.8491 	 0.2374 	 0.0000 	 776.2818 	 18.0000 	 2.2165 	 1.0376 	 0.1826 	 0.0000 	 0.0573 
8.0000 	 0.6699 	 1.5358 	 0.1527 	 0.0000 	 792.0699 	 8.0000 	 0.1397 	 2.7481 	 0.2066 	 0.0000 	 0.1091 
7.0000 	 0.5977 	 1.4892 	 0.1517 	 0.0000 	 795.9330 	 7.0000 	 0.3028 	 1.6778 	 0.0708 	 0.0000 	 0.1141 
20.0000 	 1.2220 	 1.8170 	 0.2442 	 0.0000 	 775.0629 	 20.0000 	 2.7604 	 1.1759 	 -0.3279 	 0.0000 	 0.0352 
8.0000 	 0.6556 	 1.5902 	 0.1757 	 0.0000 	 792.1645 	 8.0000 	 0.6694 	 2.1166 	 0.2035 	 0.0000 	 0.1176 
8.0000 	 0.6458 	 1.6531 	 0.1715 	 0.0000 	 792.3893 	 8.0000 	 2.9808 	 2.4072 	 0.1142 	 0.0000 	 0.0997 
3.0000 	 0.3878 	 0.5332 	 0.0229 	 0.0000 	 815.1666 	 3.0000 	 0.8107 	 0.7950 	 0.0235 	 0.0000 	 0.2570 
7.0000 	 0.6001 	 1.4687 	 0.1551 	 0.0000 	 795.9812 	 7.0000 	 2.2839 	 1.2717 	 0.4119 	 0.0000 	 0.1025 
4.0000 	 0.3933 	 0.9808 	 0.0507 	 0.0000 	 810.2230 	 4.0000 	 2.7417 	 0.2759 	 -0.0758 	 0.0000 	 0.2203 
3.0000 	 0.3947 	 0.5393 	 0.0320 	 0.0000 	 815.0482 	 3.0000 	 1.4260 	 0.3662 	 -0.2123 	 0.0000 	 0.3717 
3.0000 	 0.2986 	 0.8029 	 0.0369 	 0.0000 	 814.8963 	 3.0000 	 1.4419 	 1.1666 	 -0.3535 	 0.0000 	 0.2966 
4.0000 	 0.3871 	 1.0388 	 0.0390 	 0.0000 	 809.9525 	 4.0000 	 1.7209 	 2.0935 	 -0.1138 	 0.0000 	 0.2216 
6.0000 	 0.5095 	 1.5022 	 0.1192 	 0.0000 	 800.5076 	 6.0000 	 1.9268 	 2.1159 	 -0.4467 	 0.0000 	 0.1332 
5.0000 	 0.4551 	 1.2843 	 0.0948 	 0.0000 	 805.1001 	 5.0000 	 1.2353 	 1.9602 	 -0.3452 	 0.0000 	 0.1778 
49.0000 	 2.0423 	 1.7913 	 0.2547 	 0.0000 	 772.7649 	 49.0000 	 1.2553 	 1.6797 	 -0.1252 	 0.0000 	 0.0443 
37.0000 	 5.9868 	 9.9722 	 -10.0000 	 0.0000 	 2133.5424 	 37.0000 	 0.9286 	 0.6120 	 -0.4723 	 0.0000 	 0.2747 
34.0000 	 1.6961 	 1.3660 	 0.1904 	 0.0000 	 766.6610 	 34.0000 	 1.6949 	 1.3678 	 0.1885 	 0.0000 	 0.1175 
22.0000 	 1.2674 	 1.9419 	 0.2562 	 0.0000 	 774.2776 	 22.0000 	 0.8580 	 2.9176 	 0.0124 	 0.0000 	 0.0357 
19.0000 	 1.1619 	 1.8952 	 0.2544 	 0.0000 	 775.6099 	 19.0000 	 2.8632 	 2.6116 	 0.2219 	 0.0000 	 0.0569 
49.0000 	 2.0660 	 1.7394 	 0.2629 	 0.0000 	 772.8435 	 49.0000 	 2.0495 	 0.1809 	 0.2451 	 0.0000 	 0.0358 
7.0000 	 0.6030 	 1.4674 	 0.1414 	 0.0000 	 796.1089 	 7.0000 	 1.5607 	 0.5065 	 0.1515 	 0.0000 	 0.1190 
4.0000 	 0.3824 	 1.0484 	 0.0460 	 0.0000 	 810.5483 	 4.0000 	 1.4572 	 1.9377 	 0.0264 	 0.0000 	 0.2122 
49.0000 	 2.0254 	 1.8654 	 0.2542 	 0.0000 	 772.7792 	 49.0000 	 1.9420 	 1.6716 	 -0.3852 	 0.0000 	 0.0402 
48.0000 	 2.1399 	 1.4064 	 0.2295 	 0.0000 	 765.5512 	 48.0000 	 2.1430 	 1.4056 	 0.2296 	 0.0000 	 0.1093 
47.0000 	 1.9839 	 1.8333 	 0.2645 	 0.0000 	 772.6824 	 47.0000 	 2.5829 	 2.7764 	 0.3849 	 0.0000 	 0.0376 
37.0000 	 1.7374 	 1.8557 	 0.2480 	 0.0000 	 772.3985 	 37.0000 	 2.7757 	 1.8076 	 -0.4333 	 0.0000 	 0.0479 
49.0000 	 1.8664 	 2.8166 	 0.4932 	 0.0000 	 768.8255 	 49.0000 	 1.8690 	 2.8217 	 0.4915 	 0.0000 	 0.1400 
48.0000 	 2.0290 	 1.7924 	 0.2553 	 0.0000 	 772.8007 	 48.0000 	 0.4197 	 2.3328 	 0.0436 	 0.0000 	 0.0409 
48.0000 	 5.3278 	 10.0000 	 -4.0226 	 0.0000 	 1802.9958 	 48.0000 	 1.0959 	 1.3271 	 0.1614 	 0.0000 	 0.4131 
48.0000 	 5.9970 	 9.9929 	 -10.0000 	 0.0000 	 2167.2987 	 48.0000 	 0.1046 	 2.3868 	 -0.3234 	 0.0000 	 0.1396 
34.0000 	 1.6350 	 1.9131 	 0.2651 	 0.0000 	 772.4658 	 34.0000 	 1.1645 	 0.7234 	 0.1682 	 0.0000 	 0.0450 
38.0000 	 1.7445 	 1.9171 	 0.2556 	 0.0000 	 772.4326 	 38.0000 	 0.1847 	 1.8459 	 -0.4756 	 0.0000 	 0.0379 
48.0000 	 2.0400 	 1.7556 	 0.2496 	 0.0000 	 772.7077 	 48.0000 	 2.6140 	 0.9366 	 -0.0969 	 0.0000 	 0.0380 
37.0000 	 1.7406 	 1.8477 	 0.2582 	 0.0000 	 772.3320 	 37.0000 	 1.3379 	 2.5653 	 0.4350 	 0.0000 	 0.0425 
48.0000 	 2.0183 	 1.8050 	 0.2581 	 0.0000 	 772.6951 	 48.0000 	 2.6829 	 2.0412 	 -0.2076 	 0.0000 	 0.0375 
37.0000 	 1.7341 	 1.8707 	 0.2680 	 0.0000 	 772.3703 	 37.0000 	 1.3534 	 0.7222 	 -0.3929 	 0.0000 	 0.0439 
39.0000 	 1.7930 	 1.8245 	 0.2660 	 0.0000 	 772.4299 	 39.0000 	 2.7505 	 0.1600 	 -0.3846 	 0.0000 	 0.0328 
22.0000 	 1.2752 	 1.9073 	 0.2670 	 0.0000 	 774.2692 	 22.0000 	 1.5393 	 1.0248 	 -0.3738 	 0.0000 	 0.0418 
47.0000 	 1.9766 	 1.8562 	 0.2629 	 0.0000 	 772.6941 	 47.0000 	 1.1989 	 0.2709 	 0.2948 	 0.0000 	 0.0425 
38.0000 	 1.7854 	 1.7925 	 0.2602 	 0.0000 	 772.3927 	 38.0000 	 1.8373 	 2.2516 	 0.3956 	 0.0000 	 0.0376 
19.0000 	 1.1695 	 1.8741 	 0.2458 	 0.0000 	 775.6125 	 19.0000 	 1.8384 	 2.4184 	 0.4884 	 0.0000 	 0.0575 
33.0000 	 1.6216 	 1.8870 	 0.2413 	 0.0000 	 772.5078 	 33.0000 	 0.8372 	 1.0250 	 -0.0686 	 0.0000 	 0.0385 
38.0000 	 1.7512 	 1.8773 	 0.2620 	 0.0000 	 772.3854 	 38.0000 	 1.7305 	 2.2784 	 -0.0317 	 0.0000 	 0.0495 
50.0000 	 2.0794 	 1.7610 	 0.2500 	 0.0000 	 772.7962 	 50.0000 	 1.5184 	 2.9890 	 0.2258 	 0.0000 	 0.0519 
47.0000 	 1.9784 	 1.8494 	 0.2589 	 0.0000 	 772.6624 	 47.0000 	 1.3034 	 1.0983 	 -0.2497 	 0.0000 	 0.0514 
38.0000 	 1.7600 	 1.8524 	 0.2841 	 0.0000 	 772.4257 	 38.0000 	 1.9561 	 0.0577 	 0.1345 	 0.0000 	 0.0362 
7.0000 	 0.5937 	 1.5081 	 0.1575 	 0.0000 	 795.7426 	 7.0000 	 2.7596 	 2.2608 	 -0.0402 	 0.0000 	 0.1150 
32.0000 	 1.5968 	 1.8710 	 0.2591 	 0.0000 	 772.4988 	 32.0000 	 1.2756 	 1.4933 	 -0.0889 	 0.0000 	 0.0499 
4.0000 	 0.3830 	 1.0187 	 0.0467 	 0.0000 	 809.9886 	 4.0000 	 0.7390 	 2.4773 	 0.0646 	 0.0000 	 0.1771 
34.0000 	 1.6365 	 1.9351 	 0.2666 	 0.0000 	 772.4771 	 34.0000 	 0.0345 	 0.2501 	 -0.3331 	 0.0000 	 0.0466 
34.0000 	 1.6599 	 1.8483 	 0.2560 	 0.0000 	 772.3464 	 34.0000 	 2.8393 	 2.0560 	 -0.1805 	 0.0000 	 0.0386 
48.0000 	 2.0236 	 1.7855 	 0.2821 	 0.0000 	 772.7777 	 48.0000 	 1.6314 	 0.2494 	 0.2994 	 0.0000 	 0.0342 
38.0000 	 1.7986 	 1.7637 	 0.2475 	 0.0000 	 772.4791 	 38.0000 	 2.0025 	 2.4523 	 -0.1824 	 0.0000 	 0.0430 
23.0000 	 1.3193 	 1.8600 	 0.2468 	 0.0000 	 773.8835 	 23.0000 	 0.9989 	 1.9045 	 -0.0581 	 0.0000 	 0.0460 
36.0000 	 5.9868 	 9.9722 	 -10.0000 	 0.0000 	 2174.9472 	 36.0000 	 0.1908 	 1.2894 	 0.4455 	 0.0000 	 0.1269 
47.0000 	 1.9567 	 1.9011 	 0.2849 	 0.0000 	 772.6666 	 47.0000 	 2.6944 	 2.2547 	 0.0103 	 0.0000 	 0.0475 
39.0000 	 1.7930 	 1.8240 	 0.2742 	 0.0000 	 772.3790 	 39.0000 	 2.9624 	 0.5857 	 0.4899 	 0.0000 	 0.0421 
38.0000 	 1.7673 	 1.8575 	 0.2463 	 0.0000 	 772.3615 	 38.0000 	 0.5598 	 0.9419 	 0.2045 	 0.0000 	 0.0440 
33.0000 	 1.5931 	 1.9727 	 0.2688 	 0.0000 	 772.5552 	 33.0000 	 0.1964 	 1.9903 	 0.0964 	 0.0000 	 0.0546 
24.0000 	 1.3515 	 1.8770 	 0.2567 	 0.0000 	 773.6287 	 24.0000 	 1.5042 	 1.0303 	 0.0853 	 0.0000 	 0.0393 
33.0000 	 1.6081 	 1.9021 	 0.2798 	 0.0000 	 772.5107 	 33.0000 	 1.8253 	 2.5420 	 0.2605 	 0.0000 	 0.0455 
18.0000 	 1.1430 	 1.7908 	 0.2857 	 0.0000 	 776.3851 	 18.0000 	 2.8352 	 1.3022 	 0.2386 	 0.0000 	 0.0488 
22.0000 	 1.2649 	 1.9317 	 0.2679 	 0.0000 	 774.1797 	 22.0000 	 2.2099 	 2.2708 	 -0.2503 	 0.0000 	 0.0411 
39.0000 	 1.7825 	 1.8676 	 0.2594 	 0.0000 	 772.4300 	 39.0000 	 2.1300 	 0.6337 	 0.3246 	 0.0000 	 0.0857 
33.0000 	 1.6333 	 1.8338 	 0.2601 	 0.0000 	 772.4687 	 33.0000 	 2.8494 	 0.3727 	 -0.2403 	 0.0000 	 0.0338 
22.0000 	 1.2813 	 1.8630 	 0.2613 	 0.0000 	 774.2095 	 22.0000 	 1.8534 	 2.9559 	 -0.4334 	 0.0000 	 0.0552 
8.0000 	 0.6727 	 1.5120 	 0.1455 	 0.0000 	 792.3733 	 8.0000 	 1.0093 	 2.0157 	 0.1042 	 0.0000 	 0.0837 
23.0000 	 1.2866 	 1.9825 	 0.2791 	 0.0000 	 774.0757 	 23.0000 	 2.6246 	 1.9684 	 -0.0870 	 0.0000 	 0.0421 
17.0000 	 1.0838 	 1.8945 	 0.2550 	 0.0000 	 776.9165 	 17.0000 	 2.5737 	 0.0255 	 0.4269 	 0.0000 	 0.0536 
19.0000 	 5.9868 	 9.9722 	 10.0000 	 0.0000 	 2094.9000 	 19.0000 	 0.4549 	 1.5909 	 -0.3688 	 0.0000 	 0.2924 
3.0000 	 0.2771 	 0.8833 	 0.0187 	 0.0000 	 814.8425 	 3.0000 	 0.3157 	 0.4329 	 -0.3771 	 0.0000 	 0.2801 
23.0000 	 1.3103 	 1.8914 	 0.2795 	 0.0000 	 773.8694 	 23.0000 	 2.0856 	 0.7724 	 -0.2931 	 0.0000 	 0.0496 
47.0000 	 2.0083 	 1.7804 	 0.2500 	 0.0000 	 772.6911 	 47.0000 	 0.7539 	 1.9862 	 -0.3470 	 0.0000 	 0.0361 
7.0000 	 0.5824 	 1.5639 	 0.1540 	 0.0000 	 796.1983 	 7.0000 	 1.3266 	 0.4231 	 0.4417 	 0.0000 	 0.1079 
38.0000 	 1.7465 	 1.9019 	 0.2718 	 0.0000 	 772.3944 	 38.0000 	 2.0977 	 2.4574 	 0.0906 	 0.0000 	 0.0356 
9.0000 	 0.7110 	 1.6576 	 0.1961 	 0.0000 	 789.3872 	 9.0000 	 1.0972 	 0.5338 	 -0.4602 	 0.0000 	 0.0941 
23.0000 	 1.3329 	 1.7377 	 0.2859 	 0.0000 	 774.4222 	 23.0000 	 1.2596 	 1.8432 	 0.2707 	 0.0000 	 0.0528 
47.0000 	 1.9876 	 1.8323 	 0.2685 	 0.0000 	 772.6559 	 47.0000 	 1.5655 	 0.9367 	 -0.1942 	 0.0000 	 0.0398 
2.0000 	 0.2438 	 0.3919 	 0.0366 	 0.0000 	 817.4562 	 2.0000 	 0.2758 	 0.1200 	 -0.1917 	 0.0000 	 0.3026 
35.0000 	 1.6462 	 1.9736 	 0.2846 	 0.0000 	 772.5174 	 35.0000 	 0.5045 	 0.4619 	 -0.2888 	 0.0000 	 0.0330 
4.0000 	 0.3974 	 0.9860 	 0.0338 	 0.0000 	 810.5053 	 4.0000 	 2.4492 	 2.6548 	 0.1691 	 0.0000 	 0.2123 
33.0000 	 1.6374 	 1.8241 	 0.2704 	 0.0000 	 772.4610 	 33.0000 	 2.6055 	 0.6297 	 -0.0895 	 0.0000 	 0.0378 
33.0000 	 1.6397 	 1.8193 	 0.2680 	 0.0000 	 772.4452 	 33.0000 	 1.1858 	 2.4818 	 -0.3041 	 0.0000 	 0.0412 
18.0000 	 1.1374 	 1.8272 	 0.2471 	 0.0000 	 776.2471 	 18.0000 	 0.6341 	 0.0704 	 -0.1990 	 0.0000 	 0.0527 
49.0000 	 2.0224 	 1.8309 	 0.2993 	 0.0000 	 772.9386 	 49.0000 	 2.8719 	 2.1216 	 -0.0377 	 0.0000 	 0.0502 
39.0000 	 1.7798 	 1.8780 	 0.2654 	 0.0000 	 772.3401 	 39.0000 	 1.0547 	 1.1185 	 0.3584 	 0.0000 	 0.0434 
32.0000 	 1.5918 	 1.8761 	 0.2635 	 0.0000 	 772.5150 	 32.0000 	 2.0535 	 0.4181 	 -0.1045 	 0.0000 	 0.0387 
19.0000 	 1.1540 	 1.9401 	 0.2654 	 0.0000 	 775.6203 	 19.0000 	 0.5032 	 1.5348 	 -0.2159 	 0.0000 	 0.0425 
18.0000 	 1.1396 	 1.8380 	 0.2608 	 0.0000 	 776.2365 	 18.0000 	 2.1051 	 2.7778 	 0.1465 	 0.0000 	 0.0552 
8.0000 	 0.6622 	 1.5540 	 0.1820 	 0.0000 	 792.3128 	 8.0000 	 0.0274 	 0.8115 	 0.4622 	 0.0000 	 0.0844 
8.0000 	 1.2639 	 0.3503 	 0.0466 	 0.0000 	 816.5386 	 8.0000 	 1.9249 	 1.1572 	 -0.0752 	 0.0000 	 0.2553 
21.0000 	 1.2400 	 1.8869 	 0.2755 	 0.0000 	 774.6189 	 21.0000 	 1.7850 	 1.5881 	 0.0496 	 0.0000 	 0.0453 
23.0000 	 1.3122 	 1.8868 	 0.2635 	 0.0000 	 773.9317 	 23.0000 	 1.6746 	 0.2880 	 0.3129 	 0.0000 	 0.0433 
3.0000 	 0.3173 	 0.7528 	 0.0396 	 0.0000 	 814.1539 	 3.0000 	 2.4311 	 1.5605 	 0.2521 	 0.0000 	 0.2552 
3.0000 	 0.4788 	 0.3653 	 0.0262 	 0.0000 	 817.9111 	 3.0000 	 0.7405 	 2.4026 	 -0.1680 	 0.0000 	 0.4411 
7.0000 	 0.6009 	 1.4593 	 0.1504 	 0.0000 	 795.6169 	 7.0000 	 1.1369 	 1.1138 	 -0.2795 	 0.0000 	 0.1579 
23.0000 	 1.3194 	 1.8703 	 0.2545 	 0.0000 	 773.8717 	 23.0000 	 1.2749 	 2.1222 	 0.3299 	 0.0000 	 0.0393 
32.0000 	 1.6067 	 1.8320 	 0.2567 	 0.0000 	 772.4877 	 32.0000 	 0.5733 	 0.6886 	 0.4876 	 0.0000 	 0.0369 
4.0000 	 0.3576 	 1.1484 	 0.0588 	 0.0000 	 810.6020 	 4.0000 	 1.3842 	 2.2395 	 -0.4307 	 0.0000 	 0.1921 
18.0000 	 1.1257 	 1.8752 	 0.2606 	 0.0000 	 776.2105 	 18.0000 	 1.5447 	 0.9854 	 -0.4145 	 0.0000 	 0.0411 
24.0000 	 1.3299 	 1.9492 	 0.2539 	 0.0000 	 773.6572 	 24.0000 	 1.4608 	 2.4163 	 0.0021 	 0.0000 	 0.0390 
18.0000 	 1.1238 	 1.8999 	 0.2491 	 0.0000 	 776.2071 	 18.0000 	 0.8629 	 1.4408 	 0.1937 	 0.0000 	 0.0489 
33.0000 	 1.6312 	 1.8462 	 0.2605 	 0.0000 	 772.4179 	 33.0000 	 2.8338 	 2.4225 	 -0.3452 	 0.0000 	 0.0406 
20.0000 	 1.1907 	 1.9450 	 0.2685 	 0.0000 	 775.0726 	 20.0000 	 0.1251 	 1.8517 	 -0.3842 	 0.0000 	 0.0407 
8.0000 	 0.6598 	 1.5735 	 0.1769 	 0.0000 	 792.1931 	 8.0000 	 1.2372 	 0.1589 	 0.1053 	 0.0000 	 0.1357 
18.0000 	 1.1293 	 1.8908 	 0.2419 	 0.0000 	 776.2550 	 18.0000 	 2.0285 	 1.6929 	 -0.0486 	 0.0000 	 0.0512 
8.0000 	 0.6595 	 1.5808 	 0.1800 	 0.0000 	 792.2328 	 8.0000 	 1.5755 	 1.4571 	 0.3641 	 0.0000 	 0.1009 
3.0000 	 0.3244 	 0.7030 	 0.0117 	 0.0000 	 814.2504 	 3.0000 	 2.1671 	 1.2847 	 0.1072 	 0.0000 	 0.2795 
6.0000 	 0.5511 	 1.2813 	 0.1200 	 0.0000 	 800.2425 	 6.0000 	 0.8542 	 2.1631 	 -0.4388 	 0.0000 	 0.1430 
37.0000 	 1.7246 	 1.8637 	 0.2995 	 0.0000 	 772.5047 	 37.0000 	 1.6613 	 1.5310 	 -0.4769 	 0.0000 	 0.0471 
3.0000 	 0.2915 	 0.8062 	 0.0006 	 0.0000 	 814.5678 	 3.0000 	 0.1989 	 2.1686 	 0.2963 	 0.0000 	 0.2115 
8.0000 	 0.6701 	 1.5190 	 0.1661 	 0.0000 	 792.4733 	 8.0000 	 1.9062 	 2.5771 	 -0.4030 	 0.0000 	 0.1075 
39.0000 	 1.7889 	 1.8368 	 0.2560 	 0.0000 	 772.4189 	 39.0000 	 0.9976 	 1.9917 	 0.2596 	 0.0000 	 0.0827 
5.0000 	 0.4574 	 1.2130 	 0.0680 	 0.0000 	 805.1040 	 5.0000 	 2.2139 	 0.3346 	 0.4314 	 0.0000 	 0.2153 
24.0000 	 1.3527 	 1.8564 	 0.2675 	 0.0000 	 773.6429 	 24.0000 	 1.1383 	 2.0163 	 -0.1039 	 0.0000 	 0.0365 
3.0000 	 0.3525 	 0.6373 	 0.0447 	 0.0000 	 814.4440 	 3.0000 	 2.4266 	 0.1011 	 0.2377 	 0.0000 	 0.1817 
23.0000 	 1.3087 	 1.8987 	 0.2582 	 0.0000 	 773.8879 	 23.0000 	 1.6729 	 2.6611 	 -0.1498 	 0.0000 	 0.0467 
32.0000 	 1.5919 	 1.8834 	 0.2749 	 0.0000 	 772.4999 	 32.0000 	 1.5856 	 0.6260 	 0.3763 	 0.0000 	 0.0452 
17.0000 	 1.1081 	 1.7927 	 0.2367 	 0.0000 	 777.0510 	 17.0000 	 2.3014 	 1.1386 	 0.0866 	 0.0000 	 0.0422 
9.0000 	 0.7191 	 1.6233 	 0.1928 	 0.0000 	 789.2569 	 9.0000 	 1.1033 	 2.9300 	 0.1176 	 0.0000 	 0.1007 
39.0000 	 1.7954 	 1.8233 	 0.2606 	 0.0000 	 772.4365 	 39.0000 	 2.7307 	 0.5951 	 -0.4894 	 0.0000 	 0.0460 
18.0000 	 1.1419 	 1.8322 	 0.2505 	 0.0000 	 776.2183 	 18.0000 	 1.8728 	 1.2512 	 -0.0359 	 0.0000 	 0.0437 
2.0000 	 0.1789 	 0.6071 	 0.0045 	 0.0000 	 817.4724 	 2.0000 	 1.2008 	 1.0952 	 -0.3927 	 0.0000 	 0.2921 
24.0000 	 1.3680 	 1.8054 	 0.2577 	 0.0000 	 773.7010 	 24.0000 	 2.0714 	 2.7692 	 -0.3280 	 0.0000 	 0.0632 
8.0000 	 0.6370 	 1.6969 	 0.1811 	 0.0000 	 792.6835 	 8.0000 	 1.4700 	 2.4726 	 0.4522 	 0.0000 	 0.1023 
17.0000 	 1.0983 	 1.8381 	 0.2511 	 0.0000 	 776.9125 	 17.0000 	 1.2159 	 0.4877 	 0.2066 	 0.0000 	 0.0531 
3.0000 	 0.3945 	 0.5429 	 0.0378 	 0.0000 	 814.2677 	 3.0000 	 2.2129 	 0.1546 	 0.3831 	 0.0000 	 0.3330 
34.0000 	 1.6418 	 1.9068 	 0.2698 	 0.0000 	 772.4805 	 34.0000 	 1.3715 	 1.0242 	 -0.1194 	 0.0000 	 0.0337 
32.0000 	 1.5808 	 1.9127 	 0.2512 	 0.0000 	 772.6191 	 32.0000 	 1.9952 	 1.2449 	 0.4315 	 0.0000 	 0.0374 
17.0000 	 1.0946 	 1.8480 	 0.2421 	 0.0000 	 776.9046 	 17.0000 	 0.9605 	 1.5815 	 -0.0681 	 0.0000 	 0.0559 
9.0000 	 0.7194 	 1.6319 	 0.1913 	 0.0000 	 789.4067 	 9.0000 	 0.8521 	 2.8364 	 -0.4370 	 0.0000 	 0.0612 
2.0000 	 0.1835 	 0.5860 	 0.0048 	 0.0000 	 817.4218 	 2.0000 	 2.4733 	 2.2931 	 -0.4081 	 0.0000 	 0.3223 
9.0000 	 0.7298 	 1.5943 	 0.1880 	 0.0000 	 789.3698 	 9.0000 	 0.9887 	 1.9565 	 0.2417 	 0.0000 	 0.0843 
2.0000 	 0.1997 	 0.5485 	 0.0358 	 0.0000 	 816.2920 	 2.0000 	 1.0301 	 0.1719 	 0.2320 	 0.0000 	 0.4421 
22.0000 	 1.2777 	 1.8831 	 0.2585 	 0.0000 	 774.2245 	 22.0000 	 2.8459 	 1.2364 	 0.1129 	 0.0000 	 0.0433 
32.0000 	 1.6126 	 1.8044 	 0.2784 	 0.0000 	 772.5281 	 32.0000 	 0.6606 	 1.8328 	 -0.1070 	 0.0000 	 0.0421 
24.0000 	 1.3435 	 1.9025 	 0.2619 	 0.0000 	 773.6310 	 24.0000 	 0.4013 	 1.8583 	 0.3280 	 0.0000 	 0.0424 
19.0000 	 1.1799 	 1.8324 	 0.2472 	 0.0000 	 775.6444 	 19.0000 	 1.2115 	 1.9507 	 0.1995 	 0.0000 	 0.0399 
7.0000 	 0.5956 	 1.4911 	 0.1534 	 0.0000 	 795.8101 	 7.0000 	 2.5158 	 1.7084 	 -0.2267 	 0.0000 	 0.0925 
17.0000 	 1.1040 	 1.8086 	 0.2387 	 0.0000 	 777.0048 	 17.0000 	 1.6421 	 0.4074 	 -0.0653 	 0.0000 	 0.0525 
4.0000 	 0.3952 	 0.9873 	 0.0486 	 0.0000 	 809.8787 	 4.0000 	 2.6912 	 0.0363 	 -0.2379 	 0.0000 	 0.2459 
24.0000 	 1.3417 	 1.8965 	 0.2705 	 0.0000 	 773.6479 	 24.0000 	 2.5310 	 2.0176 	 0.4819 	 0.0000 	 0.0367 
9.0000 	 0.7309 	 1.5661 	 0.2118 	 0.0000 	 789.6046 	 9.0000 	 2.4016 	 0.3429 	 0.1952 	 0.0000 	 0.1041 
47.0000 	 2.0213 	 1.7491 	 0.2484 	 0.0000 	 772.7455 	 47.0000 	 2.2670 	 1.6385 	 0.3034 	 0.0000 	 0.0413 
2.0000 	 0.2162 	 0.4904 	 0.0239 	 0.0000 	 816.6428 	 2.0000 	 1.0499 	 0.0164 	 -0.2119 	 0.0000 	 0.3561 
17.0000 	 1.0936 	 1.8589 	 0.2333 	 0.0000 	 776.9353 	 17.0000 	 2.0671 	 0.1603 	 -0.4300 	 0.0000 	 0.0531 
9.0000 	 0.7297 	 1.5832 	 0.1818 	 0.0000 	 789.4094 	 9.0000 	 2.4120 	 1.4484 	 0.4596 	 0.0000 	 0.0732 
2.0000 	 0.1729 	 0.6618 	 0.0377 	 0.0000 	 818.2038 	 2.0000 	 0.9546 	 1.2509 	 -0.3193 	 0.0000 	 0.3161 
47.0000 	 2.0074 	 1.7920 	 0.2405 	 0.0000 	 772.7462 	 47.0000 	 1.6141 	 2.9074 	 0.2888 	 0.0000 	 0.0398 
39.0000 	 1.7804 	 1.8779 	 0.2719 	 0.0000 	 772.4085 	 39.0000 	 2.7254 	 0.8622 	 0.0506 	 0.0000 	 0.0490 
39.0000 	 5.9996 	 9.9981 	 -10.0000 	 0.0000 	 2168.9226 	 39.0000 	 0.1843 	 2.5689 	 -0.2405 	 0.0000 	 0.1326 
32.0000 	 1.5866 	 1.9031 	 0.2494 	 0.0000 	 772.4679 	 32.0000 	 2.2084 	 0.8128 	 -0.3528 	 0.0000 	 0.0409 
32.0000 	 1.5996 	 1.8646 	 0.2596 	 0.0000 	 772.4276 	 32.0000 	 2.8277 	 2.3458 	 -0.1860 	 0.0000 	 0.0470 
24.0000 	 1.3410 	 1.9012 	 0.2674 	 0.0000 	 773.6642 	 24.0000 	 1.3536 	 0.9926 	 -0.1589 	 0.0000 	 0.0444 
47.0000 	 1.9784 	 1.8502 	 0.2715 	 0.0000 	 772.6357 	 47.0000 	 1.0563 	 0.1957 	 -0.2079 	 0.0000 	 0.0672 
24.0000 	 1.3271 	 1.9655 	 0.2639 	 0.0000 	 773.6770 	 24.0000 	 0.2459 	 0.3789 	 -0.3664 	 0.0000 	 0.0490 
17.0000 	 1.0929 	 1.8507 	 0.2452 	 0.0000 	 776.9719 	 17.0000 	 1.7627 	 0.0281 	 0.3498 	 0.0000 	 0.0550 
9.0000 	 0.7256 	 1.6033 	 0.1901 	 0.0000 	 789.4605 	 9.0000 	 1.9398 	 1.0833 	 0.3859 	 0.0000 	 0.0990 
2.0000 	 0.2618 	 0.4030 	 0.0358 	 0.0000 	 816.3449 	 2.0000 	 0.8221 	 2.0753 	 0.2455 	 0.0000 	 0.4524 
17.0000 	 1.0882 	 1.8845 	 0.2449 	 0.0000 	 777.0137 	 17.0000 	 1.5284 	 0.8404 	 0.3171 	 0.0000 	 0.0489 
46.0000 	 1.9842 	 1.7776 	 0.2512 	 0.0000 	 772.6335 	 46.0000 	 0.8170 	 2.9235 	 -0.2468 	 0.0000 	 0.0388 
9.0000 	 0.7277 	 1.5893 	 0.1705 	 0.0000 	 789.2996 	 9.0000 	 2.8065 	 0.7421 	 0.4016 	 0.0000 	 0.0775 
47.0000 	 1.9905 	 1.8190 	 0.2651 	 0.0000 	 772.7100 	 47.0000 	 1.4806 	 2.5016 	 0.0131 	 0.0000 	 0.0435 
2.0000 	 0.2234 	 0.4630 	 0.0177 	 0.0000 	 816.5162 	 2.0000 	 1.6421 	 2.6453 	 -0.0594 	 0.0000 	 0.4232 
39.0000 	 1.7676 	 1.9178 	 0.2868 	 0.0000 	 772.4306 	 39.0000 	 0.9272 	 1.3657 	 -0.4801 	 0.0000 	 0.0434 
46.0000 	 1.9857 	 1.7799 	 0.2484 	 0.0000 	 772.6893 	 46.0000 	 0.0867 	 1.6103 	 0.3369 	 0.0000 	 0.0442 
46.0000 	 1.9904 	 1.7675 	 0.2519 	 0.0000 	 772.6047 	 46.0000 	 1.5677 	 1.6617 	 -0.1770 	 0.0000 	 0.0478 
46.0000 	 1.9540 	 1.8543 	 0.2647 	 0.0000 	 772.6810 	 46.0000 	 2.9448 	 1.5307 	 -0.0118 	 0.0000 	 0.0466 
40.0000 	 1.8219 	 1.8180 	 0.2733 	 0.0000 	 772.4117 	 40.0000 	 2.2876 	 2.0760 	 0.0421 	 0.0000 	 0.0364 
32.0000 	 1.6030 	 1.8365 	 0.2665 	 0.0000 	 772.5453 	 32.0000 	 2.4082 	 0.5649 	 -0.0661 	 0.0000 	 0.0427 
46.0000 	 1.9667 	 1.8138 	 0.2735 	 0.0000 	 772.7571 	 46.0000 	 1.8565 	 2.0057 	 0.1111 	 0.0000 	 0.0394 
39.0000 	 1.7881 	 1.8495 	 0.2733 	 0.0000 	 772.4160 	 39.0000 	 1.0817 	 1.8084 	 0.4853 	 0.0000 	 0.0287 
46.0000 	 1.9429 	 1.8602 	 0.2979 	 0.0000 	 772.6664 	 46.0000 	 0.7677 	 0.9059 	 0.0346 	 0.0000 	 0.1091 
24.0000 	 1.3290 	 1.9447 	 0.2658 	 0.0000 	 773.6158 	 24.0000 	 2.6406 	 0.2148 	 0.2927 	 0.0000 	 0.0504 
40.0000 	 1.7993 	 1.8941 	 0.2593 	 0.0000 	 772.5053 	 40.0000 	 1.8241 	 1.9659 	 0.0091 	 0.0000 	 0.0338 
46.0000 	 2.0144 	 1.7094 	 0.2498 	 0.0000 	 772.7498 	 46.0000 	 0.6607 	 1.0491 	 -0.4035 	 0.0000 	 0.0560 
40.0000 	 1.8128 	 1.8545 	 0.2651 	 0.0000 	 772.4794 	 40.0000 	 1.5535 	 1.6528 	 -0.1098 	 0.0000 	 0.0427 
31.0000 	 1.5847 	 1.8140 	 0.2574 	 0.0000 	 772.6689 	 31.0000 	 1.4712 	 0.8528 	 -0.2007 	 0.0000 	 0.0376 
40.0000 	 1.8186 	 1.8479 	 0.2580 	 0.0000 	 772.4489 	 40.0000 	 1.3246 	 0.3857 	 -0.4689 	 0.0000 	 0.0375 
46.0000 	 1.9837 	 1.7737 	 0.2475 	 0.0000 	 772.6181 	 46.0000 	 2.8070 	 1.3700 	 -0.1577 	 0.0000 	 0.0410 
17.0000 	 1.0850 	 1.8767 	 0.2588 	 0.0000 	 776.8684 	 17.0000 	 1.6249 	 1.8901 	 -0.2043 	 0.0000 	 0.0543 
46.0000 	 2.0021 	 1.7293 	 0.2555 	 0.0000 	 772.6730 	 46.0000 	 1.5066 	 1.6863 	 0.4567 	 0.0000 	 0.0446 
9.0000 	 0.7192 	 1.6239 	 0.1600 	 0.0000 	 789.2923 	 9.0000 	 0.9786 	 0.1015 	 0.0685 	 0.0000 	 0.1072 
40.0000 	 1.8363 	 1.7739 	 0.2580 	 0.0000 	 772.3881 	 40.0000 	 1.4502 	 1.0481 	 0.2177 	 0.0000 	 0.0535 
2.0000 	 0.1845 	 0.5955 	 0.0247 	 0.0000 	 817.1098 	 2.0000 	 2.0474 	 0.5994 	 0.2035 	 0.0000 	 0.3832 
32.0000 	 1.5848 	 1.9031 	 0.2561 	 0.0000 	 772.4792 	 32.0000 	 0.1308 	 1.8591 	 0.0481 	 0.0000 	 0.0462 
46.0000 	 1.0953 	 1.1434 	 -7.2825 	 0.0000 	 1655.9567 	 46.0000 	 0.9942 	 0.0660 	 0.4183 	 0.0000 	 2.5356 
25.0000 	 1.3777 	 1.9011 	 0.2596 	 0.0000 	 773.3639 	 25.0000 	 1.6649 	 0.2532 	 0.4026 	 0.0000 	 0.0382 
31.0000 	 1.5802 	 1.8192 	 0.2795 	 0.0000 	 772.6120 	 31.0000 	 2.9356 	 1.7541 	 -0.0106 	 0.0000 	 0.0521 
40.0000 	 1.8157 	 1.8435 	 0.2772 	 0.0000 	 772.4747 	 40.0000 	 1.1600 	 1.7856 	 0.3494 	 0.0000 	 0.0447 
31.0000 	 1.5697 	 1.8610 	 0.2567 	 0.0000 	 772.5882 	 31.0000 	 0.3943 	 2.6217 	 -0.4182 	 0.0000 	 0.0472 
31.0000 	 1.5624 	 1.8943 	 0.2861 	 0.0000 	 772.5315 	 31.0000 	 0.9351 	 0.4589 	 0.4955 	 0.0000 	 0.0479 
24.0000 	 1.3414 	 1.9088 	 0.2596 	 0.0000 	 773.6740 	 24.0000 	 0.1367 	 2.4133 	 0.0604 	 0.0000 	 0.0420 
45.0000 	 5.9868 	 9.9722 	 -10.0000 	 0.0000 	 2126.6242 	 45.0000 	 0.5509 	 0.4414 	 0.3376 	 0.0000 	 0.2149 
15.0000 	 1.0130 	 1.8302 	 0.2272 	 0.0000 	 778.8183 	 15.0000 	 2.7278 	 2.3059 	 0.4569 	 0.0000 	 0.0564 
40.0000 	 1.8291 	 1.7999 	 0.2694 	 0.0000 	 772.4010 	 40.0000 	 1.3689 	 1.4867 	 0.3143 	 0.0000 	 0.0416 
40.0000 	 1.8222 	 1.8243 	 0.2496 	 0.0000 	 772.4378 	 40.0000 	 1.6447 	 0.7232 	 -0.4441 	 0.0000 	 0.0446 
25.0000 	 1.3652 	 1.9661 	 0.2209 	 0.0000 	 773.4907 	 25.0000 	 1.1733 	 2.6904 	 0.0670 	 0.0000 	 0.0576 
11.0000 	 0.8105 	 1.7982 	 0.2120 	 0.0000 	 784.6768 	 11.0000 	 2.9699 	 1.4693 	 0.1867 	 0.0000 	 0.0832 
25.0000 	 1.3693 	 1.9243 	 0.2529 	 0.0000 	 773.3885 	 25.0000 	 2.1262 	 2.1731 	 -0.4305 	 0.0000 	 0.0391 
45.0000 	 1.9321 	 1.8675 	 0.2434 	 0.0000 	 772.6730 	 45.0000 	 1.9814 	 2.2468 	 0.4242 	 0.0000 	 0.0352 
31.0000 	 1.5508 	 1.9163 	 0.2746 	 0.0000 	 772.5916 	 31.0000 	 2.7681 	 0.3631 	 -0.2987 	 0.0000 	 0.0651 
17.0000 	 1.1181 	 1.7449 	 0.2259 	 0.0000 	 777.0018 	 17.0000 	 2.9213 	 0.7811 	 -0.3960 	 0.0000 	 0.0539 
25.0000 	 1.3838 	 1.8696 	 0.2676 	 0.0000 	 773.4568 	 25.0000 	 1.0816 	 2.0235 	 -0.1006 	 0.0000 	 0.0431 
31.0000 	 1.5682 	 1.8831 	 0.2674 	 0.0000 	 772.4705 	 31.0000 	 2.0039 	 1.0516 	 0.3171 	 0.0000 	 0.0431 
40.0000 	 1.8333 	 1.7950 	 0.2494 	 0.0000 	 772.5058 	 40.0000 	 1.5061 	 1.1874 	 0.0904 	 0.0000 	 0.0399 
40.0000 	 1.8138 	 1.8544 	 0.2683 	 0.0000 	 772.3818 	 40.0000 	 2.2184 	 2.3229 	 -0.3011 	 0.0000 	 0.0358 
15.0000 	 1.0168 	 1.8005 	 0.2456 	 0.0000 	 778.6961 	 15.0000 	 0.5166 	 0.8077 	 -0.1286 	 0.0000 	 0.0608 
15.0000 	 1.0134 	 1.8152 	 0.2335 	 0.0000 	 778.7332 	 15.0000 	 1.7034 	 0.7395 	 -0.1253 	 0.0000 	 0.0440 
15.0000 	 1.0017 	 1.8449 	 0.2257 	 0.0000 	 778.8773 	 15.0000 	 2.9207 	 0.2565 	 0.1968 	 0.0000 	 0.0557 
9.0000 	 0.7355 	 1.5359 	 0.1653 	 0.0000 	 789.3204 	 9.0000 	 1.5319 	 2.3994 	 -0.2655 	 0.0000 	 0.0776 
2.0000 	 0.2510 	 0.4245 	 0.0318 	 0.0000 	 815.9378 	 2.0000 	 1.9065 	 2.8647 	 -0.4751 	 0.0000 	 0.4512 
11.0000 	 0.8262 	 1.7156 	 0.2227 	 0.0000 	 784.5386 	 11.0000 	 2.7713 	 0.9627 	 0.2748 	 0.0000 	 0.0715 
11.0000 	 0.8164 	 1.7887 	 0.2277 	 0.0000 	 784.7130 	 11.0000 	 2.2457 	 1.4376 	 -0.4813 	 0.0000 	 0.0659 
31.0000 	 1.5528 	 1.9126 	 0.2810 	 0.0000 	 772.5482 	 31.0000 	 1.9100 	 1.1356 	 0.1441 	 0.0000 	 0.0405 
11.0000 	 0.8334 	 1.6838 	 0.2168 	 0.0000 	 784.6717 	 11.0000 	 0.2041 	 2.7575 	 -0.1959 	 0.0000 	 0.0804 
25.0000 	 1.3855 	 1.8492 	 0.2673 	 0.0000 	 773.4070 	 25.0000 	 1.9388 	 2.0826 	 0.2043 	 0.0000 	 0.0441 
25.0000 	 1.3548 	 1.9807 	 0.2583 	 0.0000 	 773.5062 	 25.0000 	 2.9225 	 2.8977 	 -0.0956 	 0.0000 	 0.0659 
31.0000 	 1.5521 	 1.9194 	 0.2684 	 0.0000 	 772.5648 	 31.0000 	 2.6491 	 0.7881 	 -0.2189 	 0.0000 	 0.0355 
41.0000 	 1.8451 	 1.8145 	 0.2714 	 0.0000 	 772.5005 	 41.0000 	 2.8843 	 2.1700 	 0.1070 	 0.0000 	 0.0435 
31.0000 	 1.5815 	 1.8357 	 0.2572 	 0.0000 	 772.5542 	 31.0000 	 0.9250 	 2.3489 	 -0.3775 	 0.0000 	 0.0453 
14.0000 	 0.9652 	 1.8152 	 0.2403 	 0.0000 	 779.8466 	 14.0000 	 2.7171 	 2.5736 	 0.0411 	 0.0000 	 0.0558 
14.0000 	 1.0034 	 1.6493 	 0.2191 	 0.0000 	 780.0969 	 14.0000 	 1.8797 	 0.4395 	 -0.2659 	 0.0000 	 0.0690 
45.0000 	 1.9326 	 1.8521 	 0.2625 	 0.0000 	 772.5668 	 45.0000 	 0.6703 	 1.8280 	 0.1739 	 0.0000 	 0.0393 
41.0000 	 1.8344 	 1.8775 	 0.2659 	 0.0000 	 772.3895 	 41.0000 	 1.4163 	 1.1342 	 0.4298 	 0.0000 	 0.0411 
12.0000 	 0.8773 	 1.7532 	 0.2313 	 0.0000 	 782.8013 	 12.0000 	 0.9157 	 1.5437 	 0.1339 	 0.0000 	 0.0645 
25.0000 	 1.3738 	 1.8986 	 0.2746 	 0.0000 	 773.3484 	 25.0000 	 2.8781 	 2.9890 	 -0.0567 	 0.0000 	 0.0370 
31.0000 	 1.5659 	 1.8688 	 0.2723 	 0.0000 	 772.5874 	 31.0000 	 2.4115 	 2.1543 	 0.0008 	 0.0000 	 0.0427 
12.0000 	 0.8782 	 1.7271 	 0.2556 	 0.0000 	 782.7400 	 12.0000 	 1.9494 	 1.9826 	 -0.3092 	 0.0000 	 0.0832 
45.0000 	 1.9724 	 1.7428 	 0.2552 	 0.0000 	 772.6729 	 45.0000 	 2.8452 	 0.2208 	 -0.1840 	 0.0000 	 0.0392 
25.0000 	 1.3703 	 1.8981 	 0.2724 	 0.0000 	 773.3619 	 25.0000 	 1.2985 	 0.6284 	 0.4666 	 0.0000 	 0.0540 
25.0000 	 1.3584 	 1.9610 	 0.2853 	 0.0000 	 773.4384 	 25.0000 	 2.3847 	 2.7765 	 -0.4467 	 0.0000 	 0.0405 
30.0000 	 1.5258 	 1.9139 	 0.2714 	 0.0000 	 772.6566 	 30.0000 	 0.0384 	 1.9632 	 0.3292 	 0.0000 	 0.0462 
14.0000 	 0.7915 	 2.4049 	 -0.2832 	 0.0000 	 775.4386 	 14.0000 	 0.7921 	 2.4032 	 -0.2833 	 0.0000 	 0.1493 
30.0000 	 1.5294 	 1.8981 	 0.2648 	 0.0000 	 772.6504 	 30.0000 	 1.5775 	 1.4418 	 -0.3102 	 0.0000 	 0.0350 
14.0000 	 0.9735 	 1.7928 	 0.2395 	 0.0000 	 779.8101 	 14.0000 	 2.5751 	 1.6807 	 -0.3833 	 0.0000 	 0.0644 
15.0000 	 1.0210 	 1.7852 	 0.2379 	 0.0000 	 778.7741 	 15.0000 	 1.5826 	 0.5376 	 0.4918 	 0.0000 	 0.0433 
12.0000 	 0.8882 	 1.7001 	 0.1969 	 0.0000 	 782.9750 	 12.0000 	 1.5695 	 0.6139 	 -0.0794 	 0.0000 	 0.0644 
25.0000 	 1.3798 	 1.8961 	 0.2665 	 0.0000 	 773.4027 	 25.0000 	 2.2446 	 0.3883 	 -0.2956 	 0.0000 	 0.0410 
26.0000 	 1.4141 	 1.8721 	 0.2709 	 0.0000 	 773.0941 	 26.0000 	 0.8909 	 0.5931 	 0.2692 	 0.0000 	 0.0457 
12.0000 	 0.8696 	 1.8018 	 0.2250 	 0.0000 	 782.8369 	 12.0000 	 0.3727 	 2.4214 	 -0.3326 	 0.0000 	 0.0683 
14.0000 	 0.9568 	 1.8546 	 0.2343 	 0.0000 	 779.9191 	 14.0000 	 0.0797 	 0.3207 	 0.3494 	 0.0000 	 0.0623 
11.0000 	 0.8282 	 1.7011 	 0.1990 	 0.0000 	 784.6179 	 11.0000 	 1.5621 	 1.3135 	 0.0076 	 0.0000 	 0.0866 
26.0000 	 1.3946 	 1.9559 	 0.2734 	 0.0000 	 773.1787 	 26.0000 	 1.2850 	 2.0135 	 -0.2931 	 0.0000 	 0.0410 
12.0000 	 0.8631 	 1.8155 	 0.2457 	 0.0000 	 782.8782 	 12.0000 	 1.1203 	 1.4938 	 -0.0331 	 0.0000 	 0.0644 
41.0000 	 1.8222 	 1.8917 	 0.2842 	 0.0000 	 772.5119 	 41.0000 	 1.4909 	 0.9985 	 0.1092 	 0.0000 	 0.0400 
16.0000 	 1.0508 	 1.8556 	 0.2073 	 0.0000 	 777.8675 	 16.0000 	 2.7473 	 0.5236 	 -0.1384 	 0.0000 	 0.0539 
41.0000 	 1.8574 	 1.8002 	 0.2513 	 0.0000 	 772.4234 	 41.0000 	 1.2124 	 0.7572 	 -0.3635 	 0.0000 	 0.0364 
16.0000 	 1.0476 	 1.8381 	 0.2483 	 0.0000 	 777.7914 	 16.0000 	 1.9609 	 2.2520 	 -0.4011 	 0.0000 	 0.0535 
45.0000 	 5.2216 	 9.9619 	 -4.0139 	 0.0000 	 1802.4181 	 45.0000 	 0.1214 	 1.2776 	 0.3206 	 0.0000 	 0.0480 
10.0000 	 0.7708 	 1.6920 	 0.2104 	 0.0000 	 786.8447 	 10.0000 	 1.5235 	 1.9893 	 -0.2917 	 0.0000 	 0.0814 
10.0000 	 0.7713 	 1.7068 	 0.2038 	 0.0000 	 786.7389 	 10.0000 	 0.9704 	 2.6308 	 -0.2566 	 0.0000 	 0.0798 
1.0000 	 0.0541 	 0.3811 	 0.0532 	 0.0000 	 820.6414 	 1.0000 	 0.5042 	 0.5518 	 0.0266 	 0.0000 	 0.7198 
1.0000 	 0.0426 	 0.4368 	 0.0355 	 0.0000 	 821.5776 	 1.0000 	 1.0919 	 1.3944 	 0.3701 	 0.0000 	 0.4704 
45.0000 	 1.9431 	 1.8522 	 0.2448 	 0.0000 	 772.6542 	 45.0000 	 0.0060 	 0.8817 	 -0.2182 	 0.0000 	 0.0406 
30.0000 	 1.5203 	 1.9450 	 0.2405 	 0.0000 	 772.6796 	 30.0000 	 2.7154 	 1.0557 	 -0.4900 	 0.0000 	 0.0393 
30.0000 	 1.5205 	 1.9173 	 0.2675 	 0.0000 	 772.5968 	 30.0000 	 0.7957 	 1.7500 	 0.1690 	 0.0000 	 0.0543 
45.0000 	 1.9479 	 1.8144 	 0.2597 	 0.0000 	 772.5211 	 45.0000 	 0.6334 	 1.2625 	 -0.1393 	 0.0000 	 0.0352 
41.0000 	 1.8303 	 1.8769 	 0.2695 	 0.0000 	 772.4747 	 41.0000 	 2.0468 	 2.3042 	 0.4554 	 0.0000 	 0.0449 
45.0000 	 5.9868 	 9.9722 	 -10.0000 	 0.0000 	 2170.0515 	 45.0000 	 0.2446 	 0.8272 	 0.1338 	 0.0000 	 0.1309 
26.0000 	 1.4198 	 1.8450 	 0.2664 	 0.0000 	 773.1207 	 26.0000 	 0.8217 	 0.7926 	 -0.4174 	 0.0000 	 0.0621 
41.0000 	 1.8321 	 1.9043 	 0.2639 	 0.0000 	 772.6161 	 41.0000 	 1.7502 	 0.0130 	 -0.0400 	 0.0000 	 0.0563 
26.0000 	 1.4099 	 1.8913 	 0.2525 	 0.0000 	 773.0988 	 26.0000 	 2.1915 	 0.2722 	 0.0461 	 0.0000 	 0.0479 
30.0000 	 1.5268 	 1.9211 	 0.2582 	 0.0000 	 772.5778 	 30.0000 	 1.8035 	 1.0972 	 -0.1908 	 0.0000 	 0.0572 
16.0000 	 1.0572 	 1.8240 	 0.2504 	 0.0000 	 777.7727 	 16.0000 	 1.8785 	 1.6026 	 -0.1150 	 0.0000 	 0.0610 
10.0000 	 0.7794 	 1.6927 	 0.2072 	 0.0000 	 786.8161 	 10.0000 	 0.5998 	 0.1820 	 0.2913 	 0.0000 	 0.0673 
1.0000 	 0.0476 	 0.4267 	 0.0306 	 0.0000 	 821.6140 	 1.0000 	 0.7327 	 1.2338 	 -0.3203 	 0.0000 	 0.4987 
16.0000 	 1.0588 	 1.8164 	 0.2385 	 0.0000 	 777.6872 	 16.0000 	 1.8418 	 2.7415 	 -0.2842 	 0.0000 	 0.0553 
41.0000 	 1.8697 	 1.7492 	 0.2718 	 0.0000 	 772.5471 	 41.0000 	 1.2281 	 1.8621 	 -0.1434 	 0.0000 	 0.0400 
45.0000 	 1.9077 	 1.9152 	 0.2865 	 0.0000 	 772.6987 	 45.0000 	 2.0486 	 0.9425 	 -0.2861 	 0.0000 	 0.0412 
30.0000 	 1.5452 	 1.8532 	 0.2537 	 0.0000 	 772.6695 	 30.0000 	 0.5700 	 0.0408 	 -0.0621 	 0.0000 	 0.0429 
26.0000 	 1.4311 	 1.7984 	 0.2567 	 0.0000 	 773.1904 	 26.0000 	 1.4664 	 1.9629 	 0.1941 	 0.0000 	 0.0318 
10.0000 	 0.7778 	 1.6714 	 0.1950 	 0.0000 	 786.8862 	 10.0000 	 2.3482 	 2.0644 	 -0.3986 	 0.0000 	 0.0833 
41.0000 	 1.8426 	 1.8308 	 0.2782 	 0.0000 	 772.4528 	 41.0000 	 1.2288 	 0.3119 	 -0.2801 	 0.0000 	 0.0359 
1.0000 	 0.0301 	 0.5347 	 0.0102 	 0.0000 	 822.5833 	 1.0000 	 1.0760 	 0.7112 	 -0.3687 	 0.0000 	 0.4949 
16.0000 	 1.0558 	 1.8180 	 0.2231 	 0.0000 	 777.7867 	 16.0000 	 2.4087 	 2.5740 	 -0.3001 	 0.0000 	 0.0498 
44.0000 	 1.9068 	 1.8478 	 0.2779 	 0.0000 	 772.5087 	 44.0000 	 1.4113 	 0.2347 	 0.1883 	 0.0000 	 0.0765 
26.0000 	 1.4235 	 1.8366 	 0.2451 	 0.0000 	 773.2189 	 26.0000 	 2.5338 	 1.5280 	 -0.4960 	 0.0000 	 0.0513 
30.0000 	 1.5068 	 1.9736 	 0.2762 	 0.0000 	 772.6877 	 30.0000 	 1.3257 	 0.9999 	 0.1458 	 0.0000 	 0.0489 
10.0000 	 0.7587 	 1.7662 	 0.2052 	 0.0000 	 786.9733 	 10.0000 	 1.8843 	 2.2042 	 0.2406 	 0.0000 	 0.0728 
1.0000 	 0.0482 	 0.4129 	 0.0304 	 0.0000 	 821.6427 	 1.0000 	 2.5442 	 1.5918 	 0.3230 	 0.0000 	 0.5616 
44.0000 	 1.9145 	 1.8189 	 0.2597 	 0.0000 	 772.6539 	 44.0000 	 2.8756 	 2.1776 	 -0.1762 	 0.0000 	 0.0485 
45.0000 	 1.9607 	 1.7782 	 0.2473 	 0.0000 	 772.6421 	 45.0000 	 0.7571 	 0.4287 	 0.3187 	 0.0000 	 0.0491 
44.0000 	 1.9298 	 1.7989 	 0.2655 	 0.0000 	 772.5580 	 44.0000 	 0.7812 	 2.8992 	 -0.3294 	 0.0000 	 0.0469 
16.0000 	 1.0537 	 1.8320 	 0.2374 	 0.0000 	 777.7569 	 16.0000 	 0.7162 	 1.9113 	 -0.2957 	 0.0000 	 0.0511 
30.0000 	 1.5269 	 1.9172 	 0.2633 	 0.0000 	 772.6562 	 30.0000 	 1.2544 	 0.7409 	 -0.0622 	 0.0000 	 0.0375 
26.0000 	 1.3957 	 1.9466 	 0.2744 	 0.0000 	 773.1643 	 26.0000 	 1.5690 	 2.2325 	 -0.1672 	 0.0000 	 0.0484 
10.0000 	 0.7217 	 1.0644 	 0.0977 	 0.0000 	 785.4906 	 10.0000 	 0.2436 	 1.7232 	 -0.0814 	 0.0000 	 0.1240 
1.0000 	 0.0374 	 0.4580 	 0.0261 	 0.0000 	 821.4964 	 1.0000 	 1.8766 	 0.1709 	 -0.3064 	 0.0000 	 0.3844 
41.0000 	 1.8593 	 1.7802 	 0.2638 	 0.0000 	 772.4396 	 41.0000 	 0.8175 	 2.1306 	 0.2394 	 0.0000 	 0.0461 
42.0000 	 5.9970 	 9.9929 	 10.0000 	 0.0000 	 2062.4161 	 42.0000 	 0.5319 	 0.4365 	 0.3170 	 0.0000 	 0.2210 
16.0000 	 1.0560 	 1.8434 	 0.2249 	 0.0000 	 777.8938 	 16.0000 	 1.7639 	 1.6491 	 0.1519 	 0.0000 	 0.0528 
26.0000 	 1.3908 	 1.9588 	 0.2647 	 0.0000 	 773.2685 	 26.0000 	 0.8770 	 0.4632 	 -0.2615 	 0.0000 	 0.0393 
42.0000 	 1.8357 	 1.9233 	 0.2706 	 0.0000 	 772.5239 	 42.0000 	 2.5985 	 2.9421 	 -0.4397 	 0.0000 	 0.0435 
10.0000 	 0.7818 	 1.6488 	 0.2027 	 0.0000 	 786.8068 	 10.0000 	 0.5146 	 1.7475 	 0.3690 	 0.0000 	 0.0732 
1.0000 	 0.0428 	 0.4320 	 0.0371 	 0.0000 	 821.5730 	 1.0000 	 0.1692 	 2.8960 	 0.0759 	 0.0000 	 0.5599 
42.0000 	 1.8426 	 1.9083 	 0.2724 	 0.0000 	 772.4780 	 42.0000 	 1.1211 	 0.1285 	 -0.4051 	 0.0000 	 0.0469 
16.0000 	 1.0513 	 1.8439 	 0.2281 	 0.0000 	 777.6538 	 16.0000 	 0.8141 	 0.8380 	 0.3177 	 0.0000 	 0.0488 
29.0000 	 1.5783 	 1.6047 	 0.2708 	 0.0000 	 773.7028 	 29.0000 	 2.6261 	 1.8370 	 0.3573 	 0.0000 	 0.0636 
41.0000 	 1.8530 	 1.8109 	 0.2630 	 0.0000 	 772.3909 	 41.0000 	 2.3344 	 1.6634 	 -0.0336 	 0.0000 	 0.0378 
29.0000 	 5.9868 	 9.9722 	 10.0000 	 0.0000 	 2153.3689 	 29.0000 	 0.5695 	 1.6423 	 0.1562 	 0.0000 	 0.1291 
10.0000 	 0.7755 	 1.6598 	 0.1997 	 0.0000 	 786.9771 	 10.0000 	 1.3630 	 1.4785 	 0.2491 	 0.0000 	 0.0836 
1.0000 	 0.0400 	 0.4482 	 0.0339 	 0.0000 	 821.3961 	 1.0000 	 2.5096 	 2.3114 	 -0.4375 	 0.0000 	 0.4969 
29.0000 	 1.5182 	 1.8326 	 0.2526 	 0.0000 	 772.7480 	 29.0000 	 1.0894 	 0.4968 	 -0.0891 	 0.0000 	 0.0397 
30.0000 	 1.5359 	 1.8737 	 0.2765 	 0.0000 	 772.6198 	 30.0000 	 1.6305 	 1.0755 	 -0.1946 	 0.0000 	 0.0382 
44.0000 	 1.9433 	 1.7527 	 0.2613 	 0.0000 	 772.5750 	 44.0000 	 1.6120 	 1.2643 	 -0.3410 	 0.0000 	 0.0362 
27.0000 	 1.4124 	 1.9968 	 0.2774 	 0.0000 	 773.1344 	 27.0000 	 2.5573 	 1.6748 	 -0.3819 	 0.0000 	 0.0431 
44.0000 	 1.9217 	 1.8193 	 0.2759 	 0.0000 	 772.5003 	 44.0000 	 2.7601 	 0.9078 	 -0.0896 	 0.0000 	 0.0400 
27.0000 	 1.4423 	 1.8923 	 0.2656 	 0.0000 	 773.0194 	 27.0000 	 0.8205 	 2.9197 	 0.1861 	 0.0000 	 0.0421 
14.0000 	 0.9682 	 1.7991 	 0.2249 	 0.0000 	 779.8714 	 14.0000 	 1.6781 	 1.5924 	 -0.3132 	 0.0000 	 0.0629 
27.0000 	 1.4619 	 1.8128 	 0.2580 	 0.0000 	 773.0056 	 27.0000 	 2.2470 	 2.8822 	 -0.0970 	 0.0000 	 0.0439 
44.0000 	 1.9285 	 1.8066 	 0.2646 	 0.0000 	 772.5387 	 44.0000 	 1.7608 	 1.0837 	 -0.0338 	 0.0000 	 0.0385 
12.0000 	 0.8651 	 1.8075 	 0.2190 	 0.0000 	 782.8217 	 12.0000 	 1.5488 	 1.9148 	 -0.0488 	 0.0000 	 0.0618 
14.0000 	 0.9727 	 1.7782 	 0.2215 	 0.0000 	 779.9914 	 14.0000 	 2.4046 	 1.9405 	 -0.1536 	 0.0000 	 0.0616 
44.0000 	 1.8923 	 1.9047 	 0.2696 	 0.0000 	 772.6325 	 44.0000 	 0.9888 	 1.6629 	 0.2019 	 0.0000 	 0.0373 
44.0000 	 1.9113 	 1.8498 	 0.2704 	 0.0000 	 772.5606 	 44.0000 	 0.0436 	 2.3757 	 0.4192 	 0.0000 	 0.0373 
30.0000 	 1.5374 	 1.8747 	 0.2566 	 0.0000 	 772.5764 	 30.0000 	 0.3320 	 2.9611 	 0.0326 	 0.0000 	 0.0381 
12.0000 	 0.8857 	 1.7167 	 0.2027 	 0.0000 	 782.8731 	 12.0000 	 0.8731 	 2.6488 	 -0.1413 	 0.0000 	 0.0589 
44.0000 	 1.9215 	 1.8279 	 0.2535 	 0.0000 	 772.5885 	 44.0000 	 2.7040 	 0.0585 	 -0.0044 	 0.0000 	 0.0439 
14.0000 	 0.9728 	 1.7757 	 0.2493 	 0.0000 	 779.9556 	 14.0000 	 1.6678 	 2.5485 	 0.0107 	 0.0000 	 0.0560 
42.0000 	 1.8528 	 1.8660 	 0.2722 	 0.0000 	 772.4924 	 42.0000 	 2.6191 	 2.2564 	 0.1226 	 0.0000 	 0.0436 
26.0000 	 1.4206 	 1.8535 	 0.2650 	 0.0000 	 773.1554 	 26.0000 	 1.9526 	 0.9292 	 0.2017 	 0.0000 	 0.0356 
42.0000 	 1.8694 	 1.8343 	 0.2484 	 0.0000 	 772.5858 	 42.0000 	 2.7595 	 1.4420 	 -0.3574 	 0.0000 	 0.0404 
42.0000 	 1.8217 	 1.9657 	 0.2732 	 0.0000 	 772.6049 	 42.0000 	 2.1482 	 2.7985 	 -0.1669 	 0.0000 	 0.0661 
12.0000 	 0.8682 	 1.8280 	 0.2192 	 0.0000 	 783.0423 	 12.0000 	 2.8178 	 2.7499 	 0.0789 	 0.0000 	 0.0639 
42.0000 	 1.9221 	 1.6955 	 0.2592 	 0.0000 	 772.6161 	 42.0000 	 1.0748 	 0.7853 	 -0.0065 	 0.0000 	 0.0510 
26.0000 	 1.4153 	 1.8802 	 0.2604 	 0.0000 	 773.1223 	 26.0000 	 0.3161 	 1.2665 	 0.4978 	 0.0000 	 0.0380 
16.0000 	 1.0549 	 1.8276 	 0.2374 	 0.0000 	 777.8167 	 16.0000 	 2.2221 	 0.1154 	 -0.4864 	 0.0000 	 0.0431 
43.0000 	 1.8900 	 1.8361 	 0.2633 	 0.0000 	 772.5815 	 43.0000 	 0.6969 	 0.9128 	 0.4519 	 0.0000 	 0.0326 
42.0000 	 1.8675 	 1.8378 	 0.2703 	 0.0000 	 772.5090 	 42.0000 	 1.3279 	 1.4926 	 0.0551 	 0.0000 	 0.0373 
43.0000 	 1.8990 	 1.8117 	 0.2606 	 0.0000 	 772.5025 	 43.0000 	 2.3814 	 1.7030 	 -0.2160 	 0.0000 	 0.0462 
29.0000 	 1.5040 	 1.8953 	 0.2554 	 0.0000 	 772.6957 	 29.0000 	 1.1030 	 0.1660 	 0.2012 	 0.0000 	 0.0448 
42.0000 	 1.8683 	 1.8283 	 0.2559 	 0.0000 	 772.4281 	 42.0000 	 2.6517 	 1.2803 	 -0.1800 	 0.0000 	 0.0463 
10.0000 	 0.7657 	 1.7182 	 0.2239 	 0.0000 	 786.8343 	 10.0000 	 1.9157 	 1.3495 	 -0.3565 	 0.0000 	 0.0827 
43.0000 	 1.9148 	 1.7695 	 0.2652 	 0.0000 	 772.5635 	 43.0000 	 2.1673 	 2.1400 	 0.2846 	 0.0000 	 0.0443 
16.0000 	 1.0504 	 1.8470 	 0.2562 	 0.0000 	 777.7878 	 16.0000 	 0.7660 	 1.9010 	 0.3521 	 0.0000 	 0.0490 
1.0000 	 0.0366 	 0.4930 	 0.0341 	 0.0000 	 822.2339 	 1.0000 	 1.5516 	 2.8203 	 -0.1129 	 0.0000 	 0.4202 
29.0000 	 1.4917 	 1.9239 	 0.2920 	 0.0000 	 772.8070 	 29.0000 	 1.9955 	 1.0197 	 0.1671 	 0.0000 	 0.0356 
10.0000 	 0.7825 	 1.6222 	 0.2034 	 0.0000 	 786.8215 	 10.0000 	 2.0749 	 2.1323 	 0.1852 	 0.0000 	 0.0601 
1.0000 	 0.0337 	 0.4786 	 0.0288 	 0.0000 	 822.1950 	 1.0000 	 2.7158 	 2.1395 	 -0.1803 	 0.0000 	 0.5135 
29.0000 	 1.5054 	 1.8908 	 0.2588 	 0.0000 	 772.7607 	 29.0000 	 2.5977 	 2.7748 	 -0.4028 	 0.0000 	 0.0368 
43.0000 	 1.9047 	 1.7949 	 0.2647 	 0.0000 	 772.5305 	 43.0000 	 1.8467 	 1.2951 	 -0.4535 	 0.0000 	 0.0905 
27.0000 	 1.4197 	 1.9727 	 0.2851 	 0.0000 	 773.0546 	 27.0000 	 2.3235 	 0.3129 	 -0.2538 	 0.0000 	 0.0474 
29.0000 	 1.5049 	 1.8853 	 0.2664 	 0.0000 	 772.7622 	 29.0000 	 2.0513 	 2.2309 	 0.1347 	 0.0000 	 0.0380 
29.0000 	 1.4996 	 1.9078 	 0.2704 	 0.0000 	 772.7704 	 29.0000 	 1.7709 	 0.4848 	 0.0864 	 0.0000 	 0.0457 
27.0000 	 1.4219 	 1.9731 	 0.2769 	 0.0000 	 773.0628 	 27.0000 	 1.8511 	 2.9525 	 0.2812 	 0.0000 	 0.0403 
29.0000 	 1.4868 	 1.9539 	 0.2437 	 0.0000 	 772.8674 	 29.0000 	 0.7929 	 0.2456 	 -0.2988 	 0.0000 	 0.0516 
43.0000 	 1.8865 	 1.8435 	 0.2572 	 0.0000 	 772.5410 	 43.0000 	 1.0155 	 2.3448 	 -0.1478 	 0.0000 	 0.0395 
43.0000 	 1.9145 	 1.7591 	 0.2620 	 0.0000 	 772.4890 	 43.0000 	 2.9844 	 0.9307 	 -0.3307 	 0.0000 	 0.0407 
14.0000 	 0.9622 	 1.8180 	 0.2509 	 0.0000 	 779.8470 	 14.0000 	 2.3734 	 1.0343 	 -0.2613 	 0.0000 	 0.0697 
13.0000 	 0.9199 	 1.7937 	 0.2161 	 0.0000 	 781.2305 	 13.0000 	 1.7299 	 2.9920 	 0.2235 	 0.0000 	 0.0489 
27.0000 	 1.4593 	 1.3323 	 0.2979 	 0.0000 	 765.9085 	 27.0000 	 1.4598 	 1.3314 	 0.2968 	 0.0000 	 0.1226 
27.0000 	 1.4451 	 1.8683 	 0.2699 	 0.0000 	 773.0471 	 27.0000 	 0.6012 	 1.4760 	 0.2988 	 0.0000 	 0.0412 
27.0000 	 1.4354 	 1.9268 	 0.2572 	 0.0000 	 773.0397 	 27.0000 	 1.0922 	 0.5199 	 0.1252 	 0.0000 	 0.0347 
43.0000 	 1.9051 	 1.7836 	 0.2643 	 0.0000 	 772.5473 	 43.0000 	 1.9051 	 0.4723 	 -0.2511 	 0.0000 	 0.0383 
12.0000 	 0.8886 	 1.7192 	 0.2194 	 0.0000 	 782.9475 	 12.0000 	 0.6193 	 2.5874 	 -0.0903 	 0.0000 	 0.0669 
27.0000 	 1.4663 	 1.8148 	 0.2449 	 0.0000 	 773.0386 	 27.0000 	 0.7092 	 2.6103 	 -0.0792 	 0.0000 	 0.0563 
13.0000 	 0.9213 	 1.7801 	 0.2206 	 0.0000 	 781.2470 	 13.0000 	 2.0839 	 0.3079 	 0.0734 	 0.0000 	 0.0550 
13.0000 	 0.9247 	 1.7982 	 0.1985 	 0.0000 	 781.2692 	 13.0000 	 1.4886 	 0.2898 	 0.1529 	 0.0000 	 0.0573 
28.0000 	 1.4518 	 1.9861 	 0.2869 	 0.0000 	 772.8912 	 28.0000 	 0.4110 	 0.5057 	 0.0385 	 0.0000 	 0.0798 
13.0000 	 0.9267 	 1.7680 	 0.2181 	 0.0000 	 781.2407 	 13.0000 	 0.8480 	 0.0326 	 -0.1538 	 0.0000 	 0.0566 
13.0000 	 0.9251 	 1.7729 	 0.2322 	 0.0000 	 781.1773 	 13.0000 	 2.7070 	 1.9537 	 0.4249 	 0.0000 	 0.0635 
13.0000 	 0.9344 	 1.7372 	 0.2209 	 0.0000 	 781.1388 	 13.0000 	 0.1385 	 2.7295 	 -0.2106 	 0.0000 	 0.0862 
13.0000 	 0.9313 	 1.7482 	 0.2285 	 0.0000 	 781.2276 	 13.0000 	 0.6851 	 1.1512 	 0.3648 	 0.0000 	 0.0551 
13.0000 	 0.9285 	 1.7535 	 0.2297 	 0.0000 	 781.2421 	 13.0000 	 0.4279 	 2.5953 	 0.0356 	 0.0000 	 0.0528 
43.0000 	 1.8501 	 1.9514 	 0.2721 	 0.0000 	 772.7083 	 43.0000 	 0.1992 	 2.0942 	 0.4089 	 0.0000 	 0.0430 
28.0000 	 1.4754 	 1.8786 	 0.2583 	 0.0000 	 772.8904 	 28.0000 	 1.5421 	 2.1960 	 0.4248 	 0.0000 	 0.0416 
43.0000 	 1.8924 	 1.8253 	 0.2685 	 0.0000 	 772.4451 	 43.0000 	 2.4502 	 0.9914 	 0.1487 	 0.0000 	 0.0544 
13.0000 	 0.9068 	 1.8566 	 0.2328 	 0.0000 	 781.2134 	 13.0000 	 1.9645 	 1.9857 	 0.2743 	 0.0000 	 0.0543 
13.0000 	 0.9087 	 1.8517 	 0.2498 	 0.0000 	 781.3035 	 13.0000 	 2.0358 	 0.2476 	 -0.0686 	 0.0000 	 0.0642 
43.0000 	 1.8616 	 1.9209 	 0.2845 	 0.0000 	 772.6165 	 43.0000 	 2.9390 	 0.8421 	 -0.3401 	 0.0000 	 0.0383 
28.0000 	 5.9970 	 9.9929 	 10.0000 	 0.0000 	 2069.7569 	 28.0000 	 0.3048 	 0.1186 	 -0.3935 	 0.0000 	 0.2535 
28.0000 	 1.4955 	 1.7736 	 0.3120 	 0.0000 	 773.2581 	 28.0000 	 2.3472 	 1.1955 	 -0.0568 	 0.0000 	 0.0568 
15.0000 	 1.0033 	 1.8511 	 0.2520 	 0.0000 	 778.7607 	 15.0000 	 1.9297 	 2.7270 	 -0.1836 	 0.0000 	 0.0549 
11.0000 	 0.8322 	 1.6896 	 0.2294 	 0.0000 	 784.6119 	 11.0000 	 2.3678 	 2.4036 	 0.0229 	 0.0000 	 0.0924 
28.0000 	 1.4457 	 2.0037 	 0.2701 	 0.0000 	 773.0348 	 28.0000 	 0.3319 	 2.2938 	 -0.2748 	 0.0000 	 0.0394 
28.0000 	 1.4510 	 1.9594 	 0.2863 	 0.0000 	 772.9606 	 28.0000 	 2.0909 	 0.9256 	 0.1449 	 0.0000 	 0.0356 
28.0000 	 1.3863 	 2.4554 	 0.0879 	 0.0000 	 770.4790 	 28.0000 	 1.3842 	 2.4578 	 0.0888 	 0.0000 	 0.0970 
15.0000 	 0.9839 	 1.9516 	 0.2335 	 0.0000 	 779.0125 	 15.0000 	 2.6209 	 0.1498 	 0.0809 	 0.0000 	 0.0972 
28.0000 	 1.4699 	 1.8848 	 0.2618 	 0.0000 	 772.8679 	 28.0000 	 2.1605 	 0.5103 	 -0.4531 	 0.0000 	 0.0393 
15.0000 	 1.0189 	 1.7858 	 0.2306 	 0.0000 	 778.7504 	 15.0000 	 0.8199 	 1.7363 	 -0.1815 	 0.0000 	 0.0577 
28.0000 	 1.4900 	 1.8336 	 0.2438 	 0.0000 	 772.9577 	 28.0000 	 1.3905 	 2.7062 	 -0.2614 	 0.0000 	 0.0448 
11.0000 	 0.8343 	 1.6887 	 0.1918 	 0.0000 	 784.5541 	 11.0000 	 2.7869 	 1.7056 	 -0.3205 	 0.0000 	 0.0775 
11.0000 	 0.8319 	 1.6886 	 0.2020 	 0.0000 	 784.6849 	 11.0000 	 1.5994 	 0.3713 	 0.1562 	 0.0000 	 0.0686 
15.0000 	 1.0170 	 1.8086 	 0.2247 	 0.0000 	 778.7823 	 15.0000 	 0.4788 	 1.5725 	 -0.0905 	 0.0000 	 0.0515 
28.0000 	 1.4821 	 1.8465 	 0.2671 	 0.0000 	 772.8754 	 28.0000 	 2.7537 	 1.2490 	 -0.1874 	 0.0000 	 0.0437 
11.0000 	 0.8324 	 1.7165 	 0.1942 	 0.0000 	 784.6873 	 11.0000 	 0.3686 	 1.2364 	 -0.3747 	 0.0000 	 0.0676 
15.0000 	 1.0052 	 1.8587 	 0.2457 	 0.0000 	 778.7671 	 15.0000 	 0.9861 	 0.1757 	 0.4279 	 0.0000 	 0.0575 
11.0000 	 0.8349 	 1.6838 	 0.2053 	 0.0000 	 784.6576 	 11.0000 	 1.1611 	 0.8454 	 0.3266 	 0.0000 	 0.0693 
44.0000 	 1.9035 	 1.8625 	 0.2732 	 0.0000 	 772.6338 	 44.0000 	 2.3719 	 2.6922 	 -0.2451 	 0.0000 	 0.0525 
42.0000 	 1.8756 	 1.8146 	 0.2653 	 0.0000 	 772.5139 	 42.0000 	 1.8181 	 0.9067 	 -0.4814 	 0.0000 	 0.0373 
29.0000 	 1.5141 	 1.8549 	 0.2538 	 0.0000 	 772.7587 	 29.0000 	 2.3212 	 0.8393 	 0.3469 	 0.0000 	 0.0436 
27.0000 	 1.4432 	 1.8833 	 0.2571 	 0.0000 	 772.9563 	 27.0000 	 2.0256 	 2.7481 	 0.0426 	 0.0000 	 0.0407 
14.0000 	 0.9633 	 1.8288 	 0.2197 	 0.0000 	 779.8850 	 14.0000 	 1.4400 	 1.3440 	 0.0777 	 0.0000 	 0.0530 
12.0000 	 0.8743 	 1.7583 	 0.2186 	 0.0000 	 782.6555 	 12.0000 	 0.6430 	 2.2341 	 -0.0833 	 0.0000 	 0.0735 
75.0000 	 2.6200 	 1.6675 	 0.2486 	 0.0000 	 774.3237 	 75.0000 	 0.4677 	 1.1931 	 -0.2862 	 0.0000 	 0.0384 
75.0000 	 2.6374 	 1.6316 	 0.2450 	 0.0000 	 774.4018 	 75.0000 	 2.6253 	 1.1708 	 -0.2183 	 0.0000 	 0.0488 
75.0000 	 2.6046 	 1.6937 	 0.2571 	 0.0000 	 774.4139 	 75.0000 	 1.7146 	 2.8689 	 -0.1753 	 0.0000 	 0.0498 
75.0000 	 2.5915 	 1.7295 	 0.2455 	 0.0000 	 774.2877 	 75.0000 	 1.4795 	 0.3656 	 -0.0871 	 0.0000 	 0.0443 
74.0000 	 2.5869 	 1.6924 	 0.2595 	 0.0000 	 774.1974 	 74.0000 	 1.7146 	 2.8689 	 -0.1753 	 0.0000 	 0.0346 
74.0000 	 2.6226 	 1.6378 	 0.2417 	 0.0000 	 774.3034 	 74.0000 	 1.4795 	 0.3656 	 -0.0871 	 0.0000 	 0.0346 
75.0000 	 2.5830 	 1.7344 	 0.2699 	 0.0000 	 774.3879 	 75.0000 	 1.7146 	 2.8689 	 -0.1753 	 0.0000 	 0.0435 
75.0000 	 2.5720 	 1.7680 	 0.2503 	 0.0000 	 774.3831 	 75.0000 	 1.5533 	 0.8438 	 0.3630 	 0.0000 	 0.0390 
65.0000 	 2.4000 	 1.7371 	 0.2573 	 0.0000 	 773.6680 	 65.0000 	 2.6814 	 0.1181 	 -0.1853 	 0.0000 	 0.0382 
75.0000 	 2.5921 	 1.7205 	 0.2556 	 0.0000 	 774.3352 	 75.0000 	 1.0949 	 1.8758 	 -0.0888 	 0.0000 	 0.0394 
65.0000 	 2.3863 	 1.7464 	 0.2735 	 0.0000 	 773.7138 	 65.0000 	 2.2146 	 0.3802 	 -0.0777 	 0.0000 	 0.0387 
65.0000 	 2.3825 	 1.7611 	 0.2616 	 0.0000 	 773.6798 	 65.0000 	 1.9020 	 2.9269 	 -0.3304 	 0.0000 	 0.0426 
65.0000 	 2.4144 	 1.7198 	 0.2360 	 0.0000 	 773.7626 	 65.0000 	 2.3569 	 1.2572 	 0.1387 	 0.0000 	 0.0358 
65.0000 	 2.3532 	 1.8384 	 0.2585 	 0.0000 	 773.8380 	 65.0000 	 1.6721 	 2.4204 	 0.4452 	 0.0000 	 0.0438 
66.0000 	 2.6631 	 0.6303 	 0.5762 	 0.0000 	 771.5225 	 66.0000 	 0.0505 	 1.7751 	 0.0149 	 0.0000 	 0.2187 
66.0000 	 2.4230 	 1.7223 	 0.2656 	 0.0000 	 773.8626 	 66.0000 	 0.7632 	 2.9616 	 -0.2277 	 0.0000 	 0.0488 
63.0000 	 2.2991 	 1.8665 	 0.2813 	 0.0000 	 773.7668 	 63.0000 	 0.3468 	 1.6578 	 0.4941 	 0.0000 	 0.0536 
62.0000 	 2.3718 	 1.6538 	 0.2532 	 0.0000 	 773.6457 	 62.0000 	 2.3677 	 2.1725 	 0.1054 	 0.0000 	 0.2604 
65.0000 	 2.3947 	 1.7450 	 0.2608 	 0.0000 	 773.6889 	 65.0000 	 2.9635 	 2.8452 	 -0.3502 	 0.0000 	 0.0376 
62.0000 	 2.3603 	 1.7064 	 0.2388 	 0.0000 	 773.6142 	 62.0000 	 0.0671 	 2.3259 	 -0.4061 	 0.0000 	 0.0462 
62.0000 	 2.3422 	 1.7186 	 0.2742 	 0.0000 	 773.7250 	 62.0000 	 2.5068 	 2.3068 	 0.2756 	 0.0000 	 0.2088 
55.0000 	 1.1370 	 0.9164 	 -4.9365 	 0.0000 	 1720.9587 	 55.0000 	 1.1388 	 0.9167 	 0.0641 	 0.0000 	 0.1101 
63.0000 	 5.9868 	 9.9722 	 10.0000 	 0.0000 	 2096.8031 	 63.0000 	 0.7545 	 1.3280 	 -0.3183 	 0.0000 	 0.2873 
63.0000 	 2.3467 	 1.7657 	 0.2630 	 0.0000 	 773.6284 	 63.0000 	 0.1701 	 1.4794 	 0.3899 	 0.0000 	 0.0369 
62.0000 	 2.3468 	 1.7198 	 0.2649 	 0.0000 	 773.6177 	 62.0000 	 0.4732 	 0.2770 	 0.1637 	 0.0000 	 0.0381 
56.0000 	 2.2086 	 1.7452 	 0.2686 	 0.0000 	 773.1291 	 56.0000 	 2.2107 	 2.3218 	 0.2743 	 0.0000 	 0.0359 
63.0000 	 2.3806 	 1.6797 	 0.2661 	 0.0000 	 773.6232 	 63.0000 	 0.5351 	 0.4299 	 -0.4592 	 0.0000 	 0.0511 
65.0000 	 2.3820 	 1.7907 	 0.2485 	 0.0000 	 773.7127 	 65.0000 	 0.0161 	 1.6160 	 -0.2661 	 0.0000 	 0.0386 
56.0000 	 2.2223 	 1.7259 	 0.2465 	 0.0000 	 773.2072 	 56.0000 	 2.6846 	 1.4052 	 -0.1024 	 0.0000 	 0.0461 
53.0000 	 1.7416 	 0.0563 	 -5.9203 	 0.0000 	 2096.5162 	 53.0000 	 0.4480 	 1.4752 	 0.0490 	 0.0000 	 0.9717 
56.0000 	 2.2230 	 1.7286 	 0.2571 	 0.0000 	 773.1886 	 56.0000 	 2.4459 	 0.0915 	 0.3919 	 0.0000 	 0.0432 
62.0000 	 5.9868 	 9.9722 	 -10.0000 	 0.0000 	 2028.7213 	 62.0000 	 1.1234 	 2.6335 	 -0.3342 	 0.0000 	 0.4012 
55.0000 	 2.1917 	 1.7579 	 0.2562 	 0.0000 	 773.1031 	 55.0000 	 0.5337 	 2.3665 	 -0.0476 	 0.0000 	 0.0441 
56.0000 	 2.5824 	 0.9876 	 -0.3369 	 0.0000 	 772.4328 	 56.0000 	 2.5818 	 0.9888 	 -0.3390 	 0.0000 	 0.1696 
55.0000 	 2.1973 	 1.7473 	 0.2541 	 0.0000 	 773.0940 	 55.0000 	 2.6050 	 1.8164 	 0.2891 	 0.0000 	 0.0375 
55.0000 	 2.1965 	 1.7406 	 0.2509 	 0.0000 	 773.1280 	 55.0000 	 2.2788 	 2.1446 	 0.0202 	 0.0000 	 0.0405 
53.0000 	 1.2239 	 1.2653 	 -5.3986 	 0.0000 	 1619.7620 	 53.0000 	 1.1826 	 1.2571 	 -0.4876 	 0.0000 	 1.4375 
56.0000 	 2.1931 	 1.7917 	 0.2517 	 0.0000 	 773.1889 	 56.0000 	 0.0841 	 1.9839 	 -0.4690 	 0.0000 	 0.0492 
53.0000 	 2.1369 	 1.7549 	 0.2667 	 0.0000 	 772.9908 	 53.0000 	 0.8688 	 0.1236 	 -0.3527 	 0.0000 	 0.0528 
53.0000 	 2.1214 	 1.8161 	 0.2583 	 0.0000 	 773.0393 	 53.0000 	 1.5848 	 1.5609 	 -0.2906 	 0.0000 	 0.0382 
75.0000 	 2.6084 	 1.6908 	 0.2582 	 0.0000 	 774.3027 	 75.0000 	 1.4820 	 2.5993 	 -0.2942 	 0.0000 	 0.0418 
75.0000 	 2.6505 	 1.6128 	 0.2446 	 0.0000 	 774.3707 	 75.0000 	 2.9823 	 1.8759 	 -0.3458 	 0.0000 	 0.0348 
65.0000 	 2.3855 	 1.7807 	 0.2333 	 0.0000 	 773.7450 	 65.0000 	 1.8348 	 1.8916 	 -0.2178 	 0.0000 	 0.0387 
75.0000 	 6.0000 	 10.0000 	 -6.4808 	 0.0000 	 1964.4366 	 75.0000 	 0.7032 	 0.6966 	 0.1316 	 0.0000 	 0.1272 
62.0000 	 5.9970 	 9.9929 	 10.0000 	 0.0000 	 2021.6656 	 62.0000 	 1.0897 	 0.0363 	 -0.3210 	 0.0000 	 0.2689 
65.0000 	 2.3980 	 1.7332 	 0.2387 	 0.0000 	 773.7433 	 65.0000 	 2.0188 	 1.7397 	 0.0181 	 0.0000 	 0.0412 
62.0000 	 5.9868 	 9.9722 	 -10.0000 	 0.0000 	 2074.4943 	 62.0000 	 0.2018 	 0.6762 	 0.1153 	 0.0000 	 0.2458 
56.0000 	 2.1849 	 1.7938 	 0.2842 	 0.0000 	 773.1762 	 56.0000 	 1.4507 	 1.9642 	 -0.2976 	 0.0000 	 0.0459 
65.0000 	 2.3968 	 1.7399 	 0.2552 	 0.0000 	 773.6776 	 65.0000 	 2.4314 	 1.1078 	 -0.2658 	 0.0000 	 0.0440 
56.0000 	 2.2401 	 1.6920 	 0.2436 	 0.0000 	 773.1820 	 56.0000 	 0.6105 	 0.9731 	 0.0921 	 0.0000 	 0.0378 
63.0000 	 2.3631 	 1.7453 	 0.2510 	 0.0000 	 773.6457 	 63.0000 	 1.0715 	 2.1012 	 0.4858 	 0.0000 	 0.0393 
55.0000 	 2.2320 	 1.6696 	 0.2391 	 0.0000 	 773.2518 	 55.0000 	 1.8173 	 0.7835 	 0.0393 	 0.0000 	 0.0380 
53.0000 	 2.1349 	 1.7790 	 0.2703 	 0.0000 	 772.9492 	 53.0000 	 2.8133 	 2.2375 	 0.0691 	 0.0000 	 0.0701 
73.0000 	 2.4787 	 1.8643 	 0.2900 	 0.0000 	 774.6151 	 73.0000 	 2.0682 	 1.8787 	 -0.4843 	 0.0000 	 0.0369 
74.0000 	 2.6046 	 1.6707 	 0.2489 	 0.0000 	 774.2623 	 74.0000 	 1.0562 	 2.1566 	 0.2490 	 0.0000 	 0.0348 
73.0000 	 2.5872 	 1.6718 	 0.2362 	 0.0000 	 774.1653 	 73.0000 	 1.2819 	 0.7302 	 0.2142 	 0.0000 	 0.0507 
66.0000 	 2.0907 	 0.0973 	 -6.6509 	 0.0000 	 2096.1285 	 66.0000 	 0.0386 	 2.9358 	 -0.4364 	 0.0000 	 0.8425 
67.0000 	 2.4516 	 1.7084 	 0.2529 	 0.0000 	 773.8648 	 67.0000 	 1.2406 	 1.6759 	 -0.1435 	 0.0000 	 0.0375 
61.0000 	 2.3026 	 1.7704 	 0.2583 	 0.0000 	 773.4498 	 61.0000 	 2.2186 	 2.8811 	 -0.4378 	 0.0000 	 0.0455 
64.0000 	 2.3960 	 1.7087 	 0.2428 	 0.0000 	 773.6706 	 64.0000 	 2.8686 	 0.5257 	 -0.2776 	 0.0000 	 0.0357 
57.0000 	 2.2103 	 1.7888 	 0.2674 	 0.0000 	 773.2400 	 57.0000 	 0.2562 	 2.4824 	 0.4237 	 0.0000 	 0.0346 
67.0000 	 1.7810 	 1.3609 	 3.7006 	 0.0000 	 1232.0301 	 67.0000 	 1.4030 	 1.1510 	 -0.3503 	 0.0000 	 0.4021 
54.0000 	 2.1470 	 1.8105 	 0.2571 	 0.0000 	 773.0804 	 54.0000 	 0.1746 	 2.4051 	 0.3502 	 0.0000 	 0.0389 
52.0000 	 2.1159 	 1.7850 	 0.2589 	 0.0000 	 772.9641 	 52.0000 	 0.9920 	 1.1745 	 -0.0697 	 0.0000 	 0.0478 
51.0000 	 2.0924 	 1.7972 	 0.2592 	 0.0000 	 772.8918 	 51.0000 	 0.2088 	 1.2678 	 0.4207 	 0.0000 	 0.0363 
64.0000 	 2.0609 	 2.2221 	 -0.0293 	 0.0000 	 768.8928 	 64.0000 	 2.0591 	 2.2189 	 -0.0308 	 0.0000 	 0.1279 
54.0000 	 2.1701 	 1.7423 	 0.2532 	 0.0000 	 773.0584 	 54.0000 	 2.7135 	 2.1730 	 -0.0948 	 0.0000 	 0.0505 
52.0000 	 2.1186 	 1.7764 	 0.2515 	 0.0000 	 772.9458 	 52.0000 	 0.1817 	 0.7520 	 0.2683 	 0.0000 	 0.0410 
74.0000 	 5.9868 	 0.0010 	 -10.0000 	 0.0000 	 2231.4213 	 74.0000 	 0.8516 	 1.7852 	 -0.3790 	 0.0000 	 0.2029 
66.0000 	 2.4252 	 1.7295 	 0.2513 	 0.0000 	 773.8333 	 66.0000 	 0.5175 	 1.3309 	 0.0210 	 0.0000 	 0.0464 
74.0000 	 2.5747 	 1.7210 	 0.2585 	 0.0000 	 774.2102 	 74.0000 	 2.6267 	 1.1686 	 -0.4450 	 0.0000 	 0.0439 
62.0000 	 2.3713 	 1.6669 	 0.2419 	 0.0000 	 773.6340 	 62.0000 	 2.7612 	 1.0567 	 -0.0779 	 0.0000 	 0.0393 
73.0000 	 2.5707 	 1.6889 	 0.2656 	 0.0000 	 774.2079 	 73.0000 	 2.4398 	 0.8064 	 0.2151 	 0.0000 	 0.0439 
74.0000 	 2.6102 	 0.0675 	 1.1498 	 0.0000 	 1585.6257 	 74.0000 	 0.5594 	 2.3865 	 0.4171 	 0.0000 	 0.4632 
74.0000 	 2.5632 	 1.7446 	 0.2507 	 0.0000 	 774.2585 	 74.0000 	 2.9460 	 2.1007 	 -0.3892 	 0.0000 	 0.0449 
56.0000 	 2.2209 	 1.7333 	 0.2517 	 0.0000 	 773.1719 	 56.0000 	 1.9102 	 0.4109 	 -0.1111 	 0.0000 	 0.0401 
73.0000 	 2.6190 	 1.5941 	 0.2763 	 0.0000 	 774.3379 	 73.0000 	 1.6031 	 2.1364 	 0.0162 	 0.0000 	 0.0614 
66.0000 	 2.4533 	 1.6777 	 0.2405 	 0.0000 	 773.8093 	 66.0000 	 0.6967 	 0.9981 	 0.4045 	 0.0000 	 0.0428 
74.0000 	 5.9970 	 9.9929 	 10.0000 	 0.0000 	 2029.5076 	 74.0000 	 0.2117 	 0.3949 	 0.0502 	 0.0000 	 0.2785 
66.0000 	 2.4048 	 1.7681 	 0.2509 	 0.0000 	 773.7767 	 66.0000 	 1.4749 	 2.6256 	 0.3733 	 0.0000 	 0.0419 
67.0000 	 2.4805 	 1.6481 	 0.2585 	 0.0000 	 773.8940 	 67.0000 	 2.9819 	 1.7887 	 -0.0811 	 0.0000 	 0.0454 
73.0000 	 2.5477 	 1.7299 	 0.2616 	 0.0000 	 774.2450 	 73.0000 	 0.3341 	 2.4246 	 0.0649 	 0.0000 	 0.0426 
73.0000 	 1.3871 	 0.7143 	 9.6231 	 0.0000 	 1756.8465 	 73.0000 	 0.0880 	 2.3264 	 -0.2722 	 0.0000 	 0.6323 
66.0000 	 2.4322 	 1.7153 	 0.2416 	 0.0000 	 773.7772 	 66.0000 	 2.4623 	 1.6426 	 0.0468 	 0.0000 	 0.0407 
61.0000 	 2.2788 	 1.8429 	 0.2569 	 0.0000 	 773.5625 	 61.0000 	 0.6179 	 0.6510 	 0.2485 	 0.0000 	 0.0446 
73.0000 	 2.4201 	 2.2221 	 0.0830 	 0.0000 	 766.0520 	 73.0000 	 2.4173 	 2.2253 	 0.0832 	 0.0000 	 0.1205 
64.0000 	 2.3838 	 1.7476 	 0.2384 	 0.0000 	 773.6942 	 64.0000 	 1.5616 	 1.2394 	 0.4737 	 0.0000 	 0.0475 
67.0000 	 2.4307 	 1.7541 	 0.2518 	 0.0000 	 773.7748 	 67.0000 	 1.8860 	 1.1384 	 0.2572 	 0.0000 	 0.0415 
62.0000 	 2.3424 	 1.7395 	 0.2501 	 0.0000 	 773.4658 	 62.0000 	 0.9354 	 2.9363 	 -0.3012 	 0.0000 	 0.0456 
61.0000 	 2.3126 	 1.7579 	 0.2508 	 0.0000 	 773.4787 	 61.0000 	 0.2269 	 1.8188 	 -0.4117 	 0.0000 	 0.0436 
67.0000 	 2.4763 	 1.6509 	 0.2605 	 0.0000 	 773.9670 	 67.0000 	 2.4189 	 1.0787 	 -0.2442 	 0.0000 	 0.0357 
67.0000 	 2.4602 	 1.6880 	 0.2517 	 0.0000 	 773.8689 	 67.0000 	 1.9505 	 1.6530 	 -0.1020 	 0.0000 	 0.0440 
57.0000 	 5.9868 	 0.0010 	 10.0000 	 0.0000 	 2259.7472 	 57.0000 	 0.6341 	 1.3250 	 -0.2300 	 0.0000 	 0.1300 
73.0000 	 2.6027 	 1.6322 	 0.2598 	 0.0000 	 774.2564 	 73.0000 	 2.8780 	 2.6177 	 0.3939 	 0.0000 	 0.0336 
57.0000 	 2.2490 	 1.7245 	 0.2620 	 0.0000 	 773.2821 	 57.0000 	 1.5033 	 1.0548 	 0.2137 	 0.0000 	 0.0382 
66.0000 	 2.4378 	 1.6903 	 0.2599 	 0.0000 	 773.7427 	 66.0000 	 2.9449 	 1.3009 	 -0.4015 	 0.0000 	 0.0402 
73.0000 	 2.3954 	 2.0597 	 0.2902 	 0.0000 	 775.5285 	 73.0000 	 2.4994 	 1.3466 	 0.0707 	 0.0000 	 0.0527 
54.0000 	 2.1565 	 1.7783 	 0.2654 	 0.0000 	 773.0713 	 54.0000 	 2.7038 	 2.4549 	 0.3382 	 0.0000 	 0.0425 
67.0000 	 2.4614 	 1.6877 	 0.2562 	 0.0000 	 773.8510 	 67.0000 	 1.5289 	 1.3805 	 0.3980 	 0.0000 	 0.0418 
64.0000 	 2.3361 	 1.8181 	 0.2798 	 0.0000 	 773.7149 	 64.0000 	 1.7695 	 0.6916 	 -0.2555 	 0.0000 	 0.0428 
56.0000 	 2.2071 	 1.7519 	 0.2654 	 0.0000 	 773.2467 	 56.0000 	 2.3754 	 0.6399 	 -0.1990 	 0.0000 	 0.0563 
74.0000 	 2.5906 	 1.6683 	 0.2828 	 0.0000 	 774.2806 	 74.0000 	 1.8635 	 2.4067 	 -0.2516 	 0.0000 	 0.0423 
52.0000 	 2.1459 	 1.7115 	 0.2515 	 0.0000 	 772.9867 	 52.0000 	 2.4402 	 1.9290 	 -0.4788 	 0.0000 	 0.0447 
52.0000 	 2.1170 	 1.7810 	 0.2561 	 0.0000 	 772.9588 	 52.0000 	 2.2926 	 0.2319 	 0.4123 	 0.0000 	 0.0454 
52.0000 	 2.1243 	 1.7599 	 0.2622 	 0.0000 	 772.9658 	 52.0000 	 0.1479 	 1.6914 	 0.4550 	 0.0000 	 0.0443 
64.0000 	 2.3526 	 1.7931 	 0.2586 	 0.0000 	 773.6549 	 64.0000 	 1.9052 	 1.5816 	 -0.4174 	 0.0000 	 0.0372 
67.0000 	 2.4410 	 1.7245 	 0.2667 	 0.0000 	 773.8476 	 67.0000 	 2.9204 	 1.2623 	 0.2343 	 0.0000 	 0.0389 
64.0000 	 2.3582 	 1.7949 	 0.2502 	 0.0000 	 773.6897 	 64.0000 	 0.5996 	 2.8494 	 -0.2617 	 0.0000 	 0.0447 
61.0000 	 2.2814 	 1.8182 	 0.2852 	 0.0000 	 773.5501 	 61.0000 	 2.5081 	 2.8367 	 -0.3317 	 0.0000 	 0.0467 
54.0000 	 2.1049 	 1.9113 	 0.2810 	 0.0000 	 773.3165 	 54.0000 	 1.7699 	 0.5535 	 0.4528 	 0.0000 	 0.0414 
67.0000 	 2.4226 	 1.7621 	 0.2623 	 0.0000 	 773.8141 	 67.0000 	 0.0503 	 2.5707 	 -0.1403 	 0.0000 	 0.0488 
64.0000 	 2.4123 	 1.6652 	 0.2556 	 0.0000 	 773.7540 	 64.0000 	 2.2085 	 1.7963 	 -0.4881 	 0.0000 	 0.0382 
66.0000 	 2.3808 	 1.8148 	 0.2550 	 0.0000 	 773.8931 	 66.0000 	 1.9782 	 1.5936 	 -0.1213 	 0.0000 	 0.0371 
54.0000 	 2.1652 	 1.7732 	 0.2456 	 0.0000 	 772.9831 	 54.0000 	 0.5896 	 1.6229 	 -0.1238 	 0.0000 	 0.0469 
51.0000 	 2.0471 	 1.9021 	 0.2710 	 0.0000 	 773.0582 	 51.0000 	 1.4709 	 0.1108 	 0.0877 	 0.0000 	 0.0373 
54.0000 	 2.1730 	 1.7510 	 0.2508 	 0.0000 	 773.0276 	 54.0000 	 0.6162 	 1.2290 	 -0.3067 	 0.0000 	 0.0361 
64.0000 	 2.4003 	 1.6804 	 0.2559 	 0.0000 	 773.7039 	 64.0000 	 2.7468 	 0.6127 	 -0.2102 	 0.0000 	 0.1613 
57.0000 	 2.2322 	 1.7543 	 0.2534 	 0.0000 	 773.1246 	 57.0000 	 2.2936 	 2.5464 	 0.4329 	 0.0000 	 0.0358 
54.0000 	 2.1516 	 1.7890 	 0.2643 	 0.0000 	 773.0922 	 54.0000 	 0.3969 	 1.6146 	 0.2863 	 0.0000 	 0.0426 
64.0000 	 2.3744 	 1.7338 	 0.2806 	 0.0000 	 773.6405 	 64.0000 	 0.9625 	 1.4139 	 -0.1394 	 0.0000 	 0.0496 
62.0000 	 2.3693 	 1.6877 	 0.2416 	 0.0000 	 773.6078 	 62.0000 	 1.9549 	 0.6460 	 -0.2258 	 0.0000 	 0.0359 
52.0000 	 2.1344 	 1.7435 	 0.2608 	 0.0000 	 772.9640 	 52.0000 	 2.7152 	 0.9896 	 0.4527 	 0.0000 	 0.0360 
51.0000 	 2.0747 	 1.8224 	 0.2564 	 0.0000 	 772.8736 	 51.0000 	 0.1534 	 2.6246 	 0.2139 	 0.0000 	 0.0481 
52.0000 	 2.1187 	 1.7651 	 0.2666 	 0.0000 	 772.9747 	 52.0000 	 2.5872 	 1.2979 	 -0.2165 	 0.0000 	 0.0520 
52.0000 	 2.1353 	 1.7348 	 0.2660 	 0.0000 	 772.9671 	 52.0000 	 1.4350 	 0.7584 	 -0.0789 	 0.0000 	 0.0352 
54.0000 	 2.1534 	 1.7863 	 0.2643 	 0.0000 	 773.0633 	 54.0000 	 2.8000 	 2.8893 	 0.4614 	 0.0000 	 0.0333 
56.0000 	 2.2283 	 1.7088 	 0.2738 	 0.0000 	 773.2558 	 56.0000 	 0.6397 	 0.3426 	 -0.2910 	 0.0000 	 0.0415 
54.0000 	 2.5300 	 1.5031 	 0.2490 	 0.0000 	 768.8434 	 54.0000 	 2.5296 	 1.5043 	 0.2476 	 0.0000 	 0.1067 
52.0000 	 2.1126 	 1.7886 	 0.2484 	 0.0000 	 772.9567 	 52.0000 	 1.2387 	 2.5824 	 -0.2544 	 0.0000 	 0.0189 
51.0000 	 2.0417 	 1.9059 	 0.2648 	 0.0000 	 773.0424 	 51.0000 	 0.4478 	 2.7956 	 -0.2217 	 0.0000 	 0.0565 
74.0000 	 2.5794 	 1.7175 	 0.2537 	 0.0000 	 774.2557 	 74.0000 	 1.8505 	 2.0045 	 0.3727 	 0.0000 	 0.0392 
66.0000 	 5.9868 	 9.9722 	 -10.0000 	 0.0000 	 2114.2890 	 66.0000 	 0.0582 	 0.1010 	 -0.1493 	 0.0000 	 0.2956 
61.0000 	 2.3190 	 1.7384 	 0.2598 	 0.0000 	 773.5221 	 61.0000 	 2.3636 	 1.3771 	 0.3175 	 0.0000 	 0.0356 
57.0000 	 2.2070 	 1.8022 	 0.2799 	 0.0000 	 773.2421 	 57.0000 	 2.3183 	 1.2971 	 -0.3448 	 0.0000 	 0.0399 
52.0000 	 2.1161 	 1.7837 	 0.2516 	 0.0000 	 772.9383 	 52.0000 	 0.2473 	 0.2156 	 0.4084 	 0.0000 	 0.0535 
71.0000 	 2.5355 	 1.6915 	 0.2543 	 0.0000 	 774.1091 	 71.0000 	 2.5149 	 0.2802 	 0.2271 	 0.0000 	 0.0431 
71.0000 	 2.5339 	 1.6792 	 0.2569 	 0.0000 	 774.0888 	 71.0000 	 2.4591 	 1.8006 	 -0.2413 	 0.0000 	 0.0440 
69.0000 	 2.5115 	 1.6583 	 0.2524 	 0.0000 	 774.0154 	 69.0000 	 2.3459 	 1.5003 	 0.1701 	 0.0000 	 0.0481 
69.0000 	 2.5058 	 1.6821 	 0.2478 	 0.0000 	 773.9638 	 69.0000 	 0.5581 	 1.8635 	 0.1982 	 0.0000 	 0.0460 
73.0000 	 2.5973 	 1.6389 	 0.2456 	 0.0000 	 774.2662 	 73.0000 	 0.1273 	 0.3575 	 0.4062 	 0.0000 	 0.0529 
60.0000 	 2.2788 	 1.7595 	 0.2696 	 0.0000 	 773.4608 	 60.0000 	 2.5024 	 1.4505 	 -0.1789 	 0.0000 	 0.1915 
60.0000 	 2.3188 	 1.6896 	 0.2720 	 0.0000 	 773.4030 	 60.0000 	 0.1707 	 2.8639 	 0.2770 	 0.0000 	 0.0563 
58.0000 	 3.5364 	 9.9722 	 -7.6953 	 0.0000 	 1983.5093 	 58.0000 	 0.8261 	 2.0601 	 -0.1854 	 0.0000 	 1.3329 
72.0000 	 2.5968 	 1.6055 	 0.2531 	 0.0000 	 774.2456 	 72.0000 	 2.5887 	 0.8224 	 -0.2608 	 0.0000 	 0.0416 
72.0000 	 1.4895 	 0.6355 	 -8.0469 	 0.0000 	 1738.1820 	 72.0000 	 0.8533 	 1.1063 	 -0.3851 	 0.0000 	 0.1146 
58.0000 	 2.2021 	 1.8613 	 0.2831 	 0.0000 	 773.4907 	 58.0000 	 1.2724 	 1.8555 	 0.2379 	 0.0000 	 0.0514 
72.0000 	 5.9996 	 9.9981 	 -10.0000 	 0.0000 	 2157.0949 	 72.0000 	 0.5559 	 0.4212 	 -0.0536 	 0.0000 	 0.1390 
67.0000 	 2.4875 	 1.6368 	 0.2450 	 0.0000 	 773.9174 	 67.0000 	 1.6370 	 1.5710 	 0.3667 	 0.0000 	 0.0491 
68.0000 	 2.4757 	 1.6884 	 0.2468 	 0.0000 	 773.9913 	 68.0000 	 0.9825 	 1.9847 	 -0.4803 	 0.0000 	 0.0367 
68.0000 	 2.5382 	 1.5777 	 0.2456 	 0.0000 	 774.1345 	 68.0000 	 1.3793 	 2.4043 	 0.2907 	 0.0000 	 0.0350 
68.0000 	 2.4695 	 1.7077 	 0.2577 	 0.0000 	 773.8984 	 68.0000 	 2.0906 	 1.4016 	 0.2963 	 0.0000 	 0.0410 
72.0000 	 2.5170 	 1.7531 	 0.2643 	 0.0000 	 774.1293 	 72.0000 	 0.2080 	 2.5232 	 -0.0232 	 0.0000 	 0.0362 
60.0000 	 2.3236 	 1.6825 	 0.2550 	 0.0000 	 773.4406 	 60.0000 	 2.8944 	 2.3992 	 0.3437 	 0.0000 	 0.0523 
60.0000 	 2.3057 	 1.7236 	 0.2590 	 0.0000 	 773.3909 	 60.0000 	 2.4225 	 0.6524 	 0.0745 	 0.0000 	 0.0398 
58.0000 	 5.9868 	 9.9722 	 10.0000 	 0.0000 	 2097.1661 	 58.0000 	 0.7401 	 0.3206 	 0.2639 	 0.0000 	 0.2843 
61.0000 	 2.3195 	 1.7412 	 0.2499 	 0.0000 	 773.4675 	 61.0000 	 0.4366 	 2.1892 	 0.2254 	 0.0000 	 0.0472 
64.0000 	 2.3985 	 1.6944 	 0.2561 	 0.0000 	 773.6493 	 64.0000 	 1.0770 	 0.5571 	 -0.3767 	 0.0000 	 0.0420 
68.0000 	 2.4741 	 1.6969 	 0.2626 	 0.0000 	 773.9356 	 68.0000 	 1.4081 	 2.4386 	 -0.0201 	 0.0000 	 0.0336 
57.0000 	 5.9868 	 9.9722 	 -10.0000 	 0.0000 	 2108.7193 	 57.0000 	 0.6151 	 0.2947 	 0.3650 	 0.0000 	 0.2976 
72.0000 	 2.6208 	 1.5625 	 0.2411 	 0.0000 	 774.2786 	 72.0000 	 2.6459 	 1.1798 	 -0.2137 	 0.0000 	 0.0338 
61.0000 	 5.9868 	 9.9722 	 -10.0000 	 0.0000 	 2099.4372 	 61.0000 	 1.0324 	 2.0000 	 0.2084 	 0.0000 	 0.2996 
58.0000 	 2.2425 	 1.7880 	 0.2508 	 0.0000 	 773.3004 	 58.0000 	 1.1235 	 0.9329 	 0.4528 	 0.0000 	 0.0649 
54.0000 	 2.1470 	 1.7974 	 0.2764 	 0.0000 	 773.0580 	 54.0000 	 2.6988 	 0.7234 	 -0.1761 	 0.0000 	 0.0738 
72.0000 	 2.5575 	 1.6941 	 0.2306 	 0.0000 	 774.2053 	 72.0000 	 1.0986 	 1.0930 	 -0.3208 	 0.0000 	 0.0344 
51.0000 	 2.0757 	 1.8087 	 0.2822 	 0.0000 	 772.9048 	 51.0000 	 2.9889 	 0.0418 	 0.3824 	 0.0000 	 0.0418 
68.0000 	 6.0000 	 9.9591 	 -9.5042 	 0.0000 	 2151.9340 	 68.0000 	 0.3453 	 0.5017 	 0.0445 	 0.0000 	 0.1424 
68.0000 	 2.4959 	 1.6683 	 0.2409 	 0.0000 	 773.8892 	 68.0000 	 2.1601 	 2.2773 	 -0.0544 	 0.0000 	 0.0393 
51.0000 	 2.1049 	 1.7585 	 0.2540 	 0.0000 	 772.7840 	 51.0000 	 2.0910 	 0.4152 	 -0.3292 	 0.0000 	 0.0391 
72.0000 	 2.5300 	 1.7629 	 0.2093 	 0.0000 	 774.4207 	 72.0000 	 1.5162 	 2.5010 	 -0.4928 	 0.0000 	 0.0439 
57.0000 	 2.2364 	 1.7386 	 0.2511 	 0.0000 	 773.2550 	 57.0000 	 0.1863 	 0.5494 	 0.2724 	 0.0000 	 0.0434 
51.0000 	 5.9970 	 9.9929 	 -10.0000 	 0.0000 	 2011.8980 	 51.0000 	 0.8017 	 1.2207 	 0.2161 	 0.0000 	 0.2870 
68.0000 	 2.4971 	 1.6697 	 0.2424 	 0.0000 	 773.9183 	 68.0000 	 0.4883 	 2.8400 	 -0.2764 	 0.0000 	 0.0374 
60.0000 	 2.2729 	 1.7900 	 0.2588 	 0.0000 	 773.4458 	 60.0000 	 1.5934 	 0.4517 	 0.1488 	 0.0000 	 0.0640 
60.0000 	 2.3006 	 1.7450 	 0.2532 	 0.0000 	 773.4093 	 60.0000 	 1.9347 	 0.4906 	 -0.2782 	 0.0000 	 0.0432 
71.0000 	 2.5606 	 1.6342 	 0.2423 	 0.0000 	 774.1433 	 71.0000 	 1.1104 	 0.1912 	 0.1972 	 0.0000 	 0.0803 
71.0000 	 2.5179 	 1.7316 	 0.2373 	 0.0000 	 774.1232 	 71.0000 	 0.7317 	 0.9778 	 -0.2761 	 0.0000 	 0.0513 
61.0000 	 2.3418 	 1.6971 	 0.2561 	 0.0000 	 773.5020 	 61.0000 	 2.6914 	 2.6666 	 -0.1853 	 0.0000 	 0.0345 
58.0000 	 2.2734 	 1.7140 	 0.2523 	 0.0000 	 773.2445 	 58.0000 	 1.7865 	 1.3419 	 -0.4101 	 0.0000 	 0.0478 
69.0000 	 2.4864 	 1.7094 	 0.2581 	 0.0000 	 773.9425 	 69.0000 	 1.5642 	 2.0143 	 0.0692 	 0.0000 	 0.0414 
71.0000 	 2.1245 	 0.0954 	 -6.7526 	 0.0000 	 2087.8298 	 71.0000 	 0.6355 	 1.0079 	 -0.1833 	 0.0000 	 0.9065 
58.0000 	 2.2419 	 1.7826 	 0.2523 	 0.0000 	 773.2721 	 58.0000 	 2.3290 	 2.9007 	 -0.3471 	 0.0000 	 0.0446 
69.0000 	 2.4521 	 1.7845 	 0.2510 	 0.0000 	 773.9673 	 69.0000 	 0.6054 	 0.1310 	 0.3803 	 0.0000 	 0.0384 
57.0000 	 2.2439 	 1.7332 	 0.2650 	 0.0000 	 773.2131 	 57.0000 	 2.3986 	 1.5556 	 -0.0099 	 0.0000 	 0.0351 
60.0000 	 2.2877 	 1.7731 	 0.2444 	 0.0000 	 773.4751 	 60.0000 	 2.8791 	 2.7223 	 -0.0781 	 0.0000 	 0.0425 
72.0000 	 1.7007 	 6.2238 	 -2.1041 	 0.0000 	 962.8790 	 72.0000 	 0.3040 	 1.3262 	 0.3399 	 0.0000 	 0.3256 
71.0000 	 2.5092 	 1.7423 	 0.2485 	 0.0000 	 774.1577 	 71.0000 	 1.8432 	 1.9926 	 -0.0858 	 0.0000 	 0.0481 
51.0000 	 2.0916 	 1.7811 	 0.2720 	 0.0000 	 772.9444 	 51.0000 	 2.5206 	 2.0058 	 0.1968 	 0.0000 	 0.0397 
60.0000 	 1.9182 	 1.7752 	 -0.1611 	 0.0000 	 772.6042 	 60.0000 	 1.9164 	 1.7763 	 -0.1594 	 0.0000 	 0.1214 
69.0000 	 2.4797 	 1.7358 	 0.2405 	 0.0000 	 773.9991 	 69.0000 	 0.8482 	 0.8002 	 -0.3362 	 0.0000 	 0.0395 
58.0000 	 5.9868 	 9.9722 	 10.0000 	 0.0000 	 2143.1093 	 58.0000 	 0.1618 	 1.8664 	 0.1927 	 0.0000 	 0.1279 
68.0000 	 2.4525 	 1.7212 	 0.2771 	 0.0000 	 773.8303 	 68.0000 	 1.0435 	 2.9451 	 0.0082 	 0.0000 	 0.0405 
58.0000 	 2.2510 	 1.7602 	 0.2530 	 0.0000 	 773.3119 	 58.0000 	 1.5797 	 1.3503 	 0.1080 	 0.0000 	 0.0519 
69.0000 	 2.4604 	 1.7581 	 0.2740 	 0.0000 	 774.0342 	 69.0000 	 1.2791 	 1.1244 	 0.0053 	 0.0000 	 0.0363 
60.0000 	 2.2618 	 1.8105 	 0.2802 	 0.0000 	 773.5389 	 60.0000 	 2.9891 	 0.4629 	 -0.0066 	 0.0000 	 0.0389 
70.0000 	 2.5549 	 1.6240 	 0.2555 	 0.0000 	 774.0433 	 70.0000 	 1.4173 	 1.4236 	 -0.4459 	 0.0000 	 0.0586 
70.0000 	 2.5101 	 1.7058 	 0.2582 	 0.0000 	 774.0287 	 70.0000 	 1.0147 	 0.4885 	 0.1139 	 0.0000 	 0.0432 
61.0000 	 2.2988 	 1.7895 	 0.2751 	 0.0000 	 773.4686 	 61.0000 	 1.8407 	 2.0979 	 -0.0961 	 0.0000 	 0.0448 
70.0000 	 2.4185 	 1.8879 	 0.2804 	 0.0000 	 774.4099 	 70.0000 	 0.4465 	 1.5704 	 0.3678 	 0.0000 	 0.0487 
70.0000 	 2.5024 	 1.6904 	 0.2638 	 0.0000 	 773.9559 	 70.0000 	 0.3469 	 0.9395 	 -0.3254 	 0.0000 	 0.0470 
59.0000 	 2.3272 	 1.6341 	 0.2431 	 0.0000 	 773.5064 	 59.0000 	 2.3694 	 0.2946 	 0.3282 	 0.0000 	 0.0364 
63.0000 	 2.3673 	 1.7408 	 0.2413 	 0.0000 	 773.6172 	 63.0000 	 2.1910 	 0.0772 	 -0.1644 	 0.0000 	 0.0446 
63.0000 	 2.3946 	 1.6664 	 0.2476 	 0.0000 	 773.6683 	 63.0000 	 1.2183 	 0.2353 	 0.0353 	 0.0000 	 0.0408 
55.0000 	 5.9868 	 9.9722 	 -10.0000 	 0.0000 	 2169.1684 	 55.0000 	 0.3454 	 1.3411 	 -0.2882 	 0.0000 	 0.1290 
55.0000 	 1.3816 	 0.4830 	 -6.6113 	 0.0000 	 2087.3537 	 55.0000 	 0.0987 	 1.9864 	 -0.0444 	 0.0000 	 0.4562 
53.0000 	 2.0955 	 1.8837 	 0.2606 	 0.0000 	 773.0567 	 53.0000 	 2.4458 	 1.9399 	 -0.0751 	 0.0000 	 0.0435 
59.0000 	 5.9868 	 9.9722 	 10.0000 	 0.0000 	 2033.8722 	 59.0000 	 0.8222 	 2.0971 	 0.1300 	 0.0000 	 0.2751 
53.0000 	 2.1624 	 1.7200 	 0.2543 	 0.0000 	 773.0059 	 53.0000 	 0.7983 	 0.1016 	 0.4902 	 0.0000 	 0.0362 
58.0000 	 2.2585 	 1.7565 	 0.2391 	 0.0000 	 773.2572 	 58.0000 	 0.7143 	 2.8652 	 0.3723 	 0.0000 	 0.0415 
57.0000 	 2.2318 	 1.7691 	 0.2474 	 0.0000 	 773.2409 	 57.0000 	 1.4003 	 2.2897 	 -0.0296 	 0.0000 	 0.0456 
51.0000 	 2.0954 	 1.7930 	 0.2514 	 0.0000 	 772.8712 	 51.0000 	 0.8093 	 2.0655 	 -0.0834 	 0.0000 	 0.0411 
71.0000 	 5.9970 	 9.9929 	 10.0000 	 0.0000 	 2023.6469 	 71.0000 	 1.2015 	 0.0873 	 0.2613 	 0.0000 	 0.2699 
71.0000 	 2.5086 	 1.7437 	 0.2550 	 0.0000 	 774.1330 	 71.0000 	 0.1245 	 0.9310 	 -0.4124 	 0.0000 	 0.0421 
69.0000 	 2.4839 	 1.7113 	 0.2606 	 0.0000 	 773.8970 	 69.0000 	 2.5345 	 0.8867 	 -0.4180 	 0.0000 	 0.0328 
71.0000 	 6.0000 	 9.9280 	 -0.8837 	 0.0000 	 1972.7773 	 71.0000 	 0.8632 	 1.0184 	 -0.3386 	 0.0000 	 0.1322 
69.0000 	 2.4762 	 1.7257 	 0.2624 	 0.0000 	 773.9441 	 69.0000 	 2.2449 	 2.3165 	 0.1916 	 0.0000 	 0.0449 
69.0000 	 1.3260 	 1.3717 	 -5.2444 	 0.0000 	 1659.9721 	 69.0000 	 1.3266 	 1.3740 	 -0.2420 	 0.0000 	 0.5245 
72.0000 	 2.4952 	 1.8026 	 0.2718 	 0.0000 	 774.2856 	 72.0000 	 2.4362 	 0.4839 	 0.1940 	 0.0000 	 0.0360 
59.0000 	 2.2613 	 1.7831 	 0.2670 	 0.0000 	 773.4039 	 59.0000 	 2.2993 	 1.6565 	 -0.0778 	 0.0000 	 0.0481 
59.0000 	 2.2481 	 1.8233 	 0.2542 	 0.0000 	 773.3758 	 59.0000 	 0.9242 	 1.2004 	 0.0949 	 0.0000 	 0.0552 
68.0000 	 2.4844 	 1.6939 	 0.2433 	 0.0000 	 773.9093 	 68.0000 	 1.9256 	 2.6109 	 0.3457 	 0.0000 	 0.0465 
59.0000 	 2.2433 	 1.8217 	 0.2715 	 0.0000 	 773.4715 	 59.0000 	 0.5132 	 1.8525 	 -0.1671 	 0.0000 	 0.0417 
59.0000 	 2.2911 	 1.7048 	 0.2622 	 0.0000 	 773.3668 	 59.0000 	 1.9889 	 1.0090 	 -0.3138 	 0.0000 	 0.0398 
71.0000 	 2.5407 	 1.6667 	 0.2728 	 0.0000 	 774.1577 	 71.0000 	 2.6887 	 1.7728 	 0.3311 	 0.0000 	 0.0514 
59.0000 	 2.3193 	 1.6448 	 0.2424 	 0.0000 	 773.5393 	 59.0000 	 0.2009 	 1.6973 	 -0.4277 	 0.0000 	 0.0479 
70.0000 	 2.3308 	 2.2407 	 -0.0928 	 0.0000 	 769.5068 	 70.0000 	 2.3272 	 2.2427 	 -0.0922 	 0.0000 	 0.1234 
70.0000 	 2.4926 	 1.7335 	 0.2641 	 0.0000 	 774.0096 	 70.0000 	 1.0173 	 1.9262 	 -0.2869 	 0.0000 	 0.0394 
59.0000 	 2.3238 	 1.6338 	 0.2450 	 0.0000 	 773.5306 	 59.0000 	 0.1212 	 1.8632 	 -0.2838 	 0.0000 	 0.0476 
70.0000 	 2.2371 	 2.3949 	 -0.2295 	 0.0000 	 767.1041 	 70.0000 	 2.2334 	 2.3912 	 -0.2280 	 0.0000 	 0.1436 
60.0000 	 2.2856 	 1.7481 	 0.2801 	 0.0000 	 773.4415 	 60.0000 	 0.1073 	 0.5672 	 0.2745 	 0.0000 	 0.0420 
69.0000 	 2.4942 	 1.6890 	 0.2659 	 0.0000 	 773.9690 	 69.0000 	 2.4459 	 2.2999 	 -0.3918 	 0.0000 	 0.0546 
70.0000 	 2.4853 	 1.7547 	 0.2522 	 0.0000 	 774.0252 	 70.0000 	 2.8653 	 1.3992 	 -0.0640 	 0.0000 	 0.0425 
58.0000 	 2.3056 	 1.6305 	 0.2568 	 0.0000 	 773.5451 	 58.0000 	 2.7666 	 1.2767 	 -0.1303 	 0.0000 	 0.2247 
70.0000 	 2.4870 	 1.7495 	 0.2576 	 0.0000 	 774.0251 	 70.0000 	 0.8094 	 2.6932 	 -0.4054 	 0.0000 	 0.0400 
59.0000 	 2.3048 	 1.6962 	 0.2465 	 0.0000 	 773.3555 	 59.0000 	 2.7610 	 0.5284 	 -0.1245 	 0.0000 	 0.0413 
70.0000 	 2.4910 	 1.7430 	 0.2535 	 0.0000 	 774.0321 	 70.0000 	 0.8126 	 2.1696 	 -0.0084 	 0.0000 	 0.0611 
63.0000 	 2.3787 	 1.7010 	 0.2551 	 0.0000 	 773.5697 	 63.0000 	 2.5276 	 0.7545 	 0.1586 	 0.0000 	 0.0397 
55.0000 	 5.9868 	 9.9722 	 10.0000 	 0.0000 	 2108.3247 	 55.0000 	 0.7281 	 2.2664 	 -0.3363 	 0.0000 	 0.2712 
63.0000 	 2.3559 	 1.7455 	 0.2570 	 0.0000 	 773.5464 	 63.0000 	 1.5470 	 2.6224 	 -0.0773 	 0.0000 	 0.0495 
63.0000 	 2.3820 	 1.7008 	 0.2593 	 0.0000 	 773.5024 	 63.0000 	 2.8206 	 2.9197 	 -0.4862 	 0.0000 	 0.0500 
59.0000 	 2.2674 	 1.7733 	 0.2615 	 0.0000 	 773.2891 	 59.0000 	 0.8664 	 1.0494 	 0.3524 	 0.0000 	 0.0447 
53.0000 	 2.1086 	 1.8568 	 0.2563 	 0.0000 	 772.9949 	 53.0000 	 1.4992 	 0.4097 	 0.2441 	 0.0000 	 0.0353 
55.0000 	 2.2004 	 1.7280 	 0.2562 	 0.0000 	 773.1386 	 55.0000 	 0.1393 	 1.3301 	 -0.3884 	 0.0000 	 0.0413 
55.0000 	 2.1797 	 1.7781 	 0.2621 	 0.0000 	 773.1325 	 55.0000 	 1.1258 	 1.0582 	 0.3051 	 0.0000 	 0.0442 
53.0000 	 2.1342 	 1.7829 	 0.2616 	 0.0000 	 773.0502 	 53.0000 	 1.9228 	 0.3445 	 -0.1161 	 0.0000 	 0.0380 
53.0000 	 2.1150 	 1.8260 	 0.2792 	 0.0000 	 773.0652 	 53.0000 	 2.8162 	 1.5117 	 -0.4189 	 0.0000 	 0.0412 
