49.0000 	 2.1326 	 18.7012 	 10.0684 	 0.0000 	 2.2266 	 788.2220 	 49.0000 	 1.8257 	 8.9948 	 1.6029 	 0.0000 	 3.1493 	 0.3914 
49.0000 	 2.4139 	 24.2175 	 13.6987 	 0.0000 	 6.4673 	 799.4341 	 49.0000 	 0.9294 	 3.0684 	 4.8189 	 0.0000 	 5.2680 	 1.0168 
50.0000 	 1.9379 	 16.9727 	 7.9199 	 0.0000 	 1.0303 	 827.9206 	 50.0000 	 0.7788 	 9.5623 	 -1.5153 	 0.0000 	 2.7262 	 0.1003 
50.0000 	 1.8664 	 15.5127 	 5.5762 	 0.0000 	 8.1836 	 811.2170 	 50.0000 	 1.2176 	 9.6692 	 -0.4981 	 0.0000 	 1.2768 	 0.9787 
50.0000 	 2.1694 	 15.7511 	 7.9427 	 0.0000 	 1.5879 	 761.2154 	 50.0000 	 1.1063 	 16.2433 	 4.7948 	 0.0000 	 0.6780 	 1.0426 
50.0000 	 1.9317 	 12.1060 	 5.5151 	 0.0000 	 4.1641 	 799.3119 	 50.0000 	 2.8711 	 9.0912 	 0.6640 	 0.0000 	 4.3882 	 1.0009 
50.0000 	 2.4304 	 16.8140 	 7.2993 	 0.0000 	 8.1931 	 773.0116 	 50.0000 	 1.8379 	 10.3550 	 1.7900 	 0.0000 	 8.3599 	 0.9715 
46.0000 	 4.1582 	 0.8867 	 0.2972 	 0.0000 	 0.8216 	 1427.6172 	 46.0000 	 0.1966 	 8.4089 	 3.6648 	 0.0000 	 7.3376 	 1.0552 
50.0000 	 1.8612 	 7.9474 	 1.3687 	 0.0000 	 4.2853 	 969.1478 	 50.0000 	 2.8711 	 9.0912 	 0.6640 	 0.0000 	 4.3882 	 0.9990 
46.0000 	 2.0808 	 15.4620 	 7.6324 	 0.0000 	 2.4597 	 768.5881 	 46.0000 	 0.6345 	 9.1530 	 -3.6307 	 0.0000 	 9.4127 	 0.9729 
45.0000 	 1.6651 	 10.4753 	 6.9882 	 0.0000 	 12.2214 	 922.2499 	 45.0000 	 0.0222 	 6.2923 	 1.9521 	 0.0000 	 3.8556 	 1.0130 
45.0000 	 2.1087 	 16.7342 	 9.3152 	 0.0000 	 0.3369 	 767.4128 	 45.0000 	 2.5300 	 8.8105 	 3.8501 	 0.0000 	 1.9596 	 0.3313 
43.0000 	 2.5300 	 11.4111 	 11.4062 	 0.0000 	 3.7695 	 858.8939 	 43.0000 	 0.6572 	 17.3637 	 -3.9583 	 0.0000 	 2.3563 	 0.9965 
45.0000 	 2.4201 	 17.0654 	 -0.7324 	 0.0000 	 6.7334 	 1088.3571 	 45.0000 	 2.4224 	 17.0661 	 -0.7323 	 0.0000 	 6.7336 	 0.5900 
45.0000 	 2.1000 	 9.9299 	 8.8531 	 0.0000 	 6.3525 	 900.1563 	 45.0000 	 2.4607 	 0.2384 	 -3.4511 	 0.0000 	 5.8085 	 0.9909 
48.0000 	 2.1693 	 16.4746 	 6.4160 	 0.0000 	 2.1680 	 775.2290 	 48.0000 	 2.3547 	 6.3909 	 1.7440 	 0.0000 	 4.9132 	 0.9691 
48.0000 	 1.4768 	 6.6541 	 -2.4683 	 0.0000 	 6.0645 	 1232.1221 	 48.0000 	 0.1677 	 2.7450 	 -3.5359 	 0.0000 	 0.0456 	 1.0314 
45.0000 	 1.9027 	 19.1327 	 9.0576 	 0.0000 	 0.5768 	 781.8875 	 45.0000 	 0.7899 	 0.9786 	 -0.7053 	 0.0000 	 4.8401 	 1.7805 
43.0000 	 2.0122 	 16.7822 	 -1.5625 	 0.0000 	 5.9912 	 864.0731 	 43.0000 	 2.4234 	 0.5898 	 2.8355 	 0.0000 	 1.3510 	 0.8484 
48.0000 	 1.9407 	 18.7199 	 8.4662 	 0.0000 	 0.7944 	 769.7867 	 48.0000 	 2.5003 	 15.0161 	 0.4334 	 0.0000 	 1.0600 	 0.9891 
45.0000 	 1.8006 	 14.4971 	 6.8555 	 0.0000 	 8.8928 	 778.4346 	 45.0000 	 2.2946 	 5.2229 	 -0.1808 	 0.0000 	 3.2006 	 0.9956 
46.0000 	 2.3387 	 16.9727 	 1.7578 	 0.0000 	 9.4336 	 778.5264 	 46.0000 	 0.8209 	 7.2235 	 4.6685 	 0.0000 	 3.4153 	 0.9896 
45.0000 	 2.5128 	 22.2217 	 4.7949 	 0.0000 	 10.8350 	 796.7355 	 45.0000 	 2.2347 	 18.7349 	 2.9694 	 0.0000 	 3.6067 	 0.9938 
46.0000 	 1.6673 	 14.9268 	 9.3457 	 0.0000 	 8.5498 	 872.7069 	 46.0000 	 2.2808 	 8.4232 	 -3.8777 	 0.0000 	 4.2424 	 0.9926 
46.0000 	 2.0139 	 14.3213 	 9.0942 	 0.0000 	 5.2637 	 765.0993 	 46.0000 	 1.2319 	 19.0704 	 0.9548 	 0.0000 	 1.3141 	 0.9943 
46.0000 	 2.2524 	 15.1611 	 4.8340 	 0.0000 	 7.1680 	 765.1029 	 46.0000 	 1.9462 	 8.3259 	 -3.3422 	 0.0000 	 6.7145 	 0.9890 
48.0000 	 2.1616 	 15.1488 	 5.3783 	 0.0000 	 8.1986 	 767.8866 	 48.0000 	 2.3885 	 9.7036 	 -4.0892 	 0.0000 	 8.6096 	 0.9964 
44.0000 	 1.9713 	 12.6025 	 6.1426 	 0.0000 	 2.7148 	 994.0106 	 44.0000 	 2.0329 	 2.0055 	 3.3965 	 0.0000 	 7.8253 	 0.1109 
46.0000 	 1.7792 	 11.5925 	 5.3798 	 0.0000 	 5.0488 	 859.6379 	 46.0000 	 1.4664 	 7.3986 	 0.2949 	 0.0000 	 2.1194 	 0.7535 
46.0000 	 2.6783 	 20.8559 	 12.2324 	 0.0000 	 5.7544 	 788.7185 	 46.0000 	 1.7775 	 12.8329 	 -4.7377 	 0.0000 	 2.3033 	 0.9802 
40.0000 	 1.7077 	 9.4141 	 -0.8594 	 0.0000 	 8.9453 	 1075.6489 	 40.0000 	 1.0665 	 10.4707 	 -1.4650 	 0.0000 	 6.4619 	 0.7902 
46.0000 	 2.5042 	 6.6808 	 -4.7545 	 0.0000 	 9.6500 	 1159.3561 	 46.0000 	 0.4873 	 9.8590 	 -0.9463 	 0.0000 	 3.8919 	 1.0269 
48.0000 	 1.9007 	 20.8791 	 6.7030 	 0.0000 	 4.1564 	 772.5773 	 48.0000 	 1.7443 	 15.6703 	 4.7182 	 0.0000 	 4.5128 	 0.9940 
46.0000 	 1.9502 	 14.0709 	 5.2323 	 0.0000 	 2.9754 	 770.0577 	 46.0000 	 0.5604 	 18.0791 	 -3.7125 	 0.0000 	 4.9385 	 0.9948 
44.0000 	 1.9832 	 16.2280 	 5.2441 	 0.0000 	 3.6743 	 765.8266 	 44.0000 	 0.6559 	 17.6540 	 2.5105 	 0.0000 	 5.5637 	 0.9939 
45.0000 	 1.7357 	 16.1890 	 11.1035 	 0.0000 	 3.3704 	 782.0559 	 45.0000 	 1.7889 	 2.3678 	 1.1143 	 0.0000 	 7.5723 	 0.9826 
48.0000 	 2.1144 	 12.5293 	 -4.1378 	 0.0000 	 11.4066 	 792.8281 	 48.0000 	 0.4818 	 11.2252 	 0.7114 	 0.0000 	 6.4108 	 0.8138 
44.0000 	 1.9613 	 11.5088 	 5.0854 	 0.0000 	 4.0979 	 799.5547 	 44.0000 	 0.7666 	 12.2348 	 0.9699 	 0.0000 	 2.9917 	 0.9952 
48.0000 	 1.7431 	 17.5439 	 4.7168 	 0.0000 	 9.1992 	 784.3719 	 48.0000 	 1.7443 	 15.6703 	 4.7182 	 0.0000 	 4.5128 	 0.9910 
40.0000 	 1.4708 	 11.1082 	 4.1443 	 0.0000 	 5.3930 	 873.2076 	 40.0000 	 0.0826 	 5.3778 	 -0.6974 	 0.0000 	 4.1127 	 0.9961 
47.0000 	 2.0893 	 9.4092 	 3.7695 	 0.0000 	 5.1123 	 904.8290 	 47.0000 	 2.1171 	 8.2999 	 3.8209 	 0.0000 	 1.4034 	 0.9925 
44.0000 	 2.0715 	 12.6221 	 7.4292 	 0.0000 	 4.6448 	 777.9994 	 44.0000 	 1.0626 	 4.5269 	 -0.4900 	 0.0000 	 8.1718 	 0.9922 
44.0000 	 2.3068 	 7.9585 	 -4.6146 	 0.0000 	 7.3535 	 1112.8856 	 44.0000 	 2.3066 	 13.0376 	 -4.8328 	 0.0000 	 7.3546 	 0.9721 
36.0000 	 1.7853 	 7.6807 	 7.7539 	 0.0000 	 5.2930 	 1204.6965 	 36.0000 	 0.1759 	 14.7338 	 -1.0554 	 0.0000 	 0.9999 	 0.4005 
43.0000 	 2.5569 	 20.4452 	 11.7278 	 0.0000 	 7.4309 	 790.4143 	 43.0000 	 1.7913 	 17.7249 	 0.5926 	 0.0000 	 7.4601 	 1.0017 
44.0000 	 2.5045 	 8.6725 	 -0.6499 	 0.0000 	 5.1094 	 1167.4126 	 44.0000 	 2.2748 	 1.6025 	 0.1799 	 0.0000 	 2.6673 	 0.7835 
44.0000 	 1.6667 	 9.4875 	 2.6163 	 0.0000 	 3.6949 	 915.3185 	 44.0000 	 0.3386 	 5.4964 	 -1.9898 	 0.0000 	 4.0576 	 1.0040 
44.0000 	 2.0662 	 16.9580 	 1.2695 	 0.0000 	 10.4663 	 771.3164 	 44.0000 	 1.5662 	 10.5977 	 2.3916 	 0.0000 	 8.6446 	 0.9985 
36.0000 	 1.6896 	 14.0118 	 7.8167 	 0.0000 	 3.2584 	 766.9927 	 36.0000 	 1.7328 	 18.6197 	 2.4546 	 0.0000 	 0.0964 	 0.9906 
35.0000 	 1.6391 	 19.2871 	 4.9414 	 0.0000 	 6.4893 	 771.5968 	 35.0000 	 0.8814 	 18.0683 	 3.9879 	 0.0000 	 4.1039 	 0.9951 
39.0000 	 1.6560 	 17.0557 	 7.0117 	 0.0000 	 2.7246 	 769.3273 	 39.0000 	 2.8620 	 11.4273 	 -4.1500 	 0.0000 	 0.4366 	 0.9984 
39.0000 	 1.7732 	 10.2937 	 1.6737 	 0.0000 	 8.5144 	 865.2655 	 39.0000 	 2.8577 	 10.1334 	 -0.9939 	 0.0000 	 2.3285 	 0.5962 
44.0000 	 1.6451 	 15.9305 	 3.4192 	 0.0000 	 4.8709 	 791.2633 	 44.0000 	 0.9230 	 13.5019 	 -2.0562 	 0.0000 	 8.1465 	 0.9964 
39.0000 	 2.2917 	 10.9991 	 3.1525 	 0.0000 	 6.6199 	 867.6844 	 39.0000 	 2.2968 	 10.9317 	 2.4059 	 0.0000 	 6.9930 	 1.0249 
38.0000 	 1.6325 	 12.3436 	 3.1052 	 0.0000 	 3.9050 	 837.6124 	 38.0000 	 2.0276 	 6.5129 	 0.2788 	 0.0000 	 7.6297 	 0.9228 
39.0000 	 2.4999 	 19.3018 	 10.8813 	 0.0000 	 4.7229 	 793.8945 	 39.0000 	 0.4539 	 8.7656 	 -1.7574 	 0.0000 	 4.8118 	 0.9922 
31.0000 	 2.3387 	 12.1143 	 4.9121 	 0.0000 	 10.2930 	 889.1959 	 31.0000 	 2.0095 	 19.0416 	 -1.6937 	 0.0000 	 3.0475 	 0.9920 
43.0000 	 1.9407 	 14.4710 	 5.0200 	 0.0000 	 5.3006 	 765.0703 	 43.0000 	 2.3677 	 1.6067 	 -1.9290 	 0.0000 	 2.8444 	 0.9928 
35.0000 	 1.8717 	 14.4164 	 7.2475 	 0.0000 	 7.4298 	 762.3866 	 35.0000 	 1.8789 	 13.1017 	 4.8195 	 0.0000 	 2.1436 	 1.0092 
47.0000 	 2.1108 	 14.2627 	 5.7521 	 0.0000 	 2.8174 	 763.8305 	 47.0000 	 0.3854 	 3.1330 	 -1.2752 	 0.0000 	 3.6797 	 0.9996 
39.0000 	 1.8023 	 13.7885 	 6.4331 	 0.0000 	 1.9859 	 768.2962 	 39.0000 	 0.7372 	 12.9654 	 -2.0471 	 0.0000 	 2.6939 	 1.0484 
40.0000 	 1.7284 	 18.8781 	 -0.5666 	 0.0000 	 7.7108 	 776.5090 	 40.0000 	 1.3444 	 9.7255 	 -3.5843 	 0.0000 	 4.0730 	 0.9870 
38.0000 	 2.2981 	 16.0583 	 10.7184 	 0.0000 	 10.5661 	 791.3253 	 38.0000 	 2.9538 	 2.8398 	 -0.2945 	 0.0000 	 7.2485 	 0.9923 
47.0000 	 1.6122 	 14.2459 	 -2.4168 	 0.0000 	 8.4221 	 844.4651 	 47.0000 	 2.8837 	 14.6192 	 -3.2368 	 0.0000 	 5.6189 	 0.9623 
40.0000 	 2.2601 	 6.5527 	 -9.7461 	 0.0000 	 6.4941 	 1550.7063 	 40.0000 	 2.0345 	 1.0854 	 2.6201 	 0.0000 	 1.2087 	 0.3053 
33.0000 	 1.6468 	 20.1175 	 8.4961 	 0.0000 	 0.9055 	 794.5333 	 33.0000 	 0.8687 	 0.3015 	 3.2830 	 0.0000 	 0.4829 	 0.8524 
28.0000 	 1.3092 	 16.0998 	 5.0268 	 0.0000 	 3.7025 	 773.9851 	 28.0000 	 1.3163 	 11.7424 	 -4.9867 	 0.0000 	 8.3891 	 0.9979 
31.0000 	 1.9182 	 12.7246 	 8.5352 	 0.0000 	 12.3535 	 791.9729 	 31.0000 	 2.6513 	 3.3717 	 2.5764 	 0.0000 	 7.9890 	 1.0022 
38.0000 	 1.2739 	 10.9132 	 -10.5737 	 0.0000 	 12.3621 	 976.1257 	 38.0000 	 0.4082 	 2.4820 	 2.8669 	 0.0000 	 2.2582 	 1.0012 
38.0000 	 2.2011 	 14.2249 	 4.5874 	 0.0000 	 3.7354 	 803.1189 	 38.0000 	 2.1060 	 15.6115 	 -3.4823 	 0.0000 	 3.6022 	 0.9929 
38.0000 	 1.4358 	 18.4902 	 5.8521 	 0.0000 	 3.0900 	 804.5082 	 38.0000 	 2.0296 	 16.5645 	 2.1579 	 0.0000 	 1.3583 	 0.9922 
39.0000 	 1.2969 	 8.8318 	 5.0781 	 0.0000 	 5.7935 	 1005.0109 	 39.0000 	 1.2814 	 2.4733 	 1.1264 	 0.0000 	 5.4627 	 0.9869 
38.0000 	 1.6461 	 21.7828 	 8.7750 	 0.0000 	 1.3104 	 777.7976 	 38.0000 	 0.0784 	 15.6004 	 -1.0507 	 0.0000 	 6.8561 	 0.9978 
38.0000 	 1.1254 	 8.7988 	 -0.4883 	 0.0000 	 3.2715 	 1414.5737 	 38.0000 	 2.1357 	 11.0475 	 -1.0393 	 0.0000 	 8.4791 	 0.4516 
42.0000 	 1.6961 	 3.0566 	 -1.9727 	 0.0000 	 4.4434 	 1412.0572 	 42.0000 	 1.3363 	 0.9166 	 4.1610 	 0.0000 	 2.0872 	 0.9767 
25.0000 	 1.7248 	 13.2135 	 -1.4201 	 0.0000 	 6.0206 	 785.7698 	 25.0000 	 2.6690 	 13.2362 	 -1.3873 	 0.0000 	 6.3312 	 0.8571 
47.0000 	 2.2710 	 15.6055 	 9.3983 	 0.0000 	 0.5133 	 768.9832 	 47.0000 	 2.5364 	 6.2961 	 4.0424 	 0.0000 	 5.7915 	 0.5917 
28.0000 	 1.7611 	 10.1758 	 8.3398 	 0.0000 	 12.1533 	 888.9941 	 28.0000 	 1.5826 	 6.5291 	 -1.0797 	 0.0000 	 3.4115 	 1.0099 
47.0000 	 2.2101 	 13.6267 	 7.9379 	 0.0000 	 6.3501 	 774.2798 	 47.0000 	 1.7593 	 0.1765 	 -2.0327 	 0.0000 	 3.8929 	 0.8525 
47.0000 	 1.7553 	 6.9238 	 8.8391 	 0.0000 	 12.9492 	 1072.8190 	 47.0000 	 1.5996 	 7.2579 	 2.4387 	 0.0000 	 8.3437 	 0.9928 
40.0000 	 2.1324 	 10.6012 	 8.5849 	 0.0000 	 8.4249 	 845.7851 	 40.0000 	 0.1958 	 0.5277 	 4.7244 	 0.0000 	 8.3068 	 1.0444 
40.0000 	 3.0015 	 13.5594 	 14.5705 	 0.0000 	 7.1919 	 918.8417 	 40.0000 	 2.9996 	 13.5580 	 4.5734 	 0.0000 	 7.1923 	 1.0066 
47.0000 	 2.0122 	 14.4770 	 5.6836 	 0.0000 	 9.3750 	 768.0251 	 47.0000 	 0.6302 	 14.2076 	 -4.2912 	 0.0000 	 0.7784 	 0.9941 
33.0000 	 1.6510 	 14.9063 	 2.3834 	 0.0000 	 6.5024 	 766.4723 	 33.0000 	 2.4360 	 16.2419 	 3.6417 	 0.0000 	 6.4359 	 1.0010 
33.0000 	 1.8792 	 22.0410 	 11.8457 	 0.0000 	 1.3818 	 794.5322 	 33.0000 	 0.9152 	 19.1197 	 2.4208 	 0.0000 	 7.0049 	 0.8373 
33.0000 	 1.7194 	 14.7998 	 9.4727 	 0.0000 	 4.3164 	 761.7988 	 33.0000 	 1.8343 	 14.8476 	 1.2212 	 0.0000 	 3.5055 	 0.8693 
42.0000 	 1.9968 	 12.9568 	 14.6338 	 0.0000 	 10.2246 	 775.4721 	 42.0000 	 2.6540 	 12.9614 	 -2.0473 	 0.0000 	 6.3620 	 0.9109 
22.0000 	 1.2453 	 15.1868 	 5.1116 	 0.0000 	 9.6251 	 761.7356 	 22.0000 	 2.0991 	 17.6384 	 0.3061 	 0.0000 	 0.4003 	 0.9900 
33.0000 	 1.6788 	 15.2026 	 8.1396 	 0.0000 	 2.1362 	 776.6908 	 33.0000 	 2.0356 	 1.1071 	 -1.0786 	 0.0000 	 4.8875 	 0.8141 
33.0000 	 2.3709 	 11.7969 	 -2.9126 	 0.0000 	 8.1677 	 897.4716 	 33.0000 	 1.8099 	 6.3383 	 2.9536 	 0.0000 	 6.5419 	 1.0903 
25.0000 	 1.3487 	 11.9496 	 1.7826 	 0.0000 	 6.2926 	 790.5756 	 25.0000 	 1.2937 	 10.8075 	 -3.2268 	 0.0000 	 6.6984 	 1.0004 
33.0000 	 1.5308 	 14.6191 	 6.8286 	 0.0000 	 1.8738 	 766.7207 	 33.0000 	 2.5568 	 11.1137 	 -2.1585 	 0.0000 	 4.3110 	 1.0149 
19.0000 	 1.3640 	 13.0408 	 6.5196 	 0.0000 	 1.9180 	 775.5554 	 19.0000 	 1.1695 	 12.7138 	 -2.8077 	 0.0000 	 2.1610 	 0.9930 
22.0000 	 1.1806 	 16.5723 	 4.4727 	 0.0000 	 5.6299 	 767.8098 	 22.0000 	 2.5821 	 1.6930 	 2.4571 	 0.0000 	 8.8990 	 0.9905 
16.0000 	 1.0683 	 17.0468 	 8.3911 	 0.0000 	 4.8462 	 757.1666 	 16.0000 	 0.6676 	 4.3994 	 -1.7070 	 0.0000 	 8.2463 	 0.9932 
32.0000 	 1.4920 	 7.9120 	 12.4384 	 0.0000 	 8.8770 	 960.2851 	 32.0000 	 0.4269 	 13.8584 	 -2.8656 	 0.0000 	 5.5297 	 0.9959 
19.0000 	 0.9977 	 9.3115 	 0.3906 	 0.0000 	 7.3315 	 922.1437 	 19.0000 	 1.0271 	 9.6020 	 -2.6682 	 0.0000 	 7.3834 	 0.9904 
32.0000 	 2.1307 	 11.4099 	 1.5234 	 0.0000 	 7.9443 	 860.5236 	 32.0000 	 1.8473 	 3.3581 	 0.0330 	 0.0000 	 7.3737 	 0.9961 
12.0000 	 0.7629 	 16.4761 	 9.5111 	 0.0000 	 5.5603 	 837.0074 	 12.0000 	 0.3064 	 11.8261 	 3.1432 	 0.0000 	 2.8249 	 0.8259 
32.0000 	 1.6781 	 16.5735 	 9.4623 	 0.0000 	 0.9396 	 767.0027 	 32.0000 	 2.5923 	 11.9988 	 -3.6070 	 0.0000 	 3.4587 	 0.7687 
42.0000 	 2.4534 	 5.8105 	 4.3945 	 0.0000 	 10.9863 	 1506.6236 	 42.0000 	 2.7444 	 0.2387 	 4.3419 	 0.0000 	 0.5502 	 0.0926 
32.0000 	 1.2901 	 12.8636 	 4.1450 	 0.0000 	 5.4385 	 836.0684 	 32.0000 	 1.3298 	 10.2532 	 -0.0069 	 0.0000 	 8.9785 	 1.0217 
38.0000 	 1.7179 	 8.8776 	 7.1667 	 0.0000 	 1.4754 	 915.2739 	 38.0000 	 1.2982 	 3.6489 	 4.4034 	 0.0000 	 7.3438 	 0.9842 
32.0000 	 2.3188 	 16.7831 	 1.1230 	 0.0000 	 9.0707 	 804.2415 	 32.0000 	 2.9810 	 3.9188 	 -1.9544 	 0.0000 	 7.4719 	 0.9960 
16.0000 	 1.3582 	 11.2842 	 1.4941 	 0.0000 	 10.5176 	 827.8008 	 16.0000 	 2.9289 	 9.3735 	 -3.9458 	 0.0000 	 9.1081 	 0.9873 
32.0000 	 1.6813 	 16.4213 	 10.3804 	 0.0000 	 2.5313 	 764.2576 	 32.0000 	 1.9260 	 14.3730 	 0.7101 	 0.0000 	 3.1021 	 0.6871 
11.0000 	 0.8621 	 15.3027 	 8.8086 	 0.0000 	 12.2510 	 756.5596 	 11.0000 	 1.9534 	 15.6077 	 3.8328 	 0.0000 	 2.1142 	 0.9809 
36.0000 	 1.6874 	 13.4805 	 8.2690 	 0.0000 	 4.4629 	 771.4549 	 36.0000 	 1.9573 	 8.3048 	 3.8255 	 0.0000 	 1.7378 	 0.9928 
35.0000 	 2.3308 	 13.3984 	 1.9629 	 0.0000 	 7.2070 	 831.4445 	 35.0000 	 1.9951 	 7.3682 	 0.0630 	 0.0000 	 8.5562 	 1.0059 
12.0000 	 0.8779 	 13.9676 	 9.4946 	 0.0000 	 0.7516 	 779.2742 	 12.0000 	 0.0586 	 16.7375 	 -3.1342 	 0.0000 	 4.4434 	 0.2760 
6.0000 	 0.5819 	 14.8971 	 8.4867 	 0.0000 	 2.4840 	 770.3067 	 6.0000 	 1.9999 	 3.3918 	 4.8672 	 0.0000 	 4.3131 	 0.9919 
32.0000 	 1.6324 	 14.8869 	 5.4799 	 0.0000 	 7.5918 	 762.9380 	 32.0000 	 2.5376 	 9.7244 	 4.7896 	 0.0000 	 8.9516 	 0.9950 
11.0000 	 0.7701 	 11.4111 	 -4.6289 	 0.0000 	 13.1836 	 832.3761 	 11.0000 	 1.6324 	 7.4338 	 -1.2926 	 0.0000 	 5.2767 	 1.0038 
5.0000 	 0.4091 	 14.2432 	 7.5133 	 0.0000 	 2.8039 	 748.4176 	 5.0000 	 2.3049 	 10.6761 	 2.7107 	 0.0000 	 4.0297 	 1.0005 
6.0000 	 0.4186 	 22.6265 	 8.1524 	 0.0000 	 6.1706 	 778.1455 	 6.0000 	 1.7967 	 14.8263 	 -4.5030 	 0.0000 	 4.8802 	 0.9925 
27.0000 	 1.2017 	 12.5803 	 5.7166 	 0.0000 	 4.8334 	 859.0733 	 27.0000 	 0.2220 	 5.8344 	 3.3415 	 0.0000 	 4.5977 	 0.9928 
27.0000 	 1.3576 	 19.4409 	 9.1040 	 0.0000 	 4.3384 	 760.6831 	 27.0000 	 2.5388 	 11.1368 	 3.4117 	 0.0000 	 0.5743 	 0.8215 
5.0000 	 0.3796 	 16.1426 	 9.0137 	 0.0000 	 1.2891 	 763.3811 	 5.0000 	 1.0823 	 1.1303 	 -0.9471 	 0.0000 	 6.6541 	 0.5063 
27.0000 	 1.3816 	 14.3799 	 8.3887 	 0.0000 	 3.3057 	 767.7950 	 27.0000 	 1.0914 	 13.5641 	 -3.5599 	 0.0000 	 6.6961 	 0.9926 
27.0000 	 1.0909 	 13.6172 	 1.2247 	 0.0000 	 10.1118 	 868.6837 	 27.0000 	 0.0991 	 18.2795 	 2.1386 	 0.0000 	 4.1344 	 0.9535 
27.0000 	 1.6631 	 15.0440 	 9.4885 	 0.0000 	 0.1149 	 767.4184 	 27.0000 	 0.5999 	 9.3856 	 -4.1937 	 0.0000 	 7.2431 	 0.1877 
42.0000 	 2.1399 	 16.6211 	 5.1270 	 0.0000 	 7.3877 	 794.0612 	 42.0000 	 2.1402 	 11.6189 	 4.8164 	 0.0000 	 9.8855 	 0.9635 
42.0000 	 2.0964 	 17.0361 	 4.8730 	 0.0000 	 5.4980 	 767.3899 	 42.0000 	 0.3977 	 16.0099 	 0.9137 	 0.0000 	 7.7630 	 0.9922 
31.0000 	 1.6224 	 14.2334 	 1.4648 	 0.0000 	 10.1953 	 764.3780 	 31.0000 	 0.8335 	 12.7374 	 2.6432 	 0.0000 	 2.1267 	 0.9907 
42.0000 	 1.6958 	 24.6907 	 0.5371 	 0.0000 	 7.8393 	 789.2451 	 42.0000 	 2.7794 	 15.8801 	 -4.7954 	 0.0000 	 9.1827 	 1.0180 
31.0000 	 1.7103 	 12.1594 	 8.3575 	 0.0000 	 0.4489 	 814.2954 	 31.0000 	 0.1391 	 13.9585 	 -3.9049 	 0.0000 	 1.2462 	 0.4340 
27.0000 	 1.6813 	 13.6920 	 11.3823 	 0.0000 	 2.3508 	 768.9028 	 27.0000 	 1.6820 	 9.9950 	 1.9845 	 0.0000 	 2.4071 	 0.9926 
31.0000 	 1.4573 	 16.0212 	 8.4724 	 0.0000 	 1.2276 	 773.3918 	 31.0000 	 0.1143 	 2.6515 	 -4.8313 	 0.0000 	 1.4628 	 0.6824 
31.0000 	 1.6731 	 12.4475 	 8.1909 	 0.0000 	 1.2659 	 802.5758 	 31.0000 	 0.5079 	 19.2284 	 1.2695 	 0.0000 	 2.1741 	 0.6700 
31.0000 	 2.5011 	 6.7903 	 -5.0847 	 0.0000 	 14.7818 	 1267.3097 	 31.0000 	 2.8290 	 3.3136 	 -2.8638 	 0.0000 	 4.0803 	 0.9916 
35.0000 	 2.1180 	 16.4209 	 9.1211 	 0.0000 	 1.0010 	 775.2783 	 35.0000 	 1.4069 	 1.0823 	 -1.5541 	 0.0000 	 3.9669 	 0.8834 
31.0000 	 1.2051 	 14.7559 	 10.1562 	 0.0000 	 5.5859 	 873.5197 	 31.0000 	 2.3079 	 9.4643 	 -3.9331 	 0.0000 	 5.5791 	 0.9902 
28.0000 	 1.5505 	 10.3015 	 0.4688 	 0.0000 	 7.8528 	 858.6324 	 28.0000 	 0.9332 	 16.3921 	 -4.7752 	 0.0000 	 7.0516 	 0.9595 
35.0000 	 1.5935 	 17.9443 	 7.6587 	 0.0000 	 2.7490 	 769.2342 	 35.0000 	 2.2038 	 4.7301 	 4.7698 	 0.0000 	 1.8568 	 0.9926 
28.0000 	 1.2300 	 13.0376 	 -0.7914 	 0.0000 	 8.4571 	 812.7480 	 28.0000 	 2.6260 	 3.1639 	 -0.9331 	 0.0000 	 1.9277 	 1.0069 
21.0000 	 1.2311 	 8.1012 	 -9.1040 	 0.0000 	 9.6826 	 1067.0944 	 21.0000 	 1.8742 	 1.5168 	 -2.0588 	 0.0000 	 6.0133 	 1.0100 
41.0000 	 2.0087 	 16.2854 	 9.3042 	 0.0000 	 0.4541 	 769.2646 	 41.0000 	 1.0316 	 12.8174 	 4.8595 	 0.0000 	 0.8345 	 0.0959 
21.0000 	 0.9850 	 18.9466 	 7.5686 	 0.0000 	 3.5354 	 801.9620 	 21.0000 	 0.5328 	 8.7049 	 1.4720 	 0.0000 	 9.2191 	 0.9950 
21.0000 	 2.0609 	 25.1709 	 15.4688 	 0.0000 	 0.5908 	 819.9248 	 21.0000 	 2.4568 	 19.9802 	 3.3315 	 0.0000 	 4.1526 	 0.7236 
21.0000 	 1.1281 	 8.7360 	 -0.8441 	 0.0000 	 8.4230 	 940.7275 	 21.0000 	 0.5546 	 5.3231 	 2.4180 	 0.0000 	 9.9231 	 0.9609 
32.0000 	 1.7848 	 16.1443 	 9.6692 	 0.0000 	 0.5099 	 767.6122 	 32.0000 	 0.9787 	 0.4813 	 1.4581 	 0.0000 	 4.5404 	 0.3366 
28.0000 	 1.5765 	 10.4848 	 1.9808 	 0.0000 	 8.6114 	 853.8803 	 28.0000 	 1.5547 	 5.5166 	 1.8999 	 0.0000 	 8.6926 	 0.9913 
28.0000 	 2.1545 	 12.9834 	 7.7930 	 0.0000 	 7.7783 	 852.7707 	 28.0000 	 0.8657 	 9.6582 	 -1.1898 	 0.0000 	 6.2852 	 0.9905 
20.0000 	 1.2836 	 23.4557 	 12.6462 	 0.0000 	 7.9699 	 827.6834 	 20.0000 	 0.9925 	 18.3056 	 -1.0061 	 0.0000 	 8.2883 	 0.9070 
20.0000 	 1.2238 	 18.5166 	 9.1708 	 0.0000 	 3.9121 	 771.2933 	 20.0000 	 0.9958 	 9.1267 	 4.4815 	 0.0000 	 2.0724 	 0.9921 
28.0000 	 1.6239 	 16.6968 	 9.4164 	 0.0000 	 0.1304 	 765.8071 	 28.0000 	 0.9653 	 11.4883 	 4.5700 	 0.0000 	 9.5034 	 0.1758 
37.0000 	 1.8160 	 20.1179 	 6.7975 	 0.0000 	 1.8245 	 774.1047 	 37.0000 	 2.4539 	 11.4307 	 -2.9264 	 0.0000 	 3.1769 	 1.0004 
20.0000 	 1.3244 	 12.5529 	 6.0158 	 0.0000 	 5.1402 	 769.5884 	 20.0000 	 0.8462 	 8.2261 	 -3.5368 	 0.0000 	 2.1820 	 0.9964 
20.0000 	 1.1478 	 8.3630 	 4.5532 	 0.0000 	 3.1323 	 917.3700 	 20.0000 	 2.0592 	 0.9906 	 -2.9601 	 0.0000 	 3.0157 	 1.0160 
20.0000 	 1.2771 	 10.7302 	 1.0063 	 0.0000 	 8.0537 	 841.8254 	 20.0000 	 2.2809 	 6.3232 	 3.6364 	 0.0000 	 3.4346 	 0.8322 
31.0000 	 1.8348 	 15.0977 	 14.6582 	 0.0000 	 9.6729 	 771.2348 	 31.0000 	 1.5783 	 0.2732 	 4.6012 	 0.0000 	 8.5313 	 0.9055 
20.0000 	 1.3722 	 9.7237 	 -5.2445 	 0.0000 	 9.8831 	 887.6816 	 20.0000 	 0.1730 	 18.7213 	 -2.6180 	 0.0000 	 3.0134 	 0.9798 
31.0000 	 1.7853 	 14.1064 	 8.6328 	 0.0000 	 1.2305 	 796.2137 	 31.0000 	 0.5016 	 15.8105 	 -3.9072 	 0.0000 	 5.8466 	 0.4195 
20.0000 	 1.2593 	 13.5854 	 2.5250 	 0.0000 	 17.4645 	 760.6450 	 20.0000 	 2.1368 	 1.3683 	 3.9456 	 0.0000 	 5.6118 	 0.9880 
32.0000 	 1.8180 	 13.3022 	 8.3829 	 0.0000 	 5.3448 	 814.1308 	 32.0000 	 1.8379 	 15.9296 	 2.3800 	 0.0000 	 1.5992 	 0.7699 
37.0000 	 1.2555 	 9.5801 	 14.8242 	 0.0000 	 5.6152 	 1020.1195 	 37.0000 	 2.5046 	 19.2482 	 4.3137 	 0.0000 	 7.5385 	 0.9928 
15.0000 	 0.9816 	 12.5879 	 5.2145 	 0.0000 	 4.2481 	 768.0419 	 15.0000 	 0.4384 	 5.3803 	 3.3029 	 0.0000 	 8.6491 	 0.9910 
14.0000 	 0.9288 	 19.6152 	 6.7802 	 0.0000 	 6.2617 	 768.9583 	 14.0000 	 2.6600 	 1.4506 	 4.4461 	 0.0000 	 1.4122 	 0.9997 
25.0000 	 1.5508 	 15.9044 	 9.3752 	 0.0000 	 0.1263 	 765.9266 	 25.0000 	 2.6000 	 10.3778 	 3.2395 	 0.0000 	 8.2482 	 0.3015 
15.0000 	 1.2300 	 17.7002 	 -4.0527 	 0.0000 	 16.4209 	 779.0462 	 15.0000 	 0.7318 	 15.9765 	 -4.3659 	 0.0000 	 7.7248 	 1.0046 
15.0000 	 1.0802 	 15.4834 	 8.6719 	 0.0000 	 1.1963 	 797.9753 	 15.0000 	 0.2135 	 4.5198 	 3.0078 	 0.0000 	 2.7954 	 0.1465 
25.0000 	 1.3489 	 12.9443 	 7.0312 	 0.0000 	 0.4785 	 850.7236 	 25.0000 	 2.2101 	 3.2792 	 -4.8483 	 0.0000 	 6.4799 	 2.3430 
9.0000 	 1.3081 	 22.6025 	 18.2227 	 0.0000 	 4.5166 	 822.5528 	 9.0000 	 0.3504 	 4.8670 	 -4.8776 	 0.0000 	 6.5718 	 0.9927 
20.0000 	 1.3050 	 3.6172 	 1.6467 	 0.0000 	 3.9246 	 1332.2458 	 20.0000 	 1.9470 	 6.1004 	 3.2967 	 0.0000 	 4.4035 	 1.0189 
41.0000 	 2.0243 	 16.7615 	 3.2593 	 0.0000 	 10.5005 	 767.0737 	 41.0000 	 2.7100 	 16.7661 	 2.8755 	 0.0000 	 5.4214 	 0.9965 
41.0000 	 2.6541 	 18.7792 	 -6.5232 	 0.0000 	 9.4187 	 798.3381 	 41.0000 	 1.4802 	 7.1286 	 -4.6486 	 0.0000 	 5.1180 	 0.9972 
15.0000 	 1.8664 	 5.3003 	 4.0283 	 0.0000 	 5.5420 	 1322.1955 	 15.0000 	 2.7503 	 1.9767 	 -3.5613 	 0.0000 	 9.4969 	 0.8129 
41.0000 	 1.9579 	 14.0186 	 8.8867 	 0.0000 	 1.8066 	 837.0716 	 41.0000 	 0.5736 	 19.9556 	 -4.6338 	 0.0000 	 3.1871 	 0.1003 
25.0000 	 1.1026 	 16.1084 	 4.3945 	 0.0000 	 9.6533 	 868.4580 	 25.0000 	 0.1994 	 13.1900 	 -0.3081 	 0.0000 	 7.0646 	 0.9064 
15.0000 	 0.9318 	 12.7014 	 0.6714 	 0.0000 	 6.3672 	 771.3183 	 15.0000 	 1.3769 	 8.7437 	 2.4092 	 0.0000 	 4.6352 	 1.0093 
25.0000 	 1.3114 	 18.2898 	 3.2788 	 0.0000 	 3.0676 	 893.9791 	 25.0000 	 1.3656 	 16.4197 	 3.1704 	 0.0000 	 8.1152 	 0.4414 
15.0000 	 0.8215 	 11.0201 	 1.8758 	 0.0000 	 11.0136 	 879.0544 	 15.0000 	 2.1490 	 8.8076 	 0.0531 	 0.0000 	 2.3068 	 1.0104 
27.0000 	 1.6102 	 18.0307 	 10.3245 	 0.0000 	 0.7877 	 771.8194 	 27.0000 	 2.7962 	 7.0997 	 -3.0318 	 0.0000 	 2.4390 	 0.3962 
14.0000 	 0.8078 	 7.8955 	 1.0596 	 0.0000 	 10.4260 	 961.1076 	 14.0000 	 0.0726 	 12.3959 	 -2.3787 	 0.0000 	 8.4026 	 1.0103 
14.0000 	 1.5017 	 12.5051 	 7.3755 	 0.0000 	 5.8187 	 864.2440 	 14.0000 	 1.5290 	 10.2725 	 -4.3302 	 0.0000 	 3.6905 	 0.9891 
15.0000 	 1.1608 	 16.0084 	 11.5347 	 0.0000 	 3.2736 	 768.2906 	 15.0000 	 1.5574 	 8.8890 	 0.7184 	 0.0000 	 0.4431 	 0.9844 
14.0000 	 1.2342 	 10.5615 	 -4.7754 	 0.0000 	 14.5899 	 868.2232 	 14.0000 	 0.2065 	 6.9030 	 3.1726 	 0.0000 	 9.9036 	 0.9977 
9.0000 	 0.7266 	 16.9336 	 5.7324 	 0.0000 	 6.5918 	 791.6051 	 9.0000 	 2.0307 	 2.0624 	 -0.3380 	 0.0000 	 8.2961 	 0.9929 
14.0000 	 1.1353 	 8.6563 	 -10.3821 	 0.0000 	 13.6713 	 1103.7111 	 14.0000 	 0.9975 	 0.6014 	 -0.9537 	 0.0000 	 5.3768 	 0.9547 
9.0000 	 1.3816 	 14.2627 	 -1.6419 	 0.0000 	 6.9857 	 932.0158 	 9.0000 	 0.2758 	 0.3981 	 -0.4183 	 0.0000 	 6.9862 	 0.9897 
14.0000 	 1.0166 	 8.9893 	 -8.1445 	 0.0000 	 9.2236 	 935.1892 	 14.0000 	 1.5216 	 0.8253 	 -2.7150 	 0.0000 	 2.1550 	 1.0169 
9.0000 	 0.5889 	 26.3098 	 9.8950 	 0.0000 	 5.5457 	 802.8262 	 9.0000 	 0.7241 	 1.6112 	 -1.4483 	 0.0000 	 0.9115 	 0.7295 
9.0000 	 0.7942 	 8.9453 	 9.4531 	 0.0000 	 8.7891 	 885.3328 	 9.0000 	 2.0988 	 11.0798 	 -3.6205 	 0.0000 	 6.8849 	 0.9954 
8.0000 	 0.5839 	 16.3855 	 11.1523 	 0.0000 	 8.4436 	 778.5775 	 8.0000 	 1.6065 	 11.4145 	 3.2097 	 0.0000 	 8.1075 	 0.7023 
3.0000 	 0.2091 	 13.1146 	 8.6427 	 0.0000 	 1.0435 	 763.6820 	 3.0000 	 2.2962 	 3.6197 	 -0.0048 	 0.0000 	 1.8969 	 0.9972 
8.0000 	 0.9527 	 13.1445 	 3.8281 	 0.0000 	 10.0635 	 812.0487 	 8.0000 	 0.2280 	 7.4114 	 -0.9330 	 0.0000 	 0.5250 	 1.0035 
26.0000 	 1.3116 	 10.4902 	 3.3182 	 0.0000 	 3.6296 	 870.9278 	 26.0000 	 2.5787 	 3.9324 	 -1.1051 	 0.0000 	 7.9033 	 0.9847 
3.0000 	 0.3569 	 11.0352 	 -3.2227 	 0.0000 	 8.2568 	 898.0621 	 3.0000 	 0.3567 	 6.0352 	 -3.3744 	 0.0000 	 8.2577 	 1.0196 
3.0000 	 0.4121 	 16.9434 	 3.4275 	 0.0000 	 7.5627 	 823.9862 	 3.0000 	 2.5507 	 17.1991 	 -4.2461 	 0.0000 	 9.3376 	 0.9969 
8.0000 	 0.7217 	 15.3125 	 8.6523 	 0.0000 	 3.2910 	 771.4126 	 8.0000 	 1.6342 	 16.2306 	 0.2526 	 0.0000 	 5.7229 	 0.7015 
8.0000 	 0.5075 	 26.0986 	 5.9180 	 0.0000 	 2.6611 	 851.6657 	 8.0000 	 0.1890 	 4.4865 	 -0.7670 	 0.0000 	 1.2854 	 0.5552 
9.0000 	 0.7400 	 12.0060 	 11.6645 	 0.0000 	 7.4250 	 761.9636 	 9.0000 	 2.8336 	 4.8065 	 -3.0710 	 0.0000 	 9.7260 	 0.9989 
2.0000 	 0.1246 	 16.0272 	 6.5137 	 0.0000 	 4.5432 	 795.3617 	 2.0000 	 2.7860 	 4.0156 	 -0.9844 	 0.0000 	 2.6756 	 0.9913 
19.0000 	 1.0802 	 14.3994 	 3.0957 	 0.0000 	 3.4277 	 766.2413 	 19.0000 	 2.9168 	 9.0327 	 -1.0030 	 0.0000 	 4.3234 	 0.9963 
19.0000 	 1.4748 	 14.6687 	 7.7203 	 0.0000 	 6.2673 	 775.0248 	 19.0000 	 1.9038 	 17.5678 	 2.0374 	 0.0000 	 0.3127 	 0.9927 
22.0000 	 1.1646 	 13.9600 	 10.0293 	 0.0000 	 9.0967 	 772.1939 	 22.0000 	 2.6824 	 4.0498 	 1.8781 	 0.0000 	 3.0896 	 0.9932 
25.0000 	 1.3863 	 14.8926 	 8.4277 	 0.0000 	 0.3613 	 823.3142 	 25.0000 	 2.1545 	 5.3453 	 -2.4210 	 0.0000 	 2.4704 	 0.9956 
25.0000 	 1.7077 	 10.9912 	 -0.6836 	 0.0000 	 11.7969 	 863.4629 	 25.0000 	 0.8508 	 12.7528 	 4.9961 	 0.0000 	 6.8486 	 0.9973 
19.0000 	 0.8478 	 16.9285 	 1.7972 	 0.0000 	 9.2237 	 859.5604 	 19.0000 	 0.7767 	 2.6252 	 2.7153 	 0.0000 	 8.3508 	 0.9990 
19.0000 	 1.0692 	 12.1184 	 6.8348 	 0.0000 	 1.4203 	 785.0604 	 19.0000 	 2.8523 	 14.8312 	 -2.3984 	 0.0000 	 0.4010 	 0.9868 
19.0000 	 1.5470 	 12.7991 	 0.0356 	 0.0000 	 9.3896 	 800.8374 	 19.0000 	 0.1597 	 17.7195 	 -3.6260 	 0.0000 	 6.1982 	 0.9553 
16.0000 	 1.0892 	 9.0979 	 8.3495 	 0.0000 	 5.8423 	 895.9280 	 16.0000 	 0.9950 	 0.5986 	 -2.7424 	 0.0000 	 2.3918 	 1.2541 
19.0000 	 1.0802 	 13.7012 	 7.3633 	 0.0000 	 1.0645 	 797.1616 	 19.0000 	 1.9728 	 10.8452 	 -3.4878 	 0.0000 	 2.3795 	 0.5594 
16.0000 	 1.2513 	 16.2695 	 11.4553 	 0.0000 	 7.7648 	 772.8860 	 16.0000 	 1.5749 	 14.7156 	 0.3717 	 0.0000 	 6.2817 	 0.9964 
16.0000 	 0.8799 	 5.8691 	 -2.5977 	 0.0000 	 9.7198 	 1291.8401 	 16.0000 	 1.6559 	 14.6369 	 -1.0853 	 0.0000 	 3.6492 	 0.9953 
16.0000 	 1.1216 	 14.9707 	 8.9648 	 0.0000 	 0.6738 	 770.6349 	 16.0000 	 0.6302 	 15.3097 	 1.7508 	 0.0000 	 1.7530 	 0.9671 
12.0000 	 0.9454 	 19.4177 	 3.5828 	 0.0000 	 9.5605 	 788.2753 	 12.0000 	 0.9456 	 19.4188 	 3.5795 	 0.0000 	 9.5587 	 0.9934 
22.0000 	 1.4006 	 2.2363 	 -4.8633 	 0.0000 	 8.5840 	 1411.5771 	 22.0000 	 0.0834 	 8.0087 	 4.8412 	 0.0000 	 8.5241 	 0.9057 
16.0000 	 1.6003 	 9.0820 	 7.9297 	 0.0000 	 6.7773 	 1051.2064 	 16.0000 	 0.7840 	 5.2060 	 -1.9196 	 0.0000 	 0.5604 	 0.9421 
22.0000 	 1.1120 	 11.6699 	 3.2227 	 0.0000 	 3.0115 	 822.9785 	 22.0000 	 1.2109 	 2.3709 	 -0.0377 	 0.0000 	 7.2556 	 1.0183 
12.0000 	 0.9494 	 16.1938 	 6.1377 	 0.0000 	 4.7314 	 764.9663 	 12.0000 	 1.6320 	 19.7756 	 -1.6753 	 0.0000 	 2.5755 	 1.0061 
12.0000 	 0.8356 	 19.1757 	 12.2528 	 0.0000 	 9.7440 	 777.8205 	 12.0000 	 0.4770 	 18.4088 	 4.4599 	 0.0000 	 8.5414 	 0.9727 
11.0000 	 0.7468 	 18.1152 	 8.7305 	 0.0000 	 1.7188 	 770.7588 	 11.0000 	 0.9674 	 10.1449 	 3.4531 	 0.0000 	 5.5096 	 0.6998 
12.0000 	 1.1187 	 9.5520 	 -2.5098 	 0.0000 	 13.2263 	 922.3889 	 12.0000 	 0.1265 	 19.3145 	 -3.9340 	 0.0000 	 5.7818 	 0.9927 
16.0000 	 1.7019 	 11.6983 	 8.4822 	 0.0000 	 7.7847 	 923.9758 	 16.0000 	 0.3061 	 7.8462 	 -1.1396 	 0.0000 	 2.6922 	 0.9929 
12.0000 	 1.3086 	 8.8965 	 2.4414 	 0.0000 	 1.9629 	 1026.0805 	 12.0000 	 0.8753 	 0.0052 	 -4.4448 	 0.0000 	 7.7823 	 1.0033 
19.0000 	 1.2216 	 14.2529 	 6.7773 	 0.0000 	 1.6553 	 763.9388 	 19.0000 	 2.5590 	 17.4305 	 2.8598 	 0.0000 	 6.9312 	 0.9731 
11.0000 	 1.1254 	 16.2988 	 9.5117 	 0.0000 	 8.2715 	 786.5625 	 11.0000 	 2.9146 	 2.9592 	 -1.5613 	 0.0000 	 9.6482 	 0.9976 
6.0000 	 0.5340 	 12.8152 	 7.7065 	 0.0000 	 2.7673 	 760.3257 	 6.0000 	 1.5096 	 1.5506 	 1.9075 	 0.0000 	 2.9560 	 0.9826 
11.0000 	 1.0192 	 11.5334 	 8.0852 	 0.0000 	 4.1248 	 791.4837 	 11.0000 	 0.5388 	 14.0879 	 4.8214 	 0.0000 	 7.5265 	 1.0017 
19.0000 	 1.4944 	 16.1318 	 19.9756 	 0.0000 	 7.9468 	 776.7711 	 19.0000 	 2.1226 	 16.5978 	 1.7631 	 0.0000 	 6.3316 	 0.9693 
11.0000 	 0.8632 	 16.6347 	 8.9640 	 0.0000 	 0.1097 	 776.1549 	 11.0000 	 2.0624 	 4.0717 	 -0.4730 	 0.0000 	 4.5572 	 0.2301 
5.0000 	 0.4675 	 12.1973 	 10.1367 	 0.0000 	 6.6113 	 775.1775 	 5.0000 	 1.4115 	 14.1083 	 -3.5588 	 0.0000 	 3.8129 	 0.9942 
6.0000 	 0.5230 	 13.9112 	 7.7762 	 0.0000 	 0.8438 	 771.9616 	 6.0000 	 2.7613 	 3.5790 	 4.4915 	 0.0000 	 8.6736 	 0.9664 
11.0000 	 0.9422 	 11.2403 	 5.8861 	 0.0000 	 7.4200 	 804.7466 	 11.0000 	 1.3198 	 15.2170 	 -0.5360 	 0.0000 	 0.8521 	 0.9963 
12.0000 	 0.9494 	 15.7456 	 9.4438 	 0.0000 	 0.3462 	 771.1999 	 12.0000 	 1.4506 	 6.4450 	 0.9242 	 0.0000 	 4.5925 	 0.4118 
6.0000 	 0.4396 	 17.7451 	 5.6586 	 0.0000 	 11.5869 	 765.8805 	 6.0000 	 0.3592 	 19.7237 	 -3.9663 	 0.0000 	 6.8561 	 0.9951 
16.0000 	 0.6536 	 7.7930 	 6.8555 	 0.0000 	 5.7666 	 1101.4667 	 16.0000 	 0.3059 	 1.1329 	 4.6652 	 0.0000 	 4.2940 	 3.1287 
6.0000 	 0.6447 	 15.1175 	 0.8301 	 0.0000 	 6.8652 	 786.3541 	 6.0000 	 0.2245 	 5.7844 	 -3.2326 	 0.0000 	 2.1581 	 1.0001 
5.0000 	 0.5503 	 16.2284 	 10.9911 	 0.0000 	 0.1989 	 803.9275 	 5.0000 	 1.8004 	 10.7001 	 2.6351 	 0.0000 	 3.4408 	 0.3649 
6.0000 	 0.5438 	 11.4170 	 6.4690 	 0.0000 	 2.2109 	 775.0989 	 6.0000 	 0.0846 	 6.5165 	 3.4925 	 0.0000 	 7.8088 	 0.9476 
11.0000 	 1.1274 	 11.7407 	 0.2319 	 0.0000 	 8.4277 	 818.5736 	 11.0000 	 2.1273 	 7.1469 	 0.7117 	 0.0000 	 8.0931 	 1.0033 
5.0000 	 0.5019 	 14.3713 	 5.6274 	 0.0000 	 3.0383 	 781.9513 	 5.0000 	 1.7640 	 15.6558 	 -3.7096 	 0.0000 	 1.2601 	 0.9927 
5.0000 	 0.4293 	 14.4971 	 8.4180 	 0.0000 	 0.7129 	 809.6256 	 5.0000 	 2.5193 	 5.1414 	 4.3490 	 0.0000 	 6.0649 	 0.2599 
5.0000 	 0.3497 	 14.5722 	 6.6801 	 0.0000 	 4.0513 	 755.1310 	 5.0000 	 1.8674 	 18.3953 	 1.5027 	 0.0000 	 7.5285 	 1.0039 
6.0000 	 0.5110 	 15.1270 	 8.9160 	 0.0000 	 5.4053 	 763.6568 	 6.0000 	 2.5615 	 19.9751 	 -1.5297 	 0.0000 	 9.4815 	 0.9919 
12.0000 	 1.0895 	 15.0781 	 5.0464 	 0.0000 	 5.2563 	 777.3042 	 12.0000 	 2.7468 	 5.6749 	 1.0915 	 0.0000 	 5.5173 	 0.9902 
16.0000 	 1.1587 	 13.8713 	 3.8693 	 0.0000 	 4.9851 	 761.9817 	 16.0000 	 1.7040 	 18.4832 	 1.8657 	 0.0000 	 7.1408 	 0.9947 
5.0000 	 0.4844 	 13.6539 	 6.7145 	 0.0000 	 3.3844 	 766.4153 	 5.0000 	 1.8393 	 9.9316 	 -3.3594 	 0.0000 	 2.7639 	 1.0000 
12.0000 	 0.8907 	 8.9709 	 3.0878 	 0.0000 	 5.4181 	 898.4267 	 12.0000 	 1.3383 	 19.0394 	 -0.9902 	 0.0000 	 3.4253 	 0.9172 
11.0000 	 1.0969 	 12.3267 	 5.0439 	 0.0000 	 7.4268 	 798.2420 	 11.0000 	 0.2500 	 14.4611 	 -0.9494 	 0.0000 	 0.6490 	 1.0345 
6.0000 	 0.7143 	 12.6221 	 2.0801 	 0.0000 	 5.4492 	 1180.5145 	 6.0000 	 2.6791 	 18.5289 	 2.8982 	 0.0000 	 1.6194 	 0.1100 
15.0000 	 1.0228 	 14.7043 	 3.4420 	 0.0000 	 8.3145 	 759.5545 	 15.0000 	 0.4959 	 2.1258 	 -3.9937 	 0.0000 	 7.7541 	 1.0113 
11.0000 	 0.7630 	 14.2741 	 7.2560 	 0.0000 	 1.9832 	 785.6712 	 11.0000 	 2.5503 	 3.9719 	 2.1267 	 0.0000 	 1.5453 	 0.7027 
30.0000 	 1.5142 	 13.4216 	 0.0616 	 0.0000 	 5.9479 	 776.6645 	 30.0000 	 0.2408 	 10.3614 	 4.6670 	 0.0000 	 7.6203 	 1.0092 
30.0000 	 2.0884 	 15.6934 	 3.6523 	 0.0000 	 4.8438 	 787.6614 	 30.0000 	 0.7940 	 11.1895 	 -2.5434 	 0.0000 	 4.8586 	 0.9997 
5.0000 	 0.6151 	 12.9163 	 7.5562 	 0.0000 	 2.1243 	 819.7613 	 5.0000 	 1.3771 	 3.4149 	 -2.6484 	 0.0000 	 0.3483 	 0.9938 
34.0000 	 1.6995 	 14.7408 	 8.6670 	 0.0000 	 2.8929 	 764.8622 	 34.0000 	 0.9060 	 13.9446 	 4.5509 	 0.0000 	 0.9446 	 0.9936 
6.0000 	 0.4159 	 8.5938 	 7.9492 	 0.0000 	 14.3262 	 898.2542 	 6.0000 	 2.5553 	 7.6365 	 1.3918 	 0.0000 	 9.4432 	 0.9961 
5.0000 	 0.3999 	 18.4082 	 3.5157 	 0.0000 	 8.8916 	 763.8894 	 5.0000 	 0.3990 	 18.4086 	 3.5171 	 0.0000 	 8.8917 	 0.9957 
14.0000 	 0.9617 	 21.5442 	 15.8350 	 0.0000 	 7.4316 	 785.2237 	 14.0000 	 2.2429 	 6.4075 	 -2.6494 	 0.0000 	 4.9007 	 1.0048 
34.0000 	 2.0122 	 13.0633 	 4.9176 	 0.0000 	 8.9645 	 785.4564 	 34.0000 	 2.1826 	 0.8130 	 -2.2717 	 0.0000 	 0.1108 	 0.9822 
34.0000 	 1.6740 	 19.2673 	 1.5709 	 0.0000 	 10.8019 	 774.9709 	 34.0000 	 2.2314 	 1.8881 	 -2.2894 	 0.0000 	 0.2306 	 0.8432 
9.0000 	 0.6175 	 19.3802 	 4.8328 	 0.0000 	 7.0798 	 775.0336 	 9.0000 	 0.2616 	 11.7345 	 1.9911 	 0.0000 	 7.5363 	 0.9077 
34.0000 	 1.7537 	 9.8518 	 2.9584 	 0.0000 	 5.6193 	 878.8082 	 34.0000 	 2.9852 	 12.1570 	 3.0172 	 0.0000 	 3.7178 	 0.9981 
8.0000 	 0.6801 	 12.3123 	 8.2825 	 0.0000 	 0.5386 	 795.5123 	 8.0000 	 2.8838 	 4.0519 	 3.3854 	 0.0000 	 4.9823 	 0.4296 
34.0000 	 1.5036 	 12.9370 	 1.8943 	 0.0000 	 6.7309 	 801.3260 	 34.0000 	 1.8867 	 14.7875 	 0.9354 	 0.0000 	 1.6139 	 0.9997 
29.0000 	 1.2992 	 13.2422 	 2.1289 	 0.0000 	 6.2109 	 808.3137 	 29.0000 	 0.8158 	 1.5961 	 1.6572 	 0.0000 	 1.5659 	 0.9978 
3.0000 	 0.2284 	 12.5598 	 7.8033 	 0.0000 	 2.3332 	 768.5868 	 3.0000 	 2.5800 	 5.7700 	 -1.2027 	 0.0000 	 8.9726 	 0.9191 
34.0000 	 1.5029 	 12.6306 	 3.0261 	 0.0000 	 6.1816 	 806.4117 	 34.0000 	 0.4681 	 8.7853 	 1.1263 	 0.0000 	 2.3937 	 0.9892 
2.0000 	 0.1341 	 13.5556 	 -0.7056 	 0.0000 	 6.8805 	 801.1878 	 2.0000 	 1.0804 	 8.7660 	 2.2679 	 0.0000 	 4.0788 	 0.9922 
37.0000 	 1.6483 	 13.9422 	 5.9855 	 0.0000 	 3.0893 	 776.2286 	 37.0000 	 1.4980 	 13.7653 	 4.5167 	 0.0000 	 3.0394 	 0.9863 
29.0000 	 1.1634 	 10.9814 	 -0.3488 	 0.0000 	 7.8762 	 919.5823 	 29.0000 	 1.0713 	 11.0533 	 2.5830 	 0.0000 	 8.5261 	 1.0018 
30.0000 	 1.8285 	 16.8384 	 4.1382 	 0.0000 	 10.2124 	 772.3926 	 30.0000 	 1.2463 	 1.9272 	 -3.2138 	 0.0000 	 7.2374 	 1.0032 
29.0000 	 2.6092 	 7.4370 	 -2.3028 	 0.0000 	 8.6455 	 1227.7478 	 29.0000 	 0.1079 	 18.2113 	 -1.5944 	 0.0000 	 2.3952 	 1.0031 
30.0000 	 1.3443 	 13.0762 	 1.1133 	 0.0000 	 6.6895 	 812.8162 	 30.0000 	 0.2873 	 7.8019 	 2.9935 	 0.0000 	 9.0660 	 0.9913 
30.0000 	 1.2992 	 9.4922 	 2.1094 	 0.0000 	 3.7109 	 1114.1287 	 30.0000 	 1.4092 	 8.1262 	 -0.4874 	 0.0000 	 0.3879 	 0.5847 
30.0000 	 1.8064 	 10.8478 	 3.7122 	 0.0000 	 3.6783 	 836.1065 	 30.0000 	 0.9837 	 14.1422 	 -2.0056 	 0.0000 	 7.7467 	 0.9971 
24.0000 	 1.4593 	 13.0786 	 8.8330 	 0.0000 	 0.5835 	 770.2853 	 24.0000 	 0.2291 	 6.9529 	 -1.2889 	 0.0000 	 7.5715 	 0.3561 
24.0000 	 1.4814 	 14.4075 	 1.8672 	 0.0000 	 6.7520 	 766.2574 	 24.0000 	 2.1112 	 0.3682 	 4.2471 	 0.0000 	 2.8860 	 0.9992 
24.0000 	 1.5840 	 13.4326 	 4.2090 	 0.0000 	 3.0176 	 770.7970 	 24.0000 	 1.4977 	 13.4312 	 4.2056 	 0.0000 	 8.6446 	 0.7228 
29.0000 	 1.7440 	 15.5057 	 9.5341 	 0.0000 	 0.3014 	 767.5699 	 29.0000 	 2.5681 	 7.8157 	 -1.2801 	 0.0000 	 4.7459 	 0.1479 
30.0000 	 1.6698 	 16.7953 	 8.6304 	 0.0000 	 2.9120 	 759.7080 	 30.0000 	 2.0545 	 19.6961 	 -1.3990 	 0.0000 	 6.9481 	 0.9990 
30.0000 	 2.4702 	 8.5349 	 15.3516 	 0.0000 	 7.4805 	 1155.7986 	 30.0000 	 1.4444 	 3.4960 	 1.8136 	 0.0000 	 0.5533 	 1.0032 
23.0000 	 1.4175 	 14.3994 	 8.7036 	 0.0000 	 0.7629 	 781.9408 	 23.0000 	 2.8611 	 19.8514 	 4.8785 	 0.0000 	 9.2876 	 0.0814 
29.0000 	 1.3582 	 17.7734 	 4.8438 	 0.0000 	 5.3955 	 773.3872 	 29.0000 	 1.4085 	 1.8997 	 2.8427 	 0.0000 	 8.2274 	 0.9969 
23.0000 	 1.4543 	 14.3018 	 9.7559 	 0.0000 	 0.8936 	 769.1327 	 23.0000 	 2.6300 	 13.8361 	 2.9235 	 0.0000 	 5.6643 	 0.4068 
23.0000 	 1.7372 	 14.9023 	 -10.1172 	 0.0000 	 16.6846 	 791.9854 	 23.0000 	 1.9434 	 3.9290 	 -2.3641 	 0.0000 	 1.1265 	 0.9967 
29.0000 	 2.2718 	 11.1169 	 3.0713 	 0.0000 	 9.8682 	 932.6051 	 29.0000 	 0.2444 	 17.2107 	 2.6872 	 0.0000 	 9.9097 	 1.0068 
24.0000 	 1.3487 	 13.9603 	 8.6146 	 0.0000 	 6.0852 	 764.1431 	 24.0000 	 2.6804 	 1.5711 	 2.3110 	 0.0000 	 7.2062 	 0.9928 
29.0000 	 1.5336 	 16.1540 	 8.5781 	 0.0000 	 1.3039 	 758.4051 	 29.0000 	 2.4723 	 18.9604 	 -3.4255 	 0.0000 	 3.9923 	 0.7381 
34.0000 	 2.0032 	 19.3570 	 11.5356 	 0.0000 	 1.7621 	 782.6235 	 34.0000 	 1.8770 	 13.2997 	 -0.2014 	 0.0000 	 3.9422 	 0.7239 
18.0000 	 1.2728 	 9.7217 	 6.1328 	 0.0000 	 5.4932 	 867.1697 	 18.0000 	 1.5878 	 3.7216 	 1.7410 	 0.0000 	 1.1501 	 0.9826 
29.0000 	 1.2598 	 10.7617 	 -2.6562 	 0.0000 	 6.9922 	 897.4799 	 29.0000 	 0.1419 	 17.2577 	 3.4229 	 0.0000 	 9.2950 	 0.9803 
18.0000 	 1.2185 	 14.8901 	 7.8711 	 0.0000 	 0.8301 	 773.2326 	 18.0000 	 0.8896 	 3.2123 	 3.5859 	 0.0000 	 3.0571 	 0.7821 
24.0000 	 1.4493 	 14.8926 	 10.6738 	 0.0000 	 3.1470 	 760.1878 	 24.0000 	 0.6086 	 12.5509 	 3.6677 	 0.0000 	 2.0344 	 0.9941 
23.0000 	 1.5152 	 14.3164 	 8.9746 	 0.0000 	 0.5713 	 777.2982 	 23.0000 	 2.1478 	 13.6930 	 0.6078 	 0.0000 	 6.5023 	 0.7449 
24.0000 	 1.5679 	 16.0205 	 4.6680 	 0.0000 	 5.3955 	 911.6209 	 24.0000 	 2.6557 	 12.1435 	 -2.0516 	 0.0000 	 1.3623 	 0.4744 
18.0000 	 1.4990 	 14.1245 	 1.7355 	 0.0000 	 10.9547 	 784.0350 	 18.0000 	 0.5568 	 3.0780 	 3.1375 	 0.0000 	 0.3688 	 0.7614 
50.0000 	 2.5387 	 14.7754 	 7.8223 	 0.0000 	 8.1982 	 791.3101 	 50.0000 	 0.1534 	 16.6336 	 -1.0455 	 0.0000 	 6.9808 	 0.9749 
46.0000 	 1.2474 	 14.0714 	 7.9880 	 0.0000 	 7.3248 	 1046.1215 	 46.0000 	 2.9960 	 5.5995 	 -3.3459 	 0.0000 	 2.3543 	 0.9915 
44.0000 	 1.6391 	 8.5740 	 2.1481 	 0.0000 	 9.8680 	 948.0141 	 44.0000 	 0.9141 	 16.7756 	 -0.8320 	 0.0000 	 4.9503 	 0.9809 
50.0000 	 2.2179 	 13.1564 	 12.4137 	 0.0000 	 4.9602 	 774.4905 	 50.0000 	 1.7981 	 6.1728 	 2.1772 	 0.0000 	 4.6430 	 0.9916 
44.0000 	 2.1745 	 9.8440 	 1.3908 	 0.0000 	 3.2456 	 914.6621 	 44.0000 	 2.1406 	 2.1990 	 3.0262 	 0.0000 	 3.6445 	 1.0121 
46.0000 	 2.2195 	 7.6370 	 8.6133 	 0.0000 	 8.1406 	 1039.1737 	 46.0000 	 1.2763 	 2.0400 	 -4.7118 	 0.0000 	 3.1626 	 0.9850 
39.0000 	 1.8411 	 14.5044 	 6.0791 	 0.0000 	 5.2515 	 770.0601 	 39.0000 	 0.0286 	 9.9530 	 -2.7033 	 0.0000 	 4.9917 	 0.9918 
44.0000 	 1.5466 	 9.6289 	 0.1953 	 0.0000 	 5.7422 	 1198.7072 	 44.0000 	 1.7376 	 11.6406 	 0.0460 	 0.0000 	 1.5129 	 0.4088 
37.0000 	 1.9608 	 14.5554 	 10.1227 	 0.0000 	 1.0297 	 773.2434 	 37.0000 	 2.4576 	 6.0486 	 0.5940 	 0.0000 	 7.2023 	 0.5570 
34.0000 	 1.7477 	 15.8104 	 10.6281 	 0.0000 	 1.7530 	 764.8771 	 34.0000 	 2.0082 	 7.6486 	 -3.6093 	 0.0000 	 8.9205 	 0.8504 
43.0000 	 1.5572 	 14.4415 	 4.3311 	 0.0000 	 6.4770 	 831.2794 	 43.0000 	 0.0248 	 7.1120 	 1.3311 	 0.0000 	 0.5264 	 0.9904 
32.0000 	 1.4946 	 13.1885 	 8.4277 	 0.0000 	 0.5615 	 781.5115 	 32.0000 	 1.6880 	 15.0246 	 -4.6461 	 0.0000 	 3.8731 	 0.9902 
40.0000 	 1.7297 	 15.8252 	 6.3232 	 0.0000 	 1.4990 	 772.3522 	 40.0000 	 0.8249 	 11.0338 	 3.6887 	 0.0000 	 2.5283 	 0.9936 
31.0000 	 1.1636 	 7.5000 	 -5.9985 	 0.0000 	 8.7646 	 1074.7110 	 31.0000 	 0.0128 	 6.5449 	 -1.0780 	 0.0000 	 1.6990 	 0.9752 
37.0000 	 2.4787 	 14.2334 	 1.9141 	 0.0000 	 6.7432 	 827.2464 	 37.0000 	 0.1585 	 10.8989 	 1.4522 	 0.0000 	 8.9305 	 0.9785 
28.0000 	 1.6730 	 13.3887 	 11.1133 	 0.0000 	 9.1895 	 768.4874 	 28.0000 	 2.9191 	 9.1079 	 -2.6171 	 0.0000 	 6.3003 	 0.9955 
34.0000 	 2.2218 	 15.0439 	 1.3184 	 0.0000 	 11.5186 	 795.8348 	 34.0000 	 2.2215 	 10.0432 	 1.3224 	 0.0000 	 5.2678 	 0.9966 
27.0000 	 1.2354 	 10.8727 	 4.8477 	 0.0000 	 10.8999 	 856.9020 	 27.0000 	 1.2542 	 4.4588 	 -0.2635 	 0.0000 	 9.5275 	 0.9929 
32.0000 	 1.5100 	 9.6729 	 3.9648 	 0.0000 	 6.7529 	 893.8685 	 32.0000 	 1.8982 	 8.5173 	 -3.9377 	 0.0000 	 9.0465 	 0.9938 
22.0000 	 1.4478 	 21.9334 	 5.0682 	 0.0000 	 9.1985 	 795.0703 	 22.0000 	 2.0809 	 3.5395 	 -2.9458 	 0.0000 	 8.5860 	 1.0021 
21.0000 	 1.3911 	 14.3127 	 8.8232 	 0.0000 	 1.4221 	 792.1231 	 21.0000 	 2.7919 	 10.8457 	 4.0186 	 0.0000 	 6.3985 	 0.3866 
31.0000 	 1.7462 	 19.7287 	 11.8594 	 0.0000 	 3.0298 	 779.3320 	 31.0000 	 1.1595 	 9.8255 	 -4.4864 	 0.0000 	 5.6312 	 1.0464 
16.0000 	 1.4493 	 14.6252 	 1.1719 	 0.0000 	 7.8284 	 790.7876 	 16.0000 	 2.4296 	 12.0434 	 3.8692 	 0.0000 	 0.9467 	 0.9967 
16.0000 	 1.3594 	 17.4670 	 8.5864 	 0.0000 	 2.7441 	 766.4222 	 16.0000 	 2.4086 	 8.3558 	 0.3410 	 0.0000 	 3.7129 	 0.7340 
28.0000 	 1.1581 	 12.0453 	 5.9344 	 0.0000 	 2.1338 	 862.5808 	 28.0000 	 2.2812 	 12.8892 	 -2.0958 	 0.0000 	 1.5471 	 0.9930 
14.0000 	 1.0022 	 18.7628 	 3.0249 	 0.0000 	 3.7851 	 774.1358 	 14.0000 	 2.5768 	 3.9752 	 3.5689 	 0.0000 	 8.7806 	 0.9988 
27.0000 	 1.4643 	 14.9170 	 -0.3711 	 0.0000 	 8.7598 	 763.2241 	 27.0000 	 0.2522 	 12.4433 	 -2.8380 	 0.0000 	 0.0454 	 0.9911 
11.0000 	 0.8037 	 11.4828 	 4.7178 	 0.0000 	 4.7818 	 787.0072 	 11.0000 	 1.5478 	 9.2958 	 4.3372 	 0.0000 	 2.6993 	 0.9974 
50.0000 	 2.6090 	 20.1562 	 8.0176 	 0.0000 	 4.2188 	 786.9000 	 50.0000 	 1.8620 	 1.0276 	 3.2108 	 0.0000 	 1.1430 	 0.9930 
22.0000 	 1.2947 	 16.5674 	 21.6113 	 0.0000 	 6.3623 	 808.9224 	 22.0000 	 1.9873 	 18.3078 	 4.3145 	 0.0000 	 5.9512 	 0.9840 
6.0000 	 0.3692 	 12.9376 	 5.3851 	 0.0000 	 2.6694 	 802.6617 	 6.0000 	 0.4244 	 15.6530 	 1.5737 	 0.0000 	 0.9407 	 1.0014 
5.0000 	 0.3927 	 12.2891 	 8.0103 	 0.0000 	 0.6900 	 818.9633 	 5.0000 	 1.5105 	 3.2076 	 2.5990 	 0.0000 	 0.3361 	 0.1955 
21.0000 	 1.2175 	 20.1562 	 13.4473 	 0.0000 	 5.0146 	 786.5991 	 21.0000 	 1.2162 	 17.6548 	 3.4435 	 0.0000 	 0.0130 	 0.9905 
16.0000 	 0.8847 	 14.9298 	 0.9899 	 0.0000 	 5.6930 	 793.7819 	 16.0000 	 2.7011 	 4.2466 	 4.4740 	 0.0000 	 4.7348 	 0.9924 
46.0000 	 2.2991 	 15.9326 	 7.7051 	 0.0000 	 5.7666 	 772.0798 	 46.0000 	 2.3297 	 15.6945 	 -2.4864 	 0.0000 	 6.7812 	 0.9929 
16.0000 	 1.4630 	 17.7722 	 11.5088 	 0.0000 	 0.5591 	 788.3869 	 16.0000 	 2.1883 	 7.1963 	 -0.4963 	 0.0000 	 1.9929 	 0.8540 
14.0000 	 1.4793 	 14.2627 	 12.0605 	 0.0000 	 20.7227 	 833.0288 	 14.0000 	 1.4843 	 6.9134 	 2.0716 	 0.0000 	 9.4852 	 1.2554 
11.0000 	 0.9199 	 10.3271 	 4.8438 	 0.0000 	 6.5869 	 842.4267 	 11.0000 	 0.6792 	 9.5563 	 2.3927 	 0.0000 	 3.6793 	 0.9993 
6.0000 	 0.4972 	 16.5088 	 8.2129 	 0.0000 	 8.9795 	 769.3925 	 6.0000 	 1.5353 	 12.4802 	 1.5236 	 0.0000 	 5.0852 	 0.9918 
44.0000 	 2.0753 	 15.5677 	 10.1369 	 0.0000 	 3.3162 	 764.6926 	 44.0000 	 0.1879 	 5.8620 	 3.0321 	 0.0000 	 3.3053 	 0.9347 
5.0000 	 0.9025 	 11.9932 	 5.4122 	 0.0000 	 9.5684 	 939.5831 	 5.0000 	 1.5111 	 9.3218 	 -3.3219 	 0.0000 	 9.1714 	 0.9994 
44.0000 	 2.9206 	 21.4746 	 8.8574 	 0.0000 	 14.7998 	 805.2365 	 44.0000 	 2.9220 	 16.5145 	 -1.1442 	 0.0000 	 9.7974 	 1.0004 
39.0000 	 1.7077 	 9.4141 	 4.1406 	 0.0000 	 6.4453 	 901.1428 	 39.0000 	 1.5510 	 3.7245 	 3.3304 	 0.0000 	 9.2117 	 0.9960 
38.0000 	 2.2401 	 21.2891 	 12.5740 	 0.0000 	 0.6785 	 790.4995 	 38.0000 	 1.2747 	 3.9445 	 4.1188 	 0.0000 	 7.4913 	 0.4544 
33.0000 	 1.6297 	 13.0682 	 10.2789 	 0.0000 	 3.4503 	 776.2795 	 33.0000 	 1.4685 	 13.2784 	 1.6093 	 0.0000 	 5.8993 	 0.9914 
32.0000 	 2.0054 	 14.4120 	 10.6467 	 0.0000 	 3.3239 	 775.7605 	 32.0000 	 0.6338 	 14.3630 	 -1.1591 	 0.0000 	 2.8645 	 0.9930 
31.0000 	 1.5105 	 13.0452 	 8.1890 	 0.0000 	 1.7101 	 770.7379 	 31.0000 	 1.9566 	 0.1780 	 -4.9105 	 0.0000 	 1.4202 	 1.0245 
49.0000 	 2.2147 	 16.3036 	 9.3209 	 0.0000 	 0.0000 	 765.7333 	 49.0000 	 1.3456 	 11.8617 	 0.4272 	 0.0000 	 3.4769 	 0.1130 
28.0000 	 1.4656 	 10.9010 	 10.3853 	 0.0000 	 4.9984 	 816.8826 	 28.0000 	 2.7828 	 16.3251 	 -2.9084 	 0.0000 	 5.1938 	 0.9975 
27.0000 	 1.2598 	 10.8447 	 0.0000 	 0.0000 	 6.6455 	 878.2379 	 27.0000 	 1.8161 	 11.7081 	 -2.6491 	 0.0000 	 5.9025 	 1.0000 
46.0000 	 1.8664 	 16.1426 	 4.8633 	 0.0000 	 7.5830 	 775.3924 	 46.0000 	 1.0756 	 8.9080 	 2.4661 	 0.0000 	 0.2533 	 0.9875 
22.0000 	 1.4762 	 15.6036 	 9.0869 	 0.0000 	 4.0213 	 765.7860 	 22.0000 	 0.7682 	 7.5090 	 3.3996 	 0.0000 	 9.3542 	 1.0108 
22.0000 	 0.9315 	 16.4325 	 0.2841 	 0.0000 	 7.8925 	 873.0231 	 22.0000 	 0.5885 	 13.6111 	 2.0685 	 0.0000 	 0.7626 	 0.9920 
50.0000 	 2.1180 	 17.3242 	 5.8984 	 0.0000 	 2.6715 	 764.1342 	 50.0000 	 1.2877 	 2.3347 	 -2.4114 	 0.0000 	 9.2582 	 0.9959 
16.0000 	 1.1409 	 14.7900 	 8.5938 	 0.0000 	 0.8240 	 762.8191 	 16.0000 	 0.4127 	 15.0277 	 -4.2109 	 0.0000 	 6.4929 	 0.8424 
46.0000 	 2.0839 	 17.1924 	 9.5355 	 0.0000 	 0.4257 	 765.7091 	 46.0000 	 1.3457 	 2.0172 	 -0.6861 	 0.0000 	 3.7929 	 0.4003 
16.0000 	 0.8155 	 16.6968 	 8.8067 	 0.0000 	 9.7478 	 812.8378 	 16.0000 	 0.5324 	 12.0818 	 -4.1209 	 0.0000 	 9.4794 	 1.0083 
46.0000 	 2.1418 	 19.0335 	 8.5798 	 0.0000 	 1.4299 	 774.2821 	 46.0000 	 1.9499 	 14.6463 	 -3.5017 	 0.0000 	 2.8089 	 0.9913 
14.0000 	 1.1293 	 11.2646 	 9.4629 	 0.0000 	 8.7109 	 796.3566 	 14.0000 	 2.3633 	 14.8196 	 -4.7847 	 0.0000 	 2.1343 	 0.7985 
9.0000 	 0.9607 	 10.6745 	 2.3361 	 0.0000 	 2.8898 	 852.3260 	 9.0000 	 0.3614 	 7.8035 	 -4.6078 	 0.0000 	 7.0755 	 1.0062 
42.0000 	 2.0234 	 13.5413 	 7.7649 	 0.0000 	 0.6482 	 766.3117 	 42.0000 	 1.0849 	 12.6443 	 -3.6829 	 0.0000 	 8.2814 	 0.9904 
6.0000 	 0.3618 	 10.1724 	 0.7192 	 0.0000 	 8.3666 	 891.6006 	 6.0000 	 0.4256 	 16.4730 	 1.4019 	 0.0000 	 1.8110 	 0.9974 
50.0000 	 2.3699 	 15.3754 	 9.8724 	 0.0000 	 0.5103 	 773.5046 	 50.0000 	 0.6219 	 5.3565 	 3.1258 	 0.0000 	 5.9182 	 0.4010 
6.0000 	 0.5356 	 14.8865 	 9.4922 	 0.0000 	 0.7471 	 783.9178 	 6.0000 	 1.2284 	 12.6272 	 -0.7936 	 0.0000 	 6.9609 	 0.4290 
44.0000 	 1.7976 	 17.5000 	 9.4531 	 0.0000 	 1.9043 	 772.0603 	 44.0000 	 1.6853 	 8.0681 	 4.1672 	 0.0000 	 2.6374 	 0.9881 
40.0000 	 2.0243 	 16.4526 	 2.0361 	 0.0000 	 9.0649 	 764.6485 	 40.0000 	 0.4089 	 12.0026 	 -4.5180 	 0.0000 	 3.4466 	 0.9931 
46.0000 	 2.1323 	 18.1369 	 8.4632 	 0.0000 	 2.0975 	 768.6965 	 46.0000 	 0.0135 	 7.3299 	 0.9859 	 0.0000 	 9.4291 	 0.9948 
37.0000 	 1.9479 	 12.6379 	 5.9131 	 0.0000 	 2.8271 	 777.3015 	 37.0000 	 2.6921 	 6.1249 	 2.1760 	 0.0000 	 6.0955 	 1.0096 
44.0000 	 1.9777 	 20.2091 	 9.8371 	 0.0000 	 1.8746 	 773.3930 	 44.0000 	 0.2799 	 5.4811 	 2.9664 	 0.0000 	 3.8063 	 0.7646 
44.0000 	 1.5204 	 20.5322 	 13.5254 	 0.0000 	 8.4180 	 889.1836 	 44.0000 	 1.0579 	 6.8372 	 1.3538 	 0.0000 	 6.0830 	 0.9766 
34.0000 	 1.9798 	 20.9070 	 11.3672 	 0.0000 	 0.0000 	 789.2453 	 34.0000 	 1.3401 	 14.0007 	 3.7532 	 0.0000 	 4.2211 	 1.6465 
39.0000 	 2.1730 	 23.1307 	 9.9637 	 0.0000 	 6.0167 	 796.4326 	 39.0000 	 2.4770 	 17.7292 	 2.7335 	 0.0000 	 6.7307 	 0.9475 
44.0000 	 2.2295 	 15.9473 	 2.8711 	 0.0000 	 9.3262 	 775.0362 	 44.0000 	 0.0017 	 9.0150 	 -3.3920 	 0.0000 	 7.1918 	 0.9908 
32.0000 	 1.8921 	 12.2754 	 -4.1602 	 0.0000 	 7.0605 	 1223.7279 	 32.0000 	 1.3671 	 9.4107 	 3.7057 	 0.0000 	 8.0065 	 0.6057 
39.0000 	 1.8348 	 12.5073 	 0.7410 	 0.0000 	 8.1885 	 782.3356 	 39.0000 	 2.2443 	 7.3276 	 0.9002 	 0.0000 	 7.2989 	 1.0002 
38.0000 	 1.7885 	 15.4700 	 5.4248 	 0.0000 	 2.8247 	 752.0103 	 38.0000 	 1.3103 	 12.1820 	 1.7627 	 0.0000 	 8.1088 	 0.9643 
30.0000 	 1.4139 	 18.0165 	 5.9149 	 0.0000 	 1.6392 	 772.4866 	 30.0000 	 0.7783 	 14.3170 	 1.0525 	 0.0000 	 9.0475 	 1.0079 
38.0000 	 2.0591 	 12.9785 	 -5.3809 	 0.0000 	 8.9807 	 802.0320 	 38.0000 	 2.2289 	 5.3789 	 4.0599 	 0.0000 	 8.9411 	 0.9912 
29.0000 	 1.6547 	 17.2270 	 14.7169 	 0.0000 	 5.4480 	 767.4410 	 29.0000 	 1.6975 	 15.1151 	 3.3744 	 0.0000 	 0.6033 	 1.0044 
33.0000 	 1.6065 	 13.9551 	 7.8418 	 0.0000 	 2.9394 	 768.9145 	 33.0000 	 1.6681 	 9.4897 	 0.0386 	 0.0000 	 5.8722 	 0.9631 
26.0000 	 1.3650 	 15.8473 	 0.0291 	 0.0000 	 7.2923 	 767.3480 	 26.0000 	 1.0744 	 16.0356 	 -0.8651 	 0.0000 	 7.3094 	 0.9555 
32.0000 	 2.0412 	 12.9492 	 13.7128 	 0.0000 	 7.0032 	 793.8873 	 32.0000 	 1.0963 	 11.4807 	 -0.3107 	 0.0000 	 4.5010 	 0.9949 
33.0000 	 1.7143 	 13.6777 	 7.3494 	 0.0000 	 3.0903 	 751.9099 	 33.0000 	 2.4335 	 2.3628 	 -2.9623 	 0.0000 	 9.5069 	 0.6616 
23.0000 	 1.4042 	 14.9463 	 0.2954 	 0.0000 	 8.0688 	 769.7260 	 23.0000 	 1.7909 	 15.0380 	 -2.3040 	 0.0000 	 8.2400 	 0.9886 
31.0000 	 1.3095 	 8.8428 	 -2.8082 	 0.0000 	 6.1856 	 942.3634 	 31.0000 	 2.2899 	 17.6230 	 -4.6707 	 0.0000 	 5.1099 	 0.9993 
21.0000 	 1.2504 	 11.8082 	 9.2401 	 0.0000 	 2.0090 	 831.0195 	 21.0000 	 1.8289 	 14.9345 	 -2.2271 	 0.0000 	 7.4030 	 0.7071 
33.0000 	 1.5840 	 15.4346 	 7.7051 	 0.0000 	 0.8057 	 828.3475 	 33.0000 	 0.8786 	 4.8433 	 -4.4152 	 0.0000 	 8.5749 	 0.1293 
16.0000 	 0.9435 	 15.7161 	 6.5756 	 0.0000 	 11.2368 	 762.6032 	 16.0000 	 0.3023 	 17.1466 	 2.8875 	 0.0000 	 1.2509 	 1.0048 
30.0000 	 2.8815 	 11.9638 	 3.0072 	 0.0000 	 7.2113 	 1231.9114 	 30.0000 	 2.9588 	 14.1546 	 3.4169 	 0.0000 	 7.0798 	 0.4442 
28.0000 	 1.6613 	 13.8693 	 7.3761 	 0.0000 	 1.5305 	 769.6843 	 28.0000 	 0.2276 	 15.2512 	 1.2590 	 0.0000 	 7.1402 	 0.9932 
16.0000 	 1.0419 	 16.4853 	 8.1458 	 0.0000 	 0.6677 	 812.2017 	 16.0000 	 2.3128 	 3.6041 	 -3.6321 	 0.0000 	 7.2953 	 0.1142 
27.0000 	 1.6730 	 13.0859 	 1.1133 	 0.0000 	 11.6894 	 784.0060 	 27.0000 	 0.9729 	 2.1634 	 1.9599 	 0.0000 	 1.8014 	 1.0063 
14.0000 	 0.9326 	 13.4741 	 6.7261 	 0.0000 	 2.1680 	 779.1431 	 14.0000 	 0.5532 	 7.9722 	 -2.0144 	 0.0000 	 1.5910 	 0.9556 
28.0000 	 1.6196 	 12.3547 	 4.9365 	 0.0000 	 3.3203 	 775.7587 	 28.0000 	 1.6298 	 5.5275 	 1.1619 	 0.0000 	 8.6656 	 0.9986 
22.0000 	 1.2750 	 19.1154 	 10.6456 	 0.0000 	 10.2150 	 770.3305 	 22.0000 	 2.9669 	 1.4003 	 2.6637 	 0.0000 	 8.0332 	 0.9408 
9.0000 	 0.5804 	 22.2766 	 9.8340 	 0.0000 	 3.8306 	 810.7845 	 9.0000 	 0.2615 	 11.6979 	 -1.8485 	 0.0000 	 6.1855 	 0.6917 
27.0000 	 1.4444 	 17.7605 	 6.9959 	 0.0000 	 3.2809 	 772.6110 	 27.0000 	 2.3503 	 2.3354 	 -0.5303 	 0.0000 	 5.7396 	 0.8584 
21.0000 	 1.1606 	 23.0937 	 4.7927 	 0.0000 	 5.7740 	 909.6057 	 21.0000 	 0.3700 	 1.5426 	 4.7701 	 0.0000 	 4.9091 	 0.6311 
18.0000 	 0.8773 	 12.5135 	 10.2045 	 0.0000 	 9.4075 	 848.3930 	 18.0000 	 2.7690 	 3.0161 	 1.3364 	 0.0000 	 7.6235 	 1.0324 
9.0000 	 0.6380 	 13.2629 	 6.4247 	 0.0000 	 3.7791 	 758.0838 	 9.0000 	 1.0639 	 9.1702 	 -1.2330 	 0.0000 	 7.2873 	 0.9916 
23.0000 	 1.5318 	 14.2722 	 9.2389 	 0.0000 	 0.3506 	 774.2800 	 23.0000 	 1.5373 	 5.6956 	 2.7228 	 0.0000 	 2.1730 	 0.2168 
5.0000 	 0.4397 	 13.3105 	 21.2749 	 0.0000 	 9.0234 	 762.5489 	 5.0000 	 0.4214 	 13.3076 	 -4.5397 	 0.0000 	 7.9733 	 0.9955 
15.0000 	 1.0368 	 16.4990 	 7.7051 	 0.0000 	 0.6787 	 820.4733 	 15.0000 	 0.6399 	 4.0177 	 -4.4833 	 0.0000 	 4.8512 	 0.1487 
19.0000 	 0.8626 	 9.9390 	 2.1666 	 0.0000 	 13.2092 	 948.7151 	 19.0000 	 0.1347 	 15.8321 	 0.9338 	 0.0000 	 5.8595 	 0.9985 
12.0000 	 0.7701 	 11.5259 	 9.7363 	 0.0000 	 6.7224 	 792.7145 	 12.0000 	 2.2590 	 15.1521 	 0.5416 	 0.0000 	 0.9300 	 0.9905 
12.0000 	 1.1216 	 14.8828 	 9.6777 	 0.0000 	 3.4814 	 777.5163 	 12.0000 	 0.2445 	 4.0937 	 -0.6701 	 0.0000 	 8.4926 	 0.9879 
19.0000 	 1.7085 	 4.5716 	 2.6071 	 0.0000 	 1.1455 	 1348.6954 	 19.0000 	 0.0694 	 8.2142 	 -4.4616 	 0.0000 	 5.9179 	 0.9897 
6.0000 	 0.6839 	 14.9402 	 7.5977 	 0.0000 	 2.7808 	 786.1020 	 6.0000 	 2.9072 	 0.0401 	 -4.2557 	 0.0000 	 8.6480 	 0.9913 
15.0000 	 1.0157 	 14.5312 	 8.4375 	 0.0000 	 5.1562 	 757.3099 	 15.0000 	 1.6005 	 9.9462 	 3.7311 	 0.0000 	 5.2425 	 0.9934 
5.0000 	 0.4393 	 15.4456 	 -2.7490 	 0.0000 	 11.2341 	 755.1986 	 5.0000 	 1.6031 	 5.0221 	 -0.7668 	 0.0000 	 8.5790 	 0.9986 
14.0000 	 1.2539 	 17.5381 	 8.6019 	 0.0000 	 6.4386 	 784.4025 	 14.0000 	 1.1592 	 13.8936 	 -2.3809 	 0.0000 	 5.9289 	 0.9833 
2.0000 	 0.0695 	 10.1038 	 1.9995 	 0.0000 	 10.6360 	 879.3640 	 2.0000 	 1.3558 	 2.2919 	 -3.8773 	 0.0000 	 5.8528 	 1.0017 
9.0000 	 0.7217 	 13.4863 	 9.9121 	 0.0000 	 1.8701 	 757.3562 	 9.0000 	 2.2542 	 4.9855 	 2.9966 	 0.0000 	 3.8255 	 0.9881 
6.0000 	 0.6316 	 11.2267 	 -1.8712 	 0.0000 	 8.2135 	 818.6747 	 6.0000 	 2.7822 	 2.8667 	 -1.4712 	 0.0000 	 5.7280 	 0.9995 
6.0000 	 0.6962 	 15.1318 	 13.9746 	 0.0000 	 3.8818 	 789.9561 	 6.0000 	 2.1345 	 18.2286 	 -2.2242 	 0.0000 	 3.7921 	 0.9928 
49.0000 	 1.9815 	 17.4377 	 8.3594 	 0.0000 	 3.3435 	 790.8356 	 49.0000 	 0.6529 	 2.5185 	 -0.8810 	 0.0000 	 8.9927 	 0.4528 
48.0000 	 2.3387 	 6.9727 	 1.7578 	 0.0000 	 4.4336 	 1135.4362 	 48.0000 	 1.7506 	 5.3771 	 3.6698 	 0.0000 	 8.4214 	 1.0628 
46.0000 	 2.1921 	 8.3228 	 3.2607 	 0.0000 	 8.5796 	 983.3581 	 46.0000 	 1.7590 	 15.8341 	 -3.9037 	 0.0000 	 4.8473 	 0.9959 
47.0000 	 1.7077 	 9.8193 	 4.7070 	 0.0000 	 4.9512 	 916.7701 	 47.0000 	 2.1431 	 7.5944 	 2.7028 	 0.0000 	 1.1914 	 1.0057 
46.0000 	 2.0260 	 10.7532 	 7.5049 	 0.0000 	 1.5793 	 843.6799 	 46.0000 	 0.8812 	 3.8331 	 -1.3801 	 0.0000 	 9.9148 	 0.7067 
45.0000 	 2.0468 	 15.5274 	 6.5536 	 0.0000 	 2.4059 	 762.3909 	 45.0000 	 2.6441 	 6.6178 	 2.8524 	 0.0000 	 8.1588 	 0.9934 
41.0000 	 1.6058 	 22.0752 	 15.7129 	 0.0000 	 4.1553 	 815.1016 	 41.0000 	 1.0250 	 18.2089 	 4.3608 	 0.0000 	 4.1124 	 0.9924 
43.0000 	 1.9313 	 13.0420 	 -7.7710 	 0.0000 	 12.5598 	 1224.2317 	 43.0000 	 2.4463 	 2.7090 	 0.7369 	 0.0000 	 4.7533 	 0.2206 
41.0000 	 2.2067 	 17.4652 	 11.6504 	 0.0000 	 9.1504 	 777.6650 	 41.0000 	 0.6550 	 18.7860 	 3.7718 	 0.0000 	 9.9441 	 0.9922 
40.0000 	 1.3761 	 9.8914 	 5.7112 	 0.0000 	 4.3053 	 951.8795 	 40.0000 	 2.5706 	 11.1601 	 -0.9121 	 0.0000 	 5.7606 	 1.0044 
36.0000 	 1.6404 	 13.1324 	 1.8951 	 0.0000 	 6.1088 	 776.6059 	 36.0000 	 2.4425 	 10.3859 	 -1.8291 	 0.0000 	 8.9302 	 1.0082 
36.0000 	 1.9293 	 14.4156 	 8.0157 	 0.0000 	 2.0078 	 766.5986 	 36.0000 	 2.1897 	 12.7581 	 -0.4386 	 0.0000 	 0.5582 	 0.9363 
35.0000 	 1.8945 	 15.8812 	 8.5765 	 0.0000 	 2.6504 	 813.6308 	 35.0000 	 0.3250 	 0.3241 	 4.3877 	 0.0000 	 2.2701 	 0.4568 
35.0000 	 1.6716 	 10.5615 	 9.1748 	 0.0000 	 3.0908 	 841.5360 	 35.0000 	 1.8364 	 12.5091 	 2.4013 	 0.0000 	 5.3380 	 0.9255 
32.0000 	 1.7432 	 15.1221 	 10.4252 	 0.0000 	 2.9679 	 767.7288 	 32.0000 	 0.8722 	 18.9871 	 -3.3332 	 0.0000 	 4.4107 	 0.9885 
32.0000 	 1.7713 	 17.9846 	 10.1605 	 0.0000 	 1.2985 	 779.4139 	 32.0000 	 2.5890 	 9.1849 	 -1.3320 	 0.0000 	 5.1577 	 0.1561 
30.0000 	 1.5625 	 10.5835 	 -4.9997 	 0.0000 	 9.7410 	 840.6622 	 30.0000 	 1.2015 	 10.4879 	 -1.7947 	 0.0000 	 8.9289 	 1.0096 
30.0000 	 1.6476 	 15.1453 	 8.2327 	 0.0000 	 2.0985 	 759.7352 	 30.0000 	 1.0102 	 12.7790 	 -4.4526 	 0.0000 	 4.7467 	 0.9946 
29.0000 	 1.5837 	 14.7080 	 8.8353 	 0.0000 	 1.7508 	 761.6464 	 29.0000 	 2.6927 	 8.2798 	 0.2534 	 0.0000 	 5.8841 	 0.9690 
29.0000 	 1.5243 	 10.6701 	 6.1647 	 0.0000 	 5.1283 	 826.6114 	 29.0000 	 2.2063 	 8.7086 	 0.6739 	 0.0000 	 6.1151 	 0.9885 
25.0000 	 1.8161 	 13.8464 	 5.6396 	 0.0000 	 2.6367 	 791.1235 	 25.0000 	 1.8106 	 13.8719 	 4.5414 	 0.0000 	 2.7904 	 0.9954 
25.0000 	 1.4794 	 16.7432 	 0.5371 	 0.0000 	 9.0283 	 769.9981 	 25.0000 	 2.5254 	 17.0043 	 1.7323 	 0.0000 	 7.4650 	 0.9979 
25.0000 	 1.4980 	 12.7852 	 7.6479 	 0.0000 	 3.3595 	 768.3994 	 25.0000 	 2.1630 	 0.9856 	 -4.6409 	 0.0000 	 1.6241 	 0.9957 
24.0000 	 1.5790 	 15.8884 	 7.8687 	 0.0000 	 9.1315 	 768.6435 	 24.0000 	 2.3441 	 11.5579 	 -1.4473 	 0.0000 	 9.5744 	 0.9964 
19.0000 	 0.9867 	 20.3308 	 1.1572 	 0.0000 	 5.1941 	 778.7493 	 19.0000 	 0.9767 	 13.8366 	 3.1121 	 0.0000 	 4.5821 	 1.0027 
20.0000 	 1.5152 	 14.5832 	 11.4356 	 0.0000 	 5.6345 	 773.6489 	 20.0000 	 2.2856 	 11.9095 	 -0.8242 	 0.0000 	 4.8325 	 0.9891 
19.0000 	 1.4692 	 12.1789 	 7.1584 	 0.0000 	 1.8361 	 810.9401 	 19.0000 	 2.8263 	 7.3004 	 4.6163 	 0.0000 	 8.5925 	 0.9533 
15.0000 	 1.1302 	 8.2153 	 3.0835 	 0.0000 	 9.3237 	 930.3084 	 15.0000 	 0.3989 	 10.8031 	 -4.1956 	 0.0000 	 9.8812 	 0.9983 
19.0000 	 1.0876 	 14.5654 	 8.1055 	 0.0000 	 0.8008 	 768.8282 	 19.0000 	 1.5949 	 2.4463 	 3.4185 	 0.0000 	 8.7132 	 0.9706 
12.0000 	 0.9043 	 12.8906 	 11.8359 	 0.0000 	 7.1143 	 771.6182 	 12.0000 	 2.8021 	 13.0488 	 0.7844 	 0.0000 	 6.9011 	 0.7122 
15.0000 	 1.2552 	 15.5309 	 10.4454 	 0.0000 	 6.5474 	 774.0777 	 15.0000 	 0.2942 	 16.8677 	 4.0892 	 0.0000 	 7.5694 	 0.9912 
11.0000 	 1.0511 	 7.9589 	 1.8161 	 0.0000 	 4.1504 	 969.5853 	 11.0000 	 2.2399 	 9.8751 	 4.2626 	 0.0000 	 7.2281 	 1.0023 
12.0000 	 0.7851 	 16.3153 	 10.9923 	 0.0000 	 6.8651 	 760.0344 	 12.0000 	 1.3138 	 12.8425 	 2.3561 	 0.0000 	 4.1468 	 1.0291 
11.0000 	 0.7070 	 9.3066 	 5.5273 	 0.0000 	 5.6543 	 921.4277 	 11.0000 	 2.1533 	 1.3288 	 -3.2074 	 0.0000 	 7.0020 	 0.7023 
9.0000 	 0.6945 	 9.9561 	 5.2905 	 0.0000 	 5.6274 	 837.5775 	 9.0000 	 2.9415 	 17.8018 	 -1.6616 	 0.0000 	 9.5429 	 1.0339 
3.0000 	 0.3458 	 9.8608 	 10.3931 	 0.0000 	 8.7512 	 912.6212 	 3.0000 	 2.4110 	 6.8149 	 -0.3889 	 0.0000 	 7.2252 	 0.9920 
8.0000 	 0.5980 	 17.3779 	 6.6309 	 0.0000 	 5.4834 	 754.9017 	 8.0000 	 0.7978 	 3.2046 	 3.5172 	 0.0000 	 0.6532 	 0.9988 
3.0000 	 0.1612 	 22.2876 	 3.6688 	 0.0000 	 11.2296 	 783.3342 	 3.0000 	 1.7843 	 7.0617 	 -0.4096 	 0.0000 	 9.8190 	 0.9714 
5.0000 	 0.3473 	 16.0059 	 8.6914 	 0.0000 	 1.4062 	 811.2848 	 5.0000 	 2.0056 	 4.6997 	 0.8833 	 0.0000 	 8.8657 	 1.8526 
48.0000 	 1.5990 	 6.9434 	 5.6247 	 0.0000 	 9.1785 	 1080.7464 	 48.0000 	 2.8513 	 1.4921 	 -3.6211 	 0.0000 	 7.5854 	 0.9962 
47.0000 	 1.9050 	 14.3247 	 7.4227 	 0.0000 	 9.4847 	 780.4347 	 47.0000 	 2.2999 	 13.1610 	 -4.1364 	 0.0000 	 6.8295 	 0.9926 
45.0000 	 1.4775 	 14.0918 	 7.6427 	 0.0000 	 4.6991 	 886.3598 	 45.0000 	 2.7319 	 0.0572 	 -1.7385 	 0.0000 	 5.3569 	 0.6203 
43.0000 	 1.4997 	 12.4121 	 12.0410 	 0.0000 	 6.4893 	 872.8475 	 43.0000 	 0.0205 	 15.0405 	 -3.8683 	 0.0000 	 2.6146 	 0.9922 
39.0000 	 1.2728 	 10.4980 	 7.5195 	 0.0000 	 9.4262 	 982.4436 	 39.0000 	 1.3224 	 2.8184 	 -4.9655 	 0.0000 	 6.0176 	 0.9960 
38.0000 	 2.0893 	 17.0557 	 11.3672 	 0.0000 	 3.3691 	 774.0174 	 38.0000 	 2.1536 	 9.9577 	 0.5353 	 0.0000 	 3.3436 	 0.9922 
34.0000 	 1.6449 	 10.7875 	 9.5496 	 0.0000 	 7.6561 	 826.0489 	 34.0000 	 1.7978 	 0.8429 	 0.8288 	 0.0000 	 1.7815 	 1.0011 
32.0000 	 1.5519 	 12.4023 	 -1.7578 	 0.0000 	 6.9727 	 1199.0101 	 32.0000 	 2.5065 	 9.9396 	 1.1821 	 0.0000 	 0.9711 	 0.2035 
30.0000 	 2.0260 	 15.2148 	 0.1465 	 0.0000 	 8.9502 	 791.8456 	 30.0000 	 2.0074 	 9.0989 	 -1.9276 	 0.0000 	 7.9202 	 0.9995 
29.0000 	 1.4493 	 9.0820 	 2.5391 	 0.0000 	 2.6367 	 913.3770 	 29.0000 	 1.3995 	 1.5286 	 3.8906 	 0.0000 	 0.6962 	 0.9825 
25.0000 	 1.4312 	 18.5944 	 6.5912 	 0.0000 	 5.4895 	 766.1371 	 25.0000 	 2.2574 	 8.0490 	 -0.6439 	 0.0000 	 9.8512 	 0.9930 
24.0000 	 1.4151 	 14.6924 	 8.9160 	 0.0000 	 0.9131 	 760.7307 	 24.0000 	 0.1648 	 6.5434 	 -2.2445 	 0.0000 	 2.0423 	 0.7525 
20.0000 	 1.8792 	 9.4272 	 4.3251 	 0.0000 	 4.4492 	 1033.2256 	 20.0000 	 0.2357 	 13.1726 	 2.8015 	 0.0000 	 0.7699 	 1.0103 
19.0000 	 1.2749 	 13.8308 	 2.6987 	 0.0000 	 3.6191 	 766.8368 	 19.0000 	 0.5608 	 12.2566 	 3.7444 	 0.0000 	 7.2441 	 0.9972 
15.0000 	 0.9876 	 21.1555 	 9.6942 	 0.0000 	 6.3400 	 774.6353 	 15.0000 	 0.9095 	 19.8618 	 1.8448 	 0.0000 	 2.8524 	 1.0337 
12.0000 	 0.7088 	 9.7009 	 9.4727 	 0.0000 	 4.7961 	 893.2100 	 12.0000 	 1.5115 	 9.1369 	 0.6540 	 0.0000 	 7.3700 	 1.0117 
11.0000 	 1.2587 	 15.1538 	 -1.2305 	 0.0000 	 10.1514 	 812.0877 	 11.0000 	 1.9924 	 11.9104 	 2.3216 	 0.0000 	 4.9798 	 1.0019 
8.0000 	 0.4534 	 16.8897 	 11.5329 	 0.0000 	 6.4745 	 815.1367 	 8.0000 	 1.2310 	 10.1628 	 -4.7644 	 0.0000 	 0.2570 	 0.9940 
5.0000 	 0.6786 	 15.5226 	 12.9980 	 0.0000 	 11.0156 	 817.5503 	 5.0000 	 0.8962 	 9.8788 	 0.6266 	 0.0000 	 5.1340 	 0.9961 
48.0000 	 1.9697 	 10.7336 	 1.1450 	 0.0000 	 5.0696 	 837.9116 	 48.0000 	 2.7134 	 13.7049 	 -1.0198 	 0.0000 	 6.2289 	 0.9941 
48.0000 	 2.0260 	 11.8018 	 10.4883 	 0.0000 	 4.5752 	 814.1950 	 48.0000 	 0.9845 	 13.2297 	 2.1327 	 0.0000 	 3.5424 	 0.8591 
47.0000 	 2.8080 	 23.3948 	 10.7568 	 0.0000 	 6.4233 	 799.6051 	 47.0000 	 2.6733 	 13.0213 	 3.9606 	 0.0000 	 6.1975 	 0.9881 
47.0000 	 1.5935 	 12.5842 	 4.2798 	 0.0000 	 9.2310 	 892.9645 	 47.0000 	 2.5436 	 14.0056 	 -3.0370 	 0.0000 	 7.4179 	 0.9928 
45.0000 	 1.8474 	 14.1846 	 6.9043 	 0.0000 	 1.2451 	 811.1390 	 45.0000 	 0.4420 	 8.2397 	 0.9415 	 0.0000 	 1.2798 	 0.7701 
45.0000 	 2.1253 	 11.3232 	 8.4277 	 0.0000 	 6.6602 	 804.2837 	 45.0000 	 2.0714 	 17.3828 	 1.2126 	 0.0000 	 0.2761 	 0.9945 
42.0000 	 2.0139 	 16.2048 	 12.0825 	 0.0000 	 2.4268 	 804.5631 	 42.0000 	 2.8640 	 7.0527 	 3.9598 	 0.0000 	 7.8196 	 0.4609 
43.0000 	 1.8664 	 13.3008 	 9.7437 	 0.0000 	 2.4231 	 775.7419 	 43.0000 	 0.4060 	 3.3692 	 4.0668 	 0.0000 	 7.7178 	 0.9865 
41.0000 	 1.8652 	 12.3454 	 10.3529 	 0.0000 	 6.6447 	 783.5548 	 41.0000 	 2.1738 	 13.6003 	 -0.4916 	 0.0000 	 4.8024 	 0.9952 
39.0000 	 1.9051 	 16.7822 	 9.4336 	 0.0000 	 0.0000 	 766.3312 	 39.0000 	 1.4294 	 4.0692 	 4.0967 	 0.0000 	 8.1710 	 0.4177 
36.0000 	 1.0692 	 9.6728 	 -7.7930 	 0.0000 	 10.4932 	 1195.7141 	 36.0000 	 0.2738 	 15.8009 	 1.3624 	 0.0000 	 0.8534 	 1.0032 
38.0000 	 1.9533 	 15.8750 	 9.6277 	 0.0000 	 0.9883 	 768.0869 	 38.0000 	 0.4674 	 17.2698 	 -3.3162 	 0.0000 	 1.9040 	 0.5457 
35.0000 	 1.7581 	 15.0009 	 2.4047 	 0.0000 	 4.3324 	 769.5727 	 35.0000 	 2.7912 	 0.3351 	 2.3843 	 0.0000 	 3.9675 	 1.0044 
34.0000 	 1.5308 	 23.6816 	 -3.3691 	 0.0000 	 12.9590 	 788.2650 	 34.0000 	 1.8821 	 3.1491 	 1.5323 	 0.0000 	 0.3271 	 0.9990 
31.0000 	 1.4646 	 15.2100 	 5.1941 	 0.0000 	 2.8296 	 765.0357 	 31.0000 	 0.5185 	 1.9817 	 -4.2191 	 0.0000 	 3.8420 	 0.9191 
32.0000 	 1.3935 	 10.9070 	 6.9214 	 0.0000 	 2.1436 	 874.3679 	 32.0000 	 0.6044 	 19.0181 	 1.5781 	 0.0000 	 9.3409 	 0.6530 
31.0000 	 1.7103 	 16.3865 	 5.9822 	 0.0000 	 6.0913 	 766.4325 	 31.0000 	 2.4176 	 4.4362 	 1.9785 	 0.0000 	 3.9285 	 1.0003 
30.0000 	 1.5413 	 9.9116 	 -5.8398 	 0.0000 	 10.7911 	 888.3301 	 30.0000 	 0.5936 	 8.8645 	 2.0901 	 0.0000 	 6.7982 	 1.0664 
29.0000 	 2.3387 	 17.2266 	 -5.2441 	 0.0000 	 14.5996 	 863.8650 	 29.0000 	 2.3420 	 15.9757 	 -2.7482 	 0.0000 	 9.5982 	 0.9672 
25.0000 	 1.4972 	 15.6494 	 1.0547 	 0.0000 	 6.5991 	 764.8454 	 25.0000 	 1.6615 	 12.7739 	 -3.4783 	 0.0000 	 0.7798 	 0.9962 
29.0000 	 1.7611 	 12.3486 	 -10.9570 	 0.0000 	 14.5459 	 835.3469 	 29.0000 	 0.0727 	 15.2682 	 0.0894 	 0.0000 	 2.1553 	 0.9928 
24.0000 	 1.1848 	 17.9688 	 7.3632 	 0.0000 	 3.7788 	 774.6180 	 24.0000 	 2.3200 	 4.4683 	 3.5122 	 0.0000 	 7.8475 	 1.0005 
48.0000 	 1.9834 	 14.3090 	 8.6741 	 0.0000 	 1.6121 	 778.3367 	 48.0000 	 2.4970 	 0.2093 	 -1.0546 	 0.0000 	 2.9911 	 0.9260 
25.0000 	 1.4019 	 23.7407 	 7.9982 	 0.0000 	 6.2922 	 786.2021 	 25.0000 	 1.6794 	 19.5481 	 -1.4951 	 0.0000 	 7.0587 	 0.9980 
20.0000 	 2.0750 	 15.3467 	 5.0488 	 0.0000 	 6.0156 	 926.7490 	 20.0000 	 2.7863 	 13.5479 	 -0.4852 	 0.0000 	 2.2894 	 0.7936 
24.0000 	 1.9781 	 11.8359 	 3.5156 	 0.0000 	 7.8125 	 1201.5552 	 24.0000 	 1.6303 	 2.1454 	 0.3664 	 0.0000 	 7.0823 	 0.3796 
19.0000 	 1.2088 	 10.3630 	 7.2839 	 0.0000 	 7.2405 	 849.6145 	 19.0000 	 2.9019 	 2.1911 	 -0.8068 	 0.0000 	 3.9272 	 0.8544 
47.0000 	 2.7393 	 16.0608 	 -0.1172 	 0.0000 	 11.3086 	 801.7264 	 47.0000 	 2.2713 	 1.2464 	 -0.2356 	 0.0000 	 4.1588 	 1.0097 
20.0000 	 1.1766 	 16.6455 	 6.8652 	 0.0000 	 1.2549 	 763.9859 	 20.0000 	 0.4857 	 16.0162 	 -4.0825 	 0.0000 	 3.5285 	 0.9974 
15.0000 	 0.8606 	 19.3274 	 7.1655 	 0.0000 	 2.8406 	 769.8452 	 15.0000 	 1.4005 	 9.0272 	 4.9443 	 0.0000 	 0.6784 	 0.9936 
19.0000 	 1.0166 	 6.3672 	 -4.4019 	 0.0000 	 9.5776 	 1115.4095 	 19.0000 	 1.2053 	 5.9511 	 -0.6884 	 0.0000 	 6.7556 	 1.0011 
12.0000 	 0.9875 	 14.9072 	 5.9404 	 0.0000 	 6.9570 	 766.9189 	 12.0000 	 2.4168 	 13.8400 	 0.0532 	 0.0000 	 7.2107 	 0.9953 
45.0000 	 1.9861 	 12.9626 	 9.1919 	 0.0000 	 6.6470 	 778.6702 	 45.0000 	 2.8990 	 14.0523 	 1.4742 	 0.0000 	 0.8625 	 1.0019 
15.0000 	 1.0147 	 19.1913 	 7.0984 	 0.0000 	 1.4621 	 773.8631 	 15.0000 	 2.3778 	 13.8333 	 -2.9134 	 0.0000 	 5.1899 	 0.9556 
11.0000 	 0.9229 	 21.2619 	 0.6607 	 0.0000 	 8.6859 	 801.6947 	 11.0000 	 1.7781 	 17.7493 	 -4.1801 	 0.0000 	 1.1306 	 1.0211 
12.0000 	 0.9741 	 12.7234 	 12.0142 	 0.0000 	 3.9941 	 782.0857 	 12.0000 	 0.7974 	 7.5973 	 -3.8097 	 0.0000 	 6.5971 	 0.9939 
8.0000 	 0.5642 	 18.5107 	 6.2207 	 0.0000 	 13.8574 	 760.9795 	 8.0000 	 0.0156 	 18.1539 	 -3.2924 	 0.0000 	 4.7719 	 0.9868 
5.0000 	 0.2669 	 13.0127 	 5.3027 	 0.0000 	 3.5840 	 836.2995 	 5.0000 	 0.4378 	 6.9621 	 0.0543 	 0.0000 	 6.9296 	 1.0002 
11.0000 	 0.7444 	 8.8992 	 0.2467 	 0.0000 	 7.4674 	 894.7508 	 11.0000 	 2.8388 	 11.6035 	 0.6401 	 0.0000 	 6.0211 	 1.0044 
42.0000 	 1.9429 	 15.8768 	 7.5140 	 0.0000 	 4.4904 	 763.5886 	 42.0000 	 2.5993 	 7.9082 	 -4.8871 	 0.0000 	 7.4784 	 0.9906 
8.0000 	 0.5114 	 17.2556 	 -0.0928 	 0.0000 	 7.8922 	 780.4723 	 8.0000 	 0.3347 	 15.7809 	 0.7190 	 0.0000 	 7.9381 	 0.9879 
5.0000 	 0.5547 	 12.2119 	 15.1953 	 0.0000 	 5.2100 	 800.8749 	 5.0000 	 1.3255 	 5.4738 	 0.0164 	 0.0000 	 1.4801 	 0.9957 
41.0000 	 2.0380 	 16.6325 	 9.4115 	 0.0000 	 5.9911 	 769.3262 	 41.0000 	 1.0057 	 7.3916 	 -0.1890 	 0.0000 	 0.9265 	 0.9928 
48.0000 	 1.7847 	 19.0765 	 9.0230 	 0.0000 	 2.9977 	 779.0177 	 48.0000 	 1.0875 	 7.6521 	 3.8628 	 0.0000 	 2.4882 	 0.9921 
35.0000 	 1.9891 	 14.2923 	 5.8853 	 0.0000 	 2.5951 	 799.9535 	 35.0000 	 0.7316 	 1.5026 	 -3.3601 	 0.0000 	 5.0230 	 0.8421 
35.0000 	 1.7798 	 13.1413 	 10.6580 	 0.0000 	 3.5487 	 772.8600 	 35.0000 	 0.1764 	 19.7080 	 2.6456 	 0.0000 	 9.7638 	 0.8957 
47.0000 	 1.9317 	 9.8755 	 -1.3184 	 0.0000 	 10.7202 	 894.3973 	 47.0000 	 0.9642 	 8.9763 	 -3.1381 	 0.0000 	 6.5666 	 0.9915 
33.0000 	 1.6283 	 11.3349 	 8.9366 	 0.0000 	 3.0927 	 802.1544 	 33.0000 	 0.3814 	 15.0450 	 -1.0366 	 0.0000 	 5.9079 	 0.9924 
45.0000 	 1.8411 	 19.2432 	 7.1777 	 0.0000 	 1.9043 	 773.1526 	 45.0000 	 1.0096 	 16.8501 	 0.1423 	 0.0000 	 1.6788 	 0.7025 
30.0000 	 1.4098 	 27.3990 	 9.1405 	 0.0000 	 0.8930 	 799.5309 	 30.0000 	 0.6895 	 14.8436 	 -3.8354 	 0.0000 	 7.4461 	 0.4581 
42.0000 	 1.5921 	 13.7312 	 21.1344 	 0.0000 	 10.8736 	 842.3377 	 42.0000 	 2.4230 	 9.5519 	 -0.0697 	 0.0000 	 9.6957 	 1.0027 
29.0000 	 1.6907 	 9.1455 	 9.2578 	 0.0000 	 6.2256 	 917.7312 	 29.0000 	 0.3281 	 12.9271 	 4.7654 	 0.0000 	 8.3831 	 0.9979 
40.0000 	 2.3288 	 19.7913 	 12.0752 	 0.0000 	 0.7654 	 788.3903 	 40.0000 	 0.7324 	 16.4438 	 3.4637 	 0.0000 	 6.5928 	 0.5687 
25.0000 	 1.9985 	 5.4785 	 -5.5664 	 0.0000 	 4.7949 	 1473.2567 	 25.0000 	 1.0848 	 2.3218 	 1.4595 	 0.0000 	 2.8026 	 0.5908 
24.0000 	 1.2906 	 17.1277 	 6.7120 	 0.0000 	 5.0433 	 764.9079 	 24.0000 	 0.8054 	 0.0436 	 0.1551 	 0.0000 	 2.2521 	 1.0594 
38.0000 	 1.8037 	 16.8359 	 7.4219 	 0.0000 	 3.8672 	 762.8714 	 38.0000 	 0.3127 	 19.1251 	 -2.5286 	 0.0000 	 9.8364 	 0.9949 
20.0000 	 1.5759 	 14.2529 	 9.9634 	 0.0000 	 0.5005 	 780.8679 	 20.0000 	 2.4857 	 9.1421 	 -2.9424 	 0.0000 	 7.7011 	 1.0770 
34.0000 	 1.7619 	 12.4604 	 6.5259 	 0.0000 	 2.2564 	 773.4412 	 34.0000 	 1.1075 	 4.4509 	 3.4702 	 0.0000 	 5.6485 	 1.0960 
19.0000 	 1.3352 	 14.8642 	 6.7188 	 0.0000 	 5.5298 	 768.5127 	 19.0000 	 1.5045 	 11.8446 	 0.1845 	 0.0000 	 1.2794 	 0.9806 
15.0000 	 0.9749 	 13.2129 	 5.0586 	 0.0000 	 4.2871 	 760.6074 	 15.0000 	 2.8549 	 10.4288 	 -4.9559 	 0.0000 	 0.7440 	 0.9967 
12.0000 	 0.7571 	 14.7659 	 10.7520 	 0.0000 	 4.3945 	 764.8178 	 12.0000 	 1.6082 	 14.7934 	 3.4462 	 0.0000 	 2.1399 	 0.9973 
31.0000 	 1.6965 	 11.9340 	 6.9628 	 0.0000 	 2.6137 	 781.2085 	 31.0000 	 2.8350 	 9.3012 	 -3.7821 	 0.0000 	 3.5837 	 0.9819 
11.0000 	 0.8474 	 15.2905 	 9.3506 	 0.0000 	 0.9180 	 778.5076 	 11.0000 	 2.7076 	 4.7383 	 -4.2229 	 0.0000 	 7.1952 	 0.1695 
8.0000 	 0.5881 	 16.0263 	 1.0596 	 0.0000 	 10.1947 	 761.1290 	 8.0000 	 2.5944 	 12.4292 	 -4.1259 	 0.0000 	 4.7903 	 0.9939 
5.0000 	 0.3569 	 17.8857 	 9.2871 	 0.0000 	 1.2500 	 784.6639 	 5.0000 	 2.2184 	 18.4724 	 -2.9120 	 0.0000 	 2.5307 	 0.4215 
48.0000 	 1.6189 	 23.3276 	 -0.4608 	 0.0000 	 8.8813 	 820.1754 	 48.0000 	 1.2644 	 19.7737 	 3.8767 	 0.0000 	 9.3065 	 0.9930 
31.0000 	 1.8161 	 17.2778 	 9.9756 	 0.0000 	 1.1719 	 772.9671 	 31.0000 	 2.3976 	 16.5012 	 4.4883 	 0.0000 	 3.9109 	 0.7054 
29.0000 	 1.6672 	 12.0140 	 10.9965 	 0.0000 	 2.6231 	 781.8739 	 29.0000 	 2.6107 	 6.8120 	 -3.7255 	 0.0000 	 0.0207 	 0.9984 
47.0000 	 2.8032 	 15.7422 	 17.9895 	 0.0000 	 6.6113 	 805.4349 	 47.0000 	 0.8475 	 10.6284 	 -4.3178 	 0.0000 	 2.1466 	 0.9931 
25.0000 	 1.3582 	 22.2449 	 13.5449 	 0.0000 	 7.2107 	 790.1272 	 25.0000 	 1.9742 	 13.9922 	 1.0416 	 0.0000 	 6.5480 	 0.9848 
45.0000 	 1.7077 	 19.7900 	 -3.9258 	 0.0000 	 8.2715 	 786.8693 	 45.0000 	 0.5560 	 9.6978 	 3.8687 	 0.0000 	 5.8078 	 1.0043 
24.0000 	 1.4345 	 15.8887 	 14.2676 	 0.0000 	 13.5156 	 763.7596 	 24.0000 	 2.5362 	 1.1638 	 3.1459 	 0.0000 	 8.5089 	 0.9966 
20.0000 	 1.0738 	 6.0715 	 3.2300 	 0.0000 	 3.3395 	 1206.7542 	 20.0000 	 0.2440 	 9.1203 	 -1.9791 	 0.0000 	 6.0823 	 0.9393 
42.0000 	 1.2992 	 8.2422 	 7.1094 	 0.0000 	 6.2109 	 1056.3494 	 42.0000 	 0.1140 	 12.8917 	 -0.2108 	 0.0000 	 7.6942 	 1.0053 
19.0000 	 1.2447 	 15.3747 	 3.4534 	 0.0000 	 6.5421 	 757.4885 	 19.0000 	 1.1729 	 2.4616 	 -0.1955 	 0.0000 	 5.1442 	 0.9942 
14.0000 	 0.9041 	 18.0365 	 6.5330 	 0.0000 	 3.6284 	 759.6583 	 14.0000 	 0.2207 	 17.0727 	 1.9696 	 0.0000 	 4.2753 	 0.9930 
14.0000 	 0.9818 	 15.6199 	 8.4219 	 0.0000 	 1.8723 	 756.8119 	 14.0000 	 2.2003 	 11.5500 	 1.7980 	 0.0000 	 4.7959 	 0.9714 
40.0000 	 1.6451 	 16.7413 	 6.2761 	 0.0000 	 3.5158 	 778.0512 	 40.0000 	 2.7105 	 1.4350 	 1.4751 	 0.0000 	 4.1332 	 0.9910 
9.0000 	 0.7674 	 11.2641 	 5.7573 	 0.0000 	 1.7939 	 778.5403 	 9.0000 	 0.7545 	 7.9626 	 3.1487 	 0.0000 	 2.2227 	 1.0223 
9.0000 	 0.8446 	 17.3291 	 1.8164 	 0.0000 	 6.8506 	 794.3598 	 9.0000 	 0.9410 	 17.3289 	 1.8129 	 0.0000 	 6.8485 	 0.9928 
3.0000 	 0.3744 	 11.3477 	 10.7324 	 0.0000 	 11.1230 	 862.5188 	 3.0000 	 0.6415 	 9.9000 	 0.4805 	 0.0000 	 5.1072 	 1.0018 
38.0000 	 2.5561 	 9.1895 	 2.4805 	 0.0000 	 3.1934 	 1125.2212 	 38.0000 	 1.5655 	 15.9543 	 0.1766 	 0.0000 	 1.8643 	 0.9399 
3.0000 	 0.2708 	 13.4135 	 -3.4392 	 0.0000 	 8.2609 	 797.8614 	 3.0000 	 0.2706 	 13.4138 	 -2.2078 	 0.0000 	 8.2382 	 1.0081 
34.0000 	 1.7731 	 17.5293 	 5.7715 	 0.0000 	 10.9619 	 768.5333 	 34.0000 	 0.1938 	 4.3014 	 3.7671 	 0.0000 	 3.2592 	 0.9901 
31.0000 	 1.2856 	 11.4494 	 4.5892 	 0.0000 	 14.2792 	 852.7480 	 31.0000 	 1.2879 	 11.4558 	 -0.7865 	 0.0000 	 7.2046 	 0.9969 
31.0000 	 1.7705 	 18.4119 	 4.6631 	 0.0000 	 8.3618 	 776.9010 	 31.0000 	 0.3340 	 8.3844 	 0.1488 	 0.0000 	 2.2657 	 1.0002 
28.0000 	 1.0913 	 14.9512 	 4.4727 	 0.0000 	 4.5557 	 947.0662 	 28.0000 	 0.0978 	 11.1759 	 1.3351 	 0.0000 	 6.9435 	 0.7034 
27.0000 	 1.2427 	 18.5449 	 7.6660 	 0.0000 	 1.2988 	 838.4573 	 27.0000 	 2.1019 	 3.9943 	 -0.3777 	 0.0000 	 7.4785 	 0.4213 
23.0000 	 1.1178 	 13.1250 	 -0.0195 	 0.0000 	 11.0059 	 805.1397 	 23.0000 	 1.8587 	 13.6022 	 -3.1885 	 0.0000 	 2.2236 	 1.0035 
20.0000 	 1.5492 	 6.9382 	 -1.8141 	 0.0000 	 6.5567 	 1137.2868 	 20.0000 	 0.8008 	 7.5910 	 -4.7216 	 0.0000 	 5.7818 	 1.0144 
18.0000 	 1.1265 	 16.9265 	 7.7354 	 0.0000 	 2.7041 	 760.2503 	 18.0000 	 2.6010 	 13.4683 	 4.9349 	 0.0000 	 9.1717 	 1.0030 
16.0000 	 1.1027 	 13.7173 	 5.8254 	 0.0000 	 4.1356 	 756.6031 	 16.0000 	 0.9848 	 11.6461 	 -3.3192 	 0.0000 	 4.3218 	 0.9782 
12.0000 	 1.1566 	 19.4189 	 14.1992 	 0.0000 	 7.0654 	 792.8808 	 12.0000 	 0.4022 	 11.3816 	 4.5571 	 0.0000 	 3.8314 	 0.9927 
11.0000 	 1.2303 	 11.8506 	 2.7026 	 0.0000 	 7.7414 	 855.5953 	 11.0000 	 1.3225 	 15.4545 	 2.4362 	 0.0000 	 9.4745 	 0.9894 
6.0000 	 0.6974 	 9.3555 	 5.5664 	 0.0000 	 4.0723 	 894.8132 	 6.0000 	 1.8970 	 2.4917 	 -3.1136 	 0.0000 	 2.2144 	 0.9790 
6.0000 	 0.5725 	 12.3730 	 6.2427 	 0.0000 	 9.1846 	 778.8543 	 6.0000 	 1.8496 	 14.5410 	 2.1309 	 0.0000 	 8.0983 	 0.8981 
