50.0000 	 0.4338 	 1.5619 	 -10.4159 	 1565.5517 	50.0000 	 0.6457 	 2.2384 	 -1.6694 	 0.0396 
49.0000 	 0.1551 	 0.1875 	 -1.3022 	 1565.3319 	49.0000 	 2.9406 	 2.4866 	 -0.3026 	 0.0567 
50.0000 	 0.2601 	 0.5412 	 -3.7258 	 1565.3026 	50.0000 	 2.4296 	 0.7877 	 -0.3673 	 0.0767 
50.0000 	 0.0043 	 0.3712 	 -0.0010 	 2023.2817 	50.0000 	 2.1190 	 0.2394 	 -6.9529 	 0.0209 
50.0000 	 0.8990 	 9.9999 	 -50.0000 	 1219.7219 	50.0000 	 1.4757 	 2.1109 	 -5.9369 	 3.0584 
50.0000 	 0.6013 	 3.0128 	 -20.0114 	 1565.3246 	50.0000 	 0.1779 	 1.3875 	 -6.2781 	 0.0387 
37.0000 	 0.0027 	 9.9998 	 -29.2345 	 1453.2140 	37.0000 	 2.6631 	 1.5986 	 -3.4925 	 1.1281 
36.0000 	 0.0025 	 7.6002 	 -35.6999 	 1533.1428 	36.0000 	 1.1866 	 1.1042 	 -5.8451 	 0.0412 
36.0000 	 0.0834 	 0.0485 	 -0.2818 	 1566.4430 	36.0000 	 2.1599 	 2.9445 	 -1.1566 	 0.0414 
50.0000 	 0.8599 	 10.0000 	 -50.0000 	 1216.2347 	50.0000 	 2.8052 	 2.4830 	 -2.9504 	 1.5031 
50.0000 	 0.4592 	 1.7523 	 -11.6794 	 1565.5006 	50.0000 	 2.5480 	 2.8854 	 -1.3722 	 0.0403 
36.0000 	 0.0195 	 1.2839 	 -2.9783 	 2120.4250 	36.0000 	 2.1521 	 2.9471 	 -1.1539 	 0.0526 
50.0000 	 0.0046 	 0.0010 	 -0.0012 	 1827.5278 	50.0000 	 0.2243 	 2.7319 	 -0.0430 	 0.0689 
35.0000 	 1.1322 	 8.6456 	 -50.0000 	 834.8890 	35.0000 	 1.1577 	 1.3021 	 -2.9141 	 0.1562 
34.0000 	 1.1611 	 8.4089 	 -49.7068 	 831.6704 	34.0000 	 0.7178 	 2.9872 	 -6.1698 	 0.3891 
36.0000 	 1.0802 	 9.9722 	 -49.9399 	 833.7708 	36.0000 	 1.3001 	 1.9925 	 -2.2454 	 3.9323 
50.0000 	 0.3507 	 1.0051 	 -6.7990 	 1565.6920 	50.0000 	 2.0525 	 2.9021 	 -6.1520 	 0.0393 
35.0000 	 1.1362 	 8.6982 	 -50.0000 	 834.8278 	35.0000 	 0.6805 	 2.6763 	 -6.3968 	 0.1339 
36.0000 	 1.1002 	 9.9981 	 -49.9997 	 846.9170 	36.0000 	 2.8122 	 2.2656 	 -5.0977 	 0.3380 
36.0000 	 1.1015 	 8.8128 	 -50.0000 	 840.6412 	36.0000 	 0.6265 	 2.4556 	 -4.5522 	 0.2393 
50.0000 	 0.4854 	 1.9422 	 -13.0388 	 1565.4551 	50.0000 	 0.4125 	 0.9761 	 -1.8430 	 0.0343 
21.0000 	 1.1130 	 4.8176 	 -25.3794 	 832.4029 	21.0000 	 1.3764 	 2.5396 	 -3.4190 	 0.0846 
50.0000 	 0.3327 	 0.9079 	 -6.1126 	 1565.4798 	50.0000 	 0.1660 	 0.9441 	 -1.5235 	 0.0453 
22.0000 	 1.0430 	 4.8113 	 -24.8801 	 832.9909 	22.0000 	 2.9242 	 0.3016 	 -4.1814 	 0.0977 
35.0000 	 1.1303 	 8.6688 	 -49.6916 	 835.3465 	35.0000 	 2.6064 	 0.4609 	 -2.2099 	 0.2463 
49.0000 	 0.4014 	 1.3114 	 -8.7476 	 1565.5166 	49.0000 	 1.4295 	 0.0321 	 -1.0357 	 0.0314 
36.0000 	 0.0025 	 10.0000 	 -29.1883 	 1432.2562 	36.0000 	 1.6261 	 0.8537 	 -3.8535 	 0.5002 
36.0000 	 1.1114 	 8.8664 	 -50.0000 	 840.1938 	36.0000 	 2.1044 	 1.5952 	 -2.9711 	 0.3154 
21.0000 	 1.0809 	 4.8313 	 -24.6349 	 832.4728 	21.0000 	 1.3456 	 1.1295 	 -4.7517 	 0.1005 
21.0000 	 1.1025 	 4.8959 	 -25.2382 	 832.4171 	21.0000 	 2.3497 	 2.0393 	 -5.4180 	 0.0798 
35.0000 	 0.3698 	 0.9410 	 -5.3828 	 1566.5545 	35.0000 	 2.0423 	 0.9808 	 -4.0592 	 0.0467 
37.0000 	 0.1325 	 0.1243 	 -0.7319 	 1566.3291 	37.0000 	 0.1204 	 2.7576 	 -0.5962 	 0.0371 
20.0000 	 1.1138 	 4.6522 	 -23.8840 	 833.4812 	20.0000 	 0.9632 	 2.8013 	 -3.8216 	 0.1030 
35.0000 	 0.2324 	 0.3705 	 -2.1300 	 1566.5312 	35.0000 	 0.3490 	 2.1595 	 -5.3814 	 0.0430 
50.0000 	 0.6885 	 3.9607 	 -26.3304 	 1562.4402 	50.0000 	 2.4491 	 0.4968 	 -3.4117 	 0.1273 
6.0000 	 2.0705 	 1.3899 	 -4.8554 	 858.8973 	6.0000 	 0.7683 	 0.5631 	 -4.3165 	 0.3654 
5.0000 	 4.8749 	 4.0526 	 -13.1589 	 846.0977 	5.0000 	 1.0705 	 1.9724 	 -4.8348 	 0.4998 
34.0000 	 0.3973 	 1.0540 	 -6.0296 	 1566.6768 	34.0000 	 2.8104 	 2.5883 	 -0.9735 	 0.0448 
21.0000 	 1.1293 	 4.9490 	 -25.9719 	 832.5752 	21.0000 	 1.1355 	 2.4823 	 -2.4021 	 0.0844 
36.0000 	 1.1031 	 8.8781 	 -49.9976 	 840.7889 	36.0000 	 2.4253 	 0.8890 	 -2.1940 	 0.6886 
20.0000 	 1.0191 	 4.4097 	 -21.4939 	 833.7001 	20.0000 	 2.8627 	 0.5676 	 -4.4690 	 0.1555 
49.0000 	 0.5861 	 2.8194 	 -18.6866 	 1565.5585 	49.0000 	 1.1023 	 2.9443 	 -0.1571 	 0.0441 
19.0000 	 1.0614 	 4.1563 	 -20.9326 	 834.3470 	19.0000 	 2.5598 	 2.1171 	 -6.9650 	 0.1042 
22.0000 	 1.0776 	 5.0885 	 -26.2252 	 831.7720 	22.0000 	 1.5744 	 1.4155 	 -5.5923 	 0.0698 
20.0000 	 0.0509 	 4.9248 	 -14.5331 	 1382.1789 	20.0000 	 1.2899 	 0.7394 	 -1.4574 	 0.0334 
19.0000 	 1.0759 	 4.3123 	 -21.3141 	 834.3520 	19.0000 	 1.9834 	 2.8696 	 -1.1865 	 0.0804 
35.0000 	 1.1409 	 8.5904 	 -50.0000 	 834.5871 	35.0000 	 2.7538 	 2.1113 	 -2.3712 	 0.1830 
6.0000 	 1.4229 	 0.9518 	 -3.0856 	 871.5717 	6.0000 	 2.6962 	 0.6647 	 -2.1853 	 0.2292 
6.0000 	 1.8271 	 1.2248 	 -4.1095 	 862.3593 	6.0000 	 0.7313 	 2.8287 	 -6.3812 	 0.3386 
7.0000 	 2.5517 	 2.5945 	 -9.6075 	 845.9405 	7.0000 	 2.6369 	 2.9692 	 -5.4478 	 0.3336 
5.0000 	 3.3549 	 2.0233 	 -6.5890 	 854.7909 	5.0000 	 1.2674 	 2.5595 	 -6.2951 	 0.4318 
20.0000 	 1.0751 	 4.5924 	 -22.9090 	 833.1512 	20.0000 	 1.8674 	 0.5978 	 -2.9198 	 0.0687 
7.0000 	 2.2831 	 2.3317 	 -8.1617 	 849.3947 	7.0000 	 1.3614 	 1.4153 	 -3.1529 	 0.3136 
35.0000 	 0.2865 	 0.5578 	 -3.2373 	 1566.6249 	35.0000 	 0.2673 	 1.9485 	 -2.9071 	 0.0378 
35.0000 	 1.1375 	 8.6031 	 -50.0000 	 834.5089 	35.0000 	 2.3154 	 2.4795 	 -2.6332 	 0.1671 
4.0000 	 1.3309 	 0.2914 	 -0.8554 	 908.0012 	4.0000 	 0.3032 	 1.8705 	 -6.4586 	 0.2456 
4.0000 	 2.4321 	 0.7039 	 -2.1046 	 882.9124 	4.0000 	 2.2446 	 1.1123 	 -3.5084 	 0.5302 
36.0000 	 1.1042 	 8.9587 	 -49.9087 	 840.6528 	36.0000 	 2.0217 	 0.1284 	 -6.6666 	 0.3054 
6.0000 	 3.2848 	 2.9304 	 -10.4660 	 845.1864 	6.0000 	 1.3735 	 0.8161 	 -0.7605 	 0.4989 
5.0000 	 2.4326 	 1.2667 	 -3.8422 	 865.2203 	5.0000 	 0.6364 	 1.6740 	 -1.9053 	 0.4583 
21.0000 	 1.0692 	 4.7854 	 -24.4074 	 832.5347 	21.0000 	 1.0995 	 1.2802 	 -2.9869 	 0.0668 
20.0000 	 1.0880 	 4.5690 	 -23.2269 	 833.1780 	20.0000 	 1.5955 	 2.4920 	 -4.7935 	 0.0940 
6.0000 	 1.6879 	 1.1276 	 -3.7068 	 865.3336 	6.0000 	 0.1124 	 1.6970 	 -5.6489 	 0.2696 
21.0000 	 1.1123 	 4.9002 	 -25.5298 	 832.3614 	21.0000 	 0.1123 	 0.9510 	 -3.0607 	 0.0876 
5.0000 	 1.7822 	 0.7986 	 -2.5059 	 873.9272 	5.0000 	 0.3531 	 2.1816 	 -3.7273 	 0.3035 
5.0000 	 1.7065 	 0.7564 	 -2.3707 	 875.5741 	5.0000 	 0.3506 	 0.6755 	 -1.7526 	 0.2847 
36.0000 	 1.1111 	 8.7495 	 -50.0000 	 840.2647 	36.0000 	 0.7049 	 0.9242 	 -0.2352 	 0.2560 
21.0000 	 1.0853 	 4.8522 	 -24.7713 	 832.4141 	21.0000 	 2.9021 	 0.3644 	 -6.1879 	 0.0635 
21.0000 	 1.0355 	 4.7054 	 -23.3536 	 833.0285 	21.0000 	 2.3951 	 2.5615 	 -1.9764 	 0.0619 
37.0000 	 0.3092 	 0.6782 	 -3.9803 	 1566.3386 	37.0000 	 0.3178 	 0.2031 	 -4.6816 	 0.0349 
20.0000 	 1.1613 	 4.6541 	 -24.7958 	 834.0909 	20.0000 	 0.2544 	 1.9170 	 -4.4011 	 0.1195 
20.0000 	 1.0773 	 4.4891 	 -22.8670 	 833.4983 	20.0000 	 0.6330 	 0.2781 	 -1.5921 	 0.1088 
20.0000 	 1.0432 	 4.5357 	 -22.2515 	 833.4451 	20.0000 	 2.0039 	 1.9045 	 -5.6990 	 0.0898 
35.0000 	 1.1359 	 8.5650 	 -50.0000 	 834.7616 	35.0000 	 2.1170 	 0.0730 	 -6.8479 	 0.1635 
6.0000 	 2.2808 	 1.6594 	 -5.6042 	 855.2744 	6.0000 	 2.3183 	 0.5685 	 -1.6781 	 0.2906 
6.0000 	 2.5564 	 1.9907 	 -6.6650 	 852.0552 	6.0000 	 1.1230 	 2.1809 	 -3.1705 	 0.3374 
5.0000 	 2.4458 	 1.1978 	 -3.8239 	 864.6866 	5.0000 	 1.9847 	 2.7050 	 -1.6497 	 0.2812 
6.0000 	 1.8123 	 1.1891 	 -4.0397 	 862.4732 	6.0000 	 0.6724 	 2.1109 	 -6.4792 	 0.4920 
35.0000 	 0.6287 	 3.9050 	 -17.7746 	 1505.9409 	35.0000 	 1.9113 	 2.8956 	 -1.4204 	 0.6150 
5.0000 	 1.8066 	 0.7614 	 -2.4559 	 875.6983 	5.0000 	 2.3082 	 0.3494 	 -0.3098 	 0.2873 
34.0000 	 1.1647 	 8.4262 	 -50.0000 	 831.1599 	34.0000 	 2.1182 	 2.1896 	 -4.7449 	 0.0852 
5.0000 	 1.8116 	 0.7805 	 -2.4867 	 874.1819 	5.0000 	 2.5801 	 0.6009 	 -1.4159 	 0.3153 
21.0000 	 0.0026 	 5.3303 	 -15.3675 	 1390.7796 	21.0000 	 2.6365 	 1.3338 	 -1.9361 	 0.0645 
21.0000 	 1.0542 	 4.7581 	 -23.9366 	 832.5934 	21.0000 	 0.8982 	 2.8126 	 -5.2652 	 0.0600 
20.0000 	 1.0478 	 4.4683 	 -22.2082 	 833.2789 	20.0000 	 2.7216 	 0.0223 	 -6.6061 	 0.1088 
6.0000 	 2.4233 	 1.9300 	 -6.4300 	 853.7018 	6.0000 	 2.1869 	 1.5168 	 -2.2178 	 0.3478 
5.0000 	 1.6629 	 0.7213 	 -2.2504 	 877.6060 	5.0000 	 1.2295 	 2.4772 	 -6.7852 	 0.3333 
22.0000 	 1.0967 	 5.1093 	 -26.5965 	 831.7194 	22.0000 	 2.0058 	 2.5183 	 -2.1495 	 0.0533 
20.0000 	 1.0769 	 4.5504 	 -22.9084 	 833.3608 	20.0000 	 0.7943 	 0.5469 	 -6.7467 	 0.0716 
6.0000 	 2.2313 	 1.6156 	 -5.4458 	 855.4129 	6.0000 	 0.1496 	 1.4856 	 -4.5063 	 0.3731 
5.0000 	 2.1534 	 1.0291 	 -3.2193 	 867.6095 	5.0000 	 2.9620 	 0.5560 	 -0.8785 	 0.2941 
19.0000 	 1.0403 	 4.0824 	 -20.3540 	 834.4063 	19.0000 	 2.5976 	 1.2739 	 -4.6114 	 0.0723 
49.0000 	 0.2689 	 0.5925 	 -3.9293 	 1565.6050 	49.0000 	 1.7813 	 1.8412 	 -2.9241 	 0.0406 
7.0000 	 0.7403 	 0.8301 	 -2.7221 	 877.1061 	7.0000 	 1.4046 	 2.0664 	 -3.5870 	 0.2698 
4.0000 	 4.6653 	 2.2099 	 -6.7733 	 860.9741 	4.0000 	 2.7521 	 2.6721 	 -4.1142 	 0.9068 
35.0000 	 1.1355 	 8.7372 	 -49.9990 	 834.7042 	35.0000 	 1.4887 	 0.4289 	 -6.9729 	 0.1446 
21.0000 	 1.0649 	 4.7517 	 -24.0566 	 832.6912 	21.0000 	 1.0223 	 2.6626 	 -1.1424 	 0.0723 
37.0000 	 0.2236 	 0.3499 	 -2.0749 	 1566.3318 	37.0000 	 2.0805 	 0.2131 	 -6.0064 	 0.0308 
49.0000 	 0.0044 	 0.7297 	 -0.0010 	 2023.3574 	49.0000 	 1.7687 	 2.6184 	 -1.1488 	 0.0000 
20.0000 	 1.0448 	 4.4634 	 -22.1646 	 833.3331 	20.0000 	 2.9234 	 2.2518 	 -1.9735 	 0.0801 
6.0000 	 2.2880 	 1.6565 	 -5.5916 	 855.6551 	6.0000 	 2.2617 	 1.2344 	 -1.9319 	 0.2992 
5.0000 	 2.7565 	 1.5026 	 -4.8309 	 859.2799 	5.0000 	 2.2624 	 2.6843 	 -2.8886 	 0.4317 
49.0000 	 0.2836 	 0.6565 	 -4.3652 	 1565.4962 	49.0000 	 0.6619 	 0.3210 	 -1.3387 	 0.0579 
49.0000 	 0.1040 	 0.0889 	 -0.5883 	 1565.5879 	49.0000 	 0.0701 	 2.5123 	 -0.5657 	 0.0571 
49.0000 	 0.3474 	 0.9873 	 -6.5521 	 1565.5514 	49.0000 	 0.7473 	 0.7955 	 -6.8822 	 0.0383 
49.0000 	 0.8947 	 10.0000 	 -50.0000 	 1174.6807 	49.0000 	 1.3537 	 0.2182 	 -2.1832 	 2.4082 
49.0000 	 0.5467 	 2.4492 	 -16.2396 	 1565.5134 	49.0000 	 2.9959 	 1.6188 	 -0.8428 	 0.0306 
49.0000 	 0.5481 	 2.4668 	 -16.3520 	 1565.5252 	49.0000 	 1.7014 	 2.3387 	 -6.0939 	 0.0362 
34.0000 	 1.1638 	 8.4506 	 -50.0000 	 831.2049 	34.0000 	 2.3897 	 0.0180 	 -2.5834 	 0.0808 
37.0000 	 1.0845 	 8.6936 	 -50.0000 	 849.8383 	37.0000 	 2.9449 	 2.8094 	 -6.4642 	 0.3715 
37.0000 	 1.0892 	 9.1165 	 -49.9992 	 849.9052 	37.0000 	 1.5141 	 1.2151 	 -2.3395 	 0.5160 
37.0000 	 1.0800 	 8.9131 	 -50.0000 	 849.1393 	37.0000 	 0.2356 	 2.6695 	 -1.8475 	 0.4872 
37.0000 	 0.2594 	 0.4766 	 -2.8012 	 1566.3532 	37.0000 	 0.9816 	 2.0146 	 -0.0816 	 0.0372 
22.0000 	 1.0678 	 5.0032 	 -25.8389 	 832.0789 	22.0000 	 0.5654 	 0.5622 	 -2.9586 	 0.0928 
37.0000 	 0.0122 	 0.0010 	 -0.0062 	 1566.3126 	37.0000 	 2.8816 	 1.4456 	 -6.1332 	 0.0449 
37.0000 	 1.0920 	 9.0772 	 -50.0000 	 848.9826 	37.0000 	 1.9230 	 0.3282 	 -5.8288 	 0.6326 
37.0000 	 1.0806 	 8.9829 	 -50.0000 	 848.6057 	37.0000 	 2.7449 	 1.3700 	 -4.6234 	 0.3405 
19.0000 	 1.0655 	 4.2854 	 -21.0155 	 834.2593 	19.0000 	 0.8040 	 1.4547 	 -2.1837 	 0.0783 
7.0000 	 1.8523 	 1.6828 	 -5.9587 	 855.8721 	7.0000 	 1.6740 	 0.5682 	 -1.4126 	 0.3073 
34.0000 	 1.1661 	 8.4430 	 -50.0000 	 831.1477 	34.0000 	 1.1832 	 1.3434 	 -0.3820 	 0.0967 
4.0000 	 2.9859 	 0.8974 	 -2.5953 	 880.3074 	4.0000 	 2.3105 	 1.9740 	 -4.2813 	 0.4233 
34.0000 	 1.1599 	 8.4065 	 -49.8741 	 831.3233 	34.0000 	 0.8232 	 2.6599 	 -6.9473 	 0.0819 
34.0000 	 0.0837 	 9.8028 	 -28.9897 	 1404.4408 	34.0000 	 2.7005 	 1.5646 	 -4.1155 	 0.3975 
34.0000 	 0.2892 	 0.5657 	 -3.2120 	 1566.6464 	34.0000 	 1.7611 	 1.6695 	 -3.7176 	 0.0437 
34.0000 	 0.3640 	 0.8850 	 -5.0847 	 1566.6007 	34.0000 	 2.7915 	 0.7040 	 -1.9345 	 0.0391 
48.0000 	 0.0588 	 7.1593 	 -1.5855 	 2036.3065 	48.0000 	 1.0281 	 0.3760 	 -2.9895 	 0.0156 
34.0000 	 1.1608 	 8.4512 	 -49.9999 	 831.2806 	34.0000 	 1.0891 	 1.5438 	 -1.6693 	 0.1354 
34.0000 	 0.1646 	 0.1834 	 -1.0399 	 1566.6490 	34.0000 	 1.1700 	 1.4585 	 -4.4058 	 0.0370 
22.0000 	 1.1535 	 5.1044 	 -27.8516 	 832.6250 	22.0000 	 2.1402 	 2.7419 	 -5.5885 	 0.2697 
22.0000 	 1.1132 	 5.1259 	 -27.2211 	 831.6915 	22.0000 	 1.6378 	 2.4126 	 -6.5620 	 0.0812 
22.0000 	 1.0846 	 5.1151 	 -26.2426 	 831.8297 	22.0000 	 2.5498 	 2.2632 	 -6.1521 	 0.0570 
48.0000 	 0.1593 	 0.2062 	 -1.3526 	 1565.6356 	48.0000 	 0.4744 	 1.4485 	 -4.8539 	 0.0346 
48.0000 	 0.4165 	 1.3956 	 -9.2215 	 1565.5493 	48.0000 	 1.0796 	 1.8105 	 -4.4259 	 0.0431 
22.0000 	 1.4329 	 5.8495 	 -36.1987 	 835.8013 	22.0000 	 0.3145 	 1.2860 	 -1.1425 	 0.3312 
22.0000 	 1.1058 	 5.1424 	 -27.0766 	 831.5532 	22.0000 	 0.4923 	 2.7408 	 -0.3930 	 0.0665 
19.0000 	 1.0440 	 4.2427 	 -20.5580 	 834.2055 	19.0000 	 1.1281 	 0.6996 	 -6.1622 	 0.0676 
19.0000 	 1.0083 	 4.1173 	 -19.6951 	 834.5737 	19.0000 	 1.1742 	 2.3025 	 -6.7933 	 0.1472 
19.0000 	 1.0418 	 4.2242 	 -20.4975 	 834.2463 	19.0000 	 1.0657 	 2.5933 	 -5.5436 	 0.0614 
7.0000 	 4.7343 	 6.9659 	 -27.3034 	 839.8521 	7.0000 	 2.4409 	 0.9576 	 -1.4160 	 0.7112 
22.0000 	 1.0975 	 5.1237 	 -26.7361 	 831.6609 	22.0000 	 0.2158 	 0.0185 	 -4.9591 	 0.0684 
4.0000 	 6.0000 	 3.6582 	 -10.6655 	 856.1244 	4.0000 	 1.1410 	 0.8516 	 -6.5760 	 0.5768 
38.0000 	 1.0699 	 9.6189 	 -49.9999 	 862.2234 	38.0000 	 0.1967 	 2.7214 	 -1.8592 	 0.9956 
7.0000 	 1.4493 	 1.2746 	 -4.4556 	 864.2924 	7.0000 	 2.7683 	 2.5841 	 -0.4219 	 0.3636 
19.0000 	 1.0301 	 4.2110 	 -20.3332 	 834.2594 	19.0000 	 1.5863 	 1.9507 	 -6.5289 	 0.0613 
22.0000 	 1.0988 	 5.1289 	 -26.6976 	 831.7022 	22.0000 	 1.9654 	 0.9141 	 -0.9206 	 0.1003 
7.0000 	 1.5495 	 1.4043 	 -4.8558 	 861.6992 	7.0000 	 0.7211 	 1.1974 	 -2.2663 	 0.2847 
4.0000 	 3.0437 	 0.9666 	 -2.9146 	 876.4758 	4.0000 	 0.1334 	 1.3577 	 -1.5281 	 0.4323 
7.0000 	 2.2895 	 2.2985 	 -8.1745 	 849.0855 	7.0000 	 1.8590 	 2.6578 	 -2.3060 	 0.3680 
19.0000 	 1.0412 	 4.2056 	 -20.5326 	 834.2778 	19.0000 	 2.0936 	 0.5454 	 -5.3281 	 0.0612 
4.0000 	 6.0000 	 3.3659 	 -10.3297 	 855.4151 	4.0000 	 2.3450 	 1.5728 	 -2.8242 	 0.5608 
4.0000 	 1.2886 	 0.2949 	 -0.8511 	 906.4550 	4.0000 	 0.0356 	 1.4538 	 -1.6794 	 0.2574 
19.0000 	 1.0542 	 4.2723 	 -20.8846 	 834.2515 	19.0000 	 1.0155 	 2.1949 	 -5.0965 	 0.0871 
38.0000 	 1.0596 	 9.9981 	 -49.9997 	 863.5886 	38.0000 	 0.7576 	 2.1418 	 -1.8474 	 0.6990 
7.0000 	 2.1172 	 1.9548 	 -7.1764 	 851.6477 	7.0000 	 0.9827 	 1.4022 	 -4.2482 	 0.4957 
38.0000 	 0.1668 	 0.1965 	 -1.1869 	 1566.2060 	38.0000 	 2.6938 	 1.7814 	 -1.0605 	 0.1048 
4.0000 	 4.1954 	 1.8232 	 -5.4906 	 864.8185 	4.0000 	 1.4999 	 1.3911 	 -3.5169 	 0.7155 
7.0000 	 2.5470 	 2.6309 	 -9.5084 	 846.5931 	7.0000 	 2.0424 	 2.9111 	 -3.0509 	 0.2932 
4.0000 	 0.3691 	 0.1742 	 -0.4742 	 925.4280 	4.0000 	 0.7256 	 0.8103 	 -3.3843 	 0.3673 
33.0000 	 0.0053 	 10.0000 	 -0.0010 	 1946.4273 	33.0000 	 1.4062 	 1.2468 	 -0.3160 	 0.2868 
48.0000 	 0.1750 	 0.2488 	 -1.6323 	 1565.6512 	48.0000 	 2.5674 	 1.7998 	 -3.2717 	 0.0356 
19.0000 	 1.0993 	 4.3231 	 -21.8869 	 834.5347 	19.0000 	 1.4551 	 2.7655 	 -4.8498 	 0.0869 
7.0000 	 2.4501 	 2.4748 	 -9.0089 	 846.5574 	7.0000 	 1.6330 	 2.1929 	 -5.5037 	 0.5394 
23.0000 	 1.1058 	 5.3766 	 -28.6098 	 831.1289 	23.0000 	 2.1449 	 0.2110 	 -1.0340 	 0.0711 
48.0000 	 0.2472 	 0.4968 	 -3.2599 	 1565.5945 	48.0000 	 0.4397 	 2.2069 	 -3.2024 	 0.0291 
4.0000 	 0.6682 	 0.2060 	 -0.5732 	 924.6135 	4.0000 	 2.0603 	 1.2423 	 -5.6154 	 0.3129 
18.0000 	 0.0076 	 4.3227 	 -12.2192 	 1390.8665 	18.0000 	 2.1226 	 0.3902 	 -3.1164 	 0.0750 
33.0000 	 0.0479 	 7.1740 	 -31.5563 	 1533.2191 	33.0000 	 2.1141 	 2.8340 	 -1.6777 	 0.4140 
48.0000 	 0.4679 	 1.7863 	 -11.6825 	 1565.5367 	48.0000 	 2.3455 	 2.1921 	 -2.1679 	 0.0425 
38.0000 	 0.2411 	 0.4177 	 -2.4984 	 1566.2894 	38.0000 	 2.1435 	 1.2753 	 -2.9524 	 0.0334 
8.0000 	 1.7360 	 2.1000 	 -7.3583 	 856.0074 	8.0000 	 1.5826 	 1.9195 	 -2.7039 	 0.2699 
3.0000 	 5.8811 	 1.6742 	 -4.3157 	 882.2464 	3.0000 	 1.5432 	 2.2260 	 -0.7499 	 0.9294 
33.0000 	 1.1837 	 8.1074 	 -49.3311 	 829.6020 	33.0000 	 2.3482 	 2.1553 	 -3.6673 	 0.0741 
48.0000 	 0.5033 	 2.0622 	 -13.5107 	 1565.5191 	48.0000 	 1.0826 	 0.7058 	 -1.4209 	 0.0399 
23.0000 	 1.1114 	 5.4220 	 -28.7571 	 830.9686 	23.0000 	 2.4117 	 2.4728 	 -4.3764 	 0.0663 
38.0000 	 0.1634 	 0.1911 	 -1.1385 	 1566.3020 	38.0000 	 2.5822 	 2.5741 	 -4.7075 	 0.0362 
18.0000 	 0.9746 	 3.8255 	 -17.6443 	 835.7911 	18.0000 	 1.8781 	 0.1226 	 -4.9104 	 0.1164 
48.0000 	 0.2745 	 0.6125 	 -4.0157 	 1565.5761 	48.0000 	 1.5186 	 2.0414 	 -1.6765 	 0.0305 
33.0000 	 0.1863 	 0.2320 	 -1.2970 	 1566.7616 	33.0000 	 0.2489 	 0.8238 	 -5.2108 	 0.0301 
8.0000 	 0.7544 	 1.0396 	 -3.6195 	 868.1058 	8.0000 	 2.6178 	 1.3586 	 -3.6267 	 0.2493 
23.0000 	 1.0922 	 5.3275 	 -28.2220 	 831.2074 	23.0000 	 2.1347 	 0.1426 	 -4.0274 	 0.0616 
3.0000 	 1.7109 	 0.1714 	 -0.4292 	 922.3918 	3.0000 	 1.3806 	 2.0615 	 -2.5138 	 0.3996 
48.0000 	 0.3249 	 0.8501 	 -5.6208 	 1565.6090 	48.0000 	 2.6486 	 0.6209 	 -1.7894 	 0.0370 
38.0000 	 0.4219 	 1.2541 	 -7.5810 	 1566.1946 	38.0000 	 2.8540 	 0.9706 	 -2.4610 	 0.0455 
38.0000 	 0.3400 	 0.8251 	 -4.9248 	 1566.2700 	38.0000 	 0.9310 	 2.1629 	 -0.9130 	 0.0324 
18.0000 	 1.0215 	 3.9326 	 -18.6147 	 835.4464 	18.0000 	 0.2183 	 1.3891 	 -4.8040 	 0.1014 
47.0000 	 0.4630 	 1.6863 	 -11.1854 	 1565.6462 	47.0000 	 2.3261 	 0.2295 	 -0.1023 	 0.0412 
8.0000 	 1.7236 	 1.9976 	 -7.4726 	 852.9292 	8.0000 	 0.1717 	 0.1783 	 -6.2578 	 0.3541 
23.0000 	 1.0915 	 5.2516 	 -28.1520 	 831.2848 	23.0000 	 1.9203 	 2.7491 	 -5.9100 	 0.2723 
3.0000 	 1.2311 	 0.1194 	 -0.3096 	 932.3668 	3.0000 	 1.0523 	 2.1273 	 -2.3414 	 0.3076 
33.0000 	 0.0034 	 7.1978 	 -31.5098 	 1533.2960 	33.0000 	 0.6552 	 1.9577 	 -3.0325 	 0.0329 
33.0000 	 0.3139 	 0.6542 	 -3.6794 	 1566.7565 	33.0000 	 0.3844 	 0.8142 	 -2.2521 	 0.0401 
33.0000 	 1.1950 	 8.1868 	 -50.0000 	 829.2144 	33.0000 	 2.6930 	 1.5581 	 -5.6337 	 0.0685 
47.0000 	 0.3628 	 1.0640 	 -6.8753 	 1565.6345 	47.0000 	 0.7981 	 0.2589 	 -4.1361 	 0.0299 
18.0000 	 1.0157 	 3.8480 	 -18.4089 	 835.4288 	18.0000 	 2.6300 	 2.9831 	 -3.0332 	 0.0776 
8.0000 	 0.7956 	 1.0775 	 -3.7282 	 868.3216 	8.0000 	 0.1242 	 0.6985 	 -6.5705 	 0.1976 
3.0000 	 2.1073 	 0.2335 	 -0.6094 	 915.5102 	3.0000 	 2.1587 	 1.8642 	 -1.8331 	 0.4562 
48.0000 	 0.9066 	 10.0000 	 -50.0000 	 1136.1452 	48.0000 	 2.5445 	 1.5749 	 -3.1117 	 2.0332 
47.0000 	 0.9115 	 9.9981 	 -49.9997 	 1102.2387 	47.0000 	 0.6254 	 0.8525 	 -1.6746 	 1.8926 
23.0000 	 1.1383 	 5.5277 	 -29.6150 	 831.0187 	23.0000 	 1.3827 	 2.5503 	 -1.3170 	 0.0914 
23.0000 	 1.1920 	 5.5457 	 -31.1599 	 831.3580 	23.0000 	 1.4859 	 2.3331 	 -6.5678 	 0.1364 
39.0000 	 0.2080 	 0.3050 	 -1.8881 	 1565.6669 	39.0000 	 2.3785 	 2.0893 	 -0.7559 	 0.1528 
23.0000 	 1.1043 	 5.4374 	 -28.5815 	 831.1708 	23.0000 	 2.9554 	 0.2298 	 -3.7152 	 0.0838 
38.0000 	 1.0614 	 9.9994 	 -49.9999 	 861.9015 	38.0000 	 1.6572 	 2.7867 	 -1.8049 	 0.7677 
18.0000 	 1.1388 	 4.1093 	 -20.9154 	 836.8008 	18.0000 	 1.6943 	 0.3818 	 -1.1583 	 0.1190 
18.0000 	 1.0348 	 3.9339 	 -18.9738 	 835.6091 	18.0000 	 2.3944 	 0.9128 	 -3.4920 	 0.0972 
8.0000 	 0.7468 	 1.0555 	 -3.5848 	 867.5073 	8.0000 	 2.5579 	 1.4249 	 -0.8946 	 0.2728 
18.0000 	 0.9906 	 3.8397 	 -18.0035 	 835.5397 	18.0000 	 0.8022 	 0.1948 	 -4.8600 	 0.0620 
8.0000 	 1.5249 	 1.7093 	 -6.4204 	 857.0415 	8.0000 	 1.5159 	 0.3607 	 -0.8751 	 0.2817 
3.0000 	 5.9829 	 1.4314 	 -3.8931 	 882.5806 	3.0000 	 2.6174 	 0.7432 	 -6.1149 	 0.7378 
38.0000 	 0.9302 	 9.9997 	 -42.8571 	 943.0229 	38.0000 	 0.3037 	 1.7689 	 -1.1540 	 0.8357 
3.0000 	 1.2914 	 0.1274 	 -0.3293 	 930.2163 	3.0000 	 1.2171 	 0.7702 	 -2.9268 	 0.3163 
39.0000 	 1.0485 	 8.7901 	 -49.9951 	 879.1418 	39.0000 	 2.1949 	 0.0671 	 -1.2804 	 0.9669 
39.0000 	 0.2325 	 0.3916 	 -2.3660 	 1566.2065 	39.0000 	 1.0068 	 0.1192 	 -6.3144 	 0.0394 
32.0000 	 1.2266 	 8.0404 	 -49.9989 	 828.1308 	32.0000 	 2.5544 	 2.0952 	 -6.2033 	 0.0590 
8.0000 	 1.4003 	 1.5496 	 -5.7546 	 860.6772 	8.0000 	 1.7543 	 1.3696 	 -0.1762 	 0.2288 
3.0000 	 3.3197 	 0.4782 	 -1.2388 	 904.4051 	3.0000 	 2.5781 	 0.0080 	 -0.2785 	 0.7086 
33.0000 	 1.1921 	 8.2385 	 -50.0000 	 829.1390 	33.0000 	 1.5667 	 2.3425 	 -4.4978 	 0.0730 
47.0000 	 0.0459 	 0.0169 	 -0.1101 	 1565.6819 	47.0000 	 1.1985 	 2.8917 	 -0.3550 	 0.0358 
24.0000 	 1.1243 	 5.7164 	 -30.9166 	 830.4919 	24.0000 	 1.3659 	 2.5394 	 -6.3223 	 0.1764 
23.0000 	 1.1058 	 5.3619 	 -28.6703 	 831.0909 	23.0000 	 1.5729 	 2.6468 	 -2.1170 	 0.0743 
38.0000 	 1.0737 	 9.0043 	 -50.0000 	 862.8377 	38.0000 	 1.9363 	 2.6228 	 -3.1000 	 0.7509 
32.0000 	 0.4372 	 1.2286 	 -6.9244 	 1566.7518 	32.0000 	 0.4498 	 1.7929 	 -4.0084 	 0.0501 
33.0000 	 1.1924 	 8.2458 	 -50.0000 	 829.1298 	33.0000 	 0.9062 	 2.4388 	 -5.4961 	 0.0582 
17.0000 	 0.9926 	 3.6151 	 -16.6427 	 836.6352 	17.0000 	 0.0145 	 1.0075 	 -0.6173 	 0.1126 
47.0000 	 0.3715 	 1.0904 	 -7.1930 	 1565.6103 	47.0000 	 0.0140 	 1.2877 	 -5.3659 	 0.0526 
18.0000 	 0.9986 	 3.8555 	 -18.0763 	 835.6994 	18.0000 	 1.8625 	 0.3516 	 -6.5778 	 0.0556 
32.0000 	 1.2099 	 7.9043 	 -49.0667 	 828.3579 	32.0000 	 1.3476 	 0.6061 	 -6.5570 	 0.0624 
9.0000 	 0.7628 	 1.2661 	 -4.5767 	 861.4140 	9.0000 	 2.0097 	 2.3546 	 -3.2786 	 0.1582 
2.0000 	 2.7505 	 0.0567 	 -0.1378 	 966.6343 	2.0000 	 1.3303 	 1.9342 	 -1.3362 	 0.5258 
8.0000 	 2.2730 	 2.6998 	 -10.6232 	 845.6923 	8.0000 	 1.4524 	 2.2252 	 -4.9563 	 0.2907 
3.0000 	 1.9164 	 0.1971 	 -0.4963 	 918.9851 	3.0000 	 1.4494 	 0.5234 	 -0.1802 	 0.3626 
23.0000 	 1.1059 	 5.4172 	 -28.5985 	 831.0664 	23.0000 	 2.9527 	 1.4458 	 -3.1490 	 0.0653 
24.0000 	 1.1307 	 5.4344 	 -30.7203 	 831.5070 	24.0000 	 0.3575 	 0.7435 	 -0.8222 	 0.0853 
47.0000 	 0.3435 	 0.9356 	 -6.1397 	 1565.7048 	47.0000 	 0.3301 	 2.6876 	 -5.5857 	 0.0316 
18.0000 	 1.0986 	 3.9466 	 -20.1170 	 836.2488 	18.0000 	 0.0917 	 1.8293 	 -3.6463 	 0.1704 
33.0000 	 1.1941 	 8.1702 	 -49.9883 	 829.2998 	33.0000 	 1.4325 	 1.4338 	 -0.1602 	 0.1718 
24.0000 	 1.1288 	 5.8239 	 -31.0781 	 830.5258 	24.0000 	 2.8561 	 2.6083 	 -6.7434 	 0.0986 
47.0000 	 0.6187 	 3.1401 	 -19.9743 	 1565.1408 	47.0000 	 2.9346 	 1.3201 	 -2.1396 	 0.0698 
39.0000 	 1.0308 	 9.8344 	 -50.0000 	 877.9121 	39.0000 	 2.6829 	 0.5684 	 -6.6525 	 1.0215 
17.0000 	 1.0146 	 3.6424 	 -16.9793 	 836.7906 	17.0000 	 1.2557 	 2.2291 	 -1.0254 	 0.0804 
8.0000 	 1.5521 	 1.7522 	 -6.4765 	 857.1131 	8.0000 	 0.6197 	 1.4900 	 -2.0972 	 0.3450 
3.0000 	 5.9996 	 1.5755 	 -4.0560 	 881.8085 	3.0000 	 2.1462 	 2.6585 	 -2.2007 	 0.6946 
9.0000 	 2.0811 	 2.9222 	 -12.3394 	 844.4279 	9.0000 	 2.8515 	 0.1935 	 -0.5837 	 0.2783 
23.0000 	 1.1313 	 5.4505 	 -29.5938 	 831.0090 	23.0000 	 2.7509 	 0.4515 	 -3.8829 	 0.0947 
2.0000 	 6.0000 	 0.2593 	 -0.6624 	 951.6803 	2.0000 	 0.6898 	 0.7386 	 -6.3658 	 2.5343 
17.0000 	 0.9838 	 3.5810 	 -16.4278 	 836.7272 	17.0000 	 0.4516 	 2.5573 	 -4.8206 	 0.0543 
47.0000 	 0.9261 	 10.0000 	 -50.0000 	 1099.8275 	47.0000 	 1.0784 	 0.2874 	 -4.4965 	 2.0022 
9.0000 	 1.3073 	 1.7081 	 -6.9137 	 858.5408 	9.0000 	 1.1161 	 1.4243 	 -3.1429 	 0.2648 
18.0000 	 1.0273 	 3.9291 	 -18.7193 	 835.3897 	18.0000 	 2.7876 	 1.3268 	 -0.9849 	 0.0822 
2.0000 	 0.0025 	 9.9929 	 -0.0010 	 1774.3895 	2.0000 	 1.1216 	 2.2199 	 -0.7801 	 0.1208 
8.0000 	 3.8086 	 5.9923 	 -25.5800 	 838.0163 	8.0000 	 2.3757 	 0.5592 	 -4.3162 	 0.5135 
39.0000 	 0.3988 	 1.1573 	 -6.9536 	 1566.2167 	39.0000 	 0.8082 	 0.7832 	 -2.0596 	 0.0313 
3.0000 	 5.8895 	 1.4870 	 -4.0950 	 883.6423 	3.0000 	 1.2714 	 2.2666 	 -2.8881 	 0.6311 
47.0000 	 0.9237 	 10.0000 	 -50.0000 	 1100.8341 	47.0000 	 2.0679 	 1.6956 	 -6.5350 	 1.6450 
32.0000 	 0.0057 	 9.7489 	 -28.3614 	 1400.6203 	32.0000 	 2.1063 	 1.2566 	 -6.4238 	 0.1546 
39.0000 	 1.0402 	 9.6919 	 -50.0000 	 878.8438 	39.0000 	 2.4292 	 1.3507 	 -1.2194 	 1.1590 
39.0000 	 0.4719 	 1.5963 	 -9.7025 	 1566.1878 	39.0000 	 0.4418 	 2.0797 	 -3.5862 	 0.0641 
46.0000 	 0.5840 	 2.6947 	 -17.4198 	 1565.6245 	46.0000 	 0.4247 	 1.2212 	 -4.8356 	 0.0384 
24.0000 	 1.1294 	 5.6296 	 -31.1745 	 830.4602 	24.0000 	 0.8519 	 1.3208 	 -6.4011 	 0.0782 
39.0000 	 1.0357 	 10.0000 	 -50.0000 	 877.3512 	39.0000 	 1.8283 	 2.7322 	 -1.1271 	 0.8626 
47.0000 	 0.9165 	 10.0000 	 -50.0000 	 1101.4747 	47.0000 	 2.0874 	 0.7958 	 -5.6512 	 2.0245 
17.0000 	 1.0100 	 3.6500 	 -17.0054 	 836.6563 	17.0000 	 0.2780 	 2.9105 	 -4.7894 	 0.0971 
32.0000 	 1.2179 	 7.8928 	 -49.3799 	 828.4653 	32.0000 	 1.8735 	 1.0604 	 -6.9028 	 0.2268 
39.0000 	 1.0386 	 9.3839 	 -50.0000 	 878.8576 	39.0000 	 0.4861 	 0.1030 	 -5.0525 	 0.8741 
9.0000 	 0.7135 	 1.2256 	 -4.3084 	 861.7764 	9.0000 	 1.9964 	 1.7853 	 -0.3115 	 0.1269 
2.0000 	 2.6773 	 0.0541 	 -0.1290 	 967.6856 	2.0000 	 2.2917 	 2.1493 	 -3.3335 	 0.5579 
46.0000 	 0.5352 	 2.2403 	 -14.6161 	 1565.6408 	46.0000 	 2.0638 	 0.0119 	 -4.0554 	 0.0271 
32.0000 	 0.4079 	 1.0761 	 -6.0391 	 1566.9387 	32.0000 	 0.3987 	 1.2573 	 -5.7566 	 0.0368 
46.0000 	 0.2458 	 0.4777 	 -3.0886 	 1565.7542 	46.0000 	 2.2440 	 0.6297 	 -5.6462 	 0.0307 
46.0000 	 0.9167 	 9.9961 	 -50.0000 	 1067.0733 	46.0000 	 0.9982 	 2.0378 	 -6.8180 	 1.3489 
32.0000 	 1.2106 	 7.9091 	 -49.3733 	 828.5684 	32.0000 	 2.8465 	 0.1678 	 -6.6519 	 0.1021 
46.0000 	 0.5611 	 2.5255 	 -16.1403 	 1565.7568 	46.0000 	 2.4466 	 0.1857 	 -3.2053 	 0.0417 
40.0000 	 1.0204 	 10.0000 	 -50.0000 	 897.8738 	40.0000 	 0.5790 	 0.8893 	 -5.6331 	 1.3875 
32.0000 	 0.3270 	 0.6937 	 -3.8641 	 1566.8005 	32.0000 	 2.6450 	 2.9263 	 -1.9483 	 0.0396 
24.0000 	 1.1445 	 5.7537 	 -31.4155 	 830.3575 	24.0000 	 1.0145 	 2.5697 	 -3.3769 	 0.0940 
32.0000 	 1.2165 	 8.0425 	 -49.5502 	 828.1964 	32.0000 	 1.3428 	 0.5541 	 -5.0032 	 0.0918 
39.0000 	 0.6683 	 3.8878 	 -20.2434 	 1529.9828 	39.0000 	 0.8874 	 1.0995 	 -4.6061 	 0.5458 
17.0000 	 1.5740 	 4.7197 	 -27.2061 	 840.3784 	17.0000 	 0.4624 	 2.5087 	 -0.8437 	 0.2977 
46.0000 	 0.4233 	 1.4168 	 -9.1610 	 1565.7128 	46.0000 	 2.6407 	 0.2444 	 -5.3510 	 0.0314 
24.0000 	 1.2049 	 5.7984 	 -33.3714 	 830.8192 	24.0000 	 1.5320 	 0.3115 	 -4.2081 	 0.1578 
46.0000 	 0.2626 	 0.5446 	 -3.5300 	 1565.7229 	46.0000 	 1.8595 	 1.8906 	 -5.6173 	 0.0398 
24.0000 	 1.1705 	 5.8734 	 -32.6913 	 830.6973 	24.0000 	 0.3454 	 0.2547 	 -6.5840 	 0.0763 
24.0000 	 1.1512 	 5.7742 	 -31.9473 	 830.4354 	24.0000 	 2.7501 	 0.2841 	 -3.6243 	 0.0752 
9.0000 	 1.4308 	 2.0619 	 -7.7211 	 856.3870 	9.0000 	 2.6610 	 1.6722 	 -4.6338 	 0.2663 
40.0000 	 0.4622 	 1.5605 	 -9.5591 	 1566.0998 	40.0000 	 0.2008 	 1.3010 	 -2.0046 	 0.0306 
40.0000 	 0.5462 	 2.1832 	 -13.4549 	 1565.8998 	40.0000 	 0.7904 	 1.6124 	 -6.4030 	 0.0317 
17.0000 	 0.9906 	 3.5964 	 -16.6002 	 836.7754 	17.0000 	 2.6237 	 2.3168 	 -4.1213 	 0.0887 
2.0000 	 4.6118 	 0.1202 	 -0.2953 	 961.8820 	2.0000 	 2.4257 	 1.3793 	 -1.3945 	 0.7769 
24.0000 	 1.1082 	 5.6356 	 -30.2213 	 830.8337 	24.0000 	 0.8586 	 2.3562 	 -0.7004 	 0.1483 
9.0000 	 0.7029 	 1.2069 	 -4.2260 	 862.2862 	9.0000 	 1.3861 	 2.4478 	 -1.2615 	 0.1260 
17.0000 	 0.9815 	 3.5693 	 -16.3770 	 836.7355 	17.0000 	 1.4113 	 1.0651 	 -6.1487 	 0.0777 
2.0000 	 0.0038 	 0.0400 	 -0.0058 	 1463.3038 	2.0000 	 2.8940 	 0.8524 	 -6.9867 	 0.1720 
40.0000 	 1.0060 	 9.9982 	 -49.9998 	 898.2321 	40.0000 	 2.7447 	 1.4468 	 -2.1047 	 1.1748 
31.0000 	 1.2622 	 7.7794 	 -49.9996 	 828.1252 	31.0000 	 2.1350 	 1.4330 	 -1.3893 	 0.0545 
17.0000 	 0.9654 	 3.5175 	 -16.0771 	 836.9296 	17.0000 	 1.7278 	 0.0586 	 -5.9978 	 0.0738 
9.0000 	 0.7441 	 1.2675 	 -4.4985 	 861.2329 	9.0000 	 1.7888 	 0.2795 	 -2.9888 	 0.1390 
17.0000 	 0.9868 	 3.5862 	 -16.4541 	 836.7423 	17.0000 	 0.9591 	 2.1930 	 -6.5947 	 0.1386 
2.0000 	 1.8083 	 0.0296 	 -0.0710 	 974.6230 	2.0000 	 0.5708 	 2.3211 	 -1.8583 	 0.5004 
40.0000 	 1.0192 	 9.4088 	 -50.0000 	 893.9834 	40.0000 	 2.7279 	 2.3355 	 -4.2022 	 1.1143 
9.0000 	 2.1024 	 2.9789 	 -12.5658 	 844.7130 	9.0000 	 1.9579 	 0.5370 	 -3.5746 	 0.3374 
40.0000 	 0.4151 	 1.2617 	 -7.6898 	 1566.1319 	40.0000 	 0.3298 	 0.2988 	 -6.6039 	 0.0312 
2.0000 	 4.3859 	 0.1322 	 -0.3157 	 958.6699 	2.0000 	 2.5693 	 0.1531 	 -6.3120 	 1.7096 
40.0000 	 0.2338 	 0.4008 	 -2.4482 	 1566.0645 	40.0000 	 0.0038 	 1.5075 	 -2.7717 	 0.0417 
9.0000 	 1.6499 	 2.2632 	 -8.9322 	 851.7683 	9.0000 	 0.3447 	 0.8836 	 -3.6527 	 0.3123 
2.0000 	 6.0000 	 0.2296 	 -0.5520 	 949.6436 	2.0000 	 1.2657 	 0.9372 	 -2.6217 	 0.8923 
25.0000 	 1.1490 	 5.9981 	 -33.5316 	 829.8134 	25.0000 	 0.0513 	 0.1607 	 -2.6778 	 0.0822 
31.0000 	 0.0044 	 9.9722 	 -26.4938 	 1401.0934 	31.0000 	 0.6297 	 0.0948 	 -3.9284 	 0.0850 
15.0000 	 0.9497 	 3.0041 	 -13.1389 	 840.0039 	15.0000 	 1.7951 	 2.5335 	 -6.1541 	 0.1836 
31.0000 	 1.2352 	 7.7765 	 -48.5289 	 828.1815 	31.0000 	 2.0380 	 0.0047 	 -2.2116 	 0.0793 
31.0000 	 1.2364 	 7.8057 	 -48.6686 	 828.0890 	31.0000 	 1.1302 	 0.8777 	 -3.1012 	 0.0659 
11.0000 	 0.8407 	 1.8343 	 -7.0822 	 851.2845 	11.0000 	 1.4836 	 1.6330 	 -3.8335 	 0.1173 
31.0000 	 1.2487 	 7.8146 	 -49.1895 	 828.1851 	31.0000 	 2.6121 	 1.3459 	 -1.3441 	 0.0757 
25.0000 	 1.1575 	 6.0883 	 -33.8525 	 830.0041 	25.0000 	 2.4434 	 2.8914 	 -3.7746 	 0.0848 
25.0000 	 1.1342 	 6.0574 	 -33.0481 	 829.9526 	25.0000 	 0.0187 	 0.2544 	 -5.6107 	 0.0957 
25.0000 	 1.1703 	 6.0242 	 -34.2333 	 829.8287 	25.0000 	 1.5342 	 0.8259 	 -2.7256 	 0.0974 
14.0000 	 0.8832 	 2.6521 	 -11.0027 	 842.5333 	14.0000 	 1.4025 	 2.9882 	 -2.3919 	 0.1011 
31.0000 	 1.2428 	 7.8627 	 -49.1404 	 828.0878 	31.0000 	 1.1117 	 1.0664 	 -4.1261 	 0.0730 
15.0000 	 0.9980 	 3.1148 	 -13.8553 	 840.2851 	15.0000 	 0.4529 	 0.9546 	 -4.5334 	 0.1325 
15.0000 	 1.3182 	 3.7391 	 -17.9438 	 843.8949 	15.0000 	 1.0548 	 1.8791 	 -6.9097 	 0.2794 
32.0000 	 0.9496 	 6.3240 	 -34.4212 	 896.1475 	32.0000 	 0.0747 	 2.1283 	 -0.9464 	 0.7460 
11.0000 	 2.6104 	 4.9664 	 -24.8088 	 838.5985 	11.0000 	 2.0257 	 2.5981 	 -3.7635 	 0.4413 
25.0000 	 1.1480 	 6.0139 	 -33.2955 	 830.0404 	25.0000 	 2.2735 	 0.2844 	 -5.1398 	 0.0895 
11.0000 	 3.2029 	 6.7259 	 -35.2282 	 836.1890 	11.0000 	 1.5435 	 1.7127 	 -1.1878 	 0.2674 
12.0000 	 0.8921 	 2.1390 	 -8.7734 	 847.8907 	12.0000 	 2.5613 	 2.4285 	 -4.4612 	 0.1275 
46.0000 	 0.3291 	 0.8585 	 -5.5091 	 1565.6866 	46.0000 	 2.0494 	 2.3101 	 -6.0230 	 0.0317 
24.0000 	 1.1142 	 5.7579 	 -30.7072 	 830.5190 	24.0000 	 2.5657 	 2.0329 	 -1.0078 	 0.1034 
14.0000 	 0.9396 	 2.7266 	 -11.6674 	 842.2790 	14.0000 	 0.6474 	 0.6297 	 -2.1657 	 0.0984 
25.0000 	 0.0084 	 7.3995 	 -20.5274 	 1391.2506 	25.0000 	 2.1694 	 2.2715 	 -5.7731 	 0.0544 
15.0000 	 0.9613 	 3.0491 	 -13.3425 	 840.0892 	15.0000 	 1.2409 	 0.0596 	 -5.9859 	 0.1229 
12.0000 	 0.8746 	 2.1394 	 -8.5530 	 847.6120 	12.0000 	 1.8451 	 0.2806 	 -5.9213 	 0.1259 
31.0000 	 1.2531 	 7.7667 	 -49.3794 	 828.1298 	31.0000 	 0.3222 	 0.1850 	 -6.5253 	 0.0584 
46.0000 	 0.3324 	 0.8706 	 -5.6561 	 1565.6883 	46.0000 	 1.3611 	 1.7340 	 -2.2984 	 0.0390 
11.0000 	 0.9812 	 1.9814 	 -8.1448 	 852.3882 	11.0000 	 1.8520 	 2.9731 	 -1.6147 	 0.2068 
17.0000 	 1.0076 	 3.6753 	 -16.8772 	 836.6824 	17.0000 	 1.1470 	 0.1351 	 -2.6258 	 0.0784 
9.0000 	 1.4942 	 2.0856 	 -8.0930 	 854.2526 	9.0000 	 0.7635 	 0.6119 	 -5.4271 	 0.2537 
2.0000 	 1.2448 	 0.0205 	 -0.0491 	 983.2960 	2.0000 	 2.5175 	 2.1147 	 -1.7924 	 0.3099 
45.0000 	 0.3978 	 1.2179 	 -7.9141 	 1565.8020 	45.0000 	 1.9288 	 0.0163 	 -3.3669 	 0.0323 
46.0000 	 0.2867 	 0.6508 	 -4.2023 	 1565.6798 	46.0000 	 0.5393 	 2.6677 	 -1.7642 	 0.0354 
25.0000 	 1.1513 	 6.1047 	 -33.7784 	 829.9773 	25.0000 	 2.0190 	 0.8006 	 -2.4227 	 0.0689 
45.0000 	 0.9472 	 10.0000 	 -50.0000 	 1033.4824 	45.0000 	 0.8636 	 2.6786 	 -0.6160 	 2.1718 
15.0000 	 0.9190 	 2.9541 	 -12.6810 	 840.2106 	15.0000 	 0.1048 	 1.3134 	 -5.3045 	 0.1002 
45.0000 	 0.1287 	 0.1295 	 -0.8287 	 1565.7699 	45.0000 	 1.1161 	 0.9418 	 -6.9423 	 0.0466 
45.0000 	 0.3337 	 0.8733 	 -5.5823 	 1565.8305 	45.0000 	 2.7909 	 2.2573 	 -0.2404 	 0.0347 
11.0000 	 1.5117 	 2.7037 	 -12.0983 	 848.2061 	11.0000 	 1.0224 	 1.9596 	 -2.5317 	 0.3046 
40.0000 	 1.0161 	 9.5700 	 -49.9999 	 890.0359 	40.0000 	 1.7400 	 1.9371 	 -2.5310 	 1.0374 
41.0000 	 0.3853 	 1.0699 	 -6.7731 	 1565.8478 	41.0000 	 2.7597 	 1.1920 	 -6.0614 	 0.1470 
40.0000 	 1.0015 	 9.9716 	 -50.0000 	 898.9839 	40.0000 	 0.8497 	 2.4414 	 -2.7338 	 1.1357 
45.0000 	 0.4216 	 1.3837 	 -8.8897 	 1565.7269 	45.0000 	 2.4793 	 1.4903 	 -0.1387 	 0.0455 
40.0000 	 1.0096 	 10.0000 	 -50.0000 	 896.4880 	40.0000 	 1.5348 	 0.5497 	 -6.8089 	 1.0728 
30.0000 	 0.3997 	 0.9578 	 -5.3779 	 1567.2077 	30.0000 	 0.2961 	 0.5395 	 -4.3125 	 0.0598 
41.0000 	 0.3672 	 1.0051 	 -6.1806 	 1566.0533 	41.0000 	 0.3896 	 2.7112 	 -6.1101 	 0.0445 
45.0000 	 0.5143 	 1.9923 	 -13.2700 	 1565.5596 	45.0000 	 2.9524 	 2.3149 	 -3.1256 	 0.0860 
31.0000 	 1.2348 	 7.6885 	 -48.3978 	 828.2476 	31.0000 	 2.7693 	 1.9064 	 -2.2795 	 0.4415 
26.0000 	 0.0593 	 9.9722 	 -23.3592 	 1421.0641 	26.0000 	 1.8982 	 0.6633 	 -4.8426 	 0.4169 
31.0000 	 0.0025 	 10.0000 	 -27.7219 	 1401.1589 	31.0000 	 2.3486 	 0.8971 	 -6.2066 	 0.1411 
41.0000 	 1.0027 	 10.0000 	 -50.0000 	 916.0113 	41.0000 	 2.8669 	 1.9740 	 -6.8009 	 1.5575 
41.0000 	 1.0043 	 10.0000 	 -50.0000 	 917.7697 	41.0000 	 0.0475 	 0.3058 	 -2.9289 	 1.1113 
30.0000 	 0.3652 	 0.8282 	 -4.5253 	 1567.1270 	30.0000 	 0.2751 	 1.6601 	 -5.1907 	 0.0419 
45.0000 	 0.6777 	 3.8500 	 -23.2785 	 1556.3776 	45.0000 	 1.6024 	 0.6741 	 -1.7626 	 0.3742 
45.0000 	 0.2102 	 0.3436 	 -2.2110 	 1565.7188 	45.0000 	 0.8271 	 0.8603 	 -3.6570 	 0.0475 
25.0000 	 1.1706 	 6.0901 	 -34.4337 	 829.9074 	25.0000 	 1.7140 	 1.1467 	 -3.6709 	 0.0749 
45.0000 	 0.9451 	 10.0000 	 -50.0000 	 1030.0367 	45.0000 	 1.7258 	 1.0372 	 -2.5402 	 2.2969 
25.0000 	 1.1111 	 5.9168 	 -31.7050 	 831.0395 	25.0000 	 2.2153 	 2.2430 	 -4.7244 	 0.2942 
16.0000 	 1.7018 	 4.6751 	 -26.5615 	 840.7106 	16.0000 	 2.9196 	 2.6283 	 -5.8994 	 0.1858 
31.0000 	 1.2413 	 7.8873 	 -48.9272 	 828.0968 	31.0000 	 0.9461 	 1.5802 	 -0.8627 	 0.0656 
14.0000 	 0.9561 	 2.7631 	 -11.8604 	 842.2964 	14.0000 	 1.7860 	 1.8698 	 -1.4569 	 0.1103 
30.0000 	 1.2626 	 7.5927 	 -48.0008 	 828.3907 	30.0000 	 2.0312 	 1.6374 	 -2.0734 	 0.0630 
14.0000 	 0.8936 	 2.6728 	 -11.1624 	 842.2761 	14.0000 	 1.6328 	 2.5020 	 -2.2292 	 0.0933 
41.0000 	 0.4063 	 1.2383 	 -7.5835 	 1566.0179 	41.0000 	 0.5165 	 0.3206 	 -0.8140 	 0.0275 
30.0000 	 1.2701 	 7.5512 	 -48.3618 	 828.3367 	30.0000 	 1.2501 	 2.1946 	 -0.8605 	 0.0754 
41.0000 	 0.2220 	 0.3665 	 -2.2608 	 1565.9816 	41.0000 	 0.8906 	 0.2138 	 -0.5343 	 0.0308 
10.0000 	 1.0986 	 1.8222 	 -7.4130 	 856.8421 	10.0000 	 2.7136 	 0.7768 	 -3.9349 	 0.2150 
1.0000 	 5.9964 	 10.0000 	 -0.0014 	 1755.6037 	1.0000 	 2.1224 	 0.6604 	 -6.8165 	 0.2499 
12.0000 	 0.8706 	 2.0999 	 -8.4990 	 847.6345 	12.0000 	 2.1955 	 0.5606 	 -0.4074 	 0.1490 
12.0000 	 0.8767 	 2.1421 	 -8.5585 	 847.8670 	12.0000 	 0.8071 	 1.3645 	 -6.8699 	 0.1592 
41.0000 	 1.0005 	 9.4302 	 -50.0000 	 918.4093 	41.0000 	 1.0236 	 0.1464 	 -0.8827 	 1.5398 
26.0000 	 1.2108 	 6.3482 	 -37.7814 	 829.5270 	26.0000 	 1.4570 	 1.3853 	 -4.4201 	 0.4895 
26.0000 	 1.1781 	 6.3877 	 -36.3152 	 829.5887 	26.0000 	 1.0863 	 0.0472 	 -6.9461 	 0.0674 
25.0000 	 1.1197 	 5.8882 	 -32.3936 	 830.3493 	25.0000 	 0.8616 	 2.5425 	 -2.9649 	 0.1079 
41.0000 	 0.9926 	 10.0000 	 -50.0000 	 919.0222 	41.0000 	 2.5456 	 2.7522 	 -1.3220 	 1.3570 
41.0000 	 0.5408 	 2.1703 	 -13.3886 	 1565.8234 	41.0000 	 1.2937 	 1.7596 	 -3.7987 	 0.0517 
16.0000 	 0.9938 	 3.2902 	 -15.1477 	 838.4566 	16.0000 	 2.9729 	 2.7742 	 -2.8370 	 0.0887 
16.0000 	 0.9604 	 3.2904 	 -14.7702 	 838.5170 	16.0000 	 2.0736 	 2.1503 	 -6.8542 	 0.0823 
30.0000 	 0.3439 	 0.7435 	 -4.0311 	 1567.0647 	30.0000 	 1.5742 	 1.4783 	 -4.8642 	 0.0405 
30.0000 	 1.2411 	 7.4862 	 -46.9209 	 828.1507 	30.0000 	 1.6575 	 2.5142 	 -6.0585 	 0.0887 
10.0000 	 0.7413 	 1.4628 	 -5.3524 	 856.7949 	10.0000 	 0.6881 	 1.7508 	 -6.2863 	 0.1250 
1.0000 	 5.9868 	 9.9722 	 -0.0010 	 1750.2507 	1.0000 	 0.6527 	 2.9532 	 -0.0561 	 0.1312 
14.0000 	 0.9404 	 2.7598 	 -11.7984 	 842.2971 	14.0000 	 2.0972 	 0.0072 	 -5.7612 	 0.0924 
26.0000 	 1.1913 	 6.4013 	 -36.9121 	 829.6270 	26.0000 	 2.3731 	 0.2294 	 -5.7845 	 0.0825 
10.0000 	 0.8062 	 1.5623 	 -5.8407 	 855.5705 	10.0000 	 0.5665 	 1.1624 	 -2.7747 	 0.1686 
1.0000 	 0.0025 	 9.9722 	 -0.0010 	 1801.9800 	1.0000 	 1.4196 	 2.2753 	 -3.4627 	 0.1247 
12.0000 	 0.0026 	 2.4656 	 -6.0749 	 1393.4767 	12.0000 	 1.2057 	 0.4007 	 -1.7811 	 0.1437 
30.0000 	 1.2811 	 7.7094 	 -48.7835 	 828.3982 	30.0000 	 2.3583 	 2.6315 	 -1.4248 	 0.0701 
30.0000 	 1.2056 	 7.4458 	 -45.1706 	 828.5755 	30.0000 	 1.9726 	 2.7142 	 -0.6163 	 0.0980 
30.0000 	 1.1726 	 7.5154 	 -43.5418 	 828.9984 	30.0000 	 1.2852 	 1.3540 	 -6.7218 	 0.0871 
26.0000 	 1.1568 	 6.2885 	 -35.5592 	 829.5349 	26.0000 	 0.9726 	 2.3654 	 -3.0757 	 0.1453 
16.0000 	 0.9727 	 3.3159 	 -14.8293 	 838.1581 	16.0000 	 0.8330 	 1.6080 	 -2.7898 	 0.0888 
10.0000 	 1.6073 	 2.5043 	 -10.5391 	 850.3162 	10.0000 	 0.9204 	 2.5542 	 -4.9936 	 0.3201 
1.0000 	 0.6295 	 1.8738 	 -14.4925 	 2201.7384 	1.0000 	 0.1476 	 0.8702 	 -2.9172 	 0.3675 
41.0000 	 0.0919 	 0.0627 	 -0.3872 	 1566.0402 	41.0000 	 1.1114 	 2.8739 	 -1.2204 	 0.0370 
42.0000 	 0.2835 	 0.6068 	 -3.7690 	 1566.0058 	42.0000 	 0.3313 	 0.7617 	 -4.0310 	 0.0337 
42.0000 	 0.9919 	 9.9999 	 -50.0000 	 945.1827 	42.0000 	 1.5057 	 0.2612 	 -5.8454 	 0.9471 
42.0000 	 0.0857 	 0.0539 	 -0.3434 	 1566.0975 	42.0000 	 0.0925 	 0.1060 	 -6.7896 	 0.0286 
30.0000 	 0.3723 	 0.8664 	 -4.7138 	 1567.0301 	30.0000 	 0.3696 	 1.4117 	 -5.3990 	 0.0580 
29.0000 	 1.1994 	 7.2434 	 -43.1710 	 828.6024 	29.0000 	 1.5002 	 0.4855 	 -0.2082 	 0.0793 
29.0000 	 0.0030 	 8.4224 	 -24.6225 	 1394.6117 	29.0000 	 1.3821 	 1.2240 	 -1.5307 	 0.1514 
44.0000 	 0.9650 	 9.9722 	 -49.9985 	 994.7494 	44.0000 	 1.2232 	 0.1827 	 -5.4559 	 0.2583 
44.0000 	 0.1678 	 0.2163 	 -1.3790 	 1565.7581 	44.0000 	 1.6409 	 0.5016 	 -5.1814 	 0.0480 
44.0000 	 0.9559 	 10.0000 	 -50.0000 	 998.5059 	44.0000 	 1.7702 	 0.2180 	 -0.0573 	 1.4531 
29.0000 	 1.2382 	 7.2721 	 -44.5772 	 828.5428 	29.0000 	 0.0930 	 0.8286 	 -5.8981 	 0.0751 
26.0000 	 1.1944 	 6.1691 	 -36.9266 	 829.7864 	26.0000 	 1.6558 	 2.1196 	 -1.5412 	 0.0901 
16.0000 	 1.0004 	 3.3843 	 -15.3867 	 838.3694 	16.0000 	 1.1487 	 1.4587 	 -4.1199 	 0.0982 
10.0000 	 2.1047 	 3.5113 	 -15.3810 	 842.3942 	10.0000 	 1.3194 	 0.4020 	 -0.4926 	 0.2647 
1.0000 	 5.9970 	 9.9929 	 -0.0010 	 1746.6080 	1.0000 	 0.7650 	 0.0245 	 -1.4003 	 0.1108 
14.0000 	 0.9283 	 2.7294 	 -11.5560 	 842.0778 	14.0000 	 1.1239 	 2.5053 	 -6.3159 	 0.1223 
27.0000 	 1.2234 	 6.6758 	 -40.0248 	 829.2108 	27.0000 	 2.8950 	 0.8637 	 -4.5747 	 0.0578 
44.0000 	 0.3396 	 0.8841 	 -5.6478 	 1565.8438 	44.0000 	 0.0421 	 2.9444 	 -1.3262 	 0.0390 
42.0000 	 0.9900 	 9.9932 	 -49.9985 	 938.5723 	42.0000 	 1.9172 	 2.4579 	 -5.7419 	 1.7018 
12.0000 	 1.8009 	 3.7328 	 -17.3457 	 843.2035 	12.0000 	 2.1873 	 0.1716 	 -4.5657 	 0.2822 
42.0000 	 0.4235 	 1.3608 	 -8.4201 	 1566.0252 	42.0000 	 0.6324 	 0.7890 	 -0.4462 	 0.0456 
14.0000 	 1.0106 	 2.7889 	 -12.4647 	 842.9089 	14.0000 	 0.7476 	 1.4132 	 -1.0873 	 0.1583 
42.0000 	 0.3942 	 1.1700 	 -7.2905 	 1565.8357 	42.0000 	 2.1715 	 0.3149 	 -2.5186 	 0.0315 
43.0000 	 0.2707 	 0.5628 	 -3.5196 	 1565.9357 	43.0000 	 0.0134 	 1.0031 	 -2.4621 	 0.0490 
12.0000 	 1.4599 	 2.9250 	 -13.5507 	 848.5427 	12.0000 	 1.3355 	 1.1365 	 -1.7495 	 0.4486 
42.0000 	 0.9746 	 9.9999 	 -50.0000 	 940.9214 	42.0000 	 1.2222 	 1.0142 	 -0.2226 	 1.1706 
44.0000 	 0.9447 	 9.9993 	 -50.0000 	 998.1212 	44.0000 	 2.4917 	 1.4572 	 -4.2434 	 1.5534 
43.0000 	 0.3210 	 0.7911 	 -4.9461 	 1565.8976 	43.0000 	 2.9924 	 2.1237 	 -3.3403 	 0.0454 
44.0000 	 0.9554 	 9.9994 	 -49.9977 	 1002.7389 	44.0000 	 0.7058 	 0.4392 	 -5.7424 	 1.6085 
29.0000 	 1.2427 	 7.2815 	 -44.8805 	 828.5236 	29.0000 	 1.5950 	 1.9027 	 -6.3822 	 0.0981 
43.0000 	 0.3706 	 0.9743 	 -6.6022 	 1567.1046 	43.0000 	 1.0469 	 0.6372 	 -3.6649 	 0.0366 
29.0000 	 1.1756 	 7.1175 	 -41.8380 	 828.8881 	29.0000 	 2.5711 	 2.5395 	 -1.6633 	 0.0764 
29.0000 	 1.2245 	 7.2146 	 -44.0221 	 828.6496 	29.0000 	 0.2282 	 2.1363 	 -1.8309 	 0.1021 
42.0000 	 0.2263 	 0.3885 	 -2.4081 	 1565.9968 	42.0000 	 0.6612 	 1.7702 	 -4.3104 	 0.0342 
42.0000 	 0.9750 	 10.0000 	 -50.0000 	 944.1310 	42.0000 	 0.0094 	 1.0797 	 -1.1416 	 0.8723 
27.0000 	 1.2107 	 6.8056 	 -39.5272 	 829.3245 	27.0000 	 0.5343 	 2.2195 	 -1.6318 	 0.0597 
27.0000 	 0.0176 	 8.1078 	 -22.7931 	 1395.8823 	27.0000 	 1.9444 	 2.7649 	 -1.2478 	 0.2190 
14.0000 	 1.7135 	 4.1795 	 -21.6614 	 841.2251 	14.0000 	 2.2679 	 1.4594 	 -1.3618 	 0.2832 
43.0000 	 0.4016 	 1.2262 	 -7.7353 	 1565.9079 	43.0000 	 1.1296 	 2.1988 	 -2.1629 	 0.0329 
28.0000 	 1.2068 	 6.9186 	 -41.5101 	 828.9144 	28.0000 	 1.0392 	 1.6039 	 -0.4941 	 0.0932 
27.0000 	 1.1734 	 6.5586 	 -38.0476 	 829.3039 	27.0000 	 1.6286 	 1.2183 	 -5.4983 	 0.0750 
12.0000 	 1.6699 	 3.1718 	 -15.7190 	 846.2700 	12.0000 	 0.9086 	 2.9130 	 -0.5113 	 0.3047 
29.0000 	 1.2840 	 7.2342 	 -46.3017 	 829.1335 	29.0000 	 2.6999 	 1.7011 	 -3.9352 	 0.8225 
13.0000 	 1.9048 	 4.2580 	 -21.9426 	 840.7249 	13.0000 	 2.8239 	 2.6144 	 -1.5773 	 0.3856 
43.0000 	 0.9570 	 9.9998 	 -50.0000 	 971.6065 	43.0000 	 1.1625 	 2.9441 	 -5.4145 	 2.0472 
42.0000 	 0.9802 	 9.9997 	 -50.0000 	 946.6888 	42.0000 	 2.8634 	 0.2075 	 -0.6235 	 1.4518 
29.0000 	 1.2146 	 7.2339 	 -43.7161 	 828.5597 	29.0000 	 0.8123 	 2.8530 	 -0.4077 	 0.0691 
13.0000 	 0.8858 	 2.3808 	 -9.8118 	 844.7056 	13.0000 	 2.5346 	 0.7127 	 -0.1328 	 0.1084 
43.0000 	 0.9558 	 9.9924 	 -49.9999 	 973.9343 	43.0000 	 1.8992 	 2.3921 	 -1.7326 	 1.6272 
13.0000 	 0.9099 	 2.4601 	 -10.1381 	 844.3561 	13.0000 	 2.4088 	 1.3117 	 -1.6623 	 0.1452 
13.0000 	 0.8822 	 2.3676 	 -9.6270 	 845.0200 	13.0000 	 1.0778 	 1.0484 	 -0.3070 	 0.3155 
29.0000 	 1.2158 	 7.2715 	 -43.8860 	 828.5740 	29.0000 	 2.0802 	 2.5270 	 -0.8768 	 0.1205 
28.0000 	 1.2404 	 6.9929 	 -42.8022 	 828.8287 	28.0000 	 0.7533 	 2.1654 	 -2.9596 	 0.0616 
43.0000 	 0.2659 	 0.5381 	 -3.3830 	 1565.8405 	43.0000 	 0.9240 	 1.1001 	 -1.7609 	 0.0336 
29.0000 	 0.2858 	 0.5008 	 -2.6969 	 1567.2029 	29.0000 	 1.5339 	 0.9501 	 -4.8036 	 0.0386 
15.0000 	 1.0028 	 3.1447 	 -13.8236 	 840.2604 	15.0000 	 1.3784 	 1.3777 	 -6.3532 	 0.0418 
27.0000 	 1.2273 	 6.7944 	 -40.3178 	 829.1781 	27.0000 	 2.3805 	 1.0314 	 -6.0243 	 0.0844 
28.0000 	 1.2038 	 6.8896 	 -41.1067 	 828.9881 	28.0000 	 2.7197 	 2.6905 	 -3.6898 	 0.0933 
13.0000 	 1.7517 	 3.8323 	 -19.2752 	 842.9927 	13.0000 	 1.1440 	 1.3206 	 -4.9441 	 0.4054 
43.0000 	 0.2404 	 0.4408 	 -2.7683 	 1565.8564 	43.0000 	 0.1031 	 2.3085 	 -3.0821 	 0.0530 
11.0000 	 1.5332 	 2.6530 	 -12.2010 	 849.4032 	11.0000 	 1.3396 	 1.1756 	 -2.2383 	 0.3276 
27.0000 	 1.2057 	 6.7397 	 -39.2724 	 829.2454 	27.0000 	 1.2271 	 1.4786 	 -6.9285 	 0.0837 
13.0000 	 1.9598 	 4.5084 	 -22.6970 	 839.9433 	13.0000 	 1.7744 	 1.3588 	 -1.4287 	 0.7078 
28.0000 	 1.1945 	 6.8362 	 -40.7418 	 828.7495 	28.0000 	 1.9268 	 2.3544 	 -6.7503 	 0.1421 
27.0000 	 1.1659 	 6.5968 	 -37.7834 	 829.2658 	27.0000 	 2.7774 	 1.3174 	 -5.4091 	 0.0626 
27.0000 	 1.2302 	 6.6823 	 -40.3903 	 829.1524 	27.0000 	 2.2249 	 1.5064 	 -5.1706 	 0.1282 
13.0000 	 0.8791 	 2.3855 	 -9.7727 	 844.6253 	13.0000 	 1.0862 	 1.7382 	 -3.9644 	 0.0978 
13.0000 	 1.4373 	 3.0565 	 -15.4280 	 847.0689 	13.0000 	 1.9653 	 2.8794 	 -3.4710 	 0.3831 
43.0000 	 0.9653 	 10.0000 	 -50.0000 	 969.0507 	43.0000 	 0.8270 	 1.6045 	 -5.9863 	 1.5264 
28.0000 	 1.2877 	 6.9365 	 -44.2461 	 830.0630 	28.0000 	 0.6509 	 0.8496 	 -0.8084 	 0.4220 
13.0000 	 0.9021 	 2.4564 	 -10.0496 	 844.6153 	13.0000 	 1.2466 	 2.6319 	 -4.3558 	 0.1398 
43.0000 	 0.3131 	 0.7397 	 -4.6921 	 1565.9909 	43.0000 	 0.3052 	 2.2092 	 -5.1294 	 0.0427 
13.0000 	 0.8974 	 2.4477 	 -9.9346 	 844.3671 	13.0000 	 2.1229 	 2.8932 	 -3.1278 	 0.1454 
14.0000 	 0.9396 	 2.6851 	 -11.5505 	 842.3570 	14.0000 	 0.2396 	 2.6209 	 -6.5756 	 0.1561 
15.0000 	 0.9485 	 3.0382 	 -13.1897 	 839.9207 	15.0000 	 0.0860 	 2.6035 	 -5.5503 	 0.0879 
28.0000 	 1.2810 	 7.0972 	 -44.5215 	 829.3115 	28.0000 	 2.8180 	 0.2394 	 -2.5965 	 0.0770 
11.0000 	 2.0254 	 3.7583 	 -17.4621 	 841.3397 	11.0000 	 1.5904 	 2.6898 	 -4.0128 	 0.3485 
28.0000 	 0.2533 	 0.3865 	 -2.0457 	 1567.3662 	28.0000 	 0.1165 	 2.1888 	 -3.3188 	 0.0289 
12.0000 	 1.4929 	 3.0550 	 -13.9164 	 846.9116 	12.0000 	 1.8248 	 0.7497 	 -2.2791 	 0.2015 
15.0000 	 0.9611 	 3.0266 	 -13.3162 	 840.0155 	15.0000 	 1.2348 	 1.7385 	 -1.6293 	 0.0818 
28.0000 	 1.1495 	 6.6875 	 -38.5200 	 829.7411 	28.0000 	 2.4422 	 2.7666 	 -3.7115 	 0.0741 
11.0000 	 1.2603 	 2.2489 	 -9.9297 	 852.8253 	11.0000 	 1.1979 	 1.0527 	 -1.9143 	 0.2171 
28.0000 	 1.1948 	 6.8827 	 -40.7888 	 828.8710 	28.0000 	 1.4457 	 1.8337 	 -5.4841 	 0.2390 
28.0000 	 1.2377 	 7.0919 	 -42.7241 	 828.7902 	28.0000 	 2.2531 	 2.0406 	 -4.9352 	 0.0795 
15.0000 	 0.9201 	 2.9596 	 -12.7677 	 840.2737 	15.0000 	 0.6017 	 2.8131 	 -4.8135 	 0.1004 
15.0000 	 1.0130 	 3.1335 	 -14.1096 	 840.6518 	15.0000 	 0.3223 	 1.3028 	 -6.9814 	 0.2672 
11.0000 	 1.5412 	 2.7878 	 -12.2139 	 848.4506 	11.0000 	 0.7897 	 1.4955 	 -3.0038 	 0.2714 
11.0000 	 2.4947 	 4.8032 	 -23.2707 	 837.1046 	11.0000 	 1.7508 	 1.7370 	 -5.6230 	 0.4237 
