48.0000 	 0.0671 	 0.0014 	 0.0034 	 1.2672 	 0.0036 	 0.0000 	 4.3572 	 870.4506 	 48.0000 	 0.3774 	 0.8917 	 0.3651 	 12.7543 	 1.0646 	 0.0000 	 1.0932 	 0.1051 
48.0000 	 0.0979 	 0.0089 	 0.1298 	 4.4001 	 0.1193 	 0.0000 	 1.6241 	 794.3602 	 48.0000 	 0.8123 	 0.2581 	 0.2775 	 4.3520 	 3.4820 	 0.0000 	 0.4494 	 0.1419 
48.0000 	 0.0693 	 0.0248 	 0.3265 	 2.9170 	 1.1822 	 0.0000 	 1.7339 	 779.6622 	 48.0000 	 0.0582 	 0.3653 	 0.9949 	 9.8972 	 4.5967 	 0.0000 	 2.1551 	 0.8856 
49.0000 	 0.0968 	 0.0116 	 0.0178 	 3.6856 	 0.0160 	 0.0000 	 0.8230 	 788.6963 	 49.0000 	 0.7469 	 0.9849 	 0.9206 	 7.0813 	 4.3631 	 0.0000 	 2.4810 	 0.2012 
48.0000 	 0.2013 	 0.0453 	 0.8959 	 1.8713 	 3.9259 	 0.0000 	 1.8388 	 744.2857 	 48.0000 	 0.8553 	 0.0350 	 0.7708 	 6.2455 	 2.4135 	 0.0000 	 2.0544 	 0.0524 
49.0000 	 0.2257 	 0.0434 	 1.0000 	 1.9577 	 4.3917 	 0.0000 	 1.6098 	 743.2879 	 49.0000 	 0.2759 	 0.7854 	 0.8504 	 5.3507 	 2.9467 	 0.0000 	 2.7594 	 0.6432 
48.0000 	 0.2842 	 0.0638 	 0.0700 	 1.5604 	 0.0706 	 0.0000 	 1.6481 	 786.7799 	 48.0000 	 0.9687 	 0.2485 	 0.5479 	 1.6696 	 0.2898 	 0.0000 	 2.3821 	 0.0671 
50.0000 	 0.2989 	 0.0385 	 0.0407 	 2.9927 	 0.0429 	 0.0000 	 1.1001 	 786.0537 	 50.0000 	 0.1926 	 0.9853 	 0.7150 	 11.1112 	 2.6771 	 0.0000 	 2.6505 	 0.1202 
49.0000 	 0.1037 	 0.0020 	 0.0195 	 21.0750 	 0.0168 	 0.0000 	 1.0391 	 788.4740 	 49.0000 	 0.6743 	 0.9305 	 0.4100 	 4.0662 	 0.0943 	 0.0000 	 0.8439 	 0.1053 
49.0000 	 0.1538 	 0.0076 	 0.0963 	 34.3433 	 5.8356 	 0.0000 	 2.7494 	 774.3809 	 49.0000 	 0.7396 	 0.9153 	 0.7323 	 5.1308 	 2.6545 	 0.0000 	 0.3952 	 0.0578 
48.0000 	 0.4489 	 0.0164 	 0.9166 	 8.2957 	 3.7211 	 0.0000 	 1.5610 	 744.2191 	 48.0000 	 0.8553 	 0.0350 	 0.7708 	 6.2455 	 2.4135 	 0.0000 	 2.0544 	 0.0624 
50.0000 	 0.1406 	 0.0309 	 0.0291 	 2.9155 	 0.0415 	 0.0000 	 1.5222 	 780.1150 	 50.0000 	 0.0097 	 0.4009 	 0.7805 	 14.8931 	 2.4358 	 0.0000 	 1.2990 	 0.3635 
50.0000 	 0.1398 	 0.0229 	 0.0010 	 7.8884 	 0.0017 	 0.0000 	 0.3094 	 776.1526 	 50.0000 	 0.5689 	 0.5636 	 0.8978 	 12.7241 	 1.0647 	 0.0000 	 1.0627 	 0.1533 
48.0000 	 0.1738 	 0.0347 	 0.0212 	 5.6839 	 0.0549 	 0.0000 	 2.0381 	 782.3719 	 48.0000 	 0.7524 	 0.5956 	 0.6482 	 2.5599 	 3.0867 	 0.0000 	 0.5152 	 0.0480 
50.0000 	 0.1010 	 0.1319 	 0.0061 	 1.4010 	 0.0156 	 0.0000 	 0.2698 	 767.1620 	 50.0000 	 0.9687 	 0.2485 	 0.5479 	 1.6696 	 0.2898 	 0.0000 	 2.3821 	 0.2316 
48.0000 	 0.1184 	 0.0255 	 0.0435 	 8.4157 	 0.6410 	 0.0000 	 2.3855 	 790.9972 	 48.0000 	 0.0950 	 0.7761 	 0.3742 	 7.7958 	 1.9086 	 0.0000 	 0.7058 	 0.0453 
49.0000 	 0.1092 	 0.0055 	 0.0149 	 40.7056 	 0.0717 	 0.0000 	 2.5128 	 780.4367 	 49.0000 	 0.9321 	 0.7639 	 0.5673 	 11.0272 	 4.6692 	 0.0000 	 0.5044 	 0.3909 
48.0000 	 0.1696 	 0.1801 	 0.0424 	 2.4674 	 1.3978 	 0.0000 	 2.7307 	 783.2102 	 48.0000 	 0.1222 	 0.0193 	 0.0417 	 10.1908 	 4.3748 	 0.0000 	 1.4871 	 0.0245 
50.0000 	 0.1556 	 0.0879 	 0.0010 	 3.3618 	 0.0020 	 0.0000 	 0.4828 	 773.7765 	 50.0000 	 0.1724 	 0.3071 	 0.5664 	 7.9567 	 1.7200 	 0.0000 	 2.4577 	 0.3575 
50.0000 	 0.3230 	 0.0152 	 0.9153 	 6.9882 	 4.1791 	 0.0000 	 1.6818 	 743.4854 	 50.0000 	 0.5068 	 0.5078 	 0.3438 	 8.9938 	 4.0823 	 0.0000 	 1.3849 	 0.0576 
47.0000 	 0.0946 	 0.0378 	 0.0384 	 1.9334 	 0.0552 	 0.0000 	 1.5000 	 781.9978 	 47.0000 	 0.5536 	 0.6081 	 0.3220 	 8.7481 	 4.4681 	 0.0000 	 0.7839 	 0.0482 
49.0000 	 0.1540 	 0.0444 	 0.0016 	 12.4901 	 0.0048 	 0.0000 	 0.6430 	 768.4712 	 49.0000 	 0.1053 	 0.9192 	 0.3592 	 2.6368 	 1.8781 	 0.0000 	 1.5020 	 0.0752 
46.0000 	 0.1387 	 0.0154 	 0.0779 	 2.5341 	 0.0548 	 0.0000 	 1.3881 	 795.7502 	 46.0000 	 0.3004 	 0.3801 	 0.3854 	 6.2244 	 3.7373 	 0.0000 	 0.6096 	 0.1151 
49.0000 	 0.1323 	 0.0972 	 0.0039 	 8.0773 	 0.0144 	 0.0000 	 0.4326 	 762.2140 	 49.0000 	 0.9687 	 0.2485 	 0.5479 	 1.6696 	 0.2898 	 0.0000 	 2.3821 	 0.0477 
50.0000 	 0.6678 	 0.0319 	 0.8789 	 6.8431 	 3.4843 	 0.0000 	 1.5941 	 745.9408 	 50.0000 	 0.6731 	 0.0531 	 0.5033 	 3.5989 	 1.2037 	 0.0000 	 1.6885 	 0.0491 
50.0000 	 0.1222 	 0.1421 	 0.0046 	 4.7025 	 0.0206 	 0.0000 	 1.1669 	 760.4040 	 50.0000 	 0.6110 	 0.4721 	 0.7666 	 2.6998 	 4.3697 	 0.0000 	 0.6030 	 0.1607 
49.0000 	 0.1263 	 0.0455 	 0.1177 	 6.4452 	 6.4254 	 0.0000 	 2.7593 	 769.9365 	 49.0000 	 0.7396 	 0.9153 	 0.7323 	 5.1308 	 2.6545 	 0.0000 	 0.3952 	 0.6443 
49.0000 	 0.5930 	 0.6702 	 0.1343 	 6.5358 	 4.3430 	 0.0000 	 2.7597 	 774.6865 	 49.0000 	 0.4483 	 0.4503 	 0.7182 	 2.2644 	 2.0030 	 0.0000 	 0.9672 	 0.0079 
46.0000 	 0.1045 	 0.1208 	 0.0455 	 1.3590 	 0.2971 	 0.0000 	 2.6210 	 789.3416 	 46.0000 	 0.2617 	 0.8163 	 0.3653 	 3.5544 	 3.9916 	 0.0000 	 1.5474 	 0.0308 
46.0000 	 0.9411 	 0.5713 	 0.0024 	 9.1963 	 0.1063 	 0.0000 	 4.4678 	 864.3380 	 46.0000 	 0.4731 	 0.8733 	 0.1501 	 7.2729 	 0.2430 	 0.0000 	 1.6140 	 0.2630 
47.0000 	 0.1123 	 0.0287 	 0.1416 	 1.6610 	 0.1663 	 0.0000 	 1.6521 	 788.3818 	 47.0000 	 0.6923 	 0.4081 	 0.7942 	 10.5118 	 2.9589 	 0.0000 	 2.1123 	 0.5363 
45.0000 	 1.0000 	 0.5586 	 1.0000 	 30.0820 	 0.0010 	 0.0000 	 4.4100 	 869.8254 	 45.0000 	 0.7012 	 0.8217 	 0.7217 	 12.2950 	 2.0849 	 0.0000 	 1.9947 	 0.0005 
46.0000 	 0.1055 	 0.0133 	 0.0103 	 22.4513 	 0.0415 	 0.0000 	 1.4311 	 765.7610 	 46.0000 	 0.8269 	 0.4049 	 0.6759 	 4.0037 	 1.5664 	 0.0000 	 2.6027 	 0.3311 
45.0000 	 0.1419 	 0.0040 	 0.9344 	 22.3976 	 4.5345 	 0.0000 	 1.6346 	 742.5208 	 45.0000 	 0.2741 	 0.9175 	 0.2023 	 2.0751 	 1.9578 	 0.0000 	 0.5210 	 0.0427 
46.0000 	 0.4794 	 0.0186 	 0.0400 	 1.5718 	 0.0114 	 0.0000 	 2.9561 	 845.6010 	 46.0000 	 0.5696 	 0.4201 	 0.3344 	 13.1186 	 0.0985 	 0.0000 	 0.3106 	 0.2500 
47.0000 	 0.2844 	 0.0173 	 0.0027 	 22.6417 	 0.0041 	 0.0000 	 0.7573 	 780.8919 	 47.0000 	 0.2014 	 0.2086 	 0.8746 	 8.6543 	 2.7979 	 0.0000 	 0.1626 	 0.0656 
50.0000 	 0.5575 	 0.8721 	 0.3746 	 1.3798 	 4.8475 	 0.0000 	 1.7012 	 740.8650 	 50.0000 	 0.6604 	 0.9118 	 0.5322 	 1.3566 	 3.6280 	 0.0000 	 2.1559 	 0.0091 
45.0000 	 0.1186 	 0.0036 	 0.0730 	 5.6084 	 0.1856 	 0.0000 	 4.2305 	 848.8065 	 45.0000 	 0.0083 	 0.7372 	 0.8083 	 6.2758 	 0.9708 	 0.0000 	 1.3294 	 0.0869 
45.0000 	 0.0946 	 0.0025 	 0.0793 	 9.8721 	 0.0442 	 0.0000 	 1.3098 	 804.7824 	 45.0000 	 0.5143 	 0.9288 	 0.3261 	 14.7088 	 4.9701 	 0.0000 	 1.8462 	 0.1460 
47.0000 	 0.1067 	 0.1058 	 0.0925 	 1.6078 	 1.7114 	 0.0000 	 3.0992 	 787.4721 	 47.0000 	 0.1803 	 0.9061 	 0.0376 	 9.1113 	 1.7032 	 0.0000 	 0.4649 	 0.5244 
42.0000 	 0.1151 	 0.0060 	 0.0064 	 34.8039 	 0.0133 	 0.0000 	 0.2841 	 763.1810 	 42.0000 	 0.2002 	 0.3817 	 0.6213 	 14.6240 	 2.0826 	 0.0000 	 0.4912 	 0.4720 
45.0000 	 0.1263 	 0.0193 	 0.0020 	 13.3048 	 0.0041 	 0.0000 	 0.0026 	 771.6472 	 45.0000 	 0.3054 	 0.0846 	 0.3381 	 4.5514 	 2.9558 	 0.0000 	 1.0049 	 0.1364 
47.0000 	 0.1150 	 0.1428 	 0.0052 	 1.7005 	 0.0141 	 0.0000 	 0.4956 	 761.6165 	 47.0000 	 0.6495 	 0.0353 	 0.9199 	 3.0792 	 3.6750 	 0.0000 	 0.8721 	 0.2105 
46.0000 	 0.0686 	 0.0039 	 0.1981 	 13.7250 	 0.3224 	 0.0000 	 2.1584 	 798.4658 	 46.0000 	 0.2470 	 0.1047 	 0.6127 	 1.8898 	 2.3116 	 0.0000 	 1.6456 	 0.1826 
47.0000 	 0.8977 	 0.0096 	 0.0014 	 2.8801 	 1.9697 	 0.0000 	 3.9844 	 834.3119 	 47.0000 	 0.0811 	 0.5577 	 0.7066 	 13.1461 	 0.2827 	 0.0000 	 1.4040 	 0.2900 
47.0000 	 0.0934 	 0.1053 	 0.0107 	 3.2146 	 0.0524 	 0.0000 	 1.7382 	 775.4142 	 47.0000 	 0.2282 	 0.1685 	 0.5242 	 3.9826 	 0.1148 	 0.0000 	 2.4628 	 0.0925 
47.0000 	 0.2309 	 0.0056 	 0.0013 	 48.0381 	 0.0019 	 0.0000 	 0.7883 	 778.8389 	 47.0000 	 0.6490 	 0.3458 	 0.3023 	 11.6241 	 3.2809 	 0.0000 	 1.2167 	 0.3374 
44.0000 	 0.1144 	 0.0616 	 0.1002 	 1.2989 	 0.1904 	 0.0000 	 1.7099 	 786.2217 	 44.0000 	 0.2687 	 0.9903 	 0.1905 	 8.6284 	 3.0551 	 0.0000 	 2.4056 	 0.1179 
46.0000 	 0.2559 	 0.0396 	 0.0149 	 4.5950 	 0.0189 	 0.0000 	 1.4380 	 781.8922 	 46.0000 	 0.5202 	 0.4248 	 0.6793 	 2.7477 	 1.5462 	 0.0000 	 1.7080 	 0.1566 
43.0000 	 0.0655 	 0.1065 	 0.0500 	 1.3027 	 0.5751 	 0.0000 	 2.0977 	 820.6790 	 43.0000 	 0.2303 	 0.8380 	 0.5487 	 11.0063 	 2.7602 	 0.0000 	 2.6220 	 0.6988 
44.0000 	 0.2881 	 0.0543 	 0.0916 	 2.8273 	 0.1554 	 0.0000 	 1.8962 	 785.1876 	 44.0000 	 0.1275 	 0.4793 	 0.9492 	 6.7039 	 0.9992 	 0.0000 	 1.1163 	 0.0377 
45.0000 	 0.1108 	 0.0423 	 0.0232 	 6.3328 	 0.1532 	 0.0000 	 2.3845 	 784.3356 	 45.0000 	 0.7457 	 0.5958 	 0.4806 	 11.3279 	 1.2626 	 0.0000 	 1.6087 	 0.2053 
45.0000 	 0.1146 	 0.3572 	 0.0077 	 1.0115 	 0.0588 	 0.0000 	 3.4540 	 801.7629 	 45.0000 	 0.6442 	 0.1630 	 0.5423 	 13.5113 	 4.3653 	 0.0000 	 2.1077 	 0.3801 
47.0000 	 0.6494 	 1.0000 	 0.2923 	 2.0237 	 4.0289 	 0.0000 	 2.2002 	 758.6201 	 47.0000 	 0.1185 	 0.1834 	 0.0043 	 3.6241 	 0.5240 	 0.0000 	 1.6209 	 0.0151 
42.0000 	 0.1072 	 0.0204 	 0.0096 	 4.3770 	 0.0118 	 0.0000 	 0.4413 	 778.0159 	 42.0000 	 0.0576 	 0.4806 	 0.9531 	 7.1906 	 3.5380 	 0.0000 	 1.6456 	 0.1779 
50.0000 	 0.9024 	 0.9940 	 0.5755 	 2.2105 	 4.1882 	 0.0000 	 1.9198 	 752.1765 	 50.0000 	 0.7910 	 0.2333 	 0.4464 	 4.2711 	 4.2491 	 0.0000 	 1.8469 	 0.0197 
46.0000 	 0.1120 	 0.0298 	 0.0060 	 14.5535 	 0.0234 	 0.0000 	 0.8816 	 759.2078 	 46.0000 	 0.6871 	 0.8148 	 0.7800 	 2.3581 	 3.0346 	 0.0000 	 2.8428 	 0.4221 
48.0000 	 0.3402 	 0.0216 	 0.0080 	 49.9566 	 0.0217 	 0.0000 	 1.3590 	 778.6908 	 48.0000 	 0.5267 	 0.1670 	 0.6554 	 1.9801 	 3.2481 	 0.0000 	 0.3181 	 0.0509 
45.0000 	 0.1145 	 0.3259 	 0.0620 	 2.3747 	 3.8835 	 0.0000 	 2.5847 	 773.0258 	 45.0000 	 0.1790 	 0.7841 	 0.1120 	 9.2958 	 4.1352 	 0.0000 	 2.5812 	 0.0340 
46.0000 	 0.5433 	 0.0378 	 0.8825 	 4.5095 	 3.3825 	 0.0000 	 1.5870 	 744.9099 	 46.0000 	 0.4518 	 0.3530 	 0.7735 	 4.9364 	 1.5267 	 0.0000 	 2.5434 	 0.0518 
44.0000 	 0.0931 	 0.0322 	 0.0315 	 3.4597 	 0.0617 	 0.0000 	 1.4058 	 778.6891 	 44.0000 	 0.1398 	 0.3472 	 0.7959 	 7.5842 	 0.0063 	 0.0000 	 1.6249 	 0.0808 
43.0000 	 0.3339 	 0.0349 	 0.8949 	 3.7575 	 4.2129 	 0.0000 	 1.7346 	 743.6776 	 43.0000 	 0.4831 	 0.9737 	 0.4524 	 9.9083 	 1.9921 	 0.0000 	 0.1363 	 0.0473 
42.0000 	 0.1243 	 1.0000 	 0.1607 	 2.1167 	 5.5598 	 0.0000 	 1.9573 	 745.9191 	 42.0000 	 0.8960 	 0.4241 	 0.8921 	 5.0802 	 3.6845 	 0.0000 	 0.9593 	 0.3039 
44.0000 	 0.1134 	 0.0053 	 0.0593 	 10.8707 	 0.0538 	 0.0000 	 0.8042 	 791.4230 	 44.0000 	 0.9374 	 0.3638 	 0.0066 	 6.1760 	 0.4579 	 0.0000 	 2.4059 	 0.5523 
42.0000 	 0.4648 	 0.2875 	 0.0542 	 1.4234 	 0.0855 	 0.0000 	 1.5283 	 783.4432 	 42.0000 	 0.0732 	 0.9972 	 0.1154 	 5.8523 	 1.0595 	 0.0000 	 1.0202 	 0.0415 
45.0000 	 0.0961 	 0.0519 	 0.0127 	 4.1541 	 0.0372 	 0.0000 	 1.3214 	 766.9199 	 45.0000 	 0.3948 	 0.2168 	 0.1626 	 12.6561 	 0.0600 	 0.0000 	 1.0820 	 0.7021 
43.0000 	 0.1168 	 0.2149 	 0.0581 	 1.4479 	 2.0424 	 0.0000 	 2.7203 	 781.6370 	 43.0000 	 0.8890 	 0.3423 	 0.7647 	 9.4443 	 2.6795 	 0.0000 	 1.0346 	 0.0001 
42.0000 	 0.1036 	 0.0339 	 0.8462 	 3.1272 	 4.7305 	 0.0000 	 1.4924 	 743.6255 	 42.0000 	 0.5993 	 0.9088 	 0.8334 	 7.3803 	 2.3400 	 0.0000 	 0.9585 	 0.2118 
44.0000 	 0.7279 	 0.9975 	 0.0691 	 9.9393 	 0.1387 	 0.0000 	 1.5337 	 785.9023 	 44.0000 	 0.8802 	 0.8671 	 0.1757 	 6.6526 	 1.1549 	 0.0000 	 1.0363 	 0.0413 
39.0000 	 0.1610 	 0.0153 	 0.0122 	 16.4289 	 0.0237 	 0.0000 	 0.7622 	 777.6590 	 39.0000 	 0.9557 	 0.7178 	 0.0802 	 7.7756 	 3.0896 	 0.0000 	 0.9603 	 0.0830 
42.0000 	 0.4221 	 0.0249 	 0.3863 	 5.9325 	 0.8980 	 0.0000 	 2.0609 	 775.9139 	 42.0000 	 0.0190 	 0.1689 	 0.1493 	 2.6100 	 2.1481 	 0.0000 	 1.3154 	 0.0571 
44.0000 	 0.1084 	 0.0023 	 0.4380 	 1.8519 	 0.0832 	 0.0000 	 1.4139 	 836.1478 	 44.0000 	 0.8966 	 0.2195 	 0.0547 	 3.5752 	 3.0534 	 0.0000 	 1.4986 	 0.5793 
43.0000 	 0.1930 	 0.0341 	 0.0012 	 6.6256 	 0.0017 	 0.0000 	 1.2164 	 782.1999 	 43.0000 	 0.9983 	 0.0878 	 0.8868 	 3.0952 	 4.1391 	 0.0000 	 2.4623 	 0.0645 
39.0000 	 0.6742 	 0.0630 	 0.8859 	 3.7799 	 2.4213 	 0.0000 	 1.2571 	 747.9273 	 39.0000 	 0.0149 	 0.6432 	 0.2466 	 11.4586 	 2.5186 	 0.0000 	 0.9164 	 0.0622 
43.0000 	 0.1349 	 0.0602 	 0.0012 	 3.2945 	 0.0017 	 0.0000 	 0.0126 	 779.9118 	 43.0000 	 0.5561 	 0.6022 	 0.6101 	 6.0859 	 3.5629 	 0.0000 	 2.9880 	 0.2565 
40.0000 	 0.1153 	 0.0040 	 0.1179 	 21.2740 	 0.2341 	 0.0000 	 1.8796 	 786.3066 	 40.0000 	 0.6895 	 0.6015 	 0.9098 	 14.9719 	 0.6849 	 0.0000 	 2.5583 	 0.2781 
43.0000 	 0.1302 	 0.0084 	 0.0056 	 49.4071 	 0.0264 	 0.0000 	 3.1646 	 792.3421 	 43.0000 	 0.2270 	 0.1144 	 0.5550 	 11.2394 	 4.0013 	 0.0000 	 2.2640 	 0.3277 
47.0000 	 0.1228 	 0.1298 	 0.0090 	 1.1115 	 0.0168 	 0.0000 	 0.7917 	 767.9405 	 47.0000 	 0.6841 	 0.8531 	 0.9253 	 14.9115 	 3.2259 	 0.0000 	 0.5112 	 0.1856 
42.0000 	 0.3187 	 0.4474 	 0.1281 	 3.9031 	 4.0491 	 0.0000 	 2.6105 	 771.8739 	 42.0000 	 0.0594 	 0.6128 	 0.4130 	 1.6311 	 3.3402 	 0.0000 	 1.1572 	 0.0137 
36.0000 	 0.5233 	 0.0165 	 0.0070 	 4.9923 	 0.0022 	 0.0000 	 0.4688 	 796.1373 	 36.0000 	 0.0472 	 0.5212 	 0.7565 	 10.8575 	 1.4362 	 0.0000 	 2.3262 	 0.9149 
39.0000 	 0.1271 	 0.0523 	 0.0842 	 10.2751 	 5.7978 	 0.0000 	 2.5791 	 769.1945 	 39.0000 	 0.9596 	 0.6165 	 0.3792 	 4.7902 	 0.5504 	 0.0000 	 0.6826 	 0.0813 
43.0000 	 0.6906 	 0.1700 	 0.8171 	 1.7678 	 3.3293 	 0.0000 	 1.4817 	 744.6951 	 43.0000 	 0.6504 	 0.3744 	 0.2229 	 7.0191 	 3.2546 	 0.0000 	 1.0084 	 0.0445 
39.0000 	 0.1366 	 0.2868 	 0.0032 	 1.1523 	 0.0079 	 0.0000 	 1.0947 	 771.1356 	 39.0000 	 0.3117 	 0.1504 	 0.3633 	 11.5941 	 1.0798 	 0.0000 	 0.6079 	 0.3186 
40.0000 	 0.5291 	 0.1295 	 0.0582 	 50.0000 	 3.8255 	 0.0000 	 2.8352 	 777.7514 	 40.0000 	 0.3295 	 0.5765 	 0.2342 	 8.7418 	 0.7328 	 0.0000 	 0.0380 	 0.0139 
33.0000 	 0.3611 	 0.0093 	 0.0031 	 6.9482 	 1.0042 	 0.0000 	 4.4385 	 857.4979 	 33.0000 	 0.1022 	 0.5116 	 0.1230 	 13.7377 	 1.7858 	 0.0000 	 1.6600 	 0.2632 
40.0000 	 0.3301 	 0.3555 	 0.0489 	 5.0302 	 0.2711 	 0.0000 	 2.5038 	 787.7098 	 40.0000 	 0.0694 	 0.9686 	 0.3403 	 2.5503 	 4.3807 	 0.0000 	 0.4088 	 0.0144 
41.0000 	 0.0516 	 0.0012 	 0.1179 	 2.3510 	 0.0209 	 0.0000 	 2.1053 	 839.8117 	 41.0000 	 0.1410 	 0.4512 	 0.6167 	 10.4800 	 4.5948 	 0.0000 	 0.5098 	 0.4990 
39.0000 	 0.2871 	 0.0287 	 0.0172 	 12.9738 	 0.0307 	 0.0000 	 1.3444 	 775.5766 	 39.0000 	 0.4592 	 0.2579 	 0.9495 	 10.7894 	 0.6840 	 0.0000 	 0.8228 	 0.6267 
35.0000 	 0.1206 	 0.0065 	 0.0052 	 7.2636 	 0.0033 	 0.0000 	 0.9747 	 799.1144 	 35.0000 	 0.6086 	 0.4896 	 0.1990 	 5.0316 	 0.9921 	 0.0000 	 2.7322 	 0.6765 
43.0000 	 0.1079 	 0.0021 	 0.0118 	 7.3450 	 0.0088 	 0.0000 	 4.4707 	 851.9892 	 43.0000 	 0.0773 	 0.6179 	 0.0282 	 1.2288 	 3.7009 	 0.0000 	 2.3696 	 0.2723 
33.0000 	 0.1028 	 0.0456 	 0.0549 	 3.1509 	 0.1484 	 0.0000 	 2.5818 	 788.9521 	 33.0000 	 0.4386 	 0.2307 	 0.5871 	 8.0470 	 1.2126 	 0.0000 	 0.0556 	 0.0597 
43.0000 	 0.2543 	 0.2130 	 0.0432 	 17.3140 	 4.1281 	 0.0000 	 2.7503 	 776.9573 	 43.0000 	 0.4546 	 0.9656 	 0.2968 	 8.4599 	 1.5280 	 0.0000 	 2.0667 	 0.0208 
40.0000 	 0.2796 	 0.1051 	 0.0210 	 3.4077 	 0.0388 	 0.0000 	 1.4339 	 780.3424 	 40.0000 	 0.2056 	 0.9852 	 0.3432 	 1.2889 	 1.0498 	 0.0000 	 0.7177 	 0.0999 
41.0000 	 0.4771 	 0.0369 	 0.0319 	 15.6775 	 0.0554 	 0.0000 	 1.5418 	 782.1479 	 41.0000 	 0.2649 	 0.5543 	 0.1301 	 8.8922 	 1.3214 	 0.0000 	 0.0773 	 0.0464 
40.0000 	 0.4629 	 0.0226 	 0.0779 	 11.5138 	 0.0963 	 0.0000 	 1.5984 	 783.4949 	 40.0000 	 0.7215 	 0.7705 	 0.5840 	 5.8005 	 1.2149 	 0.0000 	 2.9704 	 0.0486 
36.0000 	 0.1246 	 0.2034 	 0.0054 	 1.5854 	 0.0130 	 0.0000 	 0.3061 	 762.5836 	 36.0000 	 0.3325 	 0.4787 	 0.5864 	 11.0404 	 2.7159 	 0.0000 	 1.0260 	 0.7045 
39.0000 	 0.8490 	 0.7762 	 0.5272 	 2.7371 	 3.7304 	 0.0000 	 1.9011 	 753.5151 	 39.0000 	 0.0263 	 0.3690 	 0.4105 	 8.6073 	 1.4608 	 0.0000 	 2.1434 	 0.0350 
37.0000 	 0.6998 	 0.1235 	 0.8951 	 2.4066 	 2.9828 	 0.0000 	 1.4436 	 746.2502 	 37.0000 	 0.9042 	 0.7856 	 0.4279 	 13.7393 	 0.9420 	 0.0000 	 1.0607 	 0.2464 
39.0000 	 0.1053 	 0.0576 	 0.0087 	 22.1152 	 0.0475 	 0.0000 	 1.2958 	 765.9401 	 39.0000 	 0.2388 	 0.0627 	 0.4434 	 8.3112 	 2.0125 	 0.0000 	 2.6143 	 0.3365 
35.0000 	 0.1447 	 0.1015 	 0.0182 	 2.8161 	 0.0454 	 0.0000 	 1.3483 	 777.0858 	 35.0000 	 0.0644 	 0.5506 	 0.1315 	 3.5471 	 1.4281 	 0.0000 	 2.6123 	 0.0920 
42.0000 	 0.1374 	 0.0033 	 0.5860 	 30.6180 	 4.0508 	 0.0000 	 1.9199 	 758.3660 	 42.0000 	 0.7357 	 0.9984 	 0.8197 	 8.7651 	 0.2177 	 0.0000 	 2.9229 	 0.1053 
38.0000 	 0.1162 	 0.2025 	 0.0118 	 30.3498 	 0.0828 	 0.0000 	 1.2254 	 769.0840 	 38.0000 	 0.2633 	 0.5677 	 0.5819 	 7.2929 	 3.9758 	 0.0000 	 1.0064 	 0.1577 
37.0000 	 0.4697 	 0.0520 	 0.0011 	 3.3598 	 0.0012 	 0.0000 	 3.2340 	 833.7922 	 37.0000 	 0.8678 	 0.3949 	 0.7051 	 7.8519 	 1.8794 	 0.0000 	 0.0265 	 0.0618 
39.0000 	 0.2345 	 0.0808 	 0.0642 	 11.5448 	 4.9586 	 0.0000 	 4.2510 	 767.6275 	 39.0000 	 0.4834 	 0.8415 	 0.3239 	 9.3440 	 0.6771 	 0.0000 	 0.8687 	 0.2852 
36.0000 	 0.6612 	 0.8509 	 0.3343 	 2.4004 	 3.0575 	 0.0000 	 1.9211 	 757.6002 	 36.0000 	 0.3820 	 0.9103 	 0.6486 	 2.2773 	 3.2280 	 0.0000 	 2.9552 	 0.1662 
40.0000 	 0.1589 	 0.0473 	 0.0010 	 5.5265 	 0.0016 	 0.0000 	 0.3463 	 778.2604 	 40.0000 	 0.1888 	 0.4592 	 0.3208 	 3.8153 	 0.9466 	 0.0000 	 0.8621 	 0.8118 
36.0000 	 0.1349 	 0.0202 	 0.0016 	 5.1126 	 0.0016 	 0.0000 	 1.2656 	 790.0249 	 36.0000 	 0.7112 	 0.2139 	 0.0823 	 4.6066 	 0.0238 	 0.0000 	 2.1988 	 0.5509 
40.0000 	 0.3260 	 0.0085 	 0.0920 	 15.9257 	 0.1100 	 0.0000 	 1.7078 	 785.4828 	 40.0000 	 0.6659 	 0.9085 	 0.8988 	 14.3043 	 4.4594 	 0.0000 	 2.1922 	 0.0601 
36.0000 	 0.4245 	 0.0566 	 0.0769 	 5.5129 	 0.1087 	 0.0000 	 1.6547 	 783.6751 	 36.0000 	 0.2143 	 0.8484 	 0.9522 	 2.8207 	 2.5576 	 0.0000 	 0.5252 	 0.0466 
38.0000 	 0.5886 	 0.3339 	 0.0223 	 50.0000 	 0.0660 	 0.0000 	 2.2322 	 786.1303 	 38.0000 	 0.9513 	 0.4879 	 0.4148 	 10.9164 	 4.3290 	 0.0000 	 1.4519 	 0.0406 
38.0000 	 0.1183 	 0.0016 	 0.0042 	 7.4194 	 0.0012 	 0.0000 	 1.5168 	 822.9591 	 38.0000 	 0.7288 	 0.1715 	 0.9110 	 7.3024 	 1.3423 	 0.0000 	 1.3001 	 0.5559 
35.0000 	 0.1096 	 0.0567 	 0.0206 	 3.8843 	 0.0538 	 0.0000 	 1.4206 	 773.4684 	 35.0000 	 0.3013 	 0.5598 	 0.4506 	 6.8517 	 0.1882 	 0.0000 	 2.6756 	 0.2858 
30.0000 	 0.1706 	 0.2783 	 0.0010 	 1.0080 	 0.0016 	 0.0000 	 0.4035 	 782.7158 	 30.0000 	 0.7482 	 0.7973 	 0.1753 	 4.3706 	 3.1161 	 0.0000 	 2.6347 	 0.2817 
41.0000 	 0.7661 	 0.8886 	 0.2766 	 14.3216 	 1.8583 	 0.0000 	 4.3579 	 773.0838 	 41.0000 	 0.7654 	 0.8888 	 0.2762 	 14.3263 	 1.8584 	 0.0000 	 2.8584 	 0.3983 
40.0000 	 0.8767 	 1.0000 	 0.7899 	 24.3613 	 9.9507 	 0.0000 	 2.4931 	 759.8872 	 40.0000 	 0.7681 	 0.2454 	 0.1564 	 14.6735 	 2.5987 	 0.0000 	 1.4565 	 0.0248 
34.0000 	 0.1218 	 0.0028 	 0.0988 	 7.4225 	 0.0364 	 0.0000 	 1.3528 	 813.8133 	 34.0000 	 0.4413 	 0.2038 	 0.9715 	 3.1689 	 4.4066 	 0.0000 	 2.7497 	 0.2496 
37.0000 	 0.4871 	 0.0484 	 0.0657 	 8.1893 	 0.0923 	 0.0000 	 1.6291 	 783.4242 	 37.0000 	 0.0358 	 0.3176 	 0.2838 	 4.1894 	 0.8244 	 0.0000 	 0.3181 	 0.0559 
41.0000 	 0.2789 	 0.0405 	 0.0093 	 20.3668 	 0.0221 	 0.0000 	 1.1716 	 779.0105 	 41.0000 	 0.4492 	 0.2474 	 0.6896 	 13.4383 	 4.0986 	 0.0000 	 0.5228 	 0.0669 
37.0000 	 0.4723 	 0.1507 	 0.0923 	 15.3189 	 4.8244 	 0.0000 	 2.8673 	 776.9381 	 37.0000 	 0.9890 	 0.9641 	 0.4992 	 14.5280 	 1.1632 	 0.0000 	 1.1134 	 0.0128 
37.0000 	 0.4794 	 0.0186 	 0.0400 	 1.5718 	 0.0114 	 0.0000 	 4.4561 	 863.3931 	 37.0000 	 0.5234 	 0.5514 	 0.7083 	 8.0075 	 0.3815 	 0.0000 	 1.7833 	 0.2776 
38.0000 	 0.1190 	 0.5361 	 0.0509 	 11.4181 	 5.0588 	 0.0000 	 2.6107 	 769.3418 	 38.0000 	 0.1516 	 0.5673 	 0.0410 	 12.1551 	 4.1925 	 0.0000 	 2.6698 	 0.0381 
40.0000 	 0.1084 	 0.9948 	 0.0855 	 3.6905 	 2.2451 	 0.0000 	 2.1675 	 767.6527 	 40.0000 	 0.7749 	 0.6781 	 0.4685 	 3.8026 	 2.3750 	 0.0000 	 1.6642 	 0.0294 
38.0000 	 0.1044 	 0.0852 	 0.0070 	 1.1028 	 0.0040 	 0.0000 	 3.9932 	 858.5504 	 38.0000 	 0.3999 	 0.4390 	 0.5926 	 5.9913 	 3.7807 	 0.0000 	 0.5747 	 0.2000 
38.0000 	 0.2400 	 0.0404 	 0.0626 	 18.1622 	 4.1259 	 0.0000 	 2.8254 	 776.7922 	 38.0000 	 0.5121 	 0.5814 	 0.2072 	 14.9591 	 0.3619 	 0.0000 	 0.1481 	 0.0871 
34.0000 	 0.1475 	 0.0228 	 0.0010 	 6.5070 	 0.0011 	 0.0000 	 0.0807 	 784.1777 	 34.0000 	 0.4860 	 0.7713 	 0.2853 	 10.3264 	 0.4760 	 0.0000 	 1.6182 	 0.5474 
36.0000 	 0.1046 	 0.0819 	 0.0129 	 3.9360 	 0.0425 	 0.0000 	 1.6763 	 769.3980 	 36.0000 	 0.7859 	 0.8811 	 0.9098 	 3.9184 	 0.5936 	 0.0000 	 1.8036 	 0.2838 
33.0000 	 0.1038 	 0.0927 	 0.0262 	 2.0842 	 0.0556 	 0.0000 	 1.2622 	 776.6760 	 33.0000 	 0.4722 	 0.0725 	 0.3680 	 7.5687 	 0.1731 	 0.0000 	 1.2525 	 0.0766 
37.0000 	 0.9475 	 0.7870 	 0.8534 	 14.7249 	 4.4504 	 0.0000 	 1.5864 	 752.6071 	 37.0000 	 0.9469 	 0.7866 	 0.8545 	 14.7248 	 4.4554 	 0.0000 	 1.5861 	 0.3541 
36.0000 	 0.3611 	 0.0093 	 0.0031 	 6.9482 	 1.0042 	 0.0000 	 4.4385 	 862.0231 	 36.0000 	 0.0258 	 0.9589 	 0.5794 	 5.1210 	 4.7341 	 0.0000 	 0.4558 	 0.2736 
36.0000 	 0.9411 	 0.5713 	 0.0024 	 9.1963 	 0.1063 	 0.0000 	 4.4678 	 868.3994 	 36.0000 	 0.2987 	 0.1130 	 0.2474 	 11.8602 	 0.5567 	 0.0000 	 0.4883 	 0.2637 
30.0000 	 0.3688 	 0.0096 	 0.0527 	 30.0056 	 0.0613 	 0.0000 	 1.3534 	 782.9372 	 30.0000 	 0.3168 	 0.7613 	 0.5638 	 3.0003 	 2.2275 	 0.0000 	 0.7049 	 0.0723 
33.0000 	 0.2308 	 0.0173 	 0.1870 	 8.0733 	 0.3873 	 0.0000 	 2.1237 	 785.8699 	 33.0000 	 0.7992 	 0.1181 	 0.8140 	 11.7472 	 2.2810 	 0.0000 	 2.5484 	 0.1149 
35.0000 	 0.2212 	 0.9999 	 0.3068 	 1.6561 	 6.0834 	 0.0000 	 1.7334 	 741.5447 	 35.0000 	 0.3949 	 0.5277 	 0.3317 	 1.0579 	 2.9537 	 0.0000 	 2.0156 	 0.0189 
33.0000 	 0.2157 	 0.0148 	 0.1675 	 2.9242 	 0.0815 	 0.0000 	 1.1708 	 805.7120 	 33.0000 	 0.3737 	 0.7585 	 0.2841 	 8.5646 	 0.2760 	 0.0000 	 2.5332 	 0.1529 
31.0000 	 0.1075 	 0.0500 	 0.0132 	 6.2019 	 0.0338 	 0.0000 	 1.1966 	 768.2286 	 31.0000 	 0.3901 	 0.9915 	 0.4040 	 1.3318 	 2.0418 	 0.0000 	 0.6654 	 0.0740 
29.0000 	 0.1058 	 0.0027 	 0.0765 	 9.2941 	 0.0433 	 0.0000 	 1.3623 	 736.4925 	 29.0000 	 0.5294 	 0.9248 	 0.8317 	 10.6184 	 1.7791 	 0.0000 	 1.3311 	 0.8187 
35.0000 	 0.0841 	 0.0042 	 0.0310 	 33.2945 	 0.1024 	 0.0000 	 2.5840 	 793.9418 	 35.0000 	 0.1752 	 0.6895 	 0.1534 	 10.0291 	 4.3652 	 0.0000 	 2.7637 	 0.3052 
38.0000 	 0.0951 	 0.1228 	 0.0151 	 2.1858 	 0.0518 	 0.0000 	 2.1406 	 778.2383 	 38.0000 	 0.2403 	 0.5645 	 0.8120 	 5.7337 	 2.8205 	 0.0000 	 2.1555 	 0.2361 
37.0000 	 0.2396 	 0.0052 	 0.0010 	 39.3697 	 0.0011 	 0.0000 	 0.9048 	 788.5167 	 37.0000 	 0.4481 	 0.9963 	 0.4110 	 9.9981 	 0.6238 	 0.0000 	 1.7510 	 0.1884 
33.0000 	 0.1059 	 0.0046 	 0.0715 	 9.5377 	 0.0471 	 0.0000 	 1.3458 	 797.2192 	 33.0000 	 0.8640 	 0.5392 	 0.0849 	 3.5263 	 0.4997 	 0.0000 	 2.8837 	 0.5094 
31.0000 	 0.5975 	 0.7261 	 0.5059 	 1.6690 	 4.1738 	 0.0000 	 1.5551 	 740.9587 	 31.0000 	 0.6741 	 0.3441 	 0.8656 	 1.7685 	 4.5131 	 0.0000 	 0.1997 	 0.0125 
32.0000 	 0.1297 	 0.0133 	 0.1502 	 6.9235 	 0.2393 	 0.0000 	 1.8358 	 786.6147 	 32.0000 	 0.9503 	 0.8344 	 0.0959 	 2.8577 	 3.9453 	 0.0000 	 2.1619 	 0.0537 
34.0000 	 0.1352 	 0.0660 	 0.0655 	 1.2142 	 0.0651 	 0.0000 	 1.0401 	 788.3275 	 34.0000 	 0.1022 	 0.4909 	 0.9206 	 13.1209 	 3.5560 	 0.0000 	 0.0872 	 0.0509 
31.0000 	 0.1303 	 0.0083 	 0.0442 	 7.8814 	 0.5839 	 0.0000 	 4.3635 	 859.6282 	 31.0000 	 0.0990 	 0.5698 	 0.6212 	 5.2836 	 1.7101 	 0.0000 	 1.8406 	 0.0506 
28.0000 	 0.7107 	 0.0015 	 0.0067 	 18.4166 	 0.0040 	 0.0000 	 2.4720 	 932.4387 	 28.0000 	 0.4856 	 0.6835 	 0.5492 	 3.8324 	 0.7883 	 0.0000 	 2.2843 	 0.2420 
35.0000 	 0.1348 	 0.1652 	 0.0020 	 2.5404 	 0.0042 	 0.0000 	 0.1890 	 771.6259 	 35.0000 	 0.0017 	 0.7542 	 0.6196 	 12.1675 	 2.3588 	 0.0000 	 1.4714 	 0.4412 
30.0000 	 0.1828 	 0.0072 	 0.0137 	 1.1237 	 0.0022 	 0.0000 	 1.2998 	 832.2085 	 30.0000 	 0.0435 	 0.8095 	 0.8024 	 9.7892 	 3.0341 	 0.0000 	 2.8587 	 0.2816 
34.0000 	 0.1951 	 0.0269 	 0.0110 	 5.8450 	 0.0119 	 0.0000 	 0.0100 	 786.4893 	 34.0000 	 0.9742 	 0.4848 	 0.4140 	 5.8081 	 1.5262 	 0.0000 	 1.0012 	 0.2568 
32.0000 	 0.1049 	 0.0886 	 0.0430 	 1.6096 	 0.0877 	 0.0000 	 1.5302 	 780.5740 	 32.0000 	 0.6896 	 0.1203 	 0.2598 	 1.7978 	 2.5691 	 0.0000 	 1.7793 	 0.0962 
35.0000 	 0.1357 	 0.3479 	 0.0516 	 26.3816 	 9.7974 	 0.0000 	 2.5206 	 768.6612 	 35.0000 	 0.4593 	 0.0858 	 0.7489 	 14.7348 	 2.4761 	 0.0000 	 0.7864 	 0.1853 
33.0000 	 0.3026 	 0.3164 	 0.0385 	 1.1893 	 0.0709 	 0.0000 	 1.5712 	 782.5050 	 33.0000 	 0.5825 	 0.5309 	 0.4935 	 2.0929 	 1.7433 	 0.0000 	 2.0490 	 0.0375 
28.0000 	 0.0709 	 0.0033 	 0.1690 	 2.5596 	 0.0449 	 0.0000 	 2.0953 	 832.1788 	 28.0000 	 0.7214 	 0.0119 	 0.1594 	 14.4231 	 3.0012 	 0.0000 	 0.8534 	 0.7514 
41.0000 	 0.5230 	 0.8821 	 0.3947 	 1.2783 	 4.6232 	 0.0000 	 1.6334 	 740.7378 	 41.0000 	 0.0919 	 0.9987 	 0.1383 	 1.0114 	 3.1214 	 0.0000 	 2.7583 	 0.0119 
37.0000 	 0.4232 	 0.9518 	 0.2383 	 2.6314 	 4.1222 	 0.0000 	 2.2443 	 759.2583 	 37.0000 	 0.4641 	 0.6476 	 0.3554 	 3.8560 	 3.5671 	 0.0000 	 0.1122 	 0.0053 
35.0000 	 0.3468 	 0.0193 	 0.0659 	 11.0732 	 0.0747 	 0.0000 	 1.3114 	 784.1399 	 35.0000 	 0.9967 	 0.3506 	 0.4925 	 6.1103 	 1.0977 	 0.0000 	 2.9621 	 0.1125 
30.0000 	 0.5017 	 0.8293 	 0.4574 	 1.2955 	 4.3744 	 0.0000 	 1.6124 	 740.6760 	 30.0000 	 0.8174 	 0.5731 	 0.6724 	 2.2708 	 1.6524 	 0.0000 	 1.8608 	 0.0117 
31.0000 	 0.3617 	 0.4185 	 0.0568 	 1.0015 	 0.0967 	 0.0000 	 1.5025 	 783.6134 	 31.0000 	 0.1803 	 0.5989 	 0.9958 	 10.1431 	 3.1746 	 0.0000 	 2.5523 	 0.0365 
33.0000 	 0.1592 	 0.0759 	 0.0870 	 8.3684 	 4.4275 	 0.0000 	 2.7358 	 775.1555 	 33.0000 	 0.9186 	 0.3044 	 0.6088 	 12.3948 	 0.0817 	 0.0000 	 2.7110 	 0.0453 
35.0000 	 0.0802 	 0.1720 	 0.0686 	 4.8395 	 0.6609 	 0.0000 	 3.1155 	 845.2930 	 35.0000 	 0.3773 	 0.0621 	 0.4926 	 14.9905 	 2.2025 	 0.0000 	 2.0613 	 0.4513 
33.0000 	 0.1581 	 0.0202 	 0.2133 	 2.6941 	 0.1700 	 0.0000 	 1.2491 	 796.6063 	 33.0000 	 0.1206 	 0.5959 	 0.8218 	 1.6391 	 1.8108 	 0.0000 	 1.3388 	 0.1284 
29.0000 	 0.3971 	 0.0293 	 0.0323 	 21.0372 	 0.0492 	 0.0000 	 1.4777 	 781.8073 	 29.0000 	 0.0933 	 0.7107 	 0.2962 	 5.5581 	 3.0940 	 0.0000 	 1.8610 	 0.0710 
25.0000 	 0.1036 	 0.1950 	 0.0122 	 2.8629 	 0.0357 	 0.0000 	 0.9961 	 770.5900 	 25.0000 	 0.6004 	 0.4941 	 0.9495 	 1.8180 	 1.7124 	 0.0000 	 0.3995 	 0.0917 
28.0000 	 0.0860 	 0.0023 	 0.0179 	 13.7486 	 0.0144 	 0.0000 	 2.6472 	 833.6453 	 28.0000 	 0.5267 	 0.5874 	 0.3166 	 12.5206 	 3.9530 	 0.0000 	 2.8308 	 0.0708 
30.0000 	 0.1301 	 0.0068 	 0.0038 	 49.9999 	 0.0070 	 0.0000 	 0.0000 	 768.9065 	 30.0000 	 0.8409 	 0.0198 	 0.6069 	 7.2846 	 2.2676 	 0.0000 	 0.5088 	 0.2622 
37.0000 	 0.1074 	 0.0393 	 0.0562 	 13.0748 	 4.1824 	 0.0000 	 2.8673 	 779.2495 	 37.0000 	 0.6427 	 0.0134 	 0.6777 	 11.7715 	 3.5193 	 0.0000 	 0.6371 	 0.2926 
34.0000 	 0.0937 	 0.0310 	 0.3450 	 3.3699 	 1.1301 	 0.0000 	 1.9822 	 777.4069 	 34.0000 	 0.4386 	 0.7122 	 0.1583 	 9.0918 	 0.3692 	 0.0000 	 1.8156 	 0.2211 
34.0000 	 0.3762 	 0.1513 	 0.0525 	 2.6933 	 0.0852 	 0.0000 	 1.5664 	 783.1568 	 34.0000 	 0.0645 	 0.3029 	 0.7080 	 2.9649 	 4.5453 	 0.0000 	 0.5459 	 0.0385 
32.0000 	 0.2299 	 0.5646 	 0.0686 	 14.4701 	 7.4933 	 0.0000 	 3.4833 	 783.4289 	 32.0000 	 0.2476 	 0.7899 	 0.0845 	 13.8840 	 4.9298 	 0.0000 	 2.6455 	 0.2351 
30.0000 	 0.1346 	 0.1720 	 0.0073 	 1.3080 	 0.0127 	 0.0000 	 0.9406 	 774.1708 	 30.0000 	 0.1484 	 0.2310 	 0.0919 	 14.6662 	 0.3940 	 0.0000 	 1.9530 	 0.2273 
34.0000 	 0.6445 	 0.7724 	 0.2881 	 2.9707 	 1.8699 	 0.0000 	 1.9719 	 760.7160 	 34.0000 	 0.9204 	 0.7666 	 0.2532 	 5.2530 	 0.6722 	 0.0000 	 2.9829 	 0.0836 
37.0000 	 0.3666 	 0.0823 	 0.0373 	 5.2037 	 0.0647 	 0.0000 	 1.6139 	 782.2772 	 37.0000 	 0.7950 	 0.0730 	 0.3932 	 8.8403 	 0.2093 	 0.0000 	 1.7094 	 0.0564 
31.0000 	 0.3529 	 0.4424 	 0.0622 	 1.0000 	 0.1238 	 0.0000 	 1.6856 	 783.7156 	 31.0000 	 0.2834 	 0.2385 	 0.3753 	 10.2718 	 1.6912 	 0.0000 	 2.2059 	 0.0276 
24.0000 	 0.1064 	 0.0290 	 0.1416 	 9.7995 	 2.1481 	 0.0000 	 2.6564 	 778.8915 	 24.0000 	 0.7974 	 0.0349 	 0.9838 	 6.9621 	 3.2877 	 0.0000 	 1.2427 	 0.9830 
36.0000 	 0.0953 	 0.0027 	 0.1542 	 15.5620 	 0.1383 	 0.0000 	 1.8505 	 799.1685 	 36.0000 	 0.3933 	 0.1774 	 0.9352 	 4.1376 	 0.9767 	 0.0000 	 0.5421 	 0.1380 
25.0000 	 0.1707 	 0.0038 	 0.0998 	 3.2350 	 0.0178 	 0.0000 	 1.3553 	 830.8775 	 25.0000 	 0.3126 	 0.0984 	 0.2627 	 12.5058 	 3.2626 	 0.0000 	 0.8108 	 0.2280 
31.0000 	 0.1252 	 0.0065 	 0.0989 	 7.3256 	 0.0670 	 0.0000 	 1.4487 	 815.9324 	 31.0000 	 0.3070 	 0.3142 	 0.5846 	 7.8100 	 0.9947 	 0.0000 	 1.2875 	 0.1596 
31.0000 	 0.1089 	 0.0021 	 0.0119 	 28.5992 	 0.0089 	 0.0000 	 2.2203 	 809.3729 	 31.0000 	 0.1774 	 0.2399 	 0.6291 	 4.6762 	 4.7698 	 0.0000 	 0.6314 	 0.4904 
30.0000 	 0.1353 	 0.0072 	 0.0041 	 19.0435 	 0.0044 	 0.0000 	 0.2296 	 782.5483 	 30.0000 	 0.9775 	 0.2486 	 0.7746 	 4.3483 	 2.7601 	 0.0000 	 2.0085 	 0.1117 
31.0000 	 0.8413 	 0.4658 	 0.7591 	 2.4199 	 4.5258 	 0.0000 	 1.9809 	 751.1519 	 31.0000 	 0.9787 	 0.4675 	 0.6613 	 1.7754 	 4.5765 	 0.0000 	 2.6274 	 0.0457 
24.0000 	 0.1194 	 0.0424 	 0.9029 	 3.7177 	 4.3531 	 0.0000 	 1.7074 	 741.9803 	 24.0000 	 0.5460 	 0.2713 	 0.0316 	 10.3844 	 4.5106 	 0.0000 	 1.0004 	 0.2548 
29.0000 	 0.3665 	 0.0185 	 0.8764 	 10.3233 	 3.2491 	 0.0000 	 1.5988 	 744.1949 	 29.0000 	 0.7413 	 0.9229 	 0.1378 	 8.8842 	 0.5710 	 0.0000 	 0.8399 	 0.0487 
31.0000 	 0.1766 	 0.0148 	 0.0025 	 30.5120 	 0.0046 	 0.0000 	 0.6050 	 767.6233 	 31.0000 	 0.7083 	 0.6830 	 0.2262 	 5.7518 	 1.6956 	 0.0000 	 0.4922 	 0.4436 
22.0000 	 0.1143 	 0.0422 	 0.8413 	 4.0930 	 4.3598 	 0.0000 	 1.7486 	 743.8947 	 22.0000 	 0.5191 	 0.0715 	 0.6663 	 5.5883 	 3.0806 	 0.0000 	 1.3011 	 0.0878 
34.0000 	 0.2525 	 0.1974 	 0.0010 	 1.0000 	 0.0010 	 0.0000 	 0.1670 	 779.4560 	 34.0000 	 0.9257 	 0.2266 	 0.3621 	 1.2286 	 3.6612 	 0.0000 	 1.3189 	 0.3579 
32.0000 	 0.6464 	 0.0010 	 0.9580 	 48.5103 	 3.4270 	 0.0000 	 8.1058 	 943.9652 	 32.0000 	 0.5634 	 0.3353 	 0.6026 	 13.6342 	 0.5314 	 0.0000 	 1.4331 	 0.0047 
32.0000 	 0.0941 	 0.0047 	 0.4804 	 9.4396 	 0.5047 	 0.0000 	 1.9508 	 800.3463 	 32.0000 	 0.0074 	 0.5046 	 0.2047 	 5.4346 	 4.4005 	 0.0000 	 1.0405 	 0.5431 
27.0000 	 0.4589 	 0.7230 	 0.4629 	 1.7809 	 4.4634 	 0.0000 	 1.6567 	 740.5791 	 27.0000 	 0.3212 	 0.7044 	 0.3670 	 1.0737 	 3.4938 	 0.0000 	 0.2814 	 0.0106 
29.0000 	 0.1512 	 0.0104 	 0.0022 	 48.8610 	 0.0044 	 0.0000 	 0.3389 	 774.7587 	 29.0000 	 0.0438 	 0.8046 	 0.1464 	 11.3428 	 2.9268 	 0.0000 	 0.7547 	 0.5212 
24.0000 	 0.0921 	 0.2397 	 0.0362 	 1.0000 	 0.0842 	 0.0000 	 1.4042 	 779.9120 	 24.0000 	 0.7109 	 0.1054 	 0.4482 	 3.1614 	 3.3539 	 0.0000 	 0.2076 	 0.1132 
23.0000 	 0.1327 	 0.0078 	 0.5075 	 5.7794 	 0.2867 	 0.0000 	 1.4015 	 807.0083 	 23.0000 	 0.1578 	 0.2490 	 0.0438 	 3.4378 	 4.7891 	 0.0000 	 0.4639 	 0.1928 
27.0000 	 0.5361 	 1.0000 	 0.3437 	 2.4226 	 3.6162 	 0.0000 	 2.0792 	 753.6626 	 27.0000 	 0.5639 	 0.4348 	 0.2229 	 14.4060 	 4.4588 	 0.0000 	 2.0259 	 0.0247 
49.0000 	 0.3340 	 0.0734 	 0.0811 	 2.0764 	 0.1418 	 0.0000 	 1.9687 	 785.8263 	 49.0000 	 0.3646 	 0.4293 	 0.6599 	 4.0238 	 3.5783 	 0.0000 	 2.9800 	 0.0274 
29.0000 	 0.0412 	 0.0434 	 1.0000 	 2.5423 	 7.0885 	 0.0000 	 1.8709 	 743.0870 	 29.0000 	 0.1465 	 0.7753 	 0.2413 	 12.3023 	 0.6602 	 0.0000 	 1.5572 	 0.0464 
43.0000 	 0.0160 	 0.0123 	 1.0000 	 5.3558 	 7.8970 	 0.0000 	 2.0195 	 743.9178 	 43.0000 	 0.9909 	 0.5655 	 0.6223 	 7.2047 	 3.6054 	 0.0000 	 0.2521 	 0.0335 
42.0000 	 0.0663 	 0.0094 	 1.0000 	 8.6103 	 6.4738 	 0.0000 	 1.8688 	 743.3435 	 42.0000 	 0.0049 	 0.5098 	 0.4257 	 3.6867 	 3.5475 	 0.0000 	 2.3895 	 0.0431 
44.0000 	 0.0285 	 0.0619 	 1.0000 	 1.0899 	 7.4134 	 0.0000 	 1.9293 	 743.4846 	 44.0000 	 0.3801 	 0.2009 	 0.0420 	 13.9520 	 3.0712 	 0.0000 	 1.7521 	 0.0416 
44.0000 	 0.3980 	 0.0793 	 0.0890 	 2.7431 	 0.1361 	 0.0000 	 1.7001 	 784.1683 	 44.0000 	 0.1049 	 0.3699 	 0.5429 	 3.1513 	 0.3099 	 0.0000 	 1.8068 	 0.0482 
44.0000 	 0.0647 	 0.0130 	 0.0010 	 11.2860 	 0.0023 	 0.0000 	 1.0952 	 772.1225 	 44.0000 	 0.7482 	 0.8879 	 0.9219 	 13.7667 	 1.3027 	 0.0000 	 1.7394 	 0.0757 
40.0000 	 0.0828 	 0.0095 	 0.0010 	 29.1395 	 0.0028 	 0.0000 	 1.2160 	 772.5449 	 40.0000 	 0.8012 	 0.0772 	 0.4059 	 5.7243 	 1.6789 	 0.0000 	 0.5029 	 0.0411 
45.0000 	 0.0371 	 0.0314 	 1.0000 	 2.1636 	 7.0040 	 0.0000 	 1.8407 	 743.3267 	 45.0000 	 0.2691 	 0.4607 	 0.3109 	 5.5212 	 0.4980 	 0.0000 	 0.6723 	 0.0519 
41.0000 	 0.0183 	 0.0019 	 1.0000 	 40.2574 	 8.8706 	 0.0000 	 1.8956 	 744.2243 	 41.0000 	 0.5638 	 0.4188 	 0.9083 	 4.7375 	 0.1792 	 0.0000 	 1.2031 	 0.0335 
27.0000 	 0.0018 	 0.0879 	 0.0036 	 4.6519 	 6.5481 	 0.0000 	 2.7466 	 775.3973 	 27.0000 	 0.7406 	 0.9737 	 0.5735 	 3.5515 	 0.4309 	 0.0000 	 1.3101 	 0.0087 
42.0000 	 0.0412 	 0.0226 	 0.0011 	 4.8738 	 0.0028 	 0.0000 	 1.3318 	 772.1919 	 42.0000 	 0.7990 	 0.9563 	 0.0668 	 7.3780 	 2.7880 	 0.0000 	 1.5434 	 0.0964 
44.0000 	 0.9324 	 1.0000 	 0.7480 	 22.2359 	 4.6093 	 0.0000 	 1.9851 	 754.4405 	 44.0000 	 0.9563 	 0.4821 	 0.7444 	 7.4414 	 2.7023 	 0.0000 	 2.3965 	 0.0325 
41.0000 	 0.0484 	 0.0230 	 0.0011 	 7.0070 	 0.0031 	 0.0000 	 1.3620 	 772.6708 	 41.0000 	 0.8211 	 0.8344 	 0.4229 	 1.2142 	 4.1847 	 0.0000 	 0.3318 	 0.0485 
41.0000 	 0.0919 	 0.0059 	 0.0017 	 37.5725 	 0.0041 	 0.0000 	 1.2215 	 773.1554 	 41.0000 	 0.5123 	 0.3887 	 0.2138 	 11.5375 	 1.6478 	 0.0000 	 1.2121 	 0.0582 
39.0000 	 0.0888 	 0.1611 	 0.0020 	 1.4741 	 0.0053 	 0.0000 	 1.3114 	 773.8024 	 39.0000 	 0.8012 	 0.0772 	 0.4059 	 5.7243 	 1.6789 	 0.0000 	 0.5029 	 0.0431 
32.0000 	 0.0010 	 0.0017 	 0.7797 	 16.8548 	 2.0249 	 0.0000 	 1.8161 	 755.6305 	 32.0000 	 0.0128 	 0.2917 	 0.3383 	 14.9478 	 1.2856 	 0.0000 	 1.6428 	 0.0897 
32.0000 	 0.0010 	 0.0132 	 0.8344 	 2.2443 	 2.1790 	 0.0000 	 1.8930 	 755.8768 	 32.0000 	 0.1378 	 0.3935 	 0.6695 	 12.2500 	 0.0274 	 0.0000 	 1.0710 	 0.0948 
41.0000 	 0.0981 	 0.0245 	 0.0010 	 25.9133 	 0.0036 	 0.0000 	 1.0673 	 773.3411 	 41.0000 	 0.8012 	 0.0772 	 0.4059 	 5.7243 	 1.6789 	 0.0000 	 0.5029 	 0.0483 
46.0000 	 0.0073 	 0.2832 	 0.0034 	 2.5743 	 5.2599 	 0.0000 	 2.7999 	 776.3494 	 46.0000 	 0.3616 	 0.3656 	 0.9014 	 8.3188 	 1.0719 	 0.0000 	 1.7215 	 0.0048 
38.0000 	 0.0154 	 0.0017 	 1.0000 	 49.9921 	 9.5660 	 0.0000 	 2.0800 	 744.4638 	 38.0000 	 0.0260 	 0.8162 	 0.5430 	 5.2940 	 2.3025 	 0.0000 	 0.0432 	 0.0305 
41.0000 	 0.3351 	 0.0378 	 0.0203 	 13.0304 	 0.0401 	 0.0000 	 1.5764 	 780.6115 	 41.0000 	 0.0409 	 0.8077 	 0.3640 	 6.0310 	 0.4167 	 0.0000 	 0.9510 	 0.0371 
30.0000 	 0.0010 	 0.0029 	 0.8698 	 10.5171 	 2.2066 	 0.0000 	 1.8725 	 755.7112 	 30.0000 	 0.8079 	 0.1063 	 0.3045 	 5.0801 	 1.3761 	 0.0000 	 2.0280 	 0.0778 
35.0000 	 0.0235 	 0.0545 	 1.0000 	 1.4598 	 7.0566 	 0.0000 	 1.9758 	 743.6256 	 35.0000 	 0.4266 	 0.9529 	 0.4365 	 13.1662 	 0.3053 	 0.0000 	 0.7857 	 0.0318 
25.0000 	 0.0276 	 0.0112 	 1.0000 	 10.5562 	 6.9229 	 0.0000 	 1.8780 	 743.0419 	 25.0000 	 0.9442 	 0.8174 	 0.0441 	 1.3191 	 4.7997 	 0.0000 	 2.0266 	 0.0554 
31.0000 	 0.0400 	 0.0114 	 0.0025 	 10.8308 	 0.0056 	 0.0000 	 1.3423 	 774.5701 	 31.0000 	 0.3810 	 0.9977 	 0.2204 	 7.9109 	 3.4131 	 0.0000 	 0.1420 	 0.0462 
38.0000 	 0.0073 	 0.0013 	 1.0000 	 49.9335 	 8.0244 	 0.0000 	 1.9575 	 744.8611 	 38.0000 	 0.8390 	 0.7424 	 0.4941 	 3.2966 	 1.2326 	 0.0000 	 1.8373 	 0.0560 
32.0000 	 0.1015 	 0.2436 	 0.0028 	 1.6154 	 0.0076 	 0.0000 	 1.2435 	 775.0598 	 32.0000 	 0.9593 	 0.2769 	 0.3155 	 8.5572 	 0.6005 	 0.0000 	 1.1932 	 0.0359 
34.0000 	 0.0445 	 0.0020 	 0.9908 	 46.2731 	 6.6454 	 0.0000 	 1.9036 	 743.0448 	 34.0000 	 0.0789 	 0.9744 	 0.9081 	 4.6697 	 2.1308 	 0.0000 	 1.8156 	 0.0393 
33.0000 	 0.0032 	 0.0018 	 0.0039 	 13.2028 	 0.0101 	 0.0000 	 1.9168 	 782.8396 	 33.0000 	 0.5887 	 0.2465 	 0.0914 	 5.4781 	 2.7422 	 0.0000 	 2.7779 	 0.0788 
39.0000 	 0.1019 	 0.0741 	 0.0014 	 7.4034 	 0.0046 	 0.0000 	 1.2082 	 773.6587 	 39.0000 	 0.6079 	 0.6420 	 0.5458 	 13.1230 	 4.5572 	 0.0000 	 1.7474 	 0.0346 
30.0000 	 0.0010 	 0.0179 	 0.7427 	 1.6226 	 1.9695 	 0.0000 	 1.8227 	 755.8646 	 30.0000 	 0.5796 	 0.9628 	 0.0384 	 8.2267 	 2.0391 	 0.0000 	 1.7097 	 0.1271 
28.0000 	 0.0638 	 0.0181 	 1.0000 	 6.1133 	 5.5950 	 0.0000 	 1.7827 	 743.1578 	 28.0000 	 0.8317 	 0.6111 	 0.1739 	 5.1810 	 1.4583 	 0.0000 	 0.5057 	 0.0390 
36.0000 	 0.0022 	 0.0200 	 0.3919 	 1.1745 	 0.8669 	 0.0000 	 1.6371 	 765.1537 	 36.0000 	 0.4860 	 0.6084 	 0.1926 	 1.9706 	 3.5865 	 0.0000 	 1.2194 	 0.1432 
29.0000 	 0.0937 	 0.2362 	 0.0085 	 1.0058 	 0.0204 	 0.0000 	 1.5340 	 778.4106 	 29.0000 	 0.1957 	 0.0559 	 0.9911 	 13.4372 	 0.2584 	 0.0000 	 0.9109 	 0.0441 
34.0000 	 0.0551 	 0.0208 	 0.9946 	 4.4056 	 5.9208 	 0.0000 	 1.8208 	 743.1677 	 34.0000 	 0.7248 	 0.9619 	 0.9141 	 9.0504 	 4.1976 	 0.0000 	 1.3529 	 0.0554 
32.0000 	 0.1188 	 0.1343 	 0.0026 	 3.7798 	 0.0072 	 0.0000 	 1.2567 	 775.7233 	 32.0000 	 0.0278 	 0.0389 	 0.5197 	 2.5934 	 1.2805 	 0.0000 	 2.0194 	 0.0356 
27.0000 	 0.3445 	 0.1903 	 0.1455 	 1.4285 	 0.2244 	 0.0000 	 1.7737 	 783.9122 	 27.0000 	 0.9529 	 0.2913 	 0.4381 	 10.0330 	 4.2706 	 0.0000 	 1.2103 	 0.0309 
27.0000 	 0.0010 	 0.1598 	 0.0024 	 6.8538 	 6.7335 	 0.0000 	 2.7545 	 775.2755 	 27.0000 	 0.7590 	 0.3663 	 0.3319 	 1.0283 	 1.3171 	 0.0000 	 0.5284 	 0.0029 
27.0000 	 0.0324 	 0.0053 	 1.0000 	 19.9614 	 6.4261 	 0.0000 	 1.9018 	 743.3306 	 27.0000 	 0.3580 	 0.3252 	 0.2595 	 7.0021 	 0.8071 	 0.0000 	 0.8421 	 0.0366 
23.0000 	 0.0264 	 0.0066 	 0.0012 	 22.7195 	 0.0033 	 0.0000 	 1.4871 	 773.2446 	 23.0000 	 0.7174 	 0.5288 	 0.1606 	 12.6588 	 3.4600 	 0.0000 	 0.5539 	 0.0429 
29.0000 	 0.0535 	 0.0129 	 0.9997 	 8.5642 	 6.1603 	 0.0000 	 1.8385 	 743.0622 	 29.0000 	 0.3244 	 0.6038 	 0.5281 	 10.6030 	 3.1159 	 0.0000 	 2.5073 	 0.0523 
28.0000 	 0.0136 	 0.0627 	 1.0000 	 1.7847 	 9.8271 	 0.0000 	 2.0634 	 744.4401 	 28.0000 	 0.5662 	 0.5168 	 0.4344 	 3.9259 	 2.7839 	 0.0000 	 2.7393 	 0.0298 
28.0000 	 0.0049 	 0.0915 	 0.0084 	 26.9546 	 6.7596 	 0.0000 	 2.7517 	 775.2985 	 28.0000 	 0.5488 	 0.9257 	 0.4878 	 13.8411 	 1.1731 	 0.0000 	 2.0454 	 0.0039 
30.0000 	 0.8279 	 1.0000 	 0.5790 	 2.9225 	 3.6595 	 0.0000 	 1.8161 	 752.3694 	 30.0000 	 0.1739 	 0.0647 	 0.5552 	 12.5912 	 3.1668 	 0.0000 	 0.0149 	 0.0186 
28.0000 	 0.0232 	 0.0419 	 1.0000 	 2.4307 	 7.3259 	 0.0000 	 1.9314 	 743.3229 	 28.0000 	 0.8740 	 0.6365 	 0.3263 	 14.4471 	 4.7519 	 0.0000 	 2.1611 	 0.0351 
29.0000 	 0.0420 	 0.0933 	 0.0012 	 2.1399 	 0.0033 	 0.0000 	 1.3678 	 772.7993 	 29.0000 	 0.5868 	 0.2149 	 0.8714 	 9.4953 	 3.8218 	 0.0000 	 0.7954 	 0.0456 
28.0000 	 0.0653 	 0.0091 	 1.0000 	 12.9644 	 6.1473 	 0.0000 	 1.8514 	 743.0601 	 28.0000 	 0.2561 	 0.0108 	 0.5210 	 10.1697 	 2.5999 	 0.0000 	 2.8248 	 0.0455 
28.0000 	 0.0396 	 0.0385 	 0.0017 	 4.7871 	 0.0047 	 0.0000 	 1.3480 	 773.7067 	 28.0000 	 0.2277 	 0.3441 	 0.9587 	 10.7428 	 2.1435 	 0.0000 	 2.4705 	 0.0584 
21.0000 	 0.0575 	 0.0165 	 0.9999 	 9.8425 	 6.4130 	 0.0000 	 1.8827 	 742.9843 	 21.0000 	 0.9346 	 0.4935 	 0.4068 	 4.6337 	 3.2207 	 0.0000 	 1.5579 	 0.0411 
32.0000 	 0.1520 	 0.0423 	 0.0070 	 12.8311 	 0.0187 	 0.0000 	 1.4463 	 777.8843 	 32.0000 	 0.2261 	 0.5326 	 0.5353 	 14.4175 	 2.1504 	 0.0000 	 0.3770 	 0.0304 
26.0000 	 0.0478 	 0.2808 	 0.0010 	 1.0000 	 0.0032 	 0.0000 	 1.3873 	 772.8351 	 26.0000 	 0.7082 	 0.9883 	 0.6945 	 5.4443 	 4.7735 	 0.0000 	 1.8965 	 0.0321 
26.0000 	 0.0219 	 0.0168 	 0.0069 	 4.7192 	 0.0162 	 0.0000 	 1.6687 	 780.7844 	 26.0000 	 0.7819 	 0.0520 	 0.7670 	 1.6470 	 2.9029 	 0.0000 	 0.1166 	 0.0486 
25.0000 	 0.0555 	 0.0170 	 0.0015 	 20.1671 	 0.0043 	 0.0000 	 1.1534 	 773.6168 	 25.0000 	 0.3480 	 0.8718 	 0.0093 	 5.2244 	 0.9639 	 0.0000 	 0.1519 	 0.0557 
25.0000 	 0.1747 	 0.1079 	 0.0193 	 7.3004 	 0.0530 	 0.0000 	 1.5106 	 781.7072 	 25.0000 	 0.2212 	 0.5402 	 0.0623 	 11.5851 	 0.0731 	 0.0000 	 2.4566 	 0.0291 
26.0000 	 0.8775 	 0.8746 	 0.7450 	 47.2769 	 4.1349 	 0.0000 	 2.1472 	 756.1005 	 26.0000 	 0.6580 	 0.4724 	 0.1194 	 12.6554 	 0.7913 	 0.0000 	 2.2844 	 0.0353 
28.0000 	 0.0604 	 0.1488 	 0.0010 	 3.7033 	 0.0039 	 0.0000 	 1.2045 	 773.3547 	 28.0000 	 0.8417 	 0.7706 	 0.9652 	 5.8199 	 0.0831 	 0.0000 	 1.8192 	 0.0628 
26.0000 	 0.0919 	 0.3300 	 0.0040 	 1.1264 	 0.0104 	 0.0000 	 1.1857 	 776.1704 	 26.0000 	 0.9138 	 0.1452 	 0.1730 	 5.4001 	 0.3348 	 0.0000 	 0.2882 	 0.0355 
26.0000 	 0.7031 	 0.9674 	 0.4685 	 2.9654 	 3.6876 	 0.0000 	 2.0610 	 754.3900 	 26.0000 	 0.2759 	 0.1545 	 0.7135 	 11.8381 	 4.4653 	 0.0000 	 2.5775 	 0.0118 
26.0000 	 0.5349 	 0.2350 	 0.7652 	 1.6782 	 3.5879 	 0.0000 	 1.6217 	 743.9281 	 26.0000 	 0.6158 	 0.1649 	 0.7492 	 2.5435 	 4.4246 	 0.0000 	 2.4807 	 0.0286 
27.0000 	 0.2797 	 0.0278 	 0.0512 	 10.2458 	 0.0661 	 0.0000 	 1.3099 	 783.5834 	 27.0000 	 0.4338 	 0.4511 	 0.5510 	 13.7021 	 2.5754 	 0.0000 	 1.5776 	 0.0739 
24.0000 	 0.0679 	 0.0123 	 0.9918 	 11.3890 	 6.0135 	 0.0000 	 1.8952 	 742.8525 	 24.0000 	 0.0041 	 0.8822 	 0.3674 	 2.6027 	 1.3543 	 0.0000 	 2.0303 	 0.0452 
29.0000 	 0.0180 	 0.0939 	 1.0000 	 1.0000 	 7.4808 	 0.0000 	 1.9306 	 743.4478 	 29.0000 	 0.0700 	 0.5331 	 0.4220 	 5.8183 	 0.8640 	 0.0000 	 1.8439 	 0.0291 
25.0000 	 0.0357 	 0.0192 	 0.9997 	 6.2058 	 6.3556 	 0.0000 	 1.8181 	 743.0808 	 25.0000 	 0.2308 	 0.0607 	 0.6510 	 13.3748 	 3.4831 	 0.0000 	 2.2356 	 0.0441 
21.0000 	 0.2767 	 0.0872 	 0.0851 	 4.1871 	 0.1280 	 0.0000 	 1.6406 	 784.1832 	 21.0000 	 0.9423 	 0.6414 	 0.0619 	 14.9581 	 1.3032 	 0.0000 	 1.7718 	 0.0394 
24.0000 	 0.0122 	 0.0914 	 1.0000 	 1.3379 	 9.3119 	 0.0000 	 2.0293 	 743.9891 	 24.0000 	 0.6598 	 0.1303 	 0.4780 	 10.4294 	 1.1545 	 0.0000 	 2.9629 	 0.0347 
23.0000 	 0.0438 	 0.0850 	 0.0024 	 2.2240 	 0.0057 	 0.0000 	 1.3183 	 774.5490 	 23.0000 	 0.5012 	 0.7739 	 0.8322 	 1.7262 	 0.9712 	 0.0000 	 1.2738 	 0.0605 
38.0000 	 0.2045 	 0.0590 	 0.0081 	 11.9289 	 0.0217 	 0.0000 	 1.2673 	 778.3580 	 38.0000 	 0.0148 	 0.3073 	 0.2701 	 8.5733 	 0.4958 	 0.0000 	 0.5003 	 0.0326 
26.0000 	 0.0554 	 0.2257 	 0.0010 	 2.4411 	 0.0037 	 0.0000 	 1.2331 	 773.2727 	 26.0000 	 0.2176 	 0.6327 	 0.6652 	 14.0313 	 4.6447 	 0.0000 	 2.0742 	 0.0309 
29.0000 	 0.0021 	 0.0018 	 0.6654 	 14.6253 	 1.2765 	 0.0000 	 1.8316 	 760.7767 	 29.0000 	 0.0784 	 0.1471 	 0.6052 	 9.3374 	 4.6201 	 0.0000 	 2.4094 	 0.1016 
24.0000 	 0.0288 	 0.0152 	 1.0000 	 8.0760 	 6.8568 	 0.0000 	 1.9302 	 743.1223 	 24.0000 	 0.6585 	 0.0076 	 0.5816 	 8.5747 	 3.9719 	 0.0000 	 0.4091 	 0.0562 
27.0000 	 0.0662 	 0.0054 	 0.0022 	 50.0000 	 0.0052 	 0.0000 	 1.1094 	 774.0321 	 27.0000 	 0.6188 	 0.9313 	 0.6426 	 4.1062 	 3.6354 	 0.0000 	 0.0188 	 0.0449 
25.0000 	 0.1129 	 0.0052 	 0.9379 	 28.4564 	 5.0575 	 0.0000 	 1.7618 	 742.6910 	 25.0000 	 0.0551 	 0.9827 	 0.7293 	 5.6002 	 3.6717 	 0.0000 	 1.1651 	 0.0811 
26.0000 	 0.0010 	 0.0089 	 0.0056 	 29.5546 	 8.4310 	 0.0000 	 2.7321 	 774.9327 	 26.0000 	 0.1458 	 0.4154 	 0.6968 	 1.9654 	 0.8306 	 0.0000 	 1.2707 	 0.0133 
21.0000 	 0.0225 	 0.0232 	 0.0010 	 6.3565 	 0.0026 	 0.0000 	 1.4570 	 772.8619 	 21.0000 	 0.1053 	 0.3776 	 0.1939 	 12.2736 	 2.2971 	 0.0000 	 0.9228 	 0.0585 
25.0000 	 0.3386 	 0.0308 	 0.8991 	 7.0658 	 3.5256 	 0.0000 	 1.5718 	 743.5209 	 25.0000 	 0.5342 	 0.0427 	 0.5303 	 10.1880 	 2.1610 	 0.0000 	 2.0016 	 0.0465 
24.0000 	 0.0691 	 0.3957 	 0.0017 	 1.0545 	 0.0050 	 0.0000 	 1.1743 	 774.5014 	 24.0000 	 0.1103 	 0.7409 	 0.6765 	 4.7706 	 2.7258 	 0.0000 	 1.0722 	 0.0370 
17.0000 	 0.0350 	 0.0544 	 0.0010 	 6.8082 	 0.0030 	 0.0000 	 1.3979 	 773.0777 	 17.0000 	 0.1539 	 0.6530 	 0.4227 	 13.5845 	 0.1392 	 0.0000 	 0.6770 	 0.0432 
23.0000 	 0.0377 	 0.1656 	 0.0010 	 4.7011 	 0.0050 	 0.0000 	 1.2632 	 773.8920 	 23.0000 	 0.3903 	 0.5445 	 0.8858 	 14.0357 	 0.9879 	 0.0000 	 0.1106 	 0.0284 
22.0000 	 0.0018 	 0.2454 	 0.0227 	 1.0054 	 9.2179 	 0.0000 	 2.6807 	 774.5030 	 22.0000 	 0.9451 	 0.8666 	 0.2311 	 9.0380 	 3.8743 	 0.0000 	 0.5855 	 0.0155 
21.0000 	 0.0010 	 0.5400 	 0.0253 	 7.6004 	 8.6364 	 0.0000 	 2.6233 	 772.2717 	 21.0000 	 0.7243 	 0.9361 	 0.2260 	 9.7117 	 1.0656 	 0.0000 	 1.7699 	 0.0026 
27.0000 	 0.2239 	 0.1664 	 0.8721 	 1.0359 	 4.6650 	 0.0000 	 1.6565 	 743.2951 	 27.0000 	 0.3572 	 0.1604 	 0.7657 	 2.0799 	 4.3067 	 0.0000 	 0.4651 	 0.1733 
23.0000 	 0.0507 	 0.4160 	 0.0021 	 1.0015 	 0.0084 	 0.0000 	 1.5330 	 775.5785 	 23.0000 	 0.8555 	 0.3417 	 0.2459 	 7.0637 	 0.0088 	 0.0000 	 1.7908 	 0.0346 
21.0000 	 0.0014 	 0.0021 	 0.7798 	 20.7983 	 1.7923 	 0.0000 	 1.8007 	 757.2732 	 21.0000 	 0.3410 	 0.2329 	 0.4859 	 1.9657 	 0.3308 	 0.0000 	 2.5770 	 0.0901 
20.0000 	 0.0278 	 0.0154 	 1.0000 	 9.9687 	 7.1920 	 0.0000 	 1.9631 	 743.0263 	 20.0000 	 0.0479 	 0.0302 	 0.2380 	 6.1691 	 4.1416 	 0.0000 	 1.0934 	 0.0385 
16.0000 	 0.0500 	 0.0116 	 1.0000 	 17.3885 	 6.1044 	 0.0000 	 1.8465 	 742.5722 	 16.0000 	 0.1337 	 0.9528 	 0.9683 	 9.8544 	 4.5541 	 0.0000 	 2.2240 	 0.0562 
24.0000 	 0.4305 	 0.0707 	 0.8829 	 3.8555 	 3.4717 	 0.0000 	 1.6134 	 744.1441 	 24.0000 	 0.4722 	 0.0753 	 0.9440 	 3.2119 	 3.6621 	 0.0000 	 1.3243 	 0.0490 
23.0000 	 0.0261 	 0.0521 	 1.0000 	 2.3825 	 6.8568 	 0.0000 	 1.8901 	 743.0954 	 23.0000 	 0.3992 	 0.3839 	 0.2784 	 8.8371 	 1.9903 	 0.0000 	 0.2874 	 0.0476 
21.0000 	 0.0010 	 0.0099 	 0.7609 	 4.5770 	 2.0483 	 0.0000 	 1.9077 	 755.1223 	 21.0000 	 0.1152 	 0.9770 	 0.6569 	 4.5109 	 4.2760 	 0.0000 	 1.6633 	 0.1524 
22.0000 	 0.0473 	 0.3207 	 0.0010 	 1.3482 	 0.0035 	 0.0000 	 1.2449 	 773.0826 	 22.0000 	 0.0484 	 0.3461 	 0.7539 	 10.6809 	 1.9651 	 0.0000 	 2.5334 	 0.0460 
20.0000 	 0.0287 	 0.2627 	 0.0014 	 3.2307 	 0.0075 	 0.0000 	 1.3294 	 774.8659 	 20.0000 	 0.4276 	 0.4578 	 0.6639 	 12.2735 	 2.8518 	 0.0000 	 0.3561 	 0.0403 
18.0000 	 0.0143 	 0.0027 	 0.0010 	 50.0000 	 0.0029 	 0.0000 	 1.6039 	 773.7256 	 18.0000 	 0.3888 	 0.3279 	 0.6804 	 11.0784 	 4.5091 	 0.0000 	 0.8333 	 0.0385 
16.0000 	 0.0010 	 0.0247 	 0.0092 	 19.6500 	 8.4657 	 0.0000 	 2.7003 	 774.6344 	 16.0000 	 0.9822 	 0.3601 	 0.0629 	 2.1872 	 0.9535 	 0.0000 	 2.1921 	 0.0075 
24.0000 	 0.7310 	 1.0000 	 0.4344 	 3.7445 	 3.6829 	 0.0000 	 2.3898 	 763.6632 	 24.0000 	 0.9293 	 0.6593 	 0.0472 	 6.1377 	 2.7217 	 0.0000 	 2.2134 	 0.0119 
20.0000 	 0.0162 	 0.0562 	 1.0000 	 2.5220 	 7.6581 	 0.0000 	 1.9342 	 743.1945 	 20.0000 	 0.0686 	 0.2780 	 0.0584 	 9.8169 	 1.8324 	 0.0000 	 1.2179 	 0.0288 
18.0000 	 0.0759 	 0.0523 	 0.0069 	 12.9649 	 0.0204 	 0.0000 	 1.3727 	 778.6281 	 18.0000 	 0.0233 	 0.1735 	 0.2743 	 9.5522 	 3.5637 	 0.0000 	 1.2442 	 0.0247 
27.0000 	 0.0874 	 0.2511 	 0.0037 	 2.3088 	 0.0121 	 0.0000 	 1.3557 	 776.4256 	 27.0000 	 0.8234 	 0.3485 	 0.0716 	 11.8675 	 0.5670 	 0.0000 	 1.2618 	 0.0289 
22.0000 	 0.0227 	 0.0142 	 1.0000 	 9.4657 	 7.5299 	 0.0000 	 1.9774 	 743.2298 	 22.0000 	 0.6021 	 0.0909 	 0.2503 	 14.1629 	 3.8320 	 0.0000 	 0.7411 	 0.0394 
11.0000 	 0.0569 	 0.0084 	 0.0115 	 49.9943 	 0.0241 	 0.0000 	 1.5597 	 779.5371 	 11.0000 	 0.6089 	 0.5102 	 0.2141 	 1.9319 	 0.8543 	 0.0000 	 2.8187 	 0.0406 
22.0000 	 0.8098 	 0.0233 	 0.8258 	 49.9971 	 3.2016 	 0.0000 	 1.7033 	 753.1137 	 22.0000 	 0.8416 	 0.4969 	 0.2860 	 9.2670 	 1.6945 	 0.0000 	 2.6341 	 0.0495 
22.0000 	 0.0017 	 0.1845 	 0.0078 	 2.1557 	 8.2011 	 0.0000 	 2.7434 	 774.9768 	 22.0000 	 0.5563 	 0.3009 	 0.8454 	 5.3950 	 0.7601 	 0.0000 	 2.0605 	 0.0084 
22.0000 	 0.0377 	 0.0219 	 1.0000 	 6.7109 	 7.0738 	 0.0000 	 1.8526 	 743.0377 	 22.0000 	 0.7151 	 0.7492 	 0.6102 	 9.4451 	 0.3752 	 0.0000 	 1.1273 	 0.0354 
16.0000 	 0.0011 	 1.0000 	 0.2030 	 1.6272 	 9.9994 	 0.0000 	 1.9752 	 745.8806 	 16.0000 	 0.7458 	 0.3425 	 0.3836 	 4.8551 	 4.1496 	 0.0000 	 2.9885 	 0.0061 
18.0000 	 0.0282 	 0.1430 	 0.0010 	 1.6781 	 0.0027 	 0.0000 	 1.3981 	 772.8281 	 18.0000 	 0.6544 	 0.6300 	 0.3382 	 7.0247 	 4.4144 	 0.0000 	 0.5317 	 0.0693 
22.0000 	 0.8411 	 0.5652 	 0.7460 	 31.2463 	 4.4457 	 0.0000 	 2.1603 	 756.4108 	 22.0000 	 0.7637 	 0.7997 	 0.5816 	 14.2990 	 3.5627 	 0.0000 	 2.9043 	 0.0299 
19.0000 	 0.0381 	 0.9917 	 0.1574 	 2.4565 	 5.7574 	 0.0000 	 2.2603 	 758.5843 	 19.0000 	 0.5568 	 0.7688 	 0.1546 	 3.4933 	 3.7236 	 0.0000 	 1.4916 	 0.0106 
16.0000 	 0.0290 	 0.1511 	 0.0010 	 3.1447 	 0.0036 	 0.0000 	 1.3125 	 773.0868 	 16.0000 	 0.1907 	 0.2372 	 0.9391 	 14.7204 	 0.6611 	 0.0000 	 0.3546 	 0.0359 
17.0000 	 0.0860 	 0.0546 	 0.0642 	 3.5949 	 0.1357 	 0.0000 	 2.1050 	 787.9923 	 17.0000 	 0.5235 	 0.2299 	 0.1520 	 9.4808 	 3.2965 	 0.0000 	 0.8729 	 0.0326 
14.0000 	 0.6588 	 1.0000 	 0.6264 	 2.4441 	 2.9458 	 0.0000 	 1.6657 	 750.7364 	 14.0000 	 0.9251 	 0.4495 	 0.9375 	 13.0086 	 1.9075 	 0.0000 	 2.2393 	 0.0253 
14.0000 	 0.0280 	 0.2015 	 0.9777 	 1.0001 	 6.9372 	 0.0000 	 1.9499 	 742.5054 	 14.0000 	 0.3576 	 0.3183 	 0.4805 	 6.8330 	 2.4254 	 0.0000 	 0.2066 	 0.0350 
17.0000 	 0.0389 	 0.4331 	 0.0019 	 1.0002 	 0.0066 	 0.0000 	 1.3392 	 774.7470 	 17.0000 	 0.3146 	 0.5118 	 0.1069 	 7.4112 	 3.0131 	 0.0000 	 1.5054 	 0.0337 
14.0000 	 0.1134 	 0.0430 	 0.1052 	 5.2356 	 0.1686 	 0.0000 	 1.7038 	 787.0124 	 14.0000 	 0.3183 	 0.1825 	 0.4160 	 9.1520 	 2.6996 	 0.0000 	 1.8977 	 0.0720 
4.0000 	 0.0010 	 0.2115 	 0.8900 	 1.0000 	 2.1557 	 0.0000 	 1.8899 	 750.9782 	 4.0000 	 0.7588 	 0.3236 	 0.8479 	 4.7927 	 0.7091 	 0.0000 	 2.8458 	 0.0625 
20.0000 	 0.0172 	 0.0119 	 1.0000 	 11.8174 	 7.2681 	 0.0000 	 1.9640 	 743.2244 	 20.0000 	 0.3545 	 0.9402 	 0.0135 	 10.6792 	 1.7280 	 0.0000 	 0.1296 	 0.0372 
18.0000 	 0.0072 	 0.9894 	 0.1183 	 2.4412 	 7.1338 	 0.0000 	 2.3184 	 759.2026 	 18.0000 	 0.7224 	 0.8733 	 0.2652 	 9.1117 	 2.9550 	 0.0000 	 0.8653 	 0.0076 
19.0000 	 0.0280 	 0.0277 	 0.0011 	 9.1864 	 0.0036 	 0.0000 	 1.4890 	 773.0812 	 19.0000 	 0.8497 	 0.6003 	 0.5478 	 6.4923 	 0.3299 	 0.0000 	 1.1446 	 0.0323 
19.0000 	 0.0299 	 0.0257 	 0.0010 	 8.5493 	 0.0026 	 0.0000 	 1.2686 	 772.6618 	 19.0000 	 0.0690 	 0.5965 	 0.0937 	 13.2159 	 1.7433 	 0.0000 	 1.3230 	 0.0475 
1.0000 	 0.0022 	 0.1839 	 0.0272 	 49.9900 	 0.0947 	 0.0000 	 1.8168 	 753.0760 	 1.0000 	 0.5411 	 0.9017 	 0.7874 	 4.5464 	 2.3054 	 0.0000 	 1.9367 	 0.0467 
15.0000 	 0.0933 	 0.4189 	 0.0251 	 1.0000 	 0.0599 	 0.0000 	 1.6417 	 783.0265 	 15.0000 	 0.5123 	 0.6792 	 0.2183 	 6.5207 	 2.0252 	 0.0000 	 0.2609 	 0.0277 
1.0000 	 0.0010 	 0.6016 	 0.3984 	 3.3883 	 1.3982 	 0.0000 	 1.7598 	 724.3240 	 1.0000 	 0.4106 	 0.1546 	 0.4967 	 10.6743 	 0.8337 	 0.0000 	 2.8249 	 0.0165 
13.0000 	 0.0229 	 0.0632 	 0.0010 	 6.6394 	 0.0033 	 0.0000 	 1.3884 	 773.0822 	 13.0000 	 0.4073 	 0.9629 	 0.5247 	 13.8792 	 1.4687 	 0.0000 	 2.1515 	 0.0634 
20.0000 	 0.0500 	 0.0678 	 0.0015 	 5.9999 	 0.0043 	 0.0000 	 1.3056 	 773.8561 	 20.0000 	 0.5714 	 0.2446 	 0.6984 	 12.4485 	 3.7274 	 0.0000 	 0.2430 	 0.0371 
18.0000 	 0.0117 	 0.1294 	 1.0000 	 1.1039 	 7.6709 	 0.0000 	 1.9480 	 743.3497 	 18.0000 	 0.4184 	 0.0992 	 0.5941 	 2.0594 	 2.7562 	 0.0000 	 1.7865 	 0.0305 
13.0000 	 0.7394 	 0.2039 	 0.7760 	 49.9986 	 3.7342 	 0.0000 	 2.1106 	 758.4354 	 13.0000 	 0.7611 	 0.2451 	 0.5384 	 13.2988 	 1.9641 	 0.0000 	 1.6817 	 0.0595 
13.0000 	 0.2391 	 0.8543 	 0.5401 	 1.1057 	 4.6520 	 0.0000 	 1.6861 	 739.6449 	 13.0000 	 0.4813 	 0.3559 	 0.3771 	 8.9011 	 1.5238 	 0.0000 	 2.3122 	 0.0121 
14.0000 	 0.2820 	 0.0092 	 0.0669 	 49.9205 	 0.0787 	 0.0000 	 1.4606 	 783.5144 	 14.0000 	 0.7002 	 0.9310 	 0.1596 	 6.5468 	 1.4203 	 0.0000 	 2.4434 	 0.0888 
17.0000 	 0.0122 	 0.9948 	 0.1383 	 2.8685 	 6.9878 	 0.0000 	 2.3189 	 758.8145 	 17.0000 	 0.3165 	 0.6096 	 0.3213 	 6.4486 	 4.3097 	 0.0000 	 1.6486 	 0.0050 
15.0000 	 0.4475 	 0.9893 	 0.3026 	 4.7058 	 3.6111 	 0.0000 	 2.5534 	 769.7554 	 15.0000 	 0.6547 	 0.4564 	 0.3640 	 6.4550 	 3.3981 	 0.0000 	 1.5758 	 0.0074 
19.0000 	 0.0376 	 0.1210 	 0.0011 	 3.6627 	 0.0037 	 0.0000 	 1.3297 	 773.1112 	 19.0000 	 0.9732 	 0.7633 	 0.7908 	 8.6348 	 0.5313 	 0.0000 	 2.3725 	 0.0328 
21.0000 	 0.0324 	 0.0348 	 0.9995 	 4.3521 	 7.3568 	 0.0000 	 1.8743 	 743.0914 	 21.0000 	 0.4466 	 0.6280 	 0.4274 	 13.5762 	 0.8421 	 0.0000 	 1.8929 	 0.0352 
11.0000 	 0.0147 	 0.0081 	 0.0011 	 26.1104 	 0.0028 	 0.0000 	 1.5227 	 774.4190 	 11.0000 	 0.9996 	 0.7024 	 0.0445 	 1.1135 	 0.7748 	 0.0000 	 2.0476 	 0.0422 
18.0000 	 0.0236 	 0.0141 	 1.0000 	 11.8563 	 7.2688 	 0.0000 	 1.9078 	 742.8507 	 18.0000 	 0.4465 	 0.4465 	 0.7632 	 11.1481 	 3.7461 	 0.0000 	 1.9611 	 0.0402 
11.0000 	 0.0523 	 1.0000 	 0.4285 	 1.2029 	 6.3976 	 0.0000 	 1.8190 	 739.9482 	 11.0000 	 0.5364 	 0.1000 	 0.7963 	 10.9671 	 4.7875 	 0.0000 	 0.3158 	 0.0079 
17.0000 	 0.0725 	 0.9997 	 0.3482 	 1.0331 	 6.3654 	 0.0000 	 1.8281 	 740.4833 	 17.0000 	 0.4333 	 0.7901 	 0.5222 	 6.7279 	 4.2772 	 0.0000 	 0.0402 	 0.0067 
25.0000 	 0.3560 	 0.1032 	 0.8909 	 2.1606 	 3.7084 	 0.0000 	 1.6862 	 743.5805 	 25.0000 	 0.4057 	 0.1231 	 0.5568 	 2.5349 	 3.9288 	 0.0000 	 1.3741 	 0.0448 
11.0000 	 0.0186 	 0.3617 	 0.0012 	 1.0001 	 0.0041 	 0.0000 	 1.4126 	 773.6524 	 11.0000 	 0.2503 	 0.4994 	 0.6968 	 8.8660 	 4.5512 	 0.0000 	 0.4608 	 0.0458 
9.0000 	 0.0010 	 0.0181 	 0.7467 	 5.9146 	 2.0182 	 0.0000 	 1.8669 	 753.4187 	 9.0000 	 0.5882 	 0.9452 	 0.3421 	 7.9462 	 2.1398 	 0.0000 	 0.1787 	 0.0803 
16.0000 	 0.0249 	 0.0455 	 0.0011 	 18.3069 	 0.0053 	 0.0000 	 1.3104 	 774.0554 	 16.0000 	 0.6020 	 0.3110 	 0.4019 	 12.3212 	 3.6246 	 0.0000 	 1.4883 	 0.0272 
13.0000 	 0.0161 	 0.0265 	 1.0000 	 8.0673 	 7.2224 	 0.0000 	 1.8901 	 742.6808 	 13.0000 	 0.8908 	 0.2775 	 0.5236 	 4.9334 	 0.8034 	 0.0000 	 2.8648 	 0.0361 
18.0000 	 0.0278 	 0.0613 	 1.0000 	 2.5735 	 6.5690 	 0.0000 	 1.9095 	 742.8688 	 18.0000 	 0.1975 	 0.7268 	 0.4553 	 10.9642 	 2.3795 	 0.0000 	 1.3101 	 0.0437 
12.0000 	 0.0164 	 0.0345 	 1.0000 	 6.6726 	 6.9505 	 0.0000 	 1.9437 	 742.5137 	 12.0000 	 0.8995 	 0.4381 	 0.1809 	 10.2575 	 4.6084 	 0.0000 	 0.9757 	 0.0362 
17.0000 	 0.0386 	 0.0367 	 1.0000 	 4.7772 	 6.2899 	 0.0000 	 1.8029 	 742.7073 	 17.0000 	 0.2314 	 0.9145 	 0.5309 	 3.9933 	 1.0749 	 0.0000 	 1.6287 	 0.0438 
8.0000 	 0.0010 	 0.0207 	 0.7367 	 5.4504 	 1.9407 	 0.0000 	 1.8916 	 753.0440 	 8.0000 	 0.1306 	 0.5958 	 0.5026 	 6.7965 	 1.8728 	 0.0000 	 0.2116 	 0.0696 
7.0000 	 0.0025 	 0.0203 	 0.0508 	 6.4142 	 0.1429 	 0.0000 	 1.9793 	 777.2199 	 7.0000 	 0.0221 	 0.1428 	 0.9315 	 8.0535 	 1.0670 	 0.0000 	 1.2295 	 0.0542 
9.0000 	 0.1257 	 0.0351 	 0.8934 	 13.3633 	 4.3548 	 0.0000 	 1.6692 	 741.5324 	 9.0000 	 0.2830 	 0.2168 	 0.4466 	 12.6466 	 4.3884 	 0.0000 	 0.5635 	 0.0393 
14.0000 	 0.0233 	 0.1011 	 0.0010 	 4.4553 	 0.0038 	 0.0000 	 1.4118 	 773.1851 	 14.0000 	 0.3144 	 0.2071 	 0.6529 	 4.0296 	 1.3368 	 0.0000 	 0.2053 	 0.0327 
14.0000 	 0.0360 	 0.0112 	 1.0000 	 20.1428 	 6.4488 	 0.0000 	 1.8775 	 742.4429 	 14.0000 	 0.4472 	 0.2790 	 0.1572 	 8.2686 	 3.8794 	 0.0000 	 1.3149 	 0.0619 
17.0000 	 0.0388 	 0.3930 	 0.0022 	 1.0000 	 0.0072 	 0.0000 	 1.4090 	 774.9123 	 17.0000 	 0.9142 	 0.0739 	 0.9377 	 13.4300 	 3.6830 	 0.0000 	 2.6387 	 0.0299 
8.0000 	 0.0887 	 0.0489 	 0.9099 	 9.3613 	 4.3968 	 0.0000 	 1.7599 	 741.1774 	 8.0000 	 0.1938 	 0.0740 	 0.3873 	 14.8863 	 3.3141 	 0.0000 	 1.9115 	 0.0543 
11.0000 	 0.1885 	 0.9530 	 0.3528 	 2.2281 	 3.7402 	 0.0000 	 2.1194 	 754.2014 	 11.0000 	 0.7830 	 0.3483 	 0.0383 	 10.7787 	 4.0325 	 0.0000 	 0.7968 	 0.0067 
22.0000 	 0.0185 	 0.0758 	 1.0000 	 1.5641 	 6.8526 	 0.0000 	 1.9764 	 743.5315 	 22.0000 	 0.9881 	 0.2129 	 0.4734 	 9.6897 	 2.6883 	 0.0000 	 0.2802 	 0.0402 
5.0000 	 0.1728 	 0.1908 	 0.8493 	 4.5669 	 2.6760 	 0.0000 	 1.3557 	 741.0469 	 5.0000 	 0.3127 	 0.3896 	 0.3541 	 10.5615 	 2.0637 	 0.0000 	 1.9232 	 0.0503 
19.0000 	 0.5639 	 0.9988 	 0.4236 	 2.4866 	 2.8478 	 0.0000 	 1.9112 	 754.6122 	 19.0000 	 0.3378 	 0.7845 	 0.6314 	 9.9171 	 4.0345 	 0.0000 	 0.7480 	 0.0127 
10.0000 	 0.1510 	 0.3125 	 0.8361 	 1.4389 	 4.4601 	 0.0000 	 1.7453 	 740.7745 	 10.0000 	 0.9848 	 0.6239 	 0.1935 	 5.4625 	 3.7330 	 0.0000 	 2.4943 	 0.0317 
7.0000 	 0.0078 	 0.0749 	 0.0010 	 8.7666 	 0.0048 	 0.0000 	 1.6141 	 774.2791 	 7.0000 	 0.8360 	 0.1380 	 0.2221 	 1.7641 	 1.9009 	 0.0000 	 1.4106 	 0.0413 
15.0000 	 0.0492 	 0.0835 	 0.0072 	 5.0349 	 0.0192 	 0.0000 	 1.4543 	 778.6240 	 15.0000 	 0.6506 	 0.8749 	 0.9428 	 1.9957 	 1.3394 	 0.0000 	 2.4703 	 0.0498 
16.0000 	 0.4181 	 0.3503 	 0.7472 	 1.5864 	 3.6164 	 0.0000 	 1.6037 	 741.9817 	 16.0000 	 0.6901 	 0.4499 	 0.7760 	 6.3704 	 3.1394 	 0.0000 	 2.4193 	 0.0302 
4.0000 	 0.0024 	 0.2822 	 0.0010 	 1.1767 	 0.0043 	 0.0000 	 1.8988 	 775.8797 	 4.0000 	 0.9000 	 0.0922 	 0.1390 	 12.0434 	 2.6303 	 0.0000 	 2.8305 	 0.0489 
19.0000 	 0.0010 	 0.0238 	 0.0031 	 38.2454 	 6.9963 	 0.0000 	 2.7505 	 775.1070 	 19.0000 	 0.2289 	 0.4552 	 0.5784 	 13.9917 	 3.4027 	 0.0000 	 0.3365 	 0.0039 
1.0000 	 0.1253 	 0.0724 	 0.5057 	 50.0000 	 0.1635 	 0.0000 	 1.1235 	 806.0745 	 1.0000 	 0.0308 	 0.1540 	 0.7331 	 6.4540 	 0.9138 	 0.0000 	 2.8533 	 0.4880 
5.0000 	 0.0058 	 0.3182 	 0.0024 	 1.2788 	 0.0094 	 0.0000 	 1.8831 	 778.3311 	 5.0000 	 0.7196 	 0.4666 	 0.2446 	 13.7086 	 4.2636 	 0.0000 	 2.1464 	 0.0351 
5.0000 	 0.1333 	 0.1353 	 0.8508 	 5.9631 	 2.8977 	 0.0000 	 1.3566 	 740.8558 	 5.0000 	 0.4581 	 0.1946 	 0.8318 	 12.7738 	 1.9758 	 0.0000 	 1.7317 	 0.0492 
3.0000 	 0.0010 	 0.3116 	 0.5594 	 1.0001 	 1.6616 	 0.0000 	 1.8152 	 749.2769 	 3.0000 	 0.6813 	 0.6662 	 0.5631 	 11.6048 	 1.2978 	 0.0000 	 1.0245 	 0.0609 
4.0000 	 0.0043 	 0.0147 	 0.0024 	 50.0000 	 0.0117 	 0.0000 	 1.9227 	 778.5964 	 4.0000 	 0.0778 	 0.2888 	 0.9901 	 11.9727 	 3.9444 	 0.0000 	 2.9762 	 0.0273 
8.0000 	 0.3101 	 0.3261 	 0.8575 	 2.0793 	 3.0428 	 0.0000 	 1.2503 	 743.4435 	 8.0000 	 0.7498 	 0.7385 	 0.9390 	 5.0359 	 3.8372 	 0.0000 	 1.2495 	 0.0620 
14.0000 	 0.0317 	 0.1786 	 0.0029 	 1.9774 	 0.0086 	 0.0000 	 1.4533 	 775.6695 	 14.0000 	 0.2157 	 0.7319 	 0.5208 	 14.3939 	 3.6512 	 0.0000 	 2.4835 	 0.0364 
2.0000 	 0.0502 	 0.1432 	 0.9535 	 8.6053 	 1.8579 	 0.0000 	 0.2472 	 717.7959 	 2.0000 	 0.4702 	 0.1181 	 0.9450 	 9.2327 	 2.2478 	 0.0000 	 1.1941 	 0.2506 
9.0000 	 0.2907 	 0.2484 	 0.7740 	 2.7090 	 3.0351 	 0.0000 	 1.4889 	 744.2737 	 9.0000 	 0.0812 	 0.7709 	 0.3632 	 8.1546 	 4.9564 	 0.0000 	 2.2909 	 0.0325 
15.0000 	 0.6218 	 0.1212 	 0.7892 	 5.9321 	 2.4808 	 0.0000 	 1.9383 	 752.2871 	 15.0000 	 0.7234 	 0.0789 	 0.2861 	 12.5586 	 4.8491 	 0.0000 	 0.3679 	 0.0358 
12.0000 	 0.0257 	 0.2643 	 0.0034 	 1.5426 	 0.0112 	 0.0000 	 1.4731 	 776.6775 	 12.0000 	 0.5225 	 0.7396 	 0.0641 	 2.9747 	 4.3440 	 0.0000 	 2.0324 	 0.0293 
15.0000 	 0.0520 	 0.0093 	 0.9915 	 22.5569 	 5.7152 	 0.0000 	 1.7851 	 742.5437 	 15.0000 	 0.5666 	 0.0836 	 0.3150 	 10.5295 	 3.7407 	 0.0000 	 2.2404 	 0.0476 
8.0000 	 0.0115 	 0.9926 	 0.1811 	 3.6134 	 6.8965 	 0.0000 	 2.4307 	 763.8662 	 8.0000 	 0.1995 	 0.2525 	 0.6874 	 8.0388 	 1.7337 	 0.0000 	 1.2160 	 0.0055 
7.0000 	 0.0010 	 0.0084 	 0.7226 	 15.6215 	 1.9519 	 0.0000 	 1.9051 	 752.6140 	 7.0000 	 0.2165 	 0.6433 	 0.5559 	 12.0423 	 2.0968 	 0.0000 	 1.0681 	 0.0925 
13.0000 	 0.0022 	 0.0362 	 0.0166 	 1.9566 	 0.0557 	 0.0000 	 2.0590 	 781.6456 	 13.0000 	 0.4684 	 0.7062 	 0.2385 	 8.1100 	 3.0150 	 0.0000 	 0.8930 	 0.0935 
19.0000 	 0.1274 	 0.0114 	 0.9294 	 18.3479 	 4.8972 	 0.0000 	 1.7724 	 742.5518 	 19.0000 	 0.6790 	 0.1062 	 0.4720 	 1.8855 	 0.1704 	 0.0000 	 2.8530 	 0.0503 
9.0000 	 0.0122 	 0.2337 	 0.0010 	 1.5660 	 0.0037 	 0.0000 	 1.5300 	 773.4952 	 9.0000 	 0.6442 	 0.2438 	 0.5445 	 5.4429 	 3.7712 	 0.0000 	 2.0046 	 0.0501 
15.0000 	 0.0312 	 0.1794 	 0.0017 	 2.4011 	 0.0058 	 0.0000 	 1.3251 	 774.2636 	 15.0000 	 0.3265 	 0.3387 	 0.8219 	 6.2611 	 2.5002 	 0.0000 	 0.5461 	 0.0411 
15.0000 	 0.0010 	 0.0016 	 0.7836 	 39.6011 	 2.0199 	 0.0000 	 1.8685 	 754.8009 	 15.0000 	 0.9333 	 0.5323 	 0.5079 	 14.7162 	 0.5488 	 0.0000 	 0.2697 	 0.0930 
5.0000 	 0.0050 	 0.4735 	 0.0010 	 1.0000 	 0.0047 	 0.0000 	 1.7508 	 775.1986 	 5.0000 	 0.3407 	 0.4792 	 0.9974 	 13.2733 	 3.0787 	 0.0000 	 2.0981 	 0.0277 
13.0000 	 0.1362 	 0.8420 	 0.4620 	 1.6033 	 5.3824 	 0.0000 	 1.7331 	 739.7459 	 13.0000 	 0.4453 	 0.2619 	 0.8054 	 1.5077 	 2.8462 	 0.0000 	 0.0653 	 0.0076 
6.0000 	 0.0023 	 1.0000 	 0.4403 	 1.6782 	 8.1668 	 0.0000 	 1.9183 	 741.2381 	 6.0000 	 0.6868 	 0.8565 	 0.5557 	 10.2268 	 4.1176 	 0.0000 	 0.5454 	 0.0121 
18.0000 	 0.0569 	 0.1159 	 0.9702 	 1.4600 	 5.7720 	 0.0000 	 1.8552 	 742.6107 	 18.0000 	 0.3460 	 0.2579 	 0.9185 	 14.5652 	 3.0410 	 0.0000 	 0.2387 	 0.0374 
24.0000 	 0.1598 	 0.0512 	 0.0130 	 13.9137 	 0.0320 	 0.0000 	 1.4072 	 779.9961 	 24.0000 	 0.0719 	 0.4092 	 0.3814 	 8.7461 	 4.4902 	 0.0000 	 2.8050 	 0.0321 
12.0000 	 0.0403 	 0.1352 	 0.9773 	 1.8074 	 5.9498 	 0.0000 	 1.8307 	 742.0855 	 12.0000 	 0.8008 	 0.6459 	 0.1442 	 5.5936 	 2.1197 	 0.0000 	 0.2681 	 0.0496 
3.0000 	 0.0535 	 0.0930 	 1.0000 	 10.1742 	 2.8921 	 0.0000 	 0.8825 	 730.5422 	 3.0000 	 0.0724 	 0.0890 	 0.9610 	 6.8318 	 2.7892 	 0.0000 	 2.8929 	 0.2392 
7.0000 	 0.5191 	 0.5317 	 0.7476 	 16.1949 	 3.1441 	 0.0000 	 2.2922 	 761.7771 	 7.0000 	 0.5131 	 0.7530 	 0.7619 	 10.0569 	 3.8169 	 0.0000 	 1.8472 	 0.0332 
4.0000 	 0.0348 	 0.0994 	 0.0174 	 50.0000 	 0.0484 	 0.0000 	 1.5467 	 779.9982 	 4.0000 	 0.5462 	 0.8948 	 0.8118 	 13.5510 	 2.8180 	 0.0000 	 2.4167 	 0.0588 
12.0000 	 0.0207 	 0.2843 	 0.0010 	 1.1817 	 0.0031 	 0.0000 	 1.4212 	 773.2273 	 12.0000 	 0.2920 	 0.7818 	 0.8844 	 3.0800 	 3.3790 	 0.0000 	 1.8459 	 0.0380 
12.0000 	 0.0010 	 0.0144 	 0.6688 	 5.3074 	 1.8104 	 0.0000 	 1.8426 	 754.3302 	 12.0000 	 0.5738 	 0.5737 	 0.9899 	 5.5636 	 4.5773 	 0.0000 	 1.5978 	 0.0863 
2.0000 	 0.0014 	 1.0000 	 0.8094 	 1.6521 	 6.8475 	 0.0000 	 1.9024 	 733.1055 	 2.0000 	 0.0781 	 0.3489 	 0.5948 	 14.5804 	 4.9891 	 0.0000 	 1.4253 	 0.0061 
1.0000 	 0.0069 	 0.4457 	 0.0028 	 1.0000 	 0.0033 	 0.0000 	 1.8256 	 799.7681 	 1.0000 	 0.4579 	 0.1945 	 0.1034 	 10.0027 	 1.8457 	 0.0000 	 1.0308 	 0.1371 
12.0000 	 0.5956 	 1.0000 	 0.6496 	 2.2662 	 3.3831 	 0.0000 	 1.8511 	 750.3618 	 12.0000 	 0.7320 	 0.5253 	 0.8606 	 6.5496 	 4.8345 	 0.0000 	 1.4969 	 0.0219 
12.0000 	 0.0188 	 0.0445 	 0.0010 	 15.2162 	 0.0043 	 0.0000 	 1.4031 	 773.5359 	 12.0000 	 0.6014 	 0.8046 	 0.4521 	 13.3618 	 1.6567 	 0.0000 	 2.5386 	 0.0294 
1.0000 	 0.6661 	 0.2676 	 0.1396 	 4.4707 	 0.0080 	 0.0000 	 2.0391 	 817.9283 	 1.0000 	 0.4391 	 0.3244 	 0.7524 	 13.2167 	 4.3890 	 0.0000 	 1.0524 	 0.8967 
11.0000 	 0.1167 	 0.0190 	 0.0444 	 22.3220 	 0.0704 	 0.0000 	 1.6602 	 783.5743 	 11.0000 	 0.7582 	 0.2893 	 0.6679 	 11.3631 	 3.8187 	 0.0000 	 0.3540 	 0.0405 
10.0000 	 0.0238 	 0.0275 	 1.0000 	 10.5611 	 6.3758 	 0.0000 	 1.9248 	 742.1421 	 10.0000 	 0.3908 	 0.9778 	 0.6872 	 9.4512 	 4.6353 	 0.0000 	 2.5906 	 0.0376 
5.0000 	 0.4470 	 0.3558 	 0.1376 	 46.3201 	 0.0817 	 0.0000 	 1.2175 	 790.6429 	 5.0000 	 0.6313 	 0.6239 	 0.1322 	 13.8123 	 4.3099 	 0.0000 	 2.6882 	 0.2125 
13.0000 	 0.0617 	 0.2347 	 0.0171 	 1.9142 	 0.0435 	 0.0000 	 1.6126 	 782.1923 	 13.0000 	 0.4190 	 0.8854 	 0.0148 	 8.4522 	 2.9975 	 0.0000 	 2.2529 	 0.0258 
18.0000 	 0.0248 	 0.1187 	 0.9855 	 1.3487 	 7.3104 	 0.0000 	 1.9587 	 742.9977 	 18.0000 	 0.1668 	 0.3325 	 0.3847 	 12.0435 	 1.2333 	 0.0000 	 0.8621 	 0.0402 
10.0000 	 0.0363 	 0.0687 	 0.9789 	 4.5956 	 6.2430 	 0.0000 	 1.8792 	 741.9520 	 10.0000 	 0.0806 	 0.1943 	 0.6173 	 3.9539 	 4.3648 	 0.0000 	 1.5056 	 0.0517 
9.0000 	 0.0377 	 0.0235 	 0.9838 	 14.5020 	 5.7222 	 0.0000 	 1.8101 	 741.6707 	 9.0000 	 0.0046 	 0.4930 	 0.1575 	 4.3333 	 0.6574 	 0.0000 	 2.7089 	 0.0407 
11.0000 	 0.0318 	 0.0331 	 0.0047 	 14.1273 	 0.0129 	 0.0000 	 1.4503 	 777.4259 	 11.0000 	 0.8675 	 0.9216 	 0.0205 	 11.7776 	 0.3082 	 0.0000 	 2.7029 	 0.0499 
10.0000 	 0.0505 	 0.9868 	 0.2607 	 2.2272 	 4.7187 	 0.0000 	 2.1647 	 755.6266 	 10.0000 	 0.0585 	 0.2191 	 0.8020 	 2.8637 	 2.5513 	 0.0000 	 1.6469 	 0.0057 
4.0000 	 0.0279 	 0.5059 	 0.8839 	 1.3724 	 4.7015 	 0.0000 	 1.6422 	 737.3840 	 4.0000 	 0.0155 	 0.6798 	 0.5834 	 8.2227 	 1.4022 	 0.0000 	 1.8783 	 0.0229 
15.0000 	 0.0243 	 0.3412 	 0.0010 	 1.6755 	 0.0044 	 0.0000 	 1.3746 	 773.5517 	 15.0000 	 0.9109 	 0.4441 	 0.3900 	 6.9014 	 0.4382 	 0.0000 	 0.6084 	 0.0352 
8.0000 	 0.0142 	 0.1978 	 0.0010 	 1.9870 	 0.0031 	 0.0000 	 1.5266 	 774.3302 	 8.0000 	 0.6950 	 0.3111 	 0.2860 	 6.7247 	 2.7121 	 0.0000 	 0.3609 	 0.0332 
10.0000 	 0.0291 	 0.0208 	 0.0041 	 25.3601 	 0.0119 	 0.0000 	 1.5107 	 777.2731 	 10.0000 	 0.5510 	 0.9682 	 0.8315 	 11.1145 	 3.7759 	 0.0000 	 0.6927 	 0.0445 
10.0000 	 0.0011 	 0.9912 	 0.1554 	 2.8016 	 9.0089 	 0.0000 	 2.3200 	 759.2841 	 10.0000 	 0.9398 	 0.4880 	 0.9534 	 9.7989 	 1.2726 	 0.0000 	 1.5024 	 0.0043 
12.0000 	 0.0010 	 0.0020 	 0.7792 	 36.5139 	 1.9930 	 0.0000 	 1.8180 	 754.3565 	 12.0000 	 0.4475 	 0.9863 	 0.7706 	 14.8125 	 0.8337 	 0.0000 	 2.1648 	 0.0704 
7.0000 	 0.0808 	 0.1530 	 0.9411 	 2.9886 	 4.1233 	 0.0000 	 1.6215 	 741.0756 	 7.0000 	 0.4850 	 0.8438 	 0.3207 	 5.5969 	 0.6638 	 0.0000 	 1.0603 	 0.0465 
6.0000 	 0.1122 	 0.6633 	 0.7026 	 1.5530 	 4.2262 	 0.0000 	 1.6118 	 738.1360 	 6.0000 	 0.3639 	 0.1903 	 0.3690 	 4.5792 	 4.4058 	 0.0000 	 0.7881 	 0.0134 
6.0000 	 0.0010 	 0.0092 	 0.7429 	 16.9542 	 1.9805 	 0.0000 	 1.8324 	 751.9601 	 6.0000 	 0.8481 	 0.8888 	 0.1747 	 13.5996 	 1.1917 	 0.0000 	 0.7148 	 0.0697 
10.0000 	 0.0154 	 0.0569 	 0.9987 	 5.0279 	 7.3974 	 0.0000 	 1.9333 	 742.2059 	 10.0000 	 0.3823 	 0.3898 	 0.1215 	 2.5631 	 3.0960 	 0.0000 	 0.6189 	 0.0366 
6.0000 	 0.0111 	 0.0510 	 0.9941 	 9.5621 	 7.1670 	 0.0000 	 1.8506 	 741.1251 	 6.0000 	 0.2491 	 0.4378 	 0.3229 	 11.7314 	 1.3307 	 0.0000 	 0.0634 	 0.0512 
5.0000 	 0.3565 	 0.5972 	 0.7379 	 26.9531 	 3.0349 	 0.0000 	 2.3702 	 763.8505 	 5.0000 	 0.4770 	 0.5187 	 0.2842 	 11.8267 	 0.2751 	 0.0000 	 1.6885 	 0.0286 
8.0000 	 0.0105 	 0.3069 	 0.9996 	 1.0258 	 7.8971 	 0.0000 	 2.0012 	 742.1032 	 8.0000 	 0.5618 	 0.8073 	 0.6873 	 4.3043 	 0.2488 	 0.0000 	 2.7628 	 0.0303 
6.0000 	 0.0010 	 0.0031 	 0.7768 	 49.9639 	 2.0041 	 0.0000 	 1.8287 	 751.8820 	 6.0000 	 0.2947 	 0.9026 	 0.4233 	 8.2420 	 2.8082 	 0.0000 	 0.7617 	 0.0791 
6.0000 	 0.0170 	 0.0102 	 0.9999 	 47.0728 	 6.3260 	 0.0000 	 1.8199 	 740.8554 	 6.0000 	 0.5175 	 0.2290 	 0.5911 	 13.3746 	 1.8639 	 0.0000 	 0.5144 	 0.0328 
3.0000 	 0.0021 	 0.0127 	 0.0010 	 48.4738 	 0.0044 	 0.0000 	 1.9108 	 774.7520 	 3.0000 	 0.7714 	 0.9898 	 0.6261 	 4.5233 	 3.1496 	 0.0000 	 0.9459 	 0.0311 
2.0000 	 0.2420 	 0.5591 	 0.2779 	 13.5903 	 0.1205 	 0.0000 	 1.1524 	 794.5828 	 2.0000 	 0.3903 	 0.2521 	 0.7187 	 5.4907 	 0.3207 	 0.0000 	 1.4688 	 0.3767 
3.0000 	 0.0015 	 0.0446 	 0.0103 	 13.1096 	 0.0509 	 0.0000 	 1.9567 	 776.5674 	 3.0000 	 0.2802 	 0.9671 	 0.4391 	 6.5614 	 1.5740 	 0.0000 	 0.8993 	 0.0390 
3.0000 	 0.0326 	 0.0447 	 0.8781 	 24.5069 	 3.4385 	 0.0000 	 1.4436 	 733.6491 	 3.0000 	 0.3362 	 0.1102 	 0.7305 	 13.9587 	 0.9292 	 0.0000 	 1.4544 	 0.0386 
10.0000 	 0.0475 	 0.0710 	 0.9365 	 4.8176 	 5.9385 	 0.0000 	 1.8546 	 741.8765 	 10.0000 	 0.4803 	 0.3010 	 0.9448 	 14.9484 	 0.7142 	 0.0000 	 2.5427 	 0.0511 
2.0000 	 0.0389 	 0.7093 	 0.6519 	 2.6276 	 1.5775 	 0.0000 	 0.2481 	 719.1064 	 2.0000 	 0.5169 	 0.3674 	 0.2184 	 7.0416 	 1.2703 	 0.0000 	 2.2421 	 0.1550 
5.0000 	 0.1274 	 0.2000 	 0.0984 	 11.4578 	 0.1975 	 0.0000 	 1.7139 	 781.8176 	 5.0000 	 0.0383 	 0.9853 	 0.2872 	 14.5362 	 2.7776 	 0.0000 	 1.1148 	 0.0336 
12.0000 	 0.0449 	 0.1421 	 0.0109 	 4.8632 	 0.0351 	 0.0000 	 1.5664 	 781.2547 	 12.0000 	 0.4265 	 0.7125 	 0.6991 	 4.9117 	 2.6486 	 0.0000 	 0.0418 	 0.0291 
2.0000 	 0.0017 	 0.0205 	 0.0091 	 50.0000 	 0.0399 	 0.0000 	 1.9683 	 772.6953 	 2.0000 	 0.4488 	 0.5676 	 0.1344 	 9.1359 	 1.8052 	 0.0000 	 2.3780 	 0.0365 
4.0000 	 0.0080 	 0.0313 	 0.1825 	 34.7781 	 5.8455 	 0.0000 	 2.6395 	 770.1455 	 4.0000 	 0.3381 	 0.3822 	 0.0741 	 10.1192 	 0.0953 	 0.0000 	 1.5300 	 0.0145 
4.0000 	 0.0702 	 0.6621 	 0.5828 	 2.1189 	 3.5218 	 0.0000 	 1.9059 	 743.6672 	 4.0000 	 0.0074 	 0.9635 	 0.0967 	 6.2516 	 0.0791 	 0.0000 	 0.5809 	 0.0133 
2.0000 	 0.0010 	 0.1838 	 0.7332 	 2.5368 	 1.9140 	 0.0000 	 1.7777 	 742.8754 	 2.0000 	 0.9958 	 0.9991 	 0.8798 	 11.7263 	 4.1450 	 0.0000 	 1.8981 	 0.0517 
6.0000 	 0.0658 	 0.0919 	 0.9238 	 6.1159 	 4.3152 	 0.0000 	 1.7158 	 740.2939 	 6.0000 	 0.0768 	 0.3727 	 0.5997 	 14.7519 	 0.0710 	 0.0000 	 2.4240 	 0.0412 
1.0000 	 0.0042 	 0.0213 	 0.0055 	 49.9003 	 0.0100 	 0.0000 	 1.6841 	 787.0822 	 1.0000 	 0.4120 	 0.8632 	 0.2955 	 10.6297 	 4.0081 	 0.0000 	 0.7171 	 0.0592 
10.0000 	 0.0010 	 0.0065 	 0.7818 	 14.2944 	 1.9775 	 0.0000 	 1.9219 	 753.8637 	 10.0000 	 0.0158 	 0.7205 	 0.1926 	 13.6335 	 3.9728 	 0.0000 	 2.7395 	 0.0955 
15.0000 	 0.0010 	 0.0691 	 0.0134 	 12.0970 	 9.9999 	 0.0000 	 2.7105 	 774.9670 	 15.0000 	 0.0843 	 0.2118 	 0.4563 	 4.9172 	 2.2859 	 0.0000 	 2.4658 	 0.0067 
17.0000 	 0.0715 	 0.4352 	 0.0087 	 1.0091 	 0.0241 	 0.0000 	 1.4757 	 779.4367 	 17.0000 	 0.3392 	 0.7977 	 0.4421 	 14.5616 	 4.2072 	 0.0000 	 0.1064 	 0.0362 
6.0000 	 0.0413 	 0.8013 	 0.5758 	 1.8142 	 5.4109 	 0.0000 	 1.7536 	 738.3042 	 6.0000 	 0.7578 	 0.4479 	 0.3035 	 2.9955 	 3.8207 	 0.0000 	 1.9683 	 0.0102 
3.0000 	 0.1217 	 0.2225 	 0.7747 	 6.7185 	 1.9652 	 0.0000 	 1.3463 	 740.5673 	 3.0000 	 0.3159 	 0.7574 	 0.7176 	 4.1741 	 0.4548 	 0.0000 	 0.3249 	 0.0700 
12.0000 	 0.0188 	 0.0125 	 0.0011 	 28.9995 	 0.0037 	 0.0000 	 1.4830 	 773.2848 	 12.0000 	 0.1511 	 0.4532 	 0.1356 	 11.2451 	 2.6834 	 0.0000 	 0.2433 	 0.0373 
2.0000 	 0.0338 	 0.9326 	 0.6193 	 2.3477 	 1.7269 	 0.0000 	 1.0420 	 718.5721 	 2.0000 	 0.3687 	 0.2085 	 0.3618 	 10.3139 	 0.8349 	 0.0000 	 0.2395 	 0.0589 
17.0000 	 0.0300 	 0.0344 	 0.9995 	 4.7394 	 6.0331 	 0.0000 	 1.8225 	 742.9752 	 17.0000 	 0.2849 	 0.5366 	 0.5761 	 1.1786 	 0.4313 	 0.0000 	 2.5536 	 0.0379 
9.0000 	 0.3022 	 0.1401 	 0.9224 	 3.7701 	 2.8100 	 0.0000 	 1.2130 	 744.0658 	 9.0000 	 0.4382 	 0.2556 	 0.7530 	 5.0881 	 1.9588 	 0.0000 	 0.2883 	 0.0865 
10.0000 	 0.0863 	 0.9109 	 0.0834 	 5.7524 	 0.3870 	 0.0000 	 1.9099 	 783.0646 	 10.0000 	 0.6654 	 0.6951 	 0.3339 	 11.6405 	 4.3163 	 0.0000 	 1.8188 	 0.0200 
7.0000 	 0.1489 	 0.5290 	 0.7134 	 1.8568 	 4.2894 	 0.0000 	 1.6473 	 738.6159 	 7.0000 	 0.1351 	 0.3757 	 0.6442 	 2.3228 	 2.6149 	 0.0000 	 1.5048 	 0.0140 
14.0000 	 0.0292 	 0.1739 	 1.0000 	 1.1164 	 6.4187 	 0.0000 	 1.8683 	 742.4985 	 14.0000 	 0.7446 	 0.1258 	 0.8065 	 13.4713 	 0.7107 	 0.0000 	 2.6982 	 0.0374 
9.0000 	 0.0028 	 0.1009 	 1.0000 	 2.5134 	 8.1337 	 0.0000 	 2.1035 	 744.5505 	 9.0000 	 0.9718 	 0.3376 	 0.3092 	 4.3520 	 3.2264 	 0.0000 	 1.7575 	 0.0313 
13.0000 	 0.0177 	 0.2638 	 0.0010 	 1.0000 	 0.0033 	 0.0000 	 1.4109 	 773.1315 	 13.0000 	 0.6145 	 0.0549 	 0.2881 	 12.2292 	 2.2139 	 0.0000 	 2.5661 	 0.0429 
7.0000 	 0.0469 	 0.3689 	 0.0799 	 1.6042 	 0.2065 	 0.0000 	 1.7364 	 787.5058 	 7.0000 	 0.0352 	 0.8923 	 0.5322 	 13.5135 	 4.3273 	 0.0000 	 1.8178 	 0.0251 
6.0000 	 0.2457 	 0.0195 	 0.8674 	 49.9987 	 2.9433 	 0.0000 	 1.4454 	 742.8392 	 6.0000 	 0.9668 	 0.6958 	 0.5325 	 6.6082 	 0.3642 	 0.0000 	 2.9423 	 0.0531 
3.0000 	 0.0547 	 0.4225 	 0.0584 	 21.1215 	 0.1161 	 0.0000 	 1.4861 	 779.0688 	 3.0000 	 0.7597 	 0.5555 	 0.9042 	 11.2675 	 3.9623 	 0.0000 	 0.4482 	 0.0419 
2.0000 	 0.0329 	 0.8144 	 0.6492 	 2.5997 	 1.8644 	 0.0000 	 1.0681 	 718.3280 	 2.0000 	 0.4794 	 0.1937 	 0.8858 	 5.4312 	 0.0772 	 0.0000 	 0.5496 	 0.0316 
6.0000 	 0.0082 	 0.0495 	 0.0025 	 9.5745 	 0.0096 	 0.0000 	 1.7815 	 777.5305 	 6.0000 	 0.7908 	 0.3300 	 0.5444 	 6.3179 	 4.6190 	 0.0000 	 2.6357 	 0.0293 
3.0000 	 0.0012 	 0.0720 	 0.0043 	 13.0658 	 0.0270 	 0.0000 	 1.9416 	 776.8832 	 3.0000 	 0.6561 	 0.9975 	 0.4306 	 12.6062 	 2.9524 	 0.0000 	 0.8499 	 0.0339 
2.0000 	 0.0314 	 0.4144 	 0.0012 	 1.0000 	 0.0010 	 0.0000 	 0.9784 	 810.2484 	 2.0000 	 0.0816 	 0.3482 	 0.1061 	 5.3932 	 4.7950 	 0.0000 	 1.9107 	 0.2282 
11.0000 	 0.0240 	 0.0561 	 0.0038 	 14.1872 	 0.0162 	 0.0000 	 1.6700 	 778.2745 	 11.0000 	 0.7218 	 0.8920 	 0.3324 	 2.6261 	 0.4400 	 0.0000 	 2.8482 	 0.0204 
8.0000 	 0.0504 	 0.9480 	 0.5103 	 1.0000 	 5.7897 	 0.0000 	 1.8166 	 739.1448 	 8.0000 	 0.0796 	 0.7192 	 0.3937 	 9.9741 	 4.2221 	 0.0000 	 0.9331 	 0.0063 
8.0000 	 0.3007 	 0.2935 	 0.8351 	 2.4118 	 3.0450 	 0.0000 	 1.5066 	 742.8735 	 8.0000 	 0.1845 	 0.9872 	 0.1628 	 14.7256 	 3.7967 	 0.0000 	 2.5899 	 0.0809 
5.0000 	 0.0313 	 0.2226 	 0.9256 	 2.3583 	 4.4905 	 0.0000 	 1.7184 	 739.7008 	 5.0000 	 0.7288 	 0.4402 	 0.5939 	 11.5625 	 0.4681 	 0.0000 	 0.2466 	 0.0377 
4.0000 	 0.0024 	 0.0335 	 0.0074 	 7.7204 	 0.0230 	 0.0000 	 1.9649 	 778.9386 	 4.0000 	 0.6823 	 0.8130 	 0.1876 	 10.6801 	 4.2808 	 0.0000 	 0.9778 	 0.0812 
1.0000 	 0.3568 	 0.3962 	 0.0092 	 5.0349 	 0.0013 	 0.0000 	 1.3304 	 829.0432 	 1.0000 	 0.1141 	 0.7237 	 0.3872 	 4.6141 	 2.3419 	 0.0000 	 0.8196 	 0.7307 
1.0000 	 0.0287 	 0.2942 	 0.0383 	 49.9997 	 0.0336 	 0.0000 	 1.2687 	 793.6284 	 1.0000 	 0.6845 	 0.0559 	 0.6014 	 7.7625 	 3.8157 	 0.0000 	 0.3006 	 0.4109 
