50.0000 	 0.2675 	 0.0000 	 10.9065 	 0.0000 	 6.3136 	 2.2590 	 673.5968 	 50.0000 	 1.8270 	 7.9036 	 -6.8170 	 0.0000 	 -1.1993 	 4.5026 	 0.0000 
45.0000 	 0.0258 	 5.0680 	 10.9053 	 0.0000 	 3.4168 	 2.2638 	 673.5978 	 45.0000 	 2.7639 	 5.1185 	 -1.7951 	 0.0000 	 -1.8455 	 9.6226 	 0.0003 
43.0000 	 0.0026 	 0.6289 	 10.9065 	 0.0000 	 -9.7659 	 2.2591 	 673.5968 	 43.0000 	 0.5514 	 3.9278 	 -7.2582 	 0.0000 	 -0.0746 	 6.2642 	 0.0000 
40.0000 	 0.0412 	 4.5154 	 10.9082 	 0.0000 	 -4.8301 	 2.2562 	 673.5973 	 40.0000 	 2.6908 	 9.9495 	 0.9266 	 0.0000 	 -2.3107 	 3.4277 	 0.0000 
37.0000 	 0.7451 	 0.1892 	 10.9090 	 0.0000 	 0.3933 	 2.2586 	 673.5969 	 37.0000 	 1.1169 	 6.0796 	 -6.5643 	 0.0000 	 2.5960 	 4.8846 	 0.0000 
34.0000 	 0.1723 	 14.0189 	 10.9059 	 0.0000 	 9.1211 	 2.2599 	 673.5968 	 34.0000 	 0.6328 	 3.3845 	 -2.4309 	 0.0000 	 0.5138 	 5.8535 	 0.0000 
32.0000 	 6.0000 	 0.8867 	 9.4837 	 0.0000 	 -1.0167 	 1.2605 	 669.4048 	 32.0000 	 0.4140 	 5.8532 	 0.9113 	 0.0000 	 1.5661 	 7.7775 	 0.0091 
27.0000 	 0.5775 	 3.7125 	 10.9109 	 0.0000 	 -5.8895 	 2.2486 	 673.3687 	 27.0000 	 1.8072 	 5.8611 	 -8.0959 	 0.0000 	 2.3449 	 3.8862 	 0.0058 
26.0000 	 0.0227 	 6.3477 	 10.9082 	 0.0000 	 2.9180 	 2.2607 	 673.5971 	 26.0000 	 2.3262 	 0.7340 	 -9.0287 	 0.0000 	 -2.0917 	 5.4142 	 0.0000 
21.0000 	 0.0646 	 2.6616 	 10.9092 	 0.0000 	 -5.1707 	 2.2570 	 673.5973 	 21.0000 	 2.8977 	 2.3357 	 6.0466 	 0.0000 	 2.1389 	 5.7057 	 0.0000 
20.0000 	 0.2934 	 1.0553 	 10.9148 	 0.0000 	 1.3712 	 2.2576 	 673.5916 	 20.0000 	 0.9660 	 3.7055 	 -7.0892 	 0.0000 	 2.2799 	 3.2103 	 0.0000 
15.0000 	 0.0169 	 16.8863 	 10.9253 	 0.0000 	 5.6530 	 2.2571 	 673.6069 	 15.0000 	 1.4106 	 5.8563 	 -4.1324 	 0.0000 	 -1.5323 	 5.6371 	 0.0000 
14.0000 	 0.0025 	 8.1567 	 10.9351 	 0.0000 	 2.8513 	 2.2876 	 673.5316 	 14.0000 	 1.0303 	 4.7872 	 1.7211 	 0.0000 	 1.1480 	 5.6703 	 0.0319 
9.0000 	 0.0076 	 13.2157 	 10.9061 	 0.0000 	 1.6539 	 2.2592 	 673.5968 	 9.0000 	 2.4791 	 7.9924 	 -0.3691 	 0.0000 	 -0.6294 	 5.6068 	 0.0000 
8.0000 	 0.0098 	 5.0873 	 10.9075 	 0.0000 	 -10.0000 	 2.2591 	 673.5969 	 8.0000 	 2.0613 	 4.5450 	 -4.6019 	 0.0000 	 -0.0859 	 8.1622 	 0.0107 
50.0000 	 0.0119 	 3.8016 	 10.9015 	 0.0000 	 0.6951 	 2.2687 	 673.6017 	 50.0000 	 1.8492 	 3.4098 	 3.1767 	 0.0000 	 -0.9499 	 4.8145 	 0.0003 
3.0000 	 0.0048 	 6.8830 	 10.9065 	 0.0000 	 -5.1147 	 2.2560 	 673.5760 	 3.0000 	 1.7071 	 0.1045 	 -4.3924 	 0.0000 	 2.7517 	 6.9252 	 0.0009 
50.0000 	 0.0104 	 12.0361 	 10.9204 	 0.0000 	 5.3357 	 2.2949 	 673.4670 	 50.0000 	 1.5339 	 2.8895 	 -7.3400 	 0.0000 	 -0.3510 	 3.7586 	 0.0418 
50.0000 	 0.1058 	 12.0703 	 10.9521 	 0.0000 	 -4.1880 	 2.2961 	 671.7504 	 50.0000 	 1.8492 	 3.4098 	 3.1767 	 0.0000 	 -0.9499 	 4.8145 	 0.0211 
50.0000 	 0.0070 	 0.0231 	 10.9094 	 0.0000 	 -5.0091 	 2.2610 	 673.5972 	 50.0000 	 1.8492 	 3.4098 	 3.1767 	 0.0000 	 -0.9499 	 4.8145 	 0.0000 
50.0000 	 0.0364 	 2.7075 	 10.9064 	 0.0000 	 7.7864 	 2.2592 	 673.5968 	 50.0000 	 0.4280 	 4.4532 	 5.3425 	 0.0000 	 -1.3575 	 9.1912 	 0.0000 
50.0000 	 0.0728 	 3.5413 	 10.9106 	 0.0000 	 1.6531 	 2.2559 	 673.5978 	 50.0000 	 1.6539 	 1.0101 	 -5.6586 	 0.0000 	 -1.9285 	 4.9264 	 0.0000 
50.0000 	 0.0458 	 11.6260 	 10.9106 	 0.0000 	 5.6763 	 2.3291 	 673.3623 	 50.0000 	 0.1477 	 5.0145 	 -1.6932 	 0.0000 	 -0.7668 	 7.1083 	 0.0460 
49.0000 	 0.0025 	 16.1496 	 10.9192 	 0.0000 	 5.1971 	 2.2455 	 673.6090 	 49.0000 	 0.0278 	 8.5018 	 -1.8053 	 0.0000 	 -2.2370 	 6.7798 	 0.0013 
49.0000 	 0.0025 	 1.8734 	 10.9104 	 0.0000 	 -8.5866 	 2.2589 	 673.5972 	 49.0000 	 2.8357 	 3.7637 	 7.3851 	 0.0000 	 0.9861 	 0.5144 	 0.0000 
49.0000 	 0.0064 	 2.5415 	 10.9064 	 0.0000 	 6.8979 	 2.2592 	 673.5968 	 49.0000 	 1.2047 	 6.9544 	 7.2273 	 0.0000 	 -1.1901 	 8.4132 	 0.0000 
2.0000 	 0.0187 	 9.3948 	 11.2366 	 0.0000 	 3.9044 	 2.2046 	 672.5219 	 2.0000 	 0.7322 	 8.5017 	 2.3787 	 0.0000 	 -1.1890 	 5.3567 	 0.0001 
49.0000 	 0.0395 	 24.8529 	 10.9077 	 0.0000 	 9.8212 	 2.2587 	 673.5968 	 49.0000 	 1.2803 	 4.3277 	 3.9483 	 0.0000 	 -2.4640 	 0.2977 	 0.0000 
50.0000 	 0.1607 	 51.1498 	 10.9058 	 0.0000 	 -9.5073 	 2.2951 	 673.6601 	 50.0000 	 0.1594 	 3.7174 	 3.1285 	 0.0000 	 2.6541 	 1.5422 	 0.0000 
49.0000 	 0.0034 	 0.6521 	 10.9063 	 0.0000 	 -3.2867 	 2.2594 	 673.5968 	 49.0000 	 2.4499 	 1.6045 	 -7.2628 	 0.0000 	 1.2736 	 2.7456 	 0.0000 
49.0000 	 0.8588 	 5.5830 	 10.9141 	 0.0000 	 -5.7536 	 2.2493 	 673.3957 	 49.0000 	 2.7267 	 3.4935 	 -0.1533 	 0.0000 	 -0.7803 	 9.1789 	 0.0031 
49.0000 	 0.0156 	 0.5104 	 10.9067 	 0.0000 	 9.8741 	 2.2594 	 673.5968 	 49.0000 	 0.1325 	 9.5880 	 -7.2998 	 0.0000 	 -0.0260 	 7.9525 	 0.0000 
45.0000 	 0.0091 	 2.6831 	 10.9058 	 0.0000 	 1.6165 	 2.2595 	 673.5967 	 45.0000 	 1.9135 	 7.5629 	 -5.3865 	 0.0000 	 -2.7753 	 2.1020 	 0.0000 
48.0000 	 0.0035 	 11.5786 	 10.9059 	 0.0000 	 -5.9415 	 2.2592 	 673.5968 	 48.0000 	 2.0219 	 3.0132 	 -9.2060 	 0.0000 	 -1.4162 	 0.2628 	 0.0000 
45.0000 	 0.0033 	 21.7829 	 10.9067 	 0.0000 	 8.9977 	 2.2592 	 673.5968 	 45.0000 	 0.7418 	 4.6043 	 -7.1611 	 0.0000 	 -2.9620 	 8.7669 	 0.0000 
49.0000 	 0.0263 	 1.1771 	 10.8972 	 0.0000 	 2.5814 	 2.2549 	 673.6001 	 49.0000 	 0.2192 	 9.6236 	 7.2992 	 0.0000 	 -2.9386 	 9.8186 	 0.0014 
48.0000 	 0.0108 	 2.8671 	 10.9052 	 0.0000 	 2.8965 	 2.2568 	 673.5971 	 48.0000 	 2.5013 	 8.9380 	 -0.3464 	 0.0000 	 1.7022 	 9.5279 	 0.0000 
45.0000 	 0.0185 	 0.1345 	 10.9092 	 0.0000 	 -9.8012 	 2.2604 	 673.5970 	 45.0000 	 1.0927 	 1.8123 	 -4.3127 	 0.0000 	 0.1537 	 1.7688 	 0.0000 
45.0000 	 0.0028 	 4.2767 	 10.9180 	 0.0000 	 8.5042 	 2.2845 	 673.6317 	 45.0000 	 2.1537 	 2.8545 	 -0.4676 	 0.0000 	 -2.8427 	 7.4921 	 0.0009 
45.0000 	 0.3988 	 2.6941 	 10.9087 	 0.0000 	 3.5271 	 2.2630 	 673.5976 	 45.0000 	 2.8362 	 5.0295 	 1.9133 	 0.0000 	 -0.7562 	 7.6935 	 0.0000 
45.0000 	 0.0039 	 6.4701 	 10.9065 	 0.0000 	 3.0864 	 2.2577 	 673.5969 	 45.0000 	 0.0143 	 2.9245 	 -3.2672 	 0.0000 	 2.2670 	 4.5460 	 0.0000 
45.0000 	 0.0097 	 0.8123 	 10.9066 	 0.0000 	 5.6024 	 2.2590 	 673.5968 	 45.0000 	 1.9951 	 5.7699 	 -4.5351 	 0.0000 	 0.2347 	 9.2533 	 0.0000 
46.0000 	 0.0269 	 8.5367 	 10.9068 	 0.0000 	 -10.0000 	 2.2589 	 673.5968 	 46.0000 	 2.2146 	 8.9029 	 -8.0705 	 0.0000 	 -0.5038 	 2.1767 	 0.0000 
48.0000 	 0.0732 	 0.0000 	 10.8887 	 0.0000 	 -4.7966 	 2.2839 	 673.6361 	 48.0000 	 2.5665 	 1.1023 	 -4.7662 	 0.0000 	 1.1631 	 8.0442 	 0.0000 
48.0000 	 0.0300 	 7.7222 	 10.9521 	 0.0000 	 1.0920 	 2.2491 	 673.6608 	 48.0000 	 1.8949 	 2.9579 	 -0.8559 	 0.0000 	 -2.7494 	 6.9559 	 0.0000 
46.0000 	 0.0222 	 11.3364 	 10.9076 	 0.0000 	 -1.0607 	 2.2604 	 673.5969 	 46.0000 	 0.4672 	 7.5235 	 -8.4623 	 0.0000 	 2.8658 	 8.2179 	 0.0000 
48.0000 	 0.0028 	 5.1447 	 10.9052 	 0.0000 	 -0.1937 	 2.2574 	 673.5970 	 48.0000 	 1.2125 	 6.4207 	 4.0656 	 0.0000 	 -2.8176 	 8.7067 	 0.0000 
50.0000 	 3.4298 	 3.5344 	 12.6947 	 0.0000 	 9.9989 	 1.2961 	 664.0430 	 50.0000 	 1.2724 	 0.6804 	 -9.9487 	 0.0000 	 1.9605 	 5.4835 	 0.0050 
49.0000 	 0.8528 	 5.7782 	 10.9118 	 0.0000 	 2.6946 	 2.2585 	 673.5943 	 49.0000 	 0.7082 	 0.2413 	 -4.8545 	 0.0000 	 1.7226 	 8.4560 	 0.0001 
48.0000 	 0.1555 	 6.0612 	 10.9073 	 0.0000 	 -0.5000 	 2.2604 	 673.5969 	 48.0000 	 0.6196 	 3.5451 	 0.4229 	 0.0000 	 2.2860 	 7.7870 	 0.0000 
49.0000 	 3.4180 	 0.0720 	 12.3527 	 0.0000 	 2.8486 	 1.2872 	 663.9977 	 49.0000 	 2.2989 	 6.6113 	 7.3622 	 0.0000 	 1.0301 	 2.7099 	 0.0029 
45.0000 	 0.0055 	 19.2831 	 10.9056 	 0.0000 	 9.7658 	 2.2613 	 673.5970 	 45.0000 	 1.0114 	 7.7463 	 3.6434 	 0.0000 	 2.8136 	 6.9147 	 0.0000 
46.0000 	 0.0025 	 5.8794 	 10.9064 	 0.0000 	 -9.6747 	 2.2593 	 673.5968 	 46.0000 	 2.7373 	 7.9964 	 -6.1844 	 0.0000 	 -1.8865 	 0.1926 	 0.0000 
48.0000 	 0.1294 	 15.7220 	 10.8895 	 0.0000 	 -8.4984 	 2.2824 	 658.4020 	 48.0000 	 1.8324 	 3.0033 	 -1.2572 	 0.0000 	 0.7300 	 9.6768 	 0.0060 
46.0000 	 0.0135 	 68.5986 	 10.8911 	 0.0000 	 5.4192 	 2.2607 	 673.6032 	 46.0000 	 1.7478 	 4.2146 	 -1.8021 	 0.0000 	 -2.7375 	 4.0092 	 0.0010 
48.0000 	 0.7135 	 25.5408 	 10.9060 	 0.0000 	 -9.2072 	 2.2605 	 673.5330 	 48.0000 	 0.5090 	 2.2023 	 1.5575 	 0.0000 	 -0.2312 	 5.0269 	 0.0024 
48.0000 	 0.0166 	 6.4752 	 10.9052 	 0.0000 	 -9.4334 	 2.2604 	 672.2297 	 48.0000 	 1.4617 	 9.1123 	 9.2274 	 0.0000 	 -1.7370 	 7.2310 	 0.0000 
47.0000 	 0.0154 	 4.1496 	 10.9065 	 0.0000 	 6.7182 	 2.2590 	 673.5968 	 47.0000 	 1.6857 	 2.2730 	 4.5556 	 0.0000 	 -1.3138 	 9.4145 	 0.0000 
46.0000 	 3.3028 	 0.2602 	 12.5160 	 0.0000 	 -0.7409 	 1.2773 	 664.0295 	 46.0000 	 2.1678 	 8.2296 	 -1.5562 	 0.0000 	 -1.2379 	 8.7109 	 0.0057 
43.0000 	 0.0107 	 25.9903 	 10.9064 	 0.0000 	 8.4268 	 2.2593 	 673.5967 	 43.0000 	 0.7440 	 0.5169 	 -4.9371 	 0.0000 	 2.8785 	 4.0496 	 0.0000 
47.0000 	 0.0042 	 90.2185 	 10.9042 	 0.0000 	 1.7529 	 2.2592 	 673.5969 	 47.0000 	 2.9333 	 4.8297 	 -4.0202 	 0.0000 	 -1.9822 	 4.7560 	 0.0000 
44.0000 	 0.0331 	 4.2639 	 10.9063 	 0.0000 	 6.3591 	 2.2592 	 673.5968 	 44.0000 	 0.3347 	 8.6505 	 5.6758 	 0.0000 	 1.0069 	 2.8281 	 0.0000 
46.0000 	 3.2322 	 0.0000 	 12.3328 	 0.0000 	 -10.0000 	 1.2834 	 663.9585 	 46.0000 	 2.1777 	 0.4960 	 0.9803 	 0.0000 	 -2.6825 	 2.3811 	 0.0029 
46.0000 	 0.0025 	 41.6877 	 10.9068 	 0.0000 	 -9.5349 	 2.2596 	 673.5968 	 46.0000 	 0.4522 	 8.1528 	 4.6597 	 0.0000 	 -0.9623 	 2.8509 	 0.0000 
48.0000 	 3.3104 	 0.0000 	 12.3327 	 0.0000 	 3.8940 	 1.2843 	 663.9789 	 48.0000 	 0.5313 	 8.4678 	 -3.7751 	 0.0000 	 2.7809 	 3.0823 	 0.0031 
43.0000 	 0.1816 	 17.5726 	 10.9061 	 0.0000 	 -1.6947 	 2.2593 	 673.5968 	 43.0000 	 2.0310 	 0.5244 	 2.4368 	 0.0000 	 -2.2056 	 5.0127 	 0.0000 
43.0000 	 0.1917 	 9.3771 	 10.9092 	 0.0000 	 5.2508 	 2.2600 	 673.5971 	 43.0000 	 2.3735 	 3.6980 	 -6.2886 	 0.0000 	 1.9818 	 4.7269 	 0.0000 
44.0000 	 0.0029 	 0.1300 	 10.9067 	 0.0000 	 8.9766 	 2.2598 	 673.5968 	 44.0000 	 2.2566 	 5.4790 	 -9.9416 	 0.0000 	 2.4938 	 3.9659 	 0.0000 
46.0000 	 3.2736 	 0.0000 	 12.3326 	 0.0000 	 8.0326 	 1.2853 	 663.9662 	 46.0000 	 2.3490 	 7.0644 	 -8.5832 	 0.0000 	 0.4151 	 3.5427 	 0.0022 
46.0000 	 0.0025 	 99.5460 	 10.9058 	 0.0000 	 -3.8806 	 2.2590 	 673.5968 	 46.0000 	 2.8510 	 6.1057 	 -0.0847 	 0.0000 	 -2.5286 	 3.9688 	 0.0000 
47.0000 	 0.0027 	 0.0000 	 10.9033 	 0.0000 	 -2.9403 	 2.2556 	 673.5977 	 47.0000 	 0.1496 	 9.5660 	 -2.2510 	 0.0000 	 -1.4643 	 3.7872 	 0.0010 
43.0000 	 0.2746 	 1.2051 	 10.9045 	 0.0000 	 6.8258 	 2.2607 	 673.5969 	 43.0000 	 1.5883 	 8.8304 	 -1.2343 	 0.0000 	 -1.8394 	 7.0241 	 0.0000 
43.0000 	 0.4766 	 0.2111 	 10.9125 	 0.0000 	 -0.9539 	 2.2721 	 673.6056 	 43.0000 	 2.7715 	 1.7077 	 -9.7953 	 0.0000 	 -2.3976 	 6.8696 	 0.0011 
43.0000 	 0.0025 	 20.1208 	 10.9069 	 0.0000 	 9.7042 	 2.2589 	 673.5967 	 43.0000 	 1.8131 	 8.9486 	 -2.6542 	 0.0000 	 2.5730 	 6.6589 	 0.0000 
47.0000 	 0.0093 	 10.7810 	 10.9067 	 0.0000 	 6.6389 	 2.2592 	 673.5968 	 47.0000 	 1.2697 	 0.0346 	 2.7563 	 0.0000 	 2.0529 	 0.9490 	 0.0000 
43.0000 	 3.1592 	 0.9197 	 12.7050 	 0.0000 	 1.1531 	 1.2793 	 664.0690 	 43.0000 	 0.0584 	 7.0899 	 -7.1024 	 0.0000 	 1.7780 	 8.6972 	 0.0032 
47.0000 	 0.0087 	 25.4014 	 10.9069 	 0.0000 	 0.3337 	 2.2597 	 673.5968 	 47.0000 	 1.0148 	 1.8682 	 -9.9991 	 0.0000 	 -0.6210 	 6.7117 	 0.0000 
44.0000 	 0.3041 	 3.1661 	 10.9059 	 0.0000 	 -3.2215 	 2.2596 	 673.5965 	 44.0000 	 2.4822 	 2.6096 	 -2.4754 	 0.0000 	 -1.3918 	 6.7647 	 0.0000 
45.0000 	 0.2027 	 0.0000 	 10.9074 	 0.0000 	 -1.1897 	 2.2586 	 673.5968 	 45.0000 	 0.6711 	 4.9989 	 -1.9894 	 0.0000 	 2.5560 	 6.9008 	 0.0000 
42.0000 	 0.1031 	 6.9533 	 10.9076 	 0.0000 	 -0.3806 	 2.2590 	 673.5968 	 42.0000 	 0.6329 	 4.0511 	 1.4779 	 0.0000 	 -0.8711 	 1.2527 	 0.0000 
44.0000 	 0.0044 	 5.8211 	 10.9057 	 0.0000 	 0.2306 	 2.2581 	 673.5969 	 44.0000 	 0.3385 	 7.9343 	 6.8472 	 0.0000 	 -2.7337 	 2.8144 	 0.0000 
47.0000 	 0.0346 	 63.8774 	 10.9065 	 0.0000 	 -5.2675 	 2.2595 	 673.5968 	 47.0000 	 1.3527 	 6.0081 	 5.5826 	 0.0000 	 -2.8400 	 8.8658 	 0.0000 
39.0000 	 0.0113 	 15.4106 	 10.9057 	 0.0000 	 -9.2543 	 2.2593 	 673.5968 	 39.0000 	 0.0525 	 6.6707 	 -7.6016 	 0.0000 	 1.9346 	 8.4158 	 0.0000 
47.0000 	 0.8269 	 7.5644 	 10.9132 	 0.0000 	 3.0047 	 2.2575 	 673.5932 	 47.0000 	 0.7646 	 1.0300 	 8.2700 	 0.0000 	 -0.7460 	 3.7852 	 0.0002 
47.0000 	 0.6660 	 4.3359 	 10.9066 	 0.0000 	 8.1528 	 2.2591 	 673.5964 	 47.0000 	 2.7313 	 2.3308 	 -4.2889 	 0.0000 	 -2.8600 	 2.0494 	 0.0000 
47.0000 	 0.0619 	 0.0079 	 10.9074 	 0.0000 	 8.6798 	 2.2595 	 673.5968 	 47.0000 	 0.9705 	 8.4423 	 -9.8866 	 0.0000 	 1.6128 	 7.3514 	 0.0000 
40.0000 	 0.1617 	 2.4878 	 10.8807 	 0.0000 	 -7.7679 	 2.2809 	 673.6391 	 40.0000 	 1.3632 	 3.9426 	 1.4277 	 0.0000 	 -1.7564 	 5.6063 	 0.0003 
39.0000 	 0.1895 	 11.3341 	 10.9069 	 0.0000 	 9.5694 	 2.2601 	 673.5968 	 39.0000 	 1.5824 	 5.3214 	 7.7359 	 0.0000 	 2.2766 	 0.1888 	 0.0000 
44.0000 	 0.0141 	 2.0224 	 10.9045 	 0.0000 	 7.1743 	 2.2620 	 673.5973 	 44.0000 	 2.4156 	 7.4466 	 4.7173 	 0.0000 	 2.2377 	 5.4862 	 0.0000 
46.0000 	 3.3016 	 10.1978 	 13.3636 	 0.0000 	 9.7359 	 1.2936 	 664.0844 	 46.0000 	 1.3581 	 5.1469 	 8.7212 	 0.0000 	 2.0592 	 0.2634 	 0.0049 
44.0000 	 0.2136 	 6.2728 	 10.8965 	 0.0000 	 3.4752 	 2.2540 	 673.5826 	 44.0000 	 1.7617 	 2.7466 	 8.6047 	 0.0000 	 -2.0560 	 2.2576 	 0.0009 
47.0000 	 0.0027 	 3.3264 	 10.9082 	 0.0000 	 -8.4133 	 2.2595 	 673.5461 	 47.0000 	 2.6574 	 0.9728 	 3.3892 	 0.0000 	 0.9537 	 7.7791 	 0.0062 
44.0000 	 0.1672 	 18.3206 	 10.9070 	 0.0000 	 -1.3801 	 2.2592 	 673.5968 	 44.0000 	 1.2296 	 5.6103 	 -8.3059 	 0.0000 	 -1.6103 	 9.8325 	 0.0000 
40.0000 	 0.0037 	 6.7719 	 10.9039 	 0.0000 	 2.2343 	 2.2513 	 673.4444 	 40.0000 	 0.3705 	 3.8601 	 8.2567 	 0.0000 	 -0.7186 	 8.0275 	 0.0048 
40.0000 	 0.0821 	 9.2188 	 10.9082 	 0.0000 	 0.1758 	 2.2607 	 673.5969 	 40.0000 	 1.8076 	 1.0365 	 4.2262 	 0.0000 	 -1.8806 	 5.4387 	 0.0000 
43.0000 	 3.2942 	 1.9528 	 12.9413 	 0.0000 	 2.3106 	 1.2851 	 664.1324 	 43.0000 	 1.2668 	 6.9131 	 1.4482 	 0.0000 	 1.7103 	 6.1694 	 0.0038 
40.0000 	 3.0078 	 2.5845 	 12.5839 	 0.0000 	 10.0000 	 1.2922 	 663.9469 	 40.0000 	 1.7680 	 4.7128 	 9.0237 	 0.0000 	 -1.0273 	 8.1446 	 0.0039 
40.0000 	 0.0621 	 34.6293 	 10.9061 	 0.0000 	 5.6264 	 2.2584 	 673.5965 	 40.0000 	 0.0635 	 2.5509 	 -9.6249 	 0.0000 	 -2.7717 	 4.6566 	 0.0000 
39.0000 	 0.0386 	 0.3517 	 10.9063 	 0.0000 	 -4.1805 	 2.2598 	 673.5967 	 39.0000 	 2.9638 	 9.0283 	 -1.4202 	 0.0000 	 1.1001 	 0.1319 	 0.0000 
41.0000 	 0.0418 	 3.5989 	 10.8972 	 0.0000 	 5.2478 	 2.3492 	 673.9846 	 41.0000 	 0.8532 	 7.7886 	 8.3838 	 0.0000 	 1.8678 	 7.6284 	 0.0000 
39.0000 	 0.0659 	 5.0121 	 10.9065 	 0.0000 	 -1.4281 	 2.2538 	 673.6004 	 39.0000 	 1.6417 	 5.3141 	 1.0508 	 0.0000 	 0.9338 	 1.3819 	 0.0034 
43.0000 	 0.0097 	 35.8508 	 10.9064 	 0.0000 	 6.1321 	 2.2593 	 673.5968 	 43.0000 	 1.8104 	 9.1922 	 -0.0035 	 0.0000 	 2.1335 	 3.9367 	 0.0000 
40.0000 	 0.1102 	 8.6118 	 10.9066 	 0.0000 	 2.8042 	 2.2592 	 673.5968 	 40.0000 	 0.7209 	 9.1314 	 -7.2880 	 0.0000 	 -0.9464 	 4.6800 	 0.0000 
38.0000 	 0.0027 	 1.3385 	 10.9060 	 0.0000 	 -5.6426 	 2.2590 	 673.5968 	 38.0000 	 2.9265 	 2.1847 	 8.9431 	 0.0000 	 -0.7951 	 9.8946 	 0.0000 
44.0000 	 3.1400 	 0.0000 	 12.3291 	 0.0000 	 -3.1592 	 1.2850 	 663.9475 	 44.0000 	 1.4429 	 8.4033 	 8.1968 	 0.0000 	 -0.3151 	 2.1447 	 0.0048 
42.0000 	 0.0063 	 99.6875 	 10.9064 	 0.0000 	 7.9542 	 2.2591 	 673.5968 	 42.0000 	 2.4953 	 9.8649 	 -7.9946 	 0.0000 	 -0.3098 	 9.9170 	 0.0000 
42.0000 	 0.1719 	 0.0586 	 10.9045 	 0.0000 	 1.4535 	 2.2623 	 673.5997 	 42.0000 	 2.2617 	 4.7692 	 5.4544 	 0.0000 	 0.5143 	 6.5935 	 0.0039 
42.0000 	 0.0179 	 1.1560 	 10.9067 	 0.0000 	 1.3078 	 2.2591 	 673.5968 	 42.0000 	 0.5415 	 9.7871 	 4.6970 	 0.0000 	 -0.6885 	 2.0587 	 0.0000 
44.0000 	 3.1712 	 0.0090 	 12.3451 	 0.0000 	 -2.0960 	 1.2807 	 663.9515 	 44.0000 	 2.6205 	 7.6714 	 7.6484 	 0.0000 	 -2.5342 	 2.2130 	 0.0036 
37.0000 	 0.1344 	 1.9391 	 10.9576 	 0.0000 	 9.9999 	 2.2586 	 673.6051 	 37.0000 	 1.1495 	 8.6055 	 2.3123 	 0.0000 	 -2.7706 	 6.4427 	 0.0167 
39.0000 	 0.0025 	 15.3530 	 10.9086 	 0.0000 	 2.2212 	 2.2588 	 673.5969 	 39.0000 	 2.3756 	 8.8273 	 2.2899 	 0.0000 	 0.8390 	 4.9829 	 0.0000 
42.0000 	 0.0969 	 12.1375 	 10.9497 	 0.0000 	 1.0005 	 2.3035 	 673.7384 	 42.0000 	 1.5378 	 2.8354 	 -4.0592 	 0.0000 	 0.4458 	 9.7879 	 0.0115 
38.0000 	 0.3039 	 2.3574 	 10.9062 	 0.0000 	 9.9753 	 2.2594 	 673.5968 	 38.0000 	 1.1130 	 0.2394 	 2.3269 	 0.0000 	 2.6527 	 5.8815 	 0.0000 
42.0000 	 0.0034 	 2.4197 	 10.9058 	 0.0000 	 -3.9505 	 2.2588 	 673.5968 	 42.0000 	 2.9627 	 9.8400 	 -8.3765 	 0.0000 	 2.7023 	 6.5546 	 0.0000 
41.0000 	 0.0035 	 14.9042 	 10.9068 	 0.0000 	 1.5593 	 2.2587 	 673.5968 	 41.0000 	 1.8204 	 6.8452 	 -8.0648 	 0.0000 	 -1.7349 	 6.3525 	 0.0000 
37.0000 	 0.0189 	 5.9769 	 10.9061 	 0.0000 	 -5.1292 	 2.2588 	 673.5968 	 37.0000 	 2.5661 	 3.2073 	 -7.5586 	 0.0000 	 1.5813 	 8.7686 	 0.0000 
42.0000 	 0.5163 	 0.0286 	 10.9060 	 0.0000 	 6.3878 	 2.2558 	 673.5973 	 42.0000 	 1.6218 	 9.0281 	 8.5116 	 0.0000 	 -2.5499 	 8.0548 	 0.0000 
37.0000 	 0.0249 	 16.9859 	 10.9060 	 0.0000 	 -8.0115 	 2.2593 	 673.5968 	 37.0000 	 2.2358 	 6.5298 	 4.2216 	 0.0000 	 2.0124 	 9.2703 	 0.0000 
42.0000 	 0.2259 	 0.8005 	 10.9068 	 0.0000 	 9.9740 	 2.2620 	 673.5972 	 42.0000 	 1.0425 	 8.6238 	 3.4462 	 0.0000 	 -2.1613 	 1.1464 	 0.0000 
38.0000 	 0.0153 	 0.5359 	 10.9058 	 0.0000 	 6.6482 	 2.2595 	 673.5968 	 38.0000 	 2.1784 	 5.7683 	 9.7754 	 0.0000 	 -1.9945 	 5.2864 	 0.0000 
40.0000 	 0.1615 	 2.1922 	 10.9059 	 0.0000 	 -0.8671 	 2.2583 	 673.5968 	 40.0000 	 2.3505 	 0.1821 	 4.5221 	 0.0000 	 -1.0173 	 2.9853 	 0.0000 
33.0000 	 0.0228 	 7.3845 	 10.9061 	 0.0000 	 2.9080 	 2.2593 	 673.5967 	 33.0000 	 0.6145 	 4.5113 	 7.1938 	 0.0000 	 2.0972 	 2.6651 	 0.0000 
37.0000 	 0.4765 	 1.4506 	 10.9017 	 0.0000 	 0.6544 	 2.2598 	 673.5974 	 37.0000 	 1.3981 	 1.5872 	 9.6895 	 0.0000 	 -1.6050 	 2.1829 	 0.0000 
37.0000 	 0.0052 	 10.5292 	 10.9062 	 0.0000 	 -8.5835 	 2.2596 	 673.5968 	 37.0000 	 2.5130 	 3.8686 	 0.8928 	 0.0000 	 -0.1867 	 1.8022 	 0.0000 
37.0000 	 0.1900 	 0.0000 	 10.9082 	 0.0000 	 4.1067 	 2.2717 	 673.5546 	 37.0000 	 0.7896 	 4.6362 	 -9.4869 	 0.0000 	 -1.9745 	 9.6325 	 0.0174 
41.0000 	 0.0025 	 5.9735 	 10.9070 	 0.0000 	 -5.6316 	 2.2604 	 673.5969 	 41.0000 	 2.0726 	 5.7265 	 5.3122 	 0.0000 	 0.6938 	 1.9461 	 0.0002 
36.0000 	 0.0088 	 33.7315 	 10.9061 	 0.0000 	 -7.0052 	 2.2594 	 673.5968 	 36.0000 	 0.0863 	 0.8424 	 2.2987 	 0.0000 	 0.1116 	 3.0306 	 0.0000 
39.0000 	 0.0044 	 0.0000 	 10.9082 	 0.0000 	 0.8760 	 2.2607 	 673.5969 	 39.0000 	 0.5065 	 6.4718 	 -1.0675 	 0.0000 	 -0.1828 	 9.3585 	 0.0000 
38.0000 	 0.0025 	 2.0404 	 10.9076 	 0.0000 	 -2.1824 	 2.2534 	 673.5987 	 38.0000 	 0.0835 	 0.7812 	 -9.4083 	 0.0000 	 2.1900 	 2.9523 	 0.0002 
41.0000 	 0.3492 	 3.9362 	 10.9064 	 0.0000 	 2.8865 	 2.2592 	 673.5969 	 41.0000 	 0.3787 	 4.6732 	 3.9223 	 0.0000 	 -0.4333 	 1.8426 	 0.0000 
38.0000 	 0.1496 	 27.9450 	 10.9064 	 0.0000 	 -4.4228 	 2.2594 	 673.5968 	 38.0000 	 1.3389 	 9.3841 	 0.3832 	 0.0000 	 0.0555 	 8.2724 	 0.0000 
39.0000 	 0.1595 	 0.1167 	 10.9064 	 0.0000 	 3.7436 	 2.2590 	 673.5968 	 39.0000 	 0.7052 	 6.2651 	 -0.8485 	 0.0000 	 0.6986 	 0.0437 	 0.0000 
44.0000 	 3.1328 	 0.0000 	 12.3405 	 0.0000 	 -8.1296 	 1.2714 	 663.9344 	 44.0000 	 1.1783 	 4.6983 	 -2.1848 	 0.0000 	 2.7678 	 9.9422 	 0.0045 
36.0000 	 0.0059 	 5.3103 	 10.9048 	 0.0000 	 1.3497 	 2.2598 	 673.5968 	 36.0000 	 1.3860 	 7.5195 	 8.3455 	 0.0000 	 0.7736 	 7.1155 	 0.0000 
41.0000 	 0.1700 	 0.0000 	 10.9169 	 0.0000 	 7.2736 	 2.2318 	 673.6938 	 41.0000 	 0.6331 	 3.9356 	 -9.3501 	 0.0000 	 -1.6989 	 7.1638 	 0.0547 
39.0000 	 2.9500 	 0.0000 	 12.3324 	 0.0000 	 -8.8189 	 1.2802 	 663.8970 	 39.0000 	 2.3325 	 1.3104 	 -6.1713 	 0.0000 	 -2.4886 	 4.8579 	 0.0057 
39.0000 	 0.5091 	 0.0010 	 10.9055 	 0.0000 	 5.4110 	 2.2592 	 673.5968 	 39.0000 	 2.8776 	 0.4307 	 -9.5959 	 0.0000 	 2.9676 	 5.4919 	 0.0001 
41.0000 	 0.0034 	 1.6553 	 10.9058 	 0.0000 	 -2.8044 	 2.2583 	 673.5968 	 41.0000 	 0.2388 	 7.0602 	 -7.0835 	 0.0000 	 0.4193 	 9.2946 	 0.0000 
37.0000 	 2.8312 	 0.1646 	 12.3519 	 0.0000 	 9.2589 	 1.2801 	 663.8862 	 37.0000 	 2.7379 	 4.6916 	 -8.1993 	 0.0000 	 0.9474 	 7.8825 	 0.0033 
33.0000 	 0.4743 	 3.3250 	 10.9054 	 0.0000 	 5.8647 	 2.2423 	 673.6112 	 33.0000 	 1.3519 	 4.2778 	 4.7608 	 0.0000 	 2.3425 	 8.2712 	 0.0000 
40.0000 	 0.2173 	 0.1110 	 10.9066 	 0.0000 	 5.2711 	 2.2589 	 673.5968 	 40.0000 	 0.2307 	 1.3011 	 -4.4707 	 0.0000 	 2.0903 	 6.6019 	 0.0000 
33.0000 	 0.0669 	 26.9880 	 10.9064 	 0.0000 	 7.5195 	 2.2590 	 673.5968 	 33.0000 	 1.2594 	 6.4106 	 -2.6937 	 0.0000 	 2.7749 	 7.0651 	 0.0000 
41.0000 	 0.0028 	 15.9759 	 10.9063 	 0.0000 	 -0.6439 	 2.2583 	 673.5968 	 41.0000 	 2.7368 	 6.7538 	 -7.2369 	 0.0000 	 1.6021 	 7.4351 	 0.0000 
34.0000 	 0.0402 	 6.3025 	 10.8936 	 0.0000 	 -1.6025 	 2.2437 	 673.5726 	 34.0000 	 2.2703 	 4.3474 	 2.5854 	 0.0000 	 -1.2167 	 4.3317 	 0.0091 
41.0000 	 0.0050 	 2.9020 	 10.9079 	 0.0000 	 7.3797 	 2.2576 	 673.5969 	 41.0000 	 1.9353 	 9.4548 	 5.2108 	 0.0000 	 -2.7027 	 1.3836 	 0.0000 
34.0000 	 0.2493 	 3.6386 	 10.9330 	 0.0000 	 8.7206 	 2.2566 	 673.6168 	 34.0000 	 2.9524 	 0.7157 	 -9.4040 	 0.0000 	 1.3196 	 0.1578 	 0.0000 
31.0000 	 0.0163 	 0.6604 	 10.9089 	 0.0000 	 -2.5455 	 2.2594 	 673.5970 	 31.0000 	 2.4260 	 9.5633 	 5.2544 	 0.0000 	 1.5857 	 0.7226 	 0.0000 
34.0000 	 0.0047 	 5.7051 	 10.9061 	 0.0000 	 3.4139 	 2.2585 	 673.5968 	 34.0000 	 2.8404 	 4.6919 	 9.3105 	 0.0000 	 -1.8169 	 8.1927 	 0.0000 
41.0000 	 0.1548 	 1.4335 	 10.9061 	 0.0000 	 9.8477 	 2.2593 	 673.5967 	 41.0000 	 1.5798 	 2.2944 	 4.0796 	 0.0000 	 -1.1424 	 1.2429 	 0.0000 
36.0000 	 0.1292 	 15.1098 	 10.9067 	 0.0000 	 -1.7332 	 2.2590 	 673.5968 	 36.0000 	 0.5553 	 7.2467 	 7.1012 	 0.0000 	 -0.9594 	 8.3091 	 0.0000 
35.0000 	 0.0381 	 0.3560 	 10.9063 	 0.0000 	 -1.2312 	 2.2597 	 673.5968 	 35.0000 	 0.5504 	 0.7260 	 -5.9257 	 0.0000 	 -1.2131 	 3.7675 	 0.0000 
33.0000 	 0.0097 	 1.5219 	 10.9072 	 0.0000 	 1.3740 	 2.2596 	 673.5968 	 33.0000 	 2.9249 	 9.1612 	 5.7307 	 0.0000 	 2.5476 	 1.0300 	 0.0000 
34.0000 	 0.0102 	 17.1077 	 10.9065 	 0.0000 	 2.3484 	 2.2593 	 673.5967 	 34.0000 	 2.9976 	 1.8075 	 -3.8030 	 0.0000 	 -1.7139 	 2.3682 	 0.0000 
33.0000 	 0.0036 	 15.6834 	 10.9063 	 0.0000 	 -9.5485 	 2.2591 	 673.5968 	 33.0000 	 1.4312 	 2.5317 	 -3.8689 	 0.0000 	 -1.3367 	 8.3225 	 0.0000 
38.0000 	 0.0094 	 20.6506 	 11.0156 	 0.0000 	 -2.9282 	 2.2546 	 671.5311 	 38.0000 	 0.8335 	 0.3636 	 -0.7219 	 0.0000 	 2.5387 	 0.2032 	 0.0345 
41.0000 	 0.7998 	 4.0785 	 10.9111 	 0.0000 	 -5.3070 	 2.2503 	 673.3985 	 41.0000 	 0.3384 	 2.1057 	 5.9212 	 0.0000 	 1.6661 	 5.5150 	 0.0039 
36.0000 	 0.0058 	 85.4724 	 10.9033 	 0.0000 	 -7.9534 	 2.2607 	 673.5972 	 36.0000 	 2.0596 	 6.7213 	 -3.3845 	 0.0000 	 1.7950 	 2.3326 	 0.0000 
37.0000 	 0.6369 	 38.0404 	 10.9081 	 0.0000 	 -9.1083 	 2.2566 	 673.5072 	 37.0000 	 0.1721 	 5.7861 	 8.6750 	 0.0000 	 2.3519 	 7.1558 	 0.0058 
38.0000 	 0.1394 	 4.2846 	 10.9066 	 0.0000 	 -7.9165 	 2.2592 	 673.5968 	 38.0000 	 2.1606 	 2.8268 	 -7.6148 	 0.0000 	 -1.8502 	 7.2192 	 0.0000 
35.0000 	 0.0816 	 43.3910 	 10.9059 	 0.0000 	 -5.6591 	 2.2597 	 673.5968 	 35.0000 	 0.1118 	 8.8300 	 6.7257 	 0.0000 	 -0.6279 	 6.6949 	 0.0000 
34.0000 	 0.0025 	 5.4169 	 10.9052 	 0.0000 	 -3.5431 	 2.2595 	 673.5968 	 34.0000 	 2.2774 	 5.2502 	 -6.9004 	 0.0000 	 -0.5918 	 8.2932 	 0.0000 
34.0000 	 0.2238 	 0.0000 	 10.9503 	 0.0000 	 -0.1174 	 2.2586 	 673.6541 	 34.0000 	 0.2212 	 6.4922 	 5.7442 	 0.0000 	 -0.2982 	 7.1267 	 0.0020 
37.0000 	 0.1470 	 6.2076 	 10.9283 	 0.0000 	 4.9488 	 2.2833 	 673.6378 	 37.0000 	 2.4054 	 6.8582 	 8.7400 	 0.0000 	 -1.9792 	 1.2368 	 0.0003 
38.0000 	 0.0051 	 0.0000 	 10.8838 	 0.0000 	 -3.8811 	 2.2620 	 673.6114 	 38.0000 	 0.3174 	 3.1852 	 3.5697 	 0.0000 	 -1.5916 	 1.0202 	 0.0000 
36.0000 	 0.1800 	 1.8415 	 10.9066 	 0.0000 	 -6.3690 	 2.2599 	 673.5968 	 36.0000 	 0.9308 	 5.1073 	 -9.1289 	 0.0000 	 2.6152 	 9.4014 	 0.0000 
31.0000 	 0.0112 	 40.1270 	 10.9082 	 0.0000 	 2.0684 	 2.2607 	 673.5969 	 31.0000 	 2.5521 	 2.7373 	 2.3417 	 0.0000 	 -2.1059 	 0.9805 	 0.0000 
32.0000 	 0.0120 	 4.8199 	 10.9074 	 0.0000 	 7.6743 	 2.2610 	 673.5969 	 32.0000 	 0.3610 	 3.2079 	 7.0906 	 0.0000 	 1.9484 	 7.2102 	 0.0000 
36.0000 	 0.0754 	 12.0703 	 10.8203 	 0.0000 	 -6.9990 	 2.3438 	 672.7316 	 36.0000 	 0.3157 	 3.7480 	 4.8873 	 0.0000 	 2.8704 	 5.9737 	 0.1076 
31.0000 	 2.5160 	 17.1118 	 14.1150 	 0.0000 	 9.4030 	 1.2860 	 664.0902 	 31.0000 	 2.3057 	 7.1324 	 7.0871 	 0.0000 	 -1.7661 	 1.9235 	 0.0038 
32.0000 	 0.0284 	 55.5715 	 10.9039 	 0.0000 	 9.9854 	 2.2692 	 673.6019 	 32.0000 	 0.6930 	 4.2795 	 2.6914 	 0.0000 	 -2.5334 	 0.5674 	 0.0000 
32.0000 	 0.0049 	 13.8022 	 10.9063 	 0.0000 	 6.9527 	 2.2591 	 673.5968 	 32.0000 	 2.2619 	 3.2582 	 -4.9962 	 0.0000 	 0.5390 	 5.4474 	 0.0000 
36.0000 	 0.0025 	 9.9574 	 10.8973 	 0.0000 	 1.2641 	 2.2573 	 673.5992 	 36.0000 	 2.8287 	 8.6086 	 -1.8088 	 0.0000 	 -2.7947 	 0.5494 	 0.0000 
28.0000 	 0.1487 	 15.0681 	 10.9067 	 0.0000 	 -7.9524 	 2.2594 	 673.5968 	 28.0000 	 2.1923 	 4.3233 	 -2.6819 	 0.0000 	 1.1530 	 1.0160 	 0.0000 
30.0000 	 0.1096 	 11.7614 	 10.9055 	 0.0000 	 -0.2545 	 2.2597 	 673.5968 	 30.0000 	 1.4433 	 1.1065 	 6.0236 	 0.0000 	 0.7595 	 4.4577 	 0.0000 
38.0000 	 0.2631 	 7.5214 	 10.9067 	 0.0000 	 2.9267 	 2.2592 	 673.5968 	 38.0000 	 1.1778 	 1.7307 	 -5.6568 	 0.0000 	 -0.9145 	 6.5158 	 0.0000 
34.0000 	 2.7148 	 0.0491 	 12.5419 	 0.0000 	 -5.6482 	 1.2836 	 663.8804 	 34.0000 	 1.8674 	 1.6704 	 2.2100 	 0.0000 	 -1.8335 	 9.6983 	 0.0029 
35.0000 	 0.1198 	 3.0737 	 10.8920 	 0.0000 	 -0.6294 	 2.2366 	 673.6281 	 35.0000 	 0.7279 	 2.6716 	 -5.9036 	 0.0000 	 1.6435 	 1.2220 	 0.0000 
33.0000 	 0.0027 	 8.6646 	 10.9058 	 0.0000 	 8.3079 	 2.2595 	 673.5968 	 33.0000 	 0.6713 	 6.9550 	 -8.1680 	 0.0000 	 2.4041 	 5.6645 	 0.0000 
39.0000 	 0.6535 	 28.1902 	 10.9048 	 0.0000 	 -8.1268 	 2.2467 	 673.5022 	 39.0000 	 0.3567 	 7.4630 	 -7.7032 	 0.0000 	 1.2751 	 1.8787 	 0.0033 
32.0000 	 0.4396 	 1.8848 	 10.9570 	 0.0000 	 2.0068 	 2.2168 	 673.7673 	 32.0000 	 1.9470 	 7.8595 	 0.3525 	 0.0000 	 -0.9591 	 0.0757 	 0.0000 
31.0000 	 0.5845 	 7.1792 	 10.9036 	 0.0000 	 -5.0647 	 2.2630 	 662.6484 	 31.0000 	 2.6870 	 0.5935 	 -0.0569 	 0.0000 	 -0.7029 	 4.4460 	 0.0639 
32.0000 	 0.0025 	 12.7452 	 10.9062 	 0.0000 	 7.9979 	 2.2596 	 673.5968 	 32.0000 	 0.5327 	 7.9803 	 -4.2731 	 0.0000 	 1.5614 	 9.6559 	 0.0000 
30.0000 	 0.1669 	 14.1534 	 10.9111 	 0.0000 	 4.3310 	 2.2581 	 673.5974 	 30.0000 	 1.0336 	 3.1451 	 5.6928 	 0.0000 	 -1.7243 	 5.5312 	 0.0000 
36.0000 	 0.0321 	 2.1497 	 10.9070 	 0.0000 	 -0.9708 	 2.2617 	 673.5971 	 36.0000 	 1.9943 	 6.0048 	 5.1130 	 0.0000 	 0.0604 	 7.3437 	 0.0000 
34.0000 	 0.0114 	 6.7494 	 10.8822 	 0.0000 	 -5.4590 	 2.2633 	 673.6140 	 34.0000 	 1.7839 	 1.0065 	 -5.1054 	 0.0000 	 -1.1842 	 3.1666 	 0.0000 
28.0000 	 0.0246 	 4.0125 	 10.9045 	 0.0000 	 -1.3848 	 2.2562 	 673.5969 	 28.0000 	 1.7100 	 3.4881 	 3.5352 	 0.0000 	 -2.9617 	 7.8968 	 0.0000 
32.0000 	 0.0256 	 4.4490 	 10.9056 	 0.0000 	 1.9736 	 2.2626 	 673.5974 	 32.0000 	 0.7077 	 0.9527 	 -1.0894 	 0.0000 	 1.8207 	 6.2701 	 0.0000 
35.0000 	 0.0032 	 86.3388 	 10.9154 	 0.0000 	 -0.9267 	 2.2523 	 673.6015 	 35.0000 	 1.4092 	 6.5203 	 -5.0304 	 0.0000 	 2.6750 	 4.1087 	 0.0000 
33.0000 	 0.1849 	 1.0980 	 10.9460 	 0.0000 	 1.3178 	 2.2687 	 673.6434 	 33.0000 	 0.8121 	 3.1650 	 5.5742 	 0.0000 	 -0.3295 	 5.2967 	 0.0000 
36.0000 	 6.0000 	 25.3940 	 11.1737 	 0.0000 	 9.9953 	 1.2469 	 669.6294 	 36.0000 	 0.4851 	 8.8514 	 5.5894 	 0.0000 	 1.5817 	 5.4958 	 0.0130 
33.0000 	 0.0244 	 2.4472 	 10.9064 	 0.0000 	 -5.0663 	 2.2595 	 673.5968 	 33.0000 	 2.7197 	 7.7555 	 -0.6385 	 0.0000 	 2.9481 	 0.8235 	 0.0000 
28.0000 	 0.0037 	 3.4875 	 10.9131 	 0.0000 	 0.4878 	 2.2534 	 673.5976 	 28.0000 	 0.2698 	 4.7509 	 -7.8790 	 0.0000 	 0.8108 	 5.6227 	 0.0021 
27.0000 	 0.0438 	 9.6609 	 10.9068 	 0.0000 	 5.3534 	 2.2593 	 673.5968 	 27.0000 	 2.7251 	 1.6766 	 -6.5520 	 0.0000 	 0.9059 	 6.3495 	 0.0000 
31.0000 	 0.6897 	 10.2977 	 10.9247 	 0.0000 	 7.1845 	 2.2556 	 673.5777 	 31.0000 	 0.7148 	 3.2078 	 -7.8259 	 0.0000 	 -1.6743 	 0.9051 	 0.0001 
27.0000 	 0.0255 	 6.6177 	 10.9033 	 0.0000 	 1.6880 	 2.2549 	 673.5982 	 27.0000 	 0.1597 	 1.4317 	 1.4190 	 0.0000 	 2.1952 	 9.0483 	 0.0003 
29.0000 	 0.0025 	 64.9810 	 10.9064 	 0.0000 	 4.3390 	 2.2593 	 673.5968 	 29.0000 	 0.9678 	 2.9668 	 -4.4379 	 0.0000 	 -0.6280 	 5.9449 	 0.0000 
27.0000 	 0.0034 	 31.0338 	 10.9065 	 0.0000 	 9.1405 	 2.2593 	 673.5967 	 27.0000 	 1.6277 	 4.9270 	 -5.5638 	 0.0000 	 0.1235 	 1.5493 	 0.0000 
30.0000 	 0.1533 	 5.1294 	 10.9164 	 0.0000 	 -9.9208 	 2.2456 	 673.6078 	 30.0000 	 0.4482 	 4.9167 	 5.3462 	 0.0000 	 -0.3134 	 6.8034 	 0.0005 
35.0000 	 0.0108 	 15.9181 	 10.9067 	 0.0000 	 -1.8654 	 2.2596 	 673.5961 	 35.0000 	 1.8350 	 7.5209 	 -5.6304 	 0.0000 	 0.4371 	 2.9495 	 0.0000 
35.0000 	 0.0260 	 0.0226 	 10.9058 	 0.0000 	 6.7815 	 2.2592 	 673.5967 	 35.0000 	 1.7808 	 8.6733 	 5.4820 	 0.0000 	 2.8080 	 6.0675 	 0.0000 
35.0000 	 2.7266 	 0.0175 	 12.3354 	 0.0000 	 7.2544 	 1.3019 	 663.8774 	 35.0000 	 1.2109 	 3.5563 	 -3.8503 	 0.0000 	 -0.4116 	 1.7811 	 0.0041 
33.0000 	 0.2062 	 5.2297 	 10.9062 	 0.0000 	 6.9415 	 2.2592 	 673.5967 	 33.0000 	 0.4718 	 1.2872 	 -1.4496 	 0.0000 	 2.5535 	 5.2500 	 0.0000 
28.0000 	 0.0060 	 3.2643 	 10.9064 	 0.0000 	 4.6563 	 2.2591 	 673.5968 	 28.0000 	 1.2329 	 3.2105 	 -2.5619 	 0.0000 	 -0.8018 	 5.1252 	 0.0000 
29.0000 	 0.0142 	 17.6767 	 10.9064 	 0.0000 	 0.7989 	 2.2595 	 673.5994 	 29.0000 	 2.9593 	 0.3414 	 3.2421 	 0.0000 	 -1.6980 	 9.3356 	 0.0002 
32.0000 	 5.9999 	 3.3033 	 9.3033 	 0.0000 	 4.9516 	 1.2667 	 669.4071 	 32.0000 	 2.8212 	 1.3422 	 9.0502 	 0.0000 	 -2.4872 	 1.7935 	 0.0080 
30.0000 	 0.0495 	 25.1270 	 11.0347 	 0.0000 	 0.0295 	 2.2356 	 665.3657 	 30.0000 	 0.9797 	 7.6216 	 -6.4411 	 0.0000 	 1.1357 	 2.1897 	 0.4270 
25.0000 	 0.1489 	 5.7839 	 10.9061 	 0.0000 	 9.4948 	 2.2594 	 673.5968 	 25.0000 	 2.3611 	 8.9283 	 -7.2743 	 0.0000 	 -1.7556 	 9.2330 	 0.0000 
24.0000 	 0.0033 	 7.2415 	 10.9064 	 0.0000 	 -1.2995 	 2.2589 	 673.5968 	 24.0000 	 1.8111 	 9.9475 	 -7.0767 	 0.0000 	 2.4522 	 6.5776 	 0.0000 
30.0000 	 0.0130 	 5.8715 	 10.9061 	 0.0000 	 0.1083 	 2.2579 	 673.5968 	 30.0000 	 0.7441 	 3.7285 	 9.5802 	 0.0000 	 -1.0294 	 5.0866 	 0.0000 
31.0000 	 0.6723 	 0.6118 	 10.8996 	 0.0000 	 -0.1205 	 2.2557 	 673.6003 	 31.0000 	 2.4375 	 0.0688 	 -7.8604 	 0.0000 	 -2.3561 	 1.2735 	 0.0000 
26.0000 	 0.4569 	 2.8916 	 10.9101 	 0.0000 	 -2.3488 	 2.2545 	 673.5978 	 26.0000 	 1.9007 	 8.6753 	 6.2004 	 0.0000 	 1.4867 	 6.0348 	 0.0000 
23.0000 	 0.0028 	 3.6368 	 10.9070 	 0.0000 	 -4.6961 	 2.2549 	 673.5981 	 23.0000 	 1.9822 	 8.0561 	 -0.5402 	 0.0000 	 0.0707 	 8.0458 	 0.0004 
30.0000 	 0.0531 	 52.8261 	 10.9066 	 0.0000 	 -9.6215 	 2.2587 	 673.5967 	 30.0000 	 0.8470 	 4.0326 	 2.7590 	 0.0000 	 -0.3285 	 3.8634 	 0.0000 
25.0000 	 0.4319 	 0.0000 	 10.9117 	 0.0000 	 5.3133 	 2.2574 	 673.5841 	 25.0000 	 0.7237 	 0.8364 	 6.3140 	 0.0000 	 0.8717 	 1.8944 	 0.0106 
23.0000 	 0.0405 	 14.0112 	 10.9088 	 0.0000 	 3.6508 	 2.2607 	 673.5985 	 23.0000 	 0.4266 	 6.3548 	 -1.7608 	 0.0000 	 0.6125 	 6.0032 	 0.0014 
26.0000 	 0.0033 	 55.9592 	 10.8873 	 0.0000 	 -9.9665 	 2.2749 	 673.6197 	 26.0000 	 2.8364 	 4.6035 	 0.3514 	 0.0000 	 0.1776 	 7.0956 	 0.0000 
33.0000 	 0.0719 	 2.5953 	 10.9007 	 0.0000 	 1.3530 	 2.2542 	 673.3996 	 33.0000 	 2.5140 	 3.0492 	 9.0134 	 0.0000 	 -0.4237 	 3.4775 	 0.0059 
35.0000 	 0.0075 	 12.5418 	 10.9137 	 0.0000 	 2.7576 	 2.2583 	 673.5983 	 35.0000 	 1.0860 	 8.8966 	 5.1992 	 0.0000 	 -1.0791 	 4.7584 	 0.0004 
24.0000 	 2.2551 	 22.7141 	 14.5786 	 0.0000 	 10.0000 	 1.2732 	 663.8920 	 24.0000 	 0.7096 	 9.7315 	 6.6192 	 0.0000 	 2.6165 	 5.0947 	 0.0034 
26.0000 	 0.2810 	 0.0018 	 10.9074 	 0.0000 	 6.6977 	 2.2590 	 673.5968 	 26.0000 	 0.6235 	 5.7444 	 2.2338 	 0.0000 	 0.0488 	 3.1101 	 0.0000 
26.0000 	 0.1784 	 9.8810 	 10.9052 	 0.0000 	 6.3082 	 2.2522 	 672.7180 	 26.0000 	 0.6749 	 3.4156 	 -6.3138 	 0.0000 	 -2.9634 	 4.8965 	 0.0011 
28.0000 	 0.0028 	 3.1016 	 10.9048 	 0.0000 	 -6.7675 	 2.2594 	 673.5968 	 28.0000 	 2.2762 	 2.4341 	 -3.8239 	 0.0000 	 -1.5030 	 3.1006 	 0.0000 
32.0000 	 0.1265 	 0.2037 	 10.9051 	 0.0000 	 6.8016 	 2.2584 	 673.5969 	 32.0000 	 1.7644 	 5.5747 	 -9.5463 	 0.0000 	 -1.3538 	 6.1687 	 0.0000 
35.0000 	 2.7586 	 0.0000 	 12.3278 	 0.0000 	 7.2577 	 1.2805 	 663.8489 	 35.0000 	 2.4011 	 6.5673 	 -3.5632 	 0.0000 	 -1.9463 	 6.5549 	 0.0039 
24.0000 	 0.0123 	 73.0273 	 10.9073 	 0.0000 	 -9.5761 	 2.2590 	 673.5970 	 24.0000 	 2.8948 	 2.8920 	 5.8007 	 0.0000 	 -1.1339 	 8.7448 	 0.0000 
26.0000 	 0.0188 	 2.2127 	 10.9009 	 0.0000 	 -3.4208 	 2.2581 	 673.5978 	 26.0000 	 2.9617 	 8.2429 	 8.0579 	 0.0000 	 2.8702 	 5.7282 	 0.0000 
27.0000 	 0.0025 	 0.0000 	 10.9054 	 0.0000 	 -8.0177 	 2.2607 	 673.5971 	 27.0000 	 1.1344 	 4.2658 	 -8.4299 	 0.0000 	 -1.9581 	 4.4808 	 0.0000 
19.0000 	 0.0026 	 21.8334 	 10.9063 	 0.0000 	 -1.2186 	 2.2594 	 673.5968 	 19.0000 	 1.0998 	 0.0984 	 -3.2495 	 0.0000 	 2.2060 	 9.7836 	 0.0000 
25.0000 	 0.1243 	 8.2602 	 10.9253 	 0.0000 	 -2.6364 	 2.2504 	 673.6107 	 25.0000 	 1.8516 	 5.8914 	 4.5958 	 0.0000 	 2.6608 	 2.0540 	 0.0009 
30.0000 	 0.0036 	 10.4546 	 10.9062 	 0.0000 	 -2.1977 	 2.2589 	 673.5967 	 30.0000 	 0.9410 	 5.8938 	 -1.1019 	 0.0000 	 0.5565 	 2.1481 	 0.0000 
30.0000 	 0.0270 	 71.7956 	 10.9103 	 0.0000 	 6.4690 	 2.2503 	 673.6012 	 30.0000 	 0.1479 	 7.7280 	 -9.5402 	 0.0000 	 -2.7328 	 5.9835 	 0.0000 
31.0000 	 0.7015 	 13.2706 	 10.9331 	 0.0000 	 7.9802 	 2.2528 	 673.5720 	 31.0000 	 1.0619 	 9.4226 	 6.0901 	 0.0000 	 2.3920 	 3.9257 	 0.0003 
31.0000 	 0.0192 	 60.3699 	 10.9058 	 0.0000 	 -9.7178 	 2.2583 	 673.5942 	 31.0000 	 1.2018 	 8.7655 	 2.5376 	 0.0000 	 -2.4468 	 4.0473 	 0.0000 
21.0000 	 0.0042 	 3.5793 	 10.9056 	 0.0000 	 7.7361 	 2.2585 	 673.5968 	 21.0000 	 0.7610 	 8.0617 	 1.8375 	 0.0000 	 -2.9797 	 8.1552 	 0.0000 
21.0000 	 2.2180 	 19.9503 	 13.0445 	 0.0000 	 10.0000 	 2.2961 	 676.3922 	 21.0000 	 1.8541 	 0.2826 	 -1.3776 	 0.0000 	 2.1841 	 6.7400 	 0.0035 
29.0000 	 0.0064 	 0.0849 	 10.9071 	 0.0000 	 5.8845 	 2.2597 	 673.5968 	 29.0000 	 1.8732 	 5.1767 	 -3.5491 	 0.0000 	 -2.4888 	 9.5437 	 0.0000 
28.0000 	 0.0226 	 10.7049 	 10.9067 	 0.0000 	 -4.4573 	 2.2584 	 673.5967 	 28.0000 	 1.8814 	 2.4701 	 4.7306 	 0.0000 	 -0.3336 	 6.8748 	 0.0000 
23.0000 	 0.0317 	 10.0402 	 10.9106 	 0.0000 	 9.9904 	 2.2585 	 673.5972 	 23.0000 	 1.3980 	 7.9452 	 -2.1620 	 0.0000 	 -2.5384 	 1.7131 	 0.0002 
19.0000 	 0.1355 	 9.3932 	 10.9063 	 0.0000 	 -0.7878 	 2.2593 	 673.5968 	 19.0000 	 0.6051 	 2.8128 	 -6.2056 	 0.0000 	 -1.4308 	 0.4217 	 0.0000 
22.0000 	 0.0350 	 0.5219 	 10.9063 	 0.0000 	 -2.2437 	 2.2593 	 673.5968 	 22.0000 	 2.9763 	 4.0309 	 -6.4307 	 0.0000 	 -0.2086 	 6.5504 	 0.0000 
21.0000 	 0.0183 	 6.3837 	 10.9063 	 0.0000 	 -0.9800 	 2.2591 	 673.5968 	 21.0000 	 1.0372 	 5.4456 	 -2.7911 	 0.0000 	 -1.2139 	 4.9591 	 0.0000 
29.0000 	 0.0799 	 48.6832 	 10.9060 	 0.0000 	 -4.2688 	 2.2592 	 673.5968 	 29.0000 	 0.5716 	 4.2618 	 9.3415 	 0.0000 	 -1.5334 	 0.2416 	 0.0000 
23.0000 	 0.0773 	 6.6504 	 10.9204 	 0.0000 	 -6.8232 	 2.3279 	 660.8577 	 23.0000 	 0.9482 	 2.7870 	 6.3105 	 0.0000 	 -0.8541 	 8.0639 	 0.0049 
24.0000 	 0.0063 	 10.8827 	 10.9076 	 0.0000 	 9.9595 	 2.2596 	 673.5969 	 24.0000 	 0.1856 	 5.5400 	 -8.0798 	 0.0000 	 -1.2156 	 5.7662 	 0.0000 
32.0000 	 2.6493 	 0.0000 	 12.3329 	 0.0000 	 -10.0000 	 1.2785 	 663.8166 	 32.0000 	 1.7343 	 3.5729 	 -6.4593 	 0.0000 	 1.3108 	 0.0446 	 0.0038 
21.0000 	 0.0103 	 8.5254 	 10.8984 	 0.0000 	 9.7705 	 2.2607 	 673.5899 	 21.0000 	 1.3026 	 4.9451 	 -3.4937 	 0.0000 	 1.0902 	 0.7787 	 0.0000 
21.0000 	 0.1424 	 0.0000 	 10.9140 	 0.0000 	 3.7537 	 2.2665 	 673.5469 	 21.0000 	 1.4920 	 5.8438 	 -0.4392 	 0.0000 	 1.1073 	 0.0592 	 0.0179 
26.0000 	 0.0748 	 0.2051 	 10.9546 	 0.0000 	 5.9912 	 2.2876 	 673.6230 	 26.0000 	 1.4970 	 2.6535 	 9.8982 	 0.0000 	 -1.6384 	 6.2375 	 0.0573 
16.0000 	 0.0025 	 64.5093 	 10.9070 	 0.0000 	 -3.6547 	 2.2591 	 673.5968 	 16.0000 	 2.0126 	 5.3583 	 9.1990 	 0.0000 	 -2.8487 	 0.2251 	 0.0000 
22.0000 	 0.0736 	 4.8416 	 10.9043 	 0.0000 	 9.2948 	 2.2631 	 673.5976 	 22.0000 	 1.5776 	 9.4012 	 -3.1451 	 0.0000 	 0.0339 	 1.0251 	 0.0000 
21.0000 	 0.0036 	 12.3547 	 10.9027 	 0.0000 	 6.9025 	 2.2595 	 673.5957 	 21.0000 	 1.4422 	 0.8648 	 8.1279 	 0.0000 	 -1.3639 	 8.6623 	 0.0011 
20.0000 	 0.0032 	 36.8561 	 10.9064 	 0.0000 	 -8.9361 	 2.2589 	 673.5968 	 20.0000 	 1.3589 	 0.4409 	 -5.0580 	 0.0000 	 1.9323 	 4.9552 	 0.0000 
16.0000 	 0.0291 	 3.0610 	 10.9066 	 0.0000 	 -5.8844 	 2.2591 	 673.5968 	 16.0000 	 1.7119 	 8.9747 	 4.8816 	 0.0000 	 0.2914 	 8.3840 	 0.0000 
18.0000 	 0.0044 	 4.9826 	 10.9069 	 0.0000 	 0.4564 	 2.2580 	 673.5969 	 18.0000 	 1.0020 	 5.8147 	 -2.0687 	 0.0000 	 2.4548 	 1.4055 	 0.0000 
27.0000 	 0.3259 	 21.4108 	 11.0419 	 0.0000 	 9.9999 	 2.2546 	 673.5727 	 27.0000 	 1.6497 	 6.3502 	 -5.6770 	 0.0000 	 -1.2343 	 0.5060 	 0.2082 
19.0000 	 0.0274 	 9.1344 	 10.9066 	 0.0000 	 -6.2397 	 2.2595 	 673.5908 	 19.0000 	 0.3559 	 8.1609 	 3.2868 	 0.0000 	 -1.3960 	 1.0645 	 0.0000 
30.0000 	 0.0411 	 2.7772 	 10.9108 	 0.0000 	 4.9225 	 2.2626 	 673.5979 	 30.0000 	 2.2897 	 6.1004 	 -1.4449 	 0.0000 	 -1.0507 	 1.2144 	 0.0000 
28.0000 	 0.0167 	 0.0278 	 10.9085 	 0.0000 	 -8.6522 	 2.2593 	 673.5969 	 28.0000 	 1.2440 	 8.8993 	 5.3591 	 0.0000 	 1.9258 	 0.9739 	 0.0000 
22.0000 	 2.0859 	 0.0000 	 12.3325 	 0.0000 	 -8.2145 	 1.2602 	 663.6568 	 22.0000 	 2.6930 	 0.8389 	 1.1388 	 0.0000 	 1.2776 	 9.6551 	 0.0030 
30.0000 	 0.3152 	 0.1077 	 10.8868 	 0.0000 	 -9.9811 	 2.2470 	 673.5535 	 30.0000 	 0.6871 	 0.3214 	 9.0886 	 0.0000 	 -0.9368 	 3.7299 	 0.0076 
20.0000 	 0.0029 	 16.2068 	 10.9024 	 0.0000 	 8.7999 	 2.2546 	 673.5982 	 20.0000 	 1.9277 	 8.7755 	 8.1015 	 0.0000 	 1.1238 	 7.2550 	 0.0000 
29.0000 	 0.0958 	 9.4811 	 10.9065 	 0.0000 	 8.2804 	 2.2592 	 673.5968 	 29.0000 	 1.5349 	 8.5635 	 7.3827 	 0.0000 	 1.0913 	 6.1141 	 0.0000 
13.0000 	 0.0025 	 11.1447 	 10.9060 	 0.0000 	 -9.6990 	 2.2591 	 673.5968 	 13.0000 	 1.5427 	 4.0634 	 0.4710 	 0.0000 	 -1.5744 	 8.2698 	 0.0000 
31.0000 	 2.5998 	 0.0000 	 12.3276 	 0.0000 	 -3.3919 	 1.2855 	 663.8002 	 31.0000 	 0.2218 	 7.8568 	 -7.1649 	 0.0000 	 0.1259 	 9.9232 	 0.0037 
29.0000 	 0.2078 	 0.3125 	 10.9082 	 0.0000 	 -2.4697 	 2.3047 	 673.6978 	 29.0000 	 2.0484 	 1.3988 	 -4.6328 	 0.0000 	 -0.2834 	 3.9683 	 0.0000 
20.0000 	 0.4512 	 13.5492 	 10.9199 	 0.0000 	 3.8581 	 2.2533 	 673.5629 	 20.0000 	 2.5303 	 9.5412 	 0.3161 	 0.0000 	 1.9105 	 7.6508 	 0.0003 
18.0000 	 0.0063 	 16.7994 	 10.9114 	 0.0000 	 -4.7453 	 2.2620 	 673.5978 	 18.0000 	 1.1545 	 1.5194 	 8.7513 	 0.0000 	 -1.5735 	 6.0516 	 0.0000 
19.0000 	 0.0052 	 24.7313 	 10.9035 	 0.0000 	 8.0258 	 2.2605 	 673.5971 	 19.0000 	 2.1484 	 3.1734 	 1.5269 	 0.0000 	 2.5848 	 1.1417 	 0.0000 
20.0000 	 0.0027 	 4.5530 	 10.9061 	 0.0000 	 9.5476 	 2.2593 	 673.5968 	 20.0000 	 1.3155 	 2.8928 	 6.7012 	 0.0000 	 2.5666 	 9.4837 	 0.0000 
28.0000 	 0.0036 	 18.1059 	 10.9067 	 0.0000 	 7.5432 	 2.2592 	 673.5968 	 28.0000 	 2.8131 	 5.2202 	 -8.4812 	 0.0000 	 -0.8328 	 8.2997 	 0.0000 
24.0000 	 0.0195 	 5.9624 	 10.9121 	 0.0000 	 4.5215 	 2.2611 	 673.5978 	 24.0000 	 1.3444 	 2.7486 	 8.4895 	 0.0000 	 1.2988 	 8.3517 	 0.0008 
23.0000 	 0.5026 	 3.2534 	 10.9128 	 0.0000 	 -9.0783 	 2.2511 	 673.3609 	 23.0000 	 0.1961 	 3.5640 	 5.4648 	 0.0000 	 2.9559 	 1.3490 	 0.0038 
29.0000 	 6.0000 	 1.3922 	 8.8697 	 0.0000 	 6.2883 	 1.2503 	 669.2459 	 29.0000 	 1.2269 	 7.4719 	 -6.1233 	 0.0000 	 2.0859 	 7.5763 	 0.0142 
25.0000 	 0.2971 	 4.7658 	 10.9009 	 0.0000 	 -6.7158 	 2.2579 	 673.5970 	 25.0000 	 2.6633 	 0.0094 	 0.1961 	 0.0000 	 1.5190 	 8.8566 	 0.0005 
17.0000 	 0.0236 	 1.5489 	 10.9178 	 0.0000 	 1.8576 	 2.2619 	 673.6006 	 17.0000 	 1.3656 	 1.1725 	 -8.2387 	 0.0000 	 1.6286 	 1.5503 	 0.0000 
20.0000 	 0.0042 	 1.5987 	 10.8981 	 0.0000 	 -1.8360 	 2.2422 	 673.6046 	 20.0000 	 1.1791 	 1.8367 	 9.8124 	 0.0000 	 1.9655 	 4.4305 	 0.0000 
18.0000 	 0.0043 	 0.0000 	 10.9062 	 0.0000 	 3.2711 	 2.2591 	 673.5968 	 18.0000 	 1.8002 	 1.2188 	 -8.2217 	 0.0000 	 -0.1434 	 5.2895 	 0.0000 
15.0000 	 0.1923 	 0.0000 	 10.9668 	 0.0000 	 -0.0791 	 2.3096 	 672.9765 	 15.0000 	 2.8626 	 9.0636 	 -4.8292 	 0.0000 	 0.8915 	 1.0731 	 0.1556 
21.0000 	 0.1816 	 15.5249 	 10.9058 	 0.0000 	 2.4763 	 2.2620 	 673.5852 	 21.0000 	 2.1496 	 0.4861 	 6.9662 	 0.0000 	 -0.9925 	 5.1844 	 0.0000 
16.0000 	 0.3260 	 3.2711 	 10.9155 	 0.0000 	 8.6385 	 2.2573 	 673.5949 	 16.0000 	 2.5768 	 7.0090 	 8.6511 	 0.0000 	 1.4452 	 9.9265 	 0.0000 
23.0000 	 0.0157 	 0.3336 	 10.9035 	 0.0000 	 9.8184 	 2.2577 	 673.5971 	 23.0000 	 0.9174 	 6.3090 	 0.2812 	 0.0000 	 -0.0468 	 3.2665 	 0.0000 
15.0000 	 0.0168 	 4.4541 	 10.9065 	 0.0000 	 6.5092 	 2.2602 	 673.5968 	 15.0000 	 0.1275 	 8.4789 	 -8.2676 	 0.0000 	 -2.3202 	 7.6673 	 0.0000 
26.0000 	 0.0025 	 99.6875 	 10.9039 	 0.0000 	 9.8746 	 2.2634 	 673.5979 	 26.0000 	 2.7683 	 7.2979 	 8.1960 	 0.0000 	 -0.1579 	 1.9222 	 0.0000 
25.0000 	 0.5892 	 24.3937 	 10.9441 	 0.0000 	 8.2691 	 2.2402 	 673.5414 	 25.0000 	 2.1366 	 5.2784 	 -6.6706 	 0.0000 	 1.5893 	 6.4806 	 0.0006 
15.0000 	 0.0026 	 47.3909 	 10.9059 	 0.0000 	 9.9681 	 2.2598 	 673.5968 	 15.0000 	 0.4527 	 0.9666 	 5.3877 	 0.0000 	 -0.1802 	 1.2164 	 0.0000 
16.0000 	 0.0611 	 6.5056 	 10.9071 	 0.0000 	 -2.2958 	 2.2592 	 673.5968 	 16.0000 	 2.1248 	 7.4296 	 -1.8341 	 0.0000 	 -0.2103 	 6.6837 	 0.0000 
23.0000 	 0.0037 	 1.0525 	 10.9066 	 0.0000 	 -0.8442 	 2.2593 	 673.5968 	 23.0000 	 1.9846 	 9.9713 	 0.1333 	 0.0000 	 -1.8732 	 0.4879 	 0.0000 
28.0000 	 0.0376 	 24.0295 	 10.9283 	 0.0000 	 -6.3386 	 2.2653 	 673.6107 	 28.0000 	 2.4444 	 2.3592 	 5.9960 	 0.0000 	 -2.7580 	 2.3879 	 0.0016 
27.0000 	 0.6096 	 19.7695 	 10.9280 	 0.0000 	 9.7067 	 2.2558 	 673.5537 	 27.0000 	 2.6324 	 3.8563 	 -6.4882 	 0.0000 	 -0.2311 	 1.1873 	 0.0005 
12.0000 	 0.0037 	 0.0070 	 10.9062 	 0.0000 	 -6.5752 	 2.2587 	 673.5968 	 12.0000 	 1.6078 	 1.4634 	 -7.7862 	 0.0000 	 -2.4784 	 3.2920 	 0.0000 
25.0000 	 0.0037 	 2.9028 	 10.9058 	 0.0000 	 -5.7253 	 2.2583 	 673.5968 	 25.0000 	 1.6092 	 1.1760 	 -2.6002 	 0.0000 	 1.4240 	 2.4523 	 0.0000 
20.0000 	 1.9428 	 0.0000 	 12.3352 	 0.0000 	 -9.2031 	 1.2817 	 663.5726 	 20.0000 	 2.9497 	 7.5964 	 -6.6228 	 0.0000 	 -0.6740 	 8.2028 	 0.0034 
13.0000 	 0.1263 	 0.1012 	 10.9112 	 0.0000 	 -0.7066 	 2.2613 	 673.5976 	 13.0000 	 0.5078 	 6.2733 	 -2.3786 	 0.0000 	 -1.8611 	 7.8196 	 0.0000 
10.0000 	 5.9904 	 0.3685 	 8.7012 	 0.0000 	 6.8092 	 1.2452 	 668.2269 	 10.0000 	 2.9179 	 4.2762 	 -1.1288 	 0.0000 	 0.2318 	 6.2384 	 0.0097 
17.0000 	 0.0771 	 8.7714 	 10.9077 	 0.0000 	 -8.0435 	 2.2554 	 673.5977 	 17.0000 	 2.1836 	 2.7666 	 6.9250 	 0.0000 	 2.9460 	 4.9623 	 0.0000 
15.0000 	 0.0662 	 2.8699 	 10.9067 	 0.0000 	 9.8702 	 2.2592 	 673.5967 	 15.0000 	 2.7180 	 4.0894 	 -1.2347 	 0.0000 	 -2.3806 	 5.8266 	 0.0000 
29.0000 	 5.9868 	 7.4902 	 12.5293 	 0.0000 	 8.2969 	 2.1777 	 677.9717 	 29.0000 	 0.0046 	 8.9263 	 -7.3065 	 0.0000 	 -1.2588 	 1.4297 	 0.0042 
14.0000 	 0.0048 	 4.8833 	 10.9068 	 0.0000 	 -1.4639 	 2.2587 	 673.5968 	 14.0000 	 1.7162 	 4.1268 	 -7.1705 	 0.0000 	 1.0702 	 7.3193 	 0.0000 
13.0000 	 0.0028 	 13.6619 	 10.9067 	 0.0000 	 -8.1988 	 2.2594 	 673.5968 	 13.0000 	 2.7350 	 3.5304 	 -2.6920 	 0.0000 	 -0.0893 	 3.1370 	 0.0000 
22.0000 	 0.0025 	 0.0000 	 10.8777 	 0.0000 	 -8.0037 	 2.2459 	 673.5549 	 22.0000 	 1.6600 	 6.4307 	 0.4440 	 0.0000 	 1.0632 	 8.9262 	 0.0000 
24.0000 	 0.0264 	 10.4083 	 10.9076 	 0.0000 	 7.4202 	 2.2586 	 673.5968 	 24.0000 	 0.1342 	 4.3432 	 -1.5212 	 0.0000 	 2.7990 	 2.6946 	 0.0000 
20.0000 	 0.0643 	 0.1062 	 10.8716 	 0.0000 	 -2.0947 	 2.2363 	 670.1215 	 20.0000 	 2.7913 	 4.5176 	 -4.4517 	 0.0000 	 -1.2603 	 4.7253 	 0.0482 
29.0000 	 3.5036 	 16.4124 	 14.5630 	 0.0000 	 6.2673 	 1.6309 	 657.4220 	 29.0000 	 1.5492 	 7.7171 	 -1.7245 	 0.0000 	 1.6442 	 3.2237 	 1.4399 
17.0000 	 0.1802 	 5.4585 	 10.9058 	 0.0000 	 -2.7210 	 2.2594 	 673.5967 	 17.0000 	 2.9108 	 8.6421 	 4.4555 	 0.0000 	 -1.2126 	 0.7153 	 0.0000 
11.0000 	 0.0029 	 4.9401 	 10.9049 	 0.0000 	 -2.4436 	 2.2615 	 673.5972 	 11.0000 	 1.5513 	 0.2583 	 -6.5111 	 0.0000 	 0.3919 	 2.1086 	 0.0000 
19.0000 	 0.0814 	 4.1711 	 10.9068 	 0.0000 	 -2.7858 	 2.2588 	 673.5968 	 19.0000 	 2.8194 	 9.2821 	 0.5939 	 0.0000 	 2.8505 	 8.3232 	 0.0000 
14.0000 	 0.0060 	 24.0142 	 10.9061 	 0.0000 	 -2.7677 	 2.2587 	 673.5968 	 14.0000 	 0.6676 	 2.9386 	 -4.1017 	 0.0000 	 2.6531 	 3.3266 	 0.0000 
13.0000 	 0.0036 	 15.0682 	 10.9071 	 0.0000 	 3.9026 	 2.2601 	 673.5968 	 13.0000 	 0.6429 	 0.9827 	 4.6189 	 0.0000 	 -2.3957 	 7.3069 	 0.0000 
22.0000 	 0.0036 	 0.4132 	 10.8972 	 0.0000 	 9.3122 	 2.2635 	 673.6005 	 22.0000 	 0.4334 	 8.6195 	 5.6255 	 0.0000 	 1.2832 	 8.0749 	 0.0011 
7.0000 	 0.0025 	 7.0143 	 10.9066 	 0.0000 	 9.9950 	 2.2592 	 673.5968 	 7.0000 	 1.6346 	 9.7822 	 6.2358 	 0.0000 	 0.7681 	 3.2321 	 0.0000 
19.0000 	 0.1700 	 39.6765 	 10.8740 	 0.0000 	 -8.0713 	 2.2607 	 673.5150 	 19.0000 	 1.8391 	 9.8493 	 1.9874 	 0.0000 	 -0.1204 	 5.6353 	 0.0258 
15.0000 	 0.1331 	 0.0481 	 10.9060 	 0.0000 	 6.6435 	 2.2593 	 673.5968 	 15.0000 	 2.7851 	 4.4480 	 -8.1840 	 0.0000 	 -2.9670 	 3.2799 	 0.0000 
9.0000 	 0.0062 	 34.7529 	 10.9053 	 0.0000 	 5.9391 	 2.2588 	 673.5968 	 9.0000 	 2.4135 	 3.4913 	 9.1926 	 0.0000 	 2.2631 	 5.1644 	 0.0000 
26.0000 	 0.0913 	 0.5718 	 10.9069 	 0.0000 	 -6.7196 	 2.2581 	 673.5969 	 26.0000 	 0.3478 	 7.0799 	 -7.4360 	 0.0000 	 0.4440 	 0.9410 	 0.0000 
10.0000 	 0.0350 	 24.6793 	 10.9065 	 0.0000 	 -8.8902 	 2.2583 	 673.5968 	 10.0000 	 1.8588 	 3.1667 	 9.5356 	 0.0000 	 1.6961 	 0.0791 	 0.0000 
25.0000 	 2.3047 	 6.1341 	 12.9390 	 0.0000 	 10.0000 	 1.2812 	 663.7844 	 25.0000 	 1.7894 	 1.1891 	 8.6170 	 0.0000 	 -1.9119 	 4.0179 	 0.0034 
25.0000 	 0.0182 	 35.1099 	 10.9082 	 0.0000 	 9.9998 	 2.2681 	 673.6007 	 25.0000 	 2.4067 	 1.7670 	 7.6940 	 0.0000 	 -2.7662 	 6.8235 	 0.0000 
16.0000 	 0.0055 	 3.4574 	 10.9064 	 0.0000 	 5.8432 	 2.2590 	 673.5968 	 16.0000 	 0.5002 	 2.9203 	 3.5917 	 0.0000 	 2.9902 	 7.1966 	 0.0000 
11.0000 	 0.0322 	 32.6318 	 11.0059 	 0.0000 	 -9.9990 	 2.4609 	 672.8895 	 11.0000 	 2.0137 	 5.8997 	 -1.1776 	 0.0000 	 2.3333 	 3.3737 	 0.0404 
18.0000 	 0.0652 	 1.1705 	 10.9057 	 0.0000 	 -0.5600 	 2.2594 	 673.5968 	 18.0000 	 2.4829 	 9.2063 	 -0.1760 	 0.0000 	 -0.1151 	 8.6466 	 0.0000 
7.0000 	 0.0043 	 4.0695 	 10.9071 	 0.0000 	 -9.7474 	 2.2601 	 673.5968 	 7.0000 	 0.9295 	 1.2772 	 -6.5695 	 0.0000 	 2.1928 	 5.4681 	 0.0000 
8.0000 	 0.0033 	 13.0115 	 10.9058 	 0.0000 	 2.3818 	 2.2595 	 673.5941 	 8.0000 	 1.0212 	 4.4839 	 6.0217 	 0.0000 	 -1.4543 	 7.0469 	 0.0000 
20.0000 	 0.0025 	 13.9478 	 10.9068 	 0.0000 	 0.7240 	 2.2595 	 673.5967 	 20.0000 	 0.9989 	 0.3922 	 -8.4812 	 0.0000 	 -2.6589 	 6.1618 	 0.0000 
25.0000 	 0.0602 	 38.3703 	 10.9057 	 0.0000 	 0.4242 	 2.2635 	 673.5136 	 25.0000 	 2.9860 	 9.4344 	 7.7091 	 0.0000 	 1.9362 	 4.9643 	 0.0000 
16.0000 	 0.1198 	 15.8577 	 10.9063 	 0.0000 	 1.4801 	 2.2590 	 673.5967 	 16.0000 	 2.4672 	 8.5084 	 5.5595 	 0.0000 	 1.3057 	 5.8133 	 0.0000 
6.0000 	 0.3898 	 24.4810 	 13.1539 	 0.0000 	 4.1102 	 1.1226 	 665.0853 	 6.0000 	 2.7362 	 4.0180 	 5.9888 	 0.0000 	 -0.6892 	 9.6802 	 0.0066 
16.0000 	 0.0906 	 70.2252 	 10.9045 	 0.0000 	 9.4384 	 2.2736 	 673.5160 	 16.0000 	 2.3242 	 8.8382 	 -4.9226 	 0.0000 	 -2.9946 	 9.7154 	 0.0018 
8.0000 	 0.0032 	 6.8022 	 10.9063 	 0.0000 	 -9.1044 	 2.2594 	 673.5967 	 8.0000 	 2.0868 	 6.2061 	 6.6602 	 0.0000 	 1.8689 	 9.4036 	 0.0000 
1.0000 	 0.0025 	 9.3577 	 11.6039 	 0.0000 	 8.7211 	 2.2118 	 672.5501 	 1.0000 	 1.6690 	 5.4551 	 9.0038 	 0.0000 	 1.2017 	 8.3861 	 0.0003 
15.0000 	 6.0000 	 0.6752 	 8.7410 	 0.0000 	 8.4983 	 1.2567 	 668.5078 	 15.0000 	 2.0576 	 0.1720 	 7.2900 	 0.0000 	 0.3687 	 1.9531 	 0.0077 
22.0000 	 0.0042 	 9.6949 	 10.9064 	 0.0000 	 4.9800 	 2.2592 	 673.5968 	 22.0000 	 2.3363 	 4.5979 	 0.9976 	 0.0000 	 1.8830 	 0.5388 	 0.0000 
23.0000 	 0.0606 	 7.0003 	 10.9070 	 0.0000 	 2.3359 	 2.2593 	 673.5968 	 23.0000 	 1.7491 	 2.3465 	 -1.4663 	 0.0000 	 2.5514 	 1.1375 	 0.0000 
13.0000 	 0.0076 	 44.2995 	 10.9063 	 0.0000 	 7.7157 	 2.2590 	 673.5966 	 13.0000 	 2.7045 	 4.7794 	 -2.3928 	 0.0000 	 0.5598 	 6.8722 	 0.0000 
21.0000 	 0.0032 	 48.6426 	 10.9072 	 0.0000 	 9.9805 	 2.2581 	 673.5968 	 21.0000 	 2.7945 	 9.2654 	 4.4369 	 0.0000 	 -2.2338 	 6.8144 	 0.0000 
7.0000 	 0.9604 	 6.2037 	 13.2328 	 0.0000 	 6.5979 	 1.2607 	 663.4825 	 7.0000 	 2.0696 	 1.1371 	 4.4435 	 0.0000 	 -1.0063 	 0.3677 	 0.0037 
22.0000 	 0.0173 	 33.2391 	 10.9076 	 0.0000 	 7.2042 	 2.2193 	 673.3906 	 22.0000 	 2.5963 	 7.3472 	 -8.6893 	 0.0000 	 0.3493 	 4.6192 	 0.0000 
5.0000 	 0.0026 	 0.3144 	 10.9063 	 0.0000 	 -2.5419 	 2.2464 	 673.6045 	 5.0000 	 0.8752 	 1.6377 	 -1.7684 	 0.0000 	 -1.6884 	 0.5504 	 0.0037 
14.0000 	 1.5187 	 41.5829 	 16.5833 	 0.0000 	 9.6711 	 1.2247 	 663.0271 	 14.0000 	 0.3091 	 5.4339 	 4.3876 	 0.0000 	 -1.3927 	 6.8196 	 0.0060 
6.0000 	 0.0881 	 17.4198 	 10.9215 	 0.0000 	 -8.8241 	 2.2511 	 673.3114 	 6.0000 	 0.0732 	 9.1780 	 -0.6208 	 0.0000 	 1.9035 	 7.1183 	 0.0036 
17.0000 	 0.0441 	 4.7366 	 10.9053 	 0.0000 	 -8.7083 	 2.2587 	 673.5968 	 17.0000 	 1.0812 	 7.0104 	 -5.6840 	 0.0000 	 -2.3989 	 4.5089 	 0.0000 
13.0000 	 0.0580 	 17.5326 	 10.9053 	 0.0000 	 2.1286 	 2.2616 	 673.5971 	 13.0000 	 0.0429 	 5.0037 	 6.1171 	 0.0000 	 2.1203 	 7.1939 	 0.0000 
4.0000 	 0.6212 	 15.3587 	 13.8451 	 0.0000 	 10.0000 	 1.2272 	 663.7266 	 4.0000 	 2.9649 	 4.9987 	 5.5569 	 0.0000 	 2.9832 	 7.5859 	 0.0212 
19.0000 	 0.0033 	 2.0410 	 10.9058 	 0.0000 	 2.9165 	 2.2595 	 673.5968 	 19.0000 	 1.2806 	 9.9112 	 -9.3551 	 0.0000 	 1.9804 	 5.1619 	 0.0000 
13.0000 	 0.0063 	 19.0167 	 10.9041 	 0.0000 	 3.3981 	 2.2601 	 673.5970 	 13.0000 	 0.3633 	 0.7701 	 5.7758 	 0.0000 	 0.2690 	 3.2620 	 0.0000 
3.0000 	 0.0560 	 15.8741 	 11.2274 	 0.0000 	 7.6117 	 2.1963 	 672.5165 	 3.0000 	 0.7485 	 4.8753 	 -7.4982 	 0.0000 	 2.2595 	 9.3259 	 0.0001 
22.0000 	 0.0243 	 16.5363 	 10.9064 	 0.0000 	 0.1650 	 2.2586 	 673.5968 	 22.0000 	 1.3227 	 2.8331 	 7.0010 	 0.0000 	 0.1358 	 3.9677 	 0.0000 
18.0000 	 0.4618 	 0.5582 	 10.9153 	 0.0000 	 -9.7623 	 2.2584 	 673.3411 	 18.0000 	 1.3988 	 5.8918 	 -3.9700 	 0.0000 	 0.0972 	 0.3014 	 0.0035 
10.0000 	 0.5676 	 40.3256 	 12.9553 	 0.0000 	 7.9268 	 1.1695 	 664.6730 	 10.0000 	 1.9617 	 8.4344 	 1.1655 	 0.0000 	 -2.3787 	 7.0570 	 0.0069 
23.0000 	 2.1779 	 0.0790 	 12.3543 	 0.0000 	 3.7440 	 1.2794 	 663.6642 	 23.0000 	 1.3702 	 4.4730 	 -3.5311 	 0.0000 	 -0.3943 	 3.0285 	 0.0029 
9.0000 	 0.1763 	 28.5458 	 10.9240 	 0.0000 	 -2.3810 	 2.2474 	 673.3346 	 9.0000 	 0.1908 	 7.9829 	 0.5480 	 0.0000 	 -2.8749 	 9.9620 	 0.0064 
14.0000 	 1.5649 	 0.0237 	 12.3428 	 0.0000 	 0.8402 	 1.2698 	 663.4171 	 14.0000 	 0.5417 	 1.1910 	 -4.3379 	 0.0000 	 0.6726 	 5.1367 	 0.0027 
3.0000 	 0.0749 	 10.5509 	 11.2953 	 0.0000 	 6.3307 	 2.2120 	 672.5192 	 3.0000 	 0.8119 	 3.2500 	 -1.4922 	 0.0000 	 1.4883 	 2.8355 	 0.0010 
20.0000 	 0.4196 	 11.9098 	 10.9192 	 0.0000 	 -8.0261 	 2.2486 	 673.4033 	 20.0000 	 1.0761 	 2.9767 	 -4.9008 	 0.0000 	 -1.6462 	 0.6936 	 0.0034 
9.0000 	 0.0239 	 4.9113 	 10.9039 	 0.0000 	 -10.0000 	 2.2582 	 673.5970 	 9.0000 	 1.7932 	 3.1541 	 -6.9440 	 0.0000 	 1.6351 	 1.6177 	 0.0000 
8.0000 	 0.1258 	 89.5703 	 10.8984 	 0.0000 	 1.2041 	 2.2754 	 672.7917 	 8.0000 	 2.3666 	 6.0855 	 -9.7739 	 0.0000 	 -0.4895 	 3.3393 	 0.0160 
19.0000 	 0.0025 	 20.9114 	 10.9064 	 0.0000 	 -9.8046 	 2.2592 	 673.5968 	 19.0000 	 2.7680 	 3.4279 	 -5.3022 	 0.0000 	 -1.1682 	 5.0048 	 0.0000 
7.0000 	 0.0122 	 2.6695 	 10.9062 	 0.0000 	 -0.7406 	 2.2586 	 673.5968 	 7.0000 	 0.2975 	 0.7396 	 3.6186 	 0.0000 	 -1.7120 	 8.4945 	 0.0000 
1.0000 	 4.5426 	 5.3224 	 10.6871 	 0.0000 	 1.8941 	 1.3108 	 666.9405 	 1.0000 	 1.3852 	 3.9719 	 -8.8780 	 0.0000 	 0.7650 	 4.3255 	 0.0609 
14.0000 	 1.5288 	 41.2643 	 16.4165 	 0.0000 	 9.9196 	 1.2414 	 663.0754 	 14.0000 	 2.3157 	 5.5555 	 0.1034 	 0.0000 	 -1.5193 	 6.4132 	 0.0050 
10.0000 	 5.9739 	 23.1524 	 10.9616 	 0.0000 	 10.0000 	 1.1868 	 668.5924 	 10.0000 	 0.9152 	 2.2330 	 3.4608 	 0.0000 	 -1.8603 	 3.3662 	 0.0102 
2.0000 	 0.0035 	 20.2128 	 10.9645 	 0.0000 	 -4.1775 	 2.2315 	 673.0064 	 2.0000 	 1.2631 	 6.3810 	 3.5329 	 0.0000 	 -2.8885 	 4.9776 	 0.0033 
5.0000 	 0.0094 	 8.3131 	 10.9070 	 0.0000 	 -0.3359 	 2.2595 	 673.5968 	 5.0000 	 1.5480 	 9.4755 	 7.7546 	 0.0000 	 -0.6141 	 3.6516 	 0.0000 
17.0000 	 0.0284 	 11.9204 	 10.9074 	 0.0000 	 -8.9826 	 2.2628 	 673.5978 	 17.0000 	 1.7405 	 6.6121 	 -7.1215 	 0.0000 	 -0.1991 	 9.2441 	 0.0005 
4.0000 	 0.6544 	 5.8791 	 15.0439 	 0.0000 	 0.6723 	 1.0624 	 661.9342 	 4.0000 	 2.6363 	 5.9392 	 3.4385 	 0.0000 	 1.5331 	 6.2425 	 0.0111 
4.0000 	 0.0440 	 13.0558 	 10.9285 	 0.0000 	 -3.6293 	 2.2376 	 673.1930 	 4.0000 	 1.9883 	 0.9944 	 -1.8020 	 0.0000 	 1.1946 	 8.9579 	 0.0050 
13.0000 	 0.0031 	 27.6471 	 10.9108 	 0.0000 	 2.4574 	 2.2678 	 673.6010 	 13.0000 	 1.5179 	 0.7132 	 -6.4792 	 0.0000 	 -2.7707 	 1.1751 	 0.0000 
12.0000 	 1.4062 	 5.5995 	 12.9517 	 0.0000 	 8.9440 	 1.2723 	 663.4569 	 12.0000 	 0.9474 	 9.8349 	 8.0788 	 0.0000 	 0.4096 	 0.6747 	 0.0027 
17.0000 	 0.0923 	 39.9426 	 10.9399 	 0.0000 	 -2.0024 	 2.2595 	 673.3743 	 17.0000 	 0.4126 	 7.5779 	 6.2269 	 0.0000 	 1.3190 	 7.8460 	 0.0060 
8.0000 	 1.0686 	 0.2599 	 12.4847 	 0.0000 	 -0.1082 	 1.2643 	 663.3957 	 8.0000 	 2.9408 	 6.0373 	 5.1729 	 0.0000 	 -2.1073 	 5.0925 	 0.0031 
17.0000 	 0.0171 	 0.6542 	 10.9072 	 0.0000 	 7.5701 	 2.2604 	 673.5968 	 17.0000 	 0.8561 	 1.9327 	 3.5387 	 0.0000 	 0.1543 	 4.4562 	 0.0000 
17.0000 	 0.0284 	 23.1653 	 10.9058 	 0.0000 	 -8.9583 	 2.2595 	 673.5968 	 17.0000 	 2.2577 	 6.7885 	 9.4090 	 0.0000 	 2.7410 	 0.3268 	 0.0000 
12.0000 	 0.0031 	 58.0777 	 10.9058 	 0.0000 	 -9.9981 	 2.2589 	 673.5968 	 12.0000 	 1.2854 	 4.6230 	 -1.6614 	 0.0000 	 0.2980 	 7.4570 	 0.0000 
12.0000 	 0.0030 	 1.0198 	 10.9064 	 0.0000 	 -0.7150 	 2.2638 	 673.5979 	 12.0000 	 2.7235 	 2.1482 	 5.2827 	 0.0000 	 -1.8314 	 7.6810 	 0.0000 
15.0000 	 0.4978 	 4.5960 	 10.9771 	 0.0000 	 0.6964 	 2.2347 	 673.5131 	 15.0000 	 2.5553 	 4.7070 	 -1.7264 	 0.0000 	 1.0467 	 6.8364 	 0.0004 
16.0000 	 0.3790 	 9.0433 	 10.9041 	 0.0000 	 -1.4426 	 2.2591 	 673.5412 	 16.0000 	 1.8698 	 4.8559 	 -3.4861 	 0.0000 	 2.3859 	 1.7529 	 0.0000 
2.0000 	 0.0192 	 10.0093 	 11.2303 	 0.0000 	 5.9477 	 2.2025 	 672.5412 	 2.0000 	 0.7887 	 4.0601 	 5.9813 	 0.0000 	 -2.6389 	 0.2981 	 0.0000 
1.0000 	 0.0736 	 40.1825 	 16.2476 	 0.0000 	 9.9999 	 1.2967 	 664.1579 	 1.0000 	 1.4684 	 3.7156 	 8.2793 	 0.0000 	 1.9310 	 4.9360 	 0.0311 
4.0000 	 0.0399 	 6.1469 	 10.8972 	 0.0000 	 0.1564 	 2.2449 	 673.3999 	 4.0000 	 2.4050 	 8.6868 	 3.7670 	 0.0000 	 1.3893 	 0.1027 	 0.0027 
19.0000 	 1.9006 	 0.0000 	 12.3341 	 0.0000 	 -9.3444 	 1.2803 	 663.5422 	 19.0000 	 0.1267 	 4.2475 	 -8.7182 	 0.0000 	 2.9498 	 8.4359 	 0.0026 
9.0000 	 0.0596 	 20.0790 	 10.9065 	 0.0000 	 9.9383 	 2.2592 	 673.5967 	 9.0000 	 0.3623 	 9.5717 	 9.9412 	 0.0000 	 1.4897 	 9.6498 	 0.0000 
17.0000 	 0.0030 	 39.4524 	 10.9065 	 0.0000 	 8.9412 	 2.2594 	 673.5968 	 17.0000 	 1.1984 	 8.8248 	 6.7230 	 0.0000 	 -0.5947 	 8.6539 	 0.0000 
12.0000 	 0.2122 	 4.9306 	 10.9089 	 0.0000 	 9.8178 	 2.2694 	 673.5982 	 12.0000 	 0.5133 	 6.6774 	 8.2388 	 0.0000 	 -1.7108 	 6.6768 	 0.0000 
3.0000 	 0.1084 	 8.3945 	 11.6100 	 0.0000 	 3.2140 	 2.1447 	 672.4231 	 3.0000 	 1.3060 	 6.9575 	 -5.5089 	 0.0000 	 1.8901 	 8.7181 	 0.0009 
7.0000 	 0.0160 	 4.7572 	 10.9052 	 0.0000 	 6.9601 	 2.2521 	 673.5994 	 7.0000 	 1.3535 	 9.2141 	 8.8302 	 0.0000 	 -0.5688 	 1.2567 	 0.0000 
7.0000 	 0.4051 	 42.7487 	 13.0619 	 0.0000 	 8.3321 	 1.1459 	 664.3755 	 7.0000 	 1.7830 	 8.9067 	 3.1940 	 0.0000 	 -1.3124 	 2.9988 	 0.0042 
11.0000 	 0.0041 	 6.5542 	 10.9058 	 0.0000 	 -1.2833 	 2.2581 	 673.5968 	 11.0000 	 2.0417 	 1.4879 	 4.0637 	 0.0000 	 -1.0413 	 0.5780 	 0.0000 
6.0000 	 0.0780 	 9.7522 	 10.8984 	 0.0000 	 -5.6938 	 2.2400 	 673.3413 	 6.0000 	 2.3656 	 1.4700 	 -5.2048 	 0.0000 	 -1.9283 	 4.7036 	 0.0259 
1.0000 	 0.0852 	 0.0000 	 12.3071 	 0.0000 	 8.5192 	 1.2758 	 664.6256 	 1.0000 	 2.8357 	 8.0728 	 -2.2603 	 0.0000 	 -0.8040 	 8.0858 	 0.0264 
11.0000 	 0.0026 	 43.7984 	 10.9074 	 0.0000 	 -1.7810 	 2.2629 	 673.5975 	 11.0000 	 2.0004 	 6.4352 	 5.1168 	 0.0000 	 2.9578 	 5.7014 	 0.0003 
2.0000 	 2.4385 	 1.9810 	 8.9925 	 0.0000 	 6.0050 	 1.2846 	 666.8732 	 2.0000 	 0.8233 	 0.9331 	 -4.5768 	 0.0000 	 0.3195 	 7.1937 	 0.0352 
14.0000 	 0.0070 	 1.2500 	 10.9003 	 0.0000 	 -9.8712 	 2.2610 	 673.5354 	 14.0000 	 1.3910 	 3.7814 	 5.3651 	 0.0000 	 1.2874 	 9.4004 	 0.0126 
11.0000 	 0.0152 	 18.8623 	 10.9064 	 0.0000 	 4.5619 	 2.2589 	 673.5968 	 11.0000 	 1.6224 	 4.8254 	 1.7113 	 0.0000 	 1.3017 	 2.0504 	 0.0000 
13.0000 	 0.0027 	 50.5842 	 10.9087 	 0.0000 	 6.0736 	 2.2580 	 673.5970 	 13.0000 	 1.9627 	 4.6870 	 7.0679 	 0.0000 	 0.8272 	 2.9324 	 0.0000 
11.0000 	 0.0029 	 3.3823 	 10.8990 	 0.0000 	 9.0070 	 2.2510 	 673.6018 	 11.0000 	 1.0914 	 4.1615 	 -8.3343 	 0.0000 	 -0.1179 	 3.0519 	 0.0003 
8.0000 	 0.4954 	 0.6524 	 11.1585 	 0.0000 	 6.6212 	 2.2099 	 673.6206 	 8.0000 	 1.1926 	 1.2241 	 4.2771 	 0.0000 	 -0.1401 	 3.4959 	 0.0010 
11.0000 	 6.0000 	 2.2485 	 8.8949 	 0.0000 	 9.6470 	 1.2680 	 668.2810 	 11.0000 	 0.0155 	 5.1038 	 6.3052 	 0.0000 	 1.0281 	 0.2623 	 0.0101 
1.0000 	 5.9970 	 40.2344 	 12.8052 	 0.0000 	 9.8071 	 1.3025 	 665.6974 	 1.0000 	 1.5769 	 5.7719 	 8.3792 	 0.0000 	 0.9425 	 6.3340 	 0.0494 
12.0000 	 0.0300 	 1.6807 	 10.9070 	 0.0000 	 4.0901 	 2.2590 	 673.5969 	 12.0000 	 0.1191 	 4.6340 	 -5.0565 	 0.0000 	 1.9226 	 0.6410 	 0.0000 
8.0000 	 1.0601 	 7.1025 	 13.0934 	 0.0000 	 9.2012 	 1.2651 	 663.4578 	 8.0000 	 0.7747 	 2.8640 	 0.7391 	 0.0000 	 1.3606 	 4.9337 	 0.0026 
4.0000 	 0.0605 	 2.3228 	 10.9488 	 0.0000 	 3.7580 	 2.2669 	 673.5613 	 4.0000 	 0.0353 	 2.7571 	 -9.2235 	 0.0000 	 -0.2940 	 2.9798 	 0.0001 
5.0000 	 0.0103 	 1.6666 	 10.9061 	 0.0000 	 -1.4778 	 2.2596 	 673.5968 	 5.0000 	 0.8173 	 2.5311 	 6.7402 	 0.0000 	 -0.7132 	 0.2459 	 0.0000 
4.0000 	 0.1420 	 14.5489 	 11.4588 	 0.0000 	 6.0288 	 2.1374 	 672.4161 	 4.0000 	 0.7534 	 2.6301 	 -4.2495 	 0.0000 	 -1.7302 	 0.5453 	 0.0004 
16.0000 	 0.1853 	 8.9978 	 10.8905 	 0.0000 	 -2.5186 	 2.2308 	 672.9504 	 16.0000 	 2.1304 	 5.3078 	 3.1289 	 0.0000 	 -2.7401 	 4.2824 	 0.0208 
6.0000 	 0.0051 	 7.0880 	 10.9065 	 0.0000 	 -3.3443 	 2.2593 	 673.5968 	 6.0000 	 0.7029 	 8.0365 	 -7.6138 	 0.0000 	 -2.3858 	 1.2052 	 0.0000 
3.0000 	 0.0044 	 6.1731 	 10.9302 	 0.0000 	 6.8020 	 2.2839 	 673.6377 	 3.0000 	 2.3398 	 0.1757 	 0.2630 	 0.0000 	 0.8519 	 6.7486 	 0.0000 
10.0000 	 0.0474 	 5.3223 	 10.8997 	 0.0000 	 -2.8630 	 2.2626 	 673.5988 	 10.0000 	 1.5597 	 7.7967 	 6.0410 	 0.0000 	 0.4557 	 7.1794 	 0.0004 
6.0000 	 4.8577 	 0.0202 	 8.6699 	 0.0000 	 -1.5412 	 1.2575 	 667.8785 	 6.0000 	 2.2553 	 0.2208 	 9.5205 	 0.0000 	 -2.6324 	 2.0548 	 0.0120 
6.0000 	 0.0025 	 0.8579 	 10.9303 	 0.0000 	 -10.0000 	 2.2384 	 673.6003 	 6.0000 	 0.5324 	 1.9070 	 6.3105 	 0.0000 	 2.9168 	 9.8976 	 0.1497 
2.0000 	 0.0601 	 5.2292 	 11.9806 	 0.0000 	 0.6095 	 2.1042 	 672.3749 	 2.0000 	 0.0230 	 1.1168 	 -9.5683 	 0.0000 	 0.2224 	 1.2157 	 0.0006 
3.0000 	 0.0213 	 7.4746 	 10.9382 	 0.0000 	 -4.3168 	 2.2434 	 673.1475 	 3.0000 	 2.1066 	 1.6860 	 -6.9273 	 0.0000 	 2.5432 	 8.2899 	 0.0031 
1.0000 	 0.0025 	 2.4187 	 11.5468 	 0.0000 	 -1.8502 	 2.1415 	 672.4461 	 1.0000 	 0.0970 	 6.9520 	 1.0636 	 0.0000 	 1.4418 	 3.4762 	 0.0002 
9.0000 	 0.1719 	 6.0914 	 10.9308 	 0.0000 	 -10.0000 	 2.2827 	 673.4140 	 9.0000 	 2.8262 	 1.5218 	 7.3772 	 0.0000 	 1.3264 	 7.7589 	 0.0075 
6.0000 	 0.8652 	 2.7067 	 12.6203 	 0.0000 	 9.5658 	 1.2630 	 663.6166 	 6.0000 	 0.7138 	 8.0337 	 0.0430 	 0.0000 	 -0.2084 	 7.6741 	 0.0067 
5.0000 	 0.0088 	 44.6488 	 10.9078 	 0.0000 	 -6.5270 	 2.2596 	 673.5962 	 5.0000 	 2.1154 	 1.6279 	 5.3468 	 0.0000 	 -0.8927 	 0.6302 	 0.0002 
1.0000 	 1.2067 	 13.8309 	 13.6812 	 0.0000 	 9.7669 	 1.3432 	 666.0751 	 1.0000 	 1.3818 	 1.3932 	 -3.3887 	 0.0000 	 -0.1480 	 1.1236 	 0.0345 
7.0000 	 0.0143 	 21.1601 	 10.9076 	 0.0000 	 -9.6255 	 2.2596 	 673.5968 	 7.0000 	 2.0437 	 6.5810 	 2.7624 	 0.0000 	 1.0634 	 8.5075 	 0.0000 
11.0000 	 0.2318 	 4.0929 	 10.9091 	 0.0000 	 -9.2279 	 2.2507 	 673.3363 	 11.0000 	 2.1229 	 8.1143 	 6.0940 	 0.0000 	 -1.2396 	 6.1165 	 0.0033 
2.0000 	 1.9051 	 1.0645 	 9.3652 	 0.0000 	 0.4775 	 1.4404 	 667.7531 	 2.0000 	 2.1294 	 3.1647 	 -9.9644 	 0.0000 	 -2.0754 	 2.5064 	 0.0751 
13.0000 	 0.2964 	 29.2599 	 10.9521 	 0.0000 	 9.7379 	 2.2702 	 673.5068 	 13.0000 	 1.8306 	 9.2125 	 -2.1034 	 0.0000 	 0.1795 	 0.9038 	 0.0043 
8.0000 	 0.0028 	 3.0420 	 10.9064 	 0.0000 	 -8.9051 	 2.2591 	 673.5968 	 8.0000 	 0.3921 	 4.4055 	 -7.2019 	 0.0000 	 -2.7453 	 5.7824 	 0.0000 
2.0000 	 0.0054 	 10.2468 	 10.9702 	 0.0000 	 -2.0040 	 2.2298 	 673.0185 	 2.0000 	 2.2914 	 8.5105 	 3.2623 	 0.0000 	 0.4466 	 2.6890 	 0.0026 
5.0000 	 0.0682 	 20.8927 	 10.9304 	 0.0000 	 -3.3713 	 2.2444 	 673.2299 	 5.0000 	 2.5879 	 3.3094 	 5.2522 	 0.0000 	 -1.1992 	 1.2688 	 0.0031 
5.0000 	 0.0747 	 6.5473 	 10.9073 	 0.0000 	 -5.2152 	 2.2590 	 673.2644 	 5.0000 	 2.0198 	 6.1785 	 1.9993 	 0.0000 	 -0.2557 	 0.2204 	 0.0019 
5.0000 	 0.0662 	 24.5307 	 10.9413 	 0.0000 	 -1.2463 	 2.2547 	 673.1759 	 5.0000 	 2.8184 	 0.3761 	 3.9670 	 0.0000 	 0.9029 	 5.9489 	 0.0092 
4.0000 	 0.2362 	 10.3569 	 11.7896 	 0.0000 	 8.2510 	 2.2260 	 672.9578 	 4.0000 	 0.0606 	 3.1138 	 -2.1384 	 0.0000 	 -2.9678 	 2.4039 	 0.0017 
10.0000 	 0.1083 	 2.5298 	 10.9036 	 0.0000 	 8.7212 	 2.2584 	 673.5532 	 10.0000 	 0.2366 	 4.2286 	 -9.9471 	 0.0000 	 -0.5917 	 3.2929 	 0.0000 
8.0000 	 0.4836 	 33.9724 	 13.0337 	 0.0000 	 6.4092 	 1.1558 	 664.3884 	 8.0000 	 0.0334 	 2.0754 	 2.7094 	 0.0000 	 -1.9083 	 3.7132 	 0.0026 
3.0000 	 3.2453 	 0.4857 	 8.9084 	 0.0000 	 0.9232 	 1.2580 	 667.1896 	 3.0000 	 0.3178 	 4.0504 	 3.9837 	 0.0000 	 -1.8771 	 0.8555 	 0.0292 
7.0000 	 0.0050 	 13.0640 	 10.9052 	 0.0000 	 1.2006 	 2.2591 	 673.5969 	 7.0000 	 0.0981 	 6.4301 	 -9.9708 	 0.0000 	 -0.8134 	 1.2097 	 0.0000 
6.0000 	 0.3374 	 50.2950 	 13.1384 	 0.0000 	 10.0000 	 1.1765 	 665.5102 	 6.0000 	 0.0778 	 0.4670 	 3.8182 	 0.0000 	 -0.8708 	 3.1342 	 0.0108 
3.0000 	 0.0233 	 34.2116 	 10.9831 	 0.0000 	 9.4303 	 2.2343 	 672.9367 	 3.0000 	 2.0616 	 6.8564 	 4.3060 	 0.0000 	 -1.5941 	 6.2603 	 0.0017 
6.0000 	 0.3353 	 43.6074 	 13.0140 	 0.0000 	 8.5885 	 1.1836 	 665.3607 	 6.0000 	 2.7830 	 5.6454 	 -7.0362 	 0.0000 	 -2.3976 	 3.7647 	 0.0075 
1.0000 	 4.0888 	 14.6118 	 14.2564 	 0.0000 	 1.9120 	 1.2961 	 666.7462 	 1.0000 	 2.5044 	 1.1248 	 -4.5748 	 0.0000 	 1.8350 	 7.4527 	 0.0512 
2.0000 	 0.0056 	 13.8778 	 10.9873 	 0.0000 	 -0.9210 	 2.2258 	 672.9769 	 2.0000 	 2.7895 	 7.3034 	 -9.5183 	 0.0000 	 2.0315 	 4.0598 	 0.0027 
5.0000 	 0.0042 	 5.0656 	 10.9045 	 0.0000 	 -8.7096 	 2.2650 	 673.5941 	 5.0000 	 0.0668 	 5.6898 	 3.7401 	 0.0000 	 2.2370 	 1.6949 	 0.0038 
5.0000 	 0.1489 	 9.7995 	 11.1011 	 0.0000 	 -0.0657 	 2.1442 	 673.8810 	 5.0000 	 0.5339 	 3.4545 	 4.2784 	 0.0000 	 1.3880 	 5.8359 	 0.0022 
4.0000 	 0.1214 	 17.8313 	 11.3369 	 0.0000 	 8.1163 	 2.1681 	 672.4682 	 4.0000 	 2.7751 	 5.7220 	 -2.4769 	 0.0000 	 0.8549 	 6.5672 	 0.0003 
2.0000 	 0.3754 	 0.0052 	 12.3487 	 0.0000 	 -3.4753 	 1.2497 	 664.3601 	 2.0000 	 0.3987 	 7.9634 	 2.2968 	 0.0000 	 2.5967 	 6.5408 	 0.0139 
1.0000 	 0.0025 	 9.6764 	 11.5962 	 0.0000 	 9.4214 	 2.2043 	 672.5545 	 1.0000 	 1.4813 	 8.7579 	 -9.5853 	 0.0000 	 -0.8116 	 5.1471 	 0.0004 
