1.6223 	 2.3465 	 0.1123 	 5.8049 	 -0.9005 	 0.0000 	 1.4700 	 726.3553 	 1.2348 	 3.7788 	 3.6979 	 -2.3045 	 3.5421 	 0.0000 	 2.6291 	 0.0140 
1.2648 	 2.6380 	 0.0001 	 5.9122 	 -2.5697 	 0.0000 	 1.7270 	 730.1758 	 0.3561 	 1.1249 	 4.7983 	 -6.8211 	 -1.9889 	 0.0000 	 2.7934 	 0.0146 
1.7571 	 2.2926 	 0.0000 	 5.9985 	 -3.4937 	 0.0000 	 1.6632 	 736.5123 	 1.2368 	 3.6043 	 6.2453 	 -8.6178 	 -2.2056 	 0.0000 	 2.7118 	 0.3535 
1.6214 	 2.0025 	 0.0000 	 5.8149 	 -9.3775 	 0.0000 	 1.5991 	 733.2709 	 1.4377 	 0.8016 	 3.1800 	 6.9218 	 4.8199 	 0.0000 	 1.6595 	 0.1931 
1.0887 	 2.8345 	 0.0000 	 5.8757 	 -17.9017 	 0.0000 	 1.5628 	 738.7024 	 0.1423 	 2.4785 	 8.5504 	 -1.3485 	 -4.4929 	 0.0000 	 1.5186 	 0.0355 
0.3798 	 1.0868 	 9.4367 	 6.9307 	 9.4456 	 0.0000 	 1.5706 	 757.2730 	 0.5777 	 0.6073 	 9.8746 	 7.5601 	 -0.0363 	 0.0000 	 1.4200 	 0.0000 
1.7543 	 1.7143 	 0.0011 	 5.9232 	 0.8215 	 0.0000 	 1.6094 	 731.0367 	 1.1623 	 3.1206 	 5.3355 	 8.4145 	 -0.8245 	 0.0000 	 1.9617 	 0.0003 
0.0657 	 2.9085 	 0.0003 	 5.8699 	 0.7277 	 0.0000 	 1.5540 	 735.3800 	 1.1528 	 2.1145 	 6.1182 	 -9.6337 	 2.8994 	 0.0000 	 0.5630 	 0.0361 
0.4334 	 1.0385 	 13.3131 	 7.7024 	 6.9975 	 0.0000 	 1.5863 	 757.9951 	 1.0133 	 4.9434 	 7.5489 	 -3.9015 	 -0.6795 	 0.0000 	 0.1269 	 0.0014 
0.5549 	 3.1252 	 8.1433 	 5.8179 	 5.2563 	 0.0000 	 0.0000 	 972.9983 	 1.6305 	 3.4391 	 9.2028 	 1.4112 	 -3.0830 	 0.0000 	 0.6302 	 0.4890 
1.6854 	 1.6342 	 0.2701 	 6.1533 	 -0.3094 	 0.0000 	 1.5237 	 730.0149 	 1.4574 	 0.1633 	 3.0024 	 -6.1516 	 -1.9394 	 0.0000 	 1.5361 	 0.0022 
1.2723 	 1.1137 	 1.9459 	 6.0637 	 0.4475 	 0.0000 	 0.5750 	 727.0475 	 0.4647 	 1.9759 	 7.2704 	 2.2442 	 -3.4968 	 0.0000 	 0.1411 	 0.0111 
0.7614 	 3.0244 	 0.0000 	 5.9315 	 -8.5882 	 0.0000 	 1.5895 	 721.7228 	 1.2664 	 1.4398 	 6.9428 	 4.7760 	 2.0971 	 0.0000 	 0.6597 	 0.0221 
1.8164 	 1.7507 	 0.0000 	 5.9183 	 -8.7721 	 0.0000 	 1.6127 	 724.4596 	 0.5965 	 1.6539 	 3.0643 	 -4.5420 	 -4.4930 	 0.0000 	 2.7366 	 0.0075 
1.6453 	 1.6223 	 0.0000 	 5.9378 	 12.1136 	 0.0000 	 1.5916 	 731.8498 	 0.7331 	 4.1327 	 9.4439 	 -8.1950 	 3.6093 	 0.0000 	 1.2525 	 0.1822 
1.2219 	 1.0385 	 1.8814 	 6.1073 	 0.3923 	 0.0000 	 0.3899 	 725.9558 	 0.8738 	 3.4934 	 4.5349 	 -8.6446 	 -0.7180 	 0.0000 	 2.6954 	 0.0231 
0.0850 	 1.3773 	 2.7291 	 4.9277 	 -1.8149 	 -1.7017 	 0.3559 	 725.3918 	 1.0538 	 -0.8238 	 0.7245 	 -0.9765 	 2.3583 	 1.0517 	 -10.4497 	 0.0309 
0.6932 	 0.5157 	 0.2223 	 4.8320 	 1.6700 	 -3.1209 	 0.3538 	 716.7845 	 1.8634 	 -0.9480 	 2.4287 	 -6.1331 	 -1.3422 	 -1.4856 	 -11.9930 	 0.0001 
0.5113 	 1.1579 	 0.0000 	 6.0760 	 -4.2764 	 8.5792 	 0.4619 	 734.9653 	 1.0214 	 -2.8276 	 0.9000 	 3.6804 	 -0.4107 	 2.1288 	 -3.8699 	 0.0000 
0.6931 	 0.4095 	 1.2400 	 4.8938 	 0.4280 	 -1.3199 	 0.1469 	 703.6698 	 1.1961 	 -2.8957 	 9.6963 	 -1.7343 	 2.1746 	 -2.1061 	 -2.1174 	 0.0033 
0.2669 	 1.1973 	 3.5194 	 5.3708 	 -4.3072 	 -3.0852 	 0.4471 	 735.8351 	 0.2136 	 -2.9996 	 9.7241 	 8.9594 	 -4.1233 	 1.1224 	 -2.8654 	 0.0442 
0.2208 	 1.4607 	 9.7980 	 3.8852 	 -4.2760 	 -2.7291 	 0.4628 	 737.0114 	 1.9131 	 -0.6527 	 6.4930 	 -5.2851 	 2.7582 	 -2.0981 	 -0.9849 	 0.0052 
0.6353 	 0.9223 	 0.2330 	 6.0123 	 -4.8677 	 8.0498 	 0.4484 	 734.3586 	 0.8515 	 -4.1991 	 3.9750 	 6.2408 	 3.6143 	 -2.8383 	 -3.9682 	 0.0690 
0.9862 	 1.5383 	 0.0000 	 6.1781 	 -6.6922 	 1.9676 	 0.7548 	 760.2242 	 1.8643 	 -6.4547 	 6.9048 	 -8.4609 	 2.3138 	 -2.7568 	 -7.1279 	 0.0000 
0.3738 	 1.1371 	 8.3036 	 3.7416 	 -3.4077 	 -10.0603 	 0.5313 	 739.4870 	 0.8266 	 -5.4598 	 7.4030 	 1.2604 	 -2.0175 	 -0.0944 	 0.4780 	 0.1853 
0.0172 	 0.2649 	 5.4908 	 1.7046 	 -1.0315 	 -5.3525 	 0.4138 	 731.4797 	 0.9148 	 -2.9261 	 6.1190 	 1.2270 	 2.9499 	 0.0251 	 -10.5643 	 0.0114 
