49.0000 	 5.9970 	 9.9929 	 -10.0000 	 2101.9998 	49.0000 	 0.6007 	 0.4846 	 -0.2033 	 0.1301 
50.0000 	 5.9868 	 9.9722 	 -10.0000 	 2105.2807 	50.0000 	 0.7820 	 1.2605 	 0.2781 	 0.1280 
50.0000 	 1.8743 	 1.8658 	 1.3117 	 796.1062 	50.0000 	 2.5735 	 2.9881 	 0.0662 	 0.1142 
50.0000 	 1.8286 	 2.0198 	 1.4430 	 796.6237 	50.0000 	 0.9937 	 0.7913 	 0.2104 	 0.1362 
50.0000 	 1.8773 	 1.8409 	 1.2603 	 796.2258 	50.0000 	 0.8935 	 1.6686 	 -0.4121 	 0.0810 
50.0000 	 1.8212 	 1.9947 	 1.3577 	 796.6703 	50.0000 	 2.8771 	 0.9300 	 0.4009 	 0.0852 
37.0000 	 1.6099 	 1.7483 	 1.1938 	 800.7599 	37.0000 	 2.2228 	 0.3107 	 0.3463 	 0.0938 
36.0000 	 1.5519 	 1.8477 	 1.2591 	 801.0026 	36.0000 	 1.7586 	 1.6559 	 -0.0707 	 0.0908 
49.0000 	 1.8772 	 1.7887 	 1.2592 	 796.5759 	49.0000 	 2.0923 	 1.4218 	 0.0689 	 0.0813 
49.0000 	 1.8823 	 1.8073 	 1.2919 	 796.1268 	49.0000 	 0.3826 	 2.8835 	 -0.0631 	 0.1433 
50.0000 	 1.8956 	 1.8375 	 1.3162 	 796.2110 	50.0000 	 0.9716 	 2.7479 	 -0.0204 	 0.1041 
36.0000 	 1.5779 	 1.7872 	 1.2473 	 801.0036 	36.0000 	 0.6543 	 1.3747 	 -0.0707 	 0.0914 
36.0000 	 1.5546 	 1.8393 	 1.2441 	 801.0032 	36.0000 	 0.2100 	 0.5114 	 0.1975 	 0.0960 
35.0000 	 1.5723 	 1.7246 	 1.2012 	 801.5515 	35.0000 	 1.6638 	 0.4796 	 -0.4076 	 0.0978 
35.0000 	 5.9868 	 9.9722 	 -10.0000 	 2111.6280 	35.0000 	 2.3663 	 2.2825 	 0.3285 	 0.1290 
50.0000 	 1.9065 	 1.7742 	 1.2515 	 796.4263 	50.0000 	 1.8416 	 2.8945 	 -0.2290 	 0.1119 
36.0000 	 1.5704 	 1.7978 	 1.2226 	 801.0799 	36.0000 	 0.2636 	 2.3702 	 0.2689 	 0.0873 
50.0000 	 1.8856 	 1.8716 	 1.3364 	 796.2825 	50.0000 	 2.8592 	 1.6993 	 0.4499 	 0.0868 
21.0000 	 1.1813 	 1.5883 	 1.1075 	 813.2040 	21.0000 	 0.7989 	 2.4848 	 0.3087 	 0.1107 
34.0000 	 1.5447 	 1.7272 	 1.1972 	 801.9441 	34.0000 	 0.5012 	 2.9321 	 -0.4166 	 0.0961 
37.0000 	 1.6163 	 1.7590 	 1.2526 	 800.6494 	37.0000 	 1.6103 	 1.5346 	 -0.1394 	 0.0865 
36.0000 	 1.5740 	 1.8264 	 1.2832 	 801.0213 	36.0000 	 0.9182 	 0.8372 	 -0.1399 	 0.0929 
21.0000 	 1.1220 	 1.8202 	 1.2891 	 813.4191 	21.0000 	 2.5364 	 2.7371 	 -0.3299 	 0.1017 
20.0000 	 1.1392 	 1.5969 	 1.1026 	 814.4984 	20.0000 	 1.2253 	 2.1762 	 -0.0497 	 0.0943 
37.0000 	 1.5801 	 1.8567 	 1.2852 	 800.5545 	37.0000 	 1.6448 	 1.1551 	 0.3500 	 0.0968 
22.0000 	 1.2031 	 1.6323 	 1.1281 	 811.8335 	22.0000 	 0.0807 	 0.9068 	 -0.4510 	 0.1028 
6.0000 	 0.5115 	 0.9069 	 0.6060 	 860.4272 	6.0000 	 0.1471 	 2.9650 	 0.3362 	 0.2773 
36.0000 	 1.5896 	 1.7532 	 1.2338 	 801.0404 	36.0000 	 1.6879 	 2.0591 	 0.3089 	 0.1093 
35.0000 	 1.5351 	 1.8295 	 1.2653 	 801.4546 	35.0000 	 1.8613 	 2.9067 	 0.1441 	 0.0886 
36.0000 	 1.5708 	 1.8148 	 1.2747 	 800.9517 	36.0000 	 2.1954 	 0.4728 	 0.1637 	 0.0984 
5.0000 	 0.3967 	 0.9812 	 0.6105 	 866.3065 	5.0000 	 2.1026 	 0.8183 	 -0.4426 	 0.3024 
35.0000 	 1.5625 	 1.7349 	 1.1956 	 801.5284 	35.0000 	 0.6946 	 2.5997 	 -0.3859 	 0.0881 
36.0000 	 1.5521 	 1.8769 	 1.3167 	 801.2874 	36.0000 	 0.8525 	 0.3966 	 0.1388 	 0.0888 
19.0000 	 1.1294 	 1.4846 	 1.0318 	 816.6048 	19.0000 	 2.4853 	 0.0281 	 -0.1115 	 0.1025 
20.0000 	 1.1172 	 1.6630 	 1.1292 	 814.5590 	20.0000 	 1.9802 	 1.7716 	 0.2660 	 0.1164 
34.0000 	 1.5223 	 1.7856 	 1.2245 	 802.2048 	34.0000 	 1.1152 	 0.7511 	 0.0231 	 0.0921 
21.0000 	 1.1471 	 1.7275 	 1.2059 	 813.2730 	21.0000 	 1.6831 	 1.8696 	 -0.4918 	 0.1253 
21.0000 	 1.1633 	 1.6808 	 1.1955 	 813.3736 	21.0000 	 0.7788 	 1.0695 	 0.3259 	 0.1209 
6.0000 	 0.4841 	 1.0055 	 0.6283 	 859.1782 	6.0000 	 1.1466 	 0.7229 	 -0.4111 	 0.2555 
7.0000 	 0.5267 	 1.2142 	 0.6950 	 853.7350 	7.0000 	 0.7576 	 1.3122 	 -0.4358 	 0.2229 
35.0000 	 1.5697 	 1.7246 	 1.1930 	 801.5072 	35.0000 	 0.1298 	 2.2144 	 -0.1275 	 0.0978 
5.0000 	 0.5288 	 0.5640 	 0.3767 	 866.3192 	5.0000 	 2.2562 	 0.9002 	 -0.3334 	 0.3420 
4.0000 	 0.3687 	 0.6622 	 0.4410 	 871.7656 	4.0000 	 2.3237 	 2.0966 	 -0.1491 	 0.2767 
20.0000 	 1.1208 	 1.6798 	 1.1704 	 814.4569 	20.0000 	 1.0168 	 1.3814 	 0.3126 	 0.1251 
20.0000 	 1.1547 	 1.5639 	 1.0952 	 814.7419 	20.0000 	 0.2560 	 1.4299 	 0.2890 	 0.1227 
22.0000 	 1.1932 	 1.6465 	 1.1648 	 811.8284 	22.0000 	 2.0678 	 1.5596 	 0.0153 	 0.0879 
35.0000 	 1.5510 	 1.7890 	 1.2561 	 801.6313 	35.0000 	 1.4423 	 0.7337 	 -0.2737 	 0.0935 
6.0000 	 0.4675 	 1.1192 	 0.7531 	 859.9168 	6.0000 	 0.3466 	 2.9111 	 0.0675 	 0.2161 
6.0000 	 0.5078 	 0.9258 	 0.6060 	 859.5339 	6.0000 	 1.6003 	 2.4645 	 0.4479 	 0.2051 
35.0000 	 1.5523 	 1.7766 	 1.2428 	 801.4190 	35.0000 	 0.9972 	 1.4205 	 -0.1422 	 0.0776 
35.0000 	 1.5114 	 1.9289 	 1.3530 	 801.8305 	35.0000 	 2.6122 	 2.6261 	 -0.0721 	 0.1183 
34.0000 	 1.5389 	 1.7785 	 1.2793 	 802.0755 	34.0000 	 1.3637 	 2.9905 	 0.3228 	 0.0790 
5.0000 	 0.6210 	 0.4158 	 0.2653 	 868.4562 	5.0000 	 2.7775 	 0.7520 	 0.0497 	 0.4641 
5.0000 	 0.4093 	 0.9336 	 0.5470 	 866.5534 	5.0000 	 0.2514 	 2.9705 	 0.3034 	 0.2933 
19.0000 	 1.1019 	 1.5960 	 1.0914 	 815.8772 	19.0000 	 2.1747 	 1.5500 	 -0.1058 	 0.1456 
21.0000 	 1.1389 	 1.6991 	 1.0975 	 813.3941 	21.0000 	 0.9765 	 0.3242 	 -0.4429 	 0.1061 
7.0000 	 0.5449 	 1.1651 	 0.7077 	 853.4017 	7.0000 	 2.0198 	 2.4245 	 -0.2988 	 0.2057 
4.0000 	 0.5280 	 0.3667 	 0.2082 	 867.0239 	4.0000 	 0.3789 	 0.1490 	 0.2453 	 0.5371 
21.0000 	 1.1830 	 1.5868 	 1.1198 	 813.3054 	21.0000 	 2.2578 	 0.7223 	 -0.0672 	 0.1244 
21.0000 	 1.1720 	 1.6138 	 1.1056 	 813.1381 	21.0000 	 2.9462 	 2.2624 	 0.0123 	 0.0950 
21.0000 	 1.1710 	 1.6540 	 1.2045 	 813.0940 	21.0000 	 2.4475 	 2.1235 	 -0.0261 	 0.1241 
20.0000 	 1.1443 	 1.5794 	 1.0989 	 814.4936 	20.0000 	 1.8357 	 2.7745 	 0.2168 	 0.1159 
22.0000 	 1.3973 	 1.1919 	 0.9338 	 819.4215 	22.0000 	 2.2928 	 2.8646 	 0.4640 	 0.1351 
6.0000 	 0.4750 	 1.0637 	 0.6467 	 859.9203 	6.0000 	 0.6332 	 2.9644 	 0.2302 	 0.1718 
20.0000 	 1.1317 	 1.6405 	 1.1609 	 814.3621 	20.0000 	 0.4963 	 2.0583 	 -0.2159 	 0.1657 
20.0000 	 1.1141 	 1.7012 	 1.1782 	 814.4324 	20.0000 	 2.3631 	 1.9882 	 0.4099 	 0.1161 
5.0000 	 0.4476 	 0.7981 	 0.5010 	 865.5099 	5.0000 	 1.9861 	 2.4074 	 -0.4774 	 0.2680 
20.0000 	 1.1328 	 1.6358 	 1.1365 	 814.4475 	20.0000 	 0.3807 	 0.7930 	 0.0888 	 0.1041 
50.0000 	 1.8693 	 1.8977 	 1.3512 	 796.3370 	50.0000 	 2.2106 	 2.4790 	 0.2092 	 0.1043 
6.0000 	 0.4393 	 1.2186 	 0.7026 	 860.8928 	6.0000 	 1.0199 	 1.0815 	 0.1545 	 0.2647 
6.0000 	 0.4594 	 1.1404 	 0.7029 	 859.8102 	6.0000 	 1.0697 	 2.8748 	 0.0673 	 0.1957 
6.0000 	 0.4896 	 1.0305 	 0.7031 	 859.2040 	6.0000 	 2.4609 	 0.9062 	 0.1434 	 0.2053 
5.0000 	 0.3921 	 1.0138 	 0.6605 	 867.0582 	5.0000 	 2.6855 	 0.4943 	 -0.1786 	 0.2522 
5.0000 	 0.5202 	 0.5785 	 0.3865 	 865.9685 	5.0000 	 2.4580 	 2.1183 	 -0.1992 	 0.3545 
19.0000 	 1.0963 	 1.5931 	 1.0564 	 816.0477 	19.0000 	 2.4627 	 2.4972 	 0.2281 	 0.1055 
5.0000 	 0.4945 	 0.6485 	 0.4579 	 866.6486 	5.0000 	 1.8373 	 2.6051 	 0.1360 	 0.3198 
36.0000 	 1.5991 	 1.7393 	 1.2220 	 801.0761 	36.0000 	 0.4264 	 2.0323 	 0.2781 	 0.1175 
7.0000 	 0.5429 	 1.1800 	 0.8155 	 853.3862 	7.0000 	 0.4355 	 2.7798 	 0.0639 	 0.2051 
35.0000 	 1.6083 	 1.6551 	 1.1766 	 801.8415 	35.0000 	 2.0008 	 1.1070 	 0.1770 	 0.1175 
21.0000 	 5.9868 	 9.9722 	 -10.0000 	 2112.9301 	21.0000 	 0.1429 	 1.6525 	 -0.0858 	 0.1349 
4.0000 	 0.5747 	 0.3280 	 0.2128 	 866.3926 	4.0000 	 1.8133 	 2.0541 	 -0.0703 	 0.5082 
20.0000 	 1.1348 	 1.6287 	 1.1391 	 814.4816 	20.0000 	 0.8453 	 2.3339 	 0.3721 	 0.0832 
6.0000 	 0.4967 	 0.9977 	 0.6457 	 859.3368 	6.0000 	 2.3534 	 1.2727 	 -0.1523 	 0.2587 
5.0000 	 0.4084 	 0.9167 	 0.5928 	 865.8257 	5.0000 	 0.9047 	 0.9969 	 0.4880 	 0.3089 
49.0000 	 1.8632 	 1.8566 	 1.3351 	 796.5694 	49.0000 	 2.5528 	 2.9249 	 -0.3330 	 0.1161 
37.0000 	 1.5962 	 1.8216 	 1.2882 	 800.5431 	37.0000 	 0.5108 	 0.9992 	 0.2077 	 0.1040 
49.0000 	 1.8535 	 1.8567 	 1.2868 	 796.5062 	49.0000 	 0.4350 	 2.2249 	 0.1204 	 0.1047 
34.0000 	 1.5077 	 1.8496 	 1.3154 	 802.1396 	34.0000 	 2.2600 	 0.2983 	 0.1327 	 0.1126 
22.0000 	 1.1926 	 1.6638 	 1.1474 	 811.8135 	22.0000 	 1.7287 	 1.1699 	 0.4041 	 0.1125 
50.0000 	 1.8753 	 1.8535 	 1.2826 	 796.1570 	50.0000 	 0.6318 	 0.1463 	 0.2258 	 0.1318 
48.0000 	 1.8107 	 1.9290 	 1.3578 	 797.0011 	48.0000 	 2.9003 	 1.7308 	 -0.3024 	 0.0945 
37.0000 	 1.6474 	 1.6737 	 1.1885 	 800.8097 	37.0000 	 2.5959 	 1.4394 	 -0.3584 	 0.0989 
49.0000 	 1.8730 	 1.7945 	 1.2378 	 796.5056 	49.0000 	 2.9906 	 2.4592 	 0.2530 	 0.0975 
48.0000 	 1.8394 	 1.8404 	 1.2858 	 796.8048 	48.0000 	 1.5887 	 0.5894 	 0.0752 	 0.1108 
49.0000 	 1.8812 	 1.8150 	 1.2926 	 796.4574 	49.0000 	 2.3621 	 1.9372 	 0.3838 	 0.1135 
19.0000 	 0.9650 	 1.9944 	 0.1074 	 811.1849 	19.0000 	 0.9644 	 1.9919 	 0.1053 	 0.1979 
48.0000 	 1.8356 	 1.8774 	 1.3391 	 796.7303 	48.0000 	 1.2456 	 2.0457 	 0.2237 	 0.1179 
47.0000 	 1.8202 	 1.8366 	 1.2546 	 797.0967 	47.0000 	 1.6100 	 1.3278 	 -0.3096 	 0.0722 
7.0000 	 0.5612 	 1.0624 	 0.6769 	 853.4254 	7.0000 	 0.9621 	 1.7873 	 0.2164 	 0.1934 
49.0000 	 1.8485 	 1.8767 	 1.3055 	 796.4637 	49.0000 	 1.3624 	 2.3630 	 -0.3442 	 0.1109 
47.0000 	 1.1425 	 0.1011 	 -9.2358 	 1973.7523 	47.0000 	 0.8452 	 0.4415 	 0.2741 	 1.7123 
37.0000 	 5.9868 	 0.0010 	 -10.0000 	 2244.1738 	37.0000 	 0.4808 	 2.2181 	 -0.3319 	 0.1311 
4.0000 	 0.3369 	 0.7566 	 0.4598 	 872.5783 	4.0000 	 2.7074 	 2.9622 	 0.1219 	 0.2955 
48.0000 	 1.8574 	 1.8249 	 1.2880 	 796.9842 	48.0000 	 1.6723 	 2.4643 	 0.1293 	 0.1119 
48.0000 	 1.8261 	 1.8660 	 1.2753 	 796.7735 	48.0000 	 0.9965 	 0.2845 	 -0.1179 	 0.0943 
47.0000 	 1.8202 	 1.8063 	 1.2306 	 796.9747 	47.0000 	 1.6320 	 2.4573 	 -0.4185 	 0.1008 
39.0000 	 5.9868 	 9.9722 	 10.0000 	 1970.9433 	39.0000 	 0.3046 	 0.5380 	 0.3846 	 0.1270 
47.0000 	 1.8114 	 1.8233 	 1.2650 	 797.3237 	47.0000 	 1.5581 	 2.1576 	 -0.4319 	 0.1287 
38.0000 	 1.6494 	 1.7377 	 1.2212 	 800.2502 	38.0000 	 0.1487 	 2.2013 	 0.1787 	 0.0833 
34.0000 	 1.5445 	 1.7315 	 1.2242 	 802.0533 	34.0000 	 2.0572 	 2.0464 	 0.2787 	 0.0929 
37.0000 	 1.5938 	 1.8255 	 1.2885 	 800.4805 	37.0000 	 0.2375 	 2.0357 	 -0.4372 	 0.0918 
48.0000 	 1.8355 	 1.8335 	 1.2502 	 796.9366 	48.0000 	 1.9856 	 0.9786 	 -0.0462 	 0.2493 
38.0000 	 1.6272 	 1.7657 	 1.1494 	 800.3948 	38.0000 	 1.4079 	 0.5532 	 -0.2275 	 0.0863 
48.0000 	 1.8001 	 1.9668 	 1.3545 	 796.8924 	48.0000 	 2.8660 	 0.0914 	 0.0618 	 0.1116 
39.0000 	 1.6480 	 1.8368 	 1.3207 	 799.8682 	39.0000 	 2.5976 	 1.2786 	 0.2139 	 0.1208 
34.0000 	 1.5460 	 1.7000 	 1.1504 	 802.0350 	34.0000 	 0.9011 	 1.5836 	 -0.0476 	 0.1041 
32.0000 	 1.4970 	 1.7050 	 1.1772 	 803.2705 	32.0000 	 2.5839 	 0.7829 	 -0.4645 	 0.1066 
22.0000 	 1.1987 	 1.6393 	 1.1152 	 811.7596 	22.0000 	 1.8369 	 0.2551 	 0.2850 	 0.1211 
33.0000 	 1.4763 	 1.8613 	 1.2794 	 802.7649 	33.0000 	 2.9705 	 0.0667 	 -0.3216 	 0.0984 
36.0000 	 1.5677 	 1.8542 	 1.3056 	 801.0821 	36.0000 	 0.2779 	 2.9680 	 -0.3456 	 0.1123 
38.0000 	 1.6336 	 1.7403 	 1.2010 	 800.4027 	38.0000 	 1.9413 	 1.0397 	 -0.4358 	 0.1192 
38.0000 	 1.6438 	 1.7309 	 1.1973 	 800.0325 	38.0000 	 2.6290 	 1.1859 	 -0.1832 	 0.0997 
33.0000 	 1.4720 	 1.9076 	 1.3717 	 803.0241 	33.0000 	 1.7446 	 0.1440 	 0.4181 	 0.1064 
37.0000 	 1.6236 	 1.7034 	 1.1536 	 800.8180 	37.0000 	 1.5084 	 1.4230 	 -0.4838 	 0.0985 
47.0000 	 1.8309 	 1.8179 	 1.2910 	 796.9576 	47.0000 	 0.3122 	 1.6159 	 -0.0568 	 0.0919 
34.0000 	 1.5122 	 1.9105 	 1.4001 	 802.5066 	34.0000 	 0.2473 	 0.5807 	 0.2529 	 0.0943 
19.0000 	 1.0961 	 1.6070 	 1.0790 	 816.0170 	19.0000 	 2.3153 	 1.0448 	 0.1438 	 0.1062 
22.0000 	 1.1798 	 1.7302 	 1.1836 	 811.9225 	22.0000 	 0.8070 	 1.8958 	 -0.2443 	 0.1151 
23.0000 	 1.1981 	 1.8208 	 1.3251 	 810.9203 	23.0000 	 1.5437 	 0.3798 	 -0.3177 	 0.1047 
39.0000 	 1.6625 	 1.7581 	 1.2243 	 799.6793 	39.0000 	 1.7832 	 1.4739 	 0.2209 	 0.0838 
23.0000 	 1.2262 	 1.6996 	 1.2013 	 810.6179 	23.0000 	 2.2693 	 0.3672 	 -0.4026 	 0.1148 
18.0000 	 0.5599 	 2.1577 	 -9.7626 	 1589.2579 	18.0000 	 0.0449 	 2.0229 	 -0.2387 	 1.6669 
32.0000 	 1.4841 	 1.7300 	 1.1808 	 802.9830 	32.0000 	 1.3630 	 1.1313 	 0.3448 	 0.1180 
38.0000 	 1.5828 	 1.9485 	 1.3594 	 800.5509 	38.0000 	 0.9566 	 2.1063 	 -0.2756 	 0.1008 
7.0000 	 0.5410 	 1.1683 	 0.7283 	 853.4391 	7.0000 	 1.3669 	 2.1306 	 -0.2997 	 0.2316 
24.0000 	 1.2597 	 1.7195 	 1.2229 	 809.5653 	24.0000 	 0.0455 	 2.5389 	 -0.2989 	 0.1585 
38.0000 	 1.5986 	 1.9096 	 1.3329 	 800.2908 	38.0000 	 1.2212 	 0.9182 	 0.3765 	 0.0963 
39.0000 	 5.9868 	 9.9722 	 10.0000 	 1893.5719 	39.0000 	 0.4519 	 0.5308 	 0.4199 	 0.2413 
33.0000 	 1.4917 	 1.8039 	 1.2496 	 802.3806 	33.0000 	 1.6559 	 1.2822 	 0.2345 	 0.1094 
4.0000 	 0.3888 	 0.6198 	 0.4028 	 869.8440 	4.0000 	 0.1472 	 2.5339 	 -0.2026 	 0.3477 
19.0000 	 1.0988 	 1.6187 	 1.1238 	 816.1341 	19.0000 	 0.1991 	 1.6653 	 -0.0840 	 0.1100 
8.0000 	 0.5969 	 1.2525 	 0.8327 	 848.1184 	8.0000 	 0.2449 	 1.4822 	 -0.1186 	 0.1862 
18.0000 	 1.0607 	 1.5996 	 1.1446 	 817.8980 	18.0000 	 1.4856 	 2.0200 	 0.0707 	 0.1380 
39.0000 	 1.6435 	 1.8069 	 1.2300 	 799.6197 	39.0000 	 0.1540 	 0.1391 	 -0.1888 	 0.1169 
47.0000 	 1.8382 	 1.7972 	 1.2906 	 797.1716 	47.0000 	 0.8469 	 1.2361 	 -0.2594 	 0.0815 
3.0000 	 0.3790 	 0.3671 	 0.2554 	 863.3786 	3.0000 	 1.8720 	 0.4344 	 -0.0205 	 0.3388 
32.0000 	 5.9970 	 9.9929 	 10.0000 	 1901.3573 	32.0000 	 2.5525 	 1.9988 	 -0.2439 	 0.2454 
17.0000 	 1.0144 	 1.6229 	 1.1433 	 819.4302 	17.0000 	 1.8060 	 1.0875 	 -0.1391 	 0.1246 
33.0000 	 1.4998 	 1.8047 	 1.2929 	 802.5203 	33.0000 	 2.4122 	 0.7214 	 -0.4862 	 0.0984 
22.0000 	 1.1770 	 1.7260 	 1.1933 	 811.7910 	22.0000 	 1.7386 	 2.7964 	 0.3632 	 0.1161 
7.0000 	 0.5541 	 1.1058 	 0.6999 	 853.1795 	7.0000 	 0.8831 	 2.6153 	 0.2440 	 0.2146 
8.0000 	 0.6053 	 1.2383 	 0.8161 	 847.7530 	8.0000 	 0.1010 	 1.0257 	 0.0206 	 0.1704 
4.0000 	 0.6866 	 0.2328 	 0.1332 	 864.8224 	4.0000 	 1.7873 	 2.4600 	 -0.4680 	 0.5042 
3.0000 	 0.3510 	 0.3772 	 0.2330 	 865.8321 	3.0000 	 2.5573 	 0.3589 	 0.0370 	 0.4978 
38.0000 	 1.6191 	 1.8241 	 1.2199 	 800.1657 	38.0000 	 0.8159 	 2.0343 	 -0.2958 	 0.0900 
9.0000 	 0.6694 	 1.2650 	 0.8469 	 843.2869 	9.0000 	 1.3687 	 1.8276 	 0.3025 	 0.2054 
23.0000 	 4.4790 	 0.0815 	 0.0332 	 858.0208 	23.0000 	 0.4252 	 1.1142 	 -0.1362 	 0.2009 
2.0000 	 0.3907 	 0.1647 	 0.0737 	 846.8929 	2.0000 	 1.9287 	 0.9259 	 0.3791 	 0.8485 
24.0000 	 1.2961 	 1.5577 	 1.0855 	 809.8665 	24.0000 	 1.1259 	 1.2144 	 -0.1043 	 0.1037 
33.0000 	 1.5045 	 1.7678 	 1.2291 	 802.6161 	33.0000 	 0.7555 	 1.5675 	 0.0680 	 0.0817 
19.0000 	 1.0823 	 1.6831 	 1.1964 	 815.9784 	19.0000 	 1.1201 	 0.6858 	 -0.1328 	 0.0967 
23.0000 	 1.2202 	 1.6957 	 1.1784 	 810.6989 	23.0000 	 1.2517 	 2.6684 	 0.4359 	 0.0922 
18.0000 	 1.0327 	 1.7054 	 1.1693 	 817.7200 	18.0000 	 1.6872 	 0.3459 	 -0.4374 	 0.1284 
48.0000 	 1.8993 	 1.6237 	 1.0357 	 797.7055 	48.0000 	 2.9736 	 0.0272 	 0.2813 	 0.0946 
7.0000 	 0.5387 	 1.1830 	 0.7853 	 853.0906 	7.0000 	 1.9503 	 0.4030 	 0.4624 	 0.2138 
17.0000 	 1.0150 	 1.6271 	 1.1213 	 819.5702 	17.0000 	 2.4570 	 0.4143 	 -0.1628 	 0.1129 
23.0000 	 1.2072 	 1.7655 	 1.2356 	 810.9571 	23.0000 	 0.4507 	 0.5791 	 0.0985 	 0.1100 
32.0000 	 1.4622 	 1.8181 	 1.2513 	 802.9887 	32.0000 	 1.5119 	 0.8817 	 -0.3166 	 0.1180 
35.0000 	 1.5357 	 1.8742 	 1.3597 	 801.6061 	35.0000 	 2.6935 	 0.7450 	 0.2816 	 0.1209 
24.0000 	 1.2757 	 1.6614 	 1.1904 	 809.6408 	24.0000 	 2.0429 	 1.2886 	 0.2500 	 0.0922 
33.0000 	 1.4948 	 1.7969 	 1.2274 	 802.6808 	33.0000 	 2.0678 	 0.1171 	 0.2724 	 0.1081 
4.0000 	 0.5625 	 0.3252 	 0.1899 	 865.6324 	4.0000 	 2.5591 	 1.0588 	 0.1902 	 0.5611 
38.0000 	 1.6324 	 1.7747 	 1.2347 	 800.1523 	38.0000 	 1.8949 	 0.4475 	 -0.0052 	 0.0953 
32.0000 	 1.4581 	 1.8279 	 1.2620 	 803.0182 	32.0000 	 1.8257 	 0.0067 	 -0.2390 	 0.0906 
8.0000 	 0.5911 	 1.3433 	 0.8894 	 848.5772 	8.0000 	 2.8749 	 1.6499 	 -0.3113 	 0.1784 
48.0000 	 1.0402 	 9.9808 	 10.0000 	 1839.8620 	48.0000 	 2.6644 	 1.6908 	 -0.3149 	 0.3470 
33.0000 	 1.5041 	 1.7951 	 1.2797 	 802.6488 	33.0000 	 2.1193 	 0.7959 	 0.1708 	 0.1087 
3.0000 	 0.3908 	 0.3190 	 0.2035 	 863.2921 	3.0000 	 0.8053 	 0.3951 	 -0.4070 	 0.5831 
38.0000 	 1.6812 	 1.6316 	 1.1392 	 800.5455 	38.0000 	 2.0277 	 1.1765 	 -0.4739 	 0.1312 
9.0000 	 0.6750 	 1.2614 	 0.8410 	 843.1773 	9.0000 	 1.7888 	 1.3740 	 -0.4396 	 0.1948 
48.0000 	 1.8346 	 1.8790 	 1.3306 	 796.6881 	48.0000 	 1.3003 	 2.3537 	 0.0025 	 0.0718 
34.0000 	 1.5541 	 1.7038 	 1.2399 	 801.9978 	34.0000 	 2.8934 	 0.2905 	 0.0620 	 0.1117 
23.0000 	 1.2211 	 1.6979 	 1.2032 	 810.6331 	23.0000 	 2.1419 	 2.9876 	 0.0739 	 0.0960 
33.0000 	 1.4741 	 1.8759 	 1.2868 	 802.8032 	33.0000 	 0.0962 	 1.6885 	 0.1478 	 0.1158 
18.0000 	 1.0593 	 1.6393 	 1.1502 	 817.5897 	18.0000 	 1.0889 	 1.5707 	 0.2616 	 0.1424 
33.0000 	 1.5159 	 1.7501 	 1.2237 	 802.7227 	33.0000 	 1.5168 	 2.3969 	 0.3348 	 0.0951 
18.0000 	 1.0440 	 1.6497 	 1.1134 	 817.6506 	18.0000 	 0.7204 	 0.5399 	 -0.2927 	 0.1061 
2.0000 	 0.3291 	 0.1776 	 0.0786 	 847.0623 	2.0000 	 1.6510 	 0.2018 	 -0.4977 	 0.8350 
8.0000 	 0.5778 	 1.3689 	 0.9161 	 848.5311 	8.0000 	 1.4934 	 2.5562 	 -0.2086 	 0.2067 
38.0000 	 1.6084 	 1.8357 	 1.2572 	 800.1568 	38.0000 	 0.9282 	 0.3578 	 0.0895 	 0.1091 
39.0000 	 1.6431 	 1.8228 	 1.2718 	 799.7065 	39.0000 	 2.6089 	 0.7905 	 -0.3088 	 0.0983 
3.0000 	 0.3626 	 0.3846 	 0.3109 	 867.5994 	3.0000 	 2.9128 	 2.3190 	 0.3273 	 0.4730 
18.0000 	 1.0757 	 1.5117 	 1.0121 	 817.9506 	18.0000 	 2.7916 	 0.5666 	 -0.1386 	 0.1053 
23.0000 	 1.2132 	 1.6961 	 1.0701 	 811.0864 	23.0000 	 0.5067 	 1.0886 	 -0.2142 	 0.0916 
24.0000 	 1.2512 	 1.7041 	 1.1698 	 809.6761 	24.0000 	 1.0107 	 0.7277 	 0.3828 	 0.1179 
33.0000 	 1.6003 	 1.4907 	 0.2051 	 799.2535 	33.0000 	 1.6023 	 1.4931 	 0.2061 	 0.1897 
18.0000 	 1.0493 	 1.6735 	 1.2067 	 817.7458 	18.0000 	 0.4042 	 2.4244 	 -0.4503 	 0.1139 
49.0000 	 1.8649 	 1.8573 	 1.3058 	 796.4691 	49.0000 	 1.4278 	 0.3485 	 -0.4107 	 0.0776 
23.0000 	 1.2348 	 1.6424 	 1.1364 	 810.5171 	23.0000 	 1.5876 	 1.8985 	 0.1561 	 0.0961 
8.0000 	 0.6228 	 1.1620 	 0.7792 	 847.9876 	8.0000 	 1.4694 	 2.5982 	 0.3414 	 0.1970 
23.0000 	 1.2139 	 1.7331 	 1.2250 	 810.5711 	23.0000 	 0.0428 	 1.1228 	 0.2776 	 0.1070 
49.0000 	 1.8813 	 1.7859 	 1.2618 	 796.5741 	49.0000 	 1.9781 	 2.1324 	 0.2114 	 0.1171 
8.0000 	 2.5434 	 0.0722 	 0.0356 	 861.6056 	8.0000 	 1.6324 	 0.8225 	 0.3614 	 0.6180 
3.0000 	 0.7169 	 0.1383 	 0.0706 	 853.2427 	3.0000 	 1.2265 	 1.3097 	 -0.3043 	 0.8031 
8.0000 	 0.5976 	 1.2583 	 0.8127 	 847.8776 	8.0000 	 2.7229 	 1.4072 	 0.1517 	 0.1953 
18.0000 	 1.0598 	 1.5869 	 1.1022 	 817.7133 	18.0000 	 1.4151 	 0.7973 	 -0.4868 	 0.1274 
17.0000 	 1.0097 	 1.6476 	 1.1340 	 819.4769 	17.0000 	 0.7646 	 1.6712 	 0.2745 	 0.1070 
24.0000 	 1.2449 	 1.7269 	 1.1796 	 809.4931 	24.0000 	 1.9091 	 0.0267 	 0.3361 	 0.1061 
23.0000 	 1.1883 	 1.8350 	 1.2810 	 810.9870 	23.0000 	 2.0385 	 1.7185 	 0.3556 	 0.1017 
3.0000 	 0.3423 	 0.3914 	 0.2746 	 866.4370 	3.0000 	 1.7237 	 0.4552 	 -0.1191 	 0.4237 
3.0000 	 0.3428 	 0.3954 	 0.2474 	 865.9969 	3.0000 	 0.8714 	 0.7534 	 -0.0843 	 0.4493 
37.0000 	 1.6131 	 1.7654 	 1.2795 	 800.5871 	37.0000 	 1.9810 	 2.8966 	 -0.1476 	 0.0888 
8.0000 	 0.6105 	 1.1971 	 0.7708 	 848.1181 	8.0000 	 2.4360 	 2.6397 	 0.3192 	 0.1625 
37.0000 	 1.6192 	 1.7409 	 1.2088 	 800.6971 	37.0000 	 1.1545 	 0.3751 	 0.4247 	 0.0946 
3.0000 	 0.3038 	 0.4486 	 0.2979 	 868.7495 	3.0000 	 0.2144 	 1.4034 	 0.4999 	 0.3806 
22.0000 	 1.1843 	 1.6997 	 1.1588 	 811.6894 	22.0000 	 0.2576 	 0.9156 	 0.3296 	 0.1135 
17.0000 	 1.0135 	 1.5994 	 1.0677 	 819.5530 	17.0000 	 2.4764 	 2.6091 	 0.0243 	 0.1168 
34.0000 	 1.5262 	 1.8131 	 1.2779 	 802.0829 	34.0000 	 2.3868 	 0.9855 	 -0.2760 	 0.1148 
34.0000 	 1.5247 	 1.7911 	 1.2462 	 802.1788 	34.0000 	 1.5201 	 2.2525 	 -0.4877 	 0.0958 
21.0000 	 1.1457 	 1.7380 	 1.1924 	 812.9192 	21.0000 	 2.1564 	 2.2329 	 0.0455 	 0.1146 
9.0000 	 0.6956 	 1.1624 	 0.7605 	 843.8721 	9.0000 	 1.1507 	 0.3527 	 -0.1827 	 0.1502 
9.0000 	 0.6388 	 1.4375 	 0.9892 	 843.8632 	9.0000 	 1.7996 	 0.1547 	 -0.4880 	 0.1655 
22.0000 	 1.2032 	 1.6648 	 1.1493 	 811.7789 	22.0000 	 1.5066 	 1.1686 	 -0.3984 	 0.1308 
22.0000 	 1.1893 	 1.6596 	 1.1050 	 811.9918 	22.0000 	 2.9828 	 2.0519 	 -0.4963 	 0.1192 
18.0000 	 1.0688 	 1.5703 	 1.0667 	 817.7766 	18.0000 	 2.2283 	 2.0478 	 0.4916 	 0.1056 
18.0000 	 0.8359 	 1.3774 	 0.1221 	 815.9054 	18.0000 	 0.8354 	 1.3753 	 0.1231 	 0.2056 
2.0000 	 0.2280 	 0.2845 	 0.1414 	 854.2261 	2.0000 	 2.3343 	 0.7134 	 -0.1024 	 0.5679 
19.0000 	 1.1170 	 1.5601 	 1.1051 	 816.0157 	19.0000 	 2.8102 	 2.4627 	 0.1628 	 0.1304 
2.0000 	 0.3937 	 0.1662 	 0.0900 	 846.2547 	2.0000 	 1.3149 	 1.3118 	 0.0319 	 0.8212 
19.0000 	 1.1084 	 1.5356 	 1.0112 	 816.2372 	19.0000 	 1.0653 	 0.1948 	 -0.4833 	 0.1357 
7.0000 	 0.5459 	 1.1134 	 0.6617 	 853.8023 	7.0000 	 1.4375 	 1.1265 	 0.2338 	 0.1999 
17.0000 	 1.0330 	 1.5264 	 1.0221 	 819.5679 	17.0000 	 0.1678 	 2.8596 	 0.4392 	 0.0997 
7.0000 	 0.5539 	 1.1258 	 0.7510 	 853.8555 	7.0000 	 0.7138 	 0.9779 	 0.2576 	 0.2415 
32.0000 	 1.4881 	 1.7333 	 1.2215 	 803.1658 	32.0000 	 0.9570 	 2.0024 	 -0.3717 	 0.1290 
8.0000 	 0.6008 	 1.2352 	 0.7980 	 848.1513 	8.0000 	 2.0903 	 0.0451 	 0.2030 	 0.2176 
4.0000 	 0.3497 	 0.6924 	 0.3298 	 873.0464 	4.0000 	 2.9908 	 2.4983 	 0.0454 	 0.3936 
4.0000 	 0.3663 	 0.6677 	 0.4543 	 870.9524 	4.0000 	 0.5496 	 1.4592 	 0.2255 	 0.3602 
3.0000 	 0.4038 	 0.3048 	 0.1706 	 861.9881 	3.0000 	 2.9290 	 0.2068 	 0.3843 	 0.5092 
47.0000 	 1.8598 	 1.7293 	 1.2164 	 797.1409 	47.0000 	 0.5912 	 0.7761 	 -0.2174 	 0.0891 
8.0000 	 0.6023 	 1.2420 	 0.8073 	 848.0089 	8.0000 	 1.4565 	 0.5609 	 0.4528 	 0.1946 
9.0000 	 0.6668 	 1.2980 	 0.8552 	 843.6334 	9.0000 	 1.8685 	 1.3370 	 -0.3701 	 0.1549 
3.0000 	 0.4065 	 0.3110 	 0.1817 	 862.0557 	3.0000 	 2.6568 	 2.1721 	 -0.3475 	 0.5853 
2.0000 	 0.2039 	 0.3213 	 0.1978 	 856.3686 	2.0000 	 1.8628 	 2.7194 	 0.3901 	 0.6038 
19.0000 	 1.0907 	 1.6164 	 1.1061 	 816.0209 	19.0000 	 2.9118 	 0.3728 	 -0.1888 	 0.1007 
20.0000 	 1.1293 	 1.6521 	 1.1587 	 814.5103 	20.0000 	 1.4292 	 2.5524 	 -0.2100 	 0.0868 
24.0000 	 1.2624 	 1.6923 	 1.2034 	 809.5485 	24.0000 	 2.3430 	 1.0887 	 0.1295 	 0.1150 
6.0000 	 0.5574 	 0.7941 	 0.5573 	 860.4495 	6.0000 	 2.9921 	 0.8131 	 -0.1830 	 0.3088 
7.0000 	 0.5066 	 1.3282 	 0.7798 	 854.5809 	7.0000 	 0.0720 	 2.4417 	 -0.2612 	 0.2023 
47.0000 	 1.7576 	 2.0724 	 1.4855 	 797.8712 	47.0000 	 0.1655 	 1.4844 	 0.0700 	 0.1300 
5.0000 	 0.4392 	 0.8119 	 0.4766 	 865.4958 	5.0000 	 2.8874 	 2.1808 	 0.0012 	 0.2956 
4.0000 	 0.5336 	 0.3490 	 0.2076 	 866.3682 	4.0000 	 1.3950 	 2.8799 	 0.2526 	 0.3732 
17.0000 	 1.0378 	 1.5392 	 1.0736 	 819.4712 	17.0000 	 1.0152 	 0.4136 	 0.1584 	 0.1105 
9.0000 	 0.6563 	 1.3078 	 0.8604 	 843.0752 	9.0000 	 1.1327 	 2.2841 	 -0.3065 	 0.1788 
39.0000 	 1.6293 	 1.8727 	 1.3238 	 799.5609 	39.0000 	 0.5040 	 1.7838 	 -0.4782 	 0.0906 
2.0000 	 0.2217 	 0.3000 	 0.1594 	 854.4270 	2.0000 	 0.0665 	 0.7550 	 0.1448 	 0.6506 
39.0000 	 1.6443 	 1.8224 	 1.2893 	 799.6223 	39.0000 	 2.1542 	 0.0654 	 0.3198 	 0.1041 
32.0000 	 1.4296 	 2.2878 	 1.2695 	 798.9601 	32.0000 	 2.1966 	 2.5668 	 -0.2013 	 0.1061 
47.0000 	 1.8045 	 1.8967 	 1.3495 	 797.1689 	47.0000 	 0.6162 	 1.7564 	 0.1388 	 0.0915 
47.0000 	 1.8668 	 1.7214 	 1.1922 	 797.1865 	47.0000 	 2.3206 	 1.3797 	 0.0465 	 0.1178 
32.0000 	 1.4296 	 2.2878 	 1.2695 	 800.8097 	32.0000 	 2.8137 	 0.8565 	 -0.2607 	 0.0863 
24.0000 	 1.2992 	 1.1188 	 1.0547 	 807.2928 	24.0000 	 2.0336 	 1.7916 	 -0.2025 	 0.1250 
46.0000 	 1.8486 	 1.6749 	 1.1360 	 797.4988 	46.0000 	 1.2458 	 1.4811 	 0.3679 	 0.0903 
46.0000 	 1.7582 	 1.9750 	 1.4090 	 797.5421 	46.0000 	 1.6744 	 1.4718 	 0.2118 	 0.1156 
17.0000 	 1.0145 	 1.6133 	 1.0966 	 819.5474 	17.0000 	 0.8294 	 2.2239 	 -0.4924 	 0.1294 
46.0000 	 1.7971 	 1.8471 	 1.2951 	 797.3199 	46.0000 	 1.5619 	 2.8638 	 0.0932 	 0.1007 
39.0000 	 1.6328 	 1.8488 	 1.2894 	 799.6527 	39.0000 	 2.8402 	 1.6074 	 0.4432 	 0.0912 
46.0000 	 1.7987 	 1.8141 	 1.2396 	 797.3327 	46.0000 	 1.2172 	 0.5038 	 0.0776 	 0.0929 
24.0000 	 1.2366 	 1.8142 	 1.3315 	 810.1248 	24.0000 	 2.2559 	 0.1807 	 -0.3114 	 0.1202 
9.0000 	 0.6823 	 1.2115 	 0.8062 	 843.4888 	9.0000 	 0.0028 	 2.8090 	 0.3545 	 0.1802 
2.0000 	 0.2039 	 0.3297 	 0.2024 	 857.6079 	2.0000 	 0.4142 	 1.0548 	 -0.1633 	 0.5046 
46.0000 	 1.8335 	 1.7313 	 1.1822 	 797.5084 	46.0000 	 2.3052 	 1.2514 	 -0.2713 	 0.0928 
46.0000 	 1.8506 	 1.7099 	 1.2334 	 797.5194 	46.0000 	 1.6757 	 1.5438 	 -0.1943 	 0.0863 
17.0000 	 1.0238 	 1.5930 	 1.1246 	 819.3880 	17.0000 	 1.9927 	 2.2714 	 -0.1391 	 0.1274 
40.0000 	 1.6714 	 1.8093 	 1.2692 	 799.3321 	40.0000 	 1.8338 	 1.2301 	 0.4217 	 0.0996 
40.0000 	 1.6981 	 1.7149 	 1.1655 	 799.5167 	40.0000 	 2.5732 	 1.5881 	 0.3512 	 0.1020 
46.0000 	 1.7838 	 1.8750 	 1.3160 	 797.2677 	46.0000 	 2.1065 	 0.8784 	 -0.0424 	 0.1109 
9.0000 	 0.6599 	 1.2930 	 0.7743 	 843.7933 	9.0000 	 2.7509 	 0.2712 	 -0.1256 	 0.1695 
32.0000 	 1.4600 	 1.8439 	 1.3432 	 803.4458 	32.0000 	 0.6879 	 1.9417 	 0.1852 	 0.0916 
2.0000 	 0.3129 	 0.2224 	 0.1230 	 850.0455 	2.0000 	 0.7558 	 0.8134 	 -0.4146 	 0.6721 
46.0000 	 1.8013 	 1.8615 	 1.3019 	 797.4250 	46.0000 	 2.9139 	 0.0351 	 -0.3285 	 0.1063 
39.0000 	 1.6560 	 1.7568 	 1.1979 	 799.6599 	39.0000 	 2.7774 	 2.8042 	 0.4414 	 0.0927 
40.0000 	 1.6561 	 1.8602 	 1.3187 	 799.4605 	40.0000 	 2.8463 	 0.9950 	 0.2124 	 0.1053 
24.0000 	 1.2527 	 1.7277 	 1.2089 	 809.5684 	24.0000 	 2.5423 	 1.4092 	 -0.2771 	 0.1071 
31.0000 	 1.4635 	 1.7125 	 1.2074 	 803.8176 	31.0000 	 1.1871 	 0.7113 	 0.3338 	 0.0867 
46.0000 	 1.7636 	 1.9452 	 1.3578 	 797.5340 	46.0000 	 1.1931 	 1.0505 	 -0.2644 	 0.1280 
46.0000 	 1.8011 	 1.8454 	 1.3019 	 797.2847 	46.0000 	 1.6669 	 2.3694 	 0.4047 	 0.0990 
40.0000 	 1.6749 	 1.8131 	 1.2788 	 799.3038 	40.0000 	 1.0203 	 2.7503 	 -0.0986 	 0.0843 
31.0000 	 1.4437 	 1.8246 	 1.3146 	 803.8494 	31.0000 	 1.1450 	 0.0518 	 0.2895 	 0.1270 
17.0000 	 1.0290 	 1.5648 	 1.0700 	 819.4927 	17.0000 	 0.5388 	 1.4596 	 0.1912 	 0.1538 
40.0000 	 1.7045 	 1.7192 	 1.2047 	 799.4205 	40.0000 	 0.4759 	 1.6752 	 0.3358 	 0.0866 
40.0000 	 1.6159 	 2.0019 	 1.4215 	 799.8240 	40.0000 	 1.1366 	 1.4539 	 -0.4707 	 0.1003 
25.0000 	 1.2661 	 1.7589 	 1.2041 	 808.4973 	25.0000 	 1.4432 	 0.2152 	 0.2679 	 0.1225 
40.0000 	 1.6607 	 1.8759 	 1.3836 	 799.3758 	40.0000 	 0.3055 	 0.5322 	 -0.2661 	 0.1160 
45.0000 	 1.7567 	 1.9486 	 1.4302 	 798.0546 	45.0000 	 0.2324 	 2.5733 	 -0.2113 	 0.1474 
45.0000 	 1.7787 	 1.8036 	 1.2108 	 797.6710 	45.0000 	 0.0647 	 1.3461 	 -0.2557 	 0.1078 
9.0000 	 0.6545 	 1.3381 	 0.9135 	 842.9713 	9.0000 	 1.8956 	 2.8876 	 0.0840 	 0.1564 
45.0000 	 5.6682 	 9.0970 	 10.0000 	 1735.2414 	45.0000 	 0.0013 	 2.0657 	 -0.1937 	 0.0082 
2.0000 	 0.2070 	 0.3375 	 0.2029 	 857.3917 	2.0000 	 0.4264 	 0.7854 	 0.2694 	 0.5896 
31.0000 	 1.4662 	 1.7053 	 1.1739 	 803.9390 	31.0000 	 0.9153 	 2.4741 	 -0.0691 	 0.0928 
15.0000 	 0.9322 	 1.5799 	 1.0794 	 823.6729 	15.0000 	 0.3992 	 2.6908 	 -0.0537 	 0.1096 
25.0000 	 1.2660 	 1.7818 	 1.2324 	 808.6065 	25.0000 	 2.4084 	 0.2722 	 0.4729 	 0.0929 
32.0000 	 1.4896 	 1.7272 	 1.2084 	 803.1204 	32.0000 	 2.9869 	 2.1173 	 0.4403 	 0.0951 
45.0000 	 1.7777 	 1.8340 	 1.2748 	 797.7380 	45.0000 	 2.7179 	 2.6594 	 -0.2731 	 0.1445 
11.0000 	 0.7786 	 1.3800 	 0.9802 	 835.1935 	11.0000 	 2.0087 	 0.1178 	 -0.3400 	 0.1383 
31.0000 	 1.4584 	 1.7349 	 1.1967 	 803.6906 	31.0000 	 1.4582 	 2.6637 	 -0.0217 	 0.0908 
31.0000 	 1.4287 	 1.8397 	 1.2700 	 803.9023 	31.0000 	 2.6001 	 2.0589 	 0.3767 	 0.1158 
31.0000 	 1.4582 	 1.7507 	 1.2279 	 803.9370 	31.0000 	 1.3980 	 2.9458 	 0.3035 	 0.0918 
15.0000 	 0.9358 	 1.6024 	 1.1330 	 823.8236 	15.0000 	 1.6947 	 0.2095 	 0.0086 	 0.1321 
25.0000 	 1.2760 	 1.7620 	 1.2600 	 808.4348 	25.0000 	 1.4042 	 1.1496 	 -0.4520 	 0.1206 
40.0000 	 1.6887 	 1.7381 	 1.1990 	 799.3392 	40.0000 	 2.8301 	 1.5173 	 0.1734 	 0.0931 
40.0000 	 1.6536 	 1.8580 	 1.2786 	 799.2899 	40.0000 	 2.8778 	 0.8333 	 0.4612 	 0.1015 
31.0000 	 1.4441 	 1.8030 	 1.2485 	 803.9386 	31.0000 	 0.0697 	 2.6371 	 -0.3289 	 0.0679 
45.0000 	 1.7504 	 1.8958 	 1.2703 	 797.9539 	45.0000 	 1.5028 	 1.4359 	 0.1493 	 0.1263 
11.0000 	 0.7460 	 1.4981 	 1.0212 	 835.2068 	11.0000 	 0.2855 	 0.0421 	 0.2949 	 0.1317 
15.0000 	 0.9308 	 1.5593 	 1.0398 	 823.7833 	15.0000 	 2.3985 	 0.9007 	 -0.1860 	 0.1103 
25.0000 	 1.3017 	 1.6375 	 1.1237 	 808.7918 	25.0000 	 1.2049 	 2.1932 	 0.3233 	 0.1124 
41.0000 	 1.6912 	 1.8039 	 1.2523 	 798.8952 	41.0000 	 0.0331 	 1.7315 	 -0.2655 	 0.0943 
25.0000 	 1.2662 	 1.8066 	 1.2938 	 808.5234 	25.0000 	 0.6009 	 2.8889 	 0.2233 	 0.0983 
40.0000 	 1.6863 	 1.7550 	 1.1947 	 799.2879 	40.0000 	 0.4354 	 0.8463 	 0.2107 	 0.1102 
41.0000 	 1.6894 	 1.8430 	 1.2919 	 798.8684 	41.0000 	 2.8182 	 1.6656 	 0.3385 	 0.0943 
11.0000 	 0.7640 	 1.4039 	 0.9445 	 835.2287 	11.0000 	 2.3622 	 0.7868 	 0.1043 	 0.1449 
25.0000 	 1.3007 	 1.6493 	 1.1460 	 808.8291 	25.0000 	 1.8022 	 2.6440 	 -0.0779 	 0.1123 
24.0000 	 1.2825 	 1.5988 	 1.1096 	 809.6346 	24.0000 	 0.5853 	 2.8684 	 0.2633 	 0.1031 
41.0000 	 1.6610 	 1.9203 	 1.3482 	 799.0018 	41.0000 	 1.5142 	 2.7556 	 0.4489 	 0.1045 
45.0000 	 1.7622 	 1.8656 	 1.2711 	 797.6114 	45.0000 	 1.1403 	 2.7288 	 0.1719 	 0.0958 
45.0000 	 1.7280 	 1.9710 	 1.3746 	 797.9605 	45.0000 	 0.8365 	 1.8473 	 -0.4618 	 0.1491 
15.0000 	 0.9820 	 1.3902 	 0.9492 	 824.2881 	15.0000 	 1.3100 	 0.5452 	 0.4607 	 0.1493 
14.0000 	 0.8927 	 1.5462 	 1.0726 	 826.0005 	14.0000 	 1.0252 	 1.1531 	 0.4476 	 0.1242 
17.0000 	 5.9970 	 9.9929 	 -10.0000 	 2107.4960 	17.0000 	 2.5462 	 2.6150 	 0.0113 	 0.1319 
31.0000 	 3.3740 	 10.0000 	 -6.9041 	 1985.1105 	31.0000 	 0.3291 	 2.6071 	 -0.2853 	 0.1242 
14.0000 	 0.9535 	 1.3107 	 0.9122 	 826.8663 	14.0000 	 0.9664 	 0.3320 	 0.4952 	 0.1253 
11.0000 	 0.7630 	 1.4317 	 0.9610 	 835.3230 	11.0000 	 2.4158 	 1.6987 	 -0.0656 	 0.1458 
12.0000 	 0.7988 	 1.5491 	 1.1166 	 832.0870 	12.0000 	 2.3916 	 2.3144 	 -0.0533 	 0.1576 
9.0000 	 0.6651 	 1.3046 	 0.8512 	 843.3673 	9.0000 	 0.7315 	 2.6556 	 0.3877 	 0.1776 
45.0000 	 1.7931 	 1.7598 	 1.2034 	 797.7002 	45.0000 	 0.8317 	 1.6664 	 0.3907 	 0.0881 
41.0000 	 1.7027 	 1.7982 	 1.2923 	 798.9449 	41.0000 	 0.5768 	 0.3624 	 0.2655 	 0.1080 
25.0000 	 1.2829 	 1.7053 	 1.1917 	 808.6417 	25.0000 	 0.9067 	 0.1359 	 -0.1377 	 0.1101 
31.0000 	 1.4307 	 1.8201 	 1.2790 	 803.8879 	31.0000 	 0.7708 	 2.4656 	 -0.3223 	 0.1044 
31.0000 	 1.4455 	 1.8161 	 1.2903 	 804.0386 	31.0000 	 0.0366 	 2.0727 	 0.1802 	 0.0997 
2.0000 	 0.4199 	 0.1489 	 0.0607 	 845.3412 	2.0000 	 0.1072 	 0.9937 	 0.4550 	 0.6271 
12.0000 	 0.7810 	 1.5849 	 1.0545 	 832.0420 	12.0000 	 2.5732 	 0.8820 	 -0.3450 	 0.1398 
30.0000 	 1.4185 	 1.8018 	 1.2817 	 804.4529 	30.0000 	 0.2346 	 1.1077 	 0.4341 	 0.1162 
30.0000 	 1.4101 	 1.8179 	 1.2681 	 804.3245 	30.0000 	 0.7728 	 0.9875 	 0.4083 	 0.1130 
25.0000 	 1.2897 	 1.7060 	 1.2042 	 808.5627 	25.0000 	 0.9036 	 0.5733 	 -0.4010 	 0.0891 
45.0000 	 1.7688 	 1.8352 	 1.2418 	 797.5054 	45.0000 	 2.3709 	 1.0977 	 0.3734 	 0.1087 
30.0000 	 1.4066 	 1.8530 	 1.3241 	 804.4166 	30.0000 	 0.9884 	 1.4615 	 0.3863 	 0.1352 
14.0000 	 0.9213 	 1.4446 	 0.9773 	 826.1170 	14.0000 	 1.5086 	 1.2110 	 -0.1751 	 0.1332 
25.0000 	 1.2984 	 1.6546 	 1.1550 	 808.7378 	25.0000 	 2.8402 	 2.9629 	 0.1588 	 0.0875 
45.0000 	 1.7910 	 1.7904 	 1.2220 	 797.6594 	45.0000 	 1.4823 	 2.2460 	 0.2458 	 0.0902 
25.0000 	 1.2888 	 1.6880 	 1.1515 	 808.4346 	25.0000 	 1.3964 	 1.2641 	 0.1671 	 0.1032 
41.0000 	 1.7113 	 1.7670 	 1.2094 	 799.0408 	41.0000 	 2.2107 	 0.1521 	 0.2694 	 0.0804 
12.0000 	 0.7481 	 1.7179 	 1.1279 	 833.6669 	12.0000 	 2.4709 	 1.4772 	 0.1363 	 0.1529 
14.0000 	 0.9060 	 1.5142 	 1.0449 	 826.0706 	14.0000 	 0.9393 	 0.2659 	 -0.3177 	 0.1397 
15.0000 	 0.9425 	 1.5813 	 1.1124 	 823.6660 	15.0000 	 0.3363 	 2.0970 	 0.4283 	 0.1128 
26.0000 	 1.3247 	 1.6846 	 1.1621 	 807.5218 	26.0000 	 1.0543 	 2.9477 	 -0.0760 	 0.1119 
26.0000 	 1.3359 	 1.6031 	 1.0817 	 807.8425 	26.0000 	 2.4833 	 0.9065 	 0.3228 	 0.1316 
41.0000 	 1.6806 	 1.8578 	 1.3115 	 799.1138 	41.0000 	 2.1787 	 2.7675 	 -0.2698 	 0.1386 
12.0000 	 0.8140 	 1.4471 	 0.9943 	 832.1045 	12.0000 	 2.2680 	 0.2384 	 0.3267 	 0.1716 
14.0000 	 0.9165 	 1.4438 	 0.9798 	 826.2203 	14.0000 	 1.3459 	 0.1213 	 -0.4669 	 0.1200 
26.0000 	 1.3092 	 1.7661 	 1.2447 	 807.7491 	26.0000 	 1.1811 	 1.5902 	 0.0690 	 0.0988 
44.0000 	 1.7417 	 1.8808 	 1.3352 	 798.0504 	44.0000 	 2.6109 	 1.9846 	 -0.1506 	 0.1230 
41.0000 	 1.6827 	 1.8179 	 1.2405 	 798.9441 	41.0000 	 1.2641 	 1.8818 	 -0.3306 	 0.1366 
30.0000 	 1.4126 	 1.8036 	 1.2421 	 804.4682 	30.0000 	 0.2820 	 2.7438 	 0.1146 	 0.1113 
11.0000 	 0.7863 	 1.3143 	 0.8902 	 835.1136 	11.0000 	 0.0693 	 2.1250 	 -0.0071 	 0.1699 
16.0000 	 0.9740 	 1.6019 	 1.1094 	 821.1944 	16.0000 	 0.2512 	 0.5203 	 0.3807 	 0.1175 
16.0000 	 0.9819 	 1.5818 	 1.0862 	 821.2601 	16.0000 	 0.4932 	 0.6780 	 -0.4512 	 0.1155 
30.0000 	 1.4500 	 1.6691 	 1.1595 	 804.8968 	30.0000 	 2.9397 	 0.5667 	 0.2904 	 0.1060 
16.0000 	 0.9900 	 1.5197 	 1.0201 	 821.5629 	16.0000 	 2.0118 	 1.9656 	 -0.4260 	 0.1402 
41.0000 	 1.6851 	 1.8591 	 1.3131 	 798.8887 	41.0000 	 0.9890 	 1.9947 	 -0.3677 	 0.1055 
12.0000 	 0.7991 	 1.5530 	 1.0658 	 832.0708 	12.0000 	 2.7001 	 1.5474 	 0.2081 	 0.1267 
10.0000 	 0.7267 	 1.3411 	 0.9249 	 838.8023 	10.0000 	 0.2504 	 2.1264 	 -0.4463 	 0.2154 
10.0000 	 0.7382 	 1.2733 	 0.8973 	 838.9795 	10.0000 	 2.2746 	 1.1922 	 0.2434 	 0.1467 
1.0000 	 0.0471 	 0.2744 	 0.1088 	 841.3697 	1.0000 	 0.8048 	 1.5569 	 0.1828 	 0.9246 
1.0000 	 0.0329 	 0.3366 	 0.1373 	 847.5003 	1.0000 	 1.5313 	 0.8161 	 -0.1881 	 0.8918 
10.0000 	 0.7059 	 1.3967 	 0.9102 	 839.0658 	10.0000 	 0.5196 	 1.4593 	 -0.3968 	 0.1591 
1.0000 	 0.0590 	 0.2392 	 0.1090 	 838.0402 	1.0000 	 2.2768 	 2.5418 	 -0.3466 	 0.7407 
41.0000 	 1.7155 	 1.7439 	 1.2150 	 799.1200 	41.0000 	 1.0677 	 2.6300 	 -0.3220 	 0.3299 
30.0000 	 1.4041 	 1.8289 	 1.2740 	 804.5389 	30.0000 	 2.6133 	 0.2263 	 -0.0984 	 0.1040 
30.0000 	 1.4424 	 1.7291 	 1.2220 	 804.4935 	30.0000 	 1.2806 	 2.2802 	 -0.1391 	 0.1027 
26.0000 	 1.3165 	 1.7123 	 1.1748 	 807.7095 	26.0000 	 2.0768 	 1.0379 	 0.4276 	 0.0954 
44.0000 	 1.7708 	 1.7593 	 1.1731 	 798.0689 	44.0000 	 0.5529 	 1.8428 	 0.1204 	 0.0940 
41.0000 	 1.6777 	 1.8524 	 1.2868 	 798.8155 	41.0000 	 2.7032 	 2.0397 	 0.4066 	 0.1006 
26.0000 	 1.3400 	 1.6757 	 1.1876 	 807.7775 	26.0000 	 0.9672 	 2.8749 	 0.1049 	 0.1170 
42.0000 	 1.6897 	 1.9216 	 1.3838 	 798.6767 	42.0000 	 1.1959 	 2.3001 	 0.3113 	 0.0955 
30.0000 	 1.4330 	 1.7170 	 1.1644 	 804.4274 	30.0000 	 1.8525 	 0.2832 	 -0.4690 	 0.1076 
16.0000 	 0.9497 	 1.7320 	 1.2050 	 821.7347 	16.0000 	 0.7559 	 1.1358 	 0.3995 	 0.1104 
44.0000 	 1.7962 	 1.7139 	 1.1946 	 798.0933 	44.0000 	 1.3105 	 1.3797 	 -0.0472 	 0.0939 
44.0000 	 5.9996 	 9.9981 	 -10.0000 	 2105.8768 	44.0000 	 2.8707 	 2.7246 	 0.4223 	 0.1396 
26.0000 	 1.3020 	 1.7574 	 1.2194 	 807.5794 	26.0000 	 2.4526 	 0.6025 	 0.0306 	 0.1039 
10.0000 	 0.7223 	 1.3183 	 0.8754 	 839.2619 	10.0000 	 1.1700 	 1.2643 	 -0.4623 	 0.1541 
1.0000 	 0.0653 	 0.2375 	 0.1003 	 839.2061 	1.0000 	 0.8494 	 2.4165 	 -0.2753 	 0.9684 
26.0000 	 5.9868 	 9.9722 	 -10.0000 	 2024.7903 	26.0000 	 0.4852 	 2.9620 	 -0.0626 	 0.2597 
30.0000 	 1.4238 	 1.7764 	 1.2577 	 804.4974 	30.0000 	 2.9919 	 1.6434 	 -0.1900 	 0.0822 
16.0000 	 0.9849 	 1.5877 	 1.1270 	 821.4819 	16.0000 	 0.3846 	 0.2200 	 0.4087 	 0.1003 
26.0000 	 1.3359 	 1.6660 	 1.1662 	 807.7223 	26.0000 	 0.8509 	 0.2072 	 -0.0704 	 0.0882 
29.0000 	 1.4055 	 1.7274 	 1.1891 	 805.1638 	29.0000 	 1.4144 	 1.6351 	 0.2478 	 0.1177 
10.0000 	 0.7117 	 1.3557 	 0.9018 	 838.8387 	10.0000 	 1.2030 	 1.9880 	 0.3047 	 0.1326 
1.0000 	 0.0486 	 0.2812 	 0.0866 	 841.7783 	1.0000 	 1.8425 	 2.1041 	 0.0499 	 0.9162 
16.0000 	 0.9885 	 1.5418 	 1.0621 	 821.3319 	16.0000 	 2.8058 	 2.5889 	 0.3166 	 0.1110 
26.0000 	 1.3445 	 1.6036 	 1.1005 	 807.7977 	26.0000 	 1.3185 	 1.2949 	 -0.4454 	 0.1055 
16.0000 	 0.9900 	 1.5550 	 1.1056 	 821.2667 	16.0000 	 0.0091 	 1.5418 	 0.3459 	 0.1200 
16.0000 	 0.9646 	 1.6559 	 1.1409 	 821.6011 	16.0000 	 2.3854 	 0.2709 	 -0.3110 	 0.1068 
42.0000 	 1.7016 	 1.8585 	 1.2877 	 798.4914 	42.0000 	 1.5498 	 0.7220 	 -0.0212 	 0.1061 
10.0000 	 0.7193 	 1.3643 	 0.9057 	 838.8430 	10.0000 	 2.0995 	 0.8324 	 0.0413 	 0.1605 
1.0000 	 0.0629 	 0.2219 	 0.1257 	 840.0500 	1.0000 	 2.9074 	 1.6672 	 -0.4779 	 1.6087 
42.0000 	 1.7244 	 1.8307 	 1.3204 	 798.5176 	42.0000 	 0.6886 	 1.8287 	 0.3064 	 0.0921 
27.0000 	 1.3454 	 1.7394 	 1.2210 	 806.9202 	27.0000 	 1.5059 	 0.4858 	 -0.3952 	 0.1109 
10.0000 	 0.7420 	 1.2842 	 0.8780 	 838.9828 	10.0000 	 1.3203 	 2.9891 	 -0.3942 	 0.1807 
10.0000 	 0.7414 	 1.2626 	 0.8804 	 839.1787 	10.0000 	 2.6308 	 0.9809 	 -0.3730 	 0.1499 
42.0000 	 1.7093 	 1.8020 	 1.2303 	 798.7595 	42.0000 	 2.8953 	 1.8201 	 0.0786 	 0.1372 
44.0000 	 1.7548 	 1.8336 	 1.2680 	 797.7814 	44.0000 	 1.6026 	 1.1395 	 -0.4334 	 0.1087 
1.0000 	 0.0370 	 0.2865 	 0.1330 	 842.9478 	1.0000 	 2.8857 	 1.3294 	 -0.1421 	 0.6408 
44.0000 	 1.7444 	 1.8732 	 1.3189 	 797.9528 	44.0000 	 1.7831 	 1.6494 	 0.4361 	 0.1057 
16.0000 	 0.9850 	 1.5552 	 1.0608 	 821.3817 	16.0000 	 0.3578 	 2.8565 	 -0.3887 	 0.1014 
1.0000 	 0.0835 	 0.2021 	 0.0918 	 835.0400 	1.0000 	 0.8965 	 2.3613 	 -0.4062 	 1.0172 
44.0000 	 1.8148 	 1.6735 	 1.1429 	 798.3660 	44.0000 	 0.0131 	 2.4292 	 0.0819 	 0.1042 
44.0000 	 1.7847 	 1.7564 	 1.2447 	 798.1850 	44.0000 	 1.7696 	 2.0230 	 -0.0082 	 0.0951 
14.0000 	 0.9315 	 1.4021 	 0.9643 	 826.4945 	14.0000 	 2.6868 	 1.9809 	 0.3353 	 0.1157 
10.0000 	 0.6944 	 1.4527 	 0.9214 	 839.4799 	10.0000 	 2.6931 	 1.1402 	 0.4741 	 0.1429 
44.0000 	 1.7685 	 1.7978 	 1.2632 	 797.9137 	44.0000 	 2.8714 	 0.2275 	 0.3177 	 0.0906 
1.0000 	 0.0533 	 0.2572 	 0.1547 	 840.4808 	1.0000 	 0.5580 	 0.2023 	 0.2716 	 0.8245 
30.0000 	 1.4015 	 1.8000 	 1.2086 	 804.5847 	30.0000 	 1.4503 	 0.0492 	 0.4930 	 0.0989 
29.0000 	 1.4125 	 1.6777 	 1.1349 	 805.1126 	29.0000 	 0.8424 	 1.8803 	 0.0651 	 0.1017 
29.0000 	 1.4272 	 1.6219 	 1.0919 	 805.4655 	29.0000 	 2.7188 	 1.4185 	 -0.3668 	 0.0983 
12.0000 	 0.8123 	 1.4414 	 0.9524 	 831.5517 	12.0000 	 2.5747 	 1.0482 	 0.4326 	 0.1444 
43.0000 	 1.7251 	 1.8695 	 1.3319 	 798.2623 	43.0000 	 1.5571 	 0.1817 	 0.3419 	 0.0911 
43.0000 	 1.7434 	 1.7657 	 1.1629 	 798.2909 	43.0000 	 1.8625 	 1.7677 	 -0.4799 	 0.0979 
42.0000 	 1.7333 	 1.7843 	 1.2739 	 798.7442 	42.0000 	 1.7728 	 0.6643 	 -0.0270 	 0.1186 
29.0000 	 1.3904 	 1.7414 	 1.2079 	 805.1158 	29.0000 	 1.0879 	 2.3535 	 -0.2803 	 0.0910 
27.0000 	 1.3424 	 1.7599 	 1.2733 	 806.8741 	27.0000 	 1.9062 	 0.2607 	 0.0347 	 0.1246 
43.0000 	 1.7148 	 1.9142 	 1.3499 	 798.5116 	43.0000 	 0.0959 	 1.9633 	 0.0678 	 0.1053 
42.0000 	 1.7431 	 1.7270 	 1.1817 	 798.6092 	42.0000 	 0.4951 	 1.4767 	 0.2770 	 0.0881 
26.0000 	 1.3285 	 1.6400 	 1.0393 	 808.1815 	26.0000 	 1.6713 	 0.6174 	 -0.1713 	 0.1287 
42.0000 	 1.6939 	 1.9020 	 1.3521 	 798.8138 	42.0000 	 2.4642 	 0.8674 	 -0.2688 	 0.0829 
14.0000 	 0.9171 	 1.4611 	 1.0284 	 826.2102 	14.0000 	 0.3256 	 1.7145 	 0.4576 	 0.1219 
42.0000 	 1.7684 	 1.6205 	 1.0731 	 799.2460 	42.0000 	 2.6796 	 0.5110 	 0.4788 	 0.1095 
42.0000 	 1.7280 	 1.7774 	 1.2246 	 798.6034 	42.0000 	 1.0774 	 2.4877 	 -0.1815 	 0.0996 
27.0000 	 1.3185 	 1.7965 	 1.1868 	 806.9023 	27.0000 	 0.5911 	 2.8370 	 -0.1727 	 0.0924 
43.0000 	 1.7487 	 1.7679 	 1.2028 	 798.2001 	43.0000 	 1.2764 	 0.7557 	 -0.2172 	 0.1140 
27.0000 	 1.3601 	 1.6815 	 1.1864 	 806.8054 	27.0000 	 0.1245 	 1.0638 	 0.1817 	 0.0938 
43.0000 	 1.7480 	 1.8118 	 1.2802 	 798.0774 	43.0000 	 0.6267 	 0.4593 	 -0.1542 	 0.1287 
12.0000 	 0.8550 	 1.2827 	 0.8764 	 832.2846 	12.0000 	 1.6861 	 1.2970 	 -0.2796 	 0.1231 
43.0000 	 1.6801 	 2.0352 	 1.4308 	 798.8557 	43.0000 	 2.1463 	 1.9998 	 0.4386 	 0.1071 
16.0000 	 0.9661 	 1.6355 	 1.0916 	 821.3424 	16.0000 	 1.0599 	 2.0298 	 -0.0521 	 0.1143 
29.0000 	 1.3595 	 1.8969 	 1.3435 	 805.2090 	29.0000 	 1.6682 	 0.0606 	 -0.3326 	 0.0919 
10.0000 	 0.6796 	 1.5842 	 1.0617 	 839.9007 	10.0000 	 0.7892 	 1.8977 	 0.0404 	 0.0680 
1.0000 	 0.0243 	 0.3609 	 0.1572 	 848.1560 	1.0000 	 2.3172 	 2.9185 	 -0.3281 	 1.2034 
29.0000 	 1.3821 	 1.8348 	 1.3043 	 805.1026 	29.0000 	 2.9913 	 1.3681 	 0.4153 	 0.0880 
14.0000 	 0.9002 	 1.5233 	 1.0440 	 825.8593 	14.0000 	 2.4628 	 1.0967 	 0.3834 	 0.1105 
14.0000 	 0.8796 	 1.5916 	 1.1055 	 826.2126 	14.0000 	 1.9726 	 2.3748 	 0.1316 	 0.1035 
29.0000 	 1.3790 	 1.8228 	 1.2674 	 805.2094 	29.0000 	 1.4832 	 0.0497 	 0.2577 	 0.1007 
12.0000 	 0.8125 	 1.4377 	 0.9568 	 831.8836 	12.0000 	 2.7986 	 1.3210 	 0.0016 	 0.1840 
29.0000 	 1.3789 	 1.8016 	 1.2678 	 805.2819 	29.0000 	 1.0683 	 2.6163 	 -0.4961 	 0.0954 
12.0000 	 0.8108 	 1.4523 	 0.9677 	 831.7005 	12.0000 	 2.4335 	 1.5919 	 -0.0508 	 0.1162 
29.0000 	 1.3803 	 1.8106 	 1.2795 	 805.2027 	29.0000 	 0.2283 	 1.3798 	 0.1778 	 0.0907 
43.0000 	 1.7434 	 1.8108 	 1.2564 	 798.2434 	43.0000 	 2.2714 	 2.0040 	 -0.1579 	 0.0710 
27.0000 	 1.3585 	 1.6938 	 1.1828 	 806.6747 	27.0000 	 1.6061 	 2.7631 	 0.1120 	 0.1031 
27.0000 	 1.3556 	 1.7105 	 1.1892 	 806.7330 	27.0000 	 1.4876 	 0.7042 	 -0.0279 	 0.0921 
28.0000 	 1.3667 	 1.7593 	 1.2242 	 806.0558 	28.0000 	 1.5106 	 2.1084 	 0.1282 	 0.0971 
43.0000 	 1.7833 	 1.6789 	 1.1279 	 798.7590 	43.0000 	 0.4452 	 2.8728 	 -0.0090 	 0.0831 
43.0000 	 1.7780 	 1.6845 	 1.1571 	 798.4861 	43.0000 	 1.7450 	 0.0821 	 0.2203 	 0.0882 
13.0000 	 0.8683 	 1.4490 	 0.9773 	 828.7771 	13.0000 	 0.4723 	 1.1741 	 0.2470 	 0.1335 
13.0000 	 0.8657 	 1.4783 	 1.0337 	 828.8431 	13.0000 	 2.1077 	 2.7875 	 0.3573 	 0.1392 
13.0000 	 0.8462 	 1.5182 	 1.0293 	 828.7925 	13.0000 	 1.1605 	 1.9310 	 -0.2473 	 0.1357 
27.0000 	 1.3429 	 1.7467 	 1.2185 	 806.8325 	27.0000 	 1.9946 	 1.6104 	 -0.4599 	 0.1069 
27.0000 	 1.3621 	 1.6722 	 1.1702 	 806.7702 	27.0000 	 1.6984 	 0.9244 	 0.1867 	 0.0927 
13.0000 	 0.8406 	 1.5770 	 1.0883 	 828.9211 	13.0000 	 1.9788 	 1.7709 	 -0.4462 	 0.1070 
27.0000 	 1.3646 	 1.6380 	 1.0918 	 806.9741 	27.0000 	 0.0494 	 1.8540 	 0.4016 	 0.0941 
28.0000 	 1.3872 	 1.6547 	 1.1330 	 806.1451 	28.0000 	 1.1877 	 1.0200 	 -0.0262 	 0.0980 
43.0000 	 1.7338 	 1.8466 	 1.3175 	 798.1461 	43.0000 	 0.7393 	 0.1432 	 0.1313 	 0.1254 
28.0000 	 1.4387 	 1.5418 	 1.0926 	 806.9171 	28.0000 	 0.7641 	 2.1696 	 0.4335 	 0.0910 
13.0000 	 0.8670 	 1.4553 	 1.0477 	 828.9036 	13.0000 	 1.4715 	 0.1848 	 0.3784 	 0.1065 
28.0000 	 1.3696 	 1.7383 	 1.2342 	 805.8084 	28.0000 	 0.4294 	 1.1092 	 0.1716 	 0.1011 
13.0000 	 0.8283 	 1.6076 	 1.0656 	 829.2733 	13.0000 	 2.1491 	 2.0143 	 -0.4288 	 0.1234 
28.0000 	 1.3184 	 1.9404 	 1.3588 	 806.1981 	28.0000 	 0.0857 	 2.0238 	 0.4210 	 0.1097 
13.0000 	 0.8706 	 1.4185 	 0.9224 	 828.9746 	13.0000 	 1.6033 	 2.9980 	 0.1776 	 0.1381 
13.0000 	 0.8544 	 1.5110 	 1.0130 	 828.8860 	13.0000 	 0.1939 	 0.9584 	 -0.3211 	 0.1493 
15.0000 	 0.9120 	 1.6739 	 1.1069 	 824.1631 	15.0000 	 2.0325 	 0.5606 	 0.2711 	 0.1352 
13.0000 	 0.8425 	 1.5679 	 1.0621 	 828.8093 	13.0000 	 0.5413 	 0.3289 	 -0.4347 	 0.1465 
13.0000 	 0.8447 	 1.5533 	 1.0812 	 828.8523 	13.0000 	 1.6488 	 2.1179 	 0.2295 	 0.1707 
11.0000 	 0.7579 	 1.4137 	 0.9027 	 834.9436 	11.0000 	 0.4346 	 0.2695 	 0.3324 	 0.1357 
28.0000 	 1.4100 	 1.6076 	 1.1176 	 806.3873 	28.0000 	 2.0351 	 0.5626 	 0.4889 	 0.1050 
28.0000 	 1.3711 	 1.7096 	 1.1458 	 806.0705 	28.0000 	 1.1411 	 2.8651 	 0.4912 	 0.1066 
15.0000 	 0.9324 	 1.6016 	 1.1459 	 823.7037 	15.0000 	 1.1071 	 0.0117 	 -0.0198 	 0.1455 
28.0000 	 1.3484 	 1.7838 	 1.2185 	 806.0118 	28.0000 	 0.1075 	 1.2983 	 -0.1668 	 0.0853 
28.0000 	 1.3678 	 1.7460 	 1.1939 	 805.8459 	28.0000 	 0.7826 	 1.0340 	 0.0458 	 0.1028 
15.0000 	 0.9432 	 1.5337 	 1.0481 	 823.6950 	15.0000 	 0.6606 	 0.7601 	 -0.1653 	 0.1254 
11.0000 	 0.7696 	 1.3983 	 0.9711 	 835.1983 	11.0000 	 2.2941 	 0.8214 	 -0.1360 	 0.1292 
15.0000 	 0.9572 	 1.4807 	 1.0136 	 823.9495 	15.0000 	 1.7611 	 1.9484 	 -0.1235 	 0.1304 
11.0000 	 0.7646 	 1.4367 	 1.0072 	 835.2672 	11.0000 	 1.4011 	 1.3152 	 0.0221 	 0.1202 
11.0000 	 1.4298 	 0.2853 	 0.1406 	 864.1168 	11.0000 	 2.6445 	 0.8606 	 -0.4688 	 0.2295 
28.0000 	 1.3800 	 1.7002 	 1.1646 	 805.8813 	28.0000 	 1.1050 	 2.6348 	 -0.2294 	 0.0934 
15.0000 	 0.9279 	 1.6180 	 1.0978 	 823.7941 	15.0000 	 0.7665 	 0.5317 	 -0.2418 	 0.1153 
11.0000 	 0.7566 	 1.4515 	 1.0126 	 835.4290 	11.0000 	 1.7641 	 1.7735 	 0.3823 	 0.1837 
44.0000 	 1.7399 	 1.9069 	 1.3177 	 798.0779 	44.0000 	 0.6361 	 2.9176 	 0.2946 	 0.0987 
42.0000 	 1.8528 	 1.4390 	 0.9767 	 800.8881 	42.0000 	 2.1663 	 1.2711 	 0.3736 	 0.1029 
29.0000 	 1.4104 	 1.7130 	 1.1789 	 805.1677 	29.0000 	 0.4815 	 1.7765 	 -0.1502 	 0.1064 
27.0000 	 1.3356 	 1.7621 	 1.2438 	 806.8052 	27.0000 	 2.3086 	 0.2913 	 0.0345 	 0.1025 
14.0000 	 0.9211 	 1.4487 	 0.9987 	 826.2238 	14.0000 	 1.4813 	 1.4967 	 -0.1905 	 0.1208 
12.0000 	 0.8062 	 1.4639 	 1.0427 	 831.8264 	12.0000 	 1.9649 	 0.2459 	 -0.0018 	 0.1946 
