50.0000 	 0.0076 	 12.8560 	 14.9606 	 0.0000 	 0.0944 	 6.9819 	 805.6584 	 50.0000 	 1.8828 	 8.3863 	 -0.3705 	 0.0000 	 -2.9786 	 5.8798 	 0.0000 
50.0000 	 0.2330 	 29.5605 	 14.9651 	 0.0000 	 -2.1782 	 6.9894 	 805.6584 	 50.0000 	 1.1737 	 0.1560 	 -9.7288 	 0.0000 	 -1.7799 	 7.7604 	 0.0000 
50.0000 	 0.1042 	 17.5694 	 14.9588 	 0.0000 	 -4.5778 	 6.9724 	 805.6589 	 50.0000 	 0.7851 	 6.7883 	 7.4735 	 0.0000 	 2.1795 	 7.9842 	 0.0000 
50.0000 	 0.5304 	 0.0000 	 14.9355 	 0.0000 	 7.3483 	 6.9730 	 805.6604 	 50.0000 	 2.1517 	 9.4059 	 8.3871 	 0.0000 	 1.3012 	 2.7337 	 0.0000 
50.0000 	 0.0047 	 23.2910 	 14.9597 	 0.0000 	 5.8444 	 6.9666 	 805.6606 	 50.0000 	 2.9766 	 1.8755 	 6.2457 	 0.0000 	 1.5837 	 2.3831 	 0.0049 
50.0000 	 0.0591 	 9.8518 	 14.9652 	 0.0000 	 -2.4868 	 6.9859 	 805.6549 	 50.0000 	 2.3660 	 3.6153 	 -7.4113 	 0.0000 	 0.4389 	 3.6876 	 0.0000 
50.0000 	 0.1388 	 42.0829 	 14.9622 	 0.0000 	 -5.8011 	 6.9844 	 805.6583 	 50.0000 	 0.7458 	 4.5105 	 -3.9989 	 0.0000 	 -0.5107 	 3.5235 	 0.0000 
50.0000 	 0.0412 	 0.0000 	 14.9516 	 0.0000 	 -5.5636 	 6.9721 	 805.6591 	 50.0000 	 1.3767 	 1.3069 	 -2.5421 	 0.0000 	 1.7945 	 5.4097 	 0.0000 
49.0000 	 0.0263 	 13.1165 	 14.9500 	 0.0000 	 6.1486 	 6.9597 	 805.6611 	 49.0000 	 0.5605 	 3.3065 	 8.4142 	 0.0000 	 0.9568 	 7.4110 	 0.0006 
49.0000 	 0.0056 	 13.9164 	 14.9618 	 0.0000 	 -2.0744 	 6.9849 	 805.6584 	 49.0000 	 2.9104 	 8.0310 	 -8.6952 	 0.0000 	 1.7684 	 7.4774 	 0.0000 
48.0000 	 0.0295 	 9.6514 	 14.9622 	 0.0000 	 4.1389 	 6.9848 	 805.6584 	 48.0000 	 0.6216 	 7.4008 	 8.8417 	 0.0000 	 2.7474 	 5.2589 	 0.0000 
49.0000 	 0.0134 	 0.3783 	 14.9504 	 0.0000 	 3.1259 	 6.9916 	 805.6590 	 49.0000 	 0.7884 	 3.6370 	 0.7981 	 0.0000 	 0.7424 	 4.0103 	 0.0000 
49.0000 	 0.0029 	 7.2559 	 14.9609 	 0.0000 	 2.7949 	 6.9873 	 805.6584 	 49.0000 	 1.5427 	 1.4241 	 9.7422 	 0.0000 	 -1.2514 	 5.3442 	 0.0000 
48.0000 	 0.7309 	 1.3320 	 14.9644 	 0.0000 	 -1.7166 	 6.9820 	 805.6520 	 48.0000 	 0.7153 	 7.0956 	 -5.5027 	 0.0000 	 2.5703 	 3.8835 	 0.0000 
49.0000 	 0.0027 	 4.5528 	 14.9602 	 0.0000 	 -3.6565 	 6.9850 	 805.6584 	 49.0000 	 2.2128 	 0.1841 	 4.5802 	 0.0000 	 -1.8397 	 2.2605 	 0.0000 
49.0000 	 0.1660 	 23.2909 	 14.9597 	 0.0000 	 -7.7178 	 6.9840 	 805.6584 	 49.0000 	 2.8878 	 3.9376 	 -5.9167 	 0.0000 	 1.5721 	 4.3587 	 0.0000 
49.0000 	 0.1084 	 11.3251 	 14.9612 	 0.0000 	 -2.8697 	 6.9836 	 805.6584 	 49.0000 	 1.3325 	 5.1243 	 -0.8348 	 0.0000 	 2.0858 	 2.7953 	 0.0000 
49.0000 	 0.0050 	 0.9598 	 14.9622 	 0.0000 	 -2.5759 	 6.9839 	 805.6584 	 49.0000 	 1.2696 	 0.2163 	 7.1800 	 0.0000 	 1.3431 	 3.1687 	 0.0000 
50.0000 	 0.0163 	 21.9523 	 14.9636 	 0.0000 	 -5.5902 	 6.9839 	 805.6583 	 50.0000 	 1.4295 	 5.3808 	 -5.4438 	 0.0000 	 0.5281 	 0.4989 	 0.0000 
49.0000 	 0.0026 	 8.7318 	 14.9654 	 0.0000 	 2.5217 	 6.9842 	 805.6584 	 49.0000 	 1.6944 	 4.5780 	 -5.9998 	 0.0000 	 -2.3892 	 4.9784 	 0.0000 
50.0000 	 0.0446 	 10.2530 	 14.9626 	 0.0000 	 2.0939 	 6.9852 	 805.6584 	 50.0000 	 0.9032 	 2.9496 	 8.1906 	 0.0000 	 2.3004 	 1.7457 	 0.0000 
49.0000 	 0.4470 	 26.6235 	 14.9632 	 0.0000 	 -9.9474 	 6.9825 	 805.6584 	 49.0000 	 2.2577 	 0.3987 	 0.2171 	 0.0000 	 1.1728 	 2.4105 	 0.0000 
48.0000 	 0.0165 	 10.3094 	 14.9725 	 0.0000 	 -8.1658 	 6.9995 	 805.6591 	 48.0000 	 1.9750 	 8.9603 	 -6.0348 	 0.0000 	 -2.9210 	 3.7278 	 0.0048 
48.0000 	 0.0054 	 19.9723 	 14.9651 	 0.0000 	 0.5264 	 6.9814 	 805.6584 	 48.0000 	 0.0701 	 8.1954 	 -9.6139 	 0.0000 	 2.7286 	 7.3285 	 0.0000 
48.0000 	 0.0041 	 8.5527 	 14.9564 	 0.0000 	 -2.9660 	 6.9858 	 805.6583 	 48.0000 	 0.1476 	 8.3604 	 6.9900 	 0.0000 	 -0.6189 	 0.0150 	 0.0000 
48.0000 	 0.1593 	 5.9392 	 14.9639 	 0.0000 	 -7.8681 	 6.9813 	 805.6584 	 48.0000 	 1.3457 	 3.5596 	 5.9567 	 0.0000 	 2.2805 	 4.6086 	 0.0000 
48.0000 	 0.0052 	 5.6147 	 14.9574 	 0.0000 	 6.6201 	 6.9864 	 805.6584 	 48.0000 	 2.0057 	 0.3244 	 5.6822 	 0.0000 	 -0.4182 	 2.5545 	 0.0000 
45.0000 	 0.0025 	 1.3382 	 14.9573 	 0.0000 	 -1.3059 	 6.9785 	 805.6585 	 45.0000 	 2.6477 	 6.2012 	 0.4626 	 0.0000 	 -2.2184 	 4.1024 	 0.0000 
48.0000 	 0.0545 	 5.6023 	 14.9678 	 0.0000 	 3.5895 	 6.9848 	 805.6584 	 48.0000 	 0.7446 	 5.8508 	 -2.2091 	 0.0000 	 2.9136 	 0.3088 	 0.0000 
48.0000 	 0.1576 	 6.6699 	 14.9588 	 0.0000 	 0.0817 	 6.9817 	 805.6584 	 48.0000 	 2.5531 	 1.7428 	 -6.2847 	 0.0000 	 -2.5210 	 7.5373 	 0.0003 
48.0000 	 0.0122 	 2.3450 	 14.9341 	 0.0000 	 -4.3975 	 6.9592 	 805.6611 	 48.0000 	 0.7831 	 2.7604 	 0.9461 	 0.0000 	 -2.8991 	 1.7093 	 0.0051 
45.0000 	 0.0413 	 9.2346 	 15.0146 	 0.0000 	 1.2166 	 6.9434 	 805.6752 	 45.0000 	 1.6601 	 9.7199 	 -9.0191 	 0.0000 	 -1.0321 	 4.5309 	 0.0000 
46.0000 	 0.0452 	 12.1962 	 14.9699 	 0.0000 	 3.8052 	 6.9841 	 805.6585 	 46.0000 	 1.4445 	 3.8113 	 2.1051 	 0.0000 	 1.4719 	 8.7880 	 0.0002 
45.0000 	 0.0088 	 12.0593 	 14.9641 	 0.0000 	 8.1135 	 6.9856 	 805.6585 	 45.0000 	 1.7439 	 0.6955 	 -6.4099 	 0.0000 	 -2.2578 	 8.9396 	 0.0000 
45.0000 	 0.0484 	 5.9545 	 14.9620 	 0.0000 	 1.4385 	 6.9838 	 805.6584 	 45.0000 	 2.7562 	 1.2321 	 4.5031 	 0.0000 	 -0.3281 	 7.4336 	 0.0000 
46.0000 	 0.0509 	 5.7072 	 14.9471 	 0.0000 	 -1.3553 	 6.9781 	 805.6590 	 46.0000 	 0.7295 	 2.1842 	 -2.8767 	 0.0000 	 -1.4957 	 5.1626 	 0.0000 
45.0000 	 0.5185 	 2.1877 	 14.9642 	 0.0000 	 3.7166 	 6.9866 	 805.6580 	 45.0000 	 1.7861 	 5.6753 	 -6.5699 	 0.0000 	 -0.4936 	 0.8184 	 0.0007 
45.0000 	 0.0112 	 2.8116 	 14.9576 	 0.0000 	 3.4451 	 6.9986 	 805.6592 	 45.0000 	 1.9622 	 0.6744 	 -7.1216 	 0.0000 	 2.0886 	 6.9964 	 0.0000 
46.0000 	 0.1592 	 0.0000 	 14.9548 	 0.0000 	 0.0755 	 6.9831 	 805.6584 	 46.0000 	 2.4541 	 1.4409 	 -6.0785 	 0.0000 	 0.8069 	 7.1909 	 0.0000 
46.0000 	 0.0045 	 0.0000 	 14.9627 	 0.0000 	 -1.8280 	 6.9857 	 805.6584 	 46.0000 	 0.7295 	 2.1842 	 -2.8767 	 0.0000 	 -1.4957 	 5.1626 	 0.0000 
45.0000 	 0.6884 	 4.3366 	 14.9671 	 0.0000 	 1.3871 	 6.9826 	 805.6606 	 45.0000 	 0.5263 	 8.1194 	 -3.1982 	 0.0000 	 -2.3526 	 6.9837 	 0.0004 
47.0000 	 0.0330 	 16.2296 	 14.9622 	 0.0000 	 -7.6606 	 6.9843 	 805.6584 	 47.0000 	 0.6541 	 6.9064 	 3.1122 	 0.0000 	 1.0050 	 8.7068 	 0.0000 
45.0000 	 0.0174 	 10.6627 	 14.9597 	 0.0000 	 0.8043 	 6.9848 	 805.6584 	 45.0000 	 0.3550 	 2.8573 	 0.8106 	 0.0000 	 -0.0010 	 7.7478 	 0.0000 
46.0000 	 0.0101 	 10.0349 	 14.9640 	 0.0000 	 5.0882 	 6.9979 	 805.6590 	 46.0000 	 1.4951 	 0.6146 	 0.1798 	 0.0000 	 -1.9285 	 6.6655 	 0.0000 
46.0000 	 0.1946 	 4.2001 	 14.9630 	 0.0000 	 -3.1697 	 6.9971 	 805.6590 	 46.0000 	 1.3537 	 3.1342 	 8.6575 	 0.0000 	 1.3315 	 7.4132 	 0.0000 
46.0000 	 0.0041 	 6.0403 	 14.9606 	 0.0000 	 -1.2119 	 6.9928 	 805.6585 	 46.0000 	 0.7952 	 7.8126 	 5.5670 	 0.0000 	 -2.2637 	 8.6810 	 0.0000 
45.0000 	 0.0356 	 4.4863 	 14.9567 	 0.0000 	 2.4276 	 6.9797 	 805.6444 	 45.0000 	 0.8005 	 2.2273 	 -1.5813 	 0.0000 	 2.7643 	 5.8347 	 0.0000 
47.0000 	 0.2293 	 0.2836 	 14.9620 	 0.0000 	 -0.3704 	 6.9842 	 805.6582 	 47.0000 	 2.7976 	 5.6526 	 7.3747 	 0.0000 	 -1.0832 	 3.5531 	 0.0000 
46.0000 	 0.3294 	 0.3668 	 14.9956 	 0.0000 	 -2.2535 	 6.9816 	 805.6616 	 46.0000 	 0.9824 	 9.7729 	 -3.6450 	 0.0000 	 1.8100 	 1.0571 	 0.0000 
46.0000 	 0.0933 	 10.2332 	 14.9629 	 0.0000 	 0.3150 	 6.9864 	 805.6576 	 46.0000 	 1.9480 	 5.9822 	 -7.2777 	 0.0000 	 0.3061 	 8.1861 	 0.0000 
47.0000 	 0.0307 	 2.8185 	 14.9606 	 0.0000 	 0.7150 	 6.9800 	 805.6584 	 47.0000 	 1.3989 	 9.4830 	 9.0586 	 0.0000 	 2.1134 	 8.2983 	 0.0000 
46.0000 	 0.1344 	 15.0218 	 14.9617 	 0.0000 	 -5.4478 	 6.9832 	 805.5517 	 46.0000 	 0.2573 	 2.9486 	 9.9271 	 0.0000 	 1.8502 	 7.7913 	 0.0000 
45.0000 	 0.2038 	 3.7717 	 14.9675 	 0.0000 	 3.9284 	 6.9971 	 805.6581 	 45.0000 	 1.2166 	 1.2267 	 1.2875 	 0.0000 	 -2.9407 	 1.1734 	 0.0000 
47.0000 	 0.0028 	 8.0239 	 14.9632 	 0.0000 	 -6.1060 	 6.9884 	 805.6584 	 47.0000 	 1.5471 	 2.2830 	 -2.0811 	 0.0000 	 2.0992 	 5.0061 	 0.0000 
47.0000 	 0.0057 	 14.4915 	 14.9615 	 0.0000 	 2.5943 	 6.9837 	 805.6584 	 47.0000 	 0.0079 	 7.9768 	 -7.7261 	 0.0000 	 2.3023 	 7.9203 	 0.0000 
43.0000 	 0.0167 	 0.0053 	 14.9619 	 0.0000 	 4.9074 	 6.9930 	 805.6586 	 43.0000 	 1.8854 	 5.7948 	 -9.6658 	 0.0000 	 1.8032 	 1.1845 	 0.0000 
47.0000 	 0.0142 	 3.0518 	 14.9756 	 0.0000 	 -6.3955 	 6.9934 	 805.6588 	 47.0000 	 2.1493 	 0.7330 	 4.9959 	 0.0000 	 -2.4946 	 5.1176 	 0.0065 
47.0000 	 0.0513 	 3.6547 	 14.9623 	 0.0000 	 3.3875 	 6.9853 	 805.6583 	 47.0000 	 1.6775 	 7.3138 	 -2.6932 	 0.0000 	 1.7283 	 6.8806 	 0.0000 
47.0000 	 0.0088 	 5.3253 	 14.9682 	 0.0000 	 -0.5288 	 6.9922 	 805.6586 	 47.0000 	 1.6622 	 8.3882 	 7.6563 	 0.0000 	 0.2955 	 6.5205 	 0.0000 
44.0000 	 0.0086 	 8.2559 	 14.9586 	 0.0000 	 2.3747 	 6.9779 	 805.6584 	 44.0000 	 2.6770 	 4.5661 	 -6.0628 	 0.0000 	 1.6706 	 3.9255 	 0.0000 
44.0000 	 0.0035 	 1.2722 	 14.9635 	 0.0000 	 -5.2303 	 6.9869 	 805.6584 	 44.0000 	 2.7880 	 1.7652 	 -6.0966 	 0.0000 	 -2.6069 	 2.1001 	 0.0000 
47.0000 	 0.0118 	 7.0853 	 14.9608 	 0.0000 	 0.1104 	 6.9867 	 805.6584 	 47.0000 	 0.9555 	 1.2530 	 0.9167 	 0.0000 	 2.2585 	 7.8894 	 0.0000 
43.0000 	 0.0410 	 7.0243 	 14.9632 	 0.0000 	 4.4766 	 6.9828 	 805.6584 	 43.0000 	 0.4018 	 1.1982 	 -9.7713 	 0.0000 	 -2.2891 	 8.5310 	 0.0000 
43.0000 	 0.0735 	 15.9775 	 14.9509 	 0.0000 	 0.0053 	 6.9983 	 805.6596 	 43.0000 	 2.6702 	 3.7243 	 9.9327 	 0.0000 	 -1.1688 	 0.6956 	 0.0000 
47.0000 	 0.0059 	 0.4216 	 14.9565 	 0.0000 	 0.5892 	 6.9748 	 805.6587 	 47.0000 	 1.3765 	 7.9328 	 -7.4192 	 0.0000 	 2.5444 	 7.6743 	 0.0000 
42.0000 	 0.0029 	 9.4507 	 14.9756 	 0.0000 	 2.8022 	 7.0190 	 805.6630 	 42.0000 	 1.3882 	 2.4176 	 -3.7995 	 0.0000 	 -0.8176 	 5.5228 	 0.0024 
43.0000 	 0.4433 	 2.8922 	 14.9574 	 0.0000 	 0.0776 	 7.0014 	 805.6596 	 43.0000 	 1.7584 	 1.7528 	 8.7889 	 0.0000 	 1.4938 	 6.2461 	 0.0000 
43.0000 	 0.0742 	 3.8880 	 14.9645 	 0.0000 	 0.5220 	 6.9862 	 805.6584 	 43.0000 	 2.4599 	 1.0705 	 0.9475 	 0.0000 	 -0.0915 	 3.0009 	 0.0000 
43.0000 	 0.0026 	 2.6687 	 14.9629 	 0.0000 	 3.6913 	 6.9840 	 805.6584 	 43.0000 	 1.3579 	 6.6501 	 -3.6438 	 0.0000 	 -2.3787 	 1.2800 	 0.0000 
44.0000 	 0.0049 	 18.6730 	 14.9605 	 0.0000 	 7.4281 	 6.9837 	 805.6584 	 44.0000 	 0.0549 	 9.7352 	 -9.9048 	 0.0000 	 2.6445 	 5.8026 	 0.0000 
44.0000 	 0.3994 	 0.0385 	 14.9629 	 0.0000 	 1.7371 	 6.9858 	 805.6584 	 44.0000 	 0.5271 	 5.0400 	 -3.5062 	 0.0000 	 -0.1515 	 3.2456 	 0.0000 
44.0000 	 0.5340 	 6.9510 	 14.9650 	 0.0000 	 7.5245 	 6.9880 	 805.6585 	 44.0000 	 1.1720 	 9.8168 	 -9.0647 	 0.0000 	 -1.6547 	 3.2952 	 0.0001 
44.0000 	 0.0035 	 21.3897 	 14.9606 	 0.0000 	 2.9487 	 6.9853 	 805.6584 	 44.0000 	 1.3866 	 8.2701 	 -6.7183 	 0.0000 	 -2.2174 	 7.9841 	 0.0000 
43.0000 	 0.0713 	 10.6036 	 14.9625 	 0.0000 	 2.3200 	 6.9846 	 805.6583 	 43.0000 	 2.8296 	 6.3502 	 -9.6832 	 0.0000 	 0.7259 	 5.3575 	 0.0000 
42.0000 	 0.3639 	 7.2543 	 14.9823 	 0.0000 	 0.5922 	 7.0200 	 805.6635 	 42.0000 	 1.1050 	 8.4195 	 9.3800 	 0.0000 	 0.9602 	 8.5615 	 0.0000 
42.0000 	 0.0031 	 0.1175 	 14.9614 	 0.0000 	 3.9663 	 6.9812 	 805.6583 	 42.0000 	 2.3655 	 5.3575 	 -5.0091 	 0.0000 	 1.1441 	 8.5579 	 0.0000 
44.0000 	 0.0058 	 19.9756 	 14.9414 	 0.0000 	 -0.1934 	 6.9873 	 805.6596 	 44.0000 	 0.4348 	 7.7937 	 -7.9609 	 0.0000 	 0.3134 	 7.6384 	 0.0000 
44.0000 	 0.0360 	 6.9899 	 14.9617 	 0.0000 	 -2.9417 	 6.9839 	 805.6583 	 44.0000 	 2.3374 	 8.6895 	 2.4942 	 0.0000 	 0.9885 	 0.1785 	 0.0000 
42.0000 	 0.2840 	 0.1748 	 14.9623 	 0.0000 	 1.8856 	 6.9910 	 805.6585 	 42.0000 	 0.2332 	 9.8645 	 -8.8215 	 0.0000 	 -2.0672 	 2.7976 	 0.0000 
43.0000 	 0.2698 	 67.7181 	 14.9613 	 0.0000 	 4.4276 	 6.9837 	 805.6584 	 43.0000 	 2.2831 	 5.9477 	 0.4248 	 0.0000 	 2.3027 	 1.2365 	 0.0000 
43.0000 	 0.4770 	 0.0896 	 14.9620 	 0.0000 	 -2.3511 	 6.9860 	 805.6583 	 43.0000 	 2.9080 	 0.9900 	 1.2554 	 0.0000 	 -1.2905 	 2.9201 	 0.0000 
39.0000 	 0.0041 	 13.6578 	 14.9666 	 0.0000 	 -5.9296 	 6.9931 	 805.6448 	 39.0000 	 0.9524 	 1.0847 	 6.9454 	 0.0000 	 1.3569 	 5.2905 	 0.0000 
42.0000 	 0.0134 	 1.0925 	 14.9590 	 0.0000 	 1.0565 	 6.9775 	 805.6586 	 42.0000 	 0.3101 	 5.7516 	 -8.9965 	 0.0000 	 -0.4142 	 4.2335 	 0.0000 
44.0000 	 0.1724 	 2.8794 	 14.9633 	 0.0000 	 -4.1677 	 6.9846 	 805.6584 	 44.0000 	 1.5900 	 7.5740 	 5.3344 	 0.0000 	 -0.8916 	 4.4454 	 0.0000 
40.0000 	 0.0260 	 17.5684 	 14.9582 	 0.0000 	 -9.6115 	 6.9795 	 805.6584 	 40.0000 	 0.3398 	 1.0517 	 -7.3408 	 0.0000 	 2.3036 	 9.3959 	 0.0000 
42.0000 	 0.0161 	 7.6620 	 14.9631 	 0.0000 	 -4.2670 	 6.9797 	 805.6585 	 42.0000 	 0.3959 	 1.0341 	 -7.6201 	 0.0000 	 0.4758 	 1.3674 	 0.0000 
42.0000 	 0.4827 	 11.4156 	 14.9608 	 0.0000 	 3.9222 	 6.9836 	 805.6584 	 42.0000 	 2.6300 	 6.4159 	 5.4602 	 0.0000 	 2.7773 	 7.1885 	 0.0000 
43.0000 	 0.5045 	 5.6126 	 14.9529 	 0.0000 	 5.6754 	 6.9810 	 805.6586 	 43.0000 	 2.1537 	 0.7043 	 -5.9316 	 0.0000 	 -1.1451 	 5.9102 	 0.0000 
42.0000 	 0.2768 	 9.8189 	 15.0016 	 0.0000 	 -2.5063 	 6.9875 	 805.6626 	 42.0000 	 1.1667 	 9.7674 	 -8.8115 	 0.0000 	 -1.5802 	 6.0899 	 0.0000 
42.0000 	 0.0539 	 12.5802 	 14.9498 	 0.0000 	 1.2869 	 6.9878 	 805.6570 	 42.0000 	 1.9146 	 6.8222 	 9.7934 	 0.0000 	 -1.1469 	 9.4500 	 0.0020 
40.0000 	 0.0028 	 1.0950 	 14.9658 	 0.0000 	 0.6438 	 6.9812 	 805.6584 	 40.0000 	 2.8738 	 4.3706 	 0.8407 	 0.0000 	 -0.8488 	 4.2618 	 0.0000 
39.0000 	 0.2913 	 48.2818 	 14.9595 	 0.0000 	 -7.8355 	 6.9787 	 805.6585 	 39.0000 	 0.7638 	 0.6562 	 0.3708 	 0.0000 	 2.6169 	 5.4589 	 0.0000 
42.0000 	 0.0580 	 5.7300 	 14.9304 	 0.0000 	 4.8483 	 6.9949 	 805.6620 	 42.0000 	 1.6611 	 2.9910 	 9.2254 	 0.0000 	 2.5225 	 9.8370 	 0.0000 
41.0000 	 0.0528 	 0.9717 	 14.9609 	 0.0000 	 8.3232 	 6.9873 	 805.6583 	 41.0000 	 0.5882 	 3.9690 	 -5.1741 	 0.0000 	 -2.5494 	 3.6587 	 0.0000 
39.0000 	 0.0124 	 16.1622 	 14.9608 	 0.0000 	 -0.7550 	 6.9795 	 805.6585 	 39.0000 	 2.9785 	 5.5204 	 -2.7738 	 0.0000 	 2.5228 	 7.6922 	 0.0000 
40.0000 	 0.0244 	 5.9766 	 14.9396 	 0.0000 	 -2.3313 	 6.9739 	 805.6599 	 40.0000 	 0.7624 	 2.7450 	 -8.0628 	 0.0000 	 1.0462 	 0.5339 	 0.0000 
39.0000 	 0.0121 	 2.6739 	 14.9630 	 0.0000 	 -0.2795 	 6.9842 	 805.6583 	 39.0000 	 0.0657 	 3.5090 	 0.3571 	 0.0000 	 1.6529 	 0.3023 	 0.0000 
40.0000 	 0.3384 	 18.9447 	 14.9701 	 0.0000 	 -0.1460 	 6.9815 	 805.6586 	 40.0000 	 0.7383 	 6.9333 	 3.6589 	 0.0000 	 2.7454 	 9.4509 	 0.0001 
39.0000 	 0.0398 	 34.8232 	 14.9612 	 0.0000 	 -8.1769 	 6.9826 	 805.6584 	 39.0000 	 0.1896 	 4.9380 	 6.0585 	 0.0000 	 0.1683 	 4.4157 	 0.0000 
39.0000 	 0.0051 	 0.5917 	 14.9634 	 0.0000 	 3.4400 	 6.9858 	 805.6584 	 39.0000 	 0.2168 	 0.8634 	 8.3493 	 0.0000 	 -2.7334 	 2.1972 	 0.0000 
40.0000 	 0.3408 	 5.2873 	 14.9489 	 0.0000 	 -2.4770 	 6.9769 	 805.6590 	 40.0000 	 2.8571 	 6.2774 	 9.8394 	 0.0000 	 -0.2787 	 8.2583 	 0.0000 
39.0000 	 0.0141 	 3.3301 	 14.9640 	 0.0000 	 -4.1457 	 6.9849 	 805.6583 	 39.0000 	 1.1775 	 5.5496 	 9.3675 	 0.0000 	 -0.3842 	 7.9235 	 0.0000 
40.0000 	 0.0780 	 8.0243 	 14.9620 	 0.0000 	 -1.3326 	 6.9835 	 805.6583 	 40.0000 	 2.6379 	 5.0353 	 -3.2369 	 0.0000 	 0.5358 	 6.3383 	 0.0000 
41.0000 	 0.0777 	 3.3539 	 14.9632 	 0.0000 	 -1.5404 	 6.9885 	 805.6581 	 41.0000 	 0.7525 	 4.0297 	 -7.9625 	 0.0000 	 -2.6644 	 1.5506 	 0.0000 
38.0000 	 0.1514 	 10.8096 	 14.9453 	 0.0000 	 -1.3932 	 6.9935 	 805.6597 	 38.0000 	 2.1893 	 9.6805 	 6.8060 	 0.0000 	 -2.1301 	 9.6058 	 0.0000 
41.0000 	 0.0554 	 7.9906 	 14.9596 	 0.0000 	 3.1826 	 6.9842 	 805.6584 	 41.0000 	 0.8081 	 6.7997 	 5.5891 	 0.0000 	 0.1501 	 5.0941 	 0.0000 
41.0000 	 0.0602 	 16.0160 	 14.9594 	 0.0000 	 2.3998 	 6.9842 	 805.6583 	 41.0000 	 0.5866 	 7.4521 	 -0.3667 	 0.0000 	 2.4635 	 5.5219 	 0.0000 
39.0000 	 0.1987 	 0.1562 	 14.9641 	 0.0000 	 -2.8978 	 6.9835 	 805.6584 	 39.0000 	 1.2986 	 2.7560 	 2.0510 	 0.0000 	 0.4838 	 6.8033 	 0.0000 
40.0000 	 0.0078 	 7.1658 	 14.9762 	 0.0000 	 1.3253 	 6.9870 	 805.6589 	 40.0000 	 0.8208 	 2.2352 	 3.0513 	 0.0000 	 -1.4650 	 4.3741 	 0.0000 
44.0000 	 1.9469 	 28.0526 	 22.3435 	 0.0000 	 -0.0896 	 0.0632 	 777.0230 	 44.0000 	 0.6291 	 8.9681 	 -9.3363 	 0.0000 	 -0.8085 	 2.2492 	 0.0689 
40.0000 	 0.3830 	 0.0061 	 14.9656 	 0.0000 	 0.0387 	 7.0046 	 805.6599 	 40.0000 	 1.4890 	 2.9226 	 2.8520 	 0.0000 	 2.5387 	 6.9421 	 0.0000 
41.0000 	 0.6280 	 0.0000 	 14.9595 	 0.0000 	 -5.5467 	 6.9831 	 805.6575 	 41.0000 	 2.5297 	 5.9358 	 -6.8717 	 0.0000 	 2.0014 	 6.6102 	 0.0004 
41.0000 	 0.0258 	 3.2115 	 14.9409 	 0.0000 	 -0.0140 	 7.0086 	 805.6623 	 41.0000 	 0.5076 	 3.2854 	 -2.3660 	 0.0000 	 1.6845 	 0.2562 	 0.0007 
40.0000 	 0.0052 	 4.6365 	 14.9636 	 0.0000 	 4.1843 	 6.9854 	 805.6584 	 40.0000 	 2.7521 	 7.6029 	 -0.8803 	 0.0000 	 -2.6608 	 2.3667 	 0.0000 
39.0000 	 0.1825 	 47.4562 	 14.9543 	 0.0000 	 -3.7191 	 6.9769 	 805.6587 	 39.0000 	 0.3490 	 9.1498 	 4.0914 	 0.0000 	 2.0412 	 2.4632 	 0.0000 
38.0000 	 0.0089 	 5.7990 	 14.9747 	 0.0000 	 -4.8017 	 7.0319 	 805.6657 	 38.0000 	 0.5500 	 6.5926 	 -1.3155 	 0.0000 	 0.0529 	 3.4443 	 0.0041 
36.0000 	 0.0353 	 0.5186 	 14.9619 	 0.0000 	 0.0975 	 6.9615 	 805.6574 	 36.0000 	 0.4320 	 1.0979 	 -3.4247 	 0.0000 	 0.4938 	 4.1032 	 0.0023 
37.0000 	 0.0038 	 12.3557 	 14.9613 	 0.0000 	 -2.7267 	 6.9849 	 805.6583 	 37.0000 	 1.3513 	 3.2885 	 5.0715 	 0.0000 	 0.0419 	 3.8456 	 0.0000 
41.0000 	 0.0035 	 37.6675 	 14.9554 	 0.0000 	 -5.2557 	 6.9867 	 805.6585 	 41.0000 	 2.2946 	 3.4008 	 -7.2031 	 0.0000 	 -2.6462 	 5.8277 	 0.0000 
41.0000 	 0.0068 	 9.2041 	 14.9609 	 0.0000 	 7.4297 	 6.9824 	 805.6583 	 41.0000 	 0.2238 	 5.0904 	 -8.0918 	 0.0000 	 1.3185 	 7.8837 	 0.0000 
41.0000 	 0.0345 	 6.9009 	 14.9615 	 0.0000 	 -0.1490 	 6.9840 	 805.6584 	 41.0000 	 2.8870 	 0.5609 	 3.7144 	 0.0000 	 -1.3091 	 9.2780 	 0.0000 
41.0000 	 0.5509 	 2.1458 	 14.9573 	 0.0000 	 3.0304 	 6.9857 	 805.6581 	 41.0000 	 2.2594 	 9.5215 	 -5.7298 	 0.0000 	 2.4256 	 5.3978 	 0.0001 
38.0000 	 0.1370 	 0.0000 	 14.9625 	 0.0000 	 9.0856 	 6.9820 	 805.6584 	 38.0000 	 0.6975 	 0.3033 	 7.8041 	 0.0000 	 1.2745 	 6.6246 	 0.0000 
38.0000 	 0.0041 	 15.9195 	 14.9638 	 0.0000 	 1.6714 	 6.9830 	 805.6583 	 38.0000 	 0.7779 	 1.1514 	 8.4852 	 0.0000 	 2.4519 	 2.1660 	 0.0000 
36.0000 	 0.0299 	 10.2730 	 14.9641 	 0.0000 	 -3.4196 	 6.9837 	 805.6584 	 36.0000 	 0.7443 	 1.4465 	 4.9207 	 0.0000 	 -2.2775 	 6.4421 	 0.0000 
37.0000 	 0.0824 	 4.2428 	 14.9604 	 0.0000 	 -1.1991 	 6.9837 	 805.6583 	 37.0000 	 2.6858 	 4.6639 	 5.3057 	 0.0000 	 0.0681 	 9.9147 	 0.0000 
36.0000 	 0.1175 	 11.5693 	 14.9494 	 0.0000 	 4.5030 	 6.9711 	 805.6593 	 36.0000 	 1.5217 	 2.5478 	 1.8142 	 0.0000 	 0.9999 	 9.4307 	 0.0000 
38.0000 	 0.0183 	 3.2737 	 14.9576 	 0.0000 	 3.5500 	 6.9858 	 805.6584 	 38.0000 	 2.6646 	 0.2961 	 8.5855 	 0.0000 	 2.2837 	 8.4760 	 0.0000 
37.0000 	 0.2159 	 1.1194 	 14.7290 	 0.0000 	 1.2217 	 7.0435 	 805.8369 	 37.0000 	 2.1455 	 1.4944 	 9.0333 	 0.0000 	 -2.8664 	 8.3078 	 0.0000 
37.0000 	 0.1101 	 1.0506 	 14.9982 	 0.0000 	 -4.3208 	 6.9890 	 805.6618 	 37.0000 	 0.2832 	 1.0316 	 2.0455 	 0.0000 	 -2.6201 	 0.9275 	 0.0005 
38.0000 	 0.0434 	 1.8719 	 14.9622 	 0.0000 	 1.8898 	 6.9847 	 805.6583 	 38.0000 	 1.4678 	 8.2242 	 0.7394 	 0.0000 	 -1.3682 	 3.0547 	 0.0000 
37.0000 	 0.0072 	 11.5668 	 14.9603 	 0.0000 	 3.2155 	 6.9876 	 805.6583 	 37.0000 	 1.3317 	 9.4644 	 8.2507 	 0.0000 	 -2.1666 	 9.8876 	 0.0000 
37.0000 	 0.0283 	 2.9957 	 14.9628 	 0.0000 	 -0.7389 	 6.9819 	 805.6584 	 37.0000 	 0.4468 	 7.0153 	 -1.6406 	 0.0000 	 -0.6368 	 9.1830 	 0.0000 
38.0000 	 0.0347 	 15.1828 	 14.9545 	 0.0000 	 1.4067 	 6.9692 	 805.6593 	 38.0000 	 0.7750 	 3.6594 	 -9.7366 	 0.0000 	 -1.6114 	 5.6223 	 0.0000 
38.0000 	 0.2330 	 1.8230 	 14.9624 	 0.0000 	 -0.4564 	 6.9830 	 805.6584 	 38.0000 	 0.1551 	 4.8258 	 8.7800 	 0.0000 	 -0.0875 	 6.8616 	 0.0000 
40.0000 	 0.2380 	 9.6407 	 14.9628 	 0.0000 	 -9.9765 	 6.9870 	 805.6584 	 40.0000 	 1.1884 	 8.1616 	 9.6842 	 0.0000 	 0.2407 	 8.1215 	 0.0000 
36.0000 	 0.0081 	 8.2327 	 14.9579 	 0.0000 	 -1.0078 	 6.9855 	 805.6585 	 36.0000 	 1.8745 	 1.8838 	 8.2881 	 0.0000 	 -0.3726 	 6.7906 	 0.0000 
37.0000 	 0.0028 	 8.9990 	 14.9620 	 0.0000 	 -1.4755 	 6.9870 	 805.6584 	 37.0000 	 1.0093 	 4.8682 	 4.5659 	 0.0000 	 1.2125 	 7.6576 	 0.0000 
33.0000 	 0.4298 	 6.3719 	 14.9706 	 0.0000 	 1.3297 	 6.9912 	 805.6589 	 33.0000 	 2.2733 	 5.0958 	 -2.5491 	 0.0000 	 -0.7015 	 6.3466 	 0.0002 
36.0000 	 0.0054 	 0.0054 	 14.9624 	 0.0000 	 2.4504 	 6.9852 	 805.6584 	 36.0000 	 2.5390 	 8.4673 	 -5.2123 	 0.0000 	 -2.8291 	 3.8844 	 0.0000 
38.0000 	 0.0108 	 6.8948 	 14.9626 	 0.0000 	 -1.7166 	 6.9845 	 805.6583 	 38.0000 	 1.1351 	 2.6278 	 4.5329 	 0.0000 	 1.3482 	 3.7778 	 0.0000 
33.0000 	 0.0512 	 1.1208 	 14.9620 	 0.0000 	 1.4003 	 6.9837 	 805.6584 	 33.0000 	 0.4534 	 0.7296 	 -6.2949 	 0.0000 	 -0.6592 	 5.1838 	 0.0000 
34.0000 	 0.0248 	 18.9760 	 14.9620 	 0.0000 	 0.3506 	 6.9852 	 805.6584 	 34.0000 	 0.2423 	 5.8650 	 2.7061 	 0.0000 	 1.4157 	 6.9403 	 0.0000 
35.0000 	 0.0774 	 16.6217 	 14.9615 	 0.0000 	 -1.9070 	 6.9817 	 805.6584 	 35.0000 	 1.3843 	 1.0148 	 -2.4187 	 0.0000 	 -2.9208 	 0.3924 	 0.0000 
36.0000 	 0.6087 	 10.1581 	 14.9790 	 0.0000 	 -0.6984 	 6.9737 	 805.6688 	 36.0000 	 0.7559 	 4.7123 	 2.2880 	 0.0000 	 -2.9234 	 3.2483 	 0.0005 
37.0000 	 0.0329 	 2.8493 	 14.9616 	 0.0000 	 -8.3019 	 6.9861 	 805.6584 	 37.0000 	 1.1643 	 1.0251 	 -3.0550 	 0.0000 	 -1.4249 	 8.0710 	 0.0000 
37.0000 	 0.0032 	 37.3410 	 14.9615 	 0.0000 	 6.1549 	 6.9839 	 805.6584 	 37.0000 	 0.5387 	 9.6107 	 5.9688 	 0.0000 	 2.0619 	 3.1312 	 0.0000 
36.0000 	 0.0049 	 6.0808 	 14.9620 	 0.0000 	 -0.5200 	 6.9846 	 805.6584 	 36.0000 	 1.8640 	 0.8109 	 0.3769 	 0.0000 	 1.9302 	 3.7881 	 0.0000 
33.0000 	 0.0061 	 6.9659 	 14.9628 	 0.0000 	 0.4867 	 6.9830 	 805.6584 	 33.0000 	 2.0302 	 1.7337 	 0.9823 	 0.0000 	 -2.4986 	 8.6946 	 0.0000 
36.0000 	 0.0074 	 5.0116 	 14.9628 	 0.0000 	 3.0117 	 6.9809 	 805.6582 	 36.0000 	 2.1864 	 6.9235 	 3.0137 	 0.0000 	 -2.2037 	 5.4359 	 0.0000 
36.0000 	 0.0083 	 8.2094 	 14.9723 	 0.0000 	 9.7449 	 6.9815 	 805.6587 	 36.0000 	 0.0703 	 7.2013 	 2.0406 	 0.0000 	 0.0122 	 5.1046 	 0.0000 
33.0000 	 0.0025 	 5.2362 	 14.9631 	 0.0000 	 3.6677 	 6.9842 	 805.6584 	 33.0000 	 1.9197 	 1.1094 	 2.3800 	 0.0000 	 1.4681 	 8.8808 	 0.0000 
39.0000 	 0.5980 	 0.4615 	 14.9673 	 0.0000 	 -5.1118 	 6.9932 	 805.6574 	 39.0000 	 2.4641 	 1.0542 	 -2.1998 	 0.0000 	 0.3430 	 5.2989 	 0.0002 
33.0000 	 0.0029 	 2.1806 	 14.9630 	 0.0000 	 -1.2479 	 6.9825 	 805.6584 	 33.0000 	 1.2349 	 5.5857 	 -0.2611 	 0.0000 	 2.6119 	 5.6768 	 0.0000 
35.0000 	 0.0262 	 3.5864 	 14.9634 	 0.0000 	 -5.5990 	 6.9849 	 805.6576 	 35.0000 	 2.1168 	 0.1890 	 5.2420 	 0.0000 	 -1.1559 	 5.8180 	 0.0000 
35.0000 	 0.0025 	 17.4192 	 14.9628 	 0.0000 	 -3.9350 	 6.9848 	 805.6584 	 35.0000 	 1.3703 	 0.2816 	 -4.9309 	 0.0000 	 -2.1639 	 4.4438 	 0.0000 
34.0000 	 0.0086 	 10.6285 	 14.9456 	 0.0000 	 1.5397 	 6.9581 	 805.6613 	 34.0000 	 1.7231 	 6.4051 	 9.9234 	 0.0000 	 -1.7925 	 9.4753 	 0.0000 
36.0000 	 0.4088 	 10.9760 	 14.9617 	 0.0000 	 -0.2478 	 6.9881 	 805.6585 	 36.0000 	 2.1782 	 4.5630 	 3.0469 	 0.0000 	 1.7127 	 0.0100 	 0.0000 
33.0000 	 0.0030 	 3.3240 	 14.9622 	 0.0000 	 3.4226 	 6.9839 	 805.6584 	 33.0000 	 0.7757 	 8.8563 	 -5.3992 	 0.0000 	 0.5574 	 2.0879 	 0.0000 
34.0000 	 0.0318 	 4.0540 	 14.9512 	 0.0000 	 5.2104 	 6.9385 	 805.6651 	 34.0000 	 0.3930 	 2.8555 	 7.9736 	 0.0000 	 -0.8264 	 9.1103 	 0.0049 
34.0000 	 0.0025 	 5.9756 	 14.9609 	 0.0000 	 -1.2307 	 6.9791 	 805.6584 	 34.0000 	 0.3758 	 8.4932 	 -5.6721 	 0.0000 	 0.2108 	 2.1699 	 0.0000 
31.0000 	 0.0349 	 7.4487 	 14.9642 	 0.0000 	 1.5080 	 6.9844 	 805.6583 	 31.0000 	 0.0747 	 4.5069 	 -5.8407 	 0.0000 	 -2.5174 	 2.1820 	 0.0000 
35.0000 	 0.0028 	 7.0893 	 14.9649 	 0.0000 	 4.7956 	 6.9844 	 805.6584 	 35.0000 	 0.1704 	 0.4929 	 -1.8999 	 0.0000 	 -0.9759 	 6.8637 	 0.0000 
33.0000 	 0.0036 	 44.0271 	 14.9585 	 0.0000 	 -9.5164 	 6.9812 	 805.6583 	 33.0000 	 0.2450 	 1.4753 	 0.9315 	 0.0000 	 -2.0695 	 2.3807 	 0.0000 
37.0000 	 0.0707 	 9.5791 	 14.9607 	 0.0000 	 -1.6856 	 6.9838 	 805.6584 	 37.0000 	 2.6444 	 7.7850 	 2.4400 	 0.0000 	 1.6673 	 3.2692 	 0.0000 
34.0000 	 0.4601 	 0.2669 	 14.9772 	 0.0000 	 -2.6029 	 6.9906 	 805.6586 	 34.0000 	 2.6086 	 2.9046 	 9.6099 	 0.0000 	 -1.6010 	 1.2638 	 0.0003 
34.0000 	 0.0149 	 5.6021 	 14.9620 	 0.0000 	 -0.7767 	 6.9840 	 805.6584 	 34.0000 	 0.8670 	 0.1236 	 -1.5445 	 0.0000 	 -2.5372 	 7.7178 	 0.0000 
33.0000 	 0.9766 	 7.4280 	 15.2466 	 0.0000 	 -1.5674 	 6.7224 	 806.0355 	 33.0000 	 1.8361 	 3.9513 	 -8.8377 	 0.0000 	 0.3080 	 4.0488 	 0.0051 
31.0000 	 0.0025 	 9.6600 	 14.9603 	 0.0000 	 -1.1812 	 6.9824 	 805.6584 	 31.0000 	 2.5792 	 1.2967 	 3.7256 	 0.0000 	 2.9476 	 6.6870 	 0.0000 
34.0000 	 0.0034 	 2.2261 	 14.9628 	 0.0000 	 6.3573 	 6.9844 	 805.6583 	 34.0000 	 1.1639 	 0.1697 	 5.6282 	 0.0000 	 2.0530 	 4.0569 	 0.0000 
33.0000 	 0.0038 	 5.1353 	 14.9620 	 0.0000 	 -0.7474 	 6.9838 	 805.6576 	 33.0000 	 0.3707 	 7.2050 	 -6.8413 	 0.0000 	 1.8463 	 1.2519 	 0.0000 
35.0000 	 0.0118 	 0.1909 	 14.9608 	 0.0000 	 -3.2979 	 6.9855 	 805.6584 	 35.0000 	 0.2822 	 0.9227 	 6.3622 	 0.0000 	 -2.0748 	 8.2107 	 0.0000 
30.0000 	 0.0028 	 1.8478 	 14.9628 	 0.0000 	 -8.9579 	 6.9858 	 805.6584 	 30.0000 	 1.2558 	 6.8483 	 6.3025 	 0.0000 	 -1.5867 	 6.1077 	 0.0000 
34.0000 	 0.0384 	 9.8102 	 15.0916 	 0.0000 	 -6.2320 	 7.0670 	 805.7164 	 34.0000 	 1.2419 	 6.0369 	 9.9548 	 0.0000 	 2.2448 	 1.7835 	 0.0526 
35.0000 	 0.0702 	 8.7802 	 14.9988 	 0.0000 	 2.0845 	 6.9833 	 805.6177 	 35.0000 	 0.8927 	 5.1157 	 3.1236 	 0.0000 	 0.1016 	 6.8465 	 0.0016 
35.0000 	 0.0246 	 6.9619 	 14.9618 	 0.0000 	 -0.4930 	 6.9867 	 805.6584 	 35.0000 	 1.4371 	 6.6079 	 -5.6224 	 0.0000 	 -1.3346 	 5.0212 	 0.0000 
31.0000 	 0.0627 	 11.7789 	 14.9534 	 0.0000 	 5.1255 	 6.9928 	 805.6589 	 31.0000 	 1.7579 	 9.2822 	 0.2894 	 0.0000 	 1.0376 	 3.1662 	 0.0000 
32.0000 	 0.2114 	 3.6217 	 14.9499 	 0.0000 	 1.1106 	 6.9767 	 805.6589 	 32.0000 	 2.2034 	 7.5425 	 9.8012 	 0.0000 	 1.2013 	 2.1705 	 0.0000 
35.0000 	 0.0768 	 4.3188 	 14.9670 	 0.0000 	 1.1631 	 6.9815 	 805.6584 	 35.0000 	 1.0462 	 2.4549 	 6.2530 	 0.0000 	 -2.0601 	 2.6006 	 0.0000 
30.0000 	 0.0412 	 4.4424 	 14.9614 	 0.0000 	 -4.2937 	 6.9839 	 805.6584 	 30.0000 	 0.1357 	 6.4371 	 -9.0273 	 0.0000 	 1.7052 	 8.9109 	 0.0000 
34.0000 	 0.2858 	 13.7792 	 14.9633 	 0.0000 	 -4.5119 	 6.9814 	 805.6578 	 34.0000 	 0.2693 	 4.0177 	 4.9511 	 0.0000 	 2.1404 	 2.5298 	 0.0000 
30.0000 	 0.3104 	 6.4833 	 14.9668 	 0.0000 	 2.7103 	 6.9813 	 805.6583 	 30.0000 	 2.2615 	 0.4819 	 4.0147 	 0.0000 	 -2.3596 	 5.5675 	 0.0000 
31.0000 	 0.0450 	 2.7832 	 14.9628 	 0.0000 	 1.4161 	 6.9916 	 805.6586 	 31.0000 	 1.0703 	 6.8775 	 -1.9670 	 0.0000 	 1.8329 	 9.1947 	 0.0000 
28.0000 	 0.0051 	 10.1603 	 14.9606 	 0.0000 	 -3.6828 	 6.9805 	 805.6584 	 28.0000 	 1.5468 	 5.2091 	 9.0646 	 0.0000 	 1.1724 	 2.5565 	 0.0002 
38.0000 	 0.0250 	 45.3061 	 14.9622 	 0.0000 	 0.2943 	 6.9857 	 805.6584 	 38.0000 	 1.3475 	 0.3241 	 2.6181 	 0.0000 	 1.1736 	 0.6830 	 0.0000 
31.0000 	 0.0627 	 0.1988 	 14.9628 	 0.0000 	 -3.6657 	 6.9824 	 805.6584 	 31.0000 	 2.0832 	 8.0672 	 -7.6304 	 0.0000 	 0.1004 	 4.6140 	 0.0000 
35.0000 	 0.0427 	 7.9738 	 14.9633 	 0.0000 	 -0.3401 	 6.9824 	 805.6584 	 35.0000 	 1.4967 	 7.8899 	 -5.4261 	 0.0000 	 2.1595 	 4.8959 	 0.0000 
35.0000 	 0.5322 	 2.0624 	 14.9622 	 0.0000 	 -4.3738 	 6.9850 	 805.6575 	 35.0000 	 2.5205 	 2.6318 	 -4.2419 	 0.0000 	 -2.5521 	 4.1895 	 0.0003 
30.0000 	 0.0569 	 71.0936 	 14.9639 	 0.0000 	 -1.5611 	 6.9840 	 805.6571 	 30.0000 	 1.6519 	 5.4304 	 -6.3796 	 0.0000 	 -1.3672 	 3.6180 	 0.0000 
32.0000 	 0.0058 	 3.1168 	 14.9579 	 0.0000 	 -0.2260 	 6.9858 	 805.6589 	 32.0000 	 0.0355 	 6.2326 	 7.1880 	 0.0000 	 -1.1232 	 6.2722 	 0.0000 
30.0000 	 0.0564 	 9.4228 	 14.9596 	 0.0000 	 1.2209 	 6.9746 	 805.6587 	 30.0000 	 0.3932 	 7.4343 	 7.4437 	 0.0000 	 1.4184 	 9.5425 	 0.0000 
31.0000 	 0.0050 	 1.8380 	 14.9591 	 0.0000 	 -8.6417 	 6.9877 	 805.6584 	 31.0000 	 2.7254 	 3.0261 	 -0.1354 	 0.0000 	 2.2971 	 3.9714 	 0.0000 
32.0000 	 0.0297 	 6.6800 	 14.9624 	 0.0000 	 1.1107 	 6.9842 	 805.6584 	 32.0000 	 2.0799 	 8.0317 	 5.4018 	 0.0000 	 2.6261 	 2.4050 	 0.0000 
28.0000 	 0.0301 	 18.7857 	 14.9652 	 0.0000 	 -2.2833 	 6.9833 	 805.6584 	 28.0000 	 1.0953 	 3.3985 	 9.1508 	 0.0000 	 -2.6685 	 7.8377 	 0.0000 
32.0000 	 0.0868 	 2.9462 	 14.9707 	 0.0000 	 -2.6475 	 6.9830 	 805.6584 	 32.0000 	 1.6137 	 4.4207 	 -5.1055 	 0.0000 	 -0.5221 	 7.2745 	 0.0000 
29.0000 	 0.0524 	 14.7067 	 14.9617 	 0.0000 	 -1.6668 	 6.9845 	 805.6583 	 29.0000 	 2.6674 	 1.1377 	 -2.4045 	 0.0000 	 -1.4279 	 4.6065 	 0.0000 
31.0000 	 0.0427 	 3.9600 	 14.9609 	 0.0000 	 3.2607 	 6.9824 	 805.6584 	 31.0000 	 1.7263 	 8.2248 	 -7.9690 	 0.0000 	 0.3626 	 6.0487 	 0.0000 
31.0000 	 0.0565 	 3.0498 	 14.9630 	 0.0000 	 -3.0779 	 6.9916 	 805.6586 	 31.0000 	 2.2707 	 9.5682 	 5.7781 	 0.0000 	 1.3101 	 9.3246 	 0.0000 
34.0000 	 0.1754 	 27.2327 	 14.9463 	 0.0000 	 4.0750 	 6.9980 	 805.6600 	 34.0000 	 1.5096 	 6.9088 	 7.7397 	 0.0000 	 1.3960 	 4.3743 	 0.0005 
30.0000 	 0.0322 	 3.3875 	 14.9615 	 0.0000 	 3.3755 	 6.9760 	 805.6586 	 30.0000 	 2.9702 	 7.1182 	 -5.1872 	 0.0000 	 1.0535 	 5.5879 	 0.0000 
30.0000 	 0.0075 	 0.8169 	 14.9617 	 0.0000 	 4.1911 	 6.9859 	 805.6584 	 30.0000 	 0.3985 	 3.7967 	 4.6852 	 0.0000 	 -0.4754 	 9.4444 	 0.0000 
32.0000 	 0.0054 	 26.2408 	 14.9631 	 0.0000 	 -0.8929 	 6.9789 	 805.6585 	 32.0000 	 0.1935 	 7.2383 	 -5.5426 	 0.0000 	 -1.6344 	 1.7536 	 0.0000 
29.0000 	 0.0469 	 6.3716 	 14.9638 	 0.0000 	 -2.1103 	 6.9855 	 805.6584 	 29.0000 	 0.8998 	 9.4914 	 9.5943 	 0.0000 	 2.7225 	 3.9712 	 0.0000 
28.0000 	 0.0166 	 13.4995 	 14.9579 	 0.0000 	 -0.7288 	 6.9823 	 805.6584 	 28.0000 	 0.8523 	 2.2398 	 2.4981 	 0.0000 	 -2.9453 	 7.7117 	 0.0000 
32.0000 	 0.0115 	 0.4154 	 14.9624 	 0.0000 	 -3.9179 	 6.9841 	 805.6584 	 32.0000 	 2.8819 	 2.1111 	 2.4932 	 0.0000 	 -2.7563 	 0.1217 	 0.0000 
32.0000 	 0.2388 	 5.4125 	 14.9586 	 0.0000 	 -7.2122 	 6.9768 	 805.6586 	 32.0000 	 2.4381 	 4.8041 	 -3.3641 	 0.0000 	 1.7820 	 7.2952 	 0.0000 
32.0000 	 0.4204 	 9.6662 	 14.9528 	 0.0000 	 1.8523 	 6.9909 	 805.6591 	 32.0000 	 0.9316 	 6.3715 	 9.9363 	 0.0000 	 -0.5634 	 3.3222 	 0.0001 
29.0000 	 0.1996 	 14.3701 	 14.9512 	 0.0000 	 -3.0703 	 6.9775 	 805.6588 	 29.0000 	 0.0458 	 5.0779 	 -1.6703 	 0.0000 	 1.1808 	 1.4925 	 0.0000 
24.0000 	 0.0037 	 6.1083 	 14.9294 	 0.0000 	 2.4602 	 6.9909 	 805.6618 	 24.0000 	 2.3770 	 9.0308 	 -7.6142 	 0.0000 	 -0.6329 	 2.0257 	 0.0000 
30.0000 	 0.0256 	 15.8307 	 14.9500 	 0.0000 	 3.7917 	 6.9913 	 805.6591 	 30.0000 	 2.8778 	 9.3098 	 -5.8206 	 0.0000 	 2.9801 	 8.3695 	 0.0000 
30.0000 	 0.0271 	 3.7983 	 14.9619 	 0.0000 	 5.6373 	 6.9858 	 805.6583 	 30.0000 	 1.3175 	 3.9108 	 5.3784 	 0.0000 	 0.5913 	 1.6634 	 0.0000 
29.0000 	 0.0044 	 2.2285 	 14.9588 	 0.0000 	 -1.1984 	 6.9807 	 805.6584 	 29.0000 	 1.8879 	 7.5872 	 5.6094 	 0.0000 	 1.1134 	 8.5241 	 0.0000 
33.0000 	 0.0041 	 5.6717 	 14.9649 	 0.0000 	 -3.4927 	 6.9847 	 805.6584 	 33.0000 	 0.7113 	 1.2035 	 -2.1342 	 0.0000 	 0.4587 	 9.4580 	 0.0000 
31.0000 	 1.6420 	 31.7835 	 24.0575 	 0.0000 	 0.0595 	 0.0000 	 778.8613 	 31.0000 	 2.2327 	 3.8060 	 -6.1928 	 0.0000 	 -0.8499 	 8.9666 	 0.0876 
28.0000 	 0.0558 	 4.1110 	 14.9377 	 0.0000 	 -1.9058 	 6.8454 	 805.7327 	 28.0000 	 0.1886 	 2.2320 	 5.1668 	 0.0000 	 1.4119 	 4.5208 	 0.0000 
27.0000 	 0.0038 	 7.0498 	 14.9626 	 0.0000 	 7.1709 	 6.9863 	 805.6583 	 27.0000 	 0.9919 	 8.2919 	 -9.5452 	 0.0000 	 -1.5837 	 7.4339 	 0.0000 
32.0000 	 0.1227 	 2.0618 	 14.9048 	 0.0000 	 0.1128 	 7.0923 	 805.7170 	 32.0000 	 1.5933 	 4.6862 	 -6.7421 	 0.0000 	 -1.7335 	 1.7049 	 0.0016 
29.0000 	 0.1922 	 0.0592 	 15.0201 	 0.0000 	 -5.6710 	 6.9849 	 805.0018 	 29.0000 	 1.9560 	 8.4811 	 -9.7234 	 0.0000 	 0.9021 	 7.5321 	 0.0000 
28.0000 	 0.0328 	 4.3044 	 14.9550 	 0.0000 	 0.9429 	 6.9838 	 805.6585 	 28.0000 	 2.2506 	 3.8935 	 -3.4835 	 0.0000 	 -2.8675 	 3.6646 	 0.0002 
27.0000 	 0.5095 	 1.0240 	 14.9749 	 0.0000 	 -0.6883 	 6.9792 	 805.6547 	 27.0000 	 2.8096 	 8.5005 	 -1.6485 	 0.0000 	 -1.9877 	 4.7512 	 0.0008 
28.0000 	 0.5419 	 0.0000 	 14.9676 	 0.0000 	 -0.9622 	 6.9839 	 805.6519 	 28.0000 	 0.5101 	 7.2809 	 -9.3445 	 0.0000 	 0.5038 	 4.7767 	 0.0007 
30.0000 	 0.2688 	 3.0017 	 15.0049 	 0.0000 	 4.3850 	 6.9080 	 805.6571 	 30.0000 	 0.3662 	 8.5833 	 0.0590 	 0.0000 	 1.8112 	 1.0467 	 0.0100 
27.0000 	 0.0057 	 17.3519 	 14.9596 	 0.0000 	 5.9645 	 6.9823 	 805.6584 	 27.0000 	 1.4535 	 4.5524 	 2.3575 	 0.0000 	 1.7664 	 4.6430 	 0.0000 
24.0000 	 0.0087 	 37.2656 	 14.9756 	 0.0000 	 -8.4426 	 6.9946 	 804.5949 	 24.0000 	 0.7152 	 0.8191 	 9.3531 	 0.0000 	 2.1289 	 3.4519 	 0.0000 
28.0000 	 0.0149 	 6.7609 	 14.9622 	 0.0000 	 8.1083 	 6.9833 	 805.6583 	 28.0000 	 1.6530 	 9.7826 	 -1.5877 	 0.0000 	 -0.1883 	 5.1273 	 0.0000 
25.0000 	 0.0065 	 32.5880 	 14.9570 	 0.0000 	 4.4157 	 6.9813 	 805.6584 	 25.0000 	 0.9030 	 6.2072 	 7.4108 	 0.0000 	 0.9794 	 4.5249 	 0.0000 
25.0000 	 0.0643 	 4.6658 	 14.9627 	 0.0000 	 -4.1595 	 6.9857 	 805.6583 	 25.0000 	 0.6102 	 0.0731 	 -9.7151 	 0.0000 	 -2.9820 	 8.1307 	 0.0000 
29.0000 	 0.0025 	 2.1465 	 14.9633 	 0.0000 	 4.2789 	 6.9867 	 805.6584 	 29.0000 	 0.2039 	 4.0220 	 -8.5671 	 0.0000 	 2.2489 	 8.6212 	 0.0000 
25.0000 	 0.0086 	 4.1910 	 14.9628 	 0.0000 	 -1.5374 	 6.9839 	 805.6584 	 25.0000 	 0.1600 	 6.7948 	 8.5529 	 0.0000 	 2.6513 	 5.6033 	 0.0000 
28.0000 	 0.0109 	 12.3305 	 14.9647 	 0.0000 	 -5.1857 	 6.9849 	 805.6584 	 28.0000 	 2.4747 	 0.8846 	 -3.1126 	 0.0000 	 2.7128 	 4.4960 	 0.0000 
24.0000 	 0.0464 	 7.0270 	 14.9609 	 0.0000 	 -0.8655 	 6.9861 	 805.6584 	 24.0000 	 1.9236 	 3.8418 	 2.0039 	 0.0000 	 -1.0568 	 0.2927 	 0.0000 
23.0000 	 0.0036 	 2.8774 	 14.9595 	 0.0000 	 -0.6528 	 6.9842 	 805.6576 	 23.0000 	 2.2403 	 3.3094 	 5.1647 	 0.0000 	 2.8835 	 6.7025 	 0.0000 
27.0000 	 0.0029 	 9.0275 	 14.9696 	 0.0000 	 -3.4396 	 6.9843 	 805.6585 	 27.0000 	 3.0007 	 3.6972 	 5.9975 	 0.0000 	 -1.6080 	 9.5247 	 0.0000 
29.0000 	 0.0055 	 6.1475 	 14.9609 	 0.0000 	 -6.4922 	 6.9873 	 805.6584 	 29.0000 	 2.9437 	 2.7059 	 9.2212 	 0.0000 	 -0.3742 	 0.1347 	 0.0000 
27.0000 	 0.0232 	 7.7893 	 14.9640 	 0.0000 	 -1.0995 	 6.9892 	 805.6585 	 27.0000 	 1.7983 	 7.9176 	 1.5695 	 0.0000 	 -0.9177 	 8.3176 	 0.0000 
27.0000 	 0.0082 	 15.5018 	 14.9622 	 0.0000 	 9.2201 	 6.9871 	 805.6584 	 27.0000 	 1.8126 	 4.3847 	 -2.5717 	 0.0000 	 1.8353 	 5.8405 	 0.0000 
29.0000 	 0.0371 	 1.0457 	 14.9550 	 0.0000 	 -0.9155 	 6.9966 	 805.6588 	 29.0000 	 0.6563 	 6.3420 	 1.6579 	 0.0000 	 -0.7648 	 6.8146 	 0.0000 
29.0000 	 0.0329 	 6.5195 	 14.9607 	 0.0000 	 -3.8812 	 6.9916 	 805.6586 	 29.0000 	 0.7212 	 0.6794 	 -7.8746 	 0.0000 	 -1.3533 	 5.9880 	 0.0000 
27.0000 	 0.0057 	 10.1630 	 14.9603 	 0.0000 	 -3.6132 	 6.9941 	 805.6588 	 27.0000 	 2.1267 	 7.9197 	 4.3390 	 0.0000 	 -0.5000 	 9.3555 	 0.0000 
27.0000 	 0.1750 	 4.2755 	 14.9627 	 0.0000 	 -1.7351 	 6.9928 	 805.6586 	 27.0000 	 2.2438 	 9.2251 	 -6.7138 	 0.0000 	 1.4944 	 1.6959 	 0.0000 
28.0000 	 0.0059 	 4.8300 	 14.9640 	 0.0000 	 0.9258 	 6.9864 	 805.6584 	 28.0000 	 1.9614 	 2.0848 	 -3.9769 	 0.0000 	 -1.2249 	 7.8351 	 0.0000 
25.0000 	 0.0064 	 4.2135 	 14.9636 	 0.0000 	 -7.7889 	 6.9842 	 805.6584 	 25.0000 	 1.3096 	 8.0425 	 -8.0244 	 0.0000 	 -2.3964 	 3.7011 	 0.0000 
32.0000 	 0.0874 	 12.0163 	 14.9615 	 0.0000 	 0.2733 	 6.9897 	 805.6585 	 32.0000 	 2.9151 	 2.1964 	 -4.4585 	 0.0000 	 2.7285 	 3.3490 	 0.0000 
31.0000 	 0.0261 	 8.4487 	 14.9633 	 0.0000 	 7.1289 	 6.9858 	 805.6584 	 31.0000 	 2.2284 	 3.0772 	 -1.4302 	 0.0000 	 -2.6336 	 1.3420 	 0.0000 
24.0000 	 0.0255 	 5.9228 	 14.9617 	 0.0000 	 -2.2521 	 6.9852 	 805.6584 	 24.0000 	 0.9011 	 3.7889 	 6.7151 	 0.0000 	 -2.6453 	 4.6598 	 0.0000 
22.0000 	 0.0077 	 4.5603 	 14.9626 	 0.0000 	 3.2895 	 6.9795 	 805.6585 	 22.0000 	 1.1099 	 5.8802 	 -8.1551 	 0.0000 	 2.4505 	 1.4703 	 0.0000 
24.0000 	 0.0025 	 0.0138 	 14.9680 	 0.0000 	 3.9225 	 6.9866 	 805.6585 	 24.0000 	 2.2146 	 0.7663 	 -1.2476 	 0.0000 	 1.1035 	 1.0788 	 0.0000 
25.0000 	 0.4820 	 1.8841 	 14.9563 	 0.0000 	 -0.7295 	 6.9903 	 805.6542 	 25.0000 	 1.8647 	 9.0742 	 0.6771 	 0.0000 	 -0.0340 	 9.5218 	 0.0005 
26.0000 	 0.0089 	 18.1435 	 14.9622 	 0.0000 	 0.2865 	 6.9852 	 805.6583 	 26.0000 	 2.5005 	 1.3102 	 -2.0494 	 0.0000 	 -2.0934 	 4.4532 	 0.0000 
24.0000 	 0.0133 	 25.8689 	 14.9645 	 0.0000 	 -1.9263 	 6.9842 	 805.6584 	 24.0000 	 1.1258 	 4.5454 	 6.9903 	 0.0000 	 1.9885 	 0.3840 	 0.0000 
27.0000 	 0.0661 	 2.4000 	 14.9628 	 0.0000 	 8.9472 	 6.9866 	 805.6584 	 27.0000 	 1.2932 	 1.4206 	 8.0373 	 0.0000 	 -1.5100 	 5.0727 	 0.0000 
26.0000 	 0.0025 	 13.6504 	 14.9629 	 0.0000 	 -2.6246 	 6.9855 	 805.6584 	 26.0000 	 0.6075 	 3.6227 	 7.7892 	 0.0000 	 2.6205 	 6.9089 	 0.0000 
22.0000 	 0.0203 	 3.9421 	 14.9629 	 0.0000 	 6.8826 	 6.9875 	 805.6584 	 22.0000 	 0.8482 	 4.2558 	 5.9801 	 0.0000 	 -2.7593 	 1.4629 	 0.0000 
24.0000 	 0.2727 	 5.8882 	 14.9689 	 0.0000 	 -0.7958 	 6.9893 	 805.6586 	 24.0000 	 2.5915 	 0.1127 	 -4.1011 	 0.0000 	 0.1157 	 1.5945 	 0.0000 
25.0000 	 0.0133 	 17.4731 	 15.0189 	 0.0000 	 -1.5320 	 6.9479 	 805.6750 	 25.0000 	 0.9408 	 3.0941 	 -1.3675 	 0.0000 	 0.5537 	 6.7380 	 0.0000 
23.0000 	 0.3277 	 6.3884 	 14.9590 	 0.0000 	 5.5890 	 6.9863 	 805.6585 	 23.0000 	 1.6448 	 5.5907 	 -9.7094 	 0.0000 	 -1.3612 	 4.3981 	 0.0002 
26.0000 	 0.1493 	 3.2653 	 14.9647 	 0.0000 	 -1.0551 	 6.9858 	 805.6584 	 26.0000 	 0.5180 	 1.8021 	 -3.5263 	 0.0000 	 -1.3454 	 9.3916 	 0.0000 
19.0000 	 0.1117 	 11.1753 	 14.9604 	 0.0000 	 -4.3303 	 6.9841 	 805.6584 	 19.0000 	 0.2942 	 6.7976 	 0.6968 	 0.0000 	 -0.4792 	 4.9703 	 0.0000 
22.0000 	 0.2673 	 1.0925 	 14.8193 	 0.0000 	 -1.1113 	 6.8738 	 805.7465 	 22.0000 	 0.7464 	 6.7520 	 7.6026 	 0.0000 	 0.2705 	 1.6199 	 0.0000 
24.0000 	 0.0079 	 2.2880 	 14.9616 	 0.0000 	 -4.9295 	 6.9844 	 805.6584 	 24.0000 	 2.8885 	 8.5349 	 -7.0771 	 0.0000 	 2.7911 	 4.1245 	 0.0000 
23.0000 	 0.0907 	 1.2269 	 14.9675 	 0.0000 	 -5.2360 	 6.9811 	 805.6584 	 23.0000 	 0.8394 	 6.4249 	 8.9320 	 0.0000 	 0.3585 	 9.9060 	 0.0000 
29.0000 	 0.1906 	 5.9701 	 14.9619 	 0.0000 	 0.8788 	 6.9841 	 805.6584 	 29.0000 	 2.6237 	 4.0092 	 4.1589 	 0.0000 	 -1.5135 	 4.5941 	 0.0000 
18.0000 	 0.0028 	 4.0027 	 15.0317 	 0.0000 	 -0.5500 	 6.9617 	 805.6758 	 18.0000 	 0.0481 	 5.3958 	 -8.5351 	 0.0000 	 -2.5094 	 2.7135 	 0.0000 
23.0000 	 0.0704 	 8.9587 	 14.9614 	 0.0000 	 -4.1575 	 6.9854 	 805.6583 	 23.0000 	 2.5360 	 7.3314 	 -9.4938 	 0.0000 	 1.3801 	 7.3764 	 0.0000 
26.0000 	 0.0074 	 0.8175 	 14.9619 	 0.0000 	 -4.4933 	 6.9849 	 805.6584 	 26.0000 	 2.6068 	 4.3608 	 3.9378 	 0.0000 	 -1.4080 	 0.1658 	 0.0000 
24.0000 	 0.0179 	 5.7420 	 14.9615 	 0.0000 	 4.3467 	 6.9837 	 805.6583 	 24.0000 	 0.5774 	 0.8016 	 7.9879 	 0.0000 	 -0.6321 	 7.1114 	 0.0000 
25.0000 	 0.0086 	 4.7239 	 14.9618 	 0.0000 	 1.2354 	 6.9849 	 805.6584 	 25.0000 	 1.0271 	 7.0252 	 0.7974 	 0.0000 	 0.3408 	 4.3961 	 0.0000 
22.0000 	 0.1111 	 8.6962 	 14.9573 	 0.0000 	 -4.9771 	 6.9736 	 805.6589 	 22.0000 	 2.9622 	 1.5874 	 -6.0657 	 0.0000 	 -1.3922 	 2.2786 	 0.0000 
26.0000 	 0.0499 	 0.0293 	 14.9612 	 0.0000 	 -3.0513 	 6.9950 	 805.6588 	 26.0000 	 1.7652 	 2.0916 	 -5.4162 	 0.0000 	 -2.3000 	 8.5486 	 0.0000 
18.0000 	 0.0061 	 4.3718 	 14.9630 	 0.0000 	 -8.6369 	 6.9833 	 805.6583 	 18.0000 	 0.2856 	 9.5431 	 0.4964 	 0.0000 	 1.3148 	 6.5199 	 0.0000 
26.0000 	 0.0202 	 4.4015 	 14.9619 	 0.0000 	 0.1803 	 6.9834 	 805.6583 	 26.0000 	 1.1235 	 8.7419 	 -1.5415 	 0.0000 	 0.0049 	 8.8239 	 0.0000 
22.0000 	 0.0209 	 3.3589 	 14.9624 	 0.0000 	 -0.9309 	 6.9830 	 805.6584 	 22.0000 	 1.9889 	 9.7945 	 3.8055 	 0.0000 	 -0.0715 	 9.8953 	 0.0000 
26.0000 	 0.0389 	 13.0767 	 14.9647 	 0.0000 	 -8.9558 	 6.9818 	 805.6582 	 26.0000 	 2.5633 	 2.4306 	 -6.0655 	 0.0000 	 -2.3762 	 5.6616 	 0.0000 
26.0000 	 0.0852 	 6.0499 	 14.9627 	 0.0000 	 1.8735 	 6.9898 	 805.6585 	 26.0000 	 2.8006 	 2.2697 	 -2.1315 	 0.0000 	 -1.2815 	 3.8991 	 0.0000 
25.0000 	 0.4180 	 1.7753 	 14.9666 	 0.0000 	 -3.0803 	 6.9862 	 805.6562 	 25.0000 	 0.3206 	 2.9243 	 7.5463 	 0.0000 	 2.7126 	 1.8454 	 0.0007 
27.0000 	 0.0148 	 7.5507 	 14.9621 	 0.0000 	 1.5783 	 6.9812 	 805.6584 	 27.0000 	 1.5476 	 8.7959 	 0.3216 	 0.0000 	 -2.5866 	 6.0247 	 0.0000 
25.0000 	 0.4698 	 6.8766 	 14.9681 	 0.0000 	 0.5732 	 6.9827 	 805.6634 	 25.0000 	 2.4861 	 1.9450 	 4.0590 	 0.0000 	 2.6335 	 0.3276 	 0.0006 
19.0000 	 0.0099 	 16.7889 	 14.9620 	 0.0000 	 -0.3849 	 6.9841 	 805.6584 	 19.0000 	 0.1990 	 3.4491 	 8.7580 	 0.0000 	 0.6998 	 1.9873 	 0.0000 
22.0000 	 0.0236 	 1.1041 	 14.9625 	 0.0000 	 0.3933 	 6.9843 	 805.6584 	 22.0000 	 1.7632 	 1.0161 	 -3.7290 	 0.0000 	 0.8512 	 9.9787 	 0.0000 
23.0000 	 0.4463 	 0.8598 	 14.9369 	 0.0000 	 -1.5450 	 6.9222 	 805.6650 	 23.0000 	 1.2816 	 6.1059 	 7.3424 	 0.0000 	 0.3410 	 8.1200 	 0.0006 
16.0000 	 0.0143 	 10.3165 	 14.9647 	 0.0000 	 -4.6861 	 6.9805 	 805.6584 	 16.0000 	 1.3794 	 0.6863 	 -0.8631 	 0.0000 	 1.4951 	 3.7833 	 0.0000 
21.0000 	 0.0025 	 0.4036 	 14.9615 	 0.0000 	 -2.8293 	 6.9827 	 805.6565 	 21.0000 	 1.2892 	 5.2946 	 -1.1748 	 0.0000 	 0.7080 	 9.8756 	 0.0000 
18.0000 	 0.0103 	 16.2061 	 14.9609 	 0.0000 	 6.0762 	 6.9971 	 805.6590 	 18.0000 	 1.1145 	 1.9419 	 1.2768 	 0.0000 	 2.4335 	 6.8402 	 0.0000 
17.0000 	 0.0325 	 8.7406 	 14.9733 	 0.0000 	 -2.1201 	 6.9945 	 805.6590 	 17.0000 	 2.6104 	 9.6184 	 -3.0899 	 0.0000 	 0.4624 	 6.4851 	 0.0000 
26.0000 	 0.0193 	 8.1479 	 14.9587 	 0.0000 	 1.0601 	 6.9838 	 805.6584 	 26.0000 	 0.1899 	 9.5469 	 3.3366 	 0.0000 	 -0.4870 	 7.7910 	 0.0000 
23.0000 	 0.2417 	 11.4551 	 15.1855 	 0.0000 	 -6.9990 	 7.1484 	 805.3254 	 23.0000 	 0.4167 	 9.9936 	 1.9457 	 0.0000 	 -2.2742 	 2.3240 	 0.1070 
17.0000 	 0.0290 	 0.2733 	 14.9433 	 0.0000 	 3.4746 	 6.9820 	 805.6594 	 17.0000 	 0.2899 	 8.0459 	 8.7911 	 0.0000 	 1.3235 	 6.0548 	 0.0002 
23.0000 	 0.5119 	 0.0111 	 14.9761 	 0.0000 	 0.2810 	 6.9670 	 805.6447 	 23.0000 	 1.0099 	 2.8934 	 1.6075 	 0.0000 	 -0.0744 	 3.4335 	 0.0011 
25.0000 	 0.0177 	 5.0880 	 14.9673 	 0.0000 	 -0.6126 	 6.9856 	 805.6584 	 25.0000 	 2.5449 	 3.4034 	 -6.0537 	 0.0000 	 0.8958 	 0.3817 	 0.0000 
18.0000 	 0.0034 	 1.4502 	 14.9622 	 0.0000 	 -0.1579 	 6.9846 	 805.6583 	 18.0000 	 1.6783 	 8.9483 	 0.5862 	 0.0000 	 -0.4059 	 5.7239 	 0.0000 
22.0000 	 0.0153 	 7.1924 	 14.1113 	 0.0000 	 -1.8105 	 6.7480 	 804.3182 	 22.0000 	 0.7382 	 4.3328 	 -2.3997 	 0.0000 	 1.4826 	 4.3035 	 0.2838 
21.0000 	 0.0304 	 16.6251 	 14.9622 	 0.0000 	 1.4678 	 6.9846 	 805.6584 	 21.0000 	 2.1563 	 3.7026 	 -1.2084 	 0.0000 	 2.3705 	 0.4043 	 0.0000 
21.0000 	 0.5096 	 0.0000 	 14.9891 	 0.0000 	 -8.8325 	 6.9585 	 805.6409 	 21.0000 	 2.4818 	 1.2992 	 -7.4961 	 0.0000 	 -1.3698 	 1.9521 	 0.0016 
18.0000 	 0.0047 	 6.1910 	 14.9620 	 0.0000 	 -4.3006 	 6.9839 	 805.6584 	 18.0000 	 1.1735 	 3.6627 	 7.8233 	 0.0000 	 -2.0628 	 1.8256 	 0.0000 
19.0000 	 0.1090 	 0.9290 	 14.9675 	 0.0000 	 -3.4953 	 6.9866 	 805.6584 	 19.0000 	 2.5440 	 0.3008 	 9.3564 	 0.0000 	 1.3164 	 5.3017 	 0.0000 
23.0000 	 0.0072 	 16.6154 	 14.9597 	 0.0000 	 -5.6338 	 6.9836 	 805.6584 	 23.0000 	 2.1568 	 5.4153 	 -7.1485 	 0.0000 	 -2.7127 	 1.1579 	 0.0000 
21.0000 	 0.1936 	 3.1875 	 14.9619 	 0.0000 	 -0.0147 	 6.9864 	 805.6584 	 21.0000 	 2.6210 	 3.5287 	 5.1453 	 0.0000 	 0.1940 	 0.0925 	 0.0000 
19.0000 	 0.1266 	 16.5588 	 14.9632 	 0.0000 	 -0.2206 	 6.9854 	 805.6584 	 19.0000 	 0.3762 	 1.2282 	 3.7460 	 0.0000 	 -2.9012 	 8.7034 	 0.0000 
23.0000 	 0.3127 	 5.0255 	 14.9610 	 0.0000 	 -2.5711 	 6.9797 	 805.6587 	 23.0000 	 2.0581 	 3.2738 	 -7.7619 	 0.0000 	 0.2327 	 4.1132 	 0.0000 
19.0000 	 0.0072 	 5.9571 	 14.9628 	 0.0000 	 3.8588 	 6.9783 	 805.6585 	 19.0000 	 0.3397 	 8.7206 	 1.5910 	 0.0000 	 0.5099 	 1.0088 	 0.0000 
22.0000 	 0.0341 	 0.9501 	 14.9611 	 0.0000 	 -0.6786 	 6.9848 	 805.6584 	 22.0000 	 0.6420 	 8.5024 	 4.4718 	 0.0000 	 1.0800 	 6.0490 	 0.0000 
26.0000 	 0.0410 	 15.8311 	 14.9603 	 0.0000 	 8.1832 	 6.9859 	 805.6583 	 26.0000 	 0.5271 	 8.3913 	 6.4472 	 0.0000 	 -0.8262 	 0.1096 	 0.0000 
21.0000 	 0.1438 	 2.6611 	 14.8340 	 0.0000 	 -3.8027 	 6.9824 	 805.7042 	 21.0000 	 1.2655 	 7.6674 	 -0.0796 	 0.0000 	 -2.7113 	 0.1395 	 0.0000 
18.0000 	 0.0188 	 4.9341 	 15.1123 	 0.0000 	 7.1975 	 7.0386 	 805.7212 	 18.0000 	 0.5313 	 2.4250 	 -5.8296 	 0.0000 	 1.7916 	 3.1135 	 0.0044 
16.0000 	 0.0040 	 9.9748 	 14.9611 	 0.0000 	 -5.5552 	 6.9807 	 805.6583 	 16.0000 	 0.2765 	 6.6627 	 3.9920 	 0.0000 	 2.5513 	 5.7386 	 0.0000 
21.0000 	 0.0129 	 3.5416 	 14.9603 	 0.0000 	 1.7148 	 6.9852 	 805.6583 	 21.0000 	 0.3130 	 6.9843 	 -5.0359 	 0.0000 	 -0.8504 	 4.2279 	 0.0000 
12.0000 	 0.0029 	 1.8785 	 14.9653 	 0.0000 	 -3.1467 	 6.9737 	 805.6589 	 12.0000 	 2.2261 	 2.3417 	 -0.0264 	 0.0000 	 2.5720 	 6.5069 	 0.0000 
22.0000 	 0.1661 	 4.4403 	 14.9590 	 0.0000 	 -5.0028 	 6.9851 	 805.6584 	 22.0000 	 1.3801 	 6.6335 	 6.7508 	 0.0000 	 -1.4972 	 5.4510 	 0.0000 
17.0000 	 0.0917 	 1.5801 	 14.9624 	 0.0000 	 0.2774 	 6.9853 	 805.6583 	 17.0000 	 2.8190 	 6.0953 	 -7.9267 	 0.0000 	 -0.6662 	 9.0683 	 0.0000 
17.0000 	 0.0383 	 6.6568 	 14.9878 	 0.0000 	 1.3103 	 6.9324 	 805.6717 	 17.0000 	 0.3752 	 1.8679 	 -4.4268 	 0.0000 	 1.3023 	 2.2745 	 0.0034 
21.0000 	 0.4113 	 3.8507 	 14.9677 	 0.0000 	 -0.2801 	 6.9788 	 805.6566 	 21.0000 	 0.9414 	 0.8784 	 -2.8103 	 0.0000 	 -2.1371 	 0.6913 	 0.0005 
19.0000 	 0.0123 	 22.0933 	 14.9371 	 0.0000 	 8.5898 	 6.9750 	 805.6602 	 19.0000 	 1.0465 	 7.4316 	 -1.6417 	 0.0000 	 -1.4326 	 5.8384 	 0.0000 
12.0000 	 0.3618 	 0.0000 	 15.0427 	 0.0000 	 5.3937 	 6.9164 	 805.4851 	 12.0000 	 1.2681 	 5.7621 	 8.6437 	 0.0000 	 0.6773 	 2.9248 	 0.0028 
13.0000 	 0.3831 	 0.3032 	 15.0527 	 0.0000 	 4.7026 	 6.9285 	 805.5312 	 13.0000 	 1.9343 	 1.4176 	 -1.4858 	 0.0000 	 -1.8819 	 1.3689 	 0.0024 
21.0000 	 0.4685 	 0.0000 	 14.9833 	 0.0000 	 3.5851 	 6.9789 	 805.6386 	 21.0000 	 0.0197 	 6.9712 	 -6.8208 	 0.0000 	 1.6639 	 9.8446 	 0.0011 
17.0000 	 0.0027 	 5.9778 	 14.9593 	 0.0000 	 0.1316 	 6.9841 	 805.6584 	 17.0000 	 2.5401 	 7.1066 	 -3.5511 	 0.0000 	 1.8592 	 7.5210 	 0.0000 
19.0000 	 0.0151 	 6.7568 	 14.9644 	 0.0000 	 2.3327 	 6.9832 	 805.6582 	 19.0000 	 1.6278 	 0.4132 	 -0.6434 	 0.0000 	 -1.9427 	 9.5650 	 0.0004 
16.0000 	 0.0048 	 8.8241 	 14.9635 	 0.0000 	 5.3190 	 6.9834 	 805.6584 	 16.0000 	 2.9105 	 8.3948 	 -5.7045 	 0.0000 	 -0.2022 	 0.0996 	 0.0000 
20.0000 	 0.0025 	 15.1293 	 14.9608 	 0.0000 	 8.7934 	 6.9835 	 805.6584 	 20.0000 	 1.7639 	 5.9979 	 -4.1789 	 0.0000 	 2.6506 	 9.7395 	 0.0000 
18.0000 	 0.0244 	 0.8090 	 14.9626 	 0.0000 	 1.4349 	 6.9843 	 805.6584 	 18.0000 	 2.3833 	 5.9194 	 0.3531 	 0.0000 	 2.9401 	 9.0070 	 0.0000 
20.0000 	 0.0431 	 6.1778 	 14.9817 	 0.0000 	 1.6457 	 6.9806 	 805.6597 	 20.0000 	 0.3369 	 4.1149 	 4.4037 	 0.0000 	 -2.5589 	 6.0305 	 0.0003 
20.0000 	 0.2365 	 10.7353 	 14.9602 	 0.0000 	 -0.9632 	 6.9834 	 805.6584 	 20.0000 	 0.1114 	 6.9985 	 -6.8221 	 0.0000 	 1.9685 	 6.2202 	 0.0000 
17.0000 	 0.0039 	 4.8148 	 14.9608 	 0.0000 	 -3.7825 	 6.9843 	 805.6584 	 17.0000 	 2.7350 	 4.3781 	 -5.1903 	 0.0000 	 -0.1241 	 0.6998 	 0.0000 
16.0000 	 0.0028 	 2.5830 	 14.9698 	 0.0000 	 -4.3501 	 7.0482 	 805.6733 	 16.0000 	 2.9545 	 4.1707 	 6.2726 	 0.0000 	 2.6226 	 8.6387 	 0.0000 
11.0000 	 0.3114 	 0.0000 	 14.9683 	 0.0000 	 -0.3996 	 6.9629 	 805.4683 	 11.0000 	 2.1098 	 6.1022 	 2.0066 	 0.0000 	 -1.9438 	 6.2039 	 0.0026 
12.0000 	 0.0166 	 7.7883 	 14.9593 	 0.0000 	 -2.2168 	 6.9826 	 805.6584 	 12.0000 	 0.2278 	 5.1414 	 8.4578 	 0.0000 	 0.3038 	 5.6757 	 0.0000 
28.0000 	 1.3506 	 78.2283 	 23.4934 	 0.0000 	 3.5237 	 1.3245 	 769.9884 	 28.0000 	 1.0463 	 5.7708 	 -6.5195 	 0.0000 	 -2.2452 	 2.3069 	 0.0448 
20.0000 	 0.0068 	 28.7433 	 14.9652 	 0.0000 	 -5.6118 	 6.9812 	 805.6585 	 20.0000 	 1.3412 	 9.2205 	 5.4526 	 0.0000 	 -2.1226 	 1.0770 	 0.0000 
12.0000 	 0.0322 	 4.9277 	 14.9637 	 0.0000 	 -0.6100 	 6.9856 	 805.6583 	 12.0000 	 0.3631 	 7.3923 	 9.2499 	 0.0000 	 0.4522 	 6.3668 	 0.0000 
11.0000 	 0.0604 	 8.6990 	 14.9646 	 0.0000 	 -1.1450 	 6.9922 	 805.6584 	 11.0000 	 2.4440 	 3.8627 	 3.8087 	 0.0000 	 2.3200 	 1.7349 	 0.0000 
19.0000 	 0.0297 	 13.2764 	 14.9902 	 0.0000 	 -5.1270 	 7.0166 	 805.6581 	 19.0000 	 0.4617 	 6.3459 	 5.3499 	 0.0000 	 2.2867 	 2.5812 	 0.0000 
22.0000 	 0.4964 	 0.7516 	 14.9763 	 0.0000 	 4.9035 	 6.9689 	 805.6475 	 22.0000 	 0.5364 	 4.4814 	 3.5970 	 0.0000 	 1.4537 	 0.8852 	 0.0012 
21.0000 	 0.0206 	 6.6838 	 14.9630 	 0.0000 	 3.0914 	 6.9839 	 805.6584 	 21.0000 	 2.1571 	 8.2163 	 -5.8189 	 0.0000 	 -2.5935 	 0.6276 	 0.0000 
10.0000 	 0.0722 	 24.0580 	 14.9698 	 0.0000 	 -3.1603 	 6.9675 	 805.6599 	 10.0000 	 2.4992 	 1.5648 	 8.9258 	 0.0000 	 0.5050 	 0.9385 	 0.0005 
18.0000 	 0.0027 	 2.1731 	 14.9587 	 0.0000 	 3.7034 	 6.9848 	 805.6584 	 18.0000 	 1.5784 	 5.0301 	 6.8666 	 0.0000 	 -1.7855 	 1.0993 	 0.0000 
20.0000 	 0.0257 	 9.5557 	 14.9609 	 0.0000 	 2.4287 	 6.9873 	 805.6584 	 20.0000 	 1.8473 	 0.2041 	 -3.5786 	 0.0000 	 -2.3036 	 7.7986 	 0.0000 
16.0000 	 0.0096 	 4.3226 	 14.9619 	 0.0000 	 5.4717 	 6.9851 	 805.6562 	 16.0000 	 1.9580 	 8.9806 	 -0.4587 	 0.0000 	 1.8835 	 5.2754 	 0.0000 
16.0000 	 0.4122 	 0.2137 	 15.1002 	 0.0000 	 -2.8534 	 6.9478 	 805.6322 	 16.0000 	 2.9905 	 8.3674 	 -8.8844 	 0.0000 	 2.5622 	 9.7768 	 0.0014 
12.0000 	 0.0053 	 8.3396 	 14.9632 	 0.0000 	 -2.5452 	 6.9861 	 805.6584 	 12.0000 	 2.2520 	 4.3797 	 5.3301 	 0.0000 	 2.1562 	 8.6913 	 0.0000 
13.0000 	 0.3808 	 0.0000 	 15.0316 	 0.0000 	 2.8194 	 6.9430 	 805.5248 	 13.0000 	 2.3579 	 4.9953 	 7.4558 	 0.0000 	 0.5137 	 0.2629 	 0.0023 
6.0000 	 0.0057 	 13.7793 	 14.9628 	 0.0000 	 3.5092 	 6.9852 	 805.6584 	 6.0000 	 1.4054 	 1.2584 	 0.3611 	 0.0000 	 0.8346 	 8.0070 	 0.0000 
18.0000 	 0.4383 	 2.2319 	 14.9978 	 0.0000 	 -1.8645 	 6.9656 	 805.6411 	 18.0000 	 2.4723 	 1.9090 	 -4.5036 	 0.0000 	 0.4999 	 5.0134 	 0.0011 
13.0000 	 0.0813 	 12.1878 	 14.9280 	 0.0000 	 4.0371 	 6.9864 	 805.6617 	 13.0000 	 2.9602 	 6.7896 	 -8.5463 	 0.0000 	 1.4995 	 5.3647 	 0.0000 
19.0000 	 0.4448 	 0.0000 	 14.9942 	 0.0000 	 -0.5482 	 6.9724 	 805.6223 	 19.0000 	 0.5723 	 5.6393 	 4.0702 	 0.0000 	 -2.8660 	 1.0079 	 0.0032 
11.0000 	 0.0511 	 0.0000 	 14.9624 	 0.0000 	 4.7884 	 6.9863 	 805.6584 	 11.0000 	 1.1426 	 6.1756 	 -0.1819 	 0.0000 	 -1.8646 	 6.3974 	 0.0000 
17.0000 	 0.0087 	 4.8335 	 14.9598 	 0.0000 	 7.7766 	 6.9794 	 805.6585 	 17.0000 	 0.2711 	 3.8231 	 3.7778 	 0.0000 	 -0.1808 	 5.1912 	 0.0000 
15.0000 	 0.0108 	 26.2854 	 14.9585 	 0.0000 	 0.1619 	 6.9812 	 805.6584 	 15.0000 	 2.4707 	 1.9514 	 -4.2979 	 0.0000 	 -0.1077 	 0.0864 	 0.0000 
15.0000 	 0.0147 	 0.2556 	 14.9696 	 0.0000 	 -1.2299 	 6.9842 	 805.6585 	 15.0000 	 0.7707 	 7.3985 	 9.0896 	 0.0000 	 1.4553 	 6.4510 	 0.0000 
20.0000 	 0.1373 	 1.8390 	 14.9587 	 0.0000 	 -7.6118 	 6.9833 	 805.6583 	 20.0000 	 1.9366 	 5.9494 	 2.2072 	 0.0000 	 -0.8193 	 0.2319 	 0.0000 
13.0000 	 0.0464 	 1.6141 	 14.9432 	 0.0000 	 0.7178 	 7.0280 	 805.6675 	 13.0000 	 0.3094 	 0.7623 	 -5.6881 	 0.0000 	 -1.3744 	 3.7521 	 0.0000 
16.0000 	 0.0030 	 13.2935 	 14.9609 	 0.0000 	 1.2634 	 6.9788 	 805.6586 	 16.0000 	 1.8148 	 0.7951 	 8.2221 	 0.0000 	 1.5174 	 2.2370 	 0.0000 
11.0000 	 0.0426 	 11.1462 	 14.9536 	 0.0000 	 0.2527 	 6.9849 	 805.6585 	 11.0000 	 1.8717 	 4.7535 	 5.3151 	 0.0000 	 -2.6251 	 6.7587 	 0.0000 
20.0000 	 0.2178 	 3.3311 	 14.9616 	 0.0000 	 -6.4936 	 6.9838 	 805.6584 	 20.0000 	 1.4880 	 1.6709 	 -2.6479 	 0.0000 	 1.2900 	 6.4215 	 0.0000 
12.0000 	 0.0821 	 1.8078 	 14.9609 	 0.0000 	 -4.3297 	 6.9851 	 805.6584 	 12.0000 	 0.3041 	 2.5633 	 -2.2760 	 0.0000 	 -1.8091 	 4.3066 	 0.0000 
5.0000 	 0.0110 	 3.1512 	 14.9030 	 0.0000 	 -0.7000 	 6.9652 	 805.6691 	 5.0000 	 1.8694 	 3.1830 	 -3.5653 	 0.0000 	 -0.9998 	 7.7896 	 0.0027 
20.0000 	 0.1641 	 5.9430 	 14.9632 	 0.0000 	 2.8157 	 6.9987 	 805.6591 	 20.0000 	 1.7790 	 3.8429 	 5.2667 	 0.0000 	 0.9803 	 0.2563 	 0.0000 
15.0000 	 0.0066 	 0.0647 	 14.9630 	 0.0000 	 8.0098 	 6.9853 	 805.6584 	 15.0000 	 1.0909 	 6.1372 	 8.8561 	 0.0000 	 2.2255 	 7.9572 	 0.0000 
24.0000 	 0.1043 	 18.9841 	 14.9921 	 0.0000 	 4.7384 	 6.9412 	 805.6696 	 24.0000 	 2.9856 	 7.9789 	 6.0061 	 0.0000 	 -1.7846 	 7.6890 	 0.0002 
15.0000 	 0.0051 	 8.8222 	 14.9649 	 0.0000 	 -1.3908 	 6.9841 	 805.6584 	 15.0000 	 0.4200 	 0.8261 	 -3.4502 	 0.0000 	 1.0898 	 6.0907 	 0.0000 
11.0000 	 0.0025 	 22.5069 	 14.9556 	 0.0000 	 0.4286 	 6.9842 	 805.6585 	 11.0000 	 1.2853 	 6.4095 	 -0.8111 	 0.0000 	 -1.7955 	 4.3732 	 0.0000 
6.0000 	 0.2288 	 0.0000 	 15.3232 	 0.0000 	 5.4363 	 6.6068 	 804.3377 	 6.0000 	 2.8377 	 8.0236 	 -0.5517 	 0.0000 	 -0.7473 	 2.1807 	 0.0052 
6.0000 	 0.0145 	 6.8384 	 14.9579 	 0.0000 	 9.3698 	 7.0096 	 805.6609 	 6.0000 	 1.8284 	 1.7035 	 1.0938 	 0.0000 	 2.4817 	 7.1725 	 0.0003 
17.0000 	 0.0741 	 8.4831 	 14.9627 	 0.0000 	 1.1240 	 6.9850 	 805.6584 	 17.0000 	 0.2748 	 7.5009 	 -9.9209 	 0.0000 	 1.2256 	 8.3606 	 0.0000 
13.0000 	 0.3882 	 0.0000 	 15.0363 	 0.0000 	 8.9885 	 6.8932 	 805.5315 	 13.0000 	 0.2291 	 7.4958 	 -2.6355 	 0.0000 	 -0.0048 	 5.9734 	 0.0023 
7.0000 	 0.2655 	 0.0000 	 15.2885 	 0.0000 	 3.2116 	 6.6723 	 804.7723 	 7.0000 	 0.2319 	 5.2076 	 7.3659 	 0.0000 	 -0.7007 	 0.1301 	 0.0046 
16.0000 	 0.1019 	 16.1874 	 14.9614 	 0.0000 	 1.8775 	 6.9849 	 805.6584 	 16.0000 	 1.3499 	 3.5023 	 -8.8755 	 0.0000 	 -2.4946 	 5.6645 	 0.0000 
12.0000 	 0.0243 	 6.2076 	 14.9569 	 0.0000 	 0.6617 	 6.9837 	 805.6584 	 12.0000 	 1.0378 	 8.1659 	 -8.3625 	 0.0000 	 -1.7087 	 8.5401 	 0.0000 
17.0000 	 0.0067 	 4.1425 	 14.9618 	 0.0000 	 4.0061 	 6.9839 	 805.6584 	 17.0000 	 1.8228 	 9.1589 	 4.7442 	 0.0000 	 -2.4375 	 8.6553 	 0.0000 
13.0000 	 0.3852 	 0.0000 	 15.0254 	 0.0000 	 -0.6828 	 6.9101 	 805.5270 	 13.0000 	 0.2750 	 6.2584 	 2.9501 	 0.0000 	 -2.8516 	 2.2925 	 0.0016 
16.0000 	 0.0080 	 6.4212 	 14.9603 	 0.0000 	 -4.2144 	 6.9830 	 805.6584 	 16.0000 	 2.9508 	 9.2936 	 -0.3199 	 0.0000 	 -1.3038 	 1.3039 	 0.0000 
6.0000 	 0.0025 	 8.8622 	 14.9652 	 0.0000 	 -2.3595 	 6.9837 	 805.6584 	 6.0000 	 2.0577 	 1.6965 	 4.6176 	 0.0000 	 -1.7801 	 6.3958 	 0.0000 
13.0000 	 0.0027 	 7.0924 	 14.9712 	 0.0000 	 4.6746 	 7.0143 	 805.6617 	 13.0000 	 1.0082 	 9.0201 	 -1.8135 	 0.0000 	 -2.7113 	 1.4911 	 0.0000 
5.0000 	 0.0045 	 2.2784 	 14.9630 	 0.0000 	 2.2667 	 6.9839 	 805.6583 	 5.0000 	 1.7284 	 3.7272 	 5.4807 	 0.0000 	 -0.0147 	 2.9982 	 0.0000 
18.0000 	 0.4447 	 0.0000 	 15.0012 	 0.0000 	 3.6843 	 6.9476 	 805.6222 	 18.0000 	 0.7696 	 6.5845 	 -6.4353 	 0.0000 	 -2.9252 	 6.5664 	 0.0014 
10.0000 	 0.3242 	 0.0000 	 15.0758 	 0.0000 	 -3.2933 	 6.8282 	 805.3539 	 10.0000 	 2.9186 	 4.5705 	 -9.9739 	 0.0000 	 -2.1231 	 5.8903 	 0.0031 
10.0000 	 0.3260 	 0.0000 	 15.1142 	 0.0000 	 5.6451 	 6.8746 	 805.3413 	 10.0000 	 2.4073 	 8.3721 	 -2.6058 	 0.0000 	 -0.4373 	 1.0682 	 0.0031 
15.0000 	 0.4163 	 0.0273 	 15.0161 	 0.0000 	 -1.2008 	 6.9279 	 805.5789 	 15.0000 	 2.4371 	 1.3605 	 1.5015 	 0.0000 	 0.7319 	 6.7586 	 0.0024 
10.0000 	 0.0038 	 5.6036 	 14.9573 	 0.0000 	 -1.5345 	 6.9807 	 805.6584 	 10.0000 	 1.9685 	 1.5740 	 8.5129 	 0.0000 	 1.8378 	 9.9155 	 0.0000 
10.0000 	 0.1194 	 7.5267 	 14.9657 	 0.0000 	 1.2755 	 6.9783 	 805.6594 	 10.0000 	 1.8502 	 9.0030 	 -3.2090 	 0.0000 	 2.0316 	 7.5943 	 0.0002 
5.0000 	 0.2020 	 0.0000 	 15.4861 	 0.0000 	 2.2692 	 6.4071 	 803.5968 	 5.0000 	 0.5055 	 1.8169 	 -1.7091 	 0.0000 	 0.0639 	 0.3614 	 0.0068 
20.0000 	 0.4679 	 0.0000 	 14.9726 	 0.0000 	 -2.0841 	 6.9746 	 805.6354 	 20.0000 	 2.3405 	 4.6767 	 3.8795 	 0.0000 	 2.7561 	 2.4329 	 0.0011 
6.0000 	 0.2390 	 0.0000 	 15.3833 	 0.0000 	 7.2995 	 6.5464 	 804.3134 	 6.0000 	 0.9792 	 5.2022 	 4.3435 	 0.0000 	 0.0469 	 4.1549 	 0.0075 
14.0000 	 0.2020 	 6.9951 	 14.9577 	 0.0000 	 2.2153 	 6.9831 	 805.6590 	 14.0000 	 0.5729 	 7.4680 	 -2.1310 	 0.0000 	 -2.7055 	 4.6232 	 0.0002 
12.0000 	 0.0035 	 4.7218 	 14.9461 	 0.0000 	 -1.9978 	 6.9597 	 805.6613 	 12.0000 	 2.4576 	 4.3846 	 -1.3957 	 0.0000 	 1.7936 	 5.5985 	 0.0006 
14.0000 	 0.0031 	 0.4262 	 14.9643 	 0.0000 	 3.6245 	 6.9864 	 805.6584 	 14.0000 	 2.3464 	 6.1192 	 8.7237 	 0.0000 	 1.6102 	 9.8149 	 0.0000 
23.0000 	 0.0165 	 1.6737 	 14.9648 	 0.0000 	 1.6801 	 6.9847 	 805.6584 	 23.0000 	 2.9729 	 5.2914 	 -3.8333 	 0.0000 	 2.9629 	 8.0219 	 0.0000 
15.0000 	 0.0054 	 4.7141 	 14.9631 	 0.0000 	 2.6501 	 6.9839 	 805.6584 	 15.0000 	 1.1748 	 9.1966 	 4.3298 	 0.0000 	 2.4428 	 8.5589 	 0.0000 
15.0000 	 0.4201 	 0.0000 	 15.0019 	 0.0000 	 5.5767 	 6.9372 	 805.5806 	 15.0000 	 1.9821 	 2.0735 	 9.7253 	 0.0000 	 2.4284 	 0.5321 	 0.0020 
15.0000 	 0.4104 	 0.0003 	 15.0113 	 0.0000 	 -3.9006 	 6.9456 	 805.5758 	 15.0000 	 0.8482 	 4.1092 	 6.5389 	 0.0000 	 -1.5328 	 8.1247 	 0.0018 
14.0000 	 0.3908 	 0.0000 	 15.0343 	 0.0000 	 2.8275 	 6.9464 	 805.5559 	 14.0000 	 0.8073 	 9.3285 	 6.2061 	 0.0000 	 0.3301 	 1.7262 	 0.0018 
11.0000 	 0.0156 	 0.4738 	 14.9631 	 0.0000 	 -0.5202 	 6.9835 	 805.6584 	 11.0000 	 0.6431 	 6.7833 	 0.3347 	 0.0000 	 -2.1988 	 8.9430 	 0.0000 
5.0000 	 0.0108 	 1.9263 	 14.9634 	 0.0000 	 2.2890 	 6.9876 	 805.6580 	 5.0000 	 1.6009 	 2.1329 	 -3.2192 	 0.0000 	 -0.1960 	 7.1210 	 0.0000 
10.0000 	 0.0113 	 11.3079 	 14.9610 	 0.0000 	 -3.3731 	 6.9854 	 805.6575 	 10.0000 	 2.3200 	 8.5347 	 4.5107 	 0.0000 	 2.4567 	 2.7173 	 0.0000 
21.0000 	 1.0909 	 99.9999 	 23.7665 	 0.0000 	 4.8649 	 1.7153 	 776.3643 	 21.0000 	 2.8595 	 8.2644 	 -4.3974 	 0.0000 	 -0.4195 	 7.7110 	 0.0512 
13.0000 	 0.0647 	 4.9269 	 14.9603 	 0.0000 	 -3.5631 	 6.9787 	 805.6584 	 13.0000 	 0.5301 	 6.5544 	 7.9462 	 0.0000 	 1.0068 	 3.8765 	 0.0000 
13.0000 	 0.0166 	 5.8338 	 14.9637 	 0.0000 	 -3.9389 	 6.9853 	 805.6584 	 13.0000 	 0.5973 	 1.3904 	 7.2721 	 0.0000 	 2.4234 	 2.1416 	 0.0000 
7.0000 	 0.0267 	 6.9307 	 14.9671 	 0.0000 	 1.4645 	 6.9970 	 805.6591 	 7.0000 	 2.1925 	 0.8107 	 4.6071 	 0.0000 	 1.6945 	 0.5957 	 0.0000 
10.0000 	 0.0686 	 15.0462 	 14.9623 	 0.0000 	 -3.0636 	 6.9848 	 805.6584 	 10.0000 	 0.1274 	 6.3671 	 6.3990 	 0.0000 	 1.3736 	 8.6946 	 0.0000 
5.0000 	 0.0046 	 16.5215 	 14.9608 	 0.0000 	 6.2441 	 6.9836 	 805.6583 	 5.0000 	 1.5664 	 1.9746 	 0.4628 	 0.0000 	 1.5599 	 9.4479 	 0.0000 
17.0000 	 0.0405 	 3.4540 	 14.9607 	 0.0000 	 -2.9965 	 6.9841 	 805.6583 	 17.0000 	 1.2664 	 3.1393 	 -6.0761 	 0.0000 	 -1.8012 	 1.2626 	 0.0000 
4.0000 	 0.1627 	 0.0610 	 15.7327 	 0.0000 	 -4.4925 	 6.1747 	 802.3433 	 4.0000 	 2.9262 	 6.2349 	 3.4338 	 0.0000 	 -0.6135 	 3.3925 	 0.0139 
7.0000 	 0.0473 	 10.5006 	 14.9604 	 0.0000 	 4.0836 	 6.9822 	 805.6591 	 7.0000 	 0.9712 	 0.6843 	 0.1110 	 0.0000 	 2.2229 	 0.1810 	 0.0001 
7.0000 	 0.2557 	 0.0000 	 15.2331 	 0.0000 	 6.5111 	 6.7279 	 804.7770 	 7.0000 	 0.5432 	 1.9845 	 -2.6433 	 0.0000 	 -0.1599 	 8.2154 	 0.0048 
11.0000 	 0.3471 	 0.0000 	 15.0756 	 0.0000 	 5.4745 	 6.8961 	 805.4223 	 11.0000 	 0.5025 	 1.5710 	 9.7782 	 0.0000 	 -1.9806 	 9.4738 	 0.0027 
14.0000 	 0.0532 	 0.5665 	 14.9386 	 0.0000 	 -6.2539 	 6.9790 	 805.6599 	 14.0000 	 0.2821 	 4.6396 	 5.3175 	 0.0000 	 -1.0860 	 2.6758 	 0.0000 
14.0000 	 0.0126 	 2.2768 	 14.9700 	 0.0000 	 2.0607 	 6.9875 	 805.6585 	 14.0000 	 0.5651 	 2.4126 	 0.0343 	 0.0000 	 -1.5337 	 7.4423 	 0.0000 
12.0000 	 0.1242 	 6.8638 	 14.9615 	 0.0000 	 -1.7938 	 6.9810 	 805.6585 	 12.0000 	 1.0506 	 1.2057 	 8.1412 	 0.0000 	 -2.4795 	 2.1081 	 0.0000 
9.0000 	 0.0030 	 1.7869 	 14.9627 	 0.0000 	 -2.6129 	 6.9846 	 805.6583 	 9.0000 	 2.7231 	 9.8009 	 -6.2306 	 0.0000 	 0.1744 	 6.0252 	 0.0000 
11.0000 	 0.0743 	 15.1235 	 14.9614 	 0.0000 	 -2.2402 	 6.9864 	 805.6584 	 11.0000 	 2.1937 	 8.2684 	 2.9058 	 0.0000 	 -0.3735 	 1.4931 	 0.0000 
15.0000 	 0.0038 	 4.6223 	 14.9610 	 0.0000 	 2.8002 	 6.9844 	 805.6583 	 15.0000 	 2.2163 	 5.1815 	 4.9192 	 0.0000 	 -1.5889 	 3.8358 	 0.0000 
14.0000 	 0.0126 	 0.0769 	 14.9670 	 0.0000 	 -2.6572 	 6.9839 	 805.6584 	 14.0000 	 0.9805 	 1.0743 	 8.5991 	 0.0000 	 -2.7746 	 6.9727 	 0.0000 
10.0000 	 0.0052 	 2.0811 	 14.9620 	 0.0000 	 9.6190 	 6.9838 	 805.6583 	 10.0000 	 0.4916 	 5.6265 	 1.1001 	 0.0000 	 2.8133 	 3.1254 	 0.0000 
9.0000 	 0.0356 	 4.9681 	 14.9619 	 0.0000 	 -3.5203 	 6.9846 	 805.6583 	 9.0000 	 1.1045 	 4.0171 	 5.6214 	 0.0000 	 1.7337 	 9.6269 	 0.0000 
10.0000 	 0.0035 	 5.6204 	 14.9554 	 0.0000 	 1.7073 	 7.0111 	 805.6614 	 10.0000 	 2.6048 	 7.5446 	 1.7477 	 0.0000 	 0.8862 	 1.6752 	 0.0000 
14.0000 	 0.0099 	 9.8863 	 14.9625 	 0.0000 	 -1.4038 	 6.9848 	 805.6584 	 14.0000 	 2.9043 	 1.2789 	 7.2034 	 0.0000 	 -2.0100 	 1.2253 	 0.0000 
19.0000 	 0.0257 	 14.9179 	 14.9747 	 0.0000 	 -2.1250 	 6.8776 	 805.7053 	 19.0000 	 2.8369 	 6.0581 	 -8.7487 	 0.0000 	 2.5874 	 5.3433 	 0.0000 
6.0000 	 0.0748 	 5.3281 	 14.9699 	 0.0000 	 -0.9862 	 6.9808 	 805.6576 	 6.0000 	 1.1457 	 8.9714 	 9.2683 	 0.0000 	 -1.6936 	 8.6968 	 0.0006 
4.0000 	 0.0026 	 30.3922 	 14.9628 	 0.0000 	 7.5889 	 6.9848 	 805.6585 	 4.0000 	 2.8556 	 8.7759 	 -7.4106 	 0.0000 	 0.9207 	 5.3070 	 0.0000 
14.0000 	 0.0694 	 15.1762 	 14.9617 	 0.0000 	 0.2164 	 6.9845 	 805.6583 	 14.0000 	 1.0281 	 9.7667 	 8.6626 	 0.0000 	 -2.9202 	 2.6285 	 0.0000 
4.0000 	 0.0028 	 1.4622 	 14.9546 	 0.0000 	 0.0420 	 6.9906 	 805.6587 	 4.0000 	 2.6661 	 6.7525 	 -6.5269 	 0.0000 	 -1.8755 	 5.5518 	 0.0000 
20.0000 	 0.0039 	 2.4806 	 14.9687 	 0.0000 	 -2.6261 	 6.9716 	 805.6594 	 20.0000 	 0.1162 	 4.9421 	 -4.9108 	 0.0000 	 1.4356 	 8.5626 	 0.0010 
12.0000 	 0.0074 	 4.5867 	 14.9609 	 0.0000 	 -0.1121 	 6.9834 	 805.6584 	 12.0000 	 2.8516 	 2.5135 	 3.3529 	 0.0000 	 -2.7310 	 0.7802 	 0.0000 
9.0000 	 0.0943 	 13.3440 	 14.9648 	 0.0000 	 3.2400 	 6.9864 	 805.6606 	 9.0000 	 2.1056 	 5.0287 	 -1.6755 	 0.0000 	 -1.4032 	 9.9695 	 0.0002 
7.0000 	 0.1765 	 2.1240 	 15.0098 	 0.0000 	 1.8691 	 7.0312 	 805.3689 	 7.0000 	 2.5778 	 7.8426 	 3.1095 	 0.0000 	 2.6553 	 6.6579 	 0.0601 
1.0000 	 0.0032 	 0.0000 	 16.2277 	 0.0000 	 9.9996 	 5.1885 	 789.4728 	 1.0000 	 0.3673 	 3.7194 	 -2.5925 	 0.0000 	 1.8587 	 1.3678 	 0.0115 
4.0000 	 0.1575 	 0.0000 	 15.6569 	 0.0000 	 -5.3779 	 6.2324 	 802.3571 	 4.0000 	 2.0228 	 3.7111 	 -2.5443 	 0.0000 	 0.8759 	 2.8564 	 0.0085 
7.0000 	 0.2614 	 0.0000 	 15.2409 	 0.0000 	 -2.2006 	 6.6906 	 804.7724 	 7.0000 	 2.0680 	 8.9771 	 8.0977 	 0.0000 	 0.9455 	 7.6569 	 0.0050 
6.0000 	 0.2366 	 0.0000 	 15.4028 	 0.0000 	 -7.1726 	 6.5865 	 804.2901 	 6.0000 	 1.4257 	 5.2003 	 -6.5701 	 0.0000 	 -1.4056 	 0.5754 	 0.0042 
7.0000 	 0.0055 	 3.0995 	 14.9628 	 0.0000 	 1.2300 	 6.9836 	 805.6584 	 7.0000 	 1.1548 	 2.0014 	 8.4134 	 0.0000 	 0.8933 	 7.9141 	 0.0000 
7.0000 	 0.0673 	 6.0193 	 14.9292 	 0.0000 	 -4.5828 	 6.9080 	 805.6847 	 7.0000 	 0.1981 	 9.9914 	 4.8363 	 0.0000 	 -2.7207 	 2.3663 	 0.0002 
8.0000 	 0.0151 	 5.2295 	 14.9611 	 0.0000 	 -0.1136 	 6.9824 	 805.6584 	 8.0000 	 0.5701 	 0.5967 	 8.3162 	 0.0000 	 1.2124 	 3.8599 	 0.0000 
5.0000 	 0.0110 	 8.4239 	 14.9551 	 0.0000 	 7.3299 	 6.9936 	 805.6588 	 5.0000 	 2.9421 	 4.6155 	 0.1974 	 0.0000 	 -0.3272 	 7.1249 	 0.0003 
11.0000 	 0.3254 	 0.0000 	 15.0417 	 0.0000 	 2.3984 	 6.9714 	 805.4555 	 11.0000 	 0.6292 	 6.9030 	 -9.0070 	 0.0000 	 1.1636 	 3.9654 	 0.0025 
9.0000 	 0.0184 	 2.6352 	 14.9630 	 0.0000 	 3.8247 	 6.9842 	 805.6584 	 9.0000 	 0.3547 	 2.8457 	 -9.1558 	 0.0000 	 -2.4293 	 2.0055 	 0.0000 
7.0000 	 0.2626 	 0.0011 	 15.3002 	 0.0000 	 4.3126 	 6.7077 	 804.7571 	 7.0000 	 0.7459 	 4.6477 	 8.7651 	 0.0000 	 -0.5748 	 1.6382 	 0.0065 
1.0000 	 0.0029 	 0.0000 	 16.2747 	 0.0000 	 -5.0386 	 5.5195 	 789.7794 	 1.0000 	 1.6189 	 4.8538 	 6.1036 	 0.0000 	 -0.2114 	 6.6926 	 0.0129 
9.0000 	 0.0124 	 14.6645 	 14.9622 	 0.0000 	 -4.0215 	 6.9855 	 805.6583 	 9.0000 	 1.5716 	 1.9682 	 1.5082 	 0.0000 	 0.0569 	 9.0213 	 0.0000 
4.0000 	 0.0025 	 5.2990 	 14.9605 	 0.0000 	 -9.1398 	 6.9838 	 805.6584 	 4.0000 	 2.2256 	 3.4624 	 -2.1142 	 0.0000 	 0.0619 	 4.9198 	 0.0000 
16.0000 	 0.0250 	 39.0894 	 14.9574 	 0.0000 	 9.4627 	 6.9843 	 805.6584 	 16.0000 	 0.7548 	 2.4108 	 2.4731 	 0.0000 	 -0.7441 	 6.5817 	 0.0000 
1.0000 	 0.0033 	 0.0000 	 16.2477 	 0.0000 	 8.3134 	 5.2705 	 789.4696 	 1.0000 	 0.2127 	 3.4067 	 -3.4884 	 0.0000 	 2.5486 	 9.8974 	 0.0116 
6.0000 	 0.2357 	 0.0000 	 15.3719 	 0.0000 	 -9.6222 	 6.6167 	 804.3160 	 6.0000 	 2.1567 	 9.0511 	 1.8005 	 0.0000 	 -1.7367 	 3.6427 	 0.0057 
11.0000 	 0.0154 	 13.8489 	 14.9536 	 0.0000 	 5.7645 	 7.0383 	 805.6695 	 11.0000 	 2.6312 	 4.3152 	 3.8378 	 0.0000 	 2.1461 	 3.5669 	 0.0015 
9.0000 	 0.3026 	 0.0000 	 15.1194 	 0.0000 	 1.8719 	 6.8745 	 805.2336 	 9.0000 	 1.2563 	 1.3605 	 -4.4108 	 0.0000 	 -2.6571 	 6.2182 	 0.0022 
9.0000 	 0.0413 	 10.6906 	 14.9598 	 0.0000 	 3.0203 	 6.9880 	 805.6583 	 9.0000 	 1.7745 	 1.7682 	 9.8440 	 0.0000 	 2.3033 	 0.3375 	 0.0000 
1.0000 	 0.0028 	 0.0000 	 16.2941 	 0.0000 	 -4.9668 	 5.3846 	 789.7213 	 1.0000 	 2.9164 	 6.2592 	 -3.3371 	 0.0000 	 1.2483 	 4.2950 	 0.0062 
8.0000 	 0.0033 	 5.1181 	 15.0243 	 0.0000 	 -2.2207 	 7.0254 	 805.6725 	 8.0000 	 0.3403 	 2.2036 	 -0.0178 	 0.0000 	 -0.6605 	 7.7633 	 0.0000 
14.0000 	 0.4028 	 0.0000 	 15.0373 	 0.0000 	 1.1104 	 6.9336 	 805.5582 	 14.0000 	 0.1384 	 1.9631 	 7.6610 	 0.0000 	 -2.0208 	 2.2260 	 0.0022 
15.0000 	 0.0184 	 34.1424 	 14.9624 	 0.0000 	 -0.9295 	 6.9835 	 805.6584 	 15.0000 	 0.3726 	 7.1994 	 9.4126 	 0.0000 	 2.7823 	 8.9137 	 0.0000 
8.0000 	 0.2823 	 0.0000 	 15.1765 	 0.0000 	 1.6018 	 6.8043 	 805.0514 	 8.0000 	 1.3389 	 9.1108 	 6.2763 	 0.0000 	 -0.5186 	 0.5365 	 0.0040 
6.0000 	 0.0273 	 7.4441 	 14.9629 	 0.0000 	 0.6937 	 6.9844 	 805.6583 	 6.0000 	 0.0482 	 0.4270 	 2.3883 	 0.0000 	 2.4712 	 9.7417 	 0.0000 
4.0000 	 0.1611 	 0.0000 	 15.6843 	 0.0000 	 4.4009 	 6.1882 	 802.3434 	 4.0000 	 1.4621 	 1.2514 	 -4.6429 	 0.0000 	 1.9412 	 8.9684 	 0.0058 
3.0000 	 0.0026 	 6.7018 	 14.9600 	 0.0000 	 -5.6499 	 6.9844 	 805.6599 	 3.0000 	 1.4154 	 8.6490 	 -7.2304 	 0.0000 	 -2.0049 	 6.4642 	 0.0002 
5.0000 	 0.2016 	 0.0000 	 15.5068 	 0.0000 	 0.1443 	 6.4111 	 803.5928 	 5.0000 	 2.0702 	 9.8203 	 -4.4569 	 0.0000 	 -0.9002 	 8.3063 	 0.0060 
1.0000 	 0.0033 	 0.0000 	 16.2731 	 0.0000 	 -5.3469 	 5.1903 	 789.4550 	 1.0000 	 0.6207 	 7.1436 	 0.6193 	 0.0000 	 -1.2415 	 6.0591 	 0.0132 
13.0000 	 0.0027 	 5.1101 	 14.9618 	 0.0000 	 -2.9566 	 6.9864 	 805.6584 	 13.0000 	 2.4832 	 2.9998 	 0.2982 	 0.0000 	 -1.7397 	 0.7621 	 0.0000 
4.0000 	 6.0000 	 2.1321 	 5.3252 	 0.0000 	 5.8979 	 5.7430 	 857.5779 	 4.0000 	 0.5729 	 1.5458 	 0.6388 	 0.0000 	 1.1342 	 8.6464 	 0.0929 
9.0000 	 0.3130 	 0.2435 	 15.1719 	 0.0000 	 -3.7258 	 6.8108 	 805.2397 	 9.0000 	 1.6106 	 0.7722 	 6.9082 	 0.0000 	 -2.7142 	 5.0455 	 0.0044 
8.0000 	 0.0112 	 6.6527 	 14.9615 	 0.0000 	 -0.3867 	 6.9836 	 805.6584 	 8.0000 	 2.6749 	 8.7226 	 -6.1305 	 0.0000 	 1.2381 	 7.3707 	 0.0000 
5.0000 	 0.0033 	 1.5568 	 14.9637 	 0.0000 	 -0.3817 	 6.9870 	 805.6584 	 5.0000 	 2.6940 	 8.7768 	 -7.5484 	 0.0000 	 2.8904 	 6.5656 	 0.0000 
4.0000 	 0.1605 	 0.0000 	 15.7123 	 0.0000 	 -8.2879 	 6.1774 	 802.3204 	 4.0000 	 0.4042 	 8.3600 	 -2.9211 	 0.0000 	 -0.8498 	 9.7141 	 0.0097 
6.0000 	 0.2326 	 0.0000 	 15.3539 	 0.0000 	 0.4254 	 6.6107 	 804.3305 	 6.0000 	 0.4239 	 0.8620 	 4.2230 	 0.0000 	 0.0368 	 1.0027 	 0.0058 
14.0000 	 0.0030 	 1.1247 	 14.9638 	 0.0000 	 2.9293 	 6.9838 	 805.6583 	 14.0000 	 2.9045 	 2.4303 	 7.5427 	 0.0000 	 2.7302 	 7.3216 	 0.0000 
5.0000 	 0.2029 	 0.0001 	 15.5301 	 0.0000 	 0.7086 	 6.4124 	 803.6025 	 5.0000 	 2.5500 	 1.3126 	 3.3349 	 0.0000 	 0.5902 	 5.0506 	 0.0076 
8.0000 	 0.0494 	 13.0941 	 14.9662 	 0.0000 	 0.3406 	 6.9847 	 805.6586 	 8.0000 	 0.8798 	 7.9198 	 -9.7717 	 0.0000 	 2.3433 	 7.9986 	 0.0000 
1.0000 	 0.0037 	 0.0000 	 16.3167 	 0.0000 	 -9.9905 	 5.2599 	 789.6080 	 1.0000 	 0.4970 	 8.2522 	 7.8526 	 0.0000 	 -0.7127 	 0.7182 	 0.0139 
4.0000 	 0.1595 	 0.0000 	 15.6672 	 0.0000 	 -2.4386 	 6.2608 	 802.3640 	 4.0000 	 1.0750 	 6.2181 	 -8.8448 	 0.0000 	 2.9686 	 3.9711 	 0.0049 
8.0000 	 0.2863 	 0.0000 	 15.1806 	 0.0000 	 3.5553 	 6.7640 	 805.0408 	 8.0000 	 1.6318 	 3.8998 	 5.3689 	 0.0000 	 1.7886 	 6.1633 	 0.0038 
3.0000 	 0.1135 	 0.2022 	 16.1070 	 0.0000 	 -6.4349 	 5.7929 	 800.0201 	 3.0000 	 0.5013 	 8.1858 	 -6.2046 	 0.0000 	 2.2754 	 1.7488 	 0.0121 
1.0000 	 0.0032 	 0.0000 	 16.2292 	 0.0000 	 -0.1720 	 5.2205 	 789.4804 	 1.0000 	 0.2546 	 1.1259 	 9.2634 	 0.0000 	 0.6538 	 5.7647 	 0.0243 
8.0000 	 0.0147 	 5.7634 	 14.9666 	 0.0000 	 -1.3997 	 6.9847 	 805.6583 	 8.0000 	 2.0561 	 3.9646 	 -3.4924 	 0.0000 	 1.3476 	 2.2550 	 0.0000 
9.0000 	 0.1309 	 6.6615 	 14.9618 	 0.0000 	 -1.2505 	 6.9817 	 805.6619 	 9.0000 	 2.1350 	 1.5713 	 -8.4397 	 0.0000 	 -2.9645 	 6.0848 	 0.0004 
8.0000 	 0.2964 	 0.0000 	 15.2250 	 0.0000 	 4.0839 	 6.7242 	 805.0496 	 8.0000 	 1.8212 	 0.1396 	 3.5948 	 0.0000 	 -2.1800 	 6.5255 	 0.0047 
2.0000 	 0.0467 	 0.0000 	 16.1036 	 0.0000 	 9.9328 	 5.5237 	 796.3012 	 2.0000 	 1.4326 	 3.3896 	 -6.8306 	 0.0000 	 2.8504 	 3.2881 	 0.0117 
10.0000 	 0.2998 	 0.7065 	 15.0604 	 0.0000 	 7.7891 	 6.8915 	 805.4089 	 10.0000 	 2.2669 	 6.1149 	 -6.6867 	 0.0000 	 2.9175 	 3.9357 	 0.0027 
1.0000 	 0.0032 	 0.0000 	 16.2504 	 0.0000 	 8.2915 	 5.2156 	 789.4672 	 1.0000 	 1.5306 	 4.8487 	 2.2477 	 0.0000 	 1.7403 	 5.2793 	 0.0101 
3.0000 	 0.1090 	 0.0000 	 15.9106 	 0.0000 	 -6.0088 	 5.8510 	 800.1421 	 3.0000 	 2.3595 	 4.8834 	 -6.3057 	 0.0000 	 2.0549 	 2.1541 	 0.0124 
1.0000 	 0.0033 	 0.0098 	 16.2841 	 0.0000 	 -10.0000 	 5.1949 	 789.3918 	 1.0000 	 0.9017 	 9.6553 	 -1.5003 	 0.0000 	 -0.9665 	 5.7903 	 0.0162 
3.0000 	 0.1177 	 0.1555 	 16.2475 	 0.0000 	 -8.1974 	 5.8089 	 799.7277 	 3.0000 	 0.8735 	 1.1200 	 5.7050 	 0.0000 	 0.5019 	 2.8713 	 0.0114 
5.0000 	 0.2058 	 0.0000 	 15.5265 	 0.0000 	 -2.9390 	 6.3874 	 803.5831 	 5.0000 	 2.9803 	 0.4243 	 5.8662 	 0.0000 	 -2.5117 	 0.3492 	 0.0076 
8.0000 	 0.0031 	 4.9747 	 14.9723 	 0.0000 	 0.5289 	 6.9732 	 805.6592 	 8.0000 	 2.1815 	 2.1053 	 5.5040 	 0.0000 	 0.3842 	 7.0472 	 0.0000 
9.0000 	 0.1063 	 4.7435 	 14.9614 	 0.0000 	 2.4942 	 6.9815 	 805.6573 	 9.0000 	 1.6922 	 9.9926 	 -4.4191 	 0.0000 	 -2.0859 	 7.8327 	 0.0002 
3.0000 	 0.1118 	 0.0000 	 15.9652 	 0.0000 	 10.0000 	 5.8177 	 800.1355 	 3.0000 	 0.0866 	 8.4319 	 -8.3428 	 0.0000 	 2.1459 	 7.1354 	 0.0096 
2.0000 	 0.0470 	 0.0000 	 16.1473 	 0.0000 	 -0.1216 	 5.5160 	 796.3032 	 2.0000 	 2.4611 	 6.9948 	 2.5809 	 0.0000 	 -1.7024 	 3.0169 	 0.0107 
3.0000 	 0.1092 	 0.0000 	 15.8940 	 0.0000 	 -4.5815 	 5.8828 	 800.1428 	 3.0000 	 1.2709 	 2.6769 	 -5.3073 	 0.0000 	 -2.6295 	 7.3377 	 0.0096 
3.0000 	 0.1111 	 0.0000 	 15.9198 	 0.0000 	 5.6571 	 5.7766 	 800.1441 	 3.0000 	 0.0979 	 0.4057 	 5.3994 	 0.0000 	 1.3037 	 4.9376 	 0.0106 
8.0000 	 0.0031 	 6.6125 	 14.9597 	 0.0000 	 3.6237 	 6.9852 	 805.6583 	 8.0000 	 0.6892 	 6.1356 	 -7.4396 	 0.0000 	 -0.2452 	 2.0882 	 0.0000 
3.0000 	 0.1102 	 0.0000 	 15.9059 	 0.0000 	 2.7430 	 5.8596 	 800.1309 	 3.0000 	 1.4313 	 6.8601 	 8.3092 	 0.0000 	 2.3353 	 5.1937 	 0.0095 
2.0000 	 0.0467 	 0.0000 	 16.1589 	 0.0000 	 6.5812 	 5.5011 	 796.3178 	 2.0000 	 0.4579 	 2.0839 	 -0.2962 	 0.0000 	 0.6121 	 2.6481 	 0.0124 
7.0000 	 0.2620 	 0.0000 	 15.2080 	 0.0000 	 -0.8413 	 6.7225 	 804.7717 	 7.0000 	 2.3311 	 8.7631 	 9.7418 	 0.0000 	 0.7823 	 0.8134 	 0.0057 
2.0000 	 5.9998 	 3.2520 	 11.8259 	 0.0000 	 -1.5454 	 7.8131 	 856.1279 	 2.0000 	 1.2165 	 3.3996 	 -4.4315 	 0.0000 	 -2.2556 	 2.1356 	 0.0873 
2.0000 	 0.0465 	 0.0000 	 16.1185 	 0.0000 	 5.2538 	 5.5210 	 796.2940 	 2.0000 	 0.8218 	 6.5680 	 -6.8797 	 0.0000 	 -0.0449 	 1.3495 	 0.0121 
3.0000 	 0.1108 	 0.0000 	 15.9099 	 0.0000 	 -3.8396 	 5.8338 	 800.1018 	 3.0000 	 0.6351 	 7.4909 	 2.9752 	 0.0000 	 1.3945 	 7.5740 	 0.0198 
2.0000 	 0.0480 	 0.0618 	 16.2979 	 0.0000 	 -9.6708 	 5.5059 	 795.7866 	 2.0000 	 0.3162 	 6.4107 	 4.4023 	 0.0000 	 0.6251 	 1.1743 	 0.0151 
2.0000 	 0.0479 	 0.0000 	 16.1234 	 0.0000 	 -1.6416 	 5.4651 	 796.3115 	 2.0000 	 0.1260 	 6.2077 	 1.3485 	 0.0000 	 -2.3989 	 0.5306 	 0.0123 
2.0000 	 0.0479 	 0.0000 	 16.1583 	 0.0000 	 -0.1467 	 5.4954 	 796.3093 	 2.0000 	 0.2436 	 0.9368 	 -6.1418 	 0.0000 	 -0.5792 	 8.8457 	 0.0121 
4.0000 	 0.1639 	 0.0000 	 15.8288 	 0.0000 	 1.7562 	 6.0594 	 802.3483 	 4.0000 	 0.6646 	 3.2966 	 6.4636 	 0.0000 	 0.0011 	 4.0890 	 0.0182 
3.0000 	 0.1100 	 0.0000 	 15.9339 	 0.0000 	 4.0830 	 5.8598 	 800.1250 	 3.0000 	 0.3509 	 7.5723 	 1.1670 	 0.0000 	 2.5437 	 9.4266 	 0.0145 
2.0000 	 0.0448 	 0.0000 	 16.1096 	 0.0000 	 5.2029 	 5.5424 	 796.3288 	 2.0000 	 2.5630 	 9.9979 	 -7.4336 	 0.0000 	 -1.3634 	 9.1443 	 0.0115 
1.0000 	 0.0032 	 0.0000 	 16.2428 	 0.0000 	 10.0000 	 5.2253 	 789.4472 	 1.0000 	 0.5735 	 0.0020 	 8.0464 	 0.0000 	 0.0215 	 5.9438 	 0.0125 
2.0000 	 0.0462 	 0.0000 	 16.1004 	 0.0000 	 8.0381 	 5.6209 	 796.3174 	 2.0000 	 2.0486 	 0.2305 	 -7.6720 	 0.0000 	 -1.8237 	 6.2176 	 0.0125 
