40.0000 	 0.0032 	 7.2451 	 7.4361 	 0.0000 	 5.6822 	 1034.2259 	 40.0000 	 2.4916 	 3.8982 	 9.2921 	 0.0000 	 1.2122 	 0.0000 
40.0000 	 0.0424 	 28.9512 	 7.4387 	 0.0000 	 5.6888 	 1034.2259 	 40.0000 	 0.7474 	 1.2964 	 0.1639 	 0.0000 	 2.9251 	 0.0000 
50.0000 	 0.0027 	 7.8465 	 7.4377 	 0.0000 	 5.6841 	 1034.2259 	 50.0000 	 0.1982 	 8.9622 	 -4.0952 	 0.0000 	 1.0500 	 0.0000 
50.0000 	 2.1943 	 19.3506 	 12.7832 	 0.0000 	 1.0400 	 804.4436 	 50.0000 	 2.9320 	 5.1016 	 7.1110 	 0.0000 	 2.1767 	 0.0716 
50.0000 	 2.2017 	 18.6006 	 12.4871 	 0.0000 	 1.2924 	 804.2173 	 50.0000 	 0.1982 	 8.9622 	 -4.0952 	 0.0000 	 1.0500 	 0.0618 
30.0000 	 1.6352 	 18.2408 	 12.4219 	 0.0000 	 1.2130 	 802.1237 	 30.0000 	 2.3814 	 4.1721 	 8.3610 	 0.0000 	 2.3434 	 0.0871 
50.0000 	 2.2058 	 18.6909 	 12.5354 	 0.0000 	 1.3589 	 804.1167 	 50.0000 	 0.0130 	 2.2767 	 5.5947 	 0.0000 	 1.6694 	 0.1099 
30.0000 	 1.6587 	 19.1777 	 12.9099 	 0.0000 	 1.4844 	 802.7948 	 30.0000 	 2.1990 	 8.5634 	 -0.4386 	 0.0000 	 2.8943 	 0.0782 
30.0000 	 1.6327 	 18.7690 	 12.4774 	 0.0000 	 0.7585 	 801.9969 	 30.0000 	 2.4124 	 0.5704 	 3.1481 	 0.0000 	 1.5764 	 0.0883 
20.0000 	 1.2630 	 18.2711 	 12.3967 	 0.0000 	 1.1444 	 800.2615 	 20.0000 	 1.9242 	 4.3449 	 7.8120 	 0.0000 	 2.1902 	 0.1426 
30.0000 	 1.6495 	 18.7678 	 12.6445 	 0.0000 	 1.0391 	 802.1302 	 30.0000 	 1.4723 	 8.6927 	 7.9548 	 0.0000 	 0.7559 	 0.0946 
25.0000 	 1.4052 	 18.2910 	 11.8164 	 0.0000 	 0.7310 	 801.9322 	 25.0000 	 0.7251 	 4.7324 	 9.8002 	 0.0000 	 0.7624 	 0.0819 
30.0000 	 1.6549 	 18.6420 	 12.8637 	 0.0000 	 2.3963 	 803.8848 	 30.0000 	 1.6703 	 3.2656 	 -3.8454 	 0.0000 	 0.4970 	 0.0717 
40.0000 	 1.9591 	 19.7852 	 12.8223 	 0.0000 	 0.3018 	 803.7424 	 40.0000 	 2.8247 	 8.3959 	 1.7391 	 0.0000 	 0.8511 	 0.1859 
25.0000 	 1.4533 	 18.5310 	 12.3270 	 0.0000 	 0.0000 	 800.8374 	 25.0000 	 0.7403 	 6.2522 	 1.4356 	 0.0000 	 1.2772 	 0.0987 
25.0000 	 1.4462 	 17.1693 	 12.0041 	 0.0000 	 1.8051 	 802.4289 	 25.0000 	 1.7495 	 6.6309 	 -1.7673 	 0.0000 	 2.2725 	 0.0976 
20.0000 	 1.2665 	 18.4265 	 12.4576 	 0.0000 	 0.0000 	 799.7366 	 20.0000 	 2.8335 	 9.7488 	 -8.9600 	 0.0000 	 1.5239 	 0.1284 
20.0000 	 1.2989 	 18.5760 	 12.8353 	 0.0000 	 1.0556 	 800.6369 	 20.0000 	 0.9069 	 9.0880 	 -1.9177 	 0.0000 	 0.8943 	 0.0890 
30.0000 	 1.6507 	 18.8629 	 12.7552 	 0.0000 	 1.5182 	 802.5973 	 30.0000 	 0.8805 	 3.7188 	 -1.8869 	 0.0000 	 1.9493 	 0.0858 
20.0000 	 1.2520 	 18.1030 	 12.2378 	 0.0000 	 0.0927 	 799.7275 	 20.0000 	 2.2821 	 8.0982 	 3.4508 	 0.0000 	 0.2533 	 0.1375 
20.0000 	 1.2535 	 18.2561 	 12.2412 	 0.0000 	 0.5225 	 799.9202 	 20.0000 	 0.2243 	 3.9933 	 7.8683 	 0.0000 	 1.3734 	 0.1084 
25.0000 	 1.4484 	 17.8765 	 12.1573 	 0.0000 	 0.4855 	 801.0287 	 25.0000 	 0.8523 	 8.7112 	 0.2012 	 0.0000 	 0.8044 	 0.0990 
15.0000 	 1.0705 	 19.0581 	 13.0132 	 0.0000 	 1.3415 	 799.8054 	 15.0000 	 1.3125 	 4.3538 	 -2.2314 	 0.0000 	 0.5704 	 0.0840 
5.0000 	 0.3621 	 7.6436 	 8.8896 	 0.0000 	 4.5228 	 806.7768 	 5.0000 	 2.4417 	 5.7304 	 -2.2444 	 0.0000 	 1.2596 	 0.0403 
7.0000 	 0.5922 	 20.5572 	 14.0180 	 0.0000 	 0.8890 	 798.8390 	 7.0000 	 1.2749 	 9.7627 	 3.3022 	 0.0000 	 2.3138 	 0.0820 
20.0000 	 1.2659 	 18.0365 	 12.3895 	 0.0000 	 1.8282 	 801.1664 	 20.0000 	 1.7726 	 1.4779 	 2.8275 	 0.0000 	 0.4008 	 0.0736 
15.0000 	 1.0234 	 18.5868 	 12.2157 	 0.0000 	 0.4762 	 799.5548 	 15.0000 	 1.3517 	 5.7900 	 2.2646 	 0.0000 	 1.0596 	 0.1172 
10.0000 	 0.7875 	 20.2871 	 13.6953 	 0.0000 	 0.0000 	 798.8273 	 10.0000 	 1.5905 	 9.6177 	 6.2675 	 0.0000 	 2.2973 	 0.0962 
10.0000 	 0.7771 	 19.5397 	 13.2343 	 0.0000 	 1.2254 	 799.2100 	 10.0000 	 0.0883 	 8.1218 	 6.9450 	 0.0000 	 1.3496 	 0.1268 
10.0000 	 0.7833 	 18.1543 	 12.7067 	 0.0000 	 1.8183 	 799.7507 	 10.0000 	 1.2446 	 9.6169 	 5.6253 	 0.0000 	 1.1241 	 0.1091 
15.0000 	 1.0399 	 18.4127 	 12.5300 	 0.0000 	 1.4865 	 799.9486 	 15.0000 	 1.5413 	 7.3070 	 1.9829 	 0.0000 	 1.4639 	 0.1048 
7.0000 	 0.5528 	 16.5654 	 12.0604 	 0.0000 	 2.8348 	 802.4952 	 7.0000 	 2.5669 	 7.4411 	 -1.8402 	 0.0000 	 0.3045 	 0.0692 
15.0000 	 1.0826 	 19.4281 	 13.2602 	 0.0000 	 1.2241 	 799.8663 	 15.0000 	 2.7906 	 7.3873 	 0.4635 	 0.0000 	 2.2392 	 0.0794 
20.0000 	 1.2850 	 18.6722 	 12.8436 	 0.0000 	 1.7914 	 801.1354 	 20.0000 	 1.0002 	 7.4590 	 -6.7558 	 0.0000 	 2.7723 	 0.1020 
15.0000 	 1.0647 	 18.4921 	 12.8104 	 0.0000 	 2.0733 	 800.4960 	 15.0000 	 0.0823 	 0.0739 	 -0.1474 	 0.0000 	 2.6713 	 0.0954 
7.0000 	 0.5212 	 0.0000 	 6.5047 	 0.0000 	 4.5863 	 813.5820 	 7.0000 	 0.7037 	 8.1782 	 -0.8834 	 0.0000 	 0.6330 	 0.0461 
3.0000 	 0.1628 	 0.0000 	 6.5188 	 0.0000 	 4.7378 	 801.0865 	 3.0000 	 0.7585 	 2.5465 	 4.3139 	 0.0000 	 0.2649 	 0.0251 
5.0000 	 0.3585 	 8.3163 	 9.0340 	 0.0000 	 4.5273 	 806.7909 	 5.0000 	 0.8539 	 2.7822 	 4.5444 	 0.0000 	 1.0474 	 0.0437 
5.0000 	 0.3521 	 4.7107 	 7.8990 	 0.0000 	 4.5596 	 807.1039 	 5.0000 	 0.4141 	 1.0598 	 -2.9644 	 0.0000 	 0.9993 	 0.0321 
4.0000 	 0.2658 	 0.6127 	 6.7349 	 0.0000 	 4.7697 	 805.0975 	 4.0000 	 1.2224 	 0.1473 	 4.7566 	 0.0000 	 2.8701 	 0.0321 
2.0000 	 0.0651 	 0.0000 	 6.5247 	 0.0000 	 4.6944 	 796.0151 	 2.0000 	 0.6421 	 5.2763 	 9.8271 	 0.0000 	 0.3982 	 0.0158 
4.0000 	 0.2647 	 0.0000 	 6.5046 	 0.0000 	 4.7976 	 805.0701 	 4.0000 	 0.5480 	 3.1131 	 -1.0567 	 0.0000 	 2.9899 	 0.0281 
5.0000 	 0.3576 	 5.8768 	 8.2574 	 0.0000 	 4.6799 	 807.1000 	 5.0000 	 0.5780 	 3.3183 	 -4.4270 	 0.0000 	 2.1051 	 0.0326 
7.0000 	 0.5816 	 18.7410 	 13.1899 	 0.0000 	 2.8616 	 802.3566 	 7.0000 	 1.2687 	 8.6694 	 2.1296 	 0.0000 	 0.0850 	 0.0720 
7.0000 	 0.5842 	 20.6238 	 13.8864 	 0.0000 	 0.0000 	 798.2803 	 7.0000 	 2.1210 	 7.2392 	 -4.7856 	 0.0000 	 0.5791 	 0.1198 
4.0000 	 0.2632 	 0.0000 	 6.5372 	 0.0000 	 4.7467 	 805.1017 	 4.0000 	 1.0192 	 0.9927 	 -4.2422 	 0.0000 	 0.1440 	 0.0331 
1.0000 	 0.0043 	 0.0000 	 6.5342 	 0.0000 	 4.7523 	 789.2787 	 1.0000 	 0.8571 	 0.2160 	 -0.5700 	 0.0000 	 1.7405 	 0.0116 
7.0000 	 0.5811 	 19.9254 	 13.6499 	 0.0000 	 1.6621 	 799.7758 	 7.0000 	 0.7670 	 0.8105 	 -9.1002 	 0.0000 	 2.7523 	 0.1274 
4.0000 	 0.2620 	 1.8232 	 7.0648 	 0.0000 	 4.7313 	 805.1018 	 4.0000 	 0.2020 	 2.6509 	 5.4757 	 0.0000 	 0.9448 	 0.0310 
7.0000 	 0.6172 	 19.5458 	 14.0362 	 0.0000 	 2.1606 	 800.6799 	 7.0000 	 2.3383 	 8.0991 	 -7.1533 	 0.0000 	 0.6867 	 0.0699 
4.0000 	 0.2627 	 1.5958 	 6.9955 	 0.0000 	 4.7540 	 805.0682 	 4.0000 	 0.2421 	 9.8236 	 -5.8024 	 0.0000 	 0.0435 	 0.0448 
3.0000 	 0.1641 	 0.0000 	 6.5283 	 0.0000 	 4.7734 	 801.0811 	 3.0000 	 0.7497 	 8.1970 	 9.6529 	 0.0000 	 1.5186 	 0.0297 
4.0000 	 0.2628 	 3.0639 	 7.4455 	 0.0000 	 4.8183 	 805.2634 	 4.0000 	 2.3331 	 5.0377 	 -8.6014 	 0.0000 	 1.3978 	 0.0342 
1.0000 	 0.0043 	 0.0000 	 6.5314 	 0.0000 	 4.7549 	 789.2850 	 1.0000 	 1.4544 	 1.2050 	 8.3336 	 0.0000 	 1.7774 	 0.0101 
3.0000 	 0.1638 	 0.0000 	 6.5428 	 0.0000 	 4.7815 	 801.1168 	 3.0000 	 2.7654 	 2.2128 	 4.2072 	 0.0000 	 2.2313 	 0.0294 
3.0000 	 0.2177 	 22.9723 	 16.0258 	 0.0000 	 0.9019 	 800.9990 	 3.0000 	 1.2196 	 6.4626 	 4.3736 	 0.0000 	 0.0627 	 0.1830 
1.0000 	 0.0043 	 0.0000 	 6.5225 	 0.0000 	 4.7330 	 789.2610 	 1.0000 	 2.5051 	 3.0484 	 6.4611 	 0.0000 	 2.9816 	 0.0103 
1.0000 	 0.0041 	 0.0000 	 6.5230 	 0.0000 	 4.7058 	 789.3407 	 1.0000 	 1.6751 	 4.5453 	 -8.4714 	 0.0000 	 0.8452 	 0.0115 
1.0000 	 0.0043 	 0.0029 	 6.5019 	 0.0000 	 4.7157 	 789.2818 	 1.0000 	 2.4929 	 6.3869 	 3.3325 	 0.0000 	 1.4115 	 0.0100 
3.0000 	 0.1630 	 0.0002 	 6.5534 	 0.0000 	 4.8063 	 801.1040 	 3.0000 	 0.8442 	 1.6759 	 7.3547 	 0.0000 	 1.3426 	 0.0252 
2.0000 	 0.0659 	 0.0000 	 6.5365 	 0.0000 	 4.7123 	 796.0273 	 2.0000 	 0.8803 	 1.6509 	 -0.6688 	 0.0000 	 0.9303 	 0.0179 
1.0000 	 0.0043 	 0.0000 	 6.5172 	 0.0000 	 4.7153 	 789.2744 	 1.0000 	 2.7517 	 5.4257 	 4.8410 	 0.0000 	 1.0812 	 0.0101 
49.0000 	 0.0011 	 13.8556 	 7.4290 	 0.0000 	 5.6877 	 1034.2263 	 49.0000 	 1.1506 	 3.3955 	 2.9246 	 0.0000 	 1.3798 	 0.0000 
49.0000 	 2.1601 	 18.1605 	 12.2936 	 0.0000 	 1.8961 	 804.7442 	 49.0000 	 1.5831 	 4.7729 	 0.9546 	 0.0000 	 0.5683 	 0.0674 
49.0000 	 2.1730 	 19.2078 	 12.3950 	 0.0000 	 0.0000 	 803.8140 	 49.0000 	 0.6585 	 2.7486 	 3.4891 	 0.0000 	 0.3801 	 0.1663 
49.0000 	 2.0891 	 17.6770 	 11.7114 	 0.0000 	 0.4016 	 804.0138 	 49.0000 	 1.4483 	 6.6335 	 -1.9008 	 0.0000 	 0.0283 	 0.1823 
49.0000 	 2.1455 	 18.4338 	 12.3267 	 0.0000 	 0.3142 	 803.6797 	 49.0000 	 2.1631 	 8.0756 	 8.9261 	 0.0000 	 1.9464 	 0.1739 
49.0000 	 2.2632 	 19.8179 	 13.3813 	 0.0000 	 1.4847 	 805.1578 	 49.0000 	 1.5491 	 6.5462 	 1.5935 	 0.0000 	 1.1541 	 0.0845 
49.0000 	 2.1802 	 18.4397 	 12.4490 	 0.0000 	 1.4603 	 804.1955 	 49.0000 	 0.7944 	 7.0965 	 9.1440 	 0.0000 	 0.7963 	 0.0601 
49.0000 	 2.1679 	 18.2788 	 12.3117 	 0.0000 	 0.9499 	 803.7396 	 49.0000 	 1.6848 	 0.8334 	 -0.0573 	 0.0000 	 0.7822 	 0.1080 
48.0000 	 2.1619 	 19.0815 	 12.6499 	 0.0000 	 0.8947 	 803.9414 	 48.0000 	 1.7767 	 2.8633 	 2.4035 	 0.0000 	 0.3720 	 0.0924 
47.0000 	 0.0063 	 0.9877 	 7.4408 	 0.0000 	 5.6831 	 1034.2259 	 47.0000 	 0.7490 	 3.0872 	 1.8080 	 0.0000 	 2.7058 	 0.0000 
48.0000 	 2.0626 	 17.6447 	 11.7323 	 0.0000 	 0.1055 	 803.7026 	 48.0000 	 2.4154 	 1.1978 	 9.2949 	 0.0000 	 1.3724 	 0.0933 
49.0000 	 2.2210 	 19.4994 	 13.1476 	 0.0000 	 1.2707 	 804.7744 	 49.0000 	 0.2083 	 1.3852 	 -8.9736 	 0.0000 	 1.0971 	 0.0704 
49.0000 	 2.2150 	 18.7377 	 12.8286 	 0.0000 	 1.9089 	 804.8428 	 49.0000 	 1.8506 	 6.5636 	 7.8836 	 0.0000 	 1.8619 	 0.0508 
47.0000 	 2.1125 	 18.3538 	 12.3725 	 0.0000 	 1.2305 	 803.8657 	 47.0000 	 2.5927 	 9.5756 	 -7.9700 	 0.0000 	 1.7714 	 0.0799 
48.0000 	 2.1946 	 18.7806 	 12.8691 	 0.0000 	 1.6420 	 804.6015 	 48.0000 	 2.5323 	 7.9672 	 3.0925 	 0.0000 	 1.8161 	 0.1034 
47.0000 	 2.1202 	 18.4881 	 12.4216 	 0.0000 	 1.0235 	 803.8200 	 47.0000 	 2.2229 	 3.1378 	 -0.4452 	 0.0000 	 1.8485 	 0.0787 
48.0000 	 2.1693 	 18.7284 	 12.8127 	 0.0000 	 1.3222 	 804.2881 	 48.0000 	 1.9385 	 9.9094 	 1.9318 	 0.0000 	 0.3656 	 0.0700 
47.0000 	 2.1360 	 19.2145 	 12.6992 	 0.0000 	 0.0009 	 803.9048 	 47.0000 	 0.8216 	 1.9389 	 -3.5361 	 0.0000 	 0.1634 	 0.1043 
47.0000 	 2.0790 	 17.6907 	 11.8804 	 0.0000 	 0.0000 	 803.5214 	 47.0000 	 1.1693 	 5.3957 	 5.6790 	 0.0000 	 1.1930 	 0.1411 
48.0000 	 2.1026 	 17.7894 	 11.9008 	 0.0000 	 0.5288 	 803.6193 	 48.0000 	 1.3643 	 2.1039 	 -6.2393 	 0.0000 	 2.2272 	 0.1006 
47.0000 	 2.1114 	 18.2154 	 12.2184 	 0.0000 	 0.6036 	 803.5044 	 47.0000 	 0.4280 	 4.8690 	 -5.9107 	 0.0000 	 0.7841 	 0.1019 
47.0000 	 2.1054 	 18.7276 	 12.3470 	 0.0000 	 0.0002 	 803.5803 	 47.0000 	 2.8963 	 3.9747 	 -6.0554 	 0.0000 	 1.0455 	 0.0859 
47.0000 	 2.1086 	 18.7024 	 12.5092 	 0.0000 	 1.1562 	 803.8252 	 47.0000 	 1.3668 	 6.1620 	 -8.8548 	 0.0000 	 0.6682 	 0.0908 
46.0000 	 0.0752 	 0.7776 	 7.4768 	 0.0000 	 5.6752 	 1034.2320 	 46.0000 	 2.2823 	 0.4560 	 4.3926 	 0.0000 	 2.0486 	 0.0000 
48.0000 	 2.1593 	 19.2712 	 12.7226 	 0.0000 	 0.4504 	 804.3473 	 48.0000 	 2.1115 	 0.8167 	 6.7523 	 0.0000 	 1.9351 	 0.0779 
47.0000 	 2.0795 	 18.8123 	 12.4023 	 0.0000 	 0.9309 	 804.1526 	 47.0000 	 0.9734 	 9.8681 	 1.1303 	 0.0000 	 1.4348 	 0.0858 
48.0000 	 2.0790 	 18.5147 	 11.8048 	 0.0000 	 0.6347 	 803.3224 	 48.0000 	 1.0860 	 6.0005 	 -5.8173 	 0.0000 	 2.0715 	 0.4459 
46.0000 	 2.0568 	 19.0833 	 12.2799 	 0.0000 	 0.0000 	 803.8683 	 46.0000 	 1.7221 	 6.4895 	 8.0289 	 0.0000 	 2.3639 	 0.1296 
47.0000 	 2.0801 	 18.3598 	 12.0621 	 0.0000 	 0.0132 	 803.5515 	 47.0000 	 1.7539 	 2.1558 	 -5.7697 	 0.0000 	 1.4106 	 0.1134 
48.0000 	 2.0685 	 16.9110 	 11.6224 	 0.0000 	 2.6746 	 806.2138 	 48.0000 	 1.7026 	 5.0735 	 8.0016 	 0.0000 	 0.3655 	 0.0727 
46.0000 	 2.0792 	 18.0853 	 12.1707 	 0.0000 	 0.9498 	 803.7944 	 46.0000 	 2.9211 	 1.7237 	 5.3349 	 0.0000 	 1.6552 	 0.0801 
48.0000 	 2.1482 	 18.5098 	 12.4971 	 0.0000 	 1.7352 	 804.4131 	 48.0000 	 1.2205 	 4.8977 	 -1.9958 	 0.0000 	 0.3300 	 0.0645 
48.0000 	 2.1720 	 18.0719 	 12.3161 	 0.0000 	 0.0000 	 803.9007 	 48.0000 	 2.4025 	 0.6097 	 6.9530 	 0.0000 	 2.6366 	 0.0971 
46.0000 	 2.0889 	 18.8073 	 12.4453 	 0.0000 	 0.9147 	 803.8221 	 46.0000 	 1.2890 	 1.3459 	 -0.3234 	 0.0000 	 2.4657 	 0.0678 
46.0000 	 2.1036 	 18.8359 	 12.5871 	 0.0000 	 0.0000 	 803.4734 	 46.0000 	 0.6912 	 6.5088 	 8.7094 	 0.0000 	 1.0533 	 0.1113 
46.0000 	 2.1181 	 18.9172 	 12.7904 	 0.0000 	 0.7336 	 803.8637 	 46.0000 	 0.8424 	 5.2641 	 8.9562 	 0.0000 	 2.5230 	 0.0678 
46.0000 	 2.1322 	 18.9520 	 12.7690 	 0.0000 	 1.3799 	 804.1000 	 46.0000 	 0.4345 	 0.8365 	 -9.5021 	 0.0000 	 0.5097 	 0.0608 
45.0000 	 2.0361 	 18.7034 	 12.6319 	 0.0000 	 2.5622 	 806.1659 	 45.0000 	 1.7504 	 9.3171 	 -4.4935 	 0.0000 	 2.3197 	 0.0863 
45.0000 	 2.0253 	 18.0273 	 11.9775 	 0.0000 	 0.3600 	 803.9376 	 45.0000 	 2.4975 	 4.7649 	 -1.9938 	 0.0000 	 2.8215 	 0.1758 
46.0000 	 2.0455 	 18.2867 	 12.0036 	 0.0000 	 0.0000 	 803.3141 	 46.0000 	 2.5190 	 3.9992 	 3.0265 	 0.0000 	 0.0926 	 0.1003 
46.0000 	 2.1122 	 18.6331 	 12.6294 	 0.0000 	 1.0502 	 803.9241 	 46.0000 	 2.5007 	 7.3872 	 -0.9679 	 0.0000 	 1.7085 	 0.1551 
44.0000 	 1.9873 	 16.7559 	 11.7649 	 0.0000 	 2.4390 	 805.3937 	 44.0000 	 1.2507 	 2.7225 	 2.6016 	 0.0000 	 1.0092 	 0.0716 
44.0000 	 2.0688 	 18.7362 	 12.7187 	 0.0000 	 0.5338 	 803.7518 	 44.0000 	 2.8504 	 1.5080 	 -9.9974 	 0.0000 	 2.8015 	 0.0802 
45.0000 	 2.0577 	 19.2044 	 12.5958 	 0.0000 	 0.3140 	 804.0081 	 45.0000 	 1.7405 	 1.8914 	 0.8467 	 0.0000 	 2.9808 	 0.1163 
45.0000 	 2.0030 	 18.2376 	 11.9992 	 0.0000 	 0.0000 	 803.3446 	 45.0000 	 2.4421 	 4.5853 	 -4.2364 	 0.0000 	 1.6373 	 0.0945 
45.0000 	 2.0641 	 18.6166 	 12.4013 	 0.0000 	 0.7549 	 803.5179 	 45.0000 	 1.3508 	 1.3225 	 4.4990 	 0.0000 	 1.3690 	 0.0833 
44.0000 	 2.0531 	 18.9231 	 12.6784 	 0.0000 	 1.5243 	 803.9865 	 44.0000 	 1.6983 	 2.6205 	 8.7909 	 0.0000 	 2.7724 	 0.0914 
46.0000 	 2.0552 	 16.6469 	 11.7296 	 0.0000 	 2.6626 	 805.9184 	 46.0000 	 1.5893 	 6.3378 	 -7.9944 	 0.0000 	 2.9520 	 0.0664 
44.0000 	 2.0267 	 18.0831 	 12.1684 	 0.0000 	 0.7450 	 803.3472 	 44.0000 	 1.0512 	 1.1999 	 -4.2860 	 0.0000 	 0.3623 	 0.1007 
44.0000 	 2.1003 	 19.2477 	 13.1310 	 0.0000 	 1.4074 	 804.2017 	 44.0000 	 1.2090 	 4.3485 	 5.1831 	 0.0000 	 0.8937 	 0.0600 
44.0000 	 2.0095 	 17.8296 	 11.8872 	 0.0000 	 0.6046 	 803.1962 	 44.0000 	 1.6051 	 7.4140 	 1.2965 	 0.0000 	 0.7815 	 0.1944 
45.0000 	 2.0587 	 19.2905 	 12.6575 	 0.0000 	 0.5796 	 804.2618 	 45.0000 	 0.5918 	 4.8307 	 3.0952 	 0.0000 	 2.0379 	 0.1941 
44.0000 	 1.9814 	 18.4311 	 11.9722 	 0.0000 	 0.3888 	 803.6415 	 44.0000 	 0.0205 	 0.7211 	 -5.7078 	 0.0000 	 1.7231 	 0.0921 
45.0000 	 2.0969 	 18.8318 	 12.7668 	 0.0000 	 1.4617 	 804.0464 	 45.0000 	 1.6574 	 6.0910 	 -3.2938 	 0.0000 	 0.6120 	 0.0715 
44.0000 	 2.0030 	 18.7352 	 12.1552 	 0.0000 	 0.6480 	 803.9975 	 44.0000 	 0.9697 	 7.5373 	 1.0527 	 0.0000 	 0.0143 	 0.0712 
43.0000 	 0.0085 	 42.4719 	 7.4536 	 0.0000 	 5.6957 	 1034.2263 	 43.0000 	 1.2282 	 2.4221 	 -3.7291 	 0.0000 	 2.3254 	 0.0000 
43.0000 	 2.0150 	 19.0816 	 12.5756 	 0.0000 	 0.5264 	 803.7474 	 43.0000 	 2.7130 	 5.2604 	 9.0709 	 0.0000 	 2.2389 	 0.0938 
43.0000 	 1.9591 	 17.7168 	 11.8136 	 0.0000 	 0.0000 	 803.0214 	 43.0000 	 2.6698 	 7.7647 	 -0.5759 	 0.0000 	 0.4381 	 0.0812 
44.0000 	 2.0544 	 18.8757 	 12.6075 	 0.0000 	 1.1469 	 803.6394 	 44.0000 	 1.4702 	 0.2201 	 9.2878 	 0.0000 	 1.8903 	 0.0632 
45.0000 	 2.0372 	 18.3496 	 12.4023 	 0.0000 	 0.1377 	 802.9611 	 45.0000 	 1.2577 	 3.6141 	 -6.5493 	 0.0000 	 1.6954 	 0.0951 
45.0000 	 2.0827 	 18.7994 	 12.6224 	 0.0000 	 0.7567 	 803.4893 	 45.0000 	 1.9531 	 3.7801 	 -1.2479 	 0.0000 	 1.1455 	 0.0961 
43.0000 	 2.0321 	 18.2809 	 12.3649 	 0.0000 	 0.1282 	 803.2907 	 43.0000 	 1.1166 	 0.5739 	 -0.8043 	 0.0000 	 0.1565 	 0.0967 
43.0000 	 2.0039 	 18.0036 	 12.0099 	 0.0000 	 0.0092 	 803.0200 	 43.0000 	 2.6218 	 6.6539 	 -6.5744 	 0.0000 	 1.0875 	 0.2119 
43.0000 	 1.9608 	 18.2680 	 12.0027 	 0.0000 	 0.0000 	 803.2515 	 43.0000 	 2.7702 	 0.7353 	 2.9145 	 0.0000 	 2.8497 	 0.0713 
45.0000 	 2.0643 	 19.3832 	 12.6943 	 0.0000 	 0.8871 	 804.1479 	 45.0000 	 1.9083 	 5.5685 	 0.4612 	 0.0000 	 2.5262 	 0.0909 
43.0000 	 2.0238 	 18.9083 	 12.6117 	 0.0000 	 1.2592 	 803.8683 	 43.0000 	 1.1478 	 7.9118 	 -4.7206 	 0.0000 	 1.6267 	 0.0919 
41.0000 	 0.0014 	 16.0101 	 7.4332 	 0.0000 	 5.6908 	 1034.2261 	 41.0000 	 0.3915 	 7.2411 	 9.3840 	 0.0000 	 0.7222 	 0.0000 
42.0000 	 2.0012 	 18.3342 	 12.5184 	 0.0000 	 2.1411 	 804.4678 	 42.0000 	 0.7893 	 3.3639 	 -7.9520 	 0.0000 	 1.1695 	 0.0694 
44.0000 	 2.0249 	 18.3497 	 12.2258 	 0.0000 	 0.7339 	 803.2788 	 44.0000 	 1.3971 	 0.6333 	 1.6052 	 0.0000 	 0.4441 	 0.1100 
41.0000 	 1.9833 	 18.7251 	 12.6592 	 0.0000 	 1.6316 	 803.8252 	 41.0000 	 2.7507 	 0.3365 	 -9.6838 	 0.0000 	 1.4351 	 0.0602 
42.0000 	 1.9510 	 18.2132 	 12.0105 	 0.0000 	 0.0000 	 802.7757 	 42.0000 	 1.3406 	 5.2762 	 -5.5550 	 0.0000 	 1.8164 	 0.1394 
42.0000 	 1.9330 	 18.8031 	 12.0984 	 0.0000 	 0.5714 	 803.7596 	 42.0000 	 0.9326 	 4.3630 	 7.4000 	 0.0000 	 1.0807 	 0.1473 
43.0000 	 1.9756 	 17.9420 	 11.9352 	 0.0000 	 0.5918 	 803.2491 	 43.0000 	 2.3858 	 5.4551 	 -0.0593 	 0.0000 	 2.4569 	 0.1140 
42.0000 	 0.0053 	 15.6719 	 7.4380 	 0.0000 	 5.6837 	 1034.2259 	 42.0000 	 2.9521 	 7.7705 	 5.8336 	 0.0000 	 2.2932 	 0.0000 
41.0000 	 2.0056 	 19.6553 	 13.1187 	 0.0000 	 1.4450 	 804.1885 	 41.0000 	 0.2593 	 7.6279 	 0.0797 	 0.0000 	 2.4655 	 0.0683 
42.0000 	 1.8840 	 17.8736 	 11.6064 	 0.0000 	 0.1512 	 803.6712 	 42.0000 	 0.1559 	 5.8344 	 -6.9168 	 0.0000 	 2.9410 	 0.2458 
41.0000 	 1.9881 	 18.9828 	 12.8228 	 0.0000 	 1.5439 	 803.8685 	 41.0000 	 1.9653 	 5.4960 	 4.4184 	 0.0000 	 2.8982 	 0.0774 
43.0000 	 2.0554 	 18.8460 	 12.8434 	 0.0000 	 1.4397 	 803.9746 	 43.0000 	 0.2937 	 1.0287 	 -6.0525 	 0.0000 	 1.6453 	 0.0761 
41.0000 	 1.9404 	 17.9872 	 12.2057 	 0.0000 	 1.4449 	 803.7674 	 41.0000 	 2.6894 	 3.5855 	 6.9390 	 0.0000 	 2.5671 	 0.0868 
41.0000 	 1.9429 	 18.6561 	 12.2841 	 0.0000 	 0.1382 	 803.1713 	 41.0000 	 0.4917 	 8.0762 	 4.9125 	 0.0000 	 1.1611 	 0.0708 
42.0000 	 0.0663 	 76.3086 	 7.4219 	 0.0000 	 5.7861 	 1034.1915 	 42.0000 	 2.8644 	 6.3041 	 2.4795 	 0.0000 	 0.7849 	 0.0251 
41.0000 	 1.9567 	 18.6612 	 12.4658 	 0.0000 	 0.1624 	 802.9695 	 41.0000 	 0.2480 	 4.5228 	 -9.6459 	 0.0000 	 1.7909 	 0.1233 
42.0000 	 2.0034 	 17.2410 	 12.2356 	 0.0000 	 2.4544 	 804.9867 	 42.0000 	 0.3742 	 4.5221 	 -6.1334 	 0.0000 	 1.5086 	 0.0525 
39.0000 	 1.9236 	 19.0634 	 12.7409 	 0.0000 	 1.0386 	 803.2716 	 39.0000 	 0.1824 	 1.6272 	 5.7663 	 0.0000 	 1.9735 	 0.0866 
39.0000 	 1.9746 	 19.9307 	 13.0724 	 0.0000 	 0.0000 	 804.3741 	 39.0000 	 1.6598 	 1.6331 	 -6.6050 	 0.0000 	 0.4748 	 0.2482 
43.0000 	 2.0361 	 19.0878 	 12.7646 	 0.0000 	 0.9388 	 803.6117 	 43.0000 	 2.3659 	 5.1041 	 -1.8967 	 0.0000 	 2.5714 	 0.0716 
42.0000 	 1.9941 	 18.4075 	 12.5250 	 0.0000 	 1.9789 	 804.1865 	 42.0000 	 2.0807 	 3.9795 	 2.1901 	 0.0000 	 1.9151 	 0.0726 
39.0000 	 1.9080 	 18.7121 	 12.4672 	 0.0000 	 1.0345 	 803.1943 	 39.0000 	 0.9576 	 9.2947 	 -0.5233 	 0.0000 	 2.1044 	 0.0776 
39.0000 	 1.8793 	 18.9050 	 12.3369 	 0.0000 	 0.2247 	 803.1842 	 39.0000 	 0.6490 	 9.8855 	 6.9535 	 0.0000 	 2.6637 	 0.1166 
38.0000 	 1.8448 	 18.3323 	 12.0376 	 0.0000 	 0.0000 	 802.6653 	 38.0000 	 0.0465 	 9.0300 	 -2.7790 	 0.0000 	 2.5459 	 0.1360 
38.0000 	 1.8690 	 17.9095 	 12.2201 	 0.0000 	 1.4418 	 803.4644 	 38.0000 	 0.3897 	 1.1870 	 5.7289 	 0.0000 	 2.6591 	 0.1066 
42.0000 	 1.9784 	 17.9660 	 12.0422 	 0.0000 	 0.4774 	 803.2209 	 42.0000 	 0.7851 	 4.6276 	 0.3666 	 0.0000 	 2.0340 	 0.0613 
37.0000 	 1.8487 	 18.2791 	 12.3763 	 0.0000 	 0.4994 	 802.7251 	 37.0000 	 0.7624 	 6.1228 	 -4.2086 	 0.0000 	 0.5957 	 0.1082 
42.0000 	 1.9784 	 18.5171 	 12.2142 	 0.0000 	 0.2678 	 803.2847 	 42.0000 	 0.9111 	 3.6687 	 1.7617 	 0.0000 	 2.3062 	 0.1197 
39.0000 	 1.8268 	 18.0244 	 11.8823 	 0.0000 	 0.4863 	 803.1754 	 39.0000 	 2.3238 	 2.0774 	 -7.2761 	 0.0000 	 2.0193 	 0.1423 
41.0000 	 1.9886 	 18.7992 	 12.7254 	 0.0000 	 0.7205 	 803.4424 	 41.0000 	 0.1968 	 4.4969 	 2.5706 	 0.0000 	 0.3953 	 0.0913 
41.0000 	 1.9790 	 18.4885 	 12.5034 	 0.0000 	 1.1621 	 803.2863 	 41.0000 	 2.9391 	 4.7679 	 8.4548 	 0.0000 	 1.5934 	 0.0697 
39.0000 	 1.8362 	 18.7260 	 11.9926 	 0.0000 	 0.0000 	 803.4168 	 39.0000 	 0.2522 	 2.7646 	 -8.9692 	 0.0000 	 0.4692 	 0.0920 
39.0000 	 1.9140 	 18.9583 	 12.7290 	 0.0000 	 1.1999 	 803.4177 	 39.0000 	 0.3130 	 8.3606 	 8.8203 	 0.0000 	 0.8993 	 0.1052 
38.0000 	 0.0019 	 18.0507 	 7.4390 	 0.0000 	 5.6889 	 1034.2259 	 38.0000 	 2.2805 	 2.1357 	 -4.8612 	 0.0000 	 2.9839 	 0.0002 
37.0000 	 1.8390 	 18.4490 	 12.2584 	 0.0000 	 0.3622 	 802.6293 	 37.0000 	 2.7335 	 3.6386 	 5.6435 	 0.0000 	 0.5801 	 0.0968 
41.0000 	 1.9892 	 19.0283 	 12.8178 	 0.0000 	 1.0295 	 803.5201 	 41.0000 	 0.0587 	 5.7373 	 5.7669 	 0.0000 	 2.8699 	 0.0650 
36.0000 	 1.6804 	 17.2900 	 11.0278 	 0.0000 	 0.0000 	 804.8821 	 36.0000 	 1.4520 	 6.1323 	 -0.7048 	 0.0000 	 0.4869 	 0.1089 
37.0000 	 1.8678 	 18.7997 	 12.6354 	 0.0000 	 0.7834 	 802.9215 	 37.0000 	 2.5328 	 3.8806 	 -0.2808 	 0.0000 	 2.2583 	 0.0912 
37.0000 	 1.8652 	 18.7849 	 12.5414 	 0.0000 	 0.6727 	 802.7504 	 37.0000 	 0.8779 	 0.2447 	 6.8254 	 0.0000 	 1.1548 	 0.0998 
38.0000 	 1.8990 	 18.7532 	 12.5911 	 0.0000 	 1.1443 	 803.1938 	 38.0000 	 1.4938 	 3.8117 	 -5.6318 	 0.0000 	 0.3559 	 0.0836 
38.0000 	 1.9270 	 19.1554 	 13.0626 	 0.0000 	 1.2130 	 803.6767 	 38.0000 	 2.6598 	 1.2662 	 -9.8343 	 0.0000 	 0.9286 	 0.0664 
37.0000 	 1.8143 	 18.1323 	 12.0562 	 0.0000 	 0.3890 	 802.5764 	 37.0000 	 1.5214 	 9.5991 	 -5.1774 	 0.0000 	 2.0947 	 0.0980 
36.0000 	 0.0099 	 25.9584 	 7.4382 	 0.0000 	 5.6847 	 1034.2259 	 36.0000 	 2.7673 	 9.9373 	 -5.3168 	 0.0000 	 2.1749 	 0.0000 
35.0000 	 1.7252 	 18.2808 	 11.8562 	 0.0000 	 0.0000 	 802.5690 	 35.0000 	 1.9949 	 7.4467 	 -4.5612 	 0.0000 	 2.6680 	 0.0804 
37.0000 	 1.8553 	 18.6784 	 12.5479 	 0.0000 	 1.0942 	 802.9450 	 37.0000 	 1.1718 	 7.0295 	 7.4169 	 0.0000 	 2.6079 	 0.0693 
38.0000 	 1.8951 	 18.2920 	 12.5932 	 0.0000 	 1.6397 	 803.4056 	 38.0000 	 0.9715 	 9.5435 	 5.7367 	 0.0000 	 2.4715 	 0.1047 
39.0000 	 1.8787 	 18.3910 	 12.1896 	 0.0000 	 0.4448 	 802.8872 	 39.0000 	 2.5616 	 5.0632 	 4.8609 	 0.0000 	 1.0003 	 0.0969 
37.0000 	 1.8872 	 18.6996 	 12.9187 	 0.0000 	 1.9552 	 803.8122 	 37.0000 	 0.0307 	 5.1836 	 -9.9602 	 0.0000 	 2.5384 	 0.0729 
39.0000 	 1.9672 	 19.5888 	 13.4158 	 0.0000 	 2.3262 	 805.4117 	 39.0000 	 2.6525 	 1.7944 	 -6.8265 	 0.0000 	 0.3546 	 0.0677 
38.0000 	 1.8998 	 16.8196 	 12.1964 	 0.0000 	 2.9069 	 805.9447 	 38.0000 	 0.1661 	 9.2876 	 -5.6867 	 0.0000 	 2.6479 	 0.0563 
35.0000 	 0.0010 	 2.2610 	 7.4460 	 0.0000 	 5.6972 	 1034.2263 	 35.0000 	 1.8722 	 2.0167 	 -9.3043 	 0.0000 	 1.3412 	 0.0008 
36.0000 	 1.7767 	 17.8027 	 11.8481 	 0.0000 	 0.0879 	 800.7661 	 36.0000 	 0.3049 	 2.9032 	 0.2483 	 0.0000 	 1.5984 	 0.0925 
39.0000 	 1.8682 	 18.5053 	 12.2702 	 0.0000 	 1.0606 	 803.2020 	 39.0000 	 1.3901 	 3.8379 	 -9.5227 	 0.0000 	 1.0110 	 0.0734 
36.0000 	 0.0023 	 45.7680 	 7.4376 	 0.0000 	 5.6827 	 1034.2259 	 36.0000 	 1.0765 	 1.0420 	 -8.0702 	 0.0000 	 1.4756 	 0.0000 
34.0000 	 1.7824 	 19.2476 	 12.8873 	 0.0000 	 0.9540 	 802.9813 	 34.0000 	 2.2891 	 6.1750 	 -1.3269 	 0.0000 	 0.6948 	 0.0728 
36.0000 	 1.8530 	 19.1245 	 13.0695 	 0.0000 	 0.8627 	 803.3334 	 36.0000 	 2.1249 	 9.2857 	 9.9977 	 0.0000 	 1.9843 	 0.0991 
35.0000 	 1.8103 	 19.4351 	 12.8748 	 0.0000 	 0.8200 	 803.0483 	 35.0000 	 1.8470 	 6.4396 	 -4.9960 	 0.0000 	 2.1134 	 0.0908 
38.0000 	 1.8356 	 17.5812 	 11.7989 	 0.0000 	 0.0249 	 802.8497 	 38.0000 	 0.2022 	 1.2297 	 0.3843 	 0.0000 	 2.6066 	 0.0851 
34.0000 	 1.7977 	 19.3115 	 13.1445 	 0.0000 	 1.0137 	 803.0352 	 34.0000 	 0.7567 	 4.5271 	 3.0242 	 0.0000 	 0.6223 	 0.0985 
34.0000 	 0.0039 	 17.1645 	 7.4355 	 0.0000 	 5.6820 	 1034.2259 	 34.0000 	 2.7977 	 8.5072 	 1.4101 	 0.0000 	 2.2434 	 0.0000 
36.0000 	 1.8112 	 18.7543 	 12.5155 	 0.0000 	 1.2226 	 802.8950 	 36.0000 	 0.4426 	 6.1564 	 2.4115 	 0.0000 	 2.2893 	 0.0995 
35.0000 	 1.8176 	 18.3532 	 12.4893 	 0.0000 	 1.0044 	 802.6353 	 35.0000 	 1.3618 	 3.8348 	 -7.1519 	 0.0000 	 2.9874 	 0.0823 
38.0000 	 1.8676 	 18.3780 	 12.3072 	 0.0000 	 0.3552 	 802.5727 	 38.0000 	 0.0954 	 7.5339 	 3.8253 	 0.0000 	 2.1859 	 0.1033 
38.0000 	 1.9195 	 19.2252 	 12.9404 	 0.0000 	 1.3177 	 803.4628 	 38.0000 	 1.6557 	 8.0121 	 -4.6205 	 0.0000 	 1.8924 	 0.0613 
34.0000 	 1.7781 	 18.0768 	 12.4092 	 0.0000 	 0.5255 	 802.5629 	 34.0000 	 2.1705 	 0.6528 	 -9.4735 	 0.0000 	 2.4031 	 0.0950 
37.0000 	 1.8678 	 18.5587 	 12.7182 	 0.0000 	 1.9526 	 803.6489 	 37.0000 	 2.1824 	 1.8637 	 9.8861 	 0.0000 	 2.8290 	 0.0678 
34.0000 	 1.7833 	 18.7339 	 12.7870 	 0.0000 	 1.7517 	 803.2046 	 34.0000 	 1.0228 	 0.1750 	 3.3546 	 0.0000 	 1.1007 	 0.0717 
37.0000 	 1.8236 	 18.6627 	 12.2620 	 0.0000 	 0.5397 	 802.8371 	 37.0000 	 2.0543 	 5.7888 	 3.9698 	 0.0000 	 0.6197 	 0.0855 
36.0000 	 1.8211 	 18.4961 	 12.4401 	 0.0000 	 1.2089 	 802.8215 	 36.0000 	 2.9890 	 5.2590 	 9.0691 	 0.0000 	 0.8844 	 0.0946 
33.0000 	 1.7360 	 19.1275 	 12.5954 	 0.0000 	 0.4799 	 802.5195 	 33.0000 	 0.9201 	 1.8818 	 -7.6668 	 0.0000 	 2.0414 	 0.0905 
37.0000 	 1.8433 	 19.3239 	 12.7234 	 0.0000 	 0.6032 	 803.3231 	 37.0000 	 0.1716 	 8.8547 	 7.4639 	 0.0000 	 2.9408 	 0.0859 
32.0000 	 1.6990 	 18.3192 	 12.4616 	 0.0000 	 1.5877 	 802.8140 	 32.0000 	 1.0641 	 9.0765 	 -6.0448 	 0.0000 	 2.9305 	 0.0734 
35.0000 	 1.7953 	 18.5750 	 12.5607 	 0.0000 	 1.8440 	 803.3964 	 35.0000 	 2.3815 	 4.2440 	 -9.9512 	 0.0000 	 0.1863 	 0.0965 
36.0000 	 0.0020 	 5.2511 	 7.4466 	 0.0000 	 5.6822 	 1034.2257 	 36.0000 	 0.6557 	 8.6744 	 -0.0870 	 0.0000 	 2.4648 	 0.0000 
33.0000 	 1.7361 	 18.7530 	 12.6497 	 0.0000 	 1.1655 	 802.5649 	 33.0000 	 0.2846 	 0.5786 	 7.0540 	 0.0000 	 2.3070 	 0.0702 
35.0000 	 1.7911 	 18.5543 	 12.4414 	 0.0000 	 0.8053 	 802.4514 	 35.0000 	 0.4917 	 2.9379 	 -3.6660 	 0.0000 	 0.5092 	 0.1004 
34.0000 	 1.7524 	 18.2185 	 12.2626 	 0.0000 	 0.2870 	 802.3621 	 34.0000 	 0.1370 	 3.2963 	 -6.0475 	 0.0000 	 2.5257 	 0.0945 
33.0000 	 1.7469 	 18.6449 	 12.6649 	 0.0000 	 1.3825 	 802.5965 	 33.0000 	 2.1341 	 2.0274 	 5.7740 	 0.0000 	 2.7178 	 0.0751 
31.0000 	 1.6560 	 18.0847 	 12.3541 	 0.0000 	 1.6954 	 802.4942 	 31.0000 	 1.9514 	 3.4140 	 2.6237 	 0.0000 	 2.6667 	 0.1302 
32.0000 	 1.7269 	 18.5799 	 12.7874 	 0.0000 	 1.7751 	 803.0560 	 32.0000 	 2.8549 	 3.5068 	 -9.1317 	 0.0000 	 2.1039 	 0.0689 
35.0000 	 1.7774 	 18.3054 	 12.5037 	 0.0000 	 2.0332 	 803.6975 	 35.0000 	 0.8196 	 6.0966 	 7.1673 	 0.0000 	 1.0067 	 0.0733 
33.0000 	 1.6944 	 18.6647 	 12.2163 	 0.0000 	 0.4373 	 802.4634 	 33.0000 	 1.7045 	 8.7400 	 -7.6916 	 0.0000 	 2.2540 	 0.1286 
36.0000 	 1.8017 	 17.9966 	 12.0929 	 0.0000 	 0.0000 	 802.4155 	 36.0000 	 1.5231 	 8.3820 	 -0.5270 	 0.0000 	 1.9862 	 0.0923 
36.0000 	 1.8260 	 19.4092 	 12.7930 	 0.0000 	 0.5874 	 802.6845 	 36.0000 	 1.4738 	 2.5157 	 7.4344 	 0.0000 	 1.0005 	 0.1396 
34.0000 	 1.6881 	 17.3014 	 11.5830 	 0.0000 	 0.1563 	 802.6490 	 34.0000 	 0.9401 	 6.5886 	 0.4810 	 0.0000 	 0.2536 	 0.1159 
33.0000 	 0.0011 	 19.1528 	 7.4365 	 0.0000 	 5.6825 	 1034.2258 	 33.0000 	 0.8851 	 6.4004 	 3.5325 	 0.0000 	 2.5982 	 0.0000 
32.0000 	 1.7051 	 18.6232 	 12.5323 	 0.0000 	 1.2154 	 802.4938 	 32.0000 	 1.8745 	 0.3751 	 6.0017 	 0.0000 	 1.2096 	 0.0794 
35.0000 	 1.7616 	 18.0777 	 12.2924 	 0.0000 	 2.4549 	 804.5840 	 35.0000 	 2.5201 	 5.0891 	 -5.1629 	 0.0000 	 0.4662 	 0.0506 
32.0000 	 0.0046 	 6.1914 	 7.4365 	 0.0000 	 5.6829 	 1034.2259 	 32.0000 	 1.6234 	 3.8940 	 -9.4019 	 0.0000 	 0.5952 	 0.0000 
33.0000 	 1.7614 	 18.7981 	 12.7952 	 0.0000 	 1.5036 	 802.8370 	 33.0000 	 2.2619 	 2.9460 	 3.5876 	 0.0000 	 1.7829 	 0.0594 
31.0000 	 0.0030 	 23.7231 	 7.4390 	 0.0000 	 5.6840 	 1034.2255 	 31.0000 	 1.4155 	 3.3878 	 -4.1638 	 0.0000 	 1.3704 	 0.0000 
35.0000 	 1.7686 	 18.6407 	 12.4063 	 0.0000 	 1.0150 	 802.8085 	 35.0000 	 0.1118 	 1.4884 	 9.2706 	 0.0000 	 2.3966 	 0.0806 
31.0000 	 0.0010 	 0.0000 	 7.4683 	 0.0000 	 5.6814 	 1034.2288 	 31.0000 	 0.2421 	 3.7414 	 8.2594 	 0.0000 	 1.8504 	 0.0000 
31.0000 	 1.6933 	 19.1214 	 12.8657 	 0.0000 	 1.2892 	 802.6515 	 31.0000 	 1.8843 	 9.7864 	 9.4320 	 0.0000 	 1.4387 	 0.0761 
34.0000 	 1.7383 	 18.4107 	 12.3905 	 0.0000 	 0.8089 	 802.4291 	 34.0000 	 1.6336 	 3.2467 	 -2.7122 	 0.0000 	 0.6326 	 0.0919 
29.0000 	 1.6066 	 18.4774 	 12.4980 	 0.0000 	 1.1400 	 801.8991 	 29.0000 	 0.4580 	 9.5844 	 5.2253 	 0.0000 	 2.0088 	 0.0858 
34.0000 	 0.0023 	 52.9661 	 7.4385 	 0.0000 	 5.6852 	 1034.2259 	 34.0000 	 2.7291 	 3.9689 	 -9.0353 	 0.0000 	 1.5822 	 0.0000 
31.0000 	 1.6768 	 17.5636 	 12.5041 	 0.0000 	 3.3651 	 807.5381 	 31.0000 	 0.1597 	 0.6941 	 6.0578 	 0.0000 	 1.6037 	 0.0636 
28.0000 	 1.5544 	 19.0826 	 12.7710 	 0.0000 	 0.9426 	 802.3139 	 28.0000 	 1.6875 	 7.3553 	 1.6597 	 0.0000 	 2.3400 	 0.1031 
32.0000 	 1.7356 	 19.5853 	 13.1260 	 0.0000 	 0.6575 	 803.0258 	 32.0000 	 0.3987 	 1.4481 	 9.4067 	 0.0000 	 1.0443 	 0.0878 
34.0000 	 1.7409 	 18.7328 	 12.4896 	 0.0000 	 0.9697 	 802.7322 	 34.0000 	 0.1755 	 4.9250 	 1.0454 	 0.0000 	 2.0053 	 0.0960 
28.0000 	 1.5851 	 19.2647 	 12.8122 	 0.0000 	 0.4740 	 801.8069 	 28.0000 	 1.7843 	 4.6016 	 1.4055 	 0.0000 	 0.8353 	 0.1338 
29.0000 	 1.5863 	 14.5996 	 10.9961 	 0.0000 	 3.0981 	 806.1130 	 29.0000 	 1.3803 	 6.9265 	 -9.6126 	 0.0000 	 0.0862 	 0.0100 
32.0000 	 1.6901 	 18.4256 	 12.3550 	 0.0000 	 0.9659 	 802.2275 	 32.0000 	 0.9586 	 1.4666 	 8.0692 	 0.0000 	 2.4226 	 0.0765 
33.0000 	 1.7658 	 19.0513 	 12.8554 	 0.0000 	 0.5957 	 802.6537 	 33.0000 	 1.9920 	 3.6704 	 -3.1314 	 0.0000 	 2.8023 	 0.0776 
29.0000 	 1.6389 	 19.8956 	 13.0389 	 0.0000 	 0.0000 	 802.8400 	 29.0000 	 2.0112 	 0.0992 	 3.9393 	 0.0000 	 2.0030 	 0.1547 
29.0000 	 1.6171 	 18.6655 	 12.6471 	 0.0000 	 0.3038 	 801.8503 	 29.0000 	 0.5733 	 5.7146 	 8.5249 	 0.0000 	 2.9858 	 0.1421 
31.0000 	 1.6625 	 19.0080 	 12.5302 	 0.0000 	 0.7019 	 802.3685 	 31.0000 	 0.2038 	 7.9646 	 -3.8311 	 0.0000 	 0.2931 	 0.0841 
33.0000 	 1.7697 	 18.0279 	 12.5566 	 0.0000 	 2.2197 	 803.6631 	 33.0000 	 0.4379 	 9.0160 	 -2.2356 	 0.0000 	 1.7798 	 0.1013 
29.0000 	 1.6303 	 19.2627 	 12.6953 	 0.0000 	 0.3867 	 802.2475 	 29.0000 	 1.6508 	 1.5042 	 9.1820 	 0.0000 	 1.9325 	 0.1302 
35.0000 	 1.7899 	 18.7694 	 12.5950 	 0.0000 	 1.0353 	 802.6539 	 35.0000 	 1.2560 	 1.6101 	 5.4992 	 0.0000 	 0.8220 	 0.0738 
27.0000 	 1.4982 	 17.5025 	 11.9025 	 0.0000 	 0.3569 	 801.3709 	 27.0000 	 0.5420 	 0.5771 	 -5.4507 	 0.0000 	 2.8841 	 0.1004 
28.0000 	 1.5788 	 17.8835 	 12.4603 	 0.0000 	 1.3483 	 802.4773 	 28.0000 	 2.9176 	 6.4540 	 6.4976 	 0.0000 	 0.7064 	 0.0876 
32.0000 	 1.7423 	 19.2644 	 13.0635 	 0.0000 	 1.3931 	 802.7058 	 32.0000 	 1.6677 	 3.1920 	 -0.8589 	 0.0000 	 2.3666 	 0.0906 
27.0000 	 1.5151 	 18.9923 	 12.2382 	 0.0000 	 0.1514 	 801.8791 	 27.0000 	 2.6115 	 3.1640 	 1.3875 	 0.0000 	 2.6019 	 0.4333 
33.0000 	 1.7766 	 18.7746 	 12.8599 	 0.0000 	 1.3721 	 802.9019 	 33.0000 	 1.9602 	 9.6210 	 -4.7384 	 0.0000 	 1.7767 	 0.0712 
27.0000 	 1.5292 	 18.9649 	 12.5882 	 0.0000 	 0.7313 	 801.6703 	 27.0000 	 0.0948 	 4.0924 	 -0.4882 	 0.0000 	 0.8373 	 0.0943 
31.0000 	 0.0015 	 13.4428 	 7.4374 	 0.0000 	 5.6846 	 1034.2259 	 31.0000 	 2.1968 	 0.8222 	 5.3559 	 0.0000 	 1.0784 	 0.0000 
27.0000 	 0.0016 	 7.7161 	 7.4396 	 0.0000 	 5.6822 	 1034.2259 	 27.0000 	 0.3129 	 4.1058 	 -2.0593 	 0.0000 	 2.4689 	 0.0000 
32.0000 	 1.6951 	 18.4248 	 12.4299 	 0.0000 	 1.2742 	 802.4855 	 32.0000 	 0.2947 	 8.9704 	 -9.0258 	 0.0000 	 1.8773 	 0.0876 
33.0000 	 1.7329 	 18.6347 	 12.5787 	 0.0000 	 1.4502 	 802.8871 	 33.0000 	 2.7764 	 8.4438 	 5.2046 	 0.0000 	 0.7153 	 0.0992 
31.0000 	 1.6830 	 19.4745 	 12.7935 	 0.0000 	 0.6241 	 802.8161 	 31.0000 	 1.0899 	 9.3259 	 -9.7616 	 0.0000 	 2.8741 	 0.0902 
26.0000 	 0.0011 	 26.0629 	 7.4820 	 0.0000 	 5.6859 	 1034.2317 	 26.0000 	 0.5084 	 7.1710 	 -9.9536 	 0.0000 	 0.0594 	 0.0000 
28.0000 	 1.5343 	 16.6727 	 11.9715 	 0.0000 	 2.8527 	 804.6268 	 28.0000 	 0.6915 	 6.1799 	 -7.7395 	 0.0000 	 1.1263 	 0.0725 
26.0000 	 1.5286 	 18.6887 	 12.8218 	 0.0000 	 1.8382 	 802.3705 	 26.0000 	 2.2595 	 8.1929 	 5.5361 	 0.0000 	 1.5009 	 0.0826 
29.0000 	 1.5998 	 18.9403 	 12.6707 	 0.0000 	 1.0925 	 802.0730 	 29.0000 	 1.6511 	 0.3577 	 -9.4139 	 0.0000 	 0.0082 	 0.0840 
28.0000 	 1.5932 	 18.4989 	 12.8056 	 0.0000 	 2.5735 	 804.0264 	 28.0000 	 1.0160 	 1.0747 	 -7.1270 	 0.0000 	 2.1151 	 0.0720 
27.0000 	 1.5384 	 18.2458 	 12.5160 	 0.0000 	 1.7532 	 802.2848 	 27.0000 	 2.6073 	 8.5626 	 2.2534 	 0.0000 	 1.8727 	 0.0756 
29.0000 	 1.5533 	 18.1067 	 12.1606 	 0.0000 	 0.5424 	 801.3447 	 29.0000 	 0.1927 	 0.7496 	 5.2940 	 0.0000 	 0.0573 	 0.2422 
32.0000 	 1.6544 	 18.3558 	 12.1867 	 0.0000 	 0.0004 	 802.0159 	 32.0000 	 1.6429 	 8.3534 	 -3.1716 	 0.0000 	 2.0830 	 0.1255 
31.0000 	 1.6490 	 18.0240 	 12.1691 	 0.0000 	 1.8842 	 802.8594 	 31.0000 	 2.3500 	 5.8349 	 0.6576 	 0.0000 	 1.8186 	 0.2715 
24.0000 	 1.3942 	 16.7252 	 11.6791 	 0.0000 	 2.9436 	 804.6103 	 24.0000 	 1.1594 	 6.4947 	 1.6151 	 0.0000 	 1.9182 	 0.0740 
26.0000 	 1.4905 	 18.4253 	 12.4044 	 0.0000 	 0.8867 	 801.2051 	 26.0000 	 0.2857 	 9.3003 	 -2.0913 	 0.0000 	 2.5361 	 0.1190 
26.0000 	 1.4912 	 18.7784 	 12.4808 	 0.0000 	 0.4726 	 801.4222 	 26.0000 	 1.3842 	 4.1953 	 -8.8698 	 0.0000 	 0.3483 	 0.0885 
28.0000 	 1.5619 	 19.0071 	 12.6601 	 0.0000 	 0.6775 	 801.7669 	 28.0000 	 1.6402 	 4.3012 	 -6.5136 	 0.0000 	 2.2598 	 0.0820 
23.0000 	 1.3902 	 18.4485 	 12.4976 	 0.0000 	 0.8243 	 801.0800 	 23.0000 	 1.3619 	 9.7550 	 1.7268 	 0.0000 	 0.9703 	 0.1083 
29.0000 	 1.6133 	 18.9888 	 12.7680 	 0.0000 	 1.7571 	 802.6616 	 29.0000 	 1.8717 	 9.3886 	 -7.8786 	 0.0000 	 2.2675 	 0.0752 
31.0000 	 1.6431 	 18.0518 	 12.0020 	 0.0000 	 0.0000 	 800.6074 	 31.0000 	 1.4734 	 8.1581 	 -2.6613 	 0.0000 	 2.2328 	 0.1001 
23.0000 	 1.3935 	 18.6852 	 12.6585 	 0.0000 	 1.7793 	 801.7376 	 23.0000 	 0.3027 	 9.9311 	 9.3013 	 0.0000 	 2.8253 	 0.0876 
29.0000 	 0.0059 	 19.6373 	 7.4371 	 0.0000 	 5.6835 	 1034.2259 	 29.0000 	 2.0967 	 0.8910 	 -6.0111 	 0.0000 	 0.8945 	 0.0000 
28.0000 	 1.5745 	 18.8465 	 12.7135 	 0.0000 	 1.2586 	 802.0946 	 28.0000 	 0.1886 	 9.7627 	 1.5966 	 0.0000 	 1.8712 	 0.0729 
24.0000 	 1.4251 	 18.3636 	 12.3667 	 0.0000 	 0.7182 	 800.8017 	 24.0000 	 1.9181 	 8.5440 	 -4.0373 	 0.0000 	 2.9334 	 0.0857 
23.0000 	 1.4012 	 19.6006 	 13.1071 	 0.0000 	 0.0000 	 801.5234 	 23.0000 	 1.6651 	 2.3407 	 -8.3809 	 0.0000 	 1.1412 	 0.1283 
24.0000 	 1.4331 	 18.3457 	 12.5897 	 0.0000 	 1.8677 	 801.7753 	 24.0000 	 2.7965 	 1.8667 	 1.1746 	 0.0000 	 1.6113 	 0.0907 
26.0000 	 1.4818 	 18.5904 	 12.3987 	 0.0000 	 1.6611 	 802.3771 	 26.0000 	 1.8042 	 8.9248 	 2.0538 	 0.0000 	 2.5285 	 0.0862 
21.0000 	 1.3058 	 19.2644 	 12.8495 	 0.0000 	 0.8429 	 801.0557 	 21.0000 	 2.1143 	 8.3387 	 7.1845 	 0.0000 	 1.0334 	 0.0953 
23.0000 	 1.3921 	 18.3527 	 12.4457 	 0.0000 	 1.2293 	 801.0858 	 23.0000 	 0.0897 	 5.3749 	 3.2685 	 0.0000 	 1.1210 	 0.0909 
32.0000 	 1.7451 	 18.9533 	 13.0468 	 0.0000 	 1.9294 	 803.3648 	 32.0000 	 1.5783 	 6.4316 	 9.4899 	 0.0000 	 0.3233 	 0.0679 
21.0000 	 1.3455 	 18.4947 	 12.8762 	 0.0000 	 2.2420 	 802.1550 	 21.0000 	 2.7985 	 0.8897 	 -5.4736 	 0.0000 	 2.6719 	 0.0747 
28.0000 	 1.6048 	 18.2203 	 12.7770 	 0.0000 	 1.8827 	 802.6460 	 28.0000 	 0.1942 	 4.6038 	 8.7411 	 0.0000 	 2.4619 	 0.0762 
29.0000 	 1.6493 	 19.5482 	 12.9648 	 0.0000 	 0.8011 	 802.3011 	 29.0000 	 1.0210 	 3.0258 	 3.7842 	 0.0000 	 1.7505 	 0.1393 
27.0000 	 1.5878 	 17.7966 	 12.6518 	 0.0000 	 1.8769 	 803.0036 	 27.0000 	 0.5848 	 6.7797 	 5.3920 	 0.0000 	 0.8341 	 0.0838 
24.0000 	 1.4294 	 18.6429 	 12.5009 	 0.0000 	 0.8441 	 801.0299 	 24.0000 	 1.9435 	 2.2440 	 -5.6689 	 0.0000 	 0.5963 	 0.0949 
27.0000 	 1.5708 	 18.6883 	 12.9058 	 0.0000 	 2.0050 	 802.6552 	 27.0000 	 0.5921 	 9.5525 	 -5.8100 	 0.0000 	 0.3636 	 0.0782 
24.0000 	 1.4385 	 19.2469 	 13.0317 	 0.0000 	 1.9079 	 802.5075 	 24.0000 	 2.0294 	 6.5244 	 8.9424 	 0.0000 	 1.6110 	 0.0662 
21.0000 	 1.3262 	 18.2030 	 12.6395 	 0.0000 	 1.8843 	 801.2826 	 21.0000 	 1.0859 	 4.1786 	 -9.9693 	 0.0000 	 2.1515 	 0.0879 
22.0000 	 1.3352 	 18.3520 	 12.2713 	 0.0000 	 0.7910 	 800.5890 	 22.0000 	 0.3963 	 4.3686 	 4.2364 	 0.0000 	 1.2038 	 0.1038 
21.0000 	 1.3395 	 20.1538 	 13.4399 	 0.0000 	 0.0004 	 801.2084 	 21.0000 	 0.4347 	 9.3918 	 3.4947 	 0.0000 	 0.2105 	 0.0880 
27.0000 	 1.5833 	 18.4901 	 12.9450 	 0.0000 	 2.1222 	 802.9342 	 27.0000 	 0.2655 	 7.8136 	 -6.9461 	 0.0000 	 2.3259 	 0.0646 
21.0000 	 1.2980 	 18.3821 	 12.4179 	 0.0000 	 0.0000 	 800.1999 	 21.0000 	 0.7417 	 2.7152 	 8.0399 	 0.0000 	 0.9978 	 0.1251 
24.0000 	 1.4034 	 17.9709 	 12.1027 	 0.0000 	 0.5981 	 800.7962 	 24.0000 	 1.8331 	 6.5223 	 -4.5622 	 0.0000 	 0.9507 	 0.1119 
23.0000 	 1.3981 	 18.9456 	 12.7776 	 0.0000 	 1.0708 	 801.0427 	 23.0000 	 0.2251 	 8.8243 	 6.9226 	 0.0000 	 1.3824 	 0.0818 
22.0000 	 1.3460 	 18.1957 	 12.2933 	 0.0000 	 0.0000 	 800.4080 	 22.0000 	 2.1845 	 6.6720 	 -6.0214 	 0.0000 	 1.7752 	 0.1127 
19.0000 	 1.2142 	 18.4161 	 12.1661 	 0.0000 	 0.1932 	 800.0027 	 19.0000 	 1.7071 	 5.7068 	 -3.0389 	 0.0000 	 2.6962 	 0.1491 
18.0000 	 1.1972 	 19.3375 	 12.9637 	 0.0000 	 0.0001 	 800.1121 	 18.0000 	 0.8197 	 7.3387 	 0.6082 	 0.0000 	 2.7524 	 0.1108 
17.0000 	 1.1523 	 18.0029 	 12.3853 	 0.0000 	 1.2667 	 797.2561 	 17.0000 	 1.9997 	 6.6753 	 -4.5442 	 0.0000 	 2.6969 	 0.6151 
16.0000 	 1.1060 	 19.4019 	 13.0682 	 0.0000 	 1.5329 	 800.3916 	 16.0000 	 1.7062 	 6.1180 	 -2.0881 	 0.0000 	 1.8900 	 0.0932 
16.0000 	 1.1251 	 19.0136 	 13.1625 	 0.0000 	 1.5477 	 800.3915 	 16.0000 	 2.3077 	 7.4269 	 7.6033 	 0.0000 	 1.2866 	 0.0924 
28.0000 	 1.5518 	 18.0742 	 12.4061 	 0.0000 	 1.9661 	 802.6985 	 28.0000 	 0.7854 	 1.0095 	 6.2349 	 0.0000 	 2.8069 	 0.1165 
26.0000 	 1.4997 	 18.7577 	 12.6099 	 0.0000 	 0.9550 	 801.3162 	 26.0000 	 0.8905 	 7.1858 	 -2.6658 	 0.0000 	 0.6522 	 0.1019 
22.0000 	 1.3733 	 18.7855 	 12.9594 	 0.0000 	 1.7787 	 801.6695 	 22.0000 	 2.5819 	 3.0930 	 -4.1527 	 0.0000 	 0.2202 	 0.0950 
23.0000 	 1.4109 	 19.0764 	 12.7660 	 0.0000 	 1.1320 	 801.1966 	 23.0000 	 2.5744 	 9.3256 	 3.8264 	 0.0000 	 2.6679 	 0.0863 
26.0000 	 1.4902 	 18.4839 	 12.3540 	 0.0000 	 0.6305 	 801.2505 	 26.0000 	 2.1418 	 3.9776 	 2.2090 	 0.0000 	 2.4965 	 0.0993 
23.0000 	 1.4090 	 18.4490 	 12.6455 	 0.0000 	 1.7478 	 801.5845 	 23.0000 	 0.2598 	 2.2956 	 -5.8917 	 0.0000 	 1.5262 	 0.0847 
22.0000 	 1.3637 	 18.7581 	 12.8216 	 0.0000 	 0.3141 	 800.6734 	 22.0000 	 1.8931 	 4.0974 	 2.1101 	 0.0000 	 2.9315 	 0.1370 
18.0000 	 1.1837 	 18.2933 	 12.4690 	 0.0000 	 1.7519 	 800.7318 	 18.0000 	 0.3773 	 5.5217 	 -0.4788 	 0.0000 	 0.1578 	 0.1117 
23.0000 	 1.3323 	 18.2205 	 11.9745 	 0.0000 	 1.2646 	 801.3301 	 23.0000 	 1.3848 	 9.9011 	 -2.4411 	 0.0000 	 0.6359 	 0.6247 
18.0000 	 1.1880 	 18.7921 	 12.6226 	 0.0000 	 0.0000 	 799.6055 	 18.0000 	 1.8412 	 7.5865 	 9.8704 	 0.0000 	 2.1733 	 0.1131 
14.0000 	 1.0067 	 19.3483 	 12.9322 	 0.0000 	 0.0000 	 799.1231 	 14.0000 	 2.6596 	 5.2348 	 -8.6901 	 0.0000 	 1.9439 	 0.0933 
19.0000 	 1.2177 	 18.1954 	 12.2525 	 0.0000 	 0.6457 	 799.8478 	 19.0000 	 1.2613 	 0.6852 	 -0.8374 	 0.0000 	 2.7345 	 0.1003 
16.0000 	 1.1262 	 19.8597 	 13.4655 	 0.0000 	 1.0987 	 800.2866 	 16.0000 	 0.8568 	 1.6994 	 -0.1374 	 0.0000 	 2.8787 	 0.0929 
17.0000 	 1.1290 	 18.2643 	 12.4162 	 0.0000 	 1.6796 	 800.5609 	 17.0000 	 1.1582 	 2.0137 	 -0.3229 	 0.0000 	 1.7756 	 0.0917 
24.0000 	 1.3780 	 18.2385 	 12.2144 	 0.0000 	 0.5471 	 801.0581 	 24.0000 	 2.4908 	 4.2690 	 -1.4035 	 0.0000 	 2.4624 	 0.1735 
14.0000 	 1.0219 	 19.1374 	 13.0111 	 0.0000 	 1.4692 	 799.7668 	 14.0000 	 1.2339 	 9.2542 	 -3.7930 	 0.0000 	 2.8550 	 0.1310 
23.0000 	 1.3912 	 18.7767 	 12.5984 	 0.0000 	 1.0497 	 800.9147 	 23.0000 	 1.8728 	 9.6689 	 4.8575 	 0.0000 	 0.5836 	 0.0863 
19.0000 	 1.2349 	 18.9895 	 12.7913 	 0.0000 	 0.9744 	 800.1808 	 19.0000 	 1.2077 	 3.8530 	 -5.2999 	 0.0000 	 2.6204 	 0.1029 
19.0000 	 1.3091 	 19.3562 	 13.6261 	 0.0000 	 1.7656 	 801.9204 	 19.0000 	 1.6433 	 9.1213 	 -5.3027 	 0.0000 	 2.1028 	 0.0778 
22.0000 	 1.4142 	 21.7094 	 14.3106 	 0.0000 	 0.6470 	 804.0942 	 22.0000 	 0.5205 	 4.2670 	 1.9113 	 0.0000 	 2.7380 	 0.1334 
12.0000 	 0.9273 	 19.6234 	 13.5252 	 0.0000 	 1.7666 	 799.9167 	 12.0000 	 2.7192 	 8.0787 	 6.3701 	 0.0000 	 2.3125 	 0.0981 
23.0000 	 1.3736 	 18.2889 	 12.2381 	 0.0000 	 0.0000 	 800.4504 	 23.0000 	 0.8611 	 3.5166 	 -0.0304 	 0.0000 	 1.9609 	 0.1079 
14.0000 	 1.0165 	 18.6117 	 12.8567 	 0.0000 	 1.3018 	 799.7716 	 14.0000 	 0.2246 	 2.4979 	 -7.3817 	 0.0000 	 0.3107 	 0.1152 
12.0000 	 0.9041 	 19.1195 	 12.9651 	 0.0000 	 0.0000 	 798.4496 	 12.0000 	 0.6329 	 1.2412 	 8.4493 	 0.0000 	 2.5526 	 0.1076 
13.0000 	 0.9568 	 19.0269 	 12.9035 	 0.0000 	 0.7730 	 799.0225 	 13.0000 	 0.0822 	 7.1181 	 6.9459 	 0.0000 	 2.1583 	 0.0987 
21.0000 	 1.2595 	 18.4814 	 11.9629 	 0.0000 	 0.6079 	 800.9872 	 21.0000 	 2.9994 	 8.1975 	 7.1760 	 0.0000 	 2.4516 	 0.0888 
16.0000 	 1.1356 	 19.1995 	 13.3255 	 0.0000 	 1.5044 	 800.4458 	 16.0000 	 0.2848 	 0.4608 	 6.2474 	 0.0000 	 1.3178 	 0.0903 
17.0000 	 1.1494 	 18.1498 	 12.6811 	 0.0000 	 1.8252 	 800.5629 	 17.0000 	 0.8295 	 5.4424 	 -1.7153 	 0.0000 	 2.9125 	 0.0928 
18.0000 	 1.1788 	 18.6224 	 12.5811 	 0.0000 	 1.5048 	 800.7946 	 18.0000 	 0.9018 	 4.4973 	 3.4681 	 0.0000 	 1.9570 	 0.1034 
21.0000 	 1.3388 	 17.7650 	 12.6546 	 0.0000 	 1.6603 	 801.9389 	 21.0000 	 2.4441 	 5.9339 	 2.9047 	 0.0000 	 2.4494 	 0.0699 
22.0000 	 1.3911 	 19.7637 	 13.3455 	 0.0000 	 0.8626 	 801.4164 	 22.0000 	 2.2859 	 8.8108 	 -4.0126 	 0.0000 	 0.2042 	 0.0960 
11.0000 	 0.8212 	 18.2719 	 12.4330 	 0.0000 	 0.0000 	 798.3773 	 11.0000 	 0.2581 	 2.4919 	 -5.0856 	 0.0000 	 1.5981 	 0.1264 
24.0000 	 1.4313 	 18.9126 	 12.7002 	 0.0000 	 0.6346 	 801.2299 	 24.0000 	 0.7005 	 2.6969 	 1.6778 	 0.0000 	 2.9010 	 0.0940 
18.0000 	 1.1437 	 17.4907 	 12.0551 	 0.0000 	 2.4583 	 802.0175 	 18.0000 	 2.5277 	 3.2644 	 3.1254 	 0.0000 	 2.9074 	 0.0976 
18.0000 	 1.1990 	 19.0033 	 12.8454 	 0.0000 	 1.0943 	 800.0357 	 18.0000 	 2.2003 	 4.2710 	 -4.8401 	 0.0000 	 2.0775 	 0.0903 
19.0000 	 1.2668 	 19.5939 	 13.4271 	 0.0000 	 1.7402 	 801.4359 	 19.0000 	 1.1899 	 2.2254 	 4.9124 	 0.0000 	 2.9246 	 0.0813 
13.0000 	 0.9997 	 19.0474 	 13.5253 	 0.0000 	 2.6908 	 802.1539 	 13.0000 	 0.8286 	 7.1703 	 -4.7012 	 0.0000 	 0.8843 	 0.1096 
11.0000 	 0.8611 	 19.1027 	 13.3230 	 0.0000 	 2.0015 	 800.0453 	 11.0000 	 1.9871 	 6.5464 	 -2.2541 	 0.0000 	 1.6929 	 0.0772 
22.0000 	 1.3929 	 19.9557 	 13.2559 	 0.0000 	 0.6951 	 801.6737 	 22.0000 	 1.0265 	 5.7798 	 9.0859 	 0.0000 	 2.1772 	 0.0960 
12.0000 	 0.8637 	 17.8381 	 12.3242 	 0.0000 	 0.0000 	 798.3883 	 12.0000 	 1.1367 	 2.9346 	 4.3982 	 0.0000 	 0.4009 	 0.6880 
14.0000 	 1.0172 	 18.0226 	 12.7097 	 0.0000 	 1.9803 	 800.0576 	 14.0000 	 1.2160 	 8.5008 	 -6.3026 	 0.0000 	 1.9775 	 0.0948 
21.0000 	 1.2651 	 18.9260 	 12.2096 	 0.0000 	 0.3672 	 801.5294 	 21.0000 	 2.3833 	 6.8586 	 -9.1218 	 0.0000 	 0.7717 	 0.1058 
13.0000 	 0.9368 	 17.8981 	 12.3615 	 0.0000 	 0.3512 	 798.7821 	 13.0000 	 2.0109 	 2.9288 	 9.0111 	 0.0000 	 2.0990 	 0.1396 
21.0000 	 1.2595 	 17.4194 	 11.6528 	 0.0000 	 0.0941 	 800.2908 	 21.0000 	 0.9464 	 7.6855 	 -9.9418 	 0.0000 	 0.9745 	 0.1138 
8.0000 	 0.6824 	 20.1428 	 14.1680 	 0.0000 	 1.6251 	 799.7193 	 8.0000 	 2.6005 	 2.9053 	 9.9380 	 0.0000 	 1.5894 	 0.0883 
8.0000 	 0.6297 	 15.4211 	 11.7335 	 0.0000 	 3.7223 	 804.7960 	 8.0000 	 1.2880 	 7.3464 	 -2.3977 	 0.0000 	 2.3510 	 0.0551 
9.0000 	 0.7190 	 19.0222 	 13.0828 	 0.0000 	 1.3910 	 799.1569 	 9.0000 	 2.1156 	 8.6221 	 -6.7130 	 0.0000 	 1.0905 	 0.0812 
16.0000 	 1.1055 	 19.4125 	 13.0706 	 0.0000 	 1.0640 	 799.8011 	 16.0000 	 1.1215 	 4.9819 	 2.9282 	 0.0000 	 0.3690 	 0.1019 
18.0000 	 1.1678 	 17.8803 	 12.0659 	 0.0000 	 0.4698 	 799.8188 	 18.0000 	 1.8753 	 5.0159 	 3.4707 	 0.0000 	 1.4028 	 0.1124 
12.0000 	 0.9352 	 20.3353 	 13.8832 	 0.0000 	 0.1052 	 799.5190 	 12.0000 	 2.7808 	 9.1738 	 7.8209 	 0.0000 	 2.9182 	 0.1283 
17.0000 	 1.1537 	 19.1289 	 12.9454 	 0.0000 	 0.9959 	 800.0336 	 17.0000 	 1.3431 	 2.2512 	 0.2661 	 0.0000 	 0.8025 	 0.1142 
11.0000 	 0.8072 	 16.2541 	 11.7624 	 0.0000 	 3.2346 	 803.3045 	 11.0000 	 0.1723 	 8.8827 	 -6.9193 	 0.0000 	 0.5741 	 0.0586 
17.0000 	 1.1527 	 19.1078 	 12.8764 	 0.0000 	 1.0966 	 799.9659 	 17.0000 	 1.7939 	 6.4662 	 1.5178 	 0.0000 	 1.6768 	 0.0988 
17.0000 	 1.0108 	 12.7829 	 10.2558 	 0.0000 	 4.4482 	 811.8720 	 17.0000 	 1.8925 	 6.0383 	 5.9299 	 0.0000 	 2.8706 	 0.0556 
13.0000 	 0.9478 	 19.0372 	 12.9689 	 0.0000 	 0.7402 	 799.3792 	 13.0000 	 0.8896 	 9.5990 	 9.3535 	 0.0000 	 0.3932 	 0.1387 
22.0000 	 1.3466 	 17.5132 	 12.2573 	 0.0000 	 2.4436 	 802.3567 	 22.0000 	 1.7991 	 5.1860 	 1.2472 	 0.0000 	 0.9504 	 0.0736 
19.0000 	 1.2381 	 16.7280 	 12.1467 	 0.0000 	 2.6702 	 802.6531 	 19.0000 	 0.9469 	 2.1219 	 -0.8888 	 0.0000 	 2.1977 	 0.0662 
19.0000 	 1.1911 	 17.9516 	 11.9982 	 0.0000 	 0.2984 	 799.8125 	 19.0000 	 1.8642 	 6.1020 	 4.7389 	 0.0000 	 0.3963 	 0.1376 
9.0000 	 0.7518 	 19.2275 	 13.6232 	 0.0000 	 1.9918 	 800.0544 	 9.0000 	 0.4255 	 7.3907 	 5.8146 	 0.0000 	 0.5845 	 0.0853 
14.0000 	 1.0089 	 18.9051 	 12.7938 	 0.0000 	 0.6069 	 798.9416 	 14.0000 	 1.2155 	 0.5044 	 -5.1795 	 0.0000 	 2.0220 	 0.1117 
11.0000 	 0.8546 	 19.3260 	 13.2177 	 0.0000 	 0.7012 	 798.6576 	 11.0000 	 0.2022 	 5.1686 	 9.8019 	 0.0000 	 2.1741 	 0.1109 
16.0000 	 1.0782 	 19.5044 	 12.7100 	 0.0000 	 0.7892 	 800.3559 	 16.0000 	 0.1562 	 9.7584 	 -9.9829 	 0.0000 	 2.1470 	 0.1502 
17.0000 	 1.1741 	 18.6975 	 13.0654 	 0.0000 	 1.8290 	 800.6581 	 17.0000 	 2.6244 	 4.6001 	 6.5900 	 0.0000 	 1.8146 	 0.0893 
13.0000 	 0.9538 	 18.5584 	 12.6677 	 0.0000 	 0.4038 	 798.5585 	 13.0000 	 1.9304 	 2.3615 	 1.7367 	 0.0000 	 0.8144 	 0.1612 
16.0000 	 1.0984 	 18.9481 	 12.7406 	 0.0000 	 1.0123 	 799.5119 	 16.0000 	 0.8947 	 0.5053 	 1.6648 	 0.0000 	 0.6461 	 0.1062 
9.0000 	 0.6858 	 15.5456 	 11.4853 	 0.0000 	 2.9020 	 802.5331 	 9.0000 	 1.9901 	 4.4042 	 -8.5563 	 0.0000 	 2.6533 	 0.0876 
8.0000 	 0.6670 	 20.1621 	 13.6503 	 0.0000 	 0.0105 	 798.4701 	 8.0000 	 1.5858 	 9.0353 	 2.6318 	 0.0000 	 2.9087 	 0.1023 
13.0000 	 0.9702 	 19.8054 	 13.3414 	 0.0000 	 1.0884 	 799.7431 	 13.0000 	 1.7455 	 1.5210 	 -3.9199 	 0.0000 	 0.0117 	 0.0749 
6.0000 	 0.4580 	 10.8836 	 10.0030 	 0.0000 	 4.0832 	 806.3024 	 6.0000 	 1.1440 	 7.3267 	 9.5146 	 0.0000 	 1.8634 	 0.0505 
8.0000 	 0.6454 	 19.5426 	 13.0888 	 0.0000 	 0.6697 	 798.8404 	 8.0000 	 0.5147 	 9.7162 	 -2.5338 	 0.0000 	 1.1278 	 0.1005 
18.0000 	 1.1443 	 17.2902 	 11.7195 	 0.0000 	 0.4977 	 800.1112 	 18.0000 	 2.2585 	 4.0319 	 6.5012 	 0.0000 	 0.4165 	 0.1152 
18.0000 	 1.1920 	 18.9462 	 12.7186 	 0.0000 	 0.0003 	 799.7525 	 18.0000 	 2.6189 	 5.2793 	 2.7545 	 0.0000 	 1.8606 	 0.1311 
14.0000 	 1.0185 	 19.0575 	 13.0031 	 0.0000 	 0.0008 	 798.9143 	 14.0000 	 2.2018 	 3.4709 	 6.2773 	 0.0000 	 2.0716 	 0.1100 
12.0000 	 0.9060 	 17.0380 	 12.3961 	 0.0000 	 2.8922 	 801.8236 	 12.0000 	 0.2868 	 8.2383 	 6.2596 	 0.0000 	 1.6883 	 0.1057 
13.0000 	 0.9350 	 18.6224 	 12.4854 	 0.0000 	 0.0000 	 798.4370 	 13.0000 	 1.3248 	 4.4542 	 -7.3015 	 0.0000 	 1.7829 	 0.1184 
9.0000 	 0.7388 	 19.9379 	 13.6768 	 0.0000 	 0.6105 	 798.4825 	 9.0000 	 1.3575 	 9.3033 	 9.1630 	 0.0000 	 0.7865 	 0.1006 
13.0000 	 0.9792 	 19.2173 	 13.3267 	 0.0000 	 1.3192 	 799.5188 	 13.0000 	 1.4386 	 0.0992 	 5.4693 	 0.0000 	 1.0073 	 0.1466 
6.0000 	 0.4690 	 19.1861 	 12.9259 	 0.0000 	 0.5594 	 800.1838 	 6.0000 	 1.0564 	 0.8180 	 -2.1432 	 0.0000 	 0.2588 	 0.1164 
19.0000 	 1.2239 	 16.4545 	 11.7568 	 0.0000 	 2.3129 	 802.4145 	 19.0000 	 1.6432 	 4.8194 	 -8.3853 	 0.0000 	 0.5911 	 0.0657 
14.0000 	 1.0047 	 18.8041 	 12.8033 	 0.0000 	 1.8247 	 800.1884 	 14.0000 	 0.6176 	 5.6111 	 6.0637 	 0.0000 	 1.1616 	 0.0760 
12.0000 	 0.8688 	 19.1895 	 12.8320 	 0.0000 	 0.0000 	 798.0093 	 12.0000 	 2.4466 	 5.2207 	 6.2534 	 0.0000 	 1.3678 	 0.1689 
16.0000 	 1.1050 	 17.9480 	 12.6191 	 0.0000 	 2.5252 	 801.6337 	 16.0000 	 0.1343 	 2.0749 	 -9.0448 	 0.0000 	 2.9306 	 0.0811 
16.0000 	 1.1233 	 19.4083 	 13.2341 	 0.0000 	 1.6715 	 800.6602 	 16.0000 	 2.7155 	 7.1823 	 -6.0645 	 0.0000 	 0.4475 	 0.0751 
11.0000 	 0.8660 	 20.4111 	 13.7670 	 0.0000 	 0.9483 	 799.3256 	 11.0000 	 2.8578 	 9.4133 	 2.1106 	 0.0000 	 1.8896 	 0.0917 
16.0000 	 1.1044 	 18.9461 	 12.8425 	 0.0000 	 1.0714 	 799.6093 	 16.0000 	 2.7530 	 5.8789 	 2.1622 	 0.0000 	 2.3454 	 0.1178 
9.0000 	 0.7210 	 18.1878 	 12.8142 	 0.0000 	 2.1774 	 800.1347 	 9.0000 	 2.1512 	 8.2403 	 -6.0621 	 0.0000 	 0.1624 	 0.0777 
9.0000 	 0.7140 	 19.8350 	 13.2569 	 0.0000 	 0.7011 	 798.9024 	 9.0000 	 0.4405 	 5.1249 	 5.3944 	 0.0000 	 1.4158 	 0.0903 
6.0000 	 0.4819 	 16.3833 	 12.0998 	 0.0000 	 2.7503 	 802.6926 	 6.0000 	 2.1780 	 3.0895 	 -3.1980 	 0.0000 	 0.8179 	 0.1176 
12.0000 	 0.8790 	 18.0029 	 12.2266 	 0.0000 	 0.1274 	 798.4722 	 12.0000 	 1.9228 	 9.5914 	 -4.5241 	 0.0000 	 0.3907 	 0.1285 
18.0000 	 1.1927 	 18.5858 	 12.7069 	 0.0000 	 1.1087 	 799.9055 	 18.0000 	 2.1822 	 5.7274 	 8.3985 	 0.0000 	 0.2854 	 0.1205 
9.0000 	 0.7189 	 19.8358 	 13.3905 	 0.0000 	 0.0000 	 798.1718 	 9.0000 	 2.4708 	 4.9058 	 5.1035 	 0.0000 	 2.6262 	 0.1128 
11.0000 	 0.8803 	 20.2013 	 13.9128 	 0.0000 	 1.7632 	 800.0956 	 11.0000 	 1.2680 	 5.6090 	 4.9208 	 0.0000 	 1.7659 	 0.1119 
8.0000 	 0.6470 	 19.6107 	 13.3203 	 0.0000 	 1.4155 	 799.3227 	 8.0000 	 1.3178 	 3.1293 	 -8.4693 	 0.0000 	 0.5800 	 0.0772 
9.0000 	 0.7513 	 19.9937 	 13.9008 	 0.0000 	 1.1580 	 799.3035 	 9.0000 	 1.2519 	 3.4207 	 6.7655 	 0.0000 	 0.9303 	 0.0976 
11.0000 	 0.8532 	 18.5062 	 12.9021 	 0.0000 	 2.2794 	 800.4712 	 11.0000 	 2.1140 	 1.7266 	 2.7380 	 0.0000 	 2.1020 	 0.0890 
14.0000 	 0.9834 	 18.4639 	 12.4488 	 0.0000 	 0.8403 	 799.0789 	 14.0000 	 0.5473 	 1.9539 	 7.9578 	 0.0000 	 1.3025 	 0.1010 
14.0000 	 1.0104 	 19.1399 	 12.9239 	 0.0000 	 1.2856 	 799.6532 	 14.0000 	 0.6265 	 7.0994 	 9.3102 	 0.0000 	 0.9015 	 0.0817 
14.0000 	 0.9798 	 15.3434 	 11.5149 	 0.0000 	 3.3888 	 804.2231 	 14.0000 	 2.8742 	 1.5542 	 6.6634 	 0.0000 	 2.6362 	 0.0549 
8.0000 	 0.6730 	 20.6401 	 14.1300 	 0.0000 	 0.2771 	 798.6415 	 8.0000 	 0.9030 	 4.4175 	 3.8815 	 0.0000 	 2.4780 	 0.1145 
8.0000 	 0.6522 	 19.5927 	 13.3232 	 0.0000 	 0.8050 	 798.8316 	 8.0000 	 1.3347 	 7.8686 	 -6.2636 	 0.0000 	 0.9484 	 0.0884 
6.0000 	 0.5274 	 19.8622 	 14.1288 	 0.0000 	 2.1198 	 800.5695 	 6.0000 	 2.9932 	 6.5856 	 -2.8903 	 0.0000 	 2.3336 	 0.0894 
17.0000 	 1.1442 	 18.5977 	 12.5281 	 0.0000 	 0.2475 	 799.1647 	 17.0000 	 1.2769 	 7.4494 	 -2.6618 	 0.0000 	 0.3127 	 0.1762 
6.0000 	 0.5176 	 21.3486 	 14.5395 	 0.0000 	 1.0782 	 799.2879 	 6.0000 	 1.6268 	 2.8882 	 -7.1616 	 0.0000 	 2.8107 	 0.0912 
6.0000 	 0.5335 	 20.3583 	 14.4085 	 0.0000 	 1.4819 	 800.3002 	 6.0000 	 1.0978 	 4.3461 	 1.7106 	 0.0000 	 1.3274 	 0.0857 
12.0000 	 0.8966 	 19.3435 	 13.0170 	 0.0000 	 0.3658 	 798.7762 	 12.0000 	 2.3339 	 8.2093 	 -6.2960 	 0.0000 	 1.8771 	 0.1265 
12.0000 	 0.8346 	 12.6655 	 10.3221 	 0.0000 	 3.7712 	 806.2950 	 12.0000 	 1.2297 	 4.2548 	 1.1828 	 0.0000 	 1.9962 	 0.0614 
6.0000 	 0.4399 	 10.0034 	 9.5039 	 0.0000 	 4.1025 	 806.7432 	 6.0000 	 0.4425 	 1.1528 	 -9.7247 	 0.0000 	 2.1607 	 0.0707 
12.0000 	 0.8797 	 19.5154 	 12.9993 	 0.0000 	 0.9347 	 799.1169 	 12.0000 	 2.5487 	 0.0133 	 -2.0326 	 0.0000 	 2.3291 	 0.2322 
11.0000 	 0.8201 	 19.6881 	 12.9248 	 0.0000 	 0.0553 	 799.0744 	 11.0000 	 0.7187 	 7.9384 	 7.0699 	 0.0000 	 2.3364 	 0.1269 
11.0000 	 0.7641 	 15.0995 	 10.7506 	 0.0000 	 3.8034 	 806.7570 	 11.0000 	 2.3384 	 1.7241 	 -9.6458 	 0.0000 	 2.7490 	 0.0617 
13.0000 	 0.9429 	 18.4972 	 12.5690 	 0.0000 	 0.4806 	 798.7535 	 13.0000 	 1.4120 	 0.5930 	 6.5580 	 0.0000 	 1.0561 	 0.1054 
11.0000 	 0.8861 	 19.5267 	 13.7261 	 0.0000 	 1.4773 	 799.8687 	 11.0000 	 1.9253 	 8.1787 	 -2.1126 	 0.0000 	 1.0123 	 0.0997 
8.0000 	 0.6201 	 14.0976 	 11.1085 	 0.0000 	 3.4674 	 804.3429 	 8.0000 	 2.0364 	 0.6823 	 -8.2851 	 0.0000 	 1.3779 	 0.0691 
13.0000 	 0.9717 	 19.8535 	 13.3666 	 0.0000 	 0.5711 	 799.2815 	 13.0000 	 1.7481 	 7.2711 	 -6.0007 	 0.0000 	 2.0275 	 0.1216 
8.0000 	 0.6484 	 19.9633 	 13.4818 	 0.0000 	 1.3255 	 799.4231 	 8.0000 	 0.3573 	 2.1094 	 5.7908 	 0.0000 	 2.5716 	 0.1066 
8.0000 	 0.6586 	 17.3507 	 12.6903 	 0.0000 	 2.2867 	 800.8271 	 8.0000 	 0.6551 	 1.8198 	 -2.7011 	 0.0000 	 1.3825 	 0.0667 
6.0000 	 0.4439 	 8.5726 	 9.1674 	 0.0000 	 4.6733 	 807.8181 	 6.0000 	 0.8641 	 3.8247 	 -6.0616 	 0.0000 	 1.9301 	 0.0403 
6.0000 	 0.4579 	 11.5622 	 10.1938 	 0.0000 	 3.8945 	 805.9855 	 6.0000 	 2.1902 	 9.7596 	 -7.7713 	 0.0000 	 0.7217 	 0.0626 
9.0000 	 0.7300 	 20.0277 	 13.6109 	 0.0000 	 0.0360 	 798.1721 	 9.0000 	 0.1270 	 8.8940 	 2.4478 	 0.0000 	 2.0791 	 0.0871 
9.0000 	 0.6894 	 18.9784 	 12.7213 	 0.0000 	 0.6307 	 798.9747 	 9.0000 	 0.4216 	 7.2438 	 -2.4754 	 0.0000 	 1.1966 	 0.1129 
6.0000 	 0.5206 	 18.1483 	 13.2079 	 0.0000 	 3.1460 	 803.5633 	 6.0000 	 0.1183 	 3.8200 	 8.8772 	 0.0000 	 0.3370 	 0.0540 
65.0000 	 0.0010 	 25.7959 	 7.5391 	 0.0000 	 6.2871 	 1033.5229 	 65.0000 	 0.4113 	 7.2340 	 -2.6966 	 0.0000 	 1.1366 	 0.0932 
                                                                                                                                    65.0000 	 2.4553 	 17.4500 	 11.4038 	 0.0000 	 0.0000 	 804.9172 	 65.0000 	 1.4297 	 0.6559 	 -0.8012 	 0.0000 	 2.8045 	 0.1120 
65.0000 	 2.5706 	 19.2883 	 12.7789 	 0.0000 	 0.0000 	 805.1062 	 65.0000 	 1.4297 	 0.6559 	 -0.8012 	 0.0000 	 2.8045 	 0.1534 
65.0000 	 2.5298 	 18.6924 	 12.4338 	 0.0000 	 1.4029 	 805.2014 	 65.0000 	 1.4641 	 2.5388 	 -6.6027 	 0.0000 	 1.1567 	 0.0660 
65.0000 	 2.5022 	 18.4475 	 12.1408 	 0.0000 	 0.0042 	 804.4963 	 65.0000 	 1.4297 	 0.6559 	 -0.8012 	 0.0000 	 2.8045 	 0.0902 
64.0000 	 2.5049 	 18.4834 	 12.3577 	 0.0000 	 0.7776 	 804.7648 	 64.0000 	 2.4445 	 9.0317 	 -5.5638 	 0.0000 	 0.1856 	 0.0669 
                                                                                                                                                                                                                                                                                                                                                                                                            65.0000 	 2.5344 	 18.7304 	 12.5052 	 0.0000 	 0.6433 	 804.9027 	 65.0000 	 0.6572 	 0.8227 	 -6.9691 	 0.0000 	 0.1130 	 0.0824 
63.0000 	 0.0079 	 15.3025 	 7.4380 	 0.0000 	 5.6845 	 1034.2259 	 63.0000 	 1.7700 	 0.4088 	 2.0567 	 0.0000 	 2.1432 	 0.0000 
                                                                                                                                                                                                                                                                         64.0000 	 2.5072 	 18.9717 	 12.4475 	 0.0000 	 0.1801 	 804.7921 	 64.0000 	 2.9390 	 3.0022 	 -8.3422 	 0.0000 	 1.4257 	 0.0766 
64.0000 	 2.5429 	 18.6478 	 12.6392 	 0.0000 	 1.1409 	 805.0030 	 64.0000 	 0.8497 	 5.4705 	 -9.2982 	 0.0000 	 0.6220 	 0.0924 
64.0000 	 2.5488 	 19.7305 	 13.0444 	 0.0000 	 1.5027 	 805.9727 	 64.0000 	 1.8563 	 8.0939 	 4.5819 	 0.0000 	 0.3194 	 0.0798 
64.0000 	 2.4837 	 17.9391 	 12.1504 	 0.0000 	 0.8863 	 804.6345 	 64.0000 	 0.5137 	 6.9465 	 1.7250 	 0.0000 	 0.6468 	 0.0800 
64.0000 	 2.5210 	 19.3506 	 12.8027 	 0.0000 	 1.3392 	 805.4249 	 64.0000 	 1.4533 	 7.1249 	 -9.4829 	 0.0000 	 2.7912 	 0.1293 
64.0000 	 2.5928 	 18.6289 	 12.8999 	 0.0000 	 1.9402 	 805.7372 	 64.0000 	 2.4367 	 0.1460 	 5.1855 	 0.0000 	 0.0363 	 0.0538 
63.0000 	 2.5423 	 18.7495 	 12.8738 	 0.0000 	 1.2546 	 805.4252 	 63.0000 	 1.0758 	 9.2413 	 -6.1163 	 0.0000 	 2.1514 	 0.0684 
63.0000 	 0.0043 	 11.0822 	 7.4352 	 0.0000 	 5.6788 	 1034.2260 	 63.0000 	 0.6603 	 3.7176 	 9.8838 	 0.0000 	 0.8720 	 0.0000 
63.0000 	 2.4368 	 18.0318 	 11.9420 	 0.0000 	 0.0000 	 804.4127 	 63.0000 	 1.5161 	 7.0247 	 -1.3976 	 0.0000 	 0.5290 	 0.0984 
64.0000 	 2.4939 	 18.7724 	 12.5247 	 0.0000 	 1.9195 	 805.7939 	 64.0000 	 1.7031 	 7.0841 	 -6.9261 	 0.0000 	 0.3875 	 0.0574 
                                                                                                                                                                                                                                                                         62.0000 	 2.4782 	 18.2372 	 12.5221 	 0.0000 	 2.0383 	 805.5549 	 62.0000 	 1.0880 	 4.2973 	 -8.9149 	 0.0000 	 1.0168 	 0.0727 
                                                                                                                                     62.0000 	 2.5068 	 19.0456 	 12.7217 	 0.0000 	 0.4537 	 804.9416 	 62.0000 	 0.1668 	 0.9311 	 -4.8967 	 0.0000 	 1.6638 	 0.0679 
61.0000 	 2.3961 	 17.7014 	 11.9482 	 0.0000 	 1.6827 	 804.9492 	 61.0000 	 0.1024 	 8.2827 	 -9.3722 	 0.0000 	 1.0144 	 0.2015 
                                                                                                                                     62.0000 	 2.4603 	 18.2276 	 12.3883 	 0.0000 	 1.6265 	 804.9392 	 62.0000 	 0.3571 	 0.1397 	 5.4637 	 0.0000 	 1.3592 	 0.1156 
63.0000 	 2.5156 	 19.3344 	 12.8249 	 0.0000 	 1.0572 	 805.0732 	 63.0000 	 0.3199 	 0.8760 	 -9.8824 	 0.0000 	 1.3999 	 0.0732 
                                                                                                                                    62.0000 	 2.4183 	 17.9019 	 11.8716 	 0.0000 	 0.2191 	 804.4245 	 62.0000 	 2.5959 	 9.3798 	 7.6235 	 0.0000 	 2.3610 	 0.0723 
63.0000 	 2.5380 	 18.9315 	 12.8172 	 0.0000 	 0.8856 	 804.8656 	 63.0000 	 2.9040 	 8.3680 	 1.0278 	 0.0000 	 0.3002 	 0.0786 
                                                                                                                                    62.0000 	 2.4867 	 17.8271 	 11.9141 	 0.0000 	 0.0000 	 803.8870 	 62.0000 	 2.0979 	 2.9308 	 2.7176 	 0.0000 	 0.5090 	 0.1350 
                                                                                                                                     60.0000 	 0.0013 	 5.4111 	 7.4451 	 0.0000 	 5.6838 	 1034.2261 	 60.0000 	 2.3151 	 1.2016 	 9.6129 	 0.0000 	 0.3078 	 0.0000 
61.0000 	 2.4577 	 18.4961 	 12.2461 	 0.0000 	 0.0850 	 803.7907 	 61.0000 	 2.5151 	 9.3104 	 -0.5429 	 0.0000 	 2.6262 	 0.1341 
62.0000 	 2.3972 	 18.0554 	 11.7810 	 0.0000 	 0.0000 	 804.2030 	 62.0000 	 0.6327 	 8.1314 	 -6.4674 	 0.0000 	 0.4963 	 0.0835 
62.0000 	 2.4364 	 18.1713 	 12.1300 	 0.0000 	 1.0133 	 804.7322 	 62.0000 	 1.4482 	 5.7855 	 -8.3512 	 0.0000 	 1.7225 	 0.0838 
61.0000 	 2.3829 	 17.8019 	 11.8308 	 0.0000 	 0.6004 	 804.6423 	 61.0000 	 2.9042 	 8.5041 	 -1.7866 	 0.0000 	 0.1193 	 0.0895 
62.0000 	 2.4251 	 17.2942 	 11.9104 	 0.0000 	 2.0670 	 805.8869 	 62.0000 	 1.7784 	 8.4999 	 -5.5101 	 0.0000 	 2.8369 	 0.0630 
61.0000 	 2.4251 	 18.0654 	 12.2237 	 0.0000 	 1.7900 	 805.2597 	 61.0000 	 0.9387 	 4.4895 	 6.6079 	 0.0000 	 2.3472 	 0.0830 
60.0000 	 2.4361 	 19.5256 	 12.7828 	 0.0000 	 0.7973 	 805.1687 	 60.0000 	 2.2326 	 8.2649 	 1.5861 	 0.0000 	 1.5851 	 0.0634 
60.0000 	 2.4692 	 18.4783 	 12.6970 	 0.0000 	 1.7595 	 805.1351 	 60.0000 	 0.4992 	 7.0395 	 0.8866 	 0.0000 	 2.9948 	 0.0630 
60.0000 	 2.3843 	 18.3812 	 11.8773 	 0.0000 	 0.0756 	 804.7744 	 60.0000 	 2.8923 	 8.2916 	 -6.5400 	 0.0000 	 0.5750 	 0.1606 
                                                                                                                                    62.0000 	 2.4728 	 17.7989 	 12.2922 	 0.0000 	 1.6805 	 805.3792 	 62.0000 	 1.0311 	 3.8378 	 7.1903 	 0.0000 	 2.1433 	 0.0600 
59.0000 	 2.4447 	 19.0230 	 12.7989 	 0.0000 	 0.8503 	 804.7450 	 59.0000 	 1.7589 	 3.1050 	 2.0984 	 0.0000 	 1.9394 	 0.0677 
                                                                                                                                    61.0000 	 2.4513 	 18.6947 	 12.5377 	 0.0000 	 1.3299 	 805.0989 	 61.0000 	 0.4861 	 8.8559 	 5.1626 	 0.0000 	 1.3636 	 0.0632 
60.0000 	 0.0016 	 0.8704 	 7.4373 	 0.0000 	 5.6834 	 1034.2259 	 60.0000 	 0.6536 	 5.1611 	 6.1894 	 0.0000 	 0.3581 	 0.0000 
61.0000 	 2.3867 	 18.7500 	 12.2437 	 0.0000 	 0.6584 	 804.5240 	 61.0000 	 0.6328 	 9.3995 	 -2.6181 	 0.0000 	 1.4736 	 0.1441 
59.0000 	 0.0010 	 25.9765 	 7.4372 	 0.0000 	 5.6860 	 1034.2259 	 59.0000 	 0.9856 	 8.4353 	 5.9770 	 0.0000 	 2.0661 	 0.0000 
                                                                                                                                     60.0000 	 2.4540 	 17.2472 	 12.3420 	 0.0000 	 3.0281 	 807.8591 	 60.0000 	 0.5911 	 9.4893 	 -6.9558 	 0.0000 	 0.7269 	 0.0822 
60.0000 	 2.4129 	 18.5459 	 12.3837 	 0.0000 	 0.0360 	 804.4146 	 60.0000 	 1.8866 	 9.8181 	 4.9167 	 0.0000 	 2.8590 	 0.0809 
59.0000 	 2.4306 	 18.9997 	 12.7530 	 0.0000 	 1.4546 	 805.1573 	 59.0000 	 2.9484 	 1.4339 	 -8.7344 	 0.0000 	 2.5265 	 0.1253 
59.0000 	 2.4211 	 18.7333 	 12.5880 	 0.0000 	 1.6134 	 805.0287 	 59.0000 	 1.8495 	 6.3617 	 3.8547 	 0.0000 	 1.5787 	 0.0760 
60.0000 	 2.4151 	 18.3345 	 12.4327 	 0.0000 	 1.9986 	 805.4451 	 60.0000 	 0.8113 	 6.5064 	 -0.6817 	 0.0000 	 1.1745 	 0.0593 
59.0000 	 2.3873 	 19.4723 	 12.6757 	 0.0000 	 0.2266 	 805.2358 	 59.0000 	 1.2382 	 5.4738 	 -7.3957 	 0.0000 	 2.1633 	 0.1737 
