40.0000 	 3.1658 	 9.9679 	 0.0000 	 4.8554 	 930.3662 	 40.0000 	 0.6568 	 0.2200 	 0.0000 	 2.7591 	 0.0415 
50.0000 	 5.9118 	 0.0019 	 0.0000 	 5.6671 	 942.5762 	 50.0000 	 0.9932 	 2.4178 	 0.0000 	 0.4376 	 0.0017 
40.0000 	 0.3659 	 0.0369 	 0.0000 	 4.5153 	 878.9486 	 40.0000 	 2.7967 	 0.9167 	 0.0000 	 0.6256 	 0.0025 
50.0000 	 1.8767 	 2.8401 	 0.0000 	 4.1133 	 898.2229 	 50.0000 	 2.7387 	 4.7811 	 0.0000 	 1.0825 	 0.2670 
50.0000 	 0.3003 	 0.0166 	 0.0000 	 4.8018 	 869.6161 	 50.0000 	 1.0854 	 0.1987 	 0.0000 	 0.6194 	 0.0203 
50.0000 	 2.3177 	 0.8089 	 0.0000 	 4.3330 	 884.7790 	 50.0000 	 0.8866 	 3.3479 	 0.0000 	 2.1082 	 0.1364 
50.0000 	 0.3854 	 0.0306 	 0.0000 	 4.5232 	 878.5821 	 50.0000 	 1.0854 	 0.1987 	 0.0000 	 0.6194 	 0.0038 
50.0000 	 2.1122 	 4.3899 	 0.0000 	 0.5583 	 905.8293 	 50.0000 	 1.6338 	 1.1996 	 0.0000 	 0.8761 	 0.3068 
50.0000 	 2.0790 	 4.0502 	 0.0000 	 1.1863 	 906.1340 	 50.0000 	 1.4218 	 4.2259 	 0.0000 	 0.0160 	 0.0914 
50.0000 	 0.3520 	 0.0238 	 0.0000 	 4.5083 	 878.6783 	 50.0000 	 2.1636 	 1.3149 	 0.0000 	 0.5673 	 0.0368 
30.0000 	 0.2741 	 0.0283 	 0.0000 	 4.4801 	 878.3651 	 30.0000 	 0.0791 	 0.6965 	 0.0000 	 2.6473 	 0.0056 
30.0000 	 0.3466 	 0.0487 	 0.0000 	 4.5123 	 879.6223 	 30.0000 	 1.4013 	 0.5825 	 0.0000 	 0.9785 	 0.0076 
30.0000 	 0.3453 	 0.0484 	 0.0000 	 4.5327 	 879.6218 	 30.0000 	 1.6578 	 0.9832 	 0.0000 	 1.3906 	 0.0050 
30.0000 	 0.3403 	 0.0469 	 0.0000 	 4.5147 	 879.6138 	 30.0000 	 1.8381 	 1.4895 	 0.0000 	 0.2437 	 0.0036 
30.0000 	 0.3384 	 0.0463 	 0.0000 	 4.5220 	 879.6097 	 30.0000 	 2.8855 	 0.8153 	 0.0000 	 1.6593 	 0.0018 
25.0000 	 0.3193 	 0.0527 	 0.0000 	 4.5210 	 880.1963 	 25.0000 	 0.1646 	 1.3193 	 0.0000 	 0.1455 	 0.0041 
25.0000 	 0.3237 	 0.0546 	 0.0000 	 4.5202 	 880.1961 	 25.0000 	 2.3973 	 0.1605 	 0.0000 	 1.8478 	 0.0103 
30.0000 	 0.3351 	 0.0452 	 0.0000 	 4.5213 	 879.6122 	 30.0000 	 1.3501 	 4.0096 	 0.0000 	 2.1525 	 0.0017 
15.0000 	 0.2552 	 0.0713 	 0.0000 	 4.5468 	 882.9313 	 15.0000 	 1.6393 	 2.0229 	 0.0000 	 0.0427 	 0.0155 
25.0000 	 0.3193 	 0.0530 	 0.0000 	 4.5187 	 880.1983 	 25.0000 	 1.0711 	 0.6621 	 0.0000 	 2.5936 	 0.0078 
25.0000 	 0.3232 	 0.0544 	 0.0000 	 4.5330 	 880.1913 	 25.0000 	 2.4724 	 4.6553 	 0.0000 	 0.6665 	 0.0042 
15.0000 	 0.2587 	 0.0728 	 0.0000 	 4.5504 	 882.9442 	 15.0000 	 2.3849 	 1.8521 	 0.0000 	 2.1638 	 0.0061 
20.0000 	 0.2805 	 0.0546 	 0.0000 	 4.5482 	 881.2054 	 20.0000 	 2.3538 	 4.4311 	 0.0000 	 0.6920 	 0.0031 
10.0000 	 0.2263 	 0.1105 	 0.0000 	 4.5838 	 887.0450 	 10.0000 	 1.6281 	 2.1985 	 0.0000 	 2.7089 	 0.0103 
10.0000 	 0.1867 	 0.0701 	 0.0000 	 4.5799 	 886.9663 	 10.0000 	 0.4522 	 2.0492 	 0.0000 	 2.5857 	 0.0104 
15.0000 	 0.2638 	 0.0766 	 0.0000 	 4.5426 	 882.9410 	 15.0000 	 0.5693 	 3.6581 	 0.0000 	 0.1512 	 0.0095 
25.0000 	 0.3308 	 0.0575 	 0.0000 	 4.5031 	 880.2066 	 25.0000 	 2.2231 	 1.6136 	 0.0000 	 0.3853 	 0.0034 
15.0000 	 0.2665 	 0.0765 	 0.0000 	 4.5481 	 882.9744 	 15.0000 	 1.1883 	 4.5139 	 0.0000 	 0.5292 	 0.0099 
5.0000 	 1.0838 	 9.9994 	 0.0000 	 5.0304 	 936.7232 	 5.0000 	 0.5930 	 0.7771 	 0.0000 	 1.5149 	 0.0708 
20.0000 	 0.3075 	 0.0683 	 0.0000 	 4.5259 	 881.1761 	 20.0000 	 0.0160 	 0.6698 	 0.0000 	 0.5438 	 0.0035 
15.0000 	 0.3308 	 0.0467 	 0.0000 	 4.5963 	 869.9508 	 15.0000 	 2.0370 	 0.6820 	 0.0000 	 1.3955 	 0.0804 
4.0000 	 0.1355 	 0.3009 	 0.0000 	 4.9003 	 907.3958 	 4.0000 	 0.0740 	 0.5428 	 0.0000 	 0.4168 	 0.0474 
10.0000 	 0.2096 	 0.0921 	 0.0000 	 4.6095 	 886.9577 	 10.0000 	 1.1165 	 1.9019 	 0.0000 	 0.5628 	 0.0279 
10.0000 	 0.2046 	 0.0868 	 0.0000 	 4.5691 	 886.9346 	 10.0000 	 0.2254 	 2.1291 	 0.0000 	 2.6309 	 0.0061 
10.0000 	 0.2057 	 0.0881 	 0.0000 	 4.5665 	 886.9428 	 10.0000 	 0.6110 	 2.9626 	 0.0000 	 2.3559 	 0.0091 
5.0000 	 0.1184 	 0.1253 	 0.0000 	 4.7892 	 899.9744 	 5.0000 	 1.8338 	 0.3709 	 0.0000 	 2.0977 	 0.0516 
10.0000 	 0.2087 	 0.0908 	 0.0000 	 4.5726 	 886.9474 	 10.0000 	 2.8872 	 3.0805 	 0.0000 	 2.8100 	 0.0117 
2.0000 	 0.0875 	 1.0638 	 0.0000 	 5.1226 	 928.0854 	 2.0000 	 2.0609 	 4.0540 	 0.0000 	 2.6570 	 0.4290 
5.0000 	 0.1351 	 0.1721 	 0.0000 	 4.7733 	 891.8207 	 5.0000 	 1.0686 	 4.2204 	 0.0000 	 0.9666 	 0.4610 
5.0000 	 0.1110 	 0.0977 	 0.0000 	 4.9089 	 899.8142 	 5.0000 	 0.5047 	 1.4952 	 0.0000 	 2.5029 	 0.0646 
5.0000 	 0.1501 	 0.1941 	 0.0000 	 4.7240 	 900.3687 	 5.0000 	 1.3657 	 1.5941 	 0.0000 	 1.5293 	 0.0200 
3.0000 	 1.6560 	 0.6821 	 0.0000 	 4.4238 	 944.2365 	 3.0000 	 1.6563 	 0.6823 	 0.0000 	 2.9235 	 0.3008 
3.0000 	 0.1115 	 0.4683 	 0.0000 	 5.1977 	 917.0371 	 3.0000 	 1.3375 	 3.6286 	 0.0000 	 0.2751 	 0.1721 
3.0000 	 0.5861 	 9.5930 	 0.0000 	 4.6446 	 936.4527 	 3.0000 	 0.0277 	 1.3365 	 0.0000 	 1.6463 	 0.2197 
2.0000 	 0.3413 	 10.0000 	 0.0000 	 4.3989 	 934.6313 	 2.0000 	 2.1668 	 2.7099 	 0.0000 	 2.2931 	 0.3475 
2.0000 	 0.2945 	 9.9929 	 0.0000 	 3.9789 	 935.7973 	 2.0000 	 0.5442 	 2.7736 	 0.0000 	 0.1441 	 0.5908 
2.0000 	 0.0991 	 1.2452 	 0.0000 	 4.9988 	 926.6730 	 2.0000 	 0.9788 	 4.7446 	 0.0000 	 2.5755 	 0.2761 
1.0000 	 1.3943 	 4.0276 	 0.0000 	 4.3770 	 950.2978 	 1.0000 	 2.2601 	 4.7742 	 0.0000 	 1.8508 	 0.2985 
4.0000 	 0.1534 	 0.3935 	 0.0000 	 4.7262 	 905.2091 	 4.0000 	 0.3585 	 3.8551 	 0.0000 	 0.5989 	 0.1130 
3.0000 	 1.4274 	 0.2743 	 0.0000 	 4.4561 	 947.3370 	 3.0000 	 1.0368 	 0.0350 	 0.0000 	 0.2216 	 0.3075 
2.0000 	 0.3410 	 9.9981 	 0.0000 	 4.7295 	 934.7162 	 2.0000 	 0.4304 	 2.1501 	 0.0000 	 1.2843 	 0.3345 
2.0000 	 0.3038 	 9.9874 	 0.0000 	 4.2421 	 935.1856 	 2.0000 	 0.9718 	 0.7270 	 0.0000 	 0.0098 	 0.3350 
2.0000 	 0.3253 	 8.0831 	 0.0000 	 5.0957 	 935.5037 	 2.0000 	 2.5725 	 3.0758 	 0.0000 	 0.1671 	 0.1608 
3.0000 	 0.1047 	 0.5689 	 0.0000 	 4.7588 	 912.9482 	 3.0000 	 2.2679 	 4.8340 	 0.0000 	 1.3761 	 0.1420 
1.0000 	 0.1855 	 9.9722 	 0.0000 	 5.3452 	 934.0714 	 1.0000 	 1.9738 	 3.9281 	 0.0000 	 1.6613 	 0.2593 
3.0000 	 0.3445 	 9.2457 	 0.0000 	 1.5488 	 953.4456 	 3.0000 	 2.8801 	 0.2966 	 0.0000 	 0.7908 	 0.4300 
2.0000 	 0.1663 	 0.0418 	 0.0000 	 5.6432 	 941.9416 	 2.0000 	 0.0743 	 0.0693 	 0.0000 	 2.4954 	 0.0038 
1.0000 	 0.1240 	 9.9981 	 0.0000 	 4.8955 	 933.7510 	 1.0000 	 1.7740 	 0.7960 	 0.0000 	 1.5492 	 0.4355 
1.0000 	 0.8388 	 2.3849 	 0.0000 	 4.4209 	 944.6043 	 1.0000 	 1.1830 	 0.2716 	 0.0000 	 1.0900 	 0.3193 
1.0000 	 1.5435 	 4.7369 	 0.0000 	 4.4707 	 946.7014 	 1.0000 	 1.5454 	 4.7347 	 0.0000 	 2.9707 	 0.3061 
1.0000 	 0.1284 	 9.9929 	 0.0000 	 4.7725 	 933.8710 	 1.0000 	 1.4124 	 3.5066 	 0.0000 	 0.5891 	 0.2937 
1.0000 	 0.0903 	 9.8975 	 0.0000 	 5.2761 	 936.3462 	 1.0000 	 0.4380 	 2.9386 	 0.0000 	 0.9799 	 0.3317 
3.0000 	 0.1027 	 0.3775 	 0.0000 	 5.0898 	 915.1653 	 3.0000 	 0.5479 	 4.0725 	 0.0000 	 0.6664 	 0.1394 
25.0000 	 0.3293 	 0.0570 	 0.0000 	 4.5117 	 880.2026 	 25.0000 	 1.3155 	 2.1672 	 0.0000 	 2.3159 	 0.0039 
1.0000 	 0.5046 	 1.3660 	 0.0000 	 4.4648 	 897.4931 	 1.0000 	 1.5909 	 1.3595 	 0.0000 	 0.7389 	 0.3412 
15.0000 	 1.7698 	 4.6009 	 0.0000 	 4.3096 	 928.7826 	 15.0000 	 1.7720 	 4.6034 	 0.0000 	 2.8097 	 0.3192 
7.0000 	 0.1272 	 0.0597 	 0.0000 	 4.6151 	 886.0381 	 7.0000 	 2.5377 	 3.1365 	 0.0000 	 0.8136 	 0.0601 
7.0000 	 0.2074 	 0.1669 	 0.0000 	 4.7112 	 891.6287 	 7.0000 	 2.2791 	 4.0608 	 0.0000 	 0.8255 	 0.0665 
4.0000 	 0.1347 	 0.3034 	 0.0000 	 4.7381 	 903.6489 	 4.0000 	 1.0636 	 2.6680 	 0.0000 	 2.2241 	 0.1384 
3.0000 	 0.1202 	 0.5834 	 0.0000 	 5.0662 	 914.7114 	 3.0000 	 0.7732 	 3.9877 	 0.0000 	 2.8323 	 0.0764 
1.0000 	 0.0854 	 9.9929 	 0.0000 	 4.6000 	 918.7727 	 1.0000 	 2.8383 	 2.1946 	 0.0000 	 1.4633 	 0.3887 
49.0000 	 5.8750 	 0.0024 	 0.0000 	 5.6682 	 942.5760 	 49.0000 	 0.1138 	 0.1585 	 0.0000 	 0.9014 	 0.0000 
48.0000 	 1.4379 	 0.7645 	 0.0000 	 4.4633 	 904.2153 	 48.0000 	 0.7580 	 2.6676 	 0.0000 	 2.7893 	 0.0423 
49.0000 	 1.6744 	 1.3663 	 0.0000 	 3.9805 	 904.7742 	 49.0000 	 1.1424 	 1.0946 	 0.0000 	 2.8722 	 0.0504 
48.0000 	 1.9687 	 3.2336 	 0.0000 	 2.5618 	 906.4292 	 48.0000 	 2.9363 	 0.3714 	 0.0000 	 0.2441 	 0.0348 
49.0000 	 5.9987 	 9.9981 	 0.0000 	 6.3183 	 929.4880 	 49.0000 	 2.3827 	 3.5450 	 0.0000 	 0.6533 	 0.2400 
48.0000 	 1.8870 	 3.2851 	 0.0000 	 0.9721 	 907.9968 	 48.0000 	 1.6126 	 3.5554 	 0.0000 	 0.1402 	 0.2126 
49.0000 	 1.8068 	 1.8445 	 0.0000 	 3.7891 	 905.2886 	 49.0000 	 1.1798 	 3.1737 	 0.0000 	 0.0378 	 0.0314 
49.0000 	 0.3818 	 0.0309 	 0.0000 	 4.5114 	 878.6152 	 49.0000 	 0.7771 	 2.0558 	 0.0000 	 0.5356 	 0.0035 
48.0000 	 1.6086 	 1.2476 	 0.0000 	 3.9418 	 904.5832 	 48.0000 	 1.2264 	 3.2781 	 0.0000 	 0.9118 	 0.0236 
48.0000 	 0.3898 	 0.0332 	 0.0000 	 4.5352 	 878.6525 	 48.0000 	 0.4317 	 2.2523 	 0.0000 	 1.6290 	 0.0032 
49.0000 	 2.0159 	 3.9820 	 0.0000 	 0.0994 	 906.0848 	 49.0000 	 0.8994 	 1.9772 	 0.0000 	 0.3264 	 0.0822 
49.0000 	 2.0795 	 4.3308 	 0.0000 	 0.6658 	 906.0965 	 49.0000 	 1.5484 	 3.4802 	 0.0000 	 1.0908 	 0.1684 
49.0000 	 0.3856 	 0.0313 	 0.0000 	 4.5341 	 878.6013 	 49.0000 	 1.8873 	 2.6813 	 0.0000 	 0.1103 	 0.0040 
49.0000 	 0.3858 	 0.0315 	 0.0000 	 4.5166 	 878.6116 	 49.0000 	 2.9020 	 4.3751 	 0.0000 	 0.6744 	 0.0142 
47.0000 	 0.3653 	 0.0284 	 0.0000 	 4.5305 	 878.0021 	 47.0000 	 2.7062 	 2.6687 	 0.0000 	 2.9032 	 0.0905 
48.0000 	 2.5062 	 3.2175 	 0.0000 	 3.8701 	 885.1610 	 48.0000 	 2.5508 	 1.9097 	 0.0000 	 1.5442 	 0.1625 
49.0000 	 0.4156 	 0.0375 	 0.0000 	 4.5026 	 878.7341 	 49.0000 	 1.3894 	 3.5672 	 0.0000 	 0.3278 	 0.0049 
47.0000 	 0.3782 	 0.0319 	 0.0000 	 4.5219 	 878.6508 	 47.0000 	 1.2505 	 2.6812 	 0.0000 	 1.8395 	 0.0014 
48.0000 	 0.3768 	 0.0307 	 0.0000 	 4.5236 	 878.6440 	 48.0000 	 0.7912 	 3.8096 	 0.0000 	 2.2953 	 0.0020 
48.0000 	 2.0444 	 4.2763 	 0.0000 	 0.0815 	 906.3114 	 48.0000 	 1.9344 	 4.2948 	 0.0000 	 0.3843 	 0.0910 
47.0000 	 1.6066 	 1.2616 	 0.0000 	 4.0497 	 904.4277 	 47.0000 	 0.8622 	 4.3131 	 0.0000 	 1.4523 	 0.0457 
48.0000 	 0.3788 	 0.0312 	 0.0000 	 4.5262 	 878.6404 	 48.0000 	 2.5268 	 0.8239 	 0.0000 	 2.6740 	 0.0029 
47.0000 	 0.3308 	 0.0216 	 0.0000 	 4.5125 	 878.2604 	 47.0000 	 0.1124 	 4.9260 	 0.0000 	 2.2668 	 0.1112 
48.0000 	 2.1496 	 4.5886 	 0.0000 	 1.6907 	 907.3593 	 48.0000 	 1.9258 	 2.0942 	 0.0000 	 1.6140 	 0.0724 
47.0000 	 0.3823 	 0.0325 	 0.0000 	 4.5205 	 878.6777 	 47.0000 	 0.4403 	 4.0027 	 0.0000 	 2.1420 	 0.0032 
47.0000 	 1.7049 	 1.6046 	 0.0000 	 3.9063 	 904.8012 	 47.0000 	 2.5803 	 4.5782 	 0.0000 	 0.0989 	 0.3317 
47.0000 	 0.3795 	 0.0334 	 0.0000 	 4.5420 	 878.4287 	 47.0000 	 1.1901 	 4.6701 	 0.0000 	 0.6517 	 0.0588 
46.0000 	 1.9262 	 3.8958 	 0.0000 	 0.3998 	 907.2315 	 46.0000 	 1.6315 	 3.3088 	 0.0000 	 1.4118 	 0.5349 
47.0000 	 0.3756 	 0.0312 	 0.0000 	 4.4377 	 878.7686 	 47.0000 	 0.1121 	 1.4317 	 0.0000 	 2.2853 	 0.0232 
45.0000 	 1.5682 	 1.2593 	 0.0000 	 4.0243 	 904.2476 	 45.0000 	 1.4868 	 3.2766 	 0.0000 	 1.5767 	 0.0208 
46.0000 	 0.3729 	 0.0317 	 0.0000 	 4.5198 	 878.7097 	 46.0000 	 2.0778 	 0.0454 	 0.0000 	 2.5276 	 0.0036 
47.0000 	 0.3931 	 0.0348 	 0.0000 	 4.5209 	 878.6956 	 47.0000 	 0.2316 	 0.8837 	 0.0000 	 0.9901 	 0.0020 
46.0000 	 2.8850 	 2.2314 	 0.0000 	 4.4297 	 899.4440 	 46.0000 	 2.8858 	 2.2343 	 0.0000 	 2.9292 	 0.1984 
47.0000 	 0.3799 	 0.0322 	 0.0000 	 4.5162 	 878.6741 	 47.0000 	 1.1161 	 0.4091 	 0.0000 	 0.5061 	 0.0016 
45.0000 	 0.3738 	 0.0330 	 0.0000 	 4.5158 	 878.7424 	 45.0000 	 0.0577 	 0.8708 	 0.0000 	 0.1252 	 0.0018 
46.0000 	 1.9282 	 3.0538 	 0.0000 	 2.8034 	 906.4377 	 46.0000 	 0.5930 	 1.5371 	 0.0000 	 1.6085 	 0.5352 
45.0000 	 0.3929 	 0.0365 	 0.0000 	 4.6097 	 878.8827 	 45.0000 	 1.9339 	 2.4326 	 0.0000 	 0.1690 	 0.0176 
44.0000 	 2.2115 	 1.7029 	 0.0000 	 4.2422 	 916.9801 	 44.0000 	 2.2073 	 1.7038 	 0.0000 	 2.7426 	 0.3159 
46.0000 	 1.9914 	 3.5951 	 0.0000 	 2.4952 	 906.9567 	 46.0000 	 0.3777 	 0.2639 	 0.0000 	 1.6833 	 0.0492 
46.0000 	 1.5586 	 1.2053 	 0.0000 	 3.9942 	 904.3248 	 46.0000 	 1.4496 	 4.4989 	 0.0000 	 1.3473 	 0.0297 
45.0000 	 0.3764 	 0.0334 	 0.0000 	 4.5225 	 878.7398 	 45.0000 	 1.5284 	 3.1441 	 0.0000 	 0.0419 	 0.0132 
45.0000 	 0.3740 	 0.0328 	 0.0000 	 4.5738 	 878.7697 	 45.0000 	 0.1005 	 4.8515 	 0.0000 	 0.6470 	 0.0367 
46.0000 	 1.6431 	 1.9861 	 0.0000 	 4.1338 	 903.2773 	 46.0000 	 0.8833 	 0.4485 	 0.0000 	 0.2031 	 0.1438 
46.0000 	 0.3721 	 0.0317 	 0.0000 	 4.5127 	 878.7113 	 46.0000 	 1.8341 	 2.3452 	 0.0000 	 0.1943 	 0.0012 
44.0000 	 0.4012 	 0.0401 	 0.0000 	 4.5330 	 878.8596 	 44.0000 	 2.5747 	 2.1236 	 0.0000 	 0.2277 	 0.0046 
44.0000 	 1.5391 	 1.2370 	 0.0000 	 4.0240 	 904.0978 	 44.0000 	 2.7985 	 4.4469 	 0.0000 	 1.6954 	 0.0150 
45.0000 	 1.9761 	 3.5384 	 0.0000 	 2.6675 	 907.0204 	 45.0000 	 1.8144 	 4.2818 	 0.0000 	 1.7457 	 0.0474 
43.0000 	 1.4396 	 1.0240 	 0.0000 	 4.1082 	 903.7398 	 43.0000 	 1.6255 	 3.5539 	 0.0000 	 2.3743 	 0.0284 
46.0000 	 0.3615 	 0.0292 	 0.0000 	 4.5469 	 878.7485 	 46.0000 	 2.6946 	 2.7788 	 0.0000 	 1.8022 	 0.0018 
45.0000 	 1.3824 	 0.8301 	 0.0000 	 4.2761 	 903.7766 	 45.0000 	 1.8941 	 1.5772 	 0.0000 	 2.3269 	 0.0651 
44.0000 	 0.3722 	 0.0336 	 0.0000 	 4.5185 	 878.7774 	 44.0000 	 2.7050 	 2.4933 	 0.0000 	 2.2420 	 0.0016 
45.0000 	 0.3783 	 0.0338 	 0.0000 	 4.5294 	 878.7438 	 45.0000 	 0.4423 	 2.1036 	 0.0000 	 1.8349 	 0.0031 
44.0000 	 0.3770 	 0.0346 	 0.0000 	 4.5216 	 878.7782 	 44.0000 	 1.9937 	 1.5844 	 0.0000 	 2.6582 	 0.0020 
46.0000 	 1.7837 	 2.1683 	 0.0000 	 3.4074 	 905.3864 	 46.0000 	 1.8408 	 0.2386 	 0.0000 	 1.2380 	 0.0224 
45.0000 	 0.3709 	 0.0323 	 0.0000 	 4.5274 	 878.7424 	 45.0000 	 0.7523 	 1.4787 	 0.0000 	 0.1232 	 0.0036 
45.0000 	 1.7125 	 1.9208 	 0.0000 	 3.5389 	 905.1296 	 45.0000 	 1.7008 	 0.6894 	 0.0000 	 0.2437 	 0.0406 
44.0000 	 0.3756 	 0.0343 	 0.0000 	 4.5208 	 878.7779 	 44.0000 	 2.7223 	 0.9616 	 0.0000 	 0.1783 	 0.0012 
44.0000 	 0.3868 	 0.0366 	 0.0000 	 4.5248 	 878.7934 	 44.0000 	 0.6777 	 0.7626 	 0.0000 	 1.9304 	 0.0150 
44.0000 	 1.9167 	 3.8769 	 0.0000 	 1.4617 	 907.6954 	 44.0000 	 2.3238 	 2.3288 	 0.0000 	 0.7106 	 0.3293 
43.0000 	 1.9691 	 4.2992 	 0.0000 	 1.5961 	 908.1795 	 43.0000 	 2.6298 	 2.0277 	 0.0000 	 1.0011 	 0.0564 
44.0000 	 0.3821 	 0.0357 	 0.0000 	 4.5157 	 878.7904 	 44.0000 	 2.4183 	 1.1603 	 0.0000 	 2.0072 	 0.0027 
42.0000 	 0.3413 	 0.0302 	 0.0000 	 4.6241 	 879.1257 	 42.0000 	 1.7633 	 2.3577 	 0.0000 	 0.9117 	 0.0021 
43.0000 	 5.4605 	 0.0020 	 0.0000 	 5.6659 	 942.5762 	 43.0000 	 2.5989 	 4.0424 	 0.0000 	 2.4870 	 0.0000 
42.0000 	 0.3717 	 0.0357 	 0.0000 	 4.5190 	 878.8591 	 42.0000 	 1.7530 	 3.9697 	 0.0000 	 2.4547 	 0.0017 
42.0000 	 1.7622 	 2.6694 	 0.0000 	 2.8892 	 906.2712 	 42.0000 	 2.0963 	 2.6920 	 0.0000 	 0.5295 	 0.0466 
41.0000 	 0.4143 	 0.0472 	 0.0000 	 4.5270 	 879.1289 	 41.0000 	 2.7460 	 0.3607 	 0.0000 	 2.9349 	 0.0045 
44.0000 	 0.4045 	 0.0400 	 0.0000 	 4.5341 	 878.7245 	 44.0000 	 2.9929 	 4.4223 	 0.0000 	 2.6977 	 0.0382 
42.0000 	 0.3721 	 0.0357 	 0.0000 	 4.5166 	 878.8581 	 42.0000 	 0.2218 	 4.8051 	 0.0000 	 1.1261 	 0.0017 
43.0000 	 1.9060 	 4.1134 	 0.0000 	 0.5067 	 908.3161 	 43.0000 	 1.9876 	 0.0472 	 0.0000 	 0.7954 	 0.0717 
42.0000 	 0.3685 	 0.0350 	 0.0000 	 4.5219 	 878.8574 	 42.0000 	 2.8719 	 1.4632 	 0.0000 	 1.3545 	 0.0022 
41.0000 	 0.3627 	 0.0348 	 0.0000 	 4.5029 	 878.9051 	 41.0000 	 0.5580 	 0.6199 	 0.0000 	 1.4590 	 0.0019 
43.0000 	 2.0452 	 4.7963 	 0.0000 	 1.1382 	 880.2678 	 43.0000 	 2.0446 	 4.8055 	 0.0000 	 1.1383 	 0.1712 
43.0000 	 1.3060 	 0.6633 	 0.0000 	 4.7373 	 903.8920 	 43.0000 	 1.0939 	 4.0623 	 0.0000 	 2.7438 	 0.0648 
43.0000 	 1.4408 	 1.0106 	 0.0000 	 4.3709 	 903.9640 	 43.0000 	 1.6400 	 2.5274 	 0.0000 	 2.7738 	 0.0411 
39.0000 	 1.0278 	 0.0122 	 0.0000 	 4.4971 	 853.5959 	 39.0000 	 0.1178 	 4.9429 	 0.0000 	 0.6318 	 0.2330 
43.0000 	 0.3888 	 0.0382 	 0.0000 	 4.5193 	 878.8421 	 43.0000 	 1.3614 	 1.4059 	 0.0000 	 0.1559 	 0.0076 
42.0000 	 0.3850 	 0.0391 	 0.0000 	 4.5278 	 878.8776 	 42.0000 	 1.2955 	 2.4816 	 0.0000 	 0.3450 	 0.0064 
42.0000 	 0.3741 	 0.0362 	 0.0000 	 4.5182 	 878.8611 	 42.0000 	 2.3419 	 2.7941 	 0.0000 	 0.6570 	 0.0017 
43.0000 	 1.7994 	 2.7306 	 0.0000 	 2.9703 	 906.1556 	 43.0000 	 1.5356 	 3.9052 	 0.0000 	 0.6104 	 0.0338 
42.0000 	 0.3713 	 0.0356 	 0.0000 	 4.5150 	 878.8581 	 42.0000 	 2.2003 	 1.7687 	 0.0000 	 2.6428 	 0.0020 
42.0000 	 0.3824 	 0.0381 	 0.0000 	 4.5149 	 878.8753 	 42.0000 	 0.2448 	 4.3489 	 0.0000 	 1.0531 	 0.0017 
41.0000 	 0.3648 	 0.0352 	 0.0000 	 4.5195 	 878.9021 	 41.0000 	 0.8190 	 2.5743 	 0.0000 	 1.5969 	 0.0019 
42.0000 	 0.3948 	 0.0410 	 0.0000 	 4.5461 	 878.6599 	 42.0000 	 0.0594 	 1.8247 	 0.0000 	 1.7437 	 0.0162 
43.0000 	 0.3854 	 0.0380 	 0.0000 	 4.5107 	 878.7865 	 43.0000 	 2.7902 	 2.8569 	 0.0000 	 1.2270 	 0.0071 
41.0000 	 0.3620 	 0.0347 	 0.0000 	 4.5132 	 878.9038 	 41.0000 	 1.4116 	 1.4672 	 0.0000 	 0.3252 	 0.0026 
38.0000 	 5.9987 	 0.0010 	 0.0000 	 6.4153 	 940.5284 	 38.0000 	 1.7108 	 1.2540 	 0.0000 	 2.3897 	 0.1294 
41.0000 	 0.3925 	 0.0420 	 0.0000 	 4.5356 	 878.9741 	 41.0000 	 1.8174 	 1.7019 	 0.0000 	 0.7975 	 0.0024 
39.0000 	 1.3006 	 0.8280 	 0.0000 	 4.4034 	 902.8687 	 39.0000 	 0.4665 	 3.3220 	 0.0000 	 1.2659 	 0.0256 
37.0000 	 0.3541 	 0.0380 	 0.0000 	 4.5344 	 879.1019 	 37.0000 	 2.1712 	 2.8227 	 0.0000 	 2.9112 	 0.0083 
38.0000 	 1.8081 	 4.1642 	 0.0000 	 1.2156 	 909.9878 	 38.0000 	 1.7105 	 4.0680 	 0.0000 	 0.1236 	 0.0981 
38.0000 	 2.2818 	 4.7369 	 0.0000 	 3.5303 	 910.3749 	 38.0000 	 2.2840 	 4.7392 	 0.0000 	 2.0308 	 0.3085 
41.0000 	 0.3656 	 0.0356 	 0.0000 	 4.5257 	 863.0239 	 41.0000 	 2.5556 	 2.1699 	 0.0000 	 2.6005 	 0.0000 
41.0000 	 0.3592 	 0.0340 	 0.0000 	 4.5451 	 878.9177 	 41.0000 	 1.0602 	 4.9837 	 0.0000 	 0.7709 	 0.0072 
38.0000 	 0.3839 	 0.0434 	 0.0000 	 4.5151 	 878.9599 	 38.0000 	 1.8234 	 3.4687 	 0.0000 	 1.2171 	 0.0046 
38.0000 	 1.7942 	 4.1401 	 0.0000 	 0.9050 	 910.1845 	 38.0000 	 1.0029 	 0.8276 	 0.0000 	 1.5370 	 0.0687 
39.0000 	 0.3509 	 0.0346 	 0.0000 	 4.5180 	 879.0020 	 39.0000 	 0.6211 	 4.9816 	 0.0000 	 1.3251 	 0.0030 
41.0000 	 0.3701 	 0.0366 	 0.0000 	 4.5021 	 878.9055 	 41.0000 	 2.0187 	 4.4416 	 0.0000 	 0.4130 	 0.0019 
38.0000 	 2.0135 	 0.0856 	 0.0000 	 4.2803 	 874.9865 	 38.0000 	 2.7079 	 3.5466 	 0.0000 	 0.0933 	 0.2772 
39.0000 	 0.3464 	 0.0338 	 0.0000 	 4.4933 	 879.0315 	 39.0000 	 1.0437 	 4.7595 	 0.0000 	 2.8945 	 0.0014 
38.0000 	 1.9591 	 3.8958 	 0.0000 	 4.0459 	 886.7342 	 38.0000 	 1.9568 	 3.8944 	 0.0000 	 2.5456 	 0.2625 
41.0000 	 0.3719 	 0.0370 	 0.0000 	 4.5232 	 878.9038 	 41.0000 	 1.1314 	 1.8159 	 0.0000 	 0.2005 	 0.0012 
38.0000 	 0.3582 	 0.0377 	 0.0000 	 4.5197 	 879.0449 	 38.0000 	 0.2781 	 3.6751 	 0.0000 	 2.0099 	 0.0026 
36.0000 	 0.4241 	 0.0589 	 0.0000 	 4.4671 	 879.6949 	 36.0000 	 0.9204 	 0.2541 	 0.0000 	 0.8858 	 0.0411 
39.0000 	 0.3575 	 0.0361 	 0.0000 	 4.5241 	 878.9953 	 39.0000 	 1.6821 	 2.1523 	 0.0000 	 2.7470 	 0.0070 
39.0000 	 0.3502 	 0.0344 	 0.0000 	 4.5577 	 878.9837 	 39.0000 	 2.9865 	 0.9439 	 0.0000 	 1.3914 	 0.0111 
39.0000 	 0.3658 	 0.0381 	 0.0000 	 4.5193 	 878.9955 	 39.0000 	 1.7748 	 3.1828 	 0.0000 	 1.1662 	 0.0018 
37.0000 	 0.3726 	 0.0429 	 0.0000 	 4.5414 	 879.1316 	 37.0000 	 1.6964 	 2.7933 	 0.0000 	 0.8689 	 0.0111 
38.0000 	 0.3560 	 0.0370 	 0.0000 	 4.5284 	 879.0482 	 38.0000 	 0.3440 	 4.0743 	 0.0000 	 1.1773 	 0.0032 
35.0000 	 1.6004 	 2.7538 	 0.0000 	 2.7775 	 907.1507 	 35.0000 	 2.7708 	 2.7322 	 0.0000 	 2.8008 	 0.0496 
41.0000 	 1.8147 	 2.9986 	 0.0000 	 3.0968 	 906.7852 	 41.0000 	 2.8498 	 1.5979 	 0.0000 	 1.9956 	 0.0346 
35.0000 	 0.3491 	 0.0399 	 0.0000 	 4.5186 	 879.2222 	 35.0000 	 1.3709 	 3.9277 	 0.0000 	 1.2418 	 0.0020 
39.0000 	 1.8637 	 4.5118 	 0.0000 	 0.9274 	 909.8593 	 39.0000 	 2.6762 	 3.3634 	 0.0000 	 0.5474 	 0.2041 
35.0000 	 0.3448 	 0.0386 	 0.0000 	 4.5188 	 879.2262 	 35.0000 	 2.3837 	 4.3442 	 0.0000 	 2.0153 	 0.0021 
37.0000 	 0.3592 	 0.0394 	 0.0000 	 4.5202 	 879.0981 	 37.0000 	 1.1341 	 4.4465 	 0.0000 	 0.4892 	 0.0018 
34.0000 	 0.3483 	 0.0410 	 0.0000 	 4.5175 	 879.2879 	 34.0000 	 0.6063 	 3.0122 	 0.0000 	 0.2664 	 0.0024 
37.0000 	 0.3507 	 0.0372 	 0.0000 	 4.5189 	 879.1075 	 37.0000 	 2.0259 	 2.3829 	 0.0000 	 0.3886 	 0.0027 
33.0000 	 4.4852 	 0.5238 	 0.0000 	 6.0014 	 943.3185 	 33.0000 	 1.3585 	 1.6808 	 0.0000 	 2.3927 	 0.0006 
39.0000 	 1.2625 	 0.7614 	 0.0000 	 4.2889 	 902.6701 	 39.0000 	 1.0227 	 1.7573 	 0.0000 	 1.6486 	 0.0485 
35.0000 	 0.3566 	 0.0420 	 0.0000 	 4.5091 	 879.2109 	 35.0000 	 2.6918 	 3.0759 	 0.0000 	 1.9378 	 0.0028 
37.0000 	 0.3614 	 0.0399 	 0.0000 	 4.5398 	 879.1080 	 37.0000 	 2.0876 	 2.7115 	 0.0000 	 0.5401 	 0.0065 
35.0000 	 0.3568 	 0.0419 	 0.0000 	 4.5280 	 879.2213 	 35.0000 	 1.0635 	 1.3946 	 0.0000 	 0.2421 	 0.0101 
36.0000 	 0.3581 	 0.0406 	 0.0000 	 4.5076 	 879.1612 	 36.0000 	 2.6018 	 2.7434 	 0.0000 	 0.8500 	 0.0030 
36.0000 	 0.3509 	 0.0387 	 0.0000 	 4.5431 	 879.1657 	 36.0000 	 2.6320 	 1.2810 	 0.0000 	 0.4784 	 0.0030 
34.0000 	 0.4349 	 0.0041 	 0.0000 	 4.3389 	 828.8188 	 34.0000 	 2.8146 	 2.1390 	 0.0000 	 1.9508 	 0.3545 
32.0000 	 0.5330 	 0.0930 	 0.0000 	 4.3682 	 874.8847 	 32.0000 	 1.4602 	 0.6647 	 0.0000 	 2.3515 	 0.1723 
36.0000 	 2.4007 	 4.7764 	 0.0000 	 4.1616 	 914.0637 	 36.0000 	 2.3966 	 4.7709 	 0.0000 	 2.6617 	 0.3125 
37.0000 	 2.4007 	 2.6573 	 0.0000 	 3.7090 	 886.1102 	 37.0000 	 2.3993 	 2.6556 	 0.0000 	 2.2090 	 0.4536 
32.0000 	 0.3646 	 0.0498 	 0.0000 	 4.4853 	 879.5206 	 32.0000 	 0.2187 	 1.1837 	 0.0000 	 0.2108 	 0.0133 
32.0000 	 0.3234 	 0.0282 	 0.0000 	 4.4399 	 834.6527 	 32.0000 	 2.0885 	 0.8411 	 0.0000 	 1.4573 	 0.5736 
37.0000 	 0.3570 	 0.0388 	 0.0000 	 4.5193 	 879.1014 	 37.0000 	 1.4496 	 1.6050 	 0.0000 	 1.5397 	 0.0018 
36.0000 	 0.3550 	 0.0398 	 0.0000 	 4.5208 	 879.1595 	 36.0000 	 2.6430 	 3.0931 	 0.0000 	 0.5347 	 0.0020 
35.0000 	 0.3444 	 0.0384 	 0.0000 	 4.5342 	 879.2313 	 35.0000 	 0.9690 	 4.7598 	 0.0000 	 2.8795 	 0.0094 
36.0000 	 0.3521 	 0.0395 	 0.0000 	 4.5239 	 879.1564 	 36.0000 	 2.0503 	 4.9440 	 0.0000 	 1.1669 	 0.0024 
33.0000 	 1.3217 	 1.3191 	 0.0000 	 3.9147 	 902.8257 	 33.0000 	 0.6288 	 0.6371 	 0.0000 	 2.4188 	 0.0323 
31.0000 	 0.3369 	 0.0436 	 0.0000 	 4.5196 	 879.5234 	 31.0000 	 0.3770 	 2.0044 	 0.0000 	 1.1923 	 0.0021 
34.0000 	 0.3410 	 0.0392 	 0.0000 	 4.5127 	 879.2991 	 34.0000 	 0.0978 	 0.3077 	 0.0000 	 0.5755 	 0.0020 
32.0000 	 1.8767 	 2.8401 	 0.0000 	 4.1133 	 909.8119 	 32.0000 	 1.1763 	 2.6976 	 0.0000 	 2.9821 	 0.3112 
35.0000 	 5.9987 	 0.0010 	 0.0000 	 9.9862 	 988.4914 	 35.0000 	 0.2104 	 0.6456 	 0.0000 	 0.2377 	 0.1459 
32.0000 	 0.3407 	 0.0429 	 0.0000 	 4.5183 	 879.4404 	 32.0000 	 2.3995 	 4.0070 	 0.0000 	 0.7374 	 0.0017 
32.0000 	 1.3484 	 1.6337 	 0.0000 	 3.4897 	 904.1415 	 32.0000 	 1.7719 	 3.4204 	 0.0000 	 2.9050 	 0.0283 
34.0000 	 0.3517 	 0.0420 	 0.0000 	 4.5209 	 879.2896 	 34.0000 	 2.4899 	 1.6638 	 0.0000 	 1.5425 	 0.0105 
36.0000 	 0.3844 	 0.0441 	 0.0000 	 4.4187 	 856.9347 	 36.0000 	 2.0113 	 3.9629 	 0.0000 	 2.7312 	 0.3404 
35.0000 	 0.3582 	 0.0423 	 0.0000 	 4.5297 	 879.2280 	 35.0000 	 1.3630 	 1.7327 	 0.0000 	 0.9406 	 0.0020 
34.0000 	 0.3485 	 0.0413 	 0.0000 	 4.5190 	 879.2890 	 34.0000 	 1.2351 	 1.9664 	 0.0000 	 0.7050 	 0.0022 
31.0000 	 0.3574 	 0.0487 	 0.0000 	 4.4950 	 879.1315 	 31.0000 	 0.4638 	 3.9604 	 0.0000 	 1.0096 	 0.0050 
33.0000 	 0.3475 	 0.0429 	 0.0000 	 4.5145 	 879.3590 	 33.0000 	 1.6937 	 0.8125 	 0.0000 	 1.7533 	 0.0026 
36.0000 	 0.3567 	 0.0401 	 0.0000 	 4.5227 	 879.1599 	 36.0000 	 1.4622 	 2.8387 	 0.0000 	 0.8528 	 0.0015 
29.0000 	 0.3389 	 0.0487 	 0.0000 	 4.5183 	 879.7121 	 29.0000 	 1.5924 	 3.1544 	 0.0000 	 0.3181 	 0.0035 
34.0000 	 0.3514 	 0.0420 	 0.0000 	 4.5180 	 879.2881 	 34.0000 	 0.2895 	 1.3136 	 0.0000 	 0.8312 	 0.0068 
34.0000 	 0.3579 	 0.0439 	 0.0000 	 4.5194 	 879.2910 	 34.0000 	 1.4444 	 2.3408 	 0.0000 	 0.4335 	 0.0015 
36.0000 	 0.3613 	 0.0414 	 0.0000 	 4.5155 	 879.1646 	 36.0000 	 2.9791 	 1.1277 	 0.0000 	 0.0379 	 0.0017 
32.0000 	 0.3468 	 0.0446 	 0.0000 	 4.5187 	 879.4374 	 32.0000 	 1.5117 	 3.2696 	 0.0000 	 1.4921 	 0.0019 
28.0000 	 0.3259 	 0.0469 	 0.0000 	 4.5348 	 879.8224 	 28.0000 	 0.6390 	 0.9791 	 0.0000 	 1.4919 	 0.0027 
28.0000 	 0.3326 	 0.0490 	 0.0000 	 4.5105 	 879.8126 	 28.0000 	 1.0446 	 1.1630 	 0.0000 	 1.2457 	 0.0054 
28.0000 	 0.3343 	 0.0497 	 0.0000 	 4.5116 	 879.8155 	 28.0000 	 1.4363 	 3.1653 	 0.0000 	 0.5747 	 0.0023 
32.0000 	 0.3257 	 0.0379 	 0.0000 	 4.5331 	 879.5062 	 32.0000 	 1.9836 	 0.3684 	 0.0000 	 2.0674 	 0.0075 
29.0000 	 0.3428 	 0.0500 	 0.0000 	 4.5184 	 879.7169 	 29.0000 	 2.3263 	 4.3910 	 0.0000 	 1.4024 	 0.0072 
27.0000 	 0.3430 	 0.0554 	 0.0000 	 4.5210 	 879.8887 	 27.0000 	 1.3135 	 1.0837 	 0.0000 	 0.3696 	 0.1492 
32.0000 	 2.3442 	 10.0000 	 0.0000 	 2.4669 	 921.7705 	 32.0000 	 0.8738 	 4.3820 	 0.0000 	 0.0535 	 0.1574 
33.0000 	 0.3447 	 0.0422 	 0.0000 	 4.5250 	 879.3610 	 33.0000 	 1.6466 	 3.6855 	 0.0000 	 2.3127 	 0.0094 
34.0000 	 2.7153 	 10.0000 	 0.0000 	 4.0263 	 914.4272 	 34.0000 	 0.0726 	 4.6763 	 0.0000 	 0.4854 	 0.4109 
34.0000 	 0.3531 	 0.0426 	 0.0000 	 4.5239 	 879.2859 	 34.0000 	 2.7186 	 3.7215 	 0.0000 	 0.1336 	 0.0095 
33.0000 	 0.3432 	 0.0417 	 0.0000 	 4.5186 	 879.3612 	 33.0000 	 0.2037 	 2.3557 	 0.0000 	 2.6955 	 0.0024 
33.0000 	 0.3509 	 0.0439 	 0.0000 	 4.5212 	 879.3616 	 33.0000 	 1.0778 	 1.5581 	 0.0000 	 1.4508 	 0.0018 
28.0000 	 0.2509 	 0.0249 	 0.0000 	 4.5671 	 880.6255 	 28.0000 	 0.8891 	 3.7551 	 0.0000 	 2.4077 	 0.0033 
28.0000 	 0.3353 	 0.0495 	 0.0000 	 4.5275 	 879.8262 	 28.0000 	 1.9410 	 0.2684 	 0.0000 	 0.2529 	 0.0381 
34.0000 	 0.3566 	 0.0437 	 0.0000 	 4.5509 	 879.3082 	 34.0000 	 2.7755 	 0.0704 	 0.0000 	 1.3168 	 0.0105 
32.0000 	 0.2953 	 0.0310 	 0.0000 	 4.5409 	 879.6853 	 32.0000 	 0.5098 	 0.6661 	 0.0000 	 1.9056 	 0.0622 
28.0000 	 0.3330 	 0.0493 	 0.0000 	 4.5074 	 879.8159 	 28.0000 	 0.6414 	 2.3129 	 0.0000 	 2.5723 	 0.0025 
31.0000 	 5.9998 	 0.0041 	 0.0000 	 5.6636 	 942.5767 	 31.0000 	 1.1254 	 4.8975 	 0.0000 	 0.2490 	 0.0000 
31.0000 	 0.3425 	 0.0453 	 0.0000 	 4.5060 	 879.5252 	 31.0000 	 1.7557 	 1.5569 	 0.0000 	 0.8615 	 0.0061 
27.0000 	 0.3312 	 0.0513 	 0.0000 	 4.5343 	 879.9336 	 27.0000 	 0.3515 	 4.5615 	 0.0000 	 1.9499 	 0.0025 
24.0000 	 0.3218 	 0.0573 	 0.0000 	 4.5276 	 880.3551 	 24.0000 	 1.2149 	 4.5796 	 0.0000 	 2.7316 	 0.0059 
28.0000 	 0.3285 	 0.0477 	 0.0000 	 4.5272 	 879.8153 	 28.0000 	 2.2562 	 4.8408 	 0.0000 	 0.9967 	 0.0029 
33.0000 	 0.3366 	 0.0403 	 0.0000 	 4.5521 	 879.3940 	 33.0000 	 1.2928 	 4.6002 	 0.0000 	 2.3411 	 0.0181 
26.0000 	 0.3227 	 0.0511 	 0.0000 	 4.5211 	 880.0570 	 26.0000 	 1.3948 	 0.1130 	 0.0000 	 2.4438 	 0.0046 
31.0000 	 5.8539 	 9.9722 	 0.0000 	 7.6421 	 918.1762 	 31.0000 	 2.7499 	 4.0718 	 0.0000 	 2.4068 	 0.3991 
24.0000 	 0.7117 	 0.0024 	 0.0000 	 4.3828 	 872.7108 	 24.0000 	 2.6714 	 0.7693 	 0.0000 	 2.4238 	 0.3655 
33.0000 	 2.0572 	 7.0252 	 0.0000 	 1.9626 	 916.2907 	 33.0000 	 0.0745 	 0.9674 	 0.0000 	 2.5559 	 0.2081 
33.0000 	 1.0879 	 0.6636 	 0.0000 	 4.4115 	 900.7776 	 33.0000 	 1.4051 	 3.2485 	 0.0000 	 1.5730 	 0.0131 
28.0000 	 0.2455 	 0.0243 	 0.0000 	 4.5700 	 880.6468 	 28.0000 	 0.3032 	 0.0876 	 0.0000 	 1.7502 	 0.0075 
26.0000 	 0.3231 	 0.0512 	 0.0000 	 4.5107 	 880.0586 	 26.0000 	 2.0579 	 3.3584 	 0.0000 	 2.3131 	 0.0030 
31.0000 	 0.3101 	 0.0368 	 0.0000 	 4.5601 	 879.6309 	 31.0000 	 1.2998 	 2.4148 	 0.0000 	 2.5178 	 0.0311 
24.0000 	 0.3168 	 0.0552 	 0.0000 	 4.5112 	 880.3479 	 24.0000 	 1.7661 	 4.8572 	 0.0000 	 2.9386 	 0.0037 
33.0000 	 0.3461 	 0.0424 	 0.0000 	 4.5197 	 879.3601 	 33.0000 	 0.5477 	 0.1073 	 0.0000 	 0.1988 	 0.0026 
24.0000 	 0.3184 	 0.0554 	 0.0000 	 4.5249 	 880.3476 	 24.0000 	 2.3146 	 1.9345 	 0.0000 	 0.4842 	 0.0087 
29.0000 	 0.3363 	 0.0477 	 0.0000 	 4.5469 	 879.7130 	 29.0000 	 1.9648 	 1.8095 	 0.0000 	 1.8622 	 0.0153 
28.0000 	 1.1138 	 0.9783 	 0.0000 	 4.1692 	 901.0023 	 28.0000 	 0.9674 	 2.7930 	 0.0000 	 2.5616 	 0.0649 
24.0000 	 0.3025 	 0.0500 	 0.0000 	 4.5279 	 880.3824 	 24.0000 	 0.4729 	 2.1900 	 0.0000 	 0.9506 	 0.0099 
23.0000 	 2.1019 	 3.9448 	 0.0000 	 4.4414 	 917.5558 	 23.0000 	 2.1006 	 3.9402 	 0.0000 	 2.9408 	 0.1346 
24.0000 	 0.3143 	 0.0544 	 0.0000 	 4.5179 	 880.3544 	 24.0000 	 2.1269 	 4.7897 	 0.0000 	 0.4162 	 0.0040 
31.0000 	 0.3291 	 0.0419 	 0.0000 	 4.5408 	 879.5604 	 31.0000 	 2.2419 	 3.9041 	 0.0000 	 0.7400 	 0.0213 
27.0000 	 0.3348 	 0.0526 	 0.0000 	 4.5221 	 879.9305 	 27.0000 	 1.2695 	 2.0459 	 0.0000 	 2.1270 	 0.0042 
31.0000 	 1.7318 	 4.1201 	 0.0000 	 3.1990 	 910.9257 	 31.0000 	 1.0267 	 1.1609 	 0.0000 	 0.5757 	 0.0359 
27.0000 	 0.3392 	 0.0540 	 0.0000 	 4.5250 	 879.9133 	 27.0000 	 1.2860 	 0.0341 	 0.0000 	 0.9592 	 0.0137 
22.0000 	 0.2525 	 0.0405 	 0.0000 	 4.4488 	 879.6202 	 22.0000 	 2.8689 	 4.9694 	 0.0000 	 2.4761 	 0.0837 
29.0000 	 5.9288 	 0.0010 	 0.0000 	 5.6605 	 942.5775 	 29.0000 	 0.5746 	 2.1906 	 0.0000 	 0.9347 	 0.0000 
19.0000 	 0.2874 	 0.0635 	 0.0000 	 4.5285 	 881.4217 	 19.0000 	 2.1388 	 2.5175 	 0.0000 	 2.8794 	 0.0071 
29.0000 	 0.3454 	 0.0512 	 0.0000 	 4.5095 	 879.6770 	 29.0000 	 0.3306 	 3.8146 	 0.0000 	 2.1724 	 0.0067 
22.0000 	 0.1990 	 0.0209 	 0.0000 	 4.3832 	 878.8344 	 22.0000 	 1.8215 	 2.9881 	 0.0000 	 0.2056 	 0.7237 
24.0000 	 0.3141 	 0.0542 	 0.0000 	 4.5497 	 880.3571 	 24.0000 	 0.5646 	 4.1284 	 0.0000 	 1.0251 	 0.0043 
21.0000 	 0.3261 	 0.0725 	 0.0000 	 4.5257 	 880.9970 	 21.0000 	 0.5711 	 0.3457 	 0.0000 	 2.4872 	 0.0066 
22.0000 	 0.3005 	 0.0559 	 0.0000 	 4.5351 	 880.7123 	 22.0000 	 1.8188 	 1.5314 	 0.0000 	 1.0857 	 0.0034 
26.0000 	 0.3269 	 0.0527 	 0.0000 	 4.5165 	 880.0542 	 26.0000 	 2.4451 	 3.0111 	 0.0000 	 2.1551 	 0.0022 
24.0000 	 0.3119 	 0.0533 	 0.0000 	 4.5233 	 880.3412 	 24.0000 	 2.4143 	 2.0748 	 0.0000 	 1.7423 	 0.0029 
19.0000 	 0.2991 	 0.0648 	 0.0000 	 4.6677 	 881.5039 	 19.0000 	 0.2356 	 0.8855 	 0.0000 	 2.0312 	 0.0941 
18.0000 	 0.2819 	 0.0658 	 0.0000 	 4.5187 	 881.6723 	 18.0000 	 2.7925 	 2.1052 	 0.0000 	 1.3288 	 0.0038 
19.0000 	 0.3374 	 0.0920 	 0.0000 	 4.5639 	 881.6859 	 19.0000 	 1.9103 	 4.6999 	 0.0000 	 2.4012 	 0.0546 
18.0000 	 0.2511 	 0.0558 	 0.0000 	 4.7651 	 878.2239 	 18.0000 	 0.3134 	 3.6996 	 0.0000 	 0.7380 	 0.1041 
17.0000 	 0.2598 	 0.0598 	 0.0000 	 4.5170 	 882.1185 	 17.0000 	 2.9405 	 0.0177 	 0.0000 	 1.2298 	 0.0043 
13.0000 	 0.2445 	 0.0816 	 0.0000 	 4.5907 	 884.1491 	 13.0000 	 1.1515 	 1.6345 	 0.0000 	 2.9178 	 0.0087 
17.0000 	 0.2841 	 0.0734 	 0.0000 	 4.5436 	 882.0818 	 17.0000 	 1.1110 	 3.9489 	 0.0000 	 1.6107 	 0.0060 
18.0000 	 0.2840 	 0.0673 	 0.0000 	 4.5269 	 881.7186 	 18.0000 	 2.9622 	 4.9195 	 0.0000 	 2.4214 	 0.0048 
23.0000 	 0.2949 	 0.0500 	 0.0000 	 4.5406 	 880.4909 	 23.0000 	 1.1313 	 0.8126 	 0.0000 	 2.3390 	 0.0134 
26.0000 	 0.3563 	 0.0659 	 0.0000 	 4.4239 	 880.3336 	 26.0000 	 2.9215 	 4.1003 	 0.0000 	 0.6132 	 0.0279 
13.0000 	 0.2223 	 0.0663 	 0.0000 	 4.5214 	 884.1516 	 13.0000 	 0.0387 	 3.4810 	 0.0000 	 2.4263 	 0.0156 
18.0000 	 0.2055 	 0.0084 	 0.0000 	 5.6792 	 913.7258 	 18.0000 	 0.3206 	 1.6612 	 0.0000 	 1.1331 	 0.2241 
21.0000 	 0.3049 	 0.0620 	 0.0000 	 4.5256 	 880.9237 	 21.0000 	 0.6228 	 3.0421 	 0.0000 	 2.9908 	 0.0051 
19.0000 	 0.2616 	 0.0502 	 0.0000 	 4.5348 	 881.5327 	 19.0000 	 0.3472 	 1.1485 	 0.0000 	 1.8582 	 0.0080 
16.0000 	 1.2770 	 4.7442 	 0.0000 	 3.8519 	 918.5597 	 16.0000 	 0.4495 	 0.9946 	 0.0000 	 2.6188 	 0.0649 
26.0000 	 0.3268 	 0.0528 	 0.0000 	 4.5196 	 880.0531 	 26.0000 	 2.3846 	 0.3653 	 0.0000 	 2.4538 	 0.0075 
14.0000 	 0.2541 	 0.0784 	 0.0000 	 4.5462 	 883.4763 	 14.0000 	 2.6179 	 2.0836 	 0.0000 	 1.1477 	 0.0085 
9.0000 	 0.2068 	 0.1085 	 0.0000 	 4.5697 	 888.4132 	 9.0000 	 0.8700 	 3.8381 	 0.0000 	 2.2346 	 0.0273 
17.0000 	 0.3110 	 0.0920 	 0.0000 	 4.5454 	 882.2531 	 17.0000 	 0.3466 	 2.1073 	 0.0000 	 1.9694 	 0.0057 
13.0000 	 0.2431 	 0.0803 	 0.0000 	 4.5779 	 884.1302 	 13.0000 	 0.7127 	 1.4633 	 0.0000 	 2.8075 	 0.0109 
13.0000 	 0.2434 	 0.0810 	 0.0000 	 4.5919 	 884.1464 	 13.0000 	 1.1988 	 0.6342 	 0.0000 	 0.6860 	 0.0046 
9.0000 	 0.1873 	 0.1007 	 0.0000 	 4.5939 	 888.4038 	 9.0000 	 0.7409 	 4.7617 	 0.0000 	 2.0468 	 0.0088 
9.0000 	 0.1736 	 0.0679 	 0.0000 	 4.7042 	 888.7416 	 9.0000 	 1.0685 	 3.6174 	 0.0000 	 1.8956 	 0.0401 
13.0000 	 0.2367 	 0.0761 	 0.0000 	 4.5200 	 884.1246 	 13.0000 	 1.3215 	 3.4567 	 0.0000 	 0.5828 	 0.0166 
22.0000 	 0.3124 	 0.0609 	 0.0000 	 4.5315 	 880.7138 	 22.0000 	 1.4004 	 4.5393 	 0.0000 	 0.8162 	 0.0027 
16.0000 	 0.2610 	 0.0653 	 0.0000 	 4.5461 	 882.5315 	 16.0000 	 0.3023 	 0.5394 	 0.0000 	 1.4592 	 0.0078 
23.0000 	 0.3518 	 0.0759 	 0.0000 	 4.5110 	 880.7489 	 23.0000 	 2.4564 	 3.2831 	 0.0000 	 1.8827 	 0.0381 
13.0000 	 0.2307 	 0.0754 	 0.0000 	 4.6026 	 883.8257 	 13.0000 	 1.4373 	 2.6984 	 0.0000 	 2.3666 	 0.0356 
11.0000 	 0.2133 	 0.0804 	 0.0000 	 4.5636 	 885.8161 	 11.0000 	 1.2688 	 3.3351 	 0.0000 	 1.2374 	 0.0061 
13.0000 	 0.2338 	 0.0735 	 0.0000 	 4.5532 	 884.1291 	 13.0000 	 0.9061 	 4.1637 	 0.0000 	 2.1079 	 0.0045 
17.0000 	 0.2869 	 0.0756 	 0.0000 	 4.5265 	 882.0754 	 17.0000 	 0.0035 	 0.1612 	 0.0000 	 1.9752 	 0.0359 
21.0000 	 0.3818 	 0.1024 	 0.0000 	 4.5976 	 881.8441 	 21.0000 	 0.0377 	 3.2823 	 0.0000 	 0.2648 	 0.0377 
9.0000 	 0.1301 	 0.0041 	 0.0000 	 5.9817 	 935.0234 	 9.0000 	 1.0009 	 0.9908 	 0.0000 	 0.4789 	 0.9927 
6.0000 	 0.1530 	 0.1218 	 0.0000 	 4.7315 	 893.5593 	 6.0000 	 0.4250 	 4.5453 	 0.0000 	 0.0360 	 0.3545 
14.0000 	 0.2443 	 0.0718 	 0.0000 	 4.5459 	 883.4819 	 14.0000 	 0.5397 	 4.9240 	 0.0000 	 1.6577 	 0.0056 
11.0000 	 0.2114 	 0.0795 	 0.0000 	 4.5566 	 885.8070 	 11.0000 	 0.0594 	 4.2374 	 0.0000 	 0.1467 	 0.0058 
16.0000 	 0.2482 	 0.0597 	 0.0000 	 4.5309 	 882.5454 	 16.0000 	 1.3007 	 0.9459 	 0.0000 	 0.5930 	 0.0057 
21.0000 	 0.2950 	 0.0572 	 0.0000 	 4.5300 	 880.9270 	 21.0000 	 1.3651 	 1.6595 	 0.0000 	 2.7961 	 0.0110 
9.0000 	 0.1904 	 0.0900 	 0.0000 	 4.6044 	 888.3395 	 9.0000 	 2.0278 	 1.6810 	 0.0000 	 0.7405 	 0.0095 
9.0000 	 0.1906 	 0.0899 	 0.0000 	 4.5887 	 888.3543 	 9.0000 	 2.2403 	 4.7175 	 0.0000 	 1.0134 	 0.0218 
8.0000 	 5.7121 	 0.0085 	 0.0000 	 5.6744 	 942.5765 	 8.0000 	 2.6503 	 4.1632 	 0.0000 	 2.3896 	 0.0000 
9.0000 	 0.6499 	 3.5857 	 0.0000 	 0.4031 	 945.1691 	 9.0000 	 0.6317 	 1.9586 	 0.0000 	 0.3521 	 0.2645 
8.0000 	 0.5046 	 1.3660 	 0.0000 	 4.4648 	 877.3177 	 8.0000 	 2.7093 	 4.5993 	 0.0000 	 2.4562 	 0.1740 
19.0000 	 0.2927 	 0.0657 	 0.0000 	 4.5422 	 881.4271 	 19.0000 	 0.5745 	 0.8053 	 0.0000 	 0.9248 	 0.0038 
22.0000 	 0.3083 	 0.0592 	 0.0000 	 4.5225 	 880.6668 	 22.0000 	 2.6466 	 2.5350 	 0.0000 	 0.8768 	 0.0072 
16.0000 	 0.2715 	 0.0722 	 0.0000 	 4.5248 	 882.4668 	 16.0000 	 0.9299 	 0.0270 	 0.0000 	 2.0705 	 0.0073 
6.0000 	 5.9929 	 0.0010 	 0.0000 	 9.9990 	 995.9906 	 6.0000 	 2.9121 	 2.0752 	 0.0000 	 0.2863 	 0.1378 
19.0000 	 0.2916 	 0.0654 	 0.0000 	 4.5119 	 881.4244 	 19.0000 	 0.5317 	 3.3605 	 0.0000 	 1.1856 	 0.0036 
9.0000 	 0.2033 	 0.1073 	 0.0000 	 4.5103 	 888.2166 	 9.0000 	 2.4274 	 2.0888 	 0.0000 	 1.7395 	 0.0581 
9.0000 	 0.5330 	 0.0930 	 0.0000 	 4.3682 	 863.5767 	 9.0000 	 1.1362 	 0.0877 	 0.0000 	 1.8410 	 0.2001 
6.0000 	 0.1310 	 0.0909 	 0.0000 	 4.7014 	 895.4572 	 6.0000 	 0.3672 	 2.6993 	 0.0000 	 2.0633 	 0.1324 
14.0000 	 0.2173 	 0.0544 	 0.0000 	 4.4927 	 883.6942 	 14.0000 	 2.1685 	 2.9048 	 0.0000 	 0.4133 	 0.0358 
12.0000 	 0.2333 	 0.0842 	 0.0000 	 4.5641 	 884.8787 	 12.0000 	 0.6588 	 3.1508 	 0.0000 	 1.6181 	 0.0074 
17.0000 	 0.2705 	 0.0658 	 0.0000 	 4.5587 	 882.0881 	 17.0000 	 2.1952 	 0.8540 	 0.0000 	 2.2855 	 0.0037 
21.0000 	 0.2915 	 0.0564 	 0.0000 	 4.5353 	 880.9251 	 21.0000 	 2.2516 	 2.3087 	 0.0000 	 2.6217 	 0.0066 
18.0000 	 0.2839 	 0.0666 	 0.0000 	 4.5379 	 881.7247 	 18.0000 	 1.9031 	 4.2648 	 0.0000 	 2.8859 	 0.0143 
6.0000 	 0.1484 	 0.1266 	 0.0000 	 4.5965 	 895.6136 	 6.0000 	 0.0445 	 3.2516 	 0.0000 	 2.0004 	 0.1256 
6.0000 	 0.2017 	 0.2323 	 0.0000 	 4.9955 	 898.3051 	 6.0000 	 1.2747 	 4.5609 	 0.0000 	 2.0127 	 0.0246 
19.0000 	 0.5006 	 0.0300 	 0.0000 	 4.2979 	 857.5235 	 19.0000 	 2.2050 	 0.5788 	 0.0000 	 0.2931 	 0.2108 
14.0000 	 0.2429 	 0.0713 	 0.0000 	 4.5362 	 883.4552 	 14.0000 	 0.0019 	 1.1023 	 0.0000 	 0.4976 	 0.0052 
18.0000 	 0.2767 	 0.0632 	 0.0000 	 4.5082 	 881.7331 	 18.0000 	 0.5407 	 4.2980 	 0.0000 	 1.3515 	 0.0045 
11.0000 	 0.2319 	 0.0978 	 0.0000 	 4.5640 	 885.8341 	 11.0000 	 1.5659 	 0.1490 	 0.0000 	 1.3939 	 0.0095 
16.0000 	 5.9987 	 9.9981 	 0.0000 	 9.9999 	 997.9084 	 16.0000 	 1.2666 	 0.9193 	 0.0000 	 0.2194 	 0.1348 
12.0000 	 0.2236 	 0.0759 	 0.0000 	 4.5845 	 884.9162 	 12.0000 	 2.1069 	 2.8676 	 0.0000 	 2.3976 	 0.0158 
16.0000 	 1.6560 	 0.0206 	 0.0000 	 4.3477 	 959.4026 	 16.0000 	 2.9885 	 1.5468 	 0.0000 	 1.2435 	 0.3094 
17.0000 	 0.2878 	 0.0761 	 0.0000 	 4.5359 	 882.0743 	 17.0000 	 1.7771 	 3.8626 	 0.0000 	 2.7215 	 0.0095 
12.0000 	 0.2373 	 0.0894 	 0.0000 	 4.5009 	 884.1710 	 12.0000 	 1.6507 	 2.9830 	 0.0000 	 2.3280 	 0.0167 
16.0000 	 0.2697 	 0.0723 	 0.0000 	 4.5349 	 882.4662 	 16.0000 	 0.5201 	 2.9521 	 0.0000 	 1.6458 	 0.0078 
8.0000 	 0.1702 	 0.0884 	 0.0000 	 4.6466 	 890.1233 	 8.0000 	 2.7705 	 3.6895 	 0.0000 	 0.9985 	 0.0136 
14.0000 	 0.2557 	 0.0784 	 0.0000 	 4.5040 	 883.5207 	 14.0000 	 2.3870 	 4.4347 	 0.0000 	 0.6227 	 0.0099 
14.0000 	 0.2466 	 0.0728 	 0.0000 	 4.5131 	 883.5049 	 14.0000 	 0.2819 	 1.8076 	 0.0000 	 0.4221 	 0.0155 
11.0000 	 0.7565 	 3.4562 	 0.0000 	 0.5331 	 939.6753 	 11.0000 	 0.7199 	 1.8968 	 0.0000 	 0.5662 	 0.1847 
16.0000 	 0.2787 	 0.0778 	 0.0000 	 4.5021 	 882.5030 	 16.0000 	 1.8677 	 1.4183 	 0.0000 	 1.6179 	 0.0100 
11.0000 	 0.2485 	 0.1129 	 0.0000 	 4.5476 	 885.9308 	 11.0000 	 0.7968 	 0.9344 	 0.0000 	 1.0422 	 0.0681 
14.0000 	 0.2405 	 0.0692 	 0.0000 	 4.5390 	 883.4943 	 14.0000 	 0.1853 	 2.3774 	 0.0000 	 1.8091 	 0.0050 
6.0000 	 0.1580 	 0.1371 	 0.0000 	 4.7132 	 895.7456 	 6.0000 	 2.6228 	 1.1067 	 0.0000 	 1.4997 	 0.0243 
18.0000 	 0.2840 	 0.0663 	 0.0000 	 4.5887 	 881.7788 	 18.0000 	 0.1391 	 0.0535 	 0.0000 	 2.7301 	 0.0087 
12.0000 	 0.2440 	 0.0940 	 0.0000 	 4.5371 	 884.8989 	 12.0000 	 2.0633 	 2.6902 	 0.0000 	 2.8679 	 0.0076 
8.0000 	 0.1637 	 0.0804 	 0.0000 	 4.5992 	 890.0810 	 8.0000 	 1.3246 	 2.4081 	 0.0000 	 2.1790 	 0.0167 
8.0000 	 0.1831 	 0.1047 	 0.0000 	 4.5829 	 890.1862 	 8.0000 	 0.3902 	 0.8022 	 0.0000 	 2.3361 	 0.0246 
12.0000 	 0.2059 	 0.0626 	 0.0000 	 4.5567 	 878.7592 	 12.0000 	 0.7375 	 3.3518 	 0.0000 	 1.5363 	 0.0992 
14.0000 	 0.2547 	 0.0792 	 0.0000 	 4.5630 	 883.4861 	 14.0000 	 0.9776 	 4.3653 	 0.0000 	 2.4171 	 0.0072 
16.0000 	 0.2065 	 0.0389 	 0.0000 	 4.5620 	 872.9169 	 16.0000 	 1.9823 	 4.8842 	 0.0000 	 0.6189 	 0.0247 
12.0000 	 0.2304 	 0.0817 	 0.0000 	 4.5559 	 884.8811 	 12.0000 	 0.7158 	 4.8843 	 0.0000 	 2.1046 	 0.0076 
11.0000 	 0.2707 	 0.1414 	 0.0000 	 4.5763 	 886.1952 	 11.0000 	 1.0745 	 1.0284 	 0.0000 	 0.6151 	 0.1505 
11.0000 	 0.2072 	 0.0770 	 0.0000 	 4.5784 	 885.8690 	 11.0000 	 0.5271 	 1.9774 	 0.0000 	 0.0676 	 0.0126 
12.0000 	 0.2350 	 0.0860 	 0.0000 	 4.5487 	 884.8800 	 12.0000 	 2.2091 	 1.7369 	 0.0000 	 2.7522 	 0.0086 
11.0000 	 0.2262 	 0.0910 	 0.0000 	 4.5652 	 885.8083 	 11.0000 	 0.0956 	 4.1094 	 0.0000 	 2.5413 	 0.0199 
11.0000 	 2.9650 	 2.5810 	 0.0000 	 4.4443 	 951.7708 	 11.0000 	 2.9655 	 2.5841 	 0.0000 	 2.9449 	 0.3071 
8.0000 	 0.2174 	 0.1496 	 0.0000 	 4.6706 	 881.3215 	 8.0000 	 2.3869 	 4.4065 	 0.0000 	 2.2489 	 0.0354 
8.0000 	 0.1562 	 0.0761 	 0.0000 	 4.6276 	 889.7002 	 8.0000 	 1.6317 	 2.3919 	 0.0000 	 0.6273 	 0.0159 
8.0000 	 2.9190 	 3.8797 	 0.0000 	 4.4253 	 952.9964 	 8.0000 	 2.9195 	 3.8789 	 0.0000 	 2.9252 	 0.3050 
14.0000 	 0.2485 	 0.0746 	 0.0000 	 4.5509 	 883.4839 	 14.0000 	 1.1710 	 4.3347 	 0.0000 	 0.3787 	 0.0034 
8.0000 	 0.2416 	 0.1932 	 0.0000 	 4.6477 	 884.6495 	 8.0000 	 0.5445 	 4.8329 	 0.0000 	 1.6078 	 0.1401 
6.0000 	 0.9734 	 10.0000 	 0.0000 	 4.3854 	 935.4845 	 6.0000 	 0.0310 	 0.5522 	 0.0000 	 2.6307 	 0.2115 
12.0000 	 0.2337 	 0.0839 	 0.0000 	 4.5956 	 884.9222 	 12.0000 	 2.7364 	 3.4897 	 0.0000 	 2.6320 	 0.0063 
6.0000 	 0.1462 	 0.1160 	 0.0000 	 4.6841 	 892.2394 	 6.0000 	 2.9465 	 0.1158 	 0.0000 	 2.5015 	 0.0137 
11.0000 	 0.2245 	 0.0894 	 0.0000 	 4.5376 	 885.7627 	 11.0000 	 2.6424 	 3.7021 	 0.0000 	 0.3661 	 0.0183 
8.0000 	 0.1720 	 0.0906 	 0.0000 	 4.6073 	 890.1008 	 8.0000 	 1.2871 	 3.9774 	 0.0000 	 0.1384 	 0.0095 
6.0000 	 0.1398 	 0.1062 	 0.0000 	 4.7561 	 895.5454 	 6.0000 	 0.3403 	 3.7624 	 0.0000 	 0.2492 	 0.0424 
