49.0000 	 2.1973 	 0.5228 	 0.0928 	 0.0000 	 843.0436 	 49.0000 	 2.0923 	 1.4218 	 -0.0689 	 0.0000 	 0.0591 
50.0000 	 2.2248 	 0.5176 	 0.1069 	 0.0000 	 843.2149 	 50.0000 	 1.1590 	 1.8915 	 -0.3731 	 0.0000 	 0.0549 
49.0000 	 2.1917 	 0.5294 	 0.0984 	 0.0000 	 843.0580 	 49.0000 	 2.6990 	 0.6892 	 -0.3832 	 0.0000 	 0.0478 
50.0000 	 2.2461 	 0.5071 	 0.0940 	 0.0000 	 843.1818 	 50.0000 	 2.9517 	 1.6854 	 0.3470 	 0.0000 	 0.0474 
50.0000 	 2.3510 	 0.4420 	 0.1103 	 0.0000 	 843.3177 	 50.0000 	 2.8771 	 0.9300 	 -0.4009 	 0.0000 	 0.0415 
50.0000 	 2.2021 	 0.5412 	 0.0877 	 0.0000 	 843.1880 	 50.0000 	 0.9937 	 0.7913 	 -0.2104 	 0.0000 	 0.0498 
50.0000 	 2.2259 	 0.5202 	 0.1021 	 0.0000 	 843.2322 	 50.0000 	 2.7906 	 2.3116 	 -0.1099 	 0.0000 	 0.0593 
49.0000 	 2.1944 	 0.5278 	 0.0968 	 0.0000 	 842.9940 	 49.0000 	 2.9170 	 1.2903 	 -0.2429 	 0.0000 	 0.0407 
50.0000 	 2.2894 	 0.4792 	 0.1038 	 0.0000 	 843.2505 	 50.0000 	 1.4919 	 0.3108 	 -0.3425 	 0.0000 	 0.0361 
36.0000 	 1.8501 	 0.5355 	 0.1075 	 0.0000 	 839.8663 	 36.0000 	 0.6324 	 0.2064 	 -0.0346 	 0.0000 	 0.0523 
37.0000 	 1.8946 	 0.5197 	 0.1031 	 0.0000 	 840.1151 	 37.0000 	 2.3039 	 2.0672 	 -0.1717 	 0.0000 	 0.0463 
36.0000 	 1.7724 	 0.6047 	 0.1019 	 0.0000 	 839.7537 	 36.0000 	 0.1056 	 0.6651 	 0.4935 	 0.0000 	 0.0938 
50.0000 	 2.2524 	 0.4997 	 0.1004 	 0.0000 	 843.1452 	 50.0000 	 1.6552 	 1.9422 	 0.4667 	 0.0000 	 0.0458 
36.0000 	 1.8195 	 0.5663 	 0.0995 	 0.0000 	 839.7970 	 36.0000 	 0.9988 	 0.0075 	 0.3191 	 0.0000 	 0.0562 
34.0000 	 0.0085 	 9.9924 	 8.6776 	 0.0000 	 1870.3183 	 34.0000 	 2.4710 	 1.8788 	 0.3083 	 0.0000 	 0.0000 
36.0000 	 1.8554 	 0.5253 	 0.1120 	 0.0000 	 839.8838 	 36.0000 	 1.9386 	 1.5162 	 0.4581 	 0.0000 	 0.0450 
37.0000 	 1.8129 	 0.5881 	 0.0949 	 0.0000 	 840.1465 	 37.0000 	 0.0870 	 2.8984 	 0.2414 	 0.0000 	 0.0410 
50.0000 	 2.2955 	 0.4725 	 0.0992 	 0.0000 	 843.1705 	 50.0000 	 2.4148 	 2.8720 	 -0.1707 	 0.0000 	 0.0463 
36.0000 	 1.8275 	 0.5546 	 0.0822 	 0.0000 	 839.8925 	 36.0000 	 2.8964 	 1.3087 	 -0.1127 	 0.0000 	 0.0407 
35.0000 	 1.7626 	 0.5849 	 0.0872 	 0.0000 	 839.5314 	 35.0000 	 0.0910 	 1.9005 	 0.3348 	 0.0000 	 0.0599 
22.0000 	 1.2748 	 0.7023 	 0.0858 	 0.0000 	 833.5504 	 22.0000 	 1.3036 	 0.0832 	 -0.0213 	 0.0000 	 0.0682 
37.0000 	 1.8356 	 0.5677 	 0.1049 	 0.0000 	 840.0864 	 37.0000 	 0.3195 	 1.5066 	 0.1548 	 0.0000 	 0.0526 
36.0000 	 1.8581 	 0.5208 	 0.1154 	 0.0000 	 839.9098 	 36.0000 	 2.9648 	 2.8356 	 0.1282 	 0.0000 	 0.0453 
35.0000 	 1.8354 	 0.5220 	 0.1116 	 0.0000 	 839.5788 	 35.0000 	 2.0660 	 0.7952 	 0.1007 	 0.0000 	 0.0341 
35.0000 	 1.7921 	 0.5600 	 0.0866 	 0.0000 	 839.6052 	 35.0000 	 2.3569 	 1.5161 	 0.1793 	 0.0000 	 0.0465 
36.0000 	 1.7625 	 0.6187 	 0.0914 	 0.0000 	 839.9830 	 36.0000 	 1.1441 	 0.5143 	 -0.4382 	 0.0000 	 0.0611 
19.0000 	 1.1448 	 0.7410 	 0.1025 	 0.0000 	 831.6531 	 19.0000 	 1.4347 	 1.5024 	 0.0064 	 0.0000 	 0.0434 
21.0000 	 1.2189 	 0.7330 	 0.1006 	 0.0000 	 833.1121 	 21.0000 	 1.7588 	 1.6770 	 -0.4971 	 0.0000 	 0.0441 
21.0000 	 1.2429 	 0.6967 	 0.0943 	 0.0000 	 832.9926 	 21.0000 	 2.6756 	 0.9208 	 0.3790 	 0.0000 	 0.0546 
35.0000 	 1.8130 	 0.5428 	 0.1018 	 0.0000 	 839.5390 	 35.0000 	 0.4328 	 2.5758 	 -0.3046 	 0.0000 	 0.0416 
7.0000 	 0.5241 	 0.7858 	 0.0528 	 0.0000 	 822.2407 	 7.0000 	 0.7704 	 2.4887 	 0.1281 	 0.0000 	 0.0437 
34.0000 	 1.7185 	 0.6065 	 0.0888 	 0.0000 	 839.2138 	 34.0000 	 1.6138 	 0.0121 	 -0.1743 	 0.0000 	 0.0429 
4.0000 	 0.2862 	 0.6872 	 0.0240 	 0.0000 	 823.7949 	 4.0000 	 1.9972 	 2.7419 	 0.2930 	 0.0000 	 0.0538 
21.0000 	 1.2480 	 0.6854 	 0.1042 	 0.0000 	 833.0139 	 21.0000 	 1.5083 	 0.0333 	 -0.1883 	 0.0000 	 0.0396 
36.0000 	 1.8215 	 0.5572 	 0.1030 	 0.0000 	 839.8172 	 36.0000 	 2.4223 	 1.3327 	 -0.2445 	 0.0000 	 0.0421 
20.0000 	 1.2021 	 0.7040 	 0.0843 	 0.0000 	 832.3822 	 20.0000 	 0.9524 	 1.8007 	 -0.1503 	 0.0000 	 0.0400 
20.0000 	 1.2092 	 0.6893 	 0.0891 	 0.0000 	 832.4117 	 20.0000 	 2.5555 	 2.1043 	 -0.1777 	 0.0000 	 0.0483 
35.0000 	 1.7732 	 0.5807 	 0.1159 	 0.0000 	 839.1367 	 35.0000 	 1.0969 	 1.8177 	 -0.0566 	 0.0000 	 0.0498 
21.0000 	 1.2934 	 0.6183 	 0.0854 	 0.0000 	 833.1927 	 21.0000 	 2.7067 	 0.0450 	 0.3498 	 0.0000 	 0.0479 
6.0000 	 0.4519 	 0.7618 	 0.0586 	 0.0000 	 822.2364 	 6.0000 	 1.1909 	 1.7291 	 -0.4922 	 0.0000 	 0.0341 
6.0000 	 0.4430 	 0.7828 	 0.0559 	 0.0000 	 822.1375 	 6.0000 	 2.7733 	 1.0141 	 -0.2261 	 0.0000 	 0.0401 
22.0000 	 1.2811 	 0.6949 	 0.0805 	 0.0000 	 833.7031 	 22.0000 	 0.6655 	 2.0704 	 0.0687 	 0.0000 	 0.0494 
35.0000 	 1.7410 	 0.6058 	 0.1036 	 0.0000 	 839.5441 	 35.0000 	 1.9180 	 0.5015 	 0.4899 	 0.0000 	 0.0440 
5.0000 	 0.3742 	 0.7271 	 0.0308 	 0.0000 	 822.5873 	 5.0000 	 2.4170 	 2.4908 	 0.3640 	 0.0000 	 0.0485 
5.0000 	 0.3600 	 0.7741 	 0.0333 	 0.0000 	 822.6715 	 5.0000 	 0.5936 	 2.2423 	 -0.4408 	 0.0000 	 0.0368 
35.0000 	 1.7567 	 0.5878 	 0.1096 	 0.0000 	 839.4828 	 35.0000 	 0.4664 	 1.8441 	 0.4784 	 0.0000 	 0.0450 
19.0000 	 1.1701 	 0.6955 	 0.0960 	 0.0000 	 831.6641 	 19.0000 	 2.8081 	 2.2871 	 0.4768 	 0.0000 	 0.0493 
34.0000 	 1.7817 	 0.5432 	 0.0950 	 0.0000 	 839.2450 	 34.0000 	 1.0928 	 1.9720 	 0.1248 	 0.0000 	 0.0450 
20.0000 	 1.1853 	 0.7322 	 0.1072 	 0.0000 	 832.4555 	 20.0000 	 1.2555 	 2.1792 	 0.1115 	 0.0000 	 0.0376 
7.0000 	 0.5128 	 0.8166 	 0.0679 	 0.0000 	 822.3667 	 7.0000 	 2.6138 	 1.4624 	 0.0509 	 0.0000 	 0.0422 
20.0000 	 1.2227 	 0.6704 	 0.1050 	 0.0000 	 832.4108 	 20.0000 	 2.4710 	 2.0078 	 0.3827 	 0.0000 	 0.0425 
35.0000 	 1.7557 	 0.5970 	 0.0901 	 0.0000 	 839.4773 	 35.0000 	 1.5373 	 0.7777 	 -0.4569 	 0.0000 	 0.0530 
4.0000 	 0.2852 	 0.6986 	 0.0429 	 0.0000 	 824.0167 	 4.0000 	 0.4948 	 2.1974 	 0.4856 	 0.0000 	 0.0704 
21.0000 	 1.2515 	 0.6809 	 0.0913 	 0.0000 	 833.0729 	 21.0000 	 1.7832 	 2.0511 	 0.0086 	 0.0000 	 0.0426 
6.0000 	 0.4480 	 0.7693 	 0.0457 	 0.0000 	 822.2025 	 6.0000 	 0.1513 	 2.8535 	 0.2171 	 0.0000 	 0.0343 
6.0000 	 0.4437 	 0.7896 	 0.0538 	 0.0000 	 822.1999 	 6.0000 	 2.5199 	 1.5852 	 -0.1257 	 0.0000 	 0.0423 
5.0000 	 0.3749 	 0.7210 	 0.0418 	 0.0000 	 822.5811 	 5.0000 	 1.8498 	 2.9814 	 0.4363 	 0.0000 	 0.0477 
5.0000 	 0.3662 	 0.7499 	 0.0356 	 0.0000 	 822.7006 	 5.0000 	 0.6893 	 0.8223 	 0.0316 	 0.0000 	 0.0323 
21.0000 	 1.2633 	 0.6573 	 0.1197 	 0.0000 	 832.9785 	 21.0000 	 1.8089 	 0.2849 	 -0.0448 	 0.0000 	 0.0434 
21.0000 	 1.2354 	 0.7083 	 0.0919 	 0.0000 	 833.0116 	 21.0000 	 0.6387 	 1.6984 	 -0.4809 	 0.0000 	 0.0371 
20.0000 	 1.2096 	 0.6950 	 0.0961 	 0.0000 	 832.3773 	 20.0000 	 0.9530 	 2.4457 	 -0.0157 	 0.0000 	 0.0479 
21.0000 	 1.2494 	 0.6889 	 0.0977 	 0.0000 	 833.0748 	 21.0000 	 0.6901 	 2.2248 	 -0.4484 	 0.0000 	 0.0449 
6.0000 	 0.4485 	 0.7753 	 0.0634 	 0.0000 	 822.1877 	 6.0000 	 0.3940 	 1.5558 	 -0.4011 	 0.0000 	 0.0324 
20.0000 	 1.1870 	 0.7271 	 0.0927 	 0.0000 	 832.3603 	 20.0000 	 0.9521 	 0.1739 	 -0.3017 	 0.0000 	 0.0518 
22.0000 	 1.2977 	 0.6612 	 0.1033 	 0.0000 	 833.5671 	 22.0000 	 0.5401 	 1.3476 	 0.0832 	 0.0000 	 0.0497 
5.0000 	 0.3638 	 0.7564 	 0.0425 	 0.0000 	 822.6781 	 5.0000 	 2.2485 	 0.9673 	 0.3709 	 0.0000 	 0.0397 
6.0000 	 0.4503 	 0.7696 	 0.0475 	 0.0000 	 822.1993 	 6.0000 	 1.4013 	 1.3556 	 0.2402 	 0.0000 	 0.0476 
20.0000 	 1.1781 	 0.7448 	 0.0865 	 0.0000 	 832.4084 	 20.0000 	 0.9868 	 2.4885 	 -0.1535 	 0.0000 	 0.0382 
20.0000 	 1.2119 	 0.6846 	 0.0912 	 0.0000 	 832.4158 	 20.0000 	 0.0498 	 0.8095 	 -0.1897 	 0.0000 	 0.0448 
5.0000 	 0.3622 	 0.7693 	 0.0427 	 0.0000 	 822.6424 	 5.0000 	 2.7168 	 0.4404 	 -0.4279 	 0.0000 	 0.0381 
19.0000 	 1.1619 	 0.7019 	 0.1015 	 0.0000 	 831.6723 	 19.0000 	 2.5614 	 1.7287 	 -0.2303 	 0.0000 	 0.0442 
6.0000 	 0.4523 	 0.7569 	 0.0595 	 0.0000 	 822.2411 	 6.0000 	 1.3895 	 1.3704 	 0.3921 	 0.0000 	 0.0434 
6.0000 	 0.4613 	 0.7271 	 0.0567 	 0.0000 	 822.2559 	 6.0000 	 2.6918 	 1.6507 	 -0.4092 	 0.0000 	 0.0381 
5.0000 	 0.3721 	 0.7332 	 0.0437 	 0.0000 	 822.6320 	 5.0000 	 2.0218 	 2.0052 	 -0.2925 	 0.0000 	 0.0460 
5.0000 	 0.3706 	 0.7311 	 0.0320 	 0.0000 	 822.6428 	 5.0000 	 1.2857 	 0.0989 	 0.2825 	 0.0000 	 0.0421 
7.0000 	 0.5217 	 0.7905 	 0.0794 	 0.0000 	 822.2547 	 7.0000 	 0.9045 	 2.7387 	 -0.4520 	 0.0000 	 0.0318 
4.0000 	 0.2918 	 0.6552 	 0.0232 	 0.0000 	 823.8784 	 4.0000 	 1.1051 	 0.7728 	 -0.3727 	 0.0000 	 0.0497 
49.0000 	 2.2193 	 0.5035 	 0.1027 	 0.0000 	 842.9912 	 49.0000 	 2.5528 	 2.9249 	 0.3330 	 0.0000 	 0.0406 
50.0000 	 2.2779 	 0.4910 	 0.0912 	 0.0000 	 843.1436 	 50.0000 	 1.2346 	 0.3334 	 -0.3152 	 0.0000 	 0.0533 
37.0000 	 1.8235 	 0.5770 	 0.1213 	 0.0000 	 840.2238 	 37.0000 	 2.6647 	 2.5315 	 0.1624 	 0.0000 	 0.0543 
36.0000 	 1.8082 	 0.5789 	 0.0822 	 0.0000 	 839.8326 	 36.0000 	 0.7605 	 1.6677 	 0.3688 	 0.0000 	 0.0639 
35.0000 	 1.7727 	 0.5748 	 0.1011 	 0.0000 	 839.4380 	 35.0000 	 1.7648 	 1.7152 	 -0.1343 	 0.0000 	 0.0512 
21.0000 	 1.2293 	 0.7129 	 0.1028 	 0.0000 	 833.0488 	 21.0000 	 0.7726 	 0.3477 	 0.4614 	 0.0000 	 0.0404 
20.0000 	 1.1751 	 0.7553 	 0.0877 	 0.0000 	 832.5099 	 20.0000 	 2.9492 	 2.4504 	 -0.4169 	 0.0000 	 0.0465 
6.0000 	 0.4522 	 0.7542 	 0.0425 	 0.0000 	 822.1719 	 6.0000 	 0.0575 	 1.5643 	 -0.2487 	 0.0000 	 0.0420 
5.0000 	 0.3637 	 0.7584 	 0.0463 	 0.0000 	 822.6883 	 5.0000 	 2.3773 	 2.8297 	 -0.0200 	 0.0000 	 0.0493 
34.0000 	 1.7764 	 0.5526 	 0.0973 	 0.0000 	 839.1809 	 34.0000 	 1.2735 	 1.6119 	 -0.3810 	 0.0000 	 0.0535 
48.0000 	 2.2087 	 0.4954 	 0.1099 	 0.0000 	 842.7129 	 48.0000 	 2.9003 	 1.7308 	 0.3024 	 0.0000 	 0.0630 
49.0000 	 2.2005 	 0.5192 	 0.1078 	 0.0000 	 842.9396 	 49.0000 	 1.1186 	 1.4192 	 0.3258 	 0.0000 	 0.0415 
49.0000 	 2.1892 	 0.5322 	 0.0879 	 0.0000 	 842.9694 	 49.0000 	 2.9906 	 2.4592 	 -0.2530 	 0.0000 	 0.0496 
22.0000 	 1.2930 	 0.6679 	 0.0899 	 0.0000 	 833.6805 	 22.0000 	 1.3402 	 2.4646 	 0.0540 	 0.0000 	 0.0436 
48.0000 	 2.1809 	 0.5206 	 0.1069 	 0.0000 	 842.8052 	 48.0000 	 1.9856 	 0.9786 	 0.0462 	 0.0000 	 0.0373 
49.0000 	 2.1685 	 0.5407 	 0.1064 	 0.0000 	 843.0263 	 49.0000 	 0.9948 	 0.5486 	 -0.2763 	 0.0000 	 0.0473 
47.0000 	 2.1853 	 0.5017 	 0.1026 	 0.0000 	 842.5804 	 47.0000 	 2.3156 	 1.6516 	 -0.1352 	 0.0000 	 0.0589 
19.0000 	 1.1159 	 0.7893 	 0.0993 	 0.0000 	 831.8614 	 19.0000 	 0.9263 	 0.2397 	 0.3459 	 0.0000 	 0.0418 
47.0000 	 2.1443 	 0.5288 	 0.0922 	 0.0000 	 842.5126 	 47.0000 	 2.0282 	 0.2992 	 -0.4590 	 0.0000 	 0.0465 
48.0000 	 2.1743 	 0.5151 	 0.1010 	 0.0000 	 842.8302 	 48.0000 	 0.5620 	 2.8514 	 0.3300 	 0.0000 	 0.0476 
7.0000 	 0.5152 	 0.8118 	 0.0773 	 0.0000 	 822.2662 	 7.0000 	 1.9079 	 1.7669 	 0.0442 	 0.0000 	 0.0306 
4.0000 	 0.2913 	 0.6617 	 0.0280 	 0.0000 	 823.9805 	 4.0000 	 0.6488 	 0.2986 	 -0.3511 	 0.0000 	 0.0492 
37.0000 	 1.8871 	 0.5188 	 0.1013 	 0.0000 	 840.3423 	 37.0000 	 2.4067 	 1.7637 	 -0.0241 	 0.0000 	 0.0304 
37.0000 	 1.9068 	 0.5084 	 0.1050 	 0.0000 	 840.1275 	 37.0000 	 0.7350 	 2.0637 	 -0.0036 	 0.0000 	 0.0627 
38.0000 	 1.8762 	 0.5638 	 0.0892 	 0.0000 	 840.3960 	 38.0000 	 1.7729 	 0.3210 	 0.1715 	 0.0000 	 0.0564 
48.0000 	 2.1343 	 0.5521 	 0.0876 	 0.0000 	 842.8617 	 48.0000 	 2.4251 	 1.5321 	 0.3876 	 0.0000 	 0.0465 
47.0000 	 2.2295 	 0.4706 	 0.1019 	 0.0000 	 842.5974 	 47.0000 	 0.1616 	 1.2472 	 0.2796 	 0.0000 	 0.0497 
50.0000 	 2.2415 	 0.5054 	 0.1053 	 0.0000 	 843.1291 	 50.0000 	 0.6318 	 0.1463 	 -0.2258 	 0.0000 	 0.0501 
38.0000 	 1.8859 	 0.5436 	 0.1214 	 0.0000 	 840.4461 	 38.0000 	 1.4598 	 2.6372 	 -0.2345 	 0.0000 	 0.0526 
39.0000 	 1.9126 	 0.5500 	 0.0876 	 0.0000 	 840.6511 	 39.0000 	 1.2077 	 1.2273 	 0.0306 	 0.0000 	 0.0503 
48.0000 	 2.1594 	 0.5329 	 0.0979 	 0.0000 	 842.6705 	 48.0000 	 0.0474 	 0.8674 	 0.4567 	 0.0000 	 0.0787 
37.0000 	 1.8303 	 0.5792 	 0.0831 	 0.0000 	 840.0771 	 37.0000 	 0.0724 	 1.7660 	 0.3695 	 0.0000 	 0.0454 
32.0000 	 0.0025 	 0.0010 	 -10.0000 	 0.0000 	 1806.5953 	 32.0000 	 0.3816 	 1.4460 	 -0.4776 	 0.0000 	 0.2634 
47.0000 	 2.1104 	 0.5546 	 0.0762 	 0.0000 	 842.6950 	 47.0000 	 1.8322 	 1.7529 	 -0.0341 	 0.0000 	 0.0438 
47.0000 	 2.1424 	 0.5312 	 0.0836 	 0.0000 	 842.7027 	 47.0000 	 1.5581 	 2.1576 	 0.4319 	 0.0000 	 0.0597 
48.0000 	 2.1924 	 0.5060 	 0.1012 	 0.0000 	 842.7189 	 48.0000 	 1.2333 	 1.4800 	 -0.1692 	 0.0000 	 0.0648 
38.0000 	 1.8856 	 0.5468 	 0.0968 	 0.0000 	 840.4264 	 38.0000 	 1.8340 	 0.5031 	 -0.3950 	 0.0000 	 0.0650 
33.0000 	 1.6815 	 0.6078 	 0.0974 	 0.0000 	 838.8780 	 33.0000 	 1.7475 	 2.8960 	 -0.3081 	 0.0000 	 0.0478 
39.0000 	 1.9340 	 0.5328 	 0.0960 	 0.0000 	 840.6652 	 39.0000 	 0.5884 	 1.6612 	 -0.2346 	 0.0000 	 0.0527 
48.0000 	 2.1543 	 0.5379 	 0.0945 	 0.0000 	 842.8211 	 48.0000 	 0.3050 	 1.0758 	 -0.0219 	 0.0000 	 0.0494 
34.0000 	 1.7550 	 0.5640 	 0.1074 	 0.0000 	 839.1656 	 34.0000 	 2.0487 	 2.6608 	 0.4466 	 0.0000 	 0.0440 
34.0000 	 1.7539 	 0.5688 	 0.1054 	 0.0000 	 839.2237 	 34.0000 	 0.2065 	 1.9041 	 0.4088 	 0.0000 	 0.0476 
34.0000 	 1.7508 	 0.5689 	 0.1106 	 0.0000 	 839.2397 	 34.0000 	 2.7774 	 0.3169 	 -0.2492 	 0.0000 	 0.0449 
23.0000 	 1.3338 	 0.6642 	 0.0895 	 0.0000 	 834.2489 	 23.0000 	 1.9032 	 0.4496 	 0.0597 	 0.0000 	 0.0463 
38.0000 	 1.8181 	 0.6112 	 0.0931 	 0.0000 	 840.5038 	 38.0000 	 1.9431 	 2.7899 	 0.0748 	 0.0000 	 0.0492 
47.0000 	 2.1772 	 0.5046 	 0.0989 	 0.0000 	 842.5739 	 47.0000 	 1.3778 	 1.6819 	 -0.3109 	 0.0000 	 0.0558 
24.0000 	 1.3861 	 0.6368 	 0.1039 	 0.0000 	 834.8179 	 24.0000 	 2.8293 	 0.4986 	 0.4245 	 0.0000 	 0.0383 
39.0000 	 1.9805 	 0.4964 	 0.0932 	 0.0000 	 840.7385 	 39.0000 	 0.4820 	 2.3935 	 -0.2285 	 0.0000 	 0.0501 
38.0000 	 1.7853 	 0.6516 	 0.0963 	 0.0000 	 840.8455 	 38.0000 	 0.1787 	 2.2432 	 -0.1205 	 0.0000 	 0.0486 
22.0000 	 1.3017 	 0.6643 	 0.0935 	 0.0000 	 833.7015 	 22.0000 	 0.3755 	 1.2233 	 -0.0867 	 0.0000 	 0.0586 
18.0000 	 1.1089 	 0.7360 	 0.0892 	 0.0000 	 830.9197 	 18.0000 	 1.9950 	 2.9972 	 -0.2107 	 0.0000 	 0.0439 
33.0000 	 1.7286 	 0.5662 	 0.1068 	 0.0000 	 838.8166 	 33.0000 	 0.0743 	 1.3467 	 -0.2219 	 0.0000 	 0.0374 
22.0000 	 1.2731 	 0.7008 	 0.0968 	 0.0000 	 833.7647 	 22.0000 	 0.8120 	 1.1726 	 0.0726 	 0.0000 	 0.0482 
38.0000 	 1.9066 	 0.5442 	 0.0754 	 0.0000 	 840.4900 	 38.0000 	 1.3824 	 0.2229 	 0.4345 	 0.0000 	 0.0505 
22.0000 	 1.2774 	 0.6939 	 0.1063 	 0.0000 	 833.7243 	 22.0000 	 0.8952 	 0.2587 	 -0.3057 	 0.0000 	 0.0399 
17.0000 	 1.0638 	 0.7470 	 0.0728 	 0.0000 	 830.1563 	 17.0000 	 2.3507 	 1.9514 	 -0.1023 	 0.0000 	 0.0458 
33.0000 	 1.7105 	 0.5792 	 0.1121 	 0.0000 	 838.8175 	 33.0000 	 2.0873 	 1.1414 	 0.0207 	 0.0000 	 0.0532 
8.0000 	 0.5896 	 0.7968 	 0.0776 	 0.0000 	 822.6673 	 8.0000 	 2.4005 	 2.7504 	 -0.1170 	 0.0000 	 0.0329 
3.0000 	 0.2010 	 0.5635 	 -0.0172 	 0.0000 	 826.4621 	 3.0000 	 0.1884 	 2.9274 	 -0.2297 	 0.0000 	 0.0658 
19.0000 	 1.1885 	 0.6637 	 0.1000 	 0.0000 	 831.6954 	 19.0000 	 1.3177 	 0.0096 	 -0.4525 	 0.0000 	 0.0446 
36.0000 	 1.8546 	 0.5304 	 0.0847 	 0.0000 	 839.9034 	 36.0000 	 0.2660 	 1.2224 	 -0.3369 	 0.0000 	 0.0489 
9.0000 	 0.6505 	 0.8027 	 0.0915 	 0.0000 	 823.2942 	 9.0000 	 2.4828 	 2.6036 	 0.2151 	 0.0000 	 0.0305 
32.0000 	 1.6570 	 0.6022 	 0.1103 	 0.0000 	 838.5131 	 32.0000 	 0.5324 	 2.7399 	 -0.2443 	 0.0000 	 0.0570 
2.0000 	 0.1110 	 0.4068 	 -0.0264 	 0.0000 	 829.9289 	 2.0000 	 2.2586 	 2.7268 	 0.2245 	 0.0000 	 0.1164 
19.0000 	 1.1559 	 0.7254 	 0.0613 	 0.0000 	 831.6392 	 19.0000 	 0.3787 	 0.8115 	 -0.3091 	 0.0000 	 0.0487 
7.0000 	 0.5271 	 0.7676 	 0.0565 	 0.0000 	 822.2669 	 7.0000 	 0.9087 	 2.9496 	 0.2872 	 0.0000 	 0.0294 
19.0000 	 1.1686 	 0.6921 	 0.0923 	 0.0000 	 831.6932 	 19.0000 	 0.2054 	 2.8777 	 0.1864 	 0.0000 	 0.0435 
23.0000 	 1.3834 	 0.5891 	 0.1058 	 0.0000 	 834.4784 	 23.0000 	 1.0352 	 1.8335 	 0.4675 	 0.0000 	 0.0773 
39.0000 	 1.8895 	 0.5698 	 0.0945 	 0.0000 	 840.7257 	 39.0000 	 1.3673 	 2.8663 	 0.3826 	 0.0000 	 0.0494 
49.0000 	 2.2530 	 0.4880 	 0.0881 	 0.0000 	 842.9480 	 49.0000 	 2.3115 	 1.7802 	 0.0054 	 0.0000 	 0.0454 
7.0000 	 0.5115 	 0.8208 	 0.0549 	 0.0000 	 822.3188 	 7.0000 	 1.5845 	 1.1824 	 0.2813 	 0.0000 	 0.0387 
4.0000 	 0.2882 	 0.6781 	 0.0321 	 0.0000 	 823.9657 	 4.0000 	 2.0441 	 1.4080 	 0.4994 	 0.0000 	 0.0457 
7.0000 	 0.5282 	 0.7617 	 0.0661 	 0.0000 	 822.3218 	 7.0000 	 2.9356 	 1.0231 	 0.2777 	 0.0000 	 0.0437 
32.0000 	 1.6447 	 0.6265 	 0.0899 	 0.0000 	 838.5694 	 32.0000 	 1.5174 	 2.6716 	 -0.2438 	 0.0000 	 0.0460 
33.0000 	 1.7278 	 0.5600 	 0.1051 	 0.0000 	 838.8470 	 33.0000 	 0.7120 	 1.8861 	 0.3626 	 0.0000 	 0.0409 
4.0000 	 0.2933 	 0.6588 	 0.0373 	 0.0000 	 823.8835 	 4.0000 	 0.7210 	 0.1090 	 -0.4058 	 0.0000 	 0.0539 
38.0000 	 1.9561 	 0.4990 	 0.0791 	 0.0000 	 840.7159 	 38.0000 	 2.3837 	 0.6134 	 -0.4575 	 0.0000 	 0.0408 
4.0000 	 0.2870 	 0.6639 	 0.0023 	 0.0000 	 823.9022 	 4.0000 	 0.4173 	 2.2532 	 0.2686 	 0.0000 	 0.0487 
18.0000 	 1.1006 	 0.7490 	 0.0718 	 0.0000 	 830.9754 	 18.0000 	 1.1197 	 1.0391 	 -0.1614 	 0.0000 	 0.0486 
39.0000 	 1.8692 	 0.5950 	 0.0862 	 0.0000 	 840.8597 	 39.0000 	 0.0149 	 0.1043 	 0.3570 	 0.0000 	 0.0595 
23.0000 	 1.3293 	 0.6763 	 0.0908 	 0.0000 	 834.2189 	 23.0000 	 1.2294 	 1.7974 	 0.4743 	 0.0000 	 0.0424 
33.0000 	 1.7252 	 0.5693 	 0.1042 	 0.0000 	 838.8106 	 33.0000 	 1.4133 	 1.6113 	 0.3224 	 0.0000 	 0.0447 
33.0000 	 1.7091 	 0.5837 	 0.1003 	 0.0000 	 838.8068 	 33.0000 	 2.6044 	 1.2336 	 0.1588 	 0.0000 	 0.0475 
8.0000 	 0.5796 	 0.8292 	 0.0790 	 0.0000 	 822.6797 	 8.0000 	 2.6856 	 1.9958 	 0.2313 	 0.0000 	 0.0386 
3.0000 	 0.2051 	 0.5523 	 0.0143 	 0.0000 	 826.6037 	 3.0000 	 0.2335 	 1.3589 	 -0.0212 	 0.0000 	 0.0822 
39.0000 	 1.9254 	 0.5408 	 0.0898 	 0.0000 	 840.6436 	 39.0000 	 2.7246 	 1.9051 	 0.2366 	 0.0000 	 0.0455 
24.0000 	 1.3693 	 0.6636 	 0.1115 	 0.0000 	 834.8034 	 24.0000 	 0.1452 	 0.0822 	 -0.1316 	 0.0000 	 0.0534 
35.0000 	 1.7810 	 0.5717 	 0.0904 	 0.0000 	 839.5591 	 35.0000 	 2.4016 	 1.9531 	 -0.4769 	 0.0000 	 0.0575 
24.0000 	 1.3734 	 0.6569 	 0.0971 	 0.0000 	 834.8262 	 24.0000 	 2.9161 	 0.0291 	 -0.3660 	 0.0000 	 0.0380 
23.0000 	 1.3430 	 0.6443 	 0.1085 	 0.0000 	 834.3023 	 23.0000 	 2.1324 	 0.6790 	 -0.2882 	 0.0000 	 0.0437 
18.0000 	 1.1230 	 0.7115 	 0.1143 	 0.0000 	 830.9446 	 18.0000 	 1.9499 	 0.7089 	 -0.0999 	 0.0000 	 0.0376 
32.0000 	 1.7225 	 0.5484 	 0.0990 	 0.0000 	 838.5913 	 32.0000 	 2.5692 	 2.3281 	 0.4066 	 0.0000 	 0.0572 
23.0000 	 1.3249 	 0.6761 	 0.1004 	 0.0000 	 834.2512 	 23.0000 	 0.3765 	 0.5853 	 0.2773 	 0.0000 	 0.0402 
33.0000 	 1.7253 	 0.5715 	 0.0991 	 0.0000 	 838.7740 	 33.0000 	 0.3921 	 1.5914 	 0.0725 	 0.0000 	 0.0518 
23.0000 	 1.3328 	 0.6629 	 0.0861 	 0.0000 	 834.2221 	 23.0000 	 0.7801 	 0.7663 	 0.3093 	 0.0000 	 0.0368 
8.0000 	 0.5802 	 0.8241 	 0.0649 	 0.0000 	 822.6756 	 8.0000 	 1.6455 	 0.5037 	 0.2958 	 0.0000 	 0.0347 
32.0000 	 1.6392 	 0.6288 	 0.0904 	 0.0000 	 838.5742 	 32.0000 	 0.5965 	 2.6437 	 -0.3503 	 0.0000 	 0.0994 
18.0000 	 1.0847 	 0.7828 	 0.0824 	 0.0000 	 831.0634 	 18.0000 	 0.1309 	 1.2011 	 -0.2794 	 0.0000 	 0.0389 
47.0000 	 2.1184 	 0.5444 	 0.1036 	 0.0000 	 842.5662 	 47.0000 	 1.7983 	 0.0958 	 0.0375 	 0.0000 	 0.0502 
3.0000 	 0.1988 	 0.5685 	 -0.0289 	 0.0000 	 826.4954 	 3.0000 	 0.8263 	 1.3920 	 -0.1890 	 0.0000 	 0.0691 
17.0000 	 1.0666 	 0.7507 	 0.0633 	 0.0000 	 830.2151 	 17.0000 	 0.4517 	 1.8823 	 0.1262 	 0.0000 	 0.0455 
17.0000 	 1.0344 	 0.8091 	 0.0698 	 0.0000 	 830.3299 	 17.0000 	 0.0294 	 2.0538 	 0.2803 	 0.0000 	 0.0416 
8.0000 	 0.5889 	 0.7949 	 0.0555 	 0.0000 	 822.7583 	 8.0000 	 1.4158 	 0.8341 	 0.4167 	 0.0000 	 0.0371 
24.0000 	 1.3653 	 0.6676 	 0.1107 	 0.0000 	 834.8603 	 24.0000 	 1.8249 	 0.7692 	 0.3408 	 0.0000 	 0.0488 
37.0000 	 1.8142 	 0.5836 	 0.1117 	 0.0000 	 840.1382 	 37.0000 	 2.5700 	 1.6387 	 -0.3111 	 0.0000 	 0.0699 
3.0000 	 0.2007 	 0.5548 	 -0.0070 	 0.0000 	 826.5052 	 3.0000 	 0.2504 	 2.5016 	 0.2172 	 0.0000 	 0.0768 
18.0000 	 1.1231 	 0.7086 	 0.1015 	 0.0000 	 830.8803 	 18.0000 	 1.2581 	 2.8648 	 0.2620 	 0.0000 	 0.0444 
23.0000 	 1.3568 	 0.6265 	 0.1093 	 0.0000 	 834.2605 	 23.0000 	 1.3134 	 1.4509 	 0.2378 	 0.0000 	 0.0417 
9.0000 	 0.6540 	 0.7966 	 0.0903 	 0.0000 	 823.3117 	 9.0000 	 0.3191 	 0.7615 	 0.0920 	 0.0000 	 0.0346 
47.0000 	 2.1408 	 0.5272 	 0.1055 	 0.0000 	 842.5264 	 47.0000 	 1.5403 	 0.1933 	 -0.1215 	 0.0000 	 0.0474 
9.0000 	 0.6496 	 0.8040 	 0.0792 	 0.0000 	 823.2741 	 9.0000 	 1.8418 	 2.7726 	 -0.0017 	 0.0000 	 0.0318 
2.0000 	 0.0938 	 0.4683 	 -0.0683 	 0.0000 	 830.5566 	 2.0000 	 0.0892 	 1.2168 	 -0.4510 	 0.0000 	 0.1543 
18.0000 	 1.1074 	 0.7376 	 0.0865 	 0.0000 	 830.9679 	 18.0000 	 1.4887 	 2.8176 	 0.2230 	 0.0000 	 0.0548 
2.0000 	 0.1079 	 0.4139 	 -0.0332 	 0.0000 	 829.9806 	 2.0000 	 2.1647 	 2.9312 	 -0.2211 	 0.0000 	 0.0878 
8.0000 	 0.5752 	 0.8452 	 0.0799 	 0.0000 	 822.7920 	 8.0000 	 2.2840 	 2.3897 	 -0.2900 	 0.0000 	 0.0387 
17.0000 	 1.0525 	 0.7685 	 0.0854 	 0.0000 	 830.1809 	 17.0000 	 1.0805 	 0.2045 	 0.3771 	 0.0000 	 0.0513 
24.0000 	 1.3717 	 0.6575 	 0.0940 	 0.0000 	 834.8002 	 24.0000 	 0.6762 	 1.6039 	 0.1312 	 0.0000 	 0.0457 
21.0000 	 1.2305 	 0.7119 	 0.0982 	 0.0000 	 833.0640 	 21.0000 	 1.2504 	 2.7642 	 0.2288 	 0.0000 	 0.0470 
3.0000 	 0.2007 	 0.5671 	 -0.0030 	 0.0000 	 826.4730 	 3.0000 	 1.4494 	 2.0910 	 0.4037 	 0.0000 	 0.0613 
8.0000 	 0.5823 	 0.8151 	 0.0758 	 0.0000 	 822.6836 	 8.0000 	 2.5881 	 2.9094 	 0.0237 	 0.0000 	 0.0332 
48.0000 	 2.2121 	 0.4924 	 0.1087 	 0.0000 	 842.7793 	 48.0000 	 1.2297 	 1.2184 	 -0.0897 	 0.0000 	 0.0426 
18.0000 	 1.1032 	 0.7450 	 0.1131 	 0.0000 	 831.0297 	 18.0000 	 1.1940 	 2.0871 	 -0.0066 	 0.0000 	 0.0429 
9.0000 	 0.6450 	 0.8289 	 0.0822 	 0.0000 	 823.3372 	 9.0000 	 0.2900 	 1.1232 	 -0.1568 	 0.0000 	 0.0482 
3.0000 	 0.2016 	 0.5672 	 -0.0001 	 0.0000 	 826.4156 	 3.0000 	 1.9286 	 0.2330 	 0.2727 	 0.0000 	 0.0765 
38.0000 	 1.9320 	 0.5123 	 0.1074 	 0.0000 	 840.5444 	 38.0000 	 2.0171 	 1.1456 	 -0.4172 	 0.0000 	 0.0422 
2.0000 	 0.1146 	 0.3830 	 -0.0475 	 0.0000 	 830.0696 	 2.0000 	 0.8533 	 0.6705 	 -0.0368 	 0.0000 	 0.0920 
32.0000 	 1.6699 	 0.5973 	 0.0927 	 0.0000 	 838.3948 	 32.0000 	 1.6715 	 2.4818 	 -0.3277 	 0.0000 	 0.0481 
8.0000 	 0.5868 	 0.8026 	 0.0885 	 0.0000 	 822.7165 	 8.0000 	 1.2441 	 0.6779 	 -0.2482 	 0.0000 	 0.0360 
3.0000 	 0.1933 	 0.5977 	 0.0196 	 0.0000 	 826.6075 	 3.0000 	 2.4804 	 1.6198 	 0.4161 	 0.0000 	 0.0709 
33.0000 	 1.6904 	 0.6017 	 0.0978 	 0.0000 	 838.9133 	 33.0000 	 2.2497 	 1.3902 	 -0.2387 	 0.0000 	 0.0509 
17.0000 	 1.0936 	 0.6866 	 0.0958 	 0.0000 	 830.1894 	 17.0000 	 0.8782 	 2.5851 	 0.2805 	 0.0000 	 0.0413 
23.0000 	 1.3283 	 0.6778 	 0.0937 	 0.0000 	 834.1965 	 23.0000 	 1.1554 	 1.1504 	 -0.4656 	 0.0000 	 0.0431 
20.0000 	 1.2005 	 0.7086 	 0.0745 	 0.0000 	 832.3781 	 20.0000 	 2.6886 	 0.7792 	 0.2801 	 0.0000 	 0.0569 
9.0000 	 0.6550 	 0.7924 	 0.0842 	 0.0000 	 823.2925 	 9.0000 	 1.3561 	 1.7527 	 -0.1210 	 0.0000 	 0.0365 
18.0000 	 1.1044 	 0.7400 	 0.0946 	 0.0000 	 830.9673 	 18.0000 	 0.3668 	 2.4605 	 -0.3443 	 0.0000 	 0.0416 
39.0000 	 1.9329 	 0.5335 	 0.0978 	 0.0000 	 840.7031 	 39.0000 	 0.8578 	 1.2132 	 -0.1317 	 0.0000 	 0.0442 
48.0000 	 2.2083 	 0.5045 	 0.0942 	 0.0000 	 842.8033 	 48.0000 	 0.9073 	 2.6001 	 -0.3281 	 0.0000 	 0.0505 
8.0000 	 0.5924 	 0.7860 	 0.0888 	 0.0000 	 822.6022 	 8.0000 	 0.2153 	 0.7704 	 0.1090 	 0.0000 	 0.0466 
3.0000 	 0.1989 	 0.5793 	 -0.0063 	 0.0000 	 826.4287 	 3.0000 	 1.0082 	 0.3704 	 0.2581 	 0.0000 	 0.0801 
2.0000 	 0.1046 	 0.4230 	 -0.0529 	 0.0000 	 830.0036 	 2.0000 	 2.3487 	 2.7707 	 -0.3321 	 0.0000 	 0.0809 
39.0000 	 1.8899 	 0.5695 	 0.0965 	 0.0000 	 840.7100 	 39.0000 	 0.7774 	 1.9264 	 -0.3001 	 0.0000 	 0.0611 
34.0000 	 1.7864 	 0.5384 	 0.0994 	 0.0000 	 839.3241 	 34.0000 	 1.8551 	 2.6187 	 -0.4233 	 0.0000 	 0.0479 
38.0000 	 1.8588 	 0.5736 	 0.0950 	 0.0000 	 840.3511 	 38.0000 	 0.7258 	 1.0938 	 -0.4627 	 0.0000 	 0.0447 
6.0000 	 0.4360 	 0.8183 	 0.0474 	 0.0000 	 822.1448 	 6.0000 	 2.6220 	 1.9579 	 -0.2161 	 0.0000 	 0.0611 
49.0000 	 2.1311 	 0.5753 	 0.0818 	 0.0000 	 843.2656 	 49.0000 	 1.6660 	 1.3675 	 0.2177 	 0.0000 	 0.0445 
24.0000 	 1.3924 	 0.6419 	 0.1029 	 0.0000 	 834.8430 	 24.0000 	 0.3334 	 0.8131 	 -0.2404 	 0.0000 	 0.0695 
33.0000 	 1.6867 	 0.6080 	 0.0955 	 0.0000 	 838.7303 	 33.0000 	 2.5747 	 1.9490 	 0.0991 	 0.0000 	 0.0437 
48.0000 	 1.4976 	 1.7746 	 -0.3042 	 0.0000 	 882.3480 	 48.0000 	 0.2977 	 1.6161 	 -0.2533 	 0.0000 	 0.2091 
5.0000 	 0.3708 	 0.7383 	 0.0343 	 0.0000 	 822.6531 	 5.0000 	 0.2419 	 0.1160 	 -0.0576 	 0.0000 	 0.0346 
37.0000 	 1.8067 	 0.5929 	 0.0969 	 0.0000 	 840.2316 	 37.0000 	 2.8393 	 1.4222 	 0.2955 	 0.0000 	 0.0559 
23.0000 	 1.3491 	 0.6475 	 0.0785 	 0.0000 	 834.3142 	 23.0000 	 0.4661 	 0.5649 	 -0.1970 	 0.0000 	 0.0492 
38.0000 	 1.8686 	 0.5639 	 0.0857 	 0.0000 	 840.5120 	 38.0000 	 2.3925 	 0.8202 	 0.1671 	 0.0000 	 0.0462 
34.0000 	 1.6737 	 0.6573 	 0.0962 	 0.0000 	 839.4168 	 34.0000 	 1.9741 	 2.5836 	 0.3481 	 0.0000 	 0.0460 
49.0000 	 2.2346 	 0.5021 	 0.0827 	 0.0000 	 842.9293 	 49.0000 	 1.4273 	 0.7597 	 -0.3972 	 0.0000 	 0.0475 
18.0000 	 1.1121 	 0.7242 	 0.0960 	 0.0000 	 830.8932 	 18.0000 	 1.6946 	 0.8472 	 0.2507 	 0.0000 	 0.0361 
22.0000 	 1.2955 	 0.6720 	 0.0740 	 0.0000 	 833.6388 	 22.0000 	 1.2754 	 2.7747 	 -0.2603 	 0.0000 	 0.0454 
8.0000 	 0.5891 	 0.8016 	 0.0781 	 0.0000 	 822.6106 	 8.0000 	 0.3705 	 0.9548 	 0.4368 	 0.0000 	 0.0454 
22.0000 	 1.2872 	 0.6772 	 0.0985 	 0.0000 	 833.6163 	 22.0000 	 2.7628 	 1.8490 	 -0.2626 	 0.0000 	 0.0486 
3.0000 	 0.2001 	 0.5664 	 0.0024 	 0.0000 	 826.5415 	 3.0000 	 2.2516 	 2.9510 	 -0.2939 	 0.0000 	 0.0687 
19.0000 	 1.1631 	 0.7061 	 0.0845 	 0.0000 	 831.7101 	 19.0000 	 2.3445 	 0.7202 	 0.2227 	 0.0000 	 0.0371 
33.0000 	 1.6941 	 0.5991 	 0.0977 	 0.0000 	 838.8962 	 33.0000 	 2.5820 	 2.8195 	 -0.4413 	 0.0000 	 0.0527 
17.0000 	 1.0628 	 0.7431 	 0.0949 	 0.0000 	 830.1511 	 17.0000 	 1.3582 	 0.1496 	 -0.1876 	 0.0000 	 0.0445 
37.0000 	 1.8154 	 0.5849 	 0.0946 	 0.0000 	 840.1895 	 37.0000 	 0.6064 	 2.7038 	 0.0334 	 0.0000 	 0.0407 
7.0000 	 0.5249 	 0.7807 	 0.0668 	 0.0000 	 822.2731 	 7.0000 	 1.4120 	 0.2958 	 -0.0984 	 0.0000 	 0.0297 
23.0000 	 1.3319 	 0.6697 	 0.0855 	 0.0000 	 834.2924 	 23.0000 	 0.4138 	 1.4333 	 0.2430 	 0.0000 	 0.0509 
4.0000 	 0.2862 	 0.6825 	 0.0254 	 0.0000 	 823.8829 	 4.0000 	 0.3974 	 0.5070 	 0.2040 	 0.0000 	 0.0462 
18.0000 	 1.1395 	 0.6778 	 0.1042 	 0.0000 	 831.0234 	 18.0000 	 2.8876 	 0.1167 	 -0.1529 	 0.0000 	 0.1135 
9.0000 	 0.6524 	 0.8001 	 0.0829 	 0.0000 	 823.2641 	 9.0000 	 1.7099 	 0.2134 	 0.2079 	 0.0000 	 0.0379 
34.0000 	 1.7304 	 0.5891 	 0.1013 	 0.0000 	 839.2121 	 34.0000 	 1.0311 	 2.2958 	 -0.1139 	 0.0000 	 0.0369 
8.0000 	 0.5762 	 0.8560 	 0.0850 	 0.0000 	 822.8093 	 8.0000 	 0.4512 	 2.9096 	 0.1375 	 0.0000 	 0.0269 
3.0000 	 0.1888 	 0.6301 	 0.0156 	 0.0000 	 826.7625 	 3.0000 	 0.4860 	 1.1603 	 -0.3598 	 0.0000 	 0.0621 
32.0000 	 1.6689 	 0.5989 	 0.1130 	 0.0000 	 838.4920 	 32.0000 	 1.0743 	 1.0709 	 -0.4433 	 0.0000 	 0.0458 
2.0000 	 0.1120 	 0.3865 	 -0.0424 	 0.0000 	 830.0312 	 2.0000 	 0.2682 	 2.9891 	 0.1257 	 0.0000 	 0.1016 
22.0000 	 1.2996 	 0.6600 	 0.1099 	 0.0000 	 833.7121 	 22.0000 	 1.4802 	 0.8126 	 0.3285 	 0.0000 	 0.0394 
19.0000 	 1.1370 	 0.7561 	 0.0674 	 0.0000 	 831.8117 	 19.0000 	 1.8281 	 2.4361 	 0.4004 	 0.0000 	 0.0387 
19.0000 	 1.1603 	 0.7090 	 0.0944 	 0.0000 	 831.6608 	 19.0000 	 0.3177 	 0.0057 	 0.4381 	 0.0000 	 0.0464 
32.0000 	 1.6687 	 0.6024 	 0.0964 	 0.0000 	 838.4164 	 32.0000 	 2.6484 	 0.7334 	 -0.1685 	 0.0000 	 0.0770 
7.0000 	 0.5300 	 0.7713 	 0.0699 	 0.0000 	 822.2928 	 7.0000 	 0.3022 	 2.0949 	 0.2149 	 0.0000 	 0.0473 
4.0000 	 0.2866 	 0.6770 	 0.0110 	 0.0000 	 823.7714 	 4.0000 	 1.2573 	 2.9356 	 -0.3737 	 0.0000 	 0.0665 
7.0000 	 0.5180 	 0.8004 	 0.0662 	 0.0000 	 822.2848 	 7.0000 	 2.9522 	 2.5704 	 0.3035 	 0.0000 	 0.0358 
4.0000 	 0.2834 	 0.6875 	 0.0104 	 0.0000 	 823.9553 	 4.0000 	 0.3295 	 2.9514 	 -0.4636 	 0.0000 	 0.0489 
24.0000 	 1.3875 	 0.6334 	 0.0949 	 0.0000 	 834.8375 	 24.0000 	 0.9559 	 0.0405 	 0.1865 	 0.0000 	 0.0449 
47.0000 	 2.1687 	 0.5164 	 0.0874 	 0.0000 	 842.5606 	 47.0000 	 1.9835 	 0.1449 	 -0.2462 	 0.0000 	 0.0520 
24.0000 	 1.3358 	 0.7090 	 0.0988 	 0.0000 	 834.9308 	 24.0000 	 2.4947 	 1.7748 	 0.1172 	 0.0000 	 0.0611 
17.0000 	 1.0613 	 0.7535 	 0.1016 	 0.0000 	 830.1755 	 17.0000 	 2.5299 	 2.7590 	 0.1515 	 0.0000 	 0.1168 
17.0000 	 1.0738 	 0.7278 	 0.0849 	 0.0000 	 830.0983 	 17.0000 	 1.2301 	 0.5697 	 -0.4764 	 0.0000 	 0.0438 
46.0000 	 2.1369 	 0.5228 	 0.0939 	 0.0000 	 842.3742 	 46.0000 	 2.3052 	 1.2514 	 0.2713 	 0.0000 	 0.0784 
47.0000 	 2.1659 	 0.5137 	 0.0836 	 0.0000 	 842.6585 	 47.0000 	 1.3715 	 1.9626 	 0.2924 	 0.0000 	 0.0548 
46.0000 	 2.1861 	 0.4807 	 0.0998 	 0.0000 	 842.3883 	 46.0000 	 2.6131 	 2.8696 	 -0.4753 	 0.0000 	 0.0459 
9.0000 	 0.6382 	 0.8403 	 0.0736 	 0.0000 	 823.2949 	 9.0000 	 0.9749 	 1.5772 	 -0.0908 	 0.0000 	 0.0291 
9.0000 	 0.6524 	 0.8057 	 0.0770 	 0.0000 	 823.3893 	 9.0000 	 0.0985 	 1.3633 	 0.0771 	 0.0000 	 0.0326 
2.0000 	 0.1055 	 0.4230 	 -0.0461 	 0.0000 	 829.9377 	 2.0000 	 0.4248 	 0.8430 	 0.2693 	 0.0000 	 0.0982 
39.0000 	 1.9756 	 0.4972 	 0.1095 	 0.0000 	 840.7691 	 39.0000 	 1.8220 	 2.2220 	 0.1383 	 0.0000 	 0.0426 
2.0000 	 0.1085 	 0.4064 	 -0.0403 	 0.0000 	 830.0133 	 2.0000 	 1.5252 	 2.1563 	 -0.4364 	 0.0000 	 0.1003 
46.0000 	 2.1623 	 0.4967 	 0.0992 	 0.0000 	 842.3777 	 46.0000 	 0.4447 	 0.4808 	 -0.2418 	 0.0000 	 0.0518 
46.0000 	 2.1481 	 0.5030 	 0.1021 	 0.0000 	 842.3885 	 46.0000 	 0.5335 	 1.3096 	 0.4762 	 0.0000 	 0.0485 
46.0000 	 2.1413 	 0.5101 	 0.1030 	 0.0000 	 842.2838 	 46.0000 	 0.7255 	 1.9211 	 0.4440 	 0.0000 	 0.0713 
40.0000 	 1.9769 	 0.5191 	 0.0995 	 0.0000 	 840.9050 	 40.0000 	 2.9171 	 0.5873 	 -0.4414 	 0.0000 	 0.0515 
46.0000 	 2.3548 	 0.6653 	 0.2344 	 0.0000 	 841.1020 	 46.0000 	 2.3581 	 0.6661 	 0.2345 	 0.0000 	 0.1230 
46.0000 	 2.1243 	 0.5230 	 0.1043 	 0.0000 	 842.3511 	 46.0000 	 2.1065 	 0.8784 	 0.0424 	 0.0000 	 0.0450 
31.0000 	 2.1472 	 1.7459 	 4.8682 	 0.0000 	 1810.7022 	 31.0000 	 2.1445 	 1.7481 	 -0.1303 	 0.0000 	 0.3021 
40.0000 	 1.9595 	 0.5282 	 0.1013 	 0.0000 	 840.9367 	 40.0000 	 0.2909 	 0.6443 	 -0.0690 	 0.0000 	 0.0543 
39.0000 	 1.9048 	 0.5559 	 0.0972 	 0.0000 	 840.7695 	 39.0000 	 2.9634 	 2.0179 	 -0.2110 	 0.0000 	 0.0408 
32.0000 	 1.6502 	 0.6164 	 0.0904 	 0.0000 	 838.4438 	 32.0000 	 1.9960 	 0.7147 	 0.4376 	 0.0000 	 0.0546 
40.0000 	 1.9674 	 0.5334 	 0.0970 	 0.0000 	 840.8665 	 40.0000 	 1.3818 	 0.1884 	 0.2842 	 0.0000 	 0.0582 
46.0000 	 2.2309 	 0.4514 	 0.1069 	 0.0000 	 842.5981 	 46.0000 	 0.9920 	 2.3496 	 -0.2520 	 0.0000 	 0.0575 
25.0000 	 1.4172 	 0.6326 	 0.1190 	 0.0000 	 835.3184 	 25.0000 	 2.5568 	 0.2297 	 0.1260 	 0.0000 	 0.0408 
40.0000 	 1.9602 	 0.5321 	 0.1031 	 0.0000 	 841.0393 	 40.0000 	 0.2237 	 2.2842 	 -0.2172 	 0.0000 	 0.0866 
46.0000 	 2.1419 	 0.5082 	 0.1023 	 0.0000 	 842.4007 	 46.0000 	 2.5033 	 0.3122 	 0.0582 	 0.0000 	 0.0436 
45.0000 	 2.1088 	 0.5190 	 0.0999 	 0.0000 	 842.1355 	 45.0000 	 1.1815 	 1.9905 	 -0.1276 	 0.0000 	 0.0458 
40.0000 	 1.8853 	 0.5944 	 0.1099 	 0.0000 	 841.2102 	 40.0000 	 1.0696 	 0.8769 	 -0.2513 	 0.0000 	 0.0555 
46.0000 	 2.0791 	 0.5494 	 0.1044 	 0.0000 	 842.3646 	 46.0000 	 1.8767 	 0.2447 	 -0.2894 	 0.0000 	 0.0664 
40.0000 	 1.8713 	 0.6150 	 0.1113 	 0.0000 	 841.2773 	 40.0000 	 2.0030 	 1.4186 	 -0.1512 	 0.0000 	 0.0505 
15.0000 	 0.9726 	 0.7624 	 0.0853 	 0.0000 	 828.4541 	 15.0000 	 2.2454 	 0.3794 	 0.2498 	 0.0000 	 0.0354 
24.0000 	 1.3944 	 0.6242 	 0.0771 	 0.0000 	 834.8367 	 24.0000 	 1.7388 	 2.2706 	 0.4890 	 0.0000 	 0.0398 
32.0000 	 1.6440 	 0.6263 	 0.0814 	 0.0000 	 838.5330 	 32.0000 	 2.6606 	 2.6376 	 0.3676 	 0.0000 	 0.0494 
40.0000 	 1.9053 	 0.5693 	 0.1183 	 0.0000 	 840.9912 	 40.0000 	 2.7273 	 2.3756 	 -0.0270 	 0.0000 	 0.0538 
31.0000 	 1.5142 	 0.7657 	 0.0941 	 0.0000 	 839.2081 	 31.0000 	 0.4438 	 1.3295 	 0.1997 	 0.0000 	 0.0854 
45.0000 	 2.1145 	 0.5107 	 0.0984 	 0.0000 	 842.1575 	 45.0000 	 1.4320 	 2.7347 	 0.1482 	 0.0000 	 0.0467 
31.0000 	 1.6546 	 0.5812 	 0.0932 	 0.0000 	 838.1891 	 31.0000 	 2.9180 	 0.9824 	 0.0210 	 0.0000 	 0.0407 
11.0000 	 0.7676 	 0.7968 	 0.0767 	 0.0000 	 824.9565 	 11.0000 	 0.7747 	 2.4277 	 0.1301 	 0.0000 	 0.0357 
17.0000 	 1.0394 	 0.7957 	 0.0754 	 0.0000 	 830.2557 	 17.0000 	 1.5430 	 2.6438 	 0.4721 	 0.0000 	 0.0501 
31.0000 	 1.6538 	 0.5823 	 0.1211 	 0.0000 	 838.1460 	 31.0000 	 1.6787 	 0.4305 	 0.2766 	 0.0000 	 0.0452 
41.0000 	 2.0164 	 0.5043 	 0.1050 	 0.0000 	 841.2282 	 41.0000 	 1.8099 	 0.7133 	 0.1724 	 0.0000 	 0.0624 
9.0000 	 0.6539 	 0.7911 	 0.0681 	 0.0000 	 823.2449 	 9.0000 	 0.8753 	 2.2171 	 -0.0553 	 0.0000 	 0.0371 
2.0000 	 0.1090 	 0.4097 	 -0.0428 	 0.0000 	 830.0474 	 2.0000 	 2.6076 	 2.3793 	 -0.3208 	 0.0000 	 0.1229 
40.0000 	 1.9792 	 0.5205 	 0.0853 	 0.0000 	 840.9859 	 40.0000 	 0.5188 	 1.8046 	 -0.3740 	 0.0000 	 0.0506 
31.0000 	 1.5949 	 0.6570 	 0.0293 	 0.0000 	 838.5048 	 31.0000 	 0.5101 	 0.5212 	 0.0955 	 0.0000 	 0.0625 
40.0000 	 1.9358 	 0.5499 	 0.1015 	 0.0000 	 840.9803 	 40.0000 	 0.5184 	 0.0962 	 -0.2565 	 0.0000 	 0.0440 
45.0000 	 2.0913 	 0.5266 	 0.0967 	 0.0000 	 842.1841 	 45.0000 	 1.3674 	 2.2931 	 -0.1085 	 0.0000 	 0.0410 
45.0000 	 2.0097 	 0.6002 	 0.0754 	 0.0000 	 842.3551 	 45.0000 	 0.1540 	 0.8141 	 0.2102 	 0.0000 	 0.0483 
25.0000 	 1.3914 	 0.6738 	 0.1003 	 0.0000 	 835.3518 	 25.0000 	 2.0550 	 1.5871 	 -0.4332 	 0.0000 	 0.0444 
25.0000 	 1.4170 	 0.6403 	 0.1092 	 0.0000 	 835.4583 	 25.0000 	 0.9452 	 2.5376 	 0.4297 	 0.0000 	 0.0527 
31.0000 	 1.6131 	 0.6312 	 0.1026 	 0.0000 	 838.1435 	 31.0000 	 1.1919 	 1.1245 	 -0.3734 	 0.0000 	 0.0457 
30.0000 	 1.5853 	 0.6196 	 0.1004 	 0.0000 	 837.7122 	 30.0000 	 2.1680 	 0.8532 	 -0.4617 	 0.0000 	 0.0549 
45.0000 	 2.1039 	 0.5195 	 0.1096 	 0.0000 	 842.2084 	 45.0000 	 0.5142 	 0.3281 	 -0.0823 	 0.0000 	 0.0514 
31.0000 	 1.6326 	 0.6030 	 0.0953 	 0.0000 	 838.0686 	 31.0000 	 2.6302 	 2.0277 	 0.2973 	 0.0000 	 0.0497 
24.0000 	 1.2992 	 1.1188 	 -1.0547 	 0.0000 	 830.4779 	 24.0000 	 0.1422 	 2.9681 	 -0.0569 	 0.0000 	 0.2139 
40.0000 	 1.9630 	 0.5286 	 0.0950 	 0.0000 	 840.8986 	 40.0000 	 1.5125 	 2.9723 	 -0.1864 	 0.0000 	 0.0378 
15.0000 	 0.9812 	 0.7385 	 0.0741 	 0.0000 	 828.5457 	 15.0000 	 1.5286 	 1.7570 	 0.4264 	 0.0000 	 0.0479 
31.0000 	 1.5924 	 0.6438 	 0.0932 	 0.0000 	 838.2283 	 31.0000 	 2.1835 	 2.0015 	 0.3634 	 0.0000 	 0.0401 
45.0000 	 2.0900 	 0.5259 	 0.1052 	 0.0000 	 842.1619 	 45.0000 	 1.5028 	 1.4359 	 -0.1493 	 0.0000 	 0.0480 
25.0000 	 1.3781 	 0.7025 	 0.0951 	 0.0000 	 835.4579 	 25.0000 	 0.6718 	 1.4395 	 0.1023 	 0.0000 	 0.0433 
25.0000 	 1.4090 	 0.6524 	 0.0927 	 0.0000 	 835.2962 	 25.0000 	 1.3653 	 2.0840 	 0.1718 	 0.0000 	 0.0498 
41.0000 	 0.0025 	 0.0018 	 -9.7752 	 0.0000 	 1870.3184 	 41.0000 	 0.8571 	 0.2147 	 0.2653 	 0.0000 	 0.0000 
25.0000 	 1.3951 	 0.6688 	 0.1028 	 0.0000 	 835.4589 	 25.0000 	 2.9796 	 0.7980 	 -0.2069 	 0.0000 	 0.0476 
15.0000 	 0.9625 	 0.7851 	 0.0757 	 0.0000 	 828.5444 	 15.0000 	 0.0996 	 1.7537 	 -0.0691 	 0.0000 	 0.0348 
11.0000 	 0.7664 	 0.7952 	 0.0899 	 0.0000 	 824.9681 	 11.0000 	 0.3683 	 0.4758 	 0.1346 	 0.0000 	 0.0340 
41.0000 	 1.9501 	 0.5601 	 0.1010 	 0.0000 	 841.2890 	 41.0000 	 1.7433 	 2.8475 	 -0.2181 	 0.0000 	 0.0423 
26.0000 	 1.4245 	 0.6733 	 0.0686 	 0.0000 	 835.9446 	 26.0000 	 0.9602 	 0.0837 	 -0.1451 	 0.0000 	 0.0465 
31.0000 	 1.6460 	 0.5905 	 0.1093 	 0.0000 	 838.1652 	 31.0000 	 1.3351 	 2.2401 	 -0.1661 	 0.0000 	 0.0491 
11.0000 	 0.7561 	 0.8315 	 0.0807 	 0.0000 	 824.9336 	 11.0000 	 0.8605 	 0.6334 	 -0.1876 	 0.0000 	 0.0426 
15.0000 	 0.9783 	 0.7436 	 0.0811 	 0.0000 	 828.5541 	 15.0000 	 2.3877 	 0.2432 	 0.3140 	 0.0000 	 0.0421 
25.0000 	 1.4215 	 0.6345 	 0.1068 	 0.0000 	 835.3701 	 25.0000 	 2.0339 	 1.8383 	 -0.3246 	 0.0000 	 0.0434 
25.0000 	 1.4298 	 0.6240 	 0.1100 	 0.0000 	 835.3899 	 25.0000 	 2.6473 	 2.9678 	 0.2069 	 0.0000 	 0.0515 
45.0000 	 2.1036 	 0.5192 	 0.1080 	 0.0000 	 842.2214 	 45.0000 	 2.3517 	 1.8035 	 -0.4815 	 0.0000 	 0.0515 
17.0000 	 1.0636 	 0.7464 	 0.0781 	 0.0000 	 830.1532 	 17.0000 	 0.4121 	 2.8125 	 0.3451 	 0.0000 	 0.0418 
14.0000 	 0.9284 	 0.7680 	 0.0917 	 0.0000 	 827.6756 	 14.0000 	 1.6862 	 1.8182 	 -0.1813 	 0.0000 	 0.0397 
45.0000 	 2.0729 	 0.5445 	 0.0928 	 0.0000 	 842.1697 	 45.0000 	 2.3709 	 1.0977 	 -0.3734 	 0.0000 	 0.0441 
11.0000 	 0.7606 	 0.8146 	 0.0840 	 0.0000 	 824.9060 	 11.0000 	 2.5362 	 2.2709 	 -0.1519 	 0.0000 	 0.0355 
15.0000 	 0.9760 	 0.7494 	 0.0930 	 0.0000 	 828.5195 	 15.0000 	 2.0254 	 1.3940 	 0.2615 	 0.0000 	 0.0428 
45.0000 	 2.0643 	 0.5486 	 0.0994 	 0.0000 	 842.1341 	 45.0000 	 1.8239 	 1.9231 	 0.2744 	 0.0000 	 0.0390 
14.0000 	 0.9330 	 0.7458 	 0.0893 	 0.0000 	 827.5893 	 14.0000 	 2.8920 	 2.1806 	 0.0622 	 0.0000 	 0.0392 
9.0000 	 0.6421 	 0.8323 	 0.0673 	 0.0000 	 823.3613 	 9.0000 	 0.8057 	 0.7557 	 -0.2809 	 0.0000 	 0.0376 
16.0000 	 1.0178 	 0.7566 	 0.0841 	 0.0000 	 829.3998 	 16.0000 	 2.6218 	 0.5673 	 0.4788 	 0.0000 	 0.0395 
30.0000 	 1.6262 	 0.5828 	 0.1079 	 0.0000 	 837.7309 	 30.0000 	 1.1115 	 1.9884 	 -0.1649 	 0.0000 	 0.0443 
2.0000 	 0.1035 	 0.4266 	 -0.0576 	 0.0000 	 829.9614 	 2.0000 	 0.8458 	 2.9493 	 0.0955 	 0.0000 	 0.0887 
14.0000 	 0.9319 	 0.7523 	 0.0952 	 0.0000 	 827.6586 	 14.0000 	 0.5122 	 2.0773 	 -0.2473 	 0.0000 	 0.0387 
25.0000 	 1.4488 	 0.5928 	 0.1143 	 0.0000 	 835.4873 	 25.0000 	 0.8341 	 2.9081 	 -0.4429 	 0.0000 	 0.0424 
11.0000 	 0.7781 	 0.7676 	 0.0964 	 0.0000 	 825.0284 	 11.0000 	 1.1433 	 1.6069 	 -0.4364 	 0.0000 	 0.0407 
12.0000 	 0.8324 	 0.7599 	 0.0966 	 0.0000 	 825.9121 	 12.0000 	 2.6442 	 1.3607 	 -0.4242 	 0.0000 	 0.0387 
12.0000 	 0.8258 	 0.7804 	 0.0825 	 0.0000 	 825.8541 	 12.0000 	 0.7153 	 1.1163 	 0.0631 	 0.0000 	 0.0401 
10.0000 	 0.7095 	 0.8064 	 0.0763 	 0.0000 	 824.0991 	 10.0000 	 1.9658 	 1.1761 	 -0.4082 	 0.0000 	 0.0394 
31.0000 	 1.6257 	 0.6154 	 0.0920 	 0.0000 	 838.0730 	 31.0000 	 0.6268 	 2.0091 	 0.1832 	 0.0000 	 0.0471 
1.0000 	 0.0143 	 0.3114 	 -0.0754 	 0.0000 	 830.1308 	 1.0000 	 2.0972 	 1.3339 	 0.1515 	 0.0000 	 0.1305 
41.0000 	 1.8860 	 0.6141 	 0.1193 	 0.0000 	 841.5782 	 41.0000 	 0.2424 	 1.0663 	 -0.4309 	 0.0000 	 0.0477 
45.0000 	 2.1057 	 0.5157 	 0.1155 	 0.0000 	 842.1417 	 45.0000 	 0.1151 	 0.8575 	 -0.1384 	 0.0000 	 0.0529 
14.0000 	 0.9295 	 0.7621 	 0.0993 	 0.0000 	 827.6659 	 14.0000 	 1.3718 	 2.2244 	 0.1795 	 0.0000 	 0.0453 
12.0000 	 0.8393 	 0.7424 	 0.0872 	 0.0000 	 825.8515 	 12.0000 	 1.1848 	 1.7807 	 0.1085 	 0.0000 	 0.0331 
26.0000 	 1.4565 	 0.6274 	 0.0954 	 0.0000 	 835.9461 	 26.0000 	 2.0572 	 1.0125 	 -0.0100 	 0.0000 	 0.0514 
30.0000 	 1.5993 	 0.6038 	 0.1113 	 0.0000 	 837.6693 	 30.0000 	 0.2671 	 1.2120 	 -0.2949 	 0.0000 	 0.0432 
25.0000 	 1.3713 	 0.7051 	 0.1090 	 0.0000 	 835.5103 	 25.0000 	 1.9813 	 1.2827 	 -0.0284 	 0.0000 	 0.0542 
41.0000 	 1.9420 	 0.5686 	 0.0859 	 0.0000 	 841.4158 	 41.0000 	 2.4312 	 2.9331 	 0.2304 	 0.0000 	 0.0619 
12.0000 	 0.8283 	 0.7691 	 0.0966 	 0.0000 	 825.8545 	 12.0000 	 2.9563 	 0.8144 	 0.1412 	 0.0000 	 0.0321 
44.0000 	 2.0297 	 0.5500 	 0.1229 	 0.0000 	 842.0171 	 44.0000 	 1.7745 	 1.0418 	 -0.3122 	 0.0000 	 0.0747 
41.0000 	 1.9853 	 0.5357 	 0.1083 	 0.0000 	 841.1681 	 41.0000 	 1.8566 	 0.9555 	 0.3188 	 0.0000 	 0.0436 
14.0000 	 0.9103 	 0.8021 	 0.0856 	 0.0000 	 827.6850 	 14.0000 	 0.4067 	 1.1429 	 -0.3670 	 0.0000 	 0.0368 
41.0000 	 1.9674 	 0.5507 	 0.0939 	 0.0000 	 841.1466 	 41.0000 	 1.4683 	 1.1007 	 -0.3107 	 0.0000 	 0.0533 
41.0000 	 1.8459 	 0.6654 	 0.0807 	 0.0000 	 841.9689 	 41.0000 	 2.8174 	 2.3722 	 0.0730 	 0.0000 	 0.0601 
16.0000 	 1.0131 	 0.7667 	 0.1017 	 0.0000 	 829.3447 	 16.0000 	 0.3414 	 2.2430 	 0.1660 	 0.0000 	 0.0357 
12.0000 	 0.8261 	 0.7726 	 0.0971 	 0.0000 	 825.8840 	 12.0000 	 1.3213 	 1.0429 	 -0.1829 	 0.0000 	 0.0411 
26.0000 	 1.4253 	 0.6707 	 0.0888 	 0.0000 	 835.8742 	 26.0000 	 0.5478 	 0.8143 	 -0.4363 	 0.0000 	 0.0369 
10.0000 	 0.7113 	 0.8066 	 0.0841 	 0.0000 	 824.0635 	 10.0000 	 2.5389 	 0.3488 	 0.4634 	 0.0000 	 0.0347 
1.0000 	 0.0153 	 0.3112 	 -0.0479 	 0.0000 	 830.4707 	 1.0000 	 2.6503 	 2.8488 	 0.3913 	 0.0000 	 0.1292 
30.0000 	 1.6350 	 0.5644 	 0.1144 	 0.0000 	 837.7180 	 30.0000 	 2.6764 	 0.6819 	 0.2888 	 0.0000 	 0.0750 
30.0000 	 1.6176 	 0.5880 	 0.1005 	 0.0000 	 837.5993 	 30.0000 	 0.2423 	 1.3202 	 -0.0204 	 0.0000 	 0.0532 
41.0000 	 1.9941 	 0.5287 	 0.1026 	 0.0000 	 841.2230 	 41.0000 	 2.0036 	 1.1594 	 -0.0407 	 0.0000 	 0.0544 
16.0000 	 1.0156 	 0.7571 	 0.0874 	 0.0000 	 829.2743 	 16.0000 	 0.7814 	 0.4889 	 -0.0147 	 0.0000 	 0.0438 
44.0000 	 2.0010 	 0.5884 	 0.0736 	 0.0000 	 842.2310 	 44.0000 	 2.2983 	 1.9287 	 0.1853 	 0.0000 	 0.0440 
10.0000 	 0.7038 	 0.8224 	 0.0753 	 0.0000 	 824.0644 	 10.0000 	 2.9804 	 2.4413 	 -0.2320 	 0.0000 	 0.0369 
30.0000 	 1.6297 	 0.5719 	 0.1096 	 0.0000 	 837.7016 	 30.0000 	 0.9125 	 0.8019 	 -0.4695 	 0.0000 	 0.0460 
1.0000 	 0.0148 	 0.3140 	 -0.0549 	 0.0000 	 830.2967 	 1.0000 	 0.5200 	 2.2207 	 -0.4795 	 0.0000 	 0.1269 
41.0000 	 2.0018 	 0.5175 	 0.1114 	 0.0000 	 841.2096 	 41.0000 	 0.7419 	 1.7166 	 -0.0177 	 0.0000 	 0.0431 
30.0000 	 1.6075 	 0.5955 	 0.1179 	 0.0000 	 837.6715 	 30.0000 	 0.7380 	 2.8435 	 -0.0367 	 0.0000 	 0.0475 
26.0000 	 1.4239 	 0.6688 	 0.0820 	 0.0000 	 835.8988 	 26.0000 	 1.8178 	 1.9327 	 -0.2266 	 0.0000 	 0.0523 
26.0000 	 1.4739 	 0.6082 	 0.1002 	 0.0000 	 835.9214 	 26.0000 	 2.9621 	 1.4634 	 -0.1598 	 0.0000 	 0.0469 
42.0000 	 1.9203 	 0.6134 	 0.0983 	 0.0000 	 841.6778 	 42.0000 	 2.2077 	 2.5650 	 0.2424 	 0.0000 	 0.0495 
30.0000 	 1.5910 	 0.6171 	 0.0977 	 0.0000 	 837.6469 	 30.0000 	 0.6403 	 2.8232 	 -0.0475 	 0.0000 	 0.0492 
30.0000 	 1.5976 	 0.6150 	 0.0939 	 0.0000 	 837.6727 	 30.0000 	 1.9431 	 1.7086 	 0.0001 	 0.0000 	 0.0603 
44.0000 	 2.0578 	 0.5364 	 0.1122 	 0.0000 	 841.9394 	 44.0000 	 2.9432 	 2.9911 	 0.1546 	 0.0000 	 0.0440 
26.0000 	 1.4408 	 0.6478 	 0.0922 	 0.0000 	 835.9571 	 26.0000 	 0.9487 	 2.1641 	 0.3333 	 0.0000 	 0.0542 
30.0000 	 1.5956 	 0.6156 	 0.1039 	 0.0000 	 837.6475 	 30.0000 	 0.5576 	 2.3678 	 0.2205 	 0.0000 	 0.0496 
16.0000 	 1.0215 	 0.7478 	 0.1094 	 0.0000 	 829.3892 	 16.0000 	 2.6207 	 1.6054 	 0.2936 	 0.0000 	 0.0371 
16.0000 	 1.0368 	 0.7125 	 0.0919 	 0.0000 	 829.3756 	 16.0000 	 0.5235 	 2.5921 	 -0.2757 	 0.0000 	 0.0395 
10.0000 	 0.7066 	 0.8100 	 0.0887 	 0.0000 	 824.1416 	 10.0000 	 1.9565 	 1.5501 	 -0.0301 	 0.0000 	 0.0365 
1.0000 	 0.0143 	 0.3208 	 -0.0558 	 0.0000 	 829.9729 	 1.0000 	 1.5859 	 1.0813 	 0.3750 	 0.0000 	 0.1812 
42.0000 	 2.0179 	 0.5239 	 0.1153 	 0.0000 	 841.4028 	 42.0000 	 1.7869 	 1.6978 	 -0.2886 	 0.0000 	 0.0490 
26.0000 	 1.4120 	 0.6948 	 0.0845 	 0.0000 	 835.9596 	 26.0000 	 2.1536 	 2.1958 	 0.1516 	 0.0000 	 0.0413 
26.0000 	 1.4008 	 0.7118 	 0.0764 	 0.0000 	 836.1889 	 26.0000 	 1.2435 	 0.8283 	 0.3660 	 0.0000 	 0.0441 
26.0000 	 1.4148 	 0.6856 	 0.0881 	 0.0000 	 835.9188 	 26.0000 	 1.1335 	 2.3644 	 0.2968 	 0.0000 	 0.0454 
44.0000 	 2.0684 	 0.5206 	 0.1069 	 0.0000 	 841.9312 	 44.0000 	 2.7045 	 2.3052 	 0.1111 	 0.0000 	 0.0468 
10.0000 	 0.7018 	 0.8264 	 0.0709 	 0.0000 	 824.0966 	 10.0000 	 1.8578 	 1.3243 	 -0.1299 	 0.0000 	 0.0414 
29.0000 	 1.5448 	 0.6378 	 0.1287 	 0.0000 	 837.3886 	 29.0000 	 2.8589 	 0.7810 	 0.1749 	 0.0000 	 0.0503 
16.0000 	 1.0346 	 0.7248 	 0.0848 	 0.0000 	 829.2954 	 16.0000 	 0.0414 	 2.7180 	 -0.1118 	 0.0000 	 0.0406 
26.0000 	 1.4291 	 0.6664 	 0.0960 	 0.0000 	 835.9424 	 26.0000 	 2.5089 	 2.4114 	 -0.2718 	 0.0000 	 0.0513 
1.0000 	 0.0149 	 0.3101 	 -0.0577 	 0.0000 	 830.4307 	 1.0000 	 0.4562 	 1.2964 	 -0.3867 	 0.0000 	 0.1374 
44.0000 	 2.1874 	 0.4485 	 0.1033 	 0.0000 	 842.2057 	 44.0000 	 2.3294 	 0.2349 	 0.4718 	 0.0000 	 0.0491 
42.0000 	 1.9286 	 0.5972 	 0.0938 	 0.0000 	 841.6478 	 42.0000 	 1.8674 	 0.9240 	 -0.4192 	 0.0000 	 0.0438 
16.0000 	 1.0333 	 0.7214 	 0.0876 	 0.0000 	 829.3326 	 16.0000 	 1.4282 	 2.1177 	 0.1183 	 0.0000 	 0.0328 
44.0000 	 2.0832 	 0.5184 	 0.1106 	 0.0000 	 841.9047 	 44.0000 	 1.2379 	 1.1131 	 0.4702 	 0.0000 	 0.0471 
44.0000 	 2.0487 	 0.5398 	 0.1065 	 0.0000 	 841.9351 	 44.0000 	 0.1768 	 0.7245 	 -0.2846 	 0.0000 	 0.0662 
10.0000 	 0.7038 	 0.8216 	 0.0849 	 0.0000 	 824.0741 	 10.0000 	 0.4937 	 0.5268 	 0.2040 	 0.0000 	 0.0336 
1.0000 	 0.0157 	 0.2985 	 -0.0612 	 0.0000 	 830.4583 	 1.0000 	 0.7894 	 0.5547 	 -0.2396 	 0.0000 	 0.1677 
44.0000 	 2.0964 	 0.5007 	 0.1231 	 0.0000 	 842.0255 	 44.0000 	 2.4532 	 1.2173 	 0.4545 	 0.0000 	 0.0532 
16.0000 	 1.0049 	 0.7890 	 0.1092 	 0.0000 	 829.5667 	 16.0000 	 1.6350 	 0.3917 	 -0.4995 	 0.0000 	 0.0521 
10.0000 	 0.7001 	 0.8348 	 0.0847 	 0.0000 	 824.0997 	 10.0000 	 0.4651 	 1.5467 	 0.0454 	 0.0000 	 0.0294 
1.0000 	 0.0135 	 0.3134 	 -0.1039 	 0.0000 	 830.2338 	 1.0000 	 1.3007 	 2.0898 	 0.4372 	 0.0000 	 0.1604 
29.0000 	 1.5758 	 0.6047 	 0.1044 	 0.0000 	 837.3587 	 29.0000 	 1.2029 	 2.0827 	 0.3820 	 0.0000 	 0.0511 
16.0000 	 1.0068 	 0.7792 	 0.0929 	 0.0000 	 829.4065 	 16.0000 	 1.8207 	 0.8496 	 -0.4948 	 0.0000 	 0.0381 
16.0000 	 1.0134 	 0.7638 	 0.1006 	 0.0000 	 829.4012 	 16.0000 	 2.4838 	 0.8112 	 0.1202 	 0.0000 	 0.0484 
10.0000 	 0.6936 	 0.8516 	 0.0644 	 0.0000 	 824.1374 	 10.0000 	 2.3860 	 1.9187 	 -0.1055 	 0.0000 	 0.0420 
1.0000 	 0.0150 	 0.2959 	 -0.0928 	 0.0000 	 830.9856 	 1.0000 	 2.4202 	 0.6614 	 0.2923 	 0.0000 	 0.1968 
43.0000 	 2.0856 	 0.4988 	 0.0937 	 0.0000 	 841.7468 	 43.0000 	 1.8625 	 1.7677 	 0.4799 	 0.0000 	 0.0581 
27.0000 	 1.5030 	 0.6134 	 0.0847 	 0.0000 	 836.3469 	 27.0000 	 0.7851 	 0.8168 	 -0.4160 	 0.0000 	 0.0442 
44.0000 	 2.0837 	 0.5161 	 0.0972 	 0.0000 	 841.8828 	 44.0000 	 2.9976 	 1.2895 	 0.4399 	 0.0000 	 0.0505 
29.0000 	 1.5827 	 0.5918 	 0.1028 	 0.0000 	 837.2880 	 29.0000 	 0.1469 	 0.7813 	 0.0822 	 0.0000 	 0.0428 
10.0000 	 0.7148 	 0.7916 	 0.0713 	 0.0000 	 824.0838 	 10.0000 	 0.3268 	 2.7164 	 0.0133 	 0.0000 	 0.0439 
1.0000 	 0.0146 	 0.3122 	 -0.0705 	 0.0000 	 830.1330 	 1.0000 	 1.5232 	 0.2592 	 -0.4767 	 0.0000 	 0.1501 
42.0000 	 1.9810 	 0.5550 	 0.1004 	 0.0000 	 841.5771 	 42.0000 	 0.4811 	 0.1722 	 -0.0657 	 0.0000 	 0.0459 
10.0000 	 0.7049 	 0.8189 	 0.0804 	 0.0000 	 824.0693 	 10.0000 	 1.2349 	 0.5820 	 -0.3277 	 0.0000 	 0.0397 
14.0000 	 0.9220 	 0.7722 	 0.0803 	 0.0000 	 827.6335 	 14.0000 	 0.0258 	 2.7792 	 -0.4208 	 0.0000 	 0.0584 
1.0000 	 0.0152 	 0.2989 	 -0.0669 	 0.0000 	 830.4764 	 1.0000 	 1.0738 	 0.2613 	 0.4567 	 0.0000 	 0.1457 
43.0000 	 2.0358 	 0.5339 	 0.0858 	 0.0000 	 841.6453 	 43.0000 	 1.4044 	 1.4332 	 -0.3584 	 0.0000 	 0.0485 
42.0000 	 2.0095 	 0.5373 	 0.0909 	 0.0000 	 841.4347 	 42.0000 	 1.5389 	 1.2180 	 -0.0249 	 0.0000 	 0.0536 
42.0000 	 2.0507 	 0.5045 	 0.0961 	 0.0000 	 841.6092 	 42.0000 	 2.8060 	 2.4811 	 0.0412 	 0.0000 	 0.0598 
27.0000 	 1.4716 	 0.6495 	 0.0896 	 0.0000 	 836.3632 	 27.0000 	 2.7075 	 2.1388 	 -0.0478 	 0.0000 	 0.0456 
12.0000 	 0.8412 	 0.7481 	 0.0990 	 0.0000 	 825.8588 	 12.0000 	 0.6549 	 0.8429 	 -0.1891 	 0.0000 	 0.0381 
42.0000 	 2.0108 	 0.5385 	 0.0729 	 0.0000 	 841.5396 	 42.0000 	 2.6437 	 0.0912 	 -0.1315 	 0.0000 	 0.0491 
42.0000 	 2.0052 	 0.5395 	 0.0868 	 0.0000 	 841.5156 	 42.0000 	 1.1165 	 1.4757 	 0.4689 	 0.0000 	 0.0508 
27.0000 	 1.5225 	 0.5890 	 0.1029 	 0.0000 	 836.3831 	 27.0000 	 2.9834 	 2.3782 	 -0.3573 	 0.0000 	 0.0415 
43.0000 	 1.9866 	 0.5763 	 0.0928 	 0.0000 	 841.7197 	 43.0000 	 0.0959 	 1.9633 	 -0.0678 	 0.0000 	 0.0507 
14.0000 	 0.9070 	 0.8106 	 0.0968 	 0.0000 	 827.6840 	 14.0000 	 0.3051 	 1.3928 	 -0.0775 	 0.0000 	 0.0404 
29.0000 	 1.5499 	 0.6330 	 0.0986 	 0.0000 	 837.2779 	 29.0000 	 0.4916 	 2.2588 	 0.3451 	 0.0000 	 0.0652 
29.0000 	 1.5843 	 0.5950 	 0.0941 	 0.0000 	 837.3214 	 29.0000 	 0.7807 	 1.2856 	 0.4748 	 0.0000 	 0.0242 
43.0000 	 2.0478 	 0.5141 	 0.1349 	 0.0000 	 841.7538 	 43.0000 	 2.2255 	 0.1729 	 -0.1216 	 0.0000 	 0.0433 
14.0000 	 0.9599 	 0.6964 	 0.0848 	 0.0000 	 827.8575 	 14.0000 	 0.7142 	 1.3838 	 -0.4631 	 0.0000 	 0.0427 
29.0000 	 1.5674 	 0.6058 	 0.1080 	 0.0000 	 837.2100 	 29.0000 	 0.9287 	 0.6968 	 0.3641 	 0.0000 	 0.0482 
43.0000 	 2.0331 	 0.5362 	 0.1099 	 0.0000 	 841.7457 	 43.0000 	 1.5649 	 2.2966 	 -0.0638 	 0.0000 	 0.0554 
12.0000 	 0.8220 	 0.7869 	 0.1049 	 0.0000 	 825.8327 	 12.0000 	 2.2094 	 0.5616 	 0.2343 	 0.0000 	 0.0418 
43.0000 	 1.9869 	 0.5734 	 0.0885 	 0.0000 	 841.8812 	 43.0000 	 0.6267 	 0.4593 	 0.1542 	 0.0000 	 0.0472 
12.0000 	 0.8118 	 0.8097 	 0.0920 	 0.0000 	 825.8440 	 12.0000 	 0.6091 	 2.0933 	 0.2625 	 0.0000 	 0.0399 
27.0000 	 1.4311 	 0.7115 	 0.0864 	 0.0000 	 836.6097 	 27.0000 	 2.1161 	 0.2148 	 0.3627 	 0.0000 	 0.0562 
29.0000 	 1.5600 	 0.6202 	 0.1019 	 0.0000 	 837.2843 	 29.0000 	 2.2716 	 2.7872 	 -0.4159 	 0.0000 	 0.0485 
43.0000 	 2.0306 	 0.5375 	 0.1017 	 0.0000 	 841.6799 	 43.0000 	 1.0280 	 0.4529 	 -0.2310 	 0.0000 	 0.0406 
29.0000 	 1.5510 	 0.6248 	 0.1057 	 0.0000 	 837.2851 	 29.0000 	 1.3073 	 1.1025 	 -0.3403 	 0.0000 	 0.0446 
27.0000 	 1.4970 	 0.6162 	 0.1033 	 0.0000 	 836.4248 	 27.0000 	 1.8554 	 2.3377 	 -0.3779 	 0.0000 	 0.0459 
42.0000 	 2.0332 	 0.5223 	 0.0756 	 0.0000 	 841.5269 	 42.0000 	 1.1509 	 1.0962 	 -0.0204 	 0.0000 	 0.0543 
13.0000 	 0.8748 	 0.7767 	 0.1015 	 0.0000 	 826.7604 	 13.0000 	 0.3302 	 2.2052 	 0.4956 	 0.0000 	 0.0487 
27.0000 	 1.5472 	 0.5674 	 0.0918 	 0.0000 	 836.4933 	 27.0000 	 2.6379 	 1.6328 	 -0.1678 	 0.0000 	 0.0463 
13.0000 	 0.8686 	 0.7962 	 0.0933 	 0.0000 	 826.6813 	 13.0000 	 0.4359 	 1.0819 	 -0.2347 	 0.0000 	 0.0370 
13.0000 	 0.8743 	 0.7739 	 0.0859 	 0.0000 	 826.7281 	 13.0000 	 2.5487 	 0.1933 	 0.3674 	 0.0000 	 0.0396 
27.0000 	 1.5049 	 0.6133 	 0.0903 	 0.0000 	 836.3854 	 27.0000 	 1.6694 	 1.1828 	 -0.4691 	 0.0000 	 0.0416 
28.0000 	 1.5369 	 0.6080 	 0.1068 	 0.0000 	 836.8813 	 28.0000 	 0.9454 	 0.9702 	 -0.1634 	 0.0000 	 0.0526 
43.0000 	 2.0320 	 0.5418 	 0.1081 	 0.0000 	 841.8554 	 43.0000 	 0.0519 	 2.8332 	 -0.2112 	 0.0000 	 0.0739 
13.0000 	 0.8763 	 0.7741 	 0.0946 	 0.0000 	 826.7247 	 13.0000 	 1.5802 	 2.6960 	 -0.2772 	 0.0000 	 0.0365 
13.0000 	 0.8685 	 0.7927 	 0.0892 	 0.0000 	 826.7614 	 13.0000 	 1.4971 	 1.4489 	 0.2176 	 0.0000 	 0.0525 
13.0000 	 0.8487 	 0.8452 	 0.0739 	 0.0000 	 826.7657 	 13.0000 	 2.8907 	 2.6934 	 -0.4005 	 0.0000 	 0.0481 
43.0000 	 2.0828 	 0.5010 	 0.0789 	 0.0000 	 841.7142 	 43.0000 	 0.9684 	 0.2351 	 0.0994 	 0.0000 	 0.0683 
13.0000 	 0.8702 	 0.7898 	 0.0916 	 0.0000 	 826.7141 	 13.0000 	 2.3676 	 0.2176 	 -0.0310 	 0.0000 	 0.0487 
27.0000 	 1.4197 	 0.7334 	 0.0823 	 0.0000 	 836.8063 	 27.0000 	 2.7063 	 1.2014 	 -0.4816 	 0.0000 	 0.0461 
29.0000 	 1.5694 	 0.6080 	 0.0915 	 0.0000 	 837.2553 	 29.0000 	 1.4733 	 2.7142 	 -0.0514 	 0.0000 	 0.0352 
28.0000 	 1.5669 	 0.5707 	 0.1170 	 0.0000 	 836.9435 	 28.0000 	 0.2781 	 2.2518 	 0.1916 	 0.0000 	 0.0472 
13.0000 	 0.8807 	 0.7643 	 0.1013 	 0.0000 	 826.7696 	 13.0000 	 2.8091 	 1.2987 	 0.4777 	 0.0000 	 0.0341 
28.0000 	 1.5185 	 0.6336 	 0.1004 	 0.0000 	 836.7684 	 28.0000 	 0.8040 	 1.5014 	 0.2347 	 0.0000 	 0.0369 
14.0000 	 0.9023 	 0.8269 	 0.0834 	 0.0000 	 827.7318 	 14.0000 	 0.9314 	 0.7889 	 0.2243 	 0.0000 	 0.0455 
43.0000 	 2.0124 	 0.5488 	 0.0956 	 0.0000 	 841.7212 	 43.0000 	 0.9640 	 1.6421 	 0.4020 	 0.0000 	 0.0522 
28.0000 	 1.5120 	 0.6475 	 0.0806 	 0.0000 	 836.8873 	 28.0000 	 1.9740 	 2.4165 	 -0.3750 	 0.0000 	 0.0497 
15.0000 	 0.9616 	 0.7824 	 0.0875 	 0.0000 	 828.5593 	 15.0000 	 1.6304 	 2.2119 	 -0.0626 	 0.0000 	 0.0601 
12.0000 	 0.8258 	 0.7842 	 0.0898 	 0.0000 	 825.8399 	 12.0000 	 2.9206 	 1.7627 	 -0.1419 	 0.0000 	 0.0397 
27.0000 	 1.5249 	 0.5941 	 0.0967 	 0.0000 	 836.3636 	 27.0000 	 1.5892 	 2.8299 	 0.1657 	 0.0000 	 0.0512 
11.0000 	 0.7514 	 0.8431 	 0.0871 	 0.0000 	 824.9612 	 11.0000 	 0.3215 	 0.0394 	 0.2436 	 0.0000 	 0.0356 
13.0000 	 0.8720 	 0.7880 	 0.0870 	 0.0000 	 826.6685 	 13.0000 	 1.3259 	 2.0067 	 0.3331 	 0.0000 	 0.0444 
28.0000 	 1.5153 	 0.6427 	 0.0981 	 0.0000 	 836.8294 	 28.0000 	 2.9787 	 0.1311 	 -0.4066 	 0.0000 	 0.0469 
28.0000 	 1.5350 	 0.6158 	 0.0909 	 0.0000 	 836.8179 	 28.0000 	 0.2357 	 2.9096 	 0.3943 	 0.0000 	 0.0682 
28.0000 	 1.5381 	 0.6040 	 0.1096 	 0.0000 	 836.8690 	 28.0000 	 2.9787 	 2.1368 	 0.4914 	 0.0000 	 0.0410 
13.0000 	 0.8784 	 0.7676 	 0.0966 	 0.0000 	 826.7363 	 13.0000 	 2.2683 	 1.5288 	 0.0502 	 0.0000 	 0.0374 
15.0000 	 0.9699 	 0.7694 	 0.1027 	 0.0000 	 828.4303 	 15.0000 	 2.0173 	 0.2600 	 0.3672 	 0.0000 	 0.0482 
28.0000 	 1.5582 	 0.5845 	 0.1112 	 0.0000 	 836.9128 	 28.0000 	 0.7614 	 1.3069 	 0.3653 	 0.0000 	 0.0469 
15.0000 	 0.9924 	 0.7260 	 0.0881 	 0.0000 	 828.5534 	 15.0000 	 2.5137 	 2.1829 	 0.4219 	 0.0000 	 0.0376 
11.0000 	 0.7734 	 0.7857 	 0.0888 	 0.0000 	 824.9285 	 11.0000 	 2.8687 	 2.6957 	 0.0140 	 0.0000 	 0.0481 
11.0000 	 0.7577 	 0.8238 	 0.0764 	 0.0000 	 824.9576 	 11.0000 	 0.2562 	 1.2513 	 0.1571 	 0.0000 	 0.0370 
28.0000 	 1.4900 	 0.6729 	 0.0520 	 0.0000 	 837.0123 	 28.0000 	 0.2653 	 2.2288 	 0.3251 	 0.0000 	 0.0384 
28.0000 	 1.5358 	 0.6082 	 0.1113 	 0.0000 	 836.9046 	 28.0000 	 2.2743 	 0.9940 	 0.2738 	 0.0000 	 0.0455 
15.0000 	 0.9713 	 0.7651 	 0.1044 	 0.0000 	 828.5518 	 15.0000 	 2.1987 	 1.1004 	 -0.0770 	 0.0000 	 0.0418 
15.0000 	 0.9710 	 0.7609 	 0.0797 	 0.0000 	 828.4881 	 15.0000 	 2.5339 	 2.7414 	 -0.2415 	 0.0000 	 0.0437 
11.0000 	 0.7765 	 0.7806 	 0.1073 	 0.0000 	 824.9881 	 11.0000 	 0.5695 	 2.8215 	 0.0229 	 0.0000 	 0.0243 
11.0000 	 0.7619 	 0.8116 	 0.0846 	 0.0000 	 824.9358 	 11.0000 	 2.6611 	 1.1728 	 -0.0623 	 0.0000 	 0.0467 
44.0000 	 2.1422 	 0.4728 	 0.1079 	 0.0000 	 842.1119 	 44.0000 	 0.3706 	 2.6947 	 0.4905 	 0.0000 	 0.0508 
42.0000 	 2.0283 	 0.5178 	 0.1145 	 0.0000 	 841.6273 	 42.0000 	 1.3951 	 2.2414 	 -0.4139 	 0.0000 	 0.1043 
29.0000 	 1.5666 	 0.6111 	 0.0904 	 0.0000 	 837.3275 	 29.0000 	 1.4801 	 0.0389 	 -0.1495 	 0.0000 	 0.0439 
27.0000 	 1.4504 	 0.6872 	 0.0724 	 0.0000 	 836.4582 	 27.0000 	 1.0495 	 0.7386 	 0.3902 	 0.0000 	 0.0488 
14.0000 	 0.9281 	 0.7670 	 0.0981 	 0.0000 	 827.6345 	 14.0000 	 2.1323 	 1.4993 	 -0.1315 	 0.0000 	 0.0456 
12.0000 	 0.8276 	 0.7713 	 0.0859 	 0.0000 	 825.8570 	 12.0000 	 1.7614 	 2.3866 	 0.4283 	 0.0000 	 0.0385 
75.0000 	 2.8411 	 0.4727 	 0.0876 	 0.0000 	 846.1954 	 75.0000 	 1.1717 	 2.3782 	 0.3222 	 0.0000 	 0.0626 
75.0000 	 2.8652 	 0.4572 	 0.0944 	 0.0000 	 846.2334 	 75.0000 	 2.0766 	 2.7087 	 0.4450 	 0.0000 	 0.0584 
75.0000 	 2.8393 	 0.4673 	 0.1171 	 0.0000 	 846.3627 	 75.0000 	 2.3770 	 0.1155 	 -0.4260 	 0.0000 	 0.0389 
65.0000 	 2.7477 	 0.4177 	 0.0970 	 0.0000 	 845.3009 	 65.0000 	 2.0147 	 2.3508 	 -0.2985 	 0.0000 	 0.0472 
65.0000 	 2.6874 	 0.4490 	 0.0885 	 0.0000 	 845.2833 	 65.0000 	 2.4611 	 1.7445 	 -0.4140 	 0.0000 	 0.0612 
65.0000 	 2.6064 	 0.4864 	 0.1155 	 0.0000 	 845.3313 	 65.0000 	 1.4623 	 2.4924 	 0.3922 	 0.0000 	 0.0416 
63.0000 	 2.5921 	 0.4716 	 0.0941 	 0.0000 	 845.1577 	 63.0000 	 2.3151 	 0.9841 	 0.0405 	 0.0000 	 0.0580 
62.0000 	 2.6494 	 0.4350 	 0.1046 	 0.0000 	 844.9019 	 62.0000 	 0.2668 	 2.4735 	 0.4190 	 0.0000 	 0.0539 
62.0000 	 2.5501 	 0.4804 	 0.1166 	 0.0000 	 844.8812 	 62.0000 	 0.9663 	 2.4154 	 -0.3587 	 0.0000 	 0.0775 
55.0000 	 2.3942 	 0.4905 	 0.0937 	 0.0000 	 843.9780 	 55.0000 	 2.7735 	 2.2307 	 0.3795 	 0.0000 	 0.0421 
74.0000 	 2.9091 	 0.4393 	 0.0839 	 0.0000 	 846.1726 	 74.0000 	 0.9712 	 1.3249 	 0.2694 	 0.0000 	 0.0458 
66.0000 	 2.6254 	 0.4917 	 0.0977 	 0.0000 	 845.4583 	 66.0000 	 2.4436 	 1.3664 	 -0.4615 	 0.0000 	 0.0474 
56.0000 	 2.4975 	 0.4434 	 0.1003 	 0.0000 	 844.1001 	 56.0000 	 1.2413 	 1.5148 	 -0.4307 	 0.0000 	 0.0685 
62.0000 	 2.6256 	 0.4477 	 0.1047 	 0.0000 	 844.9642 	 62.0000 	 1.4303 	 1.3680 	 0.1565 	 0.0000 	 0.0477 
56.0000 	 2.5143 	 0.4348 	 0.0974 	 0.0000 	 844.2499 	 56.0000 	 1.6856 	 2.5297 	 0.0997 	 0.0000 	 0.0589 
75.0000 	 3.0890 	 0.3760 	 0.0959 	 0.0000 	 846.4957 	 75.0000 	 2.1410 	 0.6522 	 -0.0459 	 0.0000 	 0.0543 
65.0000 	 2.5684 	 0.5044 	 0.0964 	 0.0000 	 845.4273 	 65.0000 	 1.4536 	 2.7122 	 0.1654 	 0.0000 	 0.0507 
62.0000 	 2.5731 	 0.4671 	 0.1147 	 0.0000 	 844.9711 	 62.0000 	 2.4937 	 0.6407 	 0.3770 	 0.0000 	 0.0464 
56.0000 	 2.4306 	 0.4824 	 0.0848 	 0.0000 	 844.0778 	 56.0000 	 1.8851 	 1.2456 	 -0.4506 	 0.0000 	 0.0558 
74.0000 	 2.9187 	 0.4317 	 0.0882 	 0.0000 	 846.2188 	 74.0000 	 1.5551 	 1.8641 	 -0.3254 	 0.0000 	 0.0463 
53.0000 	 2.3682 	 0.4772 	 0.0869 	 0.0000 	 843.6168 	 53.0000 	 0.4868 	 2.7756 	 -0.3047 	 0.0000 	 0.0455 
56.0000 	 2.3447 	 0.5310 	 0.0825 	 0.0000 	 844.1962 	 56.0000 	 1.8205 	 0.9489 	 0.0462 	 0.0000 	 0.0639 
66.0000 	 2.6137 	 0.5010 	 0.0776 	 0.0000 	 845.4619 	 66.0000 	 2.7918 	 0.3141 	 -0.4193 	 0.0000 	 0.0501 
62.0000 	 2.6290 	 0.4433 	 0.1057 	 0.0000 	 845.0152 	 62.0000 	 0.2378 	 1.1644 	 0.4675 	 0.0000 	 0.0659 
75.0000 	 2.8833 	 0.4532 	 0.0915 	 0.0000 	 846.2322 	 75.0000 	 1.4330 	 2.4674 	 0.0380 	 0.0000 	 0.0456 
56.0000 	 2.3741 	 0.5128 	 0.0918 	 0.0000 	 844.2077 	 56.0000 	 1.9274 	 2.8018 	 -0.1037 	 0.0000 	 0.0588 
75.0000 	 2.9155 	 0.4384 	 0.1016 	 0.0000 	 846.3047 	 75.0000 	 2.1505 	 1.4108 	 0.4940 	 0.0000 	 0.0396 
65.0000 	 2.6328 	 0.4753 	 0.0960 	 0.0000 	 845.2930 	 65.0000 	 0.4329 	 2.5886 	 -0.1079 	 0.0000 	 0.0508 
62.0000 	 2.4670 	 0.5316 	 0.0879 	 0.0000 	 845.2452 	 62.0000 	 0.3305 	 0.9781 	 -0.1094 	 0.0000 	 0.1060 
65.0000 	 2.5332 	 0.5301 	 0.0909 	 0.0000 	 845.5903 	 65.0000 	 0.4336 	 0.4078 	 0.3188 	 0.0000 	 0.0460 
75.0000 	 2.9077 	 0.4477 	 0.0882 	 0.0000 	 846.2356 	 75.0000 	 1.3224 	 2.2202 	 -0.4399 	 0.0000 	 0.0647 
56.0000 	 2.3961 	 0.5018 	 0.0899 	 0.0000 	 844.1473 	 56.0000 	 0.0621 	 1.4848 	 0.0123 	 0.0000 	 0.0461 
62.0000 	 2.5874 	 0.4695 	 0.0869 	 0.0000 	 844.9926 	 62.0000 	 0.6667 	 1.3228 	 -0.1388 	 0.0000 	 0.0497 
65.0000 	 2.6342 	 0.4712 	 0.0987 	 0.0000 	 845.3243 	 65.0000 	 1.2413 	 0.6467 	 -0.2999 	 0.0000 	 0.0458 
56.0000 	 2.3839 	 0.5066 	 0.0895 	 0.0000 	 844.1195 	 56.0000 	 1.0979 	 2.3139 	 -0.4282 	 0.0000 	 0.0548 
75.0000 	 2.7972 	 0.4911 	 0.0994 	 0.0000 	 846.4871 	 75.0000 	 2.0134 	 1.2126 	 -0.1209 	 0.0000 	 0.0590 
63.0000 	 2.5440 	 0.5015 	 0.0810 	 0.0000 	 845.1824 	 63.0000 	 1.2522 	 0.1709 	 -0.3886 	 0.0000 	 0.0465 
65.0000 	 2.4867 	 0.5650 	 0.0953 	 0.0000 	 845.9284 	 65.0000 	 0.7016 	 0.7924 	 0.3609 	 0.0000 	 0.0473 
55.0000 	 2.2890 	 0.5548 	 0.0885 	 0.0000 	 844.2987 	 55.0000 	 0.0722 	 2.0773 	 0.1093 	 0.0000 	 0.0672 
53.0000 	 2.4062 	 0.4564 	 0.1017 	 0.0000 	 843.6885 	 53.0000 	 2.5884 	 2.6303 	 0.1721 	 0.0000 	 0.0513 
63.0000 	 2.6482 	 0.4493 	 0.0900 	 0.0000 	 845.0190 	 63.0000 	 0.5817 	 0.8304 	 -0.2610 	 0.0000 	 0.0609 
75.0000 	 2.8637 	 0.4667 	 0.0787 	 0.0000 	 846.3621 	 75.0000 	 2.5445 	 0.0393 	 0.4025 	 0.0000 	 0.0525 
55.0000 	 2.3851 	 0.4847 	 0.1127 	 0.0000 	 843.9323 	 55.0000 	 0.1760 	 2.8975 	 -0.3419 	 0.0000 	 0.0504 
65.0000 	 2.6030 	 0.4928 	 0.0894 	 0.0000 	 845.3223 	 65.0000 	 1.2453 	 0.2551 	 -0.2455 	 0.0000 	 0.0516 
53.0000 	 2.4062 	 0.4538 	 0.0868 	 0.0000 	 843.7351 	 53.0000 	 1.6543 	 2.0153 	 -0.3672 	 0.0000 	 0.0492 
63.0000 	 2.6445 	 0.4441 	 0.1058 	 0.0000 	 845.1461 	 63.0000 	 1.1971 	 1.7007 	 -0.0147 	 0.0000 	 0.0444 
75.0000 	 2.8602 	 0.4672 	 0.0786 	 0.0000 	 846.3289 	 75.0000 	 1.0430 	 0.4871 	 -0.4216 	 0.0000 	 0.0423 
55.0000 	 2.4211 	 0.4709 	 0.0823 	 0.0000 	 844.0609 	 55.0000 	 2.6981 	 1.7581 	 0.3344 	 0.0000 	 0.0462 
65.0000 	 2.7086 	 0.4371 	 0.0876 	 0.0000 	 845.2767 	 65.0000 	 1.4035 	 1.8205 	 -0.4430 	 0.0000 	 0.0575 
63.0000 	 1.4593 	 0.0185 	 -7.0020 	 0.0000 	 1747.1270 	 63.0000 	 0.7131 	 1.8969 	 0.1564 	 0.0000 	 0.2916 
53.0000 	 2.3310 	 0.5009 	 0.0950 	 0.0000 	 843.7006 	 53.0000 	 2.2744 	 2.8168 	 0.0193 	 0.0000 	 0.0549 
55.0000 	 2.3794 	 0.4954 	 0.0985 	 0.0000 	 843.9697 	 55.0000 	 2.4881 	 1.1240 	 -0.0378 	 0.0000 	 0.0586 
53.0000 	 2.3241 	 0.5017 	 0.1068 	 0.0000 	 843.6183 	 53.0000 	 2.9356 	 0.9364 	 0.0039 	 0.0000 	 0.0426 
74.0000 	 2.8487 	 0.4596 	 0.0961 	 0.0000 	 846.2116 	 74.0000 	 1.9441 	 1.3759 	 0.1020 	 0.0000 	 0.0437 
74.0000 	 2.8590 	 0.4561 	 0.1012 	 0.0000 	 846.0954 	 74.0000 	 2.2270 	 2.3750 	 -0.1061 	 0.0000 	 0.0539 
74.0000 	 2.8690 	 0.4520 	 0.0982 	 0.0000 	 846.1434 	 74.0000 	 0.8611 	 2.9952 	 -0.3404 	 0.0000 	 0.0644 
66.0000 	 2.6123 	 0.4989 	 0.0895 	 0.0000 	 845.4170 	 66.0000 	 1.5677 	 1.6695 	 -0.2172 	 0.0000 	 0.0556 
66.0000 	 2.6076 	 0.5036 	 0.0902 	 0.0000 	 845.5061 	 66.0000 	 1.1031 	 0.2476 	 0.1781 	 0.0000 	 0.0430 
66.0000 	 2.6836 	 0.4613 	 0.0962 	 0.0000 	 845.3918 	 66.0000 	 2.3323 	 0.8041 	 -0.1210 	 0.0000 	 0.0476 
74.0000 	 2.8090 	 0.4789 	 0.0893 	 0.0000 	 846.2307 	 74.0000 	 2.3036 	 0.7396 	 -0.4597 	 0.0000 	 0.0525 
73.0000 	 2.9120 	 0.4169 	 0.1019 	 0.0000 	 846.1253 	 73.0000 	 2.5197 	 0.9505 	 -0.0655 	 0.0000 	 0.0454 
73.0000 	 2.9583 	 0.4027 	 0.1081 	 0.0000 	 846.2492 	 73.0000 	 2.7395 	 0.1899 	 0.3333 	 0.0000 	 0.0436 
73.0000 	 2.8062 	 0.4680 	 0.1020 	 0.0000 	 846.1357 	 73.0000 	 0.7573 	 2.9114 	 -0.2364 	 0.0000 	 0.0523 
62.0000 	 2.7085 	 0.3972 	 0.1330 	 0.0000 	 845.5666 	 62.0000 	 0.9528 	 1.8669 	 -0.2653 	 0.0000 	 0.0684 
73.0000 	 2.8089 	 0.4680 	 0.1016 	 0.0000 	 846.0981 	 73.0000 	 1.9318 	 2.2774 	 -0.1786 	 0.0000 	 0.0544 
73.0000 	 2.8960 	 0.4226 	 0.1312 	 0.0000 	 846.2822 	 73.0000 	 1.4842 	 2.9149 	 -0.4356 	 0.0000 	 0.0701 
73.0000 	 2.8951 	 0.4336 	 0.0898 	 0.0000 	 846.2162 	 73.0000 	 1.2816 	 1.3703 	 0.0116 	 0.0000 	 0.0431 
73.0000 	 2.8439 	 0.4550 	 0.0864 	 0.0000 	 846.0629 	 73.0000 	 0.0165 	 1.5732 	 -0.4753 	 0.0000 	 0.0641 
66.0000 	 2.5278 	 0.5586 	 0.0854 	 0.0000 	 846.0651 	 66.0000 	 2.8658 	 2.4139 	 0.2637 	 0.0000 	 0.0420 
67.0000 	 2.7878 	 0.4216 	 0.0960 	 0.0000 	 845.4841 	 67.0000 	 0.1464 	 0.9963 	 -0.0205 	 0.0000 	 0.0679 
61.0000 	 2.4365 	 0.5393 	 0.0835 	 0.0000 	 845.1111 	 61.0000 	 2.0978 	 1.9394 	 -0.0974 	 0.0000 	 0.0517 
67.0000 	 2.6365 	 0.4985 	 0.0795 	 0.0000 	 845.6489 	 67.0000 	 0.7862 	 1.8567 	 -0.3358 	 0.0000 	 0.0475 
74.0000 	 2.7974 	 0.4800 	 0.1015 	 0.0000 	 846.3349 	 74.0000 	 0.9903 	 2.9353 	 0.1526 	 0.0000 	 0.0567 
62.0000 	 2.5906 	 0.4616 	 0.1082 	 0.0000 	 845.0251 	 62.0000 	 0.9546 	 0.5138 	 0.3402 	 0.0000 	 0.0498 
67.0000 	 2.7888 	 0.4234 	 0.0934 	 0.0000 	 845.6001 	 67.0000 	 0.3085 	 0.6144 	 -0.4781 	 0.0000 	 0.0501 
67.0000 	 2.8090 	 0.4127 	 0.0984 	 0.0000 	 845.6045 	 67.0000 	 1.7455 	 2.4656 	 -0.0706 	 0.0000 	 0.0669 
56.0000 	 2.3890 	 0.5057 	 0.0959 	 0.0000 	 844.1158 	 56.0000 	 0.8931 	 1.7997 	 0.4420 	 0.0000 	 0.0555 
64.0000 	 0.0025 	 9.9722 	 -10.0000 	 0.0000 	 1870.3189 	 64.0000 	 0.6161 	 2.5813 	 -0.1276 	 0.0000 	 0.0191 
57.0000 	 0.0448 	 7.2791 	 -9.5190 	 0.0000 	 1870.3184 	 57.0000 	 2.9271 	 1.4635 	 0.3035 	 0.0000 	 0.0000 
61.0000 	 2.6315 	 0.4362 	 0.0954 	 0.0000 	 844.8082 	 61.0000 	 1.0021 	 0.1870 	 0.4965 	 0.0000 	 0.0511 
67.0000 	 2.7863 	 0.4219 	 0.0985 	 0.0000 	 845.5641 	 67.0000 	 2.5852 	 0.8658 	 -0.0643 	 0.0000 	 0.0551 
67.0000 	 2.7243 	 0.4500 	 0.0975 	 0.0000 	 845.4879 	 67.0000 	 1.5901 	 1.7653 	 -0.0770 	 0.0000 	 0.0445 
64.0000 	 0.0130 	 0.9776 	 -8.1823 	 0.0000 	 1870.3177 	 64.0000 	 1.0808 	 0.8611 	 0.4471 	 0.0000 	 0.1027 
54.0000 	 0.0025 	 9.9722 	 -10.0000 	 0.0000 	 1800.3570 	 54.0000 	 0.0659 	 2.9834 	 0.3645 	 0.0000 	 0.2839 
67.0000 	 2.6380 	 0.4944 	 0.0908 	 0.0000 	 845.5906 	 67.0000 	 1.4223 	 1.6186 	 0.4091 	 0.0000 	 0.0434 
52.0000 	 2.3179 	 0.4977 	 0.0887 	 0.0000 	 843.4549 	 52.0000 	 0.2090 	 2.1710 	 -0.3334 	 0.0000 	 0.0494 
57.0000 	 2.4041 	 0.5037 	 0.1040 	 0.0000 	 844.3997 	 57.0000 	 1.1915 	 0.9643 	 -0.2471 	 0.0000 	 0.0515 
64.0000 	 2.6721 	 0.4458 	 0.0958 	 0.0000 	 845.1577 	 64.0000 	 0.6572 	 2.0410 	 -0.3631 	 0.0000 	 0.0464 
56.0000 	 2.5387 	 0.4256 	 0.0956 	 0.0000 	 844.3243 	 56.0000 	 2.6127 	 2.8555 	 0.4193 	 0.0000 	 0.0559 
66.0000 	 2.6999 	 0.4531 	 0.1040 	 0.0000 	 845.3619 	 66.0000 	 0.8768 	 2.4167 	 0.1677 	 0.0000 	 0.0578 
52.0000 	 2.3158 	 0.4962 	 0.0914 	 0.0000 	 843.4945 	 52.0000 	 0.1633 	 0.2879 	 0.4352 	 0.0000 	 0.0462 
64.0000 	 2.6242 	 0.4675 	 0.0941 	 0.0000 	 845.2295 	 64.0000 	 0.9396 	 0.2342 	 0.4108 	 0.0000 	 0.0963 
74.0000 	 2.8698 	 0.4504 	 0.0852 	 0.0000 	 846.1988 	 74.0000 	 2.9795 	 2.6957 	 -0.4680 	 0.0000 	 0.0469 
54.0000 	 2.3141 	 0.5198 	 0.1051 	 0.0000 	 843.8796 	 54.0000 	 1.3401 	 2.8670 	 -0.0491 	 0.0000 	 0.0612 
64.0000 	 2.7422 	 0.4183 	 0.0973 	 0.0000 	 845.3082 	 64.0000 	 2.9002 	 0.2781 	 -0.3217 	 0.0000 	 0.0550 
64.0000 	 2.6426 	 0.4567 	 0.1056 	 0.0000 	 845.1605 	 64.0000 	 2.7303 	 1.7214 	 0.2755 	 0.0000 	 0.0520 
61.0000 	 2.5449 	 0.4821 	 0.0825 	 0.0000 	 844.8350 	 61.0000 	 2.7693 	 2.8184 	 0.4945 	 0.0000 	 0.0584 
64.0000 	 2.5908 	 0.4849 	 0.1022 	 0.0000 	 845.1718 	 64.0000 	 0.3620 	 0.7557 	 0.3507 	 0.0000 	 0.0437 
54.0000 	 2.3151 	 0.5179 	 0.0996 	 0.0000 	 843.8260 	 54.0000 	 1.3409 	 2.3842 	 0.3004 	 0.0000 	 0.0619 
52.0000 	 2.2439 	 0.5415 	 0.0970 	 0.0000 	 843.6533 	 52.0000 	 2.0654 	 2.2134 	 -0.3604 	 0.0000 	 0.0410 
52.0000 	 2.3978 	 0.4460 	 0.1031 	 0.0000 	 843.4439 	 52.0000 	 0.2041 	 1.0905 	 0.3988 	 0.0000 	 0.0553 
54.0000 	 2.3849 	 0.4783 	 0.1008 	 0.0000 	 843.8266 	 54.0000 	 0.7332 	 2.9454 	 -0.0867 	 0.0000 	 0.0546 
54.0000 	 2.3400 	 0.5036 	 0.1074 	 0.0000 	 843.7746 	 54.0000 	 0.6785 	 2.8782 	 0.4466 	 0.0000 	 0.0555 
66.0000 	 2.6320 	 0.4894 	 0.0867 	 0.0000 	 845.3548 	 66.0000 	 2.4180 	 2.5131 	 -0.2263 	 0.0000 	 0.0587 
54.0000 	 2.3647 	 0.4922 	 0.1168 	 0.0000 	 843.9302 	 54.0000 	 0.8206 	 0.8915 	 -0.4015 	 0.0000 	 0.0529 
54.0000 	 2.3441 	 0.4989 	 0.0938 	 0.0000 	 843.9361 	 54.0000 	 2.4672 	 1.8406 	 -0.4070 	 0.0000 	 0.0456 
51.0000 	 2.2118 	 0.5510 	 0.0837 	 0.0000 	 843.4853 	 51.0000 	 0.2135 	 1.9299 	 0.2752 	 0.0000 	 0.0519 
52.0000 	 2.3072 	 0.4936 	 0.1095 	 0.0000 	 843.5722 	 52.0000 	 2.9816 	 2.0084 	 -0.0583 	 0.0000 	 0.0486 
57.0000 	 2.3709 	 0.5517 	 -0.4492 	 0.0000 	 840.6723 	 57.0000 	 2.3725 	 0.5523 	 -0.4506 	 0.0000 	 0.1350 
74.0000 	 2.8880 	 0.4389 	 0.1016 	 0.0000 	 846.1699 	 74.0000 	 1.5711 	 0.0180 	 0.3948 	 0.0000 	 0.0635 
52.0000 	 2.3170 	 0.4920 	 0.0887 	 0.0000 	 843.5643 	 52.0000 	 1.3971 	 1.3910 	 -0.2206 	 0.0000 	 0.0508 
51.0000 	 2.2310 	 0.5358 	 0.0856 	 0.0000 	 843.2916 	 51.0000 	 1.5975 	 1.5473 	 -0.2541 	 0.0000 	 0.0749 
51.0000 	 2.2671 	 0.5109 	 0.0948 	 0.0000 	 843.2509 	 51.0000 	 2.1362 	 0.0579 	 -0.3386 	 0.0000 	 0.0669 
73.0000 	 2.8675 	 0.4431 	 0.1024 	 0.0000 	 846.1011 	 73.0000 	 1.0816 	 0.6480 	 -0.0616 	 0.0000 	 0.0604 
67.0000 	 2.7084 	 0.4574 	 0.1047 	 0.0000 	 845.4549 	 67.0000 	 0.0210 	 0.0422 	 0.1333 	 0.0000 	 0.0554 
52.0000 	 2.2570 	 0.5256 	 0.1075 	 0.0000 	 843.6252 	 52.0000 	 2.2761 	 1.6715 	 0.4309 	 0.0000 	 0.0408 
64.0000 	 2.7099 	 0.4261 	 0.0899 	 0.0000 	 845.2015 	 64.0000 	 0.6194 	 1.0441 	 0.2118 	 0.0000 	 0.0521 
54.0000 	 2.3942 	 0.4732 	 0.0974 	 0.0000 	 843.8380 	 54.0000 	 1.2465 	 0.8571 	 -0.1474 	 0.0000 	 0.0468 
73.0000 	 2.6483 	 0.5576 	 0.0804 	 0.0000 	 846.9384 	 73.0000 	 1.4187 	 0.2220 	 0.2550 	 0.0000 	 0.0461 
51.0000 	 2.3109 	 0.4748 	 0.1074 	 0.0000 	 843.4203 	 51.0000 	 2.9414 	 0.9087 	 0.3863 	 0.0000 	 0.0394 
67.0000 	 2.7244 	 0.4453 	 0.1038 	 0.0000 	 845.5514 	 67.0000 	 0.5894 	 0.2451 	 -0.1493 	 0.0000 	 0.0535 
64.0000 	 2.5956 	 0.4837 	 0.0943 	 0.0000 	 845.2555 	 64.0000 	 2.7007 	 0.6091 	 0.0365 	 0.0000 	 0.0669 
62.0000 	 2.5286 	 0.5006 	 0.0877 	 0.0000 	 844.9726 	 62.0000 	 0.6592 	 2.8436 	 -0.3531 	 0.0000 	 0.0562 
54.0000 	 2.3219 	 0.5149 	 0.1052 	 0.0000 	 843.9211 	 54.0000 	 1.4785 	 1.4244 	 0.0777 	 0.0000 	 0.0456 
52.0000 	 2.3146 	 0.4897 	 0.0998 	 0.0000 	 843.4894 	 52.0000 	 0.0670 	 0.5552 	 -0.1957 	 0.0000 	 0.0482 
74.0000 	 2.8964 	 0.4416 	 0.0980 	 0.0000 	 846.1648 	 74.0000 	 1.1965 	 2.2244 	 -0.2133 	 0.0000 	 0.0923 
66.0000 	 2.5922 	 0.5142 	 0.1052 	 0.0000 	 845.6868 	 66.0000 	 0.7791 	 2.8998 	 0.3693 	 0.0000 	 0.0514 
66.0000 	 2.7434 	 0.4361 	 0.0824 	 0.0000 	 845.4239 	 66.0000 	 0.4818 	 0.5878 	 -0.2606 	 0.0000 	 0.0535 
56.0000 	 2.4265 	 0.4795 	 0.1113 	 0.0000 	 844.0590 	 56.0000 	 1.0690 	 1.5252 	 -0.4204 	 0.0000 	 0.0651 
61.0000 	 2.5442 	 0.4809 	 0.0786 	 0.0000 	 844.8545 	 61.0000 	 2.5056 	 2.0285 	 -0.4337 	 0.0000 	 0.0464 
57.0000 	 2.3758 	 0.5247 	 0.0968 	 0.0000 	 844.3628 	 57.0000 	 2.9177 	 1.8857 	 -0.1163 	 0.0000 	 0.0412 
52.0000 	 2.2238 	 0.5570 	 0.0912 	 0.0000 	 843.6713 	 52.0000 	 0.2691 	 2.3096 	 0.4566 	 0.0000 	 0.0429 
61.0000 	 2.6325 	 0.4348 	 0.0935 	 0.0000 	 844.9083 	 61.0000 	 2.1365 	 2.0932 	 0.3384 	 0.0000 	 0.0357 
57.0000 	 2.4900 	 0.4606 	 0.0972 	 0.0000 	 844.2262 	 57.0000 	 0.7272 	 0.1352 	 -0.4318 	 0.0000 	 0.0464 
73.0000 	 2.7886 	 0.4805 	 0.0824 	 0.0000 	 846.1310 	 73.0000 	 2.0364 	 0.2113 	 0.4158 	 0.0000 	 0.0494 
72.0000 	 2.6973 	 0.5173 	 0.0944 	 0.0000 	 846.3682 	 72.0000 	 0.8169 	 0.5239 	 0.3704 	 0.0000 	 0.0629 
52.0000 	 2.2614 	 0.5217 	 0.1063 	 0.0000 	 843.5522 	 52.0000 	 1.9112 	 2.4194 	 -0.2155 	 0.0000 	 0.0493 
72.0000 	 2.7490 	 0.4888 	 0.0964 	 0.0000 	 846.0506 	 72.0000 	 0.8000 	 0.3755 	 0.2340 	 0.0000 	 0.0498 
72.0000 	 2.9277 	 0.4096 	 0.0922 	 0.0000 	 846.1320 	 72.0000 	 2.2528 	 1.0936 	 -0.1443 	 0.0000 	 0.0488 
72.0000 	 2.6896 	 0.5178 	 0.0960 	 0.0000 	 846.3537 	 72.0000 	 1.8427 	 1.9341 	 -0.0111 	 0.0000 	 0.0406 
72.0000 	 2.8600 	 0.4366 	 0.0818 	 0.0000 	 845.9733 	 72.0000 	 1.8484 	 0.6721 	 0.4766 	 0.0000 	 0.0453 
67.0000 	 2.7883 	 0.4236 	 0.0790 	 0.0000 	 845.5260 	 67.0000 	 0.5399 	 0.2079 	 -0.3349 	 0.0000 	 0.0547 
68.0000 	 2.7166 	 0.4674 	 0.0720 	 0.0000 	 845.7336 	 68.0000 	 1.1136 	 0.8133 	 -0.2939 	 0.0000 	 0.0560 
72.0000 	 2.8036 	 0.4564 	 0.1055 	 0.0000 	 846.0899 	 72.0000 	 2.4251 	 2.8503 	 -0.2391 	 0.0000 	 0.0446 
68.0000 	 2.6408 	 0.5092 	 0.0716 	 0.0000 	 845.7993 	 68.0000 	 1.9105 	 1.1545 	 -0.3142 	 0.0000 	 0.0473 
68.0000 	 2.7212 	 0.4633 	 0.0995 	 0.0000 	 845.4716 	 68.0000 	 2.5298 	 2.7908 	 -0.1138 	 0.0000 	 0.1481 
60.0000 	 2.5303 	 0.4759 	 0.1013 	 0.0000 	 844.6409 	 60.0000 	 0.4817 	 1.0518 	 -0.1050 	 0.0000 	 0.0778 
72.0000 	 2.9160 	 0.4132 	 0.0818 	 0.0000 	 846.1633 	 72.0000 	 1.6589 	 1.3194 	 0.1504 	 0.0000 	 0.0443 
61.0000 	 2.4530 	 0.5268 	 0.0899 	 0.0000 	 844.9867 	 61.0000 	 2.7647 	 1.5345 	 0.2648 	 0.0000 	 0.0466 
64.0000 	 2.5309 	 0.5212 	 0.0837 	 0.0000 	 845.3603 	 64.0000 	 1.5214 	 1.8944 	 0.0873 	 0.0000 	 0.0522 
72.0000 	 2.9562 	 0.4021 	 0.0885 	 0.0000 	 846.2196 	 72.0000 	 1.5506 	 1.5497 	 0.0300 	 0.0000 	 0.0632 
68.0000 	 2.7290 	 0.4617 	 0.0842 	 0.0000 	 845.5349 	 68.0000 	 0.6837 	 1.9212 	 -0.3362 	 0.0000 	 0.0424 
60.0000 	 2.5397 	 0.4682 	 0.1071 	 0.0000 	 844.7395 	 60.0000 	 2.8584 	 0.5983 	 0.3658 	 0.0000 	 0.0457 
68.0000 	 2.7068 	 0.4680 	 0.1080 	 0.0000 	 845.6597 	 68.0000 	 1.3346 	 1.2697 	 -0.0100 	 0.0000 	 0.0513 
58.0000 	 2.4982 	 0.4738 	 0.0843 	 0.0000 	 844.4509 	 58.0000 	 2.5731 	 1.6930 	 -0.2323 	 0.0000 	 0.0564 
68.0000 	 2.7421 	 0.4545 	 0.0965 	 0.0000 	 845.6147 	 68.0000 	 2.0955 	 0.2053 	 -0.4382 	 0.0000 	 0.0475 
68.0000 	 2.6349 	 0.5125 	 0.0823 	 0.0000 	 845.8520 	 68.0000 	 2.3857 	 0.5523 	 -0.3899 	 0.0000 	 0.0493 
57.0000 	 2.4875 	 0.4590 	 0.0990 	 0.0000 	 844.2341 	 57.0000 	 1.1896 	 2.7679 	 -0.2251 	 0.0000 	 0.0563 
54.0000 	 2.3175 	 0.5278 	 0.0688 	 0.0000 	 843.9722 	 54.0000 	 2.2160 	 1.8620 	 -0.4756 	 0.0000 	 0.0421 
61.0000 	 2.5159 	 0.4982 	 0.0882 	 0.0000 	 844.8333 	 61.0000 	 1.1185 	 1.4285 	 0.1251 	 0.0000 	 0.0458 
68.0000 	 2.7335 	 0.4502 	 0.1074 	 0.0000 	 845.5720 	 68.0000 	 0.4907 	 2.3090 	 -0.4857 	 0.0000 	 0.0511 
61.0000 	 2.5592 	 0.4715 	 0.0940 	 0.0000 	 844.7717 	 61.0000 	 0.4492 	 2.2299 	 -0.3439 	 0.0000 	 0.0508 
58.0000 	 2.4319 	 0.5103 	 0.0951 	 0.0000 	 844.4320 	 58.0000 	 1.4866 	 0.8622 	 -0.1606 	 0.0000 	 0.0490 
51.0000 	 2.2639 	 0.5112 	 0.0960 	 0.0000 	 843.3705 	 51.0000 	 2.3042 	 0.3367 	 0.3550 	 0.0000 	 0.0419 
71.0000 	 2.7382 	 0.4819 	 0.0827 	 0.0000 	 846.2170 	 71.0000 	 0.3181 	 1.9814 	 0.1481 	 0.0000 	 0.0423 
51.0000 	 2.1848 	 0.5597 	 0.0944 	 0.0000 	 843.5283 	 51.0000 	 0.2409 	 0.2686 	 -0.4877 	 0.0000 	 0.0501 
57.0000 	 2.4219 	 0.4947 	 0.0998 	 0.0000 	 844.2759 	 57.0000 	 1.0210 	 2.3979 	 -0.3923 	 0.0000 	 0.0473 
71.0000 	 2.8428 	 0.4362 	 0.0992 	 0.0000 	 845.8615 	 71.0000 	 2.9896 	 2.1636 	 0.1618 	 0.0000 	 0.0653 
60.0000 	 2.4554 	 0.5137 	 0.1043 	 0.0000 	 844.7732 	 60.0000 	 1.5956 	 2.2968 	 0.2372 	 0.0000 	 0.0559 
51.0000 	 2.3166 	 0.4712 	 0.1022 	 0.0000 	 843.3201 	 51.0000 	 2.9396 	 0.6715 	 -0.1716 	 0.0000 	 0.0668 
69.0000 	 1.2992 	 1.1188 	 -6.0547 	 0.0000 	 1525.8422 	 69.0000 	 0.3229 	 1.4647 	 0.0436 	 0.0000 	 0.2903 
60.0000 	 2.5379 	 0.4676 	 0.0940 	 0.0000 	 844.6469 	 60.0000 	 1.4736 	 0.9813 	 0.0028 	 0.0000 	 0.0556 
69.0000 	 2.8838 	 0.4028 	 0.0953 	 0.0000 	 845.7805 	 69.0000 	 2.6719 	 0.1881 	 -0.1878 	 0.0000 	 0.0815 
57.0000 	 2.5902 	 0.4082 	 0.0918 	 0.0000 	 844.5656 	 57.0000 	 0.3424 	 0.3412 	 0.4088 	 0.0000 	 0.0421 
61.0000 	 2.5271 	 0.4886 	 0.0896 	 0.0000 	 844.8934 	 61.0000 	 0.7576 	 1.5320 	 0.0404 	 0.0000 	 0.0501 
71.0000 	 2.7337 	 0.4809 	 0.0857 	 0.0000 	 846.0354 	 71.0000 	 0.5513 	 0.9807 	 -0.2144 	 0.0000 	 0.0601 
58.0000 	 0.0089 	 0.0010 	 10.0000 	 0.0000 	 1831.1689 	 58.0000 	 0.4895 	 0.6096 	 0.0865 	 0.0000 	 0.2736 
58.0000 	 2.4682 	 0.4835 	 0.0947 	 0.0000 	 844.3339 	 58.0000 	 0.1948 	 2.8146 	 -0.1803 	 0.0000 	 0.0599 
60.0000 	 2.4079 	 0.5544 	 0.0718 	 0.0000 	 844.9981 	 60.0000 	 0.7831 	 2.2879 	 0.0529 	 0.0000 	 0.0698 
71.0000 	 2.7750 	 0.4624 	 0.1023 	 0.0000 	 845.8733 	 71.0000 	 1.6793 	 2.1615 	 -0.3235 	 0.0000 	 0.0504 
60.0000 	 2.5723 	 0.4492 	 0.1099 	 0.0000 	 844.6704 	 60.0000 	 2.6320 	 0.9426 	 0.4838 	 0.0000 	 0.0559 
51.0000 	 2.1587 	 0.5796 	 0.1021 	 0.0000 	 843.7264 	 51.0000 	 1.1738 	 2.3427 	 0.1848 	 0.0000 	 0.0579 
69.0000 	 2.7731 	 0.4480 	 0.0940 	 0.0000 	 845.7334 	 69.0000 	 1.7390 	 0.6013 	 -0.0525 	 0.0000 	 0.0456 
57.0000 	 2.5230 	 0.4467 	 0.0883 	 0.0000 	 844.3943 	 57.0000 	 2.9743 	 1.1870 	 0.1458 	 0.0000 	 0.0531 
69.0000 	 2.7438 	 0.4595 	 0.0948 	 0.0000 	 845.7425 	 69.0000 	 0.2350 	 1.0698 	 -0.2156 	 0.0000 	 0.0574 
58.0000 	 2.5780 	 0.4270 	 0.0946 	 0.0000 	 844.6179 	 58.0000 	 0.7007 	 0.6054 	 0.2405 	 0.0000 	 0.0429 
59.0000 	 2.4663 	 0.4939 	 0.1024 	 0.0000 	 844.5979 	 59.0000 	 1.8712 	 2.2432 	 -0.2418 	 0.0000 	 0.0477 
58.0000 	 2.5096 	 0.4629 	 0.0905 	 0.0000 	 844.4133 	 58.0000 	 2.2747 	 2.3513 	 0.4061 	 0.0000 	 0.0513 
71.0000 	 2.7937 	 0.4477 	 0.1017 	 0.0000 	 846.0307 	 71.0000 	 0.8703 	 0.7058 	 0.4632 	 0.0000 	 0.0466 
69.0000 	 2.6851 	 0.4958 	 0.0779 	 0.0000 	 845.8357 	 69.0000 	 2.3394 	 1.0299 	 0.1061 	 0.0000 	 0.0459 
60.0000 	 2.5197 	 0.4786 	 0.1014 	 0.0000 	 844.7184 	 60.0000 	 2.1041 	 1.7810 	 0.2050 	 0.0000 	 0.0492 
60.0000 	 2.6216 	 0.4302 	 0.0850 	 0.0000 	 844.7941 	 60.0000 	 0.5745 	 0.7312 	 -0.3035 	 0.0000 	 0.0538 
71.0000 	 2.8002 	 0.4498 	 0.1059 	 0.0000 	 845.9378 	 71.0000 	 2.6605 	 1.6575 	 -0.1034 	 0.0000 	 0.0497 
58.0000 	 2.4517 	 0.4880 	 0.0958 	 0.0000 	 844.4427 	 58.0000 	 2.9152 	 2.9038 	 0.4305 	 0.0000 	 0.0430 
69.0000 	 2.6604 	 0.5119 	 0.0659 	 0.0000 	 845.9240 	 69.0000 	 1.3644 	 1.4138 	 0.4258 	 0.0000 	 0.0460 
60.0000 	 2.5382 	 0.4662 	 0.1013 	 0.0000 	 844.5959 	 60.0000 	 1.9169 	 2.3341 	 0.3889 	 0.0000 	 0.0449 
51.0000 	 2.3189 	 0.4757 	 0.0912 	 0.0000 	 843.3338 	 51.0000 	 1.8760 	 2.6004 	 0.0284 	 0.0000 	 0.0407 
59.0000 	 2.5025 	 0.4716 	 0.1080 	 0.0000 	 844.5625 	 59.0000 	 0.8785 	 1.4317 	 0.0366 	 0.0000 	 0.0565 
58.0000 	 2.4789 	 0.4775 	 0.0886 	 0.0000 	 844.4059 	 58.0000 	 0.8074 	 2.0677 	 -0.3647 	 0.0000 	 0.0512 
58.0000 	 2.5262 	 0.4508 	 0.0895 	 0.0000 	 844.4703 	 58.0000 	 1.7850 	 1.6686 	 -0.1734 	 0.0000 	 0.0447 
71.0000 	 2.7756 	 0.4668 	 0.1034 	 0.0000 	 845.9259 	 71.0000 	 1.5287 	 2.4850 	 -0.3854 	 0.0000 	 0.0594 
71.0000 	 2.7569 	 0.4755 	 0.0806 	 0.0000 	 845.9191 	 71.0000 	 1.5604 	 2.1338 	 -0.0074 	 0.0000 	 0.0476 
69.0000 	 2.7857 	 0.4419 	 0.0883 	 0.0000 	 845.6964 	 69.0000 	 2.7014 	 1.3919 	 0.2806 	 0.0000 	 0.0475 
72.0000 	 2.7551 	 0.4839 	 0.0988 	 0.0000 	 846.0816 	 72.0000 	 1.8816 	 2.2434 	 0.1730 	 0.0000 	 0.0632 
69.0000 	 2.7707 	 0.4493 	 0.1057 	 0.0000 	 845.7006 	 69.0000 	 2.9633 	 2.3410 	 0.4273 	 0.0000 	 0.0557 
70.0000 	 2.8891 	 0.4017 	 0.1073 	 0.0000 	 845.9455 	 70.0000 	 2.4649 	 1.9995 	 0.1368 	 0.0000 	 0.0472 
68.0000 	 1.7312 	 0.0436 	 -6.1523 	 0.0000 	 1704.9797 	 68.0000 	 0.7745 	 1.7395 	 -0.0276 	 0.0000 	 0.2964 
70.0000 	 2.7708 	 0.4598 	 0.0907 	 0.0000 	 845.8171 	 70.0000 	 0.1731 	 2.3253 	 0.4741 	 0.0000 	 0.0500 
71.0000 	 2.7725 	 0.4662 	 0.1042 	 0.0000 	 845.9812 	 71.0000 	 0.1804 	 0.6274 	 -0.4531 	 0.0000 	 0.0467 
71.0000 	 2.7871 	 0.4636 	 0.0965 	 0.0000 	 845.9332 	 71.0000 	 0.1213 	 1.0289 	 -0.0290 	 0.0000 	 0.0460 
70.0000 	 2.7905 	 0.4522 	 0.1039 	 0.0000 	 845.7724 	 70.0000 	 0.4786 	 2.8223 	 -0.4928 	 0.0000 	 0.0571 
59.0000 	 2.4544 	 0.5016 	 0.0894 	 0.0000 	 844.6093 	 59.0000 	 0.0544 	 0.5506 	 -0.3260 	 0.0000 	 0.0504 
59.0000 	 2.4405 	 0.5136 	 0.1056 	 0.0000 	 844.6525 	 59.0000 	 1.9136 	 1.3610 	 0.1615 	 0.0000 	 0.0518 
70.0000 	 2.7845 	 0.4479 	 0.1034 	 0.0000 	 845.7994 	 70.0000 	 0.2857 	 1.0537 	 0.0829 	 0.0000 	 0.0787 
69.0000 	 2.8048 	 0.4327 	 0.0960 	 0.0000 	 845.7127 	 69.0000 	 2.8478 	 1.2606 	 -0.1128 	 0.0000 	 0.0589 
60.0000 	 2.5175 	 0.4793 	 0.0925 	 0.0000 	 844.7228 	 60.0000 	 1.9550 	 2.5764 	 0.1518 	 0.0000 	 0.0491 
70.0000 	 2.8606 	 0.4144 	 0.1029 	 0.0000 	 845.9130 	 70.0000 	 1.9831 	 1.0319 	 -0.0967 	 0.0000 	 0.0479 
59.0000 	 2.5821 	 0.4331 	 0.0931 	 0.0000 	 844.6336 	 59.0000 	 2.4992 	 0.8882 	 0.3028 	 0.0000 	 0.0530 
70.0000 	 2.8043 	 0.4351 	 0.1061 	 0.0000 	 845.7782 	 70.0000 	 2.2379 	 2.4780 	 -0.1919 	 0.0000 	 0.0710 
59.0000 	 2.4568 	 0.5039 	 0.0949 	 0.0000 	 844.6235 	 59.0000 	 0.2641 	 0.7974 	 0.4783 	 0.0000 	 0.0556 
63.0000 	 2.5980 	 0.4623 	 0.1254 	 0.0000 	 845.1807 	 63.0000 	 0.0594 	 0.8644 	 0.3391 	 0.0000 	 0.0526 
59.0000 	 2.5300 	 0.4620 	 0.0953 	 0.0000 	 844.5286 	 59.0000 	 1.7839 	 2.0537 	 -0.1745 	 0.0000 	 0.0401 
58.0000 	 2.3972 	 0.5230 	 0.1218 	 0.0000 	 844.6775 	 58.0000 	 1.3336 	 0.7395 	 -0.4214 	 0.0000 	 0.0538 
63.0000 	 2.6121 	 0.4624 	 0.1101 	 0.0000 	 845.0349 	 63.0000 	 0.1728 	 2.8418 	 -0.3580 	 0.0000 	 0.0792 
69.0000 	 2.8006 	 0.4381 	 0.0841 	 0.0000 	 845.7127 	 69.0000 	 0.4461 	 0.9616 	 0.2719 	 0.0000 	 0.0558 
59.0000 	 2.4715 	 0.4911 	 0.0937 	 0.0000 	 844.6238 	 59.0000 	 0.7208 	 1.3052 	 -0.0259 	 0.0000 	 0.0503 
55.0000 	 2.4080 	 0.4833 	 0.0897 	 0.0000 	 843.9694 	 55.0000 	 0.0361 	 1.8837 	 0.1362 	 0.0000 	 0.0525 
55.0000 	 2.3815 	 0.5043 	 0.0771 	 0.0000 	 844.1319 	 55.0000 	 2.0222 	 0.2864 	 -0.3136 	 0.0000 	 0.0656 
63.0000 	 2.5396 	 0.5099 	 0.0734 	 0.0000 	 845.2509 	 63.0000 	 0.4239 	 1.2138 	 0.3586 	 0.0000 	 0.0450 
53.0000 	 2.3192 	 0.5025 	 0.0937 	 0.0000 	 843.6607 	 53.0000 	 0.9054 	 0.6922 	 -0.1380 	 0.0000 	 0.0478 
59.0000 	 2.5391 	 0.4568 	 0.0886 	 0.0000 	 844.5613 	 59.0000 	 0.4796 	 0.5311 	 -0.1913 	 0.0000 	 0.0667 
53.0000 	 2.3195 	 0.5085 	 0.0921 	 0.0000 	 843.6115 	 53.0000 	 2.9641 	 1.2981 	 0.2412 	 0.0000 	 0.0468 
55.0000 	 2.2725 	 0.5708 	 0.0618 	 0.0000 	 844.4507 	 55.0000 	 2.9818 	 2.7457 	 -0.1360 	 0.0000 	 0.0440 
59.0000 	 2.4280 	 0.5187 	 0.1033 	 0.0000 	 844.6377 	 59.0000 	 2.9766 	 2.8450 	 0.3332 	 0.0000 	 0.0450 
53.0000 	 2.4148 	 0.4481 	 0.0943 	 0.0000 	 843.7898 	 53.0000 	 1.4267 	 2.7260 	 -0.2054 	 0.0000 	 0.0655 
70.0000 	 2.8099 	 0.4555 	 0.0613 	 0.0000 	 846.0755 	 70.0000 	 1.4020 	 2.1808 	 -0.4761 	 0.0000 	 0.0563 
70.0000 	 2.7325 	 0.4720 	 0.1090 	 0.0000 	 845.9331 	 70.0000 	 1.8861 	 1.1121 	 -0.3865 	 0.0000 	 0.0448 
70.0000 	 2.7626 	 0.4612 	 0.0928 	 0.0000 	 845.7781 	 70.0000 	 0.1859 	 1.2312 	 -0.3090 	 0.0000 	 0.0481 
70.0000 	 2.7671 	 0.4602 	 0.1045 	 0.0000 	 845.8534 	 70.0000 	 1.3657 	 0.1087 	 -0.2133 	 0.0000 	 0.0560 
63.0000 	 2.6013 	 0.4693 	 0.0978 	 0.0000 	 845.0510 	 63.0000 	 2.2936 	 2.2278 	 -0.2447 	 0.0000 	 0.0489 
55.0000 	 2.4367 	 0.4544 	 0.1121 	 0.0000 	 843.7713 	 55.0000 	 2.5856 	 1.6418 	 0.3874 	 0.0000 	 0.0831 
63.0000 	 2.5691 	 0.4869 	 0.0953 	 0.0000 	 845.0633 	 63.0000 	 1.9007 	 2.3180 	 -0.4875 	 0.0000 	 0.0485 
53.0000 	 2.3092 	 0.5096 	 0.1305 	 0.0000 	 843.7808 	 53.0000 	 0.8128 	 0.2606 	 0.1561 	 0.0000 	 0.0545 
55.0000 	 2.4488 	 0.4517 	 0.1120 	 0.0000 	 844.0417 	 55.0000 	 0.6444 	 0.8124 	 0.3884 	 0.0000 	 0.0531 
53.0000 	 2.3821 	 0.4704 	 0.0812 	 0.0000 	 843.6567 	 53.0000 	 0.4400 	 1.2099 	 -0.0928 	 0.0000 	 0.0589 
