49.0000 	 1.9776 	 0.7900 	 -0.4365 	 824.2859 	49.0000 	 2.6990 	 0.6892 	 0.3832 	 0.0507 
49.0000 	 2.0074 	 0.7502 	 -0.4087 	 824.2399 	49.0000 	 0.1941 	 2.5874 	 0.3912 	 0.0571 
50.0000 	 2.0045 	 0.7813 	 -0.4135 	 824.5982 	50.0000 	 0.1246 	 1.9222 	 0.2351 	 0.0512 
50.0000 	 2.0326 	 0.7509 	 -0.4060 	 824.5236 	50.0000 	 2.8771 	 0.9300 	 0.4009 	 0.0432 
50.0000 	 2.0350 	 0.7421 	 -0.4211 	 824.5408 	50.0000 	 0.9408 	 1.3766 	 0.1736 	 0.0406 
49.0000 	 1.9780 	 0.7895 	 -0.4336 	 824.2978 	49.0000 	 2.9170 	 1.2903 	 0.2429 	 0.0364 
50.0000 	 2.0049 	 0.7792 	 -0.4315 	 824.5597 	50.0000 	 2.4148 	 2.8720 	 0.1707 	 0.0415 
50.0000 	 1.9921 	 0.7920 	 -0.4318 	 824.5273 	50.0000 	 2.6043 	 1.3594 	 -0.1278 	 0.0359 
37.0000 	 1.6622 	 0.8545 	 -0.4517 	 820.1324 	37.0000 	 2.5331 	 1.1260 	 0.0394 	 0.0282 
36.0000 	 1.6420 	 0.8480 	 -0.4254 	 819.6874 	36.0000 	 2.0952 	 2.3273 	 0.1331 	 0.0536 
50.0000 	 2.0224 	 0.7549 	 -0.4139 	 824.5314 	50.0000 	 0.4743 	 1.5059 	 -0.3364 	 0.0378 
50.0000 	 2.0525 	 0.7307 	 -0.4055 	 824.5879 	50.0000 	 0.7253 	 0.2543 	 -0.1077 	 0.0484 
50.0000 	 2.0026 	 0.7858 	 -0.4143 	 824.5820 	50.0000 	 0.0446 	 1.3741 	 -0.1285 	 0.0356 
36.0000 	 1.6662 	 0.8115 	 -0.4360 	 819.6716 	36.0000 	 0.4824 	 1.0124 	 0.1563 	 0.0474 
36.0000 	 1.6392 	 0.8527 	 -0.4375 	 819.6396 	36.0000 	 0.9585 	 0.9001 	 -0.2823 	 0.0528 
36.0000 	 1.6376 	 0.8556 	 -0.4410 	 819.6729 	36.0000 	 0.4451 	 2.0657 	 0.1922 	 0.0326 
35.0000 	 1.5834 	 0.8976 	 -0.4527 	 819.2871 	35.0000 	 2.9119 	 1.1485 	 0.2798 	 0.0437 
37.0000 	 1.6780 	 0.8298 	 -0.4301 	 820.2176 	37.0000 	 1.5663 	 1.3201 	 0.1841 	 0.0415 
21.0000 	 1.1448 	 1.0099 	 -0.4693 	 811.8999 	21.0000 	 2.0148 	 2.4347 	 -0.0387 	 0.0334 
35.0000 	 1.5878 	 0.8928 	 -0.4534 	 819.3065 	35.0000 	 0.4316 	 1.4450 	 -0.1501 	 0.0375 
20.0000 	 1.1111 	 1.0194 	 -0.4783 	 811.3470 	20.0000 	 0.0460 	 0.5998 	 -0.3230 	 0.0334 
34.0000 	 1.5834 	 0.8671 	 -0.4516 	 818.8636 	34.0000 	 0.2276 	 2.0063 	 0.2314 	 0.0364 
6.0000 	 0.4526 	 0.8808 	 -0.3283 	 814.9676 	6.0000 	 0.5411 	 1.9091 	 -0.2249 	 0.0559 
36.0000 	 1.6252 	 0.8817 	 -0.4418 	 819.7771 	36.0000 	 2.0217 	 1.7775 	 -0.2081 	 0.0391 
5.0000 	 0.3838 	 0.8075 	 -0.2897 	 818.6524 	5.0000 	 0.3317 	 1.9898 	 -0.1915 	 0.0752 
36.0000 	 1.5955 	 0.9163 	 -0.4705 	 819.8644 	36.0000 	 2.7800 	 1.6883 	 -0.4059 	 0.0393 
50.0000 	 2.0216 	 0.7567 	 -0.4390 	 824.5601 	50.0000 	 0.8935 	 1.6686 	 -0.4121 	 0.0463 
36.0000 	 1.6190 	 0.8801 	 -0.4670 	 819.7431 	36.0000 	 0.0755 	 2.7882 	 -0.0571 	 0.0411 
21.0000 	 1.1337 	 1.0427 	 -0.4893 	 811.9219 	21.0000 	 1.1051 	 1.4316 	 0.4122 	 0.0309 
22.0000 	 1.1752 	 1.0096 	 -0.4808 	 812.5491 	22.0000 	 0.6989 	 1.3262 	 0.2336 	 0.0478 
34.0000 	 1.5637 	 0.8894 	 -0.4782 	 818.8855 	34.0000 	 0.0330 	 0.4847 	 -0.2563 	 0.0449 
37.0000 	 1.6669 	 0.8442 	 -0.4276 	 820.1422 	37.0000 	 0.3648 	 0.6785 	 -0.0549 	 0.0286 
35.0000 	 1.6087 	 0.8569 	 -0.4569 	 819.2876 	35.0000 	 1.0655 	 0.8128 	 -0.4107 	 0.0584 
35.0000 	 1.6136 	 0.8552 	 -0.4446 	 819.2802 	35.0000 	 2.7654 	 0.9266 	 0.3037 	 0.0448 
19.0000 	 1.0654 	 1.0441 	 -0.4818 	 810.7006 	19.0000 	 2.4134 	 0.1355 	 0.4352 	 0.0305 
36.0000 	 1.6328 	 0.8591 	 -0.4299 	 819.7112 	36.0000 	 1.8497 	 0.8296 	 0.2299 	 0.0375 
35.0000 	 1.6226 	 0.8409 	 -0.4331 	 819.2739 	35.0000 	 1.9507 	 2.3662 	 -0.4635 	 0.0415 
20.0000 	 1.1046 	 1.0183 	 -0.4786 	 811.3466 	20.0000 	 1.2446 	 0.3899 	 0.2839 	 0.0401 
35.0000 	 1.5779 	 0.9175 	 -0.4683 	 819.3328 	35.0000 	 2.6442 	 2.9462 	 -0.4958 	 0.0358 
22.0000 	 1.1914 	 0.9702 	 -0.4658 	 812.5780 	22.0000 	 2.8685 	 2.8486 	 0.4728 	 0.0333 
7.0000 	 0.5118 	 0.9596 	 -0.3858 	 812.2413 	7.0000 	 1.3925 	 1.9318 	 0.1605 	 0.0501 
21.0000 	 1.1372 	 1.0263 	 -0.4837 	 811.8955 	21.0000 	 1.2666 	 1.5280 	 -0.1720 	 0.0342 
6.0000 	 0.4454 	 0.8865 	 -0.3309 	 814.9696 	6.0000 	 0.7996 	 0.0436 	 -0.4862 	 0.0745 
21.0000 	 1.1335 	 1.0364 	 -0.4794 	 811.8697 	21.0000 	 0.4218 	 0.0461 	 0.3915 	 0.0294 
4.0000 	 0.3118 	 0.6798 	 -0.2092 	 823.6115 	4.0000 	 2.6286 	 2.0045 	 0.2621 	 0.0891 
35.0000 	 1.6035 	 0.8625 	 -0.4494 	 819.3099 	35.0000 	 1.2037 	 2.7938 	 0.1803 	 0.0380 
21.0000 	 1.1287 	 1.0540 	 -0.4720 	 811.9409 	21.0000 	 0.0491 	 0.1861 	 0.0217 	 0.0355 
5.0000 	 0.3914 	 0.7704 	 -0.2807 	 818.5737 	5.0000 	 1.7641 	 0.6953 	 -0.3122 	 0.0868 
19.0000 	 1.0735 	 1.0222 	 -0.4863 	 810.7508 	19.0000 	 1.1932 	 1.8864 	 -0.2755 	 0.0277 
21.0000 	 1.1482 	 0.9977 	 -0.4838 	 811.9054 	21.0000 	 2.6163 	 1.4775 	 0.2113 	 0.0353 
20.0000 	 1.1009 	 1.0401 	 -0.4791 	 811.3838 	20.0000 	 2.5513 	 1.3333 	 0.4525 	 0.0348 
20.0000 	 1.1079 	 1.0228 	 -0.4731 	 811.3768 	20.0000 	 1.7792 	 1.0518 	 -0.3641 	 0.0333 
34.0000 	 1.5841 	 0.8597 	 -0.4499 	 818.8399 	34.0000 	 2.5721 	 2.3823 	 0.0966 	 0.0483 
7.0000 	 0.5170 	 0.9446 	 -0.3944 	 812.2205 	7.0000 	 1.9360 	 0.7048 	 -0.3385 	 0.0416 
6.0000 	 0.4521 	 0.8894 	 -0.3505 	 815.0376 	6.0000 	 0.6801 	 1.8550 	 -0.3702 	 0.0632 
6.0000 	 0.4504 	 0.8877 	 -0.3508 	 814.8552 	6.0000 	 1.0796 	 2.1904 	 0.4165 	 0.0698 
20.0000 	 1.0938 	 1.0406 	 -0.5060 	 811.4144 	20.0000 	 0.2842 	 0.7073 	 0.1148 	 0.0406 
4.0000 	 0.3088 	 0.6924 	 -0.2056 	 823.7523 	4.0000 	 1.5497 	 0.3018 	 -0.0432 	 0.1131 
5.0000 	 0.3839 	 0.7958 	 -0.2590 	 818.7392 	5.0000 	 2.9531 	 0.9822 	 0.1966 	 0.0772 
5.0000 	 0.3883 	 0.7770 	 -0.2719 	 818.6074 	5.0000 	 1.2885 	 0.8498 	 -0.1032 	 0.0720 
21.0000 	 1.1344 	 1.0355 	 -0.4926 	 811.9496 	21.0000 	 1.6139 	 2.9516 	 0.4732 	 0.0323 
20.0000 	 1.0954 	 1.0504 	 -0.4725 	 811.3151 	20.0000 	 2.6314 	 1.8900 	 0.4691 	 0.0294 
6.0000 	 0.4583 	 0.8598 	 -0.3432 	 814.8826 	6.0000 	 2.0252 	 2.2476 	 0.1632 	 0.0614 
22.0000 	 1.1650 	 1.0408 	 -0.4688 	 812.5130 	22.0000 	 0.3755 	 2.7217 	 0.1393 	 0.0617 
6.0000 	 0.4546 	 0.8795 	 -0.3360 	 814.9338 	6.0000 	 0.7322 	 2.8758 	 -0.1603 	 0.0584 
36.0000 	 1.6141 	 0.8952 	 -0.4570 	 819.6941 	36.0000 	 2.9866 	 2.1489 	 0.2875 	 0.0439 
35.0000 	 1.6046 	 0.8684 	 -0.4453 	 819.2159 	35.0000 	 2.6988 	 0.0693 	 0.3473 	 0.0295 
5.0000 	 0.3778 	 0.8117 	 -0.2732 	 818.7269 	5.0000 	 1.2430 	 1.7944 	 -0.1923 	 0.0646 
5.0000 	 0.3814 	 0.8105 	 -0.2756 	 818.6916 	5.0000 	 1.0628 	 2.1236 	 -0.1782 	 0.0676 
20.0000 	 1.1004 	 1.0389 	 -0.4968 	 811.2689 	20.0000 	 2.9464 	 2.1288 	 -0.3047 	 0.0337 
19.0000 	 1.0811 	 0.9973 	 -0.4658 	 810.7512 	19.0000 	 1.5843 	 1.7944 	 0.2312 	 0.0353 
6.0000 	 0.4471 	 0.9089 	 -0.3412 	 815.0502 	6.0000 	 0.0211 	 1.8122 	 0.0422 	 0.0510 
7.0000 	 0.5125 	 0.9557 	 -0.4030 	 812.2652 	7.0000 	 0.0248 	 2.9667 	 0.4122 	 0.0449 
5.0000 	 0.3989 	 0.7315 	 -0.2505 	 818.9765 	5.0000 	 0.6319 	 1.9369 	 -0.2581 	 0.0731 
4.0000 	 0.3077 	 0.6980 	 -0.2421 	 823.5300 	4.0000 	 1.4453 	 1.5616 	 -0.2168 	 0.1003 
21.0000 	 1.1421 	 1.0198 	 -0.4698 	 811.9209 	21.0000 	 0.3458 	 1.5172 	 0.2406 	 0.0309 
49.0000 	 2.0065 	 0.7554 	 -0.4361 	 824.2504 	49.0000 	 2.5528 	 2.9249 	 -0.3330 	 0.0404 
20.0000 	 1.1067 	 1.0266 	 -0.4845 	 811.2854 	20.0000 	 0.5289 	 0.0793 	 -0.4644 	 0.0363 
6.0000 	 0.4511 	 0.8931 	 -0.3445 	 814.8932 	6.0000 	 0.9497 	 1.0195 	 -0.3796 	 0.0619 
35.0000 	 1.6029 	 0.8704 	 -0.4450 	 819.3005 	35.0000 	 1.9089 	 2.5884 	 -0.3591 	 0.0464 
5.0000 	 0.3842 	 0.8017 	 -0.2865 	 818.4838 	5.0000 	 2.4254 	 1.2006 	 0.0157 	 0.1175 
21.0000 	 1.1544 	 0.9837 	 -0.4517 	 811.9855 	21.0000 	 2.5772 	 1.6715 	 0.1830 	 0.0986 
37.0000 	 1.6714 	 0.8381 	 -0.4510 	 820.1481 	37.0000 	 2.0167 	 1.9539 	 0.2002 	 0.0411 
20.0000 	 1.1048 	 1.0236 	 -0.4901 	 811.3090 	20.0000 	 2.8650 	 1.7323 	 -0.0232 	 0.0330 
6.0000 	 0.4593 	 0.8495 	 -0.3095 	 814.8907 	6.0000 	 1.8005 	 2.9307 	 0.3808 	 0.0596 
5.0000 	 0.3810 	 0.8127 	 -0.2958 	 818.6757 	5.0000 	 1.6108 	 0.5739 	 0.4453 	 0.0615 
34.0000 	 1.5810 	 0.8619 	 -0.4552 	 818.8162 	34.0000 	 2.8481 	 1.7432 	 0.3893 	 0.0448 
49.0000 	 2.1158 	 0.6495 	 -0.3796 	 824.9670 	49.0000 	 2.4859 	 2.8077 	 -0.2184 	 0.0539 
22.0000 	 1.1853 	 0.9890 	 -0.4693 	 812.5295 	22.0000 	 1.0064 	 0.6200 	 0.0884 	 0.0290 
19.0000 	 1.0645 	 1.0395 	 -0.4924 	 810.7692 	19.0000 	 0.5478 	 2.6833 	 0.3267 	 0.0388 
7.0000 	 0.5156 	 0.9456 	 -0.3852 	 812.2997 	7.0000 	 2.4911 	 2.9321 	 0.4898 	 0.0445 
50.0000 	 1.9969 	 0.7928 	 -0.4130 	 824.5547 	50.0000 	 1.9991 	 1.5348 	 0.3332 	 0.0524 
4.0000 	 0.3130 	 0.6809 	 -0.2265 	 823.5105 	4.0000 	 0.6218 	 1.9198 	 0.0879 	 0.0946 
37.0000 	 1.6709 	 0.8354 	 -0.4451 	 820.1181 	37.0000 	 2.0046 	 2.3950 	 -0.0415 	 0.0538 
48.0000 	 1.9819 	 0.7601 	 -0.4186 	 823.9518 	48.0000 	 2.9003 	 1.7308 	 -0.3024 	 0.0369 
48.0000 	 1.9924 	 0.7426 	 -0.4175 	 823.9689 	48.0000 	 2.6906 	 1.7550 	 0.3975 	 0.0456 
49.0000 	 2.0396 	 0.7194 	 -0.3957 	 824.3443 	49.0000 	 0.3111 	 1.3544 	 -0.2774 	 0.0495 
49.0000 	 1.9478 	 0.8190 	 -0.4393 	 824.4067 	49.0000 	 2.9906 	 2.4592 	 0.2530 	 0.0497 
47.0000 	 1.9687 	 0.7463 	 -0.4208 	 823.6410 	47.0000 	 2.3156 	 1.6516 	 0.1352 	 0.0491 
48.0000 	 1.9427 	 0.8114 	 -0.4081 	 824.0685 	48.0000 	 0.3050 	 1.0758 	 0.0219 	 0.0428 
48.0000 	 1.9715 	 0.7759 	 -0.4181 	 823.9534 	48.0000 	 2.4829 	 0.7921 	 0.2332 	 0.0370 
49.0000 	 1.9638 	 0.8072 	 -0.4286 	 824.2943 	49.0000 	 1.6278 	 2.5859 	 0.4409 	 0.0455 
38.0000 	 1.6868 	 0.8546 	 -0.4447 	 820.5590 	38.0000 	 0.0765 	 2.7962 	 -0.0469 	 0.0395 
47.0000 	 1.8855 	 0.8522 	 -0.4314 	 823.8754 	47.0000 	 0.7325 	 1.9670 	 0.4724 	 0.0428 
48.0000 	 1.9594 	 0.7834 	 -0.4221 	 823.9781 	48.0000 	 2.2511 	 1.2015 	 -0.2611 	 0.0522 
33.0000 	 1.5585 	 0.8579 	 -0.4393 	 818.4212 	33.0000 	 1.4798 	 0.5922 	 0.1362 	 0.0406 
48.0000 	 1.9570 	 0.7903 	 -0.4160 	 823.9291 	48.0000 	 0.3443 	 2.1222 	 -0.1320 	 0.0398 
49.0000 	 1.9631 	 0.8071 	 -0.4344 	 824.3276 	49.0000 	 0.8979 	 2.7424 	 0.0774 	 0.0362 
23.0000 	 1.2164 	 0.9876 	 -0.4704 	 813.0323 	23.0000 	 0.7730 	 0.9229 	 0.1765 	 0.0423 
38.0000 	 1.6630 	 0.8908 	 -0.4700 	 820.6763 	38.0000 	 2.5040 	 1.0481 	 0.0963 	 0.0395 
49.0000 	 1.9767 	 0.7888 	 -0.4311 	 824.2761 	49.0000 	 0.4017 	 2.5648 	 0.1905 	 0.0413 
18.0000 	 1.0278 	 1.0541 	 -0.4849 	 810.1906 	18.0000 	 2.8560 	 0.0027 	 0.4000 	 0.0746 
48.0000 	 1.9617 	 0.7780 	 -0.4440 	 824.0361 	48.0000 	 1.4988 	 1.7029 	 -0.0456 	 0.0510 
37.0000 	 1.6800 	 0.8285 	 -0.4404 	 820.1359 	37.0000 	 2.3046 	 1.1277 	 0.3242 	 0.0500 
48.0000 	 1.9711 	 0.7707 	 -0.4306 	 823.9582 	48.0000 	 1.4598 	 1.1984 	 -0.4120 	 0.0432 
37.0000 	 1.6924 	 0.8113 	 -0.4311 	 820.2394 	37.0000 	 0.7822 	 0.4316 	 0.1496 	 0.0459 
8.0000 	 0.5723 	 1.0005 	 -0.4139 	 810.3164 	8.0000 	 2.2673 	 0.4562 	 -0.2769 	 0.0429 
38.0000 	 1.7013 	 0.8301 	 -0.4373 	 820.5384 	38.0000 	 2.8783 	 1.7245 	 -0.3699 	 0.0402 
38.0000 	 1.6950 	 0.8363 	 -0.4323 	 820.4909 	38.0000 	 1.3259 	 2.7544 	 0.3911 	 0.0442 
37.0000 	 1.6730 	 0.8274 	 -0.4580 	 820.1736 	37.0000 	 0.6387 	 0.8433 	 -0.2767 	 0.0425 
36.0000 	 1.6093 	 0.8895 	 -0.4551 	 819.7979 	36.0000 	 1.0472 	 2.3696 	 0.3661 	 0.0428 
3.0000 	 0.2378 	 0.4981 	 -0.1309 	 829.4056 	3.0000 	 1.1348 	 2.6838 	 0.1079 	 0.1599 
38.0000 	 1.6846 	 0.8657 	 -0.4433 	 820.5705 	38.0000 	 1.6267 	 1.5538 	 -0.4387 	 0.0395 
34.0000 	 1.5806 	 0.8670 	 -0.4486 	 818.8970 	34.0000 	 2.2550 	 2.0527 	 0.4199 	 0.0341 
38.0000 	 1.6204 	 0.9593 	 -0.4764 	 821.0181 	38.0000 	 0.2687 	 2.1293 	 -0.0212 	 0.0493 
37.0000 	 1.6533 	 0.8666 	 -0.4364 	 820.1755 	37.0000 	 0.8726 	 0.4168 	 0.0353 	 0.0397 
34.0000 	 1.5950 	 0.8415 	 -0.4364 	 818.8638 	34.0000 	 2.2950 	 0.5165 	 -0.1692 	 0.0317 
47.0000 	 1.9505 	 0.7694 	 -0.4266 	 823.6450 	47.0000 	 2.9773 	 2.7164 	 -0.2021 	 0.0351 
33.0000 	 1.5275 	 0.9059 	 -0.4761 	 818.4506 	33.0000 	 2.9162 	 2.1423 	 0.2500 	 0.0395 
33.0000 	 1.5571 	 0.8648 	 -0.4530 	 818.3419 	33.0000 	 0.7229 	 2.5118 	 0.1240 	 0.0537 
34.0000 	 1.5859 	 0.8607 	 -0.4338 	 818.8320 	34.0000 	 0.6584 	 2.4253 	 -0.0341 	 0.0374 
22.0000 	 1.1812 	 1.0007 	 -0.4743 	 812.5367 	22.0000 	 1.3975 	 2.9605 	 -0.4539 	 0.0283 
23.0000 	 1.2148 	 0.9891 	 -0.4970 	 813.1124 	23.0000 	 2.3558 	 1.0543 	 -0.0073 	 0.0665 
23.0000 	 1.2173 	 0.9770 	 -0.4803 	 813.0897 	23.0000 	 2.3521 	 0.6773 	 0.4034 	 0.0380 
19.0000 	 1.0615 	 1.0480 	 -0.4955 	 810.7120 	19.0000 	 2.4101 	 2.2781 	 0.0560 	 0.0335 
7.0000 	 0.5109 	 0.9651 	 -0.4004 	 812.3995 	7.0000 	 1.1207 	 1.0172 	 -0.4690 	 0.0448 
18.0000 	 1.0186 	 1.0794 	 -0.4870 	 810.1480 	18.0000 	 0.3864 	 2.8399 	 -0.0744 	 0.0269 
22.0000 	 1.1797 	 0.9970 	 -0.4752 	 812.4862 	22.0000 	 0.6793 	 1.8612 	 0.2986 	 0.0310 
18.0000 	 1.0222 	 1.0608 	 -0.5029 	 810.1886 	18.0000 	 1.4067 	 0.3848 	 -0.0180 	 0.0346 
4.0000 	 0.3252 	 0.6296 	 -0.1660 	 823.4648 	4.0000 	 1.1428 	 2.0447 	 0.3003 	 0.0828 
48.0000 	 1.9869 	 0.7568 	 -0.4155 	 823.9806 	48.0000 	 2.8783 	 0.6572 	 0.1163 	 0.0333 
19.0000 	 1.1007 	 0.9444 	 -0.4578 	 810.9207 	19.0000 	 2.2292 	 0.8906 	 -0.2353 	 0.0455 
8.0000 	 0.5728 	 1.0007 	 -0.4196 	 810.3890 	8.0000 	 2.0326 	 2.6332 	 -0.4879 	 0.0365 
8.0000 	 0.5779 	 0.9746 	 -0.4002 	 810.4669 	8.0000 	 1.7954 	 2.9157 	 0.0321 	 0.0416 
33.0000 	 1.5504 	 0.8838 	 -0.4350 	 818.3280 	33.0000 	 1.6302 	 2.9366 	 -0.4384 	 0.0375 
47.0000 	 1.8992 	 0.8296 	 -0.4540 	 823.7472 	47.0000 	 0.9872 	 1.4377 	 -0.1839 	 0.0441 
3.0000 	 0.2112 	 0.6044 	 -0.1711 	 830.3013 	3.0000 	 0.7715 	 0.7829 	 0.3105 	 0.1334 
34.0000 	 1.5578 	 0.9009 	 -0.4700 	 818.9593 	34.0000 	 1.8797 	 1.4004 	 -0.0813 	 0.0508 
7.0000 	 0.5261 	 0.9005 	 -0.3741 	 812.2861 	7.0000 	 2.6989 	 1.4534 	 0.0953 	 0.0419 
39.0000 	 1.7051 	 0.8586 	 -0.4379 	 820.9697 	39.0000 	 0.1353 	 0.4916 	 -0.3749 	 0.0403 
3.0000 	 0.2327 	 0.5298 	 -0.1452 	 829.7006 	3.0000 	 1.4573 	 0.0412 	 0.3989 	 0.1907 
4.0000 	 0.3171 	 0.6543 	 -0.1907 	 823.6109 	4.0000 	 0.9118 	 0.9609 	 0.2184 	 0.0912 
39.0000 	 1.7366 	 0.8132 	 -0.4269 	 820.9844 	39.0000 	 0.7653 	 1.8773 	 0.3151 	 0.0365 
48.0000 	 1.9729 	 0.7693 	 -0.4182 	 823.9179 	48.0000 	 1.2619 	 0.5074 	 -0.3327 	 0.0340 
47.0000 	 1.9133 	 0.8130 	 -0.4403 	 823.7551 	47.0000 	 2.2142 	 2.6247 	 -0.1519 	 0.0564 
22.0000 	 1.1852 	 0.9874 	 -0.4466 	 812.5557 	22.0000 	 2.4692 	 1.8454 	 -0.1360 	 0.0292 
33.0000 	 1.5475 	 0.8782 	 -0.4615 	 818.4142 	33.0000 	 0.3955 	 0.8138 	 -0.0590 	 0.0367 
23.0000 	 1.2277 	 0.9745 	 -0.4740 	 813.2115 	23.0000 	 1.6963 	 1.2504 	 -0.2213 	 0.0466 
38.0000 	 1.6800 	 0.8553 	 -0.4510 	 820.6320 	38.0000 	 1.4323 	 2.8211 	 -0.2506 	 0.0333 
22.0000 	 1.1626 	 1.0435 	 -0.5126 	 812.5867 	22.0000 	 1.7804 	 0.6973 	 0.0823 	 0.0389 
19.0000 	 1.0556 	 1.0681 	 -0.4787 	 810.8143 	19.0000 	 2.7052 	 1.7330 	 -0.0155 	 0.0311 
37.0000 	 1.6619 	 0.8589 	 -0.4535 	 820.1459 	37.0000 	 1.2007 	 2.5851 	 -0.2077 	 0.0398 
34.0000 	 1.5713 	 0.8816 	 -0.4446 	 818.8780 	34.0000 	 2.4490 	 0.3570 	 0.2654 	 0.0395 
35.0000 	 1.6161 	 0.8524 	 -0.4326 	 819.2842 	35.0000 	 2.1457 	 1.2010 	 0.0554 	 0.0419 
47.0000 	 1.9163 	 0.8138 	 -0.4356 	 823.7161 	47.0000 	 1.2613 	 1.0330 	 0.2821 	 0.0454 
7.0000 	 0.5238 	 0.9233 	 -0.3699 	 812.2214 	7.0000 	 2.9649 	 2.3829 	 -0.3646 	 0.0475 
33.0000 	 1.5682 	 0.8501 	 -0.4256 	 818.4182 	33.0000 	 0.1667 	 2.4132 	 -0.0168 	 0.0416 
38.0000 	 1.7109 	 0.8032 	 -0.4344 	 820.5274 	38.0000 	 2.5052 	 0.2594 	 0.1092 	 0.0452 
23.0000 	 1.2020 	 1.0197 	 -0.4895 	 813.1373 	23.0000 	 1.5170 	 1.9102 	 0.3675 	 0.0507 
18.0000 	 1.0307 	 1.0378 	 -0.4752 	 810.1341 	18.0000 	 2.2166 	 0.8663 	 -0.0997 	 0.0341 
19.0000 	 1.0498 	 1.0851 	 -0.4995 	 810.7793 	19.0000 	 2.3783 	 2.7316 	 0.1347 	 0.0385 
39.0000 	 1.7346 	 0.8179 	 -0.4313 	 820.9198 	39.0000 	 1.1500 	 0.6118 	 -0.0721 	 0.0412 
8.0000 	 0.5716 	 0.9972 	 -0.4106 	 810.4026 	8.0000 	 2.2356 	 0.2553 	 0.1055 	 0.0437 
22.0000 	 1.1772 	 1.0205 	 -0.4802 	 812.5278 	22.0000 	 1.2769 	 2.2715 	 0.3790 	 0.0287 
32.0000 	 1.4892 	 0.9389 	 -0.4607 	 818.0418 	32.0000 	 2.6330 	 2.1463 	 0.1687 	 0.0426 
7.0000 	 0.5049 	 0.9942 	 -0.4135 	 812.3972 	7.0000 	 2.9975 	 0.4427 	 0.3906 	 0.0485 
4.0000 	 0.3060 	 0.6974 	 -0.2117 	 823.7297 	4.0000 	 1.1932 	 0.5300 	 -0.3582 	 0.1202 
4.0000 	 0.3140 	 0.6663 	 -0.2144 	 823.7385 	4.0000 	 2.0096 	 1.7790 	 0.3582 	 0.1235 
39.0000 	 1.7353 	 0.8090 	 -0.4413 	 820.9878 	39.0000 	 2.5329 	 0.0237 	 -0.4537 	 0.0897 
3.0000 	 0.2247 	 0.5330 	 -0.1455 	 829.6070 	3.0000 	 2.0824 	 2.8931 	 0.3178 	 0.1474 
33.0000 	 1.5611 	 0.8516 	 -0.4423 	 818.4411 	33.0000 	 2.9841 	 1.6771 	 -0.4727 	 0.0340 
39.0000 	 1.7541 	 0.7819 	 -0.4305 	 820.9914 	39.0000 	 2.0903 	 0.7986 	 -0.4441 	 0.0595 
18.0000 	 1.0350 	 1.0285 	 -0.4674 	 810.1996 	18.0000 	 0.4645 	 1.8882 	 -0.2988 	 0.0282 
21.0000 	 1.1502 	 1.0005 	 -0.4687 	 811.9443 	21.0000 	 0.5309 	 2.8876 	 -0.3724 	 0.0307 
19.0000 	 1.0690 	 1.0278 	 -0.4775 	 810.7378 	19.0000 	 0.8356 	 2.0295 	 -0.2288 	 0.0259 
32.0000 	 1.5081 	 0.9051 	 -0.4531 	 817.8383 	32.0000 	 0.3554 	 1.6374 	 -0.3764 	 0.0343 
32.0000 	 1.5452 	 0.8383 	 -0.4365 	 817.9354 	32.0000 	 2.6231 	 2.8137 	 -0.4866 	 0.0486 
8.0000 	 0.5828 	 0.9570 	 -0.4074 	 810.4678 	8.0000 	 1.4969 	 0.4001 	 0.0714 	 0.0353 
39.0000 	 1.6731 	 0.9170 	 -0.4581 	 821.0809 	39.0000 	 2.3928 	 0.6440 	 0.0482 	 0.0371 
3.0000 	 0.2254 	 0.5517 	 -0.1445 	 829.8364 	3.0000 	 2.3147 	 2.6292 	 -0.3807 	 0.1568 
7.0000 	 0.5176 	 0.9293 	 -0.3815 	 812.3201 	7.0000 	 0.6535 	 2.8596 	 0.4628 	 0.0445 
23.0000 	 1.2081 	 1.0008 	 -0.4861 	 813.0845 	23.0000 	 1.9879 	 2.4742 	 -0.4045 	 0.0293 
4.0000 	 0.2892 	 0.7877 	 -0.2939 	 824.3871 	4.0000 	 2.5081 	 2.1461 	 0.0269 	 0.1595 
34.0000 	 1.5713 	 0.8817 	 -0.4512 	 818.8066 	34.0000 	 1.6505 	 2.4535 	 -0.3295 	 0.0704 
38.0000 	 1.6865 	 0.8568 	 -0.4364 	 820.5076 	38.0000 	 2.9368 	 1.9217 	 0.2849 	 0.0389 
24.0000 	 1.2420 	 1.0039 	 -0.4734 	 813.6202 	24.0000 	 0.2613 	 1.9582 	 0.0801 	 0.0487 
33.0000 	 1.5725 	 0.8421 	 -0.4393 	 818.3989 	33.0000 	 1.0594 	 0.2064 	 0.3162 	 0.0333 
23.0000 	 1.2161 	 0.9895 	 -0.4680 	 813.1007 	23.0000 	 2.5896 	 2.5768 	 0.3576 	 0.0364 
20.0000 	 1.0990 	 1.0499 	 -0.5105 	 811.3221 	20.0000 	 1.7646 	 1.9252 	 -0.3901 	 0.0260 
38.0000 	 1.7137 	 0.8077 	 -0.4420 	 820.6350 	38.0000 	 0.8985 	 0.6432 	 0.1463 	 0.0430 
24.0000 	 1.2484 	 0.9738 	 -0.4805 	 813.6442 	24.0000 	 2.8688 	 1.2121 	 -0.2882 	 0.0310 
24.0000 	 1.2499 	 0.9851 	 -0.4665 	 813.7005 	24.0000 	 1.0317 	 1.5569 	 0.0496 	 0.0407 
17.0000 	 0.9853 	 1.0667 	 -0.4928 	 809.6095 	17.0000 	 0.5070 	 0.4040 	 -0.0648 	 0.0402 
32.0000 	 1.5044 	 0.9244 	 -0.4407 	 817.9318 	32.0000 	 0.8601 	 0.2945 	 0.1971 	 0.0361 
18.0000 	 1.0314 	 1.0445 	 -0.4805 	 810.0977 	18.0000 	 0.0636 	 0.7708 	 0.3627 	 0.0402 
18.0000 	 1.0262 	 1.0543 	 -0.4882 	 810.1633 	18.0000 	 0.5808 	 2.7094 	 0.0506 	 0.0361 
9.0000 	 0.6319 	 0.9988 	 -0.4408 	 809.1506 	9.0000 	 2.8187 	 0.7446 	 0.2938 	 0.0443 
32.0000 	 1.5470 	 0.8374 	 -0.4407 	 818.0201 	32.0000 	 0.4013 	 0.4297 	 0.3405 	 0.0380 
17.0000 	 0.9947 	 1.0446 	 -0.4743 	 809.6165 	17.0000 	 0.0399 	 0.9641 	 -0.2734 	 0.0328 
6.0000 	 0.4583 	 0.8629 	 -0.3282 	 814.9255 	6.0000 	 2.9229 	 0.8021 	 0.3090 	 0.0453 
2.0000 	 0.1223 	 0.3981 	 -0.0834 	 835.5671 	2.0000 	 1.7314 	 0.4914 	 -0.1151 	 0.1874 
9.0000 	 0.6270 	 1.0344 	 -0.4465 	 809.2337 	9.0000 	 0.9544 	 1.9919 	 -0.2426 	 0.0362 
8.0000 	 0.5808 	 0.9674 	 -0.4128 	 810.4681 	8.0000 	 1.9937 	 0.0930 	 -0.4540 	 0.0351 
33.0000 	 1.5561 	 0.8698 	 -0.4511 	 818.4459 	33.0000 	 1.6865 	 0.9018 	 -0.4721 	 0.0724 
8.0000 	 0.5709 	 0.9888 	 -0.4103 	 810.4154 	8.0000 	 0.9829 	 2.0610 	 -0.1899 	 0.0700 
2.0000 	 0.1127 	 0.4454 	 -0.0721 	 836.3638 	2.0000 	 1.8357 	 1.3879 	 -0.2164 	 0.1836 
23.0000 	 1.2215 	 0.9762 	 -0.4651 	 813.0697 	23.0000 	 0.5520 	 0.8543 	 -0.1269 	 0.0491 
5.0000 	 0.3851 	 0.8072 	 -0.3032 	 818.7477 	5.0000 	 1.3071 	 2.1969 	 0.3100 	 0.0645 
17.0000 	 0.9776 	 1.0881 	 -0.5035 	 809.6302 	17.0000 	 1.4750 	 0.2517 	 0.0338 	 0.0236 
22.0000 	 1.1899 	 0.9710 	 -0.4698 	 812.5680 	22.0000 	 0.1949 	 0.9200 	 0.1500 	 0.0309 
3.0000 	 0.2332 	 0.5177 	 -0.1369 	 829.8909 	3.0000 	 0.9660 	 2.0719 	 0.2226 	 0.1343 
3.0000 	 0.2224 	 0.5534 	 -0.1323 	 829.9877 	3.0000 	 2.9241 	 1.9243 	 0.1106 	 0.1369 
32.0000 	 1.5318 	 0.8643 	 -0.4507 	 817.9473 	32.0000 	 2.8236 	 2.9483 	 -0.1505 	 0.0402 
24.0000 	 1.2568 	 0.9718 	 -0.4605 	 813.6977 	24.0000 	 1.6532 	 2.5370 	 0.1572 	 0.0401 
9.0000 	 0.6366 	 0.9896 	 -0.4318 	 809.1510 	9.0000 	 0.6262 	 2.9270 	 -0.0331 	 0.0302 
23.0000 	 1.2144 	 0.9918 	 -0.4821 	 813.0722 	23.0000 	 0.0928 	 1.3902 	 -0.0325 	 0.0343 
47.0000 	 1.8976 	 0.8346 	 -0.4464 	 823.7720 	47.0000 	 0.8492 	 0.6787 	 -0.3763 	 0.0449 
18.0000 	 1.0411 	 1.0130 	 -0.4735 	 810.1543 	18.0000 	 0.0112 	 1.0759 	 -0.3524 	 0.0390 
2.0000 	 0.1289 	 0.3760 	 -0.0805 	 835.4575 	2.0000 	 1.0014 	 2.9699 	 -0.4719 	 0.1994 
19.0000 	 1.0419 	 1.1232 	 -0.5005 	 810.9372 	19.0000 	 2.9932 	 0.8897 	 -0.1977 	 0.0632 
33.0000 	 1.5350 	 0.9028 	 -0.4466 	 818.3519 	33.0000 	 0.8752 	 0.7544 	 0.1116 	 0.0324 
18.0000 	 1.0191 	 1.0687 	 -0.5078 	 810.1184 	18.0000 	 0.3463 	 1.8476 	 -0.4220 	 0.0394 
7.0000 	 0.5175 	 0.9341 	 -0.3776 	 812.2950 	7.0000 	 2.1321 	 0.9547 	 -0.4248 	 0.0426 
17.0000 	 0.9940 	 1.0422 	 -0.4962 	 809.6480 	17.0000 	 2.9724 	 2.8322 	 -0.4949 	 0.0307 
8.0000 	 0.5729 	 0.9953 	 -0.4163 	 810.4070 	8.0000 	 2.9388 	 0.6370 	 -0.0961 	 0.0322 
8.0000 	 0.5750 	 0.9777 	 -0.4008 	 810.3558 	8.0000 	 2.2183 	 2.7843 	 0.1905 	 0.0353 
24.0000 	 1.2551 	 0.9647 	 -0.4728 	 813.7348 	24.0000 	 1.9363 	 1.2075 	 0.3195 	 0.0338 
3.0000 	 0.2244 	 0.5509 	 -0.1257 	 829.4659 	3.0000 	 1.3527 	 2.2894 	 -0.4376 	 0.1629 
24.0000 	 1.2470 	 0.9936 	 -0.4620 	 813.6971 	24.0000 	 1.2755 	 1.5150 	 -0.2136 	 0.0367 
4.0000 	 0.3021 	 0.7168 	 -0.2039 	 823.7939 	4.0000 	 2.6379 	 0.6998 	 0.3380 	 0.0951 
23.0000 	 1.1938 	 1.0453 	 -0.5089 	 813.1904 	23.0000 	 1.6450 	 0.8958 	 0.0021 	 0.0438 
3.0000 	 0.2257 	 0.5428 	 -0.1265 	 829.6227 	3.0000 	 2.8835 	 0.1399 	 0.0911 	 0.1694 
9.0000 	 0.6286 	 1.0141 	 -0.4359 	 809.1828 	9.0000 	 0.5521 	 0.8498 	 0.4818 	 0.0359 
47.0000 	 1.9937 	 0.7250 	 -0.3916 	 823.7328 	47.0000 	 2.2239 	 2.3876 	 -0.3248 	 0.0396 
2.0000 	 0.1202 	 0.4108 	 -0.0723 	 835.6133 	2.0000 	 0.8610 	 1.8042 	 -0.0948 	 0.1828 
17.0000 	 0.9761 	 1.0995 	 -0.5156 	 809.6468 	17.0000 	 2.3523 	 0.9081 	 0.3960 	 0.0533 
18.0000 	 1.0140 	 1.1025 	 -0.5263 	 810.2391 	18.0000 	 2.8004 	 1.9316 	 -0.4001 	 0.0317 
17.0000 	 0.9987 	 1.0294 	 -0.4818 	 809.6356 	17.0000 	 2.0866 	 0.8964 	 -0.0649 	 0.0310 
39.0000 	 1.6858 	 0.8936 	 -0.4589 	 821.0571 	39.0000 	 2.6534 	 0.7505 	 -0.3515 	 0.0386 
8.0000 	 0.5894 	 0.9305 	 -0.4110 	 810.4363 	8.0000 	 0.2331 	 1.7766 	 0.2783 	 0.0607 
9.0000 	 0.6319 	 1.0147 	 -0.4434 	 809.1400 	9.0000 	 2.2494 	 0.9615 	 -0.0216 	 0.0355 
9.0000 	 0.6321 	 1.0136 	 -0.4433 	 809.1912 	9.0000 	 0.4431 	 2.5829 	 -0.1912 	 0.0391 
2.0000 	 0.1431 	 0.3438 	 -0.0791 	 835.4554 	2.0000 	 1.5973 	 2.5912 	 -0.0817 	 0.3881 
3.0000 	 0.2272 	 0.5323 	 -0.1259 	 829.5310 	3.0000 	 2.2480 	 0.0287 	 -0.1965 	 0.1344 
2.0000 	 0.1282 	 0.3949 	 -0.1000 	 835.2467 	2.0000 	 0.3231 	 1.7219 	 0.2599 	 0.1458 
32.0000 	 1.5109 	 0.8993 	 -0.4541 	 817.8718 	32.0000 	 2.7189 	 0.5842 	 0.3784 	 0.0416 
24.0000 	 1.2689 	 0.9328 	 -0.4585 	 813.7209 	24.0000 	 0.4849 	 1.5683 	 0.3479 	 0.0536 
39.0000 	 1.7162 	 0.8430 	 -0.4449 	 820.9119 	39.0000 	 0.4502 	 1.1390 	 0.3256 	 0.0358 
17.0000 	 1.0097 	 1.0005 	 -0.4637 	 809.6842 	17.0000 	 2.4968 	 0.2105 	 -0.0469 	 0.0332 
47.0000 	 1.9930 	 0.7155 	 -0.3890 	 823.7733 	47.0000 	 1.3715 	 1.9626 	 -0.2924 	 0.0978 
46.0000 	 1.9284 	 0.7746 	 -0.4089 	 823.3674 	46.0000 	 0.5622 	 2.2868 	 -0.1858 	 0.0742 
9.0000 	 0.6238 	 1.0460 	 -0.4541 	 809.1979 	9.0000 	 0.4577 	 0.5855 	 -0.3558 	 0.0316 
2.0000 	 0.1431 	 0.3383 	 -0.0997 	 835.3671 	2.0000 	 2.4411 	 1.0221 	 0.3288 	 0.2247 
47.0000 	 1.9283 	 0.7999 	 -0.4310 	 823.6180 	47.0000 	 1.9835 	 0.1449 	 0.2462 	 0.0399 
46.0000 	 1.9096 	 0.7935 	 -0.4243 	 823.4078 	46.0000 	 2.3052 	 1.2514 	 -0.2713 	 0.0370 
32.0000 	 1.4928 	 0.9417 	 -0.4591 	 818.0392 	32.0000 	 1.4148 	 2.8362 	 0.3160 	 0.0858 
46.0000 	 1.9451 	 0.7576 	 -0.3946 	 823.4145 	46.0000 	 2.3581 	 0.6661 	 -0.2345 	 0.0373 
46.0000 	 1.8871 	 0.8176 	 -0.4345 	 823.4100 	46.0000 	 1.5619 	 2.8638 	 0.0932 	 0.0566 
46.0000 	 1.8531 	 0.8651 	 -0.4445 	 823.6368 	46.0000 	 1.5466 	 1.6465 	 -0.4359 	 0.0582 
46.0000 	 1.8874 	 0.8201 	 -0.4440 	 823.4407 	46.0000 	 0.9920 	 2.3496 	 0.2520 	 0.0635 
46.0000 	 1.9172 	 0.7784 	 -0.4370 	 823.3713 	46.0000 	 2.6972 	 0.3668 	 -0.0133 	 0.0516 
39.0000 	 1.7004 	 0.8689 	 -0.4454 	 821.0184 	39.0000 	 1.1817 	 1.8096 	 0.1539 	 0.0471 
46.0000 	 1.9125 	 0.7866 	 -0.4368 	 823.3934 	46.0000 	 1.4228 	 1.6841 	 0.4039 	 0.0439 
24.0000 	 1.2555 	 0.9668 	 -0.4804 	 813.6849 	24.0000 	 2.8312 	 2.5968 	 -0.2903 	 0.0360 
46.0000 	 1.9339 	 0.7619 	 -0.4050 	 823.3943 	46.0000 	 0.0913 	 2.8848 	 0.4133 	 0.0415 
17.0000 	 0.9936 	 1.0387 	 -0.4803 	 809.6128 	17.0000 	 1.5015 	 2.4056 	 0.1100 	 0.0283 
40.0000 	 1.7560 	 0.8129 	 -0.4467 	 821.2969 	40.0000 	 0.5290 	 0.8530 	 0.0893 	 0.0413 
40.0000 	 1.7418 	 0.8512 	 -0.3831 	 821.4975 	40.0000 	 0.8260 	 0.8668 	 0.4665 	 0.0485 
40.0000 	 1.7605 	 0.8122 	 -0.4237 	 821.2786 	40.0000 	 0.3084 	 0.2671 	 0.3178 	 0.0366 
46.0000 	 1.9132 	 0.7938 	 -0.4033 	 823.3800 	46.0000 	 2.5033 	 0.3122 	 -0.0582 	 0.0425 
32.0000 	 1.4602 	 0.9912 	 -0.4841 	 818.1899 	32.0000 	 1.2462 	 2.3629 	 -0.4833 	 0.0453 
9.0000 	 0.6264 	 1.0294 	 -0.4585 	 809.1889 	9.0000 	 0.1443 	 1.2920 	 -0.4922 	 0.0149 
2.0000 	 0.1396 	 0.3662 	 -0.1003 	 835.2914 	2.0000 	 1.4972 	 0.7350 	 -0.1998 	 0.1944 
40.0000 	 1.7728 	 0.7930 	 -0.4451 	 821.3784 	40.0000 	 2.5936 	 0.9629 	 0.4900 	 0.0358 
39.0000 	 1.7023 	 0.8592 	 -0.4524 	 821.0108 	39.0000 	 1.3105 	 2.8650 	 -0.0389 	 0.0401 
45.0000 	 1.9400 	 0.7258 	 -0.4094 	 823.1551 	45.0000 	 1.3342 	 0.7390 	 0.1110 	 0.0414 
40.0000 	 1.7398 	 0.8459 	 -0.4388 	 821.3267 	40.0000 	 0.4632 	 2.4011 	 0.1638 	 0.0523 
40.0000 	 1.7538 	 0.8192 	 -0.4161 	 821.3421 	40.0000 	 0.1834 	 1.2270 	 0.4616 	 0.0436 
40.0000 	 1.7377 	 0.8438 	 -0.4602 	 821.3325 	40.0000 	 1.4558 	 1.4135 	 0.2730 	 0.0465 
24.0000 	 1.2759 	 0.9152 	 -0.4571 	 813.7192 	24.0000 	 1.3797 	 2.9148 	 0.4727 	 0.0453 
31.0000 	 1.4695 	 0.9256 	 -0.4665 	 817.4697 	31.0000 	 0.2709 	 2.1428 	 0.4259 	 0.0330 
40.0000 	 1.7316 	 0.8613 	 -0.4383 	 821.3139 	40.0000 	 2.1764 	 1.2719 	 0.0885 	 0.0446 
31.0000 	 1.4701 	 0.9194 	 -0.4684 	 817.4058 	31.0000 	 2.6919 	 1.5420 	 -0.3157 	 0.0407 
45.0000 	 1.8772 	 0.8086 	 -0.4227 	 823.1246 	45.0000 	 1.0138 	 0.7633 	 0.0832 	 0.0453 
31.0000 	 1.5008 	 0.8677 	 -0.4562 	 817.4941 	31.0000 	 2.5932 	 0.3607 	 -0.1101 	 0.0365 
17.0000 	 0.9850 	 1.0744 	 -0.4932 	 809.6412 	17.0000 	 0.0931 	 1.6606 	 -0.2665 	 0.0425 
31.0000 	 1.4871 	 0.8940 	 -0.4565 	 817.4318 	31.0000 	 2.5198 	 1.7607 	 0.3410 	 0.0388 
40.0000 	 1.6970 	 0.9105 	 -0.4764 	 821.6108 	40.0000 	 0.0213 	 1.6733 	 -0.0332 	 0.0452 
9.0000 	 0.6296 	 1.0177 	 -0.4322 	 809.1523 	9.0000 	 0.2347 	 0.9570 	 -0.1890 	 0.0291 
25.0000 	 1.3170 	 0.9010 	 -0.4440 	 814.3677 	25.0000 	 2.1365 	 2.9818 	 0.3113 	 0.0421 
31.0000 	 1.4924 	 0.8896 	 -0.4524 	 817.4634 	31.0000 	 1.7732 	 2.8466 	 -0.1053 	 0.0439 
31.0000 	 1.4688 	 0.9327 	 -0.4587 	 817.4403 	31.0000 	 0.4359 	 1.4656 	 0.1169 	 0.0431 
40.0000 	 1.7727 	 0.7955 	 -0.4110 	 821.3352 	40.0000 	 0.5462 	 2.8045 	 0.3838 	 0.0528 
2.0000 	 0.1241 	 0.4005 	 -0.0661 	 835.3836 	2.0000 	 1.9488 	 1.1442 	 -0.4446 	 0.1732 
15.0000 	 0.9205 	 1.0127 	 -0.4611 	 808.7071 	15.0000 	 2.1079 	 0.9629 	 0.4663 	 0.0601 
45.0000 	 1.9069 	 0.7635 	 -0.4305 	 823.0370 	45.0000 	 1.7856 	 1.2645 	 -0.1229 	 0.0527 
45.0000 	 1.9087 	 0.7625 	 -0.4102 	 823.0476 	45.0000 	 1.5028 	 1.4359 	 0.1493 	 0.0863 
45.0000 	 1.8793 	 0.8024 	 -0.4293 	 823.0654 	45.0000 	 0.2488 	 0.1052 	 0.2972 	 0.0367 
31.0000 	 1.4992 	 0.8758 	 -0.4434 	 817.3833 	31.0000 	 0.2397 	 2.1277 	 0.4652 	 0.0403 
25.0000 	 1.2918 	 0.9601 	 -0.4826 	 814.2849 	25.0000 	 1.7645 	 2.5745 	 -0.3707 	 0.0395 
41.0000 	 1.7722 	 0.8308 	 -0.4253 	 821.6848 	41.0000 	 1.5339 	 1.5630 	 -0.2705 	 0.0707 
25.0000 	 1.2624 	 1.0177 	 -0.4855 	 814.3138 	25.0000 	 3.0001 	 0.0609 	 -0.2738 	 0.0306 
25.0000 	 1.2736 	 0.9896 	 -0.4872 	 814.2830 	25.0000 	 0.7057 	 0.3847 	 0.1710 	 0.0353 
25.0000 	 1.2674 	 1.0120 	 -0.4883 	 814.2965 	25.0000 	 1.8751 	 1.6663 	 0.1194 	 0.0427 
11.0000 	 0.7293 	 1.0533 	 -0.4662 	 808.0729 	11.0000 	 1.9147 	 2.2851 	 -0.0577 	 0.0262 
31.0000 	 1.4727 	 0.9194 	 -0.4579 	 817.4437 	31.0000 	 2.4236 	 0.5814 	 -0.2357 	 0.0367 
15.0000 	 0.9225 	 1.0179 	 -0.4719 	 808.7026 	15.0000 	 1.2973 	 2.2654 	 0.1866 	 0.0376 
25.0000 	 1.2620 	 1.0094 	 -0.4973 	 814.3878 	25.0000 	 2.2754 	 0.3653 	 0.3823 	 0.0387 
15.0000 	 0.9093 	 1.0561 	 -0.4851 	 808.6428 	15.0000 	 0.2266 	 2.2599 	 0.3461 	 0.0297 
14.0000 	 0.8703 	 1.0619 	 -0.4824 	 808.3416 	14.0000 	 2.3160 	 0.2644 	 -0.4276 	 0.0417 
25.0000 	 1.2936 	 0.9505 	 -0.4530 	 814.2711 	25.0000 	 0.8991 	 0.9519 	 -0.2137 	 0.0377 
41.0000 	 1.7360 	 0.8770 	 -0.4567 	 821.7916 	41.0000 	 0.4551 	 0.7296 	 -0.3418 	 0.0480 
11.0000 	 0.7368 	 1.0271 	 -0.4479 	 808.0401 	11.0000 	 0.4465 	 1.4216 	 -0.0599 	 0.0262 
31.0000 	 1.4892 	 0.8991 	 -0.4420 	 817.4206 	31.0000 	 1.2687 	 0.2294 	 0.0355 	 0.0343 
32.0000 	 1.5244 	 0.8728 	 -0.4438 	 817.9068 	32.0000 	 1.2233 	 2.0175 	 0.2213 	 0.0290 
11.0000 	 0.7325 	 1.0450 	 -0.4603 	 808.0390 	11.0000 	 1.5219 	 0.8591 	 -0.0333 	 0.0256 
45.0000 	 1.9192 	 0.7630 	 -0.3899 	 823.1386 	45.0000 	 0.8749 	 2.5059 	 0.3867 	 0.0480 
15.0000 	 0.8986 	 1.0935 	 -0.4976 	 808.6389 	15.0000 	 1.0659 	 1.9518 	 0.2223 	 0.0259 
14.0000 	 0.8652 	 1.0744 	 -0.4871 	 808.2758 	14.0000 	 0.0066 	 1.1095 	 -0.0438 	 0.0275 
31.0000 	 1.4906 	 0.8867 	 -0.4511 	 817.4130 	31.0000 	 2.5325 	 0.0491 	 0.2681 	 0.0631 
12.0000 	 0.7741 	 1.0734 	 -0.4822 	 807.9430 	12.0000 	 0.3809 	 0.7830 	 -0.0610 	 0.0331 
11.0000 	 0.7249 	 1.0710 	 -0.4749 	 808.0454 	11.0000 	 1.8488 	 2.9165 	 0.1262 	 0.0378 
30.0000 	 1.4668 	 0.8799 	 -0.4524 	 816.9883 	30.0000 	 2.6467 	 0.3816 	 -0.2115 	 0.0316 
12.0000 	 0.7752 	 1.0744 	 -0.4963 	 807.9108 	12.0000 	 2.2682 	 0.9958 	 -0.0587 	 0.0322 
30.0000 	 1.4532 	 0.9118 	 -0.4486 	 816.8857 	30.0000 	 1.2073 	 0.3789 	 0.0658 	 0.0664 
45.0000 	 1.8966 	 0.7882 	 -0.4269 	 823.0552 	45.0000 	 2.3709 	 1.0977 	 0.3734 	 0.0431 
25.0000 	 1.2861 	 0.9642 	 -0.4552 	 814.2757 	25.0000 	 1.2835 	 2.9449 	 0.3799 	 0.0473 
14.0000 	 0.8436 	 1.1521 	 -0.5374 	 808.4590 	14.0000 	 2.6136 	 1.8057 	 0.0935 	 0.0293 
24.0000 	 1.2635 	 0.9468 	 -0.4471 	 813.6894 	24.0000 	 0.6920 	 2.9923 	 0.4591 	 0.0640 
25.0000 	 1.2882 	 0.9671 	 -0.4688 	 814.2490 	25.0000 	 0.2493 	 0.7976 	 -0.1807 	 0.0328 
25.0000 	 1.2949 	 0.9499 	 -0.4467 	 814.2795 	25.0000 	 1.6556 	 1.2774 	 -0.3943 	 0.0467 
45.0000 	 1.8376 	 0.8683 	 -0.4161 	 823.3084 	45.0000 	 0.7250 	 1.5340 	 -0.4582 	 0.0398 
12.0000 	 0.7936 	 1.0071 	 -0.4450 	 808.0066 	12.0000 	 2.6496 	 1.2397 	 0.1959 	 0.0346 
14.0000 	 0.8702 	 1.0573 	 -0.4817 	 808.2783 	14.0000 	 1.0995 	 1.2200 	 0.4393 	 0.0285 
45.0000 	 1.8912 	 0.7830 	 -0.4372 	 823.0593 	45.0000 	 2.0463 	 1.3065 	 -0.4854 	 0.0400 
26.0000 	 1.3445 	 0.9184 	 -0.4620 	 814.8860 	26.0000 	 0.1101 	 1.7400 	 0.2429 	 0.1331 
41.0000 	 1.7974 	 0.8029 	 -0.4005 	 821.7008 	41.0000 	 2.3691 	 2.5067 	 0.2886 	 0.0613 
41.0000 	 1.7946 	 0.7964 	 -0.4234 	 821.7380 	41.0000 	 2.5923 	 0.1117 	 -0.4160 	 0.0419 
41.0000 	 1.7015 	 0.9521 	 -0.4665 	 822.1862 	41.0000 	 0.5129 	 2.5157 	 0.1799 	 0.0564 
26.0000 	 1.3131 	 0.9714 	 -0.4808 	 814.8060 	26.0000 	 0.0178 	 1.5816 	 -0.2807 	 0.0406 
17.0000 	 1.0018 	 1.0118 	 -0.4610 	 809.5894 	17.0000 	 1.2247 	 0.1352 	 -0.3684 	 0.0264 
14.0000 	 0.8644 	 1.0737 	 -0.4899 	 808.2673 	14.0000 	 0.2697 	 2.2254 	 -0.2832 	 0.0268 
12.0000 	 0.7810 	 1.0477 	 -0.4766 	 807.9401 	12.0000 	 0.9381 	 0.1076 	 0.4281 	 0.0296 
15.0000 	 0.9022 	 1.0995 	 -0.4977 	 808.7345 	15.0000 	 2.5954 	 1.8478 	 -0.1214 	 0.0520 
9.0000 	 0.6318 	 1.0155 	 -0.4512 	 809.1765 	9.0000 	 1.5511 	 1.5344 	 -0.1188 	 0.0317 
12.0000 	 0.7796 	 1.0532 	 -0.4610 	 807.9670 	12.0000 	 2.8015 	 2.6359 	 -0.0929 	 0.0287 
2.0000 	 0.1155 	 0.4229 	 -0.0727 	 836.2181 	2.0000 	 0.9026 	 0.4020 	 0.3004 	 0.1764 
16.0000 	 0.9629 	 1.0152 	 -0.4687 	 809.1248 	16.0000 	 2.8029 	 2.6132 	 0.1876 	 0.0328 
30.0000 	 1.4114 	 0.9925 	 -0.4895 	 817.1639 	30.0000 	 1.5419 	 0.5871 	 0.3997 	 0.0382 
30.0000 	 1.4528 	 0.9202 	 -0.4480 	 816.9405 	30.0000 	 1.3748 	 0.8874 	 0.4992 	 0.0377 
11.0000 	 0.7336 	 1.0434 	 -0.4675 	 808.0559 	11.0000 	 2.1898 	 1.2812 	 0.0479 	 0.0300 
16.0000 	 0.9473 	 1.0617 	 -0.4933 	 809.1366 	16.0000 	 2.7777 	 1.9514 	 0.3838 	 0.0336 
10.0000 	 0.6749 	 1.0651 	 -0.4649 	 808.4248 	10.0000 	 1.9297 	 0.9846 	 -0.3088 	 0.0326 
1.0000 	 0.0152 	 0.3344 	 -0.0402 	 840.6394 	1.0000 	 2.3798 	 0.4827 	 -0.0310 	 0.2327 
45.0000 	 1.8786 	 0.8021 	 -0.4253 	 823.0098 	45.0000 	 0.9114 	 1.5262 	 0.4938 	 0.0363 
44.0000 	 1.8596 	 0.8096 	 -0.4301 	 822.7164 	44.0000 	 2.6109 	 1.9846 	 -0.1506 	 0.0398 
26.0000 	 1.2922 	 1.0167 	 -0.4953 	 814.8891 	26.0000 	 1.2100 	 1.4568 	 0.4505 	 0.0594 
10.0000 	 0.6838 	 1.0375 	 -0.4469 	 808.4694 	10.0000 	 0.8970 	 2.7010 	 -0.0487 	 0.0262 
1.0000 	 0.0195 	 0.2872 	 -0.0570 	 840.9308 	1.0000 	 0.4383 	 0.8865 	 0.3024 	 0.2784 
30.0000 	 1.4579 	 0.8924 	 -0.4503 	 816.9377 	30.0000 	 0.3363 	 0.1472 	 -0.3640 	 0.0363 
26.0000 	 1.3395 	 0.9209 	 -0.4483 	 814.8631 	26.0000 	 0.9121 	 1.1381 	 0.4576 	 0.0469 
41.0000 	 1.7853 	 0.8110 	 -0.4365 	 821.6437 	41.0000 	 2.6089 	 1.4741 	 0.3228 	 0.0424 
16.0000 	 0.9418 	 1.0913 	 -0.4883 	 809.1300 	16.0000 	 2.4796 	 2.8639 	 -0.4277 	 0.0320 
41.0000 	 1.7703 	 0.8225 	 -0.4698 	 821.6703 	41.0000 	 1.1579 	 0.3156 	 -0.0319 	 0.0369 
16.0000 	 0.9583 	 1.0313 	 -0.4618 	 809.1607 	16.0000 	 1.9153 	 0.0031 	 0.4236 	 0.0278 
10.0000 	 0.6705 	 1.0761 	 -0.4652 	 808.4389 	10.0000 	 2.3860 	 1.7339 	 -0.1299 	 0.0373 
44.0000 	 1.8411 	 0.8308 	 -0.4219 	 822.7320 	44.0000 	 1.3492 	 2.5115 	 0.4758 	 0.0377 
1.0000 	 0.0173 	 0.3131 	 -0.0632 	 840.2345 	1.0000 	 0.6949 	 0.9623 	 0.4860 	 0.3153 
10.0000 	 0.6762 	 1.0594 	 -0.4620 	 808.4465 	10.0000 	 1.1292 	 2.5233 	 -0.0869 	 0.0304 
1.0000 	 0.0157 	 0.3180 	 -0.0419 	 840.8012 	1.0000 	 0.7884 	 2.1871 	 -0.4985 	 0.2773 
26.0000 	 1.3313 	 0.9314 	 -0.4684 	 814.8122 	26.0000 	 2.2291 	 1.1254 	 -0.0498 	 0.0355 
41.0000 	 1.7770 	 0.8179 	 -0.4301 	 821.6741 	41.0000 	 1.9106 	 0.5929 	 -0.0650 	 0.0381 
44.0000 	 1.8514 	 0.8083 	 -0.4333 	 822.7833 	44.0000 	 1.9941 	 0.5740 	 -0.4935 	 0.0529 
30.0000 	 1.4354 	 0.9452 	 -0.4732 	 816.9179 	30.0000 	 1.2398 	 2.6093 	 0.3012 	 0.0446 
16.0000 	 0.9392 	 1.0955 	 -0.5082 	 809.0939 	16.0000 	 0.2888 	 2.6902 	 0.0889 	 0.0443 
41.0000 	 1.7701 	 0.8339 	 -0.4329 	 821.6754 	41.0000 	 1.6111 	 0.4607 	 0.3291 	 0.0522 
42.0000 	 1.8170 	 0.7920 	 -0.4352 	 822.0848 	42.0000 	 2.3366 	 2.6346 	 0.3198 	 0.0487 
30.0000 	 1.4405 	 0.9338 	 -0.4693 	 816.9165 	30.0000 	 2.2772 	 2.1971 	 0.0122 	 0.0349 
41.0000 	 1.7855 	 0.8088 	 -0.4326 	 821.6784 	41.0000 	 2.5716 	 2.2306 	 -0.1309 	 0.0427 
42.0000 	 1.7984 	 0.8247 	 -0.4272 	 821.9962 	42.0000 	 2.0751 	 2.4081 	 0.3392 	 0.0513 
10.0000 	 0.6787 	 1.0495 	 -0.4584 	 808.4583 	10.0000 	 0.0744 	 1.2939 	 -0.1932 	 0.0343 
1.0000 	 0.0180 	 0.3092 	 -0.0604 	 840.7126 	1.0000 	 1.4836 	 0.5617 	 -0.0642 	 0.3313 
30.0000 	 1.4694 	 0.8793 	 -0.4570 	 816.9986 	30.0000 	 2.9569 	 2.5096 	 -0.0681 	 0.0305 
26.0000 	 1.3163 	 0.9656 	 -0.4667 	 814.8606 	26.0000 	 0.3055 	 1.9522 	 0.4123 	 0.0365 
29.0000 	 1.4285 	 0.9136 	 -0.4386 	 816.4308 	29.0000 	 2.1151 	 0.7884 	 0.0384 	 0.0508 
30.0000 	 1.4234 	 0.9685 	 -0.4527 	 816.9814 	30.0000 	 2.0248 	 2.0571 	 -0.0680 	 0.0427 
42.0000 	 1.7823 	 0.8460 	 -0.4522 	 822.0657 	42.0000 	 0.7730 	 1.0559 	 -0.3672 	 0.0437 
16.0000 	 0.9369 	 1.1062 	 -0.5028 	 809.1297 	16.0000 	 2.2904 	 2.2498 	 0.3666 	 0.0261 
44.0000 	 1.8401 	 0.8197 	 -0.4434 	 822.8073 	44.0000 	 2.8714 	 0.2275 	 0.3177 	 0.0424 
44.0000 	 1.8369 	 0.8272 	 -0.4546 	 822.8507 	44.0000 	 2.8707 	 2.7246 	 0.4223 	 0.0515 
26.0000 	 1.3213 	 0.9552 	 -0.4613 	 814.8146 	26.0000 	 0.9485 	 2.3535 	 0.2934 	 0.0395 
10.0000 	 0.6786 	 1.0489 	 -0.4666 	 808.4325 	10.0000 	 0.6222 	 0.9326 	 0.3463 	 0.0371 
27.0000 	 1.3328 	 0.9856 	 -0.5002 	 815.4132 	27.0000 	 1.8904 	 1.3424 	 0.3304 	 0.0453 
29.0000 	 1.4251 	 0.9089 	 -0.4559 	 816.4105 	29.0000 	 2.5125 	 0.6908 	 0.3057 	 0.0287 
1.0000 	 0.0154 	 0.3169 	 -0.0394 	 840.6249 	1.0000 	 1.8211 	 2.5191 	 -0.3912 	 0.2911 
29.0000 	 1.4357 	 0.8872 	 -0.4567 	 816.4314 	29.0000 	 2.6338 	 0.5993 	 0.2001 	 0.0420 
44.0000 	 1.8292 	 0.8317 	 -0.4579 	 822.6986 	44.0000 	 0.1504 	 0.0380 	 -0.4565 	 0.0478 
44.0000 	 1.8218 	 0.8494 	 -0.4463 	 822.8377 	44.0000 	 0.3881 	 1.4995 	 0.4426 	 0.0382 
30.0000 	 1.4564 	 0.9102 	 -0.4588 	 816.9023 	30.0000 	 0.6828 	 2.2859 	 -0.4772 	 0.0472 
14.0000 	 0.8690 	 1.0574 	 -0.4816 	 808.2798 	14.0000 	 1.2827 	 0.8534 	 -0.4902 	 0.0264 
16.0000 	 0.9459 	 1.0732 	 -0.5061 	 809.1419 	16.0000 	 2.7300 	 0.8318 	 -0.4646 	 0.0298 
26.0000 	 1.3083 	 0.9783 	 -0.4666 	 814.8135 	26.0000 	 2.9833 	 2.3525 	 0.3981 	 0.0704 
44.0000 	 1.9026 	 0.7524 	 -0.4020 	 822.7755 	44.0000 	 2.3294 	 0.2349 	 -0.4718 	 0.0502 
10.0000 	 0.6792 	 1.0472 	 -0.4577 	 808.4165 	10.0000 	 2.4933 	 0.5616 	 -0.2079 	 0.0301 
26.0000 	 1.3254 	 0.9503 	 -0.4804 	 814.8221 	26.0000 	 0.9639 	 0.5235 	 0.1658 	 0.0445 
27.0000 	 1.3545 	 0.9384 	 -0.4801 	 815.3316 	27.0000 	 2.1134 	 2.1757 	 0.2562 	 0.0400 
1.0000 	 0.0183 	 0.3118 	 -0.0732 	 840.4647 	1.0000 	 0.0229 	 2.0329 	 -0.3672 	 0.3517 
12.0000 	 0.7672 	 1.1042 	 -0.4924 	 807.9691 	12.0000 	 0.2684 	 0.5477 	 -0.1579 	 0.0299 
26.0000 	 1.3252 	 0.9259 	 -0.4805 	 814.8880 	26.0000 	 0.8398 	 0.8841 	 -0.0507 	 0.0508 
27.0000 	 1.3388 	 0.9692 	 -0.4646 	 815.3583 	27.0000 	 0.6100 	 1.2447 	 0.1790 	 0.0886 
14.0000 	 0.8561 	 1.0931 	 -0.4941 	 808.3506 	14.0000 	 1.1357 	 2.7841 	 0.1780 	 0.0281 
16.0000 	 0.9421 	 1.0882 	 -0.4872 	 809.0993 	16.0000 	 0.0686 	 2.8829 	 0.4998 	 0.0297 
42.0000 	 1.8150 	 0.8006 	 -0.4267 	 822.0194 	42.0000 	 2.2235 	 0.6008 	 0.1834 	 0.0480 
42.0000 	 1.8292 	 0.7794 	 -0.4217 	 822.0505 	42.0000 	 0.6322 	 0.2436 	 0.3041 	 0.0449 
16.0000 	 0.9357 	 1.1094 	 -0.5144 	 809.0645 	16.0000 	 1.2039 	 0.3859 	 0.3933 	 0.0411 
43.0000 	 1.8731 	 0.7632 	 -0.4114 	 822.4446 	43.0000 	 0.2298 	 0.1562 	 -0.3725 	 0.0572 
43.0000 	 1.8288 	 0.8026 	 -0.4397 	 822.4254 	43.0000 	 0.7795 	 1.1576 	 -0.3785 	 0.0539 
14.0000 	 0.8533 	 1.1127 	 -0.5124 	 808.3569 	14.0000 	 1.7963 	 0.6604 	 0.2359 	 0.0302 
10.0000 	 0.6642 	 1.1107 	 -0.4893 	 808.5684 	10.0000 	 0.1384 	 1.3483 	 -0.4642 	 0.0324 
1.0000 	 0.0161 	 0.3217 	 -0.0363 	 840.8753 	1.0000 	 2.6926 	 1.5882 	 0.0817 	 0.2456 
10.0000 	 0.6828 	 1.0384 	 -0.4522 	 808.4469 	10.0000 	 0.1555 	 1.2599 	 0.1161 	 0.0276 
1.0000 	 0.0170 	 0.3095 	 -0.0379 	 840.8325 	1.0000 	 0.6949 	 0.2088 	 0.1331 	 0.3204 
12.0000 	 0.7715 	 1.0881 	 -0.4822 	 807.9340 	12.0000 	 0.4367 	 2.4113 	 0.0988 	 0.0315 
16.0000 	 0.9598 	 1.0295 	 -0.4776 	 809.0874 	16.0000 	 1.1049 	 1.4128 	 0.3720 	 0.1096 
44.0000 	 1.8836 	 0.7783 	 -0.4160 	 822.6898 	44.0000 	 1.0860 	 2.8287 	 0.4381 	 0.0335 
12.0000 	 0.7742 	 1.0755 	 -0.4813 	 807.8806 	12.0000 	 2.4608 	 0.5691 	 -0.4492 	 0.0288 
43.0000 	 1.8525 	 0.7808 	 -0.4162 	 822.3052 	43.0000 	 0.9862 	 2.4618 	 -0.4101 	 0.0448 
42.0000 	 1.7983 	 0.8249 	 -0.4323 	 822.0910 	42.0000 	 1.5142 	 0.1727 	 -0.4238 	 0.0828 
10.0000 	 0.6819 	 1.0318 	 -0.4473 	 808.3938 	10.0000 	 1.7401 	 1.8082 	 -0.4003 	 0.0326 
1.0000 	 0.0161 	 0.3333 	 -0.0484 	 841.1805 	1.0000 	 1.7431 	 2.5631 	 0.0407 	 0.2743 
29.0000 	 1.4314 	 0.9010 	 -0.4513 	 816.4542 	29.0000 	 1.4659 	 0.2933 	 -0.3081 	 0.0370 
42.0000 	 1.8154 	 0.8051 	 -0.4133 	 822.0361 	42.0000 	 2.0335 	 1.5500 	 -0.1146 	 0.0392 
29.0000 	 1.4009 	 0.9503 	 -0.4763 	 816.4876 	29.0000 	 1.8797 	 2.6216 	 -0.0497 	 0.0497 
42.0000 	 1.8231 	 0.7852 	 -0.4318 	 822.0153 	42.0000 	 2.8952 	 1.9793 	 0.3548 	 0.0365 
43.0000 	 1.8577 	 0.7681 	 -0.4360 	 822.5149 	43.0000 	 0.0558 	 2.7395 	 0.0937 	 0.0541 
27.0000 	 1.3524 	 0.9452 	 -0.4591 	 815.4092 	27.0000 	 2.1436 	 2.0926 	 -0.4659 	 0.0462 
43.0000 	 1.8385 	 0.7978 	 -0.4439 	 822.2622 	43.0000 	 2.0881 	 0.6703 	 0.1775 	 0.0576 
43.0000 	 1.8239 	 0.8165 	 -0.4433 	 822.3328 	43.0000 	 2.6486 	 1.3736 	 0.4052 	 0.0472 
27.0000 	 1.3201 	 1.0174 	 -0.4913 	 815.5017 	27.0000 	 0.1632 	 1.3691 	 -0.2641 	 0.0601 
14.0000 	 0.8584 	 1.0935 	 -0.5000 	 808.3019 	14.0000 	 2.8882 	 1.5077 	 -0.3420 	 0.0323 
43.0000 	 1.8431 	 0.7921 	 -0.4256 	 822.3370 	43.0000 	 0.5927 	 1.5614 	 0.2291 	 0.0388 
43.0000 	 1.8433 	 0.7959 	 -0.4439 	 822.3956 	43.0000 	 0.6830 	 0.3012 	 -0.0115 	 0.0364 
29.0000 	 1.4236 	 0.9207 	 -0.4649 	 816.3841 	29.0000 	 1.2064 	 0.5773 	 0.2378 	 0.0338 
12.0000 	 0.7809 	 1.0469 	 -0.4591 	 807.9091 	12.0000 	 1.2401 	 2.7594 	 -0.2054 	 0.0368 
29.0000 	 1.4217 	 0.9145 	 -0.4566 	 816.4550 	29.0000 	 1.2219 	 1.6394 	 -0.2476 	 0.0363 
43.0000 	 1.8002 	 0.8385 	 -0.4608 	 822.4728 	43.0000 	 2.2804 	 2.1294 	 -0.2538 	 0.0645 
13.0000 	 0.8230 	 1.0639 	 -0.4850 	 808.0319 	13.0000 	 1.1388 	 0.4871 	 -0.4290 	 0.0277 
42.0000 	 1.8294 	 0.7755 	 -0.4277 	 822.0831 	42.0000 	 0.8321 	 2.9009 	 -0.2960 	 0.0364 
29.0000 	 1.4069 	 0.9394 	 -0.4648 	 816.4090 	29.0000 	 2.0169 	 1.3753 	 -0.0671 	 0.0353 
28.0000 	 1.3889 	 0.9242 	 -0.4587 	 815.9820 	28.0000 	 2.7389 	 1.1722 	 0.0254 	 0.0368 
28.0000 	 1.3783 	 0.9497 	 -0.4735 	 815.9583 	28.0000 	 2.4732 	 1.1605 	 -0.4355 	 0.0580 
13.0000 	 0.8319 	 1.0314 	 -0.4751 	 808.0464 	13.0000 	 2.4933 	 2.7436 	 0.4764 	 0.0290 
27.0000 	 1.3427 	 0.9649 	 -0.4818 	 815.3770 	27.0000 	 0.8196 	 1.5777 	 0.0350 	 0.0384 
28.0000 	 1.3865 	 0.9258 	 -0.4717 	 815.8632 	28.0000 	 2.1473 	 0.3115 	 -0.1331 	 0.0601 
27.0000 	 1.3343 	 0.9859 	 -0.4795 	 815.4291 	27.0000 	 0.1460 	 2.6499 	 0.3334 	 0.0385 
29.0000 	 1.4147 	 0.9334 	 -0.4653 	 816.4995 	29.0000 	 1.4252 	 0.6567 	 -0.2555 	 0.0414 
13.0000 	 0.8336 	 1.0290 	 -0.4664 	 808.0272 	13.0000 	 0.7609 	 1.6819 	 -0.3736 	 0.0314 
28.0000 	 1.3674 	 0.9824 	 -0.4677 	 815.9542 	28.0000 	 2.9361 	 2.8077 	 0.3503 	 0.0476 
28.0000 	 1.3738 	 0.9682 	 -0.4600 	 815.9313 	28.0000 	 0.8914 	 1.4144 	 0.1786 	 0.0351 
27.0000 	 1.3563 	 0.9385 	 -0.4724 	 815.4186 	27.0000 	 0.6745 	 0.9716 	 -0.4270 	 0.0292 
13.0000 	 0.8018 	 1.1379 	 -0.5115 	 808.1757 	13.0000 	 2.1450 	 1.1572 	 0.1857 	 0.0388 
13.0000 	 0.8337 	 1.0229 	 -0.4645 	 808.0979 	13.0000 	 2.8037 	 2.5173 	 -0.3850 	 0.0329 
15.0000 	 0.9140 	 1.0394 	 -0.4798 	 808.7317 	15.0000 	 0.8222 	 1.6442 	 0.2156 	 0.0378 
13.0000 	 0.8216 	 1.0652 	 -0.4960 	 808.0532 	13.0000 	 2.9445 	 0.4500 	 0.2161 	 0.0299 
43.0000 	 1.8466 	 0.7912 	 -0.4340 	 822.3405 	43.0000 	 0.3423 	 2.9907 	 -0.4638 	 0.0422 
27.0000 	 1.3296 	 1.0011 	 -0.4866 	 815.4398 	27.0000 	 2.9285 	 2.6853 	 -0.3140 	 0.0414 
28.0000 	 1.3963 	 0.9158 	 -0.4564 	 815.9226 	28.0000 	 2.1467 	 1.8788 	 0.0364 	 0.0410 
28.0000 	 1.3796 	 0.9459 	 -0.4594 	 815.9050 	28.0000 	 1.5599 	 2.3052 	 -0.4571 	 0.0355 
11.0000 	 0.7364 	 1.0393 	 -0.4575 	 808.0545 	11.0000 	 0.0164 	 0.2479 	 0.3561 	 0.0271 
13.0000 	 0.8387 	 1.0178 	 -0.4523 	 808.1475 	13.0000 	 0.3932 	 0.9651 	 0.1113 	 0.0236 
13.0000 	 0.8289 	 1.0458 	 -0.4634 	 808.0253 	13.0000 	 1.1402 	 1.5876 	 -0.3249 	 0.0375 
15.0000 	 0.9021 	 1.0911 	 -0.5000 	 808.6606 	15.0000 	 1.7238 	 2.5759 	 0.4971 	 0.0349 
13.0000 	 0.8212 	 1.0713 	 -0.4661 	 808.0491 	13.0000 	 0.2179 	 0.6013 	 -0.3525 	 0.0371 
13.0000 	 0.8159 	 1.0898 	 -0.4990 	 808.0545 	13.0000 	 2.6658 	 0.4370 	 0.3192 	 0.0285 
15.0000 	 0.9143 	 1.0386 	 -0.4769 	 808.6514 	15.0000 	 2.6880 	 2.3496 	 -0.2160 	 0.0309 
28.0000 	 1.3756 	 0.9542 	 -0.4598 	 815.9529 	28.0000 	 0.5134 	 1.7399 	 -0.0001 	 0.0369 
11.0000 	 0.7251 	 1.0738 	 -0.4726 	 808.0164 	11.0000 	 1.7675 	 2.0547 	 0.2566 	 0.0296 
11.0000 	 0.7381 	 1.0233 	 -0.4624 	 808.0624 	11.0000 	 2.2660 	 1.3157 	 0.4078 	 0.0306 
28.0000 	 1.3797 	 0.9527 	 -0.4607 	 815.8603 	28.0000 	 1.1936 	 2.5771 	 -0.4875 	 0.0396 
15.0000 	 0.9032 	 1.0994 	 -0.4908 	 808.6917 	15.0000 	 0.2126 	 0.6532 	 -0.4784 	 0.0304 
11.0000 	 0.7374 	 1.0315 	 -0.4622 	 808.0295 	11.0000 	 0.1801 	 0.6910 	 -0.3692 	 0.0316 
28.0000 	 1.3542 	 1.0051 	 -0.4755 	 816.0682 	28.0000 	 1.7912 	 1.8311 	 -0.4578 	 0.0412 
15.0000 	 0.8894 	 1.1231 	 -0.5085 	 808.7113 	15.0000 	 2.4540 	 1.1042 	 -0.3333 	 0.0383 
11.0000 	 0.7291 	 1.0766 	 -0.4529 	 807.9369 	11.0000 	 0.9582 	 1.4018 	 -0.2287 	 0.0466 
44.0000 	 1.8564 	 0.8112 	 -0.4236 	 822.7498 	44.0000 	 2.9525 	 0.7233 	 -0.2591 	 0.0407 
42.0000 	 1.8130 	 0.8051 	 -0.4408 	 822.0160 	42.0000 	 1.9110 	 1.3877 	 0.0565 	 0.0498 
29.0000 	 1.4166 	 0.9297 	 -0.4793 	 816.4425 	29.0000 	 1.7634 	 0.8138 	 -0.0111 	 0.0329 
27.0000 	 1.3699 	 0.9053 	 -0.4422 	 815.3720 	27.0000 	 0.9632 	 0.2000 	 -0.2526 	 0.0323 
14.0000 	 0.8561 	 1.0994 	 -0.5173 	 808.2865 	14.0000 	 0.0473 	 2.3844 	 0.0627 	 0.0242 
12.0000 	 0.7576 	 1.1485 	 -0.4940 	 808.1386 	12.0000 	 0.9683 	 1.3575 	 0.3571 	 0.0324 
74.0000 	 2.5183 	 0.7064 	 -0.4124 	 829.6645 	74.0000 	 0.0310 	 2.3498 	 0.0106 	 0.0555 
74.0000 	 2.6349 	 0.6233 	 -0.3770 	 829.6274 	74.0000 	 1.6736 	 0.1057 	 -0.2440 	 0.0509 
75.0000 	 2.5955 	 0.6648 	 -0.3916 	 829.6832 	75.0000 	 2.7701 	 1.1289 	 0.2292 	 0.0513 
66.0000 	 2.3775 	 0.7168 	 -0.3935 	 828.1895 	66.0000 	 2.0712 	 0.7131 	 0.4404 	 0.0362 
75.0000 	 2.6092 	 0.6598 	 -0.3844 	 829.5886 	75.0000 	 2.4948 	 1.6801 	 0.3236 	 0.0452 
65.0000 	 2.3473 	 0.7357 	 -0.4014 	 827.9478 	65.0000 	 2.0634 	 2.5700 	 0.0841 	 0.0570 
75.0000 	 2.6328 	 0.6465 	 -0.3564 	 829.6732 	75.0000 	 2.7851 	 0.0396 	 -0.2711 	 0.0618 
62.0000 	 2.3504 	 0.6740 	 -0.4062 	 827.5068 	62.0000 	 2.4050 	 0.5323 	 -0.3478 	 0.0541 
66.0000 	 2.4116 	 0.6896 	 -0.4028 	 828.1199 	66.0000 	 0.5076 	 0.8436 	 0.3198 	 0.0452 
62.0000 	 2.2881 	 0.7258 	 -0.4224 	 827.4005 	62.0000 	 2.6048 	 0.0833 	 -0.0368 	 0.0364 
75.0000 	 2.6281 	 0.6485 	 -0.3735 	 829.6100 	75.0000 	 1.1717 	 2.3782 	 -0.3222 	 0.0395 
56.0000 	 2.1778 	 0.7247 	 -0.3983 	 826.0622 	56.0000 	 1.8255 	 1.6285 	 -0.0296 	 0.0358 
75.0000 	 2.5746 	 0.6884 	 -0.3961 	 829.5930 	75.0000 	 0.5196 	 2.0059 	 0.2761 	 0.0409 
65.0000 	 2.3879 	 0.6916 	 -0.3886 	 827.9523 	65.0000 	 0.3038 	 0.4415 	 -0.0888 	 0.0474 
62.0000 	 2.3309 	 0.6884 	 -0.4051 	 827.2841 	62.0000 	 2.0941 	 1.9162 	 0.4526 	 0.0503 
65.0000 	 2.4100 	 0.6626 	 -0.3993 	 828.0582 	65.0000 	 1.8035 	 2.0642 	 -0.4228 	 0.0657 
62.0000 	 2.3013 	 0.7169 	 -0.4110 	 827.2618 	62.0000 	 0.6234 	 1.0364 	 -0.3977 	 0.0521 
56.0000 	 2.1798 	 0.7255 	 -0.4071 	 826.0933 	56.0000 	 0.2189 	 0.7047 	 0.4794 	 0.0455 
56.0000 	 2.1455 	 0.7486 	 -0.4358 	 826.0961 	56.0000 	 2.1337 	 1.7968 	 -0.0066 	 0.0368 
75.0000 	 2.5940 	 0.6666 	 -0.4063 	 829.6315 	75.0000 	 1.4701 	 1.8708 	 -0.3714 	 0.0508 
75.0000 	 2.6239 	 0.6338 	 -0.3885 	 829.7908 	75.0000 	 1.4936 	 0.6075 	 0.0757 	 0.0532 
75.0000 	 2.7224 	 0.6011 	 -0.2357 	 831.4229 	75.0000 	 0.4788 	 1.2812 	 -0.2517 	 0.0480 
63.0000 	 2.3150 	 0.7185 	 -0.4195 	 827.5816 	63.0000 	 0.0785 	 2.3778 	 0.2972 	 0.0454 
56.0000 	 2.1554 	 0.7497 	 -0.4224 	 826.0629 	56.0000 	 2.2299 	 2.9720 	 -0.0704 	 0.0442 
75.0000 	 2.5896 	 0.6728 	 -0.3876 	 829.6133 	75.0000 	 0.9617 	 1.8261 	 -0.3815 	 0.0412 
75.0000 	 2.5873 	 0.6764 	 -0.3850 	 829.6303 	75.0000 	 0.5234 	 2.8691 	 -0.3855 	 0.0444 
65.0000 	 2.3893 	 0.6908 	 -0.3912 	 828.0048 	65.0000 	 1.9919 	 2.0875 	 -0.2634 	 0.0605 
65.0000 	 2.3900 	 0.6907 	 -0.3983 	 827.9856 	65.0000 	 1.8970 	 0.4403 	 0.3949 	 0.0508 
55.0000 	 2.1832 	 0.7021 	 -0.4020 	 825.9516 	55.0000 	 2.8726 	 2.0467 	 -0.4809 	 0.0377 
65.0000 	 2.3436 	 0.7263 	 -0.4140 	 828.0398 	65.0000 	 1.3492 	 0.0230 	 -0.1327 	 0.0603 
62.0000 	 2.3301 	 0.6952 	 -0.3818 	 827.4179 	62.0000 	 1.0469 	 0.0887 	 0.3663 	 0.0539 
53.0000 	 2.0734 	 0.7679 	 -0.4063 	 825.4533 	53.0000 	 0.1248 	 1.6781 	 0.3964 	 0.0510 
65.0000 	 2.3527 	 0.7175 	 -0.4180 	 828.0164 	65.0000 	 0.3504 	 1.5137 	 0.0925 	 0.0489 
63.0000 	 2.3112 	 0.7219 	 -0.4211 	 827.6224 	63.0000 	 2.2977 	 1.5598 	 -0.4355 	 0.0405 
63.0000 	 2.2910 	 0.7405 	 -0.4079 	 827.6084 	63.0000 	 0.6584 	 2.7209 	 0.4530 	 0.0456 
56.0000 	 2.1112 	 0.7849 	 -0.4309 	 826.2172 	56.0000 	 1.6348 	 1.1415 	 0.4740 	 0.0619 
55.0000 	 2.0859 	 0.8010 	 -0.4364 	 826.1038 	55.0000 	 2.1011 	 1.0418 	 0.1846 	 0.0611 
63.0000 	 2.3020 	 0.7350 	 -0.4071 	 827.5859 	63.0000 	 2.5235 	 2.8780 	 0.0409 	 0.0470 
55.0000 	 2.1579 	 0.7251 	 -0.3882 	 825.9056 	55.0000 	 0.5389 	 1.7445 	 -0.4109 	 0.0423 
53.0000 	 2.1596 	 0.6783 	 -0.4039 	 825.5925 	53.0000 	 2.2787 	 1.4841 	 0.4577 	 0.0732 
55.0000 	 2.1669 	 0.7095 	 -0.4039 	 825.8961 	55.0000 	 0.5526 	 2.6221 	 -0.4656 	 0.0538 
53.0000 	 2.0612 	 0.7860 	 -0.4268 	 825.3938 	53.0000 	 0.2704 	 2.6540 	 -0.3262 	 0.0616 
53.0000 	 2.1197 	 0.7211 	 -0.4073 	 825.2916 	53.0000 	 0.9441 	 1.2568 	 0.1628 	 0.0362 
65.0000 	 2.4249 	 0.6641 	 -0.3719 	 828.0246 	65.0000 	 2.1362 	 2.1731 	 -0.4675 	 0.0475 
65.0000 	 2.3891 	 0.6838 	 -0.4138 	 827.9804 	65.0000 	 0.7765 	 0.0159 	 0.1579 	 0.0455 
65.0000 	 2.3229 	 0.7511 	 -0.4069 	 828.1081 	65.0000 	 1.3120 	 1.8737 	 0.0571 	 0.0403 
63.0000 	 2.3280 	 0.7149 	 -0.3850 	 827.5818 	63.0000 	 0.3846 	 2.9792 	 -0.3822 	 0.0477 
62.0000 	 2.2718 	 0.7601 	 -0.3968 	 827.4567 	62.0000 	 2.1185 	 1.0137 	 0.3571 	 0.0446 
62.0000 	 2.2751 	 0.7333 	 -0.4473 	 827.3732 	62.0000 	 0.8901 	 2.9915 	 0.0146 	 0.0557 
55.0000 	 2.1478 	 0.7311 	 -0.3986 	 825.8331 	55.0000 	 1.9110 	 2.4045 	 -0.2268 	 0.0425 
56.0000 	 2.1736 	 0.7293 	 -0.3940 	 826.1323 	56.0000 	 0.0599 	 0.4762 	 -0.0391 	 0.0420 
56.0000 	 2.1433 	 0.7560 	 -0.4209 	 826.0646 	56.0000 	 0.4128 	 2.5922 	 0.3021 	 0.0481 
53.0000 	 2.1323 	 0.7114 	 -0.4021 	 825.3112 	53.0000 	 0.5939 	 1.6381 	 -0.0314 	 0.0543 
74.0000 	 2.5726 	 0.6720 	 -0.3685 	 829.5618 	74.0000 	 2.2270 	 2.3750 	 0.1061 	 0.0399 
74.0000 	 2.6114 	 0.6384 	 -0.3760 	 829.5644 	74.0000 	 2.9795 	 2.6957 	 0.4680 	 0.0491 
74.0000 	 2.5505 	 0.6925 	 -0.3847 	 829.5842 	74.0000 	 1.8102 	 2.4123 	 -0.3207 	 0.0518 
74.0000 	 2.6310 	 0.6303 	 -0.3648 	 829.5007 	74.0000 	 2.1508 	 1.9911 	 0.4763 	 0.0567 
74.0000 	 2.5893 	 0.6526 	 -0.4019 	 829.5732 	74.0000 	 2.6278 	 0.5701 	 0.4517 	 0.0444 
66.0000 	 2.3909 	 0.7060 	 -0.4040 	 828.1930 	66.0000 	 0.4485 	 2.8480 	 -0.2555 	 0.0403 
73.0000 	 2.4909 	 0.7239 	 -0.4034 	 829.4207 	73.0000 	 0.7573 	 2.9114 	 0.2364 	 0.0787 
66.0000 	 2.4015 	 0.6986 	 -0.3992 	 827.9755 	66.0000 	 2.4951 	 0.8133 	 -0.1454 	 0.1259 
74.0000 	 2.5754 	 0.6716 	 -0.4063 	 829.5760 	74.0000 	 2.8885 	 1.7696 	 -0.4749 	 0.0848 
73.0000 	 2.5165 	 0.6925 	 -0.4196 	 829.5179 	73.0000 	 0.2034 	 0.1448 	 -0.3808 	 0.0565 
73.0000 	 2.5843 	 0.6444 	 -0.3934 	 829.4292 	73.0000 	 1.9318 	 2.2774 	 0.1786 	 0.0610 
73.0000 	 2.5610 	 0.6601 	 -0.4076 	 829.3209 	73.0000 	 0.3105 	 0.9098 	 0.4188 	 0.0515 
66.0000 	 2.4130 	 0.6864 	 -0.3920 	 828.1294 	66.0000 	 2.6636 	 2.5046 	 -0.2093 	 0.0461 
73.0000 	 2.5437 	 0.6794 	 -0.3912 	 829.2907 	73.0000 	 0.4453 	 0.4275 	 0.4512 	 0.0408 
73.0000 	 2.4896 	 0.7279 	 -0.4064 	 829.4857 	73.0000 	 1.0056 	 1.2645 	 -0.0041 	 0.0471 
73.0000 	 2.5649 	 0.6547 	 -0.3899 	 829.3930 	73.0000 	 1.7096 	 2.8638 	 0.0390 	 0.0639 
73.0000 	 2.5239 	 0.7002 	 -0.4019 	 829.3650 	73.0000 	 2.8812 	 0.0149 	 0.3667 	 0.0433 
67.0000 	 2.4294 	 0.6872 	 -0.4118 	 828.3748 	67.0000 	 1.4734 	 0.6713 	 -0.1588 	 0.0394 
67.0000 	 2.4032 	 0.7166 	 -0.3888 	 828.3653 	67.0000 	 1.1791 	 2.2410 	 -0.2432 	 0.0421 
67.0000 	 2.5124 	 0.6166 	 -0.3705 	 828.5867 	67.0000 	 2.4885 	 1.0472 	 -0.2757 	 0.0407 
62.0000 	 2.3109 	 0.7055 	 -0.4035 	 827.4085 	62.0000 	 1.4550 	 1.3828 	 0.2019 	 0.0908 
74.0000 	 2.4881 	 0.7451 	 -0.4145 	 829.7203 	74.0000 	 2.7188 	 2.3995 	 0.4398 	 0.0400 
64.0000 	 2.4106 	 0.6553 	 -0.3732 	 827.8301 	64.0000 	 0.2895 	 1.0188 	 0.3003 	 0.0412 
67.0000 	 2.4330 	 0.6820 	 -0.4066 	 828.3363 	67.0000 	 1.9766 	 1.0234 	 0.2607 	 0.0541 
73.0000 	 2.5672 	 0.6651 	 -0.3733 	 829.3253 	73.0000 	 1.6280 	 0.5729 	 0.0290 	 0.0469 
54.0000 	 2.1356 	 0.7263 	 -0.4022 	 825.5841 	54.0000 	 1.4257 	 2.7419 	 -0.3247 	 0.0550 
61.0000 	 2.1901 	 0.8122 	 -0.4426 	 827.6399 	61.0000 	 1.9060 	 1.2114 	 0.0544 	 0.0466 
61.0000 	 2.2967 	 0.7001 	 -0.4053 	 827.1689 	61.0000 	 2.0611 	 1.1673 	 0.4779 	 0.0515 
66.0000 	 2.4054 	 0.6909 	 -0.3988 	 828.0998 	66.0000 	 2.7010 	 2.8172 	 0.1735 	 0.0442 
67.0000 	 2.4278 	 0.6798 	 -0.3924 	 828.3262 	67.0000 	 2.9103 	 2.5223 	 -0.1015 	 0.0627 
51.0000 	 2.0391 	 0.7578 	 -0.4308 	 824.8091 	51.0000 	 0.8917 	 2.4437 	 0.3779 	 0.0323 
61.0000 	 2.2740 	 0.7215 	 -0.4140 	 827.2458 	61.0000 	 2.3776 	 0.3562 	 0.3198 	 0.0517 
66.0000 	 2.3919 	 0.6992 	 -0.4179 	 828.1566 	66.0000 	 2.4407 	 1.6970 	 -0.1758 	 0.0600 
64.0000 	 2.3515 	 0.7029 	 -0.4192 	 827.7954 	64.0000 	 0.6713 	 0.4679 	 0.1591 	 0.0530 
66.0000 	 2.4213 	 0.6755 	 -0.3893 	 828.1631 	66.0000 	 2.7619 	 0.1482 	 -0.0521 	 0.0408 
57.0000 	 2.1788 	 0.7436 	 -0.4100 	 826.3339 	57.0000 	 2.5231 	 0.3785 	 -0.0480 	 0.0410 
52.0000 	 2.0629 	 0.7588 	 -0.4000 	 825.0078 	52.0000 	 1.9472 	 2.1643 	 -0.3616 	 0.0720 
54.0000 	 2.1812 	 0.6790 	 -0.4028 	 825.8094 	54.0000 	 0.3633 	 1.5272 	 -0.1863 	 0.0459 
67.0000 	 2.4554 	 0.6630 	 -0.3899 	 828.3587 	67.0000 	 0.1544 	 0.8943 	 0.3162 	 0.0508 
52.0000 	 2.0243 	 0.8021 	 -0.4359 	 825.1781 	52.0000 	 2.0491 	 2.1800 	 -0.0796 	 0.0459 
57.0000 	 2.2025 	 0.7166 	 -0.4092 	 826.3270 	57.0000 	 0.5131 	 1.6233 	 -0.4941 	 0.0559 
66.0000 	 2.3673 	 0.7353 	 -0.4197 	 828.2331 	66.0000 	 1.6540 	 1.4802 	 -0.3140 	 0.0561 
56.0000 	 2.1696 	 0.7298 	 -0.4142 	 826.0351 	56.0000 	 0.3887 	 0.1077 	 0.2426 	 0.0461 
67.0000 	 2.4174 	 0.6892 	 -0.4021 	 828.3131 	67.0000 	 1.2481 	 1.3012 	 -0.2382 	 0.0433 
64.0000 	 2.3543 	 0.7126 	 -0.4244 	 827.8907 	64.0000 	 0.5222 	 1.6454 	 0.4435 	 0.0521 
67.0000 	 2.4698 	 0.6503 	 -0.3781 	 828.3173 	67.0000 	 2.8547 	 0.9647 	 0.3814 	 0.0366 
64.0000 	 2.3776 	 0.6838 	 -0.3846 	 827.7736 	64.0000 	 1.1737 	 1.4882 	 0.3596 	 0.0468 
57.0000 	 2.1993 	 0.7227 	 -0.4079 	 826.4124 	57.0000 	 2.8486 	 0.7677 	 -0.0504 	 0.0618 
64.0000 	 2.3585 	 0.6936 	 -0.3948 	 827.7568 	64.0000 	 2.0214 	 2.7694 	 0.3429 	 0.0547 
64.0000 	 2.3566 	 0.7060 	 -0.3914 	 827.7137 	64.0000 	 0.8339 	 0.4580 	 0.2744 	 0.0573 
61.0000 	 2.2839 	 0.7139 	 -0.4095 	 827.1643 	61.0000 	 0.7997 	 0.7125 	 0.1211 	 0.0387 
67.0000 	 2.4208 	 0.6959 	 -0.3937 	 828.3217 	67.0000 	 2.2925 	 0.5511 	 -0.4929 	 0.0372 
54.0000 	 2.1122 	 0.7554 	 -0.4049 	 825.5841 	54.0000 	 1.6083 	 0.0616 	 -0.2985 	 0.0476 
52.0000 	 2.1192 	 0.6957 	 -0.3927 	 825.2493 	52.0000 	 0.5230 	 2.1351 	 0.2945 	 0.0451 
54.0000 	 2.1179 	 0.7417 	 -0.4023 	 825.6186 	54.0000 	 1.9216 	 0.5257 	 0.3182 	 0.0798 
54.0000 	 2.1042 	 0.7568 	 -0.4243 	 825.6028 	54.0000 	 1.8552 	 0.4733 	 -0.3670 	 0.0407 
62.0000 	 2.3366 	 0.6795 	 -0.4093 	 827.4600 	62.0000 	 2.0557 	 1.4732 	 -0.0585 	 0.0483 
52.0000 	 2.0478 	 0.7783 	 -0.4361 	 825.0625 	52.0000 	 2.0008 	 2.7102 	 0.2054 	 0.0425 
54.0000 	 2.1439 	 0.7164 	 -0.4118 	 825.5431 	54.0000 	 2.3509 	 1.0581 	 0.0612 	 0.0462 
62.0000 	 2.3369 	 0.6740 	 -0.3966 	 827.5517 	62.0000 	 1.3337 	 0.8412 	 0.2272 	 0.1231 
51.0000 	 2.0560 	 0.7429 	 -0.4157 	 824.7780 	51.0000 	 2.6043 	 0.5601 	 -0.2226 	 0.0457 
64.0000 	 2.3207 	 0.7365 	 -0.4071 	 827.8905 	64.0000 	 0.6961 	 2.2944 	 -0.1307 	 0.0642 
64.0000 	 2.2646 	 0.7763 	 -0.4403 	 828.2499 	64.0000 	 1.3269 	 0.1413 	 -0.0999 	 0.0553 
52.0000 	 2.0802 	 0.7426 	 -0.4127 	 825.0610 	52.0000 	 2.8936 	 1.4675 	 0.0858 	 0.0504 
64.0000 	 2.3595 	 0.6981 	 -0.3797 	 827.7810 	64.0000 	 0.9065 	 2.7559 	 -0.2413 	 0.0435 
74.0000 	 2.5912 	 0.6578 	 -0.3814 	 829.4543 	74.0000 	 0.8875 	 0.8238 	 0.0515 	 0.0493 
52.0000 	 2.0724 	 0.7475 	 -0.4091 	 825.1558 	52.0000 	 1.1037 	 0.5477 	 -0.1912 	 0.0450 
52.0000 	 2.0659 	 0.7628 	 -0.4204 	 825.0400 	52.0000 	 2.9205 	 1.8652 	 0.4954 	 0.0435 
57.0000 	 2.1829 	 0.7343 	 -0.4070 	 826.2754 	57.0000 	 0.7565 	 0.9963 	 -0.0514 	 0.0451 
56.0000 	 2.1443 	 0.7508 	 -0.4199 	 826.0509 	56.0000 	 0.8012 	 0.7583 	 -0.3738 	 0.0591 
56.0000 	 2.1684 	 0.7367 	 -0.3889 	 826.1252 	56.0000 	 2.8696 	 2.9308 	 -0.3654 	 0.0520 
54.0000 	 2.1350 	 0.7252 	 -0.4102 	 825.5788 	54.0000 	 1.5538 	 1.1131 	 -0.3997 	 0.0614 
54.0000 	 2.0677 	 0.7993 	 -0.4351 	 825.7207 	54.0000 	 0.4442 	 2.9501 	 0.2777 	 0.0954 
54.0000 	 2.1308 	 0.7334 	 -0.4082 	 825.5188 	54.0000 	 0.7937 	 0.5668 	 -0.3923 	 0.0610 
51.0000 	 2.0547 	 0.7443 	 -0.4020 	 824.9261 	51.0000 	 1.3591 	 0.6502 	 -0.0265 	 0.0485 
52.0000 	 2.0600 	 0.7583 	 -0.4164 	 825.0317 	52.0000 	 1.6661 	 2.9493 	 0.3493 	 0.0390 
66.0000 	 2.4207 	 0.6709 	 -0.3947 	 828.2248 	66.0000 	 0.7321 	 0.9190 	 0.3091 	 0.0405 
52.0000 	 2.0816 	 0.7367 	 -0.4088 	 825.0904 	52.0000 	 2.4893 	 1.0716 	 0.4241 	 0.0442 
51.0000 	 2.0551 	 0.7452 	 -0.3935 	 824.8005 	51.0000 	 2.1610 	 2.0843 	 -0.3592 	 0.0771 
61.0000 	 2.2948 	 0.6951 	 -0.4008 	 827.1927 	61.0000 	 1.7124 	 0.5921 	 0.1538 	 0.0498 
57.0000 	 2.1683 	 0.7503 	 -0.4321 	 826.3168 	57.0000 	 1.5697 	 1.2836 	 0.0537 	 0.0885 
52.0000 	 2.0629 	 0.7546 	 -0.4392 	 825.0835 	52.0000 	 1.2471 	 0.0571 	 0.1909 	 0.0532 
73.0000 	 2.5062 	 0.7082 	 -0.4224 	 829.4768 	73.0000 	 2.0364 	 0.2113 	 -0.4158 	 0.0703 
72.0000 	 2.4873 	 0.7201 	 -0.4027 	 829.2335 	72.0000 	 1.9955 	 0.6826 	 -0.0055 	 0.0582 
72.0000 	 2.5091 	 0.6921 	 -0.4005 	 829.1672 	72.0000 	 2.4327 	 1.9870 	 -0.3415 	 0.0410 
72.0000 	 2.5634 	 0.6521 	 -0.3627 	 829.1993 	72.0000 	 0.8855 	 2.7051 	 0.0368 	 0.0734 
72.0000 	 2.5615 	 0.6636 	 -0.3642 	 829.1913 	72.0000 	 0.1332 	 1.3296 	 0.0759 	 0.0612 
67.0000 	 2.4571 	 0.6631 	 -0.3924 	 828.3207 	67.0000 	 0.8007 	 0.9429 	 -0.3758 	 0.0526 
68.0000 	 2.4611 	 0.6750 	 -0.3941 	 828.4837 	68.0000 	 2.4879 	 1.7437 	 0.1630 	 0.0454 
72.0000 	 2.5424 	 0.6687 	 -0.3700 	 829.1707 	72.0000 	 2.6448 	 1.3408 	 -0.1212 	 0.0702 
72.0000 	 2.5355 	 0.6693 	 -0.3982 	 829.1727 	72.0000 	 0.7924 	 1.2389 	 0.3466 	 0.0660 
68.0000 	 2.5169 	 0.6351 	 -0.3715 	 828.6047 	68.0000 	 0.5220 	 0.9943 	 -0.3100 	 0.0357 
68.0000 	 2.4558 	 0.6808 	 -0.3889 	 828.4839 	68.0000 	 1.2886 	 1.5133 	 -0.2542 	 0.0574 
64.0000 	 2.4024 	 0.6699 	 -0.3579 	 827.9166 	64.0000 	 0.5606 	 0.3830 	 0.3535 	 0.0455 
68.0000 	 2.4601 	 0.6756 	 -0.3813 	 828.5588 	68.0000 	 1.6157 	 2.3955 	 0.0336 	 0.0453 
61.0000 	 2.2577 	 0.7447 	 -0.4134 	 827.1601 	61.0000 	 0.8392 	 0.5381 	 0.2205 	 0.0445 
54.0000 	 2.1520 	 0.7119 	 -0.4011 	 825.5965 	54.0000 	 2.6456 	 2.0069 	 0.3121 	 0.0476 
72.0000 	 2.5308 	 0.6839 	 -0.3768 	 829.2897 	72.0000 	 2.3425 	 0.5136 	 0.4034 	 0.0445 
60.0000 	 2.2577 	 0.7282 	 -0.4072 	 827.0132 	60.0000 	 0.0583 	 1.1296 	 -0.3405 	 0.0477 
72.0000 	 2.4889 	 0.7092 	 -0.3840 	 829.3405 	72.0000 	 1.5506 	 1.5497 	 -0.0300 	 0.0760 
68.0000 	 2.4334 	 0.6909 	 -0.4082 	 828.4869 	68.0000 	 1.6188 	 1.0841 	 -0.3285 	 0.0396 
51.0000 	 2.0404 	 0.7532 	 -0.4103 	 824.7862 	51.0000 	 1.8366 	 0.1400 	 -0.0484 	 0.0981 
61.0000 	 2.2945 	 0.6989 	 -0.4139 	 827.1458 	61.0000 	 2.5348 	 2.9927 	 -0.1708 	 0.0468 
68.0000 	 2.4359 	 0.6936 	 -0.3944 	 828.5393 	68.0000 	 1.2683 	 1.3804 	 -0.1373 	 0.0545 
68.0000 	 2.4640 	 0.6714 	 -0.4026 	 828.4390 	68.0000 	 2.2840 	 0.4928 	 0.3308 	 0.0433 
68.0000 	 2.4860 	 0.6615 	 -0.3769 	 828.5951 	68.0000 	 0.0912 	 0.0627 	 -0.0896 	 0.0472 
57.0000 	 2.1486 	 0.7646 	 -0.4406 	 826.3866 	57.0000 	 1.8136 	 0.8448 	 -0.1361 	 0.0651 
57.0000 	 2.1960 	 0.7247 	 -0.4032 	 826.2789 	57.0000 	 1.1548 	 1.4391 	 -0.3818 	 0.0372 
61.0000 	 2.3001 	 0.7051 	 -0.3907 	 827.1877 	61.0000 	 2.3281 	 2.7387 	 0.0686 	 0.0409 
60.0000 	 2.2566 	 0.7228 	 -0.4145 	 826.9465 	60.0000 	 2.3549 	 2.3316 	 0.2070 	 0.0498 
58.0000 	 2.2465 	 0.6975 	 -0.3976 	 826.5063 	58.0000 	 0.7447 	 1.3715 	 0.2474 	 0.0497 
51.0000 	 1.9815 	 0.8259 	 -0.4583 	 825.0725 	51.0000 	 2.4837 	 1.5576 	 0.4944 	 0.0670 
58.0000 	 2.1748 	 0.7727 	 -0.4123 	 826.6414 	58.0000 	 1.6679 	 2.8088 	 0.1224 	 0.0403 
51.0000 	 2.0594 	 0.7478 	 -0.4013 	 824.7761 	51.0000 	 0.3623 	 2.0321 	 -0.1390 	 0.0409 
71.0000 	 2.5399 	 0.6585 	 -0.3870 	 829.0203 	71.0000 	 1.5876 	 1.6332 	 -0.3248 	 0.0567 
71.0000 	 2.5307 	 0.6676 	 -0.3828 	 828.9976 	71.0000 	 1.0017 	 1.1756 	 0.4057 	 0.0387 
60.0000 	 2.2520 	 0.7264 	 -0.4233 	 827.0209 	60.0000 	 1.7061 	 0.4805 	 0.0153 	 0.0394 
57.0000 	 2.1587 	 0.7471 	 -0.4511 	 826.3731 	57.0000 	 2.6625 	 1.2899 	 0.2034 	 0.1661 
69.0000 	 2.4940 	 0.6651 	 -0.3937 	 828.6606 	69.0000 	 0.0932 	 2.7242 	 -0.0355 	 0.0633 
71.0000 	 2.5251 	 0.6647 	 -0.3877 	 829.0873 	71.0000 	 0.2550 	 2.3865 	 -0.3767 	 0.0624 
71.0000 	 2.4826 	 0.7083 	 -0.3990 	 829.0676 	71.0000 	 0.6829 	 2.1374 	 -0.2803 	 0.0561 
60.0000 	 2.2884 	 0.6949 	 -0.3880 	 827.0646 	60.0000 	 2.5976 	 0.9639 	 0.2836 	 0.0478 
71.0000 	 2.4383 	 0.7469 	 -0.4136 	 829.2060 	71.0000 	 2.8676 	 1.7864 	 -0.3393 	 0.0473 
60.0000 	 2.2612 	 0.7170 	 -0.3897 	 826.9512 	60.0000 	 1.4413 	 0.7434 	 -0.1806 	 0.0583 
58.0000 	 2.1991 	 0.7501 	 -0.3859 	 826.6647 	58.0000 	 2.7761 	 1.2975 	 -0.0691 	 0.0448 
69.0000 	 2.4767 	 0.6821 	 -0.3771 	 828.5960 	69.0000 	 0.1561 	 0.6119 	 -0.0844 	 0.0438 
60.0000 	 2.2514 	 0.7250 	 -0.4149 	 826.9641 	60.0000 	 0.9498 	 0.6940 	 -0.2828 	 0.0417 
58.0000 	 2.2618 	 0.6791 	 -0.3965 	 826.6365 	58.0000 	 2.0912 	 2.6149 	 0.0542 	 0.0445 
71.0000 	 2.5034 	 0.6862 	 -0.3759 	 829.0528 	71.0000 	 1.9447 	 2.3844 	 0.1087 	 0.0700 
58.0000 	 2.2291 	 0.7118 	 -0.4075 	 826.5001 	58.0000 	 0.9228 	 0.9535 	 0.2256 	 0.0524 
69.0000 	 2.4323 	 0.7237 	 -0.3892 	 828.7683 	69.0000 	 0.4428 	 1.4090 	 -0.3854 	 0.0428 
69.0000 	 2.4668 	 0.6895 	 -0.3988 	 828.7507 	69.0000 	 0.7712 	 1.3689 	 -0.4016 	 0.0511 
51.0000 	 2.0222 	 0.7827 	 -0.4342 	 824.8919 	51.0000 	 1.1723 	 1.3757 	 0.0280 	 0.0530 
69.0000 	 2.4546 	 0.6984 	 -0.4013 	 828.7287 	69.0000 	 0.0111 	 0.8141 	 -0.0473 	 0.0455 
58.0000 	 2.2004 	 0.7376 	 -0.4234 	 826.4668 	58.0000 	 2.6420 	 0.1976 	 0.1643 	 0.0351 
61.0000 	 2.2928 	 0.7111 	 -0.3939 	 827.2506 	61.0000 	 1.0574 	 2.4256 	 0.4417 	 0.0514 
60.0000 	 2.2851 	 0.6992 	 -0.3919 	 826.9583 	60.0000 	 0.9152 	 0.9127 	 -0.1698 	 0.0687 
60.0000 	 2.2984 	 0.6861 	 -0.3856 	 827.0837 	60.0000 	 0.9288 	 1.4946 	 0.1689 	 0.0411 
58.0000 	 2.1787 	 0.7560 	 -0.4226 	 826.6331 	58.0000 	 0.5464 	 0.1022 	 0.0237 	 0.0544 
69.0000 	 2.4601 	 0.6880 	 -0.3973 	 828.6311 	69.0000 	 0.8338 	 2.3759 	 -0.0180 	 0.0412 
58.0000 	 2.1709 	 0.7737 	 -0.4274 	 826.5592 	58.0000 	 2.0743 	 0.2623 	 0.0742 	 0.0429 
60.0000 	 2.2854 	 0.6912 	 -0.4056 	 826.9333 	60.0000 	 1.2780 	 1.4789 	 -0.4517 	 0.0437 
57.0000 	 2.1868 	 0.7392 	 -0.4154 	 826.2878 	57.0000 	 2.0704 	 2.1683 	 0.4053 	 0.0342 
59.0000 	 2.2712 	 0.6968 	 -0.3862 	 826.7759 	59.0000 	 0.6033 	 2.5777 	 -0.1722 	 0.0593 
58.0000 	 2.2124 	 0.7233 	 -0.4088 	 826.5732 	58.0000 	 1.1891 	 2.9269 	 0.2639 	 0.0802 
59.0000 	 2.2462 	 0.7155 	 -0.4047 	 826.7329 	59.0000 	 2.2550 	 2.7345 	 -0.3493 	 0.0275 
51.0000 	 2.0171 	 0.7860 	 -0.4462 	 824.9049 	51.0000 	 1.9317 	 0.8675 	 0.3138 	 0.0384 
71.0000 	 2.5301 	 0.6563 	 -0.3944 	 829.0370 	71.0000 	 1.5287 	 2.4850 	 0.3854 	 0.0777 
71.0000 	 2.4671 	 0.7161 	 -0.4189 	 829.1611 	71.0000 	 0.1931 	 0.7452 	 -0.1000 	 0.0581 
72.0000 	 2.5486 	 0.6546 	 -0.3940 	 829.1749 	72.0000 	 2.1471 	 2.4663 	 -0.3878 	 0.0385 
71.0000 	 2.4569 	 0.7230 	 -0.4101 	 829.0876 	71.0000 	 2.5904 	 0.5831 	 0.4587 	 0.0464 
69.0000 	 2.4849 	 0.6717 	 -0.3980 	 828.7061 	69.0000 	 2.4199 	 2.4875 	 -0.4865 	 0.0438 
70.0000 	 2.4981 	 0.6688 	 -0.3936 	 828.8919 	70.0000 	 2.4895 	 0.1310 	 -0.0278 	 0.0685 
70.0000 	 2.4724 	 0.6842 	 -0.3942 	 828.8511 	70.0000 	 2.4649 	 1.9995 	 -0.1368 	 0.0408 
71.0000 	 2.5668 	 0.6330 	 -0.3778 	 829.0823 	71.0000 	 0.4458 	 0.8504 	 0.2383 	 0.0380 
70.0000 	 2.4721 	 0.6912 	 -0.4027 	 828.9032 	70.0000 	 2.7950 	 0.6280 	 -0.0609 	 0.0409 
69.0000 	 2.4418 	 0.7027 	 -0.4167 	 828.7092 	69.0000 	 1.4284 	 2.6693 	 0.1111 	 0.0503 
59.0000 	 2.1900 	 0.7645 	 -0.4260 	 826.8979 	59.0000 	 2.4814 	 2.4538 	 0.3644 	 0.0418 
70.0000 	 2.4748 	 0.6836 	 -0.3977 	 828.9636 	70.0000 	 0.9238 	 2.5563 	 0.3232 	 0.0411 
68.0000 	 2.4360 	 0.7001 	 -0.3950 	 828.4904 	68.0000 	 0.5329 	 1.1897 	 -0.4384 	 0.0430 
70.0000 	 2.5185 	 0.6635 	 -0.3749 	 828.7868 	70.0000 	 1.5499 	 1.9018 	 -0.1211 	 0.0477 
70.0000 	 2.4678 	 0.7021 	 -0.3912 	 828.8682 	70.0000 	 1.7268 	 1.6657 	 -0.4344 	 0.0496 
63.0000 	 2.3269 	 0.7098 	 -0.4006 	 827.5745 	63.0000 	 0.2694 	 1.6684 	 -0.2225 	 0.0520 
70.0000 	 2.4830 	 0.6846 	 -0.3971 	 828.8349 	70.0000 	 2.9753 	 2.2914 	 -0.0174 	 0.0448 
70.0000 	 2.4364 	 0.7237 	 -0.4194 	 829.0110 	70.0000 	 0.3789 	 1.5255 	 -0.2906 	 0.0478 
70.0000 	 2.4849 	 0.6867 	 -0.3925 	 828.8314 	70.0000 	 1.4387 	 1.7688 	 -0.0766 	 0.0427 
55.0000 	 2.1201 	 0.7595 	 -0.4262 	 825.8475 	55.0000 	 2.9659 	 1.7612 	 0.0055 	 0.0364 
63.0000 	 2.3053 	 0.7243 	 -0.4219 	 827.6006 	63.0000 	 2.8206 	 2.2667 	 -0.3309 	 0.0398 
53.0000 	 2.0459 	 0.7993 	 -0.4405 	 825.4392 	53.0000 	 1.1228 	 0.2373 	 0.4256 	 0.0498 
55.0000 	 2.1260 	 0.7544 	 -0.4117 	 825.8561 	55.0000 	 0.6499 	 1.9496 	 0.0882 	 0.0389 
69.0000 	 2.4983 	 0.6578 	 -0.3762 	 828.7027 	69.0000 	 0.8166 	 2.5023 	 0.0384 	 0.0438 
69.0000 	 2.4415 	 0.6973 	 -0.4196 	 828.7416 	69.0000 	 1.8708 	 2.1568 	 0.3441 	 0.0438 
59.0000 	 2.2385 	 0.7145 	 -0.4227 	 826.8228 	59.0000 	 2.4076 	 1.1683 	 0.1062 	 0.0642 
59.0000 	 2.2393 	 0.7128 	 -0.4131 	 826.7402 	59.0000 	 2.4173 	 0.7378 	 0.0448 	 0.0553 
53.0000 	 2.1134 	 0.7251 	 -0.4229 	 825.3579 	53.0000 	 2.7727 	 0.1237 	 -0.1345 	 0.0396 
70.0000 	 2.5131 	 0.6614 	 -0.3968 	 828.7975 	70.0000 	 0.9654 	 2.2744 	 0.0745 	 0.0602 
60.0000 	 2.2822 	 0.6975 	 -0.3883 	 826.9456 	60.0000 	 2.8040 	 1.8937 	 -0.0272 	 0.0515 
63.0000 	 2.3452 	 0.6939 	 -0.3952 	 827.5881 	63.0000 	 2.7226 	 0.4601 	 0.0910 	 0.0322 
59.0000 	 2.2466 	 0.7114 	 -0.4120 	 826.7754 	59.0000 	 2.5116 	 0.4768 	 0.1598 	 0.0549 
59.0000 	 2.2842 	 0.6800 	 -0.4100 	 826.9009 	59.0000 	 1.7395 	 2.1536 	 -0.2114 	 0.0407 
55.0000 	 2.1479 	 0.7287 	 -0.4149 	 825.8185 	55.0000 	 1.8803 	 0.1338 	 0.0464 	 0.0423 
63.0000 	 2.3276 	 0.7149 	 -0.3915 	 827.6275 	63.0000 	 0.4063 	 1.6128 	 0.0901 	 0.0440 
63.0000 	 2.3631 	 0.6736 	 -0.3980 	 827.5945 	63.0000 	 0.9375 	 1.8645 	 -0.3577 	 0.0432 
59.0000 	 2.2512 	 0.7073 	 -0.4001 	 826.7322 	59.0000 	 1.9774 	 1.5404 	 0.2315 	 0.0497 
58.0000 	 2.2333 	 0.7046 	 -0.3773 	 826.5204 	58.0000 	 2.5085 	 0.8195 	 -0.4168 	 0.0440 
59.0000 	 2.2640 	 0.6962 	 -0.3973 	 826.7901 	59.0000 	 2.6416 	 0.7606 	 0.2860 	 0.0386 
53.0000 	 2.0928 	 0.7423 	 -0.4214 	 825.3635 	53.0000 	 0.4132 	 1.4816 	 0.0572 	 0.0560 
55.0000 	 2.1456 	 0.7465 	 -0.4103 	 825.8064 	55.0000 	 2.6838 	 0.4042 	 -0.2651 	 0.0480 
55.0000 	 2.1520 	 0.7414 	 -0.3906 	 825.9467 	55.0000 	 1.8702 	 2.9404 	 -0.1899 	 0.0420 
59.0000 	 2.2456 	 0.7137 	 -0.3982 	 826.7760 	59.0000 	 2.1866 	 1.1205 	 -0.1357 	 0.0347 
53.0000 	 2.0939 	 0.7456 	 -0.4297 	 825.3231 	53.0000 	 0.9074 	 2.1839 	 -0.4819 	 0.0393 
53.0000 	 2.1006 	 0.7374 	 -0.4167 	 825.2977 	53.0000 	 2.8848 	 0.2586 	 0.3927 	 0.0447 
