49.0000 	 0.0129 	 0.0056 	 0.2845 	 1.8581 	 0.1079 	 0.0000 	 550.2783 	 49.0000 	 0.1876 	 0.7798 	 0.5853 	 9.0000 	 0.1769 	 0.0000 	 0.9245 
50.0000 	 0.2290 	 0.0010 	 0.7977 	 1.5097 	 0.0738 	 0.0000 	 303.4400 	 50.0000 	 0.3229 	 0.2405 	 0.0106 	 10.0000 	 2.3154 	 0.0000 	 0.9951 
50.0000 	 0.3587 	 0.0514 	 0.0710 	 1.5594 	 0.0444 	 0.0000 	 784.0120 	 50.0000 	 0.9683 	 0.2207 	 0.6554 	 14.0000 	 2.5033 	 0.0000 	 0.0898 
50.0000 	 0.5790 	 0.0294 	 0.3969 	 2.3248 	 0.0994 	 0.0000 	 832.1722 	 50.0000 	 0.0096 	 0.3251 	 0.9553 	 3.0000 	 2.5205 	 0.0000 	 0.9667 
50.0000 	 0.3962 	 0.0397 	 0.0519 	 2.9475 	 0.0366 	 0.0000 	 781.5216 	 50.0000 	 0.9683 	 0.2207 	 0.6554 	 14.0000 	 2.5033 	 0.0000 	 0.0884 
49.0000 	 0.3552 	 1.0000 	 0.1077 	 2.6379 	 0.6152 	 0.0000 	 784.9008 	 49.0000 	 0.6865 	 0.8939 	 0.1460 	 2.0000 	 0.6929 	 0.0000 	 0.1596 
49.0000 	 0.0084 	 0.0010 	 0.0012 	 24.3066 	 0.0012 	 0.0000 	 592.9224 	 49.0000 	 0.1949 	 0.1592 	 0.5159 	 10.0000 	 2.8419 	 0.0000 	 0.9430 
50.0000 	 0.1669 	 0.2598 	 0.0010 	 1.5697 	 0.0025 	 0.0000 	 764.8729 	 50.0000 	 0.1684 	 0.4940 	 0.5179 	 15.0000 	 1.0975 	 0.0000 	 0.5117 
49.0000 	 0.0172 	 0.0076 	 0.0019 	 1.4453 	 0.0010 	 0.0000 	 470.9177 	 49.0000 	 0.2860 	 0.2340 	 0.3732 	 15.0000 	 2.1138 	 0.0000 	 0.9547 
50.0000 	 0.0086 	 0.0104 	 0.1303 	 1.8707 	 0.1172 	 0.0000 	 634.9265 	 50.0000 	 0.0096 	 0.3251 	 0.9553 	 3.0000 	 2.5205 	 0.0000 	 0.1538 
50.0000 	 0.1480 	 0.0010 	 0.2421 	 1.5021 	 0.0149 	 0.0000 	 332.9030 	 50.0000 	 0.4529 	 0.5781 	 0.7813 	 10.0000 	 0.6123 	 0.0000 	 0.9897 
49.0000 	 0.0223 	 0.0086 	 0.1204 	 1.0866 	 0.0487 	 0.0000 	 520.8694 	 49.0000 	 0.6365 	 0.8474 	 0.7320 	 5.0000 	 2.3449 	 0.0000 	 0.6888 
49.0000 	 0.0098 	 0.0052 	 0.0959 	 4.8709 	 0.1123 	 0.0000 	 696.4562 	 49.0000 	 0.1295 	 0.9491 	 0.0306 	 6.0000 	 0.9869 	 0.0000 	 1.0072 
50.0000 	 0.0383 	 0.0046 	 0.0368 	 1.0000 	 0.0087 	 0.0000 	 523.1543 	 50.0000 	 0.5129 	 0.9691 	 0.6669 	 13.0000 	 2.4565 	 0.0000 	 2.5892 
50.0000 	 0.0102 	 0.0077 	 0.1266 	 2.3565 	 0.1008 	 0.0000 	 525.4350 	 50.0000 	 0.1876 	 0.7798 	 0.5853 	 9.0000 	 0.1769 	 0.0000 	 0.9772 
50.0000 	 0.9652 	 0.0175 	 0.7234 	 1.0801 	 0.0581 	 0.0000 	 559.8534 	 50.0000 	 0.4064 	 0.7911 	 0.7700 	 15.0000 	 1.5955 	 0.0000 	 0.6028 
50.0000 	 0.0293 	 0.0047 	 0.0237 	 2.2980 	 0.0227 	 0.0000 	 726.1415 	 50.0000 	 0.6167 	 0.2507 	 0.1896 	 14.0000 	 2.7281 	 0.0000 	 0.3103 
49.0000 	 0.0495 	 0.0010 	 0.0949 	 5.1227 	 0.0273 	 0.0000 	 552.5553 	 49.0000 	 0.4054 	 0.7979 	 0.9344 	 11.0000 	 1.9385 	 0.0000 	 0.4943 
49.0000 	 0.0374 	 0.0023 	 0.0097 	 2.3773 	 0.0023 	 0.0000 	 530.4867 	 49.0000 	 0.0171 	 0.2955 	 0.0265 	 14.0000 	 0.4598 	 0.0000 	 0.1181 
49.0000 	 0.0593 	 0.0016 	 0.9998 	 2.5298 	 0.2241 	 0.0000 	 372.0398 	 49.0000 	 0.5836 	 0.3759 	 0.8071 	 6.0000 	 2.9398 	 0.0000 	 0.9534 
50.0000 	 0.2146 	 0.0014 	 0.8541 	 1.0000 	 0.0529 	 0.0000 	 239.4055 	 50.0000 	 0.6461 	 0.8667 	 0.1406 	 10.0000 	 1.0192 	 0.0000 	 0.9887 
50.0000 	 0.1595 	 0.0796 	 0.0047 	 49.9303 	 0.0193 	 0.0000 	 774.3078 	 50.0000 	 0.5536 	 0.0068 	 0.8354 	 7.0000 	 2.2001 	 0.0000 	 0.1870 
49.0000 	 0.3647 	 0.0311 	 0.3105 	 1.2891 	 0.1324 	 0.0000 	 794.8018 	 49.0000 	 0.5787 	 0.9743 	 0.8425 	 5.0000 	 2.5505 	 0.0000 	 0.4670 
50.0000 	 0.9605 	 0.0331 	 0.0372 	 6.3150 	 0.0067 	 0.0000 	 750.7632 	 50.0000 	 0.0384 	 0.8479 	 0.4266 	 5.0000 	 2.2640 	 0.0000 	 1.7436 
50.0000 	 0.1796 	 0.0010 	 0.0157 	 1.6041 	 0.0012 	 0.0000 	 348.1169 	 50.0000 	 0.4631 	 0.5162 	 0.4892 	 11.0000 	 2.1619 	 0.0000 	 1.0278 
50.0000 	 0.2866 	 0.0259 	 0.0372 	 4.3787 	 0.0332 	 0.0000 	 778.8902 	 50.0000 	 0.6284 	 0.2473 	 0.2075 	 2.0000 	 0.0600 	 0.0000 	 0.4319 
48.0000 	 0.0652 	 0.3470 	 0.0083 	 14.8646 	 0.0580 	 0.0000 	 783.1097 	 48.0000 	 0.2962 	 0.3002 	 0.0397 	 2.0000 	 0.5183 	 0.0000 	 0.1981 
50.0000 	 0.1332 	 0.3009 	 0.0049 	 3.9751 	 0.0210 	 0.0000 	 773.5688 	 50.0000 	 0.2192 	 0.7996 	 0.7027 	 6.0000 	 1.0770 	 0.0000 	 0.1553 
49.0000 	 0.2327 	 0.0010 	 0.0426 	 1.4481 	 0.0019 	 0.0000 	 370.6957 	 49.0000 	 0.0002 	 0.9683 	 0.8552 	 1.0000 	 2.4043 	 0.0000 	 0.4941 
50.0000 	 0.0316 	 0.0010 	 0.0373 	 6.1746 	 0.0111 	 0.0000 	 448.7828 	 50.0000 	 0.4438 	 0.8425 	 0.9946 	 4.0000 	 2.7704 	 0.0000 	 0.7867 
48.0000 	 0.1058 	 0.0027 	 0.0765 	 9.2941 	 0.0433 	 0.0000 	 790.6426 	 48.0000 	 0.8669 	 0.4045 	 0.1435 	 9.0000 	 2.0140 	 0.0000 	 0.0938 
49.0000 	 0.4119 	 0.0010 	 0.1974 	 1.0000 	 0.0055 	 0.0000 	 392.3847 	 49.0000 	 0.5685 	 0.8361 	 0.9174 	 9.0000 	 0.2469 	 0.0000 	 0.1254 
49.0000 	 0.0285 	 0.0054 	 0.0321 	 1.2278 	 0.0102 	 0.0000 	 556.6860 	 49.0000 	 0.8233 	 0.4173 	 0.2273 	 5.0000 	 2.9117 	 0.0000 	 0.7050 
48.0000 	 0.0236 	 0.0083 	 0.0373 	 1.0000 	 0.0137 	 0.0000 	 511.5691 	 48.0000 	 0.1464 	 0.5462 	 0.9029 	 7.0000 	 0.6032 	 0.0000 	 0.7434 
46.0000 	 0.2579 	 0.0010 	 0.0192 	 1.0000 	 0.0010 	 0.0000 	 302.8204 	 46.0000 	 0.3499 	 0.7740 	 0.2771 	 3.0000 	 2.7504 	 0.0000 	 0.6333 
48.0000 	 0.1332 	 0.0976 	 0.0012 	 3.0396 	 0.0026 	 0.0000 	 765.4701 	 48.0000 	 0.5613 	 0.6043 	 0.0991 	 10.0000 	 1.2124 	 0.0000 	 0.2165 
48.0000 	 0.1211 	 0.0010 	 0.0384 	 1.7798 	 0.0035 	 0.0000 	 371.9009 	 48.0000 	 0.5623 	 0.3042 	 0.0950 	 5.0000 	 2.5117 	 0.0000 	 0.6487 
48.0000 	 0.1668 	 0.0011 	 0.0175 	 1.0811 	 0.0012 	 0.0000 	 418.2478 	 48.0000 	 0.0501 	 0.9046 	 0.7900 	 9.0000 	 0.8338 	 0.0000 	 0.2420 
48.0000 	 0.4888 	 0.0426 	 0.0389 	 5.0825 	 0.0305 	 0.0000 	 778.3077 	 48.0000 	 0.4417 	 0.5681 	 0.6301 	 7.0000 	 0.2434 	 0.0000 	 0.3389 
46.0000 	 0.0050 	 0.0119 	 0.2971 	 2.2726 	 0.3500 	 0.0000 	 748.6088 	 46.0000 	 0.5976 	 0.0712 	 0.2522 	 5.0000 	 2.0934 	 0.0000 	 0.1244 
47.0000 	 0.6540 	 0.1136 	 1.0000 	 2.0292 	 5.4634 	 0.0000 	 444.6709 	 47.0000 	 0.3920 	 0.3438 	 0.0968 	 13.0000 	 1.3969 	 0.0000 	 0.9264 
48.0000 	 0.0271 	 0.0017 	 0.5129 	 4.2771 	 0.1313 	 0.0000 	 403.4427 	 48.0000 	 0.1312 	 0.1288 	 0.9038 	 1.0000 	 2.7302 	 0.0000 	 0.9976 
46.0000 	 0.0433 	 0.0061 	 0.2306 	 1.0702 	 0.0461 	 0.0000 	 442.2311 	 46.0000 	 0.2820 	 0.8609 	 0.0316 	 12.0000 	 2.2122 	 0.0000 	 0.9803 
45.0000 	 0.0583 	 0.0048 	 0.9030 	 8.4000 	 3.2749 	 0.0000 	 681.4614 	 45.0000 	 0.4284 	 0.0896 	 0.3412 	 8.0000 	 1.7604 	 0.0000 	 0.9843 
47.0000 	 0.0097 	 0.0010 	 0.0301 	 20.7288 	 0.0261 	 0.0000 	 635.8125 	 47.0000 	 0.6005 	 0.8673 	 0.0826 	 7.0000 	 1.5314 	 0.0000 	 0.4090 
50.0000 	 0.2453 	 0.2088 	 0.0058 	 1.5933 	 0.0104 	 0.0000 	 770.5904 	 50.0000 	 0.0862 	 0.7570 	 0.6488 	 1.0000 	 2.3743 	 0.0000 	 0.1874 
47.0000 	 0.1826 	 0.0983 	 0.0023 	 5.7560 	 0.0059 	 0.0000 	 767.7928 	 47.0000 	 0.1693 	 0.3064 	 0.7524 	 4.0000 	 2.5090 	 0.0000 	 0.2291 
47.0000 	 0.0272 	 0.0048 	 0.3194 	 1.2867 	 0.0847 	 0.0000 	 473.0281 	 47.0000 	 0.9669 	 0.2006 	 0.2607 	 6.0000 	 2.4623 	 0.0000 	 0.1997 
47.0000 	 0.0352 	 0.0078 	 0.0229 	 1.5927 	 0.0125 	 0.0000 	 719.6740 	 47.0000 	 0.1778 	 0.1871 	 0.3314 	 12.0000 	 2.1593 	 0.0000 	 0.3744 
46.0000 	 0.2898 	 0.1259 	 0.0079 	 2.5761 	 0.0112 	 0.0000 	 771.9290 	 46.0000 	 0.8233 	 0.7401 	 0.2929 	 6.0000 	 0.5017 	 0.0000 	 0.2581 
46.0000 	 0.1046 	 0.0021 	 0.0241 	 1.0000 	 0.0022 	 0.0000 	 360.5028 	 46.0000 	 0.4245 	 0.4439 	 0.4916 	 7.0000 	 1.8335 	 0.0000 	 0.9285 
44.0000 	 0.2215 	 0.0014 	 0.0200 	 1.0000 	 0.0014 	 0.0000 	 257.1643 	 44.0000 	 0.7188 	 0.0319 	 0.6824 	 7.0000 	 0.4365 	 0.0000 	 0.9830 
48.0000 	 0.1455 	 0.0015 	 0.0173 	 1.0020 	 0.0011 	 0.0000 	 353.2028 	 48.0000 	 0.4763 	 0.7809 	 0.0885 	 14.0000 	 1.6514 	 0.0000 	 0.5601 
45.0000 	 0.1451 	 0.4298 	 0.0017 	 1.6693 	 0.0052 	 0.0000 	 769.1698 	 45.0000 	 0.5740 	 0.5388 	 0.1651 	 3.0000 	 2.8873 	 0.0000 	 0.2024 
47.0000 	 0.3021 	 0.0010 	 0.9145 	 1.0000 	 0.0426 	 0.0000 	 279.7412 	 47.0000 	 0.5223 	 0.6222 	 0.0040 	 11.0000 	 0.1702 	 0.0000 	 0.9115 
45.0000 	 0.1350 	 0.0479 	 0.0201 	 1.6903 	 0.0216 	 0.0000 	 778.8606 	 45.0000 	 0.5850 	 0.1518 	 0.4280 	 4.0000 	 1.4594 	 0.0000 	 0.2811 
47.0000 	 0.0109 	 0.0046 	 0.0208 	 4.0191 	 0.0146 	 0.0000 	 598.9353 	 47.0000 	 0.5231 	 0.2193 	 0.5708 	 14.0000 	 0.4415 	 0.0000 	 0.9928 
47.0000 	 0.2187 	 0.0011 	 0.1532 	 28.7953 	 0.0653 	 0.0000 	 791.7791 	 47.0000 	 0.2296 	 0.3203 	 0.6290 	 5.0000 	 0.6826 	 0.0000 	 0.4674 
45.0000 	 0.1465 	 0.2512 	 0.0089 	 5.2702 	 0.0363 	 0.0000 	 776.1054 	 45.0000 	 0.0687 	 0.1796 	 0.0214 	 8.0000 	 2.6057 	 0.0000 	 0.1835 
41.0000 	 0.1534 	 0.2025 	 0.0010 	 1.9872 	 0.0023 	 0.0000 	 766.5497 	 41.0000 	 0.7758 	 0.7072 	 0.9281 	 6.0000 	 1.0242 	 0.0000 	 0.2200 
47.0000 	 0.0532 	 0.0046 	 0.2314 	 1.0549 	 0.0468 	 0.0000 	 357.0781 	 47.0000 	 0.1288 	 0.3148 	 0.1813 	 1.0000 	 0.8888 	 0.0000 	 1.0219 
45.0000 	 0.0965 	 0.0010 	 0.4837 	 1.8388 	 0.0341 	 0.0000 	 291.1687 	 45.0000 	 0.3158 	 0.0856 	 0.1261 	 10.0000 	 1.0474 	 0.0000 	 0.9921 
43.0000 	 0.9515 	 0.0145 	 0.4364 	 1.0000 	 0.0239 	 0.0000 	 453.1128 	 43.0000 	 0.7658 	 0.2178 	 0.7784 	 10.0000 	 0.0091 	 0.0000 	 0.3840 
49.0000 	 0.5839 	 0.1869 	 0.0204 	 2.1997 	 0.0191 	 0.0000 	 778.8233 	 49.0000 	 0.7858 	 0.9659 	 0.8525 	 11.0000 	 2.5042 	 0.0000 	 0.3354 
43.0000 	 0.6466 	 0.4351 	 0.1427 	 1.1267 	 0.2238 	 0.0000 	 790.4870 	 43.0000 	 0.6032 	 0.5852 	 0.1460 	 1.0000 	 0.3931 	 0.0000 	 0.2874 
45.0000 	 0.1088 	 0.0017 	 0.0115 	 1.0000 	 0.0010 	 0.0000 	 464.5833 	 45.0000 	 0.7955 	 0.4862 	 0.1715 	 15.0000 	 1.7892 	 0.0000 	 0.0965 
44.0000 	 0.0191 	 0.0010 	 0.0690 	 10.5879 	 0.0328 	 0.0000 	 523.0741 	 44.0000 	 0.6070 	 0.4466 	 0.8221 	 5.0000 	 1.0068 	 0.0000 	 0.7058 
44.0000 	 0.1533 	 0.1533 	 0.0014 	 2.6890 	 0.0033 	 0.0000 	 766.3332 	 44.0000 	 0.3324 	 0.8203 	 0.9530 	 12.0000 	 0.5207 	 0.0000 	 0.2240 
43.0000 	 0.0127 	 0.0074 	 0.0102 	 2.6768 	 0.0075 	 0.0000 	 553.8033 	 43.0000 	 0.8032 	 0.8290 	 0.8851 	 10.0000 	 2.6499 	 0.0000 	 0.8121 
47.0000 	 0.2582 	 0.0172 	 0.0474 	 4.4289 	 0.0325 	 0.0000 	 782.3756 	 47.0000 	 0.8669 	 0.4957 	 0.4793 	 9.0000 	 0.5395 	 0.0000 	 0.2927 
43.0000 	 0.0424 	 0.0313 	 0.7119 	 1.0000 	 0.8754 	 0.0000 	 766.8478 	 43.0000 	 0.2206 	 0.1679 	 0.7083 	 10.0000 	 2.5457 	 0.0000 	 0.3544 
42.0000 	 0.1706 	 0.0496 	 0.0023 	 8.6176 	 0.0048 	 0.0000 	 767.2829 	 42.0000 	 0.2528 	 0.1206 	 0.4122 	 15.0000 	 0.0741 	 0.0000 	 0.2986 
43.0000 	 0.0801 	 0.0611 	 1.0000 	 1.7106 	 3.4460 	 0.0000 	 630.5193 	 43.0000 	 0.1506 	 0.8162 	 0.6709 	 2.0000 	 0.7008 	 0.0000 	 0.1145 
42.0000 	 0.2894 	 0.0273 	 0.0152 	 8.0138 	 0.0171 	 0.0000 	 774.1058 	 42.0000 	 0.3548 	 0.8908 	 0.8963 	 9.0000 	 2.9592 	 0.0000 	 0.3032 
41.0000 	 0.0870 	 1.0000 	 0.0163 	 8.3466 	 0.0969 	 0.0000 	 786.8941 	 41.0000 	 0.7476 	 0.9350 	 0.6212 	 15.0000 	 2.5665 	 0.0000 	 0.1985 
43.0000 	 0.9739 	 0.1642 	 0.0090 	 24.0203 	 0.0038 	 0.0000 	 729.2188 	 43.0000 	 0.0004 	 0.1167 	 0.0668 	 13.0000 	 1.2858 	 0.0000 	 2.7475 
48.0000 	 0.2746 	 0.0011 	 0.0189 	 1.0992 	 0.0010 	 0.0000 	 238.6204 	 48.0000 	 0.7033 	 0.4100 	 0.3763 	 9.0000 	 1.3703 	 0.0000 	 0.9200 
42.0000 	 0.2897 	 0.0010 	 0.6847 	 1.2024 	 0.0297 	 0.0000 	 343.8665 	 42.0000 	 0.1320 	 0.7159 	 0.0902 	 15.0000 	 2.5863 	 0.0000 	 0.1471 
44.0000 	 0.9342 	 0.0065 	 1.0000 	 1.0113 	 0.0380 	 0.0000 	 268.3968 	 44.0000 	 0.9908 	 0.6065 	 0.1469 	 6.0000 	 0.5557 	 0.0000 	 1.0112 
44.0000 	 0.0221 	 0.0019 	 0.1875 	 5.1789 	 0.0641 	 0.0000 	 409.6064 	 44.0000 	 0.8898 	 0.5279 	 0.1310 	 2.0000 	 2.8470 	 0.0000 	 0.9477 
44.0000 	 0.2016 	 0.0176 	 0.0381 	 5.2714 	 0.0342 	 0.0000 	 781.3189 	 44.0000 	 0.0121 	 0.4086 	 0.9527 	 6.0000 	 2.8079 	 0.0000 	 0.2446 
40.0000 	 0.4512 	 0.0010 	 0.1349 	 1.1385 	 0.0075 	 0.0000 	 309.1458 	 40.0000 	 0.1587 	 0.7014 	 0.1529 	 5.0000 	 1.1738 	 0.0000 	 0.9266 
40.0000 	 0.0564 	 0.0139 	 0.0015 	 5.1437 	 0.0019 	 0.0000 	 770.1056 	 40.0000 	 0.5577 	 0.1866 	 0.0481 	 12.0000 	 1.1351 	 0.0000 	 0.2576 
44.0000 	 0.0331 	 0.0010 	 0.0222 	 9.9195 	 0.0092 	 0.0000 	 540.9795 	 44.0000 	 0.8549 	 0.3526 	 0.2922 	 13.0000 	 0.0446 	 0.0000 	 0.7418 
40.0000 	 0.1291 	 0.0010 	 0.0282 	 1.7559 	 0.0029 	 0.0000 	 519.6036 	 40.0000 	 0.2914 	 0.6639 	 0.4473 	 7.0000 	 0.4204 	 0.0000 	 0.3061 
41.0000 	 0.0238 	 0.0068 	 0.0234 	 1.5102 	 0.0095 	 0.0000 	 500.6943 	 41.0000 	 0.6660 	 0.1026 	 0.2554 	 1.0000 	 1.8672 	 0.0000 	 0.6763 
46.0000 	 0.1837 	 0.0239 	 0.0100 	 7.3300 	 0.0146 	 0.0000 	 772.9714 	 46.0000 	 0.9005 	 0.4533 	 0.0263 	 10.0000 	 2.9912 	 0.0000 	 0.2203 
42.0000 	 0.5676 	 0.2030 	 1.0000 	 1.0826 	 5.6685 	 0.0000 	 525.5235 	 42.0000 	 0.9606 	 0.7571 	 0.3220 	 11.0000 	 1.1608 	 0.0000 	 0.8570 
42.0000 	 0.2969 	 0.0010 	 0.3635 	 1.3644 	 0.0192 	 0.0000 	 188.6304 	 42.0000 	 0.1952 	 0.8798 	 0.2594 	 8.0000 	 1.5729 	 0.0000 	 0.9095 
38.0000 	 0.0332 	 0.0062 	 0.0206 	 1.1120 	 0.0050 	 0.0000 	 424.2062 	 38.0000 	 0.2962 	 0.5646 	 0.0870 	 15.0000 	 2.1336 	 0.0000 	 0.9989 
46.0000 	 0.2223 	 0.0689 	 0.0053 	 11.9034 	 0.0135 	 0.0000 	 771.6072 	 46.0000 	 0.2335 	 0.7412 	 0.3558 	 9.0000 	 0.4885 	 0.0000 	 0.2459 
38.0000 	 0.0297 	 0.0059 	 0.0464 	 1.7068 	 0.0141 	 0.0000 	 511.1640 	 38.0000 	 0.6904 	 0.3307 	 0.1732 	 3.0000 	 2.3070 	 0.0000 	 0.9797 
45.0000 	 0.4617 	 0.4640 	 0.0226 	 1.2086 	 0.0322 	 0.0000 	 777.9616 	 45.0000 	 0.1058 	 0.6454 	 0.6589 	 11.0000 	 0.5424 	 0.0000 	 0.3978 
46.0000 	 0.1441 	 0.0010 	 0.0703 	 1.5440 	 0.0049 	 0.0000 	 403.7832 	 46.0000 	 0.9297 	 0.0394 	 0.5352 	 7.0000 	 2.7003 	 0.0000 	 0.0960 
38.0000 	 0.0536 	 0.4193 	 0.0034 	 49.9820 	 0.0209 	 0.0000 	 777.0968 	 38.0000 	 0.9770 	 0.0680 	 0.5676 	 3.0000 	 2.4496 	 0.0000 	 0.1678 
40.0000 	 0.0140 	 0.0035 	 0.0032 	 4.7010 	 0.0020 	 0.0000 	 505.8077 	 40.0000 	 0.9903 	 0.6632 	 0.3019 	 11.0000 	 0.8546 	 0.0000 	 0.8597 
44.0000 	 0.4910 	 0.0740 	 1.0000 	 2.4886 	 7.9353 	 0.0000 	 524.6244 	 44.0000 	 0.7276 	 0.1547 	 0.1095 	 4.0000 	 1.4110 	 0.0000 	 0.4272 
42.0000 	 0.0247 	 0.0090 	 0.0013 	 1.8553 	 0.0010 	 0.0000 	 653.9850 	 42.0000 	 0.2327 	 0.4065 	 0.2973 	 7.0000 	 1.6138 	 0.0000 	 1.0401 
40.0000 	 0.5233 	 0.0165 	 0.0070 	 4.9923 	 0.0022 	 0.0000 	 792.5222 	 40.0000 	 0.4565 	 0.3352 	 0.6814 	 13.0000 	 2.8168 	 0.0000 	 0.2622 
42.0000 	 0.2474 	 0.0955 	 0.0693 	 1.0006 	 0.0622 	 0.0000 	 785.0959 	 42.0000 	 0.6088 	 0.1617 	 0.7547 	 9.0000 	 0.6511 	 0.0000 	 0.2937 
37.0000 	 0.0793 	 0.0445 	 0.0020 	 32.6025 	 0.0091 	 0.0000 	 769.4280 	 37.0000 	 0.8574 	 0.1356 	 0.4673 	 2.0000 	 2.9094 	 0.0000 	 0.2126 
40.0000 	 0.5537 	 0.0010 	 0.0925 	 1.3936 	 0.0024 	 0.0000 	 307.9617 	 40.0000 	 0.6534 	 0.0091 	 0.0944 	 5.0000 	 1.9338 	 0.0000 	 0.7485 
44.0000 	 0.1359 	 0.0423 	 1.0000 	 2.0174 	 2.9924 	 0.0000 	 587.2657 	 44.0000 	 0.0409 	 0.8282 	 0.2502 	 14.0000 	 2.9720 	 0.0000 	 0.7893 
37.0000 	 0.3081 	 0.1268 	 0.0130 	 2.5532 	 0.0160 	 0.0000 	 774.5080 	 37.0000 	 0.6230 	 0.0101 	 0.2768 	 5.0000 	 1.4977 	 0.0000 	 0.2585 
37.0000 	 0.0116 	 0.6469 	 0.0017 	 49.9814 	 0.0225 	 0.0000 	 781.1433 	 37.0000 	 0.6273 	 0.5978 	 0.0189 	 8.0000 	 1.3672 	 0.0000 	 0.1731 
39.0000 	 0.1296 	 0.0010 	 0.0331 	 2.4188 	 0.0019 	 0.0000 	 405.7103 	 39.0000 	 0.3327 	 0.0675 	 0.1526 	 7.0000 	 1.4211 	 0.0000 	 0.9921 
45.0000 	 0.0214 	 0.3090 	 0.0045 	 7.7327 	 0.0487 	 0.0000 	 784.8466 	 45.0000 	 0.4511 	 0.0459 	 0.9006 	 12.0000 	 1.3491 	 0.0000 	 0.1651 
36.0000 	 0.0237 	 0.0073 	 0.0172 	 1.0150 	 0.0128 	 0.0000 	 692.7087 	 36.0000 	 0.9117 	 0.5272 	 0.0756 	 12.0000 	 1.4555 	 0.0000 	 1.0046 
38.0000 	 0.1302 	 0.0024 	 0.1863 	 1.0000 	 0.0150 	 0.0000 	 298.5776 	 38.0000 	 0.9691 	 0.8632 	 0.0053 	 6.0000 	 0.9714 	 0.0000 	 0.7028 
36.0000 	 0.1629 	 0.0019 	 0.2706 	 1.0000 	 0.0172 	 0.0000 	 245.2651 	 36.0000 	 0.1049 	 0.5229 	 0.8052 	 12.0000 	 0.3005 	 0.0000 	 1.0066 
39.0000 	 0.0576 	 0.0164 	 0.0010 	 10.8849 	 0.0025 	 0.0000 	 768.9420 	 39.0000 	 0.4552 	 0.5622 	 0.7274 	 3.0000 	 2.2823 	 0.0000 	 0.2297 
35.0000 	 0.0663 	 0.0010 	 1.0000 	 5.5394 	 0.1657 	 0.0000 	 423.3807 	 35.0000 	 0.2547 	 0.7892 	 0.9920 	 1.0000 	 2.0914 	 0.0000 	 0.7926 
39.0000 	 0.0437 	 0.0018 	 0.7308 	 2.5101 	 0.1455 	 0.0000 	 409.9090 	 39.0000 	 0.0261 	 0.7301 	 0.9605 	 1.0000 	 0.2397 	 0.0000 	 0.9900 
36.0000 	 0.1148 	 0.0016 	 1.0000 	 2.7399 	 0.1260 	 0.0000 	 375.7217 	 36.0000 	 0.8934 	 0.9812 	 0.1053 	 15.0000 	 1.2375 	 0.0000 	 0.9964 
39.0000 	 0.1473 	 0.0159 	 0.0479 	 2.3792 	 0.0201 	 0.0000 	 786.3478 	 39.0000 	 0.8373 	 0.9767 	 0.8574 	 15.0000 	 2.6732 	 0.0000 	 0.5841 
33.0000 	 0.0692 	 0.0038 	 0.0286 	 1.4297 	 0.0039 	 0.0000 	 425.5483 	 33.0000 	 0.2688 	 0.5194 	 0.2459 	 14.0000 	 1.0548 	 0.0000 	 0.6981 
41.0000 	 0.2800 	 0.3872 	 0.0084 	 1.2632 	 0.0148 	 0.0000 	 773.1346 	 41.0000 	 0.4677 	 0.6488 	 0.6837 	 7.0000 	 1.8637 	 0.0000 	 0.2845 
43.0000 	 0.9796 	 0.0306 	 0.0751 	 11.9023 	 0.0058 	 0.0000 	 498.0590 	 43.0000 	 0.1026 	 0.7216 	 0.7076 	 7.0000 	 1.5974 	 0.0000 	 0.9772 
38.0000 	 0.0450 	 0.6210 	 0.0176 	 3.0268 	 0.1418 	 0.0000 	 792.2890 	 38.0000 	 0.8213 	 0.9587 	 0.6857 	 10.0000 	 2.6024 	 0.0000 	 0.2178 
46.0000 	 0.0440 	 0.0028 	 0.4000 	 1.6033 	 0.0753 	 0.0000 	 419.4241 	 46.0000 	 0.1078 	 0.8545 	 0.9318 	 13.0000 	 2.9328 	 0.0000 	 0.9956 
44.0000 	 0.0231 	 0.0545 	 0.0028 	 1.0197 	 0.0056 	 0.0000 	 754.6532 	 44.0000 	 0.7268 	 0.4529 	 0.3956 	 6.0000 	 1.1214 	 0.0000 	 0.1124 
39.0000 	 0.0561 	 0.0010 	 0.0107 	 4.5472 	 0.0018 	 0.0000 	 462.9671 	 39.0000 	 0.5621 	 0.3445 	 0.8395 	 8.0000 	 0.4600 	 0.0000 	 0.3960 
33.0000 	 0.0124 	 0.0095 	 0.0019 	 3.6137 	 0.0046 	 0.0000 	 704.1251 	 33.0000 	 0.7944 	 0.6741 	 0.8169 	 10.0000 	 2.5716 	 0.0000 	 0.1801 
32.0000 	 0.7182 	 0.9921 	 0.2844 	 2.5222 	 0.9954 	 0.0000 	 778.6395 	 32.0000 	 0.4749 	 0.9463 	 0.6526 	 11.0000 	 1.0746 	 0.0000 	 0.1871 
34.0000 	 0.0162 	 0.0163 	 0.0303 	 1.3684 	 0.0235 	 0.0000 	 628.9619 	 34.0000 	 0.8948 	 0.9142 	 0.6351 	 13.0000 	 2.8338 	 0.0000 	 0.7039 
39.0000 	 0.0163 	 0.0030 	 0.0052 	 5.8365 	 0.0028 	 0.0000 	 548.9758 	 39.0000 	 0.8597 	 0.6843 	 0.8457 	 5.0000 	 0.1582 	 0.0000 	 0.9396 
36.0000 	 0.2540 	 0.0017 	 0.0880 	 1.0014 	 0.0046 	 0.0000 	 263.5467 	 36.0000 	 0.3209 	 0.9495 	 0.9720 	 14.0000 	 2.0739 	 0.0000 	 0.7827 
35.0000 	 0.0377 	 0.0071 	 0.0071 	 1.0000 	 0.0018 	 0.0000 	 491.5499 	 35.0000 	 0.2174 	 0.7939 	 0.1195 	 12.0000 	 0.1086 	 0.0000 	 0.1262 
37.0000 	 0.9475 	 0.0135 	 0.0399 	 1.0314 	 0.0018 	 0.0000 	 380.8031 	 37.0000 	 0.2119 	 0.7215 	 0.5130 	 10.0000 	 0.9772 	 0.0000 	 0.4718 
45.0000 	 0.3348 	 0.0768 	 0.0175 	 4.2024 	 0.0234 	 0.0000 	 775.1799 	 45.0000 	 0.3413 	 0.5253 	 0.5323 	 3.0000 	 2.5470 	 0.0000 	 0.2537 
32.0000 	 0.2691 	 0.0215 	 0.0148 	 2.2525 	 0.0052 	 0.0000 	 791.9278 	 32.0000 	 0.2642 	 0.1889 	 0.7008 	 7.0000 	 1.1743 	 0.0000 	 0.5640 
41.0000 	 0.1628 	 0.5870 	 0.0104 	 1.4969 	 0.0351 	 0.0000 	 777.3361 	 41.0000 	 0.0299 	 0.2377 	 0.3345 	 12.0000 	 0.3749 	 0.0000 	 0.1854 
41.0000 	 0.1534 	 0.0013 	 0.0279 	 1.0000 	 0.0018 	 0.0000 	 284.5296 	 41.0000 	 0.0260 	 0.5670 	 0.3607 	 12.0000 	 2.5463 	 0.0000 	 1.0312 
