48.0000 	 2.2447 	 12.7637 	 5.9863 	 0.0000 	 10.8496 	 788.0012 	 48.0000 	 1.4279 	 9.3828 	 -1.9476 	 0.0000 	 4.8343 	 0.9928 
49.0000 	 1.9247 	 13.0713 	 -4.4043 	 0.0000 	 5.4932 	 1492.0737 	 49.0000 	 1.9262 	 13.0706 	 -4.3997 	 0.0000 	 5.4939 	 0.1114 
49.0000 	 1.7375 	 13.5364 	 3.3765 	 0.0000 	 4.8178 	 872.5074 	 49.0000 	 1.5349 	 12.6329 	 2.0511 	 0.0000 	 4.6949 	 0.9864 
50.0000 	 2.3568 	 9.4434 	 6.2695 	 0.0000 	 10.1318 	 889.1650 	 50.0000 	 2.1937 	 7.7448 	 -3.9568 	 0.0000 	 8.7156 	 0.8271 
50.0000 	 2.5256 	 18.0835 	 -0.1005 	 0.0000 	 11.4872 	 854.4101 	 50.0000 	 2.4712 	 17.9859 	 -1.2139 	 0.0000 	 6.4067 	 0.9775 
49.0000 	 2.4398 	 13.1696 	 9.2285 	 0.0000 	 0.2054 	 775.6551 	 49.0000 	 1.6302 	 18.5152 	 2.9487 	 0.0000 	 8.0118 	 0.2794 
50.0000 	 2.3198 	 14.6170 	 6.1145 	 0.0000 	 4.0860 	 795.5623 	 50.0000 	 2.5330 	 7.8351 	 -3.1254 	 0.0000 	 5.3331 	 0.9928 
49.0000 	 2.4555 	 12.7673 	 9.1211 	 0.0000 	 0.0000 	 776.5605 	 49.0000 	 0.3477 	 6.2772 	 -0.6729 	 0.0000 	 2.1914 	 0.4170 
50.0000 	 2.0682 	 13.1689 	 -13.7486 	 0.0000 	 9.4426 	 946.3281 	 50.0000 	 2.0701 	 13.1682 	 -3.9105 	 0.0000 	 9.4449 	 0.9701 
50.0000 	 2.3750 	 10.3015 	 4.7251 	 0.0000 	 3.7839 	 851.2698 	 50.0000 	 2.3530 	 19.3554 	 2.7384 	 0.0000 	 5.6631 	 0.9941 
49.0000 	 2.1842 	 13.9893 	 13.4375 	 0.0000 	 13.4082 	 792.1631 	 49.0000 	 1.9159 	 7.1757 	 -4.9111 	 0.0000 	 7.6868 	 0.9925 
49.0000 	 1.9579 	 9.4312 	 10.3955 	 0.0000 	 5.2515 	 908.1160 	 49.0000 	 1.9406 	 4.1632 	 1.1534 	 0.0000 	 0.3539 	 0.9895 
50.0000 	 2.6540 	 13.7061 	 10.7323 	 0.0000 	 7.4219 	 784.9891 	 50.0000 	 0.4419 	 8.3405 	 -1.4586 	 0.0000 	 0.9777 	 0.9935 
50.0000 	 2.5875 	 12.9109 	 8.3054 	 0.0000 	 1.7284 	 787.4465 	 50.0000 	 0.3934 	 18.7958 	 -0.0787 	 0.0000 	 3.6521 	 0.8582 
49.0000 	 1.8396 	 12.2884 	 6.3133 	 0.0000 	 8.8937 	 831.5706 	 49.0000 	 2.2042 	 10.2359 	 -3.9007 	 0.0000 	 3.0308 	 0.9953 
50.0000 	 2.2826 	 14.2849 	 9.6753 	 0.0000 	 0.8440 	 811.9836 	 50.0000 	 1.7616 	 6.9541 	 -3.7210 	 0.0000 	 9.9402 	 3.3535 
50.0000 	 2.5450 	 12.7674 	 9.2624 	 0.0000 	 0.1542 	 777.1543 	 50.0000 	 1.4499 	 16.7161 	 2.6563 	 0.0000 	 9.9825 	 0.4405 
49.0000 	 3.0151 	 11.5174 	 -2.7353 	 0.0000 	 14.8941 	 876.6648 	 49.0000 	 0.4007 	 13.8468 	 3.9122 	 0.0000 	 2.5770 	 1.4574 
48.0000 	 2.2218 	 12.4353 	 -0.4211 	 0.0000 	 11.1816 	 787.6534 	 48.0000 	 1.1326 	 14.8793 	 -4.9897 	 0.0000 	 5.2942 	 0.9956 
50.0000 	 2.5979 	 14.7168 	 11.5869 	 0.0000 	 3.9014 	 790.9026 	 50.0000 	 1.8381 	 14.4060 	 -3.0184 	 0.0000 	 3.2741 	 1.0072 
47.0000 	 2.0521 	 8.3020 	 1.3037 	 0.0000 	 5.8569 	 952.5835 	 47.0000 	 2.3114 	 17.5214 	 3.3224 	 0.0000 	 1.6851 	 0.9986 
48.0000 	 1.9562 	 10.4309 	 1.5625 	 0.0000 	 7.4133 	 880.1763 	 48.0000 	 0.6071 	 19.8903 	 1.4636 	 0.0000 	 5.9747 	 0.9872 
46.0000 	 2.4133 	 14.5993 	 5.7953 	 0.0000 	 2.8119 	 791.6207 	 46.0000 	 1.4891 	 14.4959 	 0.6067 	 0.0000 	 2.2364 	 0.9869 
49.0000 	 2.3000 	 13.9060 	 8.1942 	 0.0000 	 1.3214 	 783.2545 	 49.0000 	 0.7776 	 10.5804 	 3.3178 	 0.0000 	 4.6419 	 0.9915 
47.0000 	 3.1379 	 5.8984 	 -5.9863 	 0.0000 	 7.9492 	 1182.5525 	 47.0000 	 1.9200 	 10.4294 	 -4.9665 	 0.0000 	 8.3300 	 0.9890 
42.0000 	 2.4015 	 12.7783 	 9.3457 	 0.0000 	 0.1831 	 777.8897 	 42.0000 	 0.9678 	 17.8482 	 -4.6235 	 0.0000 	 0.3529 	 0.2578 
47.0000 	 2.1917 	 11.9849 	 8.9575 	 0.0000 	 1.3428 	 882.7737 	 47.0000 	 1.5489 	 6.8543 	 -0.4314 	 0.0000 	 2.1501 	 0.1120 
47.0000 	 1.9968 	 7.7721 	 7.1313 	 0.0000 	 6.3793 	 976.0272 	 47.0000 	 2.0614 	 2.6683 	 -3.0968 	 0.0000 	 9.9041 	 1.0014 
47.0000 	 3.2539 	 20.6469 	 14.7975 	 0.0000 	 0.4022 	 817.5704 	 47.0000 	 0.1034 	 6.0213 	 -4.6552 	 0.0000 	 3.5058 	 0.4686 
47.0000 	 2.0750 	 11.4551 	 5.5005 	 0.0000 	 1.7432 	 931.2570 	 47.0000 	 2.2429 	 0.7730 	 1.9384 	 0.0000 	 0.5384 	 0.8478 
47.0000 	 2.7753 	 13.1525 	 12.6175 	 0.0000 	 7.5763 	 789.9931 	 47.0000 	 1.0839 	 14.0304 	 -2.2582 	 0.0000 	 0.5538 	 0.9959 
47.0000 	 2.6001 	 13.3691 	 11.0156 	 0.0000 	 2.6709 	 794.3709 	 47.0000 	 1.6185 	 17.3147 	 -0.9260 	 0.0000 	 3.1731 	 0.9883 
47.0000 	 2.9411 	 12.4466 	 8.8457 	 0.0000 	 7.2446 	 809.1515 	 47.0000 	 2.4607 	 12.3156 	 1.2117 	 0.0000 	 2.3785 	 0.9762 
43.0000 	 2.1545 	 9.9463 	 -4.8633 	 0.0000 	 12.6709 	 857.0477 	 43.0000 	 2.1510 	 9.9453 	 -4.8595 	 0.0000 	 7.6715 	 1.1235 
44.0000 	 1.9646 	 14.6289 	 7.7637 	 0.0000 	 2.2607 	 937.5121 	 44.0000 	 1.6058 	 6.4545 	 0.4834 	 0.0000 	 2.4158 	 0.1065 
41.0000 	 1.3017 	 5.8078 	 5.0903 	 0.0000 	 12.1524 	 1263.2776 	 41.0000 	 2.0163 	 1.7176 	 0.6437 	 0.0000 	 5.5931 	 0.9927 
46.0000 	 3.2375 	 16.9491 	 14.4391 	 0.0000 	 8.0949 	 814.5206 	 46.0000 	 1.2086 	 16.8643 	 3.3056 	 0.0000 	 1.2307 	 0.9892 
46.0000 	 1.8037 	 9.9756 	 6.8262 	 0.0000 	 5.0732 	 898.5209 	 46.0000 	 1.8223 	 12.2479 	 4.6708 	 0.0000 	 7.9984 	 1.0094 
43.0000 	 1.8792 	 9.2822 	 -9.5605 	 0.0000 	 11.4355 	 945.0233 	 43.0000 	 2.2780 	 8.8582 	 -1.0370 	 0.0000 	 2.3242 	 0.9926 
45.0000 	 1.9002 	 11.6235 	 6.5698 	 0.0000 	 1.3525 	 822.5396 	 45.0000 	 0.9702 	 0.7391 	 1.8896 	 0.0000 	 4.8003 	 0.9941 
43.0000 	 1.6335 	 11.4014 	 12.1973 	 0.0000 	 7.8711 	 856.9255 	 43.0000 	 0.1838 	 19.3131 	 -1.0689 	 0.0000 	 8.1757 	 0.9960 
44.0000 	 2.0609 	 14.8926 	 0.9473 	 0.0000 	 8.1250 	 796.4040 	 44.0000 	 2.0584 	 9.8924 	 0.9501 	 0.0000 	 4.3772 	 0.9929 
43.0000 	 2.3974 	 7.5854 	 6.3574 	 0.0000 	 1.4038 	 991.1308 	 43.0000 	 0.0016 	 7.4960 	 -0.7028 	 0.0000 	 4.4582 	 0.5166 
44.0000 	 2.1907 	 15.6362 	 7.8540 	 0.0000 	 2.9555 	 798.4846 	 44.0000 	 0.8645 	 14.8996 	 1.6883 	 0.0000 	 8.3024 	 0.9894 
44.0000 	 1.9759 	 9.1902 	 9.0259 	 0.0000 	 14.6447 	 896.4557 	 44.0000 	 1.0321 	 4.1357 	 -0.6077 	 0.0000 	 0.7485 	 0.9947 
44.0000 	 2.4957 	 11.4209 	 1.3965 	 0.0000 	 12.0898 	 864.1773 	 44.0000 	 1.9397 	 10.5526 	 -3.6545 	 0.0000 	 7.9339 	 0.9774 
43.0000 	 1.7392 	 18.9831 	 10.5311 	 0.0000 	 10.3833 	 836.9955 	 43.0000 	 1.7377 	 18.4121 	 0.5128 	 0.0000 	 9.8561 	 0.9981 
44.0000 	 2.2910 	 14.8783 	 2.5421 	 0.0000 	 6.2280 	 794.8456 	 44.0000 	 1.0337 	 9.4317 	 4.1436 	 0.0000 	 2.9801 	 0.7623 
43.0000 	 1.9182 	 10.2246 	 8.5352 	 0.0000 	 9.8535 	 866.4387 	 43.0000 	 0.6354 	 3.0857 	 1.3879 	 0.0000 	 3.6813 	 0.9957 
43.0000 	 2.1380 	 12.8955 	 8.0969 	 0.0000 	 6.8420 	 785.8113 	 43.0000 	 0.1375 	 13.5465 	 4.5476 	 0.0000 	 0.6529 	 0.9926 
43.0000 	 2.8982 	 15.9033 	 4.2865 	 0.0000 	 13.8184 	 807.1050 	 43.0000 	 2.5852 	 14.2183 	 0.3131 	 0.0000 	 5.3952 	 0.9965 
40.0000 	 1.6787 	 13.2373 	 2.4413 	 0.0000 	 5.6348 	 815.4621 	 40.0000 	 0.8886 	 4.5165 	 -1.1825 	 0.0000 	 0.5163 	 0.9971 
44.0000 	 2.3037 	 10.4419 	 5.3418 	 0.0000 	 8.6962 	 822.1272 	 44.0000 	 2.8491 	 18.8359 	 -1.9290 	 0.0000 	 9.1911 	 0.9933 
44.0000 	 2.4632 	 12.9233 	 9.3078 	 0.0000 	 1.1073 	 778.6417 	 44.0000 	 2.2785 	 7.3240 	 3.6669 	 0.0000 	 6.0228 	 0.9923 
39.0000 	 2.3013 	 12.5107 	 10.1804 	 0.0000 	 1.5802 	 785.2666 	 39.0000 	 1.1887 	 6.1039 	 0.9231 	 0.0000 	 1.8760 	 0.9954 
42.0000 	 2.2433 	 13.0896 	 6.6821 	 0.0000 	 1.8872 	 784.0844 	 42.0000 	 1.1618 	 1.4984 	 -0.4107 	 0.0000 	 4.6456 	 0.9532 
40.0000 	 2.2679 	 21.4258 	 6.0742 	 0.0000 	 6.1084 	 861.9168 	 40.0000 	 0.4927 	 12.4349 	 0.5586 	 0.0000 	 4.4206 	 0.9928 
39.0000 	 2.1108 	 11.6965 	 4.1089 	 0.0000 	 5.7889 	 779.0700 	 39.0000 	 0.4902 	 10.5787 	 -0.1942 	 0.0000 	 2.2307 	 0.9945 
43.0000 	 2.4526 	 12.6566 	 9.3459 	 0.0000 	 3.8235 	 777.6626 	 43.0000 	 2.6272 	 0.0315 	 -0.7420 	 0.0000 	 1.5284 	 1.0021 
40.0000 	 2.2805 	 5.6567 	 5.4132 	 0.0000 	 3.3203 	 1077.6682 	 40.0000 	 2.7080 	 5.6005 	 4.1255 	 0.0000 	 3.1845 	 0.9928 
44.0000 	 2.3712 	 13.3681 	 9.4988 	 0.0000 	 0.0213 	 776.6522 	 44.0000 	 2.6101 	 3.3807 	 -3.2957 	 0.0000 	 1.2006 	 0.0757 
44.0000 	 2.1467 	 13.1516 	 2.6830 	 0.0000 	 9.0702 	 778.0638 	 44.0000 	 0.3855 	 17.1393 	 -1.6644 	 0.0000 	 5.7121 	 0.9177 
39.0000 	 1.9895 	 7.0556 	 -2.5559 	 0.0000 	 11.6425 	 996.4286 	 39.0000 	 0.4140 	 8.0065 	 3.6780 	 0.0000 	 3.2971 	 1.0026 
40.0000 	 2.3811 	 17.6123 	 6.9043 	 0.0000 	 2.0898 	 825.7650 	 40.0000 	 0.5131 	 19.6958 	 -3.4441 	 0.0000 	 4.5544 	 0.9921 
39.0000 	 2.0283 	 8.2217 	 7.3253 	 0.0000 	 5.3922 	 927.2389 	 39.0000 	 0.2624 	 2.4891 	 -2.3128 	 0.0000 	 1.7728 	 0.9653 
39.0000 	 1.5102 	 14.2527 	 6.6837 	 0.0000 	 5.9587 	 859.0588 	 39.0000 	 0.2585 	 10.7890 	 0.3881 	 0.0000 	 1.3777 	 1.0034 
39.0000 	 2.1825 	 15.1190 	 9.3787 	 0.0000 	 12.3890 	 798.2118 	 39.0000 	 2.1901 	 14.8331 	 -1.8508 	 0.0000 	 7.4390 	 0.9951 
36.0000 	 2.2011 	 11.2964 	 -4.4189 	 0.0000 	 9.3481 	 843.4575 	 36.0000 	 1.9090 	 17.6116 	 0.5067 	 0.0000 	 0.7304 	 0.9656 
39.0000 	 2.3149 	 19.1113 	 12.8418 	 0.0000 	 0.6982 	 834.1856 	 39.0000 	 0.0399 	 5.3397 	 -1.3870 	 0.0000 	 4.5734 	 0.6266 
40.0000 	 1.6141 	 12.1472 	 0.3882 	 0.0000 	 10.7129 	 837.0912 	 40.0000 	 1.5099 	 6.9994 	 -1.9441 	 0.0000 	 7.0387 	 1.0074 
40.0000 	 2.3380 	 13.0785 	 5.4998 	 0.0000 	 9.6934 	 782.2923 	 40.0000 	 2.2868 	 7.5056 	 4.3155 	 0.0000 	 4.2057 	 0.9557 
40.0000 	 2.1454 	 12.0972 	 8.6304 	 0.0000 	 0.4932 	 774.5265 	 40.0000 	 0.1548 	 1.1193 	 -0.8803 	 0.0000 	 9.3987 	 0.6813 
38.0000 	 1.7416 	 9.4861 	 0.9033 	 0.0000 	 4.7815 	 887.1749 	 38.0000 	 1.3533 	 2.5611 	 -2.0405 	 0.0000 	 8.8948 	 0.9973 
39.0000 	 1.9247 	 9.0967 	 2.6855 	 0.0000 	 6.6211 	 890.5475 	 39.0000 	 2.3632 	 2.5895 	 -4.4735 	 0.0000 	 0.5767 	 0.9211 
38.0000 	 1.6186 	 18.5544 	 -0.6042 	 0.0000 	 13.6194 	 945.5703 	 38.0000 	 1.6066 	 13.5677 	 -0.6335 	 0.0000 	 8.9691 	 0.7057 
40.0000 	 2.3872 	 13.3105 	 4.3359 	 0.0000 	 3.2178 	 784.5129 	 40.0000 	 2.3883 	 18.3127 	 4.3311 	 0.0000 	 3.2178 	 0.9953 
36.0000 	 1.8841 	 13.2159 	 3.0352 	 0.0000 	 13.4495 	 787.4986 	 36.0000 	 0.2292 	 15.7560 	 -2.2188 	 0.0000 	 5.9349 	 0.9976 
40.0000 	 1.8877 	 11.2094 	 5.9845 	 0.0000 	 1.9754 	 799.4141 	 40.0000 	 1.9480 	 15.6797 	 -2.2233 	 0.0000 	 1.8226 	 0.9934 
36.0000 	 1.2992 	 6.7383 	 -5.5859 	 0.0000 	 8.4180 	 1163.5664 	 36.0000 	 2.0740 	 4.5696 	 1.9315 	 0.0000 	 1.8172 	 0.9896 
38.0000 	 2.7484 	 17.8405 	 4.2922 	 0.0000 	 5.9551 	 810.5553 	 38.0000 	 1.5978 	 15.0925 	 -4.7402 	 0.0000 	 7.1724 	 0.9977 
39.0000 	 2.5561 	 9.1895 	 -7.5195 	 0.0000 	 13.1934 	 959.8965 	 39.0000 	 0.0150 	 10.4012 	 4.8560 	 0.0000 	 6.9325 	 0.9917 
36.0000 	 2.2991 	 15.4254 	 9.4406 	 0.0000 	 7.3012 	 798.9360 	 36.0000 	 0.6993 	 14.1805 	 3.8585 	 0.0000 	 5.6707 	 1.0000 
39.0000 	 1.9921 	 11.0886 	 9.3533 	 0.0000 	 9.3060 	 792.0723 	 39.0000 	 0.2469 	 18.0949 	 -3.5646 	 0.0000 	 3.4279 	 0.9510 
33.0000 	 2.2181 	 10.6555 	 3.8525 	 0.0000 	 2.1558 	 858.1295 	 33.0000 	 2.7959 	 11.8714 	 -2.8192 	 0.0000 	 7.2497 	 0.9833 
35.0000 	 1.6731 	 14.3262 	 1.1133 	 0.0000 	 6.6895 	 836.0919 	 35.0000 	 0.4269 	 6.4822 	 -1.0450 	 0.0000 	 3.3859 	 0.9929 
38.0000 	 2.1601 	 12.0541 	 9.8755 	 0.0000 	 5.2011 	 776.1933 	 38.0000 	 0.4077 	 11.4947 	 0.5843 	 0.0000 	 9.0687 	 0.9454 
38.0000 	 1.8221 	 17.0994 	 1.9741 	 0.0000 	 7.0914 	 817.7241 	 38.0000 	 2.7002 	 7.3893 	 -0.0341 	 0.0000 	 6.3676 	 0.9928 
36.0000 	 2.5912 	 14.0693 	 10.2118 	 0.0000 	 8.3850 	 803.9544 	 36.0000 	 0.2550 	 8.4534 	 -0.4592 	 0.0000 	 5.8087 	 0.9985 
33.0000 	 2.0122 	 13.8916 	 1.5723 	 0.0000 	 5.0977 	 784.1718 	 33.0000 	 1.3037 	 9.4495 	 2.9407 	 0.0000 	 7.8598 	 0.9966 
38.0000 	 1.9579 	 13.7451 	 1.9629 	 0.0000 	 5.5713 	 787.2092 	 38.0000 	 0.4377 	 17.7076 	 -1.8707 	 0.0000 	 6.1329 	 0.9919 
36.0000 	 1.5566 	 9.4695 	 8.9984 	 0.0000 	 2.6657 	 909.5772 	 36.0000 	 0.6066 	 8.4182 	 -0.1643 	 0.0000 	 4.3568 	 1.0025 
17.0000 	 1.4630 	 16.4368 	 3.1470 	 0.0000 	 10.0915 	 813.8220 	 17.0000 	 1.4454 	 9.3368 	 -3.9804 	 0.0000 	 8.3715 	 1.0103 
37.0000 	 1.8504 	 13.4695 	 5.9220 	 0.0000 	 3.0069 	 786.3403 	 37.0000 	 0.8741 	 5.6042 	 4.0271 	 0.0000 	 3.0832 	 0.9993 
38.0000 	 1.9646 	 17.3260 	 6.5211 	 0.0000 	 3.3651 	 815.0698 	 38.0000 	 1.0069 	 3.6793 	 2.7876 	 0.0000 	 5.9136 	 1.0000 
38.0000 	 2.1257 	 12.7060 	 9.3551 	 0.0000 	 0.2821 	 778.4457 	 38.0000 	 0.4471 	 3.8979 	 -0.1289 	 0.0000 	 2.2554 	 0.5940 
36.0000 	 1.6224 	 11.2061 	 6.9238 	 0.0000 	 3.3056 	 819.0407 	 36.0000 	 0.1442 	 15.9637 	 -0.0325 	 0.0000 	 6.3583 	 0.9985 
35.0000 	 1.7696 	 15.7762 	 2.7063 	 0.0000 	 7.8068 	 802.0207 	 35.0000 	 1.2391 	 16.1239 	 3.6715 	 0.0000 	 2.7688 	 0.9974 
35.0000 	 2.6883 	 8.6792 	 -5.7153 	 0.0000 	 10.4663 	 1444.1301 	 35.0000 	 0.8700 	 7.5691 	 -0.4992 	 0.0000 	 7.7959 	 0.2828 
36.0000 	 2.3467 	 15.0032 	 1.5650 	 0.0000 	 15.3805 	 796.7237 	 36.0000 	 2.1813 	 17.9075 	 0.7548 	 0.0000 	 7.8492 	 0.9933 
38.0000 	 1.3261 	 5.7520 	 15.6055 	 0.0000 	 7.2559 	 1663.1712 	 38.0000 	 2.7344 	 3.4373 	 4.5620 	 0.0000 	 6.3826 	 0.0969 
36.0000 	 2.3328 	 13.5156 	 7.9393 	 0.0000 	 5.9863 	 786.8114 	 36.0000 	 2.5708 	 11.2229 	 1.7824 	 0.0000 	 2.5765 	 1.0074 
35.0000 	 1.7872 	 8.5626 	 -1.7546 	 0.0000 	 11.5999 	 951.1386 	 35.0000 	 0.5499 	 3.2062 	 2.8830 	 0.0000 	 0.0495 	 0.9158 
38.0000 	 1.9313 	 17.7148 	 3.8669 	 0.0000 	 8.5351 	 819.0867 	 38.0000 	 2.8986 	 12.4147 	 -1.1678 	 0.0000 	 5.6503 	 0.8379 
31.0000 	 1.3804 	 7.1204 	 -2.0728 	 0.0000 	 8.2410 	 1105.7261 	 31.0000 	 0.7885 	 19.2759 	 2.0712 	 0.0000 	 0.2936 	 0.9186 
33.0000 	 2.3447 	 19.5542 	 6.1064 	 0.0000 	 10.0809 	 800.5661 	 33.0000 	 1.2488 	 18.2898 	 4.4737 	 0.0000 	 2.4404 	 0.9704 
33.0000 	 1.7914 	 6.8311 	 -1.3745 	 0.0000 	 7.0203 	 1007.9204 	 33.0000 	 1.3169 	 2.4311 	 -2.4255 	 0.0000 	 5.7818 	 0.9972 
33.0000 	 1.1725 	 13.7402 	 17.1289 	 0.0000 	 8.0566 	 977.4016 	 33.0000 	 0.5693 	 14.8537 	 0.2474 	 0.0000 	 9.0759 	 1.0019 
35.0000 	 2.6962 	 25.3157 	 2.3651 	 0.0000 	 7.4974 	 868.1974 	 35.0000 	 2.4309 	 18.3963 	 2.1965 	 0.0000 	 7.9439 	 0.9985 
32.0000 	 1.2555 	 9.5799 	 9.1992 	 0.0000 	 4.6826 	 991.8484 	 32.0000 	 0.4442 	 6.3032 	 3.2006 	 0.0000 	 4.7643 	 0.9947 
31.0000 	 1.8772 	 13.4363 	 1.0645 	 0.0000 	 5.0745 	 783.7638 	 31.0000 	 1.5397 	 12.8168 	 3.1380 	 0.0000 	 5.0683 	 0.9956 
35.0000 	 2.5300 	 12.1924 	 13.9746 	 0.0000 	 6.0303 	 810.0590 	 35.0000 	 0.8394 	 3.2189 	 4.9323 	 0.0000 	 3.7352 	 0.9971 
31.0000 	 1.5759 	 18.7568 	 7.4001 	 0.0000 	 4.9737 	 829.0109 	 31.0000 	 0.8922 	 12.1719 	 -2.4471 	 0.0000 	 0.8467 	 0.9712 
33.0000 	 2.5468 	 11.2936 	 1.4837 	 0.0000 	 16.6027 	 914.5216 	 33.0000 	 1.0644 	 14.9774 	 -3.8296 	 0.0000 	 0.9535 	 0.9925 
33.0000 	 2.2215 	 15.4170 	 11.8901 	 0.0000 	 2.9764 	 800.6738 	 33.0000 	 1.9607 	 15.7805 	 -2.9244 	 0.0000 	 5.4330 	 0.7090 
28.0000 	 1.5895 	 12.0946 	 6.9722 	 0.0000 	 1.7245 	 839.2434 	 28.0000 	 1.9875 	 12.9572 	 -3.2288 	 0.0000 	 2.1084 	 0.8711 
35.0000 	 1.9766 	 9.4495 	 6.0009 	 0.0000 	 3.3345 	 878.9982 	 35.0000 	 1.2641 	 6.8141 	 -3.3709 	 0.0000 	 0.0006 	 0.9934 
33.0000 	 1.8718 	 10.0034 	 6.9099 	 0.0000 	 2.1040 	 949.5785 	 33.0000 	 1.4818 	 16.7090 	 -4.9232 	 0.0000 	 5.3420 	 0.7613 
33.0000 	 1.8541 	 17.1606 	 5.2386 	 0.0000 	 8.1549 	 815.5503 	 33.0000 	 0.8477 	 13.2155 	 4.1805 	 0.0000 	 3.7212 	 0.9899 
32.0000 	 1.8343 	 4.1820 	 1.2382 	 0.0000 	 5.2304 	 1159.8396 	 32.0000 	 0.9160 	 4.6659 	 -4.7017 	 0.0000 	 4.2215 	 1.0006 
35.0000 	 1.6419 	 12.1582 	 3.9038 	 0.0000 	 3.2471 	 806.3616 	 35.0000 	 0.8123 	 0.4626 	 1.2460 	 0.0000 	 4.3564 	 0.9929 
33.0000 	 1.6874 	 10.3577 	 4.0332 	 0.0000 	 4.6533 	 843.9443 	 33.0000 	 0.6366 	 3.5361 	 -0.8356 	 0.0000 	 3.4847 	 1.0004 
27.0000 	 1.7476 	 13.1055 	 13.4937 	 0.0000 	 6.0193 	 780.6346 	 27.0000 	 2.3604 	 15.1030 	 -2.3326 	 0.0000 	 1.1735 	 0.9997 
28.0000 	 1.5100 	 8.9343 	 -1.8872 	 0.0000 	 6.8799 	 938.6432 	 28.0000 	 0.5725 	 7.9982 	 -0.6010 	 0.0000 	 4.6385 	 0.9949 
31.0000 	 1.9247 	 12.5684 	 9.2969 	 0.0000 	 0.0000 	 775.6700 	 31.0000 	 2.8214 	 12.0071 	 -0.4135 	 0.0000 	 8.5683 	 0.3414 
31.0000 	 1.9713 	 13.7372 	 7.7185 	 0.0000 	 2.0602 	 782.8858 	 31.0000 	 2.5924 	 15.5186 	 2.0023 	 0.0000 	 8.4953 	 0.9929 
30.0000 	 1.8760 	 13.2922 	 9.3994 	 0.0000 	 2.7722 	 775.1736 	 30.0000 	 0.4204 	 2.5996 	 -3.5630 	 0.0000 	 7.4875 	 1.0060 
32.0000 	 2.2162 	 12.8467 	 12.0728 	 0.0000 	 2.3169 	 786.9361 	 32.0000 	 1.8532 	 0.0464 	 3.8481 	 0.0000 	 4.6897 	 0.9928 
35.0000 	 2.1239 	 12.8973 	 9.5728 	 0.0000 	 1.9992 	 786.1316 	 35.0000 	 1.5181 	 11.7831 	 1.2687 	 0.0000 	 2.4722 	 0.9897 
30.0000 	 1.8371 	 12.4692 	 7.6288 	 0.0000 	 4.7757 	 776.1274 	 30.0000 	 1.8948 	 8.4578 	 4.3858 	 0.0000 	 4.3706 	 0.9951 
24.0000 	 1.8899 	 15.3880 	 5.5537 	 0.0000 	 3.3699 	 822.8009 	 24.0000 	 2.8696 	 13.4426 	 -2.7115 	 0.0000 	 0.7454 	 0.9784 
31.0000 	 2.0541 	 7.7474 	 4.7563 	 0.0000 	 1.3111 	 989.5548 	 31.0000 	 0.0606 	 5.2665 	 -0.1607 	 0.0000 	 1.1057 	 0.9923 
32.0000 	 1.8736 	 13.5912 	 8.0244 	 0.0000 	 2.0015 	 779.3426 	 32.0000 	 2.7354 	 13.0058 	 0.0976 	 0.0000 	 2.8054 	 0.9931 
25.0000 	 1.7515 	 12.9083 	 9.5184 	 0.0000 	 0.1865 	 778.0863 	 25.0000 	 2.7766 	 2.0642 	 -0.5491 	 0.0000 	 3.4363 	 0.2439 
28.0000 	 1.7201 	 12.1100 	 7.7641 	 0.0000 	 3.1979 	 774.7841 	 28.0000 	 0.8308 	 17.0183 	 0.9810 	 0.0000 	 7.4472 	 0.9962 
32.0000 	 1.6284 	 12.5931 	 9.1615 	 0.0000 	 2.4951 	 791.4992 	 32.0000 	 2.8103 	 2.3574 	 1.9641 	 0.0000 	 6.7791 	 0.9934 
32.0000 	 1.9579 	 14.4385 	 7.1973 	 0.0000 	 2.5000 	 803.0306 	 32.0000 	 0.4998 	 14.3627 	 -0.2706 	 0.0000 	 5.2299 	 0.8886 
32.0000 	 1.6503 	 13.7598 	 5.0977 	 0.0000 	 9.7656 	 824.0065 	 32.0000 	 0.4539 	 2.9526 	 -2.1969 	 0.0000 	 3.5588 	 0.6844 
31.0000 	 1.9313 	 10.2150 	 3.8672 	 0.0000 	 13.5348 	 850.7707 	 31.0000 	 1.0337 	 1.3226 	 -1.4450 	 0.0000 	 1.5818 	 1.0006 
29.0000 	 1.5365 	 7.8918 	 8.1763 	 0.0000 	 11.9745 	 998.6601 	 29.0000 	 2.6519 	 10.5155 	 -3.3355 	 0.0000 	 2.2032 	 0.9986 
29.0000 	 1.7834 	 8.5559 	 3.3344 	 0.0000 	 5.0845 	 926.9807 	 29.0000 	 1.8968 	 3.5311 	 2.0664 	 0.0000 	 6.8173 	 0.9968 
29.0000 	 1.8728 	 9.2773 	 3.4863 	 0.0000 	 5.8154 	 886.2171 	 29.0000 	 1.8307 	 3.1847 	 -4.3581 	 0.0000 	 2.5240 	 1.0121 
29.0000 	 1.7552 	 14.4170 	 6.6397 	 0.0000 	 7.6427 	 792.2138 	 29.0000 	 0.3057 	 16.9473 	 -4.9816 	 0.0000 	 4.6810 	 0.9903 
35.0000 	 2.1336 	 15.5569 	 4.6675 	 0.0000 	 13.3444 	 804.9243 	 35.0000 	 2.1314 	 15.5557 	 4.6827 	 0.0000 	 8.3938 	 0.9931 
34.0000 	 1.6389 	 11.5238 	 8.3389 	 0.0000 	 2.4195 	 806.9551 	 34.0000 	 1.1438 	 1.4852 	 1.2384 	 0.0000 	 5.8013 	 1.6242 
29.0000 	 2.2992 	 13.4619 	 1.4061 	 0.0000 	 15.3955 	 809.5611 	 29.0000 	 2.9670 	 15.5782 	 3.2558 	 0.0000 	 9.4746 	 1.0001 
23.0000 	 1.2859 	 8.1885 	 3.8916 	 0.0000 	 5.3516 	 963.0536 	 23.0000 	 0.0087 	 14.4302 	 -4.3870 	 0.0000 	 1.5434 	 0.9884 
29.0000 	 1.7136 	 13.4033 	 8.9648 	 0.0000 	 0.0439 	 787.6916 	 29.0000 	 1.0850 	 9.1482 	 4.3657 	 0.0000 	 2.5257 	 0.6444 
32.0000 	 1.9507 	 12.7771 	 8.3508 	 0.0000 	 1.3676 	 793.7984 	 32.0000 	 2.0473 	 5.3218 	 0.2975 	 0.0000 	 5.2698 	 0.9075 
50.0000 	 2.4201 	 10.5566 	 7.0508 	 0.0000 	 3.7988 	 824.4359 	 50.0000 	 2.9389 	 6.8932 	 1.2674 	 0.0000 	 5.1995 	 0.9871 
50.0000 	 2.4221 	 6.9763 	 -4.8144 	 0.0000 	 22.2815 	 1041.5335 	 50.0000 	 2.1352 	 17.3304 	 0.0119 	 0.0000 	 2.0888 	 1.0058 
50.0000 	 1.7077 	 9.4163 	 -0.8580 	 0.0000 	 12.6499 	 1023.1156 	 50.0000 	 2.9210 	 1.7280 	 -2.4728 	 0.0000 	 3.5565 	 1.0075 
50.0000 	 2.1795 	 10.9676 	 5.5733 	 0.0000 	 3.8334 	 803.3860 	 50.0000 	 2.1639 	 6.4189 	 0.1586 	 0.0000 	 7.1962 	 0.9785 
50.0000 	 2.4056 	 18.2129 	 -3.5840 	 0.0000 	 8.2483 	 822.8756 	 50.0000 	 0.3045 	 5.3272 	 -4.8741 	 0.0000 	 9.3285 	 0.9960 
47.0000 	 2.3548 	 14.8877 	 3.6914 	 0.0000 	 8.9111 	 804.5525 	 47.0000 	 2.3575 	 14.8878 	 3.6895 	 0.0000 	 8.9107 	 0.9667 
47.0000 	 1.8192 	 25.5603 	 9.3213 	 0.0000 	 6.7432 	 871.8218 	 47.0000 	 1.4668 	 12.6481 	 3.1544 	 0.0000 	 2.3646 	 0.9991 
47.0000 	 2.6397 	 13.1584 	 2.1348 	 0.0000 	 10.3446 	 784.4285 	 47.0000 	 2.7613 	 12.0612 	 0.8601 	 0.0000 	 5.4870 	 1.0178 
47.0000 	 2.2884 	 12.0417 	 8.6250 	 0.0000 	 0.4050 	 817.8782 	 47.0000 	 0.4966 	 16.3229 	 0.7409 	 0.0000 	 0.5132 	 0.4052 
46.0000 	 1.6127 	 16.6602 	 2.4390 	 0.0000 	 10.8252 	 897.8700 	 46.0000 	 0.6282 	 6.8256 	 2.5811 	 0.0000 	 4.8750 	 0.9728 
47.0000 	 1.7792 	 10.4639 	 -0.6055 	 0.0000 	 8.8086 	 871.1002 	 47.0000 	 1.7793 	 10.4654 	 -0.6043 	 0.0000 	 8.8098 	 0.9978 
48.0000 	 1.8720 	 7.6019 	 -0.2063 	 0.0000 	 7.6114 	 1022.9992 	 48.0000 	 0.5254 	 5.5349 	 -0.6353 	 0.0000 	 1.2074 	 1.0758 
46.0000 	 2.4618 	 6.6846 	 -1.2793 	 0.0000 	 10.6686 	 1028.6640 	 46.0000 	 2.7890 	 16.3303 	 -0.6965 	 0.0000 	 1.2468 	 0.9998 
40.0000 	 2.4921 	 11.7664 	 8.8486 	 0.0000 	 2.1467 	 800.7455 	 40.0000 	 0.3415 	 2.5330 	 -0.5653 	 0.0000 	 8.4191 	 0.9748 
46.0000 	 2.1036 	 12.6318 	 7.9688 	 0.0000 	 0.8203 	 785.5568 	 46.0000 	 0.1313 	 8.7812 	 -1.2880 	 0.0000 	 2.3201 	 0.9904 
40.0000 	 1.2728 	 9.2480 	 -2.4805 	 0.0000 	 14.4238 	 1293.5959 	 40.0000 	 1.7823 	 18.8626 	 0.8214 	 0.0000 	 1.0822 	 0.6854 
40.0000 	 2.2105 	 8.5229 	 9.1943 	 0.0000 	 12.5269 	 934.7715 	 40.0000 	 1.7811 	 0.2249 	 -4.9547 	 0.0000 	 8.3611 	 0.9958 
40.0000 	 2.5648 	 15.8838 	 4.7461 	 0.0000 	 6.4746 	 802.5161 	 40.0000 	 2.7744 	 5.2717 	 2.3413 	 0.0000 	 5.8772 	 0.9936 
41.0000 	 1.8862 	 13.4216 	 9.0757 	 0.0000 	 2.7814 	 789.8306 	 41.0000 	 1.1972 	 13.0979 	 -0.4584 	 0.0000 	 3.9906 	 0.9943 
38.0000 	 2.2067 	 4.8181 	 8.9429 	 0.0000 	 8.4302 	 1126.5854 	 38.0000 	 2.3280 	 0.7988 	 -0.9992 	 0.0000 	 5.0889 	 0.9263 
40.0000 	 2.1937 	 12.3474 	 9.2511 	 0.0000 	 0.2655 	 778.3514 	 40.0000 	 2.4545 	 9.0126 	 1.5791 	 0.0000 	 6.8488 	 0.7991 
44.0000 	 1.9795 	 7.7421 	 5.1892 	 0.0000 	 2.1929 	 973.7153 	 44.0000 	 2.8172 	 6.2051 	 -1.6925 	 0.0000 	 0.5154 	 0.9806 
40.0000 	 1.6858 	 9.5045 	 -7.7589 	 0.0000 	 12.4603 	 910.1402 	 40.0000 	 0.4495 	 3.3428 	 0.2429 	 0.0000 	 4.8309 	 0.7931 
36.0000 	 1.9182 	 19.6777 	 2.3828 	 0.0000 	 4.9316 	 837.9659 	 36.0000 	 1.7523 	 18.2540 	 2.7555 	 0.0000 	 2.9359 	 0.9953 
40.0000 	 1.8161 	 5.1611 	 9.3115 	 0.0000 	 11.3232 	 1080.6298 	 40.0000 	 1.9732 	 18.9366 	 -1.7605 	 0.0000 	 1.0177 	 0.9318 
39.0000 	 1.6616 	 17.6245 	 7.9206 	 0.0000 	 5.1853 	 828.3458 	 39.0000 	 0.6995 	 16.2666 	 3.0909 	 0.0000 	 5.0018 	 1.0281 
33.0000 	 2.7936 	 13.2227 	 2.6270 	 0.0000 	 18.2275 	 907.6759 	 33.0000 	 0.2076 	 16.3527 	 4.7031 	 0.0000 	 9.7598 	 0.9003 
38.0000 	 1.8764 	 13.9700 	 7.4125 	 0.0000 	 4.1968 	 788.8617 	 38.0000 	 0.7239 	 6.4504 	 -4.2641 	 0.0000 	 7.0541 	 0.9945 
35.0000 	 2.1693 	 12.8613 	 8.8867 	 0.0000 	 5.4590 	 777.8131 	 35.0000 	 2.6528 	 10.6063 	 -1.5445 	 0.0000 	 4.4112 	 0.9932 
38.0000 	 2.1879 	 12.2717 	 9.3213 	 0.0000 	 0.4968 	 778.7559 	 38.0000 	 2.2536 	 6.5011 	 0.3089 	 0.0000 	 9.1056 	 0.6391 
43.0000 	 2.2049 	 8.9942 	 4.3259 	 0.0000 	 3.4086 	 910.7114 	 43.0000 	 0.0716 	 0.1142 	 0.8846 	 0.0000 	 1.8310 	 0.9883 
30.0000 	 1.8130 	 13.5315 	 9.6191 	 0.0000 	 0.7251 	 783.0500 	 30.0000 	 1.1301 	 5.7089 	 4.5808 	 0.0000 	 6.7095 	 0.6716 
35.0000 	 1.9985 	 13.2861 	 9.2090 	 0.0000 	 0.0000 	 779.8165 	 35.0000 	 0.8470 	 16.4211 	 4.0444 	 0.0000 	 2.0550 	 0.7014 
33.0000 	 2.1385 	 12.6536 	 10.3701 	 0.0000 	 1.1515 	 781.7915 	 33.0000 	 0.5619 	 11.9801 	 1.4783 	 0.0000 	 4.7668 	 0.9988 
29.0000 	 1.4232 	 16.3278 	 5.0427 	 0.0000 	 4.6841 	 819.2748 	 29.0000 	 0.6251 	 15.6342 	 4.2779 	 0.0000 	 0.8554 	 0.9942 
35.0000 	 1.8117 	 16.0540 	 9.9387 	 0.0000 	 1.3985 	 846.8803 	 35.0000 	 2.0595 	 19.6239 	 1.7806 	 0.0000 	 8.5400 	 0.4023 
31.0000 	 1.7019 	 10.7764 	 1.3867 	 0.0000 	 6.4746 	 798.1241 	 31.0000 	 0.7460 	 13.1037 	 -1.7003 	 0.0000 	 3.7177 	 1.0138 
39.0000 	 1.6433 	 13.4924 	 13.0737 	 0.0000 	 6.0217 	 818.8984 	 39.0000 	 2.5917 	 0.2183 	 1.7554 	 0.0000 	 9.5177 	 1.0040 
50.0000 	 2.5911 	 13.1081 	 9.4651 	 0.0000 	 0.0066 	 776.3113 	 50.0000 	 2.5902 	 8.2342 	 -0.9944 	 0.0000 	 6.3142 	 0.0885 
33.0000 	 1.8954 	 12.4292 	 10.0073 	 0.0000 	 2.6758 	 778.3101 	 33.0000 	 0.2642 	 11.4802 	 -1.5893 	 0.0000 	 2.0266 	 0.9931 
25.0000 	 2.0609 	 16.9189 	 16.0352 	 0.0000 	 4.5410 	 807.5071 	 25.0000 	 0.1280 	 17.1263 	 -4.9037 	 0.0000 	 3.6236 	 0.9412 
33.0000 	 2.0307 	 13.5101 	 9.5686 	 0.0000 	 0.3505 	 782.4509 	 33.0000 	 0.2129 	 7.1029 	 -4.8678 	 0.0000 	 8.5311 	 0.5293 
47.0000 	 2.0199 	 14.1107 	 3.8495 	 0.0000 	 3.6441 	 845.7510 	 47.0000 	 0.5439 	 3.4885 	 3.3438 	 0.0000 	 0.6733 	 0.9813 
31.0000 	 2.2616 	 16.8600 	 12.5531 	 0.0000 	 6.9775 	 809.5861 	 31.0000 	 0.1568 	 19.3098 	 -0.7359 	 0.0000 	 0.8658 	 0.9907 
31.0000 	 1.0951 	 4.1113 	 4.4434 	 0.0000 	 5.0439 	 1248.9456 	 31.0000 	 2.1347 	 7.9643 	 -2.3442 	 0.0000 	 0.0337 	 1.0086 
38.0000 	 1.8426 	 15.1360 	 6.7461 	 0.0000 	 4.3756 	 798.7891 	 38.0000 	 2.9848 	 6.1279 	 -2.8627 	 0.0000 	 1.4858 	 0.9931 
27.0000 	 1.8474 	 13.6914 	 13.4961 	 0.0000 	 2.9883 	 785.8442 	 27.0000 	 0.3253 	 1.9555 	 -3.3389 	 0.0000 	 1.1235 	 0.9965 
28.0000 	 1.8547 	 12.8386 	 9.4078 	 0.0000 	 0.0135 	 777.0299 	 28.0000 	 1.5461 	 3.8208 	 -4.3769 	 0.0000 	 8.1660 	 0.0575 
45.0000 	 1.9563 	 12.6617 	 9.8078 	 0.0000 	 1.8867 	 794.7261 	 45.0000 	 0.0017 	 15.0526 	 -0.7204 	 0.0000 	 3.4720 	 0.9891 
35.0000 	 1.7187 	 4.4233 	 2.7753 	 0.0000 	 1.3136 	 1143.9968 	 35.0000 	 1.7614 	 12.3765 	 0.5773 	 0.0000 	 1.8834 	 0.9978 
43.0000 	 2.4136 	 9.5187 	 11.7192 	 0.0000 	 6.1200 	 899.6949 	 43.0000 	 0.7605 	 18.6638 	 3.6810 	 0.0000 	 2.6599 	 0.9917 
33.0000 	 1.1968 	 17.8906 	 2.9688 	 0.0000 	 17.5781 	 973.4816 	 33.0000 	 0.7361 	 17.9179 	 1.5257 	 0.0000 	 0.1700 	 0.9978 
31.0000 	 1.8905 	 12.6544 	 9.3439 	 0.0000 	 0.4865 	 779.6562 	 31.0000 	 1.2943 	 7.0950 	 4.0788 	 0.0000 	 3.2947 	 0.3559 
39.0000 	 1.9100 	 12.2498 	 8.2007 	 0.0000 	 1.3544 	 782.1684 	 39.0000 	 2.5041 	 12.0345 	 -0.2713 	 0.0000 	 6.2507 	 1.2097 
28.0000 	 1.8323 	 13.5390 	 10.4731 	 0.0000 	 1.7083 	 782.1625 	 28.0000 	 1.2945 	 4.9970 	 -4.0070 	 0.0000 	 6.8673 	 0.9939 
38.0000 	 2.1153 	 13.4597 	 5.9796 	 0.0000 	 2.0040 	 781.9034 	 38.0000 	 1.2874 	 2.2720 	 3.8393 	 0.0000 	 6.8367 	 1.0282 
35.0000 	 2.0200 	 14.9173 	 7.3963 	 0.0000 	 7.6799 	 792.8778 	 35.0000 	 0.1747 	 11.8572 	 -0.4992 	 0.0000 	 7.2591 	 0.9940 
32.0000 	 1.5479 	 14.0142 	 13.1723 	 0.0000 	 9.5215 	 804.8781 	 32.0000 	 2.1356 	 15.8483 	 -2.8656 	 0.0000 	 1.4891 	 0.9891 
32.0000 	 1.9313 	 12.2559 	 9.2578 	 0.0000 	 7.8662 	 774.6270 	 32.0000 	 0.1417 	 0.9318 	 -1.0363 	 0.0000 	 2.2178 	 0.9957 
24.0000 	 1.2555 	 9.6582 	 14.1992 	 0.0000 	 4.6777 	 893.5830 	 24.0000 	 2.9341 	 19.5139 	 -1.4704 	 0.0000 	 6.4738 	 0.9947 
50.0000 	 2.3555 	 13.8343 	 9.0352 	 0.0000 	 1.9040 	 781.7805 	 50.0000 	 2.4970 	 8.8596 	 -0.8443 	 0.0000 	 7.3786 	 0.9893 
47.0000 	 2.1861 	 11.0065 	 11.8329 	 0.0000 	 12.9599 	 792.3189 	 47.0000 	 2.5176 	 0.6360 	 -1.8899 	 0.0000 	 7.0721 	 0.9881 
44.0000 	 2.8242 	 8.4177 	 -4.6246 	 0.0000 	 9.5999 	 1030.3547 	 44.0000 	 0.8028 	 1.5370 	 2.4892 	 0.0000 	 5.0102 	 0.9809 
43.0000 	 1.8664 	 4.7949 	 2.6758 	 0.0000 	 4.3457 	 1156.8709 	 43.0000 	 1.9394 	 16.4398 	 -1.5345 	 0.0000 	 6.3721 	 0.9911 
40.0000 	 1.8206 	 14.8887 	 8.3803 	 0.0000 	 0.7790 	 801.9053 	 40.0000 	 1.2715 	 19.0386 	 -4.3279 	 0.0000 	 7.8521 	 0.9983 
37.0000 	 1.2859 	 18.6670 	 12.7441 	 0.0000 	 4.0869 	 969.1678 	 37.0000 	 1.2854 	 18.6649 	 -2.2591 	 0.0000 	 6.5858 	 0.9198 
36.0000 	 1.7678 	 15.4807 	 7.8650 	 0.0000 	 3.6682 	 801.8916 	 36.0000 	 2.0318 	 4.0468 	 0.9892 	 0.0000 	 0.0139 	 0.9948 
32.0000 	 2.0062 	 12.7426 	 9.3472 	 0.0000 	 0.0121 	 776.9208 	 32.0000 	 2.0386 	 15.3497 	 1.1991 	 0.0000 	 6.4170 	 0.0569 
32.0000 	 1.9608 	 12.7970 	 9.3141 	 0.0000 	 0.0284 	 777.4555 	 32.0000 	 2.5329 	 14.6541 	 4.0426 	 0.0000 	 1.5080 	 0.0955 
23.0000 	 1.8261 	 11.1613 	 7.2057 	 0.0000 	 2.7442 	 805.8826 	 23.0000 	 2.0446 	 5.1791 	 -3.1955 	 0.0000 	 3.1395 	 0.9858 
50.0000 	 2.2067 	 15.1245 	 8.2348 	 0.0000 	 3.8647 	 794.3319 	 50.0000 	 0.6406 	 14.0824 	 3.7361 	 0.0000 	 7.5272 	 1.0708 
47.0000 	 2.7276 	 10.6543 	 7.9395 	 0.0000 	 0.6287 	 881.6810 	 47.0000 	 1.5867 	 3.1159 	 -3.8351 	 0.0000 	 2.8617 	 0.5187 
44.0000 	 2.2865 	 12.8480 	 8.8347 	 0.0000 	 2.0721 	 775.7686 	 44.0000 	 0.3140 	 6.9005 	 -3.4662 	 0.0000 	 0.6411 	 0.9854 
43.0000 	 1.8155 	 10.9837 	 6.8390 	 0.0000 	 1.3693 	 837.0088 	 43.0000 	 1.9306 	 1.0412 	 -1.7791 	 0.0000 	 3.5259 	 3.6567 
40.0000 	 2.2295 	 8.4473 	 2.8711 	 0.0000 	 14.3262 	 951.6899 	 40.0000 	 1.0904 	 10.4875 	 -2.3007 	 0.0000 	 1.2640 	 0.9934 
36.0000 	 1.6560 	 16.8896 	 9.2969 	 0.0000 	 1.6064 	 828.0580 	 36.0000 	 1.6572 	 16.8914 	 -0.7045 	 0.0000 	 6.6064 	 0.9899 
36.0000 	 1.6405 	 6.0971 	 8.4832 	 0.0000 	 9.4653 	 1066.1062 	 36.0000 	 1.8640 	 2.0329 	 1.6563 	 0.0000 	 5.5022 	 1.0061 
35.0000 	 1.9068 	 13.4860 	 7.8822 	 0.0000 	 1.5720 	 779.3201 	 35.0000 	 1.7356 	 9.2577 	 1.1448 	 0.0000 	 5.0189 	 0.9921 
29.0000 	 2.0680 	 14.4824 	 4.4336 	 0.0000 	 6.7920 	 797.7827 	 29.0000 	 0.8974 	 4.2738 	 -0.2992 	 0.0000 	 6.1465 	 0.9926 
29.0000 	 1.6064 	 10.4720 	 3.8666 	 0.0000 	 8.3827 	 834.8319 	 29.0000 	 2.0234 	 10.9879 	 -0.1677 	 0.0000 	 2.3894 	 0.9788 
50.0000 	 2.2621 	 11.5948 	 4.7766 	 0.0000 	 3.6844 	 786.3519 	 50.0000 	 0.3398 	 18.2097 	 1.5200 	 0.0000 	 3.0591 	 0.9989 
47.0000 	 1.4410 	 10.9715 	 5.8081 	 0.0000 	 10.4455 	 1019.4835 	 47.0000 	 0.5439 	 12.3906 	 -3.5033 	 0.0000 	 1.7326 	 0.9974 
44.0000 	 2.4744 	 12.6453 	 9.4971 	 0.0000 	 0.0000 	 778.4801 	 44.0000 	 2.1308 	 5.8599 	 4.9315 	 0.0000 	 5.9071 	 0.4367 
43.0000 	 2.2834 	 11.3477 	 13.5742 	 0.0000 	 3.3838 	 792.2241 	 43.0000 	 2.1789 	 6.0661 	 -3.4562 	 0.0000 	 5.8172 	 0.9984 
39.0000 	 2.2373 	 14.9315 	 8.4081 	 0.0000 	 9.7022 	 795.8838 	 39.0000 	 0.2617 	 9.9890 	 -1.0353 	 0.0000 	 9.9086 	 0.9962 
38.0000 	 2.6906 	 8.6035 	 3.1934 	 0.0000 	 13.5693 	 1026.9446 	 38.0000 	 1.3887 	 17.8347 	 2.0027 	 0.0000 	 5.7941 	 0.9883 
36.0000 	 1.4693 	 20.9532 	 0.1484 	 0.0000 	 5.1231 	 869.4414 	 36.0000 	 1.4944 	 16.2800 	 -0.6338 	 0.0000 	 4.4155 	 1.0185 
32.0000 	 2.2601 	 13.8867 	 11.8457 	 0.0000 	 6.8848 	 795.2947 	 32.0000 	 2.0319 	 8.4893 	 3.1722 	 0.0000 	 2.8531 	 0.9942 
32.0000 	 1.7063 	 12.1179 	 17.9100 	 0.0000 	 6.1499 	 788.3552 	 32.0000 	 1.9387 	 6.2328 	 -2.0126 	 0.0000 	 0.6125 	 0.9434 
17.0000 	 1.2319 	 11.6669 	 6.6174 	 0.0000 	 1.7719 	 777.6368 	 17.0000 	 1.6411 	 5.6095 	 4.3318 	 0.0000 	 0.3552 	 0.9910 
49.0000 	 2.2218 	 14.4409 	 8.6206 	 0.0000 	 2.5720 	 789.9736 	 49.0000 	 2.2631 	 15.7141 	 -1.8234 	 0.0000 	 0.4565 	 0.9924 
49.0000 	 2.1353 	 11.1159 	 6.3486 	 0.0000 	 5.3982 	 796.1438 	 49.0000 	 0.2397 	 10.8287 	 -2.3807 	 0.0000 	 9.8528 	 0.9893 
44.0000 	 2.3467 	 13.5229 	 9.5044 	 0.0000 	 0.0000 	 777.3972 	 44.0000 	 1.7568 	 13.2095 	 -1.2673 	 0.0000 	 7.9809 	 0.1279 
43.0000 	 2.1749 	 7.9068 	 8.7091 	 0.0000 	 5.0641 	 952.8371 	 43.0000 	 1.4612 	 13.3598 	 -0.0993 	 0.0000 	 7.5713 	 1.0057 
39.0000 	 1.8494 	 6.8097 	 0.4550 	 0.0000 	 2.7331 	 1024.5371 	 39.0000 	 0.7116 	 19.9841 	 2.2574 	 0.0000 	 9.5803 	 1.0955 
36.0000 	 1.3478 	 12.1801 	 7.4075 	 0.0000 	 3.6365 	 905.1986 	 36.0000 	 1.2303 	 15.1076 	 2.9024 	 0.0000 	 2.7922 	 1.0004 
36.0000 	 2.9503 	 18.8100 	 10.8301 	 0.0000 	 6.6189 	 818.0165 	 36.0000 	 1.2661 	 6.0562 	 0.5033 	 0.0000 	 9.6552 	 1.0000 
34.0000 	 2.1643 	 12.3336 	 9.3891 	 0.0000 	 0.2479 	 780.8820 	 34.0000 	 1.0324 	 5.8571 	 4.2640 	 0.0000 	 8.7697 	 0.3633 
30.0000 	 2.0469 	 13.9014 	 3.0664 	 0.0000 	 5.2881 	 786.7593 	 30.0000 	 2.0495 	 6.4020 	 3.0667 	 0.0000 	 8.4154 	 0.9850 
29.0000 	 1.7675 	 10.7352 	 5.9923 	 0.0000 	 3.3303 	 797.7374 	 29.0000 	 2.5432 	 5.8841 	 -4.2449 	 0.0000 	 8.2720 	 1.0008 
49.0000 	 1.7431 	 6.9238 	 -6.7383 	 0.0000 	 8.8965 	 1346.6704 	 49.0000 	 0.2057 	 17.0306 	 -3.0073 	 0.0000 	 4.8359 	 0.4565 
49.0000 	 2.7090 	 15.6689 	 10.5176 	 0.0000 	 4.3262 	 800.6263 	 49.0000 	 2.0785 	 4.3923 	 -3.7481 	 0.0000 	 8.6309 	 0.9991 
44.0000 	 2.1157 	 14.3331 	 5.9454 	 0.0000 	 5.2054 	 791.0807 	 44.0000 	 1.6925 	 6.4122 	 -0.7219 	 0.0000 	 1.3761 	 0.9937 
49.0000 	 1.7312 	 10.0827 	 -2.9297 	 0.0000 	 11.4795 	 943.5744 	 49.0000 	 2.8410 	 13.1349 	 -0.2939 	 0.0000 	 3.8531 	 1.0243 
43.0000 	 2.9760 	 16.9958 	 9.0820 	 0.0000 	 4.3933 	 808.9466 	 43.0000 	 1.1045 	 12.1251 	 2.6189 	 0.0000 	 8.8394 	 0.9874 
39.0000 	 2.3193 	 11.8128 	 6.8185 	 0.0000 	 4.5271 	 782.2363 	 39.0000 	 0.7160 	 17.1274 	 3.3303 	 0.0000 	 8.6117 	 0.9969 
49.0000 	 2.5171 	 12.9395 	 9.5874 	 0.0000 	 0.3320 	 776.2266 	 49.0000 	 1.5008 	 1.1623 	 4.2518 	 0.0000 	 4.8222 	 0.3465 
36.0000 	 3.0118 	 9.5801 	 11.6992 	 0.0000 	 9.6777 	 1110.8910 	 36.0000 	 0.9803 	 7.9501 	 3.4580 	 0.0000 	 5.6962 	 0.5641 
36.0000 	 2.5830 	 17.5534 	 8.8623 	 0.0000 	 11.2280 	 807.7082 	 36.0000 	 2.9374 	 11.3493 	 -1.1496 	 0.0000 	 9.0165 	 0.9955 
44.0000 	 2.4284 	 13.0592 	 3.0622 	 0.0000 	 11.8818 	 779.8691 	 44.0000 	 0.0772 	 12.3866 	 -4.3013 	 0.0000 	 3.6639 	 0.9904 
49.0000 	 1.6003 	 6.1768 	 -0.2832 	 0.0000 	 7.9541 	 1403.4838 	 49.0000 	 1.6012 	 6.1744 	 -0.2785 	 0.0000 	 2.9539 	 0.6687 
33.0000 	 2.4450 	 18.3698 	 19.8956 	 0.0000 	 7.5577 	 814.1872 	 33.0000 	 2.3238 	 18.6733 	 0.3250 	 0.0000 	 0.4450 	 0.9928 
42.0000 	 2.1860 	 14.2689 	 8.0981 	 0.0000 	 2.4012 	 785.1530 	 42.0000 	 2.1532 	 1.4503 	 -3.5074 	 0.0000 	 2.2874 	 0.9961 
39.0000 	 1.2133 	 11.6357 	 3.0762 	 0.0000 	 11.0596 	 1187.4982 	 39.0000 	 0.6482 	 11.6617 	 4.0289 	 0.0000 	 4.8345 	 0.6767 
32.0000 	 1.9916 	 14.4080 	 9.2717 	 0.0000 	 1.1208 	 788.2924 	 32.0000 	 0.5690 	 1.8471 	 4.6743 	 0.0000 	 9.4397 	 0.9908 
49.0000 	 1.7792 	 9.9809 	 0.6221 	 0.0000 	 10.6513 	 928.6600 	 49.0000 	 0.4108 	 0.8343 	 -1.0980 	 0.0000 	 2.4073 	 0.9185 
38.0000 	 1.9483 	 12.0258 	 7.6282 	 0.0000 	 1.3159 	 870.9678 	 38.0000 	 2.4699 	 16.0892 	 -2.6544 	 0.0000 	 1.7690 	 0.3259 
35.0000 	 1.9429 	 10.5466 	 6.2400 	 0.0000 	 2.8069 	 805.7237 	 35.0000 	 1.5646 	 1.5252 	 -2.5786 	 0.0000 	 9.2401 	 0.9986 
44.0000 	 2.0920 	 12.9239 	 8.3411 	 0.0000 	 2.1985 	 782.2772 	 44.0000 	 1.0604 	 0.2285 	 -2.9055 	 0.0000 	 8.3048 	 0.9940 
49.0000 	 2.5214 	 8.5596 	 -0.8497 	 0.0000 	 12.6268 	 962.5638 	 49.0000 	 0.7458 	 6.5335 	 0.9432 	 0.0000 	 2.3817 	 1.0384 
33.0000 	 1.9646 	 13.0838 	 8.9270 	 0.0000 	 3.0704 	 775.7255 	 33.0000 	 1.2524 	 15.6134 	 -1.9990 	 0.0000 	 7.3992 	 0.9937 
42.0000 	 2.3402 	 13.6499 	 7.6402 	 0.0000 	 1.3581 	 791.2118 	 42.0000 	 0.4642 	 15.8682 	 1.9107 	 0.0000 	 7.2804 	 0.9634 
32.0000 	 1.5000 	 15.7028 	 9.8602 	 0.0000 	 3.0313 	 824.1034 	 32.0000 	 1.0630 	 6.1236 	 -0.8193 	 0.0000 	 8.9342 	 0.9867 
48.0000 	 1.7731 	 12.9537 	 11.7255 	 0.0000 	 9.8726 	 852.4293 	 48.0000 	 2.4096 	 15.5232 	 -0.5498 	 0.0000 	 1.2138 	 0.9877 
39.0000 	 1.7975 	 8.4865 	 5.8542 	 0.0000 	 2.6768 	 956.2044 	 39.0000 	 0.6658 	 7.5860 	 -4.5117 	 0.0000 	 0.0406 	 0.9943 
44.0000 	 2.9609 	 22.8613 	 3.5067 	 0.0000 	 6.6561 	 831.2667 	 44.0000 	 2.9631 	 17.8624 	 3.5079 	 0.0000 	 6.6558 	 1.0008 
38.0000 	 2.2313 	 15.9436 	 6.0936 	 0.0000 	 8.8952 	 806.2064 	 38.0000 	 2.5278 	 11.4715 	 -3.6823 	 0.0000 	 5.3447 	 0.9771 
43.0000 	 1.6802 	 9.6265 	 11.7944 	 0.0000 	 6.1670 	 930.3843 	 43.0000 	 0.5744 	 12.1140 	 -4.0751 	 0.0000 	 7.9882 	 0.9902 
35.0000 	 1.2992 	 13.2422 	 2.1094 	 0.0000 	 6.2109 	 913.9611 	 35.0000 	 1.8139 	 0.5889 	 -2.8529 	 0.0000 	 0.7321 	 0.9937 
33.0000 	 1.8769 	 7.4902 	 5.1633 	 0.0000 	 5.6409 	 975.9389 	 33.0000 	 2.6641 	 3.7489 	 -0.7853 	 0.0000 	 7.7319 	 0.9755 
39.0000 	 2.0466 	 11.9884 	 8.0652 	 0.0000 	 1.7439 	 776.4045 	 39.0000 	 2.7185 	 11.6692 	 0.8129 	 0.0000 	 3.1341 	 0.9994 
31.0000 	 1.1178 	 16.0596 	 5.6250 	 0.0000 	 4.6924 	 973.4544 	 31.0000 	 1.9696 	 1.7377 	 2.6332 	 0.0000 	 8.3838 	 0.9962 
38.0000 	 1.9579 	 11.6553 	 8.1421 	 0.0000 	 0.7385 	 783.1834 	 38.0000 	 2.8656 	 16.1788 	 -0.5502 	 0.0000 	 4.8235 	 0.9615 
29.0000 	 1.5519 	 10.6539 	 3.1620 	 0.0000 	 8.0957 	 812.3214 	 29.0000 	 0.2671 	 14.5841 	 -4.6461 	 0.0000 	 9.5406 	 0.9973 
35.0000 	 1.6878 	 10.9429 	 5.4822 	 0.0000 	 1.6527 	 996.7549 	 35.0000 	 0.5577 	 14.5022 	 2.4201 	 0.0000 	 4.1330 	 9.2573 
33.0000 	 1.4186 	 11.5822 	 9.7042 	 0.0000 	 3.9548 	 846.5639 	 33.0000 	 2.1028 	 9.6355 	 -0.2169 	 0.0000 	 0.6206 	 1.0025 
31.0000 	 2.3709 	 14.6594 	 2.3096 	 0.0000 	 8.4009 	 812.3145 	 31.0000 	 2.3548 	 2.4592 	 -0.0832 	 0.0000 	 1.6492 	 0.9928 
29.0000 	 1.6489 	 12.7625 	 7.7466 	 0.0000 	 0.9265 	 783.3481 	 29.0000 	 0.1727 	 5.7431 	 -4.4860 	 0.0000 	 9.4516 	 0.9873 
