50.0000 	 0.0117 	 0.2236 	 0.7505 	 30.6759 	 1.6062 	 0.0000 	 3.4723 	 801.7145 	 50.0000 	 0.1709 	 0.3260 	 0.3137 	 14.2757 	 2.0945 	 0.0000 	 2.8874 	 0.0000 
49.0000 	 0.0012 	 0.8366 	 0.3434 	 17.8849 	 1.6131 	 0.0000 	 3.4720 	 801.7158 	 49.0000 	 0.9893 	 0.1875 	 0.8727 	 1.4653 	 4.9595 	 0.0000 	 0.2161 	 0.0000 
49.0000 	 0.0045 	 0.9438 	 0.5952 	 1.6269 	 1.6066 	 0.0000 	 3.4718 	 801.7145 	 49.0000 	 0.8639 	 0.9679 	 0.6038 	 11.9687 	 0.4207 	 0.0000 	 0.2939 	 0.0000 
50.0000 	 0.0010 	 0.3902 	 0.8690 	 5.0001 	 1.6036 	 0.0000 	 3.4720 	 801.7146 	 50.0000 	 0.7006 	 0.8816 	 0.2480 	 4.1123 	 0.7636 	 0.0000 	 0.7607 	 0.0000 
50.0000 	 0.0323 	 1.0000 	 0.9285 	 2.6267 	 1.6053 	 0.0000 	 3.4724 	 801.7145 	 50.0000 	 0.5474 	 0.9932 	 0.9414 	 13.6876 	 0.5954 	 0.0000 	 1.5130 	 0.0000 
50.0000 	 0.0223 	 1.0000 	 1.0000 	 4.4088 	 1.5157 	 0.0000 	 3.4570 	 801.8216 	 50.0000 	 0.6073 	 0.4633 	 0.2389 	 1.4291 	 0.5827 	 0.0000 	 0.2921 	 0.1355 
49.0000 	 0.0010 	 1.0000 	 0.5175 	 49.9997 	 1.6554 	 0.0000 	 3.4806 	 801.7594 	 49.0000 	 0.2415 	 0.1908 	 0.0863 	 8.8333 	 3.7626 	 0.0000 	 0.0809 	 0.0006 
49.0000 	 0.0019 	 0.9936 	 0.8968 	 15.7128 	 1.6059 	 0.0000 	 3.4725 	 801.7145 	 49.0000 	 0.0231 	 0.9521 	 0.2086 	 7.3656 	 2.6340 	 0.0000 	 1.0255 	 0.0000 
50.0000 	 0.0493 	 0.1092 	 0.5896 	 10.9094 	 1.6204 	 0.0000 	 3.5047 	 801.7439 	 50.0000 	 0.1462 	 0.3841 	 0.6475 	 7.9287 	 1.1066 	 0.0000 	 2.4328 	 0.0000 
48.0000 	 0.0010 	 0.9327 	 0.3516 	 11.2298 	 1.6061 	 0.0000 	 3.4715 	 801.7147 	 48.0000 	 0.9715 	 0.9183 	 0.9217 	 4.0804 	 4.3009 	 0.0000 	 1.6156 	 0.0000 
50.0000 	 0.0010 	 0.0310 	 0.9734 	 43.5704 	 1.6052 	 0.0000 	 3.4722 	 801.7140 	 50.0000 	 0.8819 	 0.4352 	 0.4168 	 7.1259 	 3.7419 	 0.0000 	 0.5583 	 0.0001 
50.0000 	 0.0082 	 0.4505 	 0.4920 	 3.7864 	 1.6046 	 0.0000 	 3.4888 	 801.7212 	 50.0000 	 0.9803 	 0.4699 	 0.6563 	 2.3069 	 4.7541 	 0.0000 	 0.8173 	 0.0006 
49.0000 	 0.0033 	 0.3151 	 0.7184 	 4.7148 	 1.5870 	 0.0000 	 3.4757 	 801.7213 	 49.0000 	 0.3879 	 0.0523 	 0.3308 	 12.7949 	 2.3776 	 0.0000 	 0.1621 	 0.0000 
49.0000 	 0.0070 	 0.7424 	 0.9089 	 1.0005 	 1.6060 	 0.0000 	 3.4723 	 801.7145 	 49.0000 	 0.4483 	 0.2049 	 0.1079 	 6.7219 	 4.0563 	 0.0000 	 0.8500 	 0.0000 
49.0000 	 0.0092 	 0.4940 	 0.4240 	 7.5822 	 1.6041 	 0.0000 	 3.4715 	 801.7147 	 49.0000 	 0.9439 	 0.3627 	 0.3869 	 3.9768 	 4.9847 	 0.0000 	 0.1109 	 0.0000 
48.0000 	 0.0040 	 0.2256 	 0.5955 	 12.7167 	 1.6047 	 0.0000 	 3.4733 	 801.7145 	 48.0000 	 0.6382 	 0.4599 	 0.5501 	 6.6256 	 3.2721 	 0.0000 	 0.2839 	 0.0000 
48.0000 	 0.0021 	 0.4967 	 0.4731 	 11.4932 	 1.6047 	 0.0000 	 3.4721 	 801.7145 	 48.0000 	 0.1658 	 0.6929 	 0.8123 	 3.5478 	 4.5399 	 0.0000 	 0.4120 	 0.0006 
50.0000 	 0.0013 	 0.1603 	 0.4442 	 9.0695 	 1.6057 	 0.0000 	 3.4720 	 801.7146 	 50.0000 	 0.9173 	 0.3120 	 0.7436 	 13.0502 	 3.6057 	 0.0000 	 1.8714 	 0.0000 
48.0000 	 0.0023 	 0.2478 	 0.9884 	 32.9317 	 1.6032 	 0.0000 	 3.4719 	 801.7147 	 48.0000 	 0.8556 	 0.2732 	 0.8458 	 9.3164 	 0.6330 	 0.0000 	 0.8836 	 0.0000 
48.0000 	 0.0011 	 0.7396 	 0.9690 	 15.6093 	 1.6063 	 0.0000 	 3.4726 	 801.7145 	 48.0000 	 0.2167 	 0.9993 	 0.1819 	 11.2287 	 0.1199 	 0.0000 	 2.8945 	 0.0000 
50.0000 	 0.0018 	 0.1892 	 0.7898 	 2.1268 	 1.6042 	 0.0000 	 3.4721 	 801.7149 	 50.0000 	 0.0249 	 0.0301 	 0.1157 	 12.8395 	 2.3300 	 0.0000 	 2.0693 	 0.0000 
49.0000 	 0.0017 	 0.1061 	 0.7997 	 3.3316 	 1.5954 	 0.0000 	 3.4641 	 801.7197 	 49.0000 	 0.6806 	 0.1718 	 0.6483 	 7.0426 	 2.1865 	 0.0000 	 1.3201 	 0.0000 
50.0000 	 0.0010 	 0.2461 	 0.6718 	 2.8851 	 1.6080 	 0.0000 	 3.4699 	 801.7146 	 50.0000 	 0.6383 	 0.0578 	 0.1372 	 13.3603 	 4.7536 	 0.0000 	 2.3096 	 0.0001 
48.0000 	 0.1251 	 0.4009 	 0.7365 	 6.3978 	 1.6039 	 0.0000 	 3.4176 	 801.7885 	 48.0000 	 0.6912 	 0.6263 	 0.0142 	 4.1367 	 0.1237 	 0.0000 	 0.3860 	 0.0000 
48.0000 	 0.0131 	 0.1309 	 1.0000 	 18.6812 	 1.5977 	 0.0000 	 3.4728 	 801.7157 	 48.0000 	 0.3872 	 0.0523 	 0.7744 	 10.3317 	 4.2286 	 0.0000 	 2.5993 	 0.0000 
49.0000 	 0.0049 	 0.0356 	 0.9750 	 49.9986 	 1.6369 	 0.0000 	 3.5387 	 801.8329 	 49.0000 	 0.5066 	 0.3611 	 0.5189 	 6.0417 	 2.1009 	 0.0000 	 0.4762 	 0.0000 
48.0000 	 0.1048 	 0.9390 	 0.9991 	 8.6114 	 1.7014 	 0.0000 	 3.5476 	 801.9670 	 48.0000 	 0.4393 	 0.2061 	 0.0714 	 7.1581 	 4.1299 	 0.0000 	 0.2451 	 0.0000 
46.0000 	 0.0017 	 0.7227 	 0.4994 	 2.2188 	 1.6057 	 0.0000 	 3.4728 	 801.7145 	 46.0000 	 0.3193 	 0.8253 	 0.2505 	 11.2495 	 2.3629 	 0.0000 	 1.4302 	 0.0000 
45.0000 	 0.0150 	 1.0000 	 0.7891 	 39.3967 	 1.6074 	 0.0000 	 3.4758 	 801.7148 	 45.0000 	 0.9554 	 0.9823 	 0.1529 	 4.5216 	 1.7412 	 0.0000 	 2.7264 	 0.0000 
45.0000 	 0.0012 	 0.0927 	 0.3311 	 30.6941 	 1.6183 	 0.0000 	 3.4310 	 801.7560 	 45.0000 	 0.7377 	 0.2592 	 0.7578 	 8.3181 	 3.6557 	 0.0000 	 1.8530 	 0.0011 
46.0000 	 0.0020 	 0.2475 	 0.5103 	 48.1553 	 1.6051 	 0.0000 	 3.4721 	 801.7145 	 46.0000 	 0.9678 	 0.5976 	 0.5821 	 10.2481 	 2.3890 	 0.0000 	 1.5423 	 0.0000 
45.0000 	 0.0010 	 0.0311 	 0.5624 	 39.6164 	 1.6038 	 0.0000 	 3.4719 	 801.7146 	 45.0000 	 0.4573 	 0.0479 	 0.6410 	 13.0473 	 0.2083 	 0.0000 	 2.5145 	 0.0000 
46.0000 	 0.0404 	 0.2734 	 0.9959 	 6.5815 	 1.5968 	 0.0000 	 3.4169 	 801.7599 	 46.0000 	 0.3263 	 0.4223 	 0.5408 	 8.2782 	 3.6234 	 0.0000 	 2.3389 	 0.0037 
46.0000 	 0.0028 	 0.8868 	 1.0000 	 9.9937 	 1.6042 	 0.0000 	 3.4726 	 801.7143 	 46.0000 	 0.0203 	 0.5148 	 0.9932 	 2.6334 	 2.3452 	 0.0000 	 1.3812 	 0.0000 
49.0000 	 0.0146 	 0.0950 	 0.9462 	 6.3170 	 1.6073 	 0.0000 	 3.4712 	 801.7146 	 49.0000 	 0.3306 	 0.2348 	 0.2927 	 13.2795 	 0.3483 	 0.0000 	 2.3688 	 0.0000 
45.0000 	 0.0160 	 0.3475 	 0.7642 	 32.2462 	 1.5944 	 0.0000 	 3.4788 	 801.7070 	 45.0000 	 0.4678 	 0.6611 	 0.6338 	 11.0476 	 1.9569 	 0.0000 	 0.7084 	 0.0002 
45.0000 	 0.0026 	 0.6279 	 0.4052 	 43.7765 	 1.6058 	 0.0000 	 3.4724 	 801.7147 	 45.0000 	 0.3642 	 0.9632 	 0.7293 	 13.6935 	 4.6922 	 0.0000 	 1.8434 	 0.0000 
46.0000 	 0.0021 	 0.8058 	 0.4875 	 36.1418 	 1.6055 	 0.0000 	 3.4719 	 801.7144 	 46.0000 	 0.0056 	 0.7060 	 0.8784 	 10.9014 	 1.9614 	 0.0000 	 0.9884 	 0.0000 
47.0000 	 0.0031 	 0.0801 	 0.6376 	 31.0872 	 1.6276 	 0.0000 	 3.4598 	 801.7273 	 47.0000 	 0.8586 	 0.6042 	 0.0169 	 7.7238 	 4.1173 	 0.0000 	 2.2055 	 0.0000 
48.0000 	 0.0033 	 0.0300 	 0.7373 	 40.0223 	 1.6069 	 0.0000 	 3.4732 	 801.7143 	 48.0000 	 0.4781 	 0.1613 	 0.2206 	 9.4102 	 1.6570 	 0.0000 	 1.9169 	 0.0000 
45.0000 	 0.0433 	 0.0411 	 0.9943 	 17.7135 	 1.6967 	 0.0000 	 3.4643 	 801.8565 	 45.0000 	 0.6596 	 0.2189 	 0.1301 	 1.4198 	 3.8616 	 0.0000 	 1.6591 	 0.0000 
47.0000 	 0.0010 	 1.0000 	 0.5728 	 8.1497 	 1.5735 	 0.0000 	 3.4749 	 801.7346 	 47.0000 	 0.4197 	 0.1936 	 0.3235 	 12.9668 	 2.1663 	 0.0000 	 0.8162 	 0.0000 
45.0000 	 0.0064 	 0.4402 	 1.0000 	 9.5306 	 1.5670 	 0.0000 	 3.3845 	 801.9327 	 45.0000 	 0.6808 	 0.4525 	 0.7041 	 2.0669 	 4.5391 	 0.0000 	 0.4478 	 0.0000 
45.0000 	 0.0169 	 0.8961 	 0.7967 	 10.9083 	 1.6053 	 0.0000 	 3.4725 	 801.7145 	 45.0000 	 0.8837 	 0.3231 	 0.9663 	 10.5312 	 1.8872 	 0.0000 	 1.6310 	 0.0001 
46.0000 	 0.0013 	 0.4388 	 0.3053 	 15.5492 	 1.5635 	 0.0000 	 3.4799 	 801.7540 	 46.0000 	 0.5000 	 0.5127 	 0.3680 	 3.3860 	 2.4525 	 0.0000 	 2.3555 	 0.0000 
45.0000 	 0.0116 	 0.1271 	 0.5175 	 23.4144 	 1.6060 	 0.0000 	 3.4743 	 801.7146 	 45.0000 	 0.9606 	 0.2821 	 0.4540 	 5.8218 	 4.9025 	 0.0000 	 0.4138 	 0.0000 
47.0000 	 0.0010 	 0.5027 	 0.3529 	 11.4192 	 1.6054 	 0.0000 	 3.4734 	 801.7148 	 47.0000 	 0.9011 	 0.1920 	 0.2550 	 2.7981 	 0.0969 	 0.0000 	 2.4503 	 0.0000 
47.0000 	 0.0011 	 0.0765 	 0.3826 	 33.5784 	 1.6043 	 0.0000 	 3.4722 	 801.7145 	 47.0000 	 0.6520 	 0.5887 	 0.1663 	 10.7349 	 2.9676 	 0.0000 	 2.9194 	 0.0000 
47.0000 	 0.0022 	 0.0292 	 0.5625 	 47.9985 	 1.6158 	 0.0000 	 3.4811 	 801.7191 	 47.0000 	 0.6860 	 0.9922 	 0.3180 	 14.6643 	 4.5549 	 0.0000 	 1.3415 	 0.0005 
46.0000 	 0.0078 	 1.0000 	 0.8865 	 42.7746 	 1.6050 	 0.0000 	 3.4621 	 801.7170 	 46.0000 	 0.8665 	 0.4397 	 0.8451 	 2.7998 	 1.2198 	 0.0000 	 0.4168 	 0.0004 
48.0000 	 0.6217 	 0.7045 	 0.9764 	 3.2091 	 1.7468 	 0.0000 	 3.6153 	 802.4627 	 48.0000 	 0.8408 	 0.6727 	 0.1644 	 1.4189 	 0.3692 	 0.0000 	 2.9169 	 0.0000 
44.0000 	 0.0024 	 0.2473 	 0.5965 	 14.0554 	 1.5917 	 0.0000 	 3.4759 	 801.7014 	 44.0000 	 0.7617 	 0.1818 	 0.4748 	 8.9021 	 2.8194 	 0.0000 	 2.6051 	 0.0021 
46.0000 	 0.0024 	 0.2207 	 0.9981 	 5.0101 	 1.6437 	 0.0000 	 3.4871 	 801.7456 	 46.0000 	 0.4575 	 0.9970 	 0.0642 	 5.7874 	 2.7311 	 0.0000 	 2.2428 	 0.0019 
45.0000 	 0.1572 	 0.4479 	 0.9113 	 17.4634 	 1.6056 	 0.0000 	 3.4724 	 801.7145 	 45.0000 	 0.5680 	 0.1162 	 0.7583 	 13.4235 	 1.5564 	 0.0000 	 1.4412 	 0.0000 
43.0000 	 0.0100 	 0.0485 	 0.5714 	 49.8408 	 1.6058 	 0.0000 	 3.4716 	 801.7145 	 43.0000 	 0.9486 	 0.8803 	 0.5466 	 1.9505 	 1.9011 	 0.0000 	 0.6532 	 0.0000 
47.0000 	 0.0597 	 0.3751 	 0.9597 	 1.0058 	 1.6065 	 0.0000 	 3.4720 	 801.7146 	 47.0000 	 0.7649 	 0.9261 	 0.9907 	 13.4046 	 4.7392 	 0.0000 	 0.8098 	 0.0000 
44.0000 	 0.0017 	 0.4443 	 0.2858 	 12.0279 	 1.6099 	 0.0000 	 3.4785 	 801.7285 	 44.0000 	 0.8669 	 0.9691 	 0.1683 	 7.0980 	 2.2551 	 0.0000 	 1.3518 	 0.0014 
44.0000 	 0.0051 	 0.1633 	 0.4239 	 34.2674 	 1.6059 	 0.0000 	 3.4726 	 801.7144 	 44.0000 	 0.1287 	 0.1827 	 0.4506 	 8.1041 	 1.0318 	 0.0000 	 1.9488 	 0.0003 
47.0000 	 0.0029 	 0.1118 	 1.0000 	 9.9862 	 1.6042 	 0.0000 	 3.4717 	 801.7146 	 47.0000 	 0.2017 	 0.0775 	 0.9521 	 2.9075 	 3.7398 	 0.0000 	 0.0539 	 0.0000 
44.0000 	 0.0042 	 0.7197 	 0.4646 	 3.0335 	 1.7135 	 0.0000 	 3.5815 	 802.1644 	 44.0000 	 0.2102 	 0.2719 	 0.8496 	 6.1075 	 2.6790 	 0.0000 	 2.5887 	 0.0000 
46.0000 	 0.0166 	 0.7990 	 0.5002 	 1.1011 	 1.6054 	 0.0000 	 3.4721 	 801.7147 	 46.0000 	 0.3476 	 0.0981 	 0.8980 	 3.1041 	 0.1606 	 0.0000 	 1.2378 	 0.0000 
43.0000 	 0.0012 	 0.5949 	 0.5781 	 49.8499 	 1.6048 	 0.0000 	 3.4724 	 801.7145 	 43.0000 	 0.5576 	 0.0811 	 0.9787 	 4.7541 	 4.5601 	 0.0000 	 1.1354 	 0.0000 
46.0000 	 0.0100 	 0.0072 	 1.0000 	 45.8246 	 1.6095 	 0.0000 	 3.4741 	 801.7149 	 46.0000 	 0.9139 	 0.5776 	 0.7376 	 12.8048 	 4.1922 	 0.0000 	 2.3863 	 0.0008 
47.0000 	 0.0323 	 0.3215 	 0.9614 	 1.4968 	 1.6079 	 0.0000 	 3.4745 	 801.7146 	 47.0000 	 0.2873 	 0.5846 	 0.2478 	 9.0437 	 4.4293 	 0.0000 	 0.3682 	 0.0000 
43.0000 	 0.3627 	 1.0000 	 1.0000 	 1.0000 	 1.7046 	 0.0000 	 3.4900 	 801.7535 	 43.0000 	 0.0937 	 0.3850 	 0.3656 	 1.1137 	 1.9677 	 0.0000 	 1.7107 	 0.0059 
42.0000 	 0.0379 	 0.9999 	 1.0000 	 6.9896 	 1.5331 	 0.0000 	 3.3647 	 802.1165 	 42.0000 	 0.8004 	 0.7716 	 0.4848 	 13.0782 	 3.0990 	 0.0000 	 0.4587 	 0.0000 
44.0000 	 0.0113 	 0.0673 	 0.9992 	 13.9454 	 1.6057 	 0.0000 	 3.4724 	 801.7145 	 44.0000 	 0.9693 	 0.3598 	 0.3472 	 4.4238 	 3.5294 	 0.0000 	 2.7408 	 0.0000 
43.0000 	 0.0044 	 0.3132 	 0.3629 	 19.0756 	 1.6056 	 0.0000 	 3.4706 	 801.7169 	 43.0000 	 0.8829 	 0.1796 	 0.4744 	 13.5347 	 0.9095 	 0.0000 	 0.4441 	 0.0000 
43.0000 	 0.1996 	 0.5077 	 0.9641 	 9.9684 	 1.6014 	 0.0000 	 3.4727 	 801.7139 	 43.0000 	 0.6635 	 0.8386 	 0.3941 	 13.3433 	 4.5904 	 0.0000 	 0.0206 	 0.0000 
42.0000 	 0.0019 	 1.0000 	 0.2672 	 8.5619 	 1.6280 	 0.0000 	 3.3376 	 802.2285 	 42.0000 	 0.6248 	 0.3404 	 0.9235 	 11.2611 	 3.1461 	 0.0000 	 2.1650 	 0.0001 
39.0000 	 0.0215 	 0.6686 	 0.6330 	 7.4184 	 1.5994 	 0.0000 	 3.4686 	 801.7147 	 39.0000 	 0.3252 	 0.9563 	 0.7447 	 6.3787 	 1.5671 	 0.0000 	 0.4525 	 0.0091 
43.0000 	 0.0071 	 0.2240 	 1.0000 	 13.7042 	 1.6055 	 0.0000 	 3.4728 	 801.7145 	 43.0000 	 0.3890 	 0.1557 	 0.2509 	 9.1695 	 4.4445 	 0.0000 	 2.6835 	 0.0000 
43.0000 	 0.0097 	 0.0573 	 0.8740 	 13.8766 	 1.6060 	 0.0000 	 3.4734 	 801.7144 	 43.0000 	 0.1148 	 0.6306 	 0.2734 	 8.2865 	 1.1019 	 0.0000 	 2.1109 	 0.0000 
43.0000 	 0.0285 	 0.6682 	 0.9008 	 32.1449 	 1.6059 	 0.0000 	 3.4719 	 801.7145 	 43.0000 	 0.0043 	 0.3018 	 0.9347 	 10.5217 	 0.3084 	 0.0000 	 1.4591 	 0.0000 
47.0000 	 0.0033 	 0.8988 	 0.3567 	 1.3583 	 1.5994 	 0.0000 	 3.4631 	 801.7188 	 47.0000 	 0.0984 	 0.3562 	 0.9156 	 4.3013 	 0.9351 	 0.0000 	 1.1024 	 0.0000 
42.0000 	 0.0046 	 1.0000 	 0.8014 	 25.4066 	 1.6068 	 0.0000 	 3.4732 	 801.7104 	 42.0000 	 0.0674 	 0.9800 	 0.2184 	 14.9457 	 3.8886 	 0.0000 	 0.6923 	 0.0000 
43.0000 	 0.0086 	 0.4473 	 0.5790 	 3.4237 	 1.5299 	 0.0000 	 3.4541 	 801.8395 	 43.0000 	 0.5728 	 0.8347 	 0.4623 	 4.2574 	 3.9427 	 0.0000 	 2.5487 	 0.0000 
44.0000 	 0.0019 	 0.1296 	 0.5992 	 31.0586 	 1.6059 	 0.0000 	 3.4761 	 801.7144 	 44.0000 	 0.8369 	 0.0768 	 0.4506 	 1.0732 	 2.6021 	 0.0000 	 2.0121 	 0.0000 
42.0000 	 0.0044 	 0.0281 	 1.0000 	 50.0000 	 1.6043 	 0.0000 	 3.4716 	 801.7146 	 42.0000 	 0.4664 	 0.7838 	 0.9584 	 9.5052 	 3.2495 	 0.0000 	 1.7203 	 0.0000 
44.0000 	 0.0010 	 0.9830 	 0.3771 	 43.6889 	 1.6060 	 0.0000 	 3.4730 	 801.7146 	 44.0000 	 0.7508 	 0.1844 	 0.8231 	 9.3150 	 1.3189 	 0.0000 	 0.1037 	 0.0000 
43.0000 	 0.0353 	 0.2651 	 0.6931 	 16.5070 	 1.6059 	 0.0000 	 3.4738 	 801.7146 	 43.0000 	 0.2125 	 0.6910 	 0.8507 	 5.4676 	 0.8715 	 0.0000 	 2.9041 	 0.0000 
44.0000 	 0.0012 	 0.0310 	 1.0000 	 14.5877 	 1.6074 	 0.0000 	 3.4723 	 801.7144 	 44.0000 	 0.7052 	 0.1187 	 0.0912 	 11.6895 	 2.4572 	 0.0000 	 2.3216 	 0.0000 
42.0000 	 0.0671 	 0.6277 	 0.9728 	 4.8109 	 1.6062 	 0.0000 	 3.4715 	 801.7144 	 42.0000 	 0.3166 	 0.4433 	 0.5460 	 2.4505 	 1.7399 	 0.0000 	 1.8957 	 0.0000 
42.0000 	 0.0050 	 0.5951 	 0.8857 	 31.7309 	 1.6071 	 0.0000 	 3.4692 	 801.7148 	 42.0000 	 0.5877 	 0.6407 	 0.6657 	 6.6537 	 3.5267 	 0.0000 	 2.3934 	 0.0000 
42.0000 	 0.0099 	 1.0000 	 1.0000 	 49.9119 	 1.5866 	 0.0000 	 3.3585 	 802.0493 	 42.0000 	 0.0621 	 0.1082 	 0.7649 	 5.8221 	 1.8475 	 0.0000 	 0.6825 	 0.0000 
40.0000 	 0.0011 	 0.8271 	 0.9990 	 1.0821 	 1.6118 	 0.0000 	 3.4789 	 801.7162 	 40.0000 	 0.7780 	 0.6489 	 0.6368 	 13.4456 	 3.4458 	 0.0000 	 2.4300 	 0.0000 
39.0000 	 0.0441 	 0.1320 	 0.9042 	 27.3096 	 1.6057 	 0.0000 	 3.4716 	 801.7145 	 39.0000 	 0.6094 	 0.0895 	 0.4222 	 2.2080 	 2.5631 	 0.0000 	 2.5287 	 0.0000 
40.0000 	 0.0010 	 0.0203 	 0.8449 	 35.7623 	 1.6051 	 0.0000 	 3.4719 	 801.7145 	 40.0000 	 0.1495 	 0.6202 	 0.2334 	 11.7815 	 3.2492 	 0.0000 	 2.4245 	 0.0000 
40.0000 	 0.0011 	 0.4719 	 0.4043 	 49.9999 	 1.6066 	 0.0000 	 3.4743 	 801.7150 	 40.0000 	 0.4280 	 0.7899 	 0.1967 	 4.2605 	 2.3055 	 0.0000 	 0.4423 	 0.0000 
47.0000 	 0.1312 	 0.4333 	 0.6151 	 49.0180 	 1.6027 	 0.0000 	 3.4740 	 801.7150 	 47.0000 	 0.7975 	 0.6442 	 0.9350 	 11.4446 	 4.3718 	 0.0000 	 2.4407 	 0.0000 
40.0000 	 0.0031 	 0.2177 	 0.4505 	 48.1943 	 1.6310 	 0.0000 	 3.4788 	 801.7271 	 40.0000 	 0.9901 	 0.4053 	 0.9006 	 13.6221 	 3.9799 	 0.0000 	 0.7029 	 0.0000 
44.0000 	 0.0022 	 0.9004 	 0.4610 	 3.2854 	 1.6106 	 0.0000 	 3.4732 	 801.7150 	 44.0000 	 0.4486 	 0.1510 	 0.3910 	 14.3195 	 3.5131 	 0.0000 	 0.8170 	 0.0000 
40.0000 	 0.0049 	 0.5120 	 0.5629 	 2.4079 	 1.7733 	 0.0000 	 3.5044 	 802.1662 	 40.0000 	 0.0754 	 0.4819 	 0.4806 	 3.6492 	 2.8584 	 0.0000 	 2.4545 	 0.0000 
40.0000 	 0.0024 	 0.1651 	 0.5520 	 19.4421 	 1.6285 	 0.0000 	 3.4733 	 801.7240 	 40.0000 	 0.6314 	 0.8904 	 0.2612 	 14.8000 	 3.2367 	 0.0000 	 2.1401 	 0.0000 
39.0000 	 0.0018 	 0.7879 	 0.4483 	 1.8133 	 1.6044 	 0.0000 	 3.4725 	 801.7147 	 39.0000 	 0.4817 	 0.8936 	 0.5456 	 11.8016 	 2.1986 	 0.0000 	 0.8502 	 0.0001 
41.0000 	 0.0085 	 0.3827 	 0.7519 	 4.2649 	 1.6217 	 0.0000 	 3.4623 	 801.7103 	 41.0000 	 0.5677 	 0.2035 	 0.0521 	 7.7357 	 0.6513 	 0.0000 	 0.3015 	 0.0000 
38.0000 	 0.0021 	 0.7606 	 0.4047 	 15.5862 	 1.6064 	 0.0000 	 3.4688 	 801.7156 	 38.0000 	 0.4616 	 0.6441 	 0.5373 	 5.2181 	 1.8194 	 0.0000 	 0.3091 	 0.0005 
39.0000 	 0.0047 	 0.5426 	 0.6924 	 1.2001 	 1.6026 	 0.0000 	 3.4722 	 801.7148 	 39.0000 	 0.1899 	 0.0669 	 0.0086 	 5.8785 	 4.3138 	 0.0000 	 1.0585 	 0.0000 
40.0000 	 0.0450 	 0.8262 	 0.9973 	 9.3704 	 1.6046 	 0.0000 	 3.4732 	 801.7145 	 40.0000 	 0.8833 	 0.8951 	 0.4310 	 13.3806 	 4.6453 	 0.0000 	 0.4275 	 0.0000 
42.0000 	 0.0140 	 0.4205 	 1.0000 	 1.8798 	 1.5866 	 0.0000 	 3.4824 	 801.7242 	 42.0000 	 0.0988 	 0.3055 	 0.1635 	 3.6705 	 0.5819 	 0.0000 	 1.5192 	 0.0004 
41.0000 	 0.0020 	 0.2753 	 0.9459 	 50.0000 	 1.6057 	 0.0000 	 3.4718 	 801.7145 	 41.0000 	 0.0778 	 0.7834 	 0.0992 	 6.0851 	 1.2462 	 0.0000 	 2.7659 	 0.0000 
44.0000 	 0.0459 	 0.5294 	 0.9999 	 1.7276 	 1.6026 	 0.0000 	 3.4818 	 801.7168 	 44.0000 	 0.5206 	 0.2882 	 0.1894 	 12.1208 	 3.8203 	 0.0000 	 0.6028 	 0.0000 
41.0000 	 0.0021 	 0.8505 	 0.9933 	 1.1986 	 1.7459 	 0.0000 	 3.4907 	 802.0328 	 41.0000 	 0.2467 	 0.7207 	 0.7160 	 2.0828 	 1.7682 	 0.0000 	 0.2691 	 0.0000 
40.0000 	 0.0485 	 0.9868 	 0.9992 	 1.9125 	 1.5909 	 0.0000 	 3.4345 	 801.7536 	 40.0000 	 0.8968 	 0.5750 	 0.3478 	 7.4845 	 1.6246 	 0.0000 	 2.6142 	 0.0000 
42.0000 	 0.0064 	 0.1782 	 0.9856 	 14.6735 	 1.6019 	 0.0000 	 3.4747 	 801.7147 	 42.0000 	 0.3873 	 0.9812 	 0.5515 	 4.2363 	 1.7079 	 0.0000 	 0.4873 	 0.0000 
39.0000 	 0.0010 	 0.0712 	 0.9955 	 14.9508 	 1.5921 	 0.0000 	 3.4780 	 801.7304 	 39.0000 	 0.6229 	 0.3249 	 0.2122 	 10.5480 	 2.0212 	 0.0000 	 0.4446 	 0.0012 
41.0000 	 0.0010 	 0.0855 	 0.9475 	 49.9986 	 1.5047 	 0.0000 	 3.4658 	 801.9289 	 41.0000 	 0.0143 	 0.6194 	 0.4539 	 10.9802 	 3.0470 	 0.0000 	 0.8673 	 0.0000 
41.0000 	 0.0010 	 0.8049 	 0.5861 	 31.8830 	 1.6057 	 0.0000 	 3.4721 	 801.7145 	 41.0000 	 0.3291 	 0.8184 	 0.4913 	 8.4365 	 4.2040 	 0.0000 	 1.0183 	 0.0000 
37.0000 	 0.1151 	 0.4914 	 0.9157 	 11.2332 	 1.6065 	 0.0000 	 3.4722 	 801.7145 	 37.0000 	 0.8314 	 0.0040 	 0.8554 	 2.6269 	 0.9687 	 0.0000 	 0.0265 	 0.0000 
40.0000 	 0.0033 	 0.4166 	 0.4575 	 5.3877 	 1.6054 	 0.0000 	 3.4728 	 801.7146 	 40.0000 	 0.5808 	 0.8371 	 0.2395 	 9.2088 	 0.0862 	 0.0000 	 2.0887 	 0.0001 
39.0000 	 0.0146 	 0.8635 	 1.0000 	 37.3654 	 1.6058 	 0.0000 	 3.4957 	 801.7264 	 39.0000 	 0.6296 	 0.8661 	 0.9401 	 13.3679 	 3.6864 	 0.0000 	 2.9807 	 0.0000 
39.0000 	 0.0437 	 0.0900 	 0.9903 	 42.8526 	 1.6068 	 0.0000 	 3.4725 	 801.7145 	 39.0000 	 0.5974 	 0.5022 	 0.4585 	 1.6119 	 1.7559 	 0.0000 	 1.3441 	 0.0000 
37.0000 	 0.0021 	 0.4232 	 0.4658 	 6.4195 	 1.6057 	 0.0000 	 3.4714 	 801.7148 	 37.0000 	 0.1949 	 0.6483 	 0.6162 	 8.6680 	 3.1600 	 0.0000 	 1.8674 	 0.0000 
37.0000 	 0.0155 	 0.9734 	 1.0000 	 15.4747 	 1.6570 	 0.0000 	 3.5773 	 802.0083 	 37.0000 	 0.1646 	 0.0977 	 0.7134 	 4.9702 	 3.1972 	 0.0000 	 1.4629 	 0.0000 
38.0000 	 0.0207 	 0.9144 	 0.5691 	 4.7319 	 1.6057 	 0.0000 	 3.4710 	 801.7146 	 38.0000 	 0.7860 	 0.9108 	 0.5927 	 12.3642 	 1.9458 	 0.0000 	 2.8402 	 0.0000 
37.0000 	 0.0018 	 0.7321 	 0.6830 	 4.9833 	 1.6044 	 0.0000 	 3.4719 	 801.7138 	 37.0000 	 0.0825 	 0.5539 	 0.1908 	 6.1860 	 3.4831 	 0.0000 	 1.2262 	 0.0000 
37.0000 	 0.0010 	 0.4724 	 0.4502 	 11.5887 	 1.6052 	 0.0000 	 3.4727 	 801.7146 	 37.0000 	 0.4714 	 0.7922 	 0.7901 	 5.0540 	 1.8696 	 0.0000 	 1.7594 	 0.0000 
41.0000 	 0.0010 	 0.3604 	 0.6690 	 2.1412 	 1.6056 	 0.0000 	 3.4722 	 801.7145 	 41.0000 	 0.0338 	 0.8485 	 0.2819 	 10.0925 	 1.2490 	 0.0000 	 1.1438 	 0.0000 
37.0000 	 0.0305 	 0.2458 	 0.8574 	 8.2640 	 1.6094 	 0.0000 	 3.4698 	 801.7149 	 37.0000 	 0.5914 	 0.7601 	 0.6934 	 5.0742 	 0.6044 	 0.0000 	 2.7083 	 0.0000 
36.0000 	 0.0047 	 0.5647 	 0.7098 	 12.4377 	 1.6042 	 0.0000 	 3.4736 	 801.7146 	 36.0000 	 0.5135 	 0.8521 	 0.7660 	 2.3495 	 1.2867 	 0.0000 	 2.9876 	 0.0000 
39.0000 	 0.0010 	 0.0040 	 1.0000 	 49.9656 	 1.6403 	 0.0000 	 3.5068 	 801.7910 	 39.0000 	 0.2923 	 0.1640 	 0.9325 	 1.4729 	 3.0195 	 0.0000 	 1.5427 	 0.0012 
38.0000 	 0.0034 	 0.2162 	 0.5161 	 41.3162 	 1.6726 	 0.0000 	 3.4974 	 801.8052 	 38.0000 	 0.7403 	 0.6059 	 0.5295 	 4.9593 	 3.2978 	 0.0000 	 2.5574 	 0.0000 
33.0000 	 0.0505 	 0.9936 	 0.9952 	 1.1649 	 1.6056 	 0.0000 	 3.4728 	 801.7145 	 33.0000 	 0.4863 	 0.5369 	 0.0790 	 3.8996 	 2.5519 	 0.0000 	 2.2773 	 0.0000 
41.0000 	 0.0190 	 0.0178 	 1.0000 	 49.3378 	 1.5719 	 0.0000 	 3.4743 	 801.6896 	 41.0000 	 0.2320 	 0.6317 	 0.0073 	 13.2286 	 0.2001 	 0.0000 	 0.2555 	 0.0023 
42.0000 	 0.0011 	 0.0667 	 0.8505 	 48.6502 	 1.6056 	 0.0000 	 3.4724 	 801.7123 	 42.0000 	 0.8883 	 0.3357 	 0.1438 	 13.3734 	 1.6877 	 0.0000 	 0.9335 	 0.0000 
41.0000 	 0.0022 	 0.8730 	 0.5974 	 17.5219 	 1.6052 	 0.0000 	 3.4726 	 801.7145 	 41.0000 	 0.7439 	 0.6743 	 0.0931 	 9.7522 	 1.7934 	 0.0000 	 1.6382 	 0.0000 
38.0000 	 0.0130 	 0.2879 	 0.6583 	 6.1210 	 1.6043 	 0.0000 	 3.4724 	 801.7145 	 38.0000 	 0.4287 	 0.6663 	 0.3040 	 1.5245 	 0.4436 	 0.0000 	 0.1466 	 0.0000 
38.0000 	 0.1235 	 0.3718 	 0.8680 	 49.7143 	 1.5856 	 0.0000 	 3.4701 	 801.7231 	 38.0000 	 0.5661 	 0.9893 	 0.1045 	 14.7380 	 0.1288 	 0.0000 	 1.1112 	 0.0010 
36.0000 	 0.0024 	 0.9985 	 0.4468 	 3.5575 	 1.6063 	 0.0000 	 3.4732 	 801.7149 	 36.0000 	 0.1747 	 0.8259 	 0.2087 	 12.4268 	 2.8056 	 0.0000 	 1.8905 	 0.0000 
36.0000 	 0.1877 	 0.4619 	 1.0000 	 3.7470 	 1.4969 	 0.0000 	 3.2930 	 802.8211 	 36.0000 	 0.3223 	 0.4983 	 0.3939 	 10.5784 	 0.1573 	 0.0000 	 0.0350 	 0.0000 
39.0000 	 0.0029 	 0.5578 	 0.6310 	 1.1995 	 1.6056 	 0.0000 	 3.4727 	 801.7148 	 39.0000 	 0.4182 	 0.0778 	 0.9099 	 8.9301 	 3.9044 	 0.0000 	 0.3891 	 0.0000 
34.0000 	 0.0010 	 0.0674 	 0.6911 	 46.8262 	 1.6064 	 0.0000 	 3.4732 	 801.7143 	 34.0000 	 0.3436 	 0.8268 	 0.6504 	 9.8986 	 3.9200 	 0.0000 	 0.9282 	 0.0000 
33.0000 	 0.0193 	 0.8022 	 0.9985 	 41.4783 	 1.6051 	 0.0000 	 3.4725 	 801.7145 	 33.0000 	 0.1938 	 0.9401 	 0.8273 	 3.5879 	 0.1638 	 0.0000 	 1.1612 	 0.0000 
40.0000 	 0.0016 	 0.0910 	 0.9954 	 4.7470 	 1.6053 	 0.0000 	 3.4722 	 801.7059 	 40.0000 	 0.3303 	 0.4148 	 0.8245 	 13.3313 	 2.0660 	 0.0000 	 2.5914 	 0.0000 
36.0000 	 0.0440 	 0.4339 	 0.7587 	 3.4031 	 1.5609 	 0.0000 	 3.5122 	 801.7907 	 36.0000 	 0.3045 	 0.2506 	 0.0961 	 2.7914 	 3.4458 	 0.0000 	 2.5217 	 0.0000 
39.0000 	 0.0010 	 0.1702 	 1.0000 	 6.0482 	 1.6369 	 0.0000 	 3.5086 	 801.7622 	 39.0000 	 0.3254 	 0.3178 	 0.4102 	 14.7860 	 3.1502 	 0.0000 	 0.2219 	 0.0000 
37.0000 	 0.0827 	 0.3158 	 1.0000 	 13.5535 	 1.5102 	 0.0000 	 3.4590 	 801.8961 	 37.0000 	 0.1813 	 0.6522 	 0.7845 	 10.1077 	 1.5655 	 0.0000 	 1.6832 	 0.0000 
37.0000 	 0.0036 	 0.0552 	 0.8610 	 11.1704 	 1.6042 	 0.0000 	 3.4731 	 801.7146 	 37.0000 	 0.8401 	 0.4859 	 0.5190 	 6.2650 	 0.4413 	 0.0000 	 2.8544 	 0.0000 
38.0000 	 0.0221 	 0.1329 	 0.8477 	 23.7862 	 1.6053 	 0.0000 	 3.4723 	 801.7145 	 38.0000 	 0.8704 	 0.5212 	 0.4720 	 4.1197 	 1.6699 	 0.0000 	 1.9437 	 0.0000 
37.0000 	 0.0014 	 0.9325 	 0.5013 	 3.7336 	 1.6055 	 0.0000 	 3.4731 	 801.7145 	 37.0000 	 0.5857 	 0.5125 	 0.6685 	 10.6637 	 0.5261 	 0.0000 	 1.3236 	 0.0000 
34.0000 	 0.0010 	 0.1669 	 0.4519 	 32.4302 	 1.6049 	 0.0000 	 3.4729 	 801.7147 	 34.0000 	 0.7587 	 0.4974 	 0.3927 	 3.9157 	 1.2744 	 0.0000 	 2.1667 	 0.0000 
34.0000 	 0.0633 	 0.4261 	 0.9686 	 13.1949 	 1.6078 	 0.0000 	 3.4724 	 801.7146 	 34.0000 	 0.0832 	 0.2550 	 0.7605 	 1.5808 	 4.0891 	 0.0000 	 1.0422 	 0.0000 
36.0000 	 0.1151 	 0.5257 	 0.8127 	 6.9350 	 1.6124 	 0.0000 	 3.3811 	 801.9247 	 36.0000 	 0.1306 	 0.5670 	 0.1666 	 1.7698 	 4.4761 	 0.0000 	 1.6693 	 0.0013 
34.0000 	 0.0025 	 0.0189 	 0.6440 	 48.2341 	 1.6000 	 0.0000 	 3.4408 	 801.7354 	 34.0000 	 0.7671 	 0.6222 	 0.0317 	 14.7434 	 0.1448 	 0.0000 	 2.7612 	 0.0011 
34.0000 	 0.0123 	 0.3008 	 0.6973 	 9.2751 	 1.6048 	 0.0000 	 3.4722 	 801.7145 	 34.0000 	 0.5880 	 0.8771 	 0.6339 	 12.3931 	 3.7133 	 0.0000 	 1.1884 	 0.0000 
35.0000 	 0.0012 	 0.1715 	 0.7699 	 14.7051 	 1.6021 	 0.0000 	 3.4717 	 801.7146 	 35.0000 	 0.8541 	 0.4885 	 0.3451 	 14.8718 	 4.5450 	 0.0000 	 2.2941 	 0.0000 
36.0000 	 0.0021 	 0.0217 	 0.8577 	 47.0325 	 1.6233 	 0.0000 	 3.4094 	 801.8190 	 36.0000 	 0.1535 	 0.0380 	 0.9828 	 10.8916 	 1.2848 	 0.0000 	 0.5183 	 0.0000 
33.0000 	 0.0040 	 0.1206 	 0.6909 	 35.7144 	 1.6293 	 0.0000 	 3.4807 	 801.7263 	 33.0000 	 0.9490 	 0.1612 	 0.0190 	 4.0908 	 0.5029 	 0.0000 	 0.6056 	 0.0002 
31.0000 	 0.0011 	 0.8980 	 0.5374 	 1.2035 	 1.6065 	 0.0000 	 3.4721 	 801.7146 	 31.0000 	 0.6526 	 0.7304 	 0.0723 	 6.8150 	 4.2826 	 0.0000 	 1.0366 	 0.0000 
38.0000 	 0.0059 	 0.4705 	 0.9985 	 5.5371 	 1.6048 	 0.0000 	 3.4759 	 801.6522 	 38.0000 	 0.5877 	 0.6454 	 0.4678 	 8.3307 	 4.1405 	 0.0000 	 1.4724 	 0.0000 
41.0000 	 0.1216 	 0.9557 	 0.6387 	 7.1005 	 1.6051 	 0.0000 	 3.4732 	 801.7150 	 41.0000 	 0.2911 	 0.0941 	 0.5474 	 3.4625 	 4.3119 	 0.0000 	 0.1414 	 0.0000 
33.0000 	 0.0307 	 0.9818 	 0.6153 	 1.0778 	 1.6055 	 0.0000 	 3.4714 	 801.7147 	 33.0000 	 0.0419 	 0.2607 	 0.6824 	 5.6814 	 1.1290 	 0.0000 	 1.7799 	 0.0000 
35.0000 	 0.0010 	 0.6230 	 0.6025 	 39.0781 	 1.6100 	 0.0000 	 3.4734 	 801.7147 	 35.0000 	 0.5159 	 0.7947 	 0.0738 	 4.7733 	 2.6417 	 0.0000 	 1.1433 	 0.0007 
32.0000 	 0.0243 	 0.9975 	 0.9507 	 4.4972 	 1.5768 	 0.0000 	 3.4314 	 801.7712 	 32.0000 	 0.5973 	 0.9619 	 0.8912 	 13.0201 	 3.6568 	 0.0000 	 1.6910 	 0.0006 
31.0000 	 0.0057 	 0.3562 	 0.8075 	 8.4433 	 1.6018 	 0.0000 	 3.4744 	 801.7151 	 31.0000 	 0.9434 	 0.9010 	 0.0957 	 11.1170 	 3.5484 	 0.0000 	 1.9047 	 0.0000 
35.0000 	 0.0272 	 1.0000 	 1.0000 	 1.8692 	 1.7265 	 0.0000 	 3.5577 	 802.1069 	 35.0000 	 0.1477 	 0.9421 	 0.7148 	 3.1640 	 1.1784 	 0.0000 	 0.2726 	 0.0000 
36.0000 	 0.0133 	 0.1880 	 0.9578 	 25.6841 	 1.6068 	 0.0000 	 3.4727 	 801.6988 	 36.0000 	 0.2034 	 0.5926 	 0.1748 	 10.5269 	 1.5363 	 0.0000 	 1.9921 	 0.0000 
32.0000 	 0.0019 	 0.1260 	 0.6638 	 36.9675 	 1.5951 	 0.0000 	 3.4746 	 801.7102 	 32.0000 	 0.4603 	 0.1255 	 0.1902 	 4.1766 	 3.0089 	 0.0000 	 0.2303 	 0.0000 
38.0000 	 0.0762 	 0.3474 	 0.9862 	 2.5402 	 1.6053 	 0.0000 	 3.4729 	 801.7145 	 38.0000 	 0.8118 	 0.6677 	 0.8785 	 5.0775 	 0.5459 	 0.0000 	 2.7204 	 0.0000 
34.0000 	 0.0093 	 0.9964 	 0.5626 	 9.8002 	 1.6056 	 0.0000 	 3.4726 	 801.7146 	 34.0000 	 0.9833 	 0.8037 	 0.2256 	 3.6836 	 2.1236 	 0.0000 	 0.1506 	 0.0000 
34.0000 	 0.0155 	 0.0359 	 0.9994 	 34.7407 	 1.6258 	 0.0000 	 3.4876 	 801.7273 	 34.0000 	 0.6094 	 0.7187 	 0.3273 	 6.6139 	 3.7866 	 0.0000 	 0.0511 	 0.0002 
30.0000 	 0.0078 	 0.9864 	 0.8554 	 49.9176 	 1.6060 	 0.0000 	 3.4733 	 801.7145 	 30.0000 	 0.4017 	 0.4230 	 0.7077 	 4.7983 	 4.8623 	 0.0000 	 0.6050 	 0.0000 
38.0000 	 0.0027 	 0.2903 	 1.0000 	 15.7342 	 1.6464 	 0.0000 	 3.4789 	 801.7450 	 38.0000 	 0.9040 	 0.5152 	 0.0034 	 11.2223 	 4.9441 	 0.0000 	 0.1231 	 0.0002 
33.0000 	 0.0016 	 0.1498 	 0.5705 	 7.2001 	 1.6040 	 0.0000 	 3.4684 	 801.7158 	 33.0000 	 0.1644 	 0.0037 	 0.7137 	 2.9928 	 2.9474 	 0.0000 	 2.4685 	 0.0000 
32.0000 	 0.0030 	 0.9287 	 0.4633 	 11.3117 	 1.5868 	 0.0000 	 3.4646 	 801.7253 	 32.0000 	 0.5724 	 0.0632 	 0.8797 	 1.1332 	 1.4792 	 0.0000 	 0.9442 	 0.0000 
28.0000 	 0.0013 	 0.5071 	 0.5405 	 23.4691 	 1.6059 	 0.0000 	 3.4726 	 801.7146 	 28.0000 	 0.8830 	 0.7325 	 0.2827 	 6.0551 	 4.7985 	 0.0000 	 1.7981 	 0.0000 
32.0000 	 0.0038 	 0.2451 	 0.5767 	 9.5269 	 1.6069 	 0.0000 	 3.4720 	 801.7145 	 32.0000 	 0.6282 	 0.6295 	 0.5132 	 1.5282 	 1.7857 	 0.0000 	 2.8422 	 0.0000 
35.0000 	 0.0591 	 0.0578 	 0.7004 	 37.7652 	 1.5990 	 0.0000 	 3.4873 	 801.7198 	 35.0000 	 0.1566 	 0.4674 	 0.3885 	 11.6757 	 3.1438 	 0.0000 	 0.4518 	 0.0000 
37.0000 	 0.0016 	 0.9659 	 0.4240 	 6.1051 	 1.6054 	 0.0000 	 3.4729 	 801.7149 	 37.0000 	 0.4857 	 0.5907 	 0.8945 	 7.5588 	 0.0482 	 0.0000 	 1.5020 	 0.0000 
38.0000 	 0.0010 	 0.2307 	 0.6736 	 7.4239 	 1.6036 	 0.0000 	 3.4742 	 801.7145 	 38.0000 	 0.0029 	 0.7376 	 0.0945 	 1.9944 	 2.1291 	 0.0000 	 1.2288 	 0.0000 
31.0000 	 0.0043 	 0.4699 	 0.5280 	 5.2889 	 1.5653 	 0.0000 	 3.4719 	 801.7457 	 31.0000 	 0.8981 	 0.0869 	 0.0249 	 4.8846 	 1.7397 	 0.0000 	 0.7058 	 0.0000 
33.0000 	 0.0036 	 0.4160 	 0.7401 	 1.5513 	 1.6141 	 0.0000 	 3.4741 	 801.7167 	 33.0000 	 0.9128 	 0.7378 	 0.1789 	 1.9192 	 2.4927 	 0.0000 	 2.7352 	 0.0000 
36.0000 	 0.0163 	 0.0483 	 0.9654 	 11.2150 	 1.6037 	 0.0000 	 3.4759 	 801.7149 	 36.0000 	 0.7841 	 0.8269 	 0.1053 	 10.2310 	 2.2773 	 0.0000 	 0.1795 	 0.0000 
32.0000 	 0.0269 	 0.1834 	 0.9905 	 26.3018 	 1.6089 	 0.0000 	 3.4711 	 801.7148 	 32.0000 	 0.6208 	 0.2530 	 0.0939 	 14.5655 	 1.8295 	 0.0000 	 0.4422 	 0.0000 
34.0000 	 0.1705 	 0.7702 	 0.7976 	 9.0308 	 1.6054 	 0.0000 	 3.4723 	 801.7147 	 34.0000 	 0.2813 	 0.7580 	 0.9087 	 8.3935 	 2.0981 	 0.0000 	 0.4799 	 0.0000 
35.0000 	 0.0010 	 0.3445 	 1.0000 	 1.1541 	 1.6063 	 0.0000 	 3.4657 	 801.7154 	 35.0000 	 0.1447 	 0.0765 	 0.3612 	 4.9821 	 3.4238 	 0.0000 	 0.2841 	 0.0000 
35.0000 	 0.0013 	 0.9823 	 0.4810 	 9.8002 	 1.6069 	 0.0000 	 3.4721 	 801.7146 	 35.0000 	 0.1678 	 0.5953 	 0.9362 	 7.3529 	 4.5810 	 0.0000 	 2.3857 	 0.0000 
34.0000 	 0.3092 	 0.8885 	 0.9940 	 39.0392 	 1.6053 	 0.0000 	 3.4725 	 801.7145 	 34.0000 	 0.1890 	 0.9711 	 0.2498 	 7.9057 	 4.0709 	 0.0000 	 0.3531 	 0.0000 
30.0000 	 0.0029 	 0.5253 	 0.5834 	 4.4401 	 1.6062 	 0.0000 	 3.4720 	 801.7145 	 30.0000 	 0.6891 	 0.3493 	 0.6044 	 4.2786 	 4.6353 	 0.0000 	 0.8882 	 0.0000 
27.0000 	 0.0292 	 0.9741 	 0.7856 	 11.0116 	 1.6112 	 0.0000 	 3.4763 	 801.7155 	 27.0000 	 0.5070 	 0.7642 	 0.6234 	 4.2399 	 4.2324 	 0.0000 	 2.3263 	 0.0000 
27.0000 	 0.0078 	 0.0506 	 0.7616 	 49.9999 	 1.6045 	 0.0000 	 3.4722 	 801.7146 	 27.0000 	 0.2252 	 0.9441 	 0.1739 	 6.9952 	 4.3308 	 0.0000 	 2.5336 	 0.0000 
29.0000 	 0.0036 	 0.2188 	 0.6177 	 50.0000 	 1.6047 	 0.0000 	 3.4724 	 801.7143 	 29.0000 	 0.2885 	 0.8744 	 0.1011 	 6.4397 	 2.7988 	 0.0000 	 1.4913 	 0.0000 
27.0000 	 0.0012 	 0.6560 	 1.0000 	 11.7825 	 1.6049 	 0.0000 	 3.4734 	 801.7146 	 27.0000 	 0.5915 	 0.1995 	 0.0393 	 10.8920 	 2.9462 	 0.0000 	 0.1628 	 0.0000 
24.0000 	 0.0073 	 0.1523 	 0.6905 	 48.4649 	 1.6065 	 0.0000 	 3.4727 	 801.7146 	 24.0000 	 0.8299 	 0.3223 	 0.1313 	 7.3006 	 4.0269 	 0.0000 	 2.4457 	 0.0000 
41.0000 	 0.0010 	 0.0572 	 0.4430 	 40.5408 	 1.7001 	 0.0000 	 3.5074 	 801.8892 	 41.0000 	 0.9327 	 0.6451 	 0.3465 	 1.5977 	 2.9854 	 0.0000 	 0.6126 	 0.0000 
31.0000 	 0.0014 	 0.0476 	 1.0000 	 6.7991 	 1.6040 	 0.0000 	 3.4813 	 801.7177 	 31.0000 	 0.4162 	 0.8783 	 0.3466 	 8.0665 	 2.0840 	 0.0000 	 0.0587 	 0.0069 
28.0000 	 0.0034 	 0.8224 	 0.9747 	 2.2480 	 1.6049 	 0.0000 	 3.4736 	 801.7146 	 28.0000 	 0.9898 	 0.5666 	 0.3094 	 14.9448 	 0.9264 	 0.0000 	 0.1589 	 0.0000 
32.0000 	 0.0269 	 0.2893 	 0.8698 	 22.7445 	 1.6067 	 0.0000 	 3.4750 	 801.7147 	 32.0000 	 0.7439 	 0.8145 	 0.1061 	 13.9146 	 1.2576 	 0.0000 	 0.9334 	 0.0000 
30.0000 	 0.1838 	 0.9559 	 0.9355 	 3.1450 	 1.6050 	 0.0000 	 3.4741 	 801.7145 	 30.0000 	 0.4300 	 0.3791 	 0.9578 	 6.7156 	 0.7612 	 0.0000 	 2.6759 	 0.0000 
31.0000 	 0.0335 	 0.2178 	 0.5732 	 14.8523 	 1.6056 	 0.0000 	 3.4724 	 801.7162 	 31.0000 	 0.8982 	 0.7613 	 0.1117 	 5.8486 	 3.1750 	 0.0000 	 1.2427 	 0.0000 
27.0000 	 0.0010 	 0.1241 	 0.6311 	 11.8356 	 1.6990 	 0.0000 	 3.4482 	 801.8781 	 27.0000 	 0.6402 	 0.1805 	 0.6158 	 8.1094 	 3.7204 	 0.0000 	 2.7618 	 0.0000 
28.0000 	 0.0068 	 0.1132 	 0.7787 	 49.9997 	 1.5920 	 0.0000 	 3.5113 	 801.7537 	 28.0000 	 0.3689 	 0.2612 	 0.2376 	 9.7498 	 3.1536 	 0.0000 	 0.8518 	 0.0000 
33.0000 	 0.0297 	 1.0000 	 1.0000 	 19.5409 	 1.6149 	 0.0000 	 3.5160 	 801.7605 	 33.0000 	 0.0876 	 0.6581 	 0.1737 	 7.2083 	 4.6027 	 0.0000 	 0.4680 	 0.0000 
35.0000 	 0.0017 	 0.5083 	 0.5218 	 3.7411 	 1.6051 	 0.0000 	 3.4732 	 801.7146 	 35.0000 	 0.8679 	 0.3009 	 0.2910 	 5.9480 	 3.8523 	 0.0000 	 1.0477 	 0.0000 
33.0000 	 0.0298 	 0.9952 	 0.6552 	 14.2566 	 1.5844 	 0.0000 	 3.4602 	 801.7267 	 33.0000 	 0.4397 	 0.3722 	 0.1312 	 11.3089 	 4.3740 	 0.0000 	 2.3340 	 0.0000 
33.0000 	 0.0046 	 0.6357 	 0.7118 	 1.0309 	 1.6058 	 0.0000 	 3.4733 	 801.7147 	 33.0000 	 0.0127 	 0.7802 	 0.6113 	 12.5054 	 1.5349 	 0.0000 	 2.7700 	 0.0000 
27.0000 	 0.0028 	 0.1906 	 1.0000 	 3.8922 	 1.5419 	 0.0000 	 3.4395 	 801.8227 	 27.0000 	 0.2182 	 0.0646 	 0.1153 	 10.0619 	 4.0499 	 0.0000 	 1.7255 	 0.0000 
33.0000 	 0.0011 	 0.8838 	 0.5232 	 1.5225 	 1.6060 	 0.0000 	 3.4709 	 801.7147 	 33.0000 	 0.7554 	 0.1913 	 0.8435 	 14.4572 	 4.4561 	 0.0000 	 1.7079 	 0.0000 
29.0000 	 0.0153 	 0.5972 	 0.7158 	 2.9301 	 1.5601 	 0.0000 	 3.5010 	 801.7742 	 29.0000 	 0.3653 	 0.7775 	 0.8277 	 14.3351 	 3.5897 	 0.0000 	 1.7353 	 0.0000 
26.0000 	 0.0010 	 0.3347 	 0.9696 	 2.6172 	 1.6052 	 0.0000 	 3.4729 	 801.7135 	 26.0000 	 0.4484 	 0.2020 	 0.3707 	 11.1684 	 4.1283 	 0.0000 	 1.4821 	 0.0000 
30.0000 	 0.0020 	 0.3306 	 0.6050 	 2.1126 	 1.4876 	 0.0000 	 3.5208 	 802.0762 	 30.0000 	 0.6633 	 0.1698 	 0.2870 	 6.0527 	 2.3739 	 0.0000 	 2.7446 	 0.0001 
35.0000 	 0.0042 	 0.6710 	 0.7903 	 1.9492 	 1.6056 	 0.0000 	 3.4720 	 801.7137 	 35.0000 	 0.9126 	 0.2035 	 0.8873 	 8.1394 	 3.8821 	 0.0000 	 2.5946 	 0.0000 
36.0000 	 0.0023 	 0.4416 	 0.5513 	 28.5881 	 1.6022 	 0.0000 	 3.4710 	 801.7148 	 36.0000 	 0.4224 	 0.6842 	 0.5834 	 9.6647 	 3.1163 	 0.0000 	 1.9942 	 0.0000 
26.0000 	 0.0108 	 0.2169 	 0.8295 	 10.4116 	 1.5967 	 0.0000 	 3.4736 	 801.7160 	 26.0000 	 0.2925 	 0.5223 	 0.3640 	 1.1511 	 3.4982 	 0.0000 	 1.2661 	 0.0000 
32.0000 	 0.1232 	 0.2663 	 0.9864 	 49.9926 	 1.6054 	 0.0000 	 3.4723 	 801.7145 	 32.0000 	 0.7392 	 0.6352 	 0.3023 	 11.8647 	 3.7362 	 0.0000 	 2.3185 	 0.0000 
31.0000 	 0.0090 	 0.3003 	 1.0000 	 5.5393 	 1.6048 	 0.0000 	 3.4736 	 801.7137 	 31.0000 	 0.3802 	 0.9749 	 0.1672 	 6.1543 	 0.5967 	 0.0000 	 2.7017 	 0.0000 
23.0000 	 0.0043 	 0.7763 	 0.8319 	 2.5750 	 1.6011 	 0.0000 	 3.4793 	 801.7160 	 23.0000 	 0.1233 	 0.7010 	 0.9917 	 6.9194 	 0.0970 	 0.0000 	 0.6148 	 0.0000 
26.0000 	 0.0136 	 0.0575 	 0.8369 	 24.0724 	 1.6052 	 0.0000 	 3.4751 	 801.7147 	 26.0000 	 0.0547 	 0.7920 	 0.7897 	 14.9639 	 4.1048 	 0.0000 	 0.7670 	 0.0000 
32.0000 	 0.0104 	 0.1851 	 0.7164 	 7.3073 	 1.6352 	 0.0000 	 3.4560 	 801.7371 	 32.0000 	 0.3992 	 0.9767 	 0.8974 	 4.6463 	 2.7905 	 0.0000 	 2.2950 	 0.0000 
27.0000 	 0.0010 	 0.2090 	 0.9065 	 12.3572 	 1.6054 	 0.0000 	 3.4720 	 801.7143 	 27.0000 	 0.6545 	 0.8339 	 0.4304 	 5.1373 	 0.0702 	 0.0000 	 1.4878 	 0.0000 
30.0000 	 0.1949 	 0.5715 	 1.0000 	 2.5614 	 1.6242 	 0.0000 	 3.4954 	 801.7331 	 30.0000 	 0.8897 	 0.2771 	 0.8712 	 13.7060 	 4.3611 	 0.0000 	 2.1850 	 0.0000 
26.0000 	 0.0013 	 0.4907 	 0.7333 	 5.9335 	 1.7382 	 0.0000 	 3.4822 	 801.9979 	 26.0000 	 0.5235 	 0.5208 	 0.9019 	 8.3302 	 0.1898 	 0.0000 	 2.7458 	 0.0000 
29.0000 	 0.0034 	 0.4408 	 0.9854 	 27.8654 	 1.6050 	 0.0000 	 3.4729 	 801.7141 	 29.0000 	 0.2222 	 0.7096 	 0.8522 	 14.7066 	 3.0317 	 0.0000 	 1.9741 	 0.0000 
25.0000 	 0.0278 	 0.1575 	 0.9916 	 2.2395 	 1.9171 	 0.0000 	 3.4200 	 803.1852 	 25.0000 	 0.5994 	 0.5591 	 0.4703 	 10.7431 	 0.7288 	 0.0000 	 0.4022 	 0.0013 
21.0000 	 0.0096 	 1.0000 	 0.9475 	 19.5344 	 1.7586 	 0.0000 	 3.5021 	 802.0971 	 21.0000 	 0.4011 	 0.8230 	 0.8286 	 13.0083 	 2.6325 	 0.0000 	 1.7462 	 0.0000 
24.0000 	 0.0180 	 0.0387 	 1.0000 	 14.2319 	 1.6489 	 0.0000 	 3.4644 	 801.7506 	 24.0000 	 0.6826 	 0.5158 	 0.8372 	 1.3952 	 1.3539 	 0.0000 	 1.4150 	 0.0002 
28.0000 	 0.0042 	 0.0272 	 1.0000 	 49.9997 	 1.6367 	 0.0000 	 3.4687 	 801.7338 	 28.0000 	 0.0799 	 0.4779 	 0.1610 	 1.2991 	 3.5356 	 0.0000 	 0.9767 	 0.0000 
25.0000 	 0.0010 	 1.0000 	 1.0000 	 49.9656 	 1.7171 	 0.0000 	 3.6050 	 802.2983 	 25.0000 	 0.8004 	 0.6155 	 0.0157 	 2.1493 	 3.7707 	 0.0000 	 0.6734 	 0.0003 
32.0000 	 0.0022 	 0.0815 	 0.9960 	 5.0283 	 1.6058 	 0.0000 	 3.4714 	 801.7148 	 32.0000 	 0.8967 	 0.6966 	 0.2770 	 2.8245 	 4.8241 	 0.0000 	 2.8354 	 0.0002 
31.0000 	 0.0025 	 0.4526 	 1.0000 	 35.9959 	 1.5866 	 0.0000 	 3.3867 	 801.9046 	 31.0000 	 0.0139 	 0.4753 	 0.1607 	 1.1842 	 4.2936 	 0.0000 	 2.6831 	 0.0000 
30.0000 	 0.0026 	 0.5070 	 0.5814 	 3.7801 	 1.6059 	 0.0000 	 3.4724 	 801.7145 	 30.0000 	 0.2980 	 0.2278 	 0.8132 	 6.0787 	 4.8664 	 0.0000 	 2.7039 	 0.0000 
26.0000 	 0.0112 	 0.6075 	 0.6074 	 14.3982 	 1.6059 	 0.0000 	 3.4720 	 801.7150 	 26.0000 	 0.7753 	 0.3195 	 0.6529 	 10.3062 	 2.0982 	 0.0000 	 2.9757 	 0.0000 
31.0000 	 0.0323 	 0.7149 	 0.7345 	 42.8543 	 1.6057 	 0.0000 	 3.4719 	 801.7145 	 31.0000 	 0.9899 	 0.1007 	 0.1484 	 4.5188 	 3.4233 	 0.0000 	 0.6132 	 0.0000 
34.0000 	 0.0010 	 0.1702 	 0.9802 	 2.9117 	 1.6028 	 0.0000 	 3.4722 	 801.7145 	 34.0000 	 0.6259 	 0.2072 	 0.9019 	 2.6356 	 0.1950 	 0.0000 	 2.8413 	 0.0000 
19.0000 	 0.0275 	 0.2704 	 1.0000 	 50.0000 	 1.5802 	 0.0000 	 3.5275 	 801.8048 	 19.0000 	 0.0236 	 0.1900 	 0.5469 	 1.0578 	 3.2437 	 0.0000 	 2.5139 	 0.0000 
24.0000 	 0.0302 	 0.2922 	 0.7119 	 6.8910 	 1.6132 	 0.0000 	 3.4724 	 801.7168 	 24.0000 	 0.2157 	 0.1407 	 0.7071 	 1.0907 	 1.8944 	 0.0000 	 1.3339 	 0.0000 
21.0000 	 0.0015 	 0.9634 	 0.8854 	 4.6248 	 1.6059 	 0.0000 	 3.4734 	 801.7145 	 21.0000 	 0.4927 	 0.5685 	 0.8503 	 10.1098 	 0.6689 	 0.0000 	 2.5759 	 0.0000 
30.0000 	 0.0211 	 0.1843 	 0.9632 	 32.9142 	 1.6549 	 0.0000 	 3.5885 	 802.0592 	 30.0000 	 0.1478 	 0.7143 	 0.7229 	 11.7209 	 0.9297 	 0.0000 	 2.3991 	 0.0015 
30.0000 	 0.0054 	 0.7490 	 0.7220 	 15.9298 	 1.5986 	 0.0000 	 3.4677 	 801.7115 	 30.0000 	 0.6460 	 0.9941 	 0.8870 	 7.6210 	 2.1601 	 0.0000 	 0.3375 	 0.0000 
31.0000 	 0.0393 	 0.1017 	 0.9060 	 26.8047 	 1.6476 	 0.0000 	 3.3959 	 801.8944 	 31.0000 	 0.4484 	 0.7049 	 0.1441 	 11.4558 	 0.5421 	 0.0000 	 0.0674 	 0.0017 
28.0000 	 0.0016 	 0.5881 	 0.5785 	 14.1351 	 1.6053 	 0.0000 	 3.4722 	 801.7145 	 28.0000 	 0.2926 	 0.9512 	 0.5435 	 5.2221 	 4.4860 	 0.0000 	 0.4868 	 0.0000 
21.0000 	 0.0678 	 0.1089 	 0.8682 	 41.3517 	 1.6033 	 0.0000 	 3.4688 	 801.7150 	 21.0000 	 0.8674 	 0.3456 	 0.2795 	 8.3042 	 2.5710 	 0.0000 	 1.5198 	 0.0000 
21.0000 	 0.0077 	 0.1491 	 1.0000 	 31.5082 	 1.6047 	 0.0000 	 3.4740 	 801.7144 	 21.0000 	 0.6305 	 0.1372 	 0.6650 	 9.7567 	 3.5054 	 0.0000 	 2.1011 	 0.0000 
20.0000 	 0.0010 	 0.1000 	 0.9308 	 43.5891 	 1.6267 	 0.0000 	 3.4937 	 801.7317 	 20.0000 	 0.1611 	 0.3775 	 0.9110 	 3.5467 	 3.5148 	 0.0000 	 2.6446 	 0.0000 
22.0000 	 0.0010 	 0.8977 	 1.0000 	 4.9203 	 1.6471 	 0.0000 	 3.5493 	 801.8798 	 22.0000 	 0.7400 	 0.9936 	 0.1661 	 13.2930 	 2.5459 	 0.0000 	 1.7112 	 0.0000 
27.0000 	 0.0015 	 1.0000 	 0.6188 	 2.2992 	 1.6056 	 0.0000 	 3.4721 	 801.7145 	 27.0000 	 0.6717 	 0.4765 	 0.5275 	 1.0266 	 0.7555 	 0.0000 	 2.7825 	 0.0000 
27.0000 	 0.0022 	 0.1278 	 0.6138 	 50.0000 	 1.6042 	 0.0000 	 3.4738 	 801.7146 	 27.0000 	 0.2536 	 0.9385 	 0.7711 	 1.7572 	 0.9355 	 0.0000 	 0.1045 	 0.0000 
16.0000 	 0.0010 	 0.2104 	 0.8494 	 13.2888 	 1.6165 	 0.0000 	 3.4716 	 801.7167 	 16.0000 	 0.6923 	 0.5154 	 0.4045 	 7.6646 	 2.5995 	 0.0000 	 1.5219 	 0.0000 
28.0000 	 0.0891 	 0.5766 	 0.9866 	 1.0181 	 1.6057 	 0.0000 	 3.4726 	 801.7146 	 28.0000 	 0.4515 	 0.1920 	 0.1978 	 9.2168 	 4.3674 	 0.0000 	 0.3062 	 0.0000 
26.0000 	 0.0252 	 0.0258 	 0.9719 	 48.8601 	 1.6063 	 0.0000 	 3.4713 	 801.7144 	 26.0000 	 0.0748 	 0.5288 	 0.1301 	 2.0156 	 4.1107 	 0.0000 	 0.7118 	 0.0000 
22.0000 	 0.0018 	 0.5070 	 0.8620 	 11.4488 	 1.6057 	 0.0000 	 3.4725 	 801.7145 	 22.0000 	 0.8504 	 0.7131 	 0.8231 	 2.6292 	 4.8979 	 0.0000 	 2.8867 	 0.0000 
29.0000 	 0.0145 	 0.9920 	 0.4707 	 12.8015 	 1.6051 	 0.0000 	 3.4727 	 801.7280 	 29.0000 	 0.5149 	 0.5694 	 0.3033 	 2.8809 	 2.3664 	 0.0000 	 0.3746 	 0.0001 
23.0000 	 0.0029 	 0.0305 	 0.8598 	 30.0806 	 1.6210 	 0.0000 	 3.5062 	 801.7459 	 23.0000 	 0.3495 	 0.6908 	 0.7688 	 9.7888 	 4.0467 	 0.0000 	 2.6858 	 0.0000 
29.0000 	 0.0164 	 0.1742 	 0.9902 	 3.0072 	 1.6059 	 0.0000 	 3.4719 	 801.7147 	 29.0000 	 0.6239 	 0.1697 	 0.7444 	 1.5518 	 1.0282 	 0.0000 	 2.0513 	 0.0000 
36.0000 	 0.0761 	 0.0623 	 0.7935 	 49.9999 	 1.7279 	 0.0000 	 3.5509 	 802.0876 	 36.0000 	 0.2667 	 0.8619 	 0.3578 	 4.6158 	 0.2695 	 0.0000 	 0.6750 	 0.0000 
20.0000 	 0.0139 	 0.5050 	 1.0000 	 6.9666 	 1.5882 	 0.0000 	 3.4745 	 801.7197 	 20.0000 	 0.7973 	 0.0177 	 0.3216 	 2.5025 	 2.6374 	 0.0000 	 2.4076 	 0.0000 
31.0000 	 0.0225 	 0.4202 	 0.9999 	 3.7757 	 1.6054 	 0.0000 	 3.4724 	 801.7061 	 31.0000 	 0.6951 	 0.3932 	 0.7217 	 2.3528 	 4.9656 	 0.0000 	 2.5417 	 0.0000 
21.0000 	 0.0220 	 0.0455 	 1.0000 	 49.9997 	 1.6072 	 0.0000 	 3.4719 	 801.7145 	 21.0000 	 0.0743 	 0.1633 	 0.1599 	 13.1066 	 1.0370 	 0.0000 	 2.6792 	 0.0000 
27.0000 	 0.0057 	 0.2856 	 1.0000 	 11.1362 	 1.6489 	 0.0000 	 3.5109 	 801.7813 	 27.0000 	 0.7185 	 0.5152 	 0.4564 	 9.5851 	 1.3208 	 0.0000 	 2.0259 	 0.0000 
25.0000 	 0.0013 	 0.0537 	 1.0000 	 8.4987 	 1.6075 	 0.0000 	 3.4721 	 801.7153 	 25.0000 	 0.6257 	 0.7223 	 0.5183 	 6.8606 	 2.5965 	 0.0000 	 0.4341 	 0.0002 
13.0000 	 0.0010 	 0.4375 	 1.0000 	 11.5610 	 1.6301 	 0.0000 	 3.4812 	 801.7238 	 13.0000 	 0.7731 	 0.6763 	 0.5806 	 14.9402 	 0.4148 	 0.0000 	 1.2424 	 0.0000 
24.0000 	 0.0683 	 0.3796 	 0.9287 	 7.0069 	 1.6050 	 0.0000 	 3.4754 	 801.7153 	 24.0000 	 0.3907 	 0.0393 	 0.4480 	 14.3616 	 4.0630 	 0.0000 	 2.2569 	 0.0000 
20.0000 	 0.0070 	 0.3713 	 0.8025 	 7.2509 	 1.6082 	 0.0000 	 3.4343 	 801.7502 	 20.0000 	 0.3841 	 0.6912 	 0.7446 	 12.7868 	 3.5128 	 0.0000 	 1.2964 	 0.0004 
23.0000 	 0.0010 	 0.3838 	 0.7755 	 18.1278 	 1.6256 	 0.0000 	 3.4068 	 801.8291 	 23.0000 	 0.9494 	 0.5101 	 0.6502 	 6.2972 	 0.5777 	 0.0000 	 2.8155 	 0.0000 
28.0000 	 0.0177 	 0.1439 	 1.0000 	 7.5187 	 1.5853 	 0.0000 	 3.4720 	 801.7224 	 28.0000 	 0.0102 	 0.6956 	 0.6208 	 12.7502 	 4.8202 	 0.0000 	 2.8442 	 0.0000 
15.0000 	 0.0631 	 0.0466 	 0.9827 	 30.6457 	 1.6046 	 0.0000 	 3.4725 	 801.7150 	 15.0000 	 0.1629 	 0.6548 	 0.0890 	 2.1784 	 2.0838 	 0.0000 	 0.9063 	 0.0000 
24.0000 	 0.0108 	 0.1591 	 0.9734 	 9.9952 	 1.6958 	 0.0000 	 3.6270 	 802.3708 	 24.0000 	 0.1080 	 0.1858 	 0.0341 	 14.5657 	 4.4872 	 0.0000 	 1.3139 	 0.0000 
18.0000 	 0.0227 	 0.9976 	 0.9401 	 1.7436 	 1.6045 	 0.0000 	 3.4730 	 801.7145 	 18.0000 	 0.4034 	 0.5016 	 0.4869 	 3.0453 	 1.9673 	 0.0000 	 1.6427 	 0.0000 
18.0000 	 0.0010 	 0.6355 	 0.8477 	 35.0010 	 1.6049 	 0.0000 	 3.4733 	 801.7070 	 18.0000 	 0.5016 	 0.2373 	 0.7749 	 6.9496 	 1.9568 	 0.0000 	 1.0802 	 0.0001 
26.0000 	 0.0072 	 0.9349 	 0.9184 	 1.0115 	 1.6049 	 0.0000 	 3.4724 	 801.7145 	 26.0000 	 0.8716 	 0.2907 	 0.5842 	 3.6916 	 3.0724 	 0.0000 	 0.7066 	 0.0000 
20.0000 	 0.0514 	 0.0829 	 0.9741 	 15.1341 	 1.6088 	 0.0000 	 3.4726 	 801.7145 	 20.0000 	 0.1071 	 0.1550 	 0.5755 	 10.8968 	 2.0963 	 0.0000 	 2.7387 	 0.0000 
29.0000 	 0.0104 	 0.2184 	 0.6667 	 11.7637 	 1.6029 	 0.0000 	 3.4725 	 801.7147 	 29.0000 	 0.9469 	 0.2093 	 0.0910 	 8.8716 	 1.4816 	 0.0000 	 1.8057 	 0.0000 
15.0000 	 0.0010 	 0.4069 	 0.8540 	 12.6549 	 1.6063 	 0.0000 	 3.4721 	 801.7145 	 15.0000 	 0.0269 	 0.8156 	 0.8601 	 5.1471 	 4.8838 	 0.0000 	 1.1786 	 0.0000 
28.0000 	 0.0380 	 0.2704 	 1.0000 	 6.6575 	 1.5451 	 0.0000 	 3.4614 	 801.7887 	 28.0000 	 0.9343 	 0.6263 	 0.3373 	 3.2279 	 1.2128 	 0.0000 	 0.8432 	 0.0000 
21.0000 	 0.0195 	 0.8293 	 1.0000 	 10.4238 	 1.5637 	 0.0000 	 3.5596 	 801.8125 	 21.0000 	 0.1868 	 0.1170 	 0.8946 	 3.1707 	 3.8617 	 0.0000 	 0.1349 	 0.1224 
10.0000 	 0.0032 	 0.4254 	 1.0000 	 2.4508 	 1.6053 	 0.0000 	 3.4724 	 801.7148 	 10.0000 	 0.6695 	 0.7182 	 0.0334 	 13.4340 	 1.5598 	 0.0000 	 1.7010 	 0.0001 
24.0000 	 0.0024 	 0.7527 	 0.6378 	 41.4216 	 1.6081 	 0.0000 	 3.4723 	 801.7139 	 24.0000 	 0.7599 	 0.1378 	 0.8920 	 11.2776 	 3.9182 	 0.0000 	 1.5756 	 0.0000 
32.0000 	 0.0015 	 0.8300 	 0.7682 	 1.6833 	 1.6005 	 0.0000 	 3.4749 	 801.7117 	 32.0000 	 0.7492 	 0.5085 	 0.3552 	 7.2369 	 4.8969 	 0.0000 	 2.5274 	 0.0000 
19.0000 	 0.0014 	 0.1368 	 0.8233 	 15.0329 	 1.6055 	 0.0000 	 3.4701 	 801.7147 	 19.0000 	 0.7797 	 0.4994 	 0.0339 	 8.3625 	 2.5619 	 0.0000 	 1.7378 	 0.0000 
26.0000 	 0.0055 	 0.9962 	 0.7241 	 1.6960 	 1.6056 	 0.0000 	 3.4723 	 801.7145 	 26.0000 	 0.0055 	 0.0440 	 0.7101 	 11.9801 	 3.6307 	 0.0000 	 0.2879 	 0.0000 
25.0000 	 0.0046 	 0.5700 	 0.9852 	 6.6627 	 1.6054 	 0.0000 	 3.4732 	 801.7145 	 25.0000 	 0.8868 	 0.0515 	 0.0052 	 5.1327 	 1.8672 	 0.0000 	 2.1704 	 0.0000 
20.0000 	 0.0014 	 0.1709 	 0.8230 	 18.7313 	 1.6049 	 0.0000 	 3.4772 	 801.7151 	 20.0000 	 0.4596 	 0.7251 	 0.3288 	 3.9656 	 0.3939 	 0.0000 	 0.4930 	 0.0000 
29.0000 	 0.0012 	 0.1603 	 0.8180 	 4.1849 	 1.5703 	 0.0000 	 3.4582 	 801.7442 	 29.0000 	 0.6307 	 0.8194 	 0.2608 	 7.9272 	 2.5707 	 0.0000 	 2.8657 	 0.0000 
25.0000 	 0.0109 	 0.9999 	 0.6611 	 17.8542 	 1.6045 	 0.0000 	 3.4719 	 801.7147 	 25.0000 	 0.8838 	 0.5643 	 0.2636 	 3.4998 	 3.4550 	 0.0000 	 1.9785 	 0.0000 
14.0000 	 0.0126 	 0.1292 	 0.9997 	 38.0501 	 1.6126 	 0.0000 	 3.4863 	 801.7200 	 14.0000 	 0.4511 	 0.1500 	 0.2459 	 12.1062 	 2.5603 	 0.0000 	 2.5802 	 0.0000 
7.0000 	 0.0010 	 0.8666 	 0.9475 	 1.8219 	 1.6187 	 0.0000 	 3.4810 	 801.7099 	 7.0000 	 0.7194 	 0.0465 	 0.3726 	 5.9008 	 4.6508 	 0.0000 	 0.3131 	 0.0030 
15.0000 	 0.0641 	 0.2005 	 0.9999 	 22.9682 	 1.5851 	 0.0000 	 3.4954 	 801.7336 	 15.0000 	 0.7706 	 0.5084 	 0.2681 	 8.4269 	 1.1820 	 0.0000 	 2.7769 	 0.0001 
22.0000 	 0.0208 	 0.8277 	 0.9611 	 5.9471 	 1.6044 	 0.0000 	 3.4713 	 801.7078 	 22.0000 	 0.6999 	 0.3336 	 0.4935 	 7.8025 	 2.5925 	 0.0000 	 1.6494 	 0.0002 
29.0000 	 0.0010 	 0.7744 	 0.6391 	 1.9203 	 1.6040 	 0.0000 	 3.4744 	 801.7147 	 29.0000 	 0.1395 	 0.9343 	 0.2581 	 10.8727 	 2.9905 	 0.0000 	 2.8462 	 0.0000 
17.0000 	 0.0218 	 0.8598 	 0.9590 	 1.3069 	 1.6049 	 0.0000 	 3.4721 	 801.7145 	 17.0000 	 0.9918 	 0.7533 	 0.7871 	 10.2104 	 4.6153 	 0.0000 	 2.1995 	 0.0000 
15.0000 	 0.0013 	 0.9861 	 0.8427 	 1.0180 	 1.6068 	 0.0000 	 3.4724 	 801.7101 	 15.0000 	 0.8296 	 0.8448 	 0.6109 	 9.8610 	 1.7409 	 0.0000 	 1.8187 	 0.0000 
23.0000 	 0.0019 	 0.1039 	 0.6986 	 19.4020 	 1.6065 	 0.0000 	 3.4728 	 801.6938 	 23.0000 	 0.8126 	 0.4736 	 0.5787 	 4.1542 	 1.0098 	 0.0000 	 1.5055 	 0.0000 
4.0000 	 0.0103 	 0.2115 	 1.0000 	 27.3590 	 1.6062 	 0.0000 	 3.4724 	 801.7146 	 4.0000 	 0.8144 	 0.4672 	 0.5782 	 10.7953 	 3.6386 	 0.0000 	 0.7480 	 0.0000 
17.0000 	 0.0011 	 0.0850 	 0.8669 	 44.4729 	 1.6056 	 0.0000 	 3.4730 	 801.7145 	 17.0000 	 0.6196 	 0.0553 	 0.5224 	 1.0098 	 1.9858 	 0.0000 	 2.8452 	 0.0000 
9.0000 	 0.0012 	 0.7666 	 0.9980 	 37.5512 	 1.6049 	 0.0000 	 3.4736 	 801.7145 	 9.0000 	 0.1424 	 0.0969 	 0.5043 	 9.8302 	 2.5095 	 0.0000 	 1.2138 	 0.0000 
35.0000 	 0.0116 	 0.0595 	 0.9993 	 12.0953 	 1.6015 	 0.0000 	 3.4771 	 801.7153 	 35.0000 	 0.1533 	 0.8864 	 0.4530 	 7.0501 	 4.9098 	 0.0000 	 0.1119 	 0.0000 
14.0000 	 0.2014 	 0.3352 	 1.0000 	 5.7265 	 1.6187 	 0.0000 	 3.4708 	 801.7178 	 14.0000 	 0.2681 	 0.8938 	 0.1234 	 2.8396 	 2.2062 	 0.0000 	 2.4365 	 0.0000 
16.0000 	 0.0019 	 0.9132 	 0.7380 	 8.5975 	 1.6067 	 0.0000 	 3.4712 	 801.7146 	 16.0000 	 0.2622 	 0.4710 	 0.4451 	 14.2450 	 3.3478 	 0.0000 	 2.0540 	 0.0000 
19.0000 	 0.0052 	 0.4043 	 0.6494 	 5.4422 	 1.6420 	 0.0000 	 3.4830 	 801.7436 	 19.0000 	 0.5549 	 0.0581 	 0.6682 	 5.7225 	 0.2394 	 0.0000 	 0.2442 	 0.0005 
20.0000 	 0.0128 	 0.2484 	 1.0000 	 11.0857 	 1.7550 	 0.0000 	 3.4560 	 802.0410 	 20.0000 	 0.4309 	 0.1383 	 0.2960 	 8.6605 	 3.4136 	 0.0000 	 1.0066 	 0.0005 
23.0000 	 0.0319 	 0.4423 	 0.9902 	 4.8417 	 1.6051 	 0.0000 	 3.4749 	 801.7146 	 23.0000 	 0.9760 	 0.1211 	 0.0705 	 8.6696 	 1.4620 	 0.0000 	 1.4016 	 0.0000 
24.0000 	 0.0013 	 0.1109 	 0.8259 	 27.8542 	 1.6086 	 0.0000 	 3.4708 	 801.7148 	 24.0000 	 0.1081 	 0.2596 	 0.7519 	 6.6620 	 3.3798 	 0.0000 	 0.3534 	 0.0000 
1.0000 	 0.0252 	 0.0181 	 0.0165 	 2.1653 	 2.8977 	 0.0000 	 3.9746 	 841.6174 	 1.0000 	 0.2293 	 0.2699 	 0.6465 	 9.3205 	 3.0337 	 0.0000 	 0.7457 	 0.0002 
24.0000 	 0.0105 	 0.0912 	 0.9135 	 22.9105 	 1.6057 	 0.0000 	 3.4631 	 801.7165 	 24.0000 	 0.5449 	 0.4377 	 0.5786 	 13.9223 	 2.8485 	 0.0000 	 1.2353 	 0.0000 
14.0000 	 0.0019 	 0.9910 	 0.9622 	 11.6783 	 1.6046 	 0.0000 	 3.4720 	 801.7146 	 14.0000 	 0.6766 	 0.7576 	 0.1863 	 3.6652 	 2.5220 	 0.0000 	 1.8486 	 0.0000 
23.0000 	 0.0151 	 1.0000 	 0.9996 	 50.0000 	 1.7204 	 0.0000 	 3.4225 	 801.9959 	 23.0000 	 0.4634 	 0.5285 	 0.4692 	 13.0393 	 1.0666 	 0.0000 	 2.3023 	 0.0000 
21.0000 	 0.1321 	 0.8153 	 0.8955 	 7.7529 	 1.6051 	 0.0000 	 3.4701 	 801.7148 	 21.0000 	 0.5695 	 0.8340 	 0.5639 	 9.3417 	 1.2582 	 0.0000 	 1.8905 	 0.0000 
15.0000 	 0.0619 	 0.4302 	 0.9240 	 36.0675 	 1.6050 	 0.0000 	 3.4718 	 801.7147 	 15.0000 	 0.3171 	 0.0906 	 0.0523 	 7.9621 	 3.4046 	 0.0000 	 1.3963 	 0.0000 
12.0000 	 0.0024 	 0.0432 	 0.8945 	 47.1336 	 1.6056 	 0.0000 	 3.4720 	 801.7151 	 12.0000 	 0.4536 	 0.5753 	 0.1452 	 2.1390 	 1.4707 	 0.0000 	 2.9592 	 0.0000 
8.0000 	 0.0047 	 0.8539 	 0.9753 	 49.9997 	 1.5921 	 0.0000 	 3.4699 	 801.7181 	 8.0000 	 0.7275 	 0.8931 	 0.3195 	 14.0075 	 4.3463 	 0.0000 	 0.9777 	 0.0000 
35.0000 	 0.0260 	 0.5151 	 0.9983 	 7.7311 	 1.6399 	 0.0000 	 3.3536 	 802.0970 	 35.0000 	 0.9475 	 0.2008 	 0.2475 	 5.3333 	 2.1569 	 0.0000 	 1.8546 	 0.0000 
14.0000 	 0.0477 	 1.0000 	 0.9586 	 21.5341 	 1.6072 	 0.0000 	 3.4736 	 801.7145 	 14.0000 	 0.1802 	 0.0224 	 0.6098 	 8.8809 	 1.1251 	 0.0000 	 1.5812 	 0.0008 
28.0000 	 0.0122 	 0.3654 	 0.9992 	 1.2066 	 1.6043 	 0.0000 	 3.4732 	 801.7137 	 28.0000 	 0.2490 	 0.5120 	 0.7254 	 9.4635 	 2.2417 	 0.0000 	 1.5813 	 0.0002 
21.0000 	 0.0011 	 0.1207 	 1.0000 	 48.1972 	 1.5751 	 0.0000 	 3.4402 	 801.7576 	 21.0000 	 0.9614 	 0.4639 	 0.6321 	 7.3624 	 0.1020 	 0.0000 	 2.7163 	 0.0004 
9.0000 	 0.0028 	 0.2422 	 1.0000 	 7.2914 	 1.6070 	 0.0000 	 3.4732 	 801.7146 	 9.0000 	 0.0879 	 0.5980 	 0.7574 	 9.2366 	 1.9840 	 0.0000 	 1.3490 	 0.0000 
18.0000 	 0.0037 	 0.0531 	 0.7860 	 49.9999 	 1.6071 	 0.0000 	 3.4707 	 801.7147 	 18.0000 	 0.5554 	 0.1498 	 0.0080 	 4.0529 	 1.1779 	 0.0000 	 1.5361 	 0.0000 
3.0000 	 0.0069 	 0.9468 	 1.0000 	 34.4846 	 1.5588 	 0.0000 	 3.4829 	 801.7603 	 3.0000 	 0.4701 	 0.0216 	 0.6728 	 6.7835 	 2.2408 	 0.0000 	 2.7582 	 0.0095 
13.0000 	 0.0035 	 0.4301 	 0.8235 	 23.5444 	 1.6052 	 0.0000 	 3.4728 	 801.7148 	 13.0000 	 0.9926 	 0.8369 	 0.3195 	 6.9813 	 0.7467 	 0.0000 	 0.4153 	 0.0000 
22.0000 	 0.0011 	 0.0721 	 0.8923 	 14.6514 	 1.6047 	 0.0000 	 3.4729 	 801.7147 	 22.0000 	 0.3579 	 0.4711 	 0.7634 	 2.2890 	 2.3639 	 0.0000 	 1.9152 	 0.0000 
12.0000 	 0.0012 	 1.0000 	 0.8525 	 1.1745 	 1.6043 	 0.0000 	 3.4777 	 801.7212 	 12.0000 	 0.0964 	 0.3306 	 0.2089 	 12.7868 	 2.8508 	 0.0000 	 0.8518 	 0.0012 
15.0000 	 0.0014 	 0.4134 	 0.7970 	 19.3544 	 1.6063 	 0.0000 	 3.4718 	 801.7146 	 15.0000 	 0.4674 	 0.2645 	 0.0311 	 11.0543 	 1.3311 	 0.0000 	 1.8752 	 0.0000 
19.0000 	 0.0010 	 0.0521 	 1.0000 	 13.2310 	 1.6078 	 0.0000 	 3.4737 	 801.7191 	 19.0000 	 0.3178 	 0.7432 	 0.3960 	 13.2088 	 4.1691 	 0.0000 	 0.1937 	 0.0000 
9.0000 	 0.0593 	 0.9103 	 1.0000 	 2.0378 	 1.6468 	 0.0000 	 3.4629 	 801.7224 	 9.0000 	 0.0926 	 0.1680 	 0.1464 	 5.4066 	 0.6338 	 0.0000 	 2.1742 	 0.0002 
9.0000 	 0.0175 	 0.7827 	 0.9999 	 31.6119 	 1.6219 	 0.0000 	 3.4647 	 801.7208 	 9.0000 	 0.4362 	 0.7386 	 0.5685 	 4.7159 	 2.8686 	 0.0000 	 1.8364 	 0.0000 
2.0000 	 0.0010 	 0.9997 	 1.0000 	 12.8372 	 1.6064 	 0.0000 	 3.4754 	 801.7166 	 2.0000 	 0.5762 	 0.8222 	 0.7634 	 3.1037 	 1.5726 	 0.0000 	 0.8291 	 0.0002 
26.0000 	 0.0011 	 0.5165 	 0.9986 	 1.0311 	 1.6069 	 0.0000 	 3.4722 	 801.7142 	 26.0000 	 0.8810 	 0.6965 	 0.7974 	 2.2066 	 1.3816 	 0.0000 	 2.0253 	 0.0003 
11.0000 	 0.0065 	 0.0310 	 0.9904 	 41.9808 	 1.6054 	 0.0000 	 3.4715 	 801.7157 	 11.0000 	 0.1939 	 0.7062 	 0.3530 	 3.9051 	 4.4555 	 0.0000 	 2.1141 	 0.0001 
19.0000 	 0.0010 	 0.3762 	 0.9177 	 22.5709 	 1.6050 	 0.0000 	 3.4723 	 801.7145 	 19.0000 	 0.2173 	 0.7808 	 0.3366 	 13.1816 	 3.0239 	 0.0000 	 2.9578 	 0.0000 
14.0000 	 0.0065 	 0.0604 	 1.0000 	 49.8956 	 1.6056 	 0.0000 	 3.4725 	 801.7145 	 14.0000 	 0.7371 	 0.7064 	 0.6669 	 5.9716 	 4.7861 	 0.0000 	 2.6750 	 0.0000 
10.0000 	 0.0026 	 0.9739 	 0.9604 	 1.1184 	 1.6059 	 0.0000 	 3.4713 	 801.7139 	 10.0000 	 0.0931 	 0.8517 	 0.3289 	 7.7537 	 4.5945 	 0.0000 	 0.4195 	 0.0000 
8.0000 	 0.0032 	 1.0000 	 0.9250 	 18.5372 	 1.6052 	 0.0000 	 3.4715 	 801.7158 	 8.0000 	 0.4053 	 0.7805 	 0.8308 	 13.9381 	 2.5316 	 0.0000 	 2.2779 	 0.0000 
23.0000 	 0.0011 	 0.6639 	 0.6128 	 49.9986 	 1.6053 	 0.0000 	 3.4734 	 801.7145 	 23.0000 	 0.0807 	 0.2770 	 0.9931 	 1.0207 	 2.9978 	 0.0000 	 0.5867 	 0.0000 
8.0000 	 0.0433 	 0.0820 	 0.9987 	 34.5018 	 1.5966 	 0.0000 	 3.4514 	 801.7268 	 8.0000 	 0.2860 	 0.4152 	 0.7312 	 11.4340 	 0.3388 	 0.0000 	 0.2032 	 0.0000 
11.0000 	 0.0051 	 0.8474 	 0.7675 	 27.1693 	 1.5580 	 0.0000 	 3.5033 	 801.7940 	 11.0000 	 0.9613 	 0.8315 	 0.0255 	 8.2853 	 0.8528 	 0.0000 	 2.6464 	 0.0000 
8.0000 	 0.0086 	 0.0727 	 1.0000 	 24.3520 	 1.6048 	 0.0000 	 3.4730 	 801.7149 	 8.0000 	 0.9988 	 0.8704 	 0.8172 	 14.9729 	 4.0500 	 0.0000 	 2.6525 	 0.0001 
25.0000 	 0.1478 	 0.7793 	 0.8477 	 17.7780 	 1.6055 	 0.0000 	 3.4727 	 801.7147 	 25.0000 	 0.2224 	 0.0760 	 0.3155 	 1.6858 	 0.1582 	 0.0000 	 0.9858 	 0.0000 
19.0000 	 0.0111 	 0.3528 	 0.9914 	 2.2261 	 1.6060 	 0.0000 	 3.4725 	 801.7145 	 19.0000 	 0.6295 	 0.3514 	 0.0998 	 3.7672 	 4.5584 	 0.0000 	 0.5753 	 0.0000 
17.0000 	 0.0027 	 0.2468 	 1.0000 	 7.2605 	 1.5315 	 0.0000 	 3.4882 	 801.8310 	 17.0000 	 0.8163 	 0.6837 	 0.2555 	 6.0495 	 1.8951 	 0.0000 	 2.2503 	 0.0000 
23.0000 	 0.0307 	 0.1421 	 0.7718 	 15.7119 	 1.5998 	 0.0000 	 3.4855 	 801.7195 	 23.0000 	 0.9058 	 0.8926 	 0.9231 	 11.7613 	 0.9449 	 0.0000 	 2.6125 	 0.0000 
28.0000 	 0.0732 	 0.1109 	 1.0000 	 11.5754 	 1.5347 	 0.0000 	 3.5537 	 801.9618 	 28.0000 	 0.8509 	 0.3345 	 0.5538 	 5.7437 	 2.0846 	 0.0000 	 1.2952 	 0.0004 
6.0000 	 0.0028 	 0.9945 	 0.9843 	 2.9373 	 1.6075 	 0.0000 	 3.4709 	 801.7150 	 6.0000 	 0.9880 	 0.7984 	 0.5272 	 6.5306 	 1.4142 	 0.0000 	 2.2922 	 0.0000 
22.0000 	 0.0010 	 0.1030 	 0.9726 	 5.9868 	 1.6066 	 0.0000 	 3.4732 	 801.7142 	 22.0000 	 0.9365 	 0.2209 	 0.8588 	 2.8143 	 3.0444 	 0.0000 	 0.3784 	 0.0001 
3.0000 	 0.0010 	 0.7740 	 1.0000 	 2.8137 	 1.5980 	 0.0000 	 3.4728 	 801.7153 	 3.0000 	 0.5064 	 0.4695 	 0.2898 	 1.9096 	 2.5461 	 0.0000 	 0.2426 	 0.0000 
20.0000 	 0.1251 	 0.1978 	 0.9981 	 12.5757 	 1.6064 	 0.0000 	 3.4711 	 801.7146 	 20.0000 	 0.8467 	 0.2188 	 0.4717 	 7.0068 	 1.6976 	 0.0000 	 2.9526 	 0.0000 
14.0000 	 0.0863 	 0.4341 	 1.0000 	 12.5357 	 1.6215 	 0.0000 	 3.4749 	 801.6951 	 14.0000 	 0.9465 	 0.4498 	 0.8953 	 4.8808 	 2.5774 	 0.0000 	 0.4244 	 0.0000 
18.0000 	 0.0010 	 0.3439 	 0.9788 	 10.3241 	 1.6052 	 0.0000 	 3.4715 	 801.7145 	 18.0000 	 0.9411 	 0.4564 	 0.3135 	 3.8759 	 1.4266 	 0.0000 	 1.8441 	 0.0000 
25.0000 	 0.0064 	 0.1580 	 0.7495 	 9.5880 	 1.6067 	 0.0000 	 3.4725 	 801.7146 	 25.0000 	 0.4465 	 0.6530 	 0.7392 	 13.4792 	 4.6958 	 0.0000 	 2.3975 	 0.0000 
7.0000 	 0.0010 	 0.2546 	 1.0000 	 43.5360 	 1.6089 	 0.0000 	 3.4702 	 801.7143 	 7.0000 	 0.4239 	 0.6251 	 0.5611 	 7.8745 	 2.4974 	 0.0000 	 0.7538 	 0.0007 
3.0000 	 0.0069 	 0.3521 	 1.0000 	 14.3848 	 1.6059 	 0.0000 	 3.4704 	 801.7156 	 3.0000 	 0.6311 	 0.3656 	 0.8831 	 6.9490 	 2.3534 	 0.0000 	 2.1166 	 0.0000 
3.0000 	 0.0118 	 1.0000 	 1.0000 	 1.0099 	 1.6051 	 0.0000 	 3.4730 	 801.7162 	 3.0000 	 0.5477 	 0.6636 	 0.3890 	 5.3137 	 4.7288 	 0.0000 	 1.1884 	 0.0000 
16.0000 	 0.0159 	 0.7775 	 0.7847 	 3.2147 	 1.5747 	 0.0000 	 3.4479 	 801.7485 	 16.0000 	 0.3763 	 0.1549 	 0.2023 	 14.4019 	 2.1612 	 0.0000 	 1.7938 	 0.0000 
2.0000 	 0.0010 	 1.0000 	 1.0000 	 1.2646 	 1.6057 	 0.0000 	 3.4730 	 801.7163 	 2.0000 	 0.9719 	 0.0887 	 0.1650 	 10.1611 	 4.5497 	 0.0000 	 0.4900 	 0.0002 
6.0000 	 0.0024 	 0.3217 	 0.9991 	 10.0894 	 1.6046 	 0.0000 	 3.4711 	 801.7145 	 6.0000 	 0.3805 	 0.2116 	 0.7499 	 3.6977 	 0.0071 	 0.0000 	 0.1021 	 0.0000 
20.0000 	 0.0011 	 0.2025 	 1.0000 	 2.1070 	 1.5962 	 0.0000 	 3.4638 	 801.7181 	 20.0000 	 0.8423 	 0.3703 	 0.0095 	 12.7490 	 0.1497 	 0.0000 	 1.9003 	 0.0075 
16.0000 	 0.0014 	 0.9904 	 0.9526 	 37.2131 	 1.6061 	 0.0000 	 3.4722 	 801.7145 	 16.0000 	 0.8543 	 0.5532 	 0.5860 	 2.3875 	 3.0556 	 0.0000 	 2.9961 	 0.0000 
9.0000 	 0.1674 	 0.8488 	 1.0000 	 49.7525 	 1.6053 	 0.0000 	 3.4723 	 801.7146 	 9.0000 	 0.4168 	 0.1550 	 0.1110 	 1.4220 	 4.3326 	 0.0000 	 0.3882 	 0.0000 
5.0000 	 0.0010 	 1.0000 	 1.0000 	 49.9986 	 1.6661 	 0.0000 	 3.5599 	 801.9502 	 5.0000 	 0.5878 	 0.5808 	 0.5792 	 7.5143 	 1.6112 	 0.0000 	 0.0708 	 0.0000 
2.0000 	 0.0011 	 1.0000 	 1.0000 	 1.2610 	 1.6055 	 0.0000 	 3.4727 	 801.7166 	 2.0000 	 0.3449 	 0.2076 	 0.5160 	 4.9682 	 2.8248 	 0.0000 	 0.7384 	 0.0000 
4.0000 	 0.0047 	 1.0000 	 1.0000 	 1.4437 	 1.5957 	 0.0000 	 3.4521 	 801.5368 	 4.0000 	 0.7167 	 0.5486 	 0.7155 	 7.0257 	 3.4474 	 0.0000 	 2.6217 	 0.0010 
2.0000 	 0.0010 	 0.7860 	 1.0000 	 33.8672 	 1.6058 	 0.0000 	 3.4732 	 801.7163 	 2.0000 	 0.5158 	 0.6142 	 0.0131 	 2.4557 	 4.2341 	 0.0000 	 1.7063 	 0.0000 
24.0000 	 0.0165 	 0.1226 	 0.7338 	 46.8038 	 1.5875 	 0.0000 	 3.5426 	 801.8353 	 24.0000 	 0.0186 	 0.2363 	 0.3188 	 14.1708 	 2.0155 	 0.0000 	 1.9443 	 0.0000 
12.0000 	 0.0172 	 1.0000 	 1.0000 	 49.9656 	 1.6132 	 0.0000 	 3.5112 	 801.7507 	 12.0000 	 0.5076 	 0.3452 	 0.4263 	 2.0183 	 1.5662 	 0.0000 	 1.1036 	 0.0003 
25.0000 	 0.2029 	 0.3148 	 0.9851 	 39.0146 	 1.6059 	 0.0000 	 3.4727 	 801.7145 	 25.0000 	 0.3059 	 0.2764 	 0.5297 	 11.6709 	 4.3571 	 0.0000 	 1.8467 	 0.0000 
27.0000 	 0.0027 	 0.0301 	 0.9865 	 21.0254 	 1.6066 	 0.0000 	 3.4713 	 801.7065 	 27.0000 	 0.0587 	 0.6713 	 0.4803 	 6.3863 	 1.2552 	 0.0000 	 1.4716 	 0.0000 
9.0000 	 0.0048 	 0.1162 	 0.9569 	 25.0682 	 1.6094 	 0.0000 	 3.4743 	 801.7151 	 9.0000 	 0.4786 	 0.8029 	 0.3924 	 5.0667 	 2.5594 	 0.0000 	 1.0913 	 0.0000 
19.0000 	 0.0010 	 0.9491 	 1.0000 	 11.2355 	 1.6398 	 0.0000 	 3.4673 	 801.7334 	 19.0000 	 0.6963 	 0.1454 	 0.8470 	 12.1808 	 0.2813 	 0.0000 	 1.1718 	 0.0088 
16.0000 	 0.0012 	 0.0211 	 1.0000 	 38.1053 	 1.6088 	 0.0000 	 3.4744 	 801.7151 	 16.0000 	 0.6802 	 0.3580 	 0.7681 	 9.0508 	 0.4230 	 0.0000 	 0.1170 	 0.0007 
1.0000 	 0.0010 	 1.0000 	 1.0000 	 1.4207 	 1.5587 	 0.0000 	 3.4824 	 805.2112 	 1.0000 	 0.0412 	 0.2633 	 0.5348 	 11.9085 	 4.0844 	 0.0000 	 2.4195 	 0.0033 
5.0000 	 0.0010 	 0.7743 	 0.9800 	 43.0982 	 1.6090 	 0.0000 	 3.4730 	 801.7176 	 5.0000 	 0.2795 	 0.5718 	 0.1572 	 3.0600 	 1.7681 	 0.0000 	 0.9879 	 0.0000 
16.0000 	 0.0069 	 0.3250 	 0.9186 	 6.2338 	 1.6051 	 0.0000 	 3.4735 	 801.7146 	 16.0000 	 0.7573 	 0.3750 	 0.4977 	 2.6357 	 4.6080 	 0.0000 	 1.9296 	 0.0000 
15.0000 	 0.0017 	 0.1281 	 1.0000 	 20.7749 	 1.5564 	 0.0000 	 3.5099 	 801.7947 	 15.0000 	 0.4555 	 0.5098 	 0.9360 	 12.5550 	 2.7736 	 0.0000 	 1.7143 	 0.0000 
21.0000 	 0.0010 	 0.1986 	 0.5703 	 46.8268 	 1.6067 	 0.0000 	 3.4724 	 801.7157 	 21.0000 	 0.6821 	 0.4779 	 0.3906 	 3.4726 	 4.9122 	 0.0000 	 0.9684 	 0.0000 
8.0000 	 0.0232 	 1.0000 	 1.0000 	 49.9986 	 1.5588 	 0.0000 	 3.5497 	 801.8943 	 8.0000 	 0.6573 	 0.0097 	 0.8390 	 1.8089 	 4.5454 	 0.0000 	 2.3160 	 0.0007 
13.0000 	 0.0027 	 0.7148 	 0.8345 	 11.2412 	 1.6360 	 0.0000 	 3.4589 	 801.7360 	 13.0000 	 0.1165 	 0.7072 	 0.3613 	 2.6558 	 3.8361 	 0.0000 	 2.3685 	 0.0000 
18.0000 	 0.0092 	 0.5577 	 0.6988 	 13.6914 	 1.6097 	 0.0000 	 3.4749 	 801.7149 	 18.0000 	 0.1283 	 0.8101 	 0.4787 	 8.6958 	 3.5632 	 0.0000 	 1.5745 	 0.0000 
19.0000 	 0.0016 	 0.2464 	 1.0000 	 7.4064 	 1.6049 	 0.0000 	 3.4725 	 801.7145 	 19.0000 	 0.7408 	 0.9580 	 0.9436 	 13.0060 	 4.0313 	 0.0000 	 2.3475 	 0.0000 
30.0000 	 0.0010 	 0.1465 	 1.0000 	 15.5967 	 1.6179 	 0.0000 	 3.4741 	 801.7143 	 30.0000 	 0.7046 	 0.1592 	 0.1953 	 6.6852 	 2.7328 	 0.0000 	 1.1216 	 0.0027 
17.0000 	 0.0511 	 0.2873 	 1.0000 	 8.2187 	 1.6386 	 0.0000 	 3.5035 	 801.7562 	 17.0000 	 0.4995 	 0.1238 	 0.6058 	 3.5981 	 4.2110 	 0.0000 	 2.6795 	 0.0000 
13.0000 	 0.0056 	 0.4026 	 1.0000 	 2.3096 	 1.6170 	 0.0000 	 3.4362 	 801.7493 	 13.0000 	 0.2862 	 0.2191 	 0.7972 	 8.1242 	 4.3702 	 0.0000 	 1.3188 	 0.0000 
22.0000 	 0.0016 	 0.3365 	 0.7037 	 12.2433 	 1.6049 	 0.0000 	 3.4738 	 801.7140 	 22.0000 	 0.9297 	 0.1276 	 0.7575 	 4.5874 	 0.6670 	 0.0000 	 2.1859 	 0.0000 
15.0000 	 0.0012 	 0.3583 	 0.9352 	 34.0002 	 1.6056 	 0.0000 	 3.4724 	 801.7145 	 15.0000 	 0.0287 	 0.1657 	 0.0030 	 14.1333 	 1.0128 	 0.0000 	 0.8202 	 0.0000 
30.0000 	 0.0243 	 0.2974 	 0.8990 	 3.4812 	 1.6036 	 0.0000 	 3.4709 	 801.7144 	 30.0000 	 0.9190 	 0.1175 	 0.3409 	 9.9981 	 3.9324 	 0.0000 	 1.8109 	 0.0000 
3.0000 	 0.0010 	 1.0000 	 1.0000 	 49.9986 	 1.6082 	 0.0000 	 3.4757 	 801.7090 	 3.0000 	 0.1925 	 0.3381 	 0.4840 	 9.1835 	 4.4211 	 0.0000 	 1.2235 	 0.0012 
8.0000 	 0.0412 	 0.6494 	 1.0000 	 14.5212 	 1.6137 	 0.0000 	 3.4857 	 801.7193 	 8.0000 	 0.4260 	 0.4221 	 0.4287 	 11.6735 	 1.6689 	 0.0000 	 1.0502 	 0.0000 
11.0000 	 0.0010 	 0.1028 	 0.9532 	 29.5105 	 1.6061 	 0.0000 	 3.4707 	 801.7146 	 11.0000 	 0.1446 	 0.1074 	 0.2331 	 10.8678 	 3.6213 	 0.0000 	 1.1811 	 0.0000 
24.0000 	 0.0018 	 0.5111 	 0.7844 	 7.0874 	 1.5866 	 0.0000 	 3.4893 	 801.7275 	 24.0000 	 0.1387 	 0.8009 	 0.8042 	 2.3301 	 2.1077 	 0.0000 	 0.0049 	 0.0058 
16.0000 	 0.0010 	 0.8977 	 1.0000 	 3.1594 	 1.6040 	 0.0000 	 3.4728 	 801.7146 	 16.0000 	 0.3727 	 0.2640 	 0.3422 	 1.1839 	 0.4984 	 0.0000 	 1.6799 	 0.0000 
10.0000 	 0.0010 	 0.2705 	 0.8248 	 26.4351 	 1.6213 	 0.0000 	 3.4720 	 801.7204 	 10.0000 	 0.1307 	 0.9943 	 0.0297 	 12.6196 	 0.1706 	 0.0000 	 1.3626 	 0.0000 
13.0000 	 0.0015 	 0.7255 	 0.9917 	 49.7758 	 1.6057 	 0.0000 	 3.4724 	 801.7145 	 13.0000 	 0.1491 	 0.0543 	 0.2158 	 9.3359 	 2.3940 	 0.0000 	 0.2192 	 0.0000 
2.0000 	 0.0011 	 0.7608 	 1.0000 	 8.6204 	 1.6042 	 0.0000 	 3.4728 	 801.7167 	 2.0000 	 0.8025 	 0.2226 	 0.5951 	 3.8001 	 3.3658 	 0.0000 	 2.2905 	 0.0001 
3.0000 	 0.0011 	 0.1761 	 1.0000 	 35.1293 	 1.6026 	 0.0000 	 3.4704 	 801.7151 	 3.0000 	 0.7599 	 0.1338 	 0.5457 	 11.3731 	 4.5850 	 0.0000 	 2.6663 	 0.0000 
13.0000 	 0.0010 	 0.7202 	 0.8545 	 16.3354 	 1.6005 	 0.0000 	 3.4732 	 801.7150 	 13.0000 	 0.8590 	 0.6913 	 0.5289 	 4.7293 	 0.8588 	 0.0000 	 1.5489 	 0.0000 
10.0000 	 0.0010 	 0.1757 	 0.9055 	 23.5467 	 1.6059 	 0.0000 	 3.4721 	 801.7145 	 10.0000 	 0.2730 	 0.9214 	 0.8250 	 5.3426 	 0.1276 	 0.0000 	 1.7451 	 0.0000 
14.0000 	 0.0010 	 1.0000 	 1.0000 	 5.9248 	 1.5379 	 0.0000 	 3.4977 	 801.8223 	 14.0000 	 0.3416 	 0.1723 	 0.0040 	 3.7813 	 2.9818 	 0.0000 	 1.5259 	 0.0065 
6.0000 	 0.0151 	 1.0000 	 1.0000 	 2.3271 	 1.6054 	 0.0000 	 3.4717 	 801.7145 	 6.0000 	 0.6908 	 0.5893 	 0.4856 	 14.0624 	 3.2284 	 0.0000 	 1.6256 	 0.0000 
12.0000 	 0.0014 	 0.1265 	 1.0000 	 40.7028 	 1.6049 	 0.0000 	 3.4724 	 801.7144 	 12.0000 	 0.6187 	 0.3919 	 0.7938 	 9.5356 	 1.4989 	 0.0000 	 0.9249 	 0.0000 
16.0000 	 0.0014 	 0.2440 	 0.6971 	 42.1742 	 1.6052 	 0.0000 	 3.4725 	 801.7152 	 16.0000 	 0.3721 	 0.7353 	 0.6980 	 9.1362 	 3.1701 	 0.0000 	 1.0279 	 0.0000 
2.0000 	 0.0010 	 1.0000 	 1.0000 	 1.0046 	 1.6040 	 0.0000 	 3.4727 	 801.7157 	 2.0000 	 0.8481 	 0.3788 	 0.0605 	 1.4134 	 2.6379 	 0.0000 	 0.2839 	 0.0003 
14.0000 	 0.0119 	 1.0000 	 1.0000 	 15.3005 	 1.6200 	 0.0000 	 3.5186 	 801.7679 	 14.0000 	 0.4418 	 0.6905 	 0.2260 	 11.5893 	 2.0462 	 0.0000 	 2.4094 	 0.0000 
20.0000 	 0.0023 	 0.7760 	 0.9186 	 24.2964 	 1.6060 	 0.0000 	 3.4725 	 801.7145 	 20.0000 	 0.8606 	 0.2857 	 0.5156 	 1.6194 	 3.5347 	 0.0000 	 2.1242 	 0.0000 
18.0000 	 0.0043 	 1.0000 	 0.9475 	 5.6868 	 1.7660 	 0.0000 	 3.5182 	 802.1538 	 18.0000 	 0.7125 	 0.2637 	 0.4510 	 1.4950 	 0.4703 	 0.0000 	 0.3332 	 0.0000 
7.0000 	 0.0080 	 0.1299 	 1.0000 	 13.7226 	 1.5796 	 0.0000 	 3.4760 	 801.7288 	 7.0000 	 0.1577 	 0.8498 	 0.7449 	 13.3499 	 0.0513 	 0.0000 	 1.9353 	 0.0002 
17.0000 	 0.1685 	 0.3108 	 1.0000 	 49.9986 	 1.6696 	 0.0000 	 3.4947 	 801.7978 	 17.0000 	 0.6003 	 0.9379 	 0.7407 	 11.4996 	 3.5235 	 0.0000 	 0.8593 	 0.0012 
10.0000 	 0.0010 	 0.7030 	 0.9807 	 42.2944 	 1.6038 	 0.0000 	 3.4686 	 801.7147 	 10.0000 	 0.5858 	 0.4553 	 0.2800 	 12.3864 	 0.2875 	 0.0000 	 0.8759 	 0.0000 
                                                                                                                                                                                                                                                                                                                                              7.0000 	 0.0478 	 1.0000 	 1.0000 	 1.0000 	 1.6023 	 0.0000 	 3.4741 	 801.7140 	 7.0000 	 0.3340 	 0.6313 	 0.6557 	 14.5319 	 3.1875 	 0.0000 	 0.2581 	 0.0008 
                                                                                                                                                                                                                                                                                                                                                                                                                                                                                                                                                                                                                                                                                                                                                                                                                                                                                                                                                                                                                                                                                                                                                                                                           4.0000 	 0.0017 	 0.9559 	 1.0000 	 1.2333 	 1.6099 	 0.0000 	 3.4799 	 801.7164 	 4.0000 	 0.5284 	 0.2097 	 0.1073 	 6.5439 	 1.4447 	 0.0000 	 1.0461 	 0.0003 
7.0000 	 0.0010 	 0.1486 	 0.9027 	 45.3807 	 1.6181 	 0.0000 	 3.4867 	 801.7280 	 7.0000 	 0.2960 	 0.4251 	 0.7737 	 3.1622 	 1.6840 	 0.0000 	 1.2087 	 0.0002 
13.0000 	 0.0056 	 0.6494 	 1.0000 	 1.1723 	 1.6471 	 0.0000 	 3.3875 	 801.9283 	 13.0000 	 0.4247 	 0.8307 	 0.8175 	 3.0668 	 3.8111 	 0.0000 	 2.6842 	 0.0000 
10.0000 	 0.0010 	 1.0000 	 0.9998 	 8.3096 	 1.6684 	 0.0000 	 3.3922 	 801.9484 	 10.0000 	 0.8924 	 0.0081 	 0.4439 	 1.3346 	 3.8509 	 0.0000 	 2.5624 	 0.0008 
1.0000 	 0.0010 	 1.0000 	 1.0000 	 1.5481 	 1.5506 	 0.0000 	 3.4843 	 805.1909 	 1.0000 	 0.3213 	 0.7655 	 0.6824 	 2.7036 	 1.7943 	 0.0000 	 0.7568 	 0.0037 
29.0000 	 0.0010 	 0.1170 	 0.4274 	 49.9656 	 1.6678 	 0.0000 	 3.5801 	 802.0434 	 29.0000 	 0.3326 	 0.6804 	 0.1026 	 3.1391 	 4.0258 	 0.0000 	 2.5091 	 0.0000 
10.0000 	 0.0750 	 0.1259 	 1.0000 	 44.2197 	 1.6061 	 0.0000 	 3.4725 	 801.7141 	 10.0000 	 0.2812 	 0.4657 	 0.1374 	 5.4087 	 4.3459 	 0.0000 	 2.2649 	 0.0000 
1.0000 	 0.0010 	 0.4181 	 1.0000 	 39.0664 	 1.5539 	 0.0000 	 3.4866 	 805.1978 	 1.0000 	 0.9149 	 0.1533 	 0.4637 	 5.8088 	 0.0860 	 0.0000 	 1.8672 	 0.0035 
6.0000 	 0.0808 	 0.4696 	 1.0000 	 49.9999 	 1.6085 	 0.0000 	 3.4718 	 801.7147 	 6.0000 	 0.4398 	 0.0046 	 0.2255 	 1.8455 	 3.5502 	 0.0000 	 2.4578 	 0.0000 
8.0000 	 0.0010 	 0.9966 	 0.9474 	 12.6661 	 1.6075 	 0.0000 	 3.4715 	 801.7147 	 8.0000 	 0.5959 	 0.7382 	 0.0234 	 13.3219 	 1.0218 	 0.0000 	 0.9376 	 0.0000 
8.0000 	 0.0015 	 0.0435 	 0.9812 	 50.0000 	 1.6050 	 0.0000 	 3.4734 	 801.7149 	 8.0000 	 0.0435 	 0.4981 	 0.8282 	 9.7937 	 1.0570 	 0.0000 	 0.4580 	 0.0000 
12.0000 	 0.0044 	 0.1408 	 0.9569 	 46.3533 	 1.6054 	 0.0000 	 3.4729 	 801.7145 	 12.0000 	 0.3728 	 0.6939 	 0.0457 	 1.5562 	 1.1355 	 0.0000 	 1.5580 	 0.0001 
4.0000 	 0.0017 	 0.9317 	 1.0000 	 42.1125 	 1.6049 	 0.0000 	 3.4724 	 801.6986 	 4.0000 	 0.1760 	 0.2157 	 0.5750 	 9.4741 	 2.3842 	 0.0000 	 0.8489 	 0.0000 
15.0000 	 0.0010 	 1.0000 	 1.0000 	 1.8197 	 1.5916 	 0.0000 	 3.4731 	 801.6293 	 15.0000 	 0.9832 	 0.4526 	 0.9435 	 11.6117 	 1.0332 	 0.0000 	 1.1584 	 0.0075 
17.0000 	 0.1077 	 0.2721 	 0.9898 	 50.0000 	 1.6055 	 0.0000 	 3.4722 	 801.7145 	 17.0000 	 0.2238 	 0.5569 	 0.9724 	 3.5226 	 2.2519 	 0.0000 	 0.5800 	 0.0000 
7.0000 	 0.0098 	 0.0917 	 1.0000 	 23.7217 	 1.5842 	 0.0000 	 3.4314 	 801.7646 	 7.0000 	 0.8920 	 0.3317 	 0.6788 	 8.5750 	 0.5114 	 0.0000 	 2.4186 	 0.0004 
3.0000 	 0.0157 	 1.0000 	 1.0000 	 2.4960 	 1.6229 	 0.0000 	 3.4861 	 801.7274 	 3.0000 	 0.6627 	 0.4234 	 0.0318 	 3.4744 	 0.3828 	 0.0000 	 1.7250 	 0.0055 
1.0000 	 0.0010 	 1.0000 	 1.0000 	 12.4249 	 1.5641 	 0.0000 	 3.4848 	 805.2037 	 1.0000 	 0.3338 	 0.7873 	 0.5795 	 10.6567 	 0.3113 	 0.0000 	 0.1597 	 0.0105 
3.0000 	 0.0011 	 0.5815 	 1.0000 	 6.4291 	 1.6030 	 0.0000 	 3.4786 	 801.7157 	 3.0000 	 0.1595 	 0.7277 	 0.8492 	 9.0380 	 2.9457 	 0.0000 	 1.3397 	 0.0000 
5.0000 	 0.0010 	 0.8419 	 1.0000 	 49.9346 	 1.6084 	 0.0000 	 3.4709 	 801.7146 	 5.0000 	 0.9252 	 0.7872 	 0.7744 	 5.1819 	 1.6307 	 0.0000 	 1.1148 	 0.0000 
10.0000 	 0.0010 	 0.6267 	 0.9998 	 1.4765 	 1.6053 	 0.0000 	 3.4728 	 801.7146 	 10.0000 	 0.2316 	 0.0851 	 0.4121 	 1.3783 	 3.8057 	 0.0000 	 2.1594 	 0.0000 
23.0000 	 0.0012 	 0.9268 	 0.8651 	 6.5027 	 1.6056 	 0.0000 	 3.4726 	 801.7145 	 23.0000 	 0.1198 	 0.2085 	 0.0532 	 5.7909 	 4.1456 	 0.0000 	 0.3453 	 0.0000 
7.0000 	 0.0067 	 0.5995 	 0.9774 	 6.3154 	 1.6037 	 0.0000 	 3.4720 	 801.7150 	 7.0000 	 0.2353 	 0.9085 	 0.4957 	 3.7717 	 0.9121 	 0.0000 	 0.2432 	 0.0000 
18.0000 	 0.0010 	 0.8505 	 1.0000 	 8.4166 	 1.5540 	 0.0000 	 3.5112 	 801.8019 	 18.0000 	 0.5033 	 0.8135 	 0.0818 	 5.6699 	 1.6886 	 0.0000 	 1.0161 	 0.0000 
4.0000 	 0.0021 	 0.2212 	 1.0000 	 42.1184 	 1.6033 	 0.0000 	 3.4735 	 801.7144 	 4.0000 	 0.8551 	 0.2382 	 0.2125 	 12.0259 	 2.5829 	 0.0000 	 0.3863 	 0.0000 
2.0000 	 0.0010 	 0.7186 	 1.0000 	 23.8464 	 1.6155 	 0.0000 	 3.4722 	 801.7186 	 2.0000 	 0.9859 	 0.9569 	 0.6392 	 1.9875 	 3.3977 	 0.0000 	 1.5348 	 0.0004 
2.0000 	 0.0010 	 1.0000 	 1.0000 	 18.7792 	 1.6097 	 0.0000 	 3.4707 	 801.7128 	 2.0000 	 0.5876 	 0.2788 	 0.3443 	 12.8089 	 0.5769 	 0.0000 	 2.6260 	 0.0002 
11.0000 	 0.0085 	 0.1487 	 0.9996 	 43.0841 	 1.6078 	 0.0000 	 3.4644 	 801.7144 	 11.0000 	 0.4688 	 0.4075 	 0.3131 	 2.4577 	 2.6085 	 0.0000 	 2.5361 	 0.0202 
1.0000 	 0.0010 	 0.3722 	 1.0000 	 30.0028 	 1.5334 	 0.0000 	 3.4757 	 805.2167 	 1.0000 	 0.8407 	 0.0767 	 0.1502 	 13.7498 	 1.8411 	 0.0000 	 2.4723 	 0.0034 
7.0000 	 0.1016 	 0.9269 	 1.0000 	 15.1846 	 1.7405 	 0.0000 	 3.5127 	 802.0368 	 7.0000 	 0.4175 	 0.1814 	 0.7389 	 6.7158 	 0.5155 	 0.0000 	 2.6138 	 0.0000 
12.0000 	 0.0361 	 0.1950 	 0.9625 	 30.4484 	 1.6120 	 0.0000 	 3.4722 	 801.7118 	 12.0000 	 0.5859 	 0.9808 	 0.9204 	 14.8484 	 4.5099 	 0.0000 	 2.1546 	 0.0000 
26.0000 	 0.0044 	 0.0214 	 1.0000 	 41.6075 	 1.5949 	 0.0000 	 3.5043 	 801.7406 	 26.0000 	 0.7605 	 0.1989 	 0.5593 	 12.1810 	 1.5969 	 0.0000 	 0.5236 	 0.0000 
4.0000 	 0.0049 	 0.0961 	 1.0000 	 46.5257 	 1.6055 	 0.0000 	 3.4725 	 801.7145 	 4.0000 	 0.4128 	 0.0162 	 0.4103 	 10.4814 	 1.4379 	 0.0000 	 0.0578 	 0.0000 
29.0000 	 0.0033 	 0.7608 	 0.7125 	 2.4066 	 1.6042 	 0.0000 	 3.4734 	 801.7146 	 29.0000 	 0.1197 	 0.3426 	 0.0802 	 3.5514 	 2.5411 	 0.0000 	 2.4156 	 0.0000 
19.0000 	 0.0016 	 0.1177 	 0.4638 	 23.2596 	 1.6293 	 0.0000 	 3.4162 	 801.8842 	 19.0000 	 0.2587 	 0.7347 	 0.6347 	 3.4982 	 2.6835 	 0.0000 	 1.1263 	 0.0002 
14.0000 	 0.0010 	 0.9979 	 0.7793 	 12.2035 	 1.6058 	 0.0000 	 3.4724 	 801.7147 	 14.0000 	 0.7447 	 0.4054 	 0.9604 	 6.9034 	 2.1802 	 0.0000 	 2.4349 	 0.0000 
6.0000 	 0.0325 	 0.4402 	 1.0000 	 4.8412 	 1.5921 	 0.0000 	 3.4557 	 801.7252 	 6.0000 	 0.1371 	 0.0317 	 0.9023 	 14.4823 	 1.4654 	 0.0000 	 2.5071 	 0.0000 
4.0000 	 0.0010 	 0.2097 	 1.0000 	 49.9997 	 1.6076 	 0.0000 	 3.4669 	 801.7062 	 4.0000 	 0.9186 	 0.8739 	 0.9217 	 13.1378 	 2.1062 	 0.0000 	 1.8290 	 0.0190 
18.0000 	 0.0040 	 0.2084 	 0.9924 	 14.6896 	 1.6023 	 0.0000 	 3.4701 	 801.7149 	 18.0000 	 0.0907 	 0.2395 	 0.6675 	 14.5540 	 4.7424 	 0.0000 	 1.7619 	 0.0000 
1.0000 	 0.0010 	 0.9993 	 1.0000 	 27.2971 	 1.5708 	 0.0000 	 3.4865 	 805.2138 	 1.0000 	 0.4271 	 0.5433 	 0.9336 	 2.6798 	 4.6395 	 0.0000 	 1.4628 	 0.0036 
1.0000 	 0.0010 	 0.3004 	 1.0000 	 49.9986 	 1.5427 	 0.0000 	 3.4464 	 805.2471 	 1.0000 	 0.0896 	 0.0838 	 0.2844 	 14.7274 	 0.9385 	 0.0000 	 1.9490 	 0.0036 
5.0000 	 0.0017 	 0.1341 	 0.9998 	 49.9926 	 1.5745 	 0.0000 	 3.4473 	 801.7485 	 5.0000 	 0.4602 	 0.7317 	 0.9819 	 2.2091 	 2.0494 	 0.0000 	 0.6550 	 0.0001 
11.0000 	 0.0085 	 0.3718 	 0.9758 	 7.1812 	 1.6048 	 0.0000 	 3.4720 	 801.7145 	 11.0000 	 0.9037 	 0.6151 	 0.0658 	 3.8098 	 1.0933 	 0.0000 	 0.9050 	 0.0000 
17.0000 	 0.0074 	 0.6217 	 0.8961 	 49.9999 	 1.6372 	 0.0000 	 3.4471 	 801.6600 	 17.0000 	 0.7834 	 0.1222 	 0.4055 	 11.0633 	 2.4045 	 0.0000 	 0.1697 	 0.0000 
9.0000 	 0.0027 	 0.2056 	 1.0000 	 44.2278 	 1.5999 	 0.0000 	 3.5050 	 801.7402 	 9.0000 	 0.0781 	 0.6745 	 0.0956 	 10.1505 	 2.6589 	 0.0000 	 1.5122 	 0.0000 
6.0000 	 0.0067 	 0.6599 	 1.0000 	 49.9986 	 1.6318 	 0.0000 	 3.4709 	 801.7270 	 6.0000 	 0.0562 	 0.1396 	 0.6134 	 12.4001 	 0.1302 	 0.0000 	 2.6448 	 0.0005 
21.0000 	 0.0010 	 1.0000 	 0.6445 	 1.0845 	 1.6348 	 0.0000 	 3.4144 	 801.8142 	 21.0000 	 0.4353 	 0.4334 	 0.8972 	 3.9867 	 1.4485 	 0.0000 	 0.5254 	 0.0000 
25.0000 	 0.0341 	 0.6676 	 0.8604 	 1.1996 	 1.6029 	 0.0000 	 3.4733 	 801.7141 	 25.0000 	 0.3782 	 0.0176 	 0.5915 	 7.6461 	 2.8249 	 0.0000 	 0.1252 	 0.0001 
16.0000 	 0.0010 	 0.1091 	 0.9787 	 27.5160 	 1.6062 	 0.0000 	 3.4725 	 801.7145 	 16.0000 	 0.1315 	 0.7360 	 0.2817 	 9.7126 	 1.4001 	 0.0000 	 1.6244 	 0.0000 
8.0000 	 0.0020 	 0.1456 	 1.0000 	 30.0714 	 1.6082 	 0.0000 	 3.4585 	 801.7193 	 8.0000 	 0.0083 	 0.8831 	 0.2050 	 10.9083 	 0.4280 	 0.0000 	 0.3622 	 0.0000 
5.0000 	 0.0091 	 0.2887 	 1.0000 	 36.1216 	 1.6064 	 0.0000 	 3.4718 	 801.7145 	 5.0000 	 0.5273 	 0.2738 	 0.5046 	 3.9596 	 0.9512 	 0.0000 	 1.4119 	 0.0000 
19.0000 	 0.0063 	 0.3468 	 0.8706 	 3.8452 	 1.6049 	 0.0000 	 3.4716 	 801.7147 	 19.0000 	 0.9896 	 0.8285 	 0.7527 	 9.0896 	 0.8119 	 0.0000 	 2.2267 	 0.0000 
25.0000 	 0.0023 	 0.6406 	 0.5898 	 45.0060 	 1.6055 	 0.0000 	 3.4724 	 801.7147 	 25.0000 	 0.4526 	 0.1457 	 0.7370 	 11.4035 	 3.3750 	 0.0000 	 2.9660 	 0.0000 
12.0000 	 0.0016 	 0.4429 	 1.0000 	 6.3575 	 1.6208 	 0.0000 	 3.4698 	 801.7189 	 12.0000 	 0.0510 	 0.1512 	 0.4242 	 14.8273 	 1.4802 	 0.0000 	 0.0907 	 0.0000 
3.0000 	 0.0295 	 0.9307 	 1.0000 	 2.7365 	 1.6087 	 0.0000 	 3.4838 	 801.7454 	 3.0000 	 0.7331 	 0.8191 	 0.4688 	 14.6236 	 2.3469 	 0.0000 	 0.9316 	 0.0002 
17.0000 	 0.0024 	 0.9881 	 0.9932 	 1.0212 	 1.5935 	 0.0000 	 3.4842 	 801.7113 	 17.0000 	 0.1022 	 0.9270 	 0.8207 	 11.8499 	 3.3824 	 0.0000 	 0.1736 	 0.0002 
13.0000 	 0.0029 	 0.9997 	 0.9109 	 43.5666 	 1.6056 	 0.0000 	 3.4775 	 801.7152 	 13.0000 	 0.2378 	 0.0784 	 0.5157 	 13.9858 	 3.8703 	 0.0000 	 1.1624 	 0.0000 
2.0000 	 0.0010 	 0.9776 	 1.0000 	 14.6185 	 1.6135 	 0.0000 	 3.4772 	 801.7192 	 2.0000 	 0.8352 	 0.1189 	 0.2102 	 2.1921 	 0.3976 	 0.0000 	 0.1760 	 0.0000 
11.0000 	 0.0057 	 0.9062 	 0.8834 	 49.5840 	 1.6055 	 0.0000 	 3.4712 	 801.7149 	 11.0000 	 0.1757 	 0.0177 	 0.4425 	 12.7661 	 3.4990 	 0.0000 	 1.0616 	 0.0000 
22.0000 	 0.0159 	 0.3074 	 0.8531 	 12.7836 	 1.6051 	 0.0000 	 3.4726 	 801.7144 	 22.0000 	 0.2736 	 0.1945 	 0.5344 	 3.1624 	 1.6428 	 0.0000 	 1.5612 	 0.0000 
10.0000 	 0.0010 	 0.4465 	 1.0000 	 49.7467 	 1.6680 	 0.0000 	 3.4042 	 801.8986 	 10.0000 	 0.3106 	 0.0695 	 0.9743 	 1.9448 	 1.5632 	 0.0000 	 1.2590 	 0.0005 
6.0000 	 0.0010 	 0.6721 	 1.0000 	 49.9999 	 1.6040 	 0.0000 	 3.4718 	 801.7144 	 6.0000 	 0.1547 	 0.4911 	 0.4843 	 9.8276 	 0.9118 	 0.0000 	 2.0752 	 0.0004 
22.0000 	 0.0303 	 0.2155 	 1.0000 	 45.5032 	 1.7064 	 0.0000 	 3.4889 	 801.8902 	 22.0000 	 0.9326 	 0.0904 	 0.7137 	 9.9263 	 3.5766 	 0.0000 	 0.5495 	 0.0000 
12.0000 	 0.0857 	 0.4019 	 1.0000 	 49.9986 	 1.7715 	 0.0000 	 3.5039 	 801.8427 	 12.0000 	 0.5506 	 0.2485 	 0.7288 	 9.9086 	 3.7150 	 0.0000 	 1.9407 	 0.0333 
20.0000 	 0.0025 	 0.6345 	 0.8692 	 1.0000 	 1.5826 	 0.0000 	 3.4758 	 801.7256 	 20.0000 	 0.1708 	 0.7492 	 0.9147 	 11.3185 	 2.4526 	 0.0000 	 0.2444 	 0.0000 
16.0000 	 0.0019 	 0.0328 	 1.0000 	 40.0826 	 1.6043 	 0.0000 	 3.4728 	 801.7145 	 16.0000 	 0.6799 	 0.8727 	 0.0653 	 9.7950 	 1.7507 	 0.0000 	 0.5066 	 0.0000 
5.0000 	 0.0011 	 0.5372 	 1.0000 	 49.1699 	 1.6070 	 0.0000 	 3.4723 	 801.7145 	 5.0000 	 0.0808 	 0.6787 	 0.4654 	 10.9014 	 4.8599 	 0.0000 	 0.5430 	 0.0000 
7.0000 	 0.0254 	 1.0000 	 1.0000 	 1.0000 	 1.6233 	 0.0000 	 3.4812 	 801.0513 	 7.0000 	 0.6878 	 0.0601 	 0.9437 	 14.4670 	 4.3136 	 0.0000 	 1.7069 	 0.0020 
11.0000 	 0.0276 	 0.9928 	 0.9918 	 25.4225 	 1.6056 	 0.0000 	 3.4728 	 801.7145 	 11.0000 	 0.2621 	 0.6873 	 0.7181 	 3.1197 	 0.3717 	 0.0000 	 1.8827 	 0.0000 
4.0000 	 0.0015 	 0.9475 	 1.0000 	 1.1771 	 1.5919 	 0.0000 	 3.4615 	 801.7198 	 4.0000 	 0.6371 	 0.6705 	 0.9845 	 8.5456 	 2.7691 	 0.0000 	 0.8496 	 0.0000 
18.0000 	 0.0011 	 0.6871 	 0.7794 	 34.4218 	 1.6071 	 0.0000 	 3.4747 	 801.7147 	 18.0000 	 0.2868 	 0.9818 	 0.5171 	 7.4268 	 2.2795 	 0.0000 	 1.5454 	 0.0000 
6.0000 	 0.0101 	 0.7016 	 1.0000 	 14.8409 	 1.6605 	 0.0000 	 3.5422 	 801.8771 	 6.0000 	 0.3412 	 0.6563 	 0.6677 	 12.7257 	 0.6424 	 0.0000 	 0.8140 	 0.0000 
18.0000 	 0.1116 	 0.1991 	 0.9499 	 10.1015 	 1.6041 	 0.0000 	 3.4735 	 801.7148 	 18.0000 	 0.2517 	 0.8469 	 0.3804 	 14.6608 	 1.9597 	 0.0000 	 1.1920 	 0.0000 
1.0000 	 0.0010 	 1.0000 	 1.0000 	 49.9999 	 1.5602 	 0.0000 	 3.4831 	 805.2085 	 1.0000 	 0.3578 	 0.0458 	 0.5929 	 2.1452 	 4.9557 	 0.0000 	 2.2582 	 0.0034 
13.0000 	 0.0031 	 0.0321 	 1.0000 	 47.6940 	 1.5908 	 0.0000 	 3.4920 	 801.7278 	 13.0000 	 0.8801 	 0.4303 	 0.7988 	 12.7944 	 2.5936 	 0.0000 	 0.3570 	 0.0000 
15.0000 	 0.0164 	 0.5219 	 0.9894 	 3.3040 	 1.6238 	 0.0000 	 3.4685 	 801.7210 	 15.0000 	 0.9426 	 0.6260 	 0.9736 	 4.0700 	 1.0958 	 0.0000 	 2.1169 	 0.0001 
5.0000 	 0.0024 	 0.1703 	 1.0000 	 49.9997 	 1.6154 	 0.0000 	 3.4813 	 801.7181 	 5.0000 	 0.9350 	 0.3174 	 0.6688 	 2.7235 	 2.1682 	 0.0000 	 0.5981 	 0.0003 
17.0000 	 0.0278 	 0.1154 	 1.0000 	 44.8837 	 1.6367 	 0.0000 	 3.4630 	 801.6158 	 17.0000 	 0.1755 	 0.1652 	 0.7202 	 6.2788 	 3.6796 	 0.0000 	 1.3463 	 0.0000 
10.0000 	 0.0203 	 0.8977 	 0.9577 	 46.8657 	 1.6049 	 0.0000 	 3.4734 	 801.7147 	 10.0000 	 0.9260 	 0.1581 	 0.3388 	 2.7823 	 4.5781 	 0.0000 	 0.3142 	 0.0000 
17.0000 	 0.0142 	 0.7355 	 1.0000 	 4.9792 	 1.6373 	 0.0000 	 3.5037 	 801.7551 	 17.0000 	 0.1163 	 0.6000 	 0.4050 	 2.6000 	 2.9477 	 0.0000 	 2.7744 	 0.0010 
14.0000 	 0.0280 	 0.1022 	 0.9195 	 47.6058 	 1.6022 	 0.0000 	 3.4689 	 801.7151 	 14.0000 	 0.7945 	 0.3504 	 0.3462 	 11.0623 	 1.6336 	 0.0000 	 2.1427 	 0.0009 
7.0000 	 0.0045 	 0.3351 	 0.9992 	 10.9999 	 1.4907 	 0.0000 	 3.6129 	 802.4225 	 7.0000 	 0.0236 	 0.2714 	 0.1205 	 7.9283 	 0.4705 	 0.0000 	 1.3093 	 0.0000 
4.0000 	 0.0095 	 0.9966 	 1.0000 	 41.2207 	 1.7100 	 0.0000 	 3.4731 	 801.8953 	 4.0000 	 0.9977 	 0.6337 	 0.9994 	 13.0133 	 1.3828 	 0.0000 	 2.2334 	 0.0000 
12.0000 	 0.0017 	 0.2809 	 0.8613 	 17.4113 	 1.6058 	 0.0000 	 3.4725 	 801.7146 	 12.0000 	 0.4507 	 0.2537 	 0.2256 	 5.6395 	 3.0432 	 0.0000 	 1.1191 	 0.0000 
9.0000 	 0.0011 	 0.6173 	 1.0000 	 9.3898 	 1.6082 	 0.0000 	 3.4728 	 801.7145 	 9.0000 	 0.4506 	 0.9279 	 0.8775 	 5.0401 	 1.6948 	 0.0000 	 2.4476 	 0.0000 
1.0000 	 0.0010 	 1.0000 	 1.0000 	 1.0000 	 1.5311 	 0.0000 	 3.4720 	 805.1747 	 1.0000 	 0.4583 	 0.0304 	 0.4432 	 9.1861 	 3.6203 	 0.0000 	 0.6682 	 0.0072 
12.0000 	 0.0020 	 0.0602 	 1.0000 	 19.4317 	 1.6042 	 0.0000 	 3.4726 	 801.7148 	 12.0000 	 0.6249 	 0.5548 	 0.2739 	 1.6570 	 3.7740 	 0.0000 	 1.8921 	 0.0000 
8.0000 	 0.0010 	 0.2690 	 1.0000 	 10.9619 	 1.6074 	 0.0000 	 3.4723 	 801.7146 	 8.0000 	 0.8022 	 0.7127 	 0.9083 	 7.2283 	 2.7937 	 0.0000 	 0.4002 	 0.0000 
11.0000 	 0.0010 	 0.8735 	 0.8042 	 1.4111 	 1.6222 	 0.0000 	 3.4864 	 801.7267 	 11.0000 	 0.5462 	 0.2249 	 0.5380 	 5.2653 	 2.9737 	 0.0000 	 1.5802 	 0.0000 
3.0000 	 0.0010 	 0.9993 	 1.0000 	 50.0000 	 1.6070 	 0.0000 	 3.4725 	 801.7149 	 3.0000 	 0.7289 	 0.7878 	 0.6300 	 2.0650 	 1.1966 	 0.0000 	 1.0828 	 0.0001 
11.0000 	 0.0031 	 0.2640 	 1.0000 	 16.6318 	 1.6043 	 0.0000 	 3.4720 	 801.7145 	 11.0000 	 0.2260 	 0.5244 	 0.3456 	 5.4214 	 0.6823 	 0.0000 	 1.7455 	 0.0000 
2.0000 	 0.0011 	 1.0000 	 1.0000 	 1.0478 	 1.6057 	 0.0000 	 3.4713 	 801.7167 	 2.0000 	 0.9905 	 0.2401 	 0.2413 	 2.6112 	 3.0029 	 0.0000 	 0.9679 	 0.0000 
6.0000 	 0.0010 	 0.0843 	 0.9994 	 49.9997 	 1.6124 	 0.0000 	 3.4746 	 801.7131 	 6.0000 	 0.5535 	 0.6283 	 0.9395 	 5.7082 	 0.2154 	 0.0000 	 2.2692 	 0.0027 
6.0000 	 0.0214 	 0.9895 	 0.9995 	 1.1522 	 1.6019 	 0.0000 	 3.4714 	 801.7145 	 6.0000 	 0.3901 	 0.2523 	 0.7362 	 3.5563 	 3.9176 	 0.0000 	 2.1221 	 0.0003 
5.0000 	 0.0070 	 0.6527 	 1.0000 	 48.5355 	 1.6064 	 0.0000 	 3.4724 	 801.7145 	 5.0000 	 0.5254 	 0.4739 	 0.3040 	 4.8956 	 1.8506 	 0.0000 	 2.7051 	 0.0000 
5.0000 	 0.0047 	 0.2536 	 1.0000 	 42.4273 	 1.6044 	 0.0000 	 3.4720 	 801.7146 	 5.0000 	 0.0472 	 0.9181 	 0.0785 	 1.3523 	 3.9666 	 0.0000 	 1.5220 	 0.0000 
