50.0000 	 1.9247 	 23.2764 	 5.3223 	 -0.1855 	 3.1348 	 997.1680 	 50.0000 	 2.4222 	 18.3863 	 -4.1044 	 4.6948 	 2.0805 	 0.6359 
49.0000 	 2.3508 	 6.0364 	 4.4263 	 0.1465 	 4.5361 	 1055.4849 	 49.0000 	 2.1800 	 7.5424 	 -1.0767 	 -0.9453 	 9.5418 	 0.9899 
50.0000 	 1.6731 	 13.0762 	 -3.8867 	 -1.6211 	 5.7715 	 1200.4598 	 50.0000 	 2.2917 	 6.7104 	 -2.1822 	 2.8142 	 9.0363 	 1.0062 
49.0000 	 2.1545 	 11.0986 	 2.0996 	 -0.0684 	 11.5332 	 836.7753 	 49.0000 	 2.1653 	 16.4499 	 0.5605 	 -1.1435 	 5.1826 	 0.9409 
50.0000 	 2.1826 	 17.7429 	 5.1361 	 -0.6547 	 7.0959 	 945.1690 	 50.0000 	 2.2883 	 19.5317 	 3.2207 	 -0.9805 	 2.6263 	 1.0412 
49.0000 	 1.6391 	 18.2690 	 -5.5127 	 0.0049 	 9.1040 	 900.4551 	 49.0000 	 1.6877 	 11.1044 	 1.4022 	 3.0764 	 6.6431 	 1.0209 
50.0000 	 1.8160 	 7.9620 	 5.6105 	 0.8902 	 4.7773 	 1090.0292 	 50.0000 	 0.1905 	 4.8549 	 -2.1738 	 4.1980 	 6.2189 	 0.9931 
50.0000 	 2.4476 	 14.8243 	 7.1164 	 0.0834 	 4.5474 	 778.6906 	 50.0000 	 1.9427 	 3.3014 	 0.6231 	 4.8266 	 2.3873 	 0.9958 
50.0000 	 2.1704 	 11.3438 	 7.8283 	 0.5948 	 4.8024 	 975.1019 	 50.0000 	 0.2028 	 11.2765 	 -0.0122 	 4.4995 	 1.4491 	 0.9755 
46.0000 	 1.2386 	 9.5146 	 -2.7107 	 3.4561 	 11.6777 	 1327.0462 	 46.0000 	 0.3402 	 14.4854 	 -4.6656 	 -1.1685 	 6.4875 	 1.0093 
48.0000 	 1.6961 	 11.5088 	 4.0137 	 -0.3125 	 5.6494 	 1060.0234 	 48.0000 	 0.8082 	 18.5956 	 -0.3862 	 -2.2192 	 5.9279 	 0.8568 
50.0000 	 1.8788 	 15.9443 	 7.5470 	 0.3383 	 1.3812 	 814.1888 	 50.0000 	 0.7564 	 19.3908 	 0.7473 	 3.9922 	 9.0815 	 0.9911 
45.0000 	 1.0025 	 9.0421 	 -1.0974 	 6.0161 	 8.4041 	 1473.2514 	 45.0000 	 0.2501 	 12.0839 	 3.3520 	 1.0648 	 8.7327 	 0.9954 
49.0000 	 2.1656 	 14.5850 	 6.5820 	 -0.2295 	 1.9800 	 829.3002 	 49.0000 	 1.3973 	 7.3228 	 3.7681 	 -2.9107 	 0.5805 	 0.9162 
46.0000 	 2.2601 	 13.9066 	 8.4354 	 0.2036 	 0.9039 	 809.0574 	 46.0000 	 2.9641 	 14.3117 	 1.9418 	 3.6697 	 7.7379 	 0.7839 
49.0000 	 1.0885 	 5.9253 	 6.4404 	 4.9731 	 5.3137 	 1504.6576 	 49.0000 	 2.4345 	 4.0694 	 3.5510 	 1.6179 	 6.7143 	 0.9815 
45.0000 	 1.8729 	 7.0507 	 4.9501 	 0.1718 	 3.9284 	 1004.5918 	 45.0000 	 2.6110 	 5.5906 	 1.3484 	 4.6805 	 2.6443 	 0.8912 
49.0000 	 1.5894 	 9.7266 	 4.2871 	 2.2168 	 2.4512 	 1246.7210 	 49.0000 	 2.7580 	 12.7699 	 1.4057 	 4.7819 	 4.2732 	 0.9165 
45.0000 	 1.9280 	 9.2065 	 -0.0830 	 0.3162 	 8.0872 	 956.2035 	 45.0000 	 2.6043 	 8.0275 	 3.1360 	 -2.4477 	 1.2308 	 0.9826 
48.0000 	 1.6086 	 8.9086 	 3.7335 	 0.4378 	 3.3546 	 1057.9465 	 48.0000 	 1.2214 	 1.9876 	 4.1525 	 -1.3810 	 7.4726 	 0.9232 
49.0000 	 2.2298 	 11.8857 	 7.9387 	 0.1256 	 0.3502 	 875.3940 	 49.0000 	 2.0143 	 13.1791 	 3.1140 	 2.7747 	 0.2550 	 0.3274 
48.0000 	 1.5633 	 17.3543 	 4.3257 	 0.8210 	 3.6165 	 928.9611 	 48.0000 	 1.4485 	 5.8697 	 -4.9652 	 -0.9317 	 1.1445 	 0.9375 
43.0000 	 0.8190 	 14.7852 	 1.8945 	 13.3301 	 7.1924 	 1516.9518 	 43.0000 	 0.8094 	 14.2081 	 -2.4262 	 -1.1845 	 6.9293 	 0.9642 
48.0000 	 1.5495 	 16.1181 	 10.7635 	 0.8247 	 5.2027 	 1049.8756 	 48.0000 	 0.9895 	 8.7692 	 -0.9553 	 -0.8177 	 1.9403 	 0.7854 
44.0000 	 1.6731 	 10.5762 	 1.1133 	 0.8789 	 17.0215 	 1120.5643 	 44.0000 	 0.5627 	 8.5410 	 0.2569 	 2.9340 	 9.5891 	 0.9714 
45.0000 	 1.4493 	 13.3057 	 6.2891 	 3.8477 	 3.2129 	 1364.0746 	 45.0000 	 0.9128 	 5.8927 	 -3.3349 	 0.8308 	 3.0984 	 0.7711 
49.0000 	 1.9288 	 12.2714 	 5.6177 	 0.5353 	 1.0944 	 978.6304 	 49.0000 	 1.3136 	 10.0974 	 -4.8115 	 2.6287 	 3.2901 	 0.6152 
44.0000 	 1.8537 	 12.6465 	 2.6953 	 -0.0293 	 3.2275 	 819.9845 	 44.0000 	 1.8862 	 2.8081 	 -4.9891 	 2.9043 	 2.4152 	 0.9876 
50.0000 	 2.6937 	 18.2336 	 9.4397 	 0.2088 	 6.9690 	 811.5027 	 50.0000 	 1.8688 	 17.7283 	 1.2238 	 2.8715 	 2.4237 	 0.9983 
43.0000 	 2.2563 	 14.0726 	 10.6372 	 -0.0025 	 3.1104 	 783.1915 	 43.0000 	 2.8099 	 6.0221 	 0.9756 	 -2.0245 	 4.7070 	 1.0127 
48.0000 	 2.0575 	 12.9902 	 7.8338 	 0.1821 	 2.2877 	 781.3915 	 48.0000 	 2.0097 	 0.1778 	 -2.1854 	 -3.5610 	 8.1265 	 0.9907 
48.0000 	 1.3306 	 12.0898 	 5.5859 	 1.5527 	 6.9531 	 1217.3940 	 48.0000 	 2.1784 	 19.2509 	 -0.4185 	 -2.6113 	 4.9215 	 1.0002 
44.0000 	 2.6625 	 10.9698 	 4.0039 	 0.0702 	 3.7830 	 882.2742 	 44.0000 	 2.0141 	 16.0187 	 -0.1314 	 -3.0459 	 8.5906 	 0.9860 
47.0000 	 1.6577 	 7.0207 	 0.2065 	 3.1824 	 8.0460 	 1316.0280 	 47.0000 	 0.3240 	 16.9970 	 1.8389 	 -1.1798 	 3.7257 	 0.9940 
48.0000 	 1.9691 	 13.4423 	 8.7807 	 0.2965 	 2.0760 	 791.7597 	 48.0000 	 1.7577 	 3.8479 	 -3.0273 	 -0.8399 	 2.3807 	 0.9931 
45.0000 	 2.2333 	 9.8401 	 -2.4536 	 0.1978 	 14.7009 	 894.1340 	 45.0000 	 0.3302 	 5.5116 	 2.7986 	 -1.7041 	 8.2187 	 0.9974 
40.0000 	 2.0941 	 9.6776 	 5.3058 	 0.3225 	 6.4301 	 915.4989 	 40.0000 	 2.5747 	 6.5309 	 -1.2309 	 2.3284 	 2.1248 	 0.9953 
39.0000 	 1.0913 	 13.1592 	 -0.1465 	 5.3418 	 8.8525 	 1468.9695 	 39.0000 	 0.1413 	 17.2171 	 -0.7292 	 4.3860 	 1.3288 	 0.9950 
45.0000 	 1.9961 	 18.7165 	 8.3118 	 -0.1237 	 5.8455 	 831.5824 	 45.0000 	 2.1376 	 17.0366 	 0.2423 	 0.9283 	 4.5232 	 0.9766 
39.0000 	 2.3872 	 15.0549 	 5.3369 	 -0.0757 	 2.1606 	 820.0810 	 39.0000 	 2.5395 	 10.1107 	 -4.3244 	 -0.2768 	 6.6593 	 0.9988 
46.0000 	 2.0507 	 13.8915 	 4.0523 	 -0.5384 	 3.5333 	 963.5971 	 46.0000 	 1.9596 	 13.7670 	 3.6086 	 -0.4869 	 8.6535 	 0.9944 
40.0000 	 1.0368 	 7.0410 	 3.8086 	 2.7148 	 6.2988 	 1587.7881 	 40.0000 	 0.4500 	 18.8861 	 1.4730 	 1.8769 	 6.3576 	 0.3978 
46.0000 	 1.4963 	 9.8582 	 -1.4091 	 4.4029 	 12.7809 	 1386.7403 	 46.0000 	 1.2729 	 8.5365 	 1.0943 	 -3.6920 	 6.1285 	 0.9582 
45.0000 	 2.0441 	 8.8099 	 8.0055 	 0.0748 	 9.5214 	 927.0007 	 45.0000 	 0.5027 	 13.8462 	 0.6893 	 1.6197 	 1.4742 	 0.9644 
44.0000 	 2.0964 	 12.1265 	 0.3909 	 0.1852 	 17.5201 	 780.0837 	 44.0000 	 1.1039 	 1.0471 	 -3.9832 	 -1.2325 	 2.9209 	 0.9992 
48.0000 	 2.5824 	 13.2226 	 7.9492 	 0.0684 	 1.7236 	 769.1367 	 48.0000 	 1.2739 	 11.4305 	 -1.7011 	 0.6443 	 0.9859 	 1.0818 
49.0000 	 2.7391 	 11.3309 	 4.2706 	 -0.0076 	 2.6915 	 863.3798 	 49.0000 	 0.5123 	 2.2638 	 3.6739 	 4.4935 	 2.8352 	 0.9932 
38.0000 	 0.0175 	 8.4961 	 1.6797 	 -4.4922 	 6.3867 	 1964.2924 	 38.0000 	 0.2598 	 9.9930 	 -4.9508 	 4.0178 	 9.4345 	 0.7083 
46.0000 	 1.9932 	 10.8172 	 5.1478 	 0.0439 	 7.5354 	 815.5202 	 46.0000 	 1.4257 	 4.2427 	 -0.7260 	 2.0868 	 3.1222 	 0.9873 
47.0000 	 1.4726 	 4.7929 	 3.3820 	 2.7080 	 5.9547 	 1301.2118 	 47.0000 	 1.9223 	 18.8165 	 4.4767 	 3.4534 	 5.9257 	 1.0210 
36.0000 	 1.3443 	 14.6240 	 -2.0703 	 0.7715 	 4.1699 	 997.1655 	 36.0000 	 1.6355 	 10.5501 	 -2.4169 	 2.8808 	 4.2248 	 0.9847 
42.0000 	 1.1026 	 13.6621 	 -4.0137 	 3.4766 	 14.1016 	 1594.6924 	 42.0000 	 1.1030 	 18.6597 	 -4.0120 	 3.4721 	 9.1022 	 0.0978 
50.0000 	 2.0399 	 16.5674 	 8.3008 	 0.4688 	 4.1455 	 808.5933 	 50.0000 	 1.2596 	 11.9579 	 3.7842 	 3.0406 	 7.8229 	 0.9990 
46.0000 	 1.7846 	 28.5761 	 8.2609 	 0.2282 	 1.2992 	 878.4136 	 46.0000 	 0.3234 	 6.4493 	 -3.8752 	 -1.2345 	 4.6633 	 0.9717 
38.0000 	 1.9856 	 15.3560 	 10.3505 	 0.2095 	 1.7395 	 788.1721 	 38.0000 	 0.7797 	 15.1738 	 4.9147 	 1.9583 	 9.0042 	 0.9568 
47.0000 	 2.2587 	 10.3880 	 5.5219 	 -0.1407 	 1.8564 	 937.2014 	 47.0000 	 1.3670 	 14.5813 	 -4.1541 	 -4.4554 	 1.3498 	 0.8578 
39.0000 	 1.9450 	 10.9222 	 2.3352 	 0.2985 	 3.2770 	 879.6206 	 39.0000 	 0.2796 	 14.3096 	 3.6014 	 -1.4777 	 1.0576 	 0.8687 
46.0000 	 1.3553 	 6.2995 	 -10.7944 	 3.5171 	 10.6017 	 1486.1425 	 46.0000 	 0.4460 	 7.6331 	 -4.0962 	 4.1564 	 4.7570 	 0.6053 
33.0000 	 1.0876 	 8.6914 	 0.1953 	 4.8047 	 11.5039 	 1478.7329 	 33.0000 	 1.9805 	 18.2565 	 -2.4303 	 -1.8354 	 4.1598 	 0.9687 
36.0000 	 1.9140 	 5.7078 	 3.4149 	 0.4013 	 1.8742 	 1083.0266 	 36.0000 	 0.4381 	 14.3537 	 -4.2202 	 1.0463 	 2.1007 	 0.9818 
43.0000 	 1.9363 	 12.5415 	 5.5835 	 0.2734 	 1.6235 	 888.8375 	 43.0000 	 2.5317 	 3.4453 	 3.6180 	 1.5165 	 0.0007 	 0.9006 
50.0000 	 2.3543 	 14.1568 	 10.0732 	 0.1331 	 0.3223 	 781.2269 	 50.0000 	 1.9423 	 15.9241 	 2.5812 	 -1.9474 	 0.6904 	 0.5381 
45.0000 	 1.6816 	 8.4755 	 -7.9368 	 0.9794 	 8.3907 	 1214.7463 	 45.0000 	 0.7833 	 3.3917 	 -4.7407 	 -0.1967 	 0.4181 	 0.6125 
44.0000 	 1.8138 	 20.0443 	 9.1313 	 0.3174 	 0.1841 	 836.4094 	 44.0000 	 2.2019 	 14.8871 	 -0.7809 	 0.8044 	 8.8153 	 0.0762 
39.0000 	 1.9149 	 13.0640 	 11.7310 	 0.2637 	 12.5269 	 788.7506 	 39.0000 	 1.7443 	 10.5882 	 2.0146 	 -2.7791 	 5.7380 	 0.9953 
35.0000 	 0.9881 	 5.5075 	 3.0835 	 7.0734 	 2.5296 	 1448.3442 	 35.0000 	 0.4672 	 7.5036 	 -0.6715 	 -4.5131 	 7.6601 	 0.9883 
46.0000 	 2.8908 	 13.2617 	 2.0996 	 1.8164 	 2.1777 	 1239.2266 	 46.0000 	 1.8669 	 17.0706 	 -2.1583 	 3.1085 	 5.5172 	 1.0003 
47.0000 	 1.4444 	 19.2822 	 -1.9043 	 1.9922 	 9.4824 	 1434.7542 	 47.0000 	 1.4462 	 19.2843 	 -1.9042 	 1.9945 	 9.4804 	 0.2912 
44.0000 	 1.9951 	 12.9590 	 5.2051 	 0.4321 	 5.4309 	 852.4633 	 44.0000 	 2.2862 	 4.4288 	 -4.4328 	 -1.9170 	 9.7242 	 0.7044 
35.0000 	 1.9849 	 16.1133 	 0.9766 	 0.5859 	 12.6758 	 877.1452 	 35.0000 	 1.0710 	 16.1683 	 -3.1654 	 -0.9960 	 1.6140 	 0.9957 
42.0000 	 1.9235 	 13.5736 	 6.7517 	 0.2405 	 3.4109 	 787.4730 	 42.0000 	 1.5507 	 8.3574 	 -4.9196 	 3.3627 	 6.2995 	 0.9802 
32.0000 	 2.2553 	 5.9863 	 5.0427 	 -0.1880 	 11.6586 	 1212.8692 	 32.0000 	 0.4723 	 17.3019 	 -2.3151 	 4.5646 	 1.0007 	 0.7052 
39.0000 	 1.5915 	 4.5030 	 -0.8743 	 1.5180 	 8.5757 	 1288.2842 	 39.0000 	 2.9852 	 14.8257 	 -1.9200 	 -4.9896 	 6.5266 	 0.9930 
31.0000 	 1.1487 	 13.7695 	 5.6641 	 -0.3516 	 2.2070 	 1027.0681 	 31.0000 	 0.0847 	 15.9101 	 0.4816 	 -4.7130 	 9.0116 	 0.9805 
42.0000 	 0.9454 	 8.3545 	 10.6641 	 -12.0020 	 8.2520 	 1565.8510 	 42.0000 	 2.7095 	 11.7912 	 1.5521 	 -4.8985 	 3.6214 	 1.0157 
38.0000 	 1.0368 	 7.0410 	 13.8086 	 2.7148 	 11.2988 	 1475.7803 	 38.0000 	 2.1644 	 4.4319 	 -4.6656 	 -2.1073 	 1.5023 	 0.9860 
33.0000 	 2.2485 	 19.0157 	 13.7420 	 0.0463 	 1.8166 	 816.2160 	 33.0000 	 0.9827 	 18.1189 	 1.1008 	 0.1143 	 6.8867 	 0.9923 
49.0000 	 2.2288 	 15.2035 	 8.7673 	 0.2385 	 0.6609 	 780.2988 	 49.0000 	 1.2831 	 10.6951 	 -4.3068 	 -1.0711 	 4.5299 	 0.9843 
43.0000 	 2.4534 	 7.5391 	 -4.2676 	 0.2441 	 7.0459 	 1472.8784 	 43.0000 	 0.2624 	 19.2306 	 -0.2174 	 2.4010 	 3.7661 	 0.2548 
47.0000 	 2.3394 	 4.2480 	 2.7441 	 0.2539 	 7.9053 	 1185.3618 	 47.0000 	 2.5659 	 3.1939 	 3.3029 	 -0.1303 	 3.5940 	 1.0014 
41.0000 	 1.7400 	 14.0100 	 1.7139 	 0.2295 	 4.9304 	 801.4493 	 41.0000 	 2.3872 	 13.3043 	 -3.2384 	 -0.9722 	 2.1857 	 0.8606 
44.0000 	 2.5106 	 11.2986 	 4.2052 	 0.0281 	 7.0214 	 792.7761 	 44.0000 	 2.8354 	 8.7018 	 -1.2882 	 -0.7973 	 5.4487 	 0.9942 
43.0000 	 2.0169 	 8.7881 	 0.5035 	 0.8661 	 7.2296 	 1113.0179 	 43.0000 	 0.9035 	 17.5478 	 2.9459 	 1.0377 	 4.7132 	 0.9614 
31.0000 	 1.6549 	 12.6705 	 8.6211 	 0.0900 	 0.9772 	 774.2892 	 31.0000 	 1.3881 	 13.3377 	 3.5025 	 3.1097 	 6.0083 	 0.9945 
38.0000 	 1.9467 	 12.1264 	 5.9820 	 0.6017 	 4.4858 	 948.7776 	 38.0000 	 1.3804 	 3.8741 	 -2.8197 	 1.6688 	 3.0227 	 1.0008 
27.0000 	 1.3510 	 14.6690 	 4.7896 	 0.0714 	 3.4927 	 807.6632 	 27.0000 	 0.6312 	 9.6525 	 4.2632 	 0.3059 	 2.0953 	 0.9798 
40.0000 	 1.5178 	 16.7236 	 -2.5195 	 0.2393 	 9.6008 	 876.1121 	 40.0000 	 1.4982 	 11.6077 	 -2.9535 	 4.7776 	 7.4870 	 0.9929 
43.0000 	 1.6845 	 15.2096 	 16.4151 	 0.9690 	 9.6004 	 1018.6044 	 43.0000 	 0.4285 	 7.3872 	 -4.6785 	 -2.6784 	 5.4131 	 0.9896 
38.0000 	 1.5679 	 15.7922 	 5.6006 	 0.4517 	 2.0190 	 1024.6481 	 38.0000 	 0.4672 	 16.2893 	 -2.1332 	 3.2178 	 7.5045 	 0.1365 
32.0000 	 0.8920 	 9.1309 	 9.4727 	 8.7695 	 9.6387 	 1479.6804 	 32.0000 	 0.2698 	 18.4812 	 -2.3442 	 -1.0550 	 1.5208 	 1.0059 
47.0000 	 1.8494 	 11.0886 	 6.9208 	 0.0751 	 1.2268 	 852.5019 	 47.0000 	 2.8564 	 15.9329 	 2.6367 	 2.2085 	 5.7421 	 1.0003 
28.0000 	 1.5249 	 12.4902 	 7.4634 	 0.3760 	 2.6538 	 909.4089 	 28.0000 	 1.0013 	 13.4627 	 3.3781 	 0.7649 	 0.4192 	 0.7012 
47.0000 	 2.6929 	 15.2216 	 7.2919 	 0.1367 	 5.0956 	 785.1643 	 47.0000 	 2.3847 	 5.6008 	 -1.6705 	 0.9220 	 4.2469 	 0.9215 
43.0000 	 1.4882 	 8.4824 	 2.1875 	 3.3630 	 5.3540 	 1341.9094 	 43.0000 	 2.1999 	 8.5492 	 4.5382 	 -2.6017 	 1.4052 	 0.9863 
39.0000 	 2.1410 	 12.5004 	 5.9593 	 0.0496 	 4.5550 	 769.9455 	 39.0000 	 0.5319 	 17.7916 	 -3.6420 	 4.8416 	 4.2780 	 0.9925 
27.0000 	 2.4321 	 3.3129 	 -9.3923 	 -2.1823 	 8.7662 	 1708.7265 	 27.0000 	 1.9271 	 5.4274 	 0.1308 	 -2.8786 	 6.9008 	 0.9178 
44.0000 	 1.8531 	 7.2623 	 -8.2842 	 1.4054 	 11.6520 	 1206.4189 	 44.0000 	 0.6137 	 3.8302 	 -4.1369 	 -1.8687 	 5.8015 	 0.9898 
33.0000 	 2.0813 	 13.1198 	 6.9220 	 0.1892 	 3.8049 	 776.8119 	 33.0000 	 1.8956 	 17.1323 	 3.0677 	 1.3371 	 1.8981 	 0.9600 
33.0000 	 0.7010 	 11.0876 	 -0.4517 	 17.1899 	 3.8416 	 1556.4424 	 33.0000 	 0.6480 	 3.3893 	 -3.4161 	 -4.7016 	 6.7887 	 0.9985 
26.0000 	 1.2209 	 10.4878 	 2.3596 	 0.3472 	 2.9189 	 972.7863 	 26.0000 	 1.4569 	 19.1361 	 -4.6553 	 0.3540 	 2.2128 	 1.0094 
25.0000 	 1.1031 	 22.7396 	 4.9109 	 -0.6232 	 7.3297 	 1025.6713 	 25.0000 	 2.9188 	 1.6941 	 4.1379 	 0.6101 	 5.5338 	 2.6948 
42.0000 	 1.2219 	 4.5807 	 3.9368 	 -7.2034 	 1.8353 	 1609.4128 	 42.0000 	 0.7418 	 19.5847 	 -2.9338 	 2.7455 	 0.1199 	 0.9357 
33.0000 	 1.5626 	 12.9232 	 7.3035 	 0.1471 	 6.8804 	 795.7916 	 33.0000 	 0.3956 	 17.7121 	 3.4317 	 -4.5896 	 4.3633 	 0.9941 
37.0000 	 1.2051 	 6.0498 	 -0.3882 	 4.1211 	 6.9043 	 1376.5082 	 37.0000 	 1.3432 	 2.0833 	 -3.4076 	 4.0536 	 6.4882 	 1.0215 
41.0000 	 1.6282 	 7.9160 	 2.1790 	 0.0617 	 8.4242 	 1030.8159 	 41.0000 	 1.2769 	 7.7674 	 -0.7140 	 -1.2440 	 8.7643 	 0.9637 
28.0000 	 2.4207 	 19.9278 	 12.0946 	 0.0586 	 2.2597 	 811.9350 	 28.0000 	 2.0475 	 16.9218 	 3.7346 	 3.8910 	 5.1429 	 1.0220 
41.0000 	 1.3687 	 15.4126 	 5.0806 	 0.7300 	 8.9697 	 977.7521 	 41.0000 	 0.7201 	 8.2999 	 2.3154 	 1.5100 	 2.8295 	 0.9919 
21.0000 	 0.7888 	 8.5254 	 13.3398 	 6.6211 	 9.3457 	 1471.2348 	 21.0000 	 0.4489 	 10.1456 	 2.4565 	 -0.3093 	 8.1896 	 0.7009 
45.0000 	 1.4468 	 6.3220 	 3.5791 	 0.5420 	 0.5774 	 1174.1433 	 45.0000 	 0.6174 	 19.4785 	 -2.0970 	 1.1819 	 8.7347 	 0.8582 
46.0000 	 1.4199 	 34.9072 	 2.3145 	 0.2637 	 8.9014 	 959.7297 	 46.0000 	 1.3465 	 17.5254 	 -2.2973 	 2.8169 	 4.5269 	 0.9887 
38.0000 	 2.2833 	 13.9021 	 7.1873 	 0.0268 	 8.7998 	 782.7197 	 38.0000 	 0.0263 	 9.4373 	 -1.0513 	 1.9745 	 6.3753 	 1.5211 
25.0000 	 1.8537 	 9.7656 	 -8.2812 	 1.4062 	 7.8906 	 1205.4594 	 25.0000 	 1.8610 	 16.6888 	 3.8795 	 -2.7888 	 9.3520 	 0.9751 
32.0000 	 0.8002 	 9.2296 	 3.3320 	 6.7613 	 4.6886 	 1516.6897 	 32.0000 	 1.8653 	 2.8190 	 -1.2704 	 4.9914 	 2.1824 	 0.7984 
36.0000 	 0.8906 	 13.8180 	 4.9473 	 6.6911 	 4.9804 	 1450.8484 	 36.0000 	 0.9851 	 2.7730 	 -0.1234 	 2.6433 	 2.0905 	 0.9246 
40.0000 	 2.1148 	 12.6904 	 8.5740 	 0.0978 	 1.7073 	 766.8596 	 40.0000 	 2.3303 	 13.1169 	 -0.5415 	 -1.1460 	 2.0406 	 0.9874 
22.0000 	 1.4187 	 13.0637 	 8.3154 	 0.3394 	 1.2879 	 791.5974 	 22.0000 	 2.7943 	 2.2661 	 3.4209 	 -1.4874 	 3.8071 	 0.9875 
20.0000 	 1.0951 	 18.6230 	 9.4336 	 -0.0684 	 2.2119 	 866.3697 	 20.0000 	 0.4214 	 4.9818 	 -2.9602 	 -3.4892 	 4.1701 	 0.9403 
40.0000 	 1.0368 	 7.0410 	 3.8086 	 2.7148 	 11.2988 	 1620.8697 	 40.0000 	 2.2168 	 14.4656 	 2.5964 	 -4.3051 	 6.7885 	 0.3958 
32.0000 	 1.9400 	 9.8666 	 2.5873 	 0.0464 	 6.8393 	 855.4988 	 32.0000 	 0.8707 	 13.7320 	 -3.3808 	 0.0911 	 1.8334 	 1.5618 
26.0000 	 1.7987 	 14.1894 	 10.0999 	 0.1886 	 2.3110 	 775.8307 	 26.0000 	 0.7468 	 4.5777 	 2.7703 	 3.9750 	 7.4529 	 0.9926 
32.0000 	 1.0428 	 9.5488 	 5.3982 	 3.9779 	 15.6401 	 1545.5446 	 32.0000 	 2.7830 	 4.4868 	 -3.8297 	 -1.1629 	 5.0982 	 0.1631 
27.0000 	 1.5360 	 4.9121 	 -1.0059 	 0.6934 	 9.1064 	 1333.2694 	 27.0000 	 1.5083 	 3.0590 	 -3.5084 	 0.4576 	 4.9548 	 0.4429 
15.0000 	 0.7493 	 7.8833 	 -4.4897 	 0.2197 	 9.8022 	 1100.3319 	 15.0000 	 1.9463 	 16.9007 	 -4.3572 	 2.5467 	 2.0301 	 0.9918 
22.0000 	 1.2321 	 8.7329 	 9.7241 	 0.5200 	 6.7102 	 1078.3876 	 22.0000 	 2.1264 	 7.6990 	 4.7787 	 3.8402 	 4.1047 	 0.7146 
34.0000 	 0.9985 	 18.0176 	 -0.6738 	 5.8496 	 11.8213 	 1521.0703 	 34.0000 	 2.8787 	 0.5203 	 1.5905 	 0.1974 	 7.7219 	 0.5113 
19.0000 	 1.6369 	 20.3803 	 8.1981 	 0.1656 	 3.0115 	 828.8268 	 19.0000 	 0.6906 	 18.4676 	 3.4811 	 1.9530 	 5.7204 	 1.0000 
37.0000 	 1.2728 	 12.7979 	 -4.9902 	 1.8555 	 9.5410 	 1201.8445 	 37.0000 	 0.8632 	 5.9202 	 -1.8290 	 -2.5741 	 4.1634 	 0.9795 
42.0000 	 2.6046 	 17.1936 	 1.2036 	 0.2319 	 8.2849 	 833.1084 	 42.0000 	 2.9609 	 12.3813 	 0.6949 	 0.4919 	 6.6855 	 0.9782 
40.0000 	 1.8130 	 8.4011 	 1.3655 	 0.3012 	 3.5647 	 981.3889 	 40.0000 	 1.6859 	 4.1512 	 -1.0323 	 2.2140 	 1.5064 	 0.9927 
39.0000 	 1.1327 	 5.1096 	 -0.5085 	 7.4600 	 6.1687 	 1514.3905 	 39.0000 	 1.2025 	 4.9735 	 -1.0104 	 -1.4451 	 6.9831 	 0.9516 
33.0000 	 1.2852 	 22.6086 	 3.7968 	 -0.4913 	 5.8881 	 926.4054 	 33.0000 	 0.6750 	 19.1607 	 4.9399 	 -0.6511 	 5.4774 	 0.9884 
39.0000 	 1.2938 	 24.8943 	 2.3479 	 1.8762 	 5.4499 	 1148.7046 	 39.0000 	 1.2981 	 16.0447 	 2.4340 	 4.3719 	 0.5401 	 0.9888 
27.0000 	 1.8002 	 9.2081 	 17.3004 	 0.2338 	 8.5916 	 944.6987 	 27.0000 	 2.8477 	 16.8065 	 0.8055 	 2.5947 	 3.0341 	 0.9919 
14.0000 	 0.7070 	 12.4951 	 5.6128 	 1.6016 	 3.2971 	 1148.1341 	 14.0000 	 0.8917 	 12.2416 	 0.9390 	 3.0450 	 2.4022 	 1.2095 
37.0000 	 1.6310 	 17.4569 	 6.6098 	 0.4682 	 2.3898 	 822.1388 	 37.0000 	 1.3879 	 19.4224 	 3.1353 	 -1.6750 	 2.7982 	 0.9396 
42.0000 	 1.3443 	 2.7637 	 7.9883 	 1.5039 	 9.2090 	 1716.3179 	 42.0000 	 1.0556 	 11.5061 	 -2.0662 	 -1.8747 	 7.6286 	 0.0888 
46.0000 	 2.1545 	 13.0126 	 3.7379 	 0.3857 	 2.4011 	 811.5361 	 46.0000 	 0.8150 	 6.0108 	 -1.2706 	 -1.6617 	 1.8274 	 0.9976 
21.0000 	 1.0939 	 16.7172 	 2.8516 	 0.1373 	 6.1917 	 830.9339 	 21.0000 	 1.0890 	 12.6048 	 3.2214 	 4.0198 	 5.8539 	 0.9975 
26.0000 	 0.8621 	 8.3594 	 0.1562 	 7.3438 	 12.7344 	 1583.5053 	 26.0000 	 2.4611 	 14.4643 	 -0.7311 	 1.2266 	 3.4392 	 0.3329 
27.0000 	 1.8458 	 9.7095 	 5.4736 	 -0.0171 	 6.1987 	 872.2205 	 27.0000 	 0.4578 	 0.0635 	 -3.0236 	 -2.9241 	 5.3414 	 0.9802 
40.0000 	 1.8276 	 10.3859 	 0.7218 	 -0.3237 	 7.8987 	 956.1004 	 40.0000 	 1.7176 	 3.9661 	 0.9645 	 -0.7577 	 3.2903 	 0.9911 
9.0000 	 0.3928 	 4.0527 	 -4.7461 	 -2.0117 	 3.4668 	 1908.5190 	 9.0000 	 2.8815 	 0.9128 	 4.4367 	 1.0725 	 2.0875 	 0.1482 
16.0000 	 0.8297 	 2.4575 	 -4.0594 	 1.6973 	 8.4720 	 1423.9058 	 16.0000 	 2.5785 	 0.8094 	 0.5780 	 -4.3593 	 5.9341 	 0.9926 
19.0000 	 0.9883 	 14.4934 	 7.8931 	 0.0562 	 1.3940 	 841.8022 	 19.0000 	 1.1204 	 5.1294 	 2.4032 	 2.8715 	 6.8336 	 0.9923 
8.0000 	 0.7938 	 13.6899 	 9.5416 	 0.1114 	 0.0000 	 780.1593 	 8.0000 	 1.6415 	 11.4992 	 -4.8272 	 1.2956 	 6.8488 	 0.1334 
36.0000 	 1.6366 	 15.8426 	 4.9384 	 0.0427 	 6.7865 	 816.3273 	 36.0000 	 1.1220 	 4.5844 	 2.9848 	 1.8862 	 6.3987 	 0.9925 
12.0000 	 0.8446 	 14.0796 	 1.6345 	 0.7544 	 7.7588 	 909.7444 	 12.0000 	 2.9275 	 14.8617 	 -1.4418 	 -4.3168 	 8.1673 	 0.9840 
35.0000 	 1.8728 	 6.8018 	 0.7031 	 -0.2148 	 3.9893 	 1087.0516 	 35.0000 	 2.5154 	 17.8030 	 1.8613 	 -3.5232 	 7.0465 	 1.0000 
30.0000 	 0.8621 	 8.3594 	 -9.8438 	 -2.6562 	 7.7344 	 1917.2008 	 30.0000 	 0.1665 	 2.3056 	 -4.3302 	 3.2431 	 0.6374 	 0.1800 
3.0000 	 0.1735 	 10.2241 	 -2.7949 	 0.0013 	 8.9599 	 912.2532 	 3.0000 	 1.1487 	 0.6879 	 0.8083 	 1.8162 	 0.9958 	 1.1073 
21.0000 	 1.3769 	 8.5205 	 3.7891 	 0.0391 	 4.8730 	 996.0268 	 21.0000 	 0.9593 	 3.0677 	 2.6868 	 2.9385 	 1.4340 	 0.9930 
20.0000 	 1.6745 	 19.8117 	 9.8322 	 0.2069 	 4.1748 	 832.4156 	 20.0000 	 0.9873 	 19.2998 	 -4.3345 	 -1.0779 	 2.4924 	 0.9918 
2.0000 	 0.0865 	 15.8240 	 9.4727 	 0.2271 	 1.5588 	 853.0318 	 2.0000 	 1.8802 	 8.2931 	 0.8841 	 2.6165 	 3.1412 	 0.9968 
26.0000 	 2.0122 	 16.6000 	 21.0847 	 -0.1183 	 12.7497 	 845.4886 	 26.0000 	 0.7225 	 14.0285 	 0.4435 	 -0.1460 	 9.2520 	 0.9950 
11.0000 	 0.5198 	 10.9717 	 4.1016 	 -1.6797 	 2.9297 	 1318.1589 	 11.0000 	 1.9071 	 14.0846 	 -3.7060 	 1.2265 	 7.1329 	 0.6181 
16.0000 	 1.0114 	 14.6545 	 8.2544 	 0.2954 	 2.8418 	 871.2688 	 16.0000 	 1.7686 	 10.1033 	 2.3344 	 3.8388 	 1.0676 	 0.9005 
32.0000 	 1.1948 	 15.2039 	 -0.4614 	 -0.0317 	 4.2822 	 951.1502 	 32.0000 	 2.7081 	 3.5155 	 4.4398 	 -2.4334 	 2.7690 	 0.9815 
15.0000 	 0.6915 	 6.1646 	 5.0366 	 2.6147 	 10.4456 	 1348.9245 	 15.0000 	 0.5407 	 6.2342 	 3.2727 	 -4.9926 	 8.6935 	 0.8981 
34.0000 	 1.9781 	 14.7998 	 -3.2715 	 0.1270 	 5.4395 	 883.8438 	 34.0000 	 0.1787 	 18.9460 	 0.9927 	 1.7412 	 3.5302 	 1.0010 
6.0000 	 0.4420 	 21.6769 	 11.4496 	 0.0781 	 3.4436 	 874.8784 	 6.0000 	 2.6254 	 14.2178 	 2.5970 	 -4.8494 	 0.7097 	 0.9955 
36.0000 	 1.8797 	 13.2193 	 8.4491 	 0.2062 	 0.5680 	 769.8835 	 36.0000 	 1.0751 	 2.2020 	 -3.6051 	 1.6548 	 1.5742 	 0.9446 
41.0000 	 1.2815 	 9.2383 	 4.7266 	 4.3359 	 9.5508 	 1438.3930 	 41.0000 	 2.2700 	 7.5701 	 -0.2333 	 -1.1256 	 2.8231 	 0.7031 
12.0000 	 0.8827 	 13.2180 	 5.3160 	 0.2210 	 3.6567 	 793.2134 	 12.0000 	 0.9981 	 5.9694 	 3.4477 	 -3.4962 	 4.5719 	 0.9124 
36.0000 	 2.0875 	 15.8752 	 4.9609 	 -0.5078 	 2.8491 	 1023.9479 	 36.0000 	 2.1612 	 10.3567 	 -3.5829 	 -4.8127 	 7.6157 	 0.4469 
31.0000 	 1.5413 	 9.9121 	 -5.8398 	 1.5820 	 8.2324 	 1180.6227 	 31.0000 	 1.6119 	 6.9942 	 4.8763 	 -1.8319 	 8.8935 	 1.0000 
21.0000 	 1.9247 	 8.3496 	 1.1035 	 -0.0391 	 6.8652 	 1004.6878 	 21.0000 	 2.6492 	 0.7137 	 -1.9615 	 0.6725 	 8.5201 	 0.9924 
20.0000 	 1.3628 	 7.7063 	 16.0645 	 0.2002 	 12.9761 	 1107.0966 	 20.0000 	 1.7420 	 9.6381 	 2.9631 	 -3.3282 	 2.4761 	 0.9930 
38.0000 	 1.1566 	 11.2598 	 9.7461 	 0.5273 	 5.2051 	 1141.8055 	 38.0000 	 0.7250 	 17.7007 	 4.6412 	 3.9237 	 5.8705 	 0.9907 
5.0000 	 0.4849 	 14.6726 	 4.2887 	 0.3191 	 6.7100 	 820.2577 	 5.0000 	 1.0662 	 8.8041 	 -1.9626 	 3.1455 	 6.3165 	 1.0168 
26.0000 	 2.1180 	 6.7397 	 4.0015 	 -0.1636 	 5.9216 	 1141.5349 	 26.0000 	 2.1855 	 0.6723 	 -3.5906 	 -4.1478 	 9.4022 	 1.0034 
14.0000 	 0.9297 	 15.1307 	 8.3514 	 -0.0081 	 5.0219 	 820.5876 	 14.0000 	 2.6070 	 8.7985 	 2.1287 	 1.0833 	 1.8662 	 0.9384 
38.0000 	 0.9600 	 4.4144 	 6.0583 	 6.5656 	 8.0774 	 1481.9000 	 38.0000 	 2.3112 	 1.8783 	 -2.0445 	 -2.0846 	 9.7167 	 0.9949 
11.0000 	 0.8836 	 14.3021 	 6.8448 	 -0.0616 	 2.1248 	 800.1729 	 11.0000 	 2.5491 	 9.8056 	 3.5514 	 3.1669 	 4.5438 	 0.9497 
42.0000 	 2.1638 	 12.1968 	 10.2486 	 0.1099 	 1.4696 	 766.5065 	 42.0000 	 2.6627 	 19.9340 	 4.7370 	 2.9070 	 4.2543 	 0.9923 
27.0000 	 0.8565 	 8.4344 	 2.5403 	 7.0923 	 3.5623 	 1441.9208 	 27.0000 	 1.6193 	 12.2027 	 -1.4019 	 -3.8592 	 3.0794 	 1.3262 
20.0000 	 1.1101 	 8.8177 	 1.3791 	 0.6455 	 10.5799 	 1024.1711 	 20.0000 	 2.3718 	 12.8446 	 0.5591 	 -0.8759 	 9.4069 	 0.9967 
44.0000 	 2.1108 	 19.9658 	 2.9785 	 0.4688 	 3.0566 	 856.6883 	 44.0000 	 1.1053 	 9.9710 	 4.6935 	 2.9901 	 5.4220 	 1.0051 
29.0000 	 1.3047 	 13.5992 	 7.1252 	 -0.0879 	 6.3184 	 851.6551 	 29.0000 	 2.9932 	 0.6802 	 -4.2701 	 -3.2642 	 7.7694 	 1.0085 
15.0000 	 0.5884 	 4.4922 	 -0.3945 	 0.2286 	 5.2019 	 1314.3124 	 15.0000 	 0.3345 	 19.2352 	 -1.3376 	 -2.0174 	 0.4423 	 0.9925 
35.0000 	 2.0205 	 13.6797 	 8.5930 	 0.2014 	 1.1429 	 776.4151 	 35.0000 	 2.2061 	 7.3824 	 -4.6287 	 -2.3156 	 8.0231 	 0.9158 
21.0000 	 1.1178 	 10.3513 	 -1.3672 	 3.3691 	 7.7011 	 1319.6018 	 21.0000 	 1.2365 	 4.5624 	 0.4449 	 -1.1913 	 6.9762 	 0.9566 
6.0000 	 0.3282 	 12.8727 	 0.2392 	 0.9376 	 5.1473 	 1091.0836 	 6.0000 	 0.1031 	 18.2175 	 0.6299 	 0.6749 	 2.7897 	 0.9293 
9.0000 	 0.9791 	 14.1382 	 6.8188 	 0.1147 	 2.7783 	 804.4241 	 9.0000 	 0.1771 	 2.2278 	 -0.0226 	 0.9832 	 0.3738 	 0.9839 
36.0000 	 1.7429 	 12.3526 	 6.7031 	 0.1312 	 2.0297 	 855.4045 	 36.0000 	 2.2893 	 14.9370 	 4.6720 	 1.3896 	 6.6498 	 0.7144 
28.0000 	 2.9003 	 5.8193 	 -10.8175 	 1.3374 	 9.5220 	 1728.4831 	 28.0000 	 2.8973 	 5.8226 	 -0.8228 	 1.3387 	 9.5230 	 0.9932 
34.0000 	 1.8056 	 11.4832 	 2.0752 	 0.2563 	 2.9333 	 860.7390 	 34.0000 	 2.8853 	 4.9062 	 -4.3157 	 2.1330 	 8.0231 	 0.9932 
45.0000 	 2.1636 	 8.9840 	 5.6603 	 0.2592 	 1.2596 	 932.3147 	 45.0000 	 0.2366 	 13.2781 	 -0.4310 	 -1.8642 	 2.4823 	 0.9290 
5.0000 	 0.5589 	 10.7965 	 1.2004 	 0.3883 	 8.5388 	 930.0415 	 5.0000 	 2.8208 	 2.5538 	 -0.8786 	 0.3526 	 5.6817 	 1.0021 
43.0000 	 1.1798 	 8.5397 	 2.8705 	 3.2043 	 1.2952 	 1332.3006 	 43.0000 	 1.0431 	 1.4380 	 -3.5199 	 2.9242 	 8.1211 	 0.9838 
15.0000 	 0.6731 	 8.3472 	 6.0626 	 4.4196 	 10.8640 	 1390.6545 	 15.0000 	 0.8858 	 16.2463 	 1.2726 	 -4.2107 	 3.1371 	 0.9970 
30.0000 	 0.8106 	 8.6572 	 5.0586 	 9.5898 	 1.9482 	 1482.5925 	 30.0000 	 1.9805 	 3.6179 	 1.6772 	 -0.6592 	 8.7012 	 0.9869 
8.0000 	 0.4377 	 5.1072 	 -0.2129 	 3.6337 	 4.4611 	 1357.4459 	 8.0000 	 2.1043 	 2.0574 	 4.6497 	 -3.3062 	 9.5482 	 1.0895 
14.0000 	 0.9315 	 10.6385 	 1.0644 	 -0.0416 	 7.5816 	 907.5325 	 14.0000 	 1.0327 	 6.9879 	 4.2121 	 -2.3188 	 8.8988 	 0.9928 
3.0000 	 0.1378 	 12.0490 	 0.6653 	 0.1605 	 9.4730 	 941.8184 	 3.0000 	 2.9371 	 2.4433 	 0.2192 	 -3.7545 	 4.0254 	 0.7575 
9.0000 	 0.6571 	 13.9752 	 7.6038 	 0.2740 	 1.9986 	 812.6465 	 9.0000 	 2.9222 	 10.0024 	 -0.2127 	 -0.7032 	 0.7331 	 0.9387 
2.0000 	 0.1431 	 13.7099 	 10.1692 	 0.0708 	 0.0000 	 807.9918 	 2.0000 	 2.5686 	 6.3087 	 1.2651 	 2.4204 	 6.7827 	 0.6243 
35.0000 	 1.0477 	 10.2463 	 -3.6896 	 -7.7942 	 5.3827 	 1605.5787 	 35.0000 	 2.3252 	 11.5293 	 1.7086 	 -4.4807 	 1.5961 	 0.9344 
14.0000 	 1.0195 	 11.0552 	 7.0778 	 0.8789 	 4.1816 	 1029.7045 	 14.0000 	 0.8378 	 8.5243 	 0.3893 	 3.1218 	 0.2119 	 0.9921 
24.0000 	 1.4099 	 10.4853 	 -5.4816 	 0.7848 	 7.9748 	 1120.4575 	 24.0000 	 0.4876 	 17.9726 	 -0.0918 	 -2.9464 	 3.4310 	 0.9793 
25.0000 	 0.6856 	 8.8965 	 8.0664 	 9.0137 	 6.7139 	 1542.2094 	 25.0000 	 1.1057 	 8.2358 	 -1.0270 	 4.1395 	 0.4578 	 0.8315 
8.0000 	 0.5859 	 20.4585 	 6.9037 	 0.2148 	 4.5675 	 845.3951 	 8.0000 	 2.9179 	 4.2919 	 2.7877 	 1.5207 	 1.8395 	 0.9889 
20.0000 	 1.3634 	 11.7877 	 7.3273 	 -0.0043 	 3.8672 	 778.6401 	 20.0000 	 1.8804 	 5.2463 	 -0.0286 	 1.3326 	 4.3765 	 0.9931 
9.0000 	 0.7726 	 8.8943 	 1.3116 	 2.2992 	 2.9211 	 1254.4134 	 9.0000 	 0.7709 	 7.1682 	 1.1553 	 2.3419 	 2.1405 	 1.0039 
3.0000 	 0.1823 	 11.2610 	 7.7686 	 0.1270 	 1.3489 	 845.7478 	 3.0000 	 2.5045 	 14.6027 	 -3.7266 	 -2.0556 	 7.9805 	 0.9984 
31.0000 	 1.2258 	 14.1199 	 9.0601 	 0.2856 	 6.3538 	 890.0074 	 31.0000 	 1.3847 	 12.9322 	 4.5313 	 -1.7634 	 3.5344 	 1.0172 
30.0000 	 1.5732 	 11.4062 	 4.6875 	 4.0625 	 8.2812 	 1634.3969 	 30.0000 	 0.5829 	 10.9713 	 -4.5715 	 3.9556 	 9.2313 	 0.1778 
2.0000 	 0.0073 	 9.7296 	 -1.6379 	 -4.3955 	 6.4820 	 1485.4434 	 2.0000 	 2.9358 	 9.8368 	 -0.3324 	 0.2240 	 4.1554 	 1.0047 
35.0000 	 2.0933 	 13.5587 	 9.0015 	 0.1550 	 3.7872 	 768.2570 	 35.0000 	 0.8474 	 15.7406 	 2.4705 	 0.5966 	 5.0487 	 0.9931 
8.0000 	 0.4675 	 6.2842 	 10.5762 	 -0.4297 	 14.3164 	 1613.6231 	 8.0000 	 2.0968 	 6.3104 	 3.1351 	 -3.8642 	 1.1127 	 0.1120 
3.0000 	 0.3140 	 7.2339 	 -1.9800 	 0.5249 	 6.0706 	 1129.0991 	 3.0000 	 1.3662 	 15.6888 	 3.8098 	 3.9114 	 2.5599 	 0.9905 
2.0000 	 0.0525 	 6.8457 	 3.4180 	 0.2441 	 1.7285 	 1268.2445 	 2.0000 	 1.8241 	 5.1692 	 3.0789 	 -4.2746 	 3.1367 	 0.3820 
35.0000 	 1.3489 	 11.8896 	 11.3574 	 0.3320 	 5.9473 	 906.1172 	 35.0000 	 0.1931 	 0.8400 	 -4.9468 	 3.4153 	 3.0200 	 0.9928 
43.0000 	 1.8356 	 14.5765 	 8.5257 	 0.2601 	 1.4887 	 796.4437 	 43.0000 	 0.6040 	 7.6491 	 -0.2196 	 -3.3283 	 2.4634 	 0.7417 
23.0000 	 1.2342 	 13.8330 	 1.8359 	 0.6250 	 8.9844 	 876.4405 	 23.0000 	 2.3953 	 11.7638 	 0.6670 	 4.4499 	 3.3227 	 0.9966 
15.0000 	 0.7126 	 19.1614 	 -4.5544 	 0.3723 	 9.0298 	 942.5950 	 15.0000 	 0.8028 	 17.3148 	 -2.8206 	 2.3091 	 3.6830 	 0.9835 
29.0000 	 1.0592 	 13.8428 	 -3.0347 	 1.7773 	 7.0404 	 1186.1397 	 29.0000 	 1.0429 	 13.9551 	 -1.4970 	 4.2377 	 7.0966 	 0.9742 
33.0000 	 1.6461 	 11.4417 	 5.2637 	 0.0806 	 1.3745 	 861.7469 	 33.0000 	 0.1104 	 8.5410 	 -1.4088 	 -2.1897 	 1.2084 	 0.9091 
26.0000 	 1.7673 	 13.0105 	 9.3755 	 0.1277 	 0.0102 	 761.6653 	 26.0000 	 1.9667 	 6.6143 	 0.1590 	 -4.1836 	 3.8959 	 0.0474 
22.0000 	 1.2992 	 16.4697 	 4.2285 	 -0.0488 	 3.9062 	 820.4828 	 22.0000 	 1.6326 	 9.9384 	 3.6840 	 -1.3213 	 7.7802 	 0.9906 
14.0000 	 0.5430 	 3.5364 	 0.9473 	 5.6396 	 5.1721 	 1663.8768 	 14.0000 	 0.7944 	 2.3547 	 -0.4673 	 3.2124 	 4.6215 	 0.1899 
31.0000 	 0.5753 	 4.8993 	 3.0096 	 -18.5724 	 2.0828 	 1712.9771 	 31.0000 	 0.6772 	 5.0588 	 -2.3432 	 0.4703 	 8.6521 	 0.7128 
41.0000 	 2.0946 	 12.9395 	 4.2505 	 0.3345 	 4.3774 	 799.8845 	 41.0000 	 0.5029 	 16.5906 	 -2.3306 	 3.9299 	 4.2477 	 0.9930 
33.0000 	 1.4963 	 16.9685 	 10.0840 	 0.5113 	 6.2154 	 828.4480 	 33.0000 	 1.0528 	 5.2000 	 1.4749 	 -1.7244 	 1.3489 	 0.9912 
39.0000 	 1.9280 	 13.0139 	 5.9619 	 0.2686 	 3.3203 	 846.1572 	 39.0000 	 2.3094 	 6.3711 	 1.9166 	 1.6135 	 5.1695 	 0.9030 
9.0000 	 0.7794 	 8.5449 	 -4.8242 	 1.1914 	 7.1777 	 1137.7825 	 9.0000 	 2.1817 	 5.9823 	 -1.8402 	 4.6901 	 2.9509 	 0.9791 
44.0000 	 2.0399 	 6.7090 	 -5.9082 	 0.2051 	 5.3564 	 1114.4144 	 44.0000 	 0.0797 	 11.0842 	 -2.3515 	 -0.7712 	 4.7288 	 0.9935 
29.0000 	 1.6754 	 19.0562 	 -1.6660 	 -0.3736 	 10.6845 	 982.9086 	 29.0000 	 2.5998 	 19.1731 	 -3.7839 	 -0.4047 	 6.2405 	 0.8712 
40.0000 	 1.4151 	 10.6396 	 3.7305 	 0.4297 	 7.5000 	 994.1100 	 40.0000 	 2.6161 	 4.0201 	 3.7641 	 3.6965 	 7.9796 	 0.9976 
21.0000 	 1.4933 	 37.0032 	 6.1597 	 2.2388 	 2.0215 	 1209.7266 	 21.0000 	 2.6129 	 18.2363 	 3.3391 	 2.7254 	 0.6115 	 0.1990 
28.0000 	 1.6279 	 15.7552 	 1.5506 	 0.0591 	 9.4191 	 799.6601 	 28.0000 	 1.6281 	 15.7281 	 -3.4290 	 0.0557 	 9.4841 	 0.9390 
8.0000 	 0.5920 	 12.8554 	 13.1432 	 -0.4494 	 6.9904 	 1009.6750 	 8.0000 	 0.2706 	 7.1790 	 -0.5260 	 0.6339 	 1.2504 	 0.9919 
3.0000 	 0.3266 	 14.7852 	 4.8828 	 0.7422 	 4.4727 	 1264.2962 	 3.0000 	 0.5345 	 14.3708 	 1.8647 	 4.6775 	 3.2095 	 0.1120 
43.0000 	 1.9000 	 7.7952 	 10.6379 	 0.2838 	 5.6454 	 988.3255 	 43.0000 	 1.2528 	 17.6125 	 -0.9241 	 -2.8839 	 5.5541 	 1.0042 
18.0000 	 1.2936 	 16.4478 	 7.2351 	 -0.3998 	 4.2035 	 883.3470 	 18.0000 	 1.2896 	 16.6614 	 2.9936 	 -1.7183 	 4.2055 	 0.9673 
48.0000 	 2.0058 	 14.8031 	 6.7173 	 0.2388 	 2.3940 	 790.7220 	 48.0000 	 0.7175 	 13.5915 	 -3.7996 	 0.9027 	 8.9856 	 0.9929 
24.0000 	 1.1100 	 8.8423 	 1.4124 	 0.6477 	 10.5729 	 1022.9253 	 24.0000 	 0.7083 	 9.9069 	 -4.7901 	 3.3914 	 1.5025 	 0.6927 
31.0000 	 1.4580 	 10.8313 	 1.8909 	 1.0455 	 4.1016 	 1063.5143 	 31.0000 	 1.7124 	 7.9129 	 -1.2855 	 2.9272 	 3.9050 	 0.9862 
2.0000 	 0.1085 	 13.9095 	 6.7590 	 -0.0600 	 2.8342 	 843.5453 	 2.0000 	 0.7531 	 4.3311 	 3.4721 	 3.3339 	 4.7821 	 0.9508 
37.0000 	 1.4199 	 7.9199 	 13.6133 	 -0.3711 	 9.2090 	 1137.6345 	 37.0000 	 0.0358 	 5.7794 	 -3.1412 	 -3.6275 	 0.8322 	 0.9972 
25.0000 	 0.6125 	 9.7021 	 4.0137 	 12.8711 	 2.4756 	 1590.6464 	 25.0000 	 2.1809 	 0.6345 	 0.7111 	 3.6888 	 8.0675 	 0.3617 
17.0000 	 1.2385 	 9.5996 	 -2.7148 	 3.4570 	 6.6699 	 1646.8442 	 17.0000 	 2.1675 	 15.0293 	 3.8418 	 -4.6319 	 1.9862 	 0.1207 
19.0000 	 0.9645 	 13.6407 	 7.4258 	 0.4264 	 1.6280 	 860.4397 	 19.0000 	 0.7081 	 13.2549 	 -0.9037 	 0.4980 	 0.4687 	 0.9945 
31.0000 	 1.3139 	 4.6249 	 6.2018 	 0.5597 	 11.6391 	 1168.6291 	 31.0000 	 0.8039 	 6.2015 	 4.8305 	 -2.9026 	 3.7892 	 0.9879 
28.0000 	 1.8537 	 7.2656 	 1.7188 	 1.4062 	 6.6406 	 1399.9712 	 28.0000 	 2.5317 	 1.0482 	 -1.4310 	 2.7621 	 0.8383 	 0.8879 
20.0000 	 1.3582 	 12.6450 	 3.1409 	 0.3894 	 3.7958 	 816.2820 	 20.0000 	 0.5578 	 5.4111 	 3.6838 	 0.5978 	 2.4444 	 0.9996 
48.0000 	 2.4309 	 13.4735 	 9.4764 	 0.1561 	 0.0001 	 760.3439 	 48.0000 	 2.0971 	 1.1204 	 -4.6222 	 -2.2776 	 1.1779 	 0.0300 
24.0000 	 1.1968 	 10.0391 	 8.7207 	 0.3027 	 5.5371 	 962.1445 	 24.0000 	 2.4789 	 7.2979 	 1.3324 	 2.7253 	 3.9822 	 0.9928 
23.0000 	 1.0475 	 10.7178 	 -1.9629 	 1.6797 	 8.0322 	 1155.5345 	 23.0000 	 0.9825 	 9.2454 	 4.3282 	 1.9247 	 9.0010 	 0.9134 
38.0000 	 2.0260 	 18.8477 	 14.8242 	 -0.2927 	 9.2285 	 970.4016 	 38.0000 	 2.0478 	 18.9135 	 3.4585 	 -4.5645 	 9.4192 	 1.2320 
40.0000 	 2.1786 	 4.6497 	 2.5342 	 1.7773 	 6.7712 	 1496.3679 	 40.0000 	 2.2350 	 3.1356 	 1.7696 	 1.3713 	 6.6824 	 0.4269 
32.0000 	 0.7154 	 14.3872 	 -0.0598 	 9.2871 	 3.4027 	 1567.6705 	 32.0000 	 2.7468 	 7.0479 	 3.7239 	 4.7000 	 3.8645 	 0.7069 
16.0000 	 0.4565 	 4.9316 	 1.7773 	 7.5586 	 7.3145 	 1700.5936 	 16.0000 	 0.4135 	 3.2934 	 3.4788 	 3.4085 	 8.2506 	 0.7232 
13.0000 	 0.7573 	 12.8119 	 5.8199 	 0.3174 	 3.2647 	 848.5706 	 13.0000 	 0.7498 	 11.4093 	 -4.5485 	 0.3006 	 9.5793 	 0.9897 
22.0000 	 0.8320 	 6.2708 	 2.2357 	 5.8777 	 3.2352 	 1434.4523 	 22.0000 	 0.3843 	 17.8656 	 -2.6584 	 -1.6190 	 4.2782 	 0.9963 
12.0000 	 0.3782 	 9.9108 	 7.3935 	 16.2913 	 5.3688 	 1565.9896 	 12.0000 	 1.9307 	 8.0773 	 -1.2572 	 1.0643 	 0.1985 	 0.9607 
15.0000 	 1.0362 	 15.2162 	 3.6817 	 0.3211 	 6.7437 	 803.3824 	 15.0000 	 0.2283 	 3.3121 	 -3.2513 	 -3.2113 	 6.4755 	 0.9953 
36.0000 	 1.1684 	 18.7130 	 4.1092 	 0.6841 	 3.7256 	 990.9356 	 36.0000 	 0.5611 	 10.2198 	 4.1750 	 0.2295 	 4.7353 	 0.9611 
23.0000 	 0.6833 	 4.8242 	 9.6484 	 12.2266 	 6.3086 	 1608.4592 	 23.0000 	 1.9694 	 14.7412 	 0.8126 	 0.0973 	 2.5005 	 0.6715 
18.0000 	 1.3559 	 13.6206 	 7.6270 	 0.1489 	 2.4988 	 770.4253 	 18.0000 	 1.6213 	 13.4364 	 -1.7866 	 -2.2484 	 6.3228 	 0.9934 
32.0000 	 1.4997 	 11.7284 	 2.8657 	 -0.3609 	 3.5455 	 955.1865 	 32.0000 	 1.7717 	 3.4362 	 1.6497 	 -0.8819 	 2.6868 	 0.9939 
10.0000 	 0.7896 	 10.7761 	 0.5920 	 0.4895 	 8.1213 	 972.3065 	 10.0000 	 2.5833 	 8.6657 	 -2.5421 	 -3.6223 	 0.9429 	 0.9910 
41.0000 	 2.6240 	 15.1690 	 5.3941 	 0.0589 	 5.8521 	 864.0778 	 41.0000 	 0.5791 	 19.0503 	 2.9906 	 3.5372 	 4.1361 	 0.8809 
25.0000 	 1.1576 	 8.0441 	 4.1760 	 0.0137 	 5.7708 	 1049.5997 	 25.0000 	 2.7778 	 7.6711 	 -0.3857 	 -4.8190 	 0.6805 	 0.9906 
28.0000 	 1.3672 	 17.0200 	 10.7642 	 0.5664 	 6.7120 	 835.7657 	 28.0000 	 2.7482 	 11.4888 	 0.0201 	 3.3133 	 3.5675 	 0.9896 
14.0000 	 0.9729 	 11.6331 	 2.3974 	 -0.1632 	 5.7675 	 880.0593 	 14.0000 	 1.4667 	 7.4215 	 -2.4736 	 -0.2764 	 6.1075 	 1.0145 
11.0000 	 0.6308 	 11.3393 	 5.2017 	 0.1892 	 7.0704 	 878.3745 	 11.0000 	 1.5819 	 3.2649 	 -4.5690 	 3.4657 	 8.8793 	 0.9907 
17.0000 	 1.4593 	 21.9336 	 -3.0469 	 2.2070 	 9.9121 	 1350.9446 	 17.0000 	 1.4587 	 16.9355 	 -3.0481 	 2.2077 	 9.9133 	 0.5842 
7.0000 	 0.6927 	 15.6689 	 6.5625 	 0.6543 	 6.4355 	 876.6732 	 7.0000 	 0.6974 	 11.6338 	 -3.3073 	 1.4332 	 1.9084 	 0.9608 
37.0000 	 1.4946 	 13.1885 	 4.5898 	 0.9570 	 0.6934 	 1072.3958 	 37.0000 	 0.3212 	 11.4182 	 -2.6813 	 -0.2529 	 8.5775 	 0.9972 
27.0000 	 1.6168 	 10.1953 	 -1.8262 	 -0.1562 	 11.8457 	 894.1381 	 27.0000 	 1.6143 	 10.1941 	 -1.8225 	 -0.1578 	 6.8457 	 1.0203 
19.0000 	 1.5749 	 12.5355 	 9.6527 	 0.0555 	 0.8895 	 789.5223 	 19.0000 	 2.0098 	 12.0804 	 4.8004 	 2.0325 	 1.3689 	 0.7565 
28.0000 	 1.5439 	 10.8606 	 6.3763 	 -0.0934 	 2.7155 	 843.8892 	 28.0000 	 2.5416 	 7.3900 	 3.7718 	 -3.5902 	 0.2075 	 0.9930 
6.0000 	 0.4916 	 15.8639 	 -3.2373 	 1.4723 	 9.5911 	 1130.3839 	 6.0000 	 0.5251 	 10.3053 	 -2.5767 	 4.7526 	 9.4986 	 0.9890 
47.0000 	 2.5136 	 8.7617 	 4.7482 	 0.1872 	 1.1367 	 943.9592 	 47.0000 	 1.6219 	 10.6759 	 -4.5006 	 2.9727 	 3.9746 	 1.0088 
9.0000 	 0.6558 	 14.8975 	 8.0566 	 0.0195 	 0.5469 	 843.8292 	 9.0000 	 2.0214 	 17.1539 	 -3.0968 	 -4.1577 	 1.4126 	 0.5054 
4.0000 	 0.2907 	 8.6509 	 4.9731 	 0.0922 	 1.0586 	 935.4502 	 4.0000 	 2.1248 	 7.4441 	 -0.1162 	 1.8569 	 8.4241 	 0.9918 
1.0000 	 0.0049 	 13.0664 	 -1.5332 	 -0.1953 	 7.7344 	 945.2603 	 1.0000 	 2.5471 	 14.5087 	 0.3752 	 4.3781 	 7.5813 	 0.9950 
41.0000 	 2.1174 	 14.6390 	 11.2519 	 0.1656 	 2.9359 	 774.8039 	 41.0000 	 1.6724 	 14.4018 	 3.2693 	 3.4219 	 0.3349 	 0.9919 
13.0000 	 0.4588 	 7.1613 	 3.3441 	 7.4127 	 0.9058 	 1478.2677 	 13.0000 	 0.8519 	 3.5040 	 -1.1364 	 -1.9605 	 1.8130 	 0.9709 
8.0000 	 0.2328 	 12.9248 	 7.0996 	 -3.7207 	 2.6611 	 1400.5468 	 8.0000 	 1.5914 	 12.7196 	 -4.5496 	 -0.9793 	 0.5312 	 1.0083 
5.0000 	 0.4640 	 12.9932 	 8.2935 	 0.3979 	 2.6868 	 836.0616 	 5.0000 	 1.7764 	 19.6072 	 1.6110 	 2.0786 	 1.7752 	 0.9157 
40.0000 	 1.2216 	 6.2598 	 -0.2539 	 0.5273 	 10.2051 	 1342.8541 	 40.0000 	 2.8352 	 12.7457 	 1.8654 	 -0.6542 	 7.0304 	 0.8759 
3.0000 	 0.1571 	 6.6113 	 -3.6133 	 3.4180 	 4.3066 	 1361.0488 	 3.0000 	 0.2649 	 8.5855 	 3.6647 	 -3.2154 	 9.8194 	 1.0273 
39.0000 	 2.1903 	 13.3137 	 9.4848 	 0.1411 	 0.0000 	 760.1992 	 39.0000 	 1.4701 	 11.7450 	 -2.9454 	 -0.6651 	 2.8660 	 0.0351 
16.0000 	 1.2622 	 11.5491 	 5.7214 	 0.2496 	 2.5912 	 795.7376 	 16.0000 	 0.2431 	 5.8169 	 -2.3272 	 -2.1240 	 8.0436 	 0.9996 
2.0000 	 0.0767 	 9.5167 	 4.0330 	 -0.0832 	 3.3350 	 967.2445 	 2.0000 	 2.7854 	 9.0189 	 -1.8454 	 -2.4130 	 5.3072 	 0.9619 
18.0000 	 1.1887 	 13.7207 	 8.1445 	 0.1758 	 0.8008 	 781.0961 	 18.0000 	 2.2858 	 9.0209 	 -4.9143 	 -4.4194 	 1.9847 	 0.9420 
34.0000 	 1.5152 	 24.8926 	 3.1836 	 -0.3613 	 3.7598 	 1131.8250 	 34.0000 	 1.6767 	 17.8073 	 4.3373 	 4.4021 	 9.0903 	 0.9923 
10.0000 	 0.4756 	 10.5420 	 -7.7344 	 -1.1523 	 11.7041 	 1183.4920 	 10.0000 	 0.9322 	 16.3513 	 2.4765 	 -2.9964 	 6.8592 	 1.0042 
27.0000 	 1.8099 	 15.6152 	 5.2417 	 -0.2246 	 9.5459 	 852.1768 	 27.0000 	 0.7182 	 2.2234 	 -3.4398 	 3.2476 	 9.1559 	 0.9828 
7.0000 	 0.5488 	 10.3448 	 2.4754 	 0.5945 	 5.1041 	 979.7922 	 7.0000 	 1.4478 	 1.2501 	 0.0883 	 -0.1394 	 8.4224 	 0.9960 
25.0000 	 1.8829 	 12.7874 	 9.3009 	 0.0680 	 1.6800 	 772.3644 	 25.0000 	 1.8434 	 6.5190 	 3.6601 	 2.7294 	 7.2583 	 0.9917 
33.0000 	 1.6391 	 11.8555 	 7.0801 	 0.3125 	 3.1201 	 809.5250 	 33.0000 	 0.3270 	 15.7598 	 -3.7358 	 3.6490 	 8.9241 	 0.9930 
12.0000 	 0.4220 	 10.1611 	 -6.4648 	 4.7168 	 10.0195 	 1540.9087 	 12.0000 	 2.5315 	 7.0947 	 4.0051 	 4.4245 	 7.7744 	 0.9916 
4.0000 	 0.3177 	 9.5536 	 6.6604 	 0.2030 	 0.5734 	 933.4331 	 4.0000 	 0.6781 	 4.1998 	 3.8413 	 -0.0951 	 9.7777 	 0.2637 
26.0000 	 1.5712 	 8.3593 	 3.1413 	 0.7413 	 2.9702 	 1053.8073 	 26.0000 	 2.5766 	 10.2117 	 -0.7348 	 3.3191 	 3.7012 	 0.9981 
36.0000 	 2.2703 	 9.2063 	 -2.5684 	 0.0697 	 14.6921 	 945.4108 	 36.0000 	 2.7992 	 8.8381 	 4.5219 	 4.6394 	 1.1224 	 5.2086 
1.0000 	 0.0030 	 13.5174 	 0.7683 	 0.1062 	 3.9354 	 971.8674 	 1.0000 	 2.2554 	 16.9791 	 -4.6008 	 1.7709 	 1.4635 	 0.9988 
22.0000 	 1.6168 	 13.5553 	 9.6289 	 0.1581 	 0.8643 	 770.5034 	 22.0000 	 2.9260 	 16.7949 	 -1.5536 	 -2.0471 	 8.3338 	 0.9932 
25.0000 	 1.3449 	 10.6979 	 1.7291 	 0.4962 	 4.4495 	 964.3867 	 25.0000 	 0.8567 	 16.5914 	 2.9961 	 1.3211 	 3.7427 	 0.9867 
17.0000 	 0.3849 	 9.6147 	 8.0395 	 22.5512 	 7.6007 	 1605.2266 	 17.0000 	 0.2541 	 19.1904 	 -0.3893 	 0.3378 	 5.5029 	 0.9900 
38.0000 	 1.5318 	 16.4676 	 7.2119 	 0.3613 	 0.7672 	 930.8886 	 38.0000 	 1.4765 	 17.1309 	 -2.4302 	 1.4237 	 6.6153 	 0.3897 
11.0000 	 1.3722 	 24.3994 	 9.0430 	 0.0391 	 6.7236 	 824.1420 	 11.0000 	 2.2928 	 18.5171 	 4.6842 	 -4.9628 	 6.5437 	 0.9766 
22.0000 	 0.7468 	 9.3072 	 0.5273 	 0.0597 	 9.1865 	 1320.3109 	 22.0000 	 2.4085 	 13.3729 	 -1.3889 	 4.9981 	 1.4822 	 0.9817 
6.0000 	 0.5980 	 13.5693 	 6.4258 	 0.3687 	 2.5806 	 834.7229 	 6.0000 	 0.6914 	 19.1082 	 -2.2746 	 0.6215 	 0.0580 	 0.9932 
26.0000 	 1.7914 	 12.7997 	 -1.9775 	 -1.3318 	 9.6863 	 1293.4507 	 26.0000 	 1.6638 	 12.7360 	 -3.6789 	 -2.7254 	 9.5905 	 0.7900 
13.0000 	 0.8698 	 13.6180 	 7.1564 	 0.2007 	 2.8815 	 799.8133 	 13.0000 	 0.8386 	 2.9665 	 1.8293 	 -0.4618 	 3.7394 	 0.9564 
5.0000 	 0.4646 	 10.7834 	 8.4665 	 0.0282 	 1.0469 	 803.1053 	 5.0000 	 2.5681 	 19.6327 	 2.8336 	 3.3478 	 2.2106 	 1.0161 
21.0000 	 1.2947 	 12.2363 	 3.8184 	 -0.1270 	 2.6025 	 872.7201 	 21.0000 	 2.4588 	 10.4693 	 4.0254 	 -2.2978 	 4.9308 	 0.7013 
33.0000 	 1.6503 	 10.0049 	 -1.8359 	 2.3145 	 5.1758 	 1257.9626 	 33.0000 	 1.8824 	 16.4605 	 -2.4984 	 2.2375 	 4.6448 	 1.0165 
19.0000 	 1.2365 	 11.7590 	 3.5040 	 -0.4074 	 8.8778 	 925.4643 	 19.0000 	 2.7050 	 18.9339 	 -3.3472 	 2.5772 	 7.8706 	 0.9549 
19.0000 	 0.7168 	 10.6934 	 -7.4023 	 6.8951 	 12.4512 	 1418.0449 	 19.0000 	 0.8290 	 14.5041 	 -4.5070 	 -4.1436 	 0.9376 	 1.0057 
22.0000 	 0.5006 	 12.8599 	 3.0348 	 13.3884 	 1.6691 	 1563.3083 	 22.0000 	 0.5248 	 5.8640 	 -0.1346 	 2.3925 	 5.6711 	 0.9783 
37.0000 	 1.6961 	 8.4216 	 8.4619 	 0.0903 	 15.3027 	 956.8664 	 37.0000 	 1.7561 	 2.5529 	 -3.7236 	 3.8904 	 2.2945 	 0.9921 
32.0000 	 0.9892 	 4.4873 	 1.1700 	 4.3774 	 12.9761 	 1449.2943 	 32.0000 	 0.3966 	 19.8862 	 -0.5628 	 -0.4825 	 5.7708 	 1.0083 
10.0000 	 0.4748 	 19.0942 	 4.5337 	 0.6348 	 7.6917 	 1076.4289 	 10.0000 	 0.2047 	 17.7980 	 0.5746 	 4.4307 	 8.5585 	 0.9910 
34.0000 	 1.9321 	 10.8057 	 8.4083 	 0.0855 	 8.9063 	 794.1617 	 34.0000 	 2.8705 	 2.7505 	 2.3783 	 1.8457 	 8.0667 	 0.9946 
7.0000 	 0.3277 	 10.6836 	 1.1035 	 5.7617 	 2.1484 	 1423.8936 	 7.0000 	 1.0826 	 2.7287 	 -0.2009 	 -3.5475 	 7.1215 	 0.9885 
30.0000 	 2.0713 	 11.1983 	 4.7614 	 0.0276 	 3.5271 	 831.8172 	 30.0000 	 2.4383 	 3.0352 	 2.0911 	 2.5044 	 1.0943 	 0.9521 
16.0000 	 1.2427 	 10.9665 	 11.0937 	 0.0879 	 13.4564 	 792.5788 	 16.0000 	 0.6009 	 11.3791 	 3.9328 	 -3.7017 	 5.5346 	 0.9956 
4.0000 	 0.2514 	 16.6858 	 9.0282 	 0.3786 	 6.0949 	 848.8969 	 4.0000 	 2.7062 	 12.3290 	 2.5898 	 2.9489 	 0.9959 	 0.9642 
16.0000 	 1.0068 	 15.4887 	 5.3966 	 0.3957 	 7.5404 	 813.8497 	 16.0000 	 2.1504 	 11.6960 	 1.6149 	 0.9941 	 1.4966 	 0.9913 
1.0000 	 0.0031 	 14.7119 	 10.6543 	 1.6211 	 6.0938 	 1230.5178 	 1.0000 	 1.9566 	 12.2223 	 -0.8613 	 -0.1675 	 2.2062 	 0.7694 
21.0000 	 1.3576 	 12.4561 	 4.7633 	 0.2231 	 9.0549 	 782.7742 	 21.0000 	 2.0621 	 12.6817 	 0.5501 	 0.4921 	 0.7097 	 1.0003 
20.0000 	 1.1685 	 12.9590 	 10.5273 	 0.1270 	 10.9766 	 795.3973 	 20.0000 	 0.6515 	 2.4214 	 2.7237 	 -1.4098 	 7.2457 	 0.9915 
32.0000 	 1.2258 	 10.4932 	 3.9746 	 -0.1660 	 4.0675 	 1003.0811 	 32.0000 	 1.8617 	 1.1626 	 3.5268 	 0.8402 	 3.1517 	 0.9991 
35.0000 	 0.9160 	 12.5952 	 4.5264 	 4.2261 	 1.4270 	 1414.3459 	 35.0000 	 1.1857 	 16.1251 	 -3.9761 	 3.7096 	 2.9176 	 0.9102 
12.0000 	 1.0175 	 17.2192 	 0.3174 	 0.6909 	 8.7195 	 889.8633 	 12.0000 	 2.8134 	 18.8247 	 -1.0605 	 1.6421 	 5.7323 	 0.9779 
19.0000 	 1.0469 	 9.1753 	 3.0498 	 0.4150 	 2.0975 	 998.7782 	 19.0000 	 1.2145 	 10.2970 	 0.5832 	 4.1302 	 5.3149 	 0.9894 
27.0000 	 1.0192 	 18.5352 	 2.7637 	 0.0977 	 3.0078 	 1142.4942 	 27.0000 	 1.0188 	 13.5343 	 0.2617 	 2.6014 	 3.0060 	 0.7023 
35.0000 	 1.9091 	 14.2785 	 8.8002 	 0.2623 	 0.7275 	 774.0782 	 35.0000 	 1.7240 	 3.0718 	 1.3099 	 4.8799 	 5.1291 	 0.9865 
11.0000 	 0.9294 	 4.6973 	 -4.6289 	 -8.8477 	 4.2676 	 1938.5369 	 11.0000 	 0.8131 	 0.3756 	 0.6890 	 -0.9801 	 7.5455 	 0.0929 
12.0000 	 0.7444 	 14.9784 	 5.1073 	 -0.0961 	 3.4219 	 834.7016 	 12.0000 	 2.0173 	 15.1385 	 4.5650 	 1.1395 	 3.4625 	 0.9925 
20.0000 	 1.0839 	 28.9941 	 1.5137 	 -0.0195 	 5.9619 	 889.0826 	 20.0000 	 2.0321 	 16.0715 	 0.5164 	 -0.4598 	 9.5682 	 0.9935 
6.0000 	 0.4024 	 8.2202 	 3.9484 	 0.2455 	 1.7250 	 991.3638 	 6.0000 	 2.3340 	 7.5940 	 -1.0210 	 -1.1540 	 9.1197 	 1.0032 
15.0000 	 1.5466 	 18.1201 	 4.5312 	 0.0391 	 5.2637 	 816.1454 	 15.0000 	 2.3904 	 10.5609 	 -2.6112 	 -4.1613 	 4.5460 	 0.9909 
27.0000 	 1.8986 	 9.1992 	 -0.9863 	 0.1562 	 7.2559 	 1001.0286 	 27.0000 	 2.1690 	 4.1234 	 -1.7785 	 -0.0623 	 4.9922 	 0.9135 
37.0000 	 1.0232 	 9.3350 	 -2.1765 	 2.3956 	 6.0886 	 1350.0267 	 37.0000 	 0.4545 	 5.3611 	 1.9333 	 -2.3955 	 2.2344 	 0.9782 
16.0000 	 0.9486 	 11.4551 	 -2.4902 	 0.0488 	 8.6035 	 853.5874 	 16.0000 	 0.1575 	 6.8035 	 -2.4023 	 4.9205 	 5.3717 	 0.9608 
5.0000 	 0.3914 	 13.7744 	 7.5293 	 -0.1172 	 1.9385 	 820.5371 	 5.0000 	 2.2118 	 18.8076 	 -4.1995 	 -4.2339 	 8.2236 	 0.9879 
26.0000 	 1.1705 	 15.0745 	 -1.0156 	 0.2808 	 7.2021 	 862.4459 	 26.0000 	 2.6367 	 10.3549 	 -1.8915 	 -1.3082 	 8.6861 	 0.9740 
                                                                                                                                                                                                                                                                                                                                                                                                                                                                                                                                                                                                                                                                                                                                                                                                                                                                                                                                                                                                                                                                                                 21.0000 	 1.0628 	 13.6218 	 -12.7393 	 2.5781 	 8.8184 	 1236.2072 	 21.0000 	 0.6866 	 6.6050 	 4.3764 	 -3.4090 	 5.7773 	 0.9884 
14.0000 	 1.2123 	 12.5580 	 10.6096 	 0.0757 	 5.3283 	 778.4882 	 14.0000 	 0.4304 	 5.9965 	 2.7959 	 -3.6699 	 6.4898 	 0.9927 
                                                                                                                                                                                                                                                                                                                                                                                                                                                                                                                                                                                                                                                                                           20.0000 	 0.6167 	 4.6582 	 4.6680 	 6.0742 	 3.1348 	 1523.1278 	 20.0000 	 0.3020 	 7.2414 	 4.8430 	 4.9220 	 1.5993 	 0.6308 
                                                                                                                                                                                                                                                                       9.0000 	 0.7044 	 9.3580 	 6.3260 	 0.0187 	 6.3667 	 876.4380 	 9.0000 	 1.6040 	 0.9182 	 -3.0578 	 -3.8071 	 8.9136 	 0.7236 
                                                                                                                                   8.0000 	 1.0448 	 7.7539 	 2.3462 	 1.4966 	 5.8569 	 1304.2203 	 8.0000 	 1.9243 	 16.2825 	 -4.3835 	 -3.3085 	 8.9809 	 0.8711 
                                                                                                                                                                                                                                                                                                                                                                                                             3.0000 	 0.2617 	 7.8247 	 -8.2520 	 0.5957 	 9.7278 	 1079.8896 	 3.0000 	 0.1814 	 17.1383 	 4.7295 	 3.6761 	 6.0799 	 3.7167 
15.0000 	 1.3245 	 7.4296 	 6.6544 	 0.1424 	 8.3549 	 984.5043 	 15.0000 	 1.5491 	 17.1443 	 0.2291 	 0.4486 	 0.2634 	 0.5107 
34.0000 	 2.0577 	 13.1795 	 8.5165 	 0.1526 	 1.4960 	 765.5619 	 34.0000 	 1.9568 	 10.0567 	 -4.6174 	 4.2602 	 1.2238 	 0.9905 
15.0000 	 1.0583 	 10.6796 	 12.4875 	 3.0776 	 11.9967 	 1297.9252 	 15.0000 	 2.7757 	 10.0720 	 4.1277 	 -2.3570 	 9.3960 	 1.0144 
8.0000 	 0.5566 	 10.9082 	 5.5176 	 -0.5469 	 13.7305 	 1005.5940 	 8.0000 	 1.4960 	 9.5141 	 -4.9341 	 3.7045 	 9.2132 	 0.9906 
2.0000 	 0.0777 	 15.4590 	 7.0410 	 0.1172 	 1.2451 	 860.3318 	 2.0000 	 2.9297 	 9.0461 	 -2.6577 	 -1.7225 	 8.4000 	 0.9715 
30.0000 	 1.1887 	 12.2119 	 4.8145 	 4.7754 	 7.0410 	 1398.4797 	 30.0000 	 1.5822 	 16.1544 	 -3.1002 	 4.9834 	 4.8386 	 0.9870 
24.0000 	 1.1438 	 6.9348 	 2.8198 	 0.2319 	 4.4873 	 1060.7739 	 24.0000 	 2.3647 	 4.0673 	 2.5057 	 -4.2078 	 6.5864 	 0.9601 
3.0000 	 0.1385 	 16.4990 	 -0.8594 	 0.4004 	 4.7949 	 882.5551 	 3.0000 	 2.3770 	 7.6669 	 0.7293 	 -4.5809 	 8.6558 	 0.9759 
14.0000 	 0.9551 	 10.2832 	 10.9180 	 -0.1758 	 8.7598 	 890.0947 	 14.0000 	 0.7144 	 1.3899 	 -2.4476 	 0.5656 	 6.0190 	 0.9922 
28.0000 	 0.7945 	 8.9954 	 4.4481 	 7.2523 	 7.7015 	 1523.9634 	 28.0000 	 2.2405 	 14.1625 	 4.2295 	 3.9382 	 5.6753 	 0.7303 
2.0000 	 0.2172 	 8.2129 	 5.8130 	 0.0928 	 1.5076 	 975.3495 	 2.0000 	 1.5915 	 16.9469 	 -3.2569 	 -2.7825 	 8.1459 	 0.9935 
9.0000 	 0.4838 	 9.6240 	 4.4727 	 0.0879 	 2.8076 	 1024.7290 	 9.0000 	 2.8494 	 14.4878 	 3.2403 	 -4.3099 	 6.3145 	 0.9516 
29.0000 	 1.2182 	 13.5339 	 -2.3862 	 0.3685 	 8.5313 	 955.9630 	 29.0000 	 0.6466 	 12.1045 	 -0.7724 	 1.4250 	 7.3938 	 0.9917 
14.0000 	 0.9513 	 15.1901 	 -0.1288 	 0.4919 	 5.4254 	 838.6077 	 14.0000 	 2.5720 	 19.4873 	 3.5767 	 0.6987 	 0.6096 	 0.9753 
8.0000 	 0.6057 	 17.8729 	 10.2789 	 0.0000 	 12.1088 	 843.5930 	 8.0000 	 1.0283 	 4.7078 	 -1.2159 	 -2.6533 	 7.5588 	 0.9933 
28.0000 	 1.8349 	 13.3272 	 9.5289 	 0.1346 	 0.0479 	 762.0131 	 28.0000 	 1.9717 	 17.5866 	 -0.3988 	 0.2579 	 1.1218 	 0.0845 
35.0000 	 2.5868 	 30.9070 	 3.0591 	 2.2729 	 4.0247 	 1194.9058 	 35.0000 	 0.9328 	 15.4996 	 1.8725 	 4.6460 	 6.0095 	 0.9930 
3.0000 	 0.1453 	 14.3066 	 9.4141 	 0.0684 	 6.7383 	 866.8131 	 3.0000 	 2.8935 	 6.2329 	 -4.5785 	 -4.2464 	 7.1324 	 0.9928 
2.0000 	 0.1637 	 7.8027 	 -7.2461 	 0.4883 	 9.7168 	 1078.0346 	 2.0000 	 2.0646 	 15.8626 	 -3.7212 	 1.4475 	 6.1260 	 0.9911 
47.0000 	 1.2709 	 14.9948 	 1.0138 	 4.0619 	 6.9208 	 1513.3565 	 47.0000 	 1.2765 	 9.6387 	 -1.1417 	 4.1044 	 6.5682 	 7.5154 
9.0000 	 0.5270 	 11.0489 	 7.5053 	 0.2913 	 6.0558 	 966.5656 	 9.0000 	 1.7176 	 0.5973 	 1.9540 	 -4.2978 	 6.6575 	 0.9460 
29.0000 	 1.8907 	 19.6109 	 15.1309 	 0.2914 	 3.9577 	 836.8061 	 29.0000 	 2.6709 	 13.8495 	 4.1193 	 0.3956 	 8.8289 	 0.9928 
8.0000 	 0.6382 	 11.9090 	 4.7414 	 0.0078 	 4.0228 	 787.1833 	 8.0000 	 0.1281 	 14.3195 	 -1.6903 	 1.3013 	 9.6581 	 0.9939 
47.0000 	 1.7792 	 12.9309 	 14.4995 	 0.3638 	 8.1763 	 856.0426 	 47.0000 	 1.0386 	 15.5638 	 -4.5957 	 1.9910 	 9.0642 	 0.9926 
23.0000 	 1.2258 	 12.2363 	 3.0762 	 0.1758 	 5.5664 	 817.8000 	 23.0000 	 2.6630 	 7.1657 	 3.5969 	 -2.2354 	 3.9784 	 1.0344 
3.0000 	 0.0714 	 10.7422 	 10.5957 	 2.1387 	 8.9990 	 1397.1713 	 3.0000 	 2.3708 	 16.1591 	 3.1860 	 -4.2513 	 3.8893 	 0.8646 
42.0000 	 0.9160 	 7.2131 	 3.2446 	 9.5752 	 0.6104 	 1509.1719 	 42.0000 	 1.9725 	 6.7705 	 -2.5859 	 1.5105 	 2.9035 	 0.9932 
25.0000 	 1.3965 	 14.4545 	 -1.3784 	 1.0775 	 6.9758 	 1064.0441 	 25.0000 	 0.5770 	 16.4929 	 2.5751 	 1.3289 	 0.6784 	 0.9975 
30.0000 	 1.7133 	 15.1157 	 7.6759 	 0.1759 	 2.7873 	 782.5907 	 30.0000 	 1.8067 	 6.1840 	 -1.2204 	 -0.4645 	 2.3243 	 0.9834 
25.0000 	 1.0475 	 15.0940 	 7.3047 	 -0.0244 	 4.2627 	 925.8987 	 25.0000 	 0.0896 	 1.8335 	 -3.7970 	 0.0881 	 4.0712 	 0.9926 
2.0000 	 0.2131 	 17.0359 	 2.4725 	 0.7079 	 10.4476 	 1010.7087 	 2.0000 	 2.7387 	 11.1205 	 4.1125 	 3.8011 	 0.8043 	 0.9830 
24.0000 	 1.2100 	 18.3728 	 6.7883 	 0.4224 	 5.6712 	 844.4346 	 24.0000 	 0.6353 	 9.0435 	 2.8742 	 0.6917 	 2.9515 	 1.8256 
31.0000 	 1.7040 	 12.8183 	 -2.1884 	 -0.2749 	 11.0720 	 867.6094 	 31.0000 	 0.6907 	 19.4634 	 -2.6219 	 1.7341 	 8.1101 	 1.0029 
22.0000 	 1.0728 	 14.5117 	 4.8828 	 0.1172 	 3.4375 	 852.4318 	 22.0000 	 2.2144 	 7.8449 	 -4.5708 	 -2.2083 	 0.4380 	 0.9924 
24.0000 	 1.9149 	 18.7415 	 5.3296 	 0.1074 	 4.4482 	 812.9531 	 24.0000 	 0.6974 	 6.4135 	 3.8086 	 2.6782 	 3.3622 	 0.9931 
22.0000 	 1.5820 	 8.1909 	 8.2605 	 0.1392 	 4.4830 	 963.2799 	 22.0000 	 1.3462 	 11.3904 	 -0.8565 	 -2.0224 	 2.2841 	 0.9930 
18.0000 	 0.3625 	 12.4034 	 3.0015 	 34.6077 	 1.3128 	 1602.0881 	 18.0000 	 0.1232 	 8.1008 	 -3.6393 	 -3.1495 	 2.9011 	 0.9749 
