50.0000 	 1.3397 	 13.0420 	 -0.5859 	 1.2891 	 9.3652 	 1480.8325 	 50.0000 	 1.3391 	 13.0405 	 -0.5826 	 1.2842 	 4.3659 	 0.0967 
48.0000 	 0.8162 	 10.0586 	 2.3535 	 28.6133 	 2.9541 	 1691.1818 	 48.0000 	 0.1626 	 13.2283 	 4.7576 	 -0.4105 	 1.5655 	 0.1465 
50.0000 	 1.0960 	 6.8701 	 -0.9961 	 8.6816 	 7.2327 	 1586.2661 	 50.0000 	 2.2323 	 2.7143 	 -0.9106 	 3.7578 	 7.8232 	 0.2383 
48.0000 	 1.8857 	 7.6660 	 11.1816 	 0.8105 	 6.3037 	 1029.5433 	 48.0000 	 0.9740 	 19.7001 	 4.1171 	 0.6835 	 6.4191 	 0.9792 
48.0000 	 0.8051 	 3.9648 	 -3.6328 	 -6.0547 	 13.7305 	 1642.5283 	 48.0000 	 0.2807 	 11.3357 	 -0.8387 	 -1.1860 	 6.3212 	 0.9841 
48.0000 	 1.9446 	 7.8467 	 0.3125 	 -0.0977 	 10.2587 	 928.6296 	 48.0000 	 2.9246 	 2.5459 	 4.8589 	 -0.1558 	 5.4959 	 0.9808 
50.0000 	 0.9312 	 11.1770 	 2.4605 	 13.9842 	 7.3004 	 1608.3968 	 50.0000 	 1.0852 	 11.2675 	 -0.4499 	 -0.1596 	 6.4788 	 5.2594 
50.0000 	 2.2067 	 7.8076 	 -3.5059 	 -0.0098 	 9.7803 	 916.5617 	 50.0000 	 2.2264 	 7.4816 	 1.3096 	 -3.9924 	 4.0428 	 0.9938 
49.0000 	 1.2534 	 9.9745 	 4.7976 	 1.0671 	 2.8741 	 1100.9667 	 49.0000 	 1.1734 	 5.0198 	 4.4880 	 -3.4116 	 2.3426 	 0.9856 
49.0000 	 2.4204 	 6.6166 	 9.7539 	 -0.0526 	 7.9099 	 917.6636 	 49.0000 	 0.4378 	 14.4373 	 -1.0204 	 -3.2568 	 6.4225 	 1.1421 
49.0000 	 1.4251 	 5.2373 	 6.0087 	 0.2016 	 3.2407 	 1128.2836 	 49.0000 	 2.6745 	 16.0953 	 3.5154 	 -4.2439 	 6.7852 	 0.9788 
49.0000 	 1.5603 	 3.6850 	 8.7366 	 0.1927 	 3.4707 	 1199.7677 	 49.0000 	 2.2315 	 0.9589 	 2.8540 	 3.1638 	 8.7913 	 0.9505 
49.0000 	 1.9899 	 6.5235 	 0.9921 	 0.0758 	 9.7778 	 936.7129 	 49.0000 	 0.1990 	 6.4584 	 0.4606 	 -1.1090 	 0.3180 	 0.9468 
49.0000 	 2.6816 	 14.9804 	 -1.8653 	 0.3125 	 6.7334 	 842.2996 	 49.0000 	 0.3410 	 4.9318 	 -2.9651 	 2.6110 	 7.1730 	 0.8339 
50.0000 	 0.0044 	 4.7376 	 6.9065 	 -1.7587 	 2.8049 	 1752.3549 	 50.0000 	 1.5390 	 11.2446 	 -0.9310 	 -0.7333 	 0.2652 	 0.9743 
48.0000 	 1.9313 	 12.7148 	 3.8672 	 -2.9297 	 9.9805 	 1367.2767 	 48.0000 	 1.9233 	 1.8691 	 -1.2452 	 -0.3647 	 6.9457 	 0.9921 
48.0000 	 1.6279 	 17.8711 	 -0.2637 	 1.8164 	 7.7637 	 1085.1015 	 48.0000 	 2.4270 	 14.8998 	 1.0815 	 4.9969 	 5.6622 	 0.9634 
50.0000 	 2.5613 	 6.8134 	 3.5461 	 0.0681 	 7.5769 	 931.4685 	 50.0000 	 0.3059 	 11.5009 	 3.6054 	 1.1695 	 7.4323 	 0.9629 
49.0000 	 1.3600 	 7.3805 	 3.2751 	 0.4480 	 4.2005 	 1035.9156 	 49.0000 	 0.4578 	 15.2715 	 4.9708 	 2.8686 	 6.8332 	 0.9960 
49.0000 	 1.9646 	 10.6543 	 7.4707 	 0.2637 	 1.4746 	 764.5928 	 49.0000 	 2.6642 	 10.9125 	 4.1223 	 3.2612 	 1.2401 	 0.9871 
48.0000 	 2.4232 	 6.8515 	 4.3347 	 -2.6727 	 9.8251 	 1425.7485 	 48.0000 	 2.7864 	 14.4815 	 -4.8432 	 2.4544 	 8.6758 	 0.7140 
49.0000 	 2.0911 	 10.8057 	 5.6519 	 -1.0669 	 3.2800 	 968.7055 	 49.0000 	 0.4298 	 3.1168 	 -1.5816 	 -0.3542 	 5.0676 	 0.9915 
50.0000 	 1.0765 	 10.2734 	 3.6719 	 -1.7969 	 3.1491 	 1246.1210 	 50.0000 	 1.6764 	 7.4811 	 0.2103 	 -3.0393 	 7.3388 	 0.9983 
50.0000 	 1.8223 	 15.6885 	 4.6387 	 -0.1953 	 4.9414 	 788.5692 	 50.0000 	 2.0572 	 10.7672 	 -2.9862 	 -2.9175 	 2.8014 	 0.9770 
50.0000 	 1.2300 	 6.2744 	 3.7109 	 0.8691 	 4.8584 	 1295.4552 	 50.0000 	 1.2314 	 5.8152 	 -1.0918 	 3.6161 	 7.3269 	 0.9928 
48.0000 	 2.2532 	 13.8916 	 8.1737 	 0.0863 	 0.9074 	 748.7551 	 48.0000 	 0.0871 	 12.9385 	 -1.1140 	 -3.7811 	 9.2936 	 0.8217 
47.0000 	 1.7976 	 14.5215 	 12.0605 	 0.0977 	 8.2715 	 809.5481 	 47.0000 	 0.2807 	 12.9529 	 4.2472 	 -0.2606 	 4.9572 	 0.9223 
45.0000 	 1.3261 	 5.7520 	 5.6055 	 4.5117 	 7.6660 	 1448.9718 	 45.0000 	 0.8354 	 10.1261 	 -1.9678 	 1.5092 	 6.1358 	 0.6858 
48.0000 	 2.1023 	 13.3499 	 8.6536 	 0.1392 	 2.8760 	 753.7984 	 48.0000 	 2.6799 	 15.9119 	 -4.1483 	 -3.2977 	 8.3970 	 1.3306 
48.0000 	 1.3859 	 10.2853 	 3.8035 	 -0.7363 	 4.2991 	 988.9885 	 48.0000 	 1.3644 	 8.7521 	 -0.5281 	 -1.8531 	 4.1083 	 0.8805 
50.0000 	 2.0900 	 11.6691 	 9.7368 	 0.4786 	 6.7156 	 775.0918 	 50.0000 	 1.0852 	 11.2675 	 -0.4499 	 -0.1596 	 6.4788 	 0.9707 
49.0000 	 2.8173 	 20.0063 	 2.0544 	 0.3738 	 12.5838 	 895.7615 	 49.0000 	 2.8168 	 9.9285 	 -2.6754 	 -2.0702 	 7.5110 	 0.9717 
47.0000 	 1.1646 	 8.7354 	 3.2715 	 4.8926 	 5.8545 	 1369.0605 	 47.0000 	 2.5432 	 13.1490 	 -2.6615 	 -0.6932 	 1.1952 	 0.9646 
46.0000 	 0.0715 	 3.0075 	 3.8281 	 4.4336 	 8.7109 	 1751.2293 	 46.0000 	 1.4143 	 0.4904 	 -3.0751 	 -3.2666 	 6.7316 	 0.9932 
45.0000 	 2.5820 	 20.7321 	 14.1413 	 0.0344 	 0.9096 	 824.8488 	 45.0000 	 2.8268 	 5.9750 	 4.5444 	 -0.2348 	 1.1771 	 1.2735 
45.0000 	 1.7019 	 8.0956 	 8.8772 	 0.0546 	 6.1830 	 880.2447 	 45.0000 	 2.0288 	 9.1497 	 -2.2766 	 1.0417 	 1.5453 	 0.9894 
45.0000 	 0.0065 	 2.1023 	 2.2870 	 8.4316 	 4.1868 	 1767.1260 	 45.0000 	 2.3225 	 9.9593 	 0.5278 	 1.6408 	 2.0974 	 0.9201 
45.0000 	 1.8664 	 9.7952 	 2.6548 	 -0.6838 	 6.0832 	 937.3738 	 45.0000 	 0.1683 	 6.1846 	 3.2167 	 4.0510 	 0.9696 	 3.5380 
45.0000 	 1.1887 	 11.4844 	 -6.1914 	 -4.0918 	 13.9209 	 1234.0443 	 45.0000 	 1.6677 	 7.3473 	 -4.2726 	 0.0406 	 1.1221 	 1.0144 
47.0000 	 0.0935 	 5.7774 	 -2.3770 	 3.5109 	 6.8566 	 1753.1258 	 47.0000 	 1.9897 	 14.9644 	 -3.8534 	 4.6204 	 2.8489 	 0.9624 
46.0000 	 0.1368 	 7.5288 	 5.3647 	 -17.2232 	 8.6576 	 1751.7252 	 46.0000 	 0.1764 	 5.9730 	 3.2166 	 4.5602 	 3.7164 	 0.9913 
47.0000 	 1.3780 	 7.2556 	 3.2425 	 0.0205 	 4.0137 	 1025.6072 	 47.0000 	 2.7538 	 0.3314 	 2.3853 	 -1.0928 	 5.7750 	 0.9999 
45.0000 	 2.1217 	 13.4106 	 11.2866 	 -0.2954 	 8.7073 	 789.1735 	 45.0000 	 1.2210 	 8.9334 	 -4.3651 	 1.1688 	 9.0027 	 0.9917 
46.0000 	 1.8954 	 4.8803 	 9.0901 	 -0.1030 	 3.8269 	 1002.3482 	 46.0000 	 1.1346 	 6.0627 	 -4.8734 	 -2.1164 	 2.4523 	 0.8597 
45.0000 	 1.5678 	 17.3073 	 6.8527 	 0.2570 	 3.0002 	 781.7928 	 45.0000 	 2.5419 	 18.3359 	 -1.5950 	 -4.6525 	 0.8051 	 0.9618 
46.0000 	 2.1208 	 11.2067 	 9.4489 	 1.4062 	 9.5187 	 1071.5318 	 46.0000 	 2.8589 	 8.7046 	 4.0566 	 -4.5553 	 2.1607 	 1.0051 
42.0000 	 1.9815 	 12.7103 	 4.6950 	 0.0720 	 2.4498 	 736.8170 	 42.0000 	 1.9797 	 7.7926 	 4.1826 	 -0.0111 	 2.4590 	 0.9875 
45.0000 	 1.9867 	 13.3555 	 6.9052 	 0.2577 	 3.0573 	 740.9306 	 45.0000 	 0.2348 	 4.5108 	 3.5844 	 -1.9223 	 9.8463 	 0.9758 
43.0000 	 1.2502 	 7.2058 	 0.1758 	 7.5586 	 10.4272 	 1432.0891 	 43.0000 	 2.9472 	 4.7826 	 -0.8979 	 2.3430 	 0.3800 	 1.0080 
43.0000 	 1.5519 	 13.8623 	 10.8789 	 0.2832 	 9.4727 	 806.0719 	 43.0000 	 1.5246 	 14.8604 	 -0.8303 	 -1.0368 	 9.4354 	 0.9845 
44.0000 	 1.6503 	 6.0645 	 23.7305 	 0.1367 	 7.3535 	 1213.7114 	 44.0000 	 0.7436 	 1.1117 	 2.3261 	 1.4054 	 1.2487 	 0.9923 
47.0000 	 2.2524 	 9.0326 	 4.3750 	 -0.3711 	 1.9090 	 966.4207 	 47.0000 	 0.8151 	 12.1492 	 -4.1200 	 -4.5550 	 9.5392 	 0.9286 
46.0000 	 2.1194 	 10.2667 	 8.2886 	 0.0604 	 1.0767 	 783.5099 	 46.0000 	 2.7413 	 1.9893 	 4.7802 	 1.8218 	 7.4342 	 0.5865 
44.0000 	 2.2029 	 8.6462 	 4.8486 	 1.3330 	 6.7737 	 1204.7471 	 44.0000 	 0.1532 	 13.6537 	 0.5482 	 3.0095 	 9.4032 	 0.9928 
47.0000 	 1.2598 	 19.1553 	 5.1562 	 -2.1094 	 5.8984 	 1124.4059 	 47.0000 	 1.6675 	 10.1457 	 3.3838 	 -3.3395 	 8.0253 	 0.9724 
41.0000 	 1.2164 	 13.8696 	 11.3037 	 -3.4058 	 6.0864 	 1131.9362 	 41.0000 	 2.3298 	 0.6014 	 4.9442 	 1.3736 	 5.0539 	 0.9641 
47.0000 	 1.0728 	 3.6719 	 -1.7188 	 7.9688 	 7.4219 	 1455.2263 	 47.0000 	 2.3063 	 7.0694 	 -2.2592 	 -3.6621 	 2.0290 	 0.9783 
43.0000 	 1.4822 	 8.5440 	 8.7128 	 -1.0980 	 5.0854 	 1074.6237 	 43.0000 	 2.1428 	 6.4098 	 2.5524 	 -2.8127 	 6.4257 	 0.8229 
47.0000 	 2.4393 	 12.6993 	 8.4863 	 -0.4120 	 6.3086 	 889.0479 	 47.0000 	 1.9986 	 13.2352 	 -0.1476 	 -0.0421 	 1.1057 	 0.5829 
44.0000 	 1.0913 	 7.0557 	 8.7305 	 8.4668 	 12.5830 	 1444.7208 	 44.0000 	 2.7859 	 6.6279 	 -3.1717 	 3.7188 	 1.4063 	 0.9649 
42.0000 	 1.2626 	 3.5720 	 2.6823 	 4.9892 	 6.5318 	 1502.7858 	 42.0000 	 2.6634 	 6.8504 	 -3.5475 	 2.0253 	 8.2119 	 0.5722 
42.0000 	 2.0260 	 14.4629 	 7.0312 	 -0.4395 	 3.7646 	 826.7309 	 42.0000 	 0.6756 	 7.0843 	 4.5117 	 0.8346 	 9.9613 	 0.9926 
43.0000 	 1.8664 	 10.3467 	 4.2188 	 -0.1465 	 1.8408 	 818.3907 	 43.0000 	 2.9230 	 16.0251 	 -4.4894 	 -1.8953 	 5.0016 	 0.9979 
43.0000 	 1.3300 	 7.9456 	 10.5302 	 3.2217 	 3.4092 	 1226.1846 	 43.0000 	 0.2373 	 8.5340 	 -4.6607 	 -1.6982 	 5.3549 	 1.0057 
46.0000 	 1.0157 	 8.9844 	 8.4375 	 10.3125 	 2.6562 	 1416.0072 	 46.0000 	 3.0002 	 16.0673 	 -1.5868 	 3.6411 	 5.6894 	 0.9936 
47.0000 	 2.6642 	 27.1027 	 9.3628 	 -0.0446 	 11.7609 	 869.4036 	 47.0000 	 2.6358 	 16.6886 	 3.6526 	 2.4592 	 3.2998 	 1.0215 
44.0000 	 1.8703 	 10.2853 	 4.9844 	 1.3272 	 1.4593 	 1026.7611 	 44.0000 	 0.7338 	 10.2640 	 -2.0717 	 4.2739 	 6.1476 	 0.9997 
44.0000 	 1.9764 	 8.8239 	 1.0529 	 0.5902 	 7.5800 	 919.9153 	 44.0000 	 0.5975 	 10.9152 	 -1.8832 	 -3.5821 	 2.4923 	 0.9848 
41.0000 	 1.5308 	 2.3824 	 0.0783 	 -1.7968 	 4.3363 	 1350.8924 	 41.0000 	 2.1463 	 2.2814 	 3.5931 	 -1.8616 	 0.5196 	 1.0132 
44.0000 	 1.4793 	 6.7627 	 -3.1055 	 3.8184 	 10.1172 	 1407.5352 	 44.0000 	 2.3771 	 0.4173 	 3.9256 	 3.6091 	 2.6793 	 0.9436 
44.0000 	 1.8128 	 5.2087 	 4.3131 	 -0.0508 	 6.0619 	 991.3638 	 44.0000 	 0.6854 	 9.1077 	 -3.0843 	 1.0060 	 7.6781 	 1.0139 
44.0000 	 1.7122 	 13.1798 	 6.5127 	 0.4957 	 3.1837 	 781.3318 	 44.0000 	 1.2535 	 6.5360 	 -1.9527 	 1.3474 	 2.3978 	 0.9898 
44.0000 	 1.2385 	 8.0469 	 5.4590 	 0.4980 	 1.1621 	 1099.2450 	 44.0000 	 1.9164 	 8.0694 	 -4.8938 	 -4.7041 	 3.0505 	 0.9939 
44.0000 	 1.2385 	 15.7227 	 -0.3223 	 -1.2695 	 11.8848 	 1028.3644 	 44.0000 	 2.1884 	 3.1608 	 -1.1286 	 -4.0344 	 3.4102 	 1.0073 
42.0000 	 2.2756 	 10.2930 	 -2.2266 	 0.0391 	 9.9023 	 813.2048 	 42.0000 	 1.5893 	 13.3189 	 0.2109 	 -0.1801 	 1.0160 	 0.9920 
40.0000 	 2.7936 	 9.6143 	 6.6797 	 1.8848 	 8.0127 	 1391.8749 	 40.0000 	 1.0165 	 6.3144 	 4.2369 	 -3.3628 	 9.3947 	 0.9685 
40.0000 	 1.6673 	 15.8643 	 7.2949 	 -4.2871 	 3.8037 	 1165.2907 	 40.0000 	 1.6671 	 10.8663 	 2.2914 	 -4.2887 	 3.8013 	 0.9997 
39.0000 	 1.0839 	 5.0391 	 1.8359 	 -2.2168 	 14.7803 	 1433.2478 	 39.0000 	 1.8363 	 4.4642 	 2.7673 	 -3.8124 	 7.6841 	 0.8906 
37.0000 	 1.2385 	 17.5818 	 11.9775 	 3.2349 	 6.1340 	 1236.8577 	 37.0000 	 1.3266 	 16.0105 	 0.0168 	 4.9148 	 5.8678 	 0.9916 
43.0000 	 0.7217 	 4.0907 	 4.2372 	 -18.3204 	 5.9090 	 1501.6853 	 43.0000 	 1.2418 	 0.5990 	 -0.6150 	 -2.9225 	 0.6345 	 0.9708 
42.0000 	 0.0031 	 0.9961 	 6.6797 	 0.5469 	 8.8867 	 1752.3933 	 42.0000 	 0.6259 	 0.4249 	 -2.5053 	 2.7154 	 2.5877 	 0.9590 
43.0000 	 1.9849 	 13.7628 	 12.1095 	 -0.0806 	 2.6184 	 750.9127 	 43.0000 	 1.0373 	 15.7341 	 -1.7252 	 4.8626 	 4.7270 	 0.9810 
42.0000 	 1.6845 	 15.5664 	 6.4453 	 0.4297 	 2.1289 	 815.0784 	 42.0000 	 2.1435 	 15.0664 	 -3.0464 	 -2.2733 	 9.4609 	 0.9927 
42.0000 	 1.6141 	 13.9014 	 0.1538 	 -2.0483 	 8.8110 	 1021.8461 	 42.0000 	 1.0189 	 0.8552 	 -0.2236 	 -1.5588 	 3.6188 	 1.0076 
41.0000 	 1.6961 	 3.0566 	 0.5273 	 0.0586 	 7.9395 	 1204.6939 	 41.0000 	 2.9673 	 19.8680 	 0.7570 	 0.1305 	 0.1138 	 0.9802 
43.0000 	 2.0436 	 13.7962 	 9.5535 	 -0.0941 	 4.3187 	 751.8790 	 43.0000 	 2.5689 	 10.7736 	 3.8546 	 4.3343 	 7.7089 	 1.0285 
43.0000 	 1.6121 	 12.9575 	 12.0016 	 0.4297 	 5.2389 	 783.3454 	 43.0000 	 0.2895 	 7.8225 	 -0.9440 	 -0.0200 	 0.3955 	 0.9865 
40.0000 	 2.3308 	 8.3449 	 6.2012 	 -1.4160 	 4.4531 	 1074.0549 	 40.0000 	 2.6415 	 11.1914 	 1.8155 	 -2.7178 	 9.8394 	 0.9827 
41.0000 	 1.8664 	 11.0449 	 2.6758 	 -1.3086 	 5.9277 	 992.9704 	 41.0000 	 2.1421 	 1.1505 	 1.0409 	 -0.5068 	 7.5768 	 0.9921 
37.0000 	 0.0175 	 4.0219 	 0.4795 	 19.0338 	 7.9596 	 1755.5324 	 37.0000 	 0.4372 	 18.4015 	 -2.5649 	 3.8581 	 1.5503 	 0.9766 
39.0000 	 1.6242 	 22.7960 	 13.6304 	 -0.3181 	 5.6747 	 809.2230 	 39.0000 	 2.0099 	 13.0591 	 2.3643 	 -0.3790 	 4.7375 	 0.9926 
40.0000 	 2.6302 	 8.0133 	 8.0986 	 -0.5274 	 5.5136 	 1018.2847 	 40.0000 	 1.0717 	 15.3743 	 0.5417 	 -3.9328 	 9.8341 	 0.9957 
42.0000 	 1.6731 	 13.0762 	 -3.8867 	 3.3789 	 5.7715 	 1355.0833 	 42.0000 	 1.3945 	 14.2921 	 -2.4772 	 -4.5895 	 7.4248 	 0.9901 
36.0000 	 1.3958 	 17.6025 	 14.6680 	 0.4492 	 8.0713 	 820.6804 	 36.0000 	 1.3067 	 14.0093 	 -0.8176 	 -0.4519 	 7.4926 	 0.5194 
39.0000 	 1.7884 	 13.2812 	 3.7109 	 -0.5078 	 3.7012 	 842.7003 	 39.0000 	 2.0062 	 11.7224 	 -2.9542 	 -3.8915 	 0.0867 	 0.9890 
39.0000 	 2.0696 	 13.3480 	 8.9900 	 0.1108 	 0.1649 	 753.6044 	 39.0000 	 2.5448 	 3.7709 	 -4.2862 	 -3.7458 	 5.8839 	 0.1711 
39.0000 	 2.1693 	 12.1924 	 1.9434 	 1.9336 	 5.0537 	 1195.8817 	 39.0000 	 0.6506 	 6.2836 	 -4.2070 	 -0.7684 	 8.2502 	 0.9832 
43.0000 	 1.5440 	 9.9224 	 3.9208 	 1.2193 	 8.1899 	 1063.9123 	 43.0000 	 2.7158 	 12.3667 	 -3.1218 	 -3.9577 	 9.8819 	 0.9928 
39.0000 	 1.7671 	 8.5425 	 7.9370 	 0.0708 	 2.3035 	 831.8374 	 39.0000 	 2.2288 	 7.9419 	 4.7144 	 -1.1539 	 1.8540 	 0.9862 
34.0000 	 1.8921 	 7.2754 	 5.8398 	 -3.3789 	 9.3457 	 1197.7769 	 34.0000 	 0.6578 	 17.6298 	 -0.6303 	 4.9003 	 8.5002 	 1.0112 
39.0000 	 1.2472 	 9.6191 	 14.2145 	 -0.5603 	 9.7232 	 1073.0991 	 39.0000 	 2.3504 	 18.1677 	 -1.4624 	 0.8360 	 3.7560 	 0.9917 
39.0000 	 1.7106 	 9.2237 	 3.7402 	 1.1737 	 5.9094 	 1014.8202 	 39.0000 	 2.4499 	 18.0113 	 -4.9635 	 4.8948 	 4.5313 	 0.9963 
40.0000 	 1.3397 	 8.7305 	 -6.9434 	 1.1719 	 8.6670 	 1149.1917 	 40.0000 	 1.1166 	 9.7011 	 -1.1429 	 3.3051 	 1.2189 	 1.0141 
36.0000 	 1.6155 	 14.0454 	 7.6123 	 0.3101 	 0.6128 	 747.4734 	 36.0000 	 2.8080 	 14.1418 	 0.1678 	 -3.5166 	 9.2320 	 0.9929 
39.0000 	 1.5152 	 21.3965 	 13.1055 	 -0.6934 	 13.0615 	 833.5608 	 39.0000 	 1.5681 	 5.0482 	 -1.0402 	 4.4809 	 6.6955 	 0.9957 
39.0000 	 2.2601 	 24.7705 	 11.9971 	 -1.7676 	 6.4453 	 995.8418 	 39.0000 	 0.7900 	 10.7287 	 4.7685 	 -3.5151 	 6.1778 	 0.9974 
37.0000 	 1.2903 	 7.8027 	 -4.2578 	 1.3086 	 9.4141 	 1208.5377 	 37.0000 	 1.2917 	 7.4915 	 -4.2568 	 1.3120 	 4.4141 	 0.7105 
40.0000 	 2.0822 	 6.3448 	 5.8878 	 -0.1286 	 2.8513 	 919.7460 	 40.0000 	 2.7619 	 3.9060 	 -1.2604 	 -1.6106 	 2.3646 	 0.9995 
36.0000 	 1.2321 	 7.4451 	 7.6685 	 1.0034 	 5.2893 	 1111.2202 	 36.0000 	 2.9196 	 8.1876 	 0.7054 	 -2.9024 	 5.7192 	 0.9764 
41.0000 	 1.7030 	 5.3302 	 -9.7583 	 0.8014 	 14.2252 	 1278.0106 	 41.0000 	 2.3309 	 0.9295 	 0.1878 	 -4.1405 	 6.3280 	 0.9886 
34.0000 	 2.2371 	 10.7300 	 5.8594 	 0.0244 	 2.2961 	 822.9010 	 34.0000 	 2.5613 	 14.2771 	 2.2971 	 -2.4294 	 8.9438 	 0.7098 
36.0000 	 1.0054 	 12.7979 	 4.8828 	 3.3203 	 7.7295 	 1367.3056 	 36.0000 	 1.0056 	 12.7984 	 4.8784 	 3.3244 	 7.7283 	 0.9864 
41.0000 	 1.0368 	 7.1191 	 3.8086 	 2.7148 	 1.2988 	 1380.1070 	 41.0000 	 0.1388 	 1.1361 	 -1.9869 	 -2.4288 	 1.4105 	 0.9916 
40.0000 	 1.1283 	 7.0349 	 4.0332 	 -7.3633 	 6.2402 	 1330.0023 	 40.0000 	 1.4436 	 0.4380 	 0.2886 	 0.4602 	 2.3108 	 0.9909 
42.0000 	 1.5572 	 12.6855 	 0.2539 	 0.3221 	 5.7812 	 798.5064 	 42.0000 	 0.4803 	 9.8660 	 -1.5659 	 -0.3804 	 6.0933 	 0.9974 
41.0000 	 1.8110 	 11.3101 	 6.5314 	 -0.0378 	 9.4553 	 761.4415 	 41.0000 	 2.2908 	 1.3195 	 -1.3096 	 -2.3200 	 6.8771 	 0.9927 
38.0000 	 1.5052 	 12.0114 	 -0.1802 	 -0.0350 	 12.7637 	 782.6579 	 38.0000 	 1.5054 	 11.6407 	 -0.2504 	 4.6354 	 7.6504 	 0.9775 
41.0000 	 2.0015 	 10.6891 	 9.1663 	 -0.3278 	 6.2503 	 843.3565 	 41.0000 	 0.9470 	 19.0318 	 -2.3601 	 1.4453 	 1.3424 	 0.9590 
35.0000 	 3.2693 	 22.4414 	 8.7988 	 -2.2852 	 3.0469 	 1211.8935 	 35.0000 	 2.9315 	 16.5168 	 2.8044 	 -1.9843 	 3.2633 	 0.9927 
38.0000 	 0.7942 	 8.9453 	 14.4531 	 17.5781 	 9.9609 	 1460.8704 	 38.0000 	 1.0380 	 5.3715 	 2.6194 	 -2.6707 	 2.3485 	 0.9943 
40.0000 	 0.9543 	 12.1057 	 5.1123 	 7.4634 	 1.9812 	 1406.3351 	 40.0000 	 2.1056 	 7.6119 	 1.9135 	 -3.2249 	 5.4545 	 0.9811 
40.0000 	 2.0209 	 8.2181 	 3.0585 	 -0.3537 	 5.8923 	 921.3259 	 40.0000 	 1.7097 	 5.8164 	 2.9955 	 -3.3047 	 7.7908 	 0.9956 
38.0000 	 1.1646 	 6.3867 	 12.3145 	 -5.0488 	 11.8457 	 1433.9281 	 38.0000 	 1.1047 	 18.4363 	 1.3005 	 4.7510 	 2.3457 	 0.9926 
38.0000 	 2.7433 	 10.7166 	 1.5949 	 -0.5066 	 9.4750 	 1031.7041 	 38.0000 	 2.0980 	 3.2226 	 4.3367 	 -1.1133 	 5.8302 	 0.9927 
35.0000 	 1.3675 	 6.7676 	 -2.3535 	 1.5625 	 6.7334 	 1335.4426 	 35.0000 	 1.3664 	 6.7679 	 -2.3568 	 -3.4343 	 1.7357 	 0.8534 
38.0000 	 1.8804 	 11.9000 	 5.9033 	 0.1562 	 5.0308 	 869.6656 	 38.0000 	 2.4157 	 0.1670 	 0.8193 	 1.5482 	 9.0517 	 0.8747 
37.0000 	 0.0039 	 8.4241 	 3.7305 	 1.1914 	 1.8188 	 1753.8050 	 37.0000 	 0.4129 	 10.9550 	 3.4968 	 4.8558 	 9.5049 	 0.9762 
30.0000 	 1.9735 	 9.2051 	 1.4903 	 0.4170 	 6.2948 	 904.0409 	 30.0000 	 0.4314 	 7.0762 	 -0.9328 	 1.9938 	 4.3228 	 0.9076 
38.0000 	 2.3235 	 9.9621 	 6.6953 	 0.0605 	 2.2921 	 812.4206 	 38.0000 	 2.7439 	 16.3700 	 -1.9622 	 -2.5039 	 0.3378 	 0.9918 
38.0000 	 1.6279 	 8.6523 	 6.6113 	 -0.9473 	 6.8604 	 970.5213 	 38.0000 	 2.7261 	 9.3334 	 -2.9403 	 3.8103 	 6.7299 	 1.0070 
41.0000 	 1.6846 	 4.0647 	 7.1045 	 0.0917 	 5.6039 	 1117.6676 	 41.0000 	 1.6844 	 4.0745 	 2.1157 	 3.1927 	 5.5945 	 0.8540 
29.0000 	 1.6673 	 5.7959 	 -0.1074 	 -0.0195 	 4.5850 	 1000.4656 	 29.0000 	 1.4747 	 13.5608 	 -0.2477 	 2.3717 	 5.1808 	 1.0137 
37.0000 	 1.1968 	 2.8906 	 2.9297 	 5.1562 	 6.0156 	 1461.8287 	 37.0000 	 1.1057 	 6.2336 	 4.0861 	 3.8360 	 1.8098 	 1.0026 
36.0000 	 1.0855 	 6.7812 	 -3.5393 	 7.5864 	 8.1204 	 1545.9353 	 36.0000 	 0.4511 	 16.4910 	 -3.3298 	 -4.1044 	 5.9992 	 0.8335 
31.0000 	 1.3035 	 4.4106 	 5.5515 	 0.0223 	 5.9935 	 1105.4224 	 31.0000 	 0.2100 	 6.9872 	 4.0257 	 -1.2647 	 4.9363 	 0.9922 
36.0000 	 0.9883 	 4.2578 	 16.3281 	 6.9531 	 9.9609 	 1414.9470 	 36.0000 	 1.1985 	 2.7957 	 -3.0568 	 -3.4152 	 3.1185 	 0.9920 
33.0000 	 1.6903 	 8.9685 	 1.4185 	 -0.2515 	 5.7935 	 935.0750 	 33.0000 	 2.8953 	 9.7800 	 -2.3814 	 0.5241 	 4.5787 	 0.9106 
31.0000 	 1.4530 	 7.6404 	 2.0703 	 0.1416 	 4.3030 	 930.6469 	 31.0000 	 1.2832 	 8.2259 	 0.2769 	 -4.6659 	 7.5643 	 0.9908 
36.0000 	 1.4908 	 5.3125 	 4.3921 	 -1.8408 	 4.3347 	 1247.9416 	 36.0000 	 1.8070 	 3.5934 	 3.9857 	 -3.3203 	 5.1242 	 0.6993 
37.0000 	 1.5519 	 12.4316 	 -6.2500 	 0.3027 	 12.1728 	 774.0661 	 37.0000 	 1.9309 	 0.6282 	 2.5649 	 -4.1442 	 9.8374 	 0.9978 
34.0000 	 1.2406 	 14.4360 	 7.6929 	 0.6665 	 2.7136 	 855.9805 	 34.0000 	 1.3460 	 5.8133 	 2.4119 	 3.0015 	 3.5434 	 0.7905 
30.0000 	 1.4908 	 14.4147 	 7.7675 	 0.2139 	 3.4945 	 724.1424 	 30.0000 	 2.7572 	 16.0582 	 -2.2049 	 1.5416 	 5.8390 	 1.0052 
35.0000 	 1.6461 	 10.1770 	 12.4854 	 -2.8223 	 9.6338 	 1123.8373 	 35.0000 	 1.9672 	 9.1402 	 4.5779 	 -2.0878 	 4.9705 	 0.9978 
33.0000 	 1.7210 	 9.5688 	 5.9274 	 -1.2246 	 8.7387 	 1004.6182 	 33.0000 	 1.3194 	 11.4348 	 -4.7675 	 3.5280 	 7.4288 	 1.0003 
33.0000 	 1.9186 	 3.6049 	 1.2103 	 0.5785 	 7.4685 	 1285.9658 	 33.0000 	 2.0718 	 13.9034 	 1.3071 	 0.7230 	 5.2773 	 1.0056 
31.0000 	 2.2756 	 19.0430 	 2.1484 	 0.0391 	 9.9023 	 810.3013 	 31.0000 	 2.1800 	 19.0892 	 2.0636 	 -4.3346 	 6.7875 	 0.9964 
34.0000 	 1.9346 	 10.5359 	 -0.4834 	 0.8228 	 11.3135 	 951.9118 	 34.0000 	 1.9029 	 10.6002 	 -0.6462 	 0.7447 	 7.3500 	 0.8063 
33.0000 	 0.7366 	 8.1494 	 3.0957 	 10.9668 	 4.0430 	 1456.0657 	 33.0000 	 0.7363 	 3.1479 	 3.0946 	 0.8065 	 4.0435 	 0.9561 
41.0000 	 1.8776 	 9.5947 	 8.2007 	 -1.6699 	 12.6379 	 1041.1011 	 41.0000 	 0.3412 	 11.3987 	 0.2482 	 -4.8753 	 6.8788 	 0.9918 
29.0000 	 1.4196 	 4.9297 	 9.4351 	 0.1360 	 7.5440 	 1067.9368 	 29.0000 	 1.5875 	 2.1770 	 -3.3465 	 1.5985 	 2.1810 	 0.9759 
33.0000 	 0.9617 	 5.7031 	 2.3438 	 -4.2188 	 4.4531 	 1264.0338 	 33.0000 	 1.2019 	 5.2850 	 1.3849 	 -4.9579 	 5.9302 	 0.9077 
37.0000 	 1.3443 	 7.7636 	 7.9883 	 -3.4960 	 9.2112 	 1124.5182 	 37.0000 	 0.6145 	 9.0044 	 1.1177 	 -4.9841 	 4.8592 	 0.9997 
33.0000 	 1.6759 	 12.1741 	 13.2446 	 -0.0610 	 8.2530 	 756.6960 	 33.0000 	 1.6702 	 12.1598 	 3.2220 	 2.3664 	 8.3554 	 0.9725 
24.0000 	 1.0361 	 16.8924 	 4.1191 	 2.3518 	 2.4745 	 1131.0630 	 24.0000 	 1.0376 	 16.9567 	 3.4902 	 2.3595 	 7.3387 	 1.0059 
34.0000 	 2.8926 	 21.3559 	 4.3640 	 2.7246 	 7.9013 	 1623.4223 	 34.0000 	 2.8752 	 17.6118 	 4.5446 	 2.7415 	 8.1456 	 0.4405 
35.0000 	 1.7252 	 6.2299 	 10.3317 	 0.2557 	 6.4712 	 966.7453 	 35.0000 	 0.2036 	 19.2643 	 4.7502 	 0.7032 	 0.1362 	 0.9763 
36.0000 	 0.7784 	 13.1641 	 4.0503 	 13.7518 	 3.7692 	 1427.9302 	 36.0000 	 0.7747 	 17.3128 	 3.9412 	 -0.9380 	 2.6478 	 0.9921 
33.0000 	 1.8731 	 14.3128 	 6.0301 	 0.1486 	 4.4588 	 757.8513 	 33.0000 	 0.1062 	 16.4305 	 3.8927 	 -0.9820 	 6.6938 	 1.0012 
28.0000 	 1.2175 	 17.6856 	 11.5430 	 -0.2832 	 3.7646 	 801.5392 	 28.0000 	 2.7800 	 19.9923 	 -1.8321 	 -0.3454 	 3.1466 	 0.9962 
33.0000 	 1.9489 	 10.8273 	 7.9913 	 0.0089 	 3.2477 	 755.9866 	 33.0000 	 0.0121 	 3.5880 	 0.2834 	 2.4673 	 4.3396 	 0.9596 
33.0000 	 1.7287 	 15.0419 	 8.9293 	 0.0897 	 0.0000 	 760.2503 	 33.0000 	 2.2681 	 14.9858 	 1.2378 	 -0.9093 	 6.9356 	 0.1081 
31.0000 	 1.5015 	 16.2127 	 8.5098 	 0.2659 	 4.1019 	 749.6943 	 31.0000 	 1.9798 	 18.6941 	 -1.6867 	 -0.1169 	 9.4545 	 0.9574 
28.0000 	 1.4296 	 14.0820 	 2.5391 	 -4.7266 	 2.5195 	 1638.5116 	 28.0000 	 1.1721 	 1.2605 	 1.0829 	 -1.0440 	 8.4203 	 0.2014 
28.0000 	 1.5285 	 12.8891 	 2.6813 	 0.1086 	 6.7001 	 740.1216 	 28.0000 	 2.9012 	 13.3227 	 3.2214 	 -4.6941 	 5.2734 	 0.9927 
32.0000 	 1.5610 	 7.3946 	 7.4840 	 -3.7608 	 11.0695 	 1171.9155 	 32.0000 	 0.8719 	 18.2880 	 -1.5801 	 -2.8819 	 3.7920 	 1.9275 
30.0000 	 1.6961 	 3.0567 	 8.0275 	 -1.1914 	 8.0959 	 1326.2418 	 30.0000 	 1.8162 	 7.0763 	 0.8771 	 3.9554 	 7.6912 	 1.0045 
29.0000 	 2.0264 	 8.7922 	 2.4147 	 0.0969 	 6.7416 	 852.0224 	 29.0000 	 0.0588 	 4.1950 	 -2.0820 	 -2.1757 	 5.6343 	 0.9832 
32.0000 	 1.4819 	 15.5649 	 9.3378 	 -0.5322 	 6.2698 	 791.3415 	 32.0000 	 2.2728 	 0.5686 	 4.4229 	 -4.1545 	 8.6821 	 1.1863 
32.0000 	 1.7253 	 15.6104 	 -1.4941 	 0.2051 	 8.2080 	 767.9551 	 32.0000 	 2.3131 	 10.8312 	 -0.4223 	 4.1160 	 7.4795 	 0.9984 
25.0000 	 1.1527 	 16.4355 	 5.1660 	 -0.6641 	 10.8936 	 844.3157 	 25.0000 	 1.4534 	 6.4417 	 -0.0868 	 4.3305 	 6.3540 	 0.9918 
32.0000 	 1.6605 	 6.6180 	 10.3897 	 0.0133 	 5.4353 	 914.4325 	 32.0000 	 2.2631 	 3.6499 	 0.1572 	 1.4988 	 0.7133 	 1.0205 
27.0000 	 1.8585 	 9.3591 	 1.4844 	 -1.8921 	 4.2285 	 1559.3711 	 27.0000 	 2.8094 	 8.5655 	 1.6765 	 -1.8726 	 3.9178 	 0.1046 
17.0000 	 0.5509 	 9.1919 	 0.9009 	 10.2759 	 8.3435 	 1539.6774 	 17.0000 	 0.2723 	 4.2151 	 1.7593 	 2.6420 	 0.7854 	 0.5722 
24.0000 	 1.2154 	 12.8174 	 7.7271 	 0.3516 	 1.7200 	 771.0776 	 24.0000 	 1.3666 	 19.0682 	 1.6643 	 4.4281 	 8.1390 	 0.9929 
25.0000 	 1.0346 	 12.4365 	 4.5435 	 0.8319 	 3.7354 	 909.1775 	 25.0000 	 0.4740 	 11.3115 	 0.4398 	 0.4552 	 2.5590 	 0.9929 
32.0000 	 1.3959 	 10.2143 	 5.1855 	 0.1856 	 6.1168 	 788.9259 	 32.0000 	 0.1757 	 11.7871 	 -4.8623 	 3.0867 	 2.2544 	 0.9965 
31.0000 	 0.8359 	 13.8574 	 3.8184 	 -3.3691 	 1.3086 	 1655.2689 	 31.0000 	 0.8350 	 13.8558 	 3.8165 	 -3.3719 	 1.3063 	 0.0937 
27.0000 	 1.0610 	 9.2773 	 6.9434 	 1.8628 	 2.2986 	 1199.9079 	 27.0000 	 0.5685 	 12.3699 	 0.0610 	 3.6634 	 4.5126 	 0.9934 
22.0000 	 1.2523 	 14.7443 	 10.3387 	 0.0842 	 1.6132 	 754.5907 	 22.0000 	 2.6665 	 5.8123 	 -3.1794 	 2.6618 	 6.2391 	 0.9919 
27.0000 	 0.6974 	 9.4336 	 4.6191 	 15.8203 	 4.3311 	 1562.2885 	 27.0000 	 0.2368 	 5.6044 	 -3.4687 	 -4.6759 	 2.5648 	 0.4872 
37.0000 	 2.2963 	 1.5632 	 8.4010 	 -0.1671 	 7.5021 	 1407.6425 	 37.0000 	 0.3735 	 5.0181 	 3.6351 	 1.7136 	 2.0449 	 0.9972 
34.0000 	 1.4102 	 10.4297 	 0.7617 	 0.2441 	 11.0254 	 868.8980 	 34.0000 	 0.5131 	 11.5434 	 4.4599 	 -1.2679 	 8.7843 	 0.9928 
18.0000 	 0.8981 	 6.6211 	 2.9297 	 1.7578 	 10.7617 	 1244.9926 	 18.0000 	 1.8131 	 19.9511 	 -2.7956 	 3.4457 	 2.2243 	 0.9880 
26.0000 	 1.2300 	 8.7622 	 11.7065 	 -0.5078 	 6.3256 	 935.3003 	 26.0000 	 2.0282 	 9.9369 	 2.3282 	 2.8271 	 1.4893 	 0.9964 
25.0000 	 0.9074 	 9.5947 	 -0.9570 	 0.1855 	 10.0439 	 1427.4488 	 25.0000 	 0.2975 	 10.7719 	 -3.2332 	 0.1349 	 3.2803 	 0.3047 
27.0000 	 1.1806 	 6.2305 	 0.5859 	 3.1641 	 12.0898 	 1377.7092 	 27.0000 	 0.4260 	 9.8514 	 3.9425 	 -0.6840 	 4.5807 	 0.9928 
27.0000 	 2.0051 	 11.4240 	 2.7139 	 0.3807 	 5.7126 	 881.4793 	 27.0000 	 0.2341 	 6.2632 	 3.9202 	 3.6623 	 8.7227 	 1.0073 
24.0000 	 0.8739 	 10.1807 	 -3.1055 	 8.9941 	 10.0635 	 1507.1303 	 24.0000 	 0.4678 	 5.6892 	 0.7298 	 2.4863 	 5.8412 	 0.8685 
28.0000 	 1.3675 	 18.9453 	 4.8535 	 -0.5469 	 5.1221 	 796.8590 	 28.0000 	 1.6102 	 2.5162 	 4.4489 	 4.8505 	 4.5551 	 0.9986 
13.0000 	 1.2555 	 14.5801 	 4.2004 	 -0.6433 	 9.4629 	 948.5578 	 13.0000 	 1.8294 	 10.1037 	 -2.9666 	 4.7156 	 5.7839 	 1.0016 
27.0000 	 0.6355 	 5.5295 	 5.4135 	 -9.6652 	 5.1044 	 1415.6593 	 27.0000 	 1.7155 	 2.2970 	 4.7667 	 2.1348 	 6.3447 	 0.9966 
19.0000 	 0.5671 	 10.3845 	 3.0566 	 8.5791 	 8.2678 	 1433.3493 	 19.0000 	 0.4332 	 17.8482 	 -2.5012 	 -0.8391 	 2.4167 	 0.9776 
27.0000 	 1.1370 	 20.9131 	 -4.6582 	 0.9375 	 13.0518 	 899.6061 	 27.0000 	 1.1393 	 11.5177 	 -4.6032 	 0.8032 	 9.9772 	 0.9624 
30.0000 	 1.0728 	 3.6719 	 -1.7188 	 7.9688 	 7.4219 	 1572.3797 	 30.0000 	 2.3189 	 1.0328 	 1.5691 	 -3.2047 	 4.5343 	 0.9183 
34.0000 	 0.7727 	 8.7354 	 4.3457 	 -1.6992 	 4.1650 	 1359.2484 	 34.0000 	 1.4781 	 4.7359 	 2.4263 	 -2.1186 	 0.2742 	 0.9932 
26.0000 	 0.6539 	 4.5367 	 6.8989 	 8.7912 	 2.3894 	 1461.9053 	 26.0000 	 2.9597 	 15.3642 	 1.7650 	 0.6930 	 4.4138 	 0.9810 
28.0000 	 1.2342 	 13.2227 	 5.5371 	 -0.0586 	 2.0116 	 795.4750 	 28.0000 	 1.0722 	 2.5345 	 -0.1850 	 1.3156 	 9.8195 	 0.7065 
27.0000 	 1.4698 	 11.2072 	 7.8607 	 0.5204 	 4.6978 	 775.8058 	 27.0000 	 0.9552 	 18.1147 	 -0.0402 	 -2.5249 	 1.4322 	 0.9913 
29.0000 	 1.5162 	 5.0414 	 0.6933 	 0.0327 	 6.6731 	 1006.4650 	 29.0000 	 2.1125 	 17.1704 	 -0.7398 	 4.6049 	 0.1804 	 0.9938 
17.0000 	 1.9579 	 9.2188 	 -2.1875 	 -0.3125 	 6.0938 	 1290.0776 	 17.0000 	 2.1924 	 15.2018 	 4.2847 	 4.1988 	 9.2269 	 0.9932 
10.0000 	 0.8982 	 5.7652 	 5.3226 	 -0.2754 	 3.5242 	 1019.7932 	 10.0000 	 1.1163 	 3.2468 	 -2.9319 	 2.6203 	 0.9164 	 0.9453 
31.0000 	 1.2878 	 30.5002 	 3.0182 	 -0.7001 	 13.2300 	 826.1742 	 31.0000 	 1.2651 	 19.9502 	 -2.4559 	 3.3348 	 9.8602 	 1.0105 
22.0000 	 0.3333 	 4.5996 	 3.5352 	 -10.2930 	 11.0449 	 1546.6111 	 22.0000 	 2.7335 	 12.4364 	 -3.3947 	 0.8128 	 2.6231 	 1.0106 
22.0000 	 0.8345 	 16.8713 	 11.7163 	 -2.4146 	 8.6890 	 1135.4183 	 22.0000 	 0.7613 	 17.8032 	 4.1033 	 -4.7534 	 9.9399 	 0.7769 
31.0000 	 1.7033 	 19.1016 	 5.1367 	 0.0391 	 2.5671 	 796.9538 	 31.0000 	 2.1541 	 17.8826 	 2.9898 	 2.9291 	 2.4726 	 0.9823 
27.0000 	 1.5204 	 8.7744 	 -0.1953 	 -1.3770 	 9.1992 	 1171.7279 	 27.0000 	 0.5118 	 16.2349 	 -4.0660 	 -2.7426 	 0.0064 	 0.8704 
31.0000 	 2.3838 	 20.1847 	 8.3035 	 -0.0040 	 6.9896 	 819.1059 	 31.0000 	 0.5959 	 15.2228 	 -3.6525 	 -4.8604 	 6.8738 	 0.9898 
21.0000 	 1.9713 	 6.6821 	 2.5684 	 0.0342 	 6.7200 	 1048.2816 	 21.0000 	 1.9465 	 5.0727 	 2.5058 	 0.2005 	 6.7091 	 0.9912 
26.0000 	 1.4120 	 14.1196 	 9.3470 	 0.1060 	 1.2617 	 784.6358 	 26.0000 	 2.2455 	 1.0223 	 -1.9453 	 2.7312 	 2.0083 	 0.5833 
26.0000 	 1.3582 	 10.9570 	 9.3164 	 1.2793 	 7.7881 	 1003.6613 	 26.0000 	 1.0071 	 10.6795 	 2.3356 	 -3.8237 	 6.6642 	 1.0186 
22.0000 	 1.3323 	 18.3235 	 8.4267 	 0.4189 	 3.9399 	 798.4022 	 22.0000 	 2.4334 	 11.5657 	 -3.4943 	 -0.5690 	 0.2347 	 0.9809 
26.0000 	 1.2310 	 13.1789 	 2.5001 	 0.0269 	 6.4491 	 757.6628 	 26.0000 	 0.2237 	 2.9797 	 -4.3049 	 0.2307 	 8.3051 	 0.9985 
21.0000 	 1.2240 	 19.9330 	 4.5486 	 0.0892 	 14.9065 	 786.7231 	 21.0000 	 1.0529 	 14.6257 	 -3.7372 	 -4.4628 	 4.3014 	 0.9935 
26.0000 	 1.5692 	 8.9187 	 10.3476 	 0.1671 	 3.7179 	 839.7758 	 26.0000 	 1.2160 	 0.9832 	 3.8866 	 2.4341 	 5.4295 	 0.9666 
19.0000 	 1.7732 	 11.2060 	 11.3282 	 0.0487 	 12.1581 	 839.0018 	 19.0000 	 1.7752 	 11.2085 	 1.3255 	 0.0526 	 7.1584 	 0.9996 
26.0000 	 1.0088 	 22.6025 	 9.5410 	 -1.9727 	 6.9775 	 994.4444 	 26.0000 	 2.0519 	 16.3150 	 0.7731 	 -2.1413 	 1.8615 	 0.9768 
28.0000 	 1.4800 	 25.3673 	 11.0948 	 -0.4968 	 1.9376 	 854.1500 	 28.0000 	 1.0260 	 19.5274 	 -1.4608 	 -0.8369 	 4.9775 	 0.4206 
21.0000 	 1.1142 	 11.2232 	 2.1093 	 -1.2890 	 7.2021 	 944.3043 	 21.0000 	 1.4569 	 17.2771 	 -1.6909 	 0.0945 	 6.6115 	 0.9964 
23.0000 	 1.4394 	 13.3447 	 9.5898 	 0.0879 	 1.6943 	 748.2221 	 23.0000 	 1.2817 	 8.1734 	 -4.1329 	 4.3570 	 3.3981 	 0.9834 
30.0000 	 1.1458 	 11.8395 	 1.9001 	 1.3576 	 12.8280 	 1015.5857 	 30.0000 	 1.1934 	 12.2311 	 -4.4838 	 -3.6560 	 7.0656 	 1.0405 
28.0000 	 1.0814 	 8.0895 	 5.2663 	 -1.3923 	 2.4489 	 1024.8162 	 28.0000 	 2.1138 	 9.0934 	 -1.6570 	 -2.0430 	 1.0578 	 0.9887 
28.0000 	 1.6335 	 10.1660 	 4.0039 	 -0.9375 	 7.9004 	 986.1878 	 28.0000 	 2.3081 	 3.1203 	 3.9063 	 -1.0823 	 7.6023 	 0.9698 
12.0000 	 0.6927 	 11.7969 	 7.0312 	 4.2188 	 5.5469 	 1533.4068 	 12.0000 	 2.4530 	 13.3647 	 -2.5888 	 4.8486 	 3.2479 	 0.6215 
16.0000 	 1.2454 	 14.4427 	 4.2435 	 0.0090 	 10.4160 	 774.1960 	 16.0000 	 1.4193 	 5.6966 	 0.1041 	 -2.3080 	 9.9216 	 0.9867 
11.0000 	 0.2227 	 4.2383 	 -0.2734 	 -8.1641 	 7.0508 	 1494.5154 	 11.0000 	 2.9801 	 9.7522 	 0.9479 	 0.5227 	 2.3701 	 1.0072 
6.0000 	 0.3883 	 5.5819 	 3.1131 	 -0.4509 	 9.6075 	 1007.8847 	 6.0000 	 1.3943 	 12.3038 	 1.8676 	 -0.7411 	 1.4310 	 0.9885 
12.0000 	 0.8113 	 7.0657 	 -5.4510 	 -0.4608 	 7.3251 	 1034.1820 	 12.0000 	 2.0785 	 2.8781 	 -2.2489 	 1.0048 	 7.4342 	 0.9569 
23.0000 	 1.1487 	 11.9238 	 -4.2676 	 1.5137 	 11.4795 	 1357.2406 	 23.0000 	 0.3377 	 8.1062 	 3.2611 	 -3.4281 	 1.3804 	 0.5578 
23.0000 	 1.4468 	 13.6877 	 8.9624 	 0.1416 	 3.7500 	 762.1473 	 23.0000 	 2.6833 	 1.9315 	 4.5417 	 -4.0487 	 5.8714 	 0.9819 
1.0000 	 0.0153 	 13.3252 	 7.8711 	 0.5273 	 1.1816 	 852.8098 	 1.0000 	 0.2162 	 2.1539 	 1.6911 	 -1.2819 	 8.6572 	 0.9744 
16.0000 	 1.2708 	 16.7419 	 6.3423 	 0.1783 	 3.1415 	 805.2521 	 16.0000 	 1.4212 	 8.6672 	 1.0589 	 2.3455 	 2.9581 	 0.9851 
20.0000 	 0.4476 	 9.3201 	 5.3101 	 -12.5830 	 6.3538 	 1354.8083 	 20.0000 	 1.1533 	 2.9223 	 -4.2742 	 4.8631 	 7.7739 	 0.9967 
20.0000 	 1.2684 	 3.9553 	 3.7728 	 0.1057 	 2.5348 	 1090.9658 	 20.0000 	 0.0490 	 3.3783 	 -2.1990 	 2.1154 	 7.4720 	 4.2625 
25.0000 	 2.1417 	 9.8193 	 3.9697 	 -0.7336 	 6.7200 	 1074.5303 	 25.0000 	 0.2755 	 9.1519 	 2.6188 	 4.6871 	 9.2394 	 1.0045 
19.0000 	 0.9551 	 5.2832 	 0.9180 	 2.3242 	 8.7598 	 1282.4746 	 19.0000 	 2.6004 	 19.5253 	 -1.4037 	 4.3170 	 4.5943 	 1.0003 
20.0000 	 1.1448 	 8.7012 	 13.2910 	 0.0977 	 7.2607 	 892.2531 	 20.0000 	 1.5972 	 4.7829 	 -0.3158 	 1.5997 	 6.9760 	 0.9356 
10.0000 	 0.3178 	 6.8555 	 -0.6641 	 -0.5859 	 7.7148 	 1633.4962 	 10.0000 	 2.4777 	 12.0144 	 1.2401 	 -3.8994 	 3.1505 	 0.5547 
11.0000 	 0.4809 	 16.3428 	 3.9331 	 -1.5649 	 3.2764 	 1017.7108 	 11.0000 	 0.9340 	 12.8135 	 3.6324 	 -3.0399 	 3.0361 	 0.9816 
30.0000 	 1.2253 	 14.6848 	 6.2067 	 -0.0311 	 4.7470 	 790.0382 	 30.0000 	 1.5465 	 12.4613 	 4.5123 	 4.7939 	 4.5822 	 0.9991 
15.0000 	 0.8252 	 15.2454 	 3.2613 	 -1.2993 	 2.9660 	 985.2787 	 15.0000 	 2.3182 	 15.3493 	 -2.8748 	 4.1765 	 6.8749 	 0.9596 
11.0000 	 0.8907 	 19.1785 	 9.8798 	 -0.5316 	 6.3315 	 851.7596 	 11.0000 	 2.8776 	 16.7566 	 -2.2574 	 -1.3188 	 2.0429 	 0.9786 
19.0000 	 0.6833 	 4.8242 	 9.6484 	 2.2266 	 6.3086 	 1396.0532 	 19.0000 	 0.6230 	 18.2571 	 3.0754 	 4.2367 	 1.8498 	 0.9599 
20.0000 	 0.5156 	 3.2501 	 4.1589 	 9.0982 	 4.0664 	 1646.7130 	 20.0000 	 0.7155 	 2.1144 	 -2.4129 	 -0.6341 	 9.9902 	 0.2546 
17.0000 	 0.7988 	 9.9857 	 3.6194 	 -3.8275 	 2.6990 	 1172.3739 	 17.0000 	 0.1512 	 19.5396 	 1.4288 	 1.2632 	 5.9235 	 0.8708 
22.0000 	 0.8792 	 3.7695 	 4.0283 	 -5.1074 	 3.4363 	 1388.0413 	 22.0000 	 2.9971 	 1.2261 	 4.9883 	 0.2664 	 3.7911 	 1.0148 
12.0000 	 0.2998 	 9.7754 	 9.5605 	 -10.7715 	 3.4375 	 1380.6491 	 12.0000 	 2.9452 	 6.2721 	 2.5808 	 2.2989 	 2.5037 	 0.9524 
29.0000 	 0.0065 	 3.9477 	 4.9338 	 -1.1240 	 3.2194 	 1752.0643 	 29.0000 	 0.6356 	 2.3666 	 -4.0028 	 1.5345 	 5.2854 	 0.9915 
20.0000 	 1.2114 	 8.0034 	 5.2132 	 -1.2590 	 4.0631 	 1009.7821 	 20.0000 	 0.3753 	 0.8967 	 0.8555 	 0.1839 	 3.2324 	 1.0028 
18.0000 	 1.1116 	 8.6783 	 1.4008 	 0.6976 	 5.6213 	 925.7924 	 18.0000 	 0.1821 	 12.3267 	 2.5389 	 1.2515 	 3.8963 	 0.9855 
6.0000 	 0.9026 	 11.2210 	 3.4094 	 0.7721 	 5.5765 	 1042.1245 	 6.0000 	 2.7820 	 15.6060 	 1.1097 	 -4.6243 	 0.0264 	 0.9897 
14.0000 	 1.0919 	 13.6487 	 5.6917 	 -0.4794 	 2.9890 	 836.2910 	 14.0000 	 2.1748 	 16.0815 	 -3.3068 	 -4.7588 	 2.5241 	 1.0013 
25.0000 	 0.8017 	 6.7619 	 -1.1439 	 0.2810 	 10.3909 	 1101.8849 	 25.0000 	 0.2707 	 0.5879 	 4.1205 	 -3.4280 	 6.0306 	 1.0053 
7.0000 	 0.4659 	 15.8957 	 7.2963 	 -0.4296 	 1.5888 	 787.0429 	 7.0000 	 2.1615 	 10.7723 	 2.7096 	 4.3867 	 2.3140 	 0.9449 
29.0000 	 1.6925 	 15.6488 	 6.0242 	 0.1257 	 4.2557 	 766.6184 	 29.0000 	 1.8508 	 4.0819 	 4.6689 	 -4.4615 	 7.9386 	 0.9844 
15.0000 	 0.5434 	 8.9648 	 11.8555 	 12.1582 	 12.2607 	 1549.0784 	 15.0000 	 0.8156 	 6.0750 	 -0.6448 	 1.5459 	 1.0360 	 0.9784 
15.0000 	 1.2554 	 9.5794 	 -5.8008 	 -0.6445 	 9.4626 	 983.4951 	 15.0000 	 1.9870 	 8.5607 	 -2.3225 	 -3.7095 	 1.0635 	 1.0044 
20.0000 	 0.9652 	 6.9736 	 3.4131 	 0.4779 	 9.1736 	 1107.6124 	 20.0000 	 1.8673 	 15.7488 	 -1.9785 	 -4.1155 	 2.8604 	 0.9928 
1.0000 	 0.0241 	 13.1204 	 6.9722 	 0.2064 	 8.5772 	 845.4084 	 1.0000 	 0.0514 	 13.7581 	 1.1648 	 1.6097 	 3.4223 	 0.9928 
17.0000 	 1.5204 	 12.5635 	 8.1641 	 -0.2148 	 4.5264 	 995.0349 	 17.0000 	 2.7628 	 2.0066 	 -3.7918 	 -2.6173 	 4.5192 	 0.5069 
9.0000 	 0.6295 	 15.2637 	 3.4180 	 -4.1895 	 5.1123 	 1211.5465 	 9.0000 	 1.2313 	 9.1969 	 -0.5323 	 -0.7654 	 1.9209 	 0.9843 
14.0000 	 1.3081 	 17.7002 	 6.2695 	 -2.2949 	 13.8623 	 1065.6168 	 14.0000 	 1.5520 	 14.6849 	 -2.8527 	 3.8394 	 3.6495 	 0.9918 
6.0000 	 0.1448 	 11.1035 	 1.9336 	 -2.9101 	 5.9863 	 1247.2861 	 6.0000 	 2.7423 	 0.6984 	 1.2299 	 1.8585 	 0.3362 	 1.0022 
10.0000 	 0.6188 	 7.8118 	 -0.1647 	 0.0096 	 9.1208 	 886.2512 	 10.0000 	 0.0553 	 13.9124 	 -4.6399 	 -2.7448 	 1.8131 	 0.9913 
19.0000 	 0.8564 	 15.1206 	 -12.8198 	 0.0488 	 10.3481 	 886.9504 	 19.0000 	 1.0239 	 13.7568 	 2.3018 	 -2.3600 	 3.0729 	 0.9848 
14.0000 	 1.6279 	 12.6025 	 1.2885 	 -0.8105 	 5.5762 	 1031.4927 	 14.0000 	 1.6291 	 7.6041 	 1.2861 	 -0.8138 	 4.3244 	 0.9951 
14.0000 	 0.6099 	 12.0837 	 3.7848 	 -3.0737 	 2.1802 	 1173.0831 	 14.0000 	 1.0502 	 8.3837 	 3.9343 	 -4.0582 	 6.1994 	 0.9738 
15.0000 	 1.0229 	 12.5736 	 7.2502 	 -0.5620 	 6.1263 	 884.8831 	 15.0000 	 0.9819 	 8.2579 	 0.6411 	 -0.2303 	 5.7072 	 0.9782 
22.0000 	 0.6252 	 6.3574 	 2.0508 	 8.0664 	 9.9902 	 1483.7917 	 22.0000 	 2.3610 	 16.1960 	 1.6116 	 -4.3778 	 4.8392 	 0.9834 
24.0000 	 0.8218 	 8.7549 	 -0.3516 	 0.3125 	 8.8232 	 1498.3868 	 24.0000 	 1.4310 	 10.8662 	 -3.9239 	 -4.7985 	 3.0175 	 0.2355 
8.0000 	 0.3848 	 4.6777 	 -2.7441 	 -0.3809 	 5.3369 	 1288.9033 	 8.0000 	 1.4045 	 5.1797 	 -2.6178 	 -3.6881 	 8.4740 	 0.9932 
9.0000 	 0.9985 	 15.2295 	 2.6953 	 -0.4590 	 9.3115 	 947.8540 	 9.0000 	 1.2281 	 5.2164 	 -4.9465 	 -0.3527 	 0.0628 	 0.9820 
17.0000 	 0.8717 	 8.6368 	 3.5393 	 0.4280 	 3.9697 	 930.4384 	 17.0000 	 1.5303 	 8.1643 	 2.1635 	 3.1516 	 3.0549 	 0.9663 
22.0000 	 1.3470 	 13.3826 	 9.6211 	 0.1411 	 1.8247 	 750.5783 	 22.0000 	 0.0917 	 7.7523 	 0.5460 	 0.0631 	 6.1684 	 0.9514 
14.0000 	 0.7701 	 2.4170 	 2.7930 	 2.9395 	 14.5166 	 1658.4301 	 14.0000 	 0.7695 	 2.4157 	 2.7936 	 2.9400 	 4.5183 	 0.6534 
15.0000 	 0.6221 	 9.9719 	 8.7262 	 -5.0720 	 4.7934 	 1231.3868 	 15.0000 	 2.2330 	 6.4734 	 -2.7544 	 3.0491 	 2.7910 	 0.9861 
9.0000 	 0.7969 	 14.0479 	 8.0859 	 0.1465 	 2.5684 	 773.0411 	 9.0000 	 1.0172 	 7.6100 	 -2.5477 	 -3.9303 	 3.7569 	 0.9926 
9.0000 	 0.4094 	 4.0407 	 5.3261 	 -0.8806 	 4.8160 	 1182.5550 	 9.0000 	 0.6195 	 6.4408 	 -3.3028 	 0.2426 	 7.4685 	 1.0199 
13.0000 	 0.7706 	 8.1488 	 7.1924 	 -0.6482 	 6.5958 	 942.2452 	 13.0000 	 1.5543 	 4.0393 	 -4.0535 	 -3.7967 	 6.2236 	 0.9776 
1.0000 	 0.0035 	 10.0095 	 5.1923 	 -0.1392 	 2.3129 	 917.1143 	 1.0000 	 2.7211 	 14.7073 	 3.2501 	 4.2625 	 3.2735 	 0.9724 
9.0000 	 0.6496 	 15.8514 	 10.3319 	 -0.0159 	 2.1777 	 772.1131 	 9.0000 	 0.6408 	 17.1109 	 -1.0106 	 -0.1309 	 5.1908 	 0.9882 
2.0000 	 0.0776 	 9.0802 	 7.1755 	 -0.0143 	 1.3828 	 840.7495 	 2.0000 	 2.3451 	 8.4025 	 -3.1719 	 2.9697 	 4.2147 	 0.9791 
11.0000 	 0.4148 	 8.0371 	 5.4102 	 -9.6680 	 11.3574 	 1402.6560 	 11.0000 	 1.8575 	 4.8938 	 0.3286 	 -2.6845 	 9.6782 	 1.0137 
3.0000 	 0.0180 	 7.8320 	 5.0391 	 -6.6016 	 3.7695 	 1338.9203 	 3.0000 	 0.1741 	 11.5052 	 -2.5376 	 -3.0278 	 7.9897 	 0.9515 
8.0000 	 0.4617 	 7.7679 	 6.2249 	 -0.6702 	 5.2444 	 947.9377 	 8.0000 	 1.8046 	 16.6804 	 -3.5768 	 -4.0301 	 7.5959 	 0.9913 
2.0000 	 0.1404 	 7.3233 	 5.5931 	 -0.3136 	 9.3373 	 987.0866 	 2.0000 	 2.8098 	 14.4782 	 1.3601 	 1.4688 	 4.3965 	 0.9928 
8.0000 	 0.5960 	 7.2266 	 2.3438 	 -0.5469 	 10.0146 	 937.1065 	 8.0000 	 1.8508 	 5.3784 	 3.8497 	 -4.1011 	 2.0301 	 0.9860 
3.0000 	 0.1446 	 12.1704 	 8.5474 	 0.0732 	 1.9690 	 781.4704 	 3.0000 	 0.7149 	 2.2260 	 -4.4447 	 -1.9526 	 8.5970 	 0.9924 
29.0000 	 1.5840 	 13.5303 	 9.4824 	 -0.0195 	 3.3594 	 742.9933 	 29.0000 	 2.9501 	 13.9342 	 -3.3819 	 0.5483 	 4.3926 	 0.9960 
2.0000 	 0.0323 	 3.3203 	 -0.0732 	 -2.0239 	 10.0378 	 1410.2390 	 2.0000 	 2.1153 	 9.6721 	 -3.9234 	 -1.1203 	 4.0385 	 0.9914 
10.0000 	 0.6903 	 9.4238 	 16.2207 	 -0.0488 	 9.8779 	 886.8654 	 10.0000 	 1.3237 	 19.9465 	 3.7893 	 -1.0791 	 8.3025 	 0.9868 
24.0000 	 1.1646 	 1.2109 	 -1.3281 	 -6.0156 	 9.2578 	 1876.8596 	 24.0000 	 2.5472 	 13.4684 	 -0.1278 	 0.4029 	 1.4539 	 0.1044 
12.0000 	 0.8644 	 13.5749 	 7.5895 	 -0.0127 	 4.1954 	 748.4975 	 12.0000 	 2.9828 	 9.6374 	 -4.1739 	 3.3028 	 5.9546 	 0.9928 
3.0000 	 0.1157 	 18.9183 	 7.1582 	 -0.2730 	 8.5783 	 838.2610 	 3.0000 	 1.8640 	 3.5072 	 1.9853 	 -4.3106 	 2.3827 	 0.9980 
3.0000 	 0.2359 	 17.3652 	 3.9648 	 -0.0922 	 7.9169 	 819.2413 	 3.0000 	 2.8312 	 19.6916 	 -1.9953 	 -2.7185 	 8.4210 	 0.9939 
14.0000 	 0.8792 	 15.4785 	 0.2197 	 -0.5811 	 5.6409 	 827.6040 	 14.0000 	 2.9058 	 16.2078 	 -0.4855 	 3.6411 	 8.7237 	 0.9909 
10.0000 	 0.7026 	 13.3934 	 6.4452 	 -0.0513 	 3.3320 	 744.3030 	 10.0000 	 0.6742 	 9.0757 	 0.1731 	 4.2030 	 0.9222 	 0.9963 
3.0000 	 0.2916 	 16.5942 	 11.9623 	 0.0450 	 1.4481 	 846.0240 	 3.0000 	 1.8707 	 14.5209 	 -0.6026 	 -3.5476 	 5.4556 	 0.1388 
5.0000 	 0.4027 	 13.1709 	 9.3285 	 -0.0639 	 6.5222 	 771.8863 	 5.0000 	 1.4890 	 15.0990 	 -0.8602 	 -2.5748 	 4.1102 	 0.9924 
2.0000 	 0.0336 	 10.0995 	 6.5189 	 -0.1036 	 4.4934 	 940.7519 	 2.0000 	 1.8748 	 11.8252 	 -3.0117 	 -0.6876 	 5.3000 	 0.9550 
2.0000 	 0.0323 	 4.4031 	 7.6123 	 8.3911 	 2.9285 	 1514.6754 	 2.0000 	 0.8246 	 16.1448 	 -4.9985 	 3.4646 	 3.1530 	 0.9849 
19.0000 	 1.2953 	 16.4844 	 11.4612 	 0.1727 	 6.8411 	 782.2753 	 19.0000 	 1.9596 	 17.6414 	 1.5008 	 0.1684 	 4.3152 	 0.9928 
8.0000 	 0.3597 	 7.2498 	 12.8369 	 -0.1562 	 6.9983 	 1085.1456 	 8.0000 	 2.5573 	 5.5764 	 -0.4777 	 -4.2329 	 3.0769 	 0.9930 
12.0000 	 1.4007 	 8.1529 	 1.8046 	 0.3707 	 6.7688 	 1106.7640 	 12.0000 	 1.4004 	 8.1493 	 1.7926 	 0.3711 	 6.7843 	 0.9921 
19.0000 	 0.9551 	 22.7859 	 2.9218 	 0.6189 	 8.1561 	 805.2077 	 19.0000 	 2.5852 	 11.1505 	 2.0466 	 3.3424 	 0.9779 	 0.9868 
11.0000 	 0.5200 	 10.7357 	 4.8254 	 -0.0092 	 6.5276 	 930.6111 	 11.0000 	 0.0901 	 8.2800 	 0.8747 	 -4.7446 	 9.2121 	 0.9911 
1.0000 	 0.0208 	 4.5408 	 5.1861 	 -0.0982 	 5.0624 	 1160.6605 	 1.0000 	 1.7683 	 17.9427 	 -2.1871 	 2.8135 	 8.1803 	 1.0687 
4.0000 	 0.5879 	 7.8125 	 3.1250 	 -0.6250 	 5.9375 	 1116.7127 	 4.0000 	 1.5729 	 15.5062 	 3.3887 	 -4.1721 	 8.8258 	 0.9924 
12.0000 	 1.0619 	 6.6553 	 -2.4512 	 -1.5430 	 8.9014 	 1157.7069 	 12.0000 	 2.0341 	 10.2184 	 0.4098 	 3.7789 	 8.7756 	 1.0107 
16.0000 	 1.1380 	 6.5918 	 -9.7925 	 1.3818 	 9.7388 	 1573.5208 	 16.0000 	 2.4224 	 15.1509 	 -0.9994 	 -2.8478 	 2.9713 	 0.2926 
1.0000 	 0.0028 	 11.4102 	 8.7224 	 0.1308 	 3.9697 	 912.3172 	 1.0000 	 1.7566 	 0.2365 	 -4.5439 	 0.4207 	 6.8556 	 0.9527 
23.0000 	 1.1725 	 11.8726 	 7.0605 	 0.0366 	 3.8666 	 752.3676 	 23.0000 	 2.1593 	 5.9552 	 1.3062 	 3.7238 	 9.6799 	 0.9786 
11.0000 	 0.6700 	 9.7952 	 8.4753 	 -0.2142 	 3.5040 	 864.5767 	 11.0000 	 1.4733 	 5.6267 	 -1.6849 	 -4.0269 	 5.8484 	 0.9927 
8.0000 	 0.7474 	 14.4046 	 8.1811 	 -0.0683 	 1.7200 	 781.6655 	 8.0000 	 0.0364 	 0.1252 	 -3.7773 	 -3.6456 	 8.1381 	 0.9948 
6.0000 	 0.4430 	 12.5401 	 2.6616 	 -0.5221 	 6.8314 	 862.0946 	 6.0000 	 0.3853 	 13.3669 	 0.9595 	 -0.1367 	 2.5822 	 0.9904 
3.0000 	 0.0356 	 9.6060 	 7.1744 	 -6.1910 	 1.6861 	 1297.3433 	 3.0000 	 1.5199 	 3.3061 	 0.4546 	 0.4938 	 3.9081 	 0.9887 
11.0000 	 0.8547 	 1.9196 	 1.9922 	 0.0720 	 5.8688 	 1331.1236 	 11.0000 	 2.1122 	 19.5048 	 3.7924 	 2.7004 	 7.5515 	 0.8175 
16.0000 	 0.6001 	 5.3223 	 9.1211 	 -2.5977 	 6.1426 	 1215.3776 	 16.0000 	 1.0017 	 11.8419 	 -4.1991 	 -3.1708 	 2.7203 	 0.9983 
23.0000 	 1.0710 	 19.9011 	 11.5430 	 0.1685 	 2.7197 	 808.3664 	 23.0000 	 1.5196 	 15.3704 	 2.3052 	 1.3291 	 3.2107 	 0.9408 
2.0000 	 0.0598 	 7.2070 	 0.5347 	 -3.2007 	 5.3857 	 1195.4170 	 2.0000 	 1.0051 	 15.2036 	 3.8328 	 -0.8003 	 0.5273 	 1.0011 
12.0000 	 0.7830 	 20.4779 	 5.8656 	 1.3918 	 0.8924 	 920.5191 	 12.0000 	 0.5269 	 12.7567 	 3.9702 	 3.0243 	 0.9255 	 0.9603 
6.0000 	 0.4078 	 15.5066 	 7.5806 	 -0.1367 	 1.9336 	 772.8469 	 6.0000 	 1.6503 	 15.4856 	 -3.3113 	 -0.5371 	 9.3348 	 0.9930 
6.0000 	 0.2888 	 18.6719 	 -0.4688 	 1.0938 	 4.2969 	 995.6290 	 6.0000 	 2.1994 	 19.0706 	 -2.1553 	 -0.6269 	 8.2198 	 0.9905 
5.0000 	 0.3655 	 14.4240 	 3.8992 	 0.3935 	 8.0267 	 775.4485 	 5.0000 	 0.2652 	 6.6325 	 0.1121 	 -0.9302 	 7.2367 	 0.9916 
23.0000 	 1.0655 	 5.1523 	 0.2594 	 -0.6311 	 7.5665 	 1056.3752 	 23.0000 	 0.6074 	 6.8422 	 3.2262 	 0.8014 	 0.0545 	 0.9913 
5.0000 	 0.3731 	 13.8525 	 8.3203 	 0.5078 	 1.2402 	 831.0804 	 5.0000 	 1.4397 	 0.7122 	 2.0830 	 0.4941 	 3.0093 	 0.6990 
11.0000 	 0.3199 	 4.3340 	 5.2947 	 0.4173 	 4.7633 	 1534.1796 	 11.0000 	 1.4473 	 6.4342 	 3.9825 	 2.2194 	 1.5730 	 0.4831 
5.0000 	 0.1976 	 10.9375 	 3.2422 	 0.3809 	 7.4170 	 1413.4945 	 5.0000 	 0.3936 	 2.2415 	 0.7679 	 4.4338 	 4.1526 	 0.2239 
12.0000 	 0.7771 	 5.8238 	 7.8586 	 0.2524 	 7.3788 	 1017.6616 	 12.0000 	 2.5100 	 7.2277 	 0.2509 	 4.3892 	 6.0032 	 1.1403 
18.0000 	 1.6199 	 14.0711 	 -2.0385 	 -2.5531 	 6.4149 	 1206.1303 	 18.0000 	 2.6687 	 12.3002 	 -4.9302 	 -2.3252 	 6.5254 	 1.0353 
18.0000 	 1.2385 	 12.0361 	 1.6211 	 -2.3633 	 4.1846 	 1118.7079 	 18.0000 	 2.9721 	 14.5379 	 1.6215 	 -2.3604 	 4.1853 	 0.9908 
18.0000 	 0.5453 	 7.0215 	 6.1914 	 10.1758 	 1.2793 	 1438.1881 	 18.0000 	 1.5465 	 4.8478 	 2.8705 	 -4.5584 	 2.9355 	 0.9592 
17.0000 	 0.9132 	 14.9085 	 5.9052 	 -0.2521 	 2.4881 	 789.1759 	 17.0000 	 2.0020 	 13.2219 	 -1.2426 	 -0.4685 	 1.8060 	 0.9755 
17.0000 	 0.8263 	 9.3849 	 5.1337 	 -0.0316 	 1.5939 	 879.2856 	 17.0000 	 1.7161 	 11.5874 	 0.1920 	 4.1492 	 1.1183 	 0.9685 
17.0000 	 0.9650 	 16.0217 	 9.7485 	 -0.7373 	 4.1479 	 866.9964 	 17.0000 	 0.1429 	 0.1826 	 4.2233 	 3.5993 	 2.9284 	 0.9068 
13.0000 	 0.5379 	 12.9785 	 8.1836 	 5.8398 	 7.8613 	 1468.5465 	 13.0000 	 2.0991 	 19.2537 	 -4.0473 	 -3.8161 	 6.8926 	 0.8465 
13.0000 	 2.6003 	 9.9887 	 1.5678 	 -0.3912 	 8.5038 	 1409.4839 	 13.0000 	 2.6011 	 9.9907 	 1.5580 	 -0.3941 	 3.4919 	 0.8689 
23.0000 	 1.4647 	 10.8487 	 16.8467 	 -0.1592 	 9.8239 	 785.6079 	 23.0000 	 1.4955 	 10.7620 	 3.2336 	 -0.0510 	 9.3248 	 0.9802 
13.0000 	 0.8905 	 12.2375 	 7.2241 	 -0.0073 	 1.4868 	 739.6422 	 13.0000 	 2.7816 	 4.9190 	 -1.7972 	 -4.1311 	 4.5606 	 0.9929 
10.0000 	 0.7417 	 10.8936 	 11.1328 	 0.1465 	 8.1543 	 805.4692 	 10.0000 	 1.4226 	 3.4268 	 0.8605 	 -4.7067 	 3.5627 	 0.9928 
10.0000 	 0.7208 	 13.8045 	 7.9120 	 0.1934 	 2.1049 	 757.0593 	 10.0000 	 0.8830 	 15.5447 	 -3.1582 	 -1.2203 	 1.7817 	 0.9167 
10.0000 	 0.5662 	 13.0469 	 7.5806 	 -0.0684 	 4.9414 	 789.3341 	 10.0000 	 0.1212 	 18.5244 	 -0.4302 	 -2.8661 	 5.1431 	 1.0016 
7.0000 	 0.3779 	 7.5513 	 1.7432 	 1.3647 	 3.3691 	 1188.8959 	 7.0000 	 0.6660 	 2.3304 	 -0.3485 	 -2.0168 	 2.6876 	 0.9873 
7.0000 	 0.2024 	 8.7109 	 -6.3281 	 8.9844 	 6.7578 	 1704.0007 	 7.0000 	 0.5285 	 6.8079 	 -2.5908 	 -1.7088 	 7.3164 	 0.1975 
7.0000 	 0.5836 	 13.2962 	 7.1241 	 0.1074 	 1.2134 	 773.1138 	 7.0000 	 0.2706 	 17.6016 	 1.2534 	 -2.2090 	 0.2000 	 0.8701 
4.0000 	 0.2915 	 9.4528 	 10.5420 	 -1.1096 	 5.7132 	 1046.2865 	 4.0000 	 1.8924 	 15.0500 	 -2.9575 	 -1.1983 	 9.8627 	 0.9223 
4.0000 	 0.5459 	 14.3803 	 9.6530 	 -0.0737 	 4.6688 	 868.3335 	 4.0000 	 0.9576 	 15.3697 	 -1.4827 	 -1.6727 	 6.1533 	 0.9930 
1.0000 	 0.0172 	 15.7861 	 4.0820 	 0.1758 	 8.2471 	 831.7554 	 1.0000 	 2.2081 	 1.3667 	 4.7672 	 4.8738 	 6.5884 	 0.9955 
18.0000 	 1.2503 	 12.9734 	 2.6051 	 0.6752 	 8.4417 	 820.7548 	 18.0000 	 1.5035 	 7.6248 	 4.9506 	 -2.2362 	 5.6171 	 0.9937 
1.0000 	 0.0052 	 8.4766 	 6.9434 	 -0.4004 	 3.8086 	 985.6454 	 1.0000 	 1.0638 	 10.1034 	 -2.4718 	 -0.8263 	 3.6378 	 0.9487 
4.0000 	 0.3567 	 13.7659 	 8.9714 	 0.0338 	 0.8754 	 792.2648 	 4.0000 	 2.3175 	 7.5747 	 -0.8666 	 -3.1568 	 7.7593 	 0.7073 
1.0000 	 0.0099 	 8.3936 	 15.4004 	 -0.0293 	 7.2559 	 885.6952 	 1.0000 	 1.6660 	 19.1802 	 3.7336 	 3.9400 	 9.4682 	 0.9781 
17.0000 	 1.0124 	 17.8667 	 2.7162 	 0.1367 	 8.4446 	 764.9484 	 17.0000 	 1.0171 	 17.9246 	 3.5090 	 4.9656 	 2.2483 	 0.9962 
13.0000 	 0.7675 	 12.6868 	 5.3589 	 0.2124 	 2.5024 	 762.7518 	 13.0000 	 1.4698 	 5.0258 	 -3.6283 	 0.5151 	 4.0317 	 0.9906 
10.0000 	 1.5126 	 14.1309 	 7.8271 	 0.0586 	 8.5242 	 910.2793 	 10.0000 	 2.7511 	 5.9532 	 -1.4265 	 -1.1494 	 7.8875 	 0.9866 
7.0000 	 0.4967 	 12.2846 	 8.2634 	 0.5880 	 6.4974 	 774.6882 	 7.0000 	 1.5627 	 19.8944 	 -0.9381 	 -2.6126 	 6.3338 	 0.9865 
4.0000 	 0.0967 	 18.9843 	 8.9062 	 -3.9077 	 7.1098 	 1190.8825 	 4.0000 	 1.3937 	 11.2305 	 -3.4927 	 4.2883 	 1.0370 	 0.9869 
1.0000 	 0.0098 	 12.2523 	 7.5099 	 0.1073 	 2.7042 	 833.3129 	 1.0000 	 0.8065 	 4.4985 	 -2.4743 	 -1.1389 	 9.3510 	 0.9968 
