48.0000 	 1.8664 	 9.7949 	 2.6758 	 -1.3086 	 0.9277 	 795.0116 	 48.0000 	 0.2839 	 8.7990 	 -1.9243 	 1.8980 	 3.8581 	 0.7410 
48.0000 	 1.2815 	 3.7012 	 -4.5898 	 0.9082 	 7.4658 	 1454.8814 	 48.0000 	 1.2817 	 8.7005 	 -4.5944 	 0.9115 	 7.4666 	 0.3707 
48.0000 	 1.2142 	 7.9102 	 6.1304 	 -8.0027 	 7.5977 	 1321.8717 	 48.0000 	 0.6100 	 2.2229 	 3.3513 	 3.3056 	 0.9779 	 0.9926 
48.0000 	 1.2815 	 13.7012 	 0.4102 	 0.9082 	 7.4658 	 1279.4557 	 48.0000 	 1.2817 	 8.7005 	 -4.5944 	 0.9115 	 7.4666 	 0.5186 
48.0000 	 2.4576 	 19.7168 	 5.9155 	 0.1489 	 8.4998 	 868.6998 	 48.0000 	 2.9697 	 15.4080 	 0.0727 	 0.1242 	 6.7948 	 0.8538 
48.0000 	 2.0002 	 7.4561 	 6.2915 	 -5.0513 	 6.3452 	 1195.3117 	 48.0000 	 0.6100 	 2.2229 	 3.3513 	 3.3056 	 0.9779 	 0.9278 
49.0000 	 2.0087 	 17.3108 	 -8.4985 	 -0.1196 	 7.5269 	 900.8720 	 49.0000 	 1.2817 	 8.7005 	 -4.5944 	 0.9115 	 7.4666 	 0.9914 
49.0000 	 2.8128 	 10.6934 	 9.9316 	 -0.1855 	 6.5527 	 683.8584 	 49.0000 	 2.9697 	 15.4080 	 0.0727 	 0.1242 	 6.7948 	 0.9920 
47.0000 	 1.6617 	 17.7087 	 -2.9248 	 -0.7153 	 6.9458 	 864.3910 	 47.0000 	 1.9977 	 5.5203 	 1.0980 	 -0.1234 	 0.5845 	 0.9999 
46.0000 	 1.1102 	 3.8184 	 1.3476 	 -9.3555 	 5.5762 	 1370.3446 	 46.0000 	 2.2920 	 1.4357 	 3.0026 	 1.3891 	 1.4616 	 0.6873 
47.0000 	 1.7253 	 18.7939 	 7.4707 	 -2.2461 	 12.0068 	 872.8482 	 47.0000 	 0.4508 	 15.0856 	 4.4980 	 2.2025 	 9.6394 	 0.9970 
47.0000 	 1.6617 	 3.9941 	 3.2910 	 -0.1172 	 1.5771 	 817.9238 	 47.0000 	 0.2198 	 0.1959 	 -0.8959 	 -1.6836 	 4.1805 	 0.7436 
49.0000 	 1.8456 	 7.3888 	 1.4471 	 -0.4399 	 1.9414 	 778.9071 	 49.0000 	 1.3280 	 6.6585 	 0.6819 	 4.5605 	 2.7828 	 0.9957 
45.0000 	 2.9106 	 4.0088 	 -1.3965 	 4.0039 	 2.7441 	 1567.5951 	 45.0000 	 2.9133 	 4.0089 	 -1.3976 	 4.0011 	 2.7461 	 0.5702 
46.0000 	 1.4438 	 16.1224 	 3.5333 	 -1.2213 	 5.3326 	 896.6787 	 46.0000 	 1.8196 	 18.3852 	 2.8258 	 2.4001 	 4.2941 	 0.9871 
46.0000 	 1.9985 	 6.1426 	 4.4336 	 -0.4102 	 2.2363 	 726.0348 	 46.0000 	 2.1018 	 11.7791 	 -4.6175 	 -4.8118 	 6.6188 	 0.9932 
46.0000 	 2.0151 	 5.3161 	 2.7915 	 -0.1649 	 0.8761 	 770.0507 	 46.0000 	 1.2934 	 2.7241 	 1.1627 	 -0.6720 	 9.8822 	 9.5710 
47.0000 	 2.6988 	 7.7367 	 -0.3642 	 -1.8335 	 3.9689 	 962.1719 	 47.0000 	 2.0280 	 2.0509 	 -0.2678 	 0.5495 	 2.2261 	 0.9997 
46.0000 	 1.7431 	 21.6650 	 3.0957 	 -3.3301 	 4.4287 	 1085.2283 	 46.0000 	 1.2162 	 15.6783 	 -2.6664 	 2.1074 	 4.1943 	 0.6899 
45.0000 	 2.0609 	 7.4316 	 6.5771 	 -0.4956 	 5.0647 	 749.2921 	 45.0000 	 0.5691 	 19.3177 	 2.3085 	 -0.7157 	 3.9962 	 0.9928 
45.0000 	 1.6659 	 10.8728 	 2.1826 	 -0.2905 	 2.3499 	 828.3342 	 45.0000 	 2.2142 	 13.1399 	 2.0464 	 3.0699 	 6.1639 	 0.9932 
45.0000 	 3.2359 	 2.9199 	 -0.1367 	 17.8223 	 3.7500 	 1483.2729 	 45.0000 	 1.1863 	 7.3294 	 0.9147 	 4.7916 	 0.7693 	 0.9808 
46.0000 	 1.2915 	 15.7434 	 7.1020 	 -1.4964 	 8.9244 	 1054.4773 	 46.0000 	 2.4855 	 13.2562 	 0.8914 	 4.1819 	 8.5177 	 0.9718 
47.0000 	 1.7325 	 3.5177 	 2.6147 	 -1.5903 	 0.0272 	 917.9727 	 47.0000 	 1.0139 	 6.8489 	 -3.8255 	 -4.6370 	 5.8332 	 0.3174 
50.0000 	 2.1472 	 13.5205 	 -0.6934 	 -0.0098 	 18.6670 	 828.0509 	 50.0000 	 0.2510 	 1.0796 	 1.7924 	 3.3996 	 5.9982 	 0.9776 
50.0000 	 1.2815 	 1.7385 	 -5.2735 	 -3.1640 	 9.5508 	 1353.7509 	 50.0000 	 0.2464 	 13.5133 	 1.2591 	 -1.4170 	 5.6667 	 0.9652 
47.0000 	 2.6646 	 5.8397 	 5.1246 	 -0.0942 	 0.0832 	 672.0262 	 47.0000 	 2.4555 	 6.8517 	 3.9612 	 2.0257 	 0.6076 	 0.2404 
50.0000 	 1.3443 	 12.7637 	 7.9883 	 1.5039 	 19.2090 	 1358.4395 	 50.0000 	 0.2510 	 1.0796 	 1.7924 	 3.3996 	 5.9982 	 0.9916 
50.0000 	 5.9868 	 13.4666 	 5.3906 	 -0.0293 	 7.8515 	 767.6394 	 50.0000 	 0.2510 	 1.0796 	 1.7924 	 3.3996 	 5.9982 	 0.9847 
47.0000 	 1.0870 	 3.1661 	 2.6746 	 5.0092 	 8.5576 	 1467.9648 	 47.0000 	 1.6662 	 18.8337 	 0.3813 	 4.4134 	 8.8988 	 1.0013 
49.0000 	 2.1114 	 5.5828 	 2.9133 	 -0.0943 	 4.4767 	 728.0346 	 49.0000 	 1.5898 	 4.3165 	 -1.9730 	 -4.3094 	 7.4417 	 0.9926 
41.0000 	 2.6726 	 12.6180 	 4.9120 	 0.0502 	 5.7014 	 719.3230 	 41.0000 	 2.6318 	 7.6318 	 4.9162 	 0.0471 	 5.6975 	 0.9933 
50.0000 	 3.4976 	 4.7632 	 3.0908 	 0.0439 	 2.3376 	 895.3927 	 50.0000 	 0.5918 	 11.1302 	 -2.9576 	 -0.0458 	 3.3472 	 0.9879 
46.0000 	 5.9868 	 7.7930 	 0.3516 	 2.1094 	 3.6328 	 1289.1983 	 46.0000 	 2.9770 	 2.1310 	 0.7772 	 -0.9172 	 8.2049 	 1.0137 
42.0000 	 2.6124 	 10.1483 	 3.1946 	 -1.2067 	 2.3959 	 873.6538 	 42.0000 	 1.5684 	 13.4001 	 3.0017 	 1.6853 	 5.2058 	 0.4938 
46.0000 	 1.6003 	 9.1602 	 3.6621 	 -0.3809 	 2.2803 	 830.9147 	 46.0000 	 1.9338 	 1.4272 	 3.9190 	 -3.5478 	 2.4745 	 0.7296 
44.0000 	 2.4534 	 19.5459 	 -3.9355 	 -3.9844 	 11.9922 	 1404.3006 	 44.0000 	 2.4555 	 14.5457 	 -3.9324 	 -3.9818 	 6.9913 	 0.9279 
44.0000 	 1.1141 	 8.6337 	 3.5978 	 -4.8131 	 9.3060 	 1272.5368 	 44.0000 	 0.7896 	 5.1610 	 3.8713 	 -1.3268 	 3.7090 	 0.9239 
47.0000 	 2.4463 	 6.1830 	 6.5908 	 0.0773 	 0.8511 	 725.5821 	 47.0000 	 0.4279 	 4.5392 	 -3.2228 	 2.1170 	 5.5031 	 0.9928 
47.0000 	 2.5231 	 8.0336 	 0.3546 	 -0.0723 	 3.7289 	 685.9162 	 47.0000 	 1.2642 	 14.3824 	 -3.1425 	 4.6625 	 6.0689 	 1.7741 
43.0000 	 2.9811 	 14.8328 	 -0.2255 	 -0.6909 	 9.6631 	 891.9804 	 43.0000 	 2.7999 	 5.2363 	 1.3243 	 2.0868 	 9.8470 	 0.9445 
46.0000 	 2.7817 	 8.5940 	 1.1120 	 -0.2807 	 7.6536 	 682.2292 	 46.0000 	 1.9334 	 7.7384 	 1.0592 	 0.9186 	 5.5234 	 0.9949 
45.0000 	 1.2641 	 1.7188 	 6.5625 	 -9.0625 	 6.7188 	 1796.9798 	 45.0000 	 1.4374 	 5.6572 	 0.9342 	 -0.1051 	 9.0385 	 0.1335 
42.0000 	 2.1235 	 20.7031 	 4.9683 	 -0.4175 	 3.6255 	 861.5918 	 42.0000 	 1.9828 	 18.2942 	 1.6207 	 -0.9583 	 2.7413 	 0.9927 
45.0000 	 0.8417 	 2.3584 	 -1.3477 	 13.5645 	 3.8965 	 1579.0604 	 45.0000 	 0.8417 	 2.3571 	 -1.3455 	 3.5612 	 3.8975 	 0.6204 
43.0000 	 1.4148 	 7.6654 	 -0.7861 	 -0.8929 	 5.0760 	 908.8616 	 43.0000 	 1.4171 	 7.2399 	 -0.7505 	 0.6771 	 5.0457 	 0.9734 
43.0000 	 1.8664 	 10.6689 	 -0.4785 	 -2.7441 	 5.3662 	 972.7507 	 43.0000 	 1.1304 	 1.4850 	 -2.5754 	 3.5033 	 4.6606 	 0.9927 
43.0000 	 2.1842 	 5.8301 	 5.2539 	 -0.0488 	 3.5156 	 698.3996 	 43.0000 	 1.6408 	 3.6848 	 3.3521 	 -0.6617 	 5.0535 	 0.9944 
44.0000 	 1.8760 	 11.6956 	 1.5625 	 -1.7358 	 3.4399 	 829.4081 	 44.0000 	 2.2779 	 7.1981 	 1.8397 	 3.6560 	 2.8367 	 0.9928 
37.0000 	 1.7740 	 15.8960 	 6.9381 	 -0.3560 	 6.8007 	 832.7989 	 37.0000 	 1.8797 	 13.5554 	 -1.3174 	 1.7922 	 5.8948 	 0.9918 
42.0000 	 1.0951 	 13.5864 	 10.2148 	 -5.1709 	 9.0515 	 1281.4390 	 42.0000 	 0.2289 	 7.7847 	 2.6079 	 3.0268 	 6.6434 	 0.9021 
44.0000 	 1.4892 	 16.4578 	 1.2439 	 -1.8674 	 2.8424 	 895.7473 	 44.0000 	 1.4599 	 9.9894 	 0.9377 	 1.1996 	 3.6612 	 0.9694 
43.0000 	 1.8970 	 20.3491 	 6.5039 	 -1.8969 	 6.8604 	 849.3231 	 43.0000 	 1.8666 	 19.9946 	 1.6372 	 -2.4424 	 7.3083 	 0.9851 
42.0000 	 1.7578 	 3.7375 	 2.6814 	 -0.1650 	 2.1652 	 760.4223 	 42.0000 	 0.9122 	 7.3866 	 0.1131 	 3.9113 	 2.8966 	 0.9906 
45.0000 	 3.5344 	 9.6254 	 14.4232 	 -0.3204 	 9.2463 	 728.1297 	 45.0000 	 2.2022 	 2.5607 	 -3.2861 	 -2.0914 	 5.9005 	 0.9891 
42.0000 	 2.0576 	 6.8752 	 3.0469 	 -0.8249 	 1.9250 	 749.6664 	 42.0000 	 2.1846 	 4.3758 	 -4.3582 	 0.6761 	 9.0820 	 0.9656 
43.0000 	 1.3925 	 10.8020 	 4.2256 	 -0.3195 	 9.8334 	 903.2117 	 43.0000 	 2.0124 	 13.7809 	 4.5992 	 -4.8015 	 5.6296 	 0.9950 
50.0000 	 2.3550 	 4.7409 	 2.5901 	 -0.5918 	 1.6676 	 734.2368 	 50.0000 	 0.0614 	 1.3929 	 -4.0531 	 2.9845 	 9.2749 	 0.9594 
42.0000 	 2.4367 	 3.2812 	 -9.0625 	 -2.1875 	 8.9062 	 1584.8548 	 42.0000 	 1.6540 	 1.0127 	 3.1513 	 -0.4894 	 1.4133 	 0.1131 
43.0000 	 1.6788 	 8.2605 	 0.7666 	 -0.9351 	 2.3047 	 799.5295 	 43.0000 	 0.6453 	 19.6863 	 4.6042 	 -4.8942 	 9.3800 	 0.9924 
41.0000 	 1.4995 	 9.6903 	 0.6945 	 -0.0725 	 2.6403 	 843.3261 	 41.0000 	 2.6845 	 15.8430 	 -1.1596 	 2.5808 	 9.6443 	 0.9973 
39.0000 	 1.7490 	 12.7892 	 1.0523 	 0.2113 	 4.3265 	 838.3253 	 39.0000 	 1.8288 	 10.6261 	 0.8724 	 0.4892 	 1.2888 	 0.8887 
45.0000 	 2.3707 	 13.1575 	 -2.0908 	 -0.1862 	 5.4300 	 763.8350 	 45.0000 	 1.4787 	 10.8519 	 -0.7357 	 -1.0219 	 8.6498 	 1.0005 
43.0000 	 1.9002 	 9.6973 	 3.1714 	 -1.2573 	 0.5713 	 831.3555 	 43.0000 	 0.1790 	 17.4865 	 -3.2813 	 -3.8638 	 1.7673 	 0.5771 
42.0000 	 1.3397 	 4.9390 	 -3.3057 	 0.1538 	 7.3206 	 1028.3631 	 42.0000 	 0.8260 	 10.5202 	 3.7573 	 -0.5977 	 0.6433 	 0.8918 
42.0000 	 1.9131 	 4.9321 	 3.5369 	 -0.2790 	 2.8023 	 725.6628 	 42.0000 	 0.7818 	 11.2564 	 0.0482 	 0.8521 	 9.1636 	 0.9827 
34.0000 	 1.4580 	 11.2855 	 3.3887 	 -1.5259 	 0.8374 	 840.4287 	 34.0000 	 0.7429 	 1.2717 	 4.7743 	 2.9826 	 6.4350 	 4.8881 
39.0000 	 0.9886 	 4.2578 	 6.3281 	 6.9530 	 10.5863 	 1443.7177 	 39.0000 	 2.5105 	 18.9998 	 -2.7280 	 4.1982 	 2.0876 	 0.9939 
41.0000 	 1.5623 	 14.7021 	 -3.1863 	 4.1019 	 8.4179 	 1309.1000 	 41.0000 	 1.5606 	 14.7221 	 -3.2174 	 4.1323 	 8.4204 	 0.9936 
39.0000 	 1.8157 	 5.0554 	 7.2985 	 -0.1793 	 4.7886 	 721.2711 	 39.0000 	 0.9485 	 13.8474 	 1.5528 	 2.5726 	 4.0527 	 0.9942 
39.0000 	 1.7194 	 9.4385 	 -2.1973 	 -6.5430 	 2.6465 	 1220.7892 	 39.0000 	 1.7189 	 9.4386 	 -2.1930 	 3.4567 	 2.6479 	 0.9871 
40.0000 	 1.5048 	 4.5264 	 10.4785 	 0.7617 	 13.5791 	 990.2286 	 40.0000 	 0.7134 	 4.1923 	 0.2887 	 1.0408 	 4.5963 	 0.9866 
43.0000 	 2.6586 	 9.0393 	 -1.0181 	 -0.0415 	 14.9365 	 692.9054 	 43.0000 	 1.9219 	 13.6587 	 0.5704 	 4.9501 	 6.0666 	 0.9924 
42.0000 	 2.8251 	 11.4701 	 8.0769 	 -0.0846 	 2.3822 	 660.7406 	 42.0000 	 1.9389 	 7.0869 	 -2.2464 	 0.2689 	 5.4643 	 0.9903 
46.0000 	 2.4534 	 7.0605 	 4.7070 	 -0.5273 	 3.5059 	 715.6445 	 46.0000 	 2.2477 	 19.8879 	 -2.7339 	 4.9503 	 0.1334 	 0.9892 
45.0000 	 2.3335 	 5.2092 	 4.6473 	 -0.1189 	 0.0252 	 682.2661 	 45.0000 	 0.0434 	 6.9340 	 -4.5341 	 4.8188 	 7.7216 	 0.0780 
30.0000 	 1.0368 	 7.0410 	 -6.1914 	 2.7148 	 13.7988 	 1418.2946 	 30.0000 	 2.5629 	 15.4691 	 -2.5121 	 -2.0593 	 2.6036 	 0.7780 
41.0000 	 1.8664 	 8.2275 	 5.7910 	 -0.1855 	 6.5918 	 752.2613 	 41.0000 	 1.3734 	 6.1571 	 3.3879 	 -4.0559 	 8.3153 	 0.9928 
41.0000 	 3.8259 	 12.7832 	 7.3438 	 -3.1738 	 6.1475 	 1178.8668 	 41.0000 	 2.6740 	 9.8377 	 1.6027 	 -4.2904 	 1.2197 	 0.9921 
40.0000 	 1.5433 	 5.1309 	 6.8619 	 -1.1078 	 5.3406 	 832.3865 	 40.0000 	 1.7204 	 3.9275 	 -3.9210 	 -1.2480 	 5.1339 	 0.9881 
41.0000 	 1.1064 	 8.0957 	 -1.5723 	 -7.0312 	 2.6172 	 1310.4326 	 41.0000 	 1.1067 	 8.0935 	 -1.5739 	 2.9707 	 2.6186 	 0.9863 
38.0000 	 1.5524 	 7.2148 	 4.6016 	 -0.2049 	 1.3083 	 790.1564 	 38.0000 	 2.4828 	 1.1106 	 -0.0385 	 -0.1224 	 0.3962 	 0.9925 
41.0000 	 1.5913 	 10.4876 	 5.1804 	 -1.0002 	 6.2366 	 840.7221 	 41.0000 	 0.4251 	 13.3383 	 0.3387 	 3.3952 	 8.1009 	 0.9640 
40.0000 	 2.2861 	 14.7190 	 3.7563 	 -0.3572 	 4.9332 	 771.6239 	 40.0000 	 2.3436 	 9.1495 	 0.5480 	 4.9129 	 6.1378 	 0.9909 
40.0000 	 1.7028 	 2.9279 	 -1.9430 	 -1.2097 	 7.9206 	 926.4312 	 40.0000 	 1.4737 	 18.8656 	 3.1826 	 -0.4262 	 9.6633 	 1.0277 
29.0000 	 2.4660 	 26.9287 	 2.3633 	 -0.1733 	 9.2371 	 859.1083 	 29.0000 	 1.9064 	 19.8287 	 -3.6066 	 -1.1540 	 7.7887 	 0.9928 
40.0000 	 2.2337 	 10.9264 	 2.6903 	 -0.1961 	 6.9446 	 717.2171 	 40.0000 	 0.3523 	 18.6845 	 1.5931 	 4.7697 	 1.3596 	 0.9960 
45.0000 	 2.3528 	 7.1582 	 7.3730 	 -0.1270 	 7.0605 	 678.9117 	 45.0000 	 0.8195 	 0.4525 	 1.1794 	 -4.2113 	 1.7083 	 0.9931 
37.0000 	 0.5759 	 1.0059 	 -4.2773 	 7.5195 	 12.7637 	 1717.3260 	 37.0000 	 0.6178 	 15.8073 	 2.9945 	 -3.7283 	 2.9274 	 0.9926 
38.0000 	 2.2888 	 6.3913 	 4.3591 	 -0.5072 	 1.8637 	 719.8166 	 38.0000 	 1.8408 	 15.1033 	 0.0383 	 2.1362 	 3.1034 	 0.9310 
37.0000 	 1.4211 	 6.3049 	 4.3774 	 5.0269 	 7.9150 	 1413.6060 	 37.0000 	 0.5972 	 9.6111 	 -1.2738 	 -4.2228 	 8.5807 	 0.9897 
37.0000 	 1.9970 	 9.6323 	 2.6445 	 -0.5144 	 2.1707 	 742.6880 	 37.0000 	 2.0666 	 14.5819 	 4.1279 	 0.4945 	 1.7431 	 0.9917 
41.0000 	 2.4106 	 8.3654 	 7.0179 	 -0.0030 	 9.4306 	 689.1066 	 41.0000 	 2.4269 	 3.7522 	 4.6059 	 4.1434 	 7.6390 	 4.5265 
44.0000 	 2.4109 	 5.5696 	 4.2928 	 -0.3046 	 0.8956 	 696.9544 	 44.0000 	 1.2597 	 16.0300 	 -0.0387 	 -4.9696 	 0.0707 	 0.6765 
38.0000 	 1.6497 	 13.8681 	 2.6725 	 -1.6830 	 1.3441 	 793.2629 	 38.0000 	 1.4662 	 6.7346 	 -4.9289 	 -4.9678 	 8.9913 	 0.8620 
40.0000 	 2.1343 	 11.6643 	 3.1628 	 -1.2212 	 5.9403 	 786.8993 	 40.0000 	 0.5062 	 16.7908 	 1.9295 	 1.5814 	 9.0582 	 0.9885 
24.0000 	 1.3306 	 6.1877 	 3.0859 	 -0.6641 	 0.9009 	 739.5988 	 24.0000 	 0.1970 	 6.2466 	 -3.8438 	 2.1408 	 2.7104 	 0.9877 
37.0000 	 2.4577 	 12.6616 	 2.6903 	 -0.6500 	 3.6487 	 759.1323 	 37.0000 	 0.8347 	 12.8196 	 2.8664 	 -4.2220 	 4.3343 	 1.0262 
37.0000 	 2.4702 	 8.3008 	 7.8516 	 4.9609 	 7.3633 	 1722.2144 	 37.0000 	 1.7590 	 17.8461 	 0.4544 	 -2.4833 	 0.1268 	 0.4787 
36.0000 	 1.6085 	 13.9826 	 5.5090 	 -1.0256 	 3.1769 	 817.8085 	 36.0000 	 1.6932 	 14.6354 	 0.4760 	 -4.8842 	 8.0435 	 0.9953 
41.0000 	 2.0940 	 8.7754 	 12.4464 	 -0.4036 	 6.9144 	 728.7210 	 41.0000 	 2.1357 	 4.6832 	 -1.4750 	 -4.3662 	 4.8548 	 0.9993 
36.0000 	 2.6573 	 21.5925 	 4.7260 	 -1.7688 	 8.0339 	 878.4491 	 36.0000 	 2.6357 	 16.4759 	 4.5812 	 -1.7871 	 7.8629 	 0.9964 
36.0000 	 2.0088 	 11.5768 	 5.6638 	 -0.4193 	 1.0891 	 775.4564 	 36.0000 	 1.4143 	 3.1425 	 3.1538 	 1.2056 	 6.1572 	 4.0306 
36.0000 	 2.1164 	 4.9472 	 1.9660 	 -0.5741 	 1.9048 	 749.7409 	 36.0000 	 0.5845 	 1.1831 	 3.2156 	 0.3852 	 6.8828 	 0.9823 
36.0000 	 1.3958 	 6.3672 	 9.5897 	 0.6738 	 7.3486 	 908.3665 	 36.0000 	 0.9697 	 13.3305 	 1.9220 	 -4.4665 	 4.7982 	 0.9971 
44.0000 	 1.7671 	 10.2344 	 -0.3320 	 -4.7070 	 7.4951 	 1200.0975 	 44.0000 	 0.7127 	 9.8199 	 4.9823 	 1.5221 	 5.1648 	 1.4769 
34.0000 	 1.0368 	 7.0408 	 3.8086 	 2.7148 	 6.2989 	 1317.8754 	 34.0000 	 0.5178 	 18.5154 	 1.9297 	 -2.1353 	 3.3869 	 0.9610 
18.0000 	 1.8537 	 9.7656 	 -8.2812 	 1.4062 	 6.6406 	 1335.3481 	 18.0000 	 0.8730 	 5.3740 	 0.6772 	 1.3726 	 0.4647 	 0.9853 
34.0000 	 1.5731 	 9.9544 	 1.0422 	 -0.4026 	 5.0092 	 780.2573 	 34.0000 	 2.1528 	 13.6361 	 -2.2965 	 -0.1950 	 0.9150 	 0.9889 
37.0000 	 1.3536 	 18.9111 	 1.5625 	 -1.1816 	 6.8848 	 885.6586 	 37.0000 	 0.8115 	 5.3881 	 -2.8421 	 0.1041 	 1.8575 	 0.9925 
39.0000 	 1.8986 	 6.4411 	 3.6192 	 -0.3614 	 0.8375 	 717.3680 	 39.0000 	 0.7436 	 17.0666 	 -0.0852 	 0.9369 	 8.7196 	 0.8642 
33.0000 	 1.7521 	 4.3030 	 1.2793 	 -0.6250 	 5.8447 	 754.1177 	 33.0000 	 2.1589 	 5.3164 	 -3.7666 	 -4.3251 	 2.7900 	 1.0091 
36.0000 	 2.3950 	 6.6836 	 5.6919 	 -0.0971 	 0.0005 	 656.1605 	 36.0000 	 1.9274 	 6.5099 	 2.2017 	 0.7802 	 3.9626 	 0.0739 
34.0000 	 1.7373 	 16.8540 	 3.0493 	 0.3661 	 9.7063 	 897.1561 	 34.0000 	 2.0474 	 18.2956 	 -3.2593 	 0.5624 	 8.0902 	 0.9986 
39.0000 	 2.8527 	 10.0244 	 -1.2482 	 -1.2305 	 5.2750 	 888.9515 	 39.0000 	 1.3502 	 5.0702 	 -1.1384 	 3.1428 	 4.7635 	 0.9926 
35.0000 	 2.2698 	 9.1992 	 2.6654 	 0.0232 	 4.9878 	 731.9259 	 35.0000 	 0.0640 	 5.9243 	 -0.1016 	 -1.1747 	 7.5864 	 0.9394 
35.0000 	 1.5572 	 21.4941 	 1.0840 	 -1.8750 	 6.1865 	 986.0319 	 35.0000 	 1.5575 	 16.4954 	 1.0874 	 -1.8724 	 6.1861 	 0.9485 
38.0000 	 4.7785 	 0.1562 	 -0.5904 	 -4.0599 	 4.0832 	 1479.5673 	 38.0000 	 1.2843 	 4.1033 	 -0.5425 	 1.4611 	 0.1326 	 0.9936 
32.0000 	 0.9951 	 6.7871 	 -2.0898 	 -7.1680 	 3.8574 	 1232.4139 	 32.0000 	 1.4037 	 7.7275 	 -1.8934 	 -4.9837 	 2.2458 	 0.9550 
34.0000 	 2.5387 	 11.7725 	 -2.9492 	 -0.9082 	 8.2275 	 919.2748 	 34.0000 	 2.5378 	 6.8514 	 -2.9503 	 -0.9109 	 8.2268 	 0.9396 
30.0000 	 0.8739 	 3.3851 	 8.3207 	 -9.5715 	 6.1938 	 1338.2213 	 30.0000 	 0.8814 	 9.3680 	 -0.1592 	 -4.7897 	 5.4316 	 0.9696 
32.0000 	 1.8239 	 4.1577 	 7.1777 	 -0.0635 	 3.8635 	 719.1462 	 32.0000 	 2.5567 	 11.1057 	 0.7184 	 4.0942 	 0.9463 	 0.9943 
36.0000 	 1.6194 	 5.3551 	 2.2873 	 -0.6774 	 1.0468 	 760.3285 	 36.0000 	 2.9783 	 15.0073 	 -0.0782 	 -3.3610 	 0.1656 	 0.9924 
39.0000 	 1.7253 	 12.1045 	 6.1426 	 -1.6211 	 3.0273 	 965.5874 	 39.0000 	 2.5674 	 2.1719 	 2.7164 	 -2.1174 	 3.8133 	 0.6998 
17.0000 	 1.2821 	 6.9568 	 6.8158 	 -0.2295 	 10.6168 	 721.7941 	 17.0000 	 2.3165 	 6.1892 	 -1.4619 	 3.5344 	 1.7198 	 0.9850 
30.0000 	 1.2539 	 6.2519 	 -2.1803 	 -2.9051 	 14.2308 	 1059.9180 	 30.0000 	 1.2374 	 6.3112 	 -2.2479 	 -3.3173 	 7.7947 	 0.9833 
30.0000 	 1.8161 	 1.8652 	 -1.6211 	 -7.6367 	 3.7793 	 1604.5189 	 30.0000 	 0.8282 	 2.0562 	 4.8630 	 -4.8383 	 7.8977 	 0.2642 
40.0000 	 1.3960 	 6.8676 	 -0.1264 	 0.1333 	 6.4462 	 869.9239 	 40.0000 	 2.4613 	 14.0636 	 -3.8200 	 -1.2571 	 0.4906 	 0.9861 
35.0000 	 2.7557 	 3.7695 	 5.6628 	 -0.3516 	 2.2070 	 878.8599 	 35.0000 	 1.2618 	 7.3073 	 -1.8154 	 -0.5101 	 3.4870 	 0.9955 
30.0000 	 1.9639 	 8.7829 	 7.7757 	 -0.1744 	 5.4023 	 677.9587 	 30.0000 	 0.2590 	 6.6330 	 3.8652 	 1.4409 	 8.7363 	 0.9956 
35.0000 	 2.3867 	 11.2262 	 2.6489 	 -3.0920 	 0.7706 	 1077.7476 	 35.0000 	 2.6569 	 16.8190 	 -2.0606 	 -4.8071 	 9.9089 	 0.7215 
35.0000 	 2.2991 	 16.0498 	 0.2051 	 -2.4316 	 6.1035 	 1199.9767 	 35.0000 	 1.9327 	 9.4948 	 -0.6906 	 -3.2419 	 7.2689 	 0.7941 
34.0000 	 2.4535 	 3.3061 	 4.3944 	 1.9123 	 3.4853 	 1271.0600 	 34.0000 	 0.7696 	 17.8780 	 -0.2502 	 0.2750 	 1.4463 	 0.9894 
32.0000 	 2.1230 	 5.9431 	 4.9803 	 -0.1709 	 0.0729 	 670.2670 	 32.0000 	 1.9631 	 1.7915 	 2.2718 	 3.1663 	 3.0007 	 0.7102 
30.0000 	 1.9697 	 9.2725 	 2.6685 	 -1.1328 	 4.4348 	 786.0370 	 30.0000 	 1.1115 	 11.1179 	 -2.8744 	 -0.0050 	 0.0157 	 0.9914 
13.0000 	 1.1370 	 8.4424 	 12.6367 	 -0.5176 	 10.5371 	 719.7066 	 13.0000 	 0.1878 	 2.4163 	 -2.2014 	 -4.6362 	 7.4475 	 0.9969 
32.0000 	 1.5074 	 6.0120 	 4.8828 	 -0.5298 	 4.4897 	 746.0912 	 32.0000 	 0.1351 	 12.4768 	 -4.7099 	 -3.6518 	 8.7770 	 0.9956 
37.0000 	 1.9571 	 5.9930 	 3.2965 	 -0.2014 	 1.7139 	 691.1388 	 37.0000 	 1.1870 	 13.5078 	 -3.9446 	 3.2031 	 6.5928 	 0.9927 
38.0000 	 1.4194 	 8.3914 	 -0.7639 	 0.0165 	 9.4146 	 854.1399 	 38.0000 	 0.9041 	 11.8682 	 4.6963 	 3.9219 	 5.6788 	 0.9943 
10.0000 	 0.4686 	 7.4700 	 0.3842 	 -3.5025 	 8.3071 	 1162.9471 	 10.0000 	 1.3168 	 19.8452 	 2.4825 	 0.3387 	 0.4094 	 0.9926 
31.0000 	 1.8161 	 1.8652 	 -1.6211 	 2.3633 	 6.2793 	 1357.3165 	 31.0000 	 0.3965 	 19.8820 	 -1.6843 	 -4.8291 	 2.1776 	 0.9920 
37.0000 	 2.0766 	 4.3370 	 3.4906 	 -0.1457 	 0.4614 	 712.9450 	 37.0000 	 1.0668 	 13.9368 	 3.0440 	 -2.6432 	 4.8689 	 0.7528 
39.0000 	 2.2659 	 9.8059 	 3.9697 	 -0.4980 	 6.0962 	 750.1521 	 39.0000 	 1.1370 	 12.6890 	 -0.9193 	 2.0086 	 5.1222 	 0.9928 
33.0000 	 1.7431 	 3.7946 	 1.4526 	 -0.0378 	 5.5020 	 764.3178 	 33.0000 	 3.0006 	 2.4710 	 3.5308 	 4.7014 	 8.0102 	 0.9928 
27.0000 	 2.5547 	 13.2278 	 14.2987 	 -0.0074 	 8.7024 	 668.4877 	 27.0000 	 2.5386 	 13.2235 	 4.3386 	 -0.0343 	 8.6328 	 0.9794 
31.0000 	 1.8052 	 9.2578 	 -2.1802 	 0.1904 	 11.0461 	 780.4302 	 31.0000 	 1.7703 	 12.3961 	 -0.5179 	 -3.7418 	 2.1407 	 0.9083 
35.0000 	 1.9921 	 5.7245 	 4.7984 	 -0.2685 	 5.3095 	 696.8629 	 35.0000 	 0.0893 	 18.7592 	 0.6132 	 -3.0238 	 7.7354 	 0.9927 
7.0000 	 0.4989 	 9.1406 	 -4.5312 	 -7.3242 	 4.7656 	 1317.7969 	 7.0000 	 2.7442 	 19.7382 	 0.7030 	 1.1003 	 0.6573 	 0.9925 
27.0000 	 0.6869 	 6.8124 	 -3.8544 	 12.9181 	 6.6547 	 1518.9792 	 27.0000 	 0.1124 	 13.1750 	 4.6014 	 4.7745 	 7.5007 	 0.7092 
35.0000 	 1.9116 	 8.4570 	 0.5957 	 -0.3027 	 12.5977 	 717.6179 	 35.0000 	 2.9253 	 17.0750 	 2.5821 	 2.7112 	 0.9654 	 0.9927 
38.0000 	 1.2513 	 9.8291 	 5.9569 	 -1.4649 	 5.0487 	 910.6344 	 38.0000 	 2.3257 	 5.6627 	 -0.4724 	 4.3414 	 8.9713 	 0.9957 
29.0000 	 0.7780 	 8.5449 	 5.1758 	 -11.3086 	 7.1777 	 1344.5953 	 29.0000 	 0.2207 	 13.5762 	 -1.4844 	 -2.0223 	 4.5868 	 1.0228 
29.0000 	 1.3769 	 3.8574 	 -2.1777 	 -0.9570 	 6.5771 	 1117.4996 	 29.0000 	 0.0285 	 1.5104 	 1.0791 	 -1.7562 	 9.4792 	 0.9467 
4.0000 	 0.1503 	 10.3613 	 2.8711 	 -1.5430 	 2.3535 	 910.1917 	 4.0000 	 2.1947 	 12.8413 	 -1.3047 	 -2.5301 	 0.2660 	 0.9928 
35.0000 	 1.9339 	 9.9801 	 1.7115 	 0.0148 	 6.0466 	 740.0417 	 35.0000 	 0.6948 	 19.6280 	 -2.4213 	 1.3171 	 0.6936 	 0.9888 
1.0000 	 0.0119 	 4.8004 	 4.3360 	 -0.1523 	 0.0330 	 680.6625 	 1.0000 	 2.3518 	 13.2539 	 4.4092 	 3.6076 	 5.9280 	 0.4618 
29.0000 	 1.2560 	 3.2870 	 -0.9131 	 -3.1873 	 4.0439 	 1076.8245 	 29.0000 	 1.2001 	 19.7979 	 1.7282 	 -2.3350 	 1.6504 	 0.9611 
38.0000 	 1.7872 	 10.2690 	 2.9142 	 -1.3189 	 1.2378 	 782.8760 	 38.0000 	 1.5988 	 10.3643 	 2.9349 	 -1.2984 	 5.8370 	 0.7862 
27.0000 	 1.5860 	 8.7201 	 0.9287 	 0.2583 	 8.8393 	 791.3982 	 27.0000 	 1.9073 	 9.4582 	 -4.9043 	 -2.2414 	 3.3749 	 1.0369 
27.0000 	 3.5946 	 8.7927 	 4.2334 	 -1.4893 	 4.2017 	 1075.9893 	 27.0000 	 1.1005 	 5.2193 	 -4.3160 	 3.0959 	 9.0279 	 0.9976 
35.0000 	 1.6425 	 9.6978 	 -7.6386 	 -1.4251 	 9.7978 	 818.3750 	 35.0000 	 0.7075 	 2.1622 	 2.2419 	 1.8278 	 5.9956 	 0.9685 
29.0000 	 1.2795 	 5.4829 	 2.2939 	 -0.8456 	 4.2159 	 802.1795 	 29.0000 	 2.5180 	 18.8682 	 -2.8643 	 4.9212 	 7.8688 	 0.9926 
29.0000 	 2.1406 	 9.5015 	 5.3025 	 -0.0585 	 6.0432 	 667.5759 	 29.0000 	 0.7993 	 8.6779 	 0.6858 	 -3.8285 	 8.5089 	 1.0017 
26.0000 	 1.3957 	 22.1283 	 2.7542 	 -2.2651 	 6.5233 	 846.3667 	 26.0000 	 1.3969 	 17.1287 	 2.7553 	 -2.2627 	 6.5021 	 0.9962 
31.0000 	 1.1992 	 3.8583 	 -2.4618 	 2.0723 	 4.5964 	 1258.4314 	 31.0000 	 0.3512 	 11.3098 	 -1.3636 	 4.1921 	 7.8050 	 1.0043 
30.0000 	 2.1181 	 11.1623 	 6.4942 	 -0.1953 	 6.2209 	 689.5795 	 30.0000 	 1.8278 	 14.5552 	 4.7850 	 -1.7588 	 2.6955 	 0.9975 
28.0000 	 1.2279 	 16.7798 	 -2.4585 	 0.4590 	 8.7781 	 954.5947 	 28.0000 	 2.2896 	 17.1198 	 0.3209 	 1.8880 	 9.4941 	 0.9737 
26.0000 	 1.4793 	 6.0630 	 2.4576 	 -0.3839 	 3.1311 	 716.8300 	 26.0000 	 1.6655 	 7.5791 	 3.3691 	 4.6458 	 2.6399 	 0.9927 
24.0000 	 0.7571 	 8.1152 	 0.8789 	 -0.1367 	 7.5293 	 1062.9740 	 24.0000 	 0.2837 	 2.0905 	 -3.3125 	 4.5531 	 9.4836 	 0.9848 
34.0000 	 1.0728 	 3.6719 	 -11.7188 	 7.9688 	 7.4219 	 1524.8170 	 34.0000 	 0.8455 	 7.2699 	 -2.8565 	 -0.2193 	 1.6986 	 0.9843 
36.0000 	 2.5436 	 10.7617 	 4.6954 	 -0.3461 	 10.2503 	 705.5842 	 36.0000 	 0.1130 	 11.6468 	 2.3686 	 -4.7950 	 8.7902 	 1.0876 
24.0000 	 1.8207 	 14.2517 	 -1.3696 	 -0.6396 	 9.6021 	 969.4172 	 24.0000 	 1.8901 	 14.4331 	 -2.1237 	 1.9817 	 9.5602 	 0.9923 
28.0000 	 1.5679 	 15.0146 	 1.3672 	 -1.6309 	 6.6016 	 848.9466 	 28.0000 	 2.6423 	 8.5750 	 1.2599 	 -3.7775 	 7.9800 	 0.9488 
26.0000 	 1.4936 	 17.2363 	 1.7697 	 -0.7489 	 5.9732 	 835.2401 	 26.0000 	 2.2059 	 19.1245 	 -0.2796 	 -1.2327 	 5.6506 	 0.9919 
32.0000 	 3.8407 	 0.0000 	 -2.7307 	 -17.2620 	 12.3898 	 1502.4693 	 32.0000 	 0.7798 	 2.9050 	 -2.0953 	 2.7152 	 3.9437 	 0.9699 
24.0000 	 1.0774 	 14.5996 	 -2.6880 	 -0.6494 	 6.3562 	 857.5615 	 24.0000 	 0.8811 	 10.8209 	 -2.9836 	 0.8153 	 5.6650 	 0.9795 
31.0000 	 1.9173 	 8.4595 	 -1.2408 	 -0.9375 	 6.9290 	 947.3103 	 31.0000 	 0.1834 	 9.3893 	 -4.1907 	 -1.8762 	 9.3333 	 0.8353 
38.0000 	 2.2681 	 6.2898 	 5.1334 	 -0.2254 	 0.1606 	 674.2036 	 38.0000 	 0.4272 	 15.7357 	 4.3532 	 1.0570 	 9.0148 	 1.6683 
21.0000 	 1.3570 	 6.5399 	 -1.3818 	 0.3351 	 3.8415 	 807.4792 	 21.0000 	 1.6048 	 10.0981 	 4.8237 	 2.1754 	 1.7562 	 0.9967 
31.0000 	 2.5042 	 6.6797 	 -4.7656 	 9.2963 	 4.1016 	 1481.1975 	 31.0000 	 0.4759 	 9.9169 	 1.2014 	 1.1098 	 7.8935 	 0.9842 
31.0000 	 1.7991 	 5.2795 	 2.1796 	 -0.3931 	 4.6704 	 707.6310 	 31.0000 	 2.1061 	 5.4396 	 4.5355 	 2.7705 	 1.0113 	 0.9944 
24.0000 	 1.3752 	 10.2855 	 -1.1665 	 -1.4765 	 3.4668 	 812.4407 	 24.0000 	 1.4211 	 11.2583 	 4.1912 	 3.2964 	 9.6498 	 1.0219 
30.0000 	 1.8514 	 5.7536 	 5.2005 	 -0.0876 	 0.9455 	 682.9897 	 30.0000 	 0.4196 	 14.6807 	 4.8862 	 -3.2326 	 5.0714 	 0.9932 
24.0000 	 3.9274 	 26.1006 	 -7.3911 	 -1.8491 	 12.1095 	 1004.4483 	 24.0000 	 2.7203 	 19.8906 	 4.6314 	 3.8755 	 9.6731 	 1.0170 
34.0000 	 2.3129 	 12.7829 	 14.2379 	 -0.2299 	 3.5165 	 713.5506 	 34.0000 	 1.5449 	 10.8162 	 -3.5574 	 -0.8716 	 3.0418 	 0.9927 
29.0000 	 0.8453 	 6.2024 	 -5.9497 	 -1.3135 	 11.2976 	 1360.7014 	 29.0000 	 0.2646 	 16.1328 	 -4.6955 	 0.8747 	 0.6724 	 0.9652 
25.0000 	 1.1331 	 19.0723 	 0.8398 	 -0.9668 	 10.8252 	 871.9155 	 25.0000 	 2.9374 	 17.7969 	 -0.7109 	 -3.1685 	 4.2370 	 1.1348 
23.0000 	 1.3068 	 5.8239 	 3.1294 	 -0.2351 	 4.0747 	 723.8317 	 23.0000 	 0.7918 	 16.8844 	 1.7743 	 2.0383 	 9.9088 	 0.9921 
20.0000 	 0.9850 	 5.5359 	 -0.2686 	 0.1782 	 8.5718 	 1107.6490 	 20.0000 	 1.9785 	 2.1933 	 3.5918 	 -1.2583 	 7.0181 	 0.6502 
18.0000 	 1.1102 	 8.8130 	 11.3452 	 0.6445 	 5.4207 	 892.8504 	 18.0000 	 2.2203 	 15.4982 	 1.0218 	 3.3021 	 5.7891 	 1.0751 
23.0000 	 1.9985 	 13.1104 	 3.1445 	 -0.8203 	 3.5254 	 784.8977 	 23.0000 	 0.4012 	 8.9556 	 0.4936 	 -3.0057 	 3.3652 	 1.1304 
28.0000 	 0.8562 	 7.6270 	 1.8555 	 -9.2383 	 3.2910 	 1475.4092 	 28.0000 	 1.8115 	 17.8271 	 -4.5229 	 2.0333 	 1.2311 	 0.2622 
20.0000 	 0.6694 	 2.6660 	 0.0586 	 8.9648 	 5.0488 	 1486.2915 	 20.0000 	 0.3280 	 8.9938 	 2.2938 	 0.6846 	 7.6629 	 0.9954 
28.0000 	 2.4702 	 16.4633 	 12.9656 	 -0.0820 	 3.8852 	 680.5317 	 28.0000 	 1.5974 	 16.4569 	 2.9732 	 -0.1778 	 6.0732 	 0.9929 
15.0000 	 1.2206 	 7.4731 	 -0.8447 	 -0.5591 	 5.5127 	 861.1399 	 15.0000 	 1.3013 	 6.2000 	 -1.2041 	 4.1837 	 5.2161 	 0.8795 
15.0000 	 0.9406 	 7.8735 	 -0.3149 	 -1.6553 	 7.3340 	 1293.3366 	 15.0000 	 1.1403 	 8.1784 	 0.7662 	 3.5429 	 4.9473 	 0.3070 
33.0000 	 2.0644 	 13.2571 	 0.5652 	 -0.7117 	 3.8974 	 812.5806 	 33.0000 	 1.2796 	 3.8639 	 -0.0308 	 -2.5319 	 1.0762 	 0.9908 
30.0000 	 1.3389 	 2.7667 	 7.1806 	 -0.6898 	 9.5851 	 918.6278 	 30.0000 	 0.0263 	 1.9640 	 1.4779 	 3.1743 	 7.7700 	 0.9867 
23.0000 	 1.7491 	 4.1162 	 -0.3809 	 -5.2441 	 2.8955 	 1361.6909 	 23.0000 	 1.6171 	 0.5757 	 -1.4856 	 2.1121 	 2.7081 	 0.6908 
35.0000 	 1.9313 	 8.6130 	 0.9746 	 0.5860 	 7.6676 	 965.2830 	 35.0000 	 0.3049 	 12.3842 	 -1.1674 	 1.6145 	 2.0183 	 0.9790 
17.0000 	 1.0227 	 1.9824 	 -3.1055 	 -0.5273 	 11.0059 	 966.5772 	 17.0000 	 2.9333 	 6.8013 	 4.4258 	 -4.7541 	 0.4044 	 0.9882 
28.0000 	 1.2807 	 25.1544 	 3.1104 	 -1.7749 	 0.8658 	 911.6951 	 28.0000 	 1.4214 	 13.3531 	 2.5275 	 -2.7751 	 6.6791 	 0.4124 
27.0000 	 1.0847 	 5.5609 	 2.0960 	 0.4163 	 1.7593 	 890.5232 	 27.0000 	 0.4821 	 14.6159 	 -1.6468 	 4.5024 	 6.1452 	 0.9962 
21.0000 	 0.8443 	 5.5885 	 -0.1803 	 -0.7269 	 6.9531 	 909.8345 	 21.0000 	 0.0181 	 2.2054 	 0.8690 	 -2.1717 	 7.7148 	 0.9856 
14.0000 	 1.7536 	 14.4263 	 7.8638 	 -2.2705 	 5.8765 	 1322.3704 	 14.0000 	 1.8678 	 4.2304 	 0.0934 	 -2.3400 	 4.5729 	 0.2925 
15.0000 	 0.8106 	 32.5439 	 -2.6953 	 -0.8398 	 15.1807 	 953.2455 	 15.0000 	 2.1428 	 19.3875 	 -0.0683 	 -0.8807 	 9.9687 	 0.9930 
14.0000 	 0.7493 	 9.1943 	 -0.9570 	 -0.5566 	 9.5068 	 822.6595 	 14.0000 	 2.0438 	 3.0915 	 -0.3580 	 -2.9055 	 7.2600 	 1.0640 
9.0000 	 0.5962 	 5.3321 	 -4.9611 	 2.7746 	 13.7706 	 1214.2131 	 9.0000 	 2.4504 	 0.4461 	 2.3347 	 -4.2825 	 1.8248 	 1.0128 
8.0000 	 1.1856 	 7.5146 	 7.7368 	 -0.9692 	 7.5037 	 847.6490 	 8.0000 	 2.7841 	 2.3212 	 -4.7660 	 1.6350 	 4.6906 	 0.9928 
9.0000 	 0.5028 	 5.5394 	 -3.6434 	 -1.0898 	 5.4443 	 830.1310 	 9.0000 	 2.4683 	 4.2910 	 -3.9175 	 -1.1724 	 4.2251 	 0.9955 
14.0000 	 1.2470 	 6.5308 	 5.2588 	 -0.1025 	 0.5725 	 665.3107 	 14.0000 	 2.9626 	 16.8178 	 2.9675 	 2.6957 	 1.1471 	 0.7103 
18.0000 	 1.0728 	 14.2188 	 -5.3516 	 -2.8223 	 6.4014 	 1336.2863 	 18.0000 	 2.2569 	 6.0212 	 1.3562 	 -4.7461 	 5.5449 	 0.4438 
25.0000 	 1.6279 	 2.1191 	 0.8008 	 -2.3828 	 4.9219 	 1145.8416 	 25.0000 	 1.6265 	 7.1200 	 0.8048 	 -2.3817 	 4.9239 	 0.9807 
17.0000 	 1.0356 	 9.0705 	 -0.4639 	 -2.9887 	 8.3810 	 1128.6308 	 17.0000 	 1.2235 	 19.1402 	 -0.1348 	 -0.5330 	 0.0415 	 0.7601 
24.0000 	 1.1887 	 8.4961 	 -4.9854 	 0.7520 	 7.0605 	 917.8484 	 24.0000 	 2.7823 	 10.9219 	 0.9397 	 -4.4598 	 3.6523 	 1.0094 
3.0000 	 0.3199 	 4.3457 	 4.0430 	 -0.1758 	 9.6973 	 713.0557 	 3.0000 	 2.4828 	 18.3879 	 3.4649 	 0.3074 	 0.8914 	 0.9923 
18.0000 	 1.0246 	 7.3443 	 2.4002 	 -0.6799 	 3.0082 	 751.1139 	 18.0000 	 1.0424 	 12.4554 	 2.7260 	 -0.6554 	 7.8389 	 0.9609 
7.0000 	 0.7807 	 15.1172 	 3.0176 	 -1.2988 	 2.4805 	 819.9569 	 7.0000 	 1.3091 	 2.6893 	 -1.3021 	 3.1603 	 7.0524 	 0.8304 
17.0000 	 1.1616 	 4.8279 	 7.9004 	 -0.4102 	 5.3064 	 710.8935 	 17.0000 	 0.4971 	 2.1054 	 4.3169 	 -4.6766 	 7.0382 	 0.9940 
32.0000 	 2.0268 	 5.5637 	 4.5888 	 -0.1779 	 0.2866 	 678.7884 	 32.0000 	 0.1343 	 18.7012 	 0.3079 	 4.6084 	 8.8030 	 0.4541 
26.0000 	 0.7883 	 6.0251 	 3.3392 	 -3.3680 	 14.3457 	 1197.2251 	 26.0000 	 0.4170 	 3.3260 	 -1.6460 	 -0.0926 	 1.1836 	 0.9975 
33.0000 	 2.1437 	 9.5243 	 -2.6979 	 -1.7207 	 8.1711 	 958.4408 	 33.0000 	 0.8209 	 16.6075 	 2.3111 	 -4.9518 	 8.0348 	 0.9998 
31.0000 	 2.1982 	 8.5068 	 1.0284 	 -2.3956 	 10.1761 	 1018.6415 	 31.0000 	 0.9846 	 2.7824 	 0.3639 	 1.7420 	 3.3789 	 0.9975 
28.0000 	 2.1399 	 12.6953 	 2.6367 	 -0.9473 	 4.1650 	 799.9106 	 28.0000 	 1.6794 	 8.0842 	 3.0369 	 1.3365 	 3.6536 	 0.9876 
32.0000 	 2.7533 	 15.3040 	 4.5508 	 0.0317 	 11.4771 	 717.6203 	 32.0000 	 2.7559 	 15.3459 	 4.3157 	 0.0459 	 8.9298 	 0.9918 
17.0000 	 1.7731 	 12.3779 	 4.7266 	 -0.0781 	 11.3477 	 665.6974 	 17.0000 	 0.8511 	 9.4856 	 -3.8376 	 3.6945 	 1.5103 	 0.9736 
8.0000 	 0.9650 	 13.7158 	 5.9570 	 -0.9961 	 4.3994 	 815.5939 	 8.0000 	 2.1488 	 17.7026 	 -4.1211 	 -3.5314 	 6.7383 	 0.9926 
29.0000 	 2.2679 	 20.6348 	 -5.3125 	 -1.8262 	 6.9434 	 1018.6889 	 29.0000 	 2.2666 	 10.6340 	 -0.3160 	 -1.8246 	 6.9422 	 0.7515 
22.0000 	 1.5308 	 3.9136 	 3.5229 	 -2.5732 	 5.2637 	 1043.1384 	 22.0000 	 2.1873 	 10.4687 	 1.2252 	 0.0035 	 1.7924 	 0.9672 
3.0000 	 0.3257 	 8.6829 	 5.4810 	 0.0464 	 7.5024 	 712.4525 	 3.0000 	 0.9568 	 19.5260 	 1.4756 	 -4.6992 	 8.2114 	 0.9942 
13.0000 	 1.4089 	 6.0157 	 5.0933 	 -0.0489 	 0.8814 	 669.0903 	 13.0000 	 0.2266 	 0.9153 	 1.9356 	 3.3084 	 6.4455 	 0.9777 
13.0000 	 1.3685 	 11.6292 	 9.7159 	 -0.2872 	 2.5748 	 701.1379 	 13.0000 	 2.2926 	 13.1496 	 3.6835 	 0.5863 	 3.5062 	 0.9795 
13.0000 	 0.9311 	 5.1149 	 3.0301 	 -0.6252 	 0.6418 	 727.1689 	 13.0000 	 0.4195 	 12.6813 	 4.7692 	 4.6936 	 8.1189 	 0.9886 
10.0000 	 0.7119 	 15.6641 	 1.6406 	 -7.1094 	 0.1172 	 1198.6566 	 10.0000 	 2.9504 	 10.4907 	 -0.1550 	 -2.3242 	 6.6536 	 0.4189 
10.0000 	 0.6146 	 5.2698 	 0.8838 	 -0.8350 	 10.7800 	 827.1243 	 10.0000 	 0.3349 	 8.2874 	 3.3562 	 -4.3596 	 5.9285 	 0.9717 
7.0000 	 0.6816 	 4.8299 	 9.6559 	 2.2485 	 6.3140 	 1340.3398 	 7.0000 	 1.4470 	 1.1410 	 -3.8920 	 -3.4942 	 9.3125 	 0.9887 
7.0000 	 0.5211 	 5.1428 	 1.3397 	 -0.5585 	 2.6227 	 720.8533 	 7.0000 	 0.9737 	 10.5800 	 -0.7934 	 0.4400 	 7.2913 	 0.9607 
10.0000 	 0.9381 	 5.3216 	 4.5268 	 -0.1329 	 0.2673 	 671.9306 	 10.0000 	 1.8622 	 5.9339 	 -1.2856 	 0.2884 	 8.5862 	 0.3706 
4.0000 	 0.8395 	 6.5527 	 1.8652 	 -0.1978 	 13.2922 	 761.0748 	 4.0000 	 2.8894 	 11.3902 	 -2.5501 	 -1.1715 	 4.2870 	 1.0021 
4.0000 	 0.1826 	 6.9022 	 2.4779 	 -0.9236 	 1.7106 	 816.5571 	 4.0000 	 0.0315 	 19.2939 	 -3.0928 	 -0.9092 	 9.5032 	 0.9676 
8.0000 	 0.6167 	 4.6582 	 4.6680 	 -3.9258 	 8.1348 	 1200.5685 	 8.0000 	 0.2338 	 2.7970 	 0.4412 	 4.8921 	 0.5678 	 0.9897 
12.0000 	 0.7747 	 6.7407 	 -3.4399 	 -1.1523 	 12.0959 	 816.1541 	 12.0000 	 2.4721 	 18.4409 	 -4.8501 	 3.3268 	 5.5776 	 0.8801 
22.0000 	 1.8986 	 21.2744 	 7.9883 	 -1.6992 	 9.0137 	 1055.8060 	 22.0000 	 1.8954 	 16.2744 	 -2.0122 	 -1.6980 	 9.0142 	 0.9838 
25.0000 	 2.3689 	 6.5015 	 1.9849 	 -0.4639 	 5.0525 	 783.9097 	 25.0000 	 0.9163 	 12.9227 	 -1.2946 	 0.1416 	 0.5688 	 0.9926 
18.0000 	 1.0587 	 17.6840 	 3.6411 	 -1.3232 	 5.1846 	 843.9455 	 18.0000 	 0.7289 	 10.6046 	 4.7544 	 2.3899 	 5.4188 	 0.9912 
22.0000 	 1.6711 	 6.5525 	 4.5460 	 -0.0830 	 1.2456 	 666.6612 	 22.0000 	 2.1635 	 7.3988 	 -1.8352 	 -2.1558 	 6.9816 	 0.9922 
7.0000 	 0.6301 	 4.8066 	 4.4467 	 -0.3601 	 7.2079 	 707.8990 	 7.0000 	 2.4819 	 7.0847 	 4.1825 	 -0.5718 	 6.6372 	 0.9629 
11.0000 	 1.5625 	 4.8926 	 7.3242 	 1.2305 	 5.4004 	 1258.7101 	 11.0000 	 0.0744 	 19.9649 	 4.2578 	 -2.3962 	 2.8088 	 0.9189 
24.0000 	 2.7271 	 16.2449 	 9.1624 	 -0.0840 	 4.6065 	 657.1862 	 24.0000 	 1.9238 	 18.0229 	 0.5207 	 2.0382 	 4.6187 	 0.9178 
23.0000 	 1.3628 	 7.7441 	 11.1523 	 -1.1914 	 9.5020 	 776.4127 	 23.0000 	 0.1742 	 10.7921 	 -3.9095 	 -3.7112 	 6.5766 	 0.9922 
4.0000 	 0.4740 	 17.1387 	 3.4863 	 -1.9922 	 1.4258 	 855.9608 	 4.0000 	 1.2761 	 0.5592 	 -0.9939 	 -1.3140 	 8.5046 	 0.9929 
19.0000 	 1.1139 	 5.0098 	 0.9961 	 -3.7695 	 4.9951 	 1146.1048 	 19.0000 	 2.4271 	 9.4156 	 -2.4680 	 -0.1114 	 0.6262 	 0.9926 
6.0000 	 1.2992 	 18.2422 	 2.1094 	 2.4316 	 1.2891 	 1255.5293 	 6.0000 	 2.8158 	 8.4553 	 -1.9074 	 -3.9295 	 0.1840 	 0.9929 
1.0000 	 0.0315 	 6.7377 	 3.8025 	 -0.3687 	 1.0861 	 730.3882 	 1.0000 	 2.5494 	 16.3248 	 1.2989 	 -3.8210 	 6.9640 	 0.9863 
24.0000 	 1.5413 	 9.1992 	 -7.1387 	 -0.3320 	 9.9561 	 759.3870 	 24.0000 	 1.9240 	 2.5220 	 -1.5827 	 -1.7610 	 1.0985 	 0.9907 
16.0000 	 0.8392 	 2.3536 	 6.9398 	 2.0889 	 13.4910 	 1330.9878 	 16.0000 	 0.2180 	 19.9525 	 3.6874 	 3.4147 	 2.1122 	 0.9983 
5.0000 	 2.4046 	 10.6169 	 1.0603 	 -1.4017 	 8.0746 	 1205.9498 	 5.0000 	 2.3852 	 10.6364 	 1.0761 	 -1.4097 	 7.9446 	 0.9579 
17.0000 	 1.2035 	 8.1927 	 5.8020 	 -0.6860 	 4.8094 	 739.5104 	 17.0000 	 1.1540 	 10.2890 	 4.1774 	 -3.2278 	 7.8054 	 0.9941 
18.0000 	 0.7046 	 6.8652 	 6.5234 	 -2.6660 	 5.4590 	 1055.0641 	 18.0000 	 0.3908 	 8.2244 	 3.9013 	 4.4348 	 7.4004 	 0.9935 
22.0000 	 0.8606 	 4.9548 	 -3.2812 	 -0.0879 	 5.6738 	 935.6193 	 22.0000 	 2.4674 	 3.3824 	 4.9071 	 -3.1250 	 0.8917 	 0.9857 
16.0000 	 1.1245 	 9.3970 	 -5.0977 	 0.3735 	 10.9802 	 858.8121 	 16.0000 	 2.2042 	 15.0911 	 3.5245 	 -4.6896 	 8.2075 	 0.9927 
19.0000 	 0.9650 	 20.1319 	 2.6563 	 0.6057 	 10.8349 	 952.8018 	 19.0000 	 0.7017 	 2.5572 	 -0.5378 	 -4.8785 	 9.8417 	 1.0261 
16.0000 	 1.5854 	 21.2357 	 2.7856 	 -2.0032 	 2.5818 	 876.8529 	 16.0000 	 1.6646 	 15.5251 	 2.5634 	 2.1834 	 2.8585 	 0.9906 
12.0000 	 0.4887 	 5.1562 	 -5.3728 	 -6.4041 	 9.5460 	 1337.0108 	 12.0000 	 2.3114 	 19.8148 	 1.9868 	 0.9797 	 4.4129 	 0.9109 
22.0000 	 1.4083 	 11.2385 	 4.3013 	 -0.4556 	 5.7471 	 766.3334 	 22.0000 	 1.6127 	 19.6452 	 -2.2744 	 -3.6168 	 1.3854 	 0.8427 
16.0000 	 1.4765 	 10.0118 	 -0.8362 	 -0.2342 	 9.3990 	 697.2146 	 16.0000 	 0.5976 	 6.0971 	 1.1375 	 0.3261 	 3.4647 	 0.9948 
12.0000 	 0.5634 	 11.5166 	 -2.2357 	 -1.0812 	 6.7911 	 918.3955 	 12.0000 	 2.4394 	 17.0477 	 -1.2369 	 1.4869 	 0.3076 	 0.9929 
11.0000 	 1.1331 	 19.1455 	 0.2246 	 -1.0840 	 2.9785 	 1311.6121 	 11.0000 	 0.1130 	 1.4779 	 -4.1362 	 2.0941 	 8.5110 	 0.0920 
12.0000 	 1.6349 	 10.1489 	 8.1470 	 -0.1685 	 3.5486 	 715.4960 	 12.0000 	 0.3574 	 14.9181 	 -4.0835 	 -2.1811 	 2.9741 	 0.9446 
19.0000 	 1.2961 	 13.1432 	 1.4029 	 -1.2872 	 1.6403 	 826.9805 	 19.0000 	 1.9878 	 9.6636 	 -3.4416 	 1.2434 	 8.6101 	 0.9777 
16.0000 	 1.2555 	 6.6406 	 1.8066 	 -3.6719 	 0.0146 	 1177.5923 	 16.0000 	 1.7883 	 10.2730 	 -0.7714 	 0.9462 	 7.0394 	 0.4701 
11.0000 	 1.2641 	 15.0830 	 10.1367 	 -0.0684 	 2.9346 	 688.5375 	 11.0000 	 2.7910 	 13.5417 	 1.7333 	 -0.8661 	 8.7262 	 0.9897 
6.0000 	 0.6693 	 7.9460 	 3.8333 	 0.1416 	 8.3663 	 743.9728 	 6.0000 	 1.1596 	 18.8081 	 0.9070 	 -4.0830 	 0.3670 	 1.0073 
12.0000 	 0.8620 	 4.2236 	 1.1825 	 -2.8557 	 2.8324 	 992.4623 	 12.0000 	 2.0006 	 7.1141 	 -4.8054 	 4.5958 	 3.3095 	 0.9904 
13.0000 	 1.3531 	 20.1174 	 -1.1337 	 0.1869 	 8.6781 	 863.3878 	 13.0000 	 0.6979 	 19.5856 	 -4.7115 	 2.7457 	 1.0288 	 0.9769 
7.0000 	 0.8821 	 7.6889 	 6.3386 	 -0.0708 	 0.0796 	 645.3004 	 7.0000 	 2.8835 	 11.3056 	 -0.7889 	 -2.6856 	 9.8357 	 0.2395 
17.0000 	 1.5256 	 2.9053 	 1.5820 	 -0.4590 	 4.1748 	 910.6292 	 17.0000 	 0.1932 	 11.9786 	 3.6792 	 -0.5924 	 5.9346 	 0.9625 
4.0000 	 0.3311 	 4.8779 	 2.9785 	 -0.2832 	 0.7617 	 694.9585 	 4.0000 	 0.8054 	 19.7378 	 -4.3757 	 -1.7231 	 1.8392 	 0.8986 
1.0000 	 0.0262 	 8.0542 	 4.8145 	 -0.1465 	 1.1658 	 700.5670 	 1.0000 	 2.5518 	 8.2891 	 1.8735 	 4.7388 	 0.2499 	 0.9929 
10.0000 	 0.3426 	 4.8730 	 1.2695 	 -2.4023 	 3.8184 	 1338.9667 	 10.0000 	 2.7550 	 18.4816 	 0.1920 	 0.5001 	 3.0043 	 0.7581 
18.0000 	 0.9720 	 16.8520 	 0.8014 	 -1.7482 	 4.4248 	 858.1526 	 18.0000 	 0.4006 	 19.5438 	 -4.4441 	 -1.2083 	 0.2790 	 1.0085 
11.0000 	 1.0969 	 8.3960 	 3.5718 	 -0.5908 	 5.9729 	 729.7665 	 11.0000 	 0.1558 	 12.0896 	 3.9634 	 2.6724 	 8.8061 	 0.9907 
13.0000 	 5.0942 	 6.7324 	 0.4849 	 5.4437 	 6.2316 	 1480.3373 	 13.0000 	 2.3100 	 1.0320 	 -0.0013 	 -1.7913 	 9.5911 	 0.9931 
7.0000 	 0.8860 	 18.5645 	 4.6191 	 -0.2051 	 11.0254 	 744.7737 	 7.0000 	 2.1854 	 14.3560 	 -3.8525 	 4.7995 	 6.2898 	 0.9965 
6.0000 	 0.2597 	 8.5046 	 -1.3135 	 -0.6543 	 3.0798 	 971.8997 	 6.0000 	 2.0396 	 10.7745 	 -2.2525 	 -0.2332 	 9.7735 	 0.9289 
4.0000 	 0.4146 	 5.3499 	 0.3902 	 -1.5323 	 1.8559 	 1135.9959 	 4.0000 	 1.1258 	 3.5748 	 -2.9474 	 -3.9800 	 7.0851 	 0.9371 
5.0000 	 0.5253 	 7.2693 	 4.5361 	 -0.7617 	 3.5364 	 746.3304 	 5.0000 	 1.9460 	 13.4485 	 -1.3925 	 1.1834 	 8.8102 	 0.9949 
1.0000 	 0.0056 	 0.4395 	 -5.0195 	 -1.1133 	 9.2285 	 1644.3305 	 1.0000 	 1.5492 	 5.7615 	 2.0533 	 3.8725 	 4.9245 	 0.1137 
10.0000 	 0.8848 	 6.5480 	 4.7132 	 -2.0776 	 6.4731 	 952.1243 	 10.0000 	 2.3913 	 12.9759 	 3.8386 	 1.1002 	 8.5767 	 0.9965 
17.0000 	 0.8540 	 8.5681 	 -1.4160 	 0.1343 	 4.8193 	 869.4433 	 17.0000 	 2.0194 	 12.8151 	 -2.4413 	 1.0386 	 3.1472 	 0.9791 
12.0000 	 1.2714 	 7.7134 	 6.2803 	 -0.0965 	 0.2194 	 655.1620 	 12.0000 	 0.6179 	 6.7673 	 2.7386 	 -2.1532 	 5.6148 	 0.7509 
5.0000 	 0.3463 	 8.8413 	 1.4429 	 -1.7855 	 8.5306 	 880.7943 	 5.0000 	 0.3312 	 18.0236 	 1.4833 	 3.9885 	 7.1083 	 0.9957 
6.0000 	 0.4474 	 5.7852 	 -8.5791 	 0.3656 	 5.8115 	 803.6537 	 6.0000 	 1.6478 	 5.2534 	 -3.3298 	 0.3081 	 6.3209 	 1.0557 
3.0000 	 0.1986 	 17.4548 	 -0.0439 	 -2.5293 	 4.4067 	 927.2251 	 3.0000 	 0.9893 	 14.8091 	 -1.4023 	 -2.5762 	 3.8616 	 0.9928 
26.0000 	 0.5092 	 6.6504 	 -7.9103 	 -9.6289 	 8.7207 	 1560.2927 	 26.0000 	 2.3646 	 14.4390 	 1.2979 	 2.3580 	 6.2783 	 1.0174 
15.0000 	 1.0188 	 6.5182 	 -4.8141 	 0.3031 	 8.4083 	 797.9816 	 15.0000 	 1.7926 	 11.2393 	 -4.9051 	 -1.3550 	 4.8956 	 0.9871 
15.0000 	 0.8274 	 14.8633 	 -0.8984 	 -1.9141 	 3.9258 	 847.4258 	 15.0000 	 2.9860 	 6.3467 	 2.6420 	 2.8944 	 4.5298 	 0.9932 
2.0000 	 0.1018 	 3.4033 	 2.4121 	 -0.4492 	 4.4971 	 761.3736 	 2.0000 	 1.0679 	 6.7069 	 -2.3227 	 0.7502 	 0.2009 	 0.9907 
14.0000 	 1.1319 	 9.1126 	 0.5353 	 -2.6548 	 6.0869 	 989.0991 	 14.0000 	 1.8816 	 19.8242 	 -0.3180 	 -0.3857 	 6.6438 	 0.9844 
20.0000 	 0.9917 	 5.4626 	 -8.6963 	 -1.7236 	 8.8696 	 1060.4639 	 20.0000 	 2.8319 	 19.2580 	 -2.4037 	 3.7709 	 0.6697 	 0.9930 
19.0000 	 0.7834 	 14.7461 	 2.5391 	 -0.7129 	 0.8496 	 917.6623 	 19.0000 	 1.0086 	 12.4235 	 2.0465 	 3.9649 	 9.1058 	 0.9833 
14.0000 	 0.9991 	 12.0883 	 0.6574 	 0.7623 	 7.8426 	 950.4356 	 14.0000 	 1.3638 	 3.8475 	 3.7587 	 3.4728 	 3.1816 	 0.9906 
26.0000 	 1.0026 	 7.5622 	 -2.5128 	 -2.6270 	 7.6828 	 1073.9427 	 26.0000 	 0.0968 	 8.6085 	 4.7547 	 4.6882 	 6.0113 	 0.8708 
21.0000 	 0.9296 	 0.2505 	 7.7728 	 -1.9818 	 7.2171 	 1310.6898 	 21.0000 	 0.9186 	 12.9849 	 -4.5198 	 3.3930 	 1.1908 	 1.0026 
9.0000 	 0.8951 	 10.4297 	 5.8008 	 -1.0449 	 3.1787 	 782.1916 	 9.0000 	 2.2219 	 18.1657 	 2.8442 	 3.2137 	 0.0859 	 0.9777 
11.0000 	 1.0764 	 5.8698 	 4.5149 	 -0.1358 	 3.7197 	 660.4065 	 11.0000 	 2.0341 	 2.6881 	 -3.0549 	 2.9469 	 9.9825 	 0.9939 
6.0000 	 1.8293 	 7.1851 	 -1.2500 	 -2.7246 	 3.8770 	 1197.9730 	 6.0000 	 1.2065 	 6.7453 	 4.7844 	 3.6252 	 2.2648 	 0.9820 
4.0000 	 0.4716 	 7.9163 	 6.8945 	 -0.2246 	 0.9497 	 668.6225 	 4.0000 	 0.3964 	 2.9010 	 3.2732 	 4.0563 	 3.3685 	 0.9937 
1.0000 	 0.0269 	 3.7158 	 -0.6250 	 0.5151 	 5.3003 	 1041.6829 	 1.0000 	 1.8193 	 3.1595 	 -0.9297 	 -2.3879 	 6.4462 	 0.9907 
16.0000 	 0.7866 	 2.6971 	 -3.7256 	 -0.1190 	 4.5255 	 995.2690 	 16.0000 	 1.9757 	 3.8311 	 -4.1192 	 -0.6690 	 5.4478 	 0.9881 
9.0000 	 0.9236 	 5.2399 	 4.6949 	 -0.1189 	 0.0528 	 661.5504 	 9.0000 	 2.0803 	 10.5866 	 0.0639 	 -4.8005 	 0.4072 	 0.1405 
15.0000 	 1.0830 	 6.5030 	 2.4347 	 -0.2777 	 2.1994 	 703.6561 	 15.0000 	 0.0710 	 5.6736 	 4.8160 	 3.8135 	 9.0002 	 0.9152 
8.0000 	 0.4249 	 11.3770 	 -3.4863 	 -1.3477 	 10.2881 	 916.0259 	 8.0000 	 2.8098 	 1.9192 	 -4.3310 	 1.6795 	 1.6494 	 0.9929 
3.0000 	 0.3175 	 10.9290 	 -1.0181 	 0.0830 	 10.0159 	 738.9210 	 3.0000 	 2.0458 	 11.1519 	 1.5605 	 -0.5199 	 1.4735 	 1.0572 
12.0000 	 0.6381 	 8.6514 	 -2.4354 	 0.7060 	 14.3321 	 915.9094 	 12.0000 	 1.1967 	 19.5112 	 2.9165 	 4.1798 	 7.2659 	 0.9993 
8.0000 	 0.4256 	 17.5778 	 1.0389 	 -1.5805 	 6.0032 	 879.7798 	 8.0000 	 1.1230 	 16.8895 	 -4.2867 	 -2.1108 	 8.4246 	 0.7719 
2.0000 	 0.1839 	 8.1104 	 4.9634 	 -0.0415 	 9.6838 	 669.4817 	 2.0000 	 0.2014 	 19.9051 	 -2.0607 	 4.3929 	 5.4186 	 0.9927 
20.0000 	 1.2136 	 5.0784 	 4.2267 	 -0.2899 	 1.3525 	 713.2686 	 20.0000 	 0.0548 	 4.1050 	 4.6967 	 -3.0514 	 0.7626 	 0.9930 
14.0000 	 0.7834 	 9.2324 	 -0.7129 	 -1.0755 	 6.5686 	 807.3454 	 14.0000 	 2.4504 	 4.1924 	 -3.3104 	 -4.7624 	 3.9320 	 0.9959 
3.0000 	 0.3076 	 5.7470 	 5.0296 	 -0.1283 	 0.0068 	 661.2649 	 3.0000 	 1.5951 	 12.7159 	 -0.8919 	 1.9664 	 8.7190 	 0.0835 
11.0000 	 1.9420 	 8.8240 	 2.0477 	 -0.0285 	 5.0953 	 751.2275 	 11.0000 	 1.6534 	 8.8420 	 2.8146 	 3.1518 	 4.0841 	 0.9927 
2.0000 	 0.1207 	 9.2955 	 1.8751 	 -0.7809 	 7.7344 	 792.5538 	 2.0000 	 2.9291 	 11.2973 	 -0.4120 	 1.7478 	 2.5356 	 0.9946 
21.0000 	 2.1040 	 10.4772 	 6.0805 	 -0.1197 	 1.7475 	 652.7621 	 21.0000 	 0.6419 	 4.1636 	 4.0745 	 -1.4293 	 8.3464 	 0.9885 
9.0000 	 1.1064 	 7.0459 	 3.1738 	 0.1465 	 1.8457 	 824.6211 	 9.0000 	 2.7989 	 11.5774 	 0.2454 	 -1.9188 	 4.1241 	 0.7675 
6.0000 	 0.3954 	 1.5430 	 2.4609 	 -4.9609 	 7.4023 	 1315.2994 	 6.0000 	 2.1108 	 18.7837 	 -3.3752 	 -2.9011 	 5.1221 	 0.9647 
15.0000 	 1.0788 	 5.4044 	 3.6859 	 -0.2307 	 1.8777 	 691.4916 	 15.0000 	 1.0766 	 13.2449 	 3.9746 	 -0.3001 	 4.2357 	 0.9763 
5.0000 	 0.4467 	 21.0800 	 1.9122 	 -0.6000 	 5.7349 	 888.3328 	 5.0000 	 0.8733 	 15.9938 	 1.8174 	 -1.4675 	 6.1565 	 0.9874 
8.0000 	 0.8359 	 3.8867 	 4.0527 	 -0.1270 	 1.7285 	 701.0916 	 8.0000 	 1.3583 	 8.8780 	 2.1605 	 -3.4530 	 6.6336 	 0.9927 
14.0000 	 1.4150 	 7.1593 	 5.8531 	 -0.0810 	 0.2072 	 652.2014 	 14.0000 	 1.1482 	 16.2354 	 2.4635 	 3.8291 	 5.3283 	 0.5680 
3.0000 	 0.2760 	 9.9432 	 5.7901 	 -0.4166 	 1.6054 	 722.7270 	 3.0000 	 1.0390 	 3.8823 	 0.1912 	 -1.6924 	 8.5340 	 0.9888 
20.0000 	 1.7853 	 7.5049 	 5.4395 	 -0.0293 	 0.9521 	 679.9290 	 20.0000 	 0.0578 	 7.6345 	 4.4128 	 3.2462 	 7.7235 	 0.5342 
9.0000 	 0.4943 	 7.9114 	 7.3999 	 0.6030 	 8.2568 	 994.2985 	 9.0000 	 1.2435 	 4.1437 	 4.4907 	 2.7577 	 0.8892 	 0.8654 
2.0000 	 0.1909 	 13.2685 	 6.7719 	 -0.0404 	 2.3339 	 693.9192 	 2.0000 	 0.2410 	 11.2552 	 -2.4776 	 -3.6547 	 9.2532 	 0.9702 
8.0000 	 1.2691 	 2.2324 	 1.6367 	 -1.0637 	 1.4521 	 1125.8865 	 8.0000 	 1.5048 	 11.3440 	 4.2732 	 1.5800 	 6.8989 	 0.9974 
3.0000 	 0.0815 	 7.5488 	 -7.9883 	 -5.9570 	 9.6191 	 1212.5644 	 3.0000 	 1.6121 	 9.5857 	 3.9326 	 -4.2391 	 0.5444 	 1.0001 
2.0000 	 0.2312 	 7.0557 	 4.8047 	 0.1465 	 11.0156 	 844.7775 	 2.0000 	 0.6554 	 15.2843 	 4.0829 	 1.5940 	 3.7197 	 0.9671 
15.0000 	 0.8913 	 9.8325 	 3.5567 	 -0.4442 	 5.2752 	 803.0810 	 15.0000 	 1.9678 	 11.6484 	 -3.5214 	 2.9195 	 2.2392 	 0.9730 
