49.0000 	 2.0260 	 8.8965 	 2.4414 	 -6.0742 	 11.7480 	 1476.3260 	 49.0000 	 0.0630 	 7.0032 	 -1.1274 	 0.5501 	 2.7598 	 0.7013 
50.0000 	 2.1545 	 19.0527 	 14.4141 	 0.2539 	 8.9941 	 794.8139 	 50.0000 	 2.3225 	 16.2455 	 -2.6590 	 -0.7996 	 6.3252 	 0.9928 
50.0000 	 1.8537 	 7.2656 	 -8.2812 	 1.4062 	 11.6406 	 1473.3785 	 50.0000 	 1.8458 	 7.2963 	 3.4888 	 -1.5024 	 4.3727 	 0.7014 
49.0000 	 1.1254 	 13.7988 	 -0.4883 	 -3.4570 	 8.3691 	 1437.0545 	 49.0000 	 2.0309 	 11.3523 	 -2.4694 	 -0.4885 	 5.9248 	 0.9877 
50.0000 	 1.8954 	 11.9568 	 -7.8784 	 0.0439 	 11.4478 	 903.9781 	 50.0000 	 1.5435 	 11.8217 	 -4.6524 	 -2.9182 	 4.9074 	 0.9714 
48.0000 	 2.3709 	 8.0078 	 -6.1719 	 -5.5469 	 6.2109 	 1675.5279 	 48.0000 	 0.3628 	 17.9088 	 -4.6880 	 3.0561 	 2.5292 	 0.0836 
49.0000 	 1.5949 	 16.3184 	 -5.5957 	 0.1075 	 9.7266 	 927.2796 	 49.0000 	 1.2030 	 6.9171 	 -4.9877 	 2.2383 	 6.0496 	 0.9995 
49.0000 	 1.9706 	 15.7735 	 7.0374 	 0.1663 	 1.8456 	 809.0504 	 49.0000 	 1.5043 	 19.0266 	 3.1725 	 -3.8239 	 4.9837 	 0.9193 
48.0000 	 2.6029 	 8.4494 	 -12.2083 	 0.2521 	 11.1041 	 1113.0546 	 48.0000 	 2.6124 	 9.0479 	 -2.0338 	 0.2575 	 5.7116 	 0.9521 
49.0000 	 5.5341 	 1.1328 	 0.3906 	 4.4531 	 3.0469 	 1532.8046 	 49.0000 	 0.2934 	 11.6269 	 -1.3023 	 -3.7591 	 5.8126 	 0.6561 
48.0000 	 1.6168 	 15.2002 	 3.0273 	 0.3906 	 9.0479 	 853.3365 	 48.0000 	 2.9517 	 0.9939 	 -1.9081 	 1.4198 	 9.7144 	 0.9894 
50.0000 	 1.5638 	 15.1245 	 3.6768 	 -0.1782 	 9.6338 	 934.4429 	 50.0000 	 0.3071 	 13.2234 	 -2.7349 	 -3.3147 	 8.5179 	 0.9913 
48.0000 	 2.2323 	 4.5047 	 1.7596 	 0.4108 	 3.7564 	 1347.7285 	 48.0000 	 0.0150 	 16.2034 	 -3.4950 	 -3.1906 	 3.2651 	 0.9815 
50.0000 	 2.1211 	 15.1952 	 9.0394 	 0.3572 	 0.0000 	 774.4737 	 50.0000 	 2.8334 	 15.9986 	 2.3438 	 -3.0475 	 5.4587 	 0.1163 
49.0000 	 1.2051 	 3.9404 	 4.2090 	 -4.5312 	 12.6904 	 1566.1507 	 49.0000 	 1.2070 	 3.9382 	 4.2098 	 -4.5275 	 7.6920 	 0.9806 
48.0000 	 1.1515 	 13.1248 	 4.8491 	 0.8232 	 2.0478 	 1161.8552 	 48.0000 	 1.3265 	 14.4208 	 -1.3627 	 1.7002 	 1.1063 	 0.7082 
45.0000 	 2.5626 	 2.3535 	 0.7617 	 0.2783 	 2.4634 	 1384.8609 	 45.0000 	 2.5883 	 2.1292 	 0.4716 	 1.4979 	 3.9771 	 0.7552 
48.0000 	 1.6638 	 18.3945 	 4.4153 	 0.5420 	 8.4995 	 832.0769 	 48.0000 	 1.6238 	 13.4243 	 4.2999 	 0.8107 	 7.4742 	 0.9922 
50.0000 	 2.3791 	 12.0424 	 5.1483 	 0.2275 	 5.2741 	 825.5075 	 50.0000 	 2.8187 	 3.5640 	 -3.3879 	 -0.2015 	 4.5189 	 0.9928 
49.0000 	 2.1435 	 17.8003 	 5.5609 	 0.1123 	 8.8708 	 792.9115 	 49.0000 	 2.7564 	 15.3856 	 2.0196 	 2.3150 	 2.9995 	 1.0507 
45.0000 	 1.1846 	 21.1328 	 4.5898 	 1.1523 	 3.0127 	 1101.2818 	 45.0000 	 0.5283 	 1.6213 	 1.9926 	 -1.3400 	 2.1670 	 0.8305 
48.0000 	 2.1050 	 15.3087 	 8.8992 	 0.1696 	 0.0784 	 781.5440 	 48.0000 	 2.9517 	 0.9939 	 -1.9081 	 1.4198 	 9.7144 	 0.2016 
50.0000 	 1.4113 	 11.9456 	 5.4672 	 0.2460 	 1.7302 	 1005.9188 	 50.0000 	 0.8112 	 16.3683 	 -3.0986 	 -0.9973 	 0.5155 	 0.9757 
49.0000 	 2.7848 	 22.6278 	 -0.2515 	 -0.4231 	 12.3763 	 970.0848 	 49.0000 	 2.8280 	 18.4184 	 -2.6156 	 -0.4442 	 6.9167 	 0.9931 
45.0000 	 0.8302 	 10.3288 	 4.9838 	 10.4277 	 5.1793 	 1579.6517 	 45.0000 	 0.6449 	 7.7188 	 0.7465 	 3.6112 	 2.0907 	 0.5502 
48.0000 	 2.2236 	 15.9165 	 9.5487 	 0.2114 	 0.0646 	 775.4100 	 48.0000 	 2.2388 	 5.3391 	 2.9436 	 -1.4744 	 5.2384 	 0.1819 
46.0000 	 1.4085 	 10.0179 	 12.1445 	 -0.1404 	 4.9937 	 1079.4615 	 46.0000 	 0.3085 	 18.9513 	 3.8986 	 2.4144 	 5.9515 	 0.7016 
49.0000 	 2.0965 	 14.2670 	 9.5206 	 0.4004 	 2.2904 	 796.8713 	 49.0000 	 2.2012 	 9.3132 	 0.7642 	 -1.3606 	 4.7696 	 0.9511 
50.0000 	 2.3376 	 14.5870 	 7.1674 	 0.2518 	 2.7802 	 816.2467 	 50.0000 	 0.3642 	 3.5073 	 3.0610 	 -0.9563 	 5.9821 	 0.9026 
49.0000 	 1.6631 	 21.3391 	 11.3086 	 0.9301 	 12.2180 	 866.8435 	 49.0000 	 0.5924 	 10.8730 	 4.7566 	 1.8394 	 3.8154 	 0.9905 
50.0000 	 2.1945 	 12.8137 	 5.2258 	 0.4584 	 3.7341 	 866.5399 	 50.0000 	 1.9009 	 0.1261 	 4.9987 	 0.4055 	 3.8602 	 0.9246 
50.0000 	 1.5853 	 13.2564 	 4.1278 	 0.2772 	 6.5654 	 880.7614 	 50.0000 	 2.7189 	 6.4522 	 1.4866 	 -0.3144 	 9.7390 	 0.7026 
47.0000 	 1.6845 	 20.5469 	 -1.6602 	 0.9473 	 13.3643 	 870.1111 	 47.0000 	 1.8398 	 17.2826 	 1.1775 	 -3.6815 	 2.7258 	 0.8852 
46.0000 	 2.3258 	 21.1661 	 10.0427 	 0.2026 	 2.9276 	 870.9227 	 46.0000 	 0.3229 	 15.4182 	 1.2815 	 -2.2203 	 6.0530 	 0.1357 
48.0000 	 1.6673 	 7.0850 	 1.3026 	 0.3175 	 2.9223 	 1046.7999 	 48.0000 	 2.8114 	 2.9471 	 1.5795 	 -0.1578 	 4.4782 	 1.0159 
46.0000 	 2.2165 	 11.2591 	 -0.2539 	 0.5240 	 5.6761 	 974.4700 	 46.0000 	 2.0403 	 5.8399 	 -2.9055 	 4.8199 	 0.4351 	 1.0008 
46.0000 	 1.9972 	 15.7703 	 4.0219 	 0.7947 	 7.4530 	 932.0846 	 46.0000 	 2.9519 	 14.5883 	 -1.9122 	 -1.5178 	 6.9281 	 0.9990 
46.0000 	 2.4094 	 7.2294 	 -7.7973 	 -10.8612 	 0.4231 	 1679.8511 	 46.0000 	 0.6294 	 4.2296 	 -1.7905 	 -0.7452 	 2.9324 	 0.0225 
48.0000 	 1.9408 	 17.8553 	 5.8131 	 0.2099 	 7.4211 	 791.3386 	 48.0000 	 2.2012 	 9.3132 	 0.7642 	 -1.3606 	 4.7696 	 1.0068 
46.0000 	 2.0469 	 4.0625 	 -9.4922 	 2.1680 	 7.7295 	 1646.9802 	 46.0000 	 2.0482 	 4.0610 	 0.5092 	 2.1664 	 7.7287 	 0.1369 
46.0000 	 1.9313 	 3.2129 	 -3.1445 	 1.3477 	 5.0293 	 1430.4227 	 46.0000 	 2.5479 	 15.5060 	 -2.7018 	 2.2363 	 5.6997 	 0.7011 
46.0000 	 1.1921 	 24.1243 	 8.1338 	 3.4633 	 6.6191 	 1180.3130 	 46.0000 	 1.2349 	 18.5208 	 -0.8431 	 3.3679 	 6.0406 	 1.0443 
45.0000 	 2.7160 	 5.4333 	 2.7051 	 -2.4878 	 7.3267 	 1581.7183 	 45.0000 	 2.8237 	 5.6672 	 1.5688 	 -1.4020 	 5.4523 	 0.7074 
47.0000 	 1.4066 	 8.9903 	 1.0765 	 -0.0082 	 6.3839 	 1058.3468 	 47.0000 	 0.1322 	 5.0980 	 -4.3250 	 -0.5611 	 6.9762 	 0.9692 
39.0000 	 1.3769 	 7.3706 	 3.7695 	 0.0195 	 6.4209 	 1063.3592 	 39.0000 	 0.5263 	 1.5335 	 -2.0791 	 2.3803 	 2.3150 	 1.0121 
39.0000 	 2.8224 	 3.6914 	 6.4062 	 0.9570 	 7.4902 	 1420.4230 	 39.0000 	 2.8189 	 8.6921 	 -3.5891 	 0.9523 	 7.4912 	 0.9801 
45.0000 	 2.2550 	 9.3545 	 7.1329 	 0.0442 	 10.0703 	 946.5710 	 45.0000 	 2.8281 	 5.2891 	 2.2509 	 1.9910 	 0.5565 	 0.9948 
43.0000 	 1.8208 	 8.2866 	 4.9338 	 0.2118 	 0.9790 	 940.4910 	 43.0000 	 0.0879 	 10.9274 	 0.9780 	 2.1064 	 8.4242 	 0.9805 
46.0000 	 1.3816 	 3.1857 	 0.8081 	 1.0839 	 9.2844 	 1544.8078 	 46.0000 	 0.7799 	 18.2540 	 -4.8932 	 3.7124 	 3.8981 	 0.6370 
43.0000 	 0.9617 	 9.4531 	 4.8438 	 5.7812 	 4.4531 	 1405.7644 	 43.0000 	 2.5957 	 16.0718 	 -2.2961 	 0.7749 	 4.5352 	 0.7068 
43.0000 	 2.0663 	 6.6584 	 2.3543 	 0.9039 	 10.2101 	 1339.1070 	 43.0000 	 1.0859 	 10.9690 	 -0.1459 	 -1.7120 	 6.3826 	 0.9501 
46.0000 	 1.7283 	 15.9326 	 3.4766 	 0.2734 	 3.3496 	 812.3222 	 46.0000 	 0.1367 	 7.2138 	 -0.1485 	 -3.5573 	 9.4238 	 0.9869 
43.0000 	 1.4558 	 24.0912 	 7.3451 	 0.2396 	 2.8262 	 860.3193 	 43.0000 	 1.9925 	 15.0570 	 3.6155 	 0.6514 	 2.0315 	 0.8313 
47.0000 	 2.5868 	 9.2004 	 1.3281 	 0.3516 	 3.6169 	 1084.2016 	 47.0000 	 0.1357 	 13.3695 	 -3.8778 	 2.6350 	 9.3305 	 0.9898 
40.0000 	 1.1209 	 5.7183 	 2.3880 	 -4.1991 	 4.2869 	 1390.4125 	 40.0000 	 2.2467 	 10.3016 	 -2.9913 	 3.4178 	 2.7286 	 1.0324 
43.0000 	 2.0329 	 14.1602 	 2.4414 	 2.0142 	 4.2126 	 1243.0999 	 43.0000 	 2.3928 	 10.4100 	 1.9634 	 2.7142 	 1.6595 	 0.7081 
43.0000 	 2.2143 	 14.0430 	 7.4609 	 0.0391 	 4.9023 	 798.5984 	 43.0000 	 0.3025 	 5.0544 	 2.1091 	 -4.2412 	 2.4391 	 0.9918 
43.0000 	 1.5126 	 6.6113 	 5.5200 	 -5.0854 	 4.3372 	 1386.8200 	 43.0000 	 2.6269 	 12.8541 	 3.5006 	 -3.6301 	 1.8015 	 0.9774 
41.0000 	 2.2756 	 9.0430 	 -12.5391 	 0.0391 	 9.9023 	 1426.2963 	 41.0000 	 1.4017 	 16.6575 	 -2.0657 	 -3.9407 	 4.1271 	 0.8020 
41.0000 	 1.3081 	 3.2715 	 -1.3086 	 -2.3242 	 6.1230 	 1562.2564 	 41.0000 	 2.5467 	 8.2305 	 0.5346 	 -1.8152 	 8.0214 	 0.9042 
41.0000 	 1.4296 	 9.8193 	 7.7148 	 0.3711 	 2.4609 	 941.6825 	 41.0000 	 0.6780 	 10.6430 	 1.6320 	 1.2062 	 6.8770 	 0.5789 
41.0000 	 1.4997 	 17.0801 	 1.5234 	 0.8691 	 13.1055 	 970.6358 	 41.0000 	 0.4763 	 6.4351 	 4.0995 	 4.4468 	 7.7289 	 0.7032 
41.0000 	 1.2133 	 10.2295 	 2.8809 	 3.4570 	 3.4668 	 1368.4470 	 41.0000 	 1.1052 	 10.1334 	 2.7896 	 -4.9767 	 9.1557 	 13.7229 
37.0000 	 1.6003 	 18.9893 	 6.9727 	 0.2539 	 1.4355 	 886.5209 	 37.0000 	 1.8813 	 18.2275 	 -4.1519 	 3.7692 	 1.4381 	 0.1567 
41.0000 	 1.9985 	 17.8760 	 10.0299 	 0.0098 	 7.7197 	 790.7228 	 41.0000 	 1.3425 	 4.1377 	 2.5287 	 2.3778 	 2.0329 	 0.8626 
37.0000 	 0.0595 	 7.3730 	 -3.7305 	 -7.4023 	 6.3184 	 1707.6114 	 37.0000 	 1.5540 	 19.9549 	 -1.1753 	 -4.7125 	 3.4529 	 0.9686 
37.0000 	 0.9519 	 13.3447 	 4.1626 	 8.1006 	 7.0923 	 1424.4135 	 37.0000 	 0.0862 	 2.1492 	 -2.6386 	 2.2377 	 5.0978 	 0.7979 
43.0000 	 1.6371 	 14.6519 	 6.6914 	 0.5960 	 0.2117 	 887.6271 	 43.0000 	 2.0383 	 7.3802 	 -4.7913 	 -0.8073 	 3.8912 	 0.5419 
36.0000 	 1.2248 	 5.8301 	 4.7510 	 -3.7573 	 2.2253 	 1386.8826 	 36.0000 	 0.1621 	 9.4902 	 2.5600 	 4.9193 	 6.4225 	 0.9804 
41.0000 	 2.0600 	 16.6873 	 8.2847 	 0.1977 	 4.1516 	 777.7823 	 41.0000 	 0.3681 	 7.8495 	 1.0975 	 -3.8553 	 8.5044 	 0.9882 
40.0000 	 1.3148 	 3.4644 	 1.1816 	 5.5127 	 6.4197 	 1535.5252 	 40.0000 	 0.1082 	 1.3133 	 -2.9149 	 1.2692 	 0.6250 	 0.7188 
33.0000 	 1.5360 	 14.8108 	 4.3408 	 0.3784 	 4.6423 	 801.3981 	 33.0000 	 2.3909 	 8.0942 	 3.5176 	 1.2575 	 6.2512 	 0.9624 
39.0000 	 2.2052 	 0.6093 	 -5.6786 	 -4.4724 	 4.3188 	 1680.3002 	 39.0000 	 0.3189 	 3.9977 	 1.9060 	 0.2006 	 1.6770 	 0.1477 
33.0000 	 2.4702 	 18.6768 	 10.5371 	 0.4688 	 7.6611 	 1026.7557 	 33.0000 	 2.1526 	 18.1568 	 -1.7373 	 -2.2940 	 8.3419 	 0.9021 
37.0000 	 1.3261 	 10.7520 	 5.6055 	 4.5117 	 7.6660 	 1503.7742 	 37.0000 	 2.2214 	 10.5858 	 -4.8006 	 -0.8771 	 9.6478 	 0.1406 
36.0000 	 1.1695 	 12.2038 	 2.7948 	 3.3987 	 6.2053 	 1231.4810 	 36.0000 	 2.7993 	 8.7466 	 1.3305 	 -2.7723 	 1.0071 	 0.8421 
37.0000 	 1.3159 	 14.7449 	 -0.3345 	 3.3960 	 7.2107 	 1210.6643 	 37.0000 	 1.3017 	 13.1531 	 4.3140 	 4.6174 	 2.9094 	 0.9942 
38.0000 	 1.5602 	 14.6506 	 4.8938 	 0.6372 	 8.0893 	 853.4250 	 38.0000 	 0.3339 	 16.9468 	 0.9703 	 -1.0663 	 7.6527 	 0.9976 
28.0000 	 0.9374 	 18.7598 	 3.2495 	 1.1035 	 4.8804 	 995.2453 	 28.0000 	 1.2733 	 16.2613 	 1.5850 	 -2.4017 	 8.7641 	 0.9915 
32.0000 	 1.3722 	 11.4849 	 6.9043 	 0.0514 	 1.5625 	 848.6422 	 32.0000 	 0.0123 	 12.6571 	 2.1292 	 2.7159 	 4.2050 	 0.9928 
37.0000 	 2.3228 	 9.4824 	 5.8008 	 -3.1836 	 4.3652 	 1427.8762 	 37.0000 	 1.9356 	 7.0941 	 4.1440 	 2.4700 	 7.2440 	 1.0548 
43.0000 	 1.6727 	 19.8193 	 7.5488 	 0.4755 	 2.5641 	 836.3760 	 43.0000 	 1.5587 	 10.8209 	 3.1182 	 -4.4860 	 4.0345 	 0.8241 
27.0000 	 1.3659 	 9.2009 	 5.2392 	 0.2403 	 1.9041 	 909.4169 	 27.0000 	 1.8978 	 14.4941 	 3.1706 	 -2.8815 	 9.2447 	 0.9376 
34.0000 	 0.9527 	 9.9548 	 8.8486 	 3.8448 	 6.2676 	 1325.7956 	 34.0000 	 0.7682 	 16.4250 	 1.1108 	 1.7093 	 2.3270 	 2.4170 
35.0000 	 0.8562 	 7.6172 	 1.8555 	 -9.2383 	 3.2910 	 1402.6556 	 35.0000 	 2.1228 	 16.0559 	 2.6936 	 1.2631 	 1.3728 	 1.0484 
39.0000 	 1.7253 	 15.5078 	 9.1797 	 0.3516 	 1.1377 	 782.8821 	 39.0000 	 2.0389 	 13.9285 	 0.9232 	 -0.9236 	 3.8569 	 0.9827 
31.0000 	 1.1956 	 19.0475 	 6.6895 	 0.4749 	 2.1161 	 872.4709 	 31.0000 	 1.4522 	 17.5441 	 2.8118 	 1.9020 	 3.3226 	 0.7397 
35.0000 	 1.4296 	 9.0820 	 2.5391 	 0.2734 	 7.5195 	 920.5385 	 35.0000 	 2.3614 	 10.6446 	 4.3799 	 -4.6745 	 7.6983 	 0.9918 
32.0000 	 1.2291 	 20.0585 	 6.9687 	 0.4596 	 1.8705 	 842.1135 	 32.0000 	 2.1100 	 14.5192 	 -2.9522 	 1.0455 	 2.3381 	 0.9980 
42.0000 	 1.7372 	 23.5425 	 10.1709 	 0.4370 	 5.6519 	 821.9097 	 42.0000 	 1.7553 	 9.1218 	 2.2580 	 2.5520 	 7.9528 	 0.9971 
37.0000 	 1.5295 	 12.9022 	 3.4457 	 0.7213 	 4.4240 	 906.4184 	 37.0000 	 2.6910 	 17.7758 	 -3.8068 	 4.3956 	 2.9391 	 0.9926 
38.0000 	 1.8106 	 16.3184 	 15.3419 	 0.3418 	 3.3007 	 777.6022 	 38.0000 	 1.3458 	 14.5252 	 -3.7755 	 1.4792 	 2.8873 	 0.9947 
40.0000 	 2.4618 	 14.5215 	 2.3633 	 0.2148 	 8.1104 	 824.3728 	 40.0000 	 1.7379 	 4.1029 	 3.8850 	 -1.8427 	 0.0332 	 0.9714 
34.0000 	 1.5778 	 13.3763 	 6.8367 	 0.3025 	 3.0332 	 781.3694 	 34.0000 	 0.7023 	 15.7999 	 4.5128 	 -1.1590 	 7.3094 	 0.9896 
32.0000 	 1.7312 	 16.9971 	 9.4043 	 0.3223 	 3.1201 	 780.9290 	 32.0000 	 0.4107 	 10.9799 	 -2.2134 	 3.3147 	 0.8191 	 0.9591 
27.0000 	 1.1741 	 17.9959 	 -3.5693 	 0.3094 	 7.7344 	 876.0374 	 27.0000 	 1.9060 	 18.1543 	 -3.7027 	 0.2399 	 7.7517 	 0.9521 
25.0000 	 1.2276 	 12.0898 	 8.6610 	 -0.0467 	 7.1980 	 856.4508 	 25.0000 	 2.9280 	 7.6980 	 3.6495 	 -1.1598 	 4.7220 	 0.7595 
36.0000 	 1.3478 	 18.7415 	 4.2798 	 0.5591 	 3.4338 	 998.9415 	 36.0000 	 1.3549 	 19.4432 	 1.5230 	 3.1529 	 3.6301 	 0.4516 
31.0000 	 2.5042 	 6.6797 	 5.2344 	 -0.7031 	 4.1016 	 1559.6198 	 31.0000 	 0.0088 	 1.7737 	 -2.6587 	 -0.5984 	 2.9290 	 0.2939 
40.0000 	 1.7195 	 8.5247 	 4.8769 	 0.1467 	 5.9179 	 926.9771 	 40.0000 	 0.6418 	 8.2813 	 1.9473 	 -1.0167 	 7.2749 	 0.9809 
40.0000 	 1.2512 	 7.3926 	 0.5273 	 3.6621 	 12.2754 	 1321.4905 	 40.0000 	 0.0974 	 4.6225 	 -1.6814 	 0.5651 	 0.5300 	 0.9847 
42.0000 	 2.3308 	 7.9785 	 -1.6211 	 1.1426 	 9.9268 	 1360.9987 	 42.0000 	 1.3779 	 16.3784 	 0.5432 	 -1.4265 	 6.9013 	 0.9921 
31.0000 	 1.9500 	 6.1517 	 -11.5839 	 -13.0511 	 8.6111 	 1681.0758 	 31.0000 	 1.3120 	 0.6651 	 4.4010 	 -2.2837 	 9.6863 	 0.0557 
28.0000 	 1.0214 	 14.7473 	 10.3772 	 0.1184 	 5.5734 	 966.1802 	 28.0000 	 1.5587 	 11.8256 	 -0.0247 	 -0.1509 	 3.8655 	 0.9928 
36.0000 	 1.6638 	 15.0248 	 7.6248 	 0.4083 	 3.5472 	 786.1608 	 36.0000 	 2.8476 	 12.5652 	 -1.3781 	 0.0432 	 8.1890 	 0.9863 
28.0000 	 0.7942 	 8.9453 	 4.4531 	 -2.4219 	 5.2734 	 1476.6032 	 28.0000 	 0.5191 	 17.5647 	 0.9462 	 2.2440 	 1.6224 	 0.7930 
36.0000 	 2.0260 	 8.8965 	 -7.5586 	 -6.0742 	 6.7480 	 1671.2362 	 36.0000 	 0.6034 	 18.3299 	 -4.7085 	 3.3890 	 4.9021 	 0.1211 
28.0000 	 1.5804 	 15.4342 	 9.2195 	 0.3099 	 0.0012 	 769.2310 	 28.0000 	 1.6348 	 5.7097 	 0.1508 	 -4.8501 	 9.5602 	 0.3779 
25.0000 	 1.1801 	 39.3604 	 8.5781 	 -0.3201 	 1.4475 	 852.0624 	 25.0000 	 1.4292 	 19.6287 	 4.6784 	 3.0082 	 9.2604 	 0.5907 
30.0000 	 1.4054 	 20.7568 	 8.9355 	 0.0488 	 9.2627 	 816.8446 	 30.0000 	 2.4610 	 14.7892 	 3.8407 	 4.1858 	 1.2109 	 0.9694 
33.0000 	 1.1604 	 9.8895 	 8.3624 	 0.6933 	 5.7037 	 1073.9722 	 33.0000 	 1.7725 	 7.4451 	 -2.1695 	 2.2028 	 8.7723 	 0.8787 
34.0000 	 1.5572 	 17.6586 	 8.1368 	 0.5176 	 5.0917 	 791.9699 	 34.0000 	 0.5522 	 9.7068 	 0.2819 	 3.5878 	 6.4241 	 0.9933 
30.0000 	 0.8621 	 17.9639 	 2.6270 	 2.1094 	 9.8242 	 1214.0591 	 30.0000 	 0.1034 	 5.9000 	 3.6631 	 -1.3547 	 8.0429 	 0.9692 
29.0000 	 1.3911 	 13.2767 	 7.7148 	 0.1953 	 3.2959 	 791.5779 	 29.0000 	 1.7537 	 3.9626 	 -0.7735 	 -3.6905 	 5.7684 	 0.9995 
26.0000 	 1.1281 	 8.7939 	 -0.7036 	 -3.4033 	 8.3373 	 1413.3652 	 26.0000 	 0.3011 	 19.9665 	 -3.1725 	 3.3381 	 7.9806 	 0.8896 
16.0000 	 1.1185 	 16.7194 	 1.7259 	 1.2299 	 3.4620 	 1237.6505 	 16.0000 	 0.7163 	 12.3176 	 2.1261 	 1.5586 	 7.2289 	 0.4981 
20.0000 	 1.0988 	 15.6201 	 3.6694 	 -0.3271 	 8.2898 	 896.7477 	 20.0000 	 2.7708 	 2.1920 	 -2.7834 	 -1.2895 	 0.7532 	 0.9929 
38.0000 	 2.3104 	 18.3442 	 6.8356 	 -0.1899 	 11.4026 	 871.5095 	 38.0000 	 2.3728 	 17.8617 	 0.8801 	 -2.2072 	 5.2808 	 0.9990 
34.0000 	 1.6840 	 15.4043 	 8.7034 	 0.3409 	 1.3429 	 775.0762 	 34.0000 	 1.7197 	 0.4253 	 4.3257 	 2.0487 	 2.4676 	 0.9840 
25.0000 	 1.1065 	 12.5245 	 -2.9622 	 3.0241 	 9.0730 	 1168.1212 	 25.0000 	 2.7604 	 19.4140 	 -2.4803 	 2.2148 	 0.6310 	 0.9585 
40.0000 	 1.3628 	 14.9805 	 8.9551 	 0.5566 	 4.6240 	 932.9568 	 40.0000 	 2.0091 	 9.4497 	 -1.1927 	 -0.4481 	 5.3816 	 0.9811 
22.0000 	 1.1986 	 3.3530 	 -0.6641 	 -10.8264 	 6.9818 	 1655.1539 	 22.0000 	 0.1674 	 11.8898 	 4.2026 	 -1.4590 	 3.5539 	 0.5924 
36.0000 	 1.0583 	 13.6963 	 -2.4902 	 4.1211 	 4.4873 	 1239.1292 	 36.0000 	 1.3164 	 8.6979 	 -2.4904 	 4.1193 	 4.4888 	 0.9916 
35.0000 	 1.7952 	 10.4871 	 7.2414 	 -0.7916 	 4.7214 	 1226.8664 	 35.0000 	 0.8916 	 15.3723 	 0.1270 	 3.8882 	 0.5594 	 0.9914 
41.0000 	 2.2716 	 2.3288 	 -11.0378 	 -12.4520 	 2.5845 	 1680.1048 	 41.0000 	 2.8979 	 1.8062 	 1.0193 	 -4.6363 	 7.0614 	 0.0279 
36.0000 	 1.6845 	 16.2646 	 8.1055 	 0.3516 	 2.2949 	 832.7494 	 36.0000 	 1.7225 	 16.9217 	 -2.3685 	 0.3708 	 6.2249 	 0.7295 
25.0000 	 2.2703 	 14.1723 	 -2.4632 	 0.0238 	 9.9252 	 1183.0542 	 25.0000 	 0.2543 	 10.9061 	 -4.2858 	 -2.9254 	 4.9248 	 0.5831 
32.0000 	 1.7242 	 8.7048 	 0.7581 	 0.3516 	 3.2806 	 966.8224 	 32.0000 	 1.7313 	 6.9429 	 0.9230 	 -0.8220 	 3.2873 	 0.9937 
12.0000 	 1.1007 	 17.6575 	 19.7827 	 0.3052 	 8.8806 	 791.5902 	 12.0000 	 0.8896 	 13.9061 	 -3.2986 	 -1.0042 	 7.6196 	 0.9924 
32.0000 	 1.0157 	 14.5312 	 -1.5625 	 0.3125 	 5.1562 	 1044.0560 	 32.0000 	 1.7906 	 10.5097 	 0.2854 	 -2.6157 	 6.2746 	 0.9931 
20.0000 	 1.2782 	 10.2393 	 4.1357 	 0.1733 	 1.8250 	 849.6216 	 20.0000 	 1.3120 	 10.9654 	 3.9233 	 -1.7450 	 8.5164 	 0.9945 
15.0000 	 1.0979 	 12.6645 	 -5.8218 	 0.6983 	 13.8774 	 998.7809 	 15.0000 	 1.2507 	 3.3279 	 -3.9756 	 1.4261 	 8.8854 	 0.9840 
24.0000 	 0.1334 	 8.0957 	 -7.2070 	 -2.0508 	 8.4473 	 1793.2112 	 24.0000 	 0.5337 	 3.1302 	 0.2099 	 1.0166 	 4.8765 	 0.6796 
21.0000 	 1.0574 	 17.6721 	 7.9126 	 -0.1611 	 2.3962 	 862.4897 	 21.0000 	 2.4944 	 14.6163 	 -1.5993 	 1.0997 	 4.0618 	 0.7019 
19.0000 	 1.0793 	 9.1797 	 5.4517 	 3.8293 	 6.4373 	 1299.0576 	 19.0000 	 0.7468 	 0.5941 	 0.1110 	 2.0750 	 9.3702 	 0.9886 
11.0000 	 3.2505 	 3.2480 	 4.4641 	 0.5713 	 6.1429 	 1507.9903 	 11.0000 	 2.8535 	 4.0335 	 4.9082 	 0.6828 	 5.7916 	 0.9773 
21.0000 	 1.1480 	 15.5777 	 5.9558 	 0.4199 	 2.0163 	 780.8698 	 21.0000 	 0.6718 	 19.7773 	 -2.3959 	 -1.2230 	 1.1544 	 0.9940 
33.0000 	 1.7498 	 15.1794 	 8.9360 	 0.3624 	 2.2523 	 773.6353 	 33.0000 	 0.5138 	 10.5768 	 3.4801 	 0.0974 	 5.7744 	 0.9929 
15.0000 	 0.7392 	 13.1496 	 -5.7715 	 1.7481 	 14.4043 	 1159.9921 	 15.0000 	 0.4552 	 13.5184 	 -1.2863 	 -4.7150 	 5.6581 	 0.9028 
14.0000 	 1.2523 	 8.5327 	 -19.1528 	 -4.9170 	 4.1833 	 1684.6244 	 14.0000 	 0.7424 	 1.5101 	 -0.8537 	 1.9865 	 8.1681 	 0.0261 
22.0000 	 1.5387 	 4.1248 	 6.9971 	 0.5273 	 3.5950 	 1355.6619 	 22.0000 	 1.8019 	 0.0851 	 3.2652 	 0.7337 	 8.9934 	 0.6150 
6.0000 	 0.5270 	 9.8633 	 -2.5879 	 3.5742 	 8.9307 	 1314.6631 	 6.0000 	 1.0450 	 18.4344 	 -0.7864 	 3.8211 	 0.1397 	 1.0117 
32.0000 	 1.3443 	 7.7637 	 7.9883 	 1.5039 	 9.2090 	 1499.3198 	 32.0000 	 0.7343 	 7.9092 	 1.6225 	 3.8197 	 5.9790 	 0.6859 
30.0000 	 1.3249 	 20.9729 	 -0.4102 	 0.3369 	 6.5637 	 862.0402 	 30.0000 	 1.5522 	 13.3667 	 -0.4074 	 1.7837 	 7.0151 	 0.9423 
35.0000 	 2.2524 	 13.2541 	 6.8542 	 -0.0604 	 5.2905 	 866.2521 	 35.0000 	 2.0422 	 10.7380 	 -0.1906 	 1.2181 	 4.9688 	 0.9921 
5.0000 	 0.3812 	 11.4062 	 3.7671 	 0.2832 	 1.7627 	 864.5914 	 5.0000 	 0.4976 	 14.2207 	 3.8220 	 3.2745 	 5.5666 	 0.9789 
29.0000 	 1.8586 	 17.1654 	 7.3947 	 0.0698 	 5.0160 	 825.8239 	 29.0000 	 1.7290 	 16.7158 	 3.9363 	 1.7080 	 7.7718 	 0.7281 
20.0000 	 1.4997 	 2.6074 	 -10.4492 	 -9.4336 	 3.7402 	 1682.6956 	 20.0000 	 1.5130 	 5.1357 	 4.7886 	 -1.6152 	 4.5019 	 0.0172 
27.0000 	 1.2587 	 9.1833 	 0.8838 	 2.6685 	 7.7539 	 1257.5151 	 27.0000 	 1.0550 	 1.4657 	 -2.5780 	 4.4142 	 1.4363 	 0.9972 
34.0000 	 1.6624 	 13.6082 	 4.7745 	 0.1059 	 3.2346 	 788.7898 	 34.0000 	 1.7079 	 8.9754 	 1.5009 	 -0.2872 	 2.8889 	 0.9927 
22.0000 	 1.2679 	 9.5169 	 5.1588 	 0.2477 	 2.5007 	 884.9737 	 22.0000 	 1.8968 	 14.2204 	 3.3489 	 0.1590 	 2.6070 	 0.9850 
27.0000 	 3.3750 	 5.5914 	 -1.6620 	 0.3632 	 4.4211 	 1471.2463 	 27.0000 	 0.0028 	 16.5963 	 0.3781 	 -4.7502 	 0.8503 	 0.9541 
9.0000 	 0.5573 	 8.6156 	 2.1660 	 1.3256 	 4.1116 	 1173.9248 	 9.0000 	 2.6803 	 6.3981 	 -1.5012 	 0.0972 	 5.4858 	 0.8872 
16.0000 	 0.9105 	 16.3623 	 3.8281 	 -0.7422 	 11.2988 	 991.9608 	 16.0000 	 0.7326 	 15.7349 	 -1.1765 	 -0.7442 	 6.2972 	 0.9928 
14.0000 	 0.7861 	 15.7910 	 5.7129 	 0.7031 	 0.9473 	 926.0623 	 14.0000 	 0.2111 	 8.4304 	 -3.9450 	 0.7988 	 2.2890 	 0.4972 
29.0000 	 1.8916 	 18.1399 	 -26.2106 	 18.7572 	 0.4260 	 1681.1621 	 29.0000 	 1.0210 	 3.0860 	 -4.3769 	 -1.2470 	 8.6564 	 0.0415 
29.0000 	 1.8365 	 15.5550 	 4.7452 	 0.2841 	 3.3629 	 791.2890 	 29.0000 	 0.7229 	 16.2982 	 3.2849 	 -3.9540 	 0.9309 	 0.9912 
23.0000 	 1.6643 	 12.9978 	 -9.5840 	 -17.0171 	 2.3743 	 1682.0609 	 23.0000 	 2.1637 	 1.3373 	 -3.6985 	 -4.0845 	 0.7089 	 0.0194 
29.0000 	 1.1526 	 13.2431 	 1.8526 	 1.1048 	 4.6564 	 978.6020 	 29.0000 	 2.1046 	 18.8106 	 1.1213 	 2.9807 	 9.2814 	 0.9531 
33.0000 	 1.1985 	 3.0246 	 -2.2458 	 -2.1677 	 5.9663 	 1617.9367 	 33.0000 	 2.7595 	 12.3034 	 0.3365 	 -1.1428 	 1.2323 	 0.9741 
8.0000 	 0.2957 	 12.6465 	 10.5664 	 1.1328 	 6.0059 	 1214.5568 	 8.0000 	 2.0487 	 15.2742 	 1.7648 	 -2.7494 	 7.0566 	 1.9857 
19.0000 	 0.8375 	 18.4291 	 0.4498 	 4.1851 	 2.5388 	 1220.9405 	 19.0000 	 0.6585 	 19.3673 	 3.5531 	 4.4623 	 1.7278 	 0.9595 
31.0000 	 1.3261 	 5.9473 	 -0.9473 	 0.5859 	 6.1328 	 1278.2084 	 31.0000 	 1.3242 	 0.9493 	 -0.9497 	 0.5843 	 1.1343 	 0.9880 
20.0000 	 0.7499 	 3.3814 	 6.6212 	 -1.0835 	 4.4916 	 1525.5704 	 20.0000 	 1.9954 	 4.4814 	 4.2502 	 1.1562 	 7.9413 	 1.0924 
3.0000 	 0.0634 	 4.7770 	 0.8255 	 -2.1344 	 7.3985 	 1455.7397 	 3.0000 	 1.2504 	 18.8543 	 1.5203 	 -1.6696 	 0.2045 	 1.0277 
9.0000 	 0.5007 	 8.0131 	 -1.3370 	 0.5807 	 10.5841 	 1026.8542 	 9.0000 	 1.5734 	 12.0718 	 1.7151 	 -1.0929 	 9.0098 	 0.7776 
41.0000 	 1.6003 	 11.9297 	 7.6092 	 0.4955 	 9.1149 	 880.8738 	 41.0000 	 0.0902 	 19.7702 	 -0.7695 	 -3.2732 	 5.9836 	 0.9961 
2.0000 	 0.0645 	 12.2046 	 -1.6968 	 0.0000 	 10.9143 	 829.1266 	 2.0000 	 1.7503 	 9.2768 	 -3.3369 	 0.3831 	 1.0129 	 0.9965 
27.0000 	 0.9883 	 10.4639 	 0.1367 	 5.8398 	 15.6104 	 1405.3073 	 27.0000 	 2.8316 	 6.5618 	 2.5257 	 2.8385 	 9.2596 	 0.9927 
15.0000 	 0.7755 	 19.4127 	 5.7847 	 0.8574 	 0.6512 	 897.2446 	 15.0000 	 1.7291 	 8.8146 	 -3.9377 	 4.8432 	 9.2891 	 2.0481 
8.0000 	 0.9506 	 6.6750 	 1.8554 	 0.3543 	 5.1363 	 1179.1270 	 8.0000 	 1.9509 	 7.2681 	 -3.1984 	 2.2574 	 0.0666 	 0.9939 
14.0000 	 1.5572 	 19.3604 	 10.4004 	 -0.3418 	 13.4229 	 1073.7185 	 14.0000 	 1.5595 	 19.3625 	 0.4050 	 -0.3425 	 8.4206 	 0.7025 
3.0000 	 0.1877 	 18.9111 	 12.8320 	 -0.2051 	 4.5312 	 835.4030 	 3.0000 	 0.5446 	 16.3109 	 -0.5166 	 -1.3294 	 8.8022 	 0.9900 
2.0000 	 0.0610 	 17.4182 	 6.6040 	 0.7275 	 2.9541 	 878.1439 	 2.0000 	 2.9800 	 3.4900 	 1.5933 	 3.1950 	 2.6041 	 0.5677 
9.0000 	 0.5609 	 8.2214 	 2.3975 	 1.8433 	 3.5437 	 1201.2509 	 9.0000 	 0.9054 	 13.6156 	 -1.8000 	 -3.2275 	 7.1734 	 0.9850 
12.0000 	 1.3958 	 12.6343 	 13.5205 	 -0.1685 	 6.6187 	 1078.0973 	 12.0000 	 2.9740 	 0.4170 	 0.7806 	 3.8915 	 8.1450 	 0.9927 
30.0000 	 1.3863 	 18.8281 	 8.3594 	 0.2344 	 3.9941 	 806.7820 	 30.0000 	 1.3399 	 17.4847 	 2.0916 	 -2.7491 	 5.4847 	 0.9818 
6.0000 	 0.0872 	 7.4328 	 -8.0012 	 -9.4917 	 9.5203 	 1428.7204 	 6.0000 	 2.0538 	 5.3561 	 3.6729 	 -0.7636 	 1.1260 	 1.0346 
32.0000 	 1.4481 	 1.8405 	 2.7893 	 -6.4801 	 6.8304 	 1660.9163 	 32.0000 	 1.3995 	 6.8040 	 4.8416 	 -2.0416 	 0.1256 	 0.6197 
31.0000 	 2.2756 	 6.6846 	 -1.2598 	 2.3022 	 6.7737 	 1552.1861 	 31.0000 	 1.7308 	 9.6355 	 -2.2689 	 -4.6055 	 8.7191 	 0.7007 
32.0000 	 3.0521 	 2.7438 	 0.5581 	 2.2645 	 1.8622 	 1449.0333 	 32.0000 	 0.1129 	 6.3328 	 -1.1453 	 1.9393 	 7.6220 	 0.9737 
5.0000 	 0.0509 	 0.5664 	 -3.5547 	 -8.9453 	 9.6289 	 1842.5237 	 5.0000 	 1.2113 	 11.2405 	 0.8324 	 -1.1619 	 4.7583 	 0.0840 
21.0000 	 0.8516 	 7.6019 	 5.8502 	 -15.8600 	 6.9412 	 1656.2116 	 21.0000 	 2.9535 	 2.9519 	 -3.8414 	 2.1478 	 5.8743 	 0.6885 
8.0000 	 0.4124 	 3.9215 	 1.0260 	 4.1260 	 2.9797 	 1623.9715 	 8.0000 	 2.1292 	 18.2109 	 -1.8563 	 -3.5790 	 7.0836 	 0.5379 
35.0000 	 1.5168 	 12.1958 	 6.1797 	 0.2336 	 3.6126 	 811.8224 	 35.0000 	 2.7588 	 4.8019 	 -3.9149 	 -1.3076 	 8.0142 	 0.9695 
12.0000 	 1.2434 	 12.5368 	 12.0860 	 0.2182 	 3.8650 	 847.6101 	 12.0000 	 2.2413 	 1.7283 	 2.0230 	 1.5269 	 0.4906 	 0.9921 
11.0000 	 0.3872 	 3.9063 	 4.4095 	 -9.4209 	 4.2474 	 1540.7892 	 11.0000 	 2.6506 	 16.1961 	 1.6987 	 -2.0985 	 4.0240 	 0.9581 
3.0000 	 0.2049 	 15.1947 	 7.3328 	 0.1606 	 2.4751 	 775.3053 	 3.0000 	 1.8698 	 0.9044 	 -3.0772 	 3.6833 	 8.8666 	 0.9607 
17.0000 	 1.8395 	 15.0928 	 1.0541 	 0.5469 	 4.9094 	 1248.4995 	 17.0000 	 1.4951 	 18.3869 	 -1.6469 	 4.5010 	 0.0271 	 0.4550 
24.0000 	 1.4382 	 13.5217 	 8.9722 	 0.0806 	 0.9021 	 778.9850 	 24.0000 	 1.8724 	 6.4968 	 -0.9984 	 -0.6902 	 0.7699 	 0.9938 
24.0000 	 1.0368 	 12.0410 	 3.8086 	 2.7148 	 11.2988 	 1348.9440 	 24.0000 	 0.1112 	 6.6747 	 4.3369 	 -3.4021 	 3.3848 	 0.8617 
23.0000 	 1.4562 	 16.6044 	 9.2278 	 0.2479 	 5.0955 	 795.1275 	 23.0000 	 0.9402 	 4.3065 	 -2.3437 	 -2.0462 	 9.5241 	 0.9876 
23.0000 	 1.5100 	 15.7568 	 1.1133 	 -0.0879 	 6.1133 	 838.8491 	 23.0000 	 1.2234 	 1.2159 	 -2.6642 	 2.2786 	 6.6843 	 0.9935 
13.0000 	 0.8359 	 15.1318 	 5.5469 	 0.2637 	 1.9580 	 777.8883 	 13.0000 	 2.6520 	 17.7253 	 -0.6558 	 -1.9076 	 8.9803 	 0.9919 
23.0000 	 0.7770 	 12.6293 	 2.1988 	 1.7186 	 4.6463 	 1217.3443 	 23.0000 	 0.1203 	 6.9933 	 2.1343 	 0.3553 	 5.1356 	 0.9928 
23.0000 	 1.3176 	 3.2617 	 -0.9766 	 5.3515 	 4.7461 	 1484.0009 	 23.0000 	 0.2172 	 6.0466 	 0.9396 	 -1.5013 	 5.6332 	 0.9549 
29.0000 	 1.1083 	 14.2387 	 11.5794 	 1.5795 	 5.1065 	 1090.9691 	 29.0000 	 0.4719 	 9.4901 	 -1.5562 	 0.8327 	 7.2508 	 1.0370 
23.0000 	 1.0774 	 10.0220 	 3.0713 	 0.0024 	 2.8442 	 933.0414 	 23.0000 	 1.9299 	 19.0239 	 -0.2362 	 -4.3732 	 4.9643 	 0.9930 
10.0000 	 1.0742 	 9.6478 	 -16.9575 	 15.8521 	 11.6801 	 1686.6150 	 10.0000 	 1.4348 	 5.8327 	 -3.0121 	 -2.0197 	 4.5202 	 0.0794 
27.0000 	 0.9827 	 9.9730 	 5.2152 	 0.1111 	 7.1601 	 1066.3361 	 27.0000 	 2.0281 	 3.4986 	 -2.4897 	 -1.9005 	 1.2058 	 0.9709 
18.0000 	 0.9111 	 8.6928 	 -0.5495 	 0.0135 	 7.4551 	 961.5800 	 18.0000 	 1.6929 	 1.7927 	 -4.3923 	 -2.9032 	 4.2144 	 0.9968 
20.0000 	 1.0396 	 16.0226 	 7.8461 	 0.5496 	 1.3453 	 820.4536 	 20.0000 	 0.0154 	 10.8963 	 0.7731 	 -1.8214 	 9.9070 	 0.8348 
29.0000 	 2.0030 	 19.6217 	 12.9310 	 0.1720 	 0.0341 	 789.2262 	 29.0000 	 0.7931 	 4.5350 	 0.9868 	 4.2918 	 3.4222 	 0.1369 
26.0000 	 1.1766 	 15.3857 	 -1.9141 	 1.3184 	 8.5889 	 1205.1548 	 26.0000 	 1.1748 	 15.3844 	 -1.9160 	 1.3214 	 8.5866 	 0.7021 
31.0000 	 1.6824 	 1.9809 	 -3.8208 	 1.0101 	 5.0955 	 1554.4274 	 31.0000 	 1.6429 	 1.5469 	 3.9394 	 2.6469 	 6.2217 	 0.7548 
37.0000 	 1.9734 	 14.7111 	 8.3992 	 0.2246 	 1.6018 	 771.4874 	 37.0000 	 1.7760 	 4.9666 	 -0.4461 	 -1.8899 	 7.7985 	 0.9936 
25.0000 	 1.0253 	 25.6714 	 5.8887 	 1.1108 	 0.6934 	 917.1225 	 25.0000 	 1.0429 	 2.7652 	 -2.7805 	 -0.5495 	 0.8562 	 1.0205 
18.0000 	 0.7888 	 9.6069 	 0.8496 	 1.4380 	 8.6694 	 1180.5900 	 18.0000 	 0.5294 	 17.4065 	 3.9359 	 4.5852 	 5.7919 	 0.9667 
15.0000 	 2.2400 	 1.4783 	 -0.5151 	 0.3918 	 8.2059 	 1492.1173 	 15.0000 	 2.5780 	 6.9554 	 1.6887 	 -1.6375 	 4.5776 	 0.8190 
18.0000 	 0.9295 	 20.6446 	 2.7710 	 0.8805 	 5.7726 	 845.4341 	 18.0000 	 1.6148 	 12.9505 	 -4.3925 	 1.3073 	 1.3318 	 0.9856 
31.0000 	 1.3626 	 17.7434 	 3.5192 	 0.0622 	 6.6242 	 808.8709 	 31.0000 	 0.7686 	 7.8571 	 -2.9712 	 -4.7375 	 6.0079 	 1.0102 
18.0000 	 1.4946 	 11.7822 	 -13.5777 	 -4.3164 	 1.8569 	 1683.2288 	 18.0000 	 1.6025 	 14.6962 	 -3.3780 	 -3.5294 	 2.8128 	 0.0250 
26.0000 	 2.0657 	 19.1253 	 5.7996 	 0.1190 	 11.3270 	 809.3737 	 26.0000 	 0.8614 	 18.6024 	 3.1167 	 0.1734 	 6.2629 	 0.9844 
14.0000 	 0.8078 	 22.4174 	 -4.8129 	 1.0171 	 16.0437 	 838.7738 	 14.0000 	 0.0511 	 16.8209 	 -3.3227 	 3.7711 	 9.2964 	 0.9946 
15.0000 	 1.5529 	 3.9228 	 -5.2463 	 0.5555 	 3.6508 	 1660.7360 	 15.0000 	 2.8212 	 4.0475 	 -2.0745 	 -2.9330 	 0.2265 	 4.4519 
18.0000 	 0.6809 	 21.7798 	 4.0137 	 1.1572 	 8.7097 	 1040.8258 	 18.0000 	 0.6770 	 16.3551 	 4.1430 	 1.1882 	 8.6499 	 0.9767 
7.0000 	 0.3927 	 17.1949 	 10.0159 	 0.3819 	 6.9177 	 845.1625 	 7.0000 	 1.0662 	 9.3802 	 -2.5114 	 -4.1870 	 9.2570 	 0.9952 
35.0000 	 1.0368 	 12.0438 	 3.8034 	 2.7197 	 3.7992 	 1231.6384 	 35.0000 	 2.9487 	 10.3623 	 0.5418 	 1.1812 	 2.1655 	 0.9422 
17.0000 	 0.4371 	 8.3871 	 4.5093 	 -10.6287 	 6.1011 	 1464.3640 	 17.0000 	 0.0236 	 2.7175 	 0.8975 	 -2.9949 	 0.5930 	 0.8973 
9.0000 	 0.2558 	 4.2642 	 -5.7782 	 -7.2638 	 5.9518 	 1670.8234 	 9.0000 	 0.8963 	 15.8420 	 4.1483 	 -3.0515 	 4.2873 	 0.6987 
4.0000 	 0.1610 	 16.9189 	 7.2461 	 0.3613 	 10.0781 	 907.8208 	 4.0000 	 1.0851 	 11.2344 	 -3.3183 	 0.8352 	 9.3495 	 1.0020 
14.0000 	 1.0348 	 12.6584 	 3.7487 	 -0.0885 	 4.2892 	 827.2163 	 14.0000 	 1.9388 	 16.2658 	 3.2931 	 0.5277 	 7.0502 	 0.9772 
24.0000 	 1.2626 	 9.6747 	 6.2062 	 0.1357 	 2.5275 	 894.8709 	 24.0000 	 1.0560 	 15.4320 	 1.6994 	 -3.7650 	 5.3618 	 0.9933 
1.0000 	 0.0104 	 13.1184 	 0.9046 	 -0.0475 	 5.9732 	 837.2962 	 1.0000 	 1.0796 	 6.2257 	 -3.0523 	 -1.2776 	 7.2650 	 0.9973 
17.0000 	 1.9692 	 15.7983 	 -0.7288 	 0.9772 	 11.8872 	 1186.3379 	 17.0000 	 1.9020 	 10.9383 	 -0.7631 	 0.9326 	 9.0099 	 0.8006 
17.0000 	 0.8274 	 14.9902 	 4.0625 	 0.8008 	 18.9893 	 905.9753 	 17.0000 	 1.6790 	 10.0092 	 -3.4512 	 -0.5621 	 9.0531 	 0.9923 
17.0000 	 1.1860 	 14.5718 	 5.9834 	 0.0981 	 2.0977 	 780.7322 	 17.0000 	 0.1889 	 10.4092 	 1.9468 	 1.7245 	 7.6300 	 0.9931 
13.0000 	 0.9415 	 13.8412 	 1.3945 	 0.7313 	 6.9809 	 888.6120 	 13.0000 	 1.6672 	 17.4199 	 3.5071 	 -1.5573 	 3.1092 	 0.9729 
13.0000 	 0.9588 	 4.6014 	 -2.6251 	 3.7909 	 6.0516 	 1569.3768 	 13.0000 	 1.7606 	 4.7292 	 -1.1885 	 0.6623 	 8.2417 	 0.7008 
13.0000 	 0.7239 	 19.0844 	 6.6208 	 0.8167 	 7.5139 	 835.2577 	 13.0000 	 0.5921 	 17.9246 	 1.6193 	 -0.0946 	 1.3549 	 0.9875 
10.0000 	 0.4177 	 5.5273 	 1.9922 	 2.6953 	 2.7930 	 1596.5880 	 10.0000 	 0.7438 	 3.2333 	 2.1109 	 -1.0950 	 6.6124 	 0.6661 
23.0000 	 0.7680 	 8.6655 	 4.2383 	 1.9202 	 7.6572 	 1355.9073 	 23.0000 	 0.5529 	 16.1394 	 4.2285 	 -0.6127 	 7.7354 	 0.9844 
17.0000 	 1.7398 	 7.1643 	 5.1697 	 0.2905 	 8.3838 	 1207.6095 	 17.0000 	 1.7366 	 11.1600 	 -4.9227 	 -2.2496 	 9.0293 	 0.9930 
2.0000 	 0.0094 	 8.1445 	 4.4141 	 -4.1016 	 7.8368 	 1416.4753 	 2.0000 	 0.7516 	 7.6698 	 -0.8564 	 3.7879 	 7.0389 	 0.9946 
8.0000 	 0.5487 	 8.3204 	 2.1495 	 0.3559 	 2.9837 	 903.8309 	 8.0000 	 0.5040 	 13.8578 	 -2.3309 	 -0.8462 	 7.8422 	 0.9731 
24.0000 	 1.1105 	 10.2017 	 -0.3211 	 0.2615 	 5.7697 	 907.9801 	 24.0000 	 1.6076 	 5.2473 	 -3.4149 	 3.8088 	 9.5189 	 0.9953 
3.0000 	 0.0389 	 5.3284 	 8.2812 	 -5.1685 	 7.6367 	 1541.3167 	 3.0000 	 2.3563 	 18.2022 	 -0.0912 	 -3.2859 	 9.5482 	 0.9775 
13.0000 	 0.8474 	 17.1890 	 3.0727 	 0.1655 	 4.3460 	 784.9231 	 13.0000 	 2.1453 	 17.4299 	 2.2430 	 1.4824 	 7.1394 	 0.9969 
10.0000 	 0.7616 	 15.6143 	 1.7792 	 0.2882 	 6.7005 	 778.0156 	 10.0000 	 1.9855 	 17.8977 	 -3.2683 	 3.4830 	 6.4320 	 0.9870 
7.0000 	 0.5681 	 13.8623 	 7.9785 	 0.1660 	 7.9150 	 773.1252 	 7.0000 	 2.0443 	 16.3431 	 3.5115 	 3.6187 	 6.9146 	 0.9927 
10.0000 	 0.6678 	 8.1570 	 2.2534 	 0.9607 	 2.0154 	 1242.6148 	 10.0000 	 1.4241 	 0.1298 	 3.3396 	 -1.1702 	 2.8433 	 0.9933 
13.0000 	 0.8853 	 13.8071 	 4.7953 	 0.1438 	 3.9881 	 776.8577 	 13.0000 	 0.5097 	 5.8850 	 4.0700 	 -1.7325 	 6.1782 	 1.0556 
7.0000 	 0.2868 	 11.0645 	 13.7305 	 -4.8633 	 12.3535 	 1433.5125 	 7.0000 	 2.4246 	 6.8482 	 -0.9167 	 0.1583 	 5.8094 	 0.7016 
10.0000 	 0.7858 	 15.4271 	 8.9093 	 0.3288 	 1.2637 	 766.5761 	 10.0000 	 2.9563 	 7.5465 	 1.3465 	 -0.9879 	 5.0193 	 0.9889 
4.0000 	 0.0873 	 9.1699 	 3.9258 	 -7.5378 	 7.1777 	 1409.4359 	 4.0000 	 2.8377 	 13.0795 	 2.7027 	 -2.8300 	 4.3298 	 1.0021 
1.0000 	 0.1942 	 9.9402 	 0.4028 	 0.5054 	 4.0906 	 1468.9276 	 1.0000 	 1.1143 	 13.9529 	 3.8537 	 -1.0300 	 6.2376 	 0.1463 
4.0000 	 0.2591 	 10.5730 	 -7.8133 	 0.0006 	 12.7786 	 865.6878 	 4.0000 	 1.1229 	 6.5840 	 -1.8581 	 -2.9191 	 3.4317 	 0.9874 
1.0000 	 0.0117 	 13.9502 	 5.5371 	 0.2637 	 7.3096 	 884.3209 	 1.0000 	 2.3843 	 18.2376 	 3.1784 	 1.6265 	 4.4914 	 0.9927 
23.0000 	 1.1489 	 16.1220 	 9.5780 	 0.6054 	 7.7191 	 854.6145 	 23.0000 	 1.9475 	 0.5527 	 4.4905 	 -0.3709 	 2.5884 	 0.9410 
25.0000 	 2.2086 	 10.0781 	 2.4194 	 -0.1904 	 6.8359 	 1278.7358 	 25.0000 	 0.5351 	 7.8838 	 -0.8508 	 -0.5074 	 6.8559 	 0.9227 
10.0000 	 0.9293 	 15.3602 	 6.6933 	 -0.1087 	 4.7158 	 833.9915 	 10.0000 	 0.0760 	 10.4342 	 -3.2372 	 4.7081 	 3.1154 	 1.0039 
15.0000 	 0.8604 	 14.7842 	 2.7289 	 0.0671 	 10.7843 	 855.7090 	 15.0000 	 2.2824 	 3.4446 	 1.0999 	 -0.7086 	 7.6973 	 0.7749 
7.0000 	 0.5740 	 34.1613 	 10.5767 	 0.3950 	 0.7374 	 895.0439 	 7.0000 	 2.9625 	 18.8294 	 2.6969 	 -0.8350 	 7.6008 	 0.6587 
15.0000 	 1.8537 	 7.2656 	 -8.2812 	 1.4062 	 6.6406 	 1645.3551 	 15.0000 	 1.3270 	 8.3798 	 4.8807 	 -3.5522 	 3.1925 	 0.0920 
7.0000 	 0.5195 	 9.7334 	 5.9607 	 0.3882 	 3.4300 	 853.2905 	 7.0000 	 1.1668 	 15.1739 	 -0.2976 	 -1.0474 	 3.5302 	 0.9332 
4.0000 	 0.1807 	 10.4306 	 -6.6156 	 0.6274 	 9.4647 	 1222.5639 	 4.0000 	 1.7201 	 9.4938 	 -2.9790 	 -4.0283 	 0.4724 	 0.7820 
4.0000 	 0.3124 	 16.6699 	 8.0957 	 0.4980 	 2.4414 	 877.7976 	 4.0000 	 0.1091 	 12.8103 	 -2.4003 	 -4.7519 	 0.3990 	 0.8093 
14.0000 	 1.3298 	 1.4709 	 -7.5037 	 -6.5070 	 5.1111 	 1684.3678 	 14.0000 	 2.9840 	 9.3273 	 -2.2732 	 0.4550 	 2.4212 	 0.1207 
14.0000 	 1.5152 	 2.2803 	 -4.1992 	 0.3516 	 9.1406 	 1658.1721 	 14.0000 	 1.5141 	 2.2780 	 -4.2036 	 0.3551 	 9.1420 	 0.1075 
9.0000 	 1.1274 	 17.7454 	 4.6313 	 0.1489 	 2.8015 	 895.6960 	 9.0000 	 1.7755 	 17.1404 	 1.2974 	 1.9005 	 4.0438 	 0.9019 
9.0000 	 2.5042 	 10.6934 	 2.3730 	 0.6934 	 3.3252 	 1566.8853 	 9.0000 	 2.5077 	 5.6948 	 2.3755 	 0.6894 	 3.3259 	 0.6922 
14.0000 	 0.9390 	 15.2979 	 9.5215 	 0.3613 	 1.3916 	 773.3659 	 14.0000 	 2.8403 	 17.8216 	 -4.2597 	 -2.7790 	 7.3093 	 0.7073 
8.0000 	 0.7192 	 13.1299 	 -4.9707 	 2.5098 	 4.0332 	 1521.0251 	 8.0000 	 1.7276 	 13.1283 	 -4.9674 	 2.5135 	 9.0338 	 0.7370 
8.0000 	 0.4307 	 14.2566 	 2.6685 	 0.2588 	 6.4856 	 923.8236 	 8.0000 	 1.3282 	 1.4701 	 -4.5287 	 -4.8046 	 6.5280 	 0.9928 
9.0000 	 0.5234 	 9.1553 	 -4.7266 	 7.0703 	 6.7529 	 1461.3641 	 9.0000 	 1.8960 	 4.9474 	 3.7995 	 4.4866 	 2.3576 	 0.9563 
3.0000 	 0.2110 	 11.2231 	 -1.1426 	 0.1221 	 5.1953 	 813.2218 	 3.0000 	 0.5987 	 12.2248 	 -2.3948 	 2.1343 	 9.4894 	 0.9875 
3.0000 	 0.2314 	 9.8389 	 2.1313 	 0.6348 	 4.8425 	 1098.8797 	 3.0000 	 0.6443 	 19.3117 	 0.4512 	 2.3670 	 1.1243 	 0.6600 
2.0000 	 0.0808 	 15.7507 	 10.5255 	 0.3741 	 2.7417 	 832.8260 	 2.0000 	 2.2896 	 0.0851 	 -2.8663 	 -2.9692 	 9.1842 	 0.6963 
2.0000 	 0.0041 	 9.6918 	 5.9665 	 -2.0695 	 6.4972 	 1485.3912 	 2.0000 	 2.8476 	 0.5337 	 4.5445 	 -1.1727 	 1.0091 	 1.0080 
22.0000 	 1.4572 	 15.3020 	 9.5754 	 0.2513 	 0.0000 	 767.5064 	 22.0000 	 0.9630 	 14.6529 	 -3.8573 	 0.5518 	 1.8164 	 0.1192 
7.0000 	 0.6833 	 20.6738 	 -10.2246 	 0.9863 	 8.8965 	 1005.9560 	 7.0000 	 1.6379 	 18.1725 	 -2.7253 	 0.9830 	 8.8952 	 0.9402 
8.0000 	 0.8226 	 8.3924 	 13.6003 	 -0.0340 	 7.7655 	 960.4873 	 8.0000 	 2.5458 	 2.1444 	 -2.1281 	 -2.9236 	 1.5425 	 0.9961 
28.0000 	 1.9929 	 8.9651 	 5.5267 	 0.0400 	 9.7037 	 1053.4066 	 28.0000 	 2.8664 	 8.4847 	 -1.8372 	 -0.1856 	 9.4656 	 0.7556 
30.0000 	 1.2992 	 13.3618 	 -4.3420 	 -0.2826 	 13.5800 	 943.9814 	 30.0000 	 1.9939 	 10.8900 	 -0.5517 	 3.6956 	 6.9668 	 1.0259 
12.0000 	 0.7468 	 10.5367 	 4.6780 	 0.2049 	 2.1852 	 857.7508 	 12.0000 	 2.8382 	 7.6674 	 -2.7499 	 -3.4346 	 8.0070 	 0.9946 
22.0000 	 0.7754 	 7.6425 	 9.6062 	 0.4738 	 8.5890 	 1174.6273 	 22.0000 	 1.5674 	 18.0329 	 1.0069 	 -4.4253 	 6.4551 	 0.9429 
22.0000 	 1.9579 	 9.2676 	 -7.1289 	 -2.5684 	 6.1475 	 1516.8888 	 22.0000 	 1.9587 	 9.2669 	 2.8724 	 -2.5650 	 6.1470 	 0.8297 
11.0000 	 0.0933 	 0.5974 	 3.7349 	 -1.6654 	 5.4668 	 1689.0752 	 11.0000 	 2.8216 	 0.0333 	 -1.4705 	 -3.1172 	 0.1044 	 0.9941 
19.0000 	 0.8453 	 16.7847 	 5.1147 	 1.5381 	 5.7568 	 1060.5734 	 19.0000 	 1.5809 	 18.4369 	 -1.4951 	 -1.2244 	 1.9289 	 0.9645 
19.0000 	 1.4042 	 11.9360 	 7.7783 	 0.0757 	 8.5547 	 798.6336 	 19.0000 	 0.1933 	 17.9388 	 -4.5122 	 3.0959 	 8.1393 	 0.9734 
6.0000 	 0.4972 	 18.5107 	 -4.8438 	 0.0098 	 8.4912 	 812.7264 	 6.0000 	 1.7739 	 15.5132 	 -4.3276 	 1.1506 	 8.7167 	 0.9984 
29.0000 	 2.2755 	 9.0428 	 -2.5390 	 0.0391 	 9.9032 	 1081.8230 	 29.0000 	 0.6746 	 1.9971 	 0.4301 	 4.5511 	 9.2128 	 1.1189 
29.0000 	 1.2342 	 14.7459 	 3.5070 	 0.8590 	 1.6545 	 894.4162 	 29.0000 	 2.8643 	 7.0008 	 3.8146 	 3.0225 	 5.8495 	 1.0089 
19.0000 	 0.9157 	 7.5285 	 11.2431 	 0.4495 	 10.3874 	 1102.4065 	 19.0000 	 2.7202 	 16.7207 	 2.9678 	 4.2816 	 8.0678 	 0.9975 
16.0000 	 1.6110 	 19.2775 	 0.5712 	 2.2986 	 3.9253 	 1541.7583 	 16.0000 	 2.0944 	 18.1040 	 1.1923 	 -2.5449 	 2.3983 	 4.7178 
5.0000 	 0.4239 	 15.1630 	 5.4972 	 0.2018 	 6.2066 	 989.1708 	 5.0000 	 0.8951 	 5.2310 	 4.4257 	 4.7341 	 1.7089 	 0.7670 
19.0000 	 0.8569 	 14.4453 	 -3.3040 	 4.3850 	 7.8472 	 1232.1007 	 19.0000 	 0.2976 	 13.8869 	 1.2191 	 1.4957 	 8.0314 	 0.9963 
16.0000 	 1.1856 	 21.6632 	 2.5049 	 0.8246 	 4.7110 	 957.4121 	 16.0000 	 1.6022 	 2.5336 	 -0.2157 	 -4.4859 	 9.8469 	 0.9897 
12.0000 	 0.5198 	 19.2773 	 2.4951 	 4.3018 	 2.1008 	 1212.4237 	 12.0000 	 1.0276 	 18.2149 	 1.5132 	 4.2291 	 4.5148 	 0.9557 
25.0000 	 1.1497 	 21.7291 	 5.9222 	 0.6360 	 4.5166 	 826.9410 	 25.0000 	 0.1514 	 3.9816 	 2.5648 	 -0.8775 	 1.7919 	 0.9711 
16.0000 	 0.6809 	 11.0645 	 1.6699 	 0.9668 	 2.8027 	 1087.6193 	 16.0000 	 2.7883 	 19.0909 	 -4.5730 	 -3.6112 	 3.6544 	 0.9715 
16.0000 	 0.9992 	 6.5604 	 0.9003 	 0.5066 	 3.6084 	 1207.2787 	 16.0000 	 1.5664 	 11.1086 	 -1.7979 	 -3.3221 	 6.2239 	 0.9808 
11.0000 	 0.4740 	 15.6494 	 -7.6660 	 3.9355 	 8.8965 	 1516.2711 	 11.0000 	 1.5377 	 14.6837 	 0.1173 	 4.3028 	 4.6606 	 0.2375 
12.0000 	 0.7217 	 8.4180 	 1.6602 	 0.3125 	 7.9590 	 1019.7537 	 12.0000 	 1.4652 	 2.5843 	 -4.0861 	 1.5927 	 6.6638 	 0.7067 
24.0000 	 1.6645 	 12.2595 	 -10.4175 	 0.1074 	 10.9338 	 1040.1435 	 24.0000 	 2.6208 	 13.1887 	 -1.2764 	 -2.1154 	 4.5261 	 0.9251 
12.0000 	 0.4285 	 0.8003 	 2.8536 	 -0.0391 	 9.8632 	 1618.9121 	 12.0000 	 1.5524 	 3.9085 	 2.5270 	 -3.7909 	 9.3045 	 0.4270 
6.0000 	 0.3954 	 15.4443 	 -1.7383 	 0.1367 	 7.8369 	 829.7223 	 6.0000 	 2.5929 	 15.2827 	 -3.1164 	 3.3507 	 8.0394 	 0.9896 
24.0000 	 1.7665 	 12.1257 	 2.2785 	 0.1794 	 7.7527 	 826.1075 	 24.0000 	 2.1343 	 5.2730 	 -1.6113 	 -3.8805 	 8.9751 	 0.9987 
11.0000 	 0.4982 	 14.2828 	 5.2106 	 -0.1111 	 16.1380 	 1025.1480 	 11.0000 	 1.6075 	 19.9704 	 -1.8373 	 -2.5598 	 2.9967 	 0.9754 
12.0000 	 0.7107 	 9.1001 	 2.0324 	 0.0171 	 4.6467 	 930.1890 	 12.0000 	 0.9876 	 8.0136 	 2.0949 	 0.5144 	 3.8138 	 0.9719 
5.0000 	 0.3243 	 12.0306 	 4.4922 	 0.7324 	 9.1357 	 881.9597 	 5.0000 	 1.3975 	 13.2107 	 -3.3642 	 0.4940 	 7.8986 	 0.9993 
6.0000 	 0.4191 	 14.2773 	 7.9297 	 0.2539 	 1.7920 	 817.3419 	 6.0000 	 1.0366 	 13.6116 	 -4.8249 	 4.0043 	 0.8029 	 0.5597 
22.0000 	 1.2173 	 14.9187 	 5.0923 	 0.2275 	 3.0775 	 777.3640 	 22.0000 	 2.7624 	 17.8548 	 4.8380 	 -1.3151 	 4.9728 	 0.9915 
11.0000 	 1.0236 	 18.6316 	 3.2162 	 -0.2516 	 12.0243 	 873.3996 	 11.0000 	 2.4679 	 4.8591 	 -1.8127 	 -3.3065 	 0.5855 	 0.9984 
11.0000 	 0.6930 	 4.3506 	 7.2510 	 0.1874 	 6.0260 	 1379.9625 	 11.0000 	 0.5085 	 1.4925 	 -0.9051 	 -4.4483 	 1.4966 	 0.9819 
5.0000 	 0.2909 	 12.4131 	 0.9516 	 0.1784 	 5.8820 	 836.6063 	 5.0000 	 1.9845 	 3.4444 	 -2.6612 	 -4.0029 	 4.6946 	 1.0599 
6.0000 	 0.4399 	 13.3369 	 6.2344 	 0.2594 	 1.3155 	 823.6616 	 6.0000 	 0.5232 	 6.0350 	 2.4332 	 4.6901 	 0.6640 	 0.9863 
6.0000 	 0.3747 	 9.8120 	 9.7860 	 -2.4036 	 6.9248 	 1373.1798 	 6.0000 	 0.7619 	 14.1487 	 -3.6404 	 4.3028 	 4.4911 	 0.9911 
23.0000 	 0.8078 	 13.7515 	 -6.3289 	 2.7056 	 7.3378 	 1213.2270 	 23.0000 	 1.1869 	 15.2880 	 -0.5520 	 3.7436 	 3.8898 	 0.9867 
23.0000 	 1.5413 	 9.3896 	 2.8418 	 0.4785 	 3.1641 	 989.1548 	 23.0000 	 0.8664 	 5.6989 	 -3.4823 	 3.3400 	 3.4993 	 0.9053 
5.0000 	 0.3379 	 15.6348 	 6.5039 	 0.7617 	 0.1123 	 860.6246 	 5.0000 	 2.0446 	 14.5553 	 4.1657 	 -3.4870 	 5.6096 	 0.3424 
5.0000 	 0.2195 	 14.4721 	 2.8261 	 0.1447 	 8.9179 	 1007.5393 	 5.0000 	 0.2145 	 5.2359 	 2.6188 	 0.7895 	 8.8540 	 0.9056 
19.0000 	 1.2607 	 12.4744 	 2.8509 	 0.3038 	 4.5132 	 794.0577 	 19.0000 	 2.5662 	 19.8615 	 0.7050 	 4.4441 	 0.6524 	 0.9964 
18.0000 	 1.4315 	 19.8499 	 7.6147 	 0.4816 	 2.6743 	 878.8437 	 18.0000 	 2.2191 	 17.4416 	 -2.8161 	 -2.8710 	 9.1572 	 0.8064 
16.0000 	 0.9617 	 5.7031 	 2.3438 	 -4.2383 	 4.4531 	 1428.1278 	 16.0000 	 1.4284 	 6.1533 	 -4.4146 	 -3.9760 	 4.0993 	 0.9649 
18.0000 	 1.1081 	 16.7141 	 8.4849 	 0.6812 	 3.4979 	 809.8133 	 18.0000 	 1.8757 	 2.7151 	 3.4473 	 0.7778 	 4.2763 	 1.0257 
12.0000 	 2.2756 	 9.0430 	 -2.5391 	 0.0391 	 9.9023 	 1589.3577 	 12.0000 	 0.2214 	 3.1518 	 2.8839 	 1.1817 	 5.5860 	 0.0991 
17.0000 	 1.1806 	 8.9941 	 17.7246 	 0.2148 	 14.0576 	 987.4966 	 17.0000 	 2.4576 	 4.8096 	 -3.5741 	 4.5178 	 2.3070 	 0.9480 
11.0000 	 1.0955 	 7.8180 	 -2.9676 	 18.4562 	 0.6822 	 1686.0573 	 11.0000 	 1.5457 	 15.3622 	 -1.8671 	 -2.0404 	 1.2907 	 0.0350 
17.0000 	 1.6826 	 14.5609 	 -3.1567 	 2.2789 	 4.2973 	 1539.6659 	 17.0000 	 2.2516 	 14.1572 	 -2.5970 	 2.4548 	 4.1448 	 0.6130 
13.0000 	 0.7727 	 13.3838 	 6.0742 	 -0.0293 	 2.0264 	 888.9947 	 13.0000 	 1.0676 	 0.7724 	 0.3220 	 3.8094 	 2.7750 	 0.5780 
6.0000 	 0.4601 	 9.9206 	 4.1671 	 0.1853 	 2.3605 	 850.2732 	 6.0000 	 0.0796 	 16.9847 	 -4.9388 	 3.5317 	 6.3945 	 1.0236 
5.0000 	 0.2427 	 10.1606 	 8.5594 	 0.4062 	 2.4043 	 955.3671 	 5.0000 	 0.0039 	 19.7321 	 -4.7487 	 -3.2143 	 5.8790 	 0.9451 
13.0000 	 0.8101 	 19.6603 	 3.5497 	 0.0104 	 6.2600 	 807.5484 	 13.0000 	 0.7239 	 4.2434 	 3.8019 	 -4.3123 	 0.6408 	 0.9897 
10.0000 	 0.6581 	 20.5678 	 5.2825 	 0.8100 	 1.9452 	 801.7328 	 10.0000 	 2.7854 	 10.9069 	 -1.7419 	 -2.3528 	 9.6164 	 0.9632 
7.0000 	 0.1163 	 5.1660 	 -4.9414 	 -6.0352 	 8.1738 	 1809.8168 	 7.0000 	 1.6225 	 0.9797 	 -3.4164 	 -1.1184 	 9.5536 	 0.0978 
10.0000 	 0.7519 	 10.6152 	 0.8789 	 -0.1367 	 7.5293 	 890.5877 	 10.0000 	 2.3669 	 18.3227 	 -4.7061 	 3.4453 	 1.9755 	 0.9676 
4.0000 	 0.0793 	 2.4316 	 -5.7227 	 2.5586 	 4.8145 	 1652.4734 	 4.0000 	 1.8045 	 7.2685 	 -1.8048 	 0.0907 	 3.6242 	 0.8171 
1.0000 	 0.2715 	 7.3926 	 -2.6758 	 1.2305 	 7.9004 	 1416.1145 	 1.0000 	 1.5786 	 6.2971 	 -3.8998 	 0.4080 	 1.2618 	 0.9628 
7.0000 	 0.2080 	 5.3906 	 -2.0312 	 -9.8438 	 8.5156 	 1433.7163 	 7.0000 	 2.4219 	 1.1738 	 -1.6632 	 0.4244 	 7.9172 	 0.9825 
4.0000 	 0.0993 	 10.4662 	 10.0998 	 -4.6456 	 7.9640 	 1410.0507 	 4.0000 	 1.8330 	 7.1265 	 -2.5427 	 1.5397 	 8.0511 	 0.9491 
1.0000 	 0.1877 	 7.7637 	 2.3633 	 0.3125 	 7.3145 	 1201.2392 	 1.0000 	 1.7120 	 13.1897 	 2.4363 	 -4.3064 	 4.8094 	 0.9800 
